wlc,wll,posc,posm,posme,posmy,d,sd,k,order,flag
5159.62294497,nan,0.00000000,874.00000000,nan,7.65172858,0.01998528,0.01998462,38734,118,1
5159.62294497,nan,0.00000000,874.00000000,nan,7.65172858,0.01998528,0.01998462,38734,118,1
nan,nan,0.00000000,-1.00000000,0.00000000,7.95536649,nan,0.00000000,-2147483648,118,1
nan,nan,0.00000000,-1.00000000,0.00000000,8.02260452,nan,0.00000000,-2147483648,118,1
nan,nan,0.00000000,-1.00000000,0.00000000,8.12330001,nan,0.00000000,-2147483648,118,1
5160.14023110,5159.98541943,0.00000000,894.50940998,0.41220413,8.34112314,0.01998522,0.01998462,38730,118,1
5160.25487785,5160.25193891,0.00000000,899.06116809,0.23975782,8.49289611,0.01998464,0.01998462,38728,118,1
5160.51884254,5160.51848593,909.55769829,909.57188255,0.47688581,8.84166185,0.01998463,0.01998462,38726,118,0
5160.51884254,5160.51848593,909.55769829,909.57188255,0.47688581,8.84166185,0.01998463,0.01998462,38726,118,0
5160.76991958,nan,0.00000000,919.53764408,0.21202158,9.17015408,0.01998457,0.01998462,38724,118,1
5160.76991958,nan,0.00000000,919.53764408,0.21202158,9.17015408,0.01998457,0.01998462,38724,118,1
nan,nan,0.00000000,-1.00000000,0.00000000,9.41473416,nan,0.00000000,-2147483648,118,1
nan,nan,0.00000000,-1.00000000,0.00000000,9.51272341,nan,0.00000000,-2147483648,118,1
nan,nan,0.00000000,-1.00000000,0.00000000,9.61051990,nan,0.00000000,-2147483648,118,1
nan,nan,0.00000000,-1.00000000,0.00000000,9.70812371,nan,0.00000000,-2147483648,118,1
nan,nan,0.00000000,-1.00000000,0.00000000,9.93511701,nan,0.00000000,-2147483648,118,1
nan,nan,0.00000000,-1.00000000,0.00000000,9.99977976,nan,0.00000000,-2147483648,118,1
nan,nan,0.00000000,-1.00000000,0.00000000,10.12884874,nan,0.00000000,-2147483648,118,1
nan,nan,0.00000000,-1.00000000,0.00000000,10.19325503,nan,0.00000000,-2147483648,118,1
5161.72623041,nan,0.00000000,957.68023380,0.28402728,10.40776034,0.01998466,0.01998462,38717,118,1
5161.72623041,nan,0.00000000,957.68023380,0.28402728,10.40776034,0.01998466,0.01998462,38717,118,1
5161.72623041,nan,0.00000000,957.68023380,0.28402728,10.40776034,0.01998466,0.01998462,38717,118,1
nan,nan,0.00000000,-1.00000000,0.00000000,10.57789914,nan,0.00000000,-2147483648,118,1
nan,nan,0.00000000,-1.00000000,0.00000000,10.73726075,nan,0.00000000,-2147483648,118,1
nan,nan,0.00000000,-1.00000000,0.00000000,10.80085617,nan,0.00000000,-2147483648,118,1
nan,nan,0.00000000,-1.00000000,0.00000000,10.92779129,nan,0.00000000,-2147483648,118,1
nan,nan,0.00000000,-1.00000000,0.00000000,11.11755501,nan,0.00000000,-2147483648,118,1
nan,nan,0.00000000,-1.00000000,0.00000000,11.21214949,nan,0.00000000,-2147483648,118,1
5162.50771754,5162.51846649,0.00000000,988.96955993,0.14249595,11.39980907,0.01998458,0.01998463,38711,118,1
5162.50771754,5162.51846649,0.00000000,988.96955993,0.14249595,11.39980907,0.01998458,0.01998463,38711,118,1
nan,nan,0.00000000,-1.00000000,0.00000000,11.68225093,nan,0.00000000,-2147483648,118,1
5162.89047151,5162.65185364,0.00000000,1004.33397526,0.07014754,11.87932290,0.01998555,0.01998463,38710,118,1
5163.05274018,5163.05205645,1010.86371785,1010.89120559,0.45398130,12.08244419,0.01998463,0.01998463,38707,118,0
nan,nan,0.00000000,-1.00000000,0.00000000,12.17842571,nan,0.00000000,-2147483648,118,1
nan,nan,0.00000000,-1.00000000,0.00000000,12.24006580,nan,0.00000000,-2147483648,118,1
nan,nan,0.00000000,-1.00000000,0.00000000,12.30162113,nan,0.00000000,-2147483648,118,1
nan,nan,0.00000000,-1.00000000,0.00000000,12.45513875,nan,0.00000000,-2147483648,118,1
nan,nan,0.00000000,-1.00000000,0.00000000,12.51639756,nan,0.00000000,-2147483648,118,1
nan,nan,0.00000000,-1.00000000,0.00000000,12.57757170,nan,0.00000000,-2147483648,118,1
5163.63596557,5163.45232130,0.00000000,1034.33492097,0.05973616,12.80120107,0.01998534,0.01998463,38704,118,1
nan,nan,0.00000000,-1.00000000,0.00000000,12.94283955,nan,0.00000000,-2147483648,118,1
5163.85212459,5163.85264822,1043.10662944,1043.08550199,0.31928522,13.06650349,0.01998463,0.01998463,38701,118,0
5163.85212459,5163.85264822,1043.10662944,1043.08550199,0.31928522,13.06650349,0.01998463,0.01998463,38701,118,0
5164.11595099,5164.11956732,0.00000000,1053.70420650,0.19177220,13.38627217,0.01998461,0.01998463,38699,118,1
5164.25789963,5164.25303721,0.00000000,1059.44042732,0.17305092,13.55802137,0.01998465,0.01998463,38698,118,1
5164.25789963,5164.25303721,0.00000000,1059.44042732,0.17305092,13.55802137,0.01998465,0.01998463,38698,118,1
5164.49408766,5164.51999770,0.00000000,1068.99307967,0.00356100,13.84249984,0.01998453,0.01998463,38696,118,1
nan,nan,0.00000000,-1.00000000,0.00000000,13.96125397,nan,0.00000000,-2147483648,118,1
nan,nan,0.00000000,-1.00000000,0.00000000,14.02040205,nan,0.00000000,-2147483648,118,1
nan,nan,0.00000000,-1.00000000,0.00000000,14.16790405,nan,0.00000000,-2147483648,118,1
nan,nan,0.00000000,-1.00000000,0.00000000,14.40281383,nan,0.00000000,-2147483648,118,1
nan,nan,0.00000000,-1.00000000,0.00000000,14.46133113,nan,0.00000000,-2147483648,118,1
nan,nan,0.00000000,-1.00000000,0.00000000,14.51976441,nan,0.00000000,-2147483648,118,1
nan,nan,0.00000000,-1.00000000,0.00000000,14.60725684,nan,0.00000000,-2147483648,118,1
nan,nan,0.00000000,-1.00000000,0.00000000,14.72361953,nan,0.00000000,-2147483648,118,1
5165.34750491,5165.18751969,0.00000000,1103.59518088,0.08503474,14.85688206,0.01998525,0.01998463,38691,118,1
5165.47402928,5165.32104480,0.00000000,1108.73662891,0.20892430,15.00546171,0.01998522,0.01998463,38690,118,1
5165.47402928,5165.32104480,0.00000000,1108.73662891,0.20892430,15.00546171,0.01998522,0.01998463,38690,118,1
nan,nan,0.00000000,-1.00000000,0.00000000,15.30040026,nan,0.00000000,-2147483648,118,1
5165.84848113,5165.85521426,0.00000000,1123.97033981,0.15283337,15.44244025,0.01998460,0.01998463,38686,118,1
5165.84848113,5165.85521426,0.00000000,1123.97033981,0.15283337,15.44244025,0.01998460,0.01998463,38686,118,1
nan,nan,0.00000000,-1.00000000,0.00000000,15.69916336,nan,0.00000000,-2147483648,118,1
nan,nan,0.00000000,-1.00000000,0.00000000,15.84058567,nan,0.00000000,-2147483648,118,1
nan,nan,0.00000000,-1.00000000,0.00000000,15.89700836,nan,0.00000000,-2147483648,118,1
nan,nan,0.00000000,-1.00000000,0.00000000,15.95334752,nan,0.00000000,-2147483648,118,1
nan,nan,0.00000000,-1.00000000,0.00000000,16.06577531,nan,0.00000000,-2147483648,118,1
nan,nan,0.00000000,-1.00000000,0.00000000,16.26172061,nan,0.00000000,-2147483648,118,1
nan,nan,0.00000000,-1.00000000,0.00000000,16.31751727,nan,0.00000000,-2147483648,118,1
nan,nan,0.00000000,-1.00000000,0.00000000,16.40105593,nan,0.00000000,-2147483648,118,1
nan,nan,0.00000000,-1.00000000,0.00000000,16.53987025,nan,0.00000000,-2147483648,118,1
5166.92375340,5166.92388471,1167.88447784,1167.87910456,0.06169752,16.67482619,0.01998463,0.01998463,38678,118,0
5166.92375340,5166.92388471,1167.88447784,1167.87910456,0.06169752,16.67482619,0.01998463,0.01998463,38678,118,0
nan,nan,0.00000000,-1.00000000,0.00000000,16.78842404,nan,0.00000000,-2147483648,118,1
5167.18293293,5167.19112142,0.00000000,1178.47378992,0.15158362,16.96616902,0.01998460,0.01998463,38676,118,1
5167.18293293,5167.19112142,0.00000000,1178.47378992,0.15158362,16.96616902,0.01998460,0.01998463,38676,118,1
5167.31101193,5167.32475014,0.00000000,1183.72273001,0.05374505,17.10964470,0.01998458,0.01998463,38675,118,1
nan,nan,0.00000000,-1.00000000,0.00000000,17.30761619,nan,0.00000000,-2147483648,118,1
nan,nan,0.00000000,-1.00000000,0.00000000,17.38890833,nan,0.00000000,-2147483648,118,1
nan,nan,0.00000000,-1.00000000,0.00000000,17.60477431,nan,0.00000000,-2147483648,118,1
nan,nan,0.00000000,-1.00000000,0.00000000,17.71220954,nan,0.00000000,-2147483648,118,1
nan,nan,0.00000000,-1.00000000,0.00000000,17.81931313,nan,0.00000000,-2147483648,118,1
5168.13541885,5168.12666763,0.00000000,1217.58394740,0.16974543,18.02147019,0.01998466,0.01998463,38669,118,1
nan,nan,0.00000000,-1.00000000,0.00000000,18.19156619,nan,0.00000000,-2147483648,118,1
nan,nan,0.00000000,-1.00000000,0.00000000,18.34986168,nan,0.00000000,-2147483648,118,1
5168.54804079,5168.39402878,0.00000000,1234.58104789,0.33811324,18.47022051,0.01998522,0.01998463,38667,118,1
5168.54804079,5168.39402878,0.00000000,1234.58104789,0.33811324,18.47022051,0.01998522,0.01998463,38667,118,1
5168.78209663,5168.79512238,0.00000000,1244.23721837,0.15713187,18.72249909,0.01998458,0.01998463,38664,118,1
5168.78209663,5168.79512238,0.00000000,1244.23721837,0.15713187,18.72249909,0.01998458,0.01998463,38664,118,1
nan,nan,0.00000000,-1.00000000,0.00000000,19.00142129,nan,0.00000000,-2147483648,118,1
5169.23466216,5169.06255271,0.00000000,1262.93859597,0.35654020,19.20562298,0.01998530,0.01998463,38662,118,1
5169.23466216,5169.06255271,0.00000000,1262.93859597,0.35654020,19.20562298,0.01998530,0.01998463,38662,118,1
nan,nan,0.00000000,-1.00000000,0.00000000,19.46256387,nan,0.00000000,-2147483648,118,1
5169.57263578,5169.59749640,0.00000000,1276.93096828,0.27672610,19.56238411,0.01998453,0.01998463,38658,118,1
5169.74072165,5169.73124962,0.00000000,1283.89826193,0.15403606,19.73852592,0.01998467,0.01998463,38657,118,1
5169.85694563,nan,0.00000000,1288.71911492,0.14403222,19.85981905,0.01998460,0.01998463,38656,118,1
5169.85694563,nan,0.00000000,1288.71911492,0.14403222,19.85981905,0.01998460,0.01998463,38656,118,1
nan,nan,0.00000000,-1.00000000,0.00000000,19.99213876,nan,0.00000000,-2147483648,118,1
5170.11293488,5170.13255083,0.00000000,1299.34676328,0.23007359,20.12552587,0.01998455,0.01998463,38654,118,1
5170.24938190,5170.26633175,0.00000000,1305.01683510,0.01195053,20.26633782,0.01998457,0.01998463,38653,118,1
5170.38267127,5170.40011959,0.00000000,1310.55928336,0.05356410,20.40334320,0.01998456,0.01998463,38652,118,1
5170.38267127,5170.40011959,0.00000000,1310.55928336,0.05356410,20.40334320,0.01998456,0.01998463,38652,118,1
nan,nan,0.00000000,-1.00000000,0.00000000,20.58628263,nan,0.00000000,-2147483648,118,1
5170.69248099,5170.53391436,0.00000000,1323.45557634,0.23648104,20.71969448,0.01998524,0.01998463,38651,118,1
5170.69248099,5170.53391436,0.00000000,1323.45557634,0.23648104,20.71969448,0.01998524,0.01998463,38651,118,1
5170.92230462,5170.93534022,0.00000000,1333.03480424,0.00152147,20.95247350,0.01998458,0.01998463,38648,118,1
nan,nan,0.00000000,-1.00000000,0.00000000,21.07239140,nan,0.00000000,-2147483648,118,1
5171.19479182,5171.20299210,0.00000000,1344.40610942,0.22021082,21.22636557,0.01998460,0.01998463,38646,118,1
5171.19479182,5171.20299210,0.00000000,1344.40610942,0.22021082,21.22636557,0.01998460,0.01998463,38646,118,1
5171.32522181,5171.33682843,0.00000000,1349.85447713,0.21602796,21.35666045,0.01998459,0.01998463,38645,118,1
5171.45277383,5171.47067169,0.00000000,1355.18596981,0.29885942,21.48357385,0.01998456,0.01998463,38644,118,1
5171.59083487,5171.60452188,0.00000000,1360.96045853,0.24007189,21.62037849,0.01998458,0.01998463,38643,118,1
5171.74996984,5171.73837900,0.00000000,1367.62120390,0.91064154,21.77733542,0.01998468,0.01998463,38642,118,1
5171.87568517,5171.87224305,0.00000000,1372.88680143,0.23642158,21.90077675,0.01998465,0.01998463,38641,118,1
5172.01449485,5172.00611403,0.00000000,1378.70462102,0.03168351,22.03650739,0.01998466,0.01998463,38640,118,1
5172.25023816,5172.27387679,0.00000000,1388.59421741,0.13061037,22.26565301,0.01998454,0.01998463,38638,118,1
5172.25023816,5172.27387679,0.00000000,1388.59421741,0.13061037,22.26565301,0.01998454,0.01998463,38638,118,1
5172.38638105,5172.40776857,0.00000000,1394.31072417,0.42700395,22.39719972,0.01998455,0.01998463,38637,118,1
5172.51627274,5172.54166728,0.00000000,1399.76831896,0.27427809,22.52216895,0.01998453,0.01998463,38636,118,1
nan,nan,0.00000000,-1.00000000,0.00000000,22.70951590,nan,0.00000000,-2147483648,118,1
nan,nan,0.00000000,-1.00000000,0.00000000,22.77745182,nan,0.00000000,-2147483648,118,1
nan,nan,0.00000000,-1.00000000,0.00000000,23.04737068,nan,0.00000000,-2147483648,118,1
5173.21750522,5173.21126488,0.00000000,1429.29218028,0.18357679,23.18773618,0.01998466,0.01998463,38631,118,1
5173.33298703,5173.34520520,0.00000000,1434.16413292,0.25331390,23.29586875,0.01998459,0.01998463,38630,118,1
nan,nan,0.00000000,-1.00000000,0.00000000,23.42476310,nan,0.00000000,-2147483648,118,1
nan,nan,0.00000000,-1.00000000,0.00000000,23.49075479,nan,0.00000000,-2147483648,118,1
nan,nan,0.00000000,-1.00000000,0.00000000,23.57846067,nan,0.00000000,-2147483648,118,1
5173.75535191,5173.74706782,0.00000000,1452.00674623,0.15419071,23.68778529,0.01998467,0.01998463,38627,118,1
5174.00343551,5174.01501092,0.00000000,1462.50447054,0.05675386,23.91536442,0.01998459,0.01998463,38625,118,1
5174.00343551,5174.01501092,0.00000000,1462.50447054,0.05675386,23.91536442,0.01998459,0.01998463,38625,118,1
5174.14498613,5174.14899288,0.00000000,1468.50006619,0.15173443,24.04434449,0.01998462,0.01998463,38624,118,1
nan,nan,0.00000000,-1.00000000,0.00000000,24.14067293,nan,0.00000000,-2147483648,118,1
nan,nan,0.00000000,-1.00000000,0.00000000,24.18335516,nan,0.00000000,-2147483648,118,1
5174.41948659,5174.41697763,0.00000000,1480.13909937,0.37958786,24.29265960,0.01998464,0.01998463,38622,118,1
nan,nan,0.00000000,-1.00000000,0.00000000,24.41666682,nan,0.00000000,-2147483648,118,1
5174.66649330,5174.68499015,0.00000000,1490.62611998,0.01113148,24.51405969,0.01998456,0.01998463,38620,118,1
nan,nan,0.00000000,-1.00000000,0.00000000,24.62665432,nan,0.00000000,-2147483648,118,1
5174.95838834,5174.95303044,0.00000000,1503.03579360,0.29505765,24.77319166,0.01998465,0.01998463,38618,118,1
5175.08467341,5175.08706100,0.00000000,1508.41037687,0.12989131,24.88445992,0.01998462,0.01998463,38617,118,1
5175.21555501,5175.22109850,0.00000000,1513.98421470,0.02029263,24.99924029,0.01998461,0.01998463,38616,118,1
5175.21555501,5175.22109850,0.00000000,1513.98421470,0.02029263,24.99924029,0.01998461,0.01998463,38616,118,1
5175.34129448,5175.35514296,0.00000000,1519.34255235,0.14706612,25.10899483,0.01998458,0.01998463,38615,118,1
5175.49426201,5175.48919436,0.00000000,1525.86582140,0.06324877,25.24183288,0.01998465,0.01998463,38614,118,1
5175.62818029,5175.62325270,0.00000000,1531.58090929,0.22002784,25.35751191,0.01998465,0.01998463,38613,118,1
5175.76425622,5175.75731799,0.00000000,1537.39207441,0.03812359,25.47446429,0.01998466,0.01998463,38612,118,1
5175.89635740,5175.89139023,0.00000000,1543.03735999,0.04637337,25.58743037,0.01998465,0.01998463,38611,118,1
nan,nan,0.00000000,-1.00000000,0.00000000,25.72587874,nan,0.00000000,-2147483648,118,1
nan,nan,0.00000000,-1.00000000,0.00000000,25.78523304,nan,0.00000000,-2147483648,118,1
5176.28823038,5176.29364865,0.00000000,1559.80634748,0.12833759,25.91922745,0.01998461,0.01998463,38608,118,1
nan,nan,0.00000000,-1.00000000,0.00000000,26.02085017,nan,0.00000000,-2147483648,118,1
nan,nan,0.00000000,-1.00000000,0.00000000,26.11817447,nan,0.00000000,-2147483648,118,1
nan,nan,0.00000000,-1.00000000,0.00000000,26.15696434,nan,0.00000000,-2147483648,118,1
5176.69463257,5176.69596962,1577.29405936,1577.23666561,0.25887226,26.25815077,0.01998463,0.01998463,38605,118,0
5176.84156643,nan,0.00000000,1583.54221673,0.20618786,26.37926454,0.01998468,0.01998463,38604,118,1
5176.96844241,5176.96421835,0.00000000,1588.99423599,0.06189070,26.48334466,0.01998465,0.01998463,38603,118,1
5177.08427512,5177.09835315,0.00000000,1593.97483899,0.18896304,26.57790727,0.01998458,0.01998464,38602,118,1
nan,nan,0.00000000,-1.00000000,0.00000000,26.69164120,nan,0.00000000,-2147483648,118,1
5177.38467666,5177.36664361,0.00000000,1606.90552244,0.39823615,26.82110389,0.01998471,0.01998464,38600,118,1
5177.51590337,5177.50079927,0.00000000,1612.56046865,0.24947643,26.92641407,0.01998469,0.01998464,38599,118,1
5177.64481252,5177.63496188,0.00000000,1618.11930747,0.21859175,27.02931427,0.01998467,0.01998464,38598,118,1
5177.77650998,5177.76913145,0.00000000,1623.80224359,0.21535558,27.13387632,0.01998466,0.01998464,38597,118,1
nan,nan,0.00000000,-1.00000000,0.00000000,27.24717884,nan,0.00000000,-2147483648,118,1
5178.02708444,5178.03749146,0.00000000,1634.62569734,0.08050554,27.33124482,0.01998460,0.01998464,38595,118,1
5178.17097663,5178.17168191,1640.87829556,1640.84778830,0.58020774,27.44365294,0.01998463,0.01998464,38594,118,0
5178.30274764,nan,0.00000000,1646.54926752,0.18632603,27.54598099,0.01998462,0.01998464,38593,118,1
5178.44431640,5178.44008367,0.00000000,1652.67941033,0.16060427,27.65528307,0.01998465,0.01998464,38592,118,1
5178.57533589,5178.57429498,1658.31158204,1658.35669979,0.11145964,27.75584602,0.01998464,0.01998464,38591,118,0
5178.70710198,5178.70851326,1664.13125512,1664.07004098,0.11063229,27.85640265,0.01998463,0.01998464,38590,118,0
5178.83424757,5178.84273850,0.00000000,1669.58767494,0.26510667,27.95290097,0.01998460,0.01998464,38589,118,1
5178.94809142,5178.97697070,0.00000000,1674.53076036,0.01812866,28.03883904,0.01998453,0.01998464,38588,118,1
nan,nan,0.00000000,-1.00000000,0.00000000,28.13336102,nan,0.00000000,-2147483648,118,1
nan,nan,0.00000000,-1.00000000,0.00000000,28.16777818,nan,0.00000000,-2147483648,118,1
nan,nan,0.00000000,-1.00000000,0.00000000,28.21925558,nan,0.00000000,-2147483648,118,1
nan,nan,0.00000000,-1.00000000,0.00000000,28.25347498,nan,0.00000000,-2147483648,118,1
nan,nan,0.00000000,-1.00000000,0.00000000,28.28761528,nan,0.00000000,-2147483648,118,1
5179.37329760,5179.37970907,0.00000000,1693.01954636,0.20193905,28.35599042,0.01998461,0.01998464,38585,118,1
5179.51402268,nan,0.00000000,1699.14774850,0.08890555,28.45962076,0.01998464,0.01998464,38584,118,1
nan,nan,0.00000000,-1.00000000,0.00000000,28.54114807,nan,0.00000000,-2147483648,118,1
5179.77954408,5179.78251011,0.00000000,1710.72302122,0.19387854,28.65333980,0.01998463,0.01998464,38582,118,1
5179.77954408,5179.78251011,0.00000000,1710.72302122,0.19387854,28.65333980,0.01998463,0.01998464,38582,118,1
5179.93504032,5179.91679106,0.00000000,1717.50942731,0.12617560,28.76568473,0.01998471,0.01998464,38581,118,1
5180.05439373,5180.05107897,0.00000000,1722.72226475,0.20860158,28.85136337,0.01998465,0.01998464,38580,118,1
5180.18422909,nan,0.00000000,1728.39669674,0.18116416,28.94401989,0.01998463,0.01998464,38579,118,1
5180.32442168,5180.31967568,0.00000000,1734.52823196,0.10492439,29.04342719,0.01998466,0.01998464,38578,118,1
5180.44522146,5180.45398449,0.00000000,1739.81530196,0.07747793,29.12854915,0.01998460,0.01998464,38577,118,1
5180.55966514,5180.58830027,0.00000000,1744.82735605,0.25788835,29.20873527,0.01998453,0.01998464,38576,118,1
5180.55966514,5180.58830027,0.00000000,1744.82735605,0.25788835,29.20873527,0.01998453,0.01998464,38576,118,1
nan,nan,0.00000000,-1.00000000,0.00000000,29.32262808,nan,0.00000000,-2147483648,118,1
5180.85383188,5180.85695273,0.00000000,1757.72458084,0.09610886,29.41280141,0.01998463,0.01998464,38574,118,1
5180.99811885,5180.99128941,0.00000000,1764.05809270,0.11452160,29.51181600,0.01998466,0.01998464,38573,118,1
5180.99811885,5180.99128941,0.00000000,1764.05809270,0.11452160,29.51181600,0.01998466,0.01998464,38573,118,1
5181.24930396,5181.25998369,0.00000000,1775.09575220,0.04707654,29.68248927,0.01998460,0.01998464,38571,118,1
nan,nan,0.00000000,-1.00000000,0.00000000,29.77280363,nan,0.00000000,-2147483648,118,1
nan,nan,0.00000000,-1.00000000,0.00000000,29.80324154,nan,0.00000000,-2147483648,118,1
nan,nan,0.00000000,-1.00000000,0.00000000,29.87899301,nan,0.00000000,-2147483648,118,1
5181.65462388,nan,0.00000000,1792.93828198,0.11287030,29.95332822,0.01998461,0.01998464,38568,118,1
5181.79214804,5181.79745591,0.00000000,1799.00118318,0.24873648,30.04393843,0.01998462,0.01998464,38567,118,1
5181.90869762,nan,0.00000000,1804.14296917,0.12328081,30.12021812,0.01998507,0.01998464,38567,118,1
nan,nan,0.00000000,-1.00000000,0.00000000,30.20647779,nan,0.00000000,-2147483648,118,1
5182.22486244,5182.20063329,0.00000000,1818.10768179,0.21640554,30.32477580,0.01998473,0.01998464,38564,118,1
5182.34785137,5182.33503970,0.00000000,1823.54654776,0.11552335,30.40341271,0.01998469,0.01998464,38563,118,1
nan,nan,0.00000000,-1.00000000,0.00000000,30.49596839,nan,0.00000000,-2147483648,118,1
nan,nan,0.00000000,-1.00000000,0.00000000,30.55292785,nan,0.00000000,-2147483648,118,1
nan,nan,0.00000000,-1.00000000,0.00000000,30.66590888,nan,0.00000000,-2147483648,118,1
5182.86128524,5182.87273511,0.00000000,1846.29171658,0.20115959,30.72600402,0.01998460,0.01998464,38559,118,1
5183.01707978,5183.00717641,0.00000000,1853.20621583,0.29861065,30.82206856,0.01998468,0.01998464,38558,118,1
5183.14192476,5183.14162468,1858.73518561,1858.74851728,0.12182440,30.89839525,0.01998464,0.01998464,38557,118,0
5183.27056709,5183.27607994,0.00000000,1864.46932367,0.08002700,30.97655183,0.01998462,0.01998464,38556,118,1
5183.40446002,5183.41054217,0.00000000,1870.42495409,0.16376448,31.05723860,0.01998462,0.01998464,38555,118,1
5183.53732842,5183.54501139,0.00000000,1876.33941071,0.26844450,31.13668343,0.01998461,0.01998464,38554,118,1
5183.67180037,nan,0.00000000,1882.32971765,0.22148265,31.21645248,0.01998461,0.01998464,38553,118,1
5183.81514884,5183.81397076,1888.66437500,1888.71692184,0.11316762,31.30073704,0.01998464,0.01998464,38552,118,0
5183.81514884,5183.81397076,1888.66437500,1888.71692184,0.11316762,31.30073704,0.01998464,0.01998464,38552,118,0
5183.93985628,5183.94846092,0.00000000,1894.28423560,0.09367624,31.37355475,0.01998461,0.01998464,38551,118,1
nan,nan,0.00000000,-1.00000000,0.00000000,31.43476287,nan,0.00000000,-2147483648,118,1
5184.23640060,5184.21746219,0.00000000,1907.53022805,0.18321171,31.54438201,0.01998471,0.01998464,38549,118,1
5184.35608285,5184.35197330,0.00000000,1912.88244073,0.18706052,31.61243934,0.01998466,0.01998464,38548,118,1
5184.48427061,5184.48649139,0.00000000,1918.61903048,0.11007722,31.68476632,0.01998463,0.01998464,38547,118,1
5184.61851132,5184.62101647,0.00000000,1924.63095375,0.18865015,31.75987879,0.01998463,0.01998464,38546,118,1
5184.75215504,5184.75554854,0.00000000,1930.62067997,0.17681367,31.83401611,0.01998463,0.01998464,38545,118,1
5184.87467340,5184.89008759,0.00000000,1936.11577017,0.13439362,31.90141874,0.01998458,0.01998464,38544,118,1
5185.02692996,5185.02463363,0.00000000,1942.94998259,0.16898945,31.98442973,0.01998465,0.01998464,38543,118,1
5185.16758889,5185.15918665,0.00000000,1949.26888269,0.16211178,32.06037574,0.01998467,0.01998464,38542,118,1
5185.28865701,5185.29374666,0.00000000,1954.71174952,0.02994653,32.12517242,0.01998462,0.01998464,38541,118,1
5185.42300471,5185.42831367,0.00000000,1960.75603058,0.14031737,32.19645626,0.01998462,0.01998464,38540,118,1
5185.42300471,5185.42831367,0.00000000,1960.75603058,0.14031737,32.19645626,0.01998462,0.01998464,38540,118,1
nan,nan,0.00000000,-1.00000000,0.00000000,32.28095665,nan,0.00000000,-2147483648,118,1
nan,nan,0.00000000,-1.00000000,0.00000000,32.32718103,nan,0.00000000,-2147483648,118,1
nan,nan,0.00000000,-1.00000000,0.00000000,32.41870093,nan,0.00000000,-2147483648,118,1
5185.95026516,5185.96665157,0.00000000,1984.52236194,0.13856487,32.46988897,0.01998458,0.01998464,38536,118,1
5186.10352125,5186.10125352,0.00000000,1991.44391064,0.22723261,32.54746733,0.01998465,0.01998464,38535,118,1
5186.22946290,5186.23586247,0.00000000,1997.13642694,0.19008041,32.61057645,0.01998462,0.01998464,38534,118,1
5186.35454830,5186.37047840,0.00000000,2002.79433887,0.07880432,32.67268155,0.01998458,0.01998464,38533,118,1
5186.50159233,5186.50510133,0.00000000,2009.45072638,0.25972489,32.74495504,0.01998463,0.01998464,38532,118,1
5186.62463199,5186.63973126,0.00000000,2015.02484204,0.11901008,32.80481940,0.01998458,0.01998464,38531,118,1
5186.75922174,5186.77436818,0.00000000,2021.12677408,0.12400032,32.86966487,0.01998458,0.01998464,38530,118,1
5186.91261470,5186.90901209,0.00000000,2028.08701371,0.26676284,32.94275468,0.01998466,0.01998464,38529,118,1
5187.04456966,5187.04366300,2034.03066926,2034.07184150,0.26165835,33.00485467,0.01998464,0.01998464,38528,118,0
5187.17033734,5187.17832090,0.00000000,2039.79524511,0.10529203,33.06359620,0.01998461,0.01998464,38527,118,1
nan,nan,0.00000000,-1.00000000,0.00000000,33.13664406,nan,0.00000000,-2147483648,118,1
5187.43269244,5187.44765770,0.00000000,2051.73204307,0.04774872,33.18407749,0.01998458,0.01998464,38525,118,1
5187.56774171,5187.58233660,0.00000000,2057.88375360,0.15709252,33.24509691,0.01998459,0.01998464,38524,118,1
5187.71796521,5187.71702249,2064.67137276,2064.71436292,0.14679913,33.31199700,0.01998464,0.01998464,38523,118,0
5187.85198832,5187.85171538,2070.81642581,2070.82888372,0.18060148,33.37112214,0.01998464,0.01998464,38522,118,0
5187.98011980,5187.98641527,0.00000000,2076.69848015,0.15333005,33.42720251,0.01998462,0.01998464,38521,118,1
nan,nan,0.00000000,-1.00000000,0.00000000,33.47728593,nan,0.00000000,-2147483648,118,1
5188.25664565,5188.25583606,2089.28557531,2089.32262212,0.17640301,33.54557434,0.01998464,0.01998464,38519,118,0
5188.39528489,5188.39055695,0.00000000,2095.68666424,0.22117589,33.60408663,0.01998466,0.01998464,38518,118,1
5188.52036743,5188.52528485,0.00000000,2101.41665839,0.17132773,33.65610391,0.01998462,0.01998464,38517,118,1
nan,nan,0.00000000,-1.00000000,0.00000000,33.69725804,nan,0.00000000,-2147483648,118,1
5188.79992929,5188.79476165,0.00000000,2114.23871779,0.03482446,33.77022032,0.01998466,0.01998464,38515,118,1
5188.93114700,5188.92951055,0.00000000,2120.26436571,0.15323287,33.82275910,0.01998465,0.01998464,38514,118,1
5189.06444696,5189.06426646,2126.36808665,2126.37638566,0.03441213,33.87533960,0.01998464,0.01998464,38513,118,0
5189.19000376,5189.19902937,0.00000000,2132.16518805,0.16529645,33.92447915,0.01998461,0.01998464,38512,118,1
5189.32960093,5189.33379929,0.00000000,2138.59076624,0.04227197,33.97827204,0.01998463,0.01998464,38511,118,1
5189.47426875,5189.46857621,0.00000000,2145.25542736,0.07911983,34.03323074,0.01998467,0.01998464,38510,118,1
5189.59410789,5189.60336014,0.00000000,2150.78065486,0.20096731,34.07814839,0.01998461,0.01998464,38509,118,1
5189.73626640,5189.73815108,0.00000000,2157.34009956,0.06753844,34.13071495,0.01998464,0.01998464,38508,118,1
nan,nan,0.00000000,-1.00000000,0.00000000,34.17541083,nan,0.00000000,-2147483648,118,1
5190.01941934,5190.00775398,0.00000000,2170.42206293,0.11075328,34.23309357,0.01998469,0.01998464,38506,118,1
5190.14118513,5190.14256594,2176.10668569,2176.04277806,0.16500438,34.27607553,0.01998464,0.01998464,38505,118,0
5190.26244886,5190.27738491,0.00000000,2181.66818334,0.04018319,34.31848855,0.01998459,0.01998464,38504,118,1
5190.26244886,nan,0.00000000,2181.66818334,0.04018319,34.31848855,0.01998459,0.01998464,38504,118,1
5190.26244886,5190.27738491,0.00000000,2181.66818334,0.04018319,34.31848855,0.01998459,0.01998464,38504,118,1
nan,nan,0.00000000,-1.00000000,0.00000000,34.36550401,nan,0.00000000,-2147483648,118,1
5190.55418470,5190.54704388,0.00000000,2195.19012749,0.37040295,34.41796379,0.01998467,0.01998464,38502,118,1
5190.66607224,5190.68188388,0.00000000,2200.38249124,0.18868391,34.45523365,0.01998458,0.01998464,38501,118,1
5190.81457804,5190.81673089,0.00000000,2207.27968131,0.07707052,34.50394432,0.01998464,0.01998464,38500,118,1
5190.81457804,5190.81673089,0.00000000,2207.27968131,0.07707052,34.50394432,0.01998464,0.01998464,38500,118,1
nan,nan,0.00000000,-1.00000000,0.00000000,34.55053237,nan,0.00000000,-2147483648,118,1
5191.07955129,5191.08644595,0.00000000,2219.60166171,0.28930483,34.58870683,0.01998462,0.01998464,38498,118,1
5191.21214276,5191.22131400,0.00000000,2225.77505389,0.10769615,34.63008415,0.01998461,0.01998464,38497,118,1
5191.34493269,5191.35618907,0.00000000,2231.96273409,0.08073379,34.67082786,0.01998460,0.01998464,38496,118,1
nan,nan,0.00000000,-1.00000000,0.00000000,34.70987756,nan,0.00000000,-2147483648,118,1
nan,nan,0.00000000,-1.00000000,0.00000000,34.72266057,nan,0.00000000,-2147483648,118,1
5191.60454885,nan,0.00000000,2244.07484417,0.26742553,34.74846908,0.01998456,0.01998464,38494,118,1
5191.75234913,5191.76085635,0.00000000,2250.97899137,0.00954076,34.79147516,0.01998461,0.01998465,38493,118,1
5191.89170417,5191.89575947,0.00000000,2257.49443156,0.13657766,34.83122721,0.01998463,0.01998465,38492,118,1
5192.02960869,5192.03066962,2263.99238805,2263.94272971,0.09676504,34.86977367,0.01998464,0.01998465,38491,118,0
5192.02960869,5192.03066962,2263.99238805,2263.94272971,0.09676504,34.86977367,0.01998464,0.01998465,38491,118,0
5192.17310866,5192.16558677,0.00000000,2270.66848831,0.38290299,34.90913532,0.01998467,0.01998465,38490,118,1
5192.30511236,5192.30051095,0.00000000,2276.85624811,0.17583378,34.94458804,0.01998466,0.01998465,38489,118,1
nan,nan,0.00000000,-1.00000000,0.00000000,34.98461214,nan,0.00000000,-2147483648,118,1
5192.57583158,5192.57038036,0.00000000,2289.56235609,0.14686948,35.01510405,0.01998467,0.01998465,38487,118,1
5192.70508461,5192.70532560,2295.64049697,2295.62916774,0.13831057,35.04769054,0.01998464,0.01998465,38486,118,0
5192.84845819,5192.84027785,0.00000000,2302.37977717,0.13944993,35.08312748,0.01998468,0.01998465,38485,118,1
5192.84845819,5192.84027785,0.00000000,2302.37977717,0.13944993,35.08312748,0.01998468,0.01998465,38485,118,1
5193.10480564,5193.11020342,0.00000000,2314.45189321,0.00386533,35.14434034,0.01998463,0.01998465,38483,118,1
5193.24198451,5193.24517674,0.00000000,2320.92004593,0.13972459,35.17599874,0.01998463,0.01998465,38482,118,1
5193.37017208,5193.38015708,0.00000000,2326.96931766,0.18327183,35.20488798,0.01998461,0.01998465,38481,118,1
5193.51401652,5193.51514444,2333.80977376,2333.75648035,0.17738590,35.23647416,0.01998464,0.01998465,38480,118,0
5193.65070983,5193.65013883,2340.19065791,2340.21765859,0.08529017,35.26573096,0.01998465,0.01998465,38479,118,0
5193.77701793,5193.78514024,0.00000000,2346.20127708,0.08023282,35.29211888,0.01998462,0.01998465,38478,118,1
5193.91330094,5193.92014868,0.00000000,2352.65462422,0.24347084,35.31981709,0.01998462,0.01998465,38477,118,1
5194.05751379,5194.05516414,0.00000000,2359.48957950,0.11459598,35.34829197,0.01998466,0.01998465,38476,118,1
5194.19395870,5194.19018663,0.00000000,2365.96217414,0.20979084,35.37444071,0.01998466,0.01998465,38475,118,1
nan,nan,0.00000000,-1.00000000,0.00000000,35.39424355,nan,0.00000000,-2147483648,118,1
5194.44937010,5194.46025268,0.00000000,2378.09344654,0.13094089,35.42131132,0.01998461,0.01998465,38473,118,1
5194.59847570,5194.59529625,0.00000000,2385.18471522,0.12625896,35.44741795,0.01998466,0.01998465,38472,118,1
5194.59847570,5194.59529625,0.00000000,2385.18471522,0.12625896,35.44741795,0.01998466,0.01998465,38472,118,1
5194.72262094,5194.73034685,0.00000000,2391.09409504,0.22297276,35.46844588,0.01998462,0.01998465,38471,118,1
5194.86723596,5194.86540447,0.00000000,2397.98381497,0.24900217,35.49212734,0.01998465,0.01998465,38470,118,1
5195.01076928,5195.00046913,0.00000000,2404.82836858,0.12023743,35.51476375,0.01998469,0.01998465,38469,118,1
5195.14208996,5195.13554081,0.00000000,2411.09612038,0.08388522,35.53471482,0.01998467,0.01998465,38468,118,1
5195.26496636,5195.27061953,0.00000000,2416.96567419,0.16096814,35.55272436,0.01998463,0.01998465,38467,118,1
5195.40453407,nan,0.00000000,2423.63822269,1.87102590,35.57240613,0.01998464,0.01998465,38466,118,1
5195.55004759,5195.54079805,0.00000000,2430.60148973,0.19419725,35.59204751,0.01998468,0.01998465,38465,118,1
5195.67593662,5195.67589786,2436.61741096,2436.61926785,0.14069567,35.60828336,0.01998465,0.01998465,38464,118,0
5195.81121922,5195.81100470,2443.09329975,2443.10358607,0.13120283,35.62501165,0.01998465,0.01998465,38463,118,0
nan,nan,0.00000000,-1.00000000,0.00000000,35.63953334,nan,0.00000000,-2147483648,118,1
5196.07900472,5196.08123949,0.00000000,2455.96954383,0.00560945,35.65585071,0.01998464,0.01998465,38461,118,1
5196.07900472,5196.08123949,0.00000000,2455.96954383,0.00560945,35.65585071,0.01998464,0.01998465,38461,118,1
5196.21163889,5196.21636744,0.00000000,2462.34430516,0.09643424,35.66997197,0.01998463,0.01998465,38460,118,1
5196.35547030,5196.35150242,0.00000000,2469.26352824,0.20376494,35.68443058,0.01998466,0.01998465,38459,118,1
5196.48976938,5196.48664443,0.00000000,2475.73011243,0.05939695,35.69712601,0.01998466,0.01998465,38458,118,1
5196.61888047,5196.62179349,0.00000000,2481.95230318,0.15137130,35.70859630,0.01998464,0.01998465,38457,118,1
5196.73886701,5196.75694958,0.00000000,2487.73952730,0.17880380,35.71860876,0.01998458,0.01998465,38456,118,1
nan,nan,0.00000000,-1.00000000,0.00000000,35.73180516,nan,0.00000000,-2147483648,118,1
5197.02270193,nan,0.00000000,2501.44788691,0.16482271,35.73980375,0.01998463,0.01998465,38454,118,1
5197.15709070,5197.16246007,0.00000000,2507.94748799,0.09910764,35.74861397,0.01998463,0.01998465,38453,118,1
5197.29255266,5197.29764431,0.00000000,2514.50489050,0.16198794,35.75669506,0.01998463,0.01998465,38452,118,1
5197.43294572,5197.43283560,2521.29834304,2521.30368076,0.20751506,35.76421738,0.01998465,0.01998465,38451,118,0
5197.55532403,5197.56803392,0.00000000,2527.24199678,0.24725634,35.77007458,0.01998460,0.01998465,38450,118,1
5197.71340384,5197.70323928,0.00000000,2534.91528821,0.02106861,35.77665859,0.01998469,0.01998465,38449,118,1
5197.84294041,5197.83845169,0.00000000,2541.20915359,0.17122293,35.78123054,0.01998467,0.01998465,38448,118,1
5197.84294041,5197.83845169,0.00000000,2541.20915359,0.17122293,35.78123054,0.01998467,0.01998465,38448,118,1
nan,nan,0.00000000,-1.00000000,0.00000000,35.78822206,nan,0.00000000,-2147483648,118,1
5198.24319903,5198.24413116,2560.72762751,2560.68219928,0.11617004,35.79064887,0.01998465,0.01998465,38445,118,0
5198.39046131,5198.37937174,0.00000000,2567.87270788,0.12822476,35.79232087,0.01998469,0.01998465,38444,118,1
5198.65198376,5198.64987403,0.00000000,2580.64347151,0.20819709,35.79289029,0.01998466,0.01998465,38442,118,1
5198.78385730,5198.78513574,2587.14185334,2587.07932311,0.29165868,35.79201366,0.01998464,0.01998465,38441,118,0
5199.06042208,5199.05568030,0.00000000,2600.63409220,0.11605652,35.78761732,0.01998467,0.01998465,38439,118,1
5199.19116817,5199.19096316,2607.01841058,2607.02846527,0.21535107,35.78434315,0.01998465,0.01998465,38438,118,0
5199.32495230,nan,0.00000000,2613.61113551,0.04556290,35.78016899,0.01998465,0.01998465,38437,118,1
5199.46871786,5199.46155001,0.00000000,2620.67373944,0.25980420,35.77478406,0.01998468,0.01998465,38436,118,1
5199.58253368,nan,0.00000000,2626.27000276,0.23076329,35.76985092,0.01998460,0.01998465,38435,118,1
5199.72569982,5199.73216505,0.00000000,2633.31565455,0.18950490,35.76280260,0.01998463,0.01998465,38434,118,1
5199.87437149,5199.86748315,0.00000000,2640.63964246,0.26616601,35.75448636,0.01998468,0.01998465,38433,118,1
5199.99563909,5200.00280830,0.00000000,2646.61922088,0.23389331,35.74694887,0.01998462,0.01998465,38432,118,1
5200.27759870,5200.27347975,0.00000000,2660.54185746,0.02882626,35.72679452,0.01998467,0.01998465,38430,118,1
5200.40129010,nan,0.00000000,2666.65814638,0.22622526,35.71678883,0.01998462,0.01998465,38429,118,1
5200.56025741,5200.54417941,0.00000000,2674.52652664,0.21271130,35.70288302,0.01998471,0.01998465,38428,118,1
5200.68085885,5200.67953983,2680.41309524,2680.47847878,0.05413942,35.69159134,0.01998465,0.01998465,38427,118,0
5200.83796545,5200.81490729,0.00000000,2688.29325018,0.23961788,35.67575504,0.01998474,0.01998465,38426,118,1
nan,nan,0.00000000,-1.00000000,0.00000000,35.66346581,nan,0.00000000,-2147483648,118,1
5201.07777746,5201.08566339,0.00000000,2700.20301829,0.08655882,35.64941408,0.01998462,0.01998465,38424,118,1
5201.21966675,nan,0.00000000,2707.25915060,0.09791535,35.63255124,0.01998465,0.01998465,38423,118,1
5201.36099818,5201.35644771,0.00000000,2714.29458436,0.18490217,35.61480698,0.01998467,0.01998465,38422,118,1
5201.48453308,5201.49185046,0.00000000,2720.44988660,0.06372311,35.59852024,0.01998462,0.01998465,38421,118,1
5201.60989643,5201.62726026,0.00000000,2726.70181727,0.27715587,35.58124963,0.01998459,0.01998465,38420,118,1
5201.76142869,5201.76267712,2734.31141132,2734.24904456,0.15059541,35.55942325,0.01998465,0.01998465,38419,118,0
5201.89292441,5201.89810104,0.00000000,2740.83709747,0.10558280,35.53949672,0.01998463,0.01998465,38418,118,1
5202.02878983,5202.03353202,0.00000000,2747.63278413,0.11238634,35.51808857,0.01998463,0.01998465,38417,118,1
5202.16711533,5202.16897006,0.00000000,2754.55831279,0.20927910,35.49537963,0.01998465,0.01998465,38416,118,1
5202.29821399,5202.30441516,0.00000000,2761.12836232,0.17014511,35.47300431,0.01998463,0.01998465,38415,118,1
5202.44315311,5202.43986733,0.00000000,2768.39924162,0.22168462,35.44729795,0.01998467,0.01998465,38414,118,1
5202.58595246,nan,0.00000000,2775.57020783,0.16806364,35.42097321,0.01998469,0.01998465,38413,118,1
5202.70534640,5202.71079284,0.00000000,2781.57149984,0.08884540,35.39820075,0.01998463,0.01998465,38412,118,1
5202.82796003,5202.84626619,0.00000000,2787.74002421,0.03404208,35.37408950,0.01998458,0.01998465,38411,118,1
nan,nan,0.00000000,-1.00000000,0.00000000,35.34479754,nan,0.00000000,-2147483648,118,1
5203.09928566,5203.11723408,0.00000000,2801.40956057,0.20603686,35.31811497,0.01998458,0.01998465,38409,118,1
nan,nan,0.00000000,-1.00000000,0.00000000,35.28987584,nan,0.00000000,-2147483648,118,1
5203.39065964,5203.38823023,0.00000000,2816.11923069,0.10007303,35.25396594,0.01998466,0.01998465,38407,118,1
5203.51469766,nan,0.00000000,2822.39064739,0.12350623,35.22538222,0.01998462,0.01998465,38406,118,1
nan,nan,0.00000000,-1.00000000,0.00000000,35.19445991,nan,0.00000000,-2147483648,118,1
nan,nan,0.00000000,-1.00000000,0.00000000,35.18494131,nan,0.00000000,-2147483648,118,1
5203.78823933,5203.79477745,0.00000000,2836.24119910,0.12809780,35.15964098,0.01998463,0.01998465,38404,118,1
5203.91935557,5203.93030733,0.00000000,2842.89003632,0.23377833,35.12680440,0.01998461,0.01998465,38403,118,1
5204.06672304,5204.06584427,2850.31624032,2850.36087928,0.28712328,35.08891911,0.01998466,0.01998465,38402,118,0
5204.19543529,5204.20138828,0.00000000,2856.91093332,0.22165849,35.05484213,0.01998463,0.01998465,38401,118,1
nan,nan,0.00000000,-1.00000000,0.00000000,35.00622308,nan,0.00000000,-2147483648,118,1
5204.47648445,5204.47249751,0.00000000,2871.21366110,0.06626620,34.97763513,0.01998467,0.01998465,38399,118,1
5204.61139402,5204.60806274,0.00000000,2878.08988597,0.30071164,34.93915149,0.01998467,0.01998465,38398,118,1
5204.75637463,5204.74363503,0.00000000,2885.48713020,0.06474688,34.89676203,0.01998470,0.01998465,38397,118,1
5204.87976658,5204.87921439,2891.75396981,2891.78218192,0.17293043,34.85988055,0.01998466,0.01998465,38396,118,0
5205.03142876,5205.01480083,0.00000000,2899.54306025,0.29692172,34.81338840,0.01998472,0.01998465,38395,118,1
5205.15959656,5205.15039434,0.00000000,2906.10264310,0.18870467,34.77321207,0.01998469,0.01998465,38394,118,1
5205.26869053,5205.28599492,0.00000000,2911.69101088,0.15109564,34.73834785,0.01998459,0.01998465,38393,118,1
5205.41664897,5205.42160258,0.00000000,2919.27755789,0.05230507,34.69008054,0.01998464,0.01998465,38392,118,1
5205.55032276,5205.55721731,0.00000000,2926.13894418,0.08020258,34.64549753,0.01998463,0.01998465,38391,118,1
nan,nan,0.00000000,-1.00000000,0.00000000,34.60671529,nan,0.00000000,-2147483648,118,1
5205.83230518,5205.82846800,0.00000000,2940.63568830,0.07294347,34.54839985,0.01998467,0.01998465,38389,118,1
5205.95205159,5205.96410396,0.00000000,2946.80124972,0.12589259,34.50590926,0.01998461,0.01998466,38388,118,1
5206.12277516,5206.09974700,0.00000000,2955.60126696,0.09912996,34.44402839,0.01998474,0.01998466,38387,118,1
5206.23160542,5206.23539711,0.00000000,2961.21694994,0.21923919,34.40378048,0.01998464,0.01998466,38386,118,1
5206.37295636,5206.37105431,0.00000000,2968.51768770,0.18622399,34.35057161,0.01998466,0.01998466,38385,118,1
nan,nan,0.00000000,-1.00000000,0.00000000,34.30248988,nan,0.00000000,-2147483648,118,1
nan,nan,0.00000000,-1.00000000,0.00000000,34.25728344,nan,0.00000000,-2147483648,118,1
nan,nan,0.00000000,-1.00000000,0.00000000,34.18043919,nan,0.00000000,-2147483648,118,1
5206.91767476,5206.91375387,0.00000000,2996.72642926,0.40475947,34.13559046,0.01998467,0.01998466,38381,118,1
5207.05518698,5207.04944646,0.00000000,3003.86637016,0.00227439,34.07880987,0.01998468,0.01998466,38380,118,1
5207.18108486,5207.18514613,0.00000000,3010.40993670,0.03193122,34.02593233,0.01998464,0.01998466,38379,118,1
5207.30484627,5207.32085289,0.00000000,3016.84869215,0.07008598,33.97311788,0.01998459,0.01998466,38378,118,1
5207.46680297,5207.45656673,0.00000000,3025.28394326,0.24649151,33.90275035,0.01998470,0.01998466,38377,118,1
5207.58599097,5207.59228765,0.00000000,3031.49845910,0.14101998,33.85005453,0.01998463,0.01998466,38376,118,1
nan,nan,0.00000000,-1.00000000,0.00000000,33.79414948,nan,0.00000000,-2147483648,118,1
5207.85848457,5207.86375075,0.00000000,3045.72816380,0.07222128,33.72666554,0.01998464,0.01998466,38374,118,1
5208.04958696,5207.86375075,0.00000000,3055.72574506,0.14975702,33.63770222,0.01998537,0.01998466,38374,118,1
5208.04958696,nan,0.00000000,3055.72574506,0.14975702,33.63770222,0.01998537,0.01998466,38374,118,1
5208.04958696,nan,0.00000000,3055.72574506,0.14975702,33.63770222,0.01998537,0.01998466,38374,118,1
nan,nan,0.00000000,-1.00000000,0.00000000,33.58091311,nan,0.00000000,-2147483648,118,1
5208.29082000,5208.27099853,0.00000000,3068.36741680,0.58284608,33.52252559,0.01998473,0.01998466,38371,118,1
5208.29082000,5208.27099853,0.00000000,3068.36741680,0.58284608,33.52252559,0.01998473,0.01998466,38371,118,1
5208.40695118,5208.40676196,3074.43872586,3074.44866250,0.11619073,33.46605190,0.01998466,0.01998466,38370,118,0
5208.54003914,5208.54253249,0.00000000,3081.45292066,0.10623892,33.40014661,0.01998465,0.01998466,38369,118,1
nan,nan,0.00000000,-1.00000000,0.00000000,33.35686882,nan,0.00000000,-2147483648,118,1
5208.68790305,5208.67831010,0.00000000,3089.22889364,0.21021430,33.32590152,0.01998469,0.01998466,38368,118,1
5208.81767916,5208.81409480,0.00000000,3096.06118949,0.19452347,33.25973000,0.01998467,0.01998466,38367,118,1
5208.94714118,5208.94988658,0.00000000,3102.88399248,0.14199751,33.19277599,0.01998465,0.01998466,38366,118,1
5209.08956000,5209.08568546,0.00000000,3110.39778736,0.12713964,33.11802997,0.01998467,0.01998466,38365,118,1
5209.20189650,5209.22149143,0.00000000,3116.33053053,0.12803252,33.05826312,0.01998458,0.01998466,38364,118,1
5209.36771205,5209.35730449,0.00000000,3125.09739841,0.15062407,32.96873525,0.01998470,0.01998466,38363,118,1
nan,nan,0.00000000,-1.00000000,0.00000000,32.90764447,nan,0.00000000,-2147483648,118,1
nan,nan,0.00000000,-1.00000000,0.00000000,32.88679644,nan,0.00000000,-2147483648,118,1
5209.65255080,5209.62895188,0.00000000,3140.18449967,0.14966034,32.81128547,0.01998475,0.01998466,38361,118,1
5209.65255080,5209.62895188,0.00000000,3140.18449967,0.14966034,32.81128547,0.01998475,0.01998466,38361,118,1
5209.76199889,5209.76478622,0.00000000,3145.99088624,0.30587877,32.74955042,0.01998465,0.01998466,38360,118,1
5209.87677090,5209.90062765,0.00000000,3152.08524358,0.26076820,32.68407238,0.01998457,0.01998466,38359,118,1
5209.87677090,5209.90062765,0.00000000,3152.08524358,0.26076820,32.68407238,0.01998457,0.01998466,38359,118,1
5210.04346993,5210.03647617,0.00000000,3160.94702136,0.09658549,32.58761605,0.01998469,0.01998466,38358,118,1
nan,nan,0.00000000,-1.00000000,0.00000000,32.53195617,nan,0.00000000,-2147483648,118,1
5210.31269595,5210.30819450,0.00000000,3175.28458075,0.39724531,32.42843332,0.01998468,0.01998466,38356,118,1
5210.31269595,5210.30819450,0.00000000,3175.28458075,0.39724531,32.42843332,0.01998468,0.01998466,38356,118,1
5210.42801058,5210.44406431,0.00000000,3181.43527600,0.01952099,32.35896107,0.01998460,0.01998466,38355,118,1
nan,nan,0.00000000,-1.00000000,0.00000000,32.24951455,nan,0.00000000,-2147483648,118,1
5210.70470044,5210.71582521,0.00000000,3196.21718733,0.13218590,32.18909079,0.01998462,0.01998466,38353,118,1
5210.86075183,5210.85171631,0.00000000,3204.56893388,0.11237882,32.09129817,0.01998469,0.01998466,38352,118,1
5210.86075183,5210.85171631,0.00000000,3204.56893388,0.11237882,32.09129817,0.01998469,0.01998466,38352,118,1
5210.99009435,5210.98761451,0.00000000,3211.49939230,0.15467358,32.00915191,0.01998467,0.01998466,38351,118,1
5211.12553240,5211.12351980,0.00000000,3218.76440828,0.42543986,31.92207030,0.01998467,0.01998466,38350,118,1
5211.25466085,5211.25943220,0.00000000,3225.69856667,0.25909851,31.83802843,0.01998464,0.01998466,38349,118,1
nan,nan,0.00000000,-1.00000000,0.00000000,31.74855742,nan,0.00000000,-2147483648,118,1
5211.53095246,5211.53127828,3240.55957627,3240.54203167,0.16716134,31.65508486,0.01998466,0.01998466,38347,118,0
5211.66191403,5211.66721198,0.00000000,3247.61677669,0.05649579,31.56643054,0.01998464,0.01998466,38346,118,1
5211.66191403,5211.66721198,0.00000000,3247.61677669,0.05649579,31.56643054,0.01998464,0.01998466,38346,118,1
5211.82182203,5211.80315278,0.00000000,3256.24336180,0.17324945,31.45705513,0.01998473,0.01998466,38345,118,1
5211.93335524,5211.93910067,0.00000000,3262.26711232,0.13134219,31.37985000,0.01998464,0.01998466,38344,118,1
5212.06776716,5212.07505568,0.00000000,3269.53401434,0.12088520,31.28580232,0.01998463,0.01998466,38343,118,1
5212.06776716,5212.07505568,0.00000000,3269.53401434,0.12088520,31.28580232,0.01998463,0.01998466,38343,118,1
nan,nan,0.00000000,-1.00000000,0.00000000,31.20128387,nan,0.00000000,-2147483648,118,1
nan,nan,0.00000000,-1.00000000,0.00000000,31.14860462,nan,0.00000000,-2147483648,118,1
5212.35150281,5212.34698699,0.00000000,3284.90107141,0.22912123,31.08364751,0.01998468,0.01998466,38341,118,1
5212.47061999,5212.48296330,0.00000000,3291.36342431,0.08695839,30.99730591,0.01998461,0.01998466,38340,118,1
5212.64090590,5212.61894672,0.00000000,3300.61313313,0.00470393,30.87235389,0.01998474,0.01998466,38339,118,1
5212.74607224,5212.75493724,0.00000000,3306.33232469,0.07286653,30.79428794,0.01998463,0.01998466,38338,118,1
5212.74607224,5212.75493724,0.00000000,3306.33232469,0.07286653,30.79428794,0.01998463,0.01998466,38338,118,1
5212.88856420,5212.89093487,0.00000000,3314.08955275,0.11244577,30.68741774,0.01998465,0.01998466,38337,118,1
5212.88856420,5212.89093487,0.00000000,3314.08955275,0.11244577,30.68741774,0.01998465,0.01998466,38337,118,1
5213.03117263,5213.02693961,0.00000000,3321.86258154,0.05840879,30.57919171,0.01998468,0.01998466,38336,118,1
5213.03117263,5213.02693961,0.00000000,3321.86258154,0.05840879,30.57919171,0.01998468,0.01998466,38336,118,1
5213.19156717,5213.16295146,0.00000000,3330.61641317,0.04401719,30.45594538,0.01998477,0.01998466,38335,118,1
5213.19156717,5213.16295146,0.00000000,3330.61641317,0.04401719,30.45594538,0.01998477,0.01998466,38335,118,1
5213.19156717,5213.16295146,0.00000000,3330.61641317,0.04401719,30.45594538,0.01998477,0.01998466,38335,118,1
5213.38757344,nan,0.00000000,3341.33020927,0.38057661,30.30313703,0.01998552,0.01998466,38335,118,1
5213.46952886,5213.43499647,0.00000000,3345.81529615,0.28001872,30.23852412,0.01998479,0.01998466,38333,118,1
5213.56888177,5213.57102964,0.00000000,3351.25673409,0.04221814,30.15962411,0.01998465,0.01998466,38332,118,1
5213.73659848,nan,0.00000000,3360.45298929,0.01930833,30.02500923,0.01998477,0.01998466,38331,118,1
5213.73659848,5213.70706992,0.00000000,3360.45298929,0.01930833,30.02500923,0.01998477,0.01998466,38331,118,1
nan,nan,0.00000000,-1.00000000,0.00000000,29.91334302,nan,0.00000000,-2147483648,118,1
5213.96197593,5213.97917181,0.00000000,3372.83199231,0.10603235,29.84128359,0.01998460,0.01998466,38329,118,1
5214.10100399,5214.11523342,0.00000000,3380.48031625,0.16086717,29.72632266,0.01998461,0.01998466,38328,118,1
5214.25901555,5214.25130214,0.00000000,3389.18425326,0.35054523,29.59415029,0.01998469,0.01998466,38327,118,1
5214.25901555,5214.25130214,0.00000000,3389.18425326,0.35054523,29.59415029,0.01998469,0.01998466,38327,118,1
5214.38385390,5214.38737798,0.00000000,3396.06938814,0.18012633,29.48858277,0.01998465,0.01998466,38326,118,1
nan,nan,0.00000000,-1.00000000,0.00000000,29.33474143,nan,0.00000000,-2147483648,118,1
5214.65878735,nan,0.00000000,3411.25927041,0.17628039,29.25251142,0.01998466,0.01998466,38324,118,1
5214.65919552,5214.65955099,3411.27893594,3411.25927041,0.17628039,29.25251142,0.01998466,0.01998466,38324,118,0
5215.09288622,5215.06786387,0.00000000,3435.31809996,0.14777003,28.86967321,0.01998476,0.01998466,38321,118,1
5215.09288622,5215.06786387,0.00000000,3435.31809996,0.14777003,28.86967321,0.01998476,0.01998466,38321,118,1
5215.19756678,nan,0.00000000,3441.13363017,0.04433499,28.77548893,0.01998464,0.01998466,38320,118,1
5215.34231800,5215.34010804,0.00000000,3449.18422375,0.23927686,28.64405019,0.01998467,0.01998466,38319,118,1
5215.47100499,5215.47624080,0.00000000,3456.35011840,0.18041985,28.52602291,0.01998464,0.01998466,38318,118,1
5215.64363226,5215.61238068,0.00000000,3465.97578570,0.15926287,28.36595026,0.01998478,0.01998466,38317,118,1
5215.64363226,nan,0.00000000,3465.97578570,0.15926287,28.36595026,0.01998478,0.01998466,38317,118,1
nan,nan,0.00000000,-1.00000000,0.00000000,28.28170123,nan,0.00000000,-2147483648,118,1
nan,nan,0.00000000,-1.00000000,0.00000000,28.18046267,nan,0.00000000,-2147483648,118,1
nan,nan,0.00000000,-1.00000000,0.00000000,28.11259107,nan,0.00000000,-2147483648,118,1
5216.01856910,5216.02084302,0.00000000,3486.93372259,0.10075453,28.01134932,0.01998465,0.01998466,38314,118,1
5216.14814657,5216.15701138,0.00000000,3494.19325483,0.15471624,27.88657804,0.01998463,0.01998466,38313,118,1
5216.29527856,5216.29318685,0.00000000,3502.44661503,0.20713308,27.74351088,0.01998467,0.01998466,38312,118,1
nan,nan,0.00000000,-1.00000000,0.00000000,27.59387862,nan,0.00000000,-2147483648,118,1
5216.54352552,5216.56555917,0.00000000,3516.39706854,0.11156656,27.49874791,0.01998458,0.01998466,38310,118,1
5216.70594348,5216.70175601,0.00000000,3525.54140206,0.02561193,27.33630373,0.01998468,0.01998466,38309,118,1
5216.97639961,5216.97417106,0.00000000,3540.79865009,0.04997066,27.06172971,0.01998467,0.01998466,38307,118,1
5217.09447252,5217.11038928,0.00000000,3547.47140723,0.05470422,26.94025382,0.01998460,0.01998466,38306,118,1
nan,nan,0.00000000,-1.00000000,0.00000000,26.80218096,nan,0.00000000,-2147483648,118,1
nan,nan,0.00000000,-1.00000000,0.00000000,26.76532010,nan,0.00000000,-2147483648,118,1
5217.41973384,nan,0.00000000,3565.89086321,0.01917243,26.60053639,0.01998480,0.01998466,38304,118,1
5217.41973384,5217.38284708,0.00000000,3565.89086321,0.01917243,26.60053639,0.01998480,0.01998466,38304,118,1
5217.50838455,5217.51908667,0.00000000,3570.92076347,0.03991929,26.50664561,0.01998462,0.01998466,38303,118,1
nan,nan,0.00000000,-1.00000000,0.00000000,26.39252445,nan,0.00000000,-2147483648,118,1
nan,nan,0.00000000,-1.00000000,0.00000000,26.35482603,nan,0.00000000,-2147483648,118,1
nan,nan,0.00000000,-1.00000000,0.00000000,26.31705142,nan,0.00000000,-2147483648,118,1
5217.78234808,5217.79158723,0.00000000,3586.49127833,0.03427825,26.21294418,0.01998463,0.01998466,38301,118,1
nan,nan,0.00000000,-1.00000000,0.00000000,26.12703537,nan,0.00000000,-2147483648,118,1
nan,nan,0.00000000,-1.00000000,0.00000000,25.93511362,nan,0.00000000,-2147483648,118,1
nan,nan,0.00000000,-1.00000000,0.00000000,25.83843782,nan,0.00000000,-2147483648,118,1
5218.20990377,5218.20039153,0.00000000,3610.87096665,0.10925734,25.74379843,0.01998470,0.01998466,38298,118,1
5218.47211859,5218.47296338,3625.88222297,3625.83385142,0.10951038,25.45024932,0.01998466,0.01998466,38296,118,0
5218.62629874,5218.60926000,0.00000000,3634.70885008,0.09380534,25.27411620,0.01998473,0.01998466,38295,118,1
5218.74167979,5218.74556375,0.00000000,3641.33088133,0.14646047,25.14171554,0.01998465,0.01998466,38294,118,1
5218.74167979,5218.74556375,0.00000000,3641.33088133,0.14646047,25.14171554,0.01998465,0.01998466,38294,118,1
5218.74167979,5218.74556375,0.00000000,3641.33088133,0.14646047,25.14171554,0.01998465,0.01998466,38294,118,1
nan,nan,0.00000000,-1.00000000,0.00000000,24.98733250,nan,0.00000000,-2147483648,118,1
nan,nan,0.00000000,-1.00000000,0.00000000,24.94688676,nan,0.00000000,-2147483648,118,1
5218.99544085,5219.01819265,0.00000000,3655.92055707,0.22472630,24.84705351,0.01998458,0.01998466,38292,118,1
nan,nan,0.00000000,-1.00000000,0.00000000,24.68212547,nan,0.00000000,-2147483648,118,1
5219.26861208,5219.29085008,0.00000000,3671.66584233,0.37208004,24.52448605,0.01998458,0.01998466,38290,118,1
5219.26861208,5219.29085008,0.00000000,3671.66584233,0.37208004,24.52448605,0.01998458,0.01998466,38290,118,1
5219.43050424,5219.42718950,0.00000000,3681.01665663,0.18401745,24.33067466,0.01998468,0.01998466,38289,118,1
nan,nan,0.00000000,-1.00000000,0.00000000,24.22670276,nan,0.00000000,-2147483648,118,1
nan,nan,0.00000000,-1.00000000,0.00000000,24.16388179,nan,0.00000000,-2147483648,118,1
5219.69413599,5219.69988974,0.00000000,3696.27521993,0.19115843,24.01082041,0.01998464,0.01998466,38287,118,1
nan,nan,0.00000000,-1.00000000,0.00000000,23.95323348,nan,0.00000000,-2147483648,118,1
nan,nan,0.00000000,-1.00000000,0.00000000,23.88966535,nan,0.00000000,-2147483648,118,1
5219.96221294,5219.97261853,0.00000000,3711.83113036,0.19281666,23.68014079,0.01998463,0.01998467,38285,118,1
5219.96221294,5219.97261853,0.00000000,3711.83113036,0.19281666,23.68014079,0.01998463,0.01998467,38285,118,1
nan,nan,0.00000000,-1.00000000,0.00000000,23.59073279,nan,0.00000000,-2147483648,118,1
5220.11478297,5220.10899363,0.00000000,3720.70259287,0.12218924,23.48947812,0.01998469,0.01998467,38284,118,1
5220.27446803,5220.24537586,0.00000000,3730.00196386,301.92495849,23.28799791,0.01998478,0.01998467,38283,118,1
5220.27446803,5220.24537586,0.00000000,3730.00196386,301.92495849,23.28799791,0.01998478,0.01998467,38283,118,1
nan,nan,0.00000000,-1.00000000,0.00000000,23.13528379,nan,0.00000000,-2147483648,118,1
nan,nan,0.00000000,-1.00000000,0.00000000,23.04757168,nan,0.00000000,-2147483648,118,1
nan,nan,0.00000000,-1.00000000,0.00000000,22.93749934,nan,0.00000000,-2147483648,118,1
5220.64232006,nan,0.00000000,3751.47969036,0.15871863,22.81631516,0.01998462,0.01998467,38280,118,1
5220.64232006,5220.65456541,0.00000000,3751.47969036,0.15871863,22.81631516,0.01998462,0.01998467,38280,118,1
nan,nan,0.00000000,-1.00000000,0.00000000,22.62674080,nan,0.00000000,-2147483648,118,1
nan,nan,0.00000000,-1.00000000,0.00000000,22.46994828,nan,0.00000000,-2147483648,118,1
nan,nan,0.00000000,-1.00000000,0.00000000,22.42497729,nan,0.00000000,-2147483648,118,1
5221.06751803,5221.06381921,0.00000000,3776.40321896,0.34414692,22.25784246,0.01998468,0.01998467,38277,118,1
5221.20453371,5221.20025143,0.00000000,3784.45706439,0.25659783,22.07482094,0.01998468,0.01998467,38276,118,1
5221.32221926,5221.33669079,0.00000000,3791.38348913,0.05174543,21.91642063,0.01998461,0.01998467,38275,118,1
5221.32221926,5221.33669079,0.00000000,3791.38348913,0.05174543,21.91642063,0.01998461,0.01998467,38275,118,1
nan,nan,0.00000000,-1.00000000,0.00000000,21.71807957,nan,0.00000000,-2147483648,118,1
nan,nan,0.00000000,-1.00000000,0.00000000,21.64868754,nan,0.00000000,-2147483648,118,1
5221.65808155,nan,0.00000000,3811.19583953,0.28165971,21.45822754,0.01998537,0.01998467,38274,118,1
5221.65808155,nan,0.00000000,3811.19583953,0.28165971,21.45822754,0.01998537,0.01998467,38274,118,1
5221.74742773,5221.74605174,0.00000000,3816.47762575,0.16132602,21.33479956,0.01998467,0.01998467,38272,118,1
5221.83556830,nan,0.00000000,3821.69281898,0.20697611,21.21239956,0.01998553,0.01998467,38273,118,1
5221.83556830,nan,0.00000000,3821.69281898,0.20697611,21.21239956,0.01998553,0.01998467,38273,118,1
5222.00794041,5222.01899476,0.00000000,3831.90538555,0.17827689,20.97119093,0.01998462,0.01998467,38270,118,1
5222.16871830,5222.15547699,0.00000000,3841.44716907,0.08515055,20.74400498,0.01998472,0.01998467,38269,118,1
5222.16871830,5222.15547699,0.00000000,3841.44716907,0.08515055,20.74400498,0.01998472,0.01998467,38269,118,1
5222.16871830,5222.15547699,0.00000000,3841.44716907,0.08515055,20.74400498,0.01998472,0.01998467,38269,118,1
5222.31243829,5222.29196636,0.00000000,3849.98986046,0.14030178,20.53911405,0.01998475,0.01998467,38268,118,1
5222.42096747,5222.42846289,0.00000000,3856.44914247,0.16647191,20.38325542,0.01998464,0.01998467,38267,118,1
5222.56191705,5222.56496656,0.00000000,3864.84871274,0.29976999,20.17937142,0.01998466,0.01998467,38266,118,1
nan,nan,0.00000000,-1.00000000,0.00000000,20.00471086,nan,0.00000000,-2147483648,118,1
nan,nan,0.00000000,-1.00000000,0.00000000,19.90658434,nan,0.00000000,-2147483648,118,1
5222.84071203,5222.83799535,0.00000000,3881.49880017,0.04791483,19.77118389,0.01998468,0.01998467,38264,118,1
5222.84071203,5222.83799535,0.00000000,3881.49880017,0.04791483,19.77118389,0.01998468,0.01998467,38264,118,1
nan,nan,0.00000000,-1.00000000,0.00000000,19.53584876,nan,0.00000000,-2147483648,118,1
5223.09307528,5223.11105274,0.00000000,3896.61179197,0.16265682,19.39602810,0.01998460,0.01998467,38262,118,1
5223.09307528,5223.11105274,0.00000000,3896.61179197,0.16265682,19.39602810,0.01998460,0.01998467,38262,118,1
nan,nan,0.00000000,-1.00000000,0.00000000,19.23611909,nan,0.00000000,-2147483648,118,1
nan,nan,0.00000000,-1.00000000,0.00000000,19.16075010,nan,0.00000000,-2147483648,118,1
nan,nan,0.00000000,-1.00000000,0.00000000,19.05998634,nan,0.00000000,-2147483648,118,1
5223.40442747,nan,0.00000000,3915.31214204,0.22996115,18.92568823,0.01998475,0.01998467,38260,118,1
5223.40442747,nan,0.00000000,3915.31214204,0.22996115,18.92568823,0.01998475,0.01998467,38260,118,1
nan,nan,0.00000000,-1.00000000,0.00000000,18.75583072,nan,0.00000000,-2147483648,118,1
nan,nan,0.00000000,-1.00000000,0.00000000,18.70486612,nan,0.00000000,-2147483648,118,1
5223.67593945,nan,0.00000000,3931.66942636,0.30977741,18.50871074,0.01998474,0.01998467,38258,118,1
5223.67593945,5223.65725333,0.00000000,3931.66942636,0.30977741,18.50871074,0.01998474,0.01998467,38258,118,1
nan,nan,0.00000000,-1.00000000,0.00000000,18.29434966,nan,0.00000000,-2147483648,118,1
5223.92409261,5223.93039654,0.00000000,3946.66040002,0.18886503,18.12199390,0.01998464,0.01998467,38256,118,1
nan,nan,0.00000000,-1.00000000,0.00000000,18.00923048,nan,0.00000000,-2147483648,118,1
5224.07699103,5224.06697888,0.00000000,3955.91662835,0.06777891,17.88103001,0.01998471,0.01998467,38255,118,1
5224.07699103,5224.06697888,0.00000000,3955.91662835,0.06777891,17.88103001,0.01998471,0.01998467,38255,118,1
nan,nan,0.00000000,-1.00000000,0.00000000,17.69550404,nan,0.00000000,-2147483648,118,1
nan,nan,0.00000000,-1.00000000,0.00000000,17.64294351,nan,0.00000000,-2147483648,118,1
nan,nan,0.00000000,-1.00000000,0.00000000,17.51120104,nan,0.00000000,-2147483648,118,1
nan,nan,0.00000000,-1.00000000,0.00000000,17.40545607,nan,0.00000000,-2147483648,118,1
nan,nan,0.00000000,-1.00000000,0.00000000,17.32594254,nan,0.00000000,-2147483648,118,1
nan,nan,0.00000000,-1.00000000,0.00000000,17.21965136,nan,0.00000000,-2147483648,118,1
5224.58032723,nan,0.00000000,3986.49446272,0.13361788,17.07313908,0.01998506,0.01998467,38252,118,1
5224.58032723,5224.47676883,0.00000000,3986.49446272,0.13361788,17.07313908,0.01998506,0.01998467,38252,118,1
5224.73818583,5224.74999791,0.00000000,3996.11842306,0.10638581,16.81509145,0.01998462,0.01998467,38250,118,1
5224.87662933,nan,0.00000000,4004.57220705,0.18437706,16.58692694,0.01998463,0.01998467,38249,118,1
5224.87662933,5224.88662318,0.00000000,4004.57220705,0.18437706,16.58692694,0.01998463,0.01998467,38249,118,1
nan,nan,0.00000000,-1.00000000,0.00000000,16.38530048,nan,0.00000000,-2147483648,118,1
nan,nan,0.00000000,-1.00000000,0.00000000,16.33082635,nan,0.00000000,-2147483648,118,1
5198.42177518,nan,0.00000000,668.00000000,nan,35.76649719,0.01998533,0.01998465,38445,117,1
nan,nan,0.00000000,-1.00000000,0.00000000,36.01277079,nan,0.00000000,-2147483648,117,1
nan,nan,0.00000000,-1.00000000,0.00000000,36.11808310,nan,0.00000000,-2147483648,117,1
nan,nan,0.00000000,-1.00000000,0.00000000,36.18821339,nan,0.00000000,-2147483648,117,1
nan,nan,0.00000000,-1.00000000,0.00000000,36.29329186,nan,0.00000000,-2147483648,117,1
nan,nan,0.00000000,-1.00000000,0.00000000,36.46811048,nan,0.00000000,-2147483648,117,1
nan,nan,0.00000000,-1.00000000,0.00000000,36.53792857,nan,0.00000000,-2147483648,117,1
nan,nan,0.00000000,-1.00000000,0.00000000,36.64253843,nan,0.00000000,-2147483648,117,1
nan,nan,0.00000000,-1.00000000,0.00000000,36.85133560,nan,0.00000000,-2147483648,117,1
nan,nan,0.00000000,-1.00000000,0.00000000,36.99022035,nan,0.00000000,-2147483648,117,1
5199.47346808,nan,0.00000000,708.49123313,0.02419453,37.18047364,0.01998470,0.01998465,38436,117,1
5199.47346808,5199.46155001,0.00000000,708.49123313,0.02419453,37.18047364,0.01998470,0.01998465,38436,117,1
nan,nan,0.00000000,-1.00000000,0.00000000,37.33633356,nan,0.00000000,-2147483648,117,1
5199.71351694,5199.73216505,0.00000000,717.75789669,0.04142237,37.50045873,0.01998458,0.01998465,38434,117,1
5199.71351694,5199.73216505,0.00000000,717.75789669,0.04142237,37.50045873,0.01998458,0.01998465,38434,117,1
5199.85820585,5199.86748315,0.00000000,723.34779086,0.11619571,37.69282847,0.01998462,0.01998465,38433,117,1
5199.98836400,nan,0.00000000,728.37916150,0.03821656,37.86555595,0.01998460,0.01998465,38432,117,1
5200.13599756,5200.13814050,0.00000000,734.08933877,0.15834173,38.06110268,0.01998464,0.01998465,38431,117,1
5200.26227520,5200.27347975,0.00000000,738.97628227,0.15462598,38.22804812,0.01998461,0.01998465,38430,117,1
5200.53069673,5200.54417941,0.00000000,749.37270266,0.29372416,38.58194739,0.01998460,0.01998465,38428,117,1
5200.68586891,5200.67953983,0.00000000,755.38807679,0.09828730,38.78593048,0.01998468,0.01998465,38427,117,1
nan,nan,0.00000000,-1.00000000,0.00000000,38.90813553,nan,0.00000000,-2147483648,117,1
nan,nan,0.00000000,-1.00000000,0.00000000,39.04322845,nan,0.00000000,-2147483648,117,1
nan,nan,0.00000000,-1.00000000,0.00000000,39.11067938,nan,0.00000000,-2147483648,117,1
5201.09474384,5201.08566339,0.00000000,771.25708016,0.34200801,39.32129054,0.01998469,0.01998465,38424,117,1
5201.09474384,5201.08566339,0.00000000,771.25708016,0.34200801,39.32129054,0.01998469,0.01998465,38424,117,1
5201.25303537,nan,0.00000000,777.40787341,0.16749164,39.52771517,0.01998529,0.01998465,38424,117,1
5201.25303537,nan,0.00000000,777.40787341,0.16749164,39.52771517,0.01998529,0.01998465,38424,117,1
nan,nan,0.00000000,-1.00000000,0.00000000,39.71486584,nan,0.00000000,-2147483648,117,1
nan,nan,0.00000000,-1.00000000,0.00000000,39.78167800,nan,0.00000000,-2147483648,117,1
nan,nan,0.00000000,-1.00000000,0.00000000,39.88177615,nan,0.00000000,-2147483648,117,1
nan,nan,0.00000000,-1.00000000,0.00000000,40.01501599,nan,0.00000000,-2147483648,117,1
nan,nan,0.00000000,-1.00000000,0.00000000,40.11477749,nan,0.00000000,-2147483648,117,1
nan,nan,0.00000000,-1.00000000,0.00000000,40.24756808,nan,0.00000000,-2147483648,117,1
nan,nan,0.00000000,-1.00000000,0.00000000,40.31386700,nan,0.00000000,-2147483648,117,1
nan,nan,0.00000000,-1.00000000,0.00000000,40.38010163,nan,0.00000000,-2147483648,117,1
5202.04457912,5202.03353202,0.00000000,808.22652081,0.14449625,40.55288618,0.01998469,0.01998465,38417,117,1
5202.04457912,5202.03353202,0.00000000,808.22652081,0.14449625,40.55288618,0.01998469,0.01998465,38417,117,1
5202.28807158,nan,0.00000000,817.72753826,0.25301925,40.86585526,0.01998459,0.01998465,38415,117,1
5202.28807158,nan,0.00000000,817.72753826,0.25301925,40.86585526,0.01998459,0.01998465,38415,117,1
nan,nan,0.00000000,-1.00000000,0.00000000,41.03890495,nan,0.00000000,-2147483648,117,1
5202.58046919,5202.57532655,0.00000000,829.14975249,0.14179329,41.24018105,0.01998467,0.01998465,38413,117,1
nan,nan,0.00000000,-1.00000000,0.00000000,41.39849387,nan,0.00000000,-2147483648,117,1
nan,nan,0.00000000,-1.00000000,0.00000000,41.52876776,nan,0.00000000,-2147483648,117,1
5202.96274126,5202.98174660,0.00000000,844.10419173,0.21380846,41.72707185,0.01998458,0.01998465,38410,117,1
5203.08605233,nan,0.00000000,848.93329154,0.30537657,41.88352401,0.01998505,0.01998465,38410,117,1
nan,nan,0.00000000,-1.00000000,0.00000000,42.07953466,nan,0.00000000,-2147483648,117,1
nan,nan,0.00000000,-1.00000000,0.00000000,42.17624100,nan,0.00000000,-2147483648,117,1
nan,nan,0.00000000,-1.00000000,0.00000000,42.40131884,nan,0.00000000,-2147483648,117,1
nan,nan,0.00000000,-1.00000000,0.00000000,42.49753611,nan,0.00000000,-2147483648,117,1
nan,nan,0.00000000,-1.00000000,0.00000000,42.62559723,nan,0.00000000,-2147483648,117,1
nan,nan,0.00000000,-1.00000000,0.00000000,42.72147150,nan,0.00000000,-2147483648,117,1
nan,nan,0.00000000,-1.00000000,0.00000000,42.88093485,nan,0.00000000,-2147483648,117,1
nan,nan,0.00000000,-1.00000000,0.00000000,42.97641645,nan,0.00000000,-2147483648,117,1
nan,nan,0.00000000,-1.00000000,0.00000000,43.03998894,nan,0.00000000,-2147483648,117,1
5204.21848383,5204.20138828,0.00000000,893.40065316,0.23827984,43.30629787,0.01998472,0.01998465,38401,117,1
nan,nan,0.00000000,-1.00000000,0.00000000,43.51469104,nan,0.00000000,-2147483648,117,1
5204.60612231,5204.60806274,0.00000000,908.67186121,0.14047255,43.78744077,0.01998465,0.01998465,38398,117,1
5204.60612231,5204.60806274,0.00000000,908.67186121,0.14047255,43.78744077,0.01998465,0.01998465,38398,117,1
5204.74884044,5204.74363503,0.00000000,914.30075195,0.04738268,43.96381921,0.01998467,0.01998465,38397,117,1
5204.87181271,5204.87921439,0.00000000,919.15364191,0.05935800,44.11546254,0.01998463,0.01998465,38396,117,1
nan,nan,0.00000000,-1.00000000,0.00000000,44.20422475,nan,0.00000000,-2147483648,117,1
nan,nan,0.00000000,-1.00000000,0.00000000,44.29763331,nan,0.00000000,-2147483648,117,1
5205.15128870,5205.15039434,930.18221976,930.21757233,0.13872359,44.45973410,0.01998466,0.01998465,38394,117,0
5205.15128870,5205.15039434,930.18221976,930.21757233,0.13872359,44.45973410,0.01998466,0.01998465,38394,117,0
5205.23269039,nan,0.00000000,933.41000570,0.18990915,44.55869521,0.01998549,0.01998465,38395,117,1
nan,nan,0.00000000,-1.00000000,0.00000000,44.79329675,nan,0.00000000,-2147483648,117,1
5205.54603206,5205.55721731,0.00000000,945.80662207,0.03049666,44.94137196,0.01998461,0.01998465,38391,117,1
5205.54603206,5205.55721731,0.00000000,945.80662207,0.03049666,44.94137196,0.01998461,0.01998465,38391,117,1
nan,nan,0.00000000,-1.00000000,0.00000000,45.16225783,nan,0.00000000,-2147483648,117,1
nan,nan,0.00000000,-1.00000000,0.00000000,45.28471288,nan,0.00000000,-2147483648,117,1
5206.12436334,5206.09974700,0.00000000,968.73148077,0.29153960,45.64232062,0.01998475,0.01998466,38387,117,1
5206.12436334,5206.09974700,0.00000000,968.73148077,0.29153960,45.64232062,0.01998475,0.01998466,38387,117,1
5206.23010542,5206.23539711,0.00000000,972.92934151,0.14533355,45.76972524,0.01998464,0.01998466,38386,117,1
5206.36960054,5206.37105431,0.00000000,978.47014705,0.06221495,45.93743740,0.01998465,0.01998466,38385,117,1
nan,nan,0.00000000,-1.00000000,0.00000000,46.07416808,nan,0.00000000,-2147483648,117,1
5206.64876402,5206.64238993,0.00000000,989.56884995,0.21938399,46.27183431,0.01998468,0.01998466,38383,117,1
5206.64876402,5206.64238993,0.00000000,989.56884995,0.21938399,46.27183431,0.01998468,0.01998466,38383,117,1
5206.64876402,5206.64238993,0.00000000,989.56884995,0.21938399,46.27183431,0.01998468,0.01998466,38383,117,1
nan,nan,0.00000000,-1.00000000,0.00000000,46.55436643,nan,0.00000000,-2147483648,117,1
nan,nan,0.00000000,-1.00000000,0.00000000,46.61408923,nan,0.00000000,-2147483648,117,1
5207.05292992,5207.04944646,0.00000000,1005.66149751,0.25712739,46.75302717,0.01998467,0.01998466,38380,117,1
5207.16964882,nan,0.00000000,1010.31423861,0.13210249,46.89133973,0.01998460,0.01998466,38379,117,1
5207.29661468,nan,0.00000000,1015.37818490,0.14746799,47.04146211,0.01998456,0.01998466,38378,117,1
nan,nan,0.00000000,-1.00000000,0.00000000,47.32551321,nan,0.00000000,-2147483648,117,1
nan,nan,0.00000000,-1.00000000,0.00000000,47.38436025,nan,0.00000000,-2147483648,117,1
nan,nan,0.00000000,-1.00000000,0.00000000,47.47250413,nan,0.00000000,-2147483648,117,1
5207.73878439,nan,0.00000000,1033.03611579,0.06601917,47.56155429,0.01998470,0.01998466,38375,117,1
5207.87565063,nan,0.00000000,1038.50887817,0.18828799,47.72167824,0.01998470,0.01998466,38374,117,1
nan,nan,0.00000000,-1.00000000,0.00000000,47.94003397,nan,0.00000000,-2147483648,117,1
nan,nan,0.00000000,-1.00000000,0.00000000,47.99817033,nan,0.00000000,-2147483648,117,1
nan,nan,0.00000000,-1.00000000,0.00000000,48.17217228,nan,0.00000000,-2147483648,117,1
5208.38973886,5208.40676196,0.00000000,1059.09522320,0.10416051,48.31945550,0.01998459,0.01998466,38370,117,1
nan,nan,0.00000000,-1.00000000,0.00000000,48.43202888,nan,0.00000000,-2147483648,117,1
5208.65351325,5208.67831010,0.00000000,1069.67632105,0.19156850,48.62390404,0.01998456,0.01998466,38368,117,1
5208.65351325,5208.67831010,0.00000000,1069.67632105,0.19156850,48.62390404,0.01998456,0.01998466,38368,117,1
5208.81110300,5208.81409480,0.00000000,1076.00389409,0.05691075,48.80505564,0.01998465,0.01998466,38367,117,1
5208.81110300,5208.81409480,0.00000000,1076.00389409,0.05691075,48.80505564,0.01998465,0.01998466,38367,117,1
5208.81110300,5208.81409480,0.00000000,1076.00389409,0.05691075,48.80505564,0.01998465,0.01998466,38367,117,1
nan,nan,0.00000000,-1.00000000,0.00000000,49.00455184,nan,0.00000000,-2147483648,117,1
nan,nan,0.00000000,-1.00000000,0.00000000,49.11823768,nan,0.00000000,-2147483648,117,1
5209.23421047,5209.22149143,0.00000000,1093.01482586,0.20148345,49.28867309,0.01998471,0.01998466,38364,117,1
nan,nan,0.00000000,-1.00000000,0.00000000,49.42946339,nan,0.00000000,-2147483648,117,1
5209.36906032,5209.35730449,0.00000000,1098.44326572,0.03504036,49.44196141,0.01998470,0.01998466,38363,117,1
5209.50554702,5209.49312464,0.00000000,1103.94097323,0.18485063,49.59669138,0.01998471,0.01998466,38362,117,1
5209.63153165,5209.62895188,0.00000000,1109.01867477,0.10266588,49.73914025,0.01998467,0.01998466,38361,117,1
5209.75591903,5209.76478622,0.00000000,1114.03485040,0.25681498,49.87942870,0.01998462,0.01998466,38360,117,1
5209.89538474,5209.90062765,0.00000000,1119.66246323,0.03835481,50.03630293,0.01998464,0.01998466,38359,117,1
nan,nan,0.00000000,-1.00000000,0.00000000,50.12908227,nan,0.00000000,-2147483648,117,1
nan,nan,0.00000000,-1.00000000,0.00000000,50.18458795,nan,0.00000000,-2147483648,117,1
5210.16427381,5210.17233179,0.00000000,1130.52255887,0.16490202,50.33749708,0.01998463,0.01998466,38357,117,1
nan,nan,0.00000000,-1.00000000,0.00000000,50.48863801,nan,0.00000000,-2147483648,117,1
nan,nan,0.00000000,-1.00000000,0.00000000,50.65360429,nan,0.00000000,-2147483648,117,1
5210.58573384,5210.57994121,0.00000000,1147.57165394,0.02073949,50.80623696,0.01998468,0.01998466,38354,117,1
5210.58573384,5210.57994121,0.00000000,1147.57165394,0.02073949,50.80623696,0.01998468,0.01998466,38354,117,1
nan,nan,0.00000000,-1.00000000,0.00000000,50.95442785,nan,0.00000000,-2147483648,117,1
5210.87303780,5210.85171631,0.00000000,1159.21268582,0.05869284,51.12340526,0.01998474,0.01998466,38352,117,1
5210.87303780,5210.85171631,0.00000000,1159.21268582,0.05869284,51.12340526,0.01998474,0.01998466,38352,117,1
nan,nan,0.00000000,-1.00000000,0.00000000,51.41521866,nan,0.00000000,-2147483648,117,1
nan,nan,0.00000000,-1.00000000,0.00000000,51.54979177,nan,0.00000000,-2147483648,117,1
nan,nan,0.00000000,-1.00000000,0.00000000,51.65713770,nan,0.00000000,-2147483648,117,1
nan,nan,0.00000000,-1.00000000,0.00000000,51.87099521,nan,0.00000000,-2147483648,117,1
nan,nan,0.00000000,-1.00000000,0.00000000,51.95090472,nan,0.00000000,-2147483648,117,1
nan,nan,0.00000000,-1.00000000,0.00000000,52.03065752,nan,0.00000000,-2147483648,117,1
nan,nan,0.00000000,-1.00000000,0.00000000,52.08373896,nan,0.00000000,-2147483648,117,1
nan,nan,0.00000000,-1.00000000,0.00000000,52.13675069,nan,0.00000000,-2147483648,117,1
5211.91528372,5211.93910067,0.00000000,1201.57217641,0.08647308,52.25767823,0.01998457,0.01998466,38344,117,1
nan,nan,0.00000000,-1.00000000,0.00000000,52.42706812,nan,0.00000000,-2147483648,117,1
5212.20473331,5212.21101778,0.00000000,1213.37247059,0.58056801,52.56809311,0.01998464,0.01998466,38342,117,1
5212.20473331,5212.21101778,0.00000000,1213.37247059,0.58056801,52.56809311,0.01998464,0.01998466,38342,117,1
5212.33862991,5212.34698699,0.00000000,1218.83655567,0.17258402,52.71100536,0.01998463,0.01998466,38341,117,1
5212.46854645,5212.48296330,0.00000000,1224.14148525,0.16944729,52.84925510,0.01998460,0.01998466,38340,117,1
nan,nan,0.00000000,-1.00000000,0.00000000,53.00135888,nan,0.00000000,-2147483648,117,1
nan,nan,0.00000000,-1.00000000,0.00000000,53.15651232,nan,0.00000000,-2147483648,117,1
nan,nan,0.00000000,-1.00000000,0.00000000,53.25959701,nan,0.00000000,-2147483648,117,1
nan,nan,0.00000000,-1.00000000,0.00000000,53.41369715,nan,0.00000000,-2147483648,117,1
5213.17464126,5213.16295146,0.00000000,1253.03018970,0.19706114,53.59345084,0.01998471,0.01998466,38335,117,1
5213.30046617,5213.29897041,1258.13784063,1258.19917425,0.14636414,53.72506089,0.01998467,0.01998466,38334,117,0
5213.56956211,5213.57102964,1269.30075355,1269.24050002,0.04896070,54.00461269,0.01998466,0.01998466,38332,117,0
5213.56956211,5213.57102964,1269.30075355,1269.24050002,0.04896070,54.00461269,0.01998466,0.01998466,38332,117,0
nan,nan,0.00000000,-1.00000000,0.00000000,54.14958213,nan,0.00000000,-2147483648,117,1
nan,nan,0.00000000,-1.00000000,0.00000000,54.24991938,nan,0.00000000,-2147483648,117,1
5213.95991760,nan,0.00000000,1285.27144141,0.28032625,54.40666486,0.01998459,0.01998466,38329,117,1
5214.09934898,5214.11523342,0.00000000,1291.00864332,0.04553556,54.54944838,0.01998460,0.01998466,38328,117,1
nan,nan,0.00000000,-1.00000000,0.00000000,54.67319571,nan,0.00000000,-2147483648,117,1
5214.40502184,5214.38737798,0.00000000,1303.59951964,0.32381856,54.86075749,0.01998473,0.01998466,38326,117,1
5214.52391791,5214.52346093,1308.49634267,1308.51519201,0.08153097,54.98153422,0.01998466,0.01998466,38325,117,0
5214.64952308,nan,0.00000000,1313.68390465,0.05515533,55.10806529,0.01998462,0.01998466,38324,117,1
5214.79721014,5214.79564817,1319.73045446,1319.79496351,0.08018229,55.25705264,0.01998467,0.01998466,38323,117,0
5214.79721014,5214.79564817,1319.73045446,1319.79496351,0.08018229,55.25705264,0.01998467,0.01998466,38323,117,0
nan,nan,0.00000000,-1.00000000,0.00000000,55.38342735,nan,0.00000000,-2147483648,117,1
5215.05592200,5215.06786387,0.00000000,1330.47181667,0.12897785,55.51575926,0.01998462,0.01998466,38321,117,1
5215.20355629,5215.20398240,1336.61025109,1336.59262018,0.19455263,55.66315429,0.01998466,0.01998466,38320,117,0
5215.33752255,5215.34010804,0.00000000,1342.12364883,0.06588319,55.79577227,0.01998465,0.01998466,38319,117,1
5215.33752255,5215.34010804,0.00000000,1342.12364883,0.06588319,55.79577227,0.01998465,0.01998466,38319,117,1
5215.48801761,5215.47624080,0.00000000,1348.35718292,0.09983296,55.94457976,0.01998471,0.01998466,38318,117,1
5215.61608039,5215.61238068,0.00000000,1353.66512999,0.77413367,56.07074431,0.01998468,0.01998466,38317,117,1
5215.75220014,5215.74852767,0.00000000,1359.31062098,0.04820737,56.20437907,0.01998468,0.01998466,38316,117,1
5215.88856502,nan,0.00000000,1364.97000474,0.15445194,56.33777020,0.01998468,0.01998466,38315,117,1
5216.01702662,5216.02084302,0.00000000,1370.30480694,0.08793251,56.46298571,0.01998465,0.01998466,38314,117,1
5216.01702662,5216.02084302,0.00000000,1370.30480694,0.08793251,56.46298571,0.01998465,0.01998466,38314,117,1
5216.16003165,5216.15701138,0.00000000,1376.24748389,0.21496122,56.60186823,0.01998467,0.01998466,38313,117,1
nan,nan,0.00000000,-1.00000000,0.00000000,56.73570310,nan,0.00000000,-2147483648,117,1
nan,nan,0.00000000,-1.00000000,0.00000000,56.82841468,nan,0.00000000,-2147483648,117,1
5216.56123784,5216.56555917,0.00000000,1392.94195830,0.15218466,56.98863218,0.01998465,0.01998466,38310,117,1
5216.82939610,5216.83795998,0.00000000,1404.11842816,0.22995057,57.24475905,0.01998463,0.01998466,38308,117,1
5216.82939610,5216.83795998,0.00000000,1404.11842816,0.22995057,57.24475905,0.01998463,0.01998466,38308,117,1
5216.95905158,5216.97417106,0.00000000,1409.52754703,0.05589611,57.36790989,0.01998461,0.01998466,38307,117,1
5216.95905158,5216.97417106,0.00000000,1409.52754703,0.05589611,57.36790989,0.01998461,0.01998466,38307,117,1
nan,nan,0.00000000,-1.00000000,0.00000000,57.53716944,nan,0.00000000,-2147483648,117,1
nan,nan,0.00000000,-1.00000000,0.00000000,57.62735994,nan,0.00000000,-2147483648,117,1
5217.37721615,5217.38284708,0.00000000,1426.99646742,0.23857130,57.76202476,0.01998464,0.01998466,38304,117,1
5217.51859796,5217.51908667,1432.94036013,1432.91991193,0.09818581,57.89441163,0.01998466,0.01998466,38303,117,0
5217.65259493,5217.65533338,0.00000000,1438.52010674,0.06210722,58.01899033,0.01998465,0.01998466,38302,117,1
5217.79131334,5217.79158723,1444.34928749,1444.33781321,0.20347742,58.14780641,0.01998466,0.01998466,38301,117,0
5217.92500922,5217.92784820,0.00000000,1449.93510580,0.21000876,58.27116330,0.01998465,0.01998466,38300,117,1
5218.06248158,5218.06411630,0.00000000,1455.70146349,0.15532766,58.39765210,0.01998466,0.01998466,38299,117,1
5218.18603661,nan,0.00000000,1460.88740294,0.11478961,58.51089375,0.01998461,0.01998466,38298,117,1
5218.46766719,5218.47296338,0.00000000,1472.72009830,0.17763414,58.76744695,0.01998464,0.01998466,38296,117,1
5218.46766719,5218.47296338,0.00000000,1472.72009830,0.17763414,58.76744695,0.01998464,0.01998466,38296,117,1
5218.60605067,5218.60926000,0.00000000,1478.54035031,0.18674322,58.89270593,0.01998465,0.01998466,38295,117,1
5218.73659257,5218.74556375,0.00000000,1484.03447541,0.21292554,59.01038053,0.01998463,0.01998466,38294,117,1
5218.87358960,5218.88187463,0.00000000,1489.80412951,0.16694858,59.13336458,0.01998463,0.01998466,38293,117,1
nan,nan,0.00000000,-1.00000000,0.00000000,59.26475798,nan,0.00000000,-2147483648,117,1
nan,nan,0.00000000,-1.00000000,0.00000000,59.34921241,nan,0.00000000,-2147483648,117,1
5219.42633637,5219.42718950,1513.16871954,1513.13267461,0.21916435,59.62443620,0.01998466,0.01998466,38289,117,0
5219.42633637,5219.42718950,1513.16871954,1513.13267461,0.21916435,59.62443620,0.01998466,0.01998466,38289,117,0
5219.55886127,nan,0.00000000,1518.72397775,0.18114590,59.74065729,0.01998465,0.01998466,38288,117,1
5219.69803705,5219.69988974,0.00000000,1524.60965711,0.18724033,59.86237926,0.01998466,0.01998466,38287,117,1
5219.83287585,5219.83625057,0.00000000,1530.31587023,0.13835578,59.97978405,0.01998465,0.01998467,38286,117,1
5219.97454357,5219.97261853,0.00000000,1536.31526360,0.17442317,60.10257752,0.01998467,0.01998467,38285,117,1
5220.09946806,5220.10899363,0.00000000,1541.60917814,0.10328196,60.21038329,0.01998463,0.01998467,38284,117,1
5220.24936637,5220.24537586,0.00000000,1547.96583100,0.24594304,60.33915117,0.01998468,0.01998467,38283,117,1
5220.24936637,5220.24537586,0.00000000,1547.96583100,0.24594304,60.33915117,0.01998468,0.01998467,38283,117,1
5220.38185700,5220.38176524,1553.58655120,1553.59044632,0.14676419,60.45247119,0.01998467,0.01998467,38282,117,0
5220.50680489,5220.51816175,0.00000000,1558.89417607,0.02796069,60.55879365,0.01998462,0.01998467,38281,117,1
5220.66373565,5220.65456541,0.00000000,1565.56296138,0.13938587,60.69174676,0.01998470,0.01998467,38280,117,1
5220.80279311,5220.79097620,0.00000000,1571.47667992,0.20415379,60.80896159,0.01998471,0.01998467,38279,117,1
5220.80279311,5220.79097620,0.00000000,1571.47667992,0.20415379,60.80896159,0.01998471,0.01998467,38279,117,1
5220.94442763,5220.92739413,0.00000000,1577.50431154,0.01565439,60.92777135,0.01998473,0.01998467,38278,117,1
5221.06329012,5221.06381921,1582.59125058,1582.56871220,0.03010693,61.02707729,0.01998466,0.01998467,38277,117,0
5221.20043125,5221.20025143,1588.40493402,1588.41259922,0.05013113,61.14107997,0.01998467,0.01998467,38276,117,0
5221.34445620,5221.33669079,0.00000000,1594.55220919,0.20505159,61.26017260,0.01998470,0.01998467,38275,117,1
5221.47081640,5221.47313730,0.00000000,1599.94454198,0.21295909,61.36419569,0.01998466,0.01998467,38274,117,1
5221.60060208,5221.60959094,0.00000000,1605.48670520,0.08025591,61.47054910,0.01998463,0.01998467,38273,117,1
nan,nan,0.00000000,-1.00000000,0.00000000,61.55673898,nan,0.00000000,-2147483648,117,1
nan,nan,0.00000000,-1.00000000,0.00000000,61.59481224,nan,0.00000000,-2147483648,117,1
nan,nan,0.00000000,-1.00000000,0.00000000,61.70858772,nan,0.00000000,-2147483648,117,1
5222.01411015,5222.01899476,0.00000000,1623.16926319,0.22287593,61.80607559,0.01998465,0.01998467,38270,117,1
5222.01411015,5222.01899476,0.00000000,1623.16926319,0.22287593,61.80607559,0.01998465,0.01998467,38270,117,1
nan,nan,0.00000000,-1.00000000,0.00000000,62.02732892,nan,0.00000000,-2147483648,117,1
5222.41633525,5222.42846289,0.00000000,1640.40568493,0.12020532,62.12755933,0.01998462,0.01998467,38267,117,1
5222.56898457,5222.56496656,0.00000000,1646.95654994,0.21449228,62.24829599,0.01998468,0.01998467,38266,117,1
5222.70061628,5222.70147738,1652.64564502,1652.60865247,0.10675604,62.35182701,0.01998466,0.01998467,38265,117,0
5222.83023660,5222.83799535,0.00000000,1658.18014112,0.14554585,62.45330000,0.01998464,0.01998467,38264,117,1
5222.97083352,5222.97452047,0.00000000,1664.22663452,0.34513425,62.56277064,0.01998465,0.01998467,38263,117,1
5223.10947830,5223.11105274,0.00000000,1670.19353229,0.22445706,62.67013286,0.01998466,0.01998467,38262,117,1
5223.23587584,5223.24759216,0.00000000,1675.63712097,0.10045069,62.76750056,0.01998462,0.01998467,38261,117,1
5223.38579690,5223.38413873,0.00000000,1682.09848586,0.15254344,62.88235584,0.01998467,0.01998467,38260,117,1
5223.51543488,5223.52069245,0.00000000,1687.68978799,0.09236042,62.98111654,0.01998465,0.01998467,38259,117,1
5223.64835083,5223.65725333,0.00000000,1693.42643357,0.08770160,63.08183794,0.01998463,0.01998467,38258,117,1
5223.78381754,5223.79382136,0.00000000,1699.27730858,0.08456036,63.18393173,0.01998463,0.01998467,38257,117,1
nan,nan,0.00000000,-1.00000000,0.00000000,63.28316986,nan,0.00000000,-2147483648,117,1
nan,nan,0.00000000,-1.00000000,0.00000000,63.38655914,nan,0.00000000,-2147483648,117,1
5224.20462961,5224.20356837,1717.43360553,1717.47956218,0.23648700,63.49745538,0.01998467,0.01998467,38254,117,0
nan,nan,0.00000000,-1.00000000,0.00000000,63.60825753,nan,0.00000000,-2147483648,117,1
nan,nan,0.00000000,-1.00000000,0.00000000,63.67583550,nan,0.00000000,-2147483648,117,1
5224.59864853,5224.61337979,0.00000000,1734.55894657,0.07308328,63.78599636,0.01998461,0.01998467,38251,117,1
nan,nan,0.00000000,-1.00000000,0.00000000,63.87676923,nan,0.00000000,-2147483648,117,1
nan,nan,0.00000000,-1.00000000,0.00000000,63.97622274,nan,0.00000000,-2147483648,117,1
nan,nan,0.00000000,-1.00000000,0.00000000,64.10777563,nan,0.00000000,-2147483648,117,1
nan,nan,0.00000000,-1.00000000,0.00000000,64.17310102,nan,0.00000000,-2147483648,117,1
5225.29862217,5225.29654197,0.00000000,1764.98990278,0.23970268,64.28653327,0.01998468,0.01998467,38246,117,1
5225.42543493,5225.43319588,0.00000000,1770.51524749,0.05447084,64.37554809,0.01998464,0.01998467,38245,117,1
5225.57258209,5225.56985696,0.00000000,1776.93130885,0.23670065,64.47819136,0.01998468,0.01998467,38244,117,1
5225.70739876,5225.70652520,1782.77550663,1782.81364110,0.06986073,64.57161470,0.01998467,0.01998467,38243,117,0
5225.84118330,5225.84320060,0.00000000,1788.65627580,0.07018011,64.66376194,0.01998466,0.01998467,38242,117,1
5225.98090426,5225.97988316,1794.71751192,1794.76215300,0.17932440,64.75937295,0.01998467,0.01998467,38241,117,0
5226.12165286,5226.11657289,0.00000000,1800.91751253,0.23618885,64.85504669,0.01998469,0.01998467,38240,117,1
5226.26363045,5226.25326978,0.00000000,1807.13143448,0.20075938,64.95090504,0.01998471,0.01998467,38239,117,1
nan,nan,0.00000000,-1.00000000,0.00000000,65.04076600,nan,0.00000000,-2147483648,117,1
nan,nan,0.00000000,-1.00000000,0.00000000,65.13196646,nan,0.00000000,-2147483648,117,1
5226.66121971,5226.66340343,0.00000000,1824.55825750,0.26596515,65.21584487,0.01998466,0.01998467,38236,117,1
5226.79228950,nan,0.00000000,1830.31149561,0.19677105,65.30204997,0.01998464,0.01998467,38235,117,1
5226.93795725,5226.93686170,1836.66141448,1836.70955333,0.14027862,65.39718090,0.01998467,0.01998467,38234,117,0
5227.07524288,5227.07360159,0.00000000,1842.74566159,0.07008618,65.48621921,0.01998468,0.01998467,38233,117,1
nan,nan,0.00000000,-1.00000000,0.00000000,65.57774814,nan,0.00000000,-2147483648,117,1
5227.33630472,5227.34710286,0.00000000,1854.23495677,0.19942492,65.65378866,0.01998463,0.01998467,38231,117,1
5227.49098687,5227.48386426,0.00000000,1861.05028721,0.06148446,65.75200580,0.01998470,0.01998467,38230,117,1
5227.62131927,5227.62063282,1866.76304450,1866.79332238,0.11902942,65.83408528,0.01998467,0.01998467,38229,117,0
5227.76696294,5227.75740855,0.00000000,1873.22431090,0.13709868,65.92525346,0.01998471,0.01998467,38228,117,1
5227.89772003,5227.89419145,0.00000000,1878.99883654,0.14700758,66.00644564,0.01998468,0.01998467,38227,117,1
5228.02898176,5228.03098153,0.00000000,1884.79985874,0.16898349,66.08737200,0.01998466,0.01998467,38226,117,1
nan,nan,0.00000000,-1.00000000,0.00000000,66.18692615,nan,0.00000000,-2147483648,117,1
5228.30039766,5228.30458319,0.00000000,1896.80831864,0.16701009,66.25285980,0.01998466,0.01998467,38224,117,1
5228.44123239,5228.44139479,1903.05257869,1903.04538080,0.12429794,66.33772904,0.01998467,0.01998467,38223,117,0
5228.57488895,5228.57821355,0.00000000,1908.97131842,0.11060657,66.41767813,0.01998466,0.01998467,38222,117,1
5228.71873046,5228.71503950,0.00000000,1915.35253677,0.09614893,66.50302109,0.01998469,0.01998467,38221,117,1
5228.85420984,5228.85187261,0.00000000,1921.36748604,0.19310897,66.58275455,0.01998468,0.01998467,38220,117,1
5228.99569298,5228.98871290,0.00000000,1927.65386624,0.00073754,66.66534831,0.01998470,0.01998467,38219,117,1
5229.11704378,5229.12556037,0.00000000,1933.04970592,0.08801317,66.73564004,0.01998464,0.01998467,38218,117,1
5229.26135821,5229.26241502,1939.52074085,1939.47370148,0.06789940,66.81860049,0.01998467,0.01998467,38217,117,0
nan,nan,0.00000000,-1.00000000,0.00000000,66.87658029,nan,0.00000000,-2147483648,117,1
5229.55004259,5229.53614584,0.00000000,1952.33298994,0.27901411,66.98229785,0.01998473,0.01998467,38215,117,1
5229.66894135,5229.67302202,0.00000000,1957.63631380,0.03807816,67.04888762,0.01998466,0.01998467,38214,117,1
5229.80350241,5229.80990538,0.00000000,1963.64254248,0.13181343,67.12365333,0.01998465,0.01998467,38213,117,1
5229.94138875,5229.94679592,0.00000000,1969.80195327,0.15450963,67.19960864,0.01998465,0.01998467,38212,117,1
5230.08494767,5230.08369364,1976.16546298,1976.22155715,0.10773297,67.27799926,0.01998468,0.01998467,38211,117,0
5230.22170794,5230.22059854,1982.29172807,1982.34139074,0.20997283,67.35199416,0.01998468,0.01998467,38210,117,0
5230.35050470,5230.35751063,0.00000000,1988.10569527,0.07265455,67.42103377,0.01998465,0.01998467,38209,117,1
5230.49401269,5230.49442989,1994.55873989,1994.54003739,0.01406037,67.49734585,0.01998467,0.01998467,38208,117,0
5230.63551778,5230.63135634,0.00000000,2000.88238203,0.15745510,67.57178945,0.01998469,0.01998467,38207,117,1
5230.76580986,5230.76828997,0.00000000,2006.73011826,0.16587928,67.63974341,0.01998466,0.01998467,38206,117,1
5230.89514965,5230.90523079,0.00000000,2012.53943942,0.10446187,67.70660076,0.01998464,0.01998467,38205,117,1
5231.04190559,5231.04217879,2019.14718188,2019.13490050,0.08848419,67.78171963,0.01998467,0.01998467,38204,117,0
5231.18731487,5231.17913397,0.00000000,2025.67801169,0.22954552,67.85541613,0.01998471,0.01998467,38203,117,1
5231.30637513,5231.31609634,0.00000000,2031.03846044,0.05406961,67.91517860,0.01998464,0.01998467,38202,117,1
5231.45621012,5231.45306590,0.00000000,2037.78972156,0.10139787,67.98966048,0.01998469,0.01998467,38201,117,1
5231.59865413,5231.59004265,0.00000000,2044.21339003,0.07214549,68.05971396,0.01998471,0.01998467,38200,117,1
nan,nan,0.00000000,-1.00000000,0.00000000,68.11139794,nan,0.00000000,-2147483648,117,1
5231.85735248,5231.86401770,0.00000000,2055.89325669,0.15097390,68.18505339,0.01998465,0.01998467,38198,117,1
5231.98975682,5232.00101601,0.00000000,2061.87792495,0.10418287,68.24825801,0.01998463,0.01998467,38197,117,1
5232.14073708,5232.13802151,0.00000000,2068.70786028,0.09492531,68.31954609,0.01998469,0.01998467,38196,117,1
nan,nan,0.00000000,-1.00000000,0.00000000,68.39466559,nan,0.00000000,-2147483648,117,1
5232.40344032,5232.41205408,0.00000000,2080.60620247,0.17857930,68.44158747,0.01998464,0.01998467,38194,117,1
5232.54951962,5232.54908115,2087.19271174,2087.21260540,0.14452125,68.50816999,0.01998468,0.01998467,38193,117,0
5232.67735768,5232.68611541,0.00000000,2093.03196319,0.10764597,68.56612234,0.01998464,0.01998467,38192,117,1
5232.83372028,5232.82315687,0.00000000,2100.13403552,0.32321258,68.63596252,0.01998472,0.01998467,38191,117,1
5232.95576137,5232.96020551,0.00000000,2105.68175062,0.16787703,68.68983961,0.01998466,0.01998468,38190,117,1
nan,nan,0.00000000,-1.00000000,0.00000000,68.76000151,nan,0.00000000,-2147483648,117,1
5233.21396113,nan,0.00000000,2117.43210947,0.44328526,68.80198983,0.01998512,0.01998468,38189,117,1
5233.21396113,nan,0.00000000,2117.43210947,0.44328526,68.80198983,0.01998512,0.01998468,38189,117,1
5233.51252178,5233.50847205,0.00000000,2131.04164450,0.06113823,68.92854724,0.01998469,0.01998468,38186,117,1
5233.63912779,5233.64555667,0.00000000,2136.82011462,0.13599242,68.98119821,0.01998465,0.01998468,38185,117,1
5233.78052046,5233.78264849,0.00000000,2143.27861400,0.15597166,69.03928023,0.01998467,0.01998468,38184,117,1
5233.92650381,5233.91974751,0.00000000,2149.95251767,0.03620532,69.09845066,0.01998470,0.01998468,38183,117,1
5234.05464377,5234.05685372,0.00000000,2155.81547252,0.01195283,69.14971921,0.01998467,0.01998468,38182,117,1
5234.17398518,nan,0.00000000,2161.27989756,0.17534407,69.19690300,0.01998512,0.01998468,38182,117,1
5234.32155206,5234.33108774,0.00000000,2168.04211843,0.17716506,69.25449144,0.01998464,0.01998468,38180,117,1
5234.47121035,5234.46821555,0.00000000,2174.90629635,0.18271572,69.31204117,0.01998469,0.01998468,38179,117,1
5234.59710303,5234.60535056,0.00000000,2180.68523246,0.14485553,69.35978343,0.01998465,0.01998468,38178,117,1
5234.73242177,5234.74249277,0.00000000,2186.90174670,0.27574490,69.41041714,0.01998464,0.01998468,38177,117,1
5234.87678369,5234.87964219,0.00000000,2193.53930001,0.21523633,69.46365209,0.01998467,0.01998468,38176,117,1
5235.01038189,5235.01679880,0.00000000,2199.68711406,0.13801311,69.51219602,0.01998465,0.01998468,38175,117,1
5235.15061215,5235.15396262,0.00000000,2206.14546805,0.02229875,69.56240127,0.01998466,0.01998468,38174,117,1
5235.28155018,5235.29113364,0.00000000,2212.18082547,0.15459403,69.60858569,0.01998464,0.01998468,38173,117,1
5235.43093229,5235.42831186,0.00000000,2219.07219651,0.12037799,69.66045485,0.01998469,0.01998468,38172,117,1
5235.56373137,5235.56549729,0.00000000,2225.20381381,0.04062249,69.70582932,0.01998467,0.01998468,38171,117,1
5235.69199927,5235.70268992,0.00000000,2231.13093282,0.15077069,69.74899547,0.01998464,0.01998468,38170,117,1
5235.83383812,5235.83988976,0.00000000,2237.69055894,0.16435705,69.79597133,0.01998465,0.01998468,38169,117,1
5235.98584827,5235.97709681,0.00000000,2244.72690120,0.11133988,69.84543031,0.01998471,0.01998468,38168,117,1
5236.11219765,5236.11431106,0.00000000,2250.58043352,0.19002158,69.88584090,0.01998467,0.01998468,38167,117,1
5236.25216388,5236.25153252,2257.03824157,2257.06752280,0.12862963,69.92984597,0.01998468,0.01998468,38166,117,0
5236.38191363,5236.38876119,0.00000000,2263.09109122,0.12721538,69.96997291,0.01998465,0.01998468,38165,117,1
5236.53010588,5236.52599706,0.00000000,2269.97377669,0.11304908,70.01495774,0.01998469,0.01998468,38164,117,1
5236.65789089,5236.66324015,0.00000000,2275.91372045,0.23454630,70.05303877,0.01998466,0.01998468,38163,117,1
5236.80396655,5236.80049044,0.00000000,2282.70963896,0.07064749,70.09576395,0.01998469,0.01998468,38162,117,1
5236.94009518,5236.93774794,0.00000000,2289.04832958,0.30396121,70.13480299,0.01998469,0.01998468,38161,117,1
5237.07458041,5237.07501266,2295.32986398,2295.30971100,0.18516929,70.17259662,0.01998468,0.01998468,38160,117,0
5237.20797661,5237.21228459,0.00000000,2301.53761794,0.17171472,70.20942957,0.01998466,0.01998468,38159,117,1
5237.33756607,5237.34956372,0.00000000,2307.58687713,0.06190694,70.24448146,0.01998463,0.01998468,38158,117,1
5237.49461308,5237.48685008,0.00000000,2314.92442060,0.01846070,70.28603972,0.01998471,0.01998468,38157,117,1
5237.62072340,5237.62414364,0.00000000,2320.82176041,0.13550090,70.31867919,0.01998467,0.01998468,38156,117,1
5237.75314340,5237.76144442,0.00000000,2327.01917878,0.11280837,70.35224772,0.01998465,0.01998468,38155,117,1
5237.89201788,5237.89875241,0.00000000,2333.52421051,0.08294098,70.38667561,0.01998465,0.01998468,38154,117,1
nan,nan,0.00000000,-1.00000000,0.00000000,70.39956158,nan,0.00000000,-2147483648,117,1
5238.04062016,5238.03606762,0.00000000,2340.49119729,0.05279496,70.42263169,0.01998470,0.01998468,38153,117,1
5238.17087629,5238.17339004,0.00000000,2346.60341969,0.05482364,70.45339543,0.01998467,0.01998468,38152,117,1
5238.30129239,5238.31071968,0.00000000,2352.72818466,0.23420842,70.48348997,0.01998464,0.01998468,38151,117,1
5238.44939789,5238.44805654,0.00000000,2359.68982806,0.20488074,70.51680622,0.01998468,0.01998468,38150,117,1
5238.58289757,5238.58540061,0.00000000,2365.97053032,0.08824125,70.54605069,0.01998467,0.01998468,38149,117,1
5238.71108413,5238.72275191,0.00000000,2372.00627777,0.16188823,70.57342777,0.01998464,0.01998468,38148,117,1
5238.86418158,5238.86011042,0.00000000,2379.22141984,0.15912973,70.60521942,0.01998470,0.01998468,38147,117,1
5239.00349777,5238.99747615,0.00000000,2385.79319942,0.13311787,70.63329006,0.01998470,0.01998468,38146,117,1
5239.12482831,5239.13484910,0.00000000,2391.52132728,0.35021753,70.65706788,0.01998464,0.01998468,38145,117,1
5239.26670105,5239.27222927,0.00000000,2398.22491038,0.24040027,70.68407945,0.01998466,0.01998468,38144,117,1
5239.41484420,5239.40961666,0.00000000,2405.23127904,0.18297124,70.71137102,0.01998470,0.01998468,38143,117,1
5239.54617785,5239.54701127,2411.47797859,2411.43850736,0.10816033,70.73474691,0.01998468,0.01998468,38142,117,0
5239.67781535,5239.68441311,0.00000000,2417.68481942,0.01929985,70.75750844,0.01998466,0.01998468,38141,117,1
5239.82099333,5239.82182217,2424.50407361,2424.46475386,0.13189943,70.78134974,0.01998468,0.01998468,38140,117,0
5239.95411641,5239.95923845,0.00000000,2430.79237173,0.10789704,70.80278825,0.01998466,0.01998468,38139,117,1
5240.08556975,5240.09666195,0.00000000,2437.03665732,0.10291399,70.82317552,0.01998464,0.01998468,38138,117,1
5240.23271223,5240.23409268,2444.08738044,2444.02172249,0.08517124,70.84507616,0.01998467,0.01998468,38137,117,0
5240.36651765,5240.37153064,0.00000000,2450.40007129,0.24458436,70.86423942,0.01998466,0.01998468,38136,117,1
5240.50449413,5240.50897582,0.00000000,2456.97192339,0.10013690,70.88315007,0.01998466,0.01998468,38135,117,1
5240.64087250,5240.64642823,0.00000000,2463.47346442,0.11631084,70.90102539,0.01998466,0.01998468,38134,117,1
5240.78536539,5240.78388786,0.00000000,2470.36816540,0.10052582,70.91907634,0.01998469,0.01998468,38133,117,1
5240.90995287,5240.92135473,0.00000000,2476.31828137,0.11886659,70.93390504,0.01998464,0.01998468,38132,117,1
5241.06005485,5241.05882882,0.00000000,2483.49338714,0.25583179,70.95086330,0.01998469,0.01998468,38131,117,1
5241.21171116,5241.19631014,0.00000000,2490.74997701,0.15601339,70.96698725,0.01998474,0.01998468,38130,117,1
5241.32966742,5241.33379868,0.00000000,2496.39906262,0.17549554,70.97882439,0.01998467,0.01998468,38129,117,1
5241.47448636,5241.47129446,0.00000000,2503.34064709,0.14028830,70.99251264,0.01998469,0.01998468,38128,117,1
5241.61042524,5241.60879747,0.00000000,2509.86262756,0.08920446,71.00451215,0.01998469,0.01998468,38127,117,1
5241.74555718,5241.74630771,2516.38617678,2516.35011883,0.13455615,71.01562023,0.01998468,0.01998468,38126,117,0
5241.88597461,5241.88382519,0.00000000,2523.10076243,0.21243089,71.02630212,0.01998469,0.01998468,38125,117,1
5242.02443381,5242.02134989,0.00000000,2529.76186084,0.03891212,71.03596574,0.01998469,0.01998468,38124,117,1
5242.15025690,nan,0.00000000,2535.82037596,0.20006477,71.04399896,0.01998465,0.01998468,38123,117,1
5242.29282070,5242.29642100,0.00000000,2542.69111818,0.15382736,71.05223735,0.01998467,0.01998468,38122,117,1
nan,nan,0.00000000,-1.00000000,0.00000000,71.06096226,nan,0.00000000,-2147483648,117,1
5242.57057369,5242.57152105,2556.13492917,2556.08916994,0.12683142,71.06563698,0.01998468,0.01998468,38120,117,0
5242.69752248,5242.70908192,0.00000000,2562.23111019,0.13139594,71.07060161,0.01998464,0.01998468,38119,117,1
5242.84793357,5242.84665003,0.00000000,2569.50686131,0.13105152,71.07552436,0.01998469,0.01998468,38118,117,1
5242.97627062,5242.98422538,0.00000000,2575.72066378,0.04987127,71.07890569,0.01998465,0.01998468,38117,117,1
5243.12137737,5243.12180797,2582.76410316,2582.74322821,0.15556618,71.08181451,0.01998468,0.01998468,38116,117,0
5243.26348045,5243.25939779,0.00000000,2589.64626066,0.23908225,71.08372996,0.01998470,0.01998468,38115,117,1
5243.39327192,5243.39699485,0.00000000,2595.94818787,0.14611675,71.08466150,0.01998467,0.01998468,38114,117,1
5243.53113999,5243.53459915,0.00000000,2602.64834961,0.15817752,71.08479646,0.01998467,0.01998468,38113,117,1
5243.53113999,5243.53459915,0.00000000,2602.64834961,0.15817752,71.08479646,0.01998467,0.01998468,38113,117,1
5243.67111739,5243.67221069,2609.49556542,2609.44236891,0.09081792,71.08403303,0.01998468,0.01998468,38112,117,0
5243.81895812,5243.80982948,0.00000000,2616.65610861,0.16684887,71.08223010,0.01998472,0.01998468,38111,117,1
nan,nan,0.00000000,-1.00000000,0.00000000,71.07934471,nan,0.00000000,-2147483648,117,1
5244.08797750,5244.08508876,0.00000000,2629.77386018,0.12166321,71.07633234,0.01998470,0.01998468,38109,117,1
5244.21855487,5244.22272927,0.00000000,2636.14970827,0.14570974,71.07224511,0.01998467,0.01998468,38108,117,1
5244.36495662,5244.36037701,0.00000000,2643.30503200,0.12967026,71.06670728,0.01998470,0.01998468,38107,117,1
nan,nan,0.00000000,-1.00000000,0.00000000,71.06158094,nan,0.00000000,-2147483648,117,1
nan,nan,0.00000000,-1.00000000,0.00000000,71.05962948,nan,0.00000000,-2147483648,117,1
5244.63393182,5244.63569424,0.00000000,2656.46989256,0.02233802,71.05389103,0.01998468,0.01998468,38105,117,1
nan,nan,0.00000000,-1.00000000,0.00000000,71.04627068,nan,0.00000000,-2147483648,117,1
5244.91428130,5244.91104044,0.00000000,2670.21752110,0.12231455,71.03687361,0.01998470,0.01998468,38103,117,1
5245.04815053,5245.04872441,2676.79855969,2676.77036227,0.18387541,71.02745569,0.01998468,0.01998468,38102,117,0
5245.18998290,5245.18641563,0.00000000,2683.76332324,0.18284344,71.01647488,0.01998470,0.01998468,38101,117,1
5245.32046705,5245.32411409,0.00000000,2690.18335163,0.16902324,71.00554799,0.01998467,0.01998468,38100,117,1
5245.44996204,5245.46181980,0.00000000,2696.56049255,0.09560896,70.99389259,0.01998464,0.01998468,38099,117,1
5245.61842959,5245.59953276,0.00000000,2704.86553191,0.00444122,70.97751609,0.01998476,0.01998469,38098,117,1
5245.73717587,5245.73725296,2710.71051128,2710.70670490,0.12488936,70.96518654,0.01998468,0.01998469,38097,117,0
5245.86326544,5245.87498042,0.00000000,2716.95284049,0.09040001,70.95126078,0.01998464,0.01998469,38096,117,1
5246.02128072,5246.01271513,0.00000000,2724.76495594,0.19704935,70.93276520,0.01998472,0.01998469,38095,117,1
5246.15155163,5246.15045708,2731.14249669,2731.19670043,0.14693626,70.91663812,0.01998469,0.01998469,38094,117,0
nan,nan,0.00000000,-1.00000000,0.00000000,70.90138964,nan,0.00000000,-2147483648,117,1
5246.42570055,5246.42596275,2744.79882423,2744.78581565,0.08831704,70.87989318,0.01998468,0.01998469,38092,117,0
5246.54774208,5246.56372646,0.00000000,2750.85567053,0.15376026,70.86230873,0.01998463,0.01998469,38091,117,1
5246.69839890,5246.70149742,0.00000000,2758.33996277,0.32235562,70.83963075,0.01998467,0.01998469,38090,117,1
5246.83861078,5246.83927564,2765.33289428,2765.29981745,0.02614844,70.81755501,0.01998468,0.01998469,38089,117,0
5246.97221663,5246.97706111,0.00000000,2771.96320014,0.18220516,70.79552858,0.01998467,0.01998469,38088,117,1
5247.12342842,5247.11485384,0.00000000,2779.49786392,0.16604957,70.76957206,0.01998472,0.01998469,38087,117,1
5247.25030488,5247.25265382,0.00000000,2785.82623543,0.10345522,70.74691014,0.01998468,0.01998469,38086,117,1
5247.38804715,5247.39046105,0.00000000,2792.70310445,0.33150215,70.72139290,0.01998468,0.01998469,38085,117,1
5247.53327593,5247.52827555,0.00000000,2799.96112703,0.16010838,70.69345468,0.01998471,0.01998469,38084,117,1
5247.66134475,5247.66609730,0.00000000,2806.36786477,0.23209594,70.66793435,0.01998467,0.01998469,38083,117,1
5247.80416868,5247.80392630,2813.49464565,2813.50679055,0.14525004,70.63854876,0.01998469,0.01998469,38082,117,0
5247.94150501,5247.94176257,2820.40480264,2820.39188357,0.16859200,70.60926085,0.01998469,0.01998469,38081,117,0
5248.06426778,5248.07960610,0.00000000,2826.56314867,0.15842309,70.58221913,0.01998463,0.01998469,38080,117,1
nan,nan,0.00000000,-1.00000000,0.00000000,70.54404122,nan,0.00000000,-2147483648,117,1
5248.35148585,5248.35531492,0.00000000,2840.99520707,0.14546366,70.51606364,0.01998467,0.01998469,38078,117,1
5248.49725320,5248.49318023,0.00000000,2848.33126363,0.18266018,70.48086992,0.01998470,0.01998469,38077,117,1
5248.49725320,5248.49318023,0.00000000,2848.33126363,0.18266018,70.48086992,0.01998470,0.01998469,38077,117,1
5248.63007699,5248.63105280,2855.06574829,2855.01655709,0.08128167,70.44787921,0.01998468,0.01998469,38076,117,0
5248.75839986,5248.76893262,0.00000000,2861.49362792,0.17167364,70.41508041,0.01998465,0.01998469,38075,117,1
5248.90173289,nan,0.00000000,2868.72866133,0.15883198,70.37747112,0.01998467,0.01998469,38074,117,1
5249.03376452,nan,0.00000000,2875.39999195,0.05790009,70.34188299,0.01998465,0.01998469,38073,117,1
nan,nan,0.00000000,-1.00000000,0.00000000,70.30581716,nan,0.00000000,-2147483648,117,1
nan,nan,0.00000000,-1.00000000,0.00000000,70.29471963,nan,0.00000000,-2147483648,117,1
5249.32359243,5249.32052457,0.00000000,2890.06732601,0.04792613,70.26057403,0.01998470,0.01998469,38071,117,1
5249.45184029,5249.45844071,0.00000000,2896.56762406,0.10775012,70.22319165,0.01998466,0.01998469,38070,117,1
nan,nan,0.00000000,-1.00000000,0.00000000,70.16747563,nan,0.00000000,-2147483648,117,1
5249.72239930,5249.73429480,0.00000000,2910.30136246,0.20731641,70.14148959,0.01998464,0.01998469,38068,117,1
5249.86634045,5249.87223275,0.00000000,2917.61919456,0.22651842,70.09644766,0.01998467,0.01998469,38067,117,1
5250.01271656,5250.01017796,0.00000000,2925.06889595,0.08871672,70.04951735,0.01998470,0.01998469,38066,117,1
5250.14142915,5250.14813044,0.00000000,2931.62637831,0.13958045,70.00730889,0.01998466,0.01998469,38065,117,1
5250.28493428,5250.28609019,2938.99340133,2938.93442067,0.18366404,69.95927797,0.01998468,0.01998469,38064,117,0
5250.42907512,5250.42405721,0.00000000,2946.30393092,0.22406825,69.90978507,0.01998471,0.01998469,38063,117,1
5250.54075591,5250.56203149,0.00000000,2952.01118207,0.15288918,69.87072588,0.01998461,0.01998469,38062,117,1
5250.70105113,5250.70001305,2960.14656550,2960.19969568,0.13046402,69.81357297,0.01998469,0.01998469,38061,117,0
5250.84179028,5250.83800188,0.00000000,2967.41904061,0.18487097,69.76209720,0.01998470,0.01998469,38060,117,1
5250.97813817,5250.97599798,0.00000000,2974.40932370,0.09691308,69.71128399,0.01998470,0.01998469,38059,117,1
5251.10151217,5251.11400135,0.00000000,2980.74071115,0.17282378,69.66443630,0.01998464,0.01998469,38058,117,1
5251.25106090,5251.25201199,2988.45612472,2988.40724374,0.15613683,69.60666121,0.01998469,0.01998469,38057,117,0
5251.39319600,5251.39002991,0.00000000,2995.73324837,0.12287585,69.55037973,0.01998470,0.01998469,38056,117,1
5251.39319600,5251.39002991,0.00000000,2995.73324837,0.12287585,69.55037973,0.01998470,0.01998469,38056,117,1
5251.51576333,5251.52805510,0.00000000,3002.04319242,0.09467422,69.50106401,0.01998464,0.01998469,38055,117,1
5251.66490513,5251.66608757,3009.77289553,3009.71192192,0.23485370,69.44008227,0.01998468,0.01998469,38054,117,0
5251.79896248,5251.80412731,0.00000000,3016.64542688,0.04023852,69.38395907,0.01998467,0.01998469,38053,117,1
5251.79896248,5251.80412731,0.00000000,3016.64542688,0.04023852,69.38395907,0.01998467,0.01998469,38053,117,1
5251.92889736,5251.94217433,0.00000000,3023.35575561,0.17099703,69.32874918,0.01998464,0.01998469,38052,117,1
5252.07195854,5252.08022862,0.00000000,3030.75176895,0.24560149,69.26688022,0.01998466,0.01998469,38051,117,1
nan,nan,0.00000000,-1.00000000,0.00000000,69.21378140,nan,0.00000000,-2147483648,117,1
5252.35089619,5252.35635904,0.00000000,3045.19594783,0.21554566,69.14297649,0.01998467,0.01998469,38049,117,1
5252.35089619,5252.35635904,0.00000000,3045.19594783,0.21554566,69.14297649,0.01998467,0.01998469,38049,117,1
5252.49136149,5252.49443516,0.00000000,3052.48149633,0.32145019,69.07893740,0.01998468,0.01998469,38048,117,1
5252.64809413,nan,0.00000000,3060.62020734,0.18870250,69.00617622,0.01998475,0.01998469,38047,117,1
nan,nan,0.00000000,-1.00000000,0.00000000,68.95737187,nan,0.00000000,-2147483648,117,1
nan,nan,0.00000000,-1.00000000,0.00000000,68.88375544,nan,0.00000000,-2147483648,117,1
5253.04463178,nan,0.00000000,3081.25597220,0.13817422,68.81590819,0.01998468,0.01998469,38044,117,1
5253.18650976,5253.18492499,0.00000000,3088.65490459,0.22996667,68.74566919,0.01998470,0.01998469,38043,117,1
5253.31889766,5253.32304479,0.00000000,3095.56639497,0.06124695,68.67909554,0.01998468,0.01998469,38042,117,1
5253.31889766,5253.32304479,0.00000000,3095.56639497,0.06124695,68.67909554,0.01998468,0.01998469,38042,117,1
5253.44930230,5253.46117188,0.00000000,3102.38141546,0.10597438,68.61254153,0.01998465,0.01998469,38041,117,1
5253.59669265,5253.59930626,0.00000000,3110.09259324,0.11460551,68.53614705,0.01998468,0.01998469,38040,117,1
nan,nan,0.00000000,-1.00000000,0.00000000,68.47684077,nan,0.00000000,-2147483648,117,1
nan,nan,0.00000000,-1.00000000,0.00000000,68.44646325,nan,0.00000000,-2147483648,117,1
nan,nan,0.00000000,-1.00000000,0.00000000,68.42611445,nan,0.00000000,-2147483648,117,1
nan,nan,0.00000000,-1.00000000,0.00000000,68.39544557,nan,0.00000000,-2147483648,117,1
5254.00815227,5254.01375308,0.00000000,3131.66722382,0.08422959,68.31626975,0.01998467,0.01998469,38037,117,1
nan,nan,0.00000000,-1.00000000,0.00000000,68.21835461,nan,0.00000000,-2147483648,117,1
5254.28055154,5254.29008739,0.00000000,3145.98934760,0.17652463,68.16531538,0.01998466,0.01998469,38035,117,1
5254.41646552,5254.42826547,0.00000000,3153.14709809,0.08178379,68.08838167,0.01998465,0.01998469,38034,117,1
5254.56763537,5254.56645084,0.00000000,3161.11747847,0.09361180,68.00154452,0.01998470,0.01998469,38033,117,1
5254.70829518,5254.70464350,0.00000000,3168.54245147,0.24380921,67.91954172,0.01998471,0.01998469,38032,117,1
5254.83842843,5254.84284344,0.00000000,3175.41928291,0.07801060,67.84263989,0.01998468,0.01998469,38031,117,1
5254.98246651,5254.98105068,0.00000000,3183.03936629,0.12791372,67.75635672,0.01998470,0.01998469,38030,117,1
5255.12819886,5255.11926520,0.00000000,3190.75815753,0.17191149,67.66780979,0.01998473,0.01998469,38029,117,1
5255.24692647,5255.25748702,0.00000000,3197.05339958,0.32333055,67.59473962,0.01998465,0.01998469,38028,117,1
5255.40609664,5255.39571613,0.00000000,3205.50258237,0.05576543,67.49546332,0.01998473,0.01998469,38027,117,1
5255.52089586,5255.53395252,0.00000000,3211.60326412,0.16217111,67.42292329,0.01998464,0.01998469,38026,117,1
5255.67743756,5255.67219621,0.00000000,3219.93148857,0.21738376,67.32273547,0.01998471,0.01998469,38025,117,1
5255.81168093,5255.81044720,0.00000000,3227.08194760,0.11673189,67.23564696,0.01998470,0.01998469,38024,117,1
5255.95659805,5255.94870547,0.00000000,3234.80982114,0.09262090,67.14041576,0.01998472,0.01998469,38023,117,1
5256.08103533,5256.08697104,0.00000000,3241.45296381,0.10140572,67.05763044,0.01998467,0.01998469,38022,117,1
5256.21977829,5256.22524390,0.00000000,3248.86789075,0.26209848,66.96422179,0.01998467,0.01998469,38021,117,1
5256.35771399,5256.36352406,0.00000000,3256.24813659,0.12916404,66.87019719,0.01998467,0.01998469,38020,117,1
nan,nan,0.00000000,-1.00000000,0.00000000,66.80910265,nan,0.00000000,-2147483648,117,1
5256.52073886,5256.50181152,0.00000000,3264.98169631,0.12780388,66.75757507,0.01998477,0.01998469,38019,117,1
5256.63690984,5256.64010627,0.00000000,3271.21244600,0.13829805,66.67632938,0.01998468,0.01998469,38018,117,1
5256.77629796,5256.77840832,0.00000000,3278.69641471,0.38058263,66.57775415,0.01998469,0.01998469,38017,117,1
5256.91277506,5256.91671766,0.00000000,3286.03255336,0.28254272,66.48007978,0.01998468,0.01998469,38016,117,1
5257.04197486,5257.05503430,0.00000000,3292.98525671,0.07999958,66.38655494,0.01998465,0.01998469,38015,117,1
5257.18247115,5257.19335825,0.00000000,3300.55444595,0.04287347,66.28368063,0.01998465,0.01998469,38014,117,1
5257.33068092,5257.33168949,3308.58368383,3308.52924782,0.33859193,66.17410241,0.01998469,0.01998469,38013,117,0
5257.33068092,5257.33168949,3308.58368383,3308.52924782,0.33859193,66.17410241,0.01998469,0.01998469,38013,117,0
5257.45833198,5257.47002803,0.00000000,3315.44248541,0.03578335,66.07812217,0.01998465,0.01998470,38012,117,1
nan,nan,0.00000000,-1.00000000,0.00000000,65.98623269,nan,0.00000000,-2147483648,117,1
5257.75838902,5257.74672701,0.00000000,3331.67594231,0.18511379,65.84913817,0.01998474,0.01998470,38010,117,1
nan,nan,0.00000000,-1.00000000,0.00000000,65.74417268,nan,0.00000000,-2147483648,117,1
5258.01559481,5258.02345521,0.00000000,3345.62414531,0.07495390,65.64835263,0.01998467,0.01998470,38008,117,1
5258.01559481,5258.02345521,0.00000000,3345.62414531,0.07495390,65.64835263,0.01998467,0.01998470,38008,117,1
5258.19903376,nan,0.00000000,3355.59075286,0.28008188,65.50259930,0.01998536,0.01998470,38008,117,1
5258.19903376,nan,0.00000000,3355.59075286,0.28008188,65.50259930,0.01998536,0.01998470,38008,117,1
5258.19903376,nan,0.00000000,3355.59075286,0.28008188,65.50259930,0.01998536,0.01998470,38008,117,1
5258.46226319,5258.43860227,0.00000000,3369.91999439,0.18562376,65.28971434,0.01998479,0.01998470,38005,117,1
5258.46226319,5258.43860227,0.00000000,3369.91999439,0.18562376,65.28971434,0.01998479,0.01998470,38005,117,1
5258.56801577,5258.57699923,0.00000000,3375.68593220,0.11280422,65.20294363,0.01998466,0.01998470,38004,117,1
nan,nan,0.00000000,-1.00000000,0.00000000,65.07670788,nan,0.00000000,-2147483648,117,1
5258.85597030,5258.85381507,0.00000000,3391.41280780,0.27690031,64.96304290,0.01998470,0.01998470,38002,117,1
5258.99623462,5258.99223395,0.00000000,3399.08770364,0.20249015,64.84425395,0.01998471,0.01998470,38001,117,1
5258.99623462,5258.99223395,0.00000000,3399.08770364,0.20249015,64.84425395,0.01998471,0.01998470,38001,117,1
nan,nan,0.00000000,-1.00000000,0.00000000,64.73630637,nan,0.00000000,-2147483648,117,1
nan,nan,0.00000000,-1.00000000,0.00000000,64.65765477,nan,0.00000000,-2147483648,117,1
nan,nan,0.00000000,-1.00000000,0.00000000,64.59439042,nan,0.00000000,-2147483648,117,1
nan,nan,0.00000000,-1.00000000,0.00000000,64.49892232,nan,0.00000000,-2147483648,117,1
5259.55548560,5259.54598255,0.00000000,3429.78203791,0.14175912,64.35795226,0.01998473,0.01998470,37997,117,1
5259.67101001,5259.68443797,0.00000000,3436.14134787,0.01048788,64.25495580,0.01998465,0.01998470,37996,117,1
5259.67101001,nan,0.00000000,3436.14134787,0.01048788,64.25495580,0.01998465,0.01998470,37996,117,1
5259.84371599,5259.82290070,0.00000000,3445.66043682,0.00749645,64.09934577,0.01998478,0.01998470,37995,117,1
5259.96175852,5259.96137075,3452.13653570,3452.15794726,0.28667379,63.99214100,0.01998470,0.01998470,37994,117,0
5260.11279164,5260.09984810,0.00000000,3460.52017118,0.13463482,63.85298964,0.01998475,0.01998470,37993,117,1
5260.21734875,5260.23833277,0.00000000,3466.30393042,0.18263646,63.75596865,0.01998462,0.01998470,37992,117,1
5260.21734875,5260.23833277,0.00000000,3466.30393042,0.18263646,63.75596865,0.01998462,0.01998470,37992,117,1
nan,nan,0.00000000,-1.00000000,0.00000000,63.67672655,nan,0.00000000,-2147483648,117,1
5260.38356731,5260.37682475,0.00000000,3475.50969181,0.07530184,63.60023579,0.01998472,0.01998470,37991,117,1
nan,nan,0.00000000,-1.00000000,0.00000000,63.47233777,nan,0.00000000,-2147483648,117,1
nan,nan,0.00000000,-1.00000000,0.00000000,63.42081426,nan,0.00000000,-2147483648,117,1
5260.65764318,5260.65383065,0.00000000,3490.71885265,0.20877379,63.33942545,0.01998471,0.01998470,37989,117,1
5260.77173309,5260.79234457,0.00000000,3497.06101221,0.17662610,63.22937461,0.01998462,0.01998470,37988,117,1
5260.77173309,5260.79234457,0.00000000,3497.06101221,0.17662610,63.22937461,0.01998462,0.01998470,37988,117,1
5260.93492350,5260.93086581,0.00000000,3506.14394707,0.12096093,63.07043997,0.01998471,0.01998470,37987,117,1
5260.93492350,5260.93086581,0.00000000,3506.14394707,0.12096093,63.07043997,0.01998471,0.01998470,37987,117,1
5261.05974667,5261.06939436,0.00000000,3513.10044515,0.06983915,62.94765946,0.01998466,0.01998470,37986,117,1
5261.05974667,5261.06939436,0.00000000,3513.10044515,0.06983915,62.94765946,0.01998466,0.01998470,37986,117,1
5261.20744814,5261.20793023,3521.35697426,3521.33005638,0.12387600,62.80122845,0.01998470,0.01998470,37985,117,0
nan,nan,0.00000000,-1.00000000,0.00000000,62.68161095,nan,0.00000000,-2147483648,117,1
nan,nan,0.00000000,-1.00000000,0.00000000,62.62753588,nan,0.00000000,-2147483648,117,1
5261.47663471,nan,0.00000000,3536.39103523,0.06591076,62.52993583,0.01998467,0.01998470,37983,117,1
5261.47663471,5261.48502391,0.00000000,3536.39103523,0.06591076,62.52993583,0.01998467,0.01998470,37983,117,1
nan,nan,0.00000000,-1.00000000,0.00000000,62.44606013,nan,0.00000000,-2147483648,117,1
5261.64111803,5261.62358174,0.00000000,3545.60467068,0.17266023,62.36186293,0.01998477,0.01998470,37982,117,1
5261.75893200,5261.76214687,0.00000000,3552.21260935,0.10297343,62.24033804,0.01998469,0.01998470,37981,117,1
5261.88898665,5261.90071933,0.00000000,3559.51538731,0.23106832,62.10507866,0.01998465,0.01998470,37980,117,1
5262.05049606,5262.03929911,0.00000000,3568.59655011,0.06252471,61.93548176,0.01998474,0.01998470,37979,117,1
5262.05049606,5262.03929911,0.00000000,3568.59655011,0.06252471,61.93548176,0.01998474,0.01998470,37979,117,1
nan,nan,0.00000000,-1.00000000,0.00000000,61.79607071,nan,0.00000000,-2147483648,117,1
5262.34650847,5262.31648063,0.00000000,3585.27552554,0.26323150,61.61995523,0.01998481,0.01998470,37977,117,1
5262.34650847,5262.31648063,0.00000000,3585.27552554,0.26323150,61.61995523,0.01998481,0.01998470,37977,117,1
5262.46022823,5262.45508237,0.00000000,3591.69527790,0.27683285,61.49711758,0.01998472,0.01998470,37976,117,1
5262.46022823,5262.45508237,0.00000000,3591.69527790,0.27683285,61.49711758,0.01998472,0.01998470,37976,117,1
5262.62000382,5262.59369144,0.00000000,3600.72645112,0.23061675,61.32300442,0.01998480,0.01998470,37975,117,1
5262.72884221,5262.73230783,0.00000000,3606.88613828,0.22092007,61.20337477,0.01998469,0.01998470,37974,117,1
nan,nan,0.00000000,-1.00000000,0.00000000,61.14262901,nan,0.00000000,-2147483648,117,1
nan,nan,0.00000000,-1.00000000,0.00000000,61.10351699,nan,0.00000000,-2147483648,117,1
nan,nan,0.00000000,-1.00000000,0.00000000,61.06433014,nan,0.00000000,-2147483648,117,1
5262.99199942,5263.00956257,0.00000000,3621.80536045,0.17273168,60.91068090,0.01998463,0.01998470,37972,117,1
5262.99199942,5263.00956257,0.00000000,3621.80536045,0.17273168,60.91068090,0.01998463,0.01998470,37972,117,1
5263.15000861,5263.14820093,0.00000000,3630.78109700,0.28554351,60.73258550,0.01998471,0.01998470,37971,117,1
nan,nan,0.00000000,-1.00000000,0.00000000,60.62834115,nan,0.00000000,-2147483648,117,1
nan,nan,0.00000000,-1.00000000,0.00000000,60.56818798,nan,0.00000000,-2147483648,117,1
5263.42036839,nan,0.00000000,3646.16991655,0.05385946,60.42374366,0.01998468,0.01998470,37969,117,1
5263.58402345,5263.56415997,0.00000000,3655.50424218,0.18975719,60.23425997,0.01998478,0.01998470,37968,117,1
5263.58402345,5263.56415997,0.00000000,3655.50424218,0.18975719,60.23425997,0.01998478,0.01998470,37968,117,1
5263.68371406,5263.70282764,0.00000000,3661.19735469,0.22732722,60.11789519,0.01998463,0.01998470,37967,117,1
5263.84046966,5263.84150263,3670.18923065,3670.13009940,0.28662774,59.93409843,0.01998469,0.01998470,37966,117,0
5263.84046966,5263.84150263,3670.18923065,3670.13009940,0.28662774,59.93409843,0.01998469,0.01998470,37966,117,0
nan,nan,0.00000000,-1.00000000,0.00000000,59.77094135,nan,0.00000000,-2147483648,117,1
nan,nan,0.00000000,-1.00000000,0.00000000,59.72929445,nan,0.00000000,-2147483648,117,1
nan,nan,0.00000000,-1.00000000,0.00000000,59.58294556,nan,0.00000000,-2147483648,117,1
nan,nan,0.00000000,-1.00000000,0.00000000,59.49890944,nan,0.00000000,-2147483648,117,1
nan,nan,0.00000000,-1.00000000,0.00000000,59.43568764,nan,0.00000000,-2147483648,117,1
5264.38895468,5264.39627590,0.00000000,3701.62710307,0.29363260,59.27420346,0.01998467,0.01998470,37962,117,1
5264.55041332,5264.53498754,0.00000000,3710.92170648,0.08407652,59.07595792,0.01998476,0.01998470,37961,117,1
5264.55041332,5264.53498754,0.00000000,3710.92170648,0.08407652,59.07595792,0.01998476,0.01998470,37961,117,1
5264.65627505,5264.67370651,0.00000000,3717.02366666,0.17792206,58.94493943,0.01998464,0.01998470,37960,117,1
nan,nan,0.00000000,-1.00000000,0.00000000,58.85919096,nan,0.00000000,-2147483648,117,1
5264.80711088,5264.81243282,0.00000000,3725.72878905,0.04976446,58.75683569,0.01998468,0.01998470,37959,117,1
5264.97102934,nan,0.00000000,3735.20341787,0.10145684,58.55051369,0.01998478,0.01998470,37958,117,1
5264.97102934,5264.95116646,0.00000000,3735.20341787,0.10145684,58.55051369,0.01998478,0.01998470,37958,117,1
5265.07508349,5265.08990743,0.00000000,3741.22569233,0.23787878,58.41851014,0.01998465,0.01998470,37957,117,1
5265.20515628,5265.22865573,0.00000000,3748.76244374,0.19512719,58.25236863,0.01998461,0.01998470,37956,117,1
5265.20515628,5265.22865573,0.00000000,3748.76244374,0.19512719,58.25236863,0.01998461,0.01998470,37956,117,1
5265.33565873,nan,0.00000000,3756.33374230,0.09086211,58.08441225,0.01998511,0.01998470,37956,117,1
nan,nan,0.00000000,-1.00000000,0.00000000,57.98037385,nan,0.00000000,-2147483648,117,1
nan,nan,0.00000000,-1.00000000,0.00000000,57.93565946,nan,0.00000000,-2147483648,117,1
nan,nan,0.00000000,-1.00000000,0.00000000,57.86845000,nan,0.00000000,-2147483648,117,1
5265.65913505,5265.64494466,0.00000000,3775.14263855,0.28736953,57.66260622,0.01998476,0.01998470,37953,117,1
5265.65913505,5265.64494466,0.00000000,3775.14263855,0.28736953,57.66260622,0.01998476,0.01998470,37953,117,1
5265.77234234,5265.78372231,0.00000000,3781.73939730,0.25581225,57.51312910,0.01998466,0.01998470,37952,117,1
5265.77234234,5265.78372231,0.00000000,3781.73939730,0.25581225,57.51312910,0.01998466,0.01998470,37952,117,1
5265.92291068,5265.92250729,3790.48451775,3790.50806819,0.25470642,57.31320275,0.01998470,0.01998470,37951,117,0
5266.05750811,5266.06129962,0.00000000,3798.38928865,0.20173200,57.13230825,0.01998469,0.01998470,37950,117,1
5266.19532675,5266.20009928,0.00000000,3806.45301442,0.13657135,56.94604817,0.01998468,0.01998470,37949,117,1
5266.35685928,5266.33890628,0.00000000,3815.91837578,0.05046623,56.72589571,0.01998477,0.01998470,37948,117,1
nan,nan,0.00000000,-1.00000000,0.00000000,56.60702843,nan,0.00000000,-2147483648,117,1
nan,nan,0.00000000,-1.00000000,0.00000000,56.51313059,nan,0.00000000,-2147483648,117,1
5266.61339061,5266.61654229,0.00000000,3830.98194828,0.02986540,56.37216310,0.01998469,0.01998470,37946,117,1
5266.78183826,5266.75537131,0.00000000,3840.89440968,0.05985595,56.13713576,0.01998480,0.01998470,37945,117,1
5266.78183826,5266.75537131,0.00000000,3840.89440968,0.05985595,56.13713576,0.01998480,0.01998470,37945,117,1
5266.87902956,5266.89420768,0.00000000,3846.62140369,0.09617090,56.00053184,0.01998465,0.01998470,37944,117,1
5266.87902956,5266.89420768,0.00000000,3846.62140369,0.09617090,56.00053184,0.01998465,0.01998470,37944,117,1
5267.03660329,5267.03305138,0.00000000,3855.91842353,0.00924953,55.77750347,0.01998472,0.01998470,37943,117,1
5267.03660329,5267.03305138,0.00000000,3855.91842353,0.00924953,55.77750347,0.01998472,0.01998470,37943,117,1
nan,nan,0.00000000,-1.00000000,0.00000000,55.63076162,nan,0.00000000,-2147483648,117,1
nan,nan,0.00000000,-1.00000000,0.00000000,55.58235709,nan,0.00000000,-2147483648,117,1
nan,nan,0.00000000,-1.00000000,0.00000000,55.53387998,nan,0.00000000,-2147483648,117,1
5267.31173174,5267.31076081,3872.09192201,3872.14939765,0.23002704,55.38437309,0.01998471,0.01998470,37941,117,0
5267.45627923,5267.44962654,0.00000000,3880.75263429,0.19960422,55.17405740,0.01998473,0.01998470,37940,117,1
nan,nan,0.00000000,-1.00000000,0.00000000,55.02049382,nan,0.00000000,-2147483648,117,1
nan,nan,0.00000000,-1.00000000,0.00000000,54.92180098,nan,0.00000000,-2147483648,117,1
5267.72002211,5267.72738004,0.00000000,3896.41424415,0.14557061,54.78775358,0.01998468,0.01998470,37938,117,1
5267.89902830,nan,0.00000000,3907.06827631,0.11145800,54.52243238,0.01998536,0.01998470,37938,117,1
5267.89902830,nan,0.00000000,3907.06827631,0.11145800,54.52243238,0.01998536,0.01998470,37938,117,1
nan,nan,0.00000000,-1.00000000,0.00000000,54.37382522,nan,0.00000000,-2147483648,117,1
nan,nan,0.00000000,-1.00000000,0.00000000,54.29842493,nan,0.00000000,-2147483648,117,1
nan,nan,0.00000000,-1.00000000,0.00000000,54.12186065,nan,0.00000000,-2147483648,117,1
5268.28881758,5268.28297519,0.00000000,3930.33610378,0.13345467,53.93587253,0.01998473,0.01998470,37934,117,1
5268.28881758,5268.28297519,0.00000000,3930.33610378,0.13345467,53.93587253,0.01998473,0.01998470,37934,117,1
5268.43351218,5268.42189235,0.00000000,3938.99747377,0.29044536,53.71504054,0.01998475,0.01998470,37933,117,1
5268.54683055,5268.56081685,0.00000000,3945.78983337,0.50935605,53.54091899,0.01998465,0.01998470,37932,117,1
5268.67793263,5268.69974870,0.00000000,3953.65823865,0.67437472,53.33817883,0.01998462,0.01998471,37931,117,1
5268.67793263,5268.69974870,0.00000000,3953.65823865,0.67437472,53.33817883,0.01998462,0.01998471,37931,117,1
nan,nan,0.00000000,-1.00000000,0.00000000,53.04399198,nan,0.00000000,-2147483648,117,1
5268.96692850,5268.97763446,0.00000000,3971.04142674,0.15221619,52.88634800,0.01998466,0.01998471,37929,117,1
5268.96692850,5268.97763446,0.00000000,3971.04142674,0.15221619,52.88634800,0.01998466,0.01998471,37929,117,1
nan,nan,0.00000000,-1.00000000,0.00000000,52.70396415,nan,0.00000000,-2147483648,117,1
nan,nan,0.00000000,-1.00000000,0.00000000,52.62506767,nan,0.00000000,-2147483648,117,1
nan,nan,0.00000000,-1.00000000,0.00000000,52.46679315,nan,0.00000000,-2147483648,117,1
nan,nan,0.00000000,-1.00000000,0.00000000,52.41389238,nan,0.00000000,-2147483648,117,1
nan,nan,0.00000000,-1.00000000,0.00000000,52.36092034,nan,0.00000000,-2147483648,117,1
5269.39384335,5269.39451823,3996.83152850,3996.79069560,0.18217796,52.20714620,0.01998470,0.01998471,37926,117,0
5269.53746735,5269.53349419,0.00000000,4005.51631190,0.03502205,51.97430733,0.01998472,0.01998471,37925,117,1
5269.53746735,5269.53349419,0.00000000,4005.51631190,0.03502205,51.97430733,0.01998472,0.01998471,37925,117,1
nan,nan,0.00000000,-1.00000000,0.00000000,51.80041695,nan,0.00000000,-2147483648,117,1
nan,nan,0.00000000,-1.00000000,0.00000000,51.71970536,nan,0.00000000,-2147483648,117,1
5269.80944563,5269.81146818,0.00000000,4022.02479854,0.12898213,51.53008649,0.01998470,0.01998471,37923,117,1
5269.80944563,5269.81146818,0.00000000,4022.02479854,0.12898213,51.53008649,0.01998470,0.01998471,37923,117,1
nan,nan,0.00000000,-1.00000000,0.00000000,51.34094098,nan,0.00000000,-2147483648,117,1
nan,nan,0.00000000,-1.00000000,0.00000000,51.20482663,nan,0.00000000,-2147483648,117,1
nan,nan,0.00000000,-1.00000000,0.00000000,51.15025703,nan,0.00000000,-2147483648,117,1
nan,nan,0.00000000,-1.00000000,0.00000000,50.98612392,nan,0.00000000,-2147483648,117,1
5270.21217990,5270.22848431,0.00000000,4046.55902710,0.15627889,50.86098409,0.01998464,0.01998471,37920,117,1
5270.21217990,5270.22848431,0.00000000,4046.55902710,0.15627889,50.86098409,0.01998464,0.01998471,37920,117,1
5270.35921707,5270.36750441,0.00000000,4055.54316202,0.04943388,50.61330659,0.01998468,0.01998471,37919,117,1
5270.35921707,5270.36750441,0.00000000,4055.54316202,0.04943388,50.61330659,0.01998468,0.01998471,37919,117,1
nan,nan,0.00000000,-1.00000000,0.00000000,50.37886568,nan,0.00000000,-2147483648,117,1
nan,nan,0.00000000,-1.00000000,0.00000000,50.32323742,nan,0.00000000,-2147483648,117,1
5270.61808812,5270.64556666,0.00000000,4071.39556221,0.85431637,50.17281352,0.01998460,0.01998471,37917,117,1
5270.77925068,5270.78460883,0.00000000,4081.28736696,0.25128911,49.89570896,0.01998469,0.01998471,37916,117,1
nan,nan,0.00000000,-1.00000000,0.00000000,49.62195243,nan,0.00000000,-2147483648,117,1
5241.21077427,5241.19631014,0.00000000,591.00000000,nan,68.24443301,0.01998474,0.01998468,38130,116,1
nan,nan,0.00000000,-1.00000000,0.00000000,68.46884590,nan,0.00000000,-2147483648,116,1
nan,nan,0.00000000,-1.00000000,0.00000000,68.61812031,nan,0.00000000,-2147483648,116,1
nan,nan,0.00000000,-1.00000000,0.00000000,68.69265719,nan,0.00000000,-2147483648,116,1
nan,nan,0.00000000,-1.00000000,0.00000000,68.76712716,nan,0.00000000,-2147483648,116,1
nan,nan,0.00000000,-1.00000000,0.00000000,68.95300920,nan,0.00000000,-2147483648,116,1
nan,nan,0.00000000,-1.00000000,0.00000000,69.06433746,nan,0.00000000,-2147483648,116,1
5241.92356885,nan,0.00000000,617.97651338,0.15959943,69.24868037,0.01998536,0.01998468,38126,116,1
nan,nan,0.00000000,-1.00000000,0.00000000,69.43434204,nan,0.00000000,-2147483648,116,1
nan,nan,0.00000000,-1.00000000,0.00000000,69.54501622,nan,0.00000000,-2147483648,116,1
nan,nan,0.00000000,-1.00000000,0.00000000,69.61871505,nan,0.00000000,-2147483648,116,1
nan,nan,0.00000000,-1.00000000,0.00000000,69.72913728,nan,0.00000000,-2147483648,116,1
nan,nan,0.00000000,-1.00000000,0.00000000,69.80266806,nan,0.00000000,-2147483648,116,1
5242.58898734,5242.57152105,0.00000000,643.22943310,0.23904048,70.17770496,0.01998475,0.01998468,38120,116,1
5242.58898734,5242.57152105,0.00000000,643.22943310,0.23904048,70.17770496,0.01998475,0.01998468,38120,116,1
5242.58898734,5242.57152105,0.00000000,643.22943310,0.23904048,70.17770496,0.01998475,0.01998468,38120,116,1
nan,nan,0.00000000,-1.00000000,0.00000000,70.35200357,nan,0.00000000,-2147483648,116,1
5242.84686126,5242.84665003,653.04751398,653.05554889,0.22002290,70.53629565,0.01998469,0.01998468,38118,116,0
nan,nan,0.00000000,-1.00000000,0.00000000,70.71612076,nan,0.00000000,-2147483648,116,1
5243.11980692,5243.12180797,0.00000000,663.42272229,0.32179865,70.91286552,0.01998468,0.01998468,38116,116,1
5243.11980692,5243.12180797,0.00000000,663.42272229,0.32179865,70.91286552,0.01998468,0.01998468,38116,116,1
5243.26632495,5243.25939779,0.00000000,669.00413761,0.14960495,71.11484893,0.01998471,0.01998468,38115,116,1
5243.49554385,nan,0.00000000,677.74257295,0.06338446,71.43002182,0.01998506,0.01998468,38114,116,1
nan,nan,0.00000000,-1.00000000,0.00000000,71.43928695,nan,0.00000000,-2147483648,116,1
nan,nan,0.00000000,-1.00000000,0.00000000,71.51123124,nan,0.00000000,-2147483648,116,1
nan,nan,0.00000000,-1.00000000,0.00000000,71.61902058,nan,0.00000000,-2147483648,116,1
nan,nan,0.00000000,-1.00000000,0.00000000,71.69079537,nan,0.00000000,-2147483648,116,1
nan,nan,0.00000000,-1.00000000,0.00000000,71.83414142,nan,0.00000000,-2147483648,116,1
5243.90751036,nan,0.00000000,693.46825931,0.13424697,71.99394716,0.01998506,0.01998468,38111,116,1
nan,nan,0.00000000,-1.00000000,0.00000000,72.19131818,nan,0.00000000,-2147483648,116,1
nan,nan,0.00000000,-1.00000000,0.00000000,72.29813986,nan,0.00000000,-2147483648,116,1
nan,nan,0.00000000,-1.00000000,0.00000000,72.36926928,nan,0.00000000,-2147483648,116,1
nan,nan,0.00000000,-1.00000000,0.00000000,72.44033066,nan,0.00000000,-2147483648,116,1
5244.44215095,nan,0.00000000,713.91602756,0.02196935,72.72092446,0.01998552,0.01998468,38108,116,1
5244.44215095,nan,0.00000000,713.91602756,0.02196935,72.72092446,0.01998552,0.01998468,38108,116,1
5244.44215095,nan,0.00000000,713.91602756,0.02196935,72.72092446,0.01998552,0.01998468,38108,116,1
nan,nan,0.00000000,-1.00000000,0.00000000,72.93585310,nan,0.00000000,-2147483648,116,1
nan,nan,0.00000000,-1.00000000,0.00000000,73.04160181,nan,0.00000000,-2147483648,116,1
nan,nan,0.00000000,-1.00000000,0.00000000,73.18236119,nan,0.00000000,-2147483648,116,1
nan,nan,0.00000000,-1.00000000,0.00000000,73.25263844,nan,0.00000000,-2147483648,116,1
nan,nan,0.00000000,-1.00000000,0.00000000,73.32284737,nan,0.00000000,-2147483648,116,1
5245.06579452,5245.04872441,0.00000000,737.82432335,0.26059032,73.56189701,0.01998475,0.01998468,38102,116,1
nan,nan,0.00000000,-1.00000000,0.00000000,73.70777429,nan,0.00000000,-2147483648,116,1
5245.32444580,5245.32411409,747.75857322,747.77131638,0.28243405,73.90890393,0.01998469,0.01998468,38100,116,0
nan,nan,0.00000000,-1.00000000,0.00000000,74.12533255,nan,0.00000000,-2147483648,116,1
nan,nan,0.00000000,-1.00000000,0.00000000,74.22933649,nan,0.00000000,-2147483648,116,1
5245.73918605,5245.73725296,763.64462741,763.71902897,0.14009473,74.46171139,0.01998469,0.01998469,38097,116,0
5245.73918605,5245.73725296,763.64462741,763.71902897,0.14009473,74.46171139,0.01998469,0.01998469,38097,116,0
nan,nan,0.00000000,-1.00000000,0.00000000,74.81577364,nan,0.00000000,-2147483648,116,1
5246.14208477,5246.15045708,0.00000000,779.23011630,0.08361434,74.99519402,0.01998465,0.01998469,38094,116,1
nan,nan,0.00000000,-1.00000000,0.00000000,75.15841549,nan,0.00000000,-2147483648,116,1
nan,nan,0.00000000,-1.00000000,0.00000000,75.29499003,nan,0.00000000,-2147483648,116,1
5246.67879062,5246.70149742,0.00000000,799.94675549,0.34649071,75.70125314,0.01998460,0.01998469,38090,116,1
5246.67879062,5246.70149742,0.00000000,799.94675549,0.34649071,75.70125314,0.01998460,0.01998469,38090,116,1
nan,nan,0.00000000,-1.00000000,0.00000000,75.87235307,nan,0.00000000,-2147483648,116,1
5246.95569337,5246.97706111,0.00000000,810.65323320,0.39048272,76.06324527,0.01998461,0.01998469,38088,116,1
5246.95569337,5246.97706111,0.00000000,810.65323320,0.39048272,76.06324527,0.01998461,0.01998469,38088,116,1
5247.05091048,nan,0.00000000,814.33767843,0.01618179,76.18736009,0.01998549,0.01998469,38089,116,1
nan,nan,0.00000000,-1.00000000,0.00000000,76.41119161,nan,0.00000000,-2147483648,116,1
nan,nan,0.00000000,-1.00000000,0.00000000,76.51173048,nan,0.00000000,-2147483648,116,1
nan,nan,0.00000000,-1.00000000,0.00000000,76.64553966,nan,0.00000000,-2147483648,116,1
5247.52993215,5247.52827555,832.83872512,832.90296627,0.07111721,76.80917667,0.01998469,0.01998469,38084,116,0
5247.80435363,5247.80392630,843.53440361,843.55099416,0.11138390,77.16311861,0.01998469,0.01998469,38082,116,0
5247.80435363,5247.80392630,843.53440361,843.55099416,0.11138390,77.16311861,0.01998469,0.01998469,38082,116,0
nan,nan,0.00000000,-1.00000000,0.00000000,77.34348231,nan,0.00000000,-2147483648,116,1
nan,nan,0.00000000,-1.00000000,0.00000000,77.47555482,nan,0.00000000,-2147483648,116,1
5248.20649717,5248.21745688,0.00000000,859.17099481,0.18658518,77.67876328,0.01998465,0.01998469,38079,116,1
5248.20649717,5248.21745688,0.00000000,859.17099481,0.18658518,77.67876328,0.01998465,0.01998469,38079,116,1
5248.35413912,5248.35531492,864.96684389,864.92108691,0.19767573,77.86751458,0.01998468,0.01998469,38078,116,0
5248.35413912,5248.35531492,864.96684389,864.92108691,0.19767573,77.86751458,0.01998468,0.01998469,38078,116,0
nan,nan,0.00000000,-1.00000000,0.00000000,78.03375451,nan,0.00000000,-2147483648,116,1
nan,nan,0.00000000,-1.00000000,0.00000000,78.19697190,nan,0.00000000,-2147483648,116,1
nan,nan,0.00000000,-1.00000000,0.00000000,78.32723158,nan,0.00000000,-2147483648,116,1
nan,nan,0.00000000,-1.00000000,0.00000000,78.52209701,nan,0.00000000,-2147483648,116,1
5249.04324949,5249.04471407,0.00000000,891.77148199,0.24642418,78.74126227,0.01998468,0.01998469,38073,116,1
5249.04324949,5249.04471407,0.00000000,891.77148199,0.24642418,78.74126227,0.01998468,0.01998469,38073,116,1
nan,nan,0.00000000,-1.00000000,0.00000000,78.94214554,nan,0.00000000,-2147483648,116,1
nan,nan,0.00000000,-1.00000000,0.00000000,79.10291478,nan,0.00000000,-2147483648,116,1
5249.45897020,5249.45844071,908.00498991,908.02570121,0.14542932,79.26406885,0.01998469,0.01998469,38070,116,0
5249.59131157,5249.59636413,0.00000000,913.18747918,0.13793887,79.42912518,0.01998467,0.01998469,38069,116,1
nan,nan,0.00000000,-1.00000000,0.00000000,79.58259219,nan,0.00000000,-2147483648,116,1
5250.00515225,5250.01017796,0.00000000,929.39202660,0.17964751,79.94425213,0.01998467,0.01998469,38066,116,1
5250.00515225,5250.01017796,0.00000000,929.39202660,0.17964751,79.94425213,0.01998467,0.01998469,38066,116,1
5250.12065142,5250.14813044,0.00000000,933.91971848,0.14242915,80.08735789,0.01998458,0.01998469,38065,116,1
5250.41323572,5250.42405721,0.00000000,945.39943479,0.11048603,80.44857698,0.01998465,0.01998469,38063,116,1
5250.41323572,5250.42405721,0.00000000,945.39943479,0.11048603,80.44857698,0.01998465,0.01998469,38063,116,1
5250.41323572,5250.42405721,0.00000000,945.39943479,0.11048603,80.44857698,0.01998465,0.01998469,38063,116,1
5250.53838513,5250.56203149,0.00000000,950.31417640,0.31259660,80.60251349,0.01998460,0.01998469,38062,116,1
nan,nan,0.00000000,-1.00000000,0.00000000,80.68645716,nan,0.00000000,-2147483648,116,1
nan,nan,0.00000000,-1.00000000,0.00000000,80.74888317,nan,0.00000000,-2147483648,116,1
5250.85998611,nan,0.00000000,962.95598798,0.05735091,80.99651415,0.01998477,0.01998469,38060,116,1
nan,nan,0.00000000,-1.00000000,0.00000000,81.15293029,nan,0.00000000,-2147483648,116,1
5251.11139543,5251.11400135,0.00000000,972.85092975,0.25684595,81.30293451,0.01998468,0.01998469,38058,116,1
5251.24921876,5251.25201199,0.00000000,978.27995865,0.37207113,81.47032139,0.01998468,0.01998469,38057,116,1
nan,nan,0.00000000,-1.00000000,0.00000000,81.64611610,nan,0.00000000,-2147483648,116,1
5251.53474229,5251.52805510,0.00000000,989.53746107,0.08853132,81.81574724,0.01998472,0.01998469,38055,116,1
5251.53474229,5251.52805510,0.00000000,989.53746107,0.08853132,81.81574724,0.01998472,0.01998469,38055,116,1
5251.53474229,5251.52805510,0.00000000,989.53746107,0.08853132,81.81574724,0.01998472,0.01998469,38055,116,1
5251.79852488,nan,0.00000000,999.95025574,0.06159579,82.13325339,0.01998467,0.01998469,38053,116,1
5251.93929142,5251.94217433,0.00000000,1005.51192556,0.06836298,82.30205078,0.01998468,0.01998469,38052,116,1
5251.93929142,5251.94217433,0.00000000,1005.51192556,0.06836298,82.30205078,0.01998468,0.01998469,38052,116,1
5252.22401621,5252.21829019,0.00000000,1016.77187575,0.01701449,82.64210839,0.01998471,0.01998469,38050,116,1
5252.37758414,5252.35635904,0.00000000,1022.85084699,0.24053445,82.82475954,0.01998477,0.01998469,38049,116,1
5252.51139387,5252.49443516,0.00000000,1028.15104487,0.39443267,82.98347432,0.01998476,0.01998469,38048,116,1
5252.77185294,5252.77060925,1038.45404707,1038.50337885,0.09034115,83.29203149,0.01998470,0.01998469,38046,116,0
5252.77185294,5252.77060925,1038.45404707,1038.50337885,0.09034115,83.29203149,0.01998470,0.01998469,38046,116,0
5252.90701879,5252.90870722,0.00000000,1043.84005541,0.18524870,83.45034728,0.01998469,0.01998469,38045,116,1
5253.03746058,5253.04681246,0.00000000,1049.01891221,0.44003312,83.60349504,0.01998466,0.01998469,38044,116,1
5253.17375115,5253.18492499,0.00000000,1054.43318036,0.03119824,83.76309192,0.01998465,0.01998469,38043,116,1
5253.32079845,5253.32304479,0.00000000,1060.27844426,0.10782018,83.93480492,0.01998468,0.01998469,38042,116,1
5253.45977204,5253.46117188,0.00000000,1065.80628395,0.20992774,84.09663069,0.01998469,0.01998469,38041,116,1
5253.45977204,5253.46117188,0.00000000,1065.80628395,0.20992774,84.09663069,0.01998469,0.01998469,38041,116,1
5253.57660930,5253.59930626,0.00000000,1070.45627152,0.05533381,84.23233394,0.01998461,0.01998469,38040,116,1
5253.86698459,5253.87559685,0.00000000,1082.02336894,0.14126396,84.56822239,0.01998466,0.01998469,38038,116,1
5253.86698459,5253.87559685,0.00000000,1082.02336894,0.14126396,84.56822239,0.01998466,0.01998469,38038,116,1
nan,nan,0.00000000,-1.00000000,0.00000000,84.71199679,nan,0.00000000,-2147483648,116,1
nan,nan,0.00000000,-1.00000000,0.00000000,84.91347359,nan,0.00000000,-2147483648,116,1
5254.30180296,5254.29008739,0.00000000,1099.37246373,0.13308582,85.06750892,0.01998474,0.01998469,38035,116,1
5254.45612479,5254.42826547,0.00000000,1105.53798717,0.03819784,85.24364280,0.01998480,0.01998469,38034,116,1
5254.45612479,nan,0.00000000,1105.53798717,0.03819784,85.24364280,0.01998480,0.01998469,38034,116,1
5254.69814612,5254.70464350,0.00000000,1115.21593448,0.28311867,85.51873852,0.01998467,0.01998469,38032,116,1
5254.84424107,5254.84284344,1121.01910450,1121.07504555,0.15453548,85.68446408,0.01998470,0.01998469,38031,116,0
5254.97912636,5254.98105068,0.00000000,1126.46502111,0.06707290,85.83637369,0.01998469,0.01998469,38030,116,1
5255.10976551,5255.11926520,0.00000000,1131.70004309,0.22086706,85.98341455,0.01998466,0.01998469,38029,116,1
nan,nan,0.00000000,-1.00000000,0.00000000,86.15971147,nan,0.00000000,-2147483648,116,1
5255.40180484,5255.39571613,0.00000000,1143.41395889,0.05508529,86.31064213,0.01998472,0.01998469,38027,116,1
5255.53511397,5255.53395252,1148.72983660,1148.77648733,0.02938870,86.45961686,0.01998470,0.01998469,38026,116,0
5255.53511397,5255.53395252,1148.72983660,1148.77648733,0.02938870,86.45961686,0.01998470,0.01998469,38026,116,0
5255.81073456,5255.81044720,1159.84246342,1159.85402007,0.05882347,86.76571147,0.01998470,0.01998469,38024,116,0
5255.81073456,5255.81044720,1159.84246342,1159.85402007,0.05882347,86.76571147,0.01998470,0.01998469,38024,116,0
5256.07092537,5256.08697104,0.00000000,1170.31156342,0.11159295,87.05263592,0.01998463,0.01998469,38022,116,1
nan,nan,0.00000000,-1.00000000,0.00000000,87.23510786,nan,0.00000000,-2147483648,116,1
nan,nan,0.00000000,-1.00000000,0.00000000,87.37098634,nan,0.00000000,-2147483648,116,1
nan,nan,0.00000000,-1.00000000,0.00000000,87.50641107,nan,0.00000000,-2147483648,116,1
nan,nan,0.00000000,-1.00000000,0.00000000,87.66832144,nan,0.00000000,-2147483648,116,1
5256.80211296,5256.77840832,0.00000000,1199.79836411,0.33469613,87.85098511,0.01998478,0.01998469,38017,116,1
5256.91128257,5256.91671766,0.00000000,1204.20937911,0.13096429,87.96905409,0.01998467,0.01998469,38016,116,1
5257.04968017,5257.05503430,0.00000000,1209.80454651,0.14265198,88.11830976,0.01998467,0.01998469,38015,116,1
5257.18721662,5257.19335825,0.00000000,1215.36844015,0.57620821,88.26616599,0.01998467,0.01998469,38014,116,1
5257.34336122,5257.33168949,0.00000000,1221.68939448,0.01862366,88.43345626,0.01998474,0.01998469,38013,116,1
5257.34336122,5257.33168949,0.00000000,1221.68939448,0.01862366,88.43345626,0.01998474,0.01998469,38013,116,1
nan,nan,0.00000000,-1.00000000,0.00000000,88.57344365,nan,0.00000000,-2147483648,116,1
5257.57312148,nan,0.00000000,1230.99872711,385.51704723,88.67851049,0.01998509,0.01998470,38012,116,1
5257.73453112,5257.74672701,0.00000000,1237.54459172,0.20398815,88.84987375,0.01998465,0.01998470,38010,116,1
5257.90242595,5257.88508746,0.00000000,1244.35867098,0.19292721,89.02742738,0.01998476,0.01998470,38009,116,1
nan,nan,0.00000000,-1.00000000,0.00000000,89.17378084,nan,0.00000000,-2147483648,116,1
5258.15587835,5258.16183026,0.00000000,1254.65523327,0.21517581,89.29411374,0.01998467,0.01998470,38007,116,1
5258.30017585,5258.30021261,1260.53287243,1260.53137708,0.03311052,89.44543984,0.01998470,0.01998470,38006,116,0
5258.43863474,5258.43860227,1266.16388555,1266.16520748,0.08699485,89.58993226,0.01998470,0.01998470,38005,116,0
5258.58841173,5258.57699923,0.00000000,1272.25516999,0.24875786,89.74546939,0.01998474,0.01998470,38004,116,1
5258.71358859,5258.71540350,0.00000000,1277.35531557,0.15974402,89.87520372,0.01998469,0.01998470,38003,116,1
5258.85891138,5258.85381507,0.00000000,1283.28003690,0.28736858,90.02531423,0.01998472,0.01998470,38002,116,1
5258.98139220,5258.99223395,0.00000000,1288.27664877,0.24405628,90.15140929,0.01998466,0.01998470,38001,116,1
5259.11929722,5259.13066014,0.00000000,1293.90594071,0.17709387,90.29292170,0.01998465,0.01998470,38000,116,1
5259.26085775,5259.26909363,0.00000000,1299.68825743,0.19604707,90.43767495,0.01998467,0.01998470,37999,116,1
nan,nan,0.00000000,-1.00000000,0.00000000,90.54521425,nan,0.00000000,-2147483648,116,1
5259.53230967,nan,0.00000000,1310.78706117,0.18084317,90.71379799,0.01998465,0.01998470,37997,116,1
5259.67971290,5259.68443797,0.00000000,1316.81988396,0.08762648,90.86293577,0.01998468,0.01998470,37996,116,1
5259.82035958,5259.82290070,0.00000000,1322.58011081,0.15596164,91.00470940,0.01998469,0.01998470,37995,116,1
5259.97344432,5259.96137075,0.00000000,1328.85411561,0.16075677,91.15843301,0.01998474,0.01998470,37994,116,1
5260.09985031,5260.09984810,1334.05010949,1334.05019995,0.04269303,91.28519654,0.01998470,0.01998470,37993,116,0
5260.23758731,5260.23833277,1339.73280800,1339.70220864,0.09597576,91.42251744,0.01998470,0.01998470,37992,116,0
5260.36496732,nan,0.00000000,1344.92105351,0.27490507,91.54879083,0.01998465,0.01998470,37991,116,1
5260.50188850,5260.51532404,0.00000000,1350.54697733,0.08811384,91.68435062,0.01998465,0.01998470,37990,116,1
5260.50188850,5260.51532404,0.00000000,1350.54697733,0.08811384,91.68435062,0.01998465,0.01998470,37990,116,1
5260.66267602,5260.65383065,0.00000000,1357.15824433,0.00713051,91.84290563,0.01998473,0.01998470,37989,116,1
5260.78320591,5260.79234457,0.00000000,1362.11753599,0.26502521,91.96131184,0.01998466,0.01998470,37988,116,1
5260.93303359,5260.93086581,0.00000000,1368.28630537,0.13492536,92.10796041,0.01998471,0.01998470,37987,116,1
5261.06787929,5261.06939436,1373.91163006,1373.84919263,0.02884666,92.23960179,0.01998469,0.01998470,37986,116,0
5261.20373706,5261.20793023,0.00000000,1379.44309263,0.14355132,92.37139943,0.01998468,0.01998470,37985,116,1
5261.46947808,5261.48502391,0.00000000,1390.40951733,0.06488728,92.62809686,0.01998464,0.01998470,37983,116,1
5261.46947808,5261.48502391,0.00000000,1390.40951733,0.06488728,92.62809686,0.01998464,0.01998470,37983,116,1
5261.63310310,5261.62358174,0.00000000,1397.16889018,0.52801770,92.78520688,0.01998474,0.01998470,37982,116,1
5261.63310310,5261.62358174,0.00000000,1397.16889018,0.52801770,92.78520688,0.01998474,0.01998470,37982,116,1
5261.89078157,5261.90071933,0.00000000,1407.82448429,0.25872615,93.03115643,0.01998466,0.01998470,37980,116,1
5262.17089487,5262.17788621,0.00000000,1419.42293486,0.05836617,93.29647220,0.01998467,0.01998470,37978,116,1
5262.17089487,5262.17788621,0.00000000,1419.42293486,0.05836617,93.29647220,0.01998467,0.01998470,37978,116,1
5262.30682938,5262.31648063,0.00000000,1425.05717539,0.23112418,93.42445378,0.01998466,0.01998470,37977,116,1
5262.43641554,5262.45508237,0.00000000,1430.43176509,0.04958255,93.54598720,0.01998463,0.01998470,37976,116,1
5262.60345745,nan,0.00000000,1437.36485068,0.22690567,93.70196836,0.01998474,0.01998470,37975,116,1
5262.73927370,5262.73230783,0.00000000,1443.00608773,0.47374644,93.82822507,0.01998473,0.01998470,37974,116,1
5262.87946393,5262.87093154,0.00000000,1448.83293752,0.07447077,93.95801361,0.01998473,0.01998470,37973,116,1
5263.00939875,5263.00956257,1454.24654399,1454.23972997,0.16228469,94.07787971,0.01998470,0.01998470,37972,116,0
5263.00939875,5263.00956257,1454.24654399,1454.23972997,0.16228469,94.07787971,0.01998470,0.01998470,37972,116,0
nan,nan,0.00000000,-1.00000000,0.00000000,94.20498254,nan,0.00000000,-2147483648,116,1
5263.28906502,5263.28684662,0.00000000,1465.88053790,0.06918695,94.33410062,0.01998471,0.01998470,37970,116,1
nan,nan,0.00000000,-1.00000000,0.00000000,94.44598233,nan,0.00000000,-2147483648,116,1
5263.55857553,5263.56415997,0.00000000,1477.11633241,0.14824553,94.57900821,0.01998468,0.01998470,37968,116,1
5263.70094034,5263.70282764,0.00000000,1483.05750714,0.20246912,94.70755537,0.01998469,0.01998470,37967,116,1
5263.84580102,5263.84150263,0.00000000,1489.10713610,0.22021058,94.83777116,0.01998472,0.01998470,37966,116,1
5263.98164762,5263.98018495,1494.72615501,1494.78732168,0.14803816,94.95941182,0.01998471,0.01998470,37965,116,0
5264.10578151,5264.11887460,0.00000000,1499.97526549,0.15101320,95.06998370,0.01998465,0.01998470,37964,116,1
5264.24795804,nan,0.00000000,1505.92470000,0.17792667,95.19616525,0.01998466,0.01998470,37963,116,1
5264.53043491,nan,0.00000000,1517.75756322,0.10700118,95.44515782,0.01998468,0.01998470,37961,116,1
5264.53043491,5264.53498754,0.00000000,1517.75756322,0.10700118,95.44515782,0.01998468,0.01998470,37961,116,1
5264.67524886,5264.67370651,1523.77268312,1523.83737240,0.20398847,95.57207138,0.01998471,0.01998470,37960,116,0
nan,nan,0.00000000,-1.00000000,0.00000000,95.70000624,nan,0.00000000,-2147483648,116,1
5264.95312303,5264.95116646,0.00000000,1535.49504051,0.26862579,95.81348114,0.01998471,0.01998470,37958,116,1
nan,nan,0.00000000,-1.00000000,0.00000000,95.90608761,nan,0.00000000,-2147483648,116,1
nan,nan,0.00000000,-1.00000000,0.00000000,95.94707858,nan,0.00000000,-2147483648,116,1
5265.22749229,5265.22865573,1547.07914252,1547.03020980,0.11366860,96.04984304,0.01998470,0.01998470,37956,116,0
5265.22749229,5265.22865573,1547.07914252,1547.03020980,0.11366860,96.04984304,0.01998470,0.01998470,37956,116,0
5265.37170894,5265.36741137,0.00000000,1553.09746805,0.09139500,96.17316126,0.01998472,0.01998470,37955,116,1
5265.50401096,5265.50617435,0.00000000,1558.66876657,0.22307033,96.28578953,0.01998469,0.01998470,37954,116,1
5265.63278485,5265.64494466,0.00000000,1564.09506682,0.11350165,96.39492540,0.01998466,0.01998470,37953,116,1
5265.77350735,5265.78372231,0.00000000,1570.02889866,0.09419285,96.51363478,0.01998466,0.01998470,37952,116,1
5265.91735075,5265.92250729,0.00000000,1576.09869818,0.28018802,96.63437854,0.01998468,0.01998470,37951,116,1
nan,nan,0.00000000,-1.00000000,0.00000000,96.73137160,nan,0.00000000,-2147483648,116,1
5266.19690279,5266.20009928,0.00000000,1587.90770426,0.08139855,96.86730142,0.01998469,0.01998470,37949,116,1
nan,nan,0.00000000,-1.00000000,0.00000000,97.00592785,nan,0.00000000,-2147483648,116,1
5266.47347516,5266.47772062,0.00000000,1599.60736951,0.10667570,97.09547551,0.01998469,0.01998470,37947,116,1
5266.60528659,5266.61654229,0.00000000,1605.18911075,0.05721677,97.20342433,0.01998466,0.01998470,37946,116,1
nan,nan,0.00000000,-1.00000000,0.00000000,97.31518006,nan,0.00000000,-2147483648,116,1
5266.89431750,5266.89420768,1617.43520411,1617.43986306,0.06263290,97.43828749,0.01998470,0.01998470,37944,116,0
5266.89431750,5266.89420768,1617.43520411,1617.43986306,0.06263290,97.43828749,0.01998470,0.01998470,37944,116,0
5267.02964281,5267.03305138,0.00000000,1623.18464637,0.20894278,97.54744632,0.01998469,0.01998470,37943,116,1
5267.17410973,5267.17190242,0.00000000,1629.31994520,0.18301828,97.66333676,0.01998471,0.01998470,37942,116,1
5267.30046654,5267.31076081,0.00000000,1634.68987033,0.21509499,97.76418593,0.01998466,0.01998470,37941,116,1
5267.44617218,5267.44962654,0.00000000,1640.88642089,0.16202941,97.87988162,0.01998469,0.01998470,37940,116,1
5267.58303903,5267.58849962,0.00000000,1646.71131824,0.13889216,97.98797570,0.01998468,0.01998470,37939,116,1
5267.73113143,5267.72738004,0.00000000,1653.01860074,0.25303004,98.10429724,0.01998472,0.01998470,37938,116,1
5267.85496834,5267.86626781,0.00000000,1658.29654749,0.14297201,98.20105637,0.01998466,0.01998470,37937,116,1
5268.00077186,5268.00516292,0.00000000,1664.51505486,0.19113699,98.31438131,0.01998469,0.01998470,37936,116,1
5268.12858822,5268.14406538,0.00000000,1669.97028210,0.12462608,98.41319289,0.01998465,0.01998470,37935,116,1
5268.27132089,5268.28297519,0.00000000,1676.06642298,0.27641088,98.52294586,0.01998466,0.01998470,37934,116,1
nan,nan,0.00000000,-1.00000000,0.00000000,98.61125234,nan,0.00000000,-2147483648,116,1
5268.55632246,5268.56081685,0.00000000,1688.25245963,0.29902167,98.74022616,0.01998469,0.01998470,37932,116,1
5268.69256792,5268.69974870,0.00000000,1694.08441894,0.09519786,98.84321429,0.01998468,0.01998471,37931,116,1
5268.83591785,5268.83868791,0.00000000,1700.22497041,0.16998173,98.95095383,0.01998469,0.01998471,37930,116,1
5268.97423129,5268.97763446,0.00000000,1706.15414993,0.30335350,99.05430491,0.01998469,0.01998471,37929,116,1
5269.12475740,5269.11658836,0.00000000,1712.61174853,0.14283010,99.16610668,0.01998474,0.01998471,37928,116,1
5269.25283294,5269.25554962,0.00000000,1718.11023591,0.21241209,99.26067816,0.01998470,0.01998471,37927,116,1
5269.38678487,5269.39451823,0.00000000,1723.86497241,0.12140344,99.35904112,0.01998468,0.01998471,37926,116,1
5269.51883904,5269.53349419,0.00000000,1729.54215617,0.12309486,99.45546103,0.01998465,0.01998471,37925,116,1
5269.67225322,5269.67247751,1736.15162381,1736.14197099,0.14029369,99.56677952,0.01998471,0.01998471,37924,116,0
5269.81896262,5269.81146818,0.00000000,1742.45960221,0.27105998,99.67256142,0.01998473,0.01998471,37923,116,1
5269.96003176,nan,0.00000000,1748.53837063,0.07718615,99.77362605,0.01998474,0.01998471,37922,116,1
5270.07999257,nan,0.00000000,1753.71114584,0.16584429,99.85907321,0.01998467,0.01998471,37921,116,1
nan,nan,0.00000000,-1.00000000,0.00000000,99.94591043,nan,0.00000000,-2147483648,116,1
5270.36911641,5270.36750441,1766.12040016,1766.19004086,0.07278815,100.06310753,0.01998471,0.01998471,37919,116,0
5270.50689764,5270.50653185,1772.12881965,1772.14463414,0.18243415,100.15942032,0.01998471,0.01998471,37918,116,0
5270.64215638,5270.64556666,0.00000000,1777.99599706,0.07892643,100.25340420,0.01998469,0.01998471,37917,116,1
5270.77795627,5270.78460883,0.00000000,1783.87333728,0.28846278,100.34714729,0.01998468,0.01998471,37916,116,1
nan,nan,0.00000000,-1.00000000,0.00000000,100.45993199,nan,0.00000000,-2147483648,116,1
nan,nan,0.00000000,-1.00000000,0.00000000,100.52280979,nan,0.00000000,-2147483648,116,1
nan,nan,0.00000000,-1.00000000,0.00000000,100.64764800,nan,0.00000000,-2147483648,116,1
5271.34477969,nan,0.00000000,1808.45140617,0.26368002,100.73201500,0.01998472,0.01998471,37912,116,1
5271.47900374,5271.47993005,1814.32275761,1814.28250124,0.16097653,100.82162900,0.01998470,0.01998471,37911,116,0
5271.61172114,5271.61901638,0.00000000,1820.05227905,0.38576580,100.90966037,0.01998468,0.01998471,37910,116,1
5271.75221650,nan,0.00000000,1826.16472112,0.15091146,101.00222489,0.01998469,0.01998471,37909,116,1
5271.89066974,5271.89721112,0.00000000,1832.19287017,0.17718447,101.09281235,0.01998468,0.01998471,37908,116,1
5272.03828396,5272.03631954,0.00000000,1838.62487070,0.08014219,101.18870123,0.01998472,0.01998471,37907,116,1
5272.16440155,nan,0.00000000,1844.12428622,0.17037953,101.27005853,0.01998467,0.01998471,37906,116,1
5272.32081543,5272.31455847,0.00000000,1850.95003124,0.19052137,101.37023118,0.01998473,0.01998471,37905,116,1
5272.44272502,5272.45368899,0.00000000,1856.27408163,0.17178600,101.44774538,0.01998467,0.01998471,37904,116,1
5272.58982527,5272.59282687,0.00000000,1862.70298174,0.09189190,101.54062090,0.01998470,0.01998471,37903,116,1
5272.72930574,5272.73197212,0.00000000,1868.80364477,0.17880869,101.62802138,0.01998470,0.01998471,37902,116,1
5272.87204069,5272.87112473,1875.00673258,1875.04684114,0.07743883,101.71672447,0.01998471,0.01998471,37901,116,0
5273.00418514,5273.01028471,0.00000000,1880.84011377,0.13857223,101.79836583,0.01998469,0.01998471,37900,116,1
5273.16108165,nan,0.00000000,1887.71847985,0.14619006,101.89446203,0.01998475,0.01998471,37899,116,1
5273.29346231,5273.28862679,0.00000000,1893.52669132,0.10675611,101.97489968,0.01998473,0.01998471,37898,116,1
5273.42729386,5273.42780888,1899.42329037,1899.40066398,0.22497014,102.05558886,0.01998471,0.01998471,37897,116,0
5273.56438045,5273.56699834,0.00000000,1905.42648105,0.14239764,102.13767484,0.01998470,0.01998471,37896,116,1
5273.71979196,5273.70619517,0.00000000,1912.26081793,0.13819550,102.22992996,0.01998476,0.01998471,37895,116,1
5273.84645178,5273.84539938,1917.79065418,1917.83699461,0.16754539,102.30453607,0.01998471,0.01998471,37894,116,0
5273.98005071,5273.98461096,0.00000000,1923.71909049,0.15771811,102.38258697,0.01998469,0.01998471,37893,116,1
5274.11625272,5274.12382991,0.00000000,1929.72219377,0.21940340,102.46155713,0.01998468,0.01998471,37892,116,1
5274.26113121,5274.26305623,0.00000000,1936.11271382,0.11761287,102.54486153,0.01998470,0.01998471,37891,116,1
5274.26113121,5274.26305623,0.00000000,1936.11271382,0.11761287,102.54486153,0.01998470,0.01998471,37891,116,1
5274.53956408,nan,0.00000000,1948.40877416,0.08667970,102.70293627,0.01998470,0.01998471,37889,116,1
5274.67618173,nan,0.00000000,1954.44904686,0.16873188,102.77952166,0.01998469,0.01998471,37888,116,1
5274.81678394,nan,0.00000000,1960.67032286,0.10577148,102.85766709,0.01998470,0.01998471,37887,116,1
nan,nan,0.00000000,-1.00000000,0.00000000,102.92401987,nan,0.00000000,-2147483648,116,1
5275.09634832,5275.09856906,0.00000000,1973.05492307,0.12073202,103.01100917,0.01998470,0.01998471,37885,116,1
5275.23789335,5275.23784702,1979.33287867,1979.33493466,0.10110220,103.08763610,0.01998471,0.01998471,37884,116,0
5275.38691235,5275.37713236,0.00000000,1985.94750246,0.29552346,103.16749853,0.01998475,0.01998471,37883,116,1
5275.50814358,5275.51642507,0.00000000,1991.33290133,0.13012253,103.23191661,0.01998468,0.01998471,37882,116,1
5275.65011566,5275.65572517,0.00000000,1997.64436493,0.11205425,103.30669952,0.01998469,0.01998471,37881,116,1
5275.79160621,5275.79503265,0.00000000,2003.93948273,0.11370242,103.38052273,0.01998470,0.01998471,37880,116,1
5275.79160621,5275.79503265,0.00000000,2003.93948273,0.11370242,103.38052273,0.01998470,0.01998471,37880,116,1
5275.92720690,5275.93434750,0.00000000,2009.97730486,0.24020424,103.45060967,0.01998468,0.01998471,37879,116,1
5276.07048016,5276.07366974,0.00000000,2016.36182675,0.05353222,103.52395515,0.01998470,0.01998471,37878,116,1
5276.21397354,5276.21299936,2022.71539349,2022.75884131,0.34418950,103.59665431,0.01998472,0.01998471,37877,116,0
nan,nan,0.00000000,-1.00000000,0.00000000,103.65562832,nan,0.00000000,-2147483648,116,1
5276.49174126,5276.49168076,2035.15396191,2035.15666475,0.15361728,103.73529827,0.01998471,0.01998471,37875,116,0
5276.62852134,5276.63103253,0.00000000,2041.27905410,0.22247880,103.80266846,0.01998470,0.01998471,37874,116,1
5276.75284843,5276.77039169,0.00000000,2046.84127848,0.03637886,103.86324621,0.01998465,0.01998471,37873,116,1
5276.89856469,5276.90975823,0.00000000,2053.36549058,0.12207322,103.93353825,0.01998467,0.01998471,37872,116,1
5277.05717965,5277.04913216,0.00000000,2060.47345078,0.17960317,104.00918223,0.01998474,0.01998471,37871,116,1
5277.18119028,nan,0.00000000,2066.03523337,0.15038001,104.06768971,0.01998469,0.01998471,37870,116,1
5277.32716373,5277.32790217,2072.60222832,2072.56907068,0.09714479,104.13565787,0.01998471,0.01998471,37869,116,0
5277.47051966,5277.46729826,0.00000000,2079.02696502,0.12878862,104.20202384,0.01998473,0.01998471,37868,116,1
5277.59754067,nan,0.00000000,2084.73746734,0.17197895,104.26003623,0.01998468,0.01998471,37867,116,1
5277.74051627,5277.74611261,0.00000000,2091.17028855,0.12403663,104.32463004,0.01998469,0.01998471,37866,116,1
nan,nan,0.00000000,-1.00000000,0.00000000,104.37259965,nan,0.00000000,-2147483648,116,1
5278.02275999,5278.02495652,0.00000000,2103.88486284,0.12251166,104.44994225,0.01998471,0.01998471,37864,116,1
5278.02275999,5278.02495652,0.00000000,2103.88486284,0.12251166,104.44994225,0.01998471,0.01998471,37864,116,1
5278.15900229,5278.16438955,0.00000000,2110.02983787,0.10366623,104.50938281,0.01998469,0.01998471,37863,116,1
5278.30351772,5278.30382999,2116.55361063,2116.53950769,0.17130259,104.57155257,0.01998471,0.01998471,37862,116,0
5278.43615631,5278.44327781,0.00000000,2122.54553725,0.04103807,104.62818359,0.01998469,0.01998471,37861,116,1
5278.59029088,5278.58273302,0.00000000,2129.51475078,0.26810267,104.69301961,0.01998474,0.01998471,37860,116,1
5278.72351674,5278.72219563,2135.47125472,2135.53106367,0.10984436,104.74823285,0.01998472,0.01998471,37859,116,0
5278.86053842,5278.86166564,2141.78784471,2141.73677282,0.07856961,104.80444843,0.01998471,0.01998471,37858,116,0
5279.00168348,5279.00114303,2148.10991579,2148.13442268,0.22353633,104.86162038,0.01998472,0.01998471,37857,116,0
5279.14470070,5279.14062783,0.00000000,2154.63487575,0.16882613,104.91889733,0.01998473,0.01998471,37856,116,1
5279.27919578,5279.28012001,2160.77098350,2160.72900221,0.03516485,104.97184902,0.01998471,0.01998471,37855,116,0
5279.40727260,5279.41961960,0.00000000,2166.56071777,0.17325166,105.02184544,0.01998467,0.01998472,37854,116,1
5279.56227971,5279.55912658,0.00000000,2173.60977978,0.10346904,105.08139674,0.01998473,0.01998472,37853,116,1
5279.70130419,5279.69864096,0.00000000,2179.93756003,0.15068499,105.13403249,0.01998473,0.01998472,37852,116,1
5279.83627375,5279.83816274,0.00000000,2186.08580278,0.14228944,105.18442971,0.01998471,0.01998472,37851,116,1
5279.97726842,5279.97769192,2192.52623854,2192.50691795,0.03961262,105.23627955,0.01998471,0.01998472,37850,116,0
5280.11357752,5280.11722850,0.00000000,2198.73335782,0.09076250,105.28579220,0.01998470,0.01998472,37849,116,1
5280.25699884,5280.25677247,2205.26885245,2205.27919665,0.12389734,105.33703218,0.01998472,0.01998472,37848,116,0
5280.39873381,5280.39632385,0.00000000,2211.76102388,0.08777127,105.38695028,0.01998473,0.01998472,37847,116,1
5280.53427621,5280.53588263,2218.03378775,2217.96026037,0.13114757,105.43392781,0.01998471,0.01998472,37846,116,0
5280.68291211,5280.67544881,0.00000000,2224.76628448,0.06720068,105.48464289,0.01998474,0.01998472,37845,116,1
5280.81617507,5280.81502240,2230.82041262,2230.87325490,0.10655076,105.52938207,0.01998472,0.01998472,37844,116,0
5280.94896413,5280.95460338,0.00000000,2236.96226793,0.18898767,105.57326740,0.01998470,0.01998472,37843,116,1
5281.10227326,5281.09419177,0.00000000,2243.99898814,0.12150984,105.62308466,0.01998475,0.01998472,37842,116,1
5281.23040902,5281.23378757,0.00000000,2249.88530908,0.13683577,105.66401743,0.01998470,0.01998472,37841,116,1
5281.36865580,5281.37339077,0.00000000,2256.24126302,0.22069162,105.70745882,0.01998470,0.01998472,37840,116,1
5281.51357245,5281.51300138,2262.88059695,2262.90688211,0.11408481,105.75217199,0.01998472,0.01998472,37839,116,0
nan,nan,0.00000000,-1.00000000,0.00000000,105.79880292,nan,0.00000000,-2147483648,116,1
5281.79366449,5281.79224481,0.00000000,2275.81485047,0.11251447,105.83629971,0.01998472,0.01998472,37837,116,1
5281.93346486,5281.93187764,0.00000000,2282.26443817,0.28978760,105.87711946,0.01998472,0.01998472,37836,116,1
5282.06231727,5282.07151788,0.00000000,2288.21385684,0.17538417,105.91405532,0.01998468,0.01998472,37835,116,1
5282.21522718,5282.21116552,0.00000000,2295.28019111,0.04574226,105.95702968,0.01998473,0.01998472,37834,116,1
5282.34475475,5282.35082057,0.00000000,2301.27118480,0.09322623,105.99270238,0.01998470,0.01998472,37833,116,1
5282.47829816,5282.49048304,0.00000000,2307.45294214,0.12839445,106.02877799,0.01998467,0.01998472,37832,116,1
5282.47829816,5282.49048304,0.00000000,2307.45294214,0.12839445,106.02877799,0.01998467,0.01998472,37832,116,1
5282.64146149,5282.63015291,0.00000000,2315.01274976,0.21463034,106.07188362,0.01998476,0.01998472,37831,116,1
5282.64146149,5282.63015291,0.00000000,2315.01274976,0.21463034,106.07188362,0.01998476,0.01998472,37831,116,1
5282.77352917,5282.76983020,0.00000000,2321.13741239,0.26185643,106.10598954,0.01998473,0.01998472,37830,116,1
5282.89601610,5282.90951490,0.00000000,2326.82225855,0.13090944,106.13699212,0.01998467,0.01998472,37829,116,1
5283.04462706,5283.04920701,0.00000000,2333.72538928,0.02826903,106.17379186,0.01998470,0.01998472,37828,116,1
5283.04462706,5283.04920701,0.00000000,2333.72538928,0.02826903,106.17379186,0.01998470,0.01998472,37828,116,1
5283.19242757,5283.18890653,0.00000000,2340.59721951,0.21364563,106.20950218,0.01998473,0.01998472,37827,116,1
5283.32991663,5283.32861347,2346.92818580,2346.98884108,0.05262732,106.24189072,0.01998472,0.01998472,37826,116,0
5283.45684575,5283.46832782,0.00000000,2352.90691250,0.06304352,106.27116948,0.01998468,0.01998472,37825,116,1
5283.61056631,5283.60804959,0.00000000,2360.07258047,0.16498745,106.30570654,0.01998473,0.01998472,37824,116,1
5283.74958217,5283.74777878,0.00000000,2366.55874999,0.09259029,106.33610522,0.01998473,0.01998472,37823,116,1
5283.88395668,5283.88751538,0.00000000,2372.83375939,0.19160847,106.36473345,0.01998471,0.01998472,37822,116,1
5284.02254738,5284.02725939,0.00000000,2379.31122677,0.17762643,106.39347984,0.01998470,0.01998472,37821,116,1
5284.15608075,5284.16701082,0.00000000,2385.55768953,0.05938430,106.42042594,0.01998468,0.01998472,37820,116,1
5284.29823001,5284.30676967,0.00000000,2392.21299074,0.03762262,106.44829825,0.01998469,0.01998472,37819,116,1
5284.44715659,5284.44653594,2399.15303516,2399.18213812,0.13699434,106.47655881,0.01998472,0.01998472,37818,116,0
5284.58841637,5284.58630963,0.00000000,2405.81790066,0.29392119,106.50258684,0.01998473,0.01998472,37817,116,1
5284.72748355,5284.72609074,2412.27296042,2412.33838252,0.13719296,106.52732584,0.01998473,0.01998472,37816,116,0
5284.87255030,5284.86587926,0.00000000,2419.16341761,0.09605794,106.55233173,0.01998475,0.01998472,37815,116,1
5284.99981905,5285.00567521,0.00000000,2425.14897103,0.06735351,106.57351378,0.01998470,0.01998472,37814,116,1
5285.13670848,5285.14547858,0.00000000,2431.59243790,0.19343174,106.59553492,0.01998469,0.01998472,37813,116,1
5285.28849448,5285.28528937,0.00000000,2438.74370968,0.13813217,106.61902643,0.01998473,0.01998472,37812,116,1
5285.43046048,5285.42510758,0.00000000,2445.43863469,0.18844663,106.64011430,0.01998474,0.01998472,37811,116,1
nan,nan,0.00000000,-1.00000000,0.00000000,106.66287936,nan,0.00000000,-2147483648,116,1
5285.69673924,5285.70476627,0.00000000,2458.01250302,0.10071429,106.67735547,0.01998469,0.01998472,37809,116,1
5285.69673924,5285.70476627,0.00000000,2458.01250302,0.10071429,106.67735547,0.01998469,0.01998472,37809,116,1
5285.84826423,5285.84460675,0.00000000,2465.17727587,0.16056478,106.69719585,0.01998474,0.01998472,37808,116,1
5285.98886251,5285.98445465,0.00000000,2471.83167445,0.12663329,106.71472542,0.01998474,0.01998472,37807,116,1
5286.11703280,5286.12430998,0.00000000,2477.90315655,0.13437354,106.72996532,0.01998469,0.01998472,37806,116,1
5286.26849052,5286.26417273,0.00000000,2485.08429576,0.06315579,106.74706165,0.01998474,0.01998472,37805,116,1
5286.40104601,5286.40404291,0.00000000,2491.37502816,0.14201332,106.76121096,0.01998471,0.01998472,37804,116,1
5286.53991097,5286.54392051,0.00000000,2497.97102829,0.09862268,106.77521719,0.01998471,0.01998472,37803,116,1
5286.67562194,5286.68380554,0.00000000,2504.42300287,0.21371997,106.78809585,0.01998469,0.01998472,37802,116,1
5286.82215089,5286.82369800,2511.46897304,2511.39530640,0.18742357,106.80109948,0.01998472,0.01998472,37801,116,0
5286.96447509,5286.96359788,2518.13298429,2518.17478554,0.12165819,106.81283342,0.01998473,0.01998472,37800,116,0
5287.10384959,5287.10350520,2524.80268507,2524.81910994,0.23137364,106.82346276,0.01998472,0.01998472,37799,116,0
5287.25467890,5287.24341994,0.00000000,2532.01719211,0.19303438,106.83400534,0.01998477,0.01998472,37798,116,1
5287.37725776,5287.38334211,0.00000000,2537.87203574,0.12739756,106.84183454,0.01998470,0.01998472,37797,116,1
5287.52974492,5287.52327171,0.00000000,2545.16204365,0.09965210,106.85064743,0.01998475,0.01998472,37796,116,1
5287.65937691,5287.66320874,0.00000000,2551.36520161,0.09322875,106.85732935,0.01998471,0.01998472,37795,116,1
5287.79313563,5287.80315320,0.00000000,2557.77143066,0.04885717,106.86344148,0.01998469,0.01998472,37794,116,1
5287.94002434,5287.94310509,0.00000000,2564.81307555,0.15426642,106.86923547,0.01998471,0.01998472,37793,116,1
5288.08015961,5288.08306441,0.00000000,2571.53739836,0.13317181,106.87386476,0.01998471,0.01998472,37792,116,1
5288.22064325,5288.22303117,0.00000000,2578.28475654,0.21175810,106.87762262,0.01998471,0.01998472,37791,116,1
5288.36048770,5288.36300536,0.00000000,2585.00771735,0.13173975,106.88048290,0.01998471,0.01998472,37790,116,1
5288.49676393,5288.50298698,0.00000000,2591.56520440,0.05596017,106.88242273,0.01998470,0.01998472,37789,116,1
5288.63675023,5288.64297603,0.00000000,2598.30746983,0.18218122,106.88354196,0.01998470,0.01998472,37788,116,1
5288.77698414,5288.78297252,0.00000000,2605.06803396,0.15495067,106.88377323,0.01998470,0.01998472,37787,116,1
5288.92440855,5288.92297645,0.00000000,2612.18214404,0.08668647,106.88305319,0.01998473,0.01998472,37786,116,1
5289.06040553,5289.06298781,0.00000000,2618.75109982,0.03927533,106.88151109,0.01998472,0.01998472,37785,116,1
5289.20253319,5289.20300660,2625.62872560,2625.60583077,0.08732369,106.87900388,0.01998472,0.01998472,37784,116,0
5289.33724306,5289.34303283,0.00000000,2632.14168524,0.06020301,106.87575920,0.01998470,0.01998472,37783,116,1
5289.49663238,5289.48306650,0.00000000,2639.86275343,0.05835998,106.87085191,0.01998478,0.01998472,37782,116,1
5289.62718466,5289.62310761,0.00000000,2646.19315946,0.18020931,106.86596050,0.01998474,0.01998473,37781,116,1
5289.76477926,5289.76315615,0.00000000,2652.87115360,0.10225036,106.85995287,0.01998473,0.01998473,37780,116,1
5289.90152195,5289.90321213,0.00000000,2659.51403139,0.13760268,106.85311344,0.01998472,0.01998473,37779,116,1
5290.03788696,5290.04327555,0.00000000,2666.14476418,0.11127315,106.84542782,0.01998471,0.01998473,37778,116,1
5290.17508583,5290.18334641,0.00000000,2672.82231282,0.10030853,106.83682097,0.01998469,0.01998473,37777,116,1
5290.32242243,5290.32342471,2680.03018682,2679.98132858,0.23240287,106.82662724,0.01998472,0.01998473,37776,116,0
5290.45412466,5290.46351045,0.00000000,2686.42277277,0.08941779,106.81660071,0.01998469,0.01998473,37775,116,1
5290.60599140,5290.60360363,0.00000000,2693.83583512,0.11861944,106.80406004,0.01998474,0.01998473,37774,116,1
5290.74784448,5290.74370425,0.00000000,2700.76714527,0.17602602,106.79136466,0.01998474,0.01998473,37773,116,1
5290.87926146,5290.88381232,0.00000000,2707.19461107,0.21875739,106.77875478,0.01998471,0.01998473,37772,116,1
5291.01988875,nan,0.00000000,2714.07905062,0.13287121,106.76435472,0.01998471,0.01998473,37771,116,1
5291.16646877,nan,0.00000000,2721.26208962,0.20680774,106.74834483,0.01998474,0.01998473,37770,116,1
5291.29425522,5291.30418117,0.00000000,2727.53016377,0.12503541,106.73355226,0.01998469,0.01998473,37769,116,1
5291.44876591,5291.44431900,0.00000000,2735.11658029,0.18564983,106.71462378,0.01998474,0.01998473,37768,116,1
5291.58385400,5291.58446428,2741.77484284,2741.74482869,0.25165940,106.69716759,0.01998472,0.01998473,37767,116,0
5291.72015127,5291.72461701,0.00000000,2748.46141771,0.12753739,106.67860514,0.01998471,0.01998473,37766,116,1
5291.86609655,5291.86477718,2755.57341006,2755.63841539,0.04614514,106.65779851,0.01998473,0.01998473,37765,116,0
5291.99971570,5292.00494480,0.00000000,2762.23512583,0.10171398,106.63778879,0.01998471,0.01998473,37764,116,1
5292.14512346,5292.14511987,2769.39875942,2769.39893680,0.08154489,106.61509843,0.01998473,0.01998473,37763,116,0
5292.28007272,5292.28530238,0.00000000,2776.07524108,0.08199578,106.59305200,0.01998471,0.01998473,37762,116,1
5292.42973334,5292.42549234,0.00000000,2783.47466698,0.23340265,106.56760316,0.01998474,0.01998473,37761,116,1
nan,nan,0.00000000,-1.00000000,0.00000000,106.54062740,nan,0.00000000,-2147483648,116,1
5292.69786310,5292.70589461,0.00000000,2796.75109505,0.10085568,106.51926812,0.01998470,0.01998473,37759,116,1
5292.84614402,5292.84610691,2804.09049333,2804.09233446,0.27410489,106.49106726,0.01998473,0.01998473,37758,116,0
5292.97959644,5292.98632667,0.00000000,2810.72852171,0.14980479,106.46467177,0.01998470,0.01998473,37757,116,1
5293.12909672,5293.12655387,0.00000000,2818.15703768,0.15219469,106.43410774,0.01998474,0.01998473,37756,116,1
5293.26818794,5293.26678853,0.00000000,2825.07550915,0.19261357,106.40467618,0.01998473,0.01998473,37755,116,1
5293.41293997,5293.40703064,0.00000000,2832.28291697,0.15644126,106.37302472,0.01998475,0.01998473,37754,116,1
nan,nan,0.00000000,-1.00000000,0.00000000,106.34261647,nan,0.00000000,-2147483648,116,1
nan,nan,0.00000000,-1.00000000,0.00000000,106.33339286,nan,0.00000000,-2147483648,116,1
5293.68119229,5293.68753721,0.00000000,2845.65951804,0.14854220,106.31160221,0.01998471,0.01998473,37752,116,1
5293.82940538,5293.82780168,0.00000000,2853.06142927,0.18550838,106.27611816,0.01998474,0.01998473,37751,116,1
5293.96276625,5293.96807359,0.00000000,2859.72842000,0.09674420,106.24324505,0.01998471,0.01998473,37750,116,1
5294.10631243,5294.10835297,0.00000000,2866.91183273,0.08966231,106.20685820,0.01998472,0.01998473,37749,116,1
5294.22910093,nan,0.00000000,2873.06245007,0.11037082,106.17490555,0.01998519,0.01998473,37749,116,1
5294.38398917,5294.38893407,0.00000000,2880.82885881,0.15814395,106.13350822,0.01998471,0.01998473,37747,116,1
5294.53727101,5294.52923581,0.00000000,2888.52340069,0.19843953,106.09133782,0.01998476,0.01998473,37746,116,1
5294.66954783,5294.66954500,2895.16839763,2895.16853971,0.27934521,106.05399287,0.01998473,0.01998473,37745,116,0
5294.80363519,5294.80986165,0.00000000,2901.91515542,0.10885448,106.01519994,0.01998471,0.01998473,37744,116,1
5294.95250341,5294.95018576,0.00000000,2909.41112889,0.23307728,105.97106127,0.01998474,0.01998473,37743,116,1
5295.08380003,nan,0.00000000,2916.02916560,0.16487280,105.93118511,0.01998471,0.01998473,37742,116,1
5295.22918283,5295.23085635,0.00000000,2923.36473159,0.15071763,105.88599180,0.01998472,0.01998473,37741,116,1
5295.36811416,5295.37120283,0.00000000,2930.38217669,0.14855990,105.84178071,0.01998472,0.01998473,37740,116,1
nan,nan,0.00000000,-1.00000000,0.00000000,105.80569859,nan,0.00000000,-2147483648,116,1
5295.64899532,5295.65191817,0.00000000,2944.59171833,0.16643361,105.74933120,0.01998472,0.01998473,37738,116,1
5295.78335037,5295.79228703,0.00000000,2951.39916880,0.07821570,105.70365288,0.01998470,0.01998473,37737,116,1
5295.93702669,5295.93266335,0.00000000,2959.19398327,0.06267227,105.65024542,0.01998475,0.01998473,37736,116,1
5296.07296787,5296.07304713,2966.09112852,2966.08710270,0.21193191,105.60203438,0.01998473,0.01998473,37735,116,0
nan,nan,0.00000000,-1.00000000,0.00000000,105.56711091,nan,0.00000000,-2147483648,116,1
5296.35182297,5296.35383707,0.00000000,2980.27839388,0.19758068,105.49987903,0.01998472,0.01998473,37733,116,1
5296.48830534,5296.49424324,0.00000000,2987.23033215,0.14565450,105.44841153,0.01998471,0.01998473,37732,116,1
5296.62954693,5296.63465687,0.00000000,2994.43225552,0.28355385,105.39410586,0.01998471,0.01998473,37731,116,1
5296.77769890,5296.77507797,0.00000000,3001.99483788,0.04180165,105.33599932,0.01998474,0.01998473,37730,116,1
5296.91347231,5296.91550653,0.00000000,3008.93302868,0.22796305,105.28171615,0.01998473,0.01998473,37729,116,1
5297.04159556,5297.05594255,0.00000000,3015.48687303,0.24010246,105.22958413,0.01998468,0.01998473,37728,116,1
5297.20099070,5297.19638604,0.00000000,3023.64931594,0.17921098,105.16349423,0.01998475,0.01998473,37727,116,1
5297.33688972,5297.33683699,3030.60024369,3030.60294826,0.13346581,105.10617497,0.01998473,0.01998473,37726,116,0
5297.47931308,5297.47729542,0.00000000,3037.92580443,0.16294282,105.04480105,0.01998474,0.01998473,37725,116,1
5297.61867511,5297.61776130,3045.02653200,3045.07351082,0.19678643,104.98389500,0.01998474,0.01998473,37724,116,0
5297.74770729,5297.75823466,0.00000000,3051.72199866,0.10141890,104.92635618,0.01998469,0.01998473,37723,116,1
5297.88655096,5297.89871548,0.00000000,3058.87016555,0.11094284,104.86353989,0.01998469,0.01998473,37722,116,1
5298.04130982,5298.03920377,0.00000000,3066.84676308,0.13502243,104.79227801,0.01998474,0.01998473,37721,116,1
5298.04130982,5298.03920377,0.00000000,3066.84676308,0.13502243,104.79227801,0.01998474,0.01998473,37721,116,1
5298.18030730,5298.17969954,3073.98093250,3074.01231852,0.24068855,104.72721395,0.01998474,0.01998473,37720,116,0
5298.31422685,5298.32020277,0.00000000,3080.93685877,0.08049604,104.66339632,0.01998471,0.01998473,37719,116,1
5298.46948112,5298.46071347,0.00000000,3088.96566567,0.17972131,104.58824277,0.01998477,0.01998473,37718,116,1
5298.59893752,5298.60123164,0.00000000,3095.66781385,0.11009713,104.52455473,0.01998473,0.01998473,37717,116,1
5298.73321632,5298.74175728,0.00000000,3102.62680631,0.03557450,104.45750895,0.01998470,0.01998473,37716,116,1
5298.88466811,5298.88229039,0.00000000,3110.48459385,0.19735387,104.38068107,0.01998474,0.01998473,37715,116,1
5299.02026434,5299.02283098,0.00000000,3117.52769230,0.20805778,104.31080691,0.01998473,0.01998473,37714,116,1
5299.16124055,5299.16337903,0.00000000,3124.85822512,0.13242618,104.23706573,0.01998473,0.01998473,37713,116,1
5299.30072816,5299.30393457,0.00000000,3132.11939517,0.10180657,104.16300155,0.01998472,0.01998473,37712,116,1
5299.44802088,5299.44449757,0.00000000,3139.79558198,0.18141421,104.08359993,0.01998475,0.01998474,37711,116,1
nan,nan,0.00000000,-1.00000000,0.00000000,103.99748001,nan,0.00000000,-2147483648,116,1
nan,nan,0.00000000,-1.00000000,0.00000000,103.93367915,nan,0.00000000,-2147483648,116,1
5299.85898277,5299.86623143,0.00000000,3161.26053071,0.13363041,103.85554821,0.01998471,0.01998474,37708,116,1
5299.99482693,5300.00682434,0.00000000,3168.37130445,0.14321114,103.77804599,0.01998469,0.01998474,37707,116,1
5300.15284748,5300.14742472,0.00000000,3176.65264797,0.16993429,103.68655995,0.01998476,0.01998474,37706,116,1
nan,nan,0.00000000,-1.00000000,0.00000000,103.63800603,nan,0.00000000,-2147483648,116,1
nan,nan,0.00000000,-1.00000000,0.00000000,103.61554682,nan,0.00000000,-2147483648,116,1
5300.41854554,5300.42864791,0.00000000,3190.60075359,0.17713896,103.52949233,0.01998470,0.01998474,37704,116,1
5300.56598753,5300.56927072,0.00000000,3198.35378151,0.12781718,103.44057064,0.01998472,0.01998474,37703,116,1
5300.70559106,5300.70990101,0.00000000,3205.70316227,0.11772458,103.35521298,0.01998472,0.01998474,37702,116,1
5300.85079656,5300.85053878,3213.33193688,3213.34553155,0.31154596,103.26535302,0.01998474,0.01998474,37701,116,0
5300.85079656,5300.85053878,3213.33193688,3213.34553155,0.31154596,103.26535302,0.01998474,0.01998474,37701,116,0
5300.99327254,5300.99118403,0.00000000,3220.87433651,0.06912011,103.17573272,0.01998474,0.01998474,37700,116,1
5301.13964509,5301.13183676,0.00000000,3228.60708983,0.36138561,103.08255313,0.01998477,0.01998474,37699,116,1
5301.27428041,5301.27249697,0.00000000,3235.72794002,0.05095716,102.99573319,0.01998474,0.01998474,37698,116,1
5301.40878691,5301.41316466,0.00000000,3242.84981805,0.21565210,102.90792888,0.01998472,0.01998474,37697,116,1
5301.56062078,5301.55383983,0.00000000,3250.89859874,0.15170324,102.80752757,0.01998476,0.01998474,37696,116,1
nan,nan,0.00000000,-1.00000000,0.00000000,102.73059155,nan,0.00000000,-2147483648,116,1
5301.83514693,5301.83521262,3265.46605616,3265.46256427,0.06209136,102.62270290,0.01998474,0.01998474,37694,116,0
5301.97482576,5301.97591024,3272.94964501,3272.89192781,0.28620688,102.52685712,0.01998473,0.01998474,37693,116,0
nan,nan,0.00000000,-1.00000000,0.00000000,102.42105089,nan,0.00000000,-2147483648,116,1
5302.25708345,5302.25732793,3287.94500617,3287.93196364,0.20088675,102.32959591,0.01998474,0.01998474,37691,116,0
5302.40171880,5302.39804800,0.00000000,3295.66884264,0.16785332,102.22643738,0.01998475,0.01998474,37690,116,1
5302.52912615,5302.53877556,0.00000000,3302.47785872,0.18153407,102.13470465,0.01998470,0.01998474,37689,116,1
5302.68079089,5302.67951060,3310.50799272,3310.57653733,0.12333356,102.02444496,0.01998474,0.01998474,37688,116,0
5302.81087666,5302.82025313,0.00000000,3317.56122940,0.11847347,101.92834660,0.01998470,0.01998474,37687,116,1
5302.95842957,5302.96100315,0.00000000,3325.47465019,0.06570578,101.81834619,0.01998473,0.01998474,37686,116,1
5303.11223196,5303.10176065,0.00000000,3333.73371720,0.09994678,101.70226806,0.01998478,0.01998474,37685,116,1
nan,nan,0.00000000,-1.00000000,0.00000000,101.58478718,nan,0.00000000,-2147483648,116,1
5303.37815890,5303.38329812,0.00000000,3348.03914351,0.15830492,101.49813591,0.01998472,0.01998474,37683,116,1
5303.52178983,5303.52407808,0.00000000,3355.77913871,0.09258164,101.38606532,0.01998473,0.01998474,37682,116,1
5303.66121375,5303.66486554,0.00000000,3363.30147994,0.15880816,101.27605405,0.01998473,0.01998474,37681,116,1
5303.80031889,5303.80566049,0.00000000,3370.81554274,0.09546016,101.16508952,0.01998472,0.01998474,37680,116,1
5304.09015335,5304.08727285,0.00000000,3386.50034039,0.18453369,100.93000547,0.01998475,0.01998474,37678,116,1
5304.36945419,5304.36891518,3401.60730106,3401.63658156,0.09689891,100.69871404,0.01998474,0.01998474,37676,116,0
5304.92808848,nan,0.00000000,3432.06748699,0.06822154,100.22056345,0.01998473,0.01998474,37672,116,1
5305.20981462,5305.21402200,0.00000000,3447.46256390,0.03828012,99.97198632,0.01998473,0.01998474,37670,116,1
5305.36045001,5305.35489937,0.00000000,3455.70972084,0.11921035,99.83697964,0.01998476,0.01998474,37669,116,1
nan,nan,0.00000000,-1.00000000,0.00000000,99.73314316,nan,0.00000000,-2147483648,116,1
nan,nan,0.00000000,-1.00000000,0.00000000,99.69997165,nan,0.00000000,-2147483648,116,1
nan,nan,0.00000000,-1.00000000,0.00000000,99.58327653,nan,0.00000000,-2147483648,116,1
5305.73362521,5305.63667660,0.00000000,3476.18791353,0.17559671,99.49619344,0.01998511,0.01998474,37667,116,1
nan,nan,0.00000000,-1.00000000,0.00000000,99.21050127,nan,0.00000000,-2147483648,116,1
5306.34109721,5306.34125087,3509.66865344,3509.66016101,0.13391724,98.92213631,0.01998474,0.01998474,37662,116,0
5306.47065376,5306.48218822,0.00000000,3516.83248533,0.11740325,98.79638406,0.01998470,0.01998474,37661,116,1
5306.63699450,nan,0.00000000,3526.04270639,0.19241305,98.63348233,0.01998480,0.01998474,37660,116,1
5306.91043794,nan,0.00000000,3541.21317690,0.09812492,98.36168563,0.01998476,0.01998474,37658,116,1
nan,nan,0.00000000,-1.00000000,0.00000000,98.27502706,nan,0.00000000,-2147483648,116,1
nan,nan,0.00000000,-1.00000000,0.00000000,98.23869255,nan,0.00000000,-2147483648,116,1
5307.18121607,5307.18698750,0.00000000,3556.27279922,0.04852040,98.08760127,0.01998472,0.01998474,37656,116,1
5307.34937057,5307.32796986,0.00000000,3565.64356101,0.38481369,97.91490710,0.01998482,0.01998474,37655,116,1
5307.46220364,5307.46895972,0.00000000,3571.93947844,0.20901950,97.79795518,0.01998472,0.01998474,37654,116,1
5307.61724753,5307.60995709,0.00000000,3580.60129656,0.31015330,97.63584155,0.01998477,0.01998474,37653,116,1
5307.87507418,5307.89197434,0.00000000,3595.03256626,0.23959397,97.36262956,0.01998468,0.01998474,37651,116,1
5307.87507418,5307.89197434,0.00000000,3595.03256626,0.23959397,97.36262956,0.01998468,0.01998474,37651,116,1
5308.16910282,5308.17402162,0.00000000,3611.53204983,0.14866213,97.04549287,0.01998473,0.01998474,37649,116,1
nan,nan,0.00000000,-1.00000000,0.00000000,96.91978553,nan,0.00000000,-2147483648,116,1
nan,nan,0.00000000,-1.00000000,0.00000000,96.88075669,nan,0.00000000,-2147483648,116,1
nan,nan,0.00000000,-1.00000000,0.00000000,96.70420382,nan,0.00000000,-2147483648,116,1
5308.59391348,5308.59714883,0.00000000,3635.44995688,0.22599089,96.57674640,0.01998473,0.01998474,37646,116,1
5308.71342471,5308.73820625,0.00000000,3642.19582179,0.24322762,96.44261249,0.01998465,0.01998474,37645,116,1
5308.71342471,5308.73820625,0.00000000,3642.19582179,0.24322762,96.44261249,0.01998465,0.01998474,37645,116,1
5308.88034894,5308.87927117,0.00000000,3651.63057629,0.18783034,96.25359218,0.01998475,0.01998475,37644,116,1
5309.02382133,5309.02034361,0.00000000,3659.75162693,0.16462376,96.08956523,0.01998476,0.01998475,37643,116,1
nan,nan,0.00000000,-1.00000000,0.00000000,95.94212905,nan,0.00000000,-2147483648,116,1
5309.30273225,5309.30251101,3675.53445539,3675.54702403,0.16760404,95.76702376,0.01998475,0.01998475,37641,116,0
5309.44958640,5309.44360598,0.00000000,3683.91624545,0.23435037,95.59424730,0.01998477,0.01998475,37640,116,1
5309.57670423,nan,0.00000000,3691.14982921,0.18083931,95.44386861,0.01998472,0.01998475,37639,116,1
nan,nan,0.00000000,-1.00000000,0.00000000,95.30056664,nan,0.00000000,-2147483648,116,1
nan,nan,0.00000000,-1.00000000,0.00000000,95.25856374,nan,0.00000000,-2147483648,116,1
nan,nan,0.00000000,-1.00000000,0.00000000,95.13211066,nan,0.00000000,-2147483648,116,1
nan,nan,0.00000000,-1.00000000,0.00000000,95.08981155,nan,0.00000000,-2147483648,116,1
nan,nan,0.00000000,-1.00000000,0.00000000,95.04743843,nan,0.00000000,-2147483648,116,1
5310.01083137,5310.00806097,0.00000000,3715.91983974,0.13758190,94.92158371,0.01998476,0.01998475,37636,116,1
nan,nan,0.00000000,-1.00000000,0.00000000,94.74875518,nan,0.00000000,-2147483648,116,1
nan,nan,0.00000000,-1.00000000,0.00000000,94.70579041,nan,0.00000000,-2147483648,116,1
nan,nan,0.00000000,-1.00000000,0.00000000,94.59805524,nan,0.00000000,-2147483648,116,1
5310.43261909,5310.43148110,0.00000000,3740.08482812,0.14945404,94.40112296,0.01998475,0.01998475,37633,116,1
5310.59081601,5310.57263617,0.00000000,3749.17363691,0.19062363,94.20258082,0.01998482,0.01998475,37632,116,1
5310.59081601,5310.57263617,0.00000000,3749.17363691,0.19062363,94.20258082,0.01998482,0.01998475,37632,116,1
5310.71481565,5310.71379876,0.00000000,3756.30748661,0.19642456,94.04567752,0.01998475,0.01998475,37631,116,1
5310.71481565,5310.71379876,0.00000000,3756.30748661,0.19642456,94.04567752,0.01998475,0.01998475,37631,116,1
nan,nan,0.00000000,-1.00000000,0.00000000,93.94195834,nan,0.00000000,-2147483648,116,1
nan,nan,0.00000000,-1.00000000,0.00000000,93.85322580,nan,0.00000000,-2147483648,116,1
nan,nan,0.00000000,-1.00000000,0.00000000,93.69723542,nan,0.00000000,-2147483648,116,1
nan,nan,0.00000000,-1.00000000,0.00000000,93.65250120,nan,0.00000000,-2147483648,116,1
5311.13576831,5311.13733163,0.00000000,3780.58984067,0.12887629,93.50458521,0.01998474,0.01998475,37628,116,1
5311.29516259,5311.27852428,0.00000000,3789.81055124,0.10348281,93.29627732,0.01998481,0.01998475,37627,116,1
nan,nan,0.00000000,-1.00000000,0.00000000,93.13277534,nan,0.00000000,-2147483648,116,1
nan,nan,0.00000000,-1.00000000,0.00000000,93.04139705,nan,0.00000000,-2147483648,116,1
5311.57288089,5311.56093215,0.00000000,3805.91075265,0.23305998,92.92881183,0.01998479,0.01998475,37625,116,1
5311.57288089,5311.56093215,0.00000000,3805.91075265,0.23305998,92.92881183,0.01998479,0.01998475,37625,116,1
5311.72604914,5311.70214736,0.00000000,3814.80933570,0.39105477,92.72367468,0.01998484,0.01998475,37624,116,1
5311.84444036,5311.84337009,3821.61668901,3821.67897484,0.26743377,92.56431860,0.01998475,0.01998475,37623,116,0
5311.84444036,5311.84337009,3821.61668901,3821.67897484,0.26743377,92.56431860,0.01998475,0.01998475,37623,116,0
5311.98365075,5311.98460034,3829.84143590,3829.78609666,0.24431538,92.37514570,0.01998474,0.01998475,37622,116,0
5312.10589217,5312.12583811,0.00000000,3836.93556839,0.25331466,92.20732171,0.01998467,0.01998475,37621,116,1
5312.25963035,5312.26708341,0.00000000,3845.91486663,0.14178195,91.99522235,0.01998472,0.01998475,37620,116,1
nan,nan,0.00000000,-1.00000000,0.00000000,91.75524778,nan,0.00000000,-2147483648,116,1
5312.53768479,5312.54959656,0.00000000,3862.19029884,0.15814857,91.60703187,0.01998470,0.01998475,37618,116,1
5312.69255262,5312.69086442,0.00000000,3871.27502846,0.27048742,91.38824993,0.01998476,0.01998475,37617,116,1
5312.69255262,5312.69086442,0.00000000,3871.27502846,0.27048742,91.38824993,0.01998476,0.01998475,37617,116,1
5312.84476806,5312.83213980,0.00000000,3880.21805955,0.24219931,91.17141330,0.01998480,0.01998475,37616,116,1
5312.84476806,5312.83213980,0.00000000,3880.21805955,0.24219931,91.17141330,0.01998480,0.01998475,37616,116,1
nan,nan,0.00000000,-1.00000000,0.00000000,91.03044775,nan,0.00000000,-2147483648,116,1
5313.11381674,5313.11471314,3896.07746090,3896.02460376,0.13670973,90.78460533,0.01998474,0.01998475,37614,116,0
5313.11381674,5313.11471314,3896.07746090,3896.02460376,0.13670973,90.78460533,0.01998474,0.01998475,37614,116,0
nan,nan,0.00000000,-1.00000000,0.00000000,90.56294591,nan,0.00000000,-2147483648,116,1
nan,nan,0.00000000,-1.00000000,0.00000000,90.28929424,nan,0.00000000,-2147483648,116,1
5313.53883352,5313.53862959,3921.12915219,3921.14122884,0.14222238,90.16064212,0.01998475,0.01998475,37611,116,0
5313.69097433,5313.67995012,0.00000000,3930.18889941,0.24420963,89.93307514,0.01998479,0.01998475,37610,116,1
5313.69097433,nan,0.00000000,3930.18889941,0.24420963,89.93307514,0.01998479,0.01998475,37610,116,1
5313.79401986,nan,0.00000000,3936.30378609,0.17561669,89.77843525,0.01998465,0.01998475,37609,116,1
nan,nan,0.00000000,-1.00000000,0.00000000,89.53184210,nan,0.00000000,-2147483648,116,1
5314.03437267,nan,0.00000000,3950.59213126,0.33887726,89.41446328,0.01998555,0.01998475,37609,116,1
5314.03437267,nan,0.00000000,3950.59213126,0.33887726,89.41446328,0.01998555,0.01998475,37609,116,1
5314.23970544,5314.24530754,0.00000000,3962.82697891,3.80009436,89.09987384,0.01998473,0.01998475,37606,116,1
5314.23970544,5314.24530754,0.00000000,3962.82697891,3.80009436,89.09987384,0.01998473,0.01998475,37606,116,1
5314.37150248,5314.38666572,0.00000000,3970.69401619,0.00696968,88.89616759,0.01998469,0.01998475,37605,116,1
5314.37150248,5314.38666572,0.00000000,3970.69401619,0.00696968,88.89616759,0.01998469,0.01998475,37605,116,1
nan,nan,0.00000000,-1.00000000,0.00000000,88.73207850,nan,0.00000000,-2147483648,116,1
nan,nan,0.00000000,-1.00000000,0.00000000,88.65376394,nan,0.00000000,-2147483648,116,1
nan,nan,0.00000000,-1.00000000,0.00000000,88.41784984,nan,0.00000000,-2147483648,116,1
5314.80235038,5314.81078542,0.00000000,3996.48774234,0.09917136,88.22046763,0.01998472,0.01998475,37602,116,1
nan,nan,0.00000000,-1.00000000,0.00000000,88.10103556,nan,0.00000000,-2147483648,116,1
nan,nan,0.00000000,-1.00000000,0.00000000,88.02142842,nan,0.00000000,-2147483648,116,1
nan,nan,0.00000000,-1.00000000,0.00000000,87.96826737,nan,0.00000000,-2147483648,116,1
nan,nan,0.00000000,-1.00000000,0.00000000,87.88839142,nan,0.00000000,-2147483648,116,1
5315.12014305,5315.09356955,0.00000000,4015.58861897,0.21588675,87.71240162,0.01998485,0.01998475,37600,116,1
5315.12014305,5315.09356955,0.00000000,4015.58861897,0.21588675,87.71240162,0.01998485,0.01998475,37600,116,1
5315.21912743,5315.23497291,0.00000000,4021.55126427,0.06727007,87.55246258,0.01998469,0.01998475,37599,116,1
5315.21912743,5315.23497291,0.00000000,4021.55126427,0.06727007,87.55246258,0.01998469,0.01998475,37599,116,1
5315.38514857,5315.37638380,0.00000000,4031.56625715,0.18764723,87.28239470,0.01998479,0.01998475,37598,116,1
nan,nan,0.00000000,-1.00000000,0.00000000,87.16226052,nan,0.00000000,-2147483648,116,1
nan,nan,0.00000000,-1.00000000,0.00000000,87.10795479,nan,0.00000000,-2147483648,116,1
nan,nan,0.00000000,-1.00000000,0.00000000,86.86269577,nan,0.00000000,-2147483648,116,1
5315.79312868,nan,0.00000000,4056.25306919,0.07665195,86.60903484,0.01998472,0.01998475,37595,116,1
nan,nan,0.00000000,-1.00000000,0.00000000,86.47831206,nan,0.00000000,-2147483648,116,1
5315.95119460,nan,0.00000000,4065.84687421,0.02637995,86.34442324,0.01998479,0.01998475,37594,116,1
5316.06886904,5316.08355129,0.00000000,4072.99981114,0.01640106,86.14606911,0.01998470,0.01998475,37593,116,1
5316.06886904,5316.08355129,0.00000000,4072.99981114,0.01640106,86.14606911,0.01998470,0.01998475,37593,116,1
nan,nan,0.00000000,-1.00000000,0.00000000,85.95107054,nan,0.00000000,-2147483648,116,1
nan,nan,0.00000000,-1.00000000,0.00000000,85.89519835,nan,0.00000000,-2147483648,116,1
5316.28162566,nan,0.00000000,4085.95568383,0.29513902,85.78448294,0.01998550,0.01998475,37593,116,1
nan,nan,0.00000000,-1.00000000,0.00000000,85.64289522,nan,0.00000000,-2147483648,116,1
5284.40535729,nan,0.00000000,502.00000000,nan,100.66784528,0.01998509,0.01998472,37819,115,1
nan,nan,0.00000000,-1.00000000,0.00000000,100.98685500,nan,0.00000000,-2147483648,115,1
nan,nan,0.00000000,-1.00000000,0.00000000,101.14592028,nan,0.00000000,-2147483648,115,1
5284.85871875,5284.86587926,0.00000000,518.84850414,0.21271926,101.33833446,0.01998469,0.01998472,37815,115,1
5284.85871875,5284.86587926,0.00000000,518.84850414,0.21271926,101.33833446,0.01998469,0.01998472,37815,115,1
5285.13252464,5285.14547858,0.00000000,529.03840581,0.01292428,101.74131928,0.01998467,0.01998472,37813,115,1
5285.13252464,5285.14547858,0.00000000,529.03840581,0.01292428,101.74131928,0.01998467,0.01998472,37813,115,1
5285.25809508,nan,0.00000000,533.71522677,0.04650739,101.92563842,0.01998515,0.01998472,37813,115,1
nan,nan,0.00000000,-1.00000000,0.00000000,102.17269723,nan,0.00000000,-2147483648,115,1
nan,nan,0.00000000,-1.00000000,0.00000000,102.60337096,nan,0.00000000,-2147483648,115,1
5285.84734599,5285.84460675,0.00000000,555.69215688,0.06977116,102.78640344,0.01998473,0.01998472,37808,115,1
5285.84734599,5285.84460675,0.00000000,555.69215688,0.06977116,102.78640344,0.01998473,0.01998472,37808,115,1
nan,nan,0.00000000,-1.00000000,0.00000000,102.99296555,nan,0.00000000,-2147483648,115,1
nan,nan,0.00000000,-1.00000000,0.00000000,103.07066417,nan,0.00000000,-2147483648,115,1
nan,nan,0.00000000,-1.00000000,0.00000000,103.14828933,nan,0.00000000,-2147483648,115,1
nan,nan,0.00000000,-1.00000000,0.00000000,103.26458934,nan,0.00000000,-2147483648,115,1
nan,nan,0.00000000,-1.00000000,0.00000000,103.34203084,nan,0.00000000,-2147483648,115,1
5286.36526550,5286.26417273,0.00000000,575.05044306,0.07289254,103.53726075,0.01998510,0.01998472,37805,115,1
5286.36526550,5286.26417273,0.00000000,575.05044306,0.07289254,103.53726075,0.01998510,0.01998472,37805,115,1
5286.52643603,5286.54392051,0.00000000,581.08253007,0.12749314,103.76982293,0.01998466,0.01998472,37803,115,1
5286.52643603,5286.54392051,0.00000000,581.08253007,0.12749314,103.76982293,0.01998466,0.01998472,37803,115,1
5286.61696556,nan,0.00000000,584.47242886,0.23102111,103.90022423,0.01998553,0.01998472,37804,115,1
nan,nan,0.00000000,-1.00000000,0.00000000,104.18903653,nan,0.00000000,-2147483648,115,1
nan,nan,0.00000000,-1.00000000,0.00000000,104.38029700,nan,0.00000000,-2147483648,115,1
nan,nan,0.00000000,-1.00000000,0.00000000,104.49483258,nan,0.00000000,-2147483648,115,1
nan,nan,0.00000000,-1.00000000,0.00000000,104.60920262,nan,0.00000000,-2147483648,115,1
nan,nan,0.00000000,-1.00000000,0.00000000,104.68535732,nan,0.00000000,-2147483648,115,1
nan,nan,0.00000000,-1.00000000,0.00000000,104.83744595,nan,0.00000000,-2147483648,115,1
5287.40651082,nan,0.00000000,614.08839699,0.07298126,105.03049228,0.01998481,0.01998472,37797,115,1
5287.53242397,5287.52327171,0.00000000,618.81996056,0.18078191,105.20957326,0.01998476,0.01998472,37796,115,1
5287.53242397,5287.52327171,0.00000000,618.81996056,0.18078191,105.20957326,0.01998476,0.01998472,37796,115,1
nan,nan,0.00000000,-1.00000000,0.00000000,105.44285564,nan,0.00000000,-2147483648,115,1
nan,nan,0.00000000,-1.00000000,0.00000000,105.63107953,nan,0.00000000,-2147483648,115,1
nan,nan,0.00000000,-1.00000000,0.00000000,105.78132710,nan,0.00000000,-2147483648,115,1
5288.21586772,5288.22303117,0.00000000,644.54367433,0.15217902,106.17595482,0.01998470,0.01998472,37791,115,1
5288.21586772,5288.22303117,0.00000000,644.54367433,0.15217902,106.17595482,0.01998470,0.01998472,37791,115,1
nan,nan,0.00000000,-1.00000000,0.00000000,106.37936922,nan,0.00000000,-2147483648,115,1
nan,nan,0.00000000,-1.00000000,0.00000000,106.52814245,nan,0.00000000,-2147483648,115,1
5288.62300305,5288.64297603,0.00000000,659.90088800,0.06673576,106.74707733,0.01998465,0.01998472,37788,115,1
nan,nan,0.00000000,-1.00000000,0.00000000,106.93574744,nan,0.00000000,-2147483648,115,1
nan,nan,0.00000000,-1.00000000,0.00000000,107.15713665,nan,0.00000000,-2147483648,115,1
nan,nan,0.00000000,-1.00000000,0.00000000,107.23078543,nan,0.00000000,-2147483648,115,1
nan,nan,0.00000000,-1.00000000,0.00000000,107.37786154,nan,0.00000000,-2147483648,115,1
nan,nan,0.00000000,-1.00000000,0.00000000,107.78079792,nan,0.00000000,-2147483648,115,1
nan,nan,0.00000000,-1.00000000,0.00000000,107.96321221,nan,0.00000000,-2147483648,115,1
5289.64150729,5289.62310761,0.00000000,698.42893641,0.10277428,108.16075243,0.01998479,0.01998473,37781,115,1
5289.64150729,5289.62310761,0.00000000,698.42893641,0.10277428,108.16075243,0.01998479,0.01998473,37781,115,1
5289.89253406,5289.90321213,0.00000000,707.94909018,0.11674489,108.50584315,0.01998469,0.01998473,37779,115,1
5290.04885771,5290.04327555,0.00000000,713.88252684,0.14544359,108.72007364,0.01998475,0.01998473,37778,115,1
5290.17894658,5290.18334641,0.00000000,718.82305811,0.13580947,108.89795806,0.01998471,0.01998473,37777,115,1
5290.30953614,nan,0.00000000,723.78522707,0.15816582,109.07616722,0.01998467,0.01998473,37776,115,1
5290.46465925,5290.46351045,729.65343932,729.69712407,0.32528669,109.28788998,0.01998473,0.01998473,37775,115,0
nan,nan,0.00000000,-1.00000000,0.00000000,109.65532148,nan,0.00000000,-2147483648,115,1
5290.88210076,5290.88381232,0.00000000,745.57278221,0.56239612,109.85324496,0.01998472,0.01998473,37772,115,1
5290.88210076,5290.88381232,0.00000000,745.57278221,0.56239612,109.85324496,0.01998472,0.01998473,37772,115,1
nan,nan,0.00000000,-1.00000000,0.00000000,110.22203467,nan,0.00000000,-2147483648,115,1
nan,nan,0.00000000,-1.00000000,0.00000000,110.29254051,nan,0.00000000,-2147483648,115,1
5291.34484076,nan,0.00000000,763.21845811,0.14233036,110.47615752,0.01998541,0.01998473,37770,115,1
5291.34484076,nan,0.00000000,763.21845811,0.14233036,110.47615752,0.01998541,0.01998473,37770,115,1
nan,nan,0.00000000,-1.00000000,0.00000000,110.81897230,nan,0.00000000,-2147483648,115,1
5291.74467432,nan,0.00000000,778.49229249,0.19100753,111.01068394,0.01998480,0.01998473,37766,115,1
5291.74467432,5291.72461701,0.00000000,778.49229249,0.19100753,111.01068394,0.01998480,0.01998473,37766,115,1
5291.88177966,5291.86477718,0.00000000,783.73556512,0.23198399,111.19318165,0.01998479,0.01998473,37765,115,1
nan,nan,0.00000000,-1.00000000,0.00000000,111.37590308,nan,0.00000000,-2147483648,115,1
nan,nan,0.00000000,-1.00000000,0.00000000,111.58352824,nan,0.00000000,-2147483648,115,1
nan,nan,0.00000000,-1.00000000,0.00000000,111.72157401,nan,0.00000000,-2147483648,115,1
nan,nan,0.00000000,-1.00000000,0.00000000,111.92808604,nan,0.00000000,-2147483648,115,1
nan,nan,0.00000000,-1.00000000,0.00000000,112.09966904,nan,0.00000000,-2147483648,115,1
nan,nan,0.00000000,-1.00000000,0.00000000,112.30495609,nan,0.00000000,-2147483648,115,1
nan,nan,0.00000000,-1.00000000,0.00000000,112.44144280,nan,0.00000000,-2147483648,115,1
5292.98260573,5292.98632667,0.00000000,825.94190782,0.28494030,112.64364215,0.01998471,0.01998473,37757,115,1
5292.98260573,5292.98632667,0.00000000,825.94190782,0.28494030,112.64364215,0.01998471,0.01998473,37757,115,1
nan,nan,0.00000000,-1.00000000,0.00000000,112.84912004,nan,0.00000000,-2147483648,115,1
nan,nan,0.00000000,-1.00000000,0.00000000,112.95062138,nan,0.00000000,-2147483648,115,1
nan,nan,0.00000000,-1.00000000,0.00000000,113.01819604,nan,0.00000000,-2147483648,115,1
5293.42267099,5293.40703064,0.00000000,842.86833584,0.06339145,113.21604239,0.01998479,0.01998473,37754,115,1
nan,nan,0.00000000,-1.00000000,0.00000000,113.22047400,nan,0.00000000,-2147483648,115,1
nan,nan,0.00000000,-1.00000000,0.00000000,113.35495425,nan,0.00000000,-2147483648,115,1
5293.69569522,5293.68753721,0.00000000,853.38543688,0.01118004,113.56901662,0.01998476,0.01998473,37752,115,1
5293.82823296,5293.82780168,858.48188440,858.49851632,0.07853615,113.73987847,0.01998473,0.01998473,37751,115,0
5293.82823296,5293.82780168,858.48188440,858.49851632,0.07853615,113.73987847,0.01998473,0.01998473,37751,115,0
5294.11489450,5294.10835297,0.00000000,869.55675274,0.09381005,114.10774433,0.01998475,0.01998473,37749,115,1
5294.11489450,5294.10835297,0.00000000,869.55675274,0.09381005,114.10774433,0.01998475,0.01998473,37749,115,1
nan,nan,0.00000000,-1.00000000,0.00000000,114.28798509,nan,0.00000000,-2147483648,115,1
5294.37348259,5294.38893407,0.00000000,879.54644167,0.28819519,114.43810755,0.01998467,0.01998473,37747,115,1
nan,nan,0.00000000,-1.00000000,0.00000000,114.61767524,nan,0.00000000,-2147483648,115,1
nan,nan,0.00000000,-1.00000000,0.00000000,114.78182219,nan,0.00000000,-2147483648,115,1
5294.81736031,5294.80986165,0.00000000,896.71960297,0.23304558,115.00168942,0.01998476,0.01998473,37744,115,1
5294.96911980,5294.95018576,0.00000000,902.59841739,0.15876049,115.19335606,0.01998480,0.01998473,37743,115,1
5295.09509705,5295.09051732,0.00000000,907.48136027,0.21375393,115.35206486,0.01998475,0.01998473,37742,115,1
nan,nan,0.00000000,-1.00000000,0.00000000,115.53090070,nan,0.00000000,-2147483648,115,1
5295.35572223,5295.37120283,0.00000000,917.59162181,0.01520422,115.67926319,0.01998467,0.01998473,37740,115,1
nan,nan,0.00000000,-1.00000000,0.00000000,115.85351226,nan,0.00000000,-2147483648,115,1
5295.64531416,5295.65191817,0.00000000,928.83872999,0.08191898,116.04101436,0.01998471,0.01998473,37738,115,1
5295.78499860,5295.79228703,0.00000000,934.26873160,0.13443009,116.21482020,0.01998470,0.01998473,37737,115,1
5295.78499860,5295.79228703,0.00000000,934.26873160,0.13443009,116.21482020,0.01998470,0.01998473,37737,115,1
5296.07167501,5296.07304713,945.49603415,945.44261575,0.15207167,116.57074824,0.01998473,0.01998473,37735,115,0
nan,nan,0.00000000,-1.00000000,0.00000000,116.74690323,nan,0.00000000,-2147483648,115,1
5296.34191345,5296.35383707,0.00000000,955.95016076,0.08788808,116.90332537,0.01998469,0.01998473,37733,115,1
5296.34191345,5296.35383707,0.00000000,955.95016076,0.08788808,116.90332537,0.01998469,0.01998473,37733,115,1
5296.49148128,5296.49424324,0.00000000,961.78186162,0.22373045,117.08701675,0.01998472,0.01998473,37732,115,1
5296.65044600,5296.63465687,0.00000000,967.98406444,0.22892992,117.28168166,0.01998479,0.01998473,37731,115,1
5296.77927546,5296.77507797,0.00000000,973.01361920,0.04382555,117.43901383,0.01998475,0.01998473,37730,115,1
5296.91437313,5296.91550653,978.35720692,978.31290991,0.48598854,117.60427253,0.01998473,0.01998473,37729,115,0
5297.03696129,5297.05594255,0.00000000,983.08217244,0.13504044,117.75255367,0.01998466,0.01998473,37728,115,1
5297.19452848,5297.19638604,989.34156740,989.26888155,0.15122046,117.94427133,0.01998473,0.01998473,37727,115,0
5297.33462854,5297.33683699,0.00000000,994.72689199,0.06232200,118.11281363,0.01998472,0.01998473,37726,115,1
5297.46446866,5297.47729542,0.00000000,999.81093458,0.07522269,118.26930690,0.01998468,0.01998473,37725,115,1
5297.62323891,5297.61776130,0.00000000,1006.03166661,0.23281177,118.46013142,0.01998475,0.01998473,37724,115,1
5297.75618395,5297.75823466,0.00000000,1011.24385280,0.06095782,118.61946098,0.01998473,0.01998473,37723,115,1
5297.91378214,5297.89871548,0.00000000,1017.42648885,0.11038343,118.80779696,0.01998479,0.01998473,37722,115,1
nan,nan,0.00000000,-1.00000000,0.00000000,118.97696476,nan,0.00000000,-2147483648,115,1
5298.17777254,5298.17969954,0.00000000,1027.79245821,0.12777414,119.12196111,0.01998473,0.01998473,37720,115,1
5298.31850197,5298.32020277,0.00000000,1033.32329327,0.06231338,119.28876280,0.01998473,0.01998473,37719,115,1
5298.45564837,5298.46071347,0.00000000,1038.71658978,0.19994247,119.45086504,0.01998472,0.01998473,37718,115,1
nan,nan,0.00000000,-1.00000000,0.00000000,119.60913639,nan,0.00000000,-2147483648,115,1
5298.73868938,5298.74175728,0.00000000,1049.85746771,0.26738229,119.78399330,0.01998472,0.01998473,37716,115,1
5298.88744335,5298.88229039,0.00000000,1055.71818194,0.28263980,119.95830390,0.01998475,0.01998473,37715,115,1
5299.01020717,nan,0.00000000,1060.55780828,0.10653153,120.10175998,0.01998469,0.01998473,37714,115,1
5299.15475180,5299.16337903,0.00000000,1066.25944103,0.16070367,120.27020450,0.01998470,0.01998473,37713,115,1
5299.30603475,5299.30393457,0.00000000,1072.23076653,0.07110237,120.44596339,0.01998474,0.01998473,37712,115,1
5299.30603475,5299.30393457,0.00000000,1072.23076653,0.07110237,120.44596339,0.01998474,0.01998473,37712,115,1
5299.45212536,nan,0.00000000,1078.00093492,0.08917050,120.61516643,0.01998476,0.01998474,37711,115,1
5299.58149652,5299.58506805,0.00000000,1083.11384719,0.06972986,120.76457458,0.01998472,0.01998474,37710,115,1
nan,nan,0.00000000,-1.00000000,0.00000000,120.90689831,nan,0.00000000,-2147483648,115,1
nan,nan,0.00000000,-1.00000000,0.00000000,121.08105358,nan,0.00000000,-2147483648,115,1
5299.99170613,nan,0.00000000,1099.34526636,0.13537879,121.23563578,0.01998468,0.01998474,37707,115,1
5300.15813925,5300.14742472,0.00000000,1105.93923818,0.41005828,121.42559125,0.01998478,0.01998474,37706,115,1
nan,nan,0.00000000,-1.00000000,0.00000000,121.54216541,nan,0.00000000,-2147483648,115,1
5300.44552646,5300.42864791,0.00000000,1117.33685753,0.09133359,121.75200310,0.01998480,0.01998474,37704,115,1
5300.44552646,5300.42864791,0.00000000,1117.33685753,0.09133359,121.75200310,0.01998480,0.01998474,37704,115,1
5300.56441711,5300.56927072,0.00000000,1122.05627590,0.33846860,121.88644664,0.01998472,0.01998474,37703,115,1
5300.70772355,5300.70990101,0.00000000,1127.74822855,0.20232465,122.04803864,0.01998473,0.01998474,37702,115,1
5300.84956867,5300.85053878,1133.43155758,1133.39299224,0.15223348,122.20769001,0.01998473,0.01998474,37701,115,0
nan,nan,0.00000000,-1.00000000,0.00000000,122.33754683,nan,0.00000000,-2147483648,115,1
5301.12692953,5301.13183676,0.00000000,1144.41958505,0.13975171,122.51782941,0.01998472,0.01998474,37699,115,1
5301.12692953,5301.13183676,0.00000000,1144.41958505,0.13975171,122.51782941,0.01998472,0.01998474,37699,115,1
5301.26861313,5301.27249697,0.00000000,1150.06129224,0.06442371,122.67562732,0.01998472,0.01998474,37698,115,1
5301.26861313,5301.27249697,0.00000000,1150.06129224,0.06442371,122.67562732,0.01998472,0.01998474,37698,115,1
5301.41709911,5301.41316466,0.00000000,1155.97773055,0.09056266,122.84046677,0.01998475,0.01998474,37697,115,1
5301.56503272,5301.55383983,0.00000000,1161.87610326,0.21471658,123.00414785,0.01998478,0.01998474,37696,115,1
5301.68038452,5301.69452249,0.00000000,1166.47811892,0.20944449,123.13140044,0.01998468,0.01998474,37695,115,1
nan,nan,0.00000000,-1.00000000,0.00000000,123.33853415,nan,0.00000000,-2147483648,115,1
5301.97863899,5301.97591024,0.00000000,1178.38827130,0.11007726,123.45888457,0.01998475,0.01998474,37693,115,1
5302.11263040,5302.11661534,0.00000000,1183.74417827,0.08848346,123.60528193,0.01998472,0.01998474,37692,115,1
5302.25383910,5302.25732793,0.00000000,1189.39210532,0.20336092,123.75907661,0.01998473,0.01998474,37691,115,1
5302.39176629,5302.39804800,0.00000000,1194.91228661,0.33470074,123.90881262,0.01998471,0.01998474,37690,115,1
5302.52874685,5302.53877556,0.00000000,1200.39801640,0.29825355,124.05704591,0.01998470,0.01998474,37689,115,1
5302.67694372,5302.67951060,0.00000000,1206.33679443,0.02816071,124.21688263,0.01998473,0.01998474,37688,115,1
5302.82892608,5302.82025313,0.00000000,1212.43144953,0.09894532,124.38022415,0.01998477,0.01998474,37687,115,1
5302.97710189,5302.96100315,0.00000000,1218.37754133,0.12713177,124.53890986,0.01998480,0.01998474,37686,115,1
5303.10862787,5303.10176065,0.00000000,1223.65888252,0.03790130,124.67929664,0.01998477,0.01998474,37685,115,1
5303.23695423,5303.24252564,0.00000000,1228.81481891,0.14423162,124.81584302,0.01998472,0.01998474,37684,115,1
5303.37737030,5303.38329812,0.00000000,1234.45998463,0.14419251,124.96477136,0.01998472,0.01998474,37683,115,1
5303.52456631,5303.52407808,1240.36791735,1240.38756706,0.10795054,125.12050388,0.01998474,0.01998474,37682,115,0
5303.67239935,5303.66486554,0.00000000,1246.33297517,0.21801142,125.27603942,0.01998477,0.01998474,37681,115,1
5303.81068874,5303.80566049,0.00000000,1251.90378485,0.14337224,125.42117047,0.01998476,0.01998474,37680,115,1
5303.96161052,5303.94646292,0.00000000,1257.98753942,0.17061737,125.57899630,0.01998480,0.01998474,37679,115,1
5304.09734199,5304.08727285,0.00000000,1263.46259513,0.04533045,125.72043438,0.01998478,0.01998474,37678,115,1
5304.37470584,5304.36891518,0.00000000,1274.66145806,0.10879283,126.00797535,0.01998476,0.01998474,37676,115,1
5304.37470584,5304.36891518,0.00000000,1274.66145806,0.10879283,126.00797535,0.01998476,0.01998474,37676,115,1
5304.50943565,5304.50974758,1280.12589104,1280.11327990,0.04990363,126.14709942,0.01998474,0.01998474,37675,115,0
nan,nan,0.00000000,-1.00000000,0.00000000,126.29669174,nan,0.00000000,-2147483648,115,1
5304.79435276,5304.79143487,0.00000000,1291.63264501,0.20189028,126.43921517,0.01998475,0.01998474,37673,115,1
nan,nan,0.00000000,-1.00000000,0.00000000,126.57446862,nan,0.00000000,-2147483648,115,1
5305.07693884,5305.07315213,0.00000000,1303.07961750,0.26833001,126.72701354,0.01998476,0.01998474,37671,115,1
5305.21972737,5305.21402200,0.00000000,1308.86944372,0.08251173,126.87163834,0.01998476,0.01998474,37670,115,1
5305.34439102,5305.35489937,0.00000000,1313.92750847,0.14556925,126.99746617,0.01998470,0.01998474,37669,115,1
5305.49767862,5305.49578423,0.00000000,1320.15101385,0.16942363,127.15162309,0.01998475,0.01998474,37668,115,1
nan,nan,0.00000000,-1.00000000,0.00000000,127.27122579,nan,0.00000000,-2147483648,115,1
5305.78207716,5305.77757645,0.00000000,1331.70954512,0.05038196,127.43598734,0.01998476,0.01998474,37666,115,1
5305.90986078,5305.91848381,0.00000000,1336.90797788,0.14927572,127.56305657,0.01998471,0.01998474,37665,115,1
5306.06575796,5306.05939866,0.00000000,1343.25436457,0.08869881,127.71749357,0.01998477,0.01998474,37664,115,1
5306.20358584,5306.20032102,0.00000000,1348.86907143,0.19483838,127.85349053,0.01998475,0.01998474,37663,115,1
5306.34248606,5306.34125087,1354.48876632,1354.53912576,0.15034768,127.99022310,0.01998475,0.01998474,37662,115,0
5306.47882198,5306.48218822,0.00000000,1360.09237416,0.22021416,128.12354951,0.01998473,0.01998474,37661,115,1
5306.62842253,5306.62313307,0.00000000,1366.19879240,0.20489464,128.26948342,0.01998476,0.01998474,37660,115,1
nan,nan,0.00000000,-1.00000000,0.00000000,128.38372942,nan,0.00000000,-2147483648,115,1
5306.90136294,5306.90504528,0.00000000,1377.35092823,0.12706682,128.53418133,0.01998473,0.01998474,37658,115,1
5307.05241317,5307.04601264,0.00000000,1383.52896957,0.14173083,128.67980514,0.01998477,0.01998474,37657,115,1
5307.18229442,5307.18698750,0.00000000,1388.84475538,0.28748848,128.80452631,0.01998473,0.01998474,37656,115,1
5307.32326097,5307.32796986,0.00000000,1394.61798202,0.18583971,128.93937415,0.01998473,0.01998474,37655,115,1
5307.47237911,5307.46895972,0.00000000,1400.72930169,0.06866925,129.08143137,0.01998476,0.01998474,37654,115,1
5307.62080112,5307.60995709,0.00000000,1406.81643829,0.18961379,129.22222337,0.01998478,0.01998474,37653,115,1
5307.75580560,5307.75096196,0.00000000,1412.35706455,0.25604505,129.34976478,0.01998476,0.01998474,37652,115,1
5307.89901982,5307.89197434,0.00000000,1418.23856012,0.05791901,129.48451645,0.01998477,0.01998474,37651,115,1
5308.03892393,5308.03299423,0.00000000,1423.98804071,0.36063991,129.61561002,0.01998477,0.01998474,37650,115,1
5308.17040293,5308.17402162,0.00000000,1429.39482621,0.21591650,129.73831831,0.01998473,0.01998474,37649,115,1
5308.31893798,5308.31505651,0.00000000,1435.50714254,0.18624490,129.87637160,0.01998476,0.01998474,37648,115,1
5308.45680065,5308.45609892,1441.15947655,1441.18837724,0.07266528,130.00405342,0.01998475,0.01998474,37647,115,0
5308.60316203,5308.59714883,0.00000000,1447.21542496,0.12155662,130.13883825,0.01998477,0.01998474,37646,115,1
5308.73445403,5308.73820625,0.00000000,1452.62930730,0.08087460,130.25932345,0.01998473,0.01998474,37645,115,1
5308.88102122,5308.87927117,1458.60485094,1458.67707168,0.17661640,130.39325834,0.01998475,0.01998475,37644,115,0
5309.01611118,5309.02034361,0.00000000,1464.25524230,0.07032595,130.51617853,0.01998473,0.01998475,37643,115,1
5309.01611118,5309.02034361,0.00000000,1464.25524230,0.07032595,130.51617853,0.01998473,0.01998475,37643,115,1
5309.28668762,5309.30251101,0.00000000,1475.43886051,0.20884723,130.76084190,0.01998469,0.01998475,37641,115,1
5309.43653976,nan,0.00000000,1481.63900674,0.05517284,130.89545961,0.01998472,0.01998475,37640,115,1
5309.58520002,5309.58470846,1487.77337966,1487.79374570,0.07751462,131.02836990,0.01998475,0.01998475,37639,115,0
5309.72075656,5309.72581845,0.00000000,1493.41102865,0.14924356,131.14904637,0.01998473,0.01998475,37638,115,1
5309.86596966,5309.86693595,1499.47519251,1499.43509974,0.05933318,131.27779626,0.01998474,0.01998475,37637,115,0
5310.00957528,5310.00806097,1505.33254119,1505.39541181,0.22536530,131.40450535,0.01998475,0.01998475,37636,115,0
5310.14006049,5310.14919350,0.00000000,1510.80833066,0.13884987,131.51899302,0.01998471,0.01998475,37635,115,1
5310.27028050,5310.29033354,0.00000000,1516.21860719,0.19393490,131.63286875,0.01998467,0.01998475,37634,115,1
5310.43172222,5310.43148110,1522.92675970,1522.93678711,0.22757281,131.77349945,0.01998475,0.01998475,37633,115,0
5310.56909999,5310.57263617,0.00000000,1528.64690985,0.18581183,131.89235454,0.01998473,0.01998475,37632,115,1
5310.71838860,5310.71379876,0.00000000,1534.86292654,0.06524742,132.02103545,0.01998476,0.01998475,37631,115,1
5310.84876006,5310.85496887,0.00000000,1540.29505313,0.17303368,132.13288747,0.01998472,0.01998475,37630,115,1
5310.84876006,5310.85496887,0.00000000,1540.29505313,0.17303368,132.13288747,0.01998472,0.01998475,37630,115,1
5311.00162069,5310.99614649,0.00000000,1546.66871680,0.24424299,132.26341147,0.01998477,0.01998475,37629,115,1
5311.14184836,5311.13733163,0.00000000,1552.51991139,0.05698023,132.38255619,0.01998476,0.01998475,37628,115,1
5311.28500398,5311.27852428,0.00000000,1558.49750694,0.13706432,132.50360264,0.01998477,0.01998475,37627,115,1
5311.41813592,5311.41972445,0.00000000,1564.06039656,0.17987793,132.61564096,0.01998474,0.01998475,37626,115,1
5311.55650723,5311.56093215,0.00000000,1569.84614454,0.14318837,132.73154341,0.01998473,0.01998475,37625,115,1
5311.70196145,5311.70214736,1575.94002403,1575.93224201,0.13442883,132.85277551,0.01998475,0.01998475,37624,115,0
5311.85463509,5311.84337009,0.00000000,1582.32549018,0.08862579,132.97936710,0.01998479,0.01998475,37623,115,1
5311.85463509,5311.84337009,0.00000000,1582.32549018,0.08862579,132.97936710,0.01998479,0.01998475,37623,115,1
5311.98723533,5311.98460034,0.00000000,1587.88202377,0.17441441,133.08875946,0.01998476,0.01998475,37622,115,1
5312.12590481,5312.12583811,1593.69345460,1593.69625232,0.08671788,133.20259616,0.01998475,0.01998475,37621,115,0
5312.27097985,5312.26708341,0.00000000,1599.78465757,0.18076584,133.32111145,0.01998476,0.01998475,37620,115,1
5312.40672959,5312.40833622,0.00000000,1605.48518274,0.12128574,133.43143688,0.01998474,0.01998475,37619,115,1
5312.54542855,5312.54959656,0.00000000,1611.31360229,0.08672855,133.54359801,0.01998473,0.01998475,37618,115,1
5312.69916028,5312.69086442,0.00000000,1617.77852217,0.10880570,133.66725136,0.01998478,0.01998475,37617,115,1
5312.83518872,5312.83213980,0.00000000,1623.50317245,0.04943101,133.77608141,0.01998476,0.01998475,37616,115,1
5312.97449228,5312.97342271,1629.32149481,1629.36655463,0.14142303,133.88690197,0.01998475,0.01998475,37615,115,0
5313.11383861,5313.11471314,1635.27605151,1635.23918200,0.13880963,133.99724098,0.01998475,0.01998475,37614,115,0
5313.25661875,5313.25601110,1641.23524744,1641.26088425,0.09052147,134.10969880,0.01998475,0.01998475,37613,115,0
5313.39092376,5313.39731658,0.00000000,1646.93210684,0.12267205,134.21497966,0.01998473,0.01998475,37612,115,1
5313.54056230,5313.53862959,0.00000000,1653.25201791,0.08108632,134.33158090,0.01998476,0.01998475,37611,115,1
5313.67801441,5313.67995012,0.00000000,1659.06151509,0.07770058,134.43809376,0.01998474,0.01998475,37610,115,1
5313.81251548,5313.82127819,0.00000000,1664.75025520,0.08344020,134.54176937,0.01998472,0.01998475,37609,115,1
5313.96546624,5313.96261378,0.00000000,1671.22411191,0.08871108,134.65900315,0.01998476,0.01998475,37608,115,1
5314.10753068,5314.10395689,0.00000000,1677.24176021,0.19309904,134.76725913,0.01998476,0.01998475,37607,115,1
5314.24764457,5314.24530754,0.00000000,1683.18110879,0.11579659,134.87342957,0.01998476,0.01998475,37606,115,1
5314.39725550,5314.38666572,0.00000000,1689.52778121,0.17410550,134.98613788,0.01998479,0.01998475,37605,115,1
5314.52269020,5314.52803142,0.00000000,1694.85265851,0.10298812,135.08010794,0.01998473,0.01998475,37604,115,1
5314.66982953,5314.66940466,1701.08236494,1701.10042323,0.18965343,135.18967507,0.01998475,0.01998475,37603,115,0
5314.81415810,5314.81078542,0.00000000,1707.23926349,0.21852044,135.29660683,0.01998476,0.01998475,37602,115,1
5314.94733002,5314.95217372,0.00000000,1712.90496259,0.16840500,135.39465909,0.01998473,0.01998475,37601,115,1
5315.09196403,5315.09356955,0.00000000,1719.06276166,0.07793732,135.50053326,0.01998475,0.01998475,37600,115,1
5315.22477531,5315.23497291,0.00000000,1724.72130108,0.03030019,135.59718552,0.01998471,0.01998475,37599,115,1
5315.22477531,5315.23497291,0.00000000,1724.72130108,0.03030019,135.59718552,0.01998471,0.01998475,37599,115,1
5315.36967856,5315.37638380,0.00000000,1730.89951120,0.07054741,135.70201640,0.01998473,0.01998475,37598,115,1
5315.51942369,5315.51780223,0.00000000,1737.28908811,0.20018663,135.80966743,0.01998476,0.01998475,37597,115,1
5315.65828548,5315.65922819,1743.25718712,1743.21691907,0.12013206,135.90884217,0.01998475,0.01998475,37596,115,0
5315.81087086,5315.80066169,0.00000000,1749.73944632,0.15861328,136.01719127,0.01998479,0.01998475,37595,115,1
nan,nan,0.00000000,-1.00000000,0.00000000,136.10398536,nan,0.00000000,-2147483648,115,1
5316.08579316,5316.08355129,0.00000000,1761.50138396,0.24410939,136.21052191,0.01998476,0.01998475,37593,115,1
5316.22730029,5316.22500739,0.00000000,1767.56210269,0.11058291,136.30911043,0.01998476,0.01998475,37592,115,1
5316.36263544,5316.36647103,0.00000000,1773.36271867,0.14194850,136.40281089,0.01998474,0.01998475,37591,115,1
5316.50521651,5316.50794221,0.00000000,1779.47840044,0.16908333,136.50090478,0.01998474,0.01998475,37590,115,1
5316.64559864,5316.64942092,0.00000000,1785.50428223,0.12730989,136.59685948,0.01998474,0.01998475,37589,115,1
5316.79457943,5316.79090717,0.00000000,1791.90417588,0.07848551,136.69801021,0.01998477,0.01998475,37588,115,1
5316.93569686,5316.93240096,0.00000000,1797.97095610,0.12554274,136.79317348,0.01998477,0.01998475,37587,115,1
5317.07166206,5317.07390229,0.00000000,1803.82055371,0.14965219,136.88426402,0.01998475,0.01998475,37586,115,1
5317.20592056,nan,0.00000000,1809.60089066,0.13944305,136.97363364,0.01998472,0.01998475,37585,115,1
5317.35492244,5317.35692757,0.00000000,1816.02084432,0.09972419,137.07214381,0.01998475,0.01998475,37584,115,1
nan,nan,0.00000000,-1.00000000,0.00000000,137.17834079,nan,0.00000000,-2147483648,115,1
5317.64080692,5317.63998301,1828.31637895,1828.35194404,0.19302350,137.25914676,0.01998476,0.01998475,37582,115,0
5317.78209824,5317.78152205,1834.42837710,1834.45326773,0.19055921,137.35059914,0.01998476,0.01998475,37581,115,0
5317.92581059,5317.92306862,0.00000000,1840.66589652,0.17697000,137.44298842,0.01998477,0.01998475,37580,115,1
5318.07276004,5318.06462274,0.00000000,1847.02191783,0.04800305,137.53674625,0.01998479,0.01998476,37579,115,1
5318.20782270,5318.20618441,0.00000000,1852.86824705,0.12477485,137.62230337,0.01998476,0.01998476,37578,115,1
5318.34677541,5318.34775361,1858.92574550,1858.88335937,0.06423143,137.70964814,0.01998475,0.01998476,37577,115,0
5318.48579188,5318.48933036,0.00000000,1864.91388946,0.17549120,137.79652197,0.01998474,0.01998476,37576,115,1
5318.62644806,5318.63091466,0.00000000,1871.01606936,0.15051835,137.88371973,0.01998474,0.01998476,37575,115,1
5318.77080356,5318.77250650,0.00000000,1877.28359168,0.04211939,137.97253846,0.01998475,0.01998476,37574,115,1
5318.91426242,5318.91410589,1883.50547298,1883.51227770,0.08362578,138.06006211,0.01998476,0.01998476,37573,115,0
5319.05614688,5319.05571282,1889.66382525,1889.68270986,0.10339615,138.14603508,0.01998476,0.01998476,37572,115,0
5319.19735168,5319.19732730,1895.82769056,1895.82875225,0.12638879,138.23094380,0.01998476,0.01998476,37571,115,0
5319.34318418,5319.33894933,0.00000000,1902.18341588,0.17906734,138.31797437,0.01998477,0.01998476,37570,115,1
5319.48179219,5319.48057891,1908.17157505,1908.22449065,0.29996015,138.39999339,0.01998476,0.01998476,37569,115,0
5319.61883591,5319.62221603,0.00000000,1914.20273857,0.09433399,138.48047156,0.01998474,0.01998476,37568,115,1
5319.76551101,5319.76386071,0.00000000,1920.60568142,0.14757877,138.56590793,0.01998476,0.01998476,37567,115,1
5319.89758932,5319.90551293,0.00000000,1926.37584451,0.02633701,138.64222839,0.01998473,0.01998476,37566,115,1
5320.04831779,5320.04717271,1932.91843933,1932.96852197,0.16349167,138.72864758,0.01998476,0.01998476,37565,115,0
5320.18813996,5320.18884003,1939.11676403,1939.08612270,0.08855052,138.80809466,0.01998476,0.01998476,37564,115,0
5320.32914408,5320.33051491,1945.32004643,1945.26000129,0.14882098,138.88754579,0.01998475,0.01998476,37563,115,0
5320.47286246,5320.47219734,1951.52855851,1951.55771623,0.12471893,138.96783826,0.01998476,0.01998476,37562,115,0
5320.61750490,5320.61388732,0.00000000,1957.90130607,0.16277396,139.04794742,0.01998477,0.01998476,37561,115,1
5320.75954271,5320.75558485,0.00000000,1964.13610761,0.15846351,139.12593146,0.01998477,0.01998476,37560,115,1
5320.89595223,5320.89728994,1970.18797122,1970.12917569,0.09170264,139.20018979,0.01998475,0.01998476,37559,115,0
5321.04874222,5321.03900258,0.00000000,1976.84590108,0.04211389,139.28259675,0.01998480,0.01998476,37558,115,1
5321.18318211,5321.18072278,0.00000000,1982.76128956,0.18204874,139.35445611,0.01998477,0.01998476,37557,115,1
5321.32631150,5321.32245053,0.00000000,1989.06391668,0.05660203,139.43028159,0.01998477,0.01998476,37556,115,1
5321.46571329,5321.46418584,0.00000000,1995.20726886,0.20360611,139.50345803,0.01998476,0.01998476,37555,115,1
5321.60428917,5321.60592870,2001.39467649,2001.32234730,0.11506335,139.57557915,0.01998475,0.01998476,37554,115,0
5321.75074603,5321.74767912,0.00000000,2007.78349201,0.09158517,139.65100283,0.01998477,0.01998476,37553,115,1
5321.89439785,5321.88943710,0.00000000,2014.12936492,0.11543228,139.72430172,0.01998478,0.01998476,37552,115,1
5322.03931090,5322.03120263,0.00000000,2020.53617422,0.09943694,139.79752110,0.01998479,0.01998476,37551,115,1
5322.16926282,5322.17297572,0.00000000,2026.28600189,0.18259388,139.86256201,0.01998475,0.01998476,37550,115,1
5322.32154373,5322.31475637,0.00000000,2033.02918767,0.02665195,139.93803174,0.01998479,0.01998476,37549,115,1
5322.45719417,5322.45654458,2039.00294710,2039.03173405,0.17578603,140.00447851,0.01998476,0.01998476,37548,115,0
5322.59641550,5322.59834035,0.00000000,2045.21562926,0.08547835,140.07220998,0.01998475,0.01998476,37547,115,1
5322.74506196,5322.74014369,0.00000000,2051.81382479,0.12144290,140.14367026,0.01998478,0.01998476,37546,115,1
5322.88153592,5322.88195458,2057.87946177,2057.86086050,0.12524246,140.20842780,0.01998476,0.01998476,37545,115,0
nan,nan,0.00000000,-1.00000000,0.00000000,140.28397755,nan,0.00000000,-2147483648,115,1
5323.17802236,5323.16559905,0.00000000,2071.06427082,0.17054492,140.34738431,0.01998481,0.01998476,37543,115,1
5323.30703276,5323.30743262,2076.80955801,2076.79174345,0.07237264,140.40662156,0.01998476,0.01998476,37542,115,0
5323.30703276,5323.30743262,2076.80955801,2076.79174345,0.07237264,140.40662156,0.01998476,0.01998476,37542,115,0
5323.45857488,5323.44927376,0.00000000,2083.56385357,0.08296220,140.47585087,0.01998480,0.01998476,37541,115,1
5323.59254040,5323.59112247,2089.45944698,2089.52272792,0.04614498,140.53603868,0.01998477,0.01998476,37540,115,0
5323.73305521,5323.73297874,2095.79298548,2095.79640112,0.17569352,140.59866961,0.01998476,0.01998476,37539,115,0
5323.87315211,5323.87484257,0.00000000,2102.07173687,0.14302104,140.66056130,0.01998476,0.01998476,37538,115,1
5324.02534266,5324.01671397,0.00000000,2108.87708938,0.01525259,140.72682592,0.01998479,0.01998476,37537,115,1
5324.16080279,5324.15859293,0.00000000,2114.93938022,0.11604286,140.78510641,0.01998477,0.01998476,37536,115,1
5324.30269870,5324.30047946,0.00000000,2121.29481214,0.09579578,140.84544741,0.01998477,0.01998476,37535,115,1
5324.44506863,5324.44237356,0.00000000,2127.67675254,0.13262950,140.90525965,0.01998477,0.01998476,37534,115,1
5324.59442223,5324.58427522,0.00000000,2134.37744304,0.14282547,140.96721755,0.01998480,0.01998476,37533,115,1
5324.72804713,5324.72618445,0.00000000,2140.37742835,0.04749814,141.02196465,0.01998477,0.01998476,37532,115,1
5324.86416512,5324.86810125,0.00000000,2146.49418295,0.12609228,141.07706550,0.01998475,0.01998476,37531,115,1
5325.01020580,5325.01002562,2153.04210148,2153.05020876,0.13469664,141.13532550,0.01998476,0.01998476,37530,115,0
5325.15275852,5325.15195756,2159.43098357,2159.46705361,0.06940217,141.19154916,0.01998477,0.01998476,37529,115,0
5325.29298671,5325.29389706,2165.82578609,2165.78475379,0.12261887,141.24613139,0.01998476,0.01998476,37528,115,0
5325.43119490,5325.43584414,0.00000000,2172.02755657,0.15896245,141.29931334,0.01998475,0.01998476,37527,115,1
5325.58153639,5325.57779879,0.00000000,2178.81176201,0.18728108,141.35625849,0.01998478,0.01998476,37526,115,1
5325.71787635,5325.71976101,0.00000000,2184.96936235,0.12482242,141.40717848,0.01998476,0.01998476,37525,115,1
5325.85330080,5325.86173080,0.00000000,2191.09054139,0.14997835,141.45707519,0.01998473,0.01998476,37524,115,1
5326.00111130,5326.00370817,0.00000000,2197.77718726,0.11731314,141.51075846,0.01998475,0.01998476,37523,115,1
5326.14036211,5326.14569311,0.00000000,2204.08198827,0.08874154,141.56058908,0.01998474,0.01998476,37522,115,1
5326.28902012,5326.28768562,2210.75609726,2210.81661078,0.13727146,141.61297300,0.01998477,0.01998476,37521,115,0
5326.42454881,5326.42968571,0.00000000,2216.96524077,0.11953508,141.66003766,0.01998475,0.01998476,37520,115,1
5326.56918242,5326.57169337,0.00000000,2223.53043141,0.16379835,141.70948872,0.01998476,0.01998476,37519,115,1
5326.71645537,5326.71370860,0.00000000,2230.22127294,0.24354151,141.75903378,0.01998478,0.01998476,37518,115,1
5326.85651245,5326.85573141,2236.55555661,2236.59108509,0.05680470,141.80540203,0.01998477,0.01998476,37517,115,0
5326.99639222,5326.99776180,2243.01886800,2242.95651883,0.08710626,141.85095919,0.01998476,0.01998476,37516,115,0
5327.13993390,5327.13979977,2249.48763765,2249.49374907,0.10373845,141.89693510,0.01998477,0.01998476,37515,115,0
5327.27970907,5327.28184531,0.00000000,2255.86549320,0.11380497,141.94095644,0.01998476,0.01998477,37514,115,1
5327.42363003,5327.42389843,2262.44230304,2262.43005363,0.06007119,141.98549351,0.01998476,0.01998477,37513,115,0
5327.56731296,5327.56595913,2268.92857699,2268.99041874,0.16773616,142.02917428,0.01998477,0.01998477,37512,115,0
5327.70797558,5327.70802741,2275.42105487,2275.41868530,0.20364136,142.07117273,0.01998477,0.01998477,37511,115,0
5327.85439901,5327.85010326,0.00000000,2282.12053503,0.13560018,142.11411250,0.01998478,0.01998477,37510,115,1
5327.99345824,5327.99218670,2288.42475150,2288.48299260,0.09828946,142.15407846,0.01998477,0.01998477,37509,115,0
5328.13719183,5328.13427772,0.00000000,2295.07381538,0.07144104,142.19465794,0.01998478,0.01998477,37508,115,1
5328.27274155,5328.27637631,0.00000000,2301.29058616,0.06046779,142.23216868,0.01998475,0.01998477,37507,115,1
5328.41890853,5328.41848249,2307.97667689,2307.99624309,0.10253357,142.27179590,0.01998477,0.01998477,37506,115,0
5328.56251630,5328.56059626,0.00000000,2314.59796911,0.09944964,142.30996400,0.01998477,0.01998477,37505,115,1
5328.70046757,5328.70271760,0.00000000,2320.94145829,0.05939647,142.34584928,0.01998476,0.01998477,37504,115,1
5328.84648734,5328.84484653,0.00000000,2327.66183887,0.04606272,142.38302218,0.01998477,0.01998477,37503,115,1
5328.99530640,5328.98698304,0.00000000,2334.51728477,0.13944646,142.42004695,0.01998480,0.01998477,37502,115,1
5329.12865518,5329.12912714,2340.68284053,2340.66107493,0.03221194,142.45245997,0.01998477,0.01998477,37501,115,0
5329.27114897,5329.27127882,2347.24119795,2347.23520493,0.13748023,142.48633902,0.01998477,0.01998477,37500,115,0
5329.41172043,5329.41343808,0.00000000,2353.73324738,0.08791803,142.51900879,0.01998476,0.01998477,37499,115,1
5329.55480566,5329.55560494,2360.37575499,2360.33879906,0.15493893,142.55138633,0.01998476,0.01998477,37498,115,0
5329.68911994,5329.69777937,0.00000000,2366.56181500,0.19963634,142.58112077,0.01998474,0.01998477,37497,115,1
5329.84066068,5329.83996140,2373.53595934,2373.56835409,0.17126288,142.61370714,0.01998477,0.01998477,37496,115,0
nan,nan,0.00000000,-1.00000000,0.00000000,142.63831887,nan,0.00000000,-2147483648,115,1
5330.12653343,5330.12434821,0.00000000,2386.83554531,0.06185451,142.67282278,0.01998478,0.01998477,37494,115,1
5330.26626013,5330.26655300,2393.32731997,2393.31371304,0.09555268,142.70045719,0.01998477,0.01998477,37493,115,0
5330.41198601,5330.40876538,0.00000000,2400.09603492,0.06992856,142.72852359,0.01998478,0.01998477,37492,115,1
5330.55099612,5330.55098535,2406.55392057,2406.55442182,0.03305151,142.75442656,0.01998477,0.01998477,37491,115,0
5330.68710099,5330.69321291,0.00000000,2412.89887856,0.31366778,142.77909088,0.01998475,0.01998477,37490,115,1
5330.84012989,5330.83544806,0.00000000,2420.02992028,0.13081385,142.80588826,0.01998479,0.01998477,37489,115,1
5330.97974005,5330.97769080,0.00000000,2426.54169035,0.17881691,142.82950350,0.01998478,0.01998477,37488,115,1
nan,nan,0.00000000,-1.00000000,0.00000000,142.84866947,nan,0.00000000,-2147483648,115,1
5331.26194062,5331.26219905,2439.72607701,2439.71399730,0.09552939,142.87477791,0.01998477,0.01998477,37486,115,0
5331.40307263,5331.40446457,2446.37893734,2446.31381613,0.19720910,142.89620607,0.01998476,0.01998477,37485,115,0
5331.54934759,5331.54673768,0.00000000,2453.16960998,0.06665839,142.91757737,0.01998478,0.01998477,37484,115,1
5331.68987557,5331.68901838,2459.70400101,2459.74417921,0.08028811,142.93722207,0.01998477,0.01998477,37483,115,0
5331.83717652,5331.83130668,0.00000000,2466.66187919,0.15970186,142.95699358,0.01998479,0.01998477,37482,115,1
5331.97727674,5331.97360257,0.00000000,2473.23823851,0.23833465,142.97493524,0.01998478,0.01998477,37481,115,1
nan,nan,0.00000000,-1.00000000,0.00000000,142.98997015,nan,0.00000000,-2147483648,115,1
5332.25677034,5332.25821715,2486.43713510,2486.36904647,0.10347351,143.00826765,0.01998476,0.01998477,37479,115,0
5332.40748859,5332.40053583,0.00000000,2493.46968270,0.29570976,143.02490955,0.01998480,0.01998477,37478,115,1
5332.54489023,5332.54286211,0.00000000,2499.94308727,0.13149063,143.03923544,0.01998478,0.01998477,37477,115,1
5332.69003093,5332.68519598,0.00000000,2506.78736805,0.08430343,143.05350454,0.01998479,0.01998477,37476,115,1
5332.82975963,5332.82753746,0.00000000,2513.38253858,0.08325491,143.06640092,0.01998478,0.01998477,37475,115,1
5332.97469069,5332.96988653,0.00000000,2520.22959943,0.07816598,143.07890370,0.01998479,0.01998477,37474,115,1
5333.11411842,5333.11224320,0.00000000,2526.82277294,0.12498333,143.09008968,0.01998478,0.01998477,37473,115,1
5333.25613491,5333.25460747,0.00000000,2533.54453992,0.03743762,143.10063210,0.01998478,0.01998477,37472,115,1
5333.40440769,5333.39697934,0.00000000,2540.56909428,0.11591434,143.11071967,0.01998480,0.01998477,37471,115,1
5333.53794119,5333.53935882,2546.96579488,2546.89855176,0.03369706,143.11899519,0.01998477,0.01998477,37470,115,0
5333.67557720,5333.68174589,0.00000000,2553.43368834,0.14695844,143.12673011,0.01998475,0.01998477,37469,115,1
5333.82756947,5333.82414057,0.00000000,2560.65442366,0.10849720,143.13432008,0.01998479,0.01998477,37468,115,1
5333.96035090,5333.96654285,0.00000000,2566.96843389,0.18931644,143.14013407,0.01998475,0.01998477,37467,115,1
5334.11141508,5334.10895273,0.00000000,2574.15856694,0.11716054,143.14581982,0.01998478,0.01998477,37466,115,1
5334.25466070,5334.25137021,0.00000000,2580.98321386,0.14233592,143.15029555,0.01998479,0.01998477,37465,115,1
5334.39001474,5334.39379530,0.00000000,2587.43784786,0.09890522,143.15370325,0.01998476,0.01998477,37464,115,1
5334.53574460,5334.53622799,2594.40831520,2594.38523522,0.11830489,143.15647449,0.01998477,0.01998477,37463,115,0
5334.67843701,5334.67866829,2601.21236056,2601.20130769,0.09546433,143.15828997,0.01998477,0.01998477,37462,115,0
5334.81947067,5334.82111620,0.00000000,2607.95589227,0.13203078,143.15920637,0.01998477,0.01998477,37461,115,1
5334.96950382,5334.96357171,0.00000000,2615.13789120,0.07903047,143.15921688,0.01998480,0.01998477,37460,115,1
5335.11251257,5335.10603482,0.00000000,2621.99036537,0.18610118,143.15830079,0.01998480,0.01998477,37459,115,1
5335.25513499,5335.24850555,0.00000000,2628.83088824,0.20748043,143.15648429,0.01998480,0.01998477,37458,115,1
5335.39315065,5335.39098388,0.00000000,2635.45671622,0.02364565,143.15386557,0.01998478,0.01998477,37457,115,1
5335.53786337,5335.53346982,0.00000000,2642.41068406,0.09194100,143.15020775,0.01998479,0.01998477,37456,115,1
5335.67398649,5335.67596337,0.00000000,2648.95810174,0.11652134,143.14591250,0.01998477,0.01998477,37455,115,1
5335.81976181,5335.81846452,2655.89529441,2655.95778341,0.20228747,143.14040738,0.01998478,0.01998477,37454,115,0
5335.95791835,5335.96097329,0.00000000,2662.63446250,0.19756660,143.13427694,0.01998476,0.01998477,37453,115,1
5336.09023512,5336.10348967,0.00000000,2669.01688410,0.02170715,143.12761404,0.01998473,0.01998477,37452,115,1
5336.24011036,5336.24601366,0.00000000,2676.25320840,0.12880705,143.11911068,0.01998475,0.01998477,37451,115,1
5336.38660099,5336.38854526,0.00000000,2683.33327563,0.08191140,143.10981482,0.01998477,0.01998478,37450,115,1
5336.53848692,5336.53108447,0.00000000,2690.68160164,0.19423922,143.09914574,0.01998480,0.01998478,37449,115,1
5336.66762597,5336.67363130,0.00000000,2696.93544331,0.04612023,143.08924657,0.01998475,0.01998478,37448,115,1
5336.81640870,5336.81618574,2704.12110790,2704.13192229,0.11716391,143.07692318,0.01998478,0.01998478,37447,115,0
5336.96247940,5336.95874779,0.00000000,2711.23519707,0.07000927,143.06378125,0.01998479,0.01998478,37446,115,1
5337.10420882,5337.10131746,0.00000000,2718.11911864,0.11190913,143.05011794,0.01998479,0.01998478,37445,115,1
5337.25167326,5337.24389474,0.00000000,2725.28875985,0.07462966,143.03491725,0.01998481,0.01998478,37444,115,1
5337.38823319,5337.38647964,0.00000000,2731.93476534,0.17491862,143.01994257,0.01998478,0.01998478,37443,115,1
5337.52784135,5337.52907215,2738.78563450,2738.72563788,0.09761010,143.00376281,0.01998477,0.01998478,37442,115,0
5337.67288366,5337.67167228,2745.74017578,2745.79928210,0.19392240,142.98596495,0.01998478,0.01998478,37441,115,0
5337.81478166,5337.81428002,2752.70153668,2752.72603528,0.12551000,142.96760286,0.01998478,0.01998478,37440,115,0
5337.96907328,5337.95689539,0.00000000,2760.27334738,0.16102767,142.94654386,0.01998482,0.01998478,37439,115,1
nan,nan,0.00000000,-1.00000000,0.00000000,142.93279663,nan,0.00000000,-2147483648,115,1
5338.24461301,5338.24214897,0.00000000,2773.75694054,0.10030474,142.90619058,0.01998479,0.01998478,37437,115,1
5338.38879612,5338.38478718,0.00000000,2780.82298050,0.16983192,142.88364543,0.01998479,0.01998478,37436,115,1
5338.52547232,5338.52743302,0.00000000,2787.52775599,0.15609109,142.86136395,0.01998477,0.01998478,37435,115,1
5338.67652943,5338.67008648,0.00000000,2794.94553013,0.12360841,142.83570438,0.01998480,0.01998478,37434,115,1
5338.81346515,5338.81274756,2801.63127724,2801.66657123,0.15888772,142.81154002,0.01998478,0.01998478,37433,115,0
5338.95683586,5338.95541626,0.00000000,2808.73122689,0.14295529,142.78520258,0.01998478,0.01998478,37432,115,1
5339.10398671,5339.09809258,0.00000000,2815.97921399,0.17697056,142.75718292,0.01998480,0.01998478,37431,115,1
5339.24429372,5339.24077652,0.00000000,2822.89718077,0.08378399,142.72949559,0.01998479,0.01998478,37430,115,1
5339.38657338,5339.38346809,0.00000000,2829.91948686,0.08462311,142.70044824,0.01998479,0.01998478,37429,115,1
5339.52606388,5339.52616728,2836.81132017,2836.80620817,0.19719644,142.67103960,0.01998478,0.01998478,37428,115,0
5339.68020074,5339.66887409,0.00000000,2844.43428052,0.04559124,142.63739926,0.01998482,0.01998478,37427,115,1
5339.81310208,5339.81158853,0.00000000,2851.01401453,0.05427848,142.60748226,0.01998478,0.01998478,37426,115,1
5339.95603714,5339.95431059,0.00000000,2858.09752886,0.11086847,142.57434301,0.01998479,0.01998478,37425,115,1
5340.09629727,5340.09704028,2865.09215135,2865.05526826,0.07658748,142.54085177,0.01998478,0.01998478,37424,115,0
5340.24159204,5340.23977760,0.00000000,2872.27083732,0.13403146,142.50513508,0.01998479,0.01998478,37423,115,1
5340.38513024,5340.38252254,0.00000000,2879.40632194,0.15346166,142.46882916,0.01998479,0.01998478,37422,115,1
5340.52954132,5340.52527510,0.00000000,2886.59270564,0.13328301,142.43127365,0.01998480,0.01998478,37421,115,1
5340.66750304,5340.66803530,2893.49206105,2893.46553646,0.07099984,142.39442675,0.01998478,0.01998478,37420,115,0
5340.81793479,5340.81080312,0.00000000,2900.96676953,0.14010026,142.35317313,0.01998481,0.01998478,37419,115,1
5340.95200495,5340.95357858,0.00000000,2907.65938680,0.16639558,142.31545234,0.01998477,0.01998478,37418,115,1
5341.10165014,5341.09636166,0.00000000,2915.13725498,0.08886232,142.27228598,0.01998480,0.01998478,37417,115,1
5341.23513206,5341.23915237,0.00000000,2921.81436609,0.12373595,142.23283251,0.01998477,0.01998478,37416,115,1
5341.38468411,5341.38195071,0.00000000,2929.30313734,0.02198983,142.18756230,0.01998479,0.01998478,37415,115,1
5341.53706384,5341.52475668,0.00000000,2936.94199906,0.30677141,142.14027285,0.01998483,0.01998478,37414,115,1
5341.66001904,5341.66757029,0.00000000,2943.11206743,0.07546776,142.10125636,0.01998475,0.01998478,37413,115,1
5341.81480437,5341.81039152,0.00000000,2950.88740773,0.17347339,142.05104565,0.01998480,0.01998478,37412,115,1
5341.94813348,5341.95322039,0.00000000,2957.59209842,0.12981784,142.00681481,0.01998476,0.01998478,37411,115,1
nan,nan,0.00000000,-1.00000000,0.00000000,141.95012543,nan,0.00000000,-2147483648,115,1
5342.23402120,5342.23890103,0.00000000,2971.99091250,0.11908355,141.90890249,0.01998476,0.01998478,37409,115,1
5342.38090669,5342.38175279,2979.43381328,2979.39111411,0.12583288,141.85702907,0.01998478,0.01998478,37408,115,0
5342.51646014,5342.52461220,0.00000000,2986.24624807,0.17476659,141.80803641,0.01998475,0.01998478,37407,115,1
5342.67462578,5342.66747924,0.00000000,2994.24242118,0.24010921,141.74974664,0.01998481,0.01998478,37406,115,1
5342.80584968,5342.81035391,0.00000000,3000.88375789,0.12637755,141.70039821,0.01998477,0.01998478,37405,115,1
5342.95846794,5342.95323622,0.00000000,3008.61614430,0.13667287,141.64187380,0.01998480,0.01998478,37404,115,1
5343.09802343,5343.09612617,0.00000000,3015.69451312,0.14773134,141.58729124,0.01998479,0.01998478,37403,115,1
5343.23369300,5343.23902375,0.00000000,3022.58295651,0.17264141,141.53324800,0.01998476,0.01998478,37402,115,1
5343.38608244,5343.38192897,0.00000000,3030.32878961,0.07945185,141.47138809,0.01998480,0.01998478,37401,115,1
nan,nan,0.00000000,-1.00000000,0.00000000,141.42536490,nan,0.00000000,-2147483648,115,1
5343.67213571,5343.66776233,0.00000000,3044.89292717,0.17717742,141.35195140,0.01998480,0.01998478,37399,115,1
5343.80397058,nan,0.00000000,3051.61589040,0.14448414,141.29544215,0.01998476,0.01998478,37398,115,1
5343.95788826,5343.95362625,0.00000000,3059.47356521,0.17055226,141.22829373,0.01998480,0.01998478,37397,115,1
5344.09550057,5344.09656967,3066.55503606,3066.50035394,0.05561609,141.16724026,0.01998478,0.01998478,37396,115,0
nan,nan,0.00000000,-1.00000000,0.00000000,141.10103105,nan,0.00000000,-2147483648,115,1
nan,nan,0.00000000,-1.00000000,0.00000000,141.08319181,nan,0.00000000,-2147483648,115,1
5344.38290452,5344.38247943,3081.19499580,3081.21678580,0.04184741,141.03629817,0.01998479,0.01998478,37394,115,0
5344.51967615,5344.52544577,0.00000000,3088.23254568,0.24267902,140.97240872,0.01998476,0.01998478,37393,115,1
5344.67079409,5344.66841976,0.00000000,3095.98988772,0.10477322,140.90066461,0.01998479,0.01998478,37392,115,1
5344.80768534,5344.81140139,0.00000000,3103.02478938,0.24582112,140.83460197,0.01998477,0.01998478,37391,115,1
5344.96015261,5344.95439066,0.00000000,3110.86897457,0.11825180,140.75981803,0.01998481,0.01998478,37390,115,1
5345.09202103,5345.09738758,0.00000000,3117.66090886,0.08304305,140.69411073,0.01998476,0.01998478,37389,115,1
5345.25166028,5345.24039214,0.00000000,3125.89256400,0.09502149,140.61328689,0.01998483,0.01998478,37388,115,1
5345.25166028,5345.24039214,0.00000000,3125.89256400,0.09502149,140.61328689,0.01998483,0.01998478,37388,115,1
5345.37572398,5345.38340435,0.00000000,3132.29691096,0.06584197,140.54950424,0.01998476,0.01998478,37387,115,1
5345.52733569,5345.52642421,3140.07659544,3140.12372536,0.10779841,140.47048481,0.01998479,0.01998479,37386,115,0
5345.66293294,5345.66945171,0.00000000,3147.14703293,0.15493550,140.39857570,0.01998476,0.01998479,37385,115,1
5345.81417088,5345.81248685,0.00000000,3154.98030501,0.12195726,140.31725585,0.01998479,0.01998479,37384,115,1
5345.95449935,5345.95552965,3162.30307528,3162.24961848,0.13718307,140.24073621,0.01998478,0.01998479,37383,115,0
5346.10424191,5346.09858009,0.00000000,3170.03061011,0.21324089,140.15770580,0.01998481,0.01998479,37382,115,1
5346.23760442,5346.24163818,0.00000000,3176.96174907,0.16346130,140.08276489,0.01998477,0.01998479,37381,115,1
5346.39202291,5346.38470392,0.00000000,3184.99641606,0.11585835,139.99473779,0.01998481,0.01998479,37380,115,1
5346.52549145,5346.52777731,0.00000000,3191.94900415,0.22270181,139.91756540,0.01998478,0.01998479,37379,115,1
5346.66914924,5346.67085835,0.00000000,3199.44066912,0.13233226,139.83337047,0.01998478,0.01998479,37378,115,1
5346.81599313,5346.81394705,0.00000000,3207.10741339,0.12005662,139.74609229,0.01998479,0.01998479,37377,115,1
5346.96505384,5346.95704339,0.00000000,3214.89916174,0.24200927,139.65623489,0.01998482,0.01998479,37376,115,1
5347.10285877,5347.10014738,0.00000000,3222.11087688,0.17557899,139.57202816,0.01998480,0.01998479,37375,115,1
5347.24331384,5347.24325903,3229.45899131,3229.46186450,0.12390065,139.48516786,0.01998479,0.01998479,37374,115,0
5347.38863596,5347.38637833,0.00000000,3237.09202593,0.10640750,139.39391187,0.01998480,0.01998479,37373,115,1
5347.53670570,5347.52950528,0.00000000,3244.86787762,0.15646867,139.29976397,0.01998481,0.01998479,37372,115,1
5347.67292345,5347.67263989,3252.00498949,3252.01990397,0.13289570,139.21214483,0.01998479,0.01998479,37371,115,0
5347.82042520,5347.81578215,0.00000000,3259.79357137,0.20227051,139.11579689,0.01998481,0.01998479,37370,115,1
5347.95806187,5347.95893207,3267.08087770,3267.03499953,0.23774090,139.02500259,0.01998478,0.01998479,37369,115,0
5348.10139531,5348.10208964,3274.63300827,3274.59635765,0.20937746,138.92912337,0.01998478,0.01998479,37368,115,0
5348.24374969,5348.24525487,0.00000000,3282.12802100,0.04957037,138.83253046,0.01998478,0.01998479,37367,115,1
5348.39577811,5348.38842775,0.00000000,3290.16797997,0.12734929,138.72821811,0.01998482,0.01998479,37366,115,1
5348.52574202,5348.53160830,0.00000000,3297.04907226,0.18359423,138.63795666,0.01998477,0.01998479,37365,115,1
5348.68253605,5348.67479650,0.00000000,3305.36057386,0.15933640,138.52772142,0.01998482,0.01998479,37364,115,1
5348.81864189,5348.81799235,3312.53639463,3312.57088667,0.17156872,138.43101829,0.01998479,0.01998479,37363,115,0
5348.96338096,5348.96119587,0.00000000,3320.27497194,0.13331701,138.32659138,0.01998480,0.01998479,37362,115,1
nan,nan,0.00000000,-1.00000000,0.00000000,138.20695195,nan,0.00000000,-2147483648,115,1
5349.24499390,5349.24762589,0.00000000,3335.26526566,0.10955381,138.12014123,0.01998478,0.01998479,37360,115,1
nan,nan,0.00000000,-1.00000000,0.00000000,138.01193207,nan,0.00000000,-2147483648,115,1
5349.53157607,5349.53408654,0.00000000,3350.55642776,0.10064272,137.90511032,0.01998478,0.01998479,37358,115,1
5349.71359276,nan,0.00000000,3360.28745614,0.09848253,137.76593558,0.01998546,0.01998479,37358,115,1
5349.71359276,nan,0.00000000,3360.28745614,0.09848253,137.76593558,0.01998546,0.01998479,37358,115,1
5349.82240659,5349.82057784,0.00000000,3366.11203919,0.11631397,137.68176352,0.01998480,0.01998479,37356,115,1
5349.95719581,5349.96383499,0.00000000,3373.33447380,0.17992688,137.57648831,0.01998477,0.01998479,37355,115,1
5350.10483586,5350.10709979,0.00000000,3381.25497998,0.10019689,137.45988923,0.01998478,0.01998479,37354,115,1
5350.27335585,5350.25037227,0.00000000,3390.30780548,0.06271524,137.32514969,0.01998488,0.01998479,37353,115,1
5350.27335585,5350.25037227,0.00000000,3390.30780548,0.06271524,137.32514969,0.01998488,0.01998479,37353,115,1
5350.39978098,5350.39365240,0.00000000,3397.10785860,0.24179466,137.22290758,0.01998481,0.01998479,37352,115,1
5350.54397060,5350.53694020,0.00000000,3404.87239075,0.19802994,137.10508140,0.01998482,0.01998479,37351,115,1
5350.68306330,5350.68023567,0.00000000,3412.37155450,0.17322128,136.99018647,0.01998480,0.01998479,37350,115,1
5350.83174454,5350.82353880,0.00000000,3420.39760006,0.12701832,136.86602652,0.01998482,0.01998479,37349,115,1
5350.95535835,5350.96684960,0.00000000,3427.07829553,0.17350963,136.76173837,0.01998475,0.01998479,37348,115,1
5351.10962994,5351.11016806,3435.44505844,3435.41592100,0.15483139,136.63038674,0.01998479,0.01998479,37347,115,0
5351.27172969,5351.25349420,0.00000000,3444.20909947,0.09084361,136.49041708,0.01998486,0.01998479,37346,115,1
5351.39875359,5351.39682800,0.00000000,3451.10039624,0.13762832,136.37968756,0.01998480,0.01998479,37345,115,1
5351.54289586,5351.54016947,0.00000000,3458.92963078,0.13010185,136.25278485,0.01998480,0.01998479,37344,115,1
5351.68992395,5351.68351860,0.00000000,3466.92576142,0.22013266,136.12196673,0.01998482,0.01998479,37343,115,1
5351.81985217,5351.82687541,0.00000000,3474.00047822,0.21148263,136.00520353,0.01998477,0.01998479,37342,115,1
5351.96354785,5351.97023989,0.00000000,3481.83423874,0.26923853,135.87479619,0.01998477,0.01998479,37341,115,1
5352.11161860,5352.11361204,0.00000000,3489.91687141,0.24627579,135.73901607,0.01998479,0.01998479,37340,115,1
nan,nan,0.00000000,-1.00000000,0.00000000,135.61899981,nan,0.00000000,-2147483648,115,1
nan,nan,0.00000000,-1.00000000,0.00000000,135.56787881,nan,0.00000000,-2147483648,115,1
5352.40094893,5352.40037935,3505.70432609,3505.73552012,0.11656725,135.46966483,0.01998479,0.01998479,37338,115,0
5352.53359884,5352.54377452,0.00000000,3513.00925507,0.14163246,135.34420651,0.01998475,0.01998479,37337,115,1
5352.68346371,5352.68717736,0.00000000,3521.23125363,0.11678763,135.20117512,0.01998478,0.01998479,37336,115,1
5352.84941098,5352.83058787,0.00000000,3530.34839097,0.30014874,135.04106155,0.01998486,0.01998479,37335,115,1
5352.96135662,5352.97400605,0.00000000,3536.50631644,0.06328753,134.93201868,0.01998475,0.01998479,37334,115,1
nan,nan,0.00000000,-1.00000000,0.00000000,134.76248803,nan,0.00000000,-2147483648,115,1
5353.24806562,5353.26086545,0.00000000,3552.30585732,0.23936490,134.64893170,0.01998475,0.01998479,37332,115,1
nan,nan,0.00000000,-1.00000000,0.00000000,134.47287803,nan,0.00000000,-2147483648,115,1
nan,nan,0.00000000,-1.00000000,0.00000000,134.38137253,nan,0.00000000,-2147483648,115,1
5353.55940414,5353.54775554,0.00000000,3569.50888413,0.12459808,134.33527738,0.01998484,0.01998479,37330,115,1
5353.67581614,5353.69121211,0.00000000,3575.95368285,0.05776132,134.21631783,0.01998474,0.01998479,37329,115,1
5353.85802286,5353.83467635,0.00000000,3586.05468451,0.29549710,134.02827636,0.01998488,0.01998479,37328,115,1
5353.97257225,5353.97814827,0.00000000,3592.41354156,0.05578076,133.90890045,0.01998477,0.01998479,37327,115,1
5354.11969435,5354.12162786,0.00000000,3600.59032650,0.07405728,133.75426240,0.01998479,0.01998479,37326,115,1
nan,nan,0.00000000,-1.00000000,0.00000000,133.65125445,nan,0.00000000,-2147483648,115,1
nan,nan,0.00000000,-1.00000000,0.00000000,133.57472974,nan,0.00000000,-2147483648,115,1
5354.39536048,5354.40861009,0.00000000,3615.94103869,0.11834401,133.46050744,0.01998475,0.01998479,37324,115,1
nan,nan,0.00000000,-1.00000000,0.00000000,133.26557942,nan,0.00000000,-2147483648,115,1
5354.68089784,5354.69562305,0.00000000,3631.88251337,0.17608918,133.15069084,0.01998474,0.01998480,37322,115,1
5354.68089784,5354.69562305,0.00000000,3631.88251337,0.17608918,133.15069084,0.01998474,0.01998480,37322,115,1
5354.84706966,nan,0.00000000,3641.17921415,0.09193088,132.96777627,0.01998483,0.01998480,37321,115,1
5354.99948237,nan,0.00000000,3649.71874534,0.10946259,132.79830757,0.01998486,0.01998480,37320,115,1
5355.12468579,5355.12620008,0.00000000,3656.74282676,0.17194785,132.65787159,0.01998479,0.01998480,37319,115,1
nan,nan,0.00000000,-1.00000000,0.00000000,132.51178788,nan,0.00000000,-2147483648,115,1
nan,nan,0.00000000,-1.00000000,0.00000000,132.32922810,nan,0.00000000,-2147483648,115,1
5355.55527597,5355.55684626,0.00000000,3680.96231219,0.20834107,132.16643092,0.01998479,0.01998480,37316,115,1
5355.71058299,5355.70041036,0.00000000,3689.72193203,0.19139099,131.98593724,0.01998483,0.01998480,37315,115,1
5355.84476771,5355.84398214,3697.24028544,3697.28468287,0.25315943,131.82893006,0.01998480,0.01998480,37314,115,0
5355.99103684,5355.98756160,0.00000000,3705.57262943,0.03343892,131.65561693,0.01998481,0.01998480,37313,115,1
nan,nan,0.00000000,-1.00000000,0.00000000,131.52031105,nan,0.00000000,-2147483648,115,1
5356.28382406,5356.27474359,0.00000000,3722.16540287,0.23629104,131.30470896,0.01998483,0.01998480,37311,115,1
5356.28382406,5356.27474359,0.00000000,3722.16540287,0.23629104,131.30470896,0.01998483,0.01998480,37311,115,1
5356.42870041,5356.41834611,0.00000000,3730.39292887,0.25563877,131.12876842,0.01998484,0.01998480,37310,115,1
5356.55000094,5356.56195633,0.00000000,3737.29035139,0.07860799,130.98027904,0.01998475,0.01998480,37309,115,1
5356.70174777,5356.70557423,0.00000000,3745.93031685,0.15712612,130.79299914,0.01998478,0.01998480,37308,115,1
5356.85862694,5356.84919982,0.00000000,3754.87575660,0.25269976,130.59760208,0.01998483,0.01998480,37307,115,1
5356.98777915,5356.99283309,0.00000000,3762.25032961,0.13798904,130.43537369,0.01998478,0.01998480,37306,115,1
5357.14288128,5357.13647406,0.00000000,3771.11881417,0.13168548,130.23891261,0.01998482,0.01998480,37305,115,1
5357.28679762,5357.28012272,0.00000000,3779.35964717,0.23127641,130.05501593,0.01998482,0.01998480,37304,115,1
nan,nan,0.00000000,-1.00000000,0.00000000,129.86081812,nan,0.00000000,-2147483648,115,1
5357.57523119,5357.56744311,0.00000000,3795.91050277,0.13731261,129.68178058,0.01998483,0.01998480,37302,115,1
5357.67867270,nan,0.00000000,3801.85753548,0.06767024,129.54639941,0.01998521,0.01998480,37302,115,1
5357.67867270,nan,0.00000000,3801.85753548,0.06767024,129.54639941,0.01998521,0.01998480,37302,115,1
5357.84099960,5357.85479427,0.00000000,3811.20215531,0.16437620,129.33231711,0.01998475,0.01998480,37300,115,1
5357.99071922,5357.99848138,0.00000000,3819.83424213,0.20556751,129.13308561,0.01998477,0.01998480,37299,115,1
5358.16135338,5358.14217620,0.00000000,3829.68770742,0.22103376,128.90393555,0.01998487,0.01998480,37298,115,1
5358.27927415,5358.28587870,0.00000000,3836.50689904,0.26757572,128.74427108,0.01998477,0.01998480,37297,115,1
5358.43457424,5358.42958890,0.00000000,3845.49986180,0.05750164,128.53236095,0.01998482,0.01998480,37296,115,1
nan,nan,0.00000000,-1.00000000,0.00000000,128.35445445,nan,0.00000000,-2147483648,115,1
5358.70685057,5358.71703239,0.00000000,3861.30016224,0.26386611,128.15632740,0.01998476,0.01998480,37294,115,1
5358.70685057,5358.71703239,0.00000000,3861.30016224,0.26386611,128.15632740,0.01998476,0.01998480,37294,115,1
nan,nan,0.00000000,-1.00000000,0.00000000,127.99544769,nan,0.00000000,-2147483648,115,1
nan,nan,0.00000000,-1.00000000,0.00000000,127.94725779,nan,0.00000000,-2147483648,115,1
nan,nan,0.00000000,-1.00000000,0.00000000,127.89899206,nan,0.00000000,-2147483648,115,1
5359.00432105,5359.00450666,3878.59331664,3878.58250074,0.18953097,127.73960203,0.01998480,0.01998480,37292,115,0
nan,nan,0.00000000,-1.00000000,0.00000000,127.53458243,nan,0.00000000,-2147483648,115,1
5359.29974293,5359.29201172,0.00000000,3895.85549080,0.37100866,127.31744574,0.01998483,0.01998480,37290,115,1
5359.41152987,5359.43577580,0.00000000,3902.39392415,0.30110390,127.15616990,0.01998471,0.01998480,37289,115,1
5359.41152987,5359.43577580,0.00000000,3902.39392415,0.30110390,127.15616990,0.01998471,0.01998480,37289,115,1
5359.57932701,5359.57954758,3912.20791480,3912.19498225,0.24717844,126.91290212,0.01998480,0.01998480,37288,115,0
5359.57932701,5359.57954758,3912.20791480,3912.19498225,0.24717844,126.91290212,0.01998480,0.01998480,37288,115,0
5359.72527653,5359.72332706,0.00000000,3920.78473608,0.18890965,126.69820388,0.01998481,0.01998480,37287,115,1
5359.86974422,5359.86711423,0.00000000,3929.27277617,0.07871475,126.48467581,0.01998481,0.01998480,37286,115,1
5359.99307073,nan,0.00000000,3936.52863314,0.22658883,126.30106387,0.01998473,0.01998480,37285,115,1
5359.99307073,nan,0.00000000,3936.52863314,0.22658883,126.30106387,0.01998473,0.01998480,37285,115,1
5360.14568508,5360.15471169,0.00000000,3945.52036198,0.25139528,126.07214283,0.01998477,0.01998480,37284,115,1
5360.14568508,5360.15471169,0.00000000,3945.52036198,0.25139528,126.07214283,0.01998477,0.01998480,37284,115,1
5360.30628277,5360.29852197,0.00000000,3954.99773426,0.20096504,125.82920201,0.01998483,0.01998480,37283,115,1
nan,nan,0.00000000,-1.00000000,0.00000000,125.62275094,nan,0.00000000,-2147483648,115,1
5360.58854846,5360.58616564,0.00000000,3971.69332635,0.06844965,125.39709889,0.01998481,0.01998480,37281,115,1
5360.75563311,5360.72999903,0.00000000,3981.59923017,0.04658122,125.13823055,0.01998490,0.01998480,37280,115,1
5360.85603084,5360.87384012,0.00000000,3987.55979261,0.18170330,124.98157105,0.01998474,0.01998480,37279,115,1
5360.85603084,5360.87384012,0.00000000,3987.55979261,0.18170330,124.98157105,0.01998474,0.01998480,37279,115,1
5360.92052874,5360.72999903,0.00000000,3991.39230282,0.18031342,124.88048783,0.01998551,0.01998480,37280,115,1
5361.15740016,5361.16154542,0.00000000,4005.48962728,0.09395006,124.50628050,0.01998479,0.01998480,37277,115,1
5361.15740016,5361.16154542,0.00000000,4005.48962728,0.09395006,124.50628050,0.01998479,0.01998480,37277,115,1
5361.32646839,5361.30540963,0.00000000,4015.57317474,0.05152693,124.23631453,0.01998488,0.01998480,37276,115,1
5361.49599130,5361.30540963,0.00000000,4025.70193751,0.26207173,123.96320535,0.01998551,0.01998480,37276,115,1
5361.49599130,nan,0.00000000,4025.70193751,0.26207173,123.96320535,0.01998551,0.01998480,37276,115,1
5361.58926674,5361.59316116,0.00000000,4031.28278282,0.18789530,123.81189752,0.01998479,0.01998480,37274,115,1
5361.75058767,5361.73704849,0.00000000,4040.94798621,0.18676167,123.54846423,0.01998485,0.01998480,37273,115,1
5361.87495562,5361.88094353,0.00000000,4048.41058081,0.25172931,123.34385915,0.01998478,0.01998480,37272,115,1
5361.87495562,nan,0.00000000,4048.41058081,0.25172931,123.34385915,0.01998478,0.01998480,37272,115,1
nan,nan,0.00000000,-1.00000000,0.00000000,123.07939991,nan,0.00000000,-2147483648,115,1
nan,nan,0.00000000,-1.00000000,0.00000000,123.02402489,nan,0.00000000,-2147483648,115,1
nan,nan,0.00000000,-1.00000000,0.00000000,122.96857445,nan,0.00000000,-2147483648,115,1
nan,nan,0.00000000,-1.00000000,0.00000000,122.91304859,nan,0.00000000,-2147483648,115,1
5362.32892986,5362.31267489,0.00000000,4075.73547924,0.25848612,122.58571798,0.01998486,0.01998480,37269,115,1
5362.32892986,5362.31267489,0.00000000,4075.73547924,0.25848612,122.58571798,0.01998486,0.01998480,37269,115,1
nan,nan,0.00000000,-1.00000000,0.00000000,122.43803449,nan,0.00000000,-2147483648,115,1
nan,nan,0.00000000,-1.00000000,0.00000000,122.29728795,nan,0.00000000,-2147483648,115,1
nan,nan,0.00000000,-1.00000000,0.00000000,122.15607041,nan,0.00000000,-2147483648,115,1
5328.14469305,5328.13427772,0.00000000,406.00000000,nan,133.69814513,0.01998481,0.01998477,37508,114,1
nan,nan,0.00000000,-1.00000000,0.00000000,133.94124373,nan,0.00000000,-2147483648,114,1
nan,nan,0.00000000,-1.00000000,0.00000000,134.18377441,nan,0.00000000,-2147483648,114,1
nan,nan,0.00000000,-1.00000000,0.00000000,134.42573639,nan,0.00000000,-2147483648,114,1
nan,nan,0.00000000,-1.00000000,0.00000000,134.54650386,nan,0.00000000,-2147483648,114,1
nan,nan,0.00000000,-1.00000000,0.00000000,134.74746633,nan,0.00000000,-2147483648,114,1
nan,nan,0.00000000,-1.00000000,0.00000000,134.86785365,nan,0.00000000,-2147483648,114,1
nan,nan,0.00000000,-1.00000000,0.00000000,134.98809824,nan,0.00000000,-2147483648,114,1
nan,nan,0.00000000,-1.00000000,0.00000000,135.10819999,nan,0.00000000,-2147483648,114,1
nan,nan,0.00000000,-1.00000000,0.00000000,135.22815881,nan,0.00000000,-2147483648,114,1
nan,nan,0.00000000,-1.00000000,0.00000000,135.30805190,nan,0.00000000,-2147483648,114,1
nan,nan,0.00000000,-1.00000000,0.00000000,135.42777228,nan,0.00000000,-2147483648,114,1
nan,nan,0.00000000,-1.00000000,0.00000000,135.54734947,nan,0.00000000,-2147483648,114,1
5329.41806387,5329.41343808,0.00000000,452.53327711,0.08011809,135.56859040,0.01998479,0.01998477,37499,114,1
nan,nan,0.00000000,-1.00000000,0.00000000,135.78607387,nan,0.00000000,-2147483648,114,1
nan,nan,0.00000000,-1.00000000,0.00000000,135.86552117,nan,0.00000000,-2147483648,114,1
nan,nan,0.00000000,-1.00000000,0.00000000,136.45934029,nan,0.00000000,-2147483648,114,1
nan,nan,0.00000000,-1.00000000,0.00000000,136.81390413,nan,0.00000000,-2147483648,114,1
5330.40997425,5330.40876538,488.90623134,488.95068721,0.07913141,137.00838773,0.01998477,0.01998477,37492,114,0
5330.55434707,5330.55098535,0.00000000,494.24612536,0.20724634,137.21597906,0.01998478,0.01998477,37491,114,1
5330.55434707,5330.55098535,0.00000000,494.24612536,0.20724634,137.21597906,0.01998478,0.01998477,37491,114,1
nan,nan,0.00000000,-1.00000000,0.00000000,137.40195616,nan,0.00000000,-2147483648,114,1
5330.82125439,5330.83544806,0.00000000,504.07043512,0.26545629,137.59991676,0.01998472,0.01998477,37489,114,1
nan,nan,0.00000000,-1.00000000,0.00000000,137.79198049,nan,0.00000000,-2147483648,114,1
5331.12390043,5331.11994113,0.00000000,515.22234272,0.26382908,138.03385344,0.01998478,0.01998477,37487,114,1
5331.12390043,5331.11994113,0.00000000,515.22234272,0.26382908,138.03385344,0.01998478,0.01998477,37487,114,1
nan,nan,0.00000000,-1.00000000,0.00000000,138.45131954,nan,0.00000000,-2147483648,114,1
5331.69017213,5331.68901838,536.09351970,536.13614324,0.21646742,138.84222176,0.01998478,0.01998477,37483,114,0
nan,nan,0.00000000,-1.00000000,0.00000000,139.14434517,nan,0.00000000,-2147483648,114,1
nan,nan,0.00000000,-1.00000000,0.00000000,139.29763678,nan,0.00000000,-2147483648,114,1
nan,nan,0.00000000,-1.00000000,0.00000000,139.45066824,nan,0.00000000,-2147483648,114,1
5332.26588921,5332.25821715,0.00000000,557.41928152,0.16866009,139.65758300,0.01998480,0.01998477,37479,114,1
nan,nan,0.00000000,-1.00000000,0.00000000,139.87016157,nan,0.00000000,-2147483648,114,1
nan,nan,0.00000000,-1.00000000,0.00000000,139.94622118,nan,0.00000000,-2147483648,114,1
nan,nan,0.00000000,-1.00000000,0.00000000,140.06018821,nan,0.00000000,-2147483648,114,1
nan,nan,0.00000000,-1.00000000,0.00000000,140.13608460,nan,0.00000000,-2147483648,114,1
5332.82621474,nan,0.00000000,578.19169625,0.11132506,140.44626254,0.01998477,0.01998477,37475,114,1
5332.82621474,nan,0.00000000,578.19169625,0.11132506,140.44626254,0.01998477,0.01998477,37475,114,1
5333.31927563,5333.11224320,0.00000000,596.50793247,0.14703525,141.13583053,0.01998555,0.01998477,37473,114,1
5333.31927563,5333.11224320,0.00000000,596.50793247,0.14703525,141.13583053,0.01998555,0.01998477,37473,114,1
5333.53826873,5333.53935882,604.71069206,604.67013211,0.05555188,141.44134675,0.01998477,0.01998477,37470,114,0
nan,nan,0.00000000,-1.00000000,0.00000000,141.64025565,nan,0.00000000,-2147483648,114,1
5333.95298211,5333.96654285,0.00000000,620.10074041,0.17328710,142.01592811,0.01998472,0.01998477,37467,114,1
5333.95298211,5333.96654285,0.00000000,620.10074041,0.17328710,142.01592811,0.01998472,0.01998477,37467,114,1
5333.95298211,5333.96654285,0.00000000,620.10074041,0.17328710,142.01592811,0.01998472,0.01998477,37467,114,1
5334.16482838,5333.96654285,0.00000000,628.00083454,654.38661087,142.30857969,0.01998552,0.01998477,37467,114,1
5334.16482838,5333.96654285,0.00000000,628.00083454,654.38661087,142.30857969,0.01998552,0.01998477,37467,114,1
nan,nan,0.00000000,-1.00000000,0.00000000,142.53012416,nan,0.00000000,-2147483648,114,1
nan,nan,0.00000000,-1.00000000,0.00000000,142.64068847,nan,0.00000000,-2147483648,114,1
5334.54415198,5334.53622799,0.00000000,642.16289864,0.02445123,142.83061697,0.01998480,0.01998477,37463,114,1
nan,nan,0.00000000,-1.00000000,0.00000000,143.00815944,nan,0.00000000,-2147483648,114,1
nan,nan,0.00000000,-1.00000000,0.00000000,143.15468349,nan,0.00000000,-2147483648,114,1
5335.09738929,5335.10603482,0.00000000,662.85611065,0.05164703,143.58742339,0.01998474,0.01998477,37459,114,1
nan,nan,0.00000000,-1.00000000,0.00000000,143.77444452,nan,0.00000000,-2147483648,114,1
5335.53289153,5335.53346982,679.20933741,679.18765043,0.05970486,144.17968183,0.01998477,0.01998477,37456,114,0
5335.53289153,5335.53346982,679.20933741,679.18765043,0.05970486,144.17968183,0.01998477,0.01998477,37456,114,0
5335.67115751,5335.67596337,0.00000000,684.36528286,0.22694171,144.36651822,0.01998476,0.01998477,37455,114,1
nan,nan,0.00000000,-1.00000000,0.00000000,144.60527907,nan,0.00000000,-2147483648,114,1
5335.96514319,5335.96097329,0.00000000,695.40515233,0.11515868,144.76339869,0.01998479,0.01998477,37453,114,1
5335.96514319,5335.96097329,0.00000000,695.40515233,0.11515868,144.76339869,0.01998479,0.01998477,37453,114,1
5335.96514319,5335.96097329,0.00000000,695.40515233,0.11515868,144.76339869,0.01998479,0.01998477,37453,114,1
nan,nan,0.00000000,-1.00000000,0.00000000,145.03524680,nan,0.00000000,-2147483648,114,1
nan,nan,0.00000000,-1.00000000,0.00000000,145.10667346,nan,0.00000000,-2147483648,114,1
nan,nan,0.00000000,-1.00000000,0.00000000,145.17803302,nan,0.00000000,-2147483648,114,1
nan,nan,0.00000000,-1.00000000,0.00000000,145.24932545,nan,0.00000000,-2147483648,114,1
5336.40185732,5336.38854526,0.00000000,711.82879738,0.01788812,145.35004670,0.01998483,0.01998478,37450,114,1
5336.40185732,nan,0.00000000,711.82879738,0.01788812,145.35004670,0.01998483,0.01998478,37450,114,1
nan,nan,0.00000000,-1.00000000,0.00000000,145.64023277,nan,0.00000000,-2147483648,114,1
nan,nan,0.00000000,-1.00000000,0.00000000,145.74649075,nan,0.00000000,-2147483648,114,1
5336.81863941,nan,0.00000000,727.52971587,0.10250486,145.90664317,0.01998479,0.01998478,37447,114,1
5336.97228603,5336.95874779,0.00000000,733.32450371,0.64563947,146.11101942,0.01998483,0.01998478,37446,114,1
nan,nan,0.00000000,-1.00000000,0.00000000,146.27550665,nan,0.00000000,-2147483648,114,1
5337.25365081,5337.24389474,0.00000000,743.94550474,0.18310257,146.48414070,0.01998481,0.01998478,37444,114,1
5337.40096749,nan,0.00000000,749.51125744,0.04739352,146.67890758,0.01998483,0.01998478,37443,114,1
nan,nan,0.00000000,-1.00000000,0.00000000,146.83560411,nan,0.00000000,-2147483648,114,1
nan,nan,0.00000000,-1.00000000,0.00000000,147.00974644,nan,0.00000000,-2147483648,114,1
5337.81321839,5337.81428002,765.14846820,765.10828272,0.40868541,147.22191370,0.01998477,0.01998478,37440,114,0
nan,nan,0.00000000,-1.00000000,0.00000000,147.42595911,nan,0.00000000,-2147483648,114,1
nan,nan,0.00000000,-1.00000000,0.00000000,147.56415358,nan,0.00000000,-2147483648,114,1
5338.24209721,5338.24214897,781.35935181,781.35738931,0.22874575,147.78323310,0.01998478,0.01998478,37437,114,0
5338.38082219,5338.38478718,0.00000000,786.61584220,0.25831017,147.96392310,0.01998476,0.01998478,37436,114,1
5338.51064753,5338.52743302,0.00000000,791.54311986,0.23093496,148.13280607,0.01998471,0.01998478,37435,114,1
5338.66089520,5338.67008648,0.00000000,797.24875600,0.20719605,148.32785040,0.01998474,0.01998478,37434,114,1
nan,nan,0.00000000,-1.00000000,0.00000000,148.55792096,nan,0.00000000,-2147483648,114,1
nan,nan,0.00000000,-1.00000000,0.00000000,148.69386678,nan,0.00000000,-2147483648,114,1
nan,nan,0.00000000,-1.00000000,0.00000000,148.89727274,nan,0.00000000,-2147483648,114,1
5339.24015520,5339.24077652,819.30471739,819.28106090,0.22792239,149.07579636,0.01998478,0.01998478,37430,114,0
5339.38551205,5339.38346809,824.73923556,824.81710508,0.03490379,149.26242683,0.01998479,0.01998478,37429,114,0
5339.52089608,5339.52616728,0.00000000,829.97498627,0.11403827,149.43583602,0.01998476,0.01998478,37428,114,1
5339.66348864,5339.66887409,0.00000000,835.41237769,0.18761993,149.61814825,0.01998476,0.01998478,37427,114,1
5339.81693692,5339.81158853,0.00000000,841.26730513,0.13937530,149.81389255,0.01998480,0.01998478,37426,114,1
nan,nan,0.00000000,-1.00000000,0.00000000,150.00497944,nan,0.00000000,-2147483648,114,1
nan,nan,0.00000000,-1.00000000,0.00000000,150.07151208,nan,0.00000000,-2147483648,114,1
nan,nan,0.00000000,-1.00000000,0.00000000,150.13797587,nan,0.00000000,-2147483648,114,1
nan,nan,0.00000000,-1.00000000,0.00000000,150.20437080,nan,0.00000000,-2147483648,114,1
nan,nan,0.00000000,-1.00000000,0.00000000,150.37005669,nan,0.00000000,-2147483648,114,1
5340.38709953,5340.38252254,0.00000000,863.05491720,0.23943765,150.53712435,0.01998480,0.01998478,37422,114,1
5340.52871711,5340.52527510,0.00000000,868.47455662,0.16927737,150.71575662,0.01998479,0.01998478,37421,114,1
5340.66691198,5340.66803530,873.80985086,873.76682321,0.25813423,150.88970125,0.01998478,0.01998478,37420,114,0
nan,nan,0.00000000,-1.00000000,0.00000000,151.09395066,nan,0.00000000,-2147483648,114,1
5340.94972786,5340.95357858,0.00000000,884.60536032,0.17462766,151.24442790,0.01998477,0.01998478,37418,114,1
5341.09424689,5341.09636166,0.00000000,890.14907801,0.00476605,151.42507835,0.01998477,0.01998478,37417,114,1
5341.09424689,5341.09636166,0.00000000,890.14907801,0.00476605,151.42507835,0.01998477,0.01998478,37417,114,1
nan,nan,0.00000000,-1.00000000,0.00000000,151.61516189,nan,0.00000000,-2147483648,114,1
nan,nan,0.00000000,-1.00000000,0.00000000,151.74477140,nan,0.00000000,-2147483648,114,1
5341.51875617,5341.52475668,0.00000000,906.45259931,0.35070561,151.95326560,0.01998476,0.01998478,37414,114,1
5341.66920371,5341.66757029,912.18510304,912.24795815,0.13980273,152.13990671,0.01998479,0.01998478,37413,114,0
5341.82353949,5341.81039152,0.00000000,918.17593469,0.26834630,152.33021457,0.01998483,0.01998478,37412,114,1
5341.95213976,5341.95322039,923.18319602,923.14156746,0.19118556,152.48915724,0.01998478,0.01998478,37411,114,0
5342.09018621,5342.09605689,0.00000000,928.44473148,0.57307291,152.65842949,0.01998476,0.01998478,37410,114,1
5342.22665490,nan,0.00000000,933.70473856,0.13792223,152.82583987,0.01998474,0.01998478,37409,114,1
5342.39568566,nan,0.00000000,940.22402325,0.17256723,153.03265933,0.01998483,0.01998478,37408,114,1
5342.52862597,5342.52461220,0.00000000,945.35463197,0.00220153,153.19490214,0.01998480,0.01998478,37407,114,1
5342.67296921,5342.66747924,0.00000000,950.92859866,0.17419455,153.37064354,0.01998480,0.01998478,37406,114,1
nan,nan,0.00000000,-1.00000000,0.00000000,153.53006735,nan,0.00000000,-2147483648,114,1
nan,nan,0.00000000,-1.00000000,0.00000000,153.74937847,nan,0.00000000,-2147483648,114,1
5343.10196538,5343.09612617,0.00000000,967.51496246,0.02488415,153.89037741,0.01998480,0.01998478,37403,114,1
5343.10196538,nan,0.00000000,967.51496246,0.02488415,153.89037741,0.01998480,0.01998478,37403,114,1
5343.25059611,5343.23902375,0.00000000,973.26858439,0.18607843,154.06954060,0.01998483,0.01998478,37402,114,1
5343.38438555,5343.38192897,0.00000000,978.45081496,0.02597673,154.23041371,0.01998479,0.01998478,37401,114,1
5343.52523737,5343.52484183,983.91531764,983.93065558,0.22767998,154.40001234,0.01998479,0.01998478,37400,114,0
nan,nan,0.00000000,-1.00000000,0.00000000,154.55643615,nan,0.00000000,-2147483648,114,1
5343.82337249,5343.81069047,0.00000000,995.47551508,0.06820401,154.75559213,0.01998483,0.01998478,37398,114,1
5343.82337249,5343.81069047,0.00000000,995.47551508,0.06820401,154.75559213,0.01998483,0.01998478,37398,114,1
5343.95714907,5343.95362625,0.00000000,1000.66999410,0.04733027,154.91481571,0.01998480,0.01998478,37397,114,1
5344.08995872,5344.09656967,0.00000000,1005.82988746,0.07608790,155.07250828,0.01998476,0.01998478,37396,114,1
5344.24052272,5344.23952073,1011.66780060,1011.70676366,0.14315118,155.25154059,0.01998479,0.01998478,37395,114,0
5344.39395157,nan,0.00000000,1017.65168297,0.06160106,155.43202533,0.01998483,0.01998478,37394,114,1
5344.53893796,5344.52544577,0.00000000,1023.29544179,0.04827908,155.60278913,0.01998483,0.01998478,37393,114,1
5344.67183040,5344.66841976,0.00000000,1028.47154136,0.20031278,155.75890768,0.01998480,0.01998478,37392,114,1
5344.81087174,5344.81140139,1033.93262859,1033.91198180,0.33325191,155.92248799,0.01998478,0.01998478,37391,114,0
5344.94989112,5344.95439066,0.00000000,1039.31153245,0.22405861,156.08432048,0.01998477,0.01998478,37390,114,1
5345.09684254,5345.09738758,1045.08819290,1045.06691870,0.22115574,156.25624884,0.01998478,0.01998478,37389,114,0
5345.23697396,5345.24039214,0.00000000,1050.51699492,0.01147601,156.41851508,0.01998477,0.01998478,37388,114,1
5345.37701675,5345.38340435,0.00000000,1055.98825292,0.09658926,156.58088151,0.01998476,0.01998478,37387,114,1
5345.53802069,5345.52642421,0.00000000,1062.28256439,0.07240946,156.76701511,0.01998483,0.01998479,37386,114,1
5345.66506383,5345.66945171,0.00000000,1067.25233344,0.11036475,156.91348197,0.01998477,0.01998479,37385,114,1
5345.81834339,5345.81248685,0.00000000,1073.25211737,0.23040218,157.08971929,0.01998481,0.01998479,37384,114,1
5345.95435350,5345.95552965,1078.64425101,1078.59817893,0.10765160,157.24621404,0.01998478,0.01998479,37383,114,0
5346.10402124,5346.09858009,0.00000000,1084.44509959,0.08469497,157.41678711,0.01998481,0.01998479,37382,114,1
5346.23898527,5346.24163818,0.00000000,1089.73793526,0.05373943,157.57066988,0.01998478,0.01998479,37381,114,1
5346.38838097,5346.38470392,0.00000000,1095.60039917,0.01550101,157.74053013,0.01998480,0.01998479,37380,114,1
5346.52682023,5346.52777731,1101.08715829,1101.04957726,0.08648991,157.89786512,0.01998478,0.01998479,37379,114,0
5346.67532824,5346.67085835,0.00000000,1106.87138420,0.23470740,158.06537246,0.01998480,0.01998479,37378,114,1
5346.81935971,5346.81394705,0.00000000,1112.53417420,0.07915742,158.22772263,0.01998481,0.01998479,37377,114,1
5346.95231101,5346.95704339,0.00000000,1117.76453667,0.13179546,158.37716513,0.01998477,0.01998479,37376,114,1
5347.10396179,5347.10014738,0.00000000,1123.73430778,0.11238935,158.54713498,0.01998480,0.01998479,37375,114,1
5347.24372954,5347.24325903,1129.22684514,1129.24538172,0.05033898,158.70347756,0.01998479,0.01998479,37374,114,0
5347.37308783,5347.38637833,0.00000000,1134.33842099,0.10982452,158.84747636,0.01998474,0.01998479,37373,114,1
nan,nan,0.00000000,-1.00000000,0.00000000,159.00700306,nan,0.00000000,-2147483648,114,1
nan,nan,0.00000000,-1.00000000,0.00000000,159.06321952,nan,0.00000000,-2147483648,114,1
5347.67046980,5347.67263989,0.00000000,1146.07065230,0.03562149,159.17741620,0.01998478,0.01998479,37371,114,1
nan,nan,0.00000000,-1.00000000,0.00000000,159.31530342,nan,0.00000000,-2147483648,114,1
5347.95694530,5347.95893207,0.00000000,1157.38733556,0.14927440,159.49332396,0.01998478,0.01998479,37369,114,1
5348.10582465,5348.10208964,0.00000000,1163.27426620,0.12693443,159.65674697,0.01998480,0.01998479,37368,114,1
5348.25081577,nan,0.00000000,1169.01122612,0.11089559,159.81540568,0.01998481,0.01998479,37367,114,1
5348.38827726,5348.38842775,1174.46639290,1174.46043344,0.05163156,159.96555659,0.01998479,0.01998479,37366,114,0
5348.53164048,5348.53160830,1180.13789135,1180.13916637,0.11151130,160.12146159,0.01998479,0.01998479,37365,114,0
5348.68785537,5348.67479650,0.00000000,1186.32648542,0.12902494,160.29066618,0.01998484,0.01998479,37364,114,1
nan,nan,0.00000000,-1.00000000,0.00000000,160.41801394,nan,0.00000000,-2147483648,114,1
5348.96634315,5348.96119587,0.00000000,1197.37780773,0.11197803,160.59116407,0.01998481,0.01998479,37362,114,1
5349.10635428,5349.10440705,0.00000000,1202.93916970,0.19596372,160.74154759,0.01998480,0.01998479,37361,114,1
5349.24350826,5349.24762589,0.00000000,1208.39046172,0.22385896,160.88841089,0.01998477,0.01998479,37360,114,1
5349.38805018,5349.39085238,0.00000000,1214.13906134,0.03848968,161.04270032,0.01998478,0.01998479,37359,114,1
5349.53586315,5349.53408654,1219.95223440,1220.02297099,0.14148627,161.20000051,0.01998480,0.01998479,37358,114,0
nan,nan,0.00000000,-1.00000000,0.00000000,161.33256551,nan,0.00000000,-2147483648,114,1
5349.81974100,5349.82057784,1231.36663983,1231.33327665,0.14558855,161.50060396,0.01998479,0.01998479,37356,114,0
5349.97201658,5349.96383499,0.00000000,1237.40257443,0.07633946,161.66095409,0.01998482,0.01998479,37355,114,1
5350.10986733,5350.10709979,0.00000000,1242.90318591,0.11647224,161.80570066,0.01998480,0.01998479,37354,114,1
5350.25229449,5350.25037227,0.00000000,1248.59005077,0.27224631,161.95476927,0.01998480,0.01998479,37353,114,1
5350.39150002,5350.39365240,0.00000000,1254.15186633,0.13807761,162.09999010,0.01998478,0.01998479,37352,114,1
5350.53585351,5350.53694020,1259.97107870,1259.92761834,0.18315708,162.25019999,0.01998479,0.01998479,37351,114,0
5350.67785069,5350.68023567,0.00000000,1265.60388870,0.22067113,162.39722974,0.01998478,0.01998479,37350,114,1
5350.81998142,5350.82353880,0.00000000,1271.29372231,0.07680596,162.54402053,0.01998478,0.01998479,37349,114,1
5350.97170993,5350.96684960,0.00000000,1277.37188926,0.09821432,162.70017654,0.01998481,0.01998479,37348,114,1
5351.10826877,5351.11016806,0.00000000,1282.84600429,0.29627035,162.84023571,0.01998478,0.01998479,37347,114,1
5351.25189131,5351.25349420,1288.67678000,1288.61245829,0.13171034,162.98718176,0.01998479,0.01998479,37346,114,0
5351.38935726,5351.39682800,0.00000000,1294.12463118,0.31937521,163.12707905,0.01998476,0.01998479,37345,114,1
5351.54032100,5351.54016947,1300.18847805,1300.19456691,0.24075365,163.28048839,0.01998479,0.01998479,37344,114,0
nan,nan,0.00000000,-1.00000000,0.00000000,163.45168345,nan,0.00000000,-2147483648,114,1
nan,nan,0.00000000,-1.00000000,0.00000000,163.55190971,nan,0.00000000,-2147483648,114,1
5351.97507972,5351.97023989,0.00000000,1317.67392066,0.13227153,163.71848159,0.01998481,0.01998479,37341,114,1
5352.11727608,5352.11361204,0.00000000,1323.40068907,0.06694724,163.86076184,0.01998481,0.01998479,37340,114,1
5352.25583649,5352.25699186,1329.03963537,1328.99305811,0.16086916,163.99912140,0.01998479,0.01998479,37339,114,0
5352.39801994,5352.40037935,0.00000000,1334.71844100,0.19930075,164.14017613,0.01998478,0.01998479,37338,114,1
5352.54132238,5352.54377452,0.00000000,1340.50118781,0.13841331,164.28203196,0.01998478,0.01998479,37337,114,1
5352.69043268,5352.68717736,0.00000000,1346.52242570,0.05898842,164.42908397,0.01998481,0.01998479,37336,114,1
5352.82652319,5352.83058787,0.00000000,1352.02158943,0.10561675,164.56280227,0.01998478,0.01998479,37335,114,1
5352.97345293,5352.97400605,1357.99078008,1357.96841038,0.13731057,164.70677855,0.01998479,0.01998479,37334,114,0
5353.12234214,5353.11743191,0.00000000,1363.98722838,0.05300735,164.85183377,0.01998481,0.01998479,37333,114,1
5353.25820259,5353.26086545,0.00000000,1369.48826592,0.10734082,164.98382558,0.01998478,0.01998479,37332,114,1
5353.41487905,5353.40430666,0.00000000,1375.83653385,0.12400207,165.13545128,0.01998483,0.01998479,37331,114,1
5353.55409203,5353.54775554,0.00000000,1381.48115842,0.04006019,165.26964531,0.01998482,0.01998479,37330,114,1
5353.69906372,5353.69121211,0.00000000,1387.36323621,0.10619989,165.40885771,0.01998482,0.01998479,37329,114,1
5353.84081963,5353.83467635,0.00000000,1393.11874892,0.01818633,165.54445509,0.01998482,0.01998479,37328,114,1
5353.97790924,5353.97814827,1398.70272076,1398.69300554,0.16021981,165.67519762,0.01998479,0.01998479,37327,114,0
5354.12714359,5354.12162786,0.00000000,1404.75578368,0.09407770,165.81674488,0.01998482,0.01998479,37326,114,1
5354.26796881,5354.26511514,0.00000000,1410.48515188,0.05956845,165.94988197,0.01998481,0.01998479,37325,114,1
5354.40978612,5354.40861009,1416.21622518,1416.26411879,0.12343363,166.08355498,0.01998480,0.01998479,37324,114,0
5354.54360511,5354.55211273,0.00000000,1421.71035954,0.37734746,166.20896455,0.01998476,0.01998479,37323,114,1
5354.69672458,5354.69562305,1427.91226073,1427.95717824,0.14996516,166.35213083,0.01998480,0.01998480,37322,114,0
5354.83978971,5354.83914104,1433.76639154,1433.79285932,0.10713017,166.48521966,0.01998480,0.01998480,37321,114,0
5354.97664364,5354.98266672,0.00000000,1439.37567112,0.08339934,166.61194910,0.01998477,0.01998480,37320,114,1
5355.12966028,5355.12620008,0.00000000,1445.62659855,0.15617585,166.75315688,0.01998481,0.01998480,37319,114,1
5355.27676616,5355.26974112,0.00000000,1451.64040676,0.04478414,166.88832190,0.01998482,0.01998480,37318,114,1
5355.42292609,5355.41328985,0.00000000,1457.61977005,0.13573135,167.02204515,0.01998483,0.01998480,37317,114,1
5355.55814341,5355.55684626,1463.09962326,1463.15273172,0.02073340,167.14519169,0.01998480,0.01998480,37316,114,0
5355.69997151,5355.70041036,1468.97974830,1468.96176692,0.10664363,167.27386871,0.01998479,0.01998480,37315,114,0
5355.84468708,5355.84398214,1474.86484523,1474.89375299,0.08742320,167.40461977,0.01998480,0.01998480,37314,114,0
5355.98718097,5355.98756160,1480.75512825,1480.73950635,0.06708393,167.53282774,0.01998479,0.01998480,37313,114,0
5356.12940366,5356.13114875,0.00000000,1486.58127447,0.08163527,167.66031094,0.01998479,0.01998480,37312,114,1
5356.27827202,5356.27474359,0.00000000,1492.69670298,0.08583350,167.79308315,0.01998481,0.01998480,37311,114,1
5356.42016063,5356.41834611,0.00000000,1498.52953849,0.13763297,167.91906866,0.01998480,0.01998480,37310,114,1
5356.56427846,5356.56195633,0.00000000,1504.45815018,0.15144560,168.04647087,0.01998481,0.01998480,37309,114,1
5356.71159211,5356.70557423,0.00000000,1510.52254729,0.14010188,168.17611058,0.01998482,0.01998480,37308,114,1
5356.85100573,nan,0.00000000,1516.26575714,0.14395456,168.29824944,0.01998480,0.01998480,37307,114,1
5356.99434568,5356.99283309,1522.11717031,1522.17953826,0.12132662,168.42337015,0.01998480,0.01998480,37306,114,0
5357.13975833,5357.13647406,0.00000000,1528.17355769,0.08089605,168.54951967,0.01998481,0.01998480,37305,114,1
5357.27680056,5357.28012272,0.00000000,1533.83092692,0.15898448,168.66796609,0.01998479,0.01998480,37304,114,1
5357.42820767,5357.42377907,0.00000000,1540.08574879,0.20719977,168.79822228,0.01998481,0.01998480,37303,114,1
5357.56323792,5357.56744311,0.00000000,1545.66796470,0.11148438,168.91385136,0.01998478,0.01998480,37302,114,1
5357.71075899,5357.71111484,1551.78391745,1551.76919193,0.06704321,169.03956181,0.01998480,0.01998480,37301,114,0
5357.85550755,5357.85479427,1557.73182253,1557.76136210,0.11388806,169.16234445,0.01998480,0.01998480,37300,114,0
5357.99851774,5357.99848138,1563.68466663,1563.68617320,0.13018622,169.28308321,0.01998480,0.01998480,37299,114,0
5358.14282068,5358.14217620,1569.64228537,1569.66901548,0.12368117,169.40433459,0.01998480,0.01998480,37298,114,0
5358.29383447,5358.28587870,0.00000000,1575.93599275,0.15315613,169.53062208,0.01998483,0.01998480,37297,114,1
5358.42625898,5358.42958890,0.00000000,1581.43400789,0.09514998,169.64080509,0.01998479,0.01998480,37296,114,1
5358.56690925,5358.57330680,0.00000000,1587.27751946,0.14497198,169.75728785,0.01998478,0.01998480,37295,114,1
5358.71563173,5358.71703239,1593.51744970,1593.45919872,0.13825990,169.87981109,0.01998479,0.01998480,37294,114,0
5358.86487266,5358.86076568,0.00000000,1599.67040125,0.13345318,170.00219383,0.01998482,0.01998480,37293,114,1
5359.00433385,5359.00450666,1605.48149912,1605.47430183,0.06673750,170.11589353,0.01998480,0.01998480,37292,114,0
5359.14700577,5359.14825534,1611.47049555,1611.41841525,0.13955090,170.23168106,0.01998480,0.01998480,37291,114,0
5359.28780981,5359.29201172,0.00000000,1617.29300484,0.15657739,170.34545883,0.01998478,0.01998480,37290,114,1
5359.43406530,5359.43577580,0.00000000,1623.39578821,0.05228933,170.46296579,0.01998479,0.01998480,37289,114,1
5359.57991538,5359.57954758,1629.46657780,1629.48194192,0.07128671,170.57945151,0.01998480,0.01998480,37288,114,0
5359.71321834,5359.72332706,0.00000000,1635.05647776,0.14928561,170.68553059,0.01998476,0.01998480,37287,114,1
5359.86941951,5359.86711423,0.00000000,1641.58844628,0.17178143,170.80908089,0.01998481,0.01998480,37286,114,1
5360.01198176,5360.01090911,1647.50573621,1647.55064214,0.07374032,170.92114916,0.01998480,0.01998480,37285,114,0
5360.15624398,5360.15471169,1653.52803381,1653.59222722,0.07499381,171.03402308,0.01998481,0.01998480,37284,114,0
5360.29916516,5360.29852197,1659.55489293,1659.58185753,0.07629274,171.14524377,0.01998480,0.01998480,37283,114,0
5360.44254753,5360.44233995,1665.58640722,1665.59511577,0.12473701,171.25621926,0.01998480,0.01998480,37282,114,0
5360.58798809,5360.58616564,0.00000000,1671.70412772,0.05585328,171.36825982,0.01998481,0.01998480,37281,114,1
nan,nan,0.00000000,-1.00000000,0.00000000,171.62768189,nan,0.00000000,-2147483648,114,1
5361.16523417,5361.16154542,0.00000000,1695.97703144,0.05342295,171.80643248,0.01998482,0.01998480,37277,114,1
5361.30660598,5361.30540963,1701.87856402,1701.92898687,0.09172775,171.91216825,0.01998481,0.01998480,37276,114,0
5361.44881128,5361.44928154,1707.94460499,1707.92477031,0.17730010,172.01800172,0.01998480,0.01998480,37275,114,0
5361.59115253,5361.59316116,0.00000000,1713.93288706,0.21558904,172.12336707,0.01998480,0.01998480,37274,114,1
5361.73664518,5361.73704849,1720.09077777,1720.07374273,0.12882846,172.23035057,0.01998480,0.01998480,37273,114,0
5361.87426270,5361.88094353,0.00000000,1725.89009848,0.09751725,172.33101887,0.01998478,0.01998480,37272,114,1
5362.03366110,5362.02484627,0.00000000,1732.63003811,0.07291704,172.44686663,0.01998484,0.01998480,37271,114,1
5362.16426316,5362.16875673,0.00000000,1738.15652187,0.07781467,172.54121150,0.01998479,0.01998480,37270,114,1
5362.31070691,5362.31267489,0.00000000,1744.35781751,0.07350435,172.64638336,0.01998480,0.01998480,37269,114,1
5362.45328798,5362.45660076,0.00000000,1750.40008889,0.17512794,172.74815301,0.01998479,0.01998480,37268,114,1
5362.60336333,5362.60053434,0.00000000,1756.76480682,0.06920957,172.85460054,0.01998481,0.01998480,37267,114,1
5362.75236508,5362.74447564,0.00000000,1763.08893154,0.08725863,172.95960359,0.01998483,0.01998480,37266,114,1
5362.88781817,5362.88842464,1768.86497844,1768.83920853,0.05981653,173.05441606,0.01998480,0.01998480,37265,114,0
5363.03395754,5363.03238136,1774.98427071,1775.05129659,0.14019863,173.15613351,0.01998481,0.01998480,37264,114,0
5363.17937534,5363.17634579,0.00000000,1781.24001876,0.04349925,173.25673533,0.01998482,0.01998480,37263,114,1
5363.32295929,5363.32031793,0.00000000,1787.35254786,0.21346205,173.35538011,0.01998481,0.01998480,37262,114,1
5363.46351241,5363.46429779,1793.37223033,1793.33875649,0.06194935,173.45129401,0.01998480,0.01998480,37261,114,0
5363.61175431,5363.60828536,0.00000000,1799.66089031,0.12396159,173.55184617,0.01998482,0.01998480,37260,114,1
5363.75594979,5363.75228065,0.00000000,1805.81348159,0.14935019,173.64896759,0.01998482,0.01998480,37259,114,1
5363.89476836,5363.89628365,1811.80476298,1811.74003463,0.11025779,173.74183583,0.01998480,0.01998480,37258,114,0
5364.04464718,5364.04029437,0.00000000,1818.14586773,0.07249603,173.84145805,0.01998482,0.01998480,37257,114,1
5364.18782235,5364.18431280,0.00000000,1824.26894384,0.16873032,173.93594823,0.01998482,0.01998481,37256,114,1
5364.32902414,5364.32833896,1830.28124972,1830.31058349,0.15934355,174.02847762,0.01998481,0.01998481,37255,114,0
5364.47826786,5364.47237282,0.00000000,1836.70457452,0.15464804,174.12564137,0.01998483,0.01998481,37254,114,1
5364.62198587,5364.61641441,0.00000000,1842.86509163,0.09183577,174.21851575,0.01998483,0.01998481,37253,114,1
5364.76307636,5364.76046372,0.00000000,1848.91758569,0.07446075,174.30905272,0.01998482,0.01998481,37252,114,1
5364.90315377,5364.90452074,1854.98576149,1854.92706083,0.18680340,174.39825078,0.01998480,0.01998481,37251,114,0
5365.04363090,5365.04858549,0.00000000,1860.96640441,0.18304748,174.48719387,0.01998479,0.01998481,37250,114,1
5365.19570466,5365.19265795,0.00000000,1867.50502075,0.08522210,174.58270037,0.01998482,0.01998481,37249,114,1
5365.33827187,5365.33673814,0.00000000,1873.63975185,0.09839683,174.67156089,0.01998481,0.01998481,37248,114,1
5365.47468039,5365.48082605,0.00000000,1879.51388690,0.08105721,174.75596907,0.01998478,0.01998481,37247,114,1
5365.63059153,5365.62492168,0.00000000,1886.23316056,0.13077942,174.85170831,0.01998483,0.01998481,37246,114,1
5365.76530869,5365.76902503,0.00000000,1892.04360568,0.08425829,174.93379833,0.01998479,0.01998481,37245,114,1
5365.91106454,5365.91313610,0.00000000,1898.33493571,0.06438906,175.02195018,0.01998480,0.01998481,37244,114,1
5366.05684517,5366.05725490,1904.64845732,1904.63074653,0.07722217,175.10940258,0.01998481,0.01998481,37243,114,0
5366.20513351,5366.20138142,0.00000000,1911.04314289,0.08498783,175.19769034,0.01998482,0.01998481,37242,114,1
5366.34614431,5366.34551567,1917.11818568,1917.14539985,0.04620316,175.28097299,0.01998481,0.01998481,37241,114,0
5366.49452282,5366.48965764,0.00000000,1923.56900034,0.03405260,175.36786662,0.01998483,0.01998481,37240,114,1
5366.63194848,5366.63380734,0.00000000,1929.52423566,0.12262121,175.44771460,0.01998480,0.01998481,37239,114,1
5366.77535325,5366.77796477,0.00000000,1935.74334837,0.06539384,175.53037127,0.01998480,0.01998481,37238,114,1
5366.92634949,5366.92212992,0.00000000,1942.29697086,0.08270961,175.61666718,0.01998482,0.01998481,37237,114,1
5367.06793497,5367.06630280,0.00000000,1948.44708168,0.07820148,175.69689668,0.01998481,0.01998481,37236,114,1
5367.20895119,5367.21048340,1954.64388114,1954.57725302,0.09864552,175.77614020,0.01998480,0.01998481,37235,114,0
5367.35613090,5367.35467174,1960.91667420,1960.98018248,0.07774010,175.85813564,0.01998481,0.01998481,37234,114,0
5367.49829106,5367.49886781,1967.19542173,1967.17029714,0.07312849,175.93665375,0.01998481,0.01998481,37233,114,0
5367.63829169,5367.64307160,0.00000000,1973.27057276,0.16275749,176.01330878,0.01998479,0.01998481,37232,114,1
5367.79466071,5367.78728312,0.00000000,1980.08986702,0.10376149,176.09814843,0.01998484,0.01998481,37231,114,1
5367.93586529,5367.93150238,0.00000000,1986.25292178,0.13658479,176.17405118,0.01998483,0.01998481,37230,114,1
5368.07685227,5368.07572937,1992.36585857,1992.41492899,0.12118757,176.24920752,0.01998481,0.01998481,37229,114,0
5368.22468400,5368.21996409,0.00000000,1998.87386934,0.14044935,176.32719796,0.01998483,0.01998481,37228,114,1
5368.36247633,5368.36420654,0.00000000,2004.90235188,0.10466039,176.39926326,0.01998480,0.01998481,37227,114,1
5368.51139559,5368.50845672,0.00000000,2011.42286382,0.13076913,176.47641944,0.01998482,0.01998481,37226,114,1
5368.65318436,5368.65271464,2017.61498469,2017.63556978,0.23539717,176.54916857,0.01998481,0.01998481,37225,114,0
5368.79795044,5368.79698029,2023.93963092,2023.98217905,0.09238676,176.62271485,0.01998481,0.01998481,37224,114,0
5368.94212751,5368.94125367,2030.26951283,2030.30786703,0.09657089,176.69524330,0.01998481,0.01998481,37223,114,0
5369.08445331,5369.08553480,2036.60477969,2036.55727358,0.12096666,176.76613678,0.01998481,0.01998481,37222,114,0
5369.23295660,5369.22982365,0.00000000,2043.09406456,0.07965202,176.83948149,0.01998482,0.01998481,37221,114,1
5369.37456064,5369.37412024,2049.29211130,2049.31148950,0.09841789,176.90847522,0.01998481,0.01998481,37220,114,0
5369.51782150,5369.51842457,2055.64450342,2055.61794406,0.03623231,176.97769220,0.01998481,0.01998481,37219,114,0
5369.66406731,5369.66273664,2062.00293272,2062.06158915,0.08570558,177.04761928,0.01998481,0.01998481,37218,114,0
5369.81113940,5369.80705645,0.00000000,2068.56524595,0.08342075,177.11738196,0.01998483,0.01998481,37217,114,1
5369.95638808,5369.95138399,0.00000000,2074.97715756,0.07092879,177.18535816,0.01998483,0.01998481,37216,114,1
5370.10279618,5370.09571927,0.00000000,2081.44562151,0.07625930,177.25312650,0.01998484,0.01998481,37215,114,1
5370.24393855,5370.24006229,0.00000000,2087.68655785,0.15180942,177.31774227,0.01998483,0.01998481,37214,114,1
5370.38330216,5370.38441306,2093.88680418,2093.83761734,0.10475328,177.38068850,0.01998481,0.01998481,37213,114,0
5370.52925583,5370.52877156,2100.28118323,2100.30264314,0.09991490,177.44605677,0.01998481,0.01998481,37212,114,0
5370.67595392,5370.67313780,0.00000000,2106.82047473,0.09358018,177.51113824,0.01998482,0.01998481,37211,114,1
5370.81269490,5370.81751179,0.00000000,2112.88661022,0.07361845,177.57096893,0.01998479,0.01998481,37210,114,1
5370.96286750,5370.96189351,2119.49785540,2119.54112184,0.13639201,177.63578149,0.01998481,0.01998481,37209,114,0
5371.10759424,5371.10628298,2125.91452829,2125.97282433,0.13476104,177.69760717,0.01998482,0.01998481,37208,114,0
5371.25180371,5371.25068020,2132.33673227,2132.38672198,0.02129343,177.75846199,0.01998482,0.01998481,37207,114,0
5371.39633131,5371.39508516,2138.76446420,2138.81995576,0.06622191,177.81869789,0.01998482,0.01998481,37206,114,0
5371.53967050,5371.53949786,2145.19781160,2145.20550571,0.07893525,177.87769252,0.01998481,0.01998481,37205,114,0
5371.68205469,5371.68391831,0.00000000,2151.56556579,0.14237901,177.93566439,0.01998481,0.01998481,37204,114,1
5371.82597096,5371.82834650,0.00000000,2157.98742866,0.08817805,177.99340229,0.01998480,0.01998481,37203,114,1
5371.97663286,5371.97278244,0.00000000,2164.71607059,0.13467554,178.05303875,0.01998483,0.01998481,37202,114,1
5372.11808722,5372.11722612,2170.98989509,2171.02840615,0.09319924,178.10818560,0.01998482,0.01998481,37201,114,0
5372.26111394,5372.26167756,2177.45312956,2177.42790045,0.09065304,178.16330333,0.01998481,0.01998481,37200,114,0
5372.41052075,5372.40613674,0.00000000,2184.12688436,0.09439750,178.22014764,0.01998483,0.01998481,37199,114,1
5372.55719534,5372.55060366,0.00000000,2190.69983421,0.17866004,178.27507445,0.01998484,0.01998481,37198,114,1
5372.69608858,5372.69507834,2196.87909156,2196.92443141,0.06100741,178.32631574,0.01998482,0.01998481,37197,114,0
5372.83812725,5372.83956077,2203.36626202,2203.30187080,0.10121091,178.37803372,0.01998481,0.01998481,37196,114,0
5372.98632540,5372.98405095,0.00000000,2209.96314117,0.18694572,178.43120874,0.01998482,0.01998481,37195,114,1
5373.12862092,5373.12854887,2216.35792821,2216.36116995,0.04545937,178.48146965,0.01998481,0.01998481,37194,114,0
5373.27197351,5373.27305455,2222.86225688,2222.81357898,0.05758288,178.53135114,0.01998481,0.01998481,37193,114,0
5373.42114261,5373.41756798,0.00000000,2229.53167208,0.06041045,178.58242568,0.01998483,0.01998481,37192,114,1
5373.56140203,5373.56208917,2235.88748130,2235.85649185,0.07734578,178.62970761,0.01998481,0.01998481,37191,114,0
5373.70767234,5373.70661810,2242.40823658,2242.45581966,0.11511010,178.67821162,0.01998482,0.01998481,37190,114,0
5373.85260290,5373.85115479,0.00000000,2248.99920885,0.14972955,178.72546747,0.01998482,0.01998482,37189,114,1
5374.00101119,5373.99569923,0.00000000,2255.70701121,0.11625982,178.77304546,0.01998484,0.01998482,37188,114,1
5374.13755992,5374.14025143,0.00000000,2261.88405197,0.06278434,178.81608396,0.01998481,0.01998482,37187,114,1
5374.29357091,5374.28481138,0.00000000,2268.94770393,0.07353670,178.86438930,0.01998485,0.01998482,37186,114,1
5374.43199347,5374.42937909,0.00000000,2275.22056112,0.07880422,178.90647211,0.01998483,0.01998482,37185,114,1
5374.57372584,5374.57395455,2281.65563729,2281.64526033,0.05698665,178.94877916,0.01998481,0.01998482,37184,114,0
5374.72075071,5374.71853777,0.00000000,2288.32295511,0.07654251,178.99190007,0.01998482,0.01998482,37183,114,1
5374.86735752,5374.86312875,0.00000000,2294.98401189,0.08115656,179.03404812,0.01998483,0.01998482,37182,114,1
5375.01228811,5375.00772748,0.00000000,2301.57472765,0.05508902,179.07490032,0.01998483,0.01998482,37181,114,1
5375.15743101,5375.15233397,0.00000000,2308.18091137,0.12313547,179.11499909,0.01998484,0.01998482,37180,114,1
5375.29824860,5375.29694822,2314.53365366,2314.59291975,0.10981446,179.15310598,0.01998482,0.01998482,37179,114,0
5375.44417525,5375.44157023,0.00000000,2321.24924436,0.13723090,179.19181731,0.01998483,0.01998482,37178,114,1
5375.58254910,5375.58620000,0.00000000,2327.56379670,0.09050280,179.22774290,0.01998480,0.01998482,37177,114,1
5375.73055672,5375.73083754,2334.33379252,2334.32096183,0.09133765,179.26532592,0.01998482,0.01998482,37176,114,0
5375.87507952,5375.87548283,2340.94546328,2340.92702099,0.05122342,179.30120819,0.01998482,0.01998482,37175,114,0
5376.02207859,5376.02013588,0.00000000,2347.65680606,0.12876903,179.33688783,0.01998482,0.01998482,37174,114,1
5376.16563192,5376.16479670,2354.18623087,2354.22448894,0.07688794,179.37085685,0.01998482,0.01998482,37173,114,0
5376.31193085,5376.30946528,0.00000000,2360.93707752,0.02071171,179.40470643,0.01998483,0.01998482,37172,114,1
5376.45243805,5376.45414162,0.00000000,2367.38330018,0.04601604,179.43638598,0.01998481,0.01998482,37171,114,1
5376.60180027,5376.59882572,0.00000000,2374.24192102,0.11916739,179.46920270,0.01998483,0.01998482,37170,114,1
5376.74233760,5376.74351759,2380.74507001,2380.69081054,0.18519075,179.49922238,0.01998481,0.01998482,37169,114,0
5376.88815152,5376.88821723,2387.40203891,2387.39901482,0.05706181,179.52958874,0.01998482,0.01998482,37168,114,0
5377.03500549,5377.03292463,0.00000000,2394.17042473,0.16494076,179.55935137,0.01998483,0.01998482,37167,114,1
5377.17764195,5377.17763979,2400.73588158,2400.73598096,0.05816013,179.58735551,0.01998482,0.01998482,37166,114,0
5377.31988669,5377.32236272,0.00000000,2407.30499508,0.16171723,179.61453319,0.01998481,0.01998482,37165,114,1
5377.47022046,5377.46709342,0.00000000,2414.24563418,0.09244633,179.64233419,0.01998483,0.01998482,37164,114,1
5377.61117580,5377.61183189,2420.78341308,2420.75308101,0.06023674,179.66754679,0.01998482,0.01998482,37163,114,0
5377.76115082,5377.75657812,0.00000000,2427.69596576,0.07011806,179.69353596,0.01998484,0.01998482,37162,114,1
5377.89827743,5377.90133213,0.00000000,2434.04415891,0.07888179,179.71647638,0.01998481,0.01998482,37161,114,1
5378.04760528,5378.04609390,0.00000000,2440.96344654,0.07899123,179.74058548,0.01998483,0.01998482,37160,114,1
5378.19019600,5378.19086344,2447.59986166,2447.56889553,0.08369791,179.76273002,0.01998482,0.01998482,37159,114,0
5378.33527225,5378.33564076,2454.31997203,2454.30285899,0.09686615,179.78442959,0.01998482,0.01998482,37158,114,0
5378.47984640,5378.48042584,2461.04682341,2461.01988905,0.08942406,179.80519367,0.01998482,0.01998482,37157,114,0
5378.62558322,5378.62521870,2467.78063145,2467.79759282,0.06698590,179.82525356,0.01998482,0.01998482,37156,114,0
5378.76918464,5378.77001932,2474.52161304,2474.48273576,0.15565382,179.84416202,0.01998482,0.01998482,37155,114,0
5378.91727018,5378.91482772,0.00000000,2481.39079806,0.04793660,179.86278550,0.01998483,0.01998482,37154,114,1
5379.05765159,5379.05964390,0.00000000,2487.93760606,0.10897917,179.87957630,0.01998481,0.01998482,37153,114,1
5379.21027607,5379.20446785,0.00000000,2495.06206052,0.07011579,179.89689907,0.01998484,0.01998482,37152,114,1
5379.35340355,5379.34929957,0.00000000,2501.74954114,0.17842353,179.91225891,0.01998484,0.01998482,37151,114,1
5379.49396583,5379.49413906,2508.33260274,2508.32449601,0.19440612,179.92651027,0.01998482,0.01998482,37150,114,0
5379.64778055,5379.63898633,0.00000000,2515.52336886,0.11652871,179.94114744,0.01998485,0.01998482,37149,114,1
5379.78568810,5379.78384138,0.00000000,2521.98503103,0.09313342,179.95342528,0.01998483,0.01998482,37148,114,1
5379.92913478,5379.92870421,2528.69363337,2528.71383274,0.15601253,179.96534563,0.01998482,0.01998482,37147,114,0
5380.07459807,5380.07357481,2535.49295508,2535.54100253,0.13041368,179.97653825,0.01998483,0.01998482,37146,114,0
5380.21453710,5380.21845318,0.00000000,2542.11567642,0.12792252,179.98645821,0.01998481,0.01998482,37145,114,1
5380.36681214,5380.36333934,0.00000000,2549.27713987,0.13542373,179.99630491,0.01998483,0.01998482,37144,114,1
5380.50711170,5380.50823328,2555.93183673,2555.87901998,0.09023246,180.00449680,0.01998482,0.01998482,37143,114,0
5380.65127552,5380.65313499,0.00000000,2562.67446401,0.10244499,180.01204181,0.01998482,0.01998482,37142,114,1
5380.79690401,5380.79804448,2569.59268090,2569.53887136,0.06424905,180.01874984,0.01998482,0.01998482,37141,114,0
nan,nan,0.00000000,-1.00000000,0.00000000,180.02422502,nan,0.00000000,-2147483648,114,1
5381.08585448,5381.08788681,0.00000000,2583.19000907,0.08689337,180.02936173,0.01998482,0.01998482,37139,114,1
5381.23425488,5381.23281965,0.00000000,2590.20911325,0.10476527,180.03340490,0.01998483,0.01998482,37138,114,1
5381.38059469,5381.37776027,0.00000000,2597.13748838,0.06509145,180.03645467,0.01998483,0.01998482,37137,114,1
5381.52386180,5381.52270867,2603.86285450,2603.91751485,0.08398994,180.03853402,0.01998483,0.01998482,37136,114,0
5381.66634854,5381.66766486,2610.73727840,2610.67482354,0.13724693,180.03971569,0.01998482,0.01998482,37135,114,0
5381.80767359,5381.81262882,0.00000000,2617.39571536,0.13250288,180.04000902,0.01998480,0.01998482,37134,114,1
5381.95890682,5381.95760058,0.00000000,2624.58316052,0.07358715,180.03934954,0.01998483,0.01998482,37133,114,1
5382.09860282,5382.10258011,0.00000000,2631.22873198,0.05730740,180.03784496,0.01998481,0.01998482,37132,114,1
5382.25038324,5382.24756744,0.00000000,2638.45621038,0.16448553,180.03523275,0.01998483,0.01998482,37131,114,1
5382.38876587,5382.39256254,0.00000000,2645.05211366,0.06424792,180.03196152,0.01998481,0.01998482,37130,114,1
5382.53921502,5382.53756544,2652.13397814,2652.21271788,0.15589937,180.02745175,0.01998483,0.01998482,37129,114,0
5382.67941520,5382.68257612,0.00000000,2658.92565203,0.10962286,180.02231786,0.01998481,0.01998482,37128,114,1
5382.83436585,5382.82759459,0.00000000,2666.33299312,0.07004541,180.01563547,0.01998485,0.01998482,37127,114,1
5382.97390533,5382.97262085,2672.93215165,2672.99365054,0.08870799,180.00871533,0.01998483,0.01998482,37126,114,0
5383.11808450,5383.11765489,2679.87951188,2679.90010087,0.09226840,180.00062864,0.01998482,0.01998482,37125,114,0
5383.26540071,5383.26269673,0.00000000,2686.97924627,0.06933283,179.99137709,0.01998483,0.01998482,37124,114,1
5383.40955420,5383.40774635,0.00000000,2693.89756770,0.11371357,179.98139431,0.01998483,0.01998482,37123,114,1
5383.55769855,5383.55280377,0.00000000,2701.01449501,0.07756014,179.97015405,0.01998484,0.01998482,37122,114,1
5383.69978383,5383.69786897,0.00000000,2707.84709790,0.06738378,179.95843659,0.01998483,0.01998482,37121,114,1
5383.84446625,5383.84294197,0.00000000,2714.81141099,0.10752829,179.94555964,0.01998483,0.01998483,37120,114,1
5383.98941414,5383.98802276,0.00000000,2721.79542305,0.06197563,179.93169990,0.01998483,0.01998483,37119,114,1
5384.13561604,5384.13311134,0.00000000,2728.84689648,0.11582161,179.91674499,0.01998483,0.01998483,37118,114,1
5384.28090519,5384.27820772,0.00000000,2735.86137126,0.05641507,179.90091039,0.01998484,0.01998483,37117,114,1
5384.42364168,5384.42331189,2742.73556294,2742.75151117,0.15820314,179.88442628,0.01998483,0.01998483,37116,114,0
5384.56901394,5384.56842385,2749.75620634,2749.78476854,0.09578885,179.86664916,0.01998483,0.01998483,37115,114,0
5384.71980989,5384.71354361,0.00000000,2757.09418641,0.16886826,179.84715656,0.01998485,0.01998483,37114,114,1
5384.86114748,5384.85867116,0.00000000,2763.94539577,0.07459998,179.82794451,0.01998484,0.01998483,37113,114,1
5385.00583747,5385.00380651,0.00000000,2770.96608191,0.08850168,179.80731242,0.01998483,0.01998483,37112,114,1
5385.15001903,5385.14894965,2777.90864431,2777.96060624,0.09055782,179.78580641,0.01998483,0.01998483,37111,114,0
5385.29118665,5385.29410060,0.00000000,2784.83263010,0.08554417,179.76375302,0.01998482,0.01998483,37110,114,1
5385.43948598,5385.43925933,2792.02996801,2792.04100427,0.14164156,179.73963625,0.01998483,0.01998483,37109,114,0
5385.57993347,5385.58442587,0.00000000,2798.89247593,0.17543039,179.71577987,0.01998481,0.01998483,37108,114,1
5385.72502742,5385.72960021,0.00000000,2805.96824408,0.07852298,179.69018757,0.01998481,0.01998483,37107,114,1
5385.87621763,5385.87478234,0.00000000,2813.34899714,0.13785200,179.66245848,0.01998483,0.01998483,37106,114,1
5386.01510978,5386.01997228,0.00000000,2820.13632592,0.10255659,179.63602747,0.01998481,0.01998483,37105,114,1
5386.16528638,5386.16517002,2827.47197427,2827.47767071,0.11433865,179.60643468,0.01998483,0.01998483,37104,114,0
5386.31240801,5386.31037555,0.00000000,2834.68701024,0.19824848,179.57635851,0.01998484,0.01998483,37103,114,1
5386.45223356,5386.45558889,0.00000000,2841.54111553,0.24599397,179.54683145,0.01998482,0.01998483,37102,114,1
5386.60265274,5386.60081003,0.00000000,2848.92212509,0.15124582,179.51401795,0.01998483,0.01998483,37101,114,1
5386.74774694,5386.74603897,0.00000000,2856.04934268,0.14050406,179.48133254,0.01998483,0.01998483,37100,114,1
5386.88804255,5386.89127572,0.00000000,2862.94787622,0.07469424,179.44876024,0.01998482,0.01998483,37099,114,1
5387.04179511,5387.03652027,0.00000000,2870.51606907,0.07841185,179.41196763,0.01998485,0.01998483,37098,114,1
5387.18529112,5387.18177262,0.00000000,2877.58693785,0.19569518,179.37659240,0.01998484,0.01998483,37097,114,1
5387.32941892,5387.32703278,0.00000000,2884.69628737,0.12835990,179.34005065,0.01998484,0.01998483,37096,114,1
5387.46983909,5387.47230074,0.00000000,2891.62985720,0.19988422,179.30347198,0.01998482,0.01998483,37095,114,1
5387.61523818,5387.61757651,0.00000000,2898.81668607,0.10344590,179.26457734,0.01998482,0.01998483,37094,114,1
5387.76890751,5387.76286009,0.00000000,2906.42052481,0.05316372,179.22234029,0.01998485,0.01998483,37093,114,1
5387.90940922,5387.90815147,2913.31642277,2913.37874469,0.11545760,179.18271170,0.01998483,0.01998483,37092,114,0
5388.05830477,5388.05345066,0.00000000,2920.76347982,0.06055368,179.13963227,0.01998485,0.01998483,37091,114,1
5388.19704143,5388.19875766,0.00000000,2927.65019769,0.06911423,179.09851029,0.01998482,0.01998483,37090,114,1
5388.34607733,5388.34407246,0.00000000,2935.05593480,0.09056517,179.05326877,0.01998484,0.01998483,37089,114,1
5388.49054699,5388.48939508,2942.18103767,2942.23836777,0.10442063,179.00838167,0.01998483,0.01998483,37088,114,0
5388.63198919,5388.63472550,0.00000000,2949.28581873,0.14905337,178.96337205,0.01998482,0.01998483,37087,114,1
5388.77713058,5388.78006374,0.00000000,2956.52097532,0.16778987,178.91616845,0.01998482,0.01998483,37086,114,1
nan,nan,0.00000000,-1.00000000,0.00000000,178.85956694,nan,0.00000000,-2147483648,114,1
5389.07332850,5389.07076365,0.00000000,2971.31019812,0.10236231,178.81654531,0.01998484,0.01998483,37084,114,1
5389.21569722,5389.21612532,2978.44393433,2978.42251700,0.11839349,178.76713664,0.01998483,0.01998483,37083,114,0
5389.35887329,5389.36149480,0.00000000,2985.59823139,0.08238954,178.71630164,0.01998482,0.01998483,37082,114,1
5389.50668455,5389.50687210,2993.00583330,2992.99642938,0.12339209,178.66285404,0.01998483,0.01998483,37081,114,0
5389.65540682,5389.65225721,0.00000000,3000.46825555,0.12081152,178.60780690,0.01998484,0.01998483,37080,114,1
5389.79602613,5389.79765013,0.00000000,3007.53128610,0.06436982,178.55478540,0.01998482,0.01998483,37079,114,1
5389.93323990,5389.94305087,0.00000000,3014.43043261,0.00813450,178.50206926,0.01998479,0.01998483,37078,114,1
5390.09065825,5390.08845942,0.00000000,3022.35422281,0.04875834,178.44039655,0.01998484,0.01998483,37077,114,1
5390.22702575,5390.23387579,0.00000000,3029.22598466,0.03159986,178.38593660,0.01998481,0.01998483,37076,114,1
5390.37745139,5390.37929998,0.00000000,3036.81435214,0.08583946,178.32474512,0.01998482,0.01998483,37075,114,1
5390.52595793,5390.52473198,3044.24427450,3044.30622944,0.04952794,178.26324870,0.01998484,0.01998483,37074,114,0
5390.67559101,5390.67017180,0.00000000,3051.87981692,0.11068798,178.19998829,0.01998485,0.01998483,37073,114,1
5390.81145376,5390.81561944,0.00000000,3058.75647910,0.10475797,178.14159739,0.01998482,0.01998483,37072,114,1
5390.95691018,5390.96107490,0.00000000,3066.12660275,0.15814393,178.07801119,0.01998482,0.01998483,37071,114,1
5391.10427727,5391.10653818,0.00000000,3073.60187603,0.14504848,178.01245584,0.01998482,0.01998483,37070,114,1
5391.25117511,5391.25200927,3081.10336835,3081.06097394,0.07127335,177.94597680,0.01998483,0.01998483,37069,114,0
5391.40027899,5391.39748819,0.00000000,3088.64219332,0.16819088,177.87731918,0.01998484,0.01998483,37068,114,1
5391.54252235,5391.54297493,3095.90614640,3095.88309893,0.05331823,177.81071788,0.01998483,0.01998483,37067,114,0
5391.68495649,5391.68846949,0.00000000,3103.13938119,0.08920720,177.74297031,0.01998482,0.01998483,37066,114,1
5391.82538623,nan,0.00000000,3110.30248017,0.09216399,177.67510657,0.01998480,0.01998483,37065,114,1
5391.98138280,5391.97948207,0.00000000,3118.26873903,0.09004652,177.59848344,0.01998484,0.01998483,37064,114,1
5392.12298982,5392.12500010,0.00000000,3125.50850995,0.24098122,177.52779791,0.01998483,0.01998483,37063,114,1
5392.28247295,5392.27052595,0.00000000,3133.67174967,0.02578742,177.44689734,0.01998488,0.01998483,37062,114,1
5392.42275571,5392.41605963,0.00000000,3140.86059021,0.10960681,177.37460175,0.01998486,0.01998483,37061,114,1
5392.56289020,5392.56160113,0.00000000,3148.04969439,0.19806315,177.30131904,0.01998484,0.01998483,37060,114,1
5392.70887429,5392.70715045,0.00000000,3155.54727552,0.07238232,177.22384361,0.01998484,0.01998483,37059,114,1
5392.85091172,5392.85270760,0.00000000,3162.85040138,0.13864028,177.14734910,0.01998483,0.01998483,37058,114,1
5392.99941798,5392.99827258,3170.43075365,3170.48974698,0.07067794,177.06624740,0.01998484,0.01998483,37057,114,0
5393.10470080,nan,0.00000000,3175.91977470,0.21266940,177.00792595,0.01998523,0.01998483,37057,114,1
5393.29137128,5393.28942602,0.00000000,3185.54945489,0.03501124,176.90312022,0.01998484,0.01998483,37055,114,1
5393.43765812,5393.43501448,0.00000000,3193.10583109,0.14655423,176.81964646,0.01998484,0.01998483,37054,114,1
5393.58237544,5393.58061077,0.00000000,3200.58976835,0.05466533,176.73590476,0.01998484,0.01998483,37053,114,1
5393.73041434,5393.72621489,0.00000000,3208.25439599,0.09301809,176.64904003,0.01998485,0.01998483,37052,114,1
5393.87120976,5393.87182684,3215.57861111,3215.54660633,0.05988995,176.56536211,0.01998483,0.01998483,37051,114,0
5394.01647876,5394.01744662,3223.13561416,3223.08535835,0.07213714,176.47779590,0.01998483,0.01998483,37050,114,0
5394.16366012,5394.16307423,3230.70162017,3230.73207715,0.19219879,176.38787615,0.01998484,0.01998483,37049,114,0
5394.32227870,5394.30870967,0.00000000,3238.98858561,0.01649506,176.28954320,0.01998489,0.01998483,37048,114,1
5394.45193490,5394.45435294,0.00000000,3245.74086829,0.08384974,176.20816677,0.01998483,0.01998484,37047,114,1
5394.60070264,5394.60000405,3253.45306253,3253.48950145,0.10850013,176.11372061,0.01998484,0.01998484,37046,114,0
5394.74686419,5394.74566299,3261.05521436,3261.11794453,0.07352499,176.01963133,0.01998484,0.01998484,37045,114,0
5394.89305203,5394.89132976,0.00000000,3268.76658567,0.10536311,175.92418982,0.01998484,0.01998484,37044,114,1
5395.03648862,5395.03700437,3276.28829877,3276.26129938,0.11393196,175.82959823,0.01998483,0.01998484,37043,114,0
5395.17999614,5395.18268681,0.00000000,3283.78902032,0.14053742,175.73352378,0.01998483,0.01998484,37042,114,1
5395.32552797,5395.32837709,0.00000000,3291.42152910,0.16085026,175.63502157,0.01998483,0.01998484,37041,114,1
5395.47614859,5395.47407520,0.00000000,3299.33050588,0.08828445,175.53179381,0.01998484,0.01998484,37040,114,1
5395.61690779,5395.61978115,0.00000000,3306.73051036,0.12598589,175.43414297,0.01998483,0.01998484,37039,114,1
5395.77102827,5395.76549494,0.00000000,3314.84278115,0.06114314,175.32590947,0.01998486,0.01998484,37038,114,1
5395.90792895,5395.91121656,0.00000000,3322.05732627,0.10603719,175.22861406,0.01998482,0.01998484,37037,114,1
5396.05324919,5396.05694603,0.00000000,3329.72451608,0.17050037,175.12414253,0.01998482,0.01998484,37036,114,1
nan,nan,0.00000000,-1.00000000,0.00000000,175.02398778,nan,0.00000000,-2147483648,114,1
nan,nan,0.00000000,-1.00000000,0.00000000,174.99628161,nan,0.00000000,-2147483648,114,1
5396.35502774,5396.34842847,0.00000000,3345.67610971,0.11573681,174.90325368,0.01998486,0.01998484,37034,114,1
5396.48961361,5396.49418145,0.00000000,3352.80306205,0.20624814,174.80302137,0.01998482,0.01998484,37033,114,1
5396.64225714,5396.63994227,0.00000000,3360.89595415,0.14457318,174.68805040,0.01998485,0.01998484,37032,114,1
5396.78774650,5396.78571094,0.00000000,3368.61917888,0.16895663,174.57718758,0.01998484,0.01998484,37031,114,1
5396.94060265,5396.93148744,0.00000000,3376.74363392,0.03009120,174.45936089,0.01998487,0.01998484,37030,114,1
5397.07681261,5397.07727179,3384.00386894,3383.97941607,0.17282227,174.35338340,0.01998484,0.01998484,37029,114,0
5397.21917280,5397.22306398,0.00000000,3391.57684122,0.04606337,174.24105645,0.01998482,0.01998484,37028,114,1
5397.37270457,5397.36886401,0.00000000,3399.76698854,0.18338695,174.11875917,0.01998485,0.01998484,37027,114,1
5397.50944138,5397.51467189,0.00000000,3407.07019140,0.11065826,174.00865048,0.01998482,0.01998484,37026,114,1
5397.67200112,5397.66048761,0.00000000,3415.76366788,0.01817133,173.87628472,0.01998488,0.01998484,37025,114,1
5397.80785248,5397.80631117,0.00000000,3423.03806205,0.08939805,173.76444384,0.01998484,0.01998484,37024,114,1
5397.95546770,5397.95214259,0.00000000,3430.95195206,0.07565813,173.64165228,0.01998485,0.01998484,37023,114,1
5398.10390243,5398.09798184,0.00000000,3438.91987574,0.17990017,173.51684547,0.01998486,0.01998484,37022,114,1
5398.24297691,5398.24382895,3446.43309683,3446.38727541,0.07849915,173.39880757,0.01998484,0.01998484,37021,114,0
5398.38568583,5398.38968390,0.00000000,3454.07391051,0.05036951,173.27622254,0.01998482,0.01998484,37020,114,1
5398.53576482,5398.53554670,3462.14119746,3462.15295768,0.15759569,173.14619755,0.01998484,0.01998484,37019,114,0
5398.68207633,5398.68141735,3470.01100843,3470.04658449,0.06180926,173.01798777,0.01998484,0.01998484,37018,114,0
5398.83091049,5398.82729584,0.00000000,3478.09299544,0.25387107,172.88610825,0.01998485,0.01998484,37017,114,1
5398.96725829,5398.97318219,0.00000000,3485.46731713,0.09375860,172.76419154,0.01998482,0.01998484,37016,114,1
5399.11600283,5399.11907638,0.00000000,3493.52212202,0.13534358,172.62987520,0.01998483,0.01998484,37015,114,1
5399.26528139,5399.26497843,3501.59691018,3501.61335015,0.07943953,172.49374416,0.01998484,0.01998484,37014,114,0
5399.40714550,5399.41088833,0.00000000,3509.31844897,0.16715339,172.36298567,0.01998483,0.01998484,37013,114,1
5399.55100904,5399.55680608,0.00000000,3517.13888015,0.15946204,172.22914972,0.01998482,0.01998484,37012,114,1
5399.70485596,5399.70273168,0.00000000,3525.51299107,0.15279081,172.08458814,0.01998485,0.01998484,37011,114,1
5399.85029213,5399.84866513,0.00000000,3533.43977040,0.22629325,171.94655868,0.01998485,0.01998484,37010,114,1
5399.99757923,5399.99460644,0.00000000,3541.47785272,0.10730044,171.80541016,0.01998485,0.01998484,37009,114,1
5400.13796906,5400.14055560,0.00000000,3549.14932133,0.11882306,171.66959128,0.01998483,0.01998484,37008,114,1
5400.28749619,5400.28651262,3557.26564830,3557.31947447,0.09389524,171.52375448,0.01998484,0.01998484,37007,114,0
5400.43861315,5400.43247749,0.00000000,3565.61007755,0.13939951,171.37451507,0.01998486,0.01998484,37006,114,1
5400.58060614,5400.57845022,0.00000000,3573.39983947,0.06859979,171.23314265,0.01998485,0.01998484,37005,114,1
5400.72678882,5400.72443080,0.00000000,3581.42983525,0.11340912,171.08624650,0.01998485,0.01998484,37004,114,1
5400.86681446,5400.87041924,0.00000000,3589.13153710,0.21799525,170.94424690,0.01998483,0.01998484,37003,114,1
5401.01756262,5401.01641554,3597.35234969,3597.41557446,0.13431560,170.79029944,0.01998484,0.01998484,37002,114,0
5401.15841446,5401.16241969,0.00000000,3605.20146328,0.12604933,170.64446617,0.01998483,0.01998484,37001,114,1
nan,nan,0.00000000,-1.00000000,0.00000000,170.45936234,nan,0.00000000,-2147483648,114,1
5401.46283483,5401.45445158,0.00000000,3622.02337028,0.31251122,170.32560670,0.01998487,0.01998484,36999,114,1
5401.61154705,5401.60047931,0.00000000,3630.25802891,0.21095375,170.16763819,0.01998488,0.01998484,36998,114,1
5401.76091567,5401.74651490,0.00000000,3638.54032959,0.34872537,170.00751066,0.01998490,0.01998484,36997,114,1
5401.89214535,5401.89255835,3645.82354652,3645.80060290,0.13033699,169.86611662,0.01998484,0.01998484,36996,114,0
nan,nan,0.00000000,-1.00000000,0.00000000,169.70528158,nan,0.00000000,-2147483648,114,1
5402.19081146,5402.18466884,0.00000000,3662.44110613,0.16423779,169.53843052,0.01998486,0.01998484,36994,114,1
5402.33121532,5402.33073588,3670.22244750,3670.24920174,0.11574214,169.38294154,0.01998484,0.01998484,36993,114,0
5402.48486702,5402.47681078,0.00000000,3678.84443426,0.14011062,169.21050068,0.01998487,0.01998484,36992,114,1
5402.62066089,5402.62289355,0.00000000,3686.43458865,0.13054939,169.05711252,0.01998483,0.01998484,36991,114,1
5402.77260354,5402.76898418,0.00000000,3694.93878511,0.16353490,168.88401549,0.01998486,0.01998484,36990,114,1
5402.90989128,5402.91508267,0.00000000,3702.63315575,0.09015578,168.72627644,0.01998482,0.01998484,36989,114,1
5403.06211243,5403.06118903,3711.11198751,3711.16385112,0.18534085,168.55014373,0.01998485,0.01998484,36988,114,0
5403.18449554,nan,0.00000000,3718.05331123,0.04824462,168.40694015,0.01998530,0.01998484,36988,114,1
5403.34512593,5403.35342534,0.00000000,3727.09188776,0.11092993,168.21776929,0.01998481,0.01998484,36986,114,1
5403.50343857,5403.49955530,0.00000000,3736.01349903,0.10482553,168.02960555,0.01998486,0.01998484,36985,114,1
nan,nan,0.00000000,-1.00000000,0.00000000,167.85995110,nan,0.00000000,-2147483648,114,1
5403.78981597,5403.79183882,0.00000000,3752.18624750,0.14113071,167.68486565,0.01998484,0.01998484,36983,114,1
5403.94468817,5403.93799238,0.00000000,3760.95085050,0.11312715,167.49607896,0.01998487,0.01998484,36982,114,1
5404.08633456,5404.08415381,0.00000000,3768.97835640,0.17747615,167.32196235,0.01998485,0.01998484,36981,114,1
5404.23307070,5404.23032311,0.00000000,3777.30583298,0.07099233,167.14012150,0.01998485,0.01998484,36980,114,1
5404.38215163,5404.37650028,0.00000000,3785.77843640,0.09187115,166.95384022,0.01998487,0.01998484,36979,114,1
5404.51460615,nan,0.00000000,3793.31636182,0.17898859,166.78703227,0.01998481,0.01998484,36978,114,1
5404.66877707,5404.66887824,3802.10229864,3802.09653016,0.06842103,166.59145767,0.01998484,0.01998484,36977,114,0
5404.81949443,5404.81507902,0.00000000,3810.70422959,0.20011872,166.39839242,0.01998486,0.01998484,36976,114,1
5404.96356704,5404.96128768,0.00000000,3818.93869499,0.06416089,166.21246551,0.01998485,0.01998484,36975,114,1
nan,nan,0.00000000,-1.00000000,0.00000000,166.05206829,nan,0.00000000,-2147483648,114,1
5405.25687316,5405.25372861,0.00000000,3835.73848424,0.21057821,165.82940780,0.01998486,0.01998484,36973,114,1
5405.41411292,5405.39996089,0.00000000,3844.76469204,0.04914107,165.62153219,0.01998490,0.01998484,36972,114,1
5405.54028442,5405.54620104,0.00000000,3852.01757443,0.16123222,165.45345192,0.01998482,0.01998484,36971,114,1
5405.69268839,5405.69244907,3860.75639588,3860.77017780,0.08316039,165.24937861,0.01998484,0.01998484,36970,114,0
5405.84831072,5405.83870498,0.00000000,3869.76233025,0.07642083,165.03831155,0.01998488,0.01998485,36969,114,1
5405.98429126,5405.98496876,3877.62709347,3877.58795959,0.07279180,164.85346528,0.01998484,0.01998485,36968,114,0
5406.11770812,5406.13124041,0.00000000,3885.32635473,0.09877671,164.66961902,0.01998480,0.01998485,36967,114,1
5406.27860275,5406.27751995,3894.55284244,3894.61559076,0.93736993,164.44753733,0.01998485,0.01998485,36966,114,0
5406.43735493,5406.42380736,0.00000000,3903.84793451,0.16157163,164.22531395,0.01998490,0.01998485,36965,114,1
5406.56992449,5406.57010265,3911.53385869,3911.52350295,0.17071534,164.03942399,0.01998484,0.01998485,36964,114,0
5406.71123042,5406.71640583,0.00000000,3919.76478689,0.15602178,163.83868421,0.01998483,0.01998485,36963,114,1
5406.87845293,5406.86271688,0.00000000,3929.50497004,0.01720595,163.59990225,0.01998490,0.01998485,36962,114,1
5406.99983485,5407.00903581,0.00000000,3936.58544666,0.16534457,163.42528279,0.01998481,0.01998485,36961,114,1
5406.99983485,5407.00903581,0.00000000,3936.58544666,0.16534457,163.42528279,0.01998481,0.01998485,36961,114,1
5407.15117595,5407.15536262,0.00000000,3945.42577333,0.10767060,163.20603365,0.01998483,0.01998485,36960,114,1
nan,nan,0.00000000,-1.00000000,0.00000000,163.06708681,nan,0.00000000,-2147483648,114,1
nan,nan,0.00000000,-1.00000000,0.00000000,162.96704672,nan,0.00000000,-2147483648,114,1
5407.43173852,nan,0.00000000,3961.85056027,0.23755614,162.79506737,0.01998479,0.01998485,36958,114,1
5407.59641759,5407.59439035,0.00000000,3971.51330522,0.13728013,162.55110311,0.01998485,0.01998485,36957,114,1
5407.74764428,5407.74074869,0.00000000,3980.40116947,0.20933893,162.32527210,0.01998487,0.01998485,36956,114,1
5407.87636751,5407.88711492,0.00000000,3987.97741837,0.18762015,162.13168681,0.01998481,0.01998485,36955,114,1
5407.87636751,5407.88711492,0.00000000,3987.97741837,0.18762015,162.13168681,0.01998481,0.01998485,36955,114,1
5408.02740812,5408.03348903,0.00000000,3996.88010157,0.17882313,161.90293934,0.01998482,0.01998485,36954,114,1
5408.17145379,5408.17987102,0.00000000,4005.38352332,0.05011124,161.68317138,0.01998482,0.01998485,36953,114,1
5408.34115564,5408.32626090,0.00000000,4015.41791080,0.01698860,161.42223090,0.01998490,0.01998485,36952,114,1
5408.34115564,5408.32626090,0.00000000,4015.41791080,0.01698860,161.42223090,0.01998490,0.01998485,36952,114,1
5408.46394390,5408.47265867,0.00000000,4022.68944026,0.14549291,161.23205310,0.01998482,0.01998485,36951,114,1
5408.61013319,5408.61906432,0.00000000,4031.35901169,0.26069225,161.00412205,0.01998481,0.01998485,36950,114,1
5408.77020205,5408.76547786,0.00000000,4040.86701179,0.15029479,160.75266285,0.01998487,0.01998485,36949,114,1
5408.93288527,5408.91189929,0.00000000,4050.54679154,0.27006487,160.49506717,0.01998493,0.01998485,36948,114,1
5409.05839502,5409.05832861,4058.01098425,4058.01494539,0.28346557,160.29522968,0.01998485,0.01998485,36947,114,0
5409.19611129,5409.20476581,0.00000000,4066.24437453,0.00582324,160.07391654,0.01998482,0.01998485,36946,114,1
5409.35055558,5409.35121091,4075.50475350,4075.46555661,0.23254476,159.82455787,0.01998485,0.01998485,36945,114,0
5409.50178567,5409.49766389,0.00000000,4084.52876640,0.18565442,159.57805782,0.01998486,0.01998485,36944,114,1
5409.50178567,5409.49766389,0.00000000,4084.52876640,0.18565442,159.57805782,0.01998486,0.01998485,36944,114,1
nan,nan,0.00000000,-1.00000000,0.00000000,159.34639349,nan,0.00000000,-2147483648,114,1
nan,nan,0.00000000,-1.00000000,0.00000000,168.55791322,nan,0.00000000,-2147483648,113,1
nan,nan,0.00000000,-1.00000000,0.00000000,168.64520777,nan,0.00000000,-2147483648,113,1
5374.57240729,5374.57395455,379.70620028,379.65041377,0.03407338,168.97838906,0.01998481,0.01998482,37184,113,0
5374.57240729,5374.57395455,379.70620028,379.65041377,0.03407338,168.97838906,0.01998481,0.01998482,37184,113,0
5374.57240729,5374.57395455,379.70620028,379.65041377,0.03407338,168.97838906,0.01998481,0.01998482,37184,113,0
nan,nan,0.00000000,-1.00000000,0.00000000,169.38398129,nan,0.00000000,-2147483648,113,1
nan,nan,0.00000000,-1.00000000,0.00000000,169.60016795,nan,0.00000000,-2147483648,113,1
nan,nan,0.00000000,-1.00000000,0.00000000,169.85893243,nan,0.00000000,-2147483648,113,1
nan,nan,0.00000000,-1.00000000,0.00000000,170.11697760,nan,0.00000000,-2147483648,113,1
nan,nan,0.00000000,-1.00000000,0.00000000,170.24573051,nan,0.00000000,-2147483648,113,1
nan,nan,0.00000000,-1.00000000,0.00000000,170.37430366,nan,0.00000000,-2147483648,113,1
nan,nan,0.00000000,-1.00000000,0.00000000,170.63091081,nan,0.00000000,-2147483648,113,1
5375.75954422,5375.73083754,0.00000000,422.54292031,0.24340700,170.82472366,0.01998492,0.01998482,37176,113,1
nan,nan,0.00000000,-1.00000000,0.00000000,171.09949070,nan,0.00000000,-2147483648,113,1
5376.19575180,5376.16479670,0.00000000,438.35006410,0.27131257,171.49588784,0.01998493,0.01998482,37173,113,1
nan,nan,0.00000000,-1.00000000,0.00000000,171.94526894,nan,0.00000000,-2147483648,113,1
nan,nan,0.00000000,-1.00000000,0.00000000,172.11346737,nan,0.00000000,-2147483648,113,1
5377.45611808,5377.46709342,0.00000000,484.16787360,0.12600880,173.41314365,0.01998478,0.01998482,37164,113,1
nan,nan,0.00000000,-1.00000000,0.00000000,173.65419017,nan,0.00000000,-2147483648,113,1
nan,nan,0.00000000,-1.00000000,0.00000000,173.77791894,nan,0.00000000,-2147483648,113,1
5377.87504700,nan,0.00000000,499.44524571,0.12835755,174.04313401,0.01998526,0.01998482,37162,113,1
5378.05302568,5378.04609390,0.00000000,505.94304379,0.32463255,174.30967501,0.01998485,0.01998482,37160,113,1
nan,nan,0.00000000,-1.00000000,0.00000000,174.51653131,nan,0.00000000,-2147483648,113,1
nan,nan,0.00000000,-1.00000000,0.00000000,174.67979231,nan,0.00000000,-2147483648,113,1
5378.49690896,5378.48042584,0.00000000,522.16783000,0.06019773,174.97155339,0.01998488,0.01998482,37157,113,1
5378.65060617,5378.62521870,0.00000000,527.79213881,0.12579059,175.19977163,0.01998491,0.01998482,37156,113,1
5378.92838504,5378.91482772,0.00000000,537.96537917,0.27449617,175.61097581,0.01998487,0.01998482,37154,113,1
nan,nan,0.00000000,-1.00000000,0.00000000,175.85392489,nan,0.00000000,-2147483648,113,1
5379.20269635,5379.20446785,548.09659618,548.03161542,0.13720650,176.01583161,0.01998482,0.01998482,37152,113,0
5379.20269635,5379.20446785,548.09659618,548.03161542,0.13720650,176.01583161,0.01998482,0.01998482,37152,113,0
5379.93119929,5379.92870421,0.00000000,574.78204133,0.06450516,177.08193773,0.01998483,0.01998482,37147,113,1
5380.07388230,5380.07357481,580.03580908,580.04712785,0.17430964,177.29009952,0.01998482,0.01998482,37146,113,0
nan,nan,0.00000000,-1.00000000,0.00000000,178.34710902,nan,0.00000000,-2147483648,113,1
5381.52319792,5381.52270867,633.51633966,633.53444948,0.07178073,179.37365480,0.01998483,0.01998482,37136,113,0
5381.66253798,5381.66766486,0.00000000,638.68149779,0.30551470,179.57116660,0.01998480,0.01998482,37135,113,1
5381.80104380,5381.81262882,0.00000000,643.81202502,0.03750257,179.76752293,0.01998478,0.01998482,37134,113,1
5381.96076633,5381.95760058,0.00000000,649.73191454,0.11739275,179.99344302,0.01998484,0.01998482,37133,113,1
5382.09452065,5382.10258011,0.00000000,654.69218046,0.03581038,180.18220758,0.01998479,0.01998482,37132,113,1
5382.24134744,5382.24756744,0.00000000,660.14023573,0.17911119,180.38897467,0.01998480,0.01998482,37131,113,1
nan,nan,0.00000000,-1.00000000,0.00000000,180.57291966,nan,0.00000000,-2147483648,113,1
5382.54667485,5382.53756544,0.00000000,671.47957934,0.06368730,180.81744974,0.01998486,0.01998482,37129,113,1
5382.67640740,5382.68257612,0.00000000,676.30175457,0.06430931,180.99889344,0.01998480,0.01998482,37128,113,1
5382.80684276,nan,0.00000000,681.15254138,0.13195717,181.18095035,0.01998529,0.01998482,37128,113,1
nan,nan,0.00000000,-1.00000000,0.00000000,181.39979611,nan,0.00000000,-2147483648,113,1
5383.10566849,5383.11765489,0.00000000,692.27505814,0.25827607,181.59664017,0.01998478,0.01998482,37125,113,1
5383.40773024,5383.40774635,703.53948131,703.53888052,0.04569785,182.01512255,0.01998483,0.01998482,37123,113,0
5383.54725997,5383.55280377,0.00000000,708.73553990,0.26076319,182.20734902,0.01998480,0.01998482,37122,113,1
nan,nan,0.00000000,-1.00000000,0.00000000,182.43836574,nan,0.00000000,-2147483648,113,1
5383.84542872,5383.84294197,0.00000000,719.86623024,0.16667998,182.61728534,0.01998483,0.01998483,37120,113,1
5383.84542872,5383.84294197,0.00000000,719.86623024,0.16667998,182.61728534,0.01998483,0.01998483,37120,113,1
5384.06305428,5383.98802276,0.00000000,727.99858061,320.56180569,182.91525023,0.01998510,0.01998483,37119,113,1
5384.06305428,nan,0.00000000,727.99858061,320.56180569,182.91525023,0.01998510,0.01998483,37119,113,1
5384.28684131,5384.27820772,0.00000000,736.36854834,0.28914582,183.22056001,0.01998486,0.01998483,37117,113,1
nan,nan,0.00000000,-1.00000000,0.00000000,183.82312610,nan,0.00000000,-2147483648,113,1
5384.86463499,5384.85867116,0.00000000,758.01361141,0.21818719,184.00370316,0.01998485,0.01998483,37113,113,1
5385.00557659,5385.00380651,763.23659147,763.30300945,0.26514104,184.19367684,0.01998483,0.01998483,37112,113,0
5385.15407230,5385.14894965,0.00000000,768.87529530,0.27732432,184.39321500,0.01998485,0.01998483,37111,113,1
5385.28212636,5385.29410060,0.00000000,773.68481077,0.14804943,184.56494774,0.01998478,0.01998483,37110,113,1
5385.44123950,5385.43925933,779.59116553,779.66560444,0.05674456,184.77786823,0.01998483,0.01998483,37109,113,0
5385.58936305,5385.58442587,0.00000000,785.23430153,0.05304086,184.97548515,0.01998485,0.01998483,37108,113,1
5385.86633569,5385.87478234,0.00000000,795.65843810,0.18361446,185.34376814,0.01998480,0.01998483,37106,113,1
5386.03558717,5386.01997228,0.00000000,802.03415118,0.18185686,185.56796799,0.01998489,0.01998483,37105,113,1
nan,nan,0.00000000,-1.00000000,0.00000000,185.77703145,nan,0.00000000,-2147483648,113,1
nan,nan,0.00000000,-1.00000000,0.00000000,185.91681323,nan,0.00000000,-2147483648,113,1
5386.46360206,5386.45558889,0.00000000,818.17709530,0.19510732,186.13205695,0.01998486,0.01998483,37102,113,1
5386.46360206,5386.45558889,0.00000000,818.17709530,0.19510732,186.13205695,0.01998486,0.01998483,37102,113,1
5386.60734226,5386.60081003,0.00000000,823.60469995,0.22913465,186.32056564,0.01998485,0.01998483,37101,113,1
5386.73187779,5386.74603897,0.00000000,828.30971701,0.17621494,186.48350960,0.01998478,0.01998483,37100,113,1
5386.89690089,5386.89127572,0.00000000,834.54806932,0.13830156,186.69888566,0.01998485,0.01998483,37099,113,1
5386.89690089,5386.89127572,0.00000000,834.54806932,0.13830156,186.69888566,0.01998485,0.01998483,37099,113,1
5387.17274929,5387.18177262,0.00000000,844.98536353,0.11881541,187.05751964,0.01998480,0.01998483,37097,113,1
nan,nan,0.00000000,-1.00000000,0.00000000,187.22906623,nan,0.00000000,-2147483648,113,1
nan,nan,0.00000000,-1.00000000,0.00000000,187.33145785,nan,0.00000000,-2147483648,113,1
nan,nan,0.00000000,-1.00000000,0.00000000,187.46770534,nan,0.00000000,-2147483648,113,1
5387.60827646,nan,0.00000000,861.48853564,0.17166318,187.62021953,0.01998479,0.01998483,37094,113,1
5387.76209570,5387.76286009,867.35131563,867.32230674,0.29956201,187.81785239,0.01998483,0.01998483,37093,113,0
5387.90692080,5387.90815147,872.86691556,872.82018179,0.19004349,188.00349511,0.01998482,0.01998483,37092,113,0
5388.05715930,5388.05345066,0.00000000,878.52882837,0.07268218,188.19562763,0.01998484,0.01998483,37091,113,1
5388.19389918,5388.19875766,0.00000000,883.72597755,0.16770891,188.36998945,0.01998481,0.01998483,37090,113,1
5388.34297060,5388.34407246,889.43695644,889.39503097,0.19579082,188.55957976,0.01998483,0.01998483,37089,113,0
5388.48578553,5388.48939508,0.00000000,894.82973135,0.06346909,188.74074135,0.01998482,0.01998483,37088,113,1
5388.48578553,5388.48939508,0.00000000,894.82973135,0.06346909,188.74074135,0.01998482,0.01998483,37088,113,1
5388.64647235,5388.63472550,0.00000000,900.94822641,0.06759104,188.94400428,0.01998487,0.01998483,37087,113,1
5388.78970560,5388.78006374,0.00000000,906.40559037,0.29217356,189.12468501,0.01998487,0.01998483,37086,113,1
5388.93073904,nan,0.00000000,911.78232321,0.15596002,189.30212583,0.01998485,0.01998483,37085,113,1
5389.07451205,nan,0.00000000,917.26675817,0.09785370,189.48253783,0.01998484,0.01998483,37084,113,1
5389.21165734,5389.21612532,0.00000000,922.50144081,0.04757850,189.65418493,0.01998481,0.01998483,37083,113,1
5389.35326214,5389.36149480,0.00000000,927.90949119,0.11135697,189.83095354,0.01998480,0.01998483,37082,113,1
5389.50900756,5389.50687210,0.00000000,933.86129538,0.07258393,190.02483385,0.01998484,0.01998483,37081,113,1
5389.65283909,5389.65225721,939.35390352,939.37616130,0.12805782,190.20386224,0.01998483,0.01998483,37080,113,0
5389.79826185,5389.79765013,944.91688800,944.94030027,0.09012926,190.38388723,0.01998483,0.01998483,37079,113,0
5389.94140350,5389.94305087,0.00000000,950.40571000,0.09047271,190.56012840,0.01998483,0.01998483,37078,113,1
nan,nan,0.00000000,-1.00000000,0.00000000,190.90009537,nan,0.00000000,-2147483648,113,1
5390.38556467,5390.37929998,0.00000000,967.43170242,0.13636523,191.10541607,0.01998485,0.01998483,37075,113,1
5390.38556467,5390.37929998,0.00000000,967.43170242,0.13636523,191.10541607,0.01998485,0.01998483,37075,113,1
5390.67356620,5390.67017180,0.00000000,978.48874414,0.09966924,191.45650304,0.01998484,0.01998483,37073,113,1
5390.81480848,5390.81561944,983.96612218,983.93494221,0.10832943,191.62855457,0.01998483,0.01998483,37072,113,0
5390.96459517,5390.96107490,0.00000000,989.67574929,0.09676763,191.80928593,0.01998485,0.01998483,37071,113,1
5391.09938248,5391.10653818,0.00000000,994.86159704,0.07315567,191.97199283,0.01998481,0.01998483,37070,113,1
5391.25018980,5391.25200927,0.00000000,1000.66733420,0.10573762,192.15352586,0.01998483,0.01998483,37069,113,1
5391.39566354,5391.39748819,0.00000000,1006.27128082,0.19836571,192.32812523,0.01998483,0.01998483,37068,113,1
nan,nan,0.00000000,-1.00000000,0.00000000,192.47497873,nan,0.00000000,-2147483648,113,1
5391.68870972,5391.68846949,1017.58232726,1017.59159495,0.01133216,192.67895698,0.01998484,0.01998483,37066,113,0
5391.83314282,5391.83397187,1023.19733868,1023.16533536,0.10928503,192.85077602,0.01998483,0.01998483,37065,113,0
5391.97982688,5391.97948207,1028.81617548,1028.82949435,0.06323667,193.02476148,0.01998484,0.01998483,37064,113,0
5392.12646139,5392.12500010,1034.43896779,1034.49545067,0.02260465,193.19817611,0.01998484,0.01998483,37063,113,0
5392.26816097,5392.27052595,0.00000000,1039.95501468,0.16713608,193.36468157,0.01998482,0.01998483,37062,113,1
5392.42063526,5392.41605963,0.00000000,1045.85442936,0.07619021,193.54394830,0.01998485,0.01998483,37061,113,1
5392.56624144,5392.56160113,0.00000000,1051.49173146,0.06085263,193.71461627,0.01998485,0.01998483,37060,113,1
5392.70989640,5392.70715045,0.00000000,1057.05696571,0.09001050,193.88249485,0.01998484,0.01998483,37059,113,1
5392.84998518,5392.85270760,0.00000000,1062.48737667,0.11754298,194.04572463,0.01998482,0.01998483,37058,113,1
5393.00154046,5392.99827258,0.00000000,1068.36598791,0.22187368,194.22177897,0.01998485,0.01998483,37057,113,1
5393.14877592,5393.14384539,0.00000000,1074.08074124,0.08572421,194.39228075,0.01998485,0.01998483,37056,113,1
5393.28442198,5393.28942602,0.00000000,1079.34890285,0.08329372,194.54889485,0.01998482,0.01998483,37055,113,1
5393.43196699,5393.43501448,0.00000000,1085.08272125,0.12504979,194.71873798,0.01998482,0.01998483,37054,113,1
5393.57735493,5393.58061077,0.00000000,1090.73631791,0.15662404,194.88557811,0.01998482,0.01998483,37053,113,1
5393.72028967,5393.72621489,0.00000000,1096.29801539,0.16784133,195.04909913,0.01998481,0.01998483,37052,113,1
5393.86999355,5393.87182684,0.00000000,1102.12682880,0.06767975,195.21982761,0.01998483,0.01998483,37051,113,1
5394.02289514,5394.01744662,0.00000000,1108.08408860,0.03016883,195.39363518,0.01998486,0.01998483,37050,113,1
5394.16639678,5394.16307423,0.00000000,1113.67874423,0.06821366,195.55623480,0.01998485,0.01998483,37049,113,1
5394.30511004,5394.30870967,0.00000000,1119.09006489,0.12292164,195.71292680,0.01998482,0.01998483,37048,113,1
nan,nan,0.00000000,-1.00000000,0.00000000,195.85460770,nan,0.00000000,-2147483648,113,1
5394.60211935,5394.60000405,0.00000000,1130.68774801,0.09061767,196.04683495,0.01998484,0.01998484,37046,113,1
5394.75051021,5394.74566299,0.00000000,1136.48783080,0.18153511,196.21284373,0.01998485,0.01998484,37045,113,1
5394.89519235,5394.89132976,0.00000000,1142.14660956,0.01533575,196.37417789,0.01998485,0.01998484,37044,113,1
5395.03616403,5395.03700437,1147.70019187,1147.66729010,0.10161041,196.53097502,0.01998483,0.01998484,37043,113,0
5395.17831432,5395.18268681,0.00000000,1153.23049388,0.05909766,196.68838076,0.01998482,0.01998484,37042,113,1
5395.32928303,5395.32837709,1159.11580582,1159.15132196,0.06037183,196.85524458,0.01998484,0.01998484,37041,113,0
5395.46956665,5395.47407520,0.00000000,1164.64718943,0.03281723,197.00952250,0.01998482,0.01998484,37040,113,1
5395.62355281,5395.61978115,0.00000000,1170.68920765,0.04990452,197.17845474,0.01998485,0.01998484,37039,113,1
5395.77001034,5395.76549494,0.00000000,1176.43966416,0.16676301,197.33857659,0.01998485,0.01998484,37038,113,1
5395.91249334,5395.91121656,1181.99095834,1182.04112647,0.12681883,197.49393236,0.01998484,0.01998484,37037,113,0
5396.06070589,5396.05694603,0.00000000,1187.86456024,0.09410735,197.65479867,0.01998485,0.01998484,37036,113,1
5396.20362839,5396.20268333,1193.45072467,1193.48790702,0.04212459,197.80951308,0.01998484,0.01998484,37035,113,0
nan,nan,0.00000000,-1.00000000,0.00000000,197.93320994,nan,0.00000000,-2147483648,113,1
5396.49648912,5396.49418145,0.00000000,1205.01952148,0.06698126,198.12486140,0.01998485,0.01998484,37033,113,1
5396.64214375,5396.63994227,0.00000000,1210.76081306,0.15952248,198.28090312,0.01998485,0.01998484,37032,113,1
5396.78745770,5396.78571094,1216.42263760,1216.49156350,0.04592925,198.43602072,0.01998484,0.01998484,37031,113,0
5396.93117754,5396.93148744,1222.17687085,1222.16463376,0.18551768,198.58894969,0.01998484,0.01998484,37030,113,0
5397.07488197,5397.07727179,0.00000000,1227.84033306,0.14186818,198.74132502,0.01998483,0.01998484,37029,113,1
5397.22974040,5397.22306398,0.00000000,1233.96046332,0.05054007,198.90493214,0.01998486,0.01998484,37028,113,1
5397.36824753,5397.36886401,1239.46450426,1239.44011425,0.07493593,199.05080148,0.01998484,0.01998484,37027,113,0
5397.51372343,5397.51467189,1245.23491373,1245.19736641,0.10157758,199.20343368,0.01998483,0.01998484,37026,113,0
5397.66428140,5397.66048761,0.00000000,1251.15679366,0.12573471,199.36074924,0.01998485,0.01998484,37025,113,1
5397.81041579,5397.80631117,0.00000000,1256.94747166,0.08518224,199.51295102,0.01998485,0.01998484,37024,113,1
5397.95373232,5397.95214259,1262.56995870,1262.63301474,0.10192103,199.66175742,0.01998484,0.01998484,37023,113,0
5398.10387464,5398.09798184,0.00000000,1268.58761916,0.10393680,199.81693463,0.01998486,0.01998484,37022,113,1
5398.24499948,5398.24382895,1274.14736369,1274.19385549,0.18129067,199.96240574,0.01998484,0.01998484,37021,113,0
5398.38531960,5398.38968390,0.00000000,1279.76587597,0.08072061,200.10638598,0.01998482,0.01998484,37020,113,1
5398.53428171,5398.53554670,1285.74196450,1285.69165212,0.11139070,200.25884767,0.01998483,0.01998484,37019,113,0
5398.67778682,5398.68141735,0.00000000,1291.39716459,0.09992894,200.40499998,0.01998483,0.01998484,37018,113,1
5398.83150495,5398.82729584,0.00000000,1297.51672086,0.07367243,200.56105813,0.01998485,0.01998484,37017,113,1
5398.97298309,5398.97318219,1303.16588298,1303.15794820,0.10924330,200.70427621,0.01998484,0.01998484,37016,113,0
5399.11596181,5399.11907638,0.00000000,1308.85242762,0.05111908,200.84822175,0.01998483,0.01998484,37015,113,1
5399.26680687,5399.26497843,0.00000000,1314.86968532,0.15694437,200.99964484,0.01998485,0.01998484,37014,113,1
5399.41059843,5399.41088833,1320.62757237,1320.61599599,0.09428823,201.14359584,0.01998484,0.01998484,37013,113,0
5399.55689046,5399.55680608,1326.45638142,1326.45975325,0.11804867,201.28933303,0.01998484,0.01998484,37012,113,0
5399.70017699,5399.70273168,0.00000000,1332.18030134,0.07977723,201.43135790,0.01998483,0.01998484,37011,113,1
5399.84888044,5399.84866513,1338.12615553,1338.13476991,0.12965041,201.57851831,0.01998484,0.01998484,37010,113,0
5399.99660533,5399.99460644,0.00000000,1344.04092226,0.11603908,201.72380754,0.01998485,0.01998484,37009,113,1
5400.14147634,5400.14055560,1349.81195928,1349.84884456,0.03658588,201.86602285,0.01998484,0.01998484,37008,113,0
5400.28506736,5400.28651262,1355.66100581,1355.60306978,0.09082442,202.00628044,0.01998484,0.01998484,37007,113,0
5400.43747272,5400.43247749,0.00000000,1361.71107953,0.18853733,202.15446142,0.01998486,0.01998484,37006,113,1
5400.57962978,5400.57845022,1367.37203706,1367.41938864,0.15464668,202.29229404,0.01998485,0.01998484,37005,113,0
5400.72178550,5400.72443080,0.00000000,1373.12576057,0.12792362,202.42945078,0.01998483,0.01998484,37004,113,1
5400.87129087,5400.87041924,1379.10120101,1379.13624298,0.09177867,202.57323694,0.01998484,0.01998484,37003,113,0
5401.01368472,5401.01641554,0.00000000,1384.86084982,0.06572499,202.70953556,0.01998483,0.01998484,37002,113,1
5401.15902211,5401.16241969,0.00000000,1390.70978257,0.06245041,202.84814077,0.01998483,0.01998484,37001,113,1
5401.30507881,nan,0.00000000,1396.59169323,0.05954176,202.98686142,0.01998483,0.01998484,37000,113,1
5401.46322417,5401.45445158,0.00000000,1402.96499816,0.09747943,203.13641741,0.01998487,0.01998484,36999,113,1
5401.60250630,5401.60047931,0.00000000,1408.58204986,0.10099313,203.26757722,0.01998485,0.01998484,36998,113,1
5401.74700369,5401.74651490,1414.39756580,1414.41729788,0.15007770,203.40318719,0.01998484,0.01998484,36997,113,0
5401.89269609,5401.89255835,1420.29517676,1420.30074052,0.02874080,203.53925204,0.01998484,0.01998484,36996,113,0
5402.03856222,5402.03860967,1426.19692121,1426.19500311,0.11487964,203.67489748,0.01998484,0.01998484,36995,113,0
5402.18243454,5402.18466884,0.00000000,1432.00959124,0.07587836,203.80805273,0.01998483,0.01998484,36994,113,1
5402.33081123,5402.33073588,1438.01286701,1438.01591669,0.08874042,203.94491413,0.01998484,0.01998484,36993,113,0
5402.47819803,5402.47681078,1443.92709672,1443.98328166,0.17888535,204.08019883,0.01998485,0.01998484,36992,113,0
5402.62643270,5402.62289355,0.00000000,1449.98961795,0.12668826,204.21567370,0.01998486,0.01998484,36991,113,1
5402.76789004,5402.76898418,1455.76831990,1455.72394615,0.06909122,204.34436438,0.01998484,0.01998484,36990,113,0
5402.91912454,5402.91508267,0.00000000,1461.86324877,0.15536190,204.48144098,0.01998486,0.01998484,36989,113,1
5403.06516578,5403.06118903,0.00000000,1467.79393187,0.11550050,204.61316976,0.01998486,0.01998484,36988,113,1
5403.20969556,5403.20730325,0.00000000,1473.66732857,0.15417714,204.74295811,0.01998485,0.01998484,36987,113,1
5403.35318425,5403.35342534,1479.50738759,1479.49757868,0.03948905,204.87113563,0.01998484,0.01998484,36986,113,0
5403.50147361,5403.49955530,0.00000000,1485.53704279,0.07984443,205.00322216,0.01998485,0.01998484,36985,113,1
5403.64781084,5403.64569313,0.00000000,1491.49642012,0.09787835,205.13286844,0.01998485,0.01998484,36984,113,1
5403.78904888,5403.79183882,0.00000000,1497.25213536,0.10921420,205.25743470,0.01998483,0.01998484,36983,113,1
5403.93444307,5403.93799238,0.00000000,1503.18132893,0.06742358,205.38508828,0.01998483,0.01998484,36982,113,1
5404.08057321,5404.08415381,0.00000000,1509.14474370,0.03680808,205.51279584,0.01998483,0.01998484,36981,113,1
5404.22567328,5404.23032311,0.00000000,1515.07030634,0.08404436,205.63901461,0.01998483,0.01998484,36980,113,1
5404.38122860,5404.37650028,0.00000000,1521.42747957,0.18347006,205.77367543,0.01998486,0.01998484,36979,113,1
5404.52294076,5404.52268532,1527.21533859,1527.22578646,0.06142484,205.89581975,0.01998485,0.01998484,36978,113,0
5404.66850384,5404.66887824,1533.19696011,1533.18163613,0.07794355,206.02060915,0.01998484,0.01998484,36977,113,0
5404.81700007,5404.81507902,0.00000000,1539.26208604,0.22587578,206.14730507,0.01998485,0.01998484,36976,113,1
5404.95958856,5404.96128768,0.00000000,1545.10598269,0.08180623,206.26840163,0.01998484,0.01998484,36975,113,1
5405.10623092,5405.10750421,1551.16987084,1551.11763545,0.13014209,206.39228886,0.01998484,0.01998484,36974,113,0
5405.25476728,5405.25372861,1557.17102243,1557.21366707,0.07199411,206.51720508,0.01998485,0.01998484,36973,113,0
5405.40413942,5405.39996089,0.00000000,1563.35185107,0.07147317,206.64226288,0.01998486,0.01998484,36972,113,1
5405.54499025,5405.54620104,1569.18828269,1569.13849574,0.15214607,206.75949501,0.01998484,0.01998484,36971,113,0
5405.69436551,5405.69244907,0.00000000,1575.28524730,0.08860605,206.88331736,0.01998485,0.01998484,36970,113,1
5405.83884500,5405.83870498,1581.22435630,1581.23012225,0.02525053,207.00238202,0.01998485,0.01998485,36969,113,0
5405.98331587,5405.98496876,0.00000000,1587.18318049,0.11569493,207.12092977,0.01998484,0.01998485,36968,113,1
5406.13127006,5406.13124041,1593.27811711,1593.27933948,0.09847944,207.24162126,0.01998485,0.01998485,36967,113,0
5406.27713455,5406.27751995,1599.31171530,1599.29581302,0.12881748,207.36003484,0.01998484,0.01998485,36966,113,0
5406.42186668,5406.42380736,0.00000000,1605.27368863,0.13108349,207.47699983,0.01998484,0.01998485,36965,113,1
5406.57205910,nan,0.00000000,1611.47829218,0.13421180,207.59767486,0.01998485,0.01998485,36964,113,1
5406.71706118,5406.71640583,1617.44087001,1617.46797159,0.08110899,207.71346816,0.01998485,0.01998485,36963,113,0
5406.86308464,5406.86271688,1623.49375970,1623.50898008,0.05050962,207.82955569,0.01998485,0.01998485,36962,113,0
5407.00686309,5407.00903581,0.00000000,1629.46671915,0.12246807,207.94335654,0.01998484,0.01998485,36961,113,1
5407.15196648,nan,0.00000000,1635.47855167,0.10437145,208.05749965,0.01998483,0.01998485,36960,113,1
5407.30238726,5407.30169731,1641.68181561,1641.71043351,0.10346892,208.17508810,0.01998485,0.01998485,36959,113,0
5407.44982312,5407.44803989,0.00000000,1647.83288065,0.16269729,208.28988547,0.01998485,0.01998485,36958,113,1
5407.59494690,5407.59439035,1653.83093859,1653.85405636,0.10233428,208.40208209,0.01998485,0.01998485,36957,113,0
5407.74101585,5407.74074869,1659.91247137,1659.92357647,0.05361746,208.51447519,0.01998485,0.01998485,36956,113,0
5407.88731807,5407.88711492,1665.99874762,1666.00719821,0.04244322,208.62641984,0.01998485,0.01998485,36955,113,0
5408.03338075,5408.03348903,1672.08987550,1672.08536816,0.09928800,208.73755483,0.01998485,0.01998485,36954,113,0
5408.17857200,5408.17987102,1678.18596371,1678.13184531,0.08829523,208.84740691,0.01998484,0.01998485,36953,113,0
5408.32450136,5408.32626090,0.00000000,1684.21969014,0.12377022,208.95730185,0.01998484,0.01998485,36952,113,1
5408.47363106,5408.47265867,1690.39344691,1690.43402180,0.01170194,209.06874669,0.01998485,0.01998485,36951,113,0
5408.61801261,5408.61906432,1696.50491050,1696.46099169,0.08833116,209.17612382,0.01998484,0.01998485,36950,113,0
5408.76778635,5408.76547786,0.00000000,1702.72215799,0.19706470,209.28693552,0.01998486,0.01998485,36949,113,1
5408.91002108,5408.91189929,0.00000000,1708.66782222,0.08908732,209.39146739,0.01998484,0.01998485,36948,113,1
5409.05928369,5409.05832861,1714.86901651,1714.90898889,0.17179536,209.50046523,0.01998485,0.01998485,36947,113,0
5409.20444841,5409.20476581,1720.99991395,1720.98662067,0.08226990,209.60588923,0.01998485,0.01998485,36946,113,0
5409.35365662,5409.35121091,0.00000000,1727.24040108,0.12979580,209.71362944,0.01998486,0.01998485,36945,113,1
5409.49623180,5409.49766389,1733.27564567,1733.21558170,0.07960402,209.81586952,0.01998484,0.01998485,36944,113,0
5409.64491127,5409.64412477,1739.42067222,1739.45368360,0.12859976,209.92187815,0.01998485,0.01998485,36943,113,0
5409.79100344,5409.79059354,1745.57062281,1745.58784061,0.10132095,210.02539305,0.01998485,0.01998485,36942,113,0
5409.93968653,5409.93707020,0.00000000,1751.83925941,0.05631579,210.13014480,0.01998486,0.01998485,36941,113,1
5410.08265277,5410.08355475,1757.88574786,1757.84780220,0.14495947,210.23012099,0.01998485,0.01998485,36940,113,0
5410.22719073,5410.23004719,0.00000000,1763.93462509,0.07079730,210.33069433,0.01998484,0.01998485,36939,113,1
5410.37359727,5410.37654753,0.00000000,1770.10091273,0.05885815,210.43185687,0.01998484,0.01998485,36938,113,1
5410.52476106,5410.52305576,0.00000000,1776.47248852,0.14640673,210.53562211,0.01998486,0.01998485,36937,113,1
5410.67231484,nan,0.00000000,1782.69673847,0.06876278,210.63623717,0.01998486,0.01998485,36936,113,1
5410.81594031,5410.81609590,1788.76384843,1788.75727726,0.12712600,210.73349282,0.01998485,0.01998485,36935,113,0
5410.96258662,5410.96262782,1794.95475480,1794.95301347,0.10712420,210.83219088,0.01998485,0.01998485,36934,113,0
5411.11382269,5411.10916763,0.00000000,1801.34948817,0.05462430,210.93331548,0.01998487,0.01998485,36933,113,1
5411.25334812,5411.25571534,0.00000000,1807.25310404,0.08523863,211.02595305,0.01998484,0.01998485,36932,113,1
5411.40365658,5411.40227095,1813.55757363,1813.61627060,0.14568532,211.12505450,0.01998485,0.01998485,36931,113,0
5411.54945206,5411.54883445,1819.76846719,1819.79464938,0.08761981,211.22053632,0.01998485,0.01998485,36930,113,0
5411.69448931,5411.69540585,1825.98429836,1825.94541500,0.01147039,211.31486558,0.01998485,0.01998485,36929,113,0
5411.84053130,5411.84198516,1832.20507925,1832.14335502,0.07606221,211.40918582,0.01998484,0.01998485,36928,113,0
5411.99141956,5411.98857236,0.00000000,1838.55464903,0.12676274,211.50597928,0.01998486,0.01998485,36927,113,1
5412.13795432,5412.13516746,0.00000000,1844.78370300,0.09741054,211.59926800,0.01998486,0.01998485,36926,113,1
5412.28088359,5412.28177046,1850.89780732,1850.86006788,0.05260249,211.68955459,0.01998485,0.01998485,36925,113,0
5412.43022362,5412.42838137,0.00000000,1857.22226382,0.08730045,211.78333115,0.01998486,0.01998485,36924,113,1
5412.57839038,5412.57500017,0.00000000,1863.53541390,0.07655284,211.87561932,0.01998486,0.01998485,36923,113,1
5412.72283589,5412.72162688,1869.63763421,1869.68920586,0.11839576,211.96484410,0.01998486,0.01998485,36922,113,0
5412.86915270,5412.86826149,1875.89506107,1875.93310776,0.07296335,212.05463503,0.01998485,0.01998485,36921,113,0
5413.01369806,5413.01490401,1882.15802811,1882.10650190,0.03598659,212.14267891,0.01998485,0.01998485,36920,113,0
5413.16242309,5413.16155443,1888.42661477,1888.46376183,0.11181303,212.23258329,0.01998485,0.01998485,36919,113,0
5413.30895148,5413.30821275,1894.70089935,1894.73251681,0.04703610,212.32047922,0.01998485,0.01998485,36918,113,0
5413.45525241,5413.45487898,1900.98085509,1900.99685135,0.04345143,212.40756252,0.01998485,0.01998485,36917,113,0
5413.60095302,5413.60155312,1907.26628649,1907.24056044,0.06326492,212.49361249,0.01998485,0.01998485,36916,113,0
5413.75186535,5413.74823516,0.00000000,1913.71246170,0.07380801,212.58202069,0.01998487,0.01998485,36915,113,1
5413.89559811,5413.89492511,1919.85272835,1919.88162338,0.06692485,212.66554795,0.01998485,0.01998485,36914,113,0
5414.04212448,5414.04162297,1926.15331212,1926.17485932,0.09157624,212.75000550,0.01998485,0.01998485,36913,113,0
5414.19055342,5414.18832873,0.00000000,1932.55207425,0.11699450,212.83481786,0.01998486,0.01998485,36912,113,1
5414.33623032,5414.33504241,1938.76865901,1938.81976976,0.10035334,212.91741631,0.01998486,0.01998485,36911,113,0
5414.48148917,5414.48176399,1945.08386607,1945.07203260,0.04705794,212.99906340,0.01998485,0.01998485,36910,113,0
5414.62882587,5414.62849349,1951.40447751,1951.41880124,0.11425260,213.08118059,0.01998485,0.01998485,36909,113,0
5414.77317957,5414.77523090,0.00000000,1957.64266508,0.10906223,213.16096011,0.01998485,0.01998485,36908,113,1
5414.92173641,5414.92197622,1964.06306232,1964.05270953,0.08105847,213.24235248,0.01998485,0.01998485,36907,113,0
5415.06922069,5415.06872945,1970.40136928,1970.42259511,0.09682154,213.32245730,0.01998485,0.01998485,36906,113,0
5415.21544051,5415.21549060,1976.74545136,1976.74328523,0.09203273,213.40117727,0.01998485,0.01998485,36905,113,0
5415.36206036,5415.36225966,1983.09503624,1983.08641074,0.07336830,213.47940944,0.01998485,0.01998485,36904,113,0
5415.50850271,5415.50903664,1989.44985020,1989.42672513,0.08012515,213.55683892,0.01998485,0.01998485,36903,113,0
5415.65452136,5415.65582153,1995.80961806,1995.75326603,0.03955007,213.63333492,0.01998485,0.01998485,36902,113,0
5415.80041137,5415.80261434,0.00000000,2002.07549763,0.08458251,213.70901518,0.01998485,0.01998485,36901,113,1
5415.95043021,5415.94941506,2008.54346263,2008.58752327,0.09474696,213.78616936,0.01998486,0.01998485,36900,113,0
5416.09726124,5416.09622370,2014.91776116,2014.96282669,0.12363754,213.86091921,0.01998486,0.01998485,36899,113,0
5416.24163872,5416.24304026,2021.29717556,2021.23625326,0.17732062,213.93371701,0.01998485,0.01998485,36898,113,0
5416.38930230,5416.38986474,2027.68185555,2027.65738812,0.08640600,214.00745068,0.01998485,0.01998485,36897,113,0
5416.53647416,5416.53669714,2034.07195215,2034.06224415,0.08661475,214.08021326,0.01998485,0.01998485,36896,113,0
5416.68364184,5416.68353747,2040.46762529,2040.47217346,0.08546920,214.15224943,0.01998485,0.01998485,36895,113,0
5416.82832852,5416.83038571,0.00000000,2046.79150207,0.06150438,214.22249965,0.01998485,0.01998485,36894,113,1
5416.97617547,5416.97724187,2053.27637104,2053.22982365,0.11240671,214.29328877,0.01998485,0.01998485,36893,113,0
5417.12055046,5417.12410596,0.00000000,2059.55054869,0.08686036,214.36201531,0.01998484,0.01998485,36892,113,1
5417.27292145,5417.27097797,0.00000000,2066.21171161,0.08506321,214.43361830,0.01998486,0.01998485,36891,113,1
5417.41545840,5417.41785790,0.00000000,2072.44813874,0.15271367,214.49988817,0.01998485,0.01998485,36890,113,1
5417.56464446,5417.56474576,2078.96765588,2078.96321797,0.02471993,214.56832640,0.01998485,0.01998485,36889,113,0
5417.71118819,5417.71164154,2085.40597787,2085.38609904,0.06396996,214.63500329,0.01998485,0.01998485,36888,113,0
5417.85597248,5417.85854525,0.00000000,2091.75374311,0.08527857,214.70032976,0.01998485,0.01998485,36887,113,1
nan,nan,0.00000000,-1.00000000,0.00000000,214.76365927,nan,0.00000000,-2147483648,113,1
nan,nan,0.00000000,-1.00000000,0.00000000,214.79381104,nan,0.00000000,-2147483648,113,1
nan,nan,0.00000000,-1.00000000,0.00000000,214.83374633,nan,0.00000000,-2147483648,113,1
5418.29874986,5418.29930394,2111.21781219,2111.19343514,0.12344406,214.89497829,0.01998485,0.01998486,36884,113,0
5418.44690496,5418.44623936,2117.68502121,2117.71432925,0.10971133,214.95865692,0.01998486,0.01998486,36883,113,0
5418.59496753,5418.59318270,0.00000000,2124.24898569,0.15201650,215.02165627,0.01998486,0.01998486,36882,113,1
5418.74074720,5418.74013398,2130.63637105,2130.66341614,0.09241335,215.08270440,0.01998486,0.01998486,36881,113,0
5418.88502056,5418.88709319,0.00000000,2137.04079327,0.07301020,215.14262192,0.01998485,0.01998486,36880,113,1
5419.03160317,5419.03406034,0.00000000,2143.51342890,0.04038516,215.20264129,0.01998485,0.01998486,36879,113,1
5419.18035246,5419.18103541,2150.10588536,2150.07568931,0.05608945,215.26267608,0.01998485,0.01998486,36878,113,0
5419.32823874,5419.32801841,2156.60743420,2156.61718425,0.06115380,215.32170360,0.01998486,0.01998486,36877,113,0
5419.47663692,5419.47500935,0.00000000,2163.19826795,0.06068789,215.38026494,0.01998486,0.01998486,36876,113,1
5419.62481157,5419.62200823,0.00000000,2169.76360540,0.12324850,215.43786328,0.01998487,0.01998486,36875,113,1
5419.76765538,5419.76901504,2176.14898100,2176.08865001,0.05234927,215.49257623,0.01998485,0.01998486,36874,113,0
5419.91558501,5419.91602978,2182.67529059,2182.65553731,0.07140460,215.54857410,0.01998485,0.01998486,36873,113,0
5420.06265751,5420.06305246,2189.20773989,2189.19018398,0.06284614,215.60348093,0.01998485,0.01998486,36872,113,0
5420.20997849,5420.21008308,2195.74625613,2195.74160283,0.05903111,215.65771147,0.01998486,0.01998486,36871,113,0
5420.35702365,5420.35712164,2202.29076610,2202.28640287,0.14067449,215.71107024,0.01998486,0.01998486,36870,113,0
5420.50427878,5420.50416813,2208.84119422,2208.84612530,0.14592659,215.76373135,0.01998486,0.01998486,36869,113,0
5420.64917460,5420.65122256,0.00000000,2215.30631638,0.06561057,215.81479177,0.01998485,0.01998486,36868,113,1
5420.79947060,5420.79828494,2221.95946621,2222.01239295,0.11116506,215.86695415,0.01998486,0.01998486,36867,113,0
5420.94519547,5420.94535525,2228.52713646,2228.51999845,0.13138304,215.91675327,0.01998486,0.01998486,36866,113,0
5421.09133747,5421.09243351,2235.10037964,2235.05137650,0.07155840,215.96592273,0.01998485,0.01998486,36865,113,0
5421.24040103,5421.23951970,2241.67912797,2241.71856313,0.14052404,216.01527604,0.01998486,0.01998486,36864,113,0
5421.38426972,5421.38661384,0.00000000,2248.15731236,0.06765817,216.06213425,0.01998485,0.01998486,36863,113,1
5421.53390264,5421.53371592,2254.85365756,2254.86202606,0.09794918,216.11008834,0.01998486,0.01998486,36862,113,0
5421.68200354,5421.68082595,2261.44983459,2261.50265920,0.05349505,216.15673970,0.01998486,0.01998486,36861,113,0
5421.82755588,5421.82794392,2268.05221925,2268.03479712,0.03343802,216.20180903,0.01998486,0.01998486,36860,113,0
5421.97508126,5421.97506983,2274.66100650,2274.66151991,0.05714936,216.24670016,0.01998486,0.01998486,36859,113,0
5422.12298293,5422.12220370,2281.27627434,2281.31132544,0.08281845,216.29090654,0.01998486,0.01998486,36858,113,0
5422.27223945,5422.26934550,0.00000000,2288.03161211,0.07995007,216.33472547,0.01998487,0.01998486,36857,113,1
5422.41722675,5422.41649526,2294.52612972,2294.55909379,0.08421448,216.37646342,0.01998486,0.01998486,36856,113,0
5422.56214028,5422.56365296,2301.16064976,2301.09242059,0.07935595,216.41742587,0.01998485,0.01998486,36855,113,0
5422.70899386,5422.71081862,0.00000000,2307.72191407,0.06184390,216.45816000,0.01998485,0.01998486,36854,113,1
5422.85980546,5422.85799222,0.00000000,2314.53302007,0.09834191,216.49913799,0.01998487,0.01998486,36853,113,1
5423.00454777,5423.00517377,2321.10200462,2321.07369403,0.01035113,216.53765711,0.01998486,0.01998486,36852,113,0
5423.15196193,5423.15236327,2327.76140073,2327.74323472,0.07967757,216.57609593,0.01998486,0.01998486,36851,113,0
5423.29949284,5423.29956073,2334.42674840,2334.42367300,0.07260607,216.61374809,0.01998486,0.01998486,36850,113,0
5423.44736581,5423.44676613,2341.09793423,2341.12512190,0.10586826,216.65066452,0.01998486,0.01998486,36849,113,0
5423.59288509,5423.59397949,2347.77495228,2347.72529364,0.11826260,216.68618686,0.01998485,0.01998486,36848,113,0
5423.74085545,5423.74120081,2354.45805595,2354.44237168,0.04950931,216.72148643,0.01998486,0.01998486,36847,113,0
5423.89000906,5423.88843007,0.00000000,2361.22701006,0.05107940,216.75626860,0.01998487,0.01998486,36846,113,1
5424.03528981,5424.03566730,2367.84369337,2367.82651762,0.04596236,216.78926046,0.01998486,0.01998486,36845,113,0
5424.17998758,5424.18291248,0.00000000,2374.42329349,0.06233837,216.82140961,0.01998485,0.01998486,36844,113,1
5424.33177217,5424.33016561,0.00000000,2381.34004690,0.10114115,216.85422800,0.01998487,0.01998486,36843,113,1
5424.47837287,5424.47742670,2387.97443991,2388.01762045,0.05477988,216.88504706,0.01998486,0.01998486,36842,113,0
5424.62577820,5424.62469575,2394.69857240,2394.74801911,0.11484794,216.91525055,0.01998486,0.01998486,36841,113,0
5424.77302675,5424.77197276,2401.42928828,2401.47747866,0.08327889,216.94458728,0.01998486,0.01998486,36840,113,0
5424.91947411,5424.91925772,2408.16636270,2408.17626473,0.07491234,216.97293368,0.01998486,0.01998486,36839,113,0
5425.06981333,5425.06655065,0.00000000,2415.06472015,0.11893249,217.00119142,0.01998487,0.01998486,36838,113,1
5425.21314089,5425.21385154,2421.65903515,2421.62645858,0.06024455,217.02726849,0.01998486,0.01998486,36837,113,0
5425.35757354,5425.36116039,0.00000000,2428.25576115,0.11103411,217.05278136,0.01998485,0.01998486,36836,113,1
5425.51104999,5425.50847720,0.00000000,2435.30086444,0.03580459,217.07897709,0.01998487,0.01998486,36835,113,1
5425.65666310,5425.65580197,2441.94515738,2441.98473754,0.06054491,217.10295590,0.01998486,0.01998486,36834,113,0
5425.80137890,5425.80313470,0.00000000,2448.64648268,0.05914183,217.12600876,0.01998485,0.01998486,36833,113,1
5425.94986586,5425.95047540,2455.50167612,2455.47360728,0.05964521,217.14875704,0.01998486,0.01998486,36832,113,0
5426.09728739,5426.09782407,2462.29017308,2462.26543565,0.09717767,217.17050697,0.01998486,0.01998486,36831,113,0
5426.24639292,5426.24518070,2469.08579028,2469.14172265,0.12341593,217.19163245,0.01998487,0.01998486,36830,113,0
5426.39207759,5426.39254530,2475.88875072,2475.86714838,0.08764980,217.21142343,0.01998486,0.01998486,36829,113,0
5426.53743555,5426.53991786,0.00000000,2482.59034382,0.12581311,217.23034692,0.01998485,0.01998486,36828,113,1
5426.68566995,5426.68729839,0.00000000,2489.44541954,0.07781701,217.24875534,0.01998486,0.01998486,36827,113,1
5426.83620705,5426.83468689,0.00000000,2496.41358932,0.06923903,217.26655031,0.01998487,0.01998486,36826,113,1
5426.98096151,5426.98208335,2503.17322371,2503.12120723,0.03922638,217.28280646,0.01998486,0.01998486,36825,113,0
5427.12708310,5427.12948779,0.00000000,2509.89680250,0.08577792,217.29835749,0.01998485,0.01998486,36824,113,1
5427.27615142,5427.27690020,2516.85426637,2516.81949137,0.07999425,217.31334320,0.01998486,0.01998486,36823,113,0
5427.42512436,5427.42432057,2523.70366163,2523.74102277,0.06685596,217.32741402,0.01998487,0.01998486,36822,113,0
5427.57179438,5427.57174892,2530.55929716,2530.56141188,0.07574106,217.34038681,0.01998486,0.01998486,36821,113,0
5427.71812204,5427.71918525,2537.42147875,2537.37197061,0.13257805,217.35245697,0.01998486,0.01998486,36820,113,0
5427.86842023,5427.86662954,0.00000000,2544.37433097,0.03406131,217.36394608,0.01998487,0.01998486,36819,113,1
5428.01559289,5428.01408181,0.00000000,2551.23850989,0.04466711,217.37430218,0.01998487,0.01998486,36818,113,1
5428.16177770,5428.16154205,2558.05004460,2558.06104983,0.09241597,217.38370632,0.01998486,0.01998486,36817,113,0
5428.30891381,5428.30901027,2564.94047873,2564.93596932,0.09211938,217.39228599,0.01998486,0.01998486,36816,113,0
5428.45829105,5428.45648646,0.00000000,2571.92555650,0.07550658,217.40008602,0.01998487,0.01998486,36815,113,1
5428.60603634,5428.60397063,0.00000000,2578.84286414,0.08480807,217.40688939,0.01998487,0.01998486,36814,113,1
5428.75102621,5428.75146278,2585.65320277,2585.63273715,0.07185956,217.41268119,0.01998486,0.01998486,36813,113,0
5428.89771567,5428.89896291,2592.57103843,2592.51251526,0.11789605,217.41765417,0.01998486,0.01998486,36812,113,0
5429.04806342,5429.04647101,0.00000000,2599.57806580,0.10220448,217.42182318,0.01998487,0.01998486,36811,113,1
5429.19544726,5429.19398709,0.00000000,2606.50509847,0.07905284,217.42498747,0.01998487,0.01998486,36810,113,1
5429.34124914,5429.34151115,2613.36617670,2613.35384710,0.05306230,217.42721756,0.01998486,0.01998486,36809,113,0
5429.49001437,5429.48904320,2620.31206565,2620.35781151,0.06202470,217.42857425,0.01998487,0.01998486,36808,113,0
5429.63429337,5429.63658322,0.00000000,2627.17066635,0.12214837,217.42899751,0.01998486,0.01998486,36807,113,1
5429.78523728,5429.78413123,2634.22568383,2634.27788776,0.06730324,217.42849690,0.01998487,0.01998486,36806,113,0
5429.92836049,5429.93168722,0.00000000,2641.05205421,0.06654165,217.42712422,0.01998485,0.01998486,36805,113,1
5430.07846003,5430.07925119,2648.16910395,2648.13168563,0.08495032,217.42475558,0.01998486,0.01998486,36804,113,0
5430.22880294,5430.22682315,0.00000000,2655.26240253,0.05836684,217.42140480,0.01998487,0.01998486,36803,113,1
5430.37454256,5430.37440309,2662.14296748,2662.14957766,0.13098607,217.41724899,0.01998486,0.01998486,36802,113,0
5430.52339694,5430.52199102,0.00000000,2669.22379116,0.06688734,217.41203965,0.01998487,0.01998486,36801,113,1
5430.67063761,5430.66958693,2676.14692303,2676.19681911,0.06574688,217.40597189,0.01998487,0.01998486,36800,113,0
5430.81699660,5430.81719083,2683.15996918,2683.15073630,0.11866571,217.39899833,0.01998486,0.01998486,36799,113,0
5430.96646816,5430.96480272,0.00000000,2690.27375463,0.06462995,217.39090012,0.01998487,0.01998486,36798,113,1
5431.11371193,5431.11242259,2697.20798195,2697.26939401,0.01561287,217.38200593,0.01998487,0.01998486,36797,113,0
5431.26337368,5431.26005046,0.00000000,2704.41467218,0.07431845,217.37195902,0.01998488,0.01998486,36796,113,1
5431.40849846,5431.40768631,2711.28583378,2711.32459570,0.11140974,217.36131791,0.01998487,0.01998486,36795,113,0
5431.55085701,5431.55533016,0.00000000,2718.13392079,0.07761301,217.34994179,0.01998485,0.01998486,36794,113,1
5431.70279172,5431.70298200,2725.39436298,2725.38526283,0.06086086,217.33685591,0.01998486,0.01998486,36793,113,0
5431.85176779,5431.85064182,2732.46010654,2732.51401289,0.15513304,217.32301466,0.01998487,0.01998486,36792,113,0
5431.99861420,5431.99830964,2739.53326837,2739.54786354,0.09387410,217.30840861,0.01998487,0.01998486,36791,113,0
5432.14659588,5432.14598546,2746.61365858,2746.64293947,0.03854848,217.29272034,0.01998487,0.01998487,36790,113,0
5432.29022163,5432.29366926,0.00000000,2753.54135753,0.11516862,217.27654717,0.01998485,0.01998487,36789,113,1
5432.43875050,5432.44136107,0.00000000,2760.67589861,0.05350181,217.25886647,0.01998486,0.01998487,36788,113,1
5432.59033750,5432.58906086,2767.89702960,2767.95844198,0.12291727,217.23981856,0.01998487,0.01998487,36787,113,0
5432.73635839,5432.73676866,2775.00603658,2774.98628081,0.08582602,217.22047852,0.01998486,0.01998487,36786,113,0
5432.88332893,5432.88448445,2782.12276431,2782.06706401,0.08537289,217.20004081,0.01998486,0.01998487,36785,113,0
5433.03417492,5433.03220823,0.00000000,2789.35039587,0.10300827,217.17802148,0.01998487,0.01998487,36784,113,1
5433.17765618,5433.17994002,0.00000000,2796.27787083,0.07587223,217.15613981,0.01998486,0.01998487,36783,113,1
5433.32577769,5433.32767980,0.00000000,2803.43663821,0.11151310,217.13256649,0.01998486,0.01998487,36782,113,1
5433.47250578,5433.47542758,0.00000000,2810.53535017,0.08944205,217.10822630,0.01998486,0.01998487,36781,113,1
5433.62513075,5433.62318337,0.00000000,2817.92707563,0.08927872,217.08186051,0.01998487,0.01998487,36780,113,1
5433.77126662,5433.77094715,2824.99229596,2825.00779476,0.10650961,217.05562728,0.01998487,0.01998487,36779,113,0
5433.91824434,5433.91871894,2832.16508973,2832.14204113,0.10524148,217.02822902,0.01998486,0.01998487,36778,113,0
5434.06752462,5434.06649873,2839.34574778,2839.39562249,0.10377710,216.99937758,0.01998487,0.01998487,36777,113,0
5434.21414440,5434.21428652,2846.53426071,2846.52734448,0.04571278,216.97003280,0.01998487,0.01998487,36776,113,0
5434.36371916,5434.36208231,0.00000000,2853.80948557,0.07646189,216.93906837,0.01998487,0.01998487,36775,113,1
5434.50992527,5434.50988611,2860.93480912,2860.93671902,0.14073452,216.90778345,0.01998487,0.01998487,36774,113,0
5434.65617330,5434.65769791,2868.14677150,2868.07234609,0.06336717,216.87549127,0.01998486,0.01998487,36773,113,0
5434.80716704,5434.80551772,0.00000000,2875.44339170,0.09979329,216.84111407,0.01998487,0.01998487,36772,113,1
5434.95214219,5434.95334554,2882.59366192,2882.53480168,0.03741601,216.80706304,0.01998486,0.01998487,36771,113,0
5435.10066602,5435.10118136,2889.82841213,2889.80318020,0.09958891,216.77116688,0.01998487,0.01998487,36770,113,0
5435.24717063,5435.24902519,0.00000000,2896.97690647,0.09302408,216.73475009,0.01998486,0.01998487,36769,113,1
5435.39518478,5435.39687703,0.00000000,2904.23589156,0.07848559,216.69690124,0.01998486,0.01998487,36768,113,1
5435.54620696,5435.54473688,0.00000000,2911.65035978,0.11201416,216.65720395,0.01998487,0.01998487,36767,113,1
5435.69440332,5435.69260474,0.00000000,2918.93393688,0.13941357,216.61718625,0.01998487,0.01998487,36766,113,1
5435.83946165,5435.84048061,2926.11892395,2926.06876929,0.14690953,216.57700442,0.01998486,0.01998487,36765,113,0
5435.98875149,5435.98836449,2933.40212807,2933.42119861,0.06177270,216.53458092,0.01998487,0.01998487,36764,113,0
5436.13602466,5436.13625638,2940.69383391,2940.68240326,0.08563615,216.49167137,0.01998487,0.01998487,36763,113,0
5436.28489454,5436.28415628,2947.99384263,2948.03030071,0.07884009,216.44722526,0.01998487,0.01998487,36762,113,0
5436.43416502,5436.43206420,0.00000000,2955.40894649,0.08454775,216.40155627,0.01998488,0.01998487,36761,113,1
5436.57825694,5436.57998013,0.00000000,2962.53648221,0.05581388,216.35645480,0.01998486,0.01998487,36760,113,1
5436.71683480,nan,0.00000000,2969.39835481,0.02454933,216.31211825,0.01998537,0.01998487,36760,113,1
5436.87606373,5436.87583604,2977.27400293,2977.28529412,0.10917948,216.26004821,0.01998487,0.01998487,36758,113,0
5437.02199788,5437.02377602,0.00000000,2984.53354271,0.09994976,216.21114771,0.01998486,0.01998487,36757,113,1
5437.17061516,5437.17172401,2991.96362318,2991.90851115,0.07851808,216.16036281,0.01998486,0.01998487,36756,113,0
5437.31998360,5437.31968003,2999.32162392,2999.33672944,0.09674281,216.10816146,0.01998487,0.01998487,36755,113,0
5437.46928498,5437.46764406,0.00000000,3006.77926945,0.08702580,216.05480279,0.01998487,0.01998487,36754,113,1
5437.61466600,5437.61561611,3014.06420610,3014.01682099,0.07810755,216.00189929,0.01998486,0.01998487,36753,113,0
5437.76422501,5437.76359618,3021.44862748,3021.48002497,0.07379632,215.94629871,0.01998487,0.01998487,36752,113,0
5437.90994580,5437.91158427,0.00000000,3028.76771639,0.10486652,215.89097908,0.01998486,0.01998487,36751,113,1
5438.05862016,5438.05958038,3036.24337410,3036.19532410,0.10742822,215.83355350,0.01998487,0.01998487,36750,113,0
5438.20609297,5438.20758451,0.00000000,3043.58577805,0.08102676,215.77536916,0.01998486,0.01998487,36749,113,1
5438.35596850,5438.35559667,3051.07302744,3051.09167658,0.10281448,215.71520791,0.01998487,0.01998487,36748,113,0
5438.50396391,5438.50361685,3058.50126780,3058.51869509,0.08619999,215.65461938,0.01998487,0.01998487,36747,113,0
5438.64901361,5438.65164505,0.00000000,3065.80938932,0.10521349,215.59411780,0.01998486,0.01998487,36746,113,1
5438.80177785,5438.79968128,0.00000000,3073.49159389,0.10662160,215.52926825,0.01998488,0.01998487,36745,113,1
5438.95048959,5438.94772553,0.00000000,3080.97854622,0.08474807,215.46498166,0.01998488,0.01998487,36744,113,1
5439.09428655,5439.09577781,3088.30343493,3088.22822144,0.08529816,215.40171146,0.01998486,0.01998487,36743,113,0
5439.24492817,5439.24383811,3095.77480731,3095.82984068,0.10472342,215.33429074,0.01998487,0.01998487,36742,113,0
5439.39053025,5439.39190644,3103.25390099,3103.18435379,0.04470081,215.26801028,0.01998487,0.01998487,36741,113,0
5439.54016113,5439.53998280,3110.74100629,3110.75002751,0.06666840,215.19874772,0.01998487,0.01998487,36740,113,0
5439.68690085,5439.68806719,3118.23662469,3118.17755477,0.13282761,215.12968520,0.01998487,0.01998487,36739,113,0
5439.83644186,5439.83615961,3125.74126159,3125.75557348,0.11915641,215.05813614,0.01998487,0.01998487,36738,113,0
5439.98526800,5439.98426006,3133.25542342,3133.30659552,0.08551183,214.98574957,0.01998487,0.01998487,36737,113,0
5440.13347301,5440.13236854,3140.77936631,3140.83550837,0.07601616,214.91248918,0.01998487,0.01998487,36736,113,0
5440.28079351,5440.28048505,3148.31288377,3148.32858212,0.07225219,214.83850094,0.01998487,0.01998487,36735,113,0
5440.43044022,5440.42860959,0.00000000,3155.95285865,0.04063981,214.76211469,0.01998488,0.01998487,36734,113,1
5440.57639701,5440.57674217,3163.40761006,3163.39000360,0.10951404,214.68653171,0.01998487,0.01998487,36733,113,0
5440.72659399,5440.72488278,0.00000000,3171.05917131,0.07722180,214.60748229,0.01998488,0.01998487,36732,113,1
5440.86930264,5440.87303142,0.00000000,3178.35097429,0.08893411,214.53127869,0.01998486,0.01998487,36731,113,1
5441.02223838,5441.02118810,3186.11655007,3186.17030621,0.05549342,214.44843136,0.01998487,0.01998487,36730,113,0
5441.17084126,5441.16935282,0.00000000,3193.78514329,0.07839600,214.36662588,0.01998488,0.01998487,36729,113,1
5441.31645302,5441.31752557,3201.30185269,3201.24682603,0.06041071,214.28538893,0.01998487,0.01998487,36728,113,0
5441.46527553,5441.46570636,3208.90882603,3208.88669602,0.07567095,214.20110756,0.01998487,0.01998487,36727,113,0
5441.61224145,5441.61389518,0.00000000,3216.44424556,0.02915960,214.11663471,0.01998487,0.01998487,36726,113,1
5441.76394316,5441.76209205,0.00000000,3224.25007587,0.08045324,214.02823847,0.01998488,0.01998487,36725,113,1
5441.90923850,5441.91029695,3231.78587175,3231.73131408,0.08796611,213.94242284,0.01998487,0.01998487,36724,113,0
5442.05731381,5442.05850990,3239.42974352,3239.36802291,0.10773076,213.85371810,0.01998487,0.01998487,36723,113,0
5442.20965282,5442.20673088,0.00000000,3247.23868603,0.05880392,213.76112676,0.01998488,0.01998487,36722,113,1
5442.35224789,5442.35495991,0.00000000,3254.61068470,0.16949676,213.67332528,0.01998486,0.01998487,36721,113,1
5442.50414607,5442.50319698,3262.41666540,3262.46581367,0.12631955,213.57862365,0.01998487,0.01998487,36720,113,0
5442.65122228,5442.65144209,3270.09815464,3270.08675787,0.11662750,213.48561522,0.01998487,0.01998487,36719,113,0
5442.79886103,5442.79969524,3277.78954336,3277.74623765,0.16285928,213.39101483,0.01998487,0.01998487,36718,113,0
5442.95104239,5442.94795644,0.00000000,3285.66008236,0.07565018,213.29209157,0.01998488,0.01998487,36717,113,1
5443.09837089,5443.09622569,0.00000000,3293.32258623,0.07782487,213.19516594,0.01998488,0.01998487,36716,113,1
5443.24630947,5443.24450298,0.00000000,3301.02604816,0.09342475,213.09658737,0.01998488,0.01998487,36715,113,1
5443.39254794,5443.39278831,3308.65358132,3308.64104216,0.07617948,212.99802238,0.01998487,0.01998487,36714,113,0
5443.53787028,5443.54108169,0.00000000,3316.23541526,0.05874158,212.89861661,0.01998486,0.01998487,36713,113,1
5443.68922346,5443.68938312,3324.14419633,3324.13584717,0.05807179,212.79403060,0.01998487,0.01998487,36712,113,0
5443.83712724,5443.83769260,3331.90406083,3331.87446224,0.14308453,212.69042580,0.01998487,0.01998487,36711,113,0
5443.98422936,5443.98601013,0.00000000,3339.59033224,0.07813747,212.58598148,0.01998487,0.01998487,36710,113,1
5444.13374193,5444.13433571,3347.45287944,3347.42171839,0.18261701,212.47880522,0.01998487,0.01998487,36709,113,0
5444.27956100,5444.28266934,0.00000000,3355.09027305,0.16357287,212.37271671,0.01998486,0.01998487,36708,113,1
5444.42913379,5444.43101102,0.00000000,3362.95479156,0.11678155,212.26274470,0.01998487,0.01998487,36707,113,1
5444.58142007,5444.57936075,0.00000000,3370.97202758,0.11168875,212.14941491,0.01998488,0.01998487,36706,113,1
5444.73036726,5444.72771853,0.00000000,3378.82331378,0.11280855,212.03723480,0.01998488,0.01998487,36705,113,1
5444.87520692,5444.87608437,3386.50341626,3386.45707247,0.10529256,211.92702766,0.01998487,0.01998487,36704,113,0
5445.02732346,5445.02445826,0.00000000,3394.50562018,0.07880514,211.80962011,0.01998488,0.01998487,36703,113,1
5445.17344821,5445.17284020,3402.19686030,3402.22905326,0.14746141,211.69578508,0.01998488,0.01998487,36702,113,0
5445.32550701,5445.32123021,0.00000000,3410.29210846,0.09440841,211.57572158,0.01998489,0.01998487,36701,113,1
5445.46940444,5445.46962826,3417.93041274,3417.91853314,0.12451956,211.46101009,0.01998487,0.01998487,36700,113,0
5445.62206315,5445.61803438,0.00000000,3426.03186248,0.06100732,211.33774773,0.01998489,0.01998487,36699,113,1
5445.76199052,5445.76644855,0.00000000,3433.47226400,0.10962335,211.22359660,0.01998486,0.01998487,36698,113,1
5445.91317149,5445.91487078,0.00000000,3441.52100731,0.09223959,211.09891384,0.01998487,0.01998487,36697,113,1
5446.06473457,5446.06330107,0.00000000,3449.60050740,0.04218939,210.97250180,0.01998488,0.01998487,36696,113,1
5446.20758099,5446.21173942,0.00000000,3457.22492313,0.14176164,210.85205868,0.01998486,0.01998487,36695,113,1
5446.35697419,5446.36018582,0.00000000,3465.20875872,0.14268916,210.72473932,0.01998486,0.01998487,36694,113,1
5446.51038725,5446.50864029,0.00000000,3473.41808992,0.09444375,210.59254523,0.01998488,0.01998487,36693,113,1
5446.65839399,5446.65710283,0.00000000,3481.34840537,0.08501596,210.46361272,0.01998488,0.01998487,36692,113,1
5446.80553331,5446.80557342,3489.24191147,3489.23975821,0.09307811,210.33411228,0.01998487,0.01998487,36691,113,0
5446.95192839,5446.95405208,0.00000000,3497.10624041,0.09143804,210.20382699,0.01998487,0.01998487,36690,113,1
5447.10609376,5447.10253880,0.00000000,3505.39839322,0.05917901,210.06520196,0.01998489,0.01998487,36689,113,1
5447.25429524,5447.25103358,0.00000000,3513.38025756,0.14194364,209.93051364,0.01998489,0.01998487,36688,113,1
5447.39796320,5447.39953643,0.00000000,3521.12781354,0.09815627,209.79860567,0.01998487,0.01998487,36687,113,1
5447.54904911,5447.54804735,3529.23179771,3529.28591909,0.07895653,209.65845808,0.01998488,0.01998487,36686,113,0
5447.69162281,5447.69656633,0.00000000,3536.99429419,0.14130241,209.52485829,0.01998486,0.01998487,36685,113,1
5447.84339778,5447.84509339,0.00000000,3545.21078473,0.11989875,209.38119134,0.01998487,0.01998487,36684,113,1
5447.99090885,5447.99362850,0.00000000,3553.20698905,0.05249059,209.24012694,0.01998487,0.01998488,36683,113,1
5448.14044329,5448.14217169,0.00000000,3561.32352790,0.05421546,209.09567923,0.01998487,0.01998488,36682,113,1
5448.28822656,5448.29072295,0.00000000,3569.35559435,0.08071092,208.95148453,0.01998487,0.01998488,36681,113,1
5448.43498327,5448.43928228,0.00000000,3577.34231649,0.09551000,208.80687038,0.01998486,0.01998488,36680,113,1
5448.58768676,5448.58784968,3585.65570474,3585.64682054,0.04453704,208.65519756,0.01998487,0.01998488,36679,113,0
5448.73762468,5448.73642515,0.00000000,3593.84557597,0.15299253,208.50415110,0.01998488,0.01998488,36678,113,1
5448.88459618,5448.88500869,3601.88326560,3601.86070913,0.09210365,208.35523383,0.01998487,0.01998488,36677,113,0
5449.03618741,5449.03360030,0.00000000,3610.17034718,0.16976185,208.19953592,0.01998489,0.01998488,36676,113,1
5449.17947950,5449.18219999,0.00000000,3618.02085113,0.10459666,208.05121648,0.01998487,0.01998488,36675,113,1
5449.32820575,5449.33080776,0.00000000,3626.17983323,0.04289956,207.89580812,0.01998487,0.01998488,36674,113,1
5449.47372271,5449.47942359,0.00000000,3634.17340549,0.09149886,207.74230385,0.01998486,0.01998488,36673,113,1
5449.63229424,5449.62804751,0.00000000,3642.89613783,0.15502411,207.57338916,0.01998489,0.01998488,36672,113,1
5449.77162434,5449.77667950,0.00000000,3650.57084290,0.13494423,207.42355391,0.01998486,0.01998488,36671,113,1
5449.92707763,5449.92531957,0.00000000,3659.14520002,0.13005605,207.25480859,0.01998488,0.01998488,36670,113,1
5450.07387518,5450.07396771,3667.24125148,3667.23613498,0.19173051,207.09427426,0.01998488,0.01998488,36669,113,0
5450.22336750,5450.22262394,3675.46660784,3675.50777710,0.07602605,206.92884644,0.01998488,0.01998488,36668,113,0
5450.37086736,5450.37128824,3683.70277496,3683.67944384,0.12259434,206.76411919,0.01998487,0.01998488,36667,113,0
5450.51891199,5450.51996063,3691.94933411,3691.89113239,0.17581240,206.59728441,0.01998487,0.01998488,36666,113,0
5450.67282580,5450.66864109,0.00000000,3700.44942312,0.10397789,206.42201985,0.01998489,0.01998488,36665,113,1
5450.82370507,5450.81732964,0.00000000,3708.84080662,0.08130451,206.24879761,0.01998490,0.01998488,36664,113,1
5450.97169172,5450.96602627,0.00000000,3717.08278212,0.04896382,206.07733324,0.01998490,0.01998488,36663,113,1
5451.11886249,5451.11473098,0.00000000,3725.29063076,0.24224473,205.90527228,0.01998489,0.01998488,36662,113,1
5451.26172867,5451.26344377,0.00000000,3733.26924476,0.11010659,205.73676675,0.01998487,0.01998488,36661,113,1
5451.41909229,5451.41216465,0.00000000,3742.06990157,0.17088883,205.54947035,0.01998490,0.01998488,36660,113,1
5451.56358910,5451.56089362,0.00000000,3750.16247789,0.12817232,205.37591958,0.01998489,0.01998488,36659,113,1
5451.70101358,5451.70963067,0.00000000,3757.86922844,0.42875962,205.20946378,0.01998485,0.01998488,36658,113,1
5451.85559338,5451.85837581,0.00000000,3766.55005245,0.05508638,205.02059111,0.01998487,0.01998488,36657,113,1
5452.00850022,5452.00712903,0.00000000,3775.14948535,0.09874358,204.83204938,0.01998488,0.01998488,36656,113,1
5452.15999986,5452.15589034,0.00000000,3783.68215064,0.10470253,204.64355469,0.01998489,0.01998488,36655,113,1
5452.30614383,5452.30465974,0.00000000,3791.92489844,0.07327532,204.46012405,0.01998488,0.01998488,36654,113,1
5452.45586685,5452.45343723,0.00000000,3800.38149882,0.08672705,204.27056505,0.01998489,0.01998488,36653,113,1
5452.60294748,5452.60222281,3808.65554683,3808.69655702,0.12145763,204.08282618,0.01998488,0.01998488,36652,113,0
5452.75513432,5452.75101648,0.00000000,3817.32118862,0.19470702,203.88668036,0.01998489,0.01998488,36651,113,1
5452.75513432,5452.75101648,0.00000000,3817.32118862,0.19470702,203.88668036,0.01998489,0.01998488,36651,113,1
5452.89871321,5452.89981824,3825.52079997,3825.45808639,0.13402690,203.70030337,0.01998487,0.01998488,36650,113,0
5453.04318781,5453.04862809,0.00000000,3833.67250798,0.12075666,203.51084701,0.01998486,0.01998488,36649,113,1
5453.19523937,5453.19744604,0.00000000,3842.32217550,0.15901234,203.30993606,0.01998487,0.01998488,36648,113,1
5453.34322497,5453.34627208,0.00000000,3850.75287841,0.17892719,203.11271278,0.01998487,0.01998488,36647,113,1
5453.50325911,5453.49510621,0.00000000,3859.88373744,0.10599787,202.89755291,0.01998491,0.01998488,36646,113,1
5453.63002178,5453.64394844,0.00000000,3867.12645850,0.02792511,202.72573302,0.01998483,0.01998488,36645,113,1
5453.79118966,5453.79279877,0.00000000,3876.34801987,0.23188604,202.50549343,0.01998487,0.01998488,36644,113,1
5454.08725028,5454.09052371,0.00000000,3893.32608164,0.11971007,202.09568027,0.01998487,0.01998488,36642,113,1
5454.24858271,5454.23939832,0.00000000,3902.59896588,0.05882481,201.86948599,0.01998491,0.01998488,36641,113,1
5454.39089422,5454.38828104,0.00000000,3910.79097196,0.11684626,201.66826585,0.01998489,0.01998488,36640,113,1
5454.53264402,5454.53717185,0.00000000,3918.96223674,0.16378255,201.46625412,0.01998486,0.01998488,36639,113,1
5454.68879341,5454.68607076,0.00000000,3927.97702724,0.21477302,201.24188062,0.01998489,0.01998488,36638,113,1
5454.83716830,5454.83497778,0.00000000,3936.55610691,0.10070488,201.02688224,0.01998489,0.01998488,36637,113,1
5454.97544528,5454.98389289,0.00000000,3944.56288922,0.15650659,200.82493284,0.01998485,0.01998488,36636,113,1
5455.13682500,5455.13281611,0.00000000,3953.92158670,0.12582542,200.58730196,0.01998489,0.01998488,36635,113,1
5455.26218347,nan,0.00000000,3961.20193037,0.18757989,200.40126320,0.01998481,0.01998488,36634,113,1
5455.42684111,5455.43068685,0.00000000,3970.77874534,0.14283173,200.15496802,0.01998487,0.01998488,36633,113,1
5455.57453586,5455.57963438,0.00000000,3979.38267185,0.18811783,199.93216849,0.01998486,0.01998488,36632,113,1
5455.72947387,5455.72859001,3988.36278626,3988.41440401,0.15072798,199.69673767,0.01998488,0.01998488,36631,113,0
5455.87309935,5455.87755375,0.00000000,3996.81526192,0.12865034,199.47632339,0.01998486,0.01998488,36630,113,1
5456.02607344,5456.02652559,4005.78331480,4005.75684205,0.22959517,199.24020911,0.01998488,0.01998488,36629,113,0
5456.18541799,5456.17550554,0.00000000,4015.10848675,0.18594193,198.99159690,0.01998492,0.01998488,36628,113,1
5456.31600217,5456.32449360,0.00000000,4022.77466860,0.34255490,198.78651884,0.01998485,0.01998488,36627,113,1
5456.47263257,5456.47348977,4032.01756577,4031.96711644,0.12808570,198.53909828,0.01998488,0.01998488,36626,113,0
5456.62231047,5456.62249404,4040.79486288,4040.78404014,0.11689528,198.30023413,0.01998488,0.01998488,36625,113,0
5456.78393902,5456.77150643,0.00000000,4050.33162311,0.11617391,198.03986205,0.01998493,0.01998488,36624,113,1
5456.78393902,5456.77150643,0.00000000,4050.33162311,0.11617391,198.03986205,0.01998493,0.01998488,36624,113,1
5456.91603922,5456.92052692,0.00000000,4058.13553755,0.19219987,197.82571806,0.01998486,0.01998488,36623,113,1
5457.06694848,5457.06955553,0.00000000,4067.06391237,0.25209339,197.57925763,0.01998487,0.01998488,36622,113,1
5457.21497050,5457.21859225,0.00000000,4075.83531080,0.13080030,197.33561210,0.01998487,0.01998488,36621,113,1
5457.36256074,5457.36763708,0.00000000,4084.59483813,0.19052520,197.09079408,0.01998486,0.01998488,36620,113,1
nan,nan,0.00000000,-1.00000000,0.00000000,196.85446837,nan,0.00000000,-2147483648,113,1
5420.52528816,5420.50416813,0.00000000,307.00000000,nan,203.93074136,0.01998493,0.01998486,36869,112,1
5420.86514710,nan,0.00000000,319.06496999,0.13853171,204.45808440,0.01998510,0.01998486,36867,112,1
5420.86514710,nan,0.00000000,319.06496999,0.13853171,204.45808440,0.01998510,0.01998486,36867,112,1
nan,nan,0.00000000,-1.00000000,0.00000000,204.84692903,nan,0.00000000,-2147483648,112,1
nan,nan,0.00000000,-1.00000000,0.00000000,205.15055581,nan,0.00000000,-2147483648,112,1
nan,nan,0.00000000,-1.00000000,0.00000000,205.32365944,nan,0.00000000,-2147483648,112,1
5421.41634443,nan,0.00000000,338.66382299,0.07386016,205.30912220,0.01998551,0.01998486,36864,112,1
5421.83079870,5421.82794392,0.00000000,353.42622590,0.07730509,205.94556547,0.01998487,0.01998486,36860,112,1
5421.83079870,5421.82794392,0.00000000,353.42622590,0.07730509,205.94556547,0.01998487,0.01998486,36860,112,1
5421.96951284,5421.97506983,0.00000000,358.37202031,0.12459974,206.15790959,0.01998484,0.01998486,36859,112,1
5422.13090631,5422.12220370,0.00000000,364.12956982,0.36015959,206.40454848,0.01998489,0.01998486,36858,112,1
5422.13090631,5422.12220370,0.00000000,364.12956982,0.36015959,206.40454848,0.01998489,0.01998486,36858,112,1
5422.40607602,5422.41649526,0.00000000,373.95376103,0.07411745,206.82400700,0.01998482,0.01998486,36856,112,1
5422.40607602,5422.41649526,0.00000000,373.95376103,0.07411745,206.82400700,0.01998482,0.01998486,36856,112,1
5422.54933349,5422.56365296,0.00000000,379.07227719,0.07499376,207.04185739,0.01998481,0.01998486,36855,112,1
5422.72228745,5422.71081862,0.00000000,385.25539695,0.01866435,207.30438587,0.01998490,0.01998486,36854,112,1
5423.57611266,5423.59397949,0.00000000,415.83709788,0.17168178,208.59266245,0.01998479,0.01998486,36848,112,1
nan,nan,0.00000000,-1.00000000,0.00000000,208.93366222,nan,0.00000000,-2147483648,112,1
nan,nan,0.00000000,-1.00000000,0.00000000,209.05868124,nan,0.00000000,-2147483648,112,1
5424.06995962,nan,0.00000000,433.56917616,0.21029604,209.33186780,0.01998553,0.01998486,36846,112,1
5424.33683920,5424.33016561,0.00000000,443.16521357,0.23591814,209.72952084,0.01998488,0.01998486,36843,112,1
5424.48933715,5424.47742670,0.00000000,448.65274924,0.09230283,209.95616835,0.01998490,0.01998486,36842,112,1
nan,nan,0.00000000,-1.00000000,0.00000000,210.17649516,nan,0.00000000,-2147483648,112,1
nan,nan,0.00000000,-1.00000000,0.00000000,210.34097022,nan,0.00000000,-2147483648,112,1
nan,nan,0.00000000,-1.00000000,0.00000000,210.62810127,nan,0.00000000,-2147483648,112,1
5425.20672176,5425.21385154,0.00000000,474.50904765,0.04580324,211.01672196,0.01998483,0.01998486,36837,112,1
5425.20672176,5425.21385154,0.00000000,474.50904765,0.04580324,211.01672196,0.01998483,0.01998486,36837,112,1
nan,nan,0.00000000,-1.00000000,0.00000000,211.19968827,nan,0.00000000,-2147483648,112,1
5425.48800508,5425.50847720,0.00000000,484.66604457,0.11128619,211.43000513,0.01998479,0.01998486,36835,112,1
5425.65795971,5425.65580197,0.00000000,490.80819176,0.22052757,211.67901436,0.01998487,0.01998486,36834,112,1
5425.96288370,5425.95047540,0.00000000,501.83791846,0.15923160,212.12444561,0.01998491,0.01998486,36832,112,1
5426.25073528,5426.24518070,0.00000000,512.26168060,0.26682855,212.54336672,0.01998488,0.01998486,36830,112,1
5426.53728117,5426.53991786,0.00000000,522.64937109,0.16553700,212.95886639,0.01998485,0.01998486,36828,112,1
5426.53728117,5426.53991786,0.00000000,522.64937109,0.16553700,212.95886639,0.01998485,0.01998486,36828,112,1
5426.68778792,5426.68729839,528.10219417,528.11995669,0.14289599,213.17689400,0.01998486,0.01998486,36827,112,0
5426.98103304,5426.98208335,538.80446227,538.76630802,0.07722554,213.59963287,0.01998486,0.01998486,36825,112,0
5427.12662387,5427.12948779,0.00000000,544.04919685,0.12518936,213.80863410,0.01998485,0.01998486,36824,112,1
5427.27685504,5427.27690020,549.52094884,549.51930640,0.23549027,214.02450476,0.01998486,0.01998486,36823,112,0
5427.27685504,5427.27690020,549.52094884,549.51930640,0.23549027,214.02450476,0.01998486,0.01998486,36823,112,0
nan,nan,0.00000000,-1.00000000,0.00000000,214.43658365,nan,0.00000000,-2147483648,112,1
5428.31707300,5428.30901027,0.00000000,587.42223773,0.09742552,215.50526233,0.01998489,0.01998486,36816,112,1
5428.45748270,5428.45648646,592.52783385,592.56422867,0.07098121,215.70411954,0.01998487,0.01998486,36815,112,0
5428.60937119,5428.60397063,0.00000000,598.10205314,0.12715147,215.91774323,0.01998488,0.01998486,36814,112,1
5428.74997917,5428.75146278,603.30950147,603.25524544,0.14576554,216.11602489,0.01998486,0.01998486,36813,112,0
5428.89668628,5428.89896291,0.00000000,608.61147708,0.24935294,216.32160317,0.01998485,0.01998486,36812,112,1
5429.04781285,5429.04647101,614.10438449,614.15351503,0.11583184,216.53375929,0.01998487,0.01998486,36811,112,0
5429.19298107,5429.19398709,619.50729975,619.47044116,0.05833940,216.73676852,0.01998486,0.01998486,36810,112,0
5429.34184111,5429.34151115,624.91408624,624.92618308,0.09204700,216.94453897,0.01998487,0.01998486,36809,112,0
5429.48072316,5429.48904320,0.00000000,630.01026229,0.22798919,217.13766388,0.01998483,0.01998486,36808,112,1
5429.63539418,5429.63658322,635.73878272,635.69513693,0.06893458,217.35304900,0.01998486,0.01998486,36807,112,0
5429.79631358,5429.78413123,0.00000000,641.59342464,0.27451000,217.57589273,0.01998491,0.01998486,36806,112,1
5429.92729959,5429.93168722,0.00000000,646.40518368,0.08359454,217.75721311,0.01998485,0.01998486,36805,112,1
5430.08336523,5430.07925119,0.00000000,652.14143518,0.12301271,217.97281530,0.01998488,0.01998486,36804,112,1
5430.23607421,5430.22682315,0.00000000,657.75767969,0.04220971,218.18332126,0.01998490,0.01998486,36803,112,1
5430.37928204,5430.37440309,0.00000000,663.02752913,0.08647651,218.38031669,0.01998488,0.01998486,36802,112,1
5430.52818114,5430.52199102,0.00000000,668.50992797,0.05481289,218.58471580,0.01998489,0.01998486,36801,112,1
5430.66721584,5430.66958693,0.00000000,673.63199960,0.08204051,218.77518159,0.01998486,0.01998486,36800,112,1
5430.82242063,5430.81719083,0.00000000,679.35306821,0.04443103,218.98735086,0.01998488,0.01998486,36799,112,1
5430.96907290,5430.96480272,0.00000000,684.76207040,0.18462765,219.18739325,0.01998488,0.01998486,36798,112,1
5431.40265649,5431.40768631,0.00000000,700.77220892,0.22065037,219.77634455,0.01998485,0.01998486,36795,112,1
5431.55864913,5431.55533016,0.00000000,706.53893278,0.18977139,219.98732408,0.01998488,0.01998486,36794,112,1
5431.70225648,5431.70298200,711.88437117,711.85752356,0.16767087,220.18136539,0.01998486,0.01998486,36793,112,0
5432.01176136,5431.99830964,0.00000000,723.30966526,0.21354501,220.59741133,0.01998491,0.01998486,36791,112,1
5432.29980619,5432.29366926,0.00000000,733.98648892,0.26301415,220.98311312,0.01998489,0.01998487,36789,112,1
5432.44464360,5432.44136107,0.00000000,739.35971390,0.10073340,221.17642648,0.01998488,0.01998487,36788,112,1
5432.72671675,5432.73676866,0.00000000,749.83302486,0.16928963,221.55169554,0.01998483,0.01998487,36786,112,1
5432.87917841,5432.88448445,0.00000000,755.49878298,0.16025084,221.75386151,0.01998485,0.01998487,36785,112,1
5433.03159354,5433.03220823,761.18914077,761.16627954,0.10088020,221.95549664,0.01998486,0.01998487,36784,112,0
5433.18582185,5433.17994002,0.00000000,766.90465119,0.06304514,222.15904903,0.01998489,0.01998487,36783,112,1
5433.33487230,5433.32767980,0.00000000,772.45375648,0.17179821,222.35530931,0.01998489,0.01998487,36782,112,1
5433.47950115,5433.47542758,0.00000000,777.84140961,0.09611446,222.54531506,0.01998488,0.01998487,36781,112,1
5433.62592896,5433.62318337,0.00000000,783.29925657,0.19881274,222.73724941,0.01998488,0.01998487,36780,112,1
5433.77377493,5433.77094715,0.00000000,788.81321508,0.11098102,222.93059791,0.01998488,0.01998487,36779,112,1
5433.91469419,5433.91871894,0.00000000,794.07188753,0.12755392,223.11447105,0.01998485,0.01998487,36778,112,1
5434.05963178,5434.06649873,0.00000000,799.48362014,0.06504560,223.30316211,0.01998484,0.01998487,36777,112,1
5434.20825113,5434.21428652,0.00000000,805.03610325,0.09640600,223.49619768,0.01998484,0.01998487,36776,112,1
5434.35673679,5434.36208231,0.00000000,810.58691443,0.05310212,223.68860499,0.01998485,0.01998487,36775,112,1
5434.50725024,5434.50988611,0.00000000,816.21692612,0.05029411,223.88317514,0.01998486,0.01998487,36774,112,1
5434.66018767,5434.65769791,0.00000000,821.94111721,0.11011899,224.08039855,0.01998488,0.01998487,36773,112,1
5434.80759979,5434.80551772,827.38094089,827.45893514,0.06589627,224.26993723,0.01998487,0.01998487,36772,112,0
5434.95380070,5434.95334554,832.92025122,832.93731202,0.16568714,224.45756327,0.01998487,0.01998487,36771,112,0
5435.10316274,5435.10118136,838.46324740,838.53756087,0.13333447,224.64878858,0.01998487,0.01998487,36770,112,0
5435.25436905,5435.24902519,0.00000000,844.21402503,0.11682363,224.84202330,0.01998489,0.01998487,36769,112,1
5435.39764038,5435.39687703,849.56027598,849.58894087,0.09292609,225.02444246,0.01998487,0.01998487,36768,112,0
5435.54407784,5435.54473688,855.11429767,855.08953492,0.09705402,225.21057253,0.01998486,0.01998487,36767,112,0
5435.68568016,5435.69260474,0.00000000,860.41548494,0.12005422,225.39025838,0.01998484,0.01998487,36766,112,1
5435.83385966,5435.84048061,0.00000000,865.98817849,0.13160002,225.57770562,0.01998484,0.01998487,36765,112,1
5435.98690161,5435.98836449,871.79846983,871.74340221,0.09854636,225.77068787,0.01998486,0.01998487,36764,112,0
nan,nan,0.00000000,-1.00000000,0.00000000,225.97978479,nan,0.00000000,-2147483648,112,1
5436.28365287,5436.28415628,882.94038930,882.92141433,0.09738457,226.14374907,0.01998487,0.01998487,36762,112,0
5436.42857199,5436.43206420,0.00000000,888.38801724,0.17389359,226.32535002,0.01998486,0.01998487,36761,112,1
5436.57754987,5436.57998013,0.00000000,894.00784412,0.09732188,226.51146265,0.01998486,0.01998487,36760,112,1
5436.72111622,5436.72790408,0.00000000,899.42679766,0.13449777,226.69036743,0.01998484,0.01998487,36759,112,1
5436.87816438,5436.87583604,0.00000000,905.35830173,0.01756726,226.88556854,0.01998488,0.01998487,36758,112,1
5437.01550774,5437.02377602,0.00000000,910.54873552,0.05316901,227.05584528,0.01998484,0.01998487,36757,112,1
5437.17350983,5437.17172401,916.46382812,916.53140747,0.17052962,227.25149092,0.01998488,0.01998487,36756,112,0
5437.31846889,5437.31968003,922.06436251,922.01850553,0.17539148,227.43034530,0.01998487,0.01998487,36755,112,0
5437.47154159,5437.46764406,0.00000000,927.80419288,0.05099500,227.61832595,0.01998488,0.01998487,36754,112,1
5437.61699199,5437.61561611,933.27504635,933.32719361,0.07994100,227.79719094,0.01998488,0.01998487,36753,112,0
5437.76311315,5437.76359618,938.88507541,938.86675867,0.08668837,227.97602237,0.01998487,0.01998487,36752,112,0
5437.90842288,5437.91158427,0.00000000,944.36562792,0.07949963,228.15297532,0.01998486,0.01998487,36751,112,1
5438.20599314,5438.20758451,955.73624807,955.67579258,0.11089916,228.51516582,0.01998486,0.01998487,36749,112,0
5438.20599314,5438.20758451,955.73624807,955.67579258,0.11089916,228.51516582,0.01998486,0.01998487,36749,112,0
5438.35301617,5438.35559667,0.00000000,961.25041305,0.15907073,228.69280818,0.01998486,0.01998487,36748,112,1
5438.51242984,5438.50361685,0.00000000,967.31228552,0.10592797,228.88532058,0.01998490,0.01998487,36747,112,1
5438.65263305,5438.65164505,972.62348855,972.66110050,0.20633077,229.05461930,0.01998487,0.01998487,36746,112,0
5438.79754110,5438.79968128,0.00000000,978.16405409,0.05903039,229.22824043,0.01998486,0.01998487,36745,112,1
5438.94886140,5438.94772553,983.90225209,983.94554887,0.14159899,229.41004176,0.01998488,0.01998487,36744,112,0
5439.09119045,5439.09577781,0.00000000,989.35440182,0.05840139,229.57956109,0.01998485,0.01998487,36743,112,1
5439.24448359,5439.24383811,995.19599540,995.22062810,0.04204123,229.76279841,0.01998487,0.01998487,36742,112,0
5439.38789353,5439.39190644,0.00000000,1000.67519960,0.07676441,229.93260151,0.01998486,0.01998487,36741,112,1
5439.54302153,5439.53998280,0.00000000,1006.59980966,0.04763378,230.11640835,0.01998488,0.01998487,36740,112,1
5439.68443264,5439.68806719,0.00000000,1012.00393845,0.07268511,230.28349652,0.01998486,0.01998487,36739,112,1
5439.83425201,5439.83615961,1017.82499122,1017.75202926,0.11198185,230.46062139,0.01998487,0.01998487,36738,112,0
5439.98622651,5439.98426006,0.00000000,1023.54805775,0.11100612,230.63859901,0.01998488,0.01998487,36737,112,1
5440.12862205,5440.13236854,0.00000000,1029.00006788,0.16214583,230.80544048,0.01998486,0.01998487,36736,112,1
5440.27761673,5440.28048505,0.00000000,1034.70828336,0.03832867,230.97952751,0.01998486,0.01998487,36735,112,1
5440.42663302,5440.42860959,1040.51417516,1040.43837879,0.10516483,231.15366975,0.01998487,0.01998487,36734,112,0
5440.57720738,5440.57674217,1046.19653626,1046.21438767,0.05466193,231.32858657,0.01998487,0.01998487,36733,112,0
5440.72497245,5440.72488278,1051.88283349,1051.88627649,0.14291951,231.49974366,0.01998487,0.01998487,36732,112,0
5440.86894344,5440.87303142,0.00000000,1057.39875547,0.05774391,231.66551421,0.01998486,0.01998487,36731,112,1
5441.02167447,5441.02118810,1063.26692934,1063.28562714,0.03032662,231.84191623,0.01998487,0.01998487,36730,112,0
5441.16649827,5441.16935282,0.00000000,1068.83832543,0.03981949,232.00771081,0.01998486,0.01998487,36729,112,1
5441.31858951,5441.31752557,1074.66589074,1074.70684066,0.14964968,232.18230844,0.01998488,0.01998487,36728,112,0
5441.46418176,5441.46570636,1080.37090793,1080.31219282,0.13955154,232.34847504,0.01998487,0.01998487,36727,112,0
5441.60922414,5441.61389518,0.00000000,1085.88615375,0.10097084,232.51312817,0.01998485,0.01998487,36726,112,1
5441.76412588,5441.76209205,0.00000000,1091.85857183,0.11962262,232.68890638,0.01998488,0.01998487,36725,112,1
5441.90775226,5441.91029695,0.00000000,1097.39983013,0.03609696,232.85139777,0.01998486,0.01998487,36724,112,1
5442.06168604,5442.05850990,0.00000000,1103.34258644,0.09514779,233.02502384,0.01998488,0.01998487,36723,112,1
5442.20667043,5442.20673088,1108.95277203,1108.95043670,0.09841841,233.18825872,0.01998487,0.01998487,36722,112,0
5442.35718912,5442.35495991,0.00000000,1114.76188429,0.14866489,233.35679852,0.01998488,0.01998487,36721,112,1
5442.50334680,5442.50319698,1120.41320239,1120.41899817,0.05619827,233.52025477,0.01998487,0.01998487,36720,112,0
5442.65181069,5442.65144209,1126.14981657,1126.16408550,0.17767156,233.68563925,0.01998487,0.01998487,36719,112,0
5442.80060908,5442.79969524,1131.89087709,1131.92627840,0.07692238,233.85089484,0.01998488,0.01998487,36718,112,0
5442.95007169,5442.94795644,0.00000000,1137.71733796,0.08125333,234.01635127,0.01998488,0.01998487,36717,112,1
5443.09935408,5443.09622569,0.00000000,1143.50668417,0.01975892,234.18113030,0.01998488,0.01998487,36716,112,1
5443.24529588,5443.24450298,1149.14137609,1149.17215940,0.12905808,234.34177520,0.01998488,0.01998487,36715,112,0
5443.39175661,5443.39278831,1154.90018789,1154.86010794,0.03679959,234.50245175,0.01998487,0.01998487,36714,112,0
5443.53949905,5443.54108169,1160.66297097,1160.60144972,0.07340809,234.66402110,0.01998487,0.01998487,36713,112,0
5443.68702515,5443.68938312,0.00000000,1166.33412813,0.04101984,234.82472957,0.01998486,0.01998487,36712,112,1
5443.83536484,5443.83769260,0.00000000,1172.10555559,0.06635011,234.98590133,0.01998486,0.01998487,36711,112,1
5443.99069141,5443.98601013,0.00000000,1178.15286970,0.11437615,235.15410667,0.01998489,0.01998487,36710,112,1
5444.13896645,5444.13433571,0.00000000,1183.92952054,0.10075871,235.31414238,0.01998489,0.01998487,36709,112,1
5444.28076541,5444.28266934,0.00000000,1189.45741543,0.01244899,235.46669988,0.01998487,0.01998487,36708,112,1
5444.43109312,5444.43101102,1195.31713835,1195.32034157,0.05660104,235.62787634,0.01998487,0.01998487,36707,112,0
5444.57748715,5444.57936075,0.00000000,1201.03607446,0.06473301,235.78438474,0.01998487,0.01998487,36706,112,1
5444.72662492,5444.72771853,1206.90143162,1206.85870191,0.09078587,235.94318899,0.01998487,0.01998487,36705,112,0
5444.88078252,5444.87608437,0.00000000,1212.88703751,0.07454093,236.10693237,0.01998489,0.01998487,36704,112,1
5445.02558185,5445.02445826,1218.50437018,1218.54833631,0.07330226,236.26008425,0.01998488,0.01998487,36703,112,0
5445.17622074,5445.17284020,0.00000000,1224.44640295,0.14324275,236.41900042,0.01998489,0.01998487,36702,112,1
5445.32243471,5445.32123021,1230.12501449,1230.17221104,0.07387595,236.57264955,0.01998488,0.01998487,36701,112,0
5445.46604100,5445.46962826,0.00000000,1235.80080088,0.14149163,236.72308892,0.01998486,0.01998487,36700,112,1
5445.61654855,5445.61803438,1241.76215356,1241.70386075,0.06430866,236.88022402,0.01998487,0.01998487,36699,112,0
5445.76706825,5445.76644855,1247.58664628,1247.61097412,0.10560203,237.03681075,0.01998488,0.01998487,36698,112,0
5445.91521851,5445.91487078,1253.41515701,1253.42881664,0.06422121,237.19038928,0.01998488,0.01998487,36697,112,0
5446.06168022,5446.06330107,1259.24777393,1259.18406147,0.07432977,237.34168856,0.01998487,0.01998487,36696,112,0
5446.21258948,5446.21173942,1265.08458560,1265.11802268,0.10711353,237.49703324,0.01998488,0.01998487,36695,112,0
5446.35893546,5446.36018582,1270.92568097,1270.87646479,0.04351795,237.64714917,0.01998487,0.01998487,36694,112,0
5446.50590222,nan,0.00000000,1276.66176858,0.11824938,237.79733654,0.01998486,0.01998487,36693,112,1
5446.65652805,5446.65710283,1282.62100482,1282.59834927,0.08864535,237.95079573,0.01998487,0.01998487,36692,112,0
5446.81092461,5446.80557342,0.00000000,1288.68397325,0.12194564,238.10741851,0.01998489,0.01998487,36691,112,1
5446.95260566,5446.95405208,1294.33380338,1294.27671244,0.07861310,238.25074084,0.01998487,0.01998487,36690,112,0
5447.09901115,5447.10253880,0.00000000,1300.05397249,0.07967348,238.39817284,0.01998486,0.01998487,36689,112,1
5447.25186305,5447.25103358,1306.06386200,1306.09664594,0.08326559,238.55170488,0.01998488,0.01998487,36688,112,0
5447.39850766,5447.39953643,1311.93529524,1311.89460676,0.12633424,238.69837216,0.01998487,0.01998487,36687,112,0
5447.54713300,5447.54804735,1317.81095541,1317.77476835,0.15499867,238.84647142,0.01998487,0.01998487,36686,112,0
5447.70064863,5447.69656633,0.00000000,1323.84721590,0.06761688,238.99872924,0.01998489,0.01998487,36685,112,1
5447.84338555,5447.84509339,0.00000000,1329.50172284,0.07301375,239.13988241,0.01998487,0.01998487,36684,112,1
5447.98950104,5447.99362850,0.00000000,1335.29391041,0.13725184,239.28384709,0.01998486,0.01998488,36683,112,1
5448.13918505,5448.14217169,0.00000000,1341.23159435,0.13658031,239.43077097,0.01998486,0.01998488,36682,112,1
5448.29010417,5448.29072295,1347.25140159,1347.22683309,0.04505676,239.57844394,0.01998487,0.01998488,36681,112,0
5448.43765845,5448.43928228,1353.15181904,1353.08730337,0.07767042,239.72214159,0.01998487,0.01998488,36680,112,0
5448.58586810,5448.58784968,0.00000000,1358.97504314,0.08682038,239.86585494,0.01998487,0.01998488,36679,112,1
5448.73901879,5448.73642515,0.00000000,1365.06703451,0.05310038,240.01386484,0.01998489,0.01998488,36678,112,1
5448.88429012,5448.88500869,1370.87934177,1370.85073200,0.04293596,240.15373590,0.01998487,0.01998488,36677,112,0
5449.03352064,5449.03360030,1376.79772704,1376.79455291,0.14519682,240.29682099,0.01998488,0.01998488,36676,112,0
5449.18227633,5449.18219999,1382.72090159,1382.72394569,0.07863679,240.43889375,0.01998488,0.01998488,36675,112,0
5449.33170721,5449.33080776,1388.64879328,1388.68468508,0.07808438,240.58104800,0.01998488,0.01998488,36674,112,0
5449.47866621,5449.47942359,1394.58129158,1394.55104743,0.05245723,240.72029589,0.01998487,0.01998488,36673,112,0
5449.62608343,5449.62804751,0.00000000,1400.43783343,0.08039971,240.85937468,0.01998487,0.01998488,36672,112,1
5449.77669811,5449.77667950,1406.45966340,1406.46040758,0.06042056,241.00098357,0.01998488,0.01998488,36671,112,0
5449.92694128,5449.92531957,1412.40531361,1412.47020404,0.09769210,241.14160837,0.01998488,0.01998488,36670,112,0
5450.07390325,5450.07396771,1418.35516221,1418.35258130,0.06636062,241.27859019,0.01998488,0.01998488,36669,112,0
5450.22091935,5450.22262394,1424.30921394,1424.24091897,0.12482569,241.41505533,0.01998487,0.01998488,36668,112,0
5450.37029313,5450.37128824,1430.26748326,1430.22758736,0.01367283,241.55312689,0.01998487,0.01998488,36667,112,0
5450.51792345,5450.51996063,0.00000000,1436.14721318,0.03854106,241.68898546,0.01998487,0.01998488,36666,112,1
5450.66464444,5450.66864109,0.00000000,1442.03630717,0.09045306,241.82348531,0.01998486,0.01998488,36665,112,1
5450.81957501,5450.81732964,0.00000000,1448.25935119,0.05575032,241.96489887,0.01998489,0.01998488,36664,112,1
5450.96413649,5450.96602627,0.00000000,1454.07001937,0.05272731,242.09627971,0.01998487,0.01998488,36663,112,1
5451.11345132,5451.11473098,1460.12311790,1460.07163907,0.03787077,242.23130690,0.01998487,0.01998488,36662,112,0
5451.26096714,5451.26344377,0.00000000,1466.01366170,0.06500958,242.36432131,0.01998487,0.01998488,36661,112,1
5451.40966944,5451.41216465,0.00000000,1472.00336648,0.10195594,242.49772633,0.01998487,0.01998488,36660,112,1
5451.56154095,5451.56089362,1478.09287520,1478.11897947,0.05088858,242.63323448,0.01998488,0.01998488,36659,112,0
5451.70904878,5451.70963067,1484.09344933,1484.06996416,0.13086416,242.76441463,0.01998487,0.01998488,36658,112,0
5451.85747583,5451.85837581,1490.09933510,1490.06298250,0.06687948,242.89584319,0.01998487,0.01998488,36657,112,0
5452.00590948,5452.00712903,1496.11018394,1496.06088622,0.03949783,243.02669740,0.01998487,0.01998488,36656,112,0
5452.15374059,5452.15589034,0.00000000,1502.03835075,0.05170621,243.15642730,0.01998487,0.01998488,36655,112,1
5452.30666771,5452.30465974,0.00000000,1508.22463706,0.15243494,243.28997606,0.01998489,0.01998488,36654,112,1
5452.45343903,5452.45343723,1514.16897535,1514.16904836,0.10007507,243.41761966,0.01998488,0.01998488,36653,112,0
5452.60173526,5452.60222281,1520.19624309,1520.17648705,0.04439125,243.54593586,0.01998488,0.01998488,36652,112,0
5452.75133493,5452.75101648,1526.22736401,1526.24027607,0.06818371,243.67476157,0.01998488,0.01998488,36651,112,0
5452.89941993,5452.89981824,1532.26265859,1532.24649809,0.07162271,243.80167669,0.01998488,0.01998488,36650,112,0
5453.04980874,5453.04862809,1538.30244878,1538.35038566,0.05256138,243.92995437,0.01998488,0.01998488,36649,112,0
5453.19457687,5453.19744604,0.00000000,1544.23301008,0.08895165,244.05291308,0.01998487,0.01998488,36648,112,1
5453.34648012,5453.34627208,1550.39680920,1550.40526942,0.08581515,244.18121974,0.01998488,0.01998488,36647,112,0
5453.49426592,5453.49510621,1556.45185658,1556.41765702,0.07064236,244.30550782,0.01998487,0.01998488,36646,112,0
5453.64487157,5453.64394844,1562.51205744,1562.54965789,0.05280519,244.43156172,0.01998488,0.01998488,36645,112,0
5453.79444325,5453.79279877,1568.57723839,1568.64427113,0.14223156,244.55613969,0.01998488,0.01998488,36644,112,0
5453.94158679,5453.94165719,1574.64722526,1574.64435353,0.06636471,244.67809640,0.01998488,0.01998488,36643,112,0
5454.08878690,5454.09052371,0.00000000,1580.65403029,0.07332507,244.79956278,0.01998487,0.01998488,36642,112,1
5454.23713050,5454.23939832,0.00000000,1586.71144053,0.08230746,244.92129976,0.01998487,0.01998488,36641,112,1
5454.38914063,5454.38828104,1592.88448065,1592.91961696,0.05106007,245.04534346,0.01998488,0.01998488,36640,112,0
5454.53568409,5454.53717185,1598.97262609,1598.91177006,0.02526514,245.16437637,0.01998487,0.01998488,36639,112,0
5454.68401535,5454.68607076,0.00000000,1604.98607301,0.03757035,245.28434480,0.01998487,0.01998488,36638,112,1
5454.83310541,5454.83497778,0.00000000,1611.09182117,0.10142263,245.40422760,0.01998487,0.01998488,36637,112,1
5454.98365155,5454.98389289,1617.26589568,1617.25600156,0.08709177,245.52453888,0.01998488,0.01998488,36636,112,0
5455.13040547,5455.13281611,0.00000000,1623.28070891,0.05197975,245.64142996,0.01998487,0.01998488,36635,112,1
5455.28167413,5455.28174743,1629.48646453,1629.48345477,0.09267811,245.76105434,0.01998488,0.01998488,36634,112,0
5455.42674611,5455.43068685,0.00000000,1635.44813684,0.05584481,245.87539748,0.01998487,0.01998488,36633,112,1
5455.57976060,5455.57963438,1641.72688153,1641.73207181,0.06869990,245.99512880,0.01998488,0.01998488,36632,112,0
5455.72752328,5455.72859001,1647.85434360,1647.81044676,0.04499443,246.11022885,0.01998488,0.01998488,36631,112,0
5455.87795273,5455.87755375,1653.98654087,1654.00297122,0.04822351,246.22676768,0.01998488,0.01998488,36630,112,0
5456.02810456,5456.02652559,1660.12346896,1660.18853901,0.07518937,246.34244724,0.01998489,0.01998488,36629,112,0
5456.17434319,5456.17550554,1666.26522987,1666.21729361,0.04599921,246.45449355,0.01998488,0.01998488,36628,112,0
5456.32360433,5456.32449360,1672.41193476,1672.37523298,0.07344553,246.56822674,0.01998488,0.01998488,36627,112,0
5456.46964057,5456.47348977,0.00000000,1678.41141092,0.10465940,246.67901059,0.01998487,0.01998488,36626,112,1
5456.62215178,5456.62249404,1684.72062380,1684.70647599,0.04627143,246.79380705,0.01998488,0.01998488,36625,112,0
5456.77271188,5456.77150643,1690.88281693,1690.93268691,0.05295966,246.90660578,0.01998488,0.01998488,36624,112,0
5456.91842580,5456.92052692,0.00000000,1696.96891545,0.02980272,247.01525796,0.01998487,0.01998488,36623,112,1
5457.06938715,5457.06955553,1703.22275609,1703.21577927,0.08443176,247.12697099,0.01998488,0.01998488,36622,112,0
5457.21727570,5457.21859225,1709.40027230,1709.34568192,0.06957548,247.23586991,0.01998488,0.01998488,36621,112,0
5457.36776020,5457.36763708,1715.58266505,1715.58777388,0.04122515,247.34602640,0.01998488,0.01998488,36620,112,0
5457.51711242,5457.51669003,1721.76981791,1721.78735781,0.06135964,247.45469803,0.01998488,0.01998488,36619,112,0
5457.66681850,5457.66575108,1727.96167632,1728.00603175,0.09645074,247.56296861,0.01998488,0.01998488,36618,112,0
5457.81438923,5457.81482026,1734.15833376,1734.14040976,0.09152068,247.66904957,0.01998488,0.01998488,36617,112,0
5457.96265919,5457.96389755,1740.35990568,1740.30837115,0.08950113,247.77498825,0.01998488,0.01998488,36616,112,0
5458.11291785,5458.11298295,1746.56650809,1746.56379662,0.10290748,247.88168857,0.01998488,0.01998488,36615,112,0
5458.26253791,5458.26207647,1752.77825756,1752.79749001,0.02886872,247.98727619,0.01998488,0.01998488,36614,112,0
5458.40820926,5458.41117811,0.00000000,1758.87585472,0.01869188,248.08951945,0.01998487,0.01998488,36613,112,1
5458.56076258,5458.56028787,1765.21756042,1765.23737779,0.03279313,248.19577125,0.01998488,0.01998488,36612,112,0
5458.71084553,5458.70940575,1771.44511557,1771.50526859,0.14629571,248.29970443,0.01998489,0.01998488,36611,112,0
5458.85742627,5458.85853175,1777.67790111,1777.63167943,0.07899421,248.40056755,0.01998488,0.01998488,36610,112,0
5459.00640241,5459.00766586,1783.91588745,1783.86301951,0.07797891,248.50242381,0.01998488,0.01998488,36609,112,0
5459.15470813,5459.15680810,0.00000000,1790.07416279,0.03938428,248.60321284,0.01998487,0.01998488,36608,112,1
5459.30462436,5459.30595846,1796.40734481,1796.35143446,0.03509422,248.70432717,0.01998488,0.01998488,36607,112,0
5459.45404658,5459.45511695,1802.66076235,1802.61587061,0.10414279,248.80448521,0.01998488,0.01998488,36606,112,0
5459.60470576,5459.60428355,1808.91927316,1808.93699423,0.02470842,248.90479055,0.01998488,0.01998488,36605,112,0
5459.75376158,5459.75345828,1815.18285277,1815.19559238,0.03353319,249.00335246,0.01998488,0.01998488,36604,112,0
5459.90126842,5459.90264114,1821.45147656,1821.39377418,0.09097681,249.10022609,0.01998488,0.01998488,36603,112,0
5460.05216676,5460.05183212,1827.72512354,1827.73920096,0.07234726,249.19864139,0.01998488,0.01998488,36602,112,0
5460.20208740,5460.20103122,1834.00382613,1834.04828989,0.10891325,249.29573102,0.01998489,0.01998488,36601,112,0
5460.34990875,5460.35023846,1840.28765672,1840.27376603,0.02835519,249.39078901,0.01998488,0.01998488,36600,112,0
5460.49850567,5460.49945382,1846.57668904,1846.53671160,0.05238310,249.48567239,0.01998488,0.01998488,36599,112,0
5460.64879335,5460.64867730,1852.87099716,1852.87589397,0.01692896,249.58094795,0.01998488,0.01998488,36598,112,0
5460.79965896,5460.79790892,0.00000000,1859.24987406,0.06345381,249.67597269,0.01998489,0.01998488,36597,112,1
5460.94690278,5460.94714867,1865.47574026,1865.46534771,0.05517115,249.76788706,0.01998488,0.01998488,36596,112,0
5461.09658505,5461.09639655,1871.78633139,1871.79430502,0.09375717,249.86072130,0.01998488,0.01998488,36595,112,0
5461.24578985,5461.24565256,1878.10250989,1878.10832245,0.09477981,249.95257385,0.01998488,0.01998488,36594,112,0
5461.39649292,5461.39491670,0.00000000,1884.49692401,0.06396491,250.04473613,0.01998489,0.01998488,36593,112,1
5461.54597787,5461.54418897,0.00000000,1890.83290136,0.05731730,250.13536895,0.01998489,0.01998488,36592,112,1
5461.69355178,5461.69346938,1897.08536881,1897.08886621,0.06360948,250.22410452,0.01998488,0.01998488,36591,112,0
5461.84265798,5461.84275792,1903.42448899,1903.42024367,0.06293586,250.31314815,0.01998488,0.01998488,36590,112,0
5461.99303463,5461.99205459,1909.76910006,1909.81076513,0.05784501,250.40224658,0.01998489,0.01998488,36589,112,0
5462.14133994,5462.14135940,1916.11898405,1916.11815600,0.04864452,250.48942045,0.01998488,0.01998488,36588,112,0
5462.29226568,5462.29067235,0.00000000,1922.54025143,0.04408477,250.57739819,0.01998489,0.01998488,36587,112,1
5462.43822445,5462.43999343,0.00000000,1928.75639056,0.06304007,250.66180344,0.01998488,0.01998488,36586,112,1
5462.58962293,5462.58932265,1935.19825354,1935.21105635,0.04397542,250.74866555,0.01998488,0.01998488,36585,112,0
5462.73689941,5462.73866001,0.00000000,1941.49167589,0.04420325,250.83242067,0.01998488,0.01998488,36584,112,1
5462.88767371,5462.88800551,1947.94280037,1947.92863150,0.02108415,250.91747778,0.01998488,0.01998488,36583,112,0
5463.03775570,5463.03735915,1954.32337802,1954.34032653,0.06146632,251.00141323,0.01998488,0.01998488,36582,112,0
5463.18484303,5463.18672092,0.00000000,1960.63019029,0.04060951,251.08298966,0.01998488,0.01998488,36581,112,1
5463.33593777,5463.33609084,1967.10256185,1967.09600771,0.02537026,251.16605922,0.01998488,0.01998488,36580,112,0
5463.48692374,5463.48546890,1973.50125936,1973.56360532,0.09349040,251.24835145,0.01998489,0.01998488,36579,112,0
5463.63386613,5463.63485511,1979.90570099,1979.86328467,0.08381680,251.32773765,0.01998488,0.01998488,36578,112,0
5463.78441156,5463.78424945,1986.31560622,1986.32256439,0.05462639,251.40834655,0.01998488,0.01998488,36577,112,0
5463.93389181,5463.93365194,1992.73069304,1992.74099624,0.07386316,251.48765478,0.01998489,0.01998488,36576,112,0
5464.08102406,5464.08306258,0.00000000,1999.05982161,0.00842611,251.56496203,0.01998488,0.01998488,36575,112,1
5464.23139123,5464.23248136,2005.57552468,2005.52863385,0.06986704,251.64331263,0.01998488,0.01998488,36574,112,0
5464.38164194,5464.38190828,2012.00534805,2011.99388319,0.02076322,251.72081970,0.01998488,0.01998488,36573,112,0
5464.52972023,5464.53134336,2018.44031019,2018.37038903,0.07675390,251.79647909,0.01998488,0.01998488,36572,112,0
5464.68073894,5464.68078658,2024.88056456,2024.87851070,0.08524123,251.87289743,0.01998488,0.01998488,36571,112,0
5464.82892562,5464.83023794,2031.32626547,2031.26964342,0.08787956,251.94715283,0.01998488,0.01998488,36570,112,0
5464.97780518,5464.97969746,0.00000000,2037.70454742,0.06618996,252.02112658,0.01998488,0.01998488,36569,112,1
5465.12884897,5465.12916513,2044.23465425,2044.22099006,0.10136849,252.09522957,0.01998488,0.01998488,36568,112,0
5465.27937039,5465.27864095,2050.69768466,2050.72923853,0.06851934,252.16842765,0.01998489,0.01998488,36567,112,0
5465.42760350,5465.42812491,2057.16683661,2057.14426117,0.04182765,252.23978330,0.01998488,0.01998488,36566,112,0
5465.57833168,5465.57761703,2063.64228440,2063.67325484,0.03015213,252.31159728,0.01998489,0.01998488,36565,112,0
5465.72880095,5465.72711731,0.00000000,2070.21488452,0.03900599,252.38273130,0.01998489,0.01998488,36564,112,1
5465.87341387,5465.87662573,0.00000000,2076.49076690,0.06737738,252.45020505,0.01998487,0.01998488,36563,112,1
5466.02431028,5466.02614231,0.00000000,2083.04475777,0.11208921,252.51986331,0.01998488,0.01998488,36562,112,1
5466.17656075,5466.17566705,2089.60765158,2089.64652309,0.06848498,252.58919729,0.01998489,0.01998488,36561,112,0
5466.32469762,5466.32519994,2096.11430862,2096.09244201,0.04882024,252.65608874,0.01998488,0.01998488,36560,112,0
5466.47459757,5466.47474098,2102.62682906,2102.62058094,0.06538454,252.72302189,0.01998488,0.01998489,36559,112,0
5466.62443442,5466.62429018,2109.14514136,2109.15143058,0.05455363,252.78916561,0.01998488,0.01998489,36558,112,0
5466.77360686,5466.77384754,2115.66922698,2115.65872355,0.06774471,252.85425771,0.01998488,0.01998489,36557,112,0
5466.92396127,5466.92341306,2122.19906914,2122.22301337,0.03920573,252.91909764,0.01998489,0.01998489,36556,112,0
5467.07220907,5467.07298674,2128.73465096,2128.70065714,0.08145917,252.98227204,0.01998488,0.01998489,36555,112,0
5467.22140691,5467.22256857,2135.27595596,2135.22513497,0.06842563,253.04509010,0.01998488,0.01998489,36554,112,0
5467.37116128,5467.37215857,2141.82301695,2141.77935069,0.08679054,253.10737282,0.01998488,0.01998489,36553,112,0
5467.52163173,5467.52175673,2148.37595763,2148.37048010,0.08809101,253.16917577,0.01998488,0.01998489,36552,112,0
5467.66878981,5467.67136305,0.00000000,2154.83349405,0.06097016,253.22896862,0.01998488,0.01998489,36551,112,1
5467.81892546,5467.82097753,0.00000000,2161.42107401,0.03655030,253.28908967,0.01998488,0.01998489,36550,112,1
5467.97213941,5467.97060017,2168.07140211,2168.13903600,0.05308680,253.34954364,0.01998489,0.01998489,36549,112,0
5468.12055007,5468.12023098,2174.64917165,2174.66320516,0.11844026,253.40742532,0.01998489,0.01998489,36548,112,0
5468.26848060,5468.26986996,2181.23328229,2181.17212337,0.07809424,253.46435827,0.01998488,0.01998489,36547,112,0
5468.41929869,5468.41951710,2187.82365975,2187.81403685,0.07587778,253.52161692,0.01998488,0.01998489,36546,112,0
5468.56838725,5468.56917240,2194.42022935,2194.38560616,0.02384364,253.57743642,0.01998488,0.01998489,36545,112,0
5468.71700828,5468.71883587,0.00000000,2200.94567238,0.04476116,253.63233205,0.01998488,0.01998489,36544,112,1
5468.86735256,5468.86850751,2207.63164297,2207.58062470,0.05187524,253.68701467,0.01998488,0.01998489,36543,112,0
5469.01574340,5469.01818732,0.00000000,2214.13854067,0.10383175,253.74023255,0.01998488,0.01998489,36542,112,1
5469.16795068,5469.16787529,2220.86687468,2220.87021037,0.07028646,253.79400235,0.01998489,0.01998489,36541,112,0
5469.31588330,5469.31757144,2227.49320118,2227.41844559,0.06203555,253.84547279,0.01998488,0.01998489,36540,112,0
5469.46582993,5469.46727576,2234.12521511,2234.06113879,0.05890374,253.89684512,0.01998488,0.01998489,36539,112,0
5469.61640567,5469.61698824,2240.76283705,2240.73699792,0.07021030,253.94762097,0.01998488,0.01998489,36538,112,0
5469.76486619,5469.76670890,0.00000000,2247.32280608,0.07853251,253.99687398,0.01998488,0.01998489,36537,112,1
5469.91456527,5469.91643773,0.00000000,2253.97157213,0.05215867,254.04575360,0.01998488,0.01998489,36536,112,1
5470.06507929,5470.06617474,2260.71063139,2260.66192145,0.06043196,254.09408265,0.01998488,0.01998489,36535,112,0
5470.21537723,5470.21591992,2267.37221640,2267.34806326,0.06534663,254.14152315,0.01998488,0.01998489,36534,112,0
5470.36541801,5470.36567327,2274.04030115,2274.02892972,0.04165453,254.18806930,0.01998489,0.01998489,36533,112,0
5470.51353388,5470.51543480,0.00000000,2280.63305147,0.08460855,254.23323885,0.01998488,0.01998489,36532,112,1
5470.66166595,5470.66520450,0.00000000,2287.24133591,0.05923304,254.27759899,0.01998487,0.01998489,36531,112,1
5470.81576219,5470.81498238,2294.08402466,2294.11886021,0.07463489,254.32287639,0.01998489,0.01998489,36530,112,0
5470.96660083,5470.96476844,0.00000000,2300.86303686,0.02741251,254.36639425,0.01998489,0.01998489,36529,112,1
5471.11427457,5471.11456268,2307.47906959,2307.46617574,0.05311561,254.40815617,0.01998489,0.01998489,36528,112,0
5471.26500910,5471.26436509,2314.18622806,2314.21507538,0.05981120,254.44997508,0.01998489,0.01998489,36527,112,0
5471.41390374,5471.41417569,2320.89967950,2320.88748722,0.10798182,254.49046049,0.01998489,0.01998489,36526,112,0
5471.56289135,5471.56399447,2327.61930839,2327.56981066,0.05103262,254.53014945,0.01998488,0.01998489,36525,112,0
5471.71613013,5471.71382142,0.00000000,2334.45076302,0.02866590,254.57012230,0.01998490,0.01998489,36524,112,1
5471.86293418,5471.86365656,2341.07663344,2341.04416600,0.02530642,254.60757190,0.01998489,0.01998489,36523,112,0
5472.01323401,5472.01349988,2347.81420568,2347.80224591,0.08368202,254.64509068,0.01998489,0.01998489,36522,112,0
5472.16228022,5472.16335139,2354.55797494,2354.50974784,0.06644548,254.68146159,0.01998488,0.01998489,36521,112,0
5472.31291331,5472.31321107,2361.30824218,2361.29482339,0.08095807,254.71737427,0.01998489,0.01998489,36520,112,0
5472.46446114,5472.46307895,2368.06531006,2368.12765957,0.08667375,254.75264644,0.01998489,0.01998489,36519,112,0
5472.61276762,5472.61295501,2374.82948296,2374.82102170,0.04551413,254.78632941,0.01998489,0.01998489,36518,112,0
5472.76213642,5472.76283925,2381.60095687,2381.56918837,0.06288117,254.81941732,0.01998489,0.01998489,36517,112,0
5472.91435144,5472.91273168,0.00000000,2388.46147248,0.03462110,254.85230923,0.01998489,0.01998489,36516,112,1
5473.06343309,5473.06263230,2395.16510947,2395.20137575,0.09893777,254.88359176,0.01998489,0.01998489,36515,112,0
5473.21246591,5473.21254111,2401.95733001,2401.95392135,0.05055434,254.91405818,0.01998489,0.01998489,36514,112,0
5473.36145975,5473.36245810,2408.75600566,2408.71071115,0.06746226,254.94366730,0.01998488,0.01998489,36513,112,0
5473.51392857,5473.51238329,0.00000000,2415.63631408,0.06095339,254.97310630,0.01998489,0.01998489,36512,112,1
5473.66163259,5473.66231666,2422.37220677,2422.34111653,0.08428132,255.00072920,0.01998489,0.01998489,36511,112,0
5473.81233591,5473.81225823,2429.18983481,2429.19336843,0.06755390,255.02806754,0.01998489,0.01998489,36510,112,0
5473.96176874,5473.96220799,2436.01391762,2435.99391877,0.08397704,255.05430804,0.01998489,0.01998489,36509,112,0
5474.11323820,5474.11216594,2442.84453311,2442.89339716,0.07052459,255.08002259,0.01998489,0.01998489,36508,112,0
5474.26114912,5474.26213209,2449.68178099,2449.63694498,0.05345374,255.10427249,0.01998488,0.01998489,36507,112,0
5474.41209753,5474.41210643,2456.52585903,2456.52545293,0.04495895,255.12814190,0.01998489,0.01998489,36506,112,0
5474.56113504,5474.56208896,2463.37699392,2463.33339793,0.03550001,255.15083672,0.01998489,0.01998489,36505,112,0
5474.71353936,5474.71207969,0.00000000,2470.30970045,0.03643252,255.17316929,0.01998489,0.01998489,36504,112,1
5474.86033216,5474.86207861,0.00000000,2477.02801744,0.06272056,255.19379244,0.01998488,0.01998489,36503,112,1
5475.01120019,5475.01208573,2483.97494251,2483.93434441,0.07590586,255.21408908,0.01998489,0.01998489,36502,112,0
5475.16309162,5475.16210105,2490.85593829,2490.90139671,0.05219492,255.23363594,0.01998489,0.01998489,36501,112,0
5475.30961196,5475.31212457,0.00000000,2497.62888056,0.03846985,255.25162589,0.01998488,0.01998489,36500,112,1
5475.46226919,5475.46215629,2504.63858926,2504.64377985,0.07078973,255.26945860,0.01998489,0.01998489,36499,112,0
5475.61240805,5475.61219620,2511.53946696,2511.54921454,0.03872073,255.28608989,0.01998489,0.01998489,36498,112,0
5475.76125218,5475.76224432,2518.44628804,2518.40060073,0.06523649,255.30168582,0.01998489,0.01998489,36497,112,0
5475.91371552,5475.91230064,0.00000000,2525.42113930,0.04916409,255.31673150,0.01998489,0.01998489,36496,112,1
5476.06178367,5476.06236516,2532.27858754,2532.25176338,0.05267594,255.33046154,0.01998489,0.01998489,36495,112,0
5476.21329552,5476.21243788,2539.20469333,2539.24429385,0.07897008,255.34358875,0.01998489,0.01998489,36494,112,0
5476.36165602,5476.36251881,2546.13785788,2546.09798072,0.07399997,255.35554392,0.01998489,0.01998489,36493,112,0
5476.51172343,5476.51260794,2553.07833488,2553.03741305,0.10921454,255.36672943,0.01998489,0.01998489,36492,112,0
5476.66189396,5476.66270527,2560.02609482,2559.98852212,0.07980341,255.37700648,0.01998489,0.01998489,36491,112,0
5476.81259568,5476.81281081,2566.98102969,2566.97105720,0.05841013,255.38639564,0.01998489,0.01998489,36490,112,0
5476.96152115,5476.96292456,2573.94303080,2573.87791290,0.05166026,255.39476174,0.01998488,0.01998489,36489,112,0
5477.11105039,5477.11304651,0.00000000,2580.82283097,0.05106653,255.40225009,0.01998488,0.01998489,36488,112,1
5477.26240744,5477.26317667,2587.88782933,2587.85206994,0.04785595,255.40888603,0.01998489,0.01998489,36487,112,0
5477.41400121,5477.41331504,2594.87061186,2594.90254028,0.05219869,255.41458871,0.01998489,0.01998489,36486,112,0
5477.56317860,5477.56346162,2601.86042740,2601.84724564,0.05721341,255.41927248,0.01998489,0.01998489,36485,112,0
5477.71338476,5477.71361641,2608.85736754,2608.84656786,0.09114082,255.42305583,0.01998489,0.01998489,36484,112,0
5477.86373660,5477.86377941,2615.86152444,2615.85952690,0.07066428,255.42590289,0.01998489,0.01998489,36483,112,0
5478.01149716,5478.01395062,0.00000000,2622.77024044,0.09619516,255.42778443,0.01998488,0.01998489,36482,112,1
5478.16416459,5478.16413004,2629.89187669,2629.89349241,0.07950130,255.42876387,0.01998489,0.01998489,36481,112,0
5478.31361720,5478.31431767,2636.91827971,2636.88549202,0.04814460,255.42877756,0.01998489,0.01998489,36480,112,0
5478.46279125,5478.46451352,0.00000000,2643.88679086,0.09138295,255.42785051,0.01998488,0.01998489,36479,112,1
5478.61275164,5478.61471758,0.00000000,2650.91748503,0.05585894,255.42597226,0.01998488,0.01998489,36478,112,1
5478.76637210,5478.76492986,2658.04360677,2658.11132777,0.14342690,255.42306786,0.01998490,0.01998489,36477,112,0
5478.91422840,5478.91515035,2665.10085701,2665.05752210,0.10045060,255.41932037,0.01998489,0.01998489,36476,112,0
5479.06360789,5479.06537906,0.00000000,2672.09728683,0.05617155,255.41457704,0.01998488,0.01998489,36475,112,1
5479.21707805,5479.21561599,2679.23813320,2679.30699463,0.07756088,255.40873282,0.01998490,0.01998489,36474,112,0
5479.36654260,5479.36586113,2686.31798188,2686.35011008,0.08084229,255.40205984,0.01998489,0.01998489,36473,112,0
5479.51579538,5479.51611449,2693.40526111,2693.39020132,0.11664570,255.39443783,0.01998489,0.01998489,36472,112,0
5479.66752794,5479.66637607,2700.50007353,2700.55448867,0.02755269,255.38570437,0.01998489,0.01998489,36471,112,0
5479.81605376,5479.81664587,2707.60253244,2707.57453181,0.07926563,255.37619080,0.01998489,0.01998489,36470,112,0
5479.96735286,5479.96692389,2714.71275182,2714.73305851,0.08189855,255.36551518,0.01998489,0.01998489,36469,112,0
5480.11519248,5480.11721014,0.00000000,2721.74520352,0.06518939,255.35410398,0.01998488,0.01998489,36468,112,1
5480.26771672,5480.26750460,2728.95676242,2728.96682475,0.07443026,255.34136516,0.01998489,0.01998489,36467,112,0
5480.41900228,5480.41780729,2736.09033152,2736.14707595,0.05755634,255.32770668,0.01998490,0.01998489,36466,112,0
5480.56765077,5480.56811820,2743.23135324,2743.20913556,0.11754476,255.31330760,0.01998489,0.01998489,36465,112,0
5480.71882816,5480.71843734,2750.37963180,2750.39822577,0.03766812,255.29766614,0.01998489,0.01998489,36464,112,0
5480.86594841,5480.86876470,0.00000000,2757.40581465,0.04109941,255.28146472,0.01998488,0.01998489,36463,112,1
5481.01727663,5481.01910028,0.00000000,2764.61589096,0.05461939,255.26381131,0.01998489,0.01998489,36462,112,1
5481.17077019,5481.16944409,2771.86753602,2771.93081055,0.09808738,255.24488150,0.01998490,0.01998489,36461,112,0
5481.32077812,5481.31979613,2779.04527214,2779.09217668,0.07861963,255.22535417,0.01998490,0.01998489,36460,112,0
5481.47081690,5481.47015640,2786.23102669,2786.26260922,0.03700227,255.20481594,0.01998489,0.01998489,36459,112,0
5481.62039995,5481.62052490,2793.42504487,2793.41906402,0.08773055,255.18333388,0.01998489,0.01998489,36458,112,0
5481.76714265,5481.77090162,0.00000000,2800.45388119,0.10038988,255.16125900,0.01998488,0.01998489,36457,112,1
5481.92005816,5481.92128658,2807.83785942,2807.77892881,0.05220121,255.13726413,0.01998489,0.01998489,36456,112,0
5482.07201927,5482.07167976,2815.05652252,2815.07282704,0.09107677,255.11234824,0.01998489,0.01998489,36455,112,0
5482.21997284,5482.22208118,0.00000000,2822.18561988,0.06256088,255.08706788,0.01998488,0.01998489,36454,112,1
5482.36950766,5482.37249083,0.00000000,2829.37693616,0.06354248,255.06052159,0.01998488,0.01998489,36453,112,1
5482.52139112,5482.52290871,0.00000000,2836.68886772,0.10072744,255.03251273,0.01998489,0.01998489,36452,112,1
5482.67388465,5482.67333483,2844.01159372,2844.03811019,0.11014800,255.00332738,0.01998489,0.01998489,36451,112,0
5482.82429350,5482.82376918,2851.27036214,2851.29567506,0.07518771,254.97348925,0.01998489,0.01998489,36450,112,0
5482.97177220,5482.97421176,0.00000000,2858.41665971,0.06728448,254.94323057,0.01998488,0.01998489,36449,112,1
5483.12513968,5483.12466258,2865.81179646,2865.83487710,0.06510034,254.91067447,0.01998490,0.01998489,36448,112,0
5483.27486471,5483.27512164,2873.09433477,2873.08189249,0.09053694,254.87785046,0.01998489,0.01998489,36447,112,0
5483.42764653,5483.42558894,0.00000000,2880.47955656,0.08561314,254.84330520,0.01998490,0.01998489,36446,112,1
5483.57457113,5483.57606447,0.00000000,2887.60539093,0.06605636,254.80903692,0.01998489,0.01998489,36445,112,1
5483.72492916,5483.72654824,0.00000000,2894.90542969,0.07636900,254.77292113,0.01998489,0.01998489,36444,112,1
5483.87664872,5483.87704025,2902.30145202,2902.28241528,0.08479683,254.73538655,0.01998489,0.01998489,36443,112,0
5484.02847222,5484.02754050,2909.62274539,2909.66809428,0.03686106,254.69676242,0.01998490,0.01998489,36442,112,0
5484.17932817,5484.17804899,2916.95233208,2917.01466103,0.06165281,254.65730527,0.01998490,0.01998489,36441,112,0
5484.32738822,5484.32856573,2924.29050080,2924.23306124,0.11106226,254.61752865,0.01998489,0.01998489,36440,112,0
5484.47991115,5484.47909070,2931.63747547,2931.67754385,0.04497598,254.57545991,0.01998490,0.01998489,36439,112,0
5484.62898663,5484.62962392,2938.99315347,2938.96199571,0.11898486,254.53326716,0.01998489,0.01998489,36438,112,0
5484.77983129,5484.78016538,2946.35733090,2946.34097879,0.07553918,254.48948989,0.01998489,0.01998489,36437,112,0
5484.93055218,5484.93071509,2953.72980236,2953.72182024,0.05071562,254.44465761,0.01998489,0.01998489,36436,112,0
5485.08092414,5485.08127304,2961.11036237,2961.09324993,0.07546237,254.39884046,0.01998489,0.01998489,36435,112,0
5485.23169494,5485.23183924,2968.49895160,2968.49186688,0.02889353,254.35180726,0.01998489,0.01998489,36434,112,0
5485.38016357,5485.38241368,0.00000000,2975.78998931,0.07136153,254.30438528,0.01998489,0.01998489,36433,112,1
5485.53186799,5485.53299637,2983.30112903,2983.24560695,0.07933274,254.25488613,0.01998489,0.01998489,36432,112,0
5485.68186203,5485.68358731,0.00000000,2990.63734466,0.08696806,254.20475979,0.01998489,0.01998489,36431,112,1
5485.83419011,5485.83418650,2998.13831569,2998.13849376,0.06750430,254.15282143,0.01998489,0.01998489,36430,112,0
5485.98514643,5485.98479394,3005.57046474,3005.58786954,0.05704574,254.10017487,0.01998489,0.01998489,36429,112,0
5486.13674976,5486.13540963,3013.01159172,3013.07783894,0.07102419,254.04616983,0.01998490,0.01998489,36428,112,0
5486.28661429,5486.28603357,3020.46161389,3020.49035351,0.02748932,253.99166544,0.01998490,0.01998489,36427,112,0
5486.43693196,5486.43666576,3027.92044786,3027.93363649,0.04917376,253.93587604,0.01998489,0.01998489,36426,112,0
5486.58751199,5486.58730620,3035.38804521,3035.39825247,0.07336110,253.87886131,0.01998489,0.01998489,36425,112,0
5486.73763802,5486.73795490,3042.86450390,3042.84876898,0.04240720,253.82089042,0.01998489,0.01998489,36424,112,0
5486.88898152,5486.88861185,3050.34996042,3050.36833842,0.03478327,253.76130469,0.01998490,0.01998489,36423,112,0
5487.03694745,5487.03927705,0.00000000,3057.73225307,0.08295904,253.70190334,0.01998489,0.01998489,36422,112,1
5487.19189796,5487.18995051,0.00000000,3065.44745775,0.08194439,253.63855485,0.01998490,0.01998489,36421,112,1
5487.34072367,5487.34063223,3072.86147322,3072.86603486,0.10996389,253.57656755,0.01998490,0.01998489,36420,112,0
5487.48941619,5487.49132220,0.00000000,3080.28643805,0.05676490,253.51351136,0.01998489,0.01998489,36419,112,1
5487.64027692,5487.64202043,0.00000000,3087.82343292,0.08218743,253.44838581,0.01998489,0.01998489,36418,112,1
5487.79069076,5487.79272692,0.00000000,3095.34663812,0.03560553,253.38229550,0.01998489,0.01998489,36417,112,1
5487.94119758,5487.94344167,0.00000000,3102.88305645,0.06274446,253.31500344,0.01998489,0.01998489,36416,112,1
5488.09242773,5488.09416468,0.00000000,3110.46435136,0.07371474,253.24621445,0.01998489,0.01998489,36415,112,1
5488.24664579,5488.24489595,0.00000000,3118.20440209,0.07018178,253.17485086,0.01998490,0.01998489,36414,112,1
5488.39523233,5488.39563547,3125.68905464,3125.66879079,0.14541334,253.10494360,0.01998489,0.01998490,36413,112,0
5488.54528215,5488.54638326,3133.27114975,3133.21573270,0.14617656,253.03317998,0.01998489,0.01998490,36412,112,0
5488.70004836,5488.69713932,0.00000000,3141.01298819,0.08917758,252.95789229,0.01998491,0.01998490,36411,112,1
5488.84667042,5488.84790363,3148.46499499,3148.40277701,0.09801859,252.88546612,0.01998489,0.01998490,36410,112,0
5488.99996790,5488.99867621,0.00000000,3156.14413365,0.05793764,252.80847469,0.01998490,0.01998490,36409,112,1
5489.14873979,5489.14945706,3163.69675379,3163.66048237,0.07253788,252.73262503,0.01998489,0.01998490,36408,112,0
5489.29999447,5489.30024617,3171.32621625,3171.31347407,0.07633107,252.65428711,0.01998489,0.01998490,36407,112,0
5489.44863447,5489.45104355,0.00000000,3178.84507080,0.07303561,252.57609908,0.01998489,0.01998490,36406,112,1
5489.60084167,5489.60184919,3186.61244523,3186.56132178,0.09377000,252.49487005,0.01998489,0.01998490,36405,112,0
5489.75132773,5489.75266310,3194.26962856,3194.20178807,0.04364000,252.41331799,0.01998489,0.01998490,36404,112,0
5489.90466893,5489.90348528,3201.93647133,3201.99667723,0.07994974,252.32896848,0.01998490,0.01998490,36403,112,0
5490.05261500,5490.05431573,0.00000000,3209.52948114,0.07110702,252.24635238,0.01998489,0.01998490,36402,112,1
5490.20611588,5490.20515445,3217.29927767,3217.34829781,0.08912819,252.15945327,0.01998490,0.01998490,36401,112,0
5490.35446604,5490.35600144,0.00000000,3224.91901533,0.05480972,252.07419917,0.01998489,0.01998490,36400,112,1
5490.50517435,5490.50685670,0.00000000,3232.61639369,0.08191347,251.98639682,0.01998489,0.01998490,36399,112,1
5490.65771704,5490.65772023,3240.41398670,3240.41382324,0.05540351,251.89629998,0.01998490,0.01998490,36398,112,0
5490.80847594,5490.80859204,3248.13734474,3248.13139785,0.05907952,251.80598309,0.01998490,0.01998490,36397,112,0
5490.95750200,5490.95947212,0.00000000,3255.77401636,0.10448685,251.71542318,0.01998489,0.01998490,36396,112,1
5491.11095032,5491.11036047,3263.61275754,3263.64304307,0.07463908,251.62101589,0.01998490,0.01998490,36395,112,0
5491.25939001,5491.26125710,0.00000000,3271.27600720,0.07551137,251.52831192,0.01998489,0.01998490,36394,112,1
5491.41328833,5491.41216200,3279.12787475,3279.18584978,0.08513087,251.43107253,0.01998490,0.01998490,36393,112,0
5491.56012888,5491.56307518,0.00000000,3286.75620931,0.05672486,251.33688892,0.01998489,0.01998490,36392,112,1
5491.71392872,5491.71399664,3294.68320754,3294.67970297,0.05980430,251.23714129,0.01998490,0.01998490,36391,112,0
5491.86378544,5491.86492637,3302.47586051,3302.41691739,0.10165582,251.13858343,0.01998489,0.01998490,36390,112,0
5492.01715081,5492.01586439,3310.27845294,3310.34499397,0.04139274,251.03641041,0.01998490,0.01998490,36389,112,0
5492.16461040,5492.16681068,0.00000000,3317.98472546,0.04468677,250.93681983,0.01998489,0.01998490,36388,112,1
5492.31610080,5492.31776525,0.00000000,3325.83493186,0.03622310,250.83332669,0.01998489,0.01998490,36387,112,1
5492.46750788,5492.46872811,3333.74561107,3333.68226562,0.11645527,250.72869768,0.01998489,0.01998490,36386,112,0
5492.62042239,5492.61969924,3341.58771789,3341.62530434,0.02393648,250.62159772,0.01998490,0.01998490,36385,112,0
5492.76723611,5492.77067866,0.00000000,3349.27013885,0.12991569,250.51738349,0.01998488,0.01998490,36384,112,1
5492.92211710,5492.92166636,3357.30207545,3357.32556133,0.05518016,250.40636761,0.01998490,0.01998490,36383,112,0
5493.07226268,5493.07266234,3365.17483552,3365.15398416,0.10373275,250.29729607,0.01998490,0.01998490,36382,112,0
5493.22374584,5493.22366661,3373.05832947,3373.06246839,0.11271200,250.18592414,0.01998490,0.01998490,36381,112,0
5493.37508496,5493.37467916,3380.95270690,3380.97393423,0.12171206,250.07331879,0.01998490,0.01998490,36380,112,0
5493.52601769,5493.52570000,3388.85781236,3388.87445250,0.10746836,249.95968030,0.01998490,0.01998490,36379,112,0
5493.67516035,5493.67672913,0.00000000,3396.69832711,0.11925495,249.84597350,0.01998489,0.01998490,36378,112,1
5493.82833398,5493.82776654,3404.69937263,3404.72916810,0.09727405,249.72804735,0.01998490,0.01998490,36377,112,0
5493.97903235,5493.97881224,3412.63543167,3412.64700334,0.12321035,249.61057934,0.01998490,0.01998490,36376,112,0
5494.13095899,5494.12986623,3420.58163071,3420.63915113,0.04116460,249.49079944,0.01998490,0.01998490,36375,112,0
5494.28382893,5494.28092851,0.00000000,3428.69485219,0.13564363,249.36883771,0.01998491,0.01998490,36374,112,1
5494.43278255,5494.43199908,3436.50489904,3436.54624221,0.09400024,249.24878176,0.01998490,0.01998490,36373,112,0
5494.58258137,5494.58307794,3444.48219684,3444.45596052,0.06054174,249.12664883,0.01998490,0.01998490,36372,112,0
5494.73266977,5494.73416509,0.00000000,3452.39456913,0.11996649,249.00287403,0.01998489,0.01998490,36371,112,1
5494.88799282,5494.88526054,0.00000000,3460.61692548,0.05130146,248.87341246,0.01998491,0.01998490,36370,112,1
5495.03569486,5495.03636427,3468.47832942,3468.44282280,0.04777731,248.74899994,0.01998490,0.01998490,36369,112,0
5495.18793456,5495.18747630,3476.49894120,3476.52328021,0.04650796,248.61931962,0.01998490,0.01998490,36368,112,0
5495.33523568,5495.33859663,0.00000000,3484.35348331,0.07292905,248.49247234,0.01998489,0.01998490,36367,112,1
5495.48833466,5495.48972525,0.00000000,3492.49979199,0.09858046,248.35926839,0.01998489,0.01998490,36366,112,1
5495.63724986,5495.64086217,0.00000000,3500.43376539,0.05444050,248.22832524,0.01998489,0.01998490,36365,112,1
5495.79182405,5495.79200738,3508.69139912,3508.68161124,0.07836031,248.09093507,0.01998490,0.01998490,36364,112,0
5495.94288588,5495.94316089,3516.76633909,3516.75163809,0.07259600,247.95525728,0.01998490,0.01998490,36363,112,0
5496.09301479,5496.09432270,3524.85171939,3524.78171926,0.04538230,247.81902441,0.01998489,0.01998490,36362,112,0
5496.24429773,5496.24549281,3532.94739055,3532.88335165,0.05533338,247.68033789,0.01998489,0.01998490,36361,112,0
5496.39772264,5496.39667122,3541.05320178,3541.10961013,0.06218663,247.53824408,0.01998490,0.01998490,36360,112,0
5496.54442851,5496.54785793,0.00000000,3548.98820104,0.08586028,247.40095245,0.01998489,0.01998490,36359,112,1
5496.69866042,5496.69905294,3557.29532179,3557.27421156,0.08663707,247.25529138,0.01998490,0.01998490,36358,112,0
5496.84994523,5496.85025625,3565.43283890,3565.41608849,0.12090604,247.11089630,0.01998490,0.01998490,36357,112,0
5497.00285050,5497.00146786,0.00000000,3573.67066140,0.07957946,246.96321998,0.01998490,0.01998490,36356,112,1
5497.14965372,5497.15268778,0.00000000,3581.59595929,0.09011420,246.82021958,0.01998489,0.01998490,36355,112,1
5497.30163752,5497.30391600,0.00000000,3589.81178575,0.04802159,246.67072088,0.01998489,0.01998490,36354,112,1
5497.45605469,5497.45515253,3598.10762048,3598.15649410,0.08053830,246.51756826,0.01998490,0.01998490,36353,112,0
5497.60743150,5497.60639736,3606.30635986,3606.36245391,0.12908482,246.36567623,0.01998490,0.01998490,36352,112,0
5497.75899839,5497.75765050,3614.51548597,3614.58868384,0.09663843,246.21212942,0.01998490,0.01998490,36351,112,0
5497.90351617,5497.90891194,0.00000000,3622.45699049,0.10711653,246.06406494,0.01998488,0.01998490,36350,112,1
5498.05981445,5498.06018170,3630.96486334,3630.94486898,0.12567837,245.90302789,0.01998490,0.01998490,36349,112,0
5498.21366740,5498.21145976,0.00000000,3639.34803599,0.10140174,245.74225533,0.01998491,0.01998490,36348,112,1
5498.36401501,5498.36274613,3647.46262030,3647.53191848,0.14028774,245.58439439,0.01998490,0.01998490,36347,112,0
5498.51653469,5498.51404081,0.00000000,3655.88805412,0.11249174,245.42190399,0.01998491,0.01998490,36346,112,1
5498.66208568,5498.66534380,0.00000000,3663.85296628,0.11235524,245.26579231,0.01998489,0.01998490,36345,112,1
5498.81518221,5498.81665510,0.00000000,3672.24217469,0.09458618,245.10006781,0.01998489,0.01998490,36344,112,1
5498.96621445,5498.96797472,0.00000000,3680.52975262,0.10586455,244.93504506,0.01998489,0.01998490,36343,112,1
5499.11688641,5499.11930264,0.00000000,3688.80897629,0.07773864,244.76889299,0.01998489,0.01998490,36342,112,1
5499.26775826,5499.27063888,0.00000000,3697.11065613,0.08142000,244.60099027,0.01998489,0.01998490,36341,112,1
5499.42331386,5499.42198344,0.00000000,3705.68212961,0.08625715,244.42626538,0.01998490,0.01998490,36340,112,1
5499.57387175,5499.57333631,3713.95314767,3713.98271740,0.07121099,244.25574037,0.01998490,0.01998490,36339,112,0
5499.71644209,5499.72469750,0.00000000,3721.86766757,0.17430904,244.09254970,0.01998487,0.01998490,36338,112,1
5499.87590632,5499.87606700,3730.69685737,3730.68795719,0.11372901,243.90861063,0.01998490,0.01998490,36337,112,0
5500.02628565,5500.02744482,3739.08777656,3739.02347926,0.07435844,243.73343207,0.01998490,0.01998490,36336,112,0
5500.17563354,5500.17883096,0.00000000,3747.31138115,0.14965353,243.55795509,0.01998489,0.01998490,36335,112,1
5500.32998638,5500.33022541,3755.90510392,3755.89181017,0.17238472,243.37492000,0.01998490,0.01998490,36334,112,0
5500.48019851,5500.48162819,0.00000000,3764.24761628,0.09965785,243.19534268,0.01998489,0.01998490,36333,112,1
5500.63595686,5500.63303928,0.00000000,3772.92778322,0.07135272,243.00740103,0.01998491,0.01998490,36332,112,1
5500.78238065,5500.78445870,0.00000000,3781.09939669,0.08618805,242.82917329,0.01998489,0.01998490,36331,112,1
5500.93396958,5500.93588644,0.00000000,3789.57120861,0.06424812,242.64307014,0.01998489,0.01998490,36330,112,1
5501.08399540,5501.08732250,0.00000000,3797.96767742,0.13834561,242.45728856,0.01998489,0.01998490,36329,112,1
5501.23187441,5501.23876688,0.00000000,3806.25574355,0.13166318,242.27260390,0.01998488,0.01998490,36328,112,1
5501.39163139,5501.39021959,0.00000000,3815.22268812,0.15659167,242.07133568,0.01998491,0.01998490,36327,112,1
5501.53757741,5501.54168062,0.00000000,3823.42644455,0.09657318,241.88587247,0.01998489,0.01998490,36326,112,1
5501.69271014,5501.69314998,3832.17724586,3832.15247363,0.12338027,241.68721279,0.01998490,0.01998490,36325,112,0
5501.84848102,5501.84462766,0.00000000,3840.94105390,0.08882886,241.48568178,0.01998491,0.01998490,36324,112,1
5501.99694815,5501.99611367,3849.26517021,3849.31230429,0.11434801,241.29237033,0.01998490,0.01998490,36323,112,0
5502.14910076,5502.14760801,0.00000000,3857.92644696,0.18557336,241.09207502,0.01998491,0.01998490,36322,112,1
5502.30054053,5502.29911068,0.00000000,3866.50178845,0.10909652,240.89129716,0.01998491,0.01998490,36321,112,1
5502.44585293,5502.45062167,0.00000000,3874.74207927,0.12743136,240.69706263,0.01998488,0.01998490,36320,112,1
5502.60505361,5502.60214100,0.00000000,3883.78339360,0.17393746,240.48247993,0.01998491,0.01998490,36319,112,1
5502.75483144,5502.75366865,3892.21563142,3892.28182150,0.12342416,240.27938278,0.01998490,0.01998490,36318,112,0
5502.90657785,5502.90520464,3900.84850416,3900.92679716,0.08738004,240.07139277,0.01998490,0.01998490,36317,112,0
5503.05469167,5503.05674895,0.00000000,3909.39575753,0.13164839,239.86627795,0.01998489,0.01998490,36316,112,1
5503.21163323,5503.20830160,0.00000000,3918.36231456,0.13540051,239.64764547,0.01998491,0.01998490,36315,112,1
5503.35666001,5503.35986259,0.00000000,3926.66057571,0.16290522,239.44396501,0.01998489,0.01998490,36314,112,1
5503.51228644,5503.51143191,3935.51199120,3935.56099114,0.08381230,239.22407009,0.01998490,0.01998490,36313,112,0
5503.66278354,5503.66300956,3944.21036566,3944.19738512,0.10544357,239.00927914,0.01998490,0.01998490,36312,112,0
5503.81586270,5503.81459555,0.00000000,3953.01498554,0.12025409,238.78854004,0.01998491,0.01998490,36311,112,1
5503.96320991,5503.96618987,0.00000000,3961.49725093,0.15069593,238.57482171,0.01998489,0.01998490,36310,112,1
5504.11880100,5504.11779253,0.00000000,3970.46777904,0.15283857,238.34733572,0.01998491,0.01998490,36309,112,1
5504.26390539,5504.26940353,0.00000000,3978.84643393,0.11855990,238.13349901,0.01998488,0.01998490,36308,112,1
5504.41791638,5504.42102287,0.00000000,3987.75288252,0.14735062,237.90475207,0.01998489,0.01998490,36307,112,1
5504.56412898,5504.57265055,0.00000000,3996.22127843,0.10095304,237.68587984,0.01998487,0.01998490,36306,112,1
5504.72658640,5504.72428656,0.00000000,4005.64538683,0.17212646,237.44073017,0.01998491,0.01998490,36305,112,1
5504.87974811,5504.87593092,0.00000000,4014.54462666,0.06979873,237.20771009,0.01998492,0.01998490,36304,112,1
5505.02779474,5505.02758362,4023.13388448,4023.14617806,0.13847475,236.98107848,0.01998490,0.01998490,36303,112,0
5505.17690177,5505.17924466,0.00000000,4031.85035213,0.13828283,236.75033627,0.01998489,0.01998490,36302,112,1
5505.33131357,5505.33091404,4040.82980846,4040.85315797,0.09457262,236.51018928,0.01998490,0.01998490,36301,112,0
5505.48395390,5505.48259177,0.00000000,4049.78849895,0.17383747,236.27034605,0.01998491,0.01998490,36300,112,1
5505.63099826,5505.63427784,0.00000000,4058.39920377,0.15078440,236.03780721,0.01998489,0.01998490,36299,112,1
5505.77758308,5505.78597226,0.00000000,4066.99616463,0.25571499,235.80425987,0.01998487,0.01998490,36298,112,1
5505.93993579,5505.93767502,0.00000000,4076.53330305,0.08353515,235.54355904,0.01998491,0.01998490,36297,112,1
5506.09058360,5506.08938613,0.00000000,4085.39741975,0.20095337,235.29973534,0.01998491,0.01998490,36296,112,1
nan,nan,0.00000000,-1.00000000,0.00000000,235.08944618,nan,0.00000000,-2147483648,112,1
nan,nan,0.00000000,-1.00000000,0.00000000,230.93321860,nan,0.00000000,-2147483648,111,1
5460.79888804,5460.79790892,10.08403042,10.11747335,0.21190398,231.11913449,0.01998488,0.01998488,36597,111,0
5460.79888804,5460.79790892,10.08403042,10.11747335,0.21190398,231.11913449,0.01998488,0.01998488,36597,111,0
nan,nan,0.00000000,-1.00000000,0.00000000,231.60939351,nan,0.00000000,-2147483648,111,1
nan,nan,0.00000000,-1.00000000,0.00000000,231.69931690,nan,0.00000000,-2147483648,111,1
nan,nan,0.00000000,-1.00000000,0.00000000,231.96875710,nan,0.00000000,-2147483648,111,1
nan,nan,0.00000000,-1.00000000,0.00000000,232.05846042,nan,0.00000000,-2147483648,111,1
nan,nan,0.00000000,-1.00000000,0.00000000,232.23770176,nan,0.00000000,-2147483648,111,1
5461.64024195,nan,0.00000000,38.92071285,0.09916793,232.41317615,0.01998523,0.01998488,36592,111,1
5461.80593555,nan,0.00000000,44.59692841,0.23645371,232.66684343,0.01998529,0.01998488,36591,111,1
5462.00361218,5461.99205459,0.00000000,51.37291571,0.29484339,232.96907587,0.01998493,0.01998488,36589,111,1
5462.00361218,5461.99205459,0.00000000,51.37291571,0.29484339,232.96907587,0.01998493,0.01998488,36589,111,1
5462.26388943,nan,0.00000000,60.30158784,0.04260390,233.36635471,0.01998533,0.01998488,36588,111,1
5462.26388943,nan,0.00000000,60.30158784,0.04260390,233.36635471,0.01998533,0.01998488,36588,111,1
5462.40250228,nan,0.00000000,65.05981244,0.14229423,233.57761897,0.01998529,0.01998488,36587,111,1
5462.40250228,nan,0.00000000,65.05981244,0.14229423,233.57761897,0.01998529,0.01998488,36587,111,1
nan,nan,0.00000000,-1.00000000,0.00000000,233.84092070,nan,0.00000000,-2147483648,111,1
nan,nan,0.00000000,-1.00000000,0.00000000,234.01794613,nan,0.00000000,-2147483648,111,1
nan,nan,0.00000000,-1.00000000,0.00000000,234.15056898,nan,0.00000000,-2147483648,111,1
nan,nan,0.00000000,-1.00000000,0.00000000,234.23891454,nan,0.00000000,-2147483648,111,1
nan,nan,0.00000000,-1.00000000,0.00000000,234.41543831,nan,0.00000000,-2147483648,111,1
nan,nan,0.00000000,-1.00000000,0.00000000,234.63577895,nan,0.00000000,-2147483648,111,1
5463.36848206,nan,0.00000000,98.28120927,0.45257177,235.04385797,0.01998555,0.01998488,36581,111,1
5463.36848206,nan,0.00000000,98.28120927,0.45257177,235.04385797,0.01998555,0.01998488,36581,111,1
5463.64034135,5463.63485511,0.00000000,107.65041427,0.32934271,235.45458222,0.01998490,0.01998488,36578,111,1
5463.79814044,5463.78424945,0.00000000,113.09267917,0.08408781,235.69259286,0.01998493,0.01998488,36577,111,1
5463.79814044,5463.78424945,0.00000000,113.09267917,0.08408781,235.69259286,0.01998493,0.01998488,36577,111,1
nan,nan,0.00000000,-1.00000000,0.00000000,236.38589041,nan,0.00000000,-2147483648,111,1
nan,nan,0.00000000,-1.00000000,0.00000000,236.64646497,nan,0.00000000,-2147483648,111,1
nan,nan,0.00000000,-1.00000000,0.00000000,236.77656150,nan,0.00000000,-2147483648,111,1
nan,nan,0.00000000,-1.00000000,0.00000000,236.86322181,nan,0.00000000,-2147483648,111,1
5464.76305415,nan,0.00000000,146.43487511,0.25588551,237.14166180,0.01998519,0.01998488,36571,111,1
5465.11550180,5465.12916513,0.00000000,158.64101149,0.27855732,237.66821385,0.01998483,0.01998488,36568,111,1
nan,nan,0.00000000,-1.00000000,0.00000000,237.89872295,nan,0.00000000,-2147483648,111,1
5465.40186924,nan,0.00000000,168.56950824,0.01604129,238.09495089,0.01998534,0.01998488,36567,111,1
5465.40186924,nan,0.00000000,168.56950824,0.01604129,238.09495089,0.01998534,0.01998488,36567,111,1
nan,nan,0.00000000,-1.00000000,0.00000000,238.49898273,nan,0.00000000,-2147483648,111,1
nan,nan,0.00000000,-1.00000000,0.00000000,238.58450588,nan,0.00000000,-2147483648,111,1
nan,nan,0.00000000,-1.00000000,0.00000000,238.71268346,nan,0.00000000,-2147483648,111,1
5466.12936676,nan,0.00000000,193.83629799,0.07741110,239.17460128,0.01998526,0.01998488,36562,111,1
5466.27644550,nan,0.00000000,198.95222919,0.30549674,239.39209303,0.01998525,0.01998488,36561,111,1
nan,nan,0.00000000,-1.00000000,0.00000000,239.39412213,nan,0.00000000,-2147483648,111,1
nan,nan,0.00000000,-1.00000000,0.00000000,239.56390837,nan,0.00000000,-2147483648,111,1
nan,nan,0.00000000,-1.00000000,0.00000000,239.64871533,nan,0.00000000,-2147483648,111,1
5466.97662592,nan,0.00000000,223.34288034,0.24118230,240.42383304,0.01998508,0.01998489,36556,111,1
5467.13879729,nan,0.00000000,229.00057061,738.95838111,240.66193211,0.01998513,0.01998489,36555,111,1
nan,nan,0.00000000,-1.00000000,0.00000000,240.82996570,nan,0.00000000,-2147483648,111,1
5467.39487394,nan,0.00000000,237.94086723,0.10357884,241.03723378,0.01998552,0.01998489,36554,111,1
5467.39487394,nan,0.00000000,237.94086723,0.10357884,241.03723378,0.01998552,0.01998489,36554,111,1
nan,nan,0.00000000,-1.00000000,0.00000000,241.29093029,nan,0.00000000,-2147483648,111,1
nan,nan,0.00000000,-1.00000000,0.00000000,241.45811907,nan,0.00000000,-2147483648,111,1
5467.83486708,5467.82097753,0.00000000,253.32087760,0.10247724,241.68015694,0.01998494,0.01998489,36550,111,1
5467.83486708,nan,0.00000000,253.32087760,0.10247724,241.68015694,0.01998494,0.01998489,36550,111,1
nan,nan,0.00000000,-1.00000000,0.00000000,241.87507476,nan,0.00000000,-2147483648,111,1
nan,nan,0.00000000,-1.00000000,0.00000000,242.08300741,nan,0.00000000,-2147483648,111,1
nan,nan,0.00000000,-1.00000000,0.00000000,242.29057605,nan,0.00000000,-2147483648,111,1
5468.92753754,nan,0.00000000,291.61833507,0.12268284,243.26612803,0.01998510,0.01998489,36543,111,1
5469.15309500,5469.16787529,0.00000000,299.54240975,0.00376491,243.59160166,0.01998483,0.01998489,36541,111,1
5469.30193401,5469.31757144,0.00000000,304.77475467,0.23915484,243.80600996,0.01998483,0.01998489,36540,111,1
5469.60087813,5469.61698824,0.00000000,315.29231391,0.21080296,244.23577538,0.01998483,0.01998489,36538,111,1
5469.60087813,5469.61698824,0.00000000,315.29231391,0.21080296,244.23577538,0.01998483,0.01998489,36538,111,1
5469.76359541,5469.76670890,0.00000000,321.02179449,0.23476935,244.46920639,0.01998488,0.01998489,36537,111,1
5469.92282423,5469.91643773,0.00000000,326.63165961,0.16805836,244.69729494,0.01998491,0.01998489,36536,111,1
5470.36466590,5470.36567327,342.23731649,342.20175236,0.13607206,245.32791468,0.01998488,0.01998489,36533,111,0
5470.67252865,5470.66520450,0.00000000,353.08778931,0.17947347,245.76668807,0.01998491,0.01998489,36531,111,1
5470.97027205,5470.96476844,0.00000000,363.61452773,0.28488644,246.18930592,0.01998491,0.01998489,36529,111,1
5471.11206857,5471.11456268,0.00000000,368.63171838,0.17682348,246.39015137,0.01998488,0.01998489,36528,111,1
5471.41530675,5471.41417569,379.32383771,379.36391789,0.15567073,246.81851724,0.01998489,0.01998489,36526,111,0
5471.41530675,5471.41417569,379.32383771,379.36391789,0.15567073,246.81851724,0.01998489,0.01998489,36526,111,0
nan,nan,0.00000000,-1.00000000,0.00000000,247.67686860,nan,0.00000000,-2147483648,111,1
nan,nan,0.00000000,-1.00000000,0.00000000,247.83478930,nan,0.00000000,-2147483648,111,1
5472.30662314,5472.31321107,0.00000000,411.00088187,0.27486468,248.07125460,0.01998486,0.01998489,36520,111,1
5472.30662314,5472.31321107,0.00000000,411.00088187,0.27486468,248.07125460,0.01998486,0.01998489,36520,111,1
5472.30662314,5472.31321107,0.00000000,411.00088187,0.27486468,248.07125460,0.01998486,0.01998489,36520,111,1
5472.30662314,5472.31321107,0.00000000,411.00088187,0.27486468,248.07125460,0.01998486,0.01998489,36520,111,1
5472.63716621,nan,0.00000000,422.75726596,0.16307171,248.53294634,0.01998552,0.01998489,36519,111,1
5472.77027196,5472.76283925,0.00000000,427.49542479,0.18333703,248.71843277,0.01998492,0.01998489,36517,111,1
5472.91735808,5472.91273168,0.00000000,432.73392251,0.17610970,248.92311201,0.01998491,0.01998489,36516,111,1
nan,nan,0.00000000,-1.00000000,0.00000000,249.12845123,nan,0.00000000,-2147483648,111,1
5473.21085410,5473.21254111,443.25638525,443.19621182,0.31590360,249.33065533,0.01998488,0.01998489,36514,111,0
5473.36549743,5473.36245810,0.00000000,448.71187872,0.21185267,249.54484363,0.01998490,0.01998489,36513,111,1
5473.49915075,5473.51238329,0.00000000,453.48223863,0.17903222,249.72971801,0.01998484,0.01998489,36512,111,1
5473.66080467,5473.66231666,459.31272001,459.25869942,0.03296335,249.95312173,0.01998488,0.01998489,36511,111,0
5473.80606211,5473.81225823,0.00000000,464.44540763,0.13712894,250.15328529,0.01998487,0.01998489,36510,111,1
nan,nan,0.00000000,-1.00000000,0.00000000,250.32871737,nan,0.00000000,-2147483648,111,1
5474.10279633,5474.11216594,0.00000000,475.05683170,0.12666870,250.56152332,0.01998485,0.01998489,36508,111,1
5474.10279633,5474.11216594,0.00000000,475.05683170,0.12666870,250.56152332,0.01998485,0.01998489,36508,111,1
5474.24776518,5474.26213209,0.00000000,480.24524790,0.01688565,250.76050583,0.01998484,0.01998489,36507,111,1
nan,nan,0.00000000,-1.00000000,0.00000000,251.43831631,nan,0.00000000,-2147483648,111,1
nan,nan,0.00000000,-1.00000000,0.00000000,251.62832825,nan,0.00000000,-2147483648,111,1
5475.01206434,5475.01208573,507.65669178,507.65592385,0.05203404,251.80492027,0.01998489,0.01998489,36502,111,0
5475.16455315,5475.16210105,0.00000000,513.12159689,0.22453135,252.01180088,0.01998490,0.01998489,36501,111,1
5475.30963265,5475.31212457,0.00000000,518.33447845,0.14551839,252.20868608,0.01998488,0.01998489,36500,111,1
5475.45967516,5475.46215629,0.00000000,523.72865567,0.09342960,252.41197925,0.01998488,0.01998489,36499,111,1
5475.60497684,5475.61219620,0.00000000,528.95527817,0.11999253,252.60853099,0.01998486,0.01998489,36498,111,1
5475.75361000,5475.76224432,0.00000000,534.30467604,0.05791611,252.80926445,0.01998486,0.01998489,36497,111,1
5475.90038033,5475.91230064,0.00000000,539.58995213,0.10555690,253.00715883,0.01998485,0.01998489,36496,111,1
5476.04600953,5476.06236516,0.00000000,544.83701098,0.22113053,253.20319613,0.01998483,0.01998489,36495,111,1
5476.20844155,5476.21243788,0.00000000,550.69286534,0.12438962,253.42147701,0.01998488,0.01998489,36494,111,1
5476.36004395,5476.36251881,0.00000000,556.16152675,0.23492459,253.62484649,0.01998488,0.01998489,36493,111,1
5476.51504993,5476.51260794,0.00000000,561.75619084,0.17630359,253.83242301,0.01998490,0.01998489,36492,111,1
5476.67059816,5476.66270527,0.00000000,567.37371348,0.09927735,254.04035993,0.01998492,0.01998489,36491,111,1
5476.81555074,5476.81281081,0.00000000,572.61155015,0.05759540,254.23380175,0.01998490,0.01998489,36490,111,1
5476.97476360,5476.96292456,0.00000000,578.36798692,0.17592966,254.44590523,0.01998493,0.01998489,36489,111,1
nan,nan,0.00000000,-1.00000000,0.00000000,254.61620410,nan,0.00000000,-2147483648,111,1
5477.26129901,5477.26317667,588.81646107,588.74848188,0.19649516,254.82708669,0.01998488,0.01998489,36487,111,0
5477.41146388,5477.41331504,594.25341134,594.18635932,0.03870857,255.02610138,0.01998488,0.01998489,36486,111,0
5477.56585878,5477.56346162,0.00000000,599.76978925,0.02855930,255.22996356,0.01998490,0.01998489,36485,111,1
5477.70962440,5477.71361641,0.00000000,604.98238406,0.13511899,255.41984695,0.01998488,0.01998489,36484,111,1
5477.86440664,5477.86377941,610.58317960,610.60593721,0.07421213,255.62422495,0.01998489,0.01998489,36483,111,0
5478.01182945,5478.01395062,0.00000000,615.94892298,0.13587954,255.81794836,0.01998488,0.01998489,36482,111,1
5478.17059641,5478.16413004,0.00000000,621.71539200,0.26443508,256.02652512,0.01998491,0.01998489,36481,111,1
5478.32205156,5478.31431767,0.00000000,627.21955636,0.08454599,256.22512841,0.01998492,0.01998489,36480,111,1
5478.47513026,5478.46451352,0.00000000,632.78596718,0.08164773,256.42549468,0.01998493,0.01998489,36479,111,1
5478.61592963,5478.61471758,637.87287929,637.91699453,0.06894190,256.60975842,0.01998490,0.01998489,36478,111,0
5478.76547819,5478.76492986,643.34169192,643.36166068,0.09298474,256.80483323,0.01998489,0.01998489,36477,111,0
nan,nan,0.00000000,-1.00000000,0.00000000,256.97065084,nan,0.00000000,-2147483648,111,1
5479.06256813,5479.06537906,0.00000000,654.17738720,0.09625819,257.19096269,0.01998488,0.01998489,36475,111,1
nan,nan,0.00000000,-1.00000000,0.00000000,257.36253973,nan,0.00000000,-2147483648,111,1
5479.36147266,5479.36586113,0.00000000,665.08051117,0.29461948,257.57834712,0.01998488,0.01998489,36473,111,1
5479.51295507,5479.51611449,0.00000000,670.61093254,0.06651980,257.77412416,0.01998488,0.01998489,36472,111,1
5479.66675385,5479.66637607,676.21988396,676.23368537,0.02189509,257.97267434,0.01998489,0.01998489,36471,111,0
5479.82473569,5479.81664587,0.00000000,682.00383543,0.14565609,258.17590956,0.01998492,0.01998489,36470,111,1
5479.96869553,5479.96692389,687.20680185,687.27160995,0.04767237,258.36098995,0.01998490,0.01998489,36469,111,0
5480.11841722,5480.11721014,692.70632346,692.75051035,0.08484044,258.55302163,0.01998490,0.01998489,36468,111,0
5480.26752555,5480.26750460,698.20987787,698.21064514,0.09006626,258.74392190,0.01998489,0.01998489,36467,111,0
5480.41471739,5480.41780729,0.00000000,703.60036070,0.12441085,258.93189592,0.01998488,0.01998489,36466,111,1
5480.57031777,5480.56811820,0.00000000,709.30444866,0.23893190,259.13033132,0.01998490,0.01998489,36465,111,1
5480.71589853,5480.71843734,0.00000000,714.64436950,0.11849447,259.31562892,0.01998488,0.01998489,36464,111,1
5480.86434620,5480.86876470,0.00000000,720.09257867,0.15255270,259.50421625,0.01998488,0.01998489,36463,111,1
5481.02235209,5481.01910028,0.00000000,725.89506430,0.01559357,259.70454649,0.01998490,0.01998489,36462,111,1
5481.16983903,5481.16944409,731.30465997,731.31917379,0.13028722,259.89132763,0.01998489,0.01998489,36461,111,0
nan,nan,0.00000000,-1.00000000,0.00000000,260.05213591,nan,0.00000000,-2147483648,111,1
5481.46928549,5481.47015640,742.36165803,742.32961741,0.09009112,260.26903098,0.01998489,0.01998489,36459,111,0
5481.62894529,5481.62052490,0.00000000,748.20457099,0.08287985,260.46977270,0.01998492,0.01998489,36458,111,1
5481.77355647,5481.77090162,0.00000000,753.53099851,0.01541088,260.65129407,0.01998490,0.01998489,36457,111,1
5481.91600258,5481.92128658,0.00000000,758.78065194,0.06933590,260.82975408,0.01998487,0.01998489,36456,111,1
5482.07257408,5482.07167976,764.51923117,764.55221665,0.04428358,261.02544601,0.01998490,0.01998489,36455,111,0
5482.21803585,5482.22208118,0.00000000,769.92144933,0.10727352,261.20701610,0.01998488,0.01998489,36454,111,1
5482.36873545,5482.37249083,0.00000000,775.48513715,0.11974586,261.39467319,0.01998488,0.01998489,36453,111,1
5482.52504522,5482.52290871,0.00000000,781.25946147,0.04557820,261.58890819,0.01998490,0.01998489,36452,111,1
5482.67046742,5482.67333483,0.00000000,786.63480184,0.06004515,261.76923972,0.01998488,0.01998489,36451,111,1
5482.82613030,5482.82376918,0.00000000,792.39212072,0.13621993,261.96186929,0.01998490,0.01998489,36450,111,1
5482.97119211,5482.97421176,0.00000000,797.76056395,0.03248820,262.14100599,0.01998488,0.01998489,36449,111,1
5483.12594914,5483.12466258,803.44051111,803.48816433,0.07471587,262.33161407,0.01998490,0.01998489,36448,111,0
5483.27278285,5483.27512164,0.00000000,808.93177303,0.05827582,262.51227979,0.01998488,0.01998489,36447,111,1
5483.42212384,5483.42558894,0.00000000,814.46849232,0.02789754,262.69554396,0.01998488,0.01998489,36446,111,1
5483.57030219,5483.57606447,0.00000000,819.96537955,0.11794385,262.87699867,0.01998487,0.01998489,36445,111,1
5483.71874956,5483.72654824,0.00000000,825.47552195,0.29366030,263.05839947,0.01998486,0.01998489,36444,111,1
5483.87115346,5483.87704025,0.00000000,831.13594126,0.05987391,263.24423473,0.01998487,0.01998489,36443,111,1
5484.02909479,5484.02754050,836.94282289,837.00060263,0.16154837,263.43622668,0.01998490,0.01998489,36442,111,0
5484.17791384,5484.17804899,842.53960381,842.53457651,0.07123591,263.61688032,0.01998489,0.01998489,36441,111,0
5484.32906871,5484.32856573,848.14012870,848.15884967,0.11226400,263.79997133,0.01998489,0.01998489,36440,111,0
5484.47247600,5484.47909070,0.00000000,853.50351448,0.11769099,263.97348281,0.01998487,0.01998489,36439,111,1
5484.63012224,5484.62962392,859.35238831,859.37095833,0.01273844,264.16343002,0.01998489,0.01998489,36438,111,0
5484.77341764,5484.78016538,0.00000000,864.71813741,0.11882712,264.33604564,0.01998487,0.01998489,36437,111,1
5484.92684236,5484.93071509,0.00000000,870.44078970,0.05018565,264.52026509,0.01998488,0.01998489,36436,111,1
5485.08195369,5485.08127304,876.19910267,876.22451579,0.14571204,264.70590691,0.01998490,0.01998489,36435,111,0
5485.22778053,5485.23183924,0.00000000,881.67596534,0.15768086,264.88038275,0.01998488,0.01998489,36434,111,1
5485.38322926,5485.38241368,887.45012074,887.48061277,0.04060498,265.06562811,0.01998490,0.01998489,36433,111,0
5485.53326606,5485.53299637,893.08189935,893.09198914,0.11483236,265.24418082,0.01998489,0.01998489,36432,111,0
5485.68370005,5485.68358731,898.71797977,898.72220046,0.07296690,265.42281396,0.01998489,0.01998489,36431,111,0
5485.83564743,5485.83418650,904.35826955,904.41300311,0.10409653,265.60284085,0.01998490,0.01998489,36430,111,0
5485.97866487,5485.98479394,0.00000000,909.76950298,0.07277013,265.77180617,0.01998487,0.01998489,36429,111,1
5486.13457812,5486.13540963,915.65063220,915.61944165,0.04432447,265.95579764,0.01998489,0.01998489,36428,111,0
5486.28391099,5486.28603357,0.00000000,921.21465896,0.14221918,266.13125080,0.01998489,0.01998489,36427,111,1
5486.43492282,5486.43666576,0.00000000,926.88213111,0.07003873,266.30844409,0.01998489,0.01998489,36426,111,1
5486.58820739,5486.58730620,932.61543339,932.64929113,0.06542919,266.48821063,0.01998490,0.01998489,36425,111,0
5486.73944142,5486.73795490,938.27676984,938.33264799,0.04659345,266.66482816,0.01998490,0.01998489,36424,111,0
5486.88991951,5486.88861185,943.94150938,943.99069207,0.04846704,266.84012928,0.01998490,0.01998489,36423,111,0
5487.03650015,5487.03927705,0.00000000,949.49435357,0.04746830,267.01013963,0.01998488,0.01998489,36422,111,1
5487.18791081,5487.18995051,0.00000000,955.19446882,0.02731662,267.18569036,0.01998489,0.01998489,36421,111,1
5487.34367185,5487.34063223,0.00000000,961.06209436,0.11229352,267.36583823,0.01998491,0.01998489,36420,111,1
5487.49213168,5487.49132220,966.63906954,966.66959592,0.10212264,267.53746672,0.01998490,0.01998489,36419,111,0
5487.63882713,5487.64202043,0.00000000,972.19120620,0.10306603,267.70595682,0.01998488,0.01998489,36418,111,1
5487.79492634,5487.79272692,0.00000000,978.08260069,0.04654612,267.88517281,0.01998490,0.01998489,36417,111,1
5487.94154495,5487.94344167,0.00000000,983.61967505,0.07815617,268.05308484,0.01998489,0.01998489,36416,111,1
5488.09407804,5488.09416468,989.40331350,989.40003795,0.06514133,268.22783082,0.01998490,0.01998489,36415,111,0
5488.24290452,5488.24489595,995.10392315,995.02858712,0.03840873,268.39745310,0.01998489,0.01998489,36414,111,0
5488.39296712,5488.39563547,0.00000000,1000.68900470,0.12173375,268.56750372,0.01998489,0.01998490,36413,111,1
5488.54304592,5488.54638326,0.00000000,1006.37098288,0.08157724,268.73766501,0.01998488,0.01998490,36412,111,1
5488.69985721,5488.69713932,0.00000000,1012.31167562,0.15210651,268.91499831,0.01998491,0.01998490,36411,111,1
5488.85257741,5488.84790363,0.00000000,1018.10114366,0.05853295,269.08725059,0.01998491,0.01998490,36410,111,1
5488.99834545,5488.99867621,1023.65998315,1023.64743382,0.03755918,269.25174243,0.01998490,0.01998490,36409,111,0
5489.14399281,5489.14945706,0.00000000,1029.15873797,0.06021075,269.41468712,0.01998488,0.01998490,36408,111,1
5489.29613253,5489.30024617,0.00000000,1034.93699558,0.11817931,269.58497858,0.01998488,0.01998490,36407,111,1
5489.45111818,5489.45104355,1040.84013749,1040.84297471,0.08939021,269.75845621,0.01998490,0.01998490,36406,111,0
5489.60089980,5489.60184919,1046.57507676,1046.53896111,0.10135890,269.92521178,0.01998489,0.01998490,36405,111,0
5489.75323376,5489.75266310,1052.31401909,1052.33574131,0.07311903,270.09435934,0.01998490,0.01998490,36404,111,0
5489.89975717,5489.90348528,0.00000000,1057.89931236,0.12653008,270.25617133,0.01998488,0.01998490,36403,111,1
5490.05211436,5490.05431573,0.00000000,1063.70439132,0.04032730,270.42445288,0.01998489,0.01998490,36402,111,1
5490.20461685,5490.20515445,1069.55407597,1069.53357490,0.09560886,270.59286291,0.01998490,0.01998490,36401,111,0
5490.35741028,5490.35600144,1075.30829486,1075.36205275,0.13811204,270.76068072,0.01998490,0.01998490,36400,111,0
5490.50675262,5490.50685670,1081.06628631,1081.06231264,0.09831008,270.92425327,0.01998490,0.01998490,36399,111,0
5490.65874805,5490.65772023,1086.82808630,1086.86735270,0.12814833,271.09026957,0.01998490,0.01998490,36398,111,0
5490.80672901,5490.80859204,0.00000000,1092.51219824,0.06454111,271.25115926,0.01998489,0.01998490,36397,111,1
5490.96035993,5490.95947212,1098.36325634,1098.39721595,0.00228885,271.41832146,0.01998490,0.01998490,36396,111,0
5491.11187519,5491.11036047,1104.13670078,1104.19467708,0.04309180,271.58242436,0.01998490,0.01998490,36395,111,0
5491.25865879,5491.26125710,0.00000000,1109.80946791,0.03897754,271.74081473,0.01998489,0.01998490,36394,111,1
5491.41317901,5491.41216200,1115.69573592,1115.73471370,0.05571950,271.90738418,0.01998490,0.01998490,36393,111,0
5491.56243536,5491.56307518,1121.48159981,1121.45706102,0.11412237,272.06768526,0.01998489,0.01998490,36392,111,0
5491.71542979,5491.71399664,1127.27187931,1127.32688397,0.05855242,272.23154082,0.01998490,0.01998490,36391,111,0
5491.86262451,5491.86492637,0.00000000,1132.97841513,0.09824151,272.38875043,0.01998489,0.01998490,36390,111,1
5492.01762754,5492.01586439,1138.86623407,1138.93400585,0.09931396,272.55383122,0.01998490,0.01998490,36389,111,0
5492.16540668,5492.16681068,1144.67039477,1144.61638920,0.05888635,272.71077720,0.01998489,0.01998490,36388,111,0
5492.31803403,5492.31776525,1150.47898459,1150.48933038,0.09511948,272.87240929,0.01998490,0.01998490,36387,111,0
5492.46783656,5492.46872811,1156.29178515,1156.25744519,0.09279327,273.03058500,0.01998489,0.01998490,36386,111,0
5492.61812976,5492.61969924,1162.10857712,1162.04808831,0.07448724,273.18880847,0.01998489,0.01998490,36385,111,0
5492.76966901,5492.77067866,1167.92914021,1167.89020526,0.06626266,273.34785919,0.01998489,0.01998490,36384,111,0
5492.92156299,5492.92166636,1173.75327039,1173.74928196,0.09039254,273.50678688,0.01998490,0.01998490,36383,111,0
5493.07097023,5493.07266234,1179.58101218,1179.51568560,0.00553403,273.66262858,0.01998489,0.01998490,36382,111,0
5493.22361842,5493.22366661,1185.41259859,1185.41073716,0.07784881,273.82135984,0.01998490,0.01998490,36381,111,0
5493.37436757,5493.37467916,1191.24826829,1191.23622318,0.04627344,273.97763425,0.01998490,0.01998490,36380,111,0
5493.52462950,5493.52570000,1197.08826094,1197.04684975,0.14414109,274.13293157,0.01998489,0.01998490,36379,111,0
5493.67826368,5493.67672913,1202.93281723,1202.99222444,0.07667459,274.29123179,0.01998490,0.01998490,36378,111,0
5493.82462424,5493.82776654,0.00000000,1208.66464334,0.06548325,274.44169967,0.01998489,0.01998490,36377,111,1
5493.97823742,5493.97881224,1214.63625595,1214.61396934,0.09806563,274.59891996,0.01998490,0.01998490,36376,111,0
5494.12931320,5494.12986623,1220.49496719,1220.47350979,0.06764662,274.75317373,0.01998490,0.01998490,36375,111,0
5494.27818263,5494.28092851,0.00000000,1226.25411743,0.08823828,274.90477173,0.01998489,0.01998490,36374,111,1
5494.43076011,5494.43199908,1232.22559826,1232.17746173,0.06175015,275.05951721,0.01998489,0.01998490,36373,111,0
5494.58437753,5494.58307794,1238.09720533,1238.14772924,0.09396851,275.21487783,0.01998490,0.01998490,36372,111,0
5494.73486080,5494.73416509,1243.97282191,1243.99988584,0.06125124,275.36656941,0.01998490,0.01998490,36371,111,0
5494.88288673,5494.88526054,0.00000000,1249.76026661,0.03202891,275.51530592,0.01998489,0.01998490,36370,111,1
5495.03741522,5495.03636427,1255.73625388,1255.77718988,0.13980098,275.67005568,0.01998490,0.01998490,36369,111,0
5495.18695094,5495.18747630,1261.62425030,1261.60377305,0.06294322,275.81931479,0.01998490,0.01998490,36368,111,0
5495.33642565,5495.33859663,0.00000000,1267.43191211,0.03348506,275.96802738,0.01998489,0.01998490,36367,111,1
5495.49056543,5495.48972525,1273.41325993,1273.44605362,0.04591679,276.12087079,0.01998490,0.01998490,36366,111,0
5495.63896009,5495.64086217,0.00000000,1279.23979454,0.11731325,276.26752151,0.01998489,0.01998490,36365,111,1
5495.79177192,5495.79200738,1285.22007827,1285.21087502,0.05029409,276.41805326,0.01998490,0.01998490,36364,111,0
5495.94134232,5495.94316089,0.00000000,1291.05777960,0.11006973,276.56485629,0.01998489,0.01998490,36363,111,1
5496.09653363,5496.09432270,0.00000000,1297.12936246,0.09556204,276.71667353,0.01998491,0.01998490,36362,111,1
5496.24594370,5496.24549281,1302.96351302,1302.98117311,0.05373696,276.86239049,0.01998490,0.01998490,36361,111,0
5496.39664118,5496.39667122,1308.88673507,1308.88555793,0.06139940,277.00881435,0.01998490,0.01998490,36360,111,0
5496.54702568,5496.54785793,1314.81427977,1314.78163896,0.09591197,277.15442815,0.01998490,0.01998490,36359,111,0
5496.69841799,5496.69905294,1320.74611071,1320.72119175,0.11529129,277.30050475,0.01998490,0.01998490,36358,111,0
5496.85029331,5496.85025625,1326.68219048,1326.68364613,0.07819821,277.44652752,0.01998490,0.01998490,36357,111,0
5497.00129316,nan,0.00000000,1332.61143935,0.04958788,277.59108813,0.01998490,0.01998490,36356,111,1
5497.15101453,5497.15268778,1338.56694602,1338.50114964,0.02355700,277.73411396,0.01998489,0.01998490,36355,111,0
5497.30357995,5497.30391600,1344.51554776,1344.50232490,0.08217111,277.87922481,0.01998490,0.01998490,36354,111,0
5497.45362075,5497.45515253,1350.46832150,1350.40800982,0.06641180,278.02141350,0.01998489,0.01998490,36353,111,0
5497.60475290,5497.60639736,1356.42539895,1356.36060691,0.07735084,278.16411574,0.01998489,0.01998490,36352,111,0
5497.75725036,5497.75765050,1362.38691928,1362.37114245,0.07721888,278.30757907,0.01998490,0.01998490,36351,111,0
5497.90680618,5497.90891194,0.00000000,1368.26970643,0.07040288,278.44775598,0.01998489,0.01998490,36350,111,1
5498.05962332,5498.06018170,1374.32384838,1374.30180031,0.05572760,278.59047687,0.01998490,0.01998490,36349,111,0
5498.21130743,5498.21145976,1380.29952880,1380.29350943,0.03587675,278.73161187,0.01998490,0.01998490,36348,111,0
5498.36173352,5498.36274613,1386.28005618,1386.24001179,0.11266635,278.87106040,0.01998490,0.01998490,36347,111,0
5498.51406252,5498.51404081,1392.26531956,1392.26617896,0.04053997,279.01174493,0.01998490,0.01998490,36346,111,0
5498.66361430,5498.66534380,0.00000000,1398.18607217,0.06095018,279.14932834,0.01998489,0.01998490,36345,111,1
5498.81895688,5498.81665510,0.00000000,1404.33966138,0.06032142,279.29169116,0.01998491,0.01998490,36344,111,1
5498.96887773,5498.96797472,1410.24838398,1410.28419443,0.06777743,279.42858602,0.01998490,0.01998490,36343,111,0
5499.11743217,5499.11930264,0.00000000,1416.17562356,0.05910743,279.56364530,0.01998489,0.01998490,36342,111,1
5499.27166136,5499.27063888,1422.25881340,1422.29941443,0.11307078,279.70338449,0.01998490,0.01998490,36341,111,0
5499.42154401,5499.42198344,1428.27045521,1428.25299452,0.07135386,279.83860701,0.01998490,0.01998490,36340,111,0
5499.57363583,5499.57333631,1434.28640161,1434.29831093,0.05461245,279.97527451,0.01998490,0.01998490,36339,111,0
5499.72174981,5499.72469750,0.00000000,1440.19011143,0.04889094,280.10785184,0.01998489,0.01998490,36338,111,1
5499.87472431,5499.87606700,1446.33126816,1446.27781077,0.08877293,280.24419438,0.01998489,0.01998490,36337,111,0
5500.02910660,5500.02744482,1452.36027200,1452.42647988,0.09625669,280.38123871,0.01998491,0.01998490,36336,111,0
5500.17962280,5500.17883096,1458.39388598,1458.42545702,0.07592608,280.51430335,0.01998490,0.01998490,36335,111,0
5500.33018313,5500.33022541,1464.43234000,1464.43065290,0.06528884,280.64686915,0.01998490,0.01998490,36334,111,0
5500.48122612,5500.48162819,1470.47586499,1470.45980923,0.07896741,280.77932255,0.01998490,0.01998490,36333,111,0
5500.62944352,5500.63303928,0.00000000,1476.38821078,0.09564966,280.90893547,0.01998489,0.01998490,36332,111,1
5500.78397329,5500.78445870,1482.57904783,1482.55963096,0.08522960,281.04320062,0.01998490,0.01998490,36331,111,0
5500.93522982,5500.93588644,1488.63888779,1488.61260050,0.06665199,281.17423345,0.01998490,0.01998490,36330,111,0
5501.08824333,5501.08732250,1494.70386877,1494.74076173,0.07193880,281.30623245,0.01998490,0.01998490,36329,111,0
5501.23860781,5501.23876688,1500.77362879,1500.76725121,0.04289864,281.43539189,0.01998490,0.01998490,36328,111,0
5501.39172136,5501.39021959,1506.84780421,1506.90805348,0.06109474,281.56633826,0.01998491,0.01998490,36327,111,0
5501.54181794,5501.54168062,1512.92602967,1512.93154194,0.03200033,281.69413243,0.01998490,0.01998490,36326,111,0
5501.69288858,5501.69314998,1519.00799360,1518.99749465,0.04472821,281.82217594,0.01998490,0.01998490,36325,111,0
5501.84382832,5501.84462766,1525.09381815,1525.06169368,0.06703503,281.94952843,0.01998490,0.01998490,36324,111,0
5501.99639094,5501.99611367,1531.18383121,1531.19498155,0.01554983,282.07766629,0.01998490,0.01998490,36323,111,0
5502.14539177,5502.14760801,0.00000000,1537.19091454,0.08738293,282.20228710,0.01998489,0.01998490,36322,111,1
5502.29855428,5502.29911068,1543.37774692,1543.35533803,0.06764043,282.32974212,0.01998490,0.01998490,36321,111,0
5502.45080655,5502.45062167,1549.48231527,1549.48976753,0.06837958,282.45590452,0.01998490,0.01998490,36320,111,0
5502.60287392,5502.60214100,1555.59227878,1555.62184575,0.05388379,282.58134769,0.01998490,0.01998490,36319,111,0
5502.75473868,5502.75366865,1561.70751514,1561.75071575,0.11505147,282.70605460,0.01998490,0.01998490,36318,111,0
5502.90642126,5502.90520464,1567.82784627,1567.87700286,0.04761994,282.83003850,0.01998491,0.01998490,36317,111,0
5503.05592549,5503.05674895,1573.95309322,1573.91979781,0.05080575,282.95167560,0.01998490,0.01998490,36316,111,0
5503.20929585,5503.20830160,1580.08307620,1580.12330549,0.06243855,283.07586849,0.01998490,0.01998490,36315,111,0
5503.35843764,5503.35986259,1586.21762168,1586.15992659,0.10347930,283.19605929,0.01998490,0.01998490,36314,111,0
5503.51262141,5503.51143191,1592.35670784,1592.40490380,0.09956097,283.31971191,0.01998491,0.01998490,36313,111,0
5503.66202948,5503.66300956,1598.50045921,1598.46072061,0.07403152,283.43895184,0.01998490,0.01998490,36312,111,0
5503.81242559,5503.81459555,0.00000000,1604.56643642,0.06258842,283.55850874,0.01998489,0.01998490,36311,111,1
5503.96404444,5503.96618987,0.00000000,1610.72144183,0.04684544,283.67835400,0.01998489,0.01998490,36310,111,1
5504.11667342,5504.11779253,1616.96101826,1616.91553908,0.06826047,283.79827400,0.01998490,0.01998490,36309,111,0
5504.26817040,5504.26940353,1623.12471989,1623.07456772,0.06698761,283.91683190,0.01998490,0.01998490,36308,111,0
5504.41985753,5504.42102287,1629.29355429,1629.24612280,0.04784963,284.03494720,0.01998490,0.01998490,36307,111,0
5504.57247887,5504.57265055,1635.46744405,1635.46045114,0.05967730,284.15318918,0.01998490,0.01998490,36306,111,0
5504.72412377,5504.72428656,1641.64631138,1641.63967542,0.08525831,284.27007433,0.01998490,0.01998490,36305,111,0
5504.87590266,5504.87593092,1647.83007807,1647.82892530,0.01570829,284.38646011,0.01998490,0.01998490,36304,111,0
5505.02687092,5505.02758362,1654.01866693,1653.98957308,0.05797028,284.50162283,0.01998490,0.01998490,36303,111,0
5505.17814582,5505.17924466,1660.21207371,1660.16718383,0.09113379,284.61641580,0.01998490,0.01998490,36302,111,0
5505.32884826,5505.33091404,0.00000000,1666.33289920,0.07348097,284.73030152,0.01998489,0.01998490,36301,111,1
5505.48274574,5505.48259177,1672.61377008,1672.62006955,0.06655670,284.84572426,0.01998490,0.01998490,36300,111,0
5505.63486183,5505.63427784,1678.82228876,1678.84620061,0.06903168,284.95932312,0.01998490,0.01998490,36299,111,0
5505.78619640,5505.78597226,1685.03607475,1685.04525957,0.05240822,285.07173232,0.01998490,0.01998490,36298,111,0
5505.93533823,5505.93767502,0.00000000,1691.16631277,0.02587184,285.18204548,0.01998489,0.01998490,36297,111,1
5506.08858938,5506.08938613,1697.47968400,1697.44698154,0.06235685,285.29453087,0.01998490,0.01998490,36296,111,0
5506.23883659,5506.24110559,0.00000000,1703.62164863,0.06697837,285.40442195,0.01998489,0.01998490,36295,111,1
5506.39190564,5506.39283339,1709.94406588,1709.90592878,0.04348339,285.51555500,0.01998490,0.01998490,36294,111,0
5506.54352597,5506.54456955,1716.18374941,1716.14082001,0.04788254,285.62510760,0.01998490,0.01998490,36293,111,0
5506.69647777,5506.69631405,1722.42826917,1722.43500885,0.04703901,285.73498737,0.01998490,0.01998490,36292,111,0
5506.84885387,5506.84806690,1728.67758579,1728.71000565,0.06119908,285.84381685,0.01998491,0.01998490,36291,111,0
5506.99995371,5506.99982811,1734.93180273,1734.93698079,0.05274898,285.95110710,0.01998490,0.01998490,36290,111,0
5507.15162268,5507.15159766,1741.19103873,1741.19207067,0.04553287,286.05817294,0.01998490,0.01998490,36289,111,0
5507.30331166,5507.30337557,1747.45541309,1747.45277410,0.08532286,286.16462308,0.01998490,0.01998490,36288,111,0
5507.45517417,5507.45516183,1753.72504571,1753.72555567,0.07013968,286.27056402,0.01998490,0.01998490,36287,111,0
5507.60621760,5507.60695645,1760.00004487,1759.96948974,0.03694475,286.37530705,0.01998490,0.01998490,36286,111,0
5507.75821412,5507.75875942,1766.28042481,1766.25785587,0.04575467,286.48007838,0.01998490,0.01998490,36285,111,0
5507.90945947,5507.91057074,1772.56615567,1772.52012534,0.06142029,286.58369940,0.01998490,0.01998490,36284,111,0
5508.06281533,5508.06239043,1778.85720718,1778.87482132,0.04687723,286.68811947,0.01998490,0.01998490,36283,111,0
5508.21380063,5508.21421846,1785.15354891,1785.13621432,0.04479750,286.79028646,0.01998490,0.01998490,36282,111,0
5508.36733400,5508.36605486,1791.45515030,1791.50825855,0.06557553,286.89352489,0.01998491,0.01998490,36281,111,0
5508.51708278,5508.51789961,1797.76198275,1797.72804258,0.03914513,286.99358190,0.01998490,0.01998490,36280,111,0
5508.66894541,5508.66975273,1804.07402103,1804.04045084,0.01570381,287.09440680,0.01998490,0.01998490,36279,111,0
5508.82046635,5508.82161420,1810.39124008,1810.34347304,0.07721110,287.19435554,0.01998490,0.01998490,36278,111,0
5508.97478921,5508.97348403,1816.71361471,1816.76797031,0.05085477,287.29548334,0.01998491,0.01998490,36277,111,0
5509.12619027,5509.12536223,1823.04111959,1823.07563035,0.04233217,287.39403773,0.01998491,0.01998490,36276,111,0
5509.27721782,5509.27724879,1829.37374020,1829.37244861,0.05418574,287.49169667,0.01998490,0.01998490,36275,111,0
5509.43031608,5509.42914370,1835.71152749,1835.76046355,0.08879461,287.59002835,0.01998491,0.01998490,36274,111,0
5509.58078310,5509.58104699,1842.05455690,1842.04353355,0.06781509,287.68601554,0.01998490,0.01998490,36273,111,0
5509.73367095,5509.73295864,1848.40290430,1848.43268354,0.07987713,287.78288152,0.01998491,0.01998490,36272,111,0
5509.88515335,5509.88487865,1854.75664593,1854.76813925,0.08233521,287.87819442,0.01998490,0.01998490,36271,111,0
5510.03573895,5510.03680703,1861.11585849,1861.07113428,0.04031543,287.97228836,0.01998490,0.01998490,36270,111,0
5510.18922722,5510.18874377,1867.48062152,1867.50088216,0.04768869,288.06752327,0.01998491,0.01998490,36269,111,0
5510.34106334,5510.34068888,1873.85101781,1873.86672383,0.02955603,288.16106378,0.01998490,0.01998490,36268,111,0
5510.49306693,5510.49264236,1880.22713074,1880.24495347,0.03937693,288.25403965,0.01998490,0.01998490,36267,111,0
5510.64471894,5510.64460421,1886.60904408,1886.61386458,0.10692129,288.34613356,0.01998490,0.01998490,36266,111,0
5510.79755632,5510.79657443,1892.99684203,1893.03813245,0.04221897,288.43827221,0.01998491,0.01998490,36265,111,0
5510.94961219,5510.94855301,1899.39055020,1899.43512852,0.08192852,288.52926517,0.01998491,0.01998490,36264,111,0
5511.09908025,5511.10053997,1905.78999030,1905.72850347,0.05953224,288.61804910,0.01998490,0.01998490,36263,111,0
5511.25172154,5511.25253530,1912.19493903,1912.16063453,0.05481204,288.70803676,0.01998490,0.01998490,36262,111,0
5511.40467878,5511.40453900,1918.60517190,1918.61106881,0.05968011,288.79751488,0.01998490,0.01998490,36261,111,0
5511.55609057,5511.55655108,1925.02046325,1925.00102183,0.01436340,288.88539769,0.01998490,0.01998490,36260,111,0
5511.70632490,5511.70857153,0.00000000,1931.34408202,0.07514204,288.97189070,0.01998490,0.01998490,36259,111,1
5511.86000296,5511.86060035,1937.86572809,1937.84047123,0.02950217,289.05970487,0.01998490,0.01998490,36258,111,0
5512.01132542,5512.01263755,1944.29610525,1944.24058725,0.09434616,289.14545571,0.01998490,0.01998490,36257,111,0
5512.16471603,5512.16468313,1950.73204778,1950.73344118,0.06503158,289.23167593,0.01998490,0.01998490,36256,111,0
5512.31647634,5512.31673708,1957.17386005,1957.16280880,0.04344741,289.31628539,0.01998490,0.01998490,36255,111,0
5512.46857427,5512.46879941,1963.62184444,1963.61229355,0.08881585,289.40039169,0.01998490,0.01998490,36254,111,0
5512.61997857,5512.62087011,1970.07608653,1970.03823061,0.02267196,289.48342567,0.01998490,0.01998490,36253,111,0
5512.77350940,5512.77294920,1976.53633003,1976.56013702,0.03941665,289.56691831,0.01998491,0.01998490,36252,111,0
5512.92723521,5512.92503667,0.00000000,1983.09373362,0.02333791,289.64977090,0.01998491,0.01998490,36251,111,1
5513.07726203,5513.07713251,1989.47366966,1989.47918237,0.05956968,289.72998074,0.01998491,0.01998490,36250,111,0
5513.22942095,5513.22923674,1995.95018613,1995.95803258,0.02963500,289.81059148,0.01998491,0.01998490,36249,111,0
5513.37937528,5513.38134935,0.00000000,2002.34477470,0.05705390,289.88929442,0.01998490,0.01998490,36248,111,1
5513.53324521,5513.53347034,2008.91805749,2008.90845436,0.04672550,289.96938931,0.01998490,0.01998490,36247,111,0
5513.68561187,5513.68559972,2015.40965165,2015.41017023,0.04912419,290.04793980,0.01998491,0.01998490,36246,111,0
5513.83752571,5513.83773748,2021.90656099,2021.89751408,0.00671674,290.12553436,0.01998490,0.01998490,36245,111,0
5513.99007064,5513.98988362,2028.40894370,2028.41693970,0.05125463,290.20272505,0.01998491,0.01998490,36244,111,0
5514.14252517,5514.14203815,2034.91695974,2034.93779931,0.03064136,290.27914256,0.01998491,0.01998490,36243,111,0
5514.29390806,5514.29420107,2041.43077950,2041.41823081,0.08689053,290.35430304,0.01998490,0.01998491,36242,111,0
5514.44606948,5514.44637238,2047.95057978,2047.93759651,0.01478051,290.42912685,0.01998490,0.01998491,36241,111,0
5514.59809566,5514.59855207,2054.47653839,2054.45695719,0.06485280,290.50315966,0.01998490,0.01998491,36240,111,0
5514.74850946,5514.75074015,0.00000000,2060.92961726,0.03262500,290.57587933,0.01998490,0.01998491,36239,111,1
5514.90269839,5514.90293662,2067.54764212,2067.53740222,0.05516760,290.64931217,0.01998490,0.01998491,36238,111,0
5515.05605082,5515.05514148,2074.09300041,2074.13212376,0.08233520,290.72178863,0.01998491,0.01998491,36237,111,0
5515.20807274,5515.20735473,2080.64478361,2080.67570333,0.04612424,290.79290168,0.01998491,0.01998491,36236,111,0
5515.35840930,5515.35957637,2087.20285633,2087.15255402,0.10501727,290.86250314,0.01998490,0.01998491,36235,111,0
5515.51250924,5515.51180640,2093.76708240,2093.79740234,0.04566817,290.93309650,0.01998491,0.01998491,36234,111,0
5515.66448261,5515.66404483,2100.33732505,2100.35622650,0.06024214,291.00196770,0.01998491,0.01998491,36233,111,0
5515.81687876,5515.81629165,2106.91348012,2106.93885045,0.01676110,291.07028108,0.01998491,0.01998491,36232,111,0
5515.96609107,5515.96854687,0.00000000,2113.40283794,0.06322862,291.13657550,0.01998490,0.01998491,36231,111,1
5516.11899374,5516.12081048,0.00000000,2120.01760518,0.02138436,291.20360784,0.01998490,0.01998491,36230,111,1
5516.27327831,5516.27308248,2126.67718389,2126.68566723,0.06713106,291.27035221,0.01998491,0.01998491,36229,111,0
5516.42655283,5516.42536289,2133.27677360,2133.32836515,0.07131287,291.33601570,0.01998491,0.01998491,36228,111,0
5516.57631722,5516.57765169,2139.88220158,2139.82429568,0.03154367,291.39942980,0.01998490,0.01998491,36227,111,0
5516.73013172,5516.72994889,2146.49357630,2146.50151667,0.06108090,291.46379032,0.01998491,0.01998491,36226,111,0
5516.87942683,5516.88225449,0.00000000,2152.99960821,0.00919411,291.52562249,0.01998490,0.01998491,36225,111,1
5517.03349649,5517.03456848,2159.73471704,2159.68807858,0.06071023,291.58843994,0.01998490,0.01998491,36224,111,0
5517.18603160,5517.18689088,2166.36476044,2166.32734188,0.04154819,291.64996592,0.01998490,0.01998491,36223,111,0
5517.33991793,5517.33922168,2173.00128907,2173.03163646,0.05341042,291.71125578,0.01998491,0.01998491,36222,111,0
5517.49130158,5517.49156088,2179.64429308,2179.63298059,0.07043470,291.77078062,0.01998490,0.01998491,36221,111,0
5517.64252775,5517.64390849,2186.29369668,2186.23340562,0.06904568,291.82947951,0.01998490,0.01998491,36220,111,0
5517.79656321,5517.79626449,2192.94942321,2192.96247869,0.05662318,291.88848051,0.01998491,0.01998491,36219,111,0
5517.94793696,5517.94862891,2199.61139556,2199.58112764,0.07869917,291.94568368,0.01998490,0.01998491,36218,111,0
5518.10178858,5518.10100172,2206.27953573,2206.31398517,0.05985623,292.00302940,0.01998491,0.01998491,36217,111,0
5518.25278554,5518.25338294,2212.95375844,2212.92758127,0.04908607,292.05852978,0.01998490,0.01998491,36216,111,0
5518.40562368,5518.40577257,2219.63397261,2219.62744299,0.06813993,292.11391546,0.01998491,0.01998491,36215,111,0
5518.55822006,5518.55817061,2226.32008650,2226.32225705,0.04874215,292.16841597,0.01998491,0.01998491,36214,111,0
5518.71123557,5518.71057705,2233.01200781,2233.04093423,0.02825956,292.22226280,0.01998491,0.01998491,36213,111,0
5518.86229337,5518.86299190,2239.70964814,2239.67894000,0.07366476,292.27462854,0.01998490,0.01998491,36212,111,0
5519.01391552,5519.01541516,2246.41305249,2246.34707290,0.05410232,292.32639648,0.01998490,0.01998491,36211,111,0
5519.16739783,5519.16784683,2253.12242072,2253.10264906,0.07569555,292.37798907,0.01998491,0.01998491,36210,111,0
5519.32036226,5519.32028692,2259.83796244,2259.84128327,0.01636541,292.42859539,0.01998491,0.01998491,36209,111,0
5519.47169228,5519.47273541,2266.55988840,2266.51387250,0.02575053,292.47786216,0.01998490,0.01998491,36208,111,0
5519.62477755,5519.62519232,2273.28840918,2273.27009541,0.06722707,292.52689085,0.01998491,0.01998491,36207,111,0
5519.77643018,5519.77765763,2280.02364632,2279.96939749,0.04216358,292.57465612,0.01998490,0.01998491,36206,111,0
5519.92887609,5519.93013137,2286.76557747,2286.71004721,0.07061336,292.62186126,0.01998490,0.01998491,36205,111,0
5520.08272715,5520.08261351,2293.51416713,2293.51919889,0.04539463,292.66867513,0.01998491,0.01998491,36204,111,0
5520.23544351,5520.23510408,2300.26937957,2300.28442323,0.08907164,292.71431974,0.01998491,0.01998491,36203,111,0
5520.38686774,5520.38760305,2307.03117872,2306.99856016,0.00905043,292.75876469,0.01998490,0.01998491,36202,111,0
5520.53892484,5520.54011045,2313.79950405,2313.74686301,0.06639245,292.80257724,0.01998490,0.01998491,36201,111,0
5520.69259078,5520.69262626,2320.57424396,2320.57266738,0.05197931,292.84601704,0.01998491,0.01998491,36200,111,0
5520.84426939,5520.84515049,2327.35527974,2327.31609032,0.05055965,292.88806722,0.01998490,0.01998491,36199,111,0
5520.99820812,5520.99768314,2334.14249200,2334.16586184,0.08255664,292.92989972,0.01998491,0.01998491,36198,111,0
5521.14892115,5521.15022421,2340.93576086,2340.87770671,0.03035349,292.97002848,0.01998490,0.01998491,36197,111,0
5521.30277643,5521.30277370,2347.73507270,2347.73519419,0.05904832,293.01014712,0.01998491,0.01998491,36196,111,0
5521.45458269,5521.45533161,2354.54069101,2354.50726653,0.06985566,293.04889198,0.01998490,0.01998491,36195,111,0
5521.60796791,5521.60789795,2361.35292509,2361.35605044,0.06182513,293.08719203,0.01998491,0.01998491,36194,111,0
5521.76112137,5521.76047270,2368.17208601,2368.20109200,0.06453793,293.12458290,0.01998491,0.01998491,36193,111,0
5521.91223259,5521.91305588,2374.99848658,2374.96163439,0.03944728,293.16064028,0.01998490,0.01998491,36192,111,0
5522.06317917,5522.06564748,0.00000000,2381.73069726,0.06567922,293.19587468,0.01998490,0.01998491,36191,111,1
5522.21815575,5522.21824751,2388.67342154,2388.66930596,0.05160023,293.23108943,0.01998491,0.01998491,36190,111,0
5522.37163486,5522.37085597,2395.52155462,2395.55652323,0.05367265,293.26513984,0.01998491,0.01998491,36189,111,0
5522.52366249,5522.52347285,2402.37648362,2402.38500575,0.00875985,293.29801091,0.01998491,0.01998491,36188,111,0
5522.67609948,5522.67609815,2409.23797092,2409.23803074,0.07475737,293.33010992,0.01998491,0.01998491,36187,111,0
5522.82773208,5522.82873189,2416.10584305,2416.06083639,0.03656636,293.36118120,0.01998490,0.01998491,36186,111,0
5522.98261098,5522.98137405,2422.98013662,2423.03586699,0.10778521,293.39203138,0.01998491,0.01998491,36185,111,0
5523.13417726,5523.13402465,2429.86093081,2429.86781316,0.03765624,293.42135227,0.01998491,0.01998491,36184,111,0
5523.28627644,5523.28668367,2436.74830526,2436.72992417,0.03967934,293.44990930,0.01998491,0.01998491,36183,111,0
5523.43862622,5523.43935112,2443.64234008,2443.60959028,0.05077366,293.47764040,0.01998491,0.01998491,36182,111,0
5523.59162864,5523.59202701,2450.54314678,2450.52513232,0.05454713,293.50460865,0.01998491,0.01998491,36181,111,0
5523.74364890,5523.74471133,2457.45093724,2457.40284720,0.04509371,293.53052675,0.01998490,0.01998491,36180,111,0
5523.89571058,5523.89740408,0.00000000,2464.29655839,0.07510037,293.55560155,0.01998490,0.01998491,36179,111,1
5524.05049407,5524.05010526,2471.28840340,2471.30603838,0.07488623,293.58016963,0.01998491,0.01998491,36178,111,0
5524.20498004,5524.20281488,0.00000000,2478.32288930,0.08774230,293.60382626,0.01998492,0.01998491,36177,111,1
5524.35554644,5524.35553294,2485.15648111,2485.15709461,0.05247751,293.62596537,0.01998491,0.01998491,36176,111,0
5524.50782144,5524.50825943,2492.10188154,2492.08195349,0.09651527,293.64749025,0.01998491,0.01998491,36175,111,0
5524.65934407,5524.66099436,0.00000000,2498.97870937,0.10467747,293.66801920,0.01998490,0.01998491,36174,111,1
5524.81275613,5524.81373772,2506.01350073,2505.96875899,0.07264653,293.68790039,0.01998491,0.01998491,36173,111,0
5524.96678560,5524.96648953,2512.97891983,2512.99242590,0.05157717,293.70693851,0.01998491,0.01998491,36172,111,0
5525.11939917,5525.11924977,2519.95038904,2519.95720974,0.00873737,293.72488763,0.01998491,0.01998491,36171,111,0
5525.27132315,5525.27201845,2526.92815360,2526.89638150,0.06048927,293.74185012,0.01998491,0.01998491,36170,111,0
5525.42447208,5525.42479558,2533.91253536,2533.89773944,0.08266338,293.75803305,0.01998491,0.01998491,36169,111,0
5525.57814791,5525.57758114,2540.90385813,2540.92980564,0.02003874,293.77334482,0.01998491,0.01998491,36168,111,0
5525.72970006,5525.73037515,2547.90244691,2547.87150932,0.08655852,293.78753350,0.01998491,0.01998491,36167,111,0
5525.88311318,5525.88317760,2554.90849853,2554.90554357,0.06732691,293.80097187,0.01998491,0.01998491,36166,111,0
5526.03587647,5526.03598849,2561.92193699,2561.91679307,0.07089125,293.81342582,0.01998491,0.01998491,36165,111,0
5526.18789445,5526.18880783,2568.94265107,2568.90066926,0.05583049,293.82489705,0.01998491,0.01998491,36164,111,0
5526.34158723,5526.34163561,2575.97052887,2575.96830305,0.06736375,293.83555650,0.01998491,0.01998491,36163,111,0
5526.49345995,5526.49447184,2583.00545887,2582.95886062,0.08666209,293.84516001,0.01998491,0.01998491,36162,111,0
5526.64734466,5526.64731651,2590.04740355,2590.04870069,0.09661337,293.85394514,0.01998491,0.01998491,36161,111,0
5526.80006861,5526.80016964,2597.09644530,2597.09178420,0.09631916,293.86172009,0.01998491,0.01998491,36160,111,0
5526.95324839,5526.95303121,2604.15267787,2604.16270800,0.06691334,293.86857080,0.01998491,0.01998491,36159,111,0
5527.10615321,5527.10590122,2611.21619557,2611.22784447,0.04572778,293.87446000,0.01998491,0.01998491,36158,111,0
5527.25904774,5527.25877969,2618.28709344,2618.29949734,0.05563701,293.87939757,0.01998491,0.01998491,36157,111,0
5527.41184049,5527.41166661,2625.36547207,2625.37352656,0.04462644,293.88337859,0.01998491,0.01998491,36156,111,0
5527.56473828,5527.56456198,2632.45143842,2632.45961336,0.07948236,293.88640535,0.01998491,0.01998491,36155,111,0
5527.71717738,5527.71746580,2639.54510044,2639.53171274,0.07774412,293.88846690,0.01998491,0.01998491,36154,111,0
5527.87106052,5527.87037807,2646.64656671,2646.67827704,0.04364288,293.88957645,0.01998491,0.01998491,36153,111,0
5528.02143460,5528.02329880,0.00000000,2653.68440333,0.07341732,293.88971385,0.01998490,0.01998491,36152,111,1
5528.17463820,5528.17622798,0.00000000,2660.81425544,0.05246880,293.88888748,0.01998490,0.01998491,36151,111,1
5528.32916117,5528.32916562,2667.99830518,2667.99809797,0.05067610,293.88706888,0.01998491,0.01998491,36150,111,0
5528.48183607,5528.48211171,2675.13111856,2675.11825731,0.06678077,293.88428962,0.01998491,0.01998491,36149,111,0
5528.63538365,5528.63506626,2682.27156360,2682.28638792,0.05985023,293.88050914,0.01998491,0.01998491,36148,111,0
5528.78738885,5528.78802926,2689.41956349,2689.38962178,0.05508033,293.87579025,0.01998491,0.01998491,36147,111,0
5528.94091198,5528.94100072,2696.57516971,2696.57101651,0.03708054,293.87003497,0.01998491,0.01998491,36146,111,0
5529.09281598,5529.09398064,2703.73849784,2703.68393416,0.03308741,293.86335863,0.01998491,0.01998491,36145,111,0
5529.24683880,5529.24696902,2710.90966462,2710.90355751,0.06843862,293.85558870,0.01998491,0.01998491,36144,111,0
5529.39890269,5529.39996586,2718.08878752,2718.03887379,0.08109711,293.84692595,0.01998491,0.01998491,36143,111,0
5529.55258018,5529.55297116,2725.27593775,2725.25756244,0.06466160,293.83716681,0.01998491,0.01998491,36142,111,0
5529.70654040,5529.70598492,2732.47097613,2732.49710926,0.06307913,293.82637397,0.01998491,0.01998491,36141,111,0
5529.85816849,5529.85900715,2739.67370345,2739.63420855,0.04936450,293.81474800,0.01998491,0.01998491,36140,111,0
5530.01080677,5530.01203783,2746.88391915,2746.82588838,0.05486749,293.80204285,0.01998491,0.01998491,36139,111,0
5530.16525257,5530.16507698,2754.10142187,2754.10970651,0.06911478,293.78816150,0.01998491,0.01998491,36138,111,0
5530.31790861,5530.31812460,2761.32614218,2761.31594138,0.05139288,293.77342420,0.01998491,0.01998491,36137,111,0
5530.47003413,5530.47118068,2768.55832118,2768.50411746,0.02519340,293.75772895,0.01998491,0.01998491,36136,111,0
5530.62531547,5530.62424523,2775.79824584,2775.84889459,0.06905759,293.74066527,0.01998491,0.01998491,36135,111,0
5530.77601194,5530.77731824,2783.04620495,2782.98431922,0.05352505,293.72309416,0.01998491,0.01998491,36134,111,0
5530.93074238,5530.93039972,2790.30248437,2790.31873591,0.02332046,293.70401207,0.01998491,0.01998491,36133,111,0
5531.08447931,5531.08348967,2797.56721450,2797.61420288,0.04011385,293.68400438,0.01998491,0.01998491,36132,111,0
5531.23633940,5531.23658808,2804.84033827,2804.82851778,0.06313405,293.66321190,0.01998491,0.01998491,36131,111,0
5531.38876481,5531.38969497,2812.12178704,2812.07752680,0.06854441,293.64131033,0.01998491,0.01998491,36130,111,0
5531.54373002,5531.54281033,2819.41149174,2819.45530098,0.03310639,293.61798090,0.01998491,0.01998491,36129,111,0
5531.69636262,5531.69593416,2826.70938626,2826.72981777,0.09332537,293.59395177,0.01998491,0.01998491,36128,111,0
5531.84934632,5531.84906646,2834.01543979,2834.02879953,0.07479972,293.56881755,0.01998491,0.01998491,36127,111,0
5532.00253034,5532.00220723,2841.32964223,2841.34508252,0.04523487,293.54259395,0.01998491,0.01998491,36126,111,0
5532.15611574,5532.15535648,2848.65198363,2848.68830455,0.06455120,293.51523691,0.01998491,0.01998491,36125,111,0
5532.30966652,5532.30851420,2855.98245395,2856.03763591,0.07545286,293.48681687,0.01998492,0.01998491,36124,111,0
5532.46118382,5532.46168039,2863.32102936,2863.29722492,0.03726830,293.45772205,0.01998491,0.01998491,36123,111,0
5532.61420693,5532.61485507,2870.66763105,2870.63652925,0.02316492,293.42727527,0.01998491,0.01998491,36122,111,0
5532.76830866,5532.76803821,2878.02216585,2878.03515682,0.07357566,293.39553152,0.01998491,0.01998491,36121,111,0
5532.92128008,5532.92122984,2885.38453996,2885.38695564,0.04363629,293.36294344,0.01998491,0.01998491,36120,111,0
5533.07429832,5533.07442994,2892.75466101,2892.74832565,0.07937388,293.32926884,0.01998491,0.01998491,36119,111,0
5533.22849832,5533.22763852,2900.13257594,2900.17400167,0.07973794,293.29424143,0.01998492,0.01998491,36118,111,0
5533.37972200,5533.38085558,2907.51855680,2907.46388229,0.05570637,293.25882019,0.01998491,0.01998491,36117,111,0
5533.53416756,5533.53408113,2914.91289777,2914.91707145,0.06463482,293.22154579,0.01998491,0.01998491,36116,111,0
5533.68718972,5533.68731515,2922.31589500,2922.30983201,0.07591026,293.18351508,0.01998491,0.01998491,36115,111,0
5533.83976239,5533.84055765,2929.72782161,2929.68933480,0.07452188,293.14450107,0.01998491,0.01998491,36114,111,0
5533.99328618,5533.99380864,2937.14866057,2937.12334773,0.05939142,293.10413653,0.01998491,0.01998491,36113,111,0
5534.14816065,5534.14706811,2944.57820578,2944.63119826,0.04075878,293.06228878,0.01998492,0.01998491,36112,111,0
5534.29910678,5534.30033606,2952.01624651,2951.95655831,0.05148360,293.02040977,0.01998491,0.01998491,36111,111,0
5534.45335526,5534.45361250,2959.46257055,2959.45006697,0.02766166,292.97649789,0.01998491,0.01998491,36110,111,0
5534.60744066,5534.60689742,2966.91705162,2966.94348390,0.05720794,292.93150275,0.01998491,0.01998491,36109,111,0
5534.76067808,5534.76019083,2974.37987682,2974.40361067,0.05697898,292.88563081,0.01998491,0.01998491,36108,111,0
nan,nan,0.00000000,-1.00000000,0.00000000,292.82504314,nan,0.00000000,-2147483648,111,1
5535.06732422,5535.06680311,2989.33159685,2989.35703729,0.04783038,292.79044771,0.01998491,0.01998491,36106,111,0
5535.22061923,5535.22012198,2996.82101009,2996.84531408,0.06488647,292.74116021,0.01998491,0.01998491,36105,111,0
5535.37433470,5535.37344935,3004.31965238,3004.36297717,0.04253399,292.69059012,0.01998492,0.01998491,36104,111,0
5535.52427075,5535.52678520,0.00000000,3011.71131330,0.05836541,292.64010427,0.01998490,0.01998491,36103,111,1
5535.67902111,5535.68012954,3019.34431811,3019.28995234,0.06156561,292.58694375,0.01998491,0.01998491,36102,111,0
5535.83303477,5535.83348237,3026.87017098,3026.84819226,0.06850172,292.53282146,0.01998491,0.01998491,36101,111,0
5535.98649009,5535.98684370,3034.40494559,3034.38756256,0.06164920,292.47773497,0.01998491,0.01998491,36100,111,0
5536.14008104,5536.14021352,3041.94872458,3041.94220483,0.06389485,292.42143554,0.01998491,0.01998491,36099,111,0
5536.29372951,5536.29359183,3049.50164793,3049.50843159,0.05664700,292.36394470,0.01998491,0.01998491,36098,111,0
5536.44660324,5536.44697864,3057.06385671,3057.04533795,0.07307689,292.30557707,0.01998491,0.01998491,36097,111,0
5536.59983590,5536.60037394,3064.63549080,3064.60891715,0.09062036,292.24589956,0.01998491,0.01998491,36096,111,0
5536.75467930,5536.75377774,3072.21651613,3072.26109610,0.05246511,292.18439816,0.01998492,0.01998491,36095,111,0
5536.90646109,5536.90719003,3079.80659739,3079.77051305,0.09283054,292.12294417,0.01998491,0.01998491,36094,111,0
5537.06047038,5537.06061082,3087.40536712,3087.39840745,0.05154502,292.05940502,0.01998491,0.01998491,36093,111,0
5537.21296136,5537.21404011,3095.01245513,3094.95894355,0.06841818,291.99531743,0.01998491,0.01998491,36092,111,0
5537.36819379,5537.36747790,3102.62755548,3102.66310272,0.08212064,291.92887609,0.01998492,0.01998491,36091,111,0
5537.52242265,5537.52092419,0.00000000,3110.32256552,0.03521170,291.86168312,0.01998492,0.01998491,36090,111,1
5537.67680922,5537.67437898,0.00000000,3118.00300859,0.07512104,291.79316761,0.01998492,0.01998491,36089,111,1
5537.82848508,5537.82784227,3125.52454129,3125.55656825,0.06971928,291.72467202,0.01998492,0.01998491,36088,111,0
5537.98076935,5537.98131406,3133.17587191,3133.14869773,0.07124257,291.65471548,0.01998491,0.01998491,36087,111,0
5538.13498454,5538.13479436,3140.83733889,3140.84683836,0.04040228,291.58264460,0.01998491,0.01998491,36086,111,0
5538.29080254,5538.28828316,0.00000000,3148.63688140,0.06611563,291.50854732,0.01998492,0.01998491,36085,111,1
5538.44308956,5538.44178046,3156.18976567,3156.25531220,0.05542358,291.43494790,0.01998492,0.01998491,36084,111,0
5538.59492985,5538.59528627,3163.88017930,3163.86231290,0.07644779,291.36033958,0.01998491,0.01998491,36083,111,0
5538.74817776,5538.74880058,3171.57973029,3171.54847461,0.02305823,291.28381884,0.01998491,0.01998491,36082,111,0
5538.90183630,5538.90232340,3179.28848427,3179.26401150,0.11170341,291.20585719,0.01998491,0.01998491,36081,111,0
5539.05631305,5539.05585473,3187.00665442,3187.02970848,0.05862630,291.12622680,0.01998492,0.01998491,36080,111,0
5539.20906774,5539.20939457,3194.73445638,3194.71799718,0.04049312,291.04624187,0.01998491,0.01998491,36079,111,0
5539.36049291,5539.36294291,0.00000000,3202.35088165,0.06513497,290.96570313,0.01998491,0.01998491,36078,111,1
5539.51482138,5539.51649976,0.00000000,3210.13702922,0.09877082,290.88238695,0.01998491,0.01998491,36077,111,1
5539.67154679,5539.67006513,0.00000000,3218.05365944,0.05530350,290.79647314,0.01998492,0.01998491,36076,111,1
5539.82427601,5539.82363900,3225.74398804,3225.77622331,0.05201058,290.71149820,0.01998492,0.01998491,36075,111,0
5539.97854919,5539.97722139,0.00000000,3233.58922909,0.08558987,290.62435507,0.01998492,0.01998491,36074,111,1
5540.13188584,5540.13081229,3241.30609456,3241.36054602,0.07213179,290.53650654,0.01998492,0.01998491,36073,111,0
5540.28546325,5540.28441170,3249.10125850,3249.15465613,0.05255333,290.44722797,0.01998492,0.01998491,36072,111,0
5540.43840509,5540.43801962,3256.90611242,3256.92570969,0.03652829,290.35704465,0.01998492,0.01998491,36071,111,0
5540.59264698,5540.59163606,3264.72089408,3264.77235321,0.08233472,290.26479995,0.01998492,0.01998491,36070,111,0
5540.74600655,5540.74526102,3272.54583791,3272.58383592,0.09530078,290.17178673,0.01998492,0.01998491,36069,111,0
5540.89859205,5540.89889449,3280.38104902,3280.36561492,0.03207318,290.07795474,0.01998491,0.01998491,36068,111,0
5541.05288988,5541.05253648,3288.22649365,3288.24455047,0.07982661,289.98175908,0.01998492,0.01998491,36067,111,0
5541.20788932,5541.20618699,0.00000000,3296.17586431,0.07322148,289.88371241,0.01998492,0.01998491,36066,111,1
5541.35923212,5541.35984602,3303.94791960,3303.91647505,0.07071212,289.78685125,0.01998491,0.01998491,36065,111,0
5541.51361770,5541.51351356,3311.82382199,3311.82916255,0.08457259,289.68664029,0.01998491,0.01998491,36064,111,0
5541.66756729,5541.66718963,3319.70981197,3319.72920377,0.06034194,289.58538277,0.01998492,0.01998491,36063,111,0
5541.82107794,5541.82087421,3327.60586540,3327.61633914,0.11939905,289.48308795,0.01998491,0.01998491,36062,111,0
5541.97489413,5541.97456732,3335.51195791,3335.52877979,0.09618314,289.37925746,0.01998492,0.01998491,36061,111,0
5542.12828173,5542.12826895,3343.42808373,3343.42874261,0.09997831,289.27438427,0.01998491,0.01998491,36060,111,0
5542.28269825,5542.28197910,3351.35441087,3351.39151845,0.05991219,289.16745740,0.01998492,0.01998491,36059,111,0
5542.43752488,5542.43569778,0.00000000,3359.39484615,0.04667619,289.05875207,0.01998492,0.01998491,36058,111,1
5542.58622929,5542.58942498,0.00000000,3367.08290120,0.06803762,288.95316409,0.01998490,0.01998491,36057,111,1
5542.74411737,5542.74316070,3375.19724034,3375.24679772,0.03924234,288.83979141,0.01998492,0.01998491,36056,111,0
5542.89469896,5542.89690496,0.00000000,3383.06068536,0.07323723,288.73007403,0.01998491,0.01998491,36055,111,1
5543.05153469,5543.05065774,3391.14725269,3391.19280009,0.07258244,288.61463654,0.01998492,0.01998491,36054,111,0
5543.20569078,5543.20441904,3399.13833943,3399.20447445,0.05224348,288.49966031,0.01998492,0.01998491,36053,111,0
5543.35768980,5543.35818888,3407.13985875,3407.11387297,0.11719619,288.38493650,0.01998491,0.01998491,36052,111,0
5543.51176592,5543.51196724,3415.15166429,3415.14116895,0.08396270,288.26726806,0.01998491,0.01998491,36051,111,0
5543.66554817,5543.66575414,3423.17382931,3423.16307865,0.05844818,288.14843627,0.01998491,0.01998492,36050,111,0
5543.81965383,5543.81954956,3431.20646993,3431.21191947,0.06304343,288.02795752,0.01998492,0.01998492,36049,111,0
5543.97339393,5543.97335352,3439.24970318,3439.25181808,0.10048744,287.90636475,0.01998492,0.01998492,36048,111,0
5544.12637608,5544.12716600,3447.30364954,3447.26226100,0.08107424,287.78397726,0.01998491,0.01998492,36047,111,0
5544.28123474,5544.28098703,3455.36844939,3455.38144523,0.12634505,287.65866529,0.01998492,0.01998492,36046,111,0
5544.43418707,5544.43481658,3463.44425263,3463.41118278,0.08542677,287.53348334,0.01998491,0.01998492,36045,111,0
5544.59040713,5544.58865467,0.00000000,3471.62510317,0.10930899,287.40414349,0.01998492,0.01998492,36044,111,1
5544.74334914,5544.74250129,3479.62946701,3479.67412663,0.06820115,287.27613815,0.01998492,0.01998492,36043,111,0
5544.89544130,5544.89635645,3487.73901837,3487.69074980,0.06354234,287.14740656,0.01998491,0.01998492,36042,111,0
5545.04991442,5545.05022015,3495.85972552,3495.84357911,0.07923370,287.01521717,0.01998491,0.01998492,36041,111,0
5545.20359575,5545.20409238,3503.99144358,3503.96518100,0.08728369,286.88226033,0.01998491,0.01998492,36040,111,0
5545.35628437,5545.35797315,0.00000000,3512.04149144,0.05602341,286.74878444,0.01998491,0.01998492,36039,111,1
5545.51239495,5545.51186247,3520.28732494,3520.31555432,0.08195194,286.61073699,0.01998492,0.01998492,36038,111,0
5545.66662920,5545.66576032,3528.45118667,3528.49730679,0.08069962,286.47293278,0.01998492,0.01998492,36037,111,0
5545.81983934,5545.81966671,3536.62545733,3536.63463161,0.06208322,286.33459794,0.01998492,0.01998492,36036,111,0
5545.97407123,5545.97358164,3544.80998145,3544.83603101,0.08209606,286.19388350,0.01998492,0.01998492,36035,111,0
5546.12867817,5546.12750511,3553.00481399,3553.06730664,0.04852523,286.05135420,0.01998492,0.01998492,36034,111,0
5546.28090859,5546.28143713,3561.21065425,3561.18245960,0.09931823,285.90955870,0.01998491,0.01998492,36033,111,0
5546.43658459,5546.43537769,3569.42832930,3569.49280336,0.10777105,285.76303892,0.01998492,0.01998492,36032,111,0
5546.58916771,5546.58932679,3577.65867305,3577.65016147,0.09869632,285.61792382,0.01998491,0.01998492,36031,111,0
5546.74502550,5546.74328444,0.00000000,3586.00938325,0.08477519,285.46788937,0.01998492,0.01998492,36030,111,1
5546.89653718,5546.89725064,3594.15873974,3594.12045342,0.10322802,285.32102385,0.01998491,0.01998492,36029,111,0
5547.05332107,5547.05122538,0.00000000,3602.55187105,0.08280045,285.16701651,0.01998492,0.01998492,36028,111,1
5547.20837265,5547.20520867,0.00000000,3610.88862440,0.09955685,285.01339420,0.01998493,0.01998492,36027,111,1
5547.35724852,5547.35920051,0.00000000,3618.90409836,0.10728885,284.86443215,0.01998491,0.01998492,36026,111,1
5547.51370266,5547.51320089,3627.29616233,3627.32322440,0.07872982,284.70663866,0.01998492,0.01998492,36025,111,0
5547.66760689,5547.66720983,3635.60820883,3635.62965469,0.08878969,284.54962237,0.01998492,0.01998492,36024,111,0
5547.82098754,5547.82122731,3643.93320265,3643.92023216,0.05210515,284.39158385,0.01998491,0.01998492,36023,111,0
5547.97564106,5547.97525335,3652.27221177,3652.29321977,0.10513018,284.23063429,0.01998492,0.01998492,36022,111,0
5548.12995961,5548.12928794,3660.62515668,3660.66160805,0.05840114,284.06842783,0.01998492,0.01998492,36021,111,0
5548.28083105,5548.28333108,0.00000000,3668.86825611,0.06213826,283.90805052,0.01998491,0.01998492,36020,111,1
5548.43886339,5548.43738277,0.00000000,3677.45914037,0.08534422,283.73877926,0.01998492,0.01998492,36019,111,1
5548.59353983,5548.59144302,0.00000000,3685.87950373,0.08768150,283.57149336,0.01998492,0.01998492,36018,111,1
5548.74283315,5548.74551182,0.00000000,3694.01804013,0.09243206,283.40851359,0.01998491,0.01998492,36017,111,1
5548.89857184,5548.89958918,3702.56901597,3702.51343908,0.09126621,283.23703208,0.01998491,0.01998492,36016,111,0
5549.05348388,5549.05367509,3710.99282528,3710.98236402,0.04365270,283.06470734,0.01998492,0.01998492,36015,111,0
5549.20803008,5549.20776956,3719.42983883,3719.44411403,0.07389267,282.89115526,0.01998492,0.01998492,36014,111,0
5549.36279957,5549.36187259,3727.88029045,3727.93116089,0.09831225,282.71570576,0.01998492,0.01998492,36013,111,0
5549.51438258,5549.51598418,0.00000000,3736.25553356,0.10179626,282.54227834,0.01998491,0.01998492,36012,111,1
5549.66942986,5549.67010433,3744.81947250,3744.78235504,0.07691818,282.36325686,0.01998492,0.01998492,36011,111,0
5549.82307855,5549.82423304,3753.30710482,3753.24348762,0.08472273,282.18423811,0.01998491,0.01998492,36010,111,0
5549.97756140,5549.97837030,3761.80633848,3761.76170525,0.08080924,282.00262696,0.01998491,0.01998492,36009,111,0
5550.13549399,5550.13251613,0.00000000,3770.47666479,0.09394001,281.81538387,0.01998493,0.01998492,36008,111,1
5550.28989190,5550.28667053,0.00000000,3779.01424787,0.07093557,281.63054250,0.01998493,0.01998492,36007,111,1
5550.44010058,5550.44083348,3787.37619538,3787.33558822,0.07829785,281.44904101,0.01998492,0.01998492,36006,111,0
5550.59619030,5550.59500500,0.00000000,3795.98796740,0.02961073,281.25891476,0.01998492,0.01998492,36005,111,1
5550.74750164,5550.74918508,0.00000000,3804.39106986,0.15526328,281.07289610,0.01998491,0.01998492,36004,111,1
5550.90297352,5550.90337373,3813.05912892,3813.03685913,0.07992405,280.88009653,0.01998492,0.01998492,36003,111,0
5551.05828702,5551.05757094,3821.64582973,3821.68573483,0.09150582,280.68579919,0.01998492,0.01998492,36002,111,0
5551.21235617,5551.21177672,3830.24551682,3830.27785461,0.07964382,280.49136217,0.01998492,0.01998492,36001,111,0
5551.37778266,5551.36599107,0.00000000,3839.52388142,0.02919447,280.28055287,0.01998496,0.01998492,36000,111,1
5551.52177863,5551.52021398,0.00000000,3847.58012795,0.13068957,280.09554024,0.01998492,0.01998492,35999,111,1
5551.67253878,5551.67444547,0.00000000,3856.02675694,0.08443894,279.90023255,0.01998491,0.01998492,35998,111,1
5551.82960557,5551.82868552,3864.77398363,3864.82563016,0.06064287,279.69533288,0.01998492,0.01998492,35997,111,0
5551.98247650,5551.98293414,3873.43930064,3873.41357132,0.10313026,279.49392159,0.01998492,0.01998492,35996,111,0
5552.13428797,5552.13719134,0.00000000,3881.97371375,0.09423461,279.29176325,0.01998491,0.01998492,35995,111,1
5552.29260138,5552.29145710,0.00000000,3890.89655551,0.10771279,279.07955308,0.01998492,0.01998492,35994,111,1
5552.44832835,5552.44573144,0.00000000,3899.68706157,0.10709760,278.86900727,0.01998493,0.01998492,35993,111,1
5552.60084505,5552.60001435,3908.24618596,3908.29319172,0.09632071,278.66145217,0.01998492,0.01998492,35992,111,0
5552.75288896,5552.75430583,0.00000000,3916.91772359,0.14670824,278.45203901,0.01998491,0.01998492,35991,111,1
5552.90636330,5552.90860589,0.00000000,3925.62016526,0.08284454,278.23929963,0.01998491,0.01998492,35990,111,1
5553.05935253,5553.06291453,0.00000000,3934.30822403,0.11005549,278.02547503,0.01998491,0.01998492,35989,111,1
5553.21315059,5553.21723173,0.00000000,3943.05548265,0.06869313,277.80874366,0.01998490,0.01998492,35988,111,1
5553.37009200,5553.37155752,0.00000000,3951.99529604,0.18868899,277.58573884,0.01998491,0.01998492,35987,111,1
5553.52583221,5553.52589188,3960.86947204,3960.86606363,0.09302415,277.36295568,0.01998492,0.01998492,35986,111,0
5553.68176225,5553.68023482,0.00000000,3969.79040828,0.17083334,277.13731911,0.01998492,0.01998492,35985,111,1
5553.83907104,5553.83458634,0.00000000,3978.79321026,0.08201056,276.90816712,0.01998493,0.01998492,35984,111,1
5553.98988908,5553.98894644,3987.38068315,3987.43476555,0.11927023,276.68676359,0.01998492,0.01998492,35983,111,0
5554.14236799,5554.14331512,3996.24258797,3996.18818334,0.07544148,276.46105013,0.01998492,0.01998492,35982,111,0
5554.29683947,5554.29769238,4005.11618176,4005.06712252,0.10422479,276.23061602,0.01998492,0.01998492,35981,111,0
5554.45113891,5554.45207822,4014.00331376,4013.94919945,0.10293554,275.99860578,0.01998491,0.01998492,35980,111,0
5554.60271563,5554.60647264,0.00000000,4022.70040997,0.12409609,275.76855245,0.01998491,0.01998492,35979,111,1
5554.75191052,5554.76087565,0.00000000,4031.31853933,0.08942554,275.54058050,0.01998489,0.01998492,35978,111,1
5554.91525045,5554.91528724,4040.76255632,4040.76042516,0.04202132,275.28920451,0.01998492,0.01998492,35977,111,0
5555.08556223,nan,0.00000000,4050.63946593,0.09289083,275.02438465,0.01998498,0.01998492,35976,111,1
5555.22793092,5555.22413617,0.00000000,4058.90391031,0.14958993,274.80142852,0.01998493,0.01998492,35975,111,1
5555.38161937,5555.37857352,0.00000000,4067.83913607,0.08737709,274.55892404,0.01998493,0.01998492,35974,111,1
5555.53457406,5555.53301945,0.00000000,4076.74586315,0.18963362,274.31569211,0.01998492,0.01998492,35973,111,1
5555.68667829,5555.68747397,4085.66231878,4085.61588334,0.08409844,274.07197403,0.01998492,0.01998492,35972,111,0
nan,nan,0.00000000,-1.00000000,0.00000000,273.81251397,nan,0.00000000,-2147483648,111,1
5516.18123726,nan,0.00000000,206.00000000,nan,276.37095649,0.01998512,0.01998491,36230,110,1
5516.41574086,5516.42536289,0.00000000,214.09672549,0.10220986,276.74602886,0.01998487,0.01998491,36228,110,1
5516.56860186,5516.57765169,0.00000000,219.37809251,0.15613785,276.99001274,0.01998487,0.01998491,36227,110,1
5516.56860186,5516.57765169,0.00000000,219.37809251,0.15613785,276.99001274,0.01998487,0.01998491,36227,110,1
nan,nan,0.00000000,-1.00000000,0.00000000,277.24914736,nan,0.00000000,-2147483648,110,1
5516.86681747,5516.88225449,0.00000000,229.68950228,0.31849690,277.46484545,0.01998485,0.01998491,36225,110,1
nan,nan,0.00000000,-1.00000000,0.00000000,277.89185458,nan,0.00000000,-2147483648,110,1
nan,nan,0.00000000,-1.00000000,0.00000000,277.98336646,nan,0.00000000,-2147483648,110,1
nan,nan,0.00000000,-1.00000000,0.00000000,278.07480247,nan,0.00000000,-2147483648,110,1
5517.36687339,nan,0.00000000,247.00384388,0.22732428,278.25762229,0.01998556,0.01998491,36223,110,1
nan,nan,0.00000000,-1.00000000,0.00000000,278.93966104,nan,0.00000000,-2147483648,110,1
nan,nan,0.00000000,-1.00000000,0.00000000,279.07559179,nan,0.00000000,-2147483648,110,1
5518.12248411,nan,0.00000000,273.22384799,0.13796381,279.44734108,0.01998498,0.01998491,36217,110,1
5518.41614069,5518.40577257,0.00000000,283.43251437,0.18862234,279.90702728,0.01998494,0.01998491,36215,110,1
5518.55667027,5518.55817061,288.35483788,288.30262828,0.20282722,280.12562731,0.01998490,0.01998491,36214,110,0
5518.72141132,5518.71057705,0.00000000,294.05606230,0.23002670,280.38329642,0.01998495,0.01998491,36213,110,1
5518.86270760,5518.86299190,298.96814867,298.95824436,0.01717925,280.60234661,0.01998490,0.01998491,36212,110,0
5519.01190652,5519.01541516,0.00000000,304.17599093,0.14507698,280.83499678,0.01998489,0.01998491,36211,110,1
nan,nan,0.00000000,-1.00000000,0.00000000,281.04963149,nan,0.00000000,-2147483648,110,1
5519.30472238,5519.32028692,0.00000000,314.38723363,0.05977816,281.28880406,0.01998485,0.01998491,36209,110,1
5519.45804403,5519.47273541,0.00000000,319.73815887,0.10427903,281.52581974,0.01998485,0.01998491,36208,110,1
5519.61903371,5519.62519232,0.00000000,325.35981589,0.25071398,281.77424231,0.01998488,0.01998491,36207,110,1
nan,nan,0.00000000,-1.00000000,0.00000000,282.02288118,nan,0.00000000,-2147483648,110,1
5519.91906539,5519.93013137,0.00000000,335.84527395,0.53974702,282.23599581,0.01998487,0.01998491,36205,110,1
5520.22680815,5520.23510408,0.00000000,346.61180344,0.28486959,282.70795693,0.01998488,0.01998491,36203,110,1
5520.22680815,5520.23510408,0.00000000,346.61180344,0.28486959,282.70795693,0.01998488,0.01998491,36203,110,1
5520.39197122,5520.38760305,0.00000000,352.39496604,0.07308960,282.96055966,0.01998492,0.01998491,36202,110,1
5520.55210876,5520.54011045,0.00000000,358.00540500,0.25754197,283.20501172,0.01998495,0.01998491,36201,110,1
5520.69588902,5520.69262626,0.00000000,363.04549083,0.05652427,283.42410384,0.01998492,0.01998491,36200,110,1
5520.85009417,5520.84515049,0.00000000,368.45388417,0.04592332,283.65867029,0.01998493,0.01998491,36199,110,1
5521.00460539,5520.99768314,0.00000000,373.87599919,0.03387351,283.89327487,0.01998493,0.01998491,36198,110,1
5521.15212137,5521.15022421,0.00000000,379.05543163,0.31169088,284.11685824,0.01998491,0.01998491,36197,110,1
5521.31663686,5521.30277370,0.00000000,384.83495974,0.17075214,284.36574551,0.01998496,0.01998491,36196,110,1
5521.45510659,5521.45533161,389.70428655,389.69637443,0.20198402,284.57460486,0.01998491,0.01998491,36195,110,0
5521.60677692,5521.60789795,395.07016869,395.03073093,0.20603260,284.80326719,0.01998490,0.01998491,36194,110,0
5521.74719713,5521.76047270,0.00000000,399.97694893,0.09916922,285.01480927,0.01998486,0.01998491,36193,110,1
5521.89580966,5521.91305588,0.00000000,405.20881072,0.00773139,285.23806280,0.01998485,0.01998491,36192,110,1
nan,nan,0.00000000,-1.00000000,0.00000000,285.44205650,nan,0.00000000,-2147483648,110,1
5522.21183415,5522.21824751,0.00000000,416.34367685,0.18427116,285.71148020,0.01998488,0.01998491,36190,110,1
5522.36826860,5522.37085597,0.00000000,421.86021728,0.15841098,285.94515380,0.01998490,0.01998491,36189,110,1
5522.52994080,5522.52347285,0.00000000,427.56474147,0.14926593,286.18618298,0.01998493,0.01998491,36188,110,1
5522.68378573,5522.67609815,0.00000000,432.99618398,0.13935261,286.41510011,0.01998494,0.01998491,36187,110,1
5522.82219432,5522.82873189,0.00000000,437.88523987,0.22888706,286.62067883,0.01998488,0.01998491,36186,110,1
5522.98274713,5522.98137405,443.51089993,443.55944971,0.09814313,286.85870374,0.01998491,0.01998491,36185,110,0
5523.12914483,5523.13402465,0.00000000,448.73652890,0.23281745,287.07534185,0.01998489,0.01998491,36184,110,1
5523.28805924,5523.28668367,454.31212532,454.36081736,0.08244607,287.31011744,0.01998491,0.01998491,36183,110,0
5523.43980244,5523.43935112,459.71770772,459.73369230,0.10419454,287.53383774,0.01998491,0.01998491,36182,110,0
5523.59055284,5523.59202701,465.12660624,465.07436605,0.07332739,287.75567446,0.01998490,0.01998491,36181,110,0
5523.74085643,5523.74471133,0.00000000,470.39789653,0.04428430,287.97626055,0.01998489,0.01998491,36180,110,1
nan,nan,0.00000000,-1.00000000,0.00000000,288.16652023,nan,0.00000000,-2147483648,110,1
5524.03974528,5524.05010526,0.00000000,480.99948526,0.16553488,288.41394697,0.01998487,0.01998491,36178,110,1
5524.03974528,5524.05010526,0.00000000,480.99948526,0.16553488,288.41394697,0.01998487,0.01998491,36178,110,1
5524.20391359,5524.20281488,486.79540433,486.83442642,0.08249090,288.65393262,0.01998491,0.01998491,36177,110,0
5524.37079505,5524.35553294,0.00000000,492.75538404,0.08058154,288.89679573,0.01998496,0.01998491,36176,110,1
5524.50297014,5524.50825943,0.00000000,497.45304380,0.10944920,289.08900897,0.01998489,0.01998491,36175,110,1
5524.67034029,5524.66099436,0.00000000,503.40485620,0.05065855,289.33193683,0.01998494,0.01998491,36174,110,1
5524.81587135,5524.81373772,0.00000000,508.58303684,0.13556252,289.54274156,0.01998492,0.01998491,36173,110,1
5524.97401263,5524.96648953,0.00000000,514.21305711,0.14765231,289.77136349,0.01998494,0.01998491,36172,110,1
5525.12063830,5525.11924977,519.39511779,519.44458561,0.09002338,289.98326455,0.01998491,0.01998491,36171,110,0
5525.26714663,5525.27201845,0.00000000,524.65768415,0.10633791,290.19390255,0.01998489,0.01998491,36170,110,1
5525.41476095,5525.42479558,0.00000000,529.92160572,0.14661777,290.40607088,0.01998487,0.01998491,36169,110,1
5525.57241986,5525.57758114,0.00000000,535.54689865,0.02300246,290.63222356,0.01998489,0.01998491,36168,110,1
nan,nan,0.00000000,-1.00000000,0.00000000,290.89091703,nan,0.00000000,-2147483648,110,1
5525.88518949,5525.88317760,0.00000000,546.71631642,0.12596688,291.07948607,0.01998492,0.01998491,36166,110,1
5526.03322028,5526.03598849,0.00000000,552.00722425,0.08926892,291.29052626,0.01998490,0.01998491,36165,110,1
5526.18750217,5526.18880783,557.57662888,557.52991419,0.15264499,291.51024504,0.01998491,0.01998491,36164,110,0
5526.33903464,5526.34163561,0.00000000,562.94687305,0.03297963,291.72519511,0.01998490,0.01998491,36163,110,1
5526.49142446,5526.49447184,0.00000000,568.40285569,0.01567886,291.94113086,0.01998490,0.01998491,36162,110,1
5526.64564604,5526.64731651,573.99644006,573.93656768,0.12881701,292.15956599,0.01998490,0.01998491,36161,110,0
5526.79976941,5526.80016964,579.47635814,579.46200606,0.05446684,292.37709478,0.01998491,0.01998491,36160,110,0
5526.94992163,5526.95303121,0.00000000,584.83712201,0.11198860,292.58814968,0.01998490,0.01998491,36159,110,1
5527.10389025,5527.10590122,0.00000000,590.36228106,0.28247276,292.80452464,0.01998490,0.01998491,36158,110,1
5527.25555280,5527.25877969,0.00000000,595.80781480,0.23905023,293.01721452,0.01998490,0.01998491,36157,110,1
5527.40110434,5527.41166661,0.00000000,601.03685359,0.03257122,293.22091902,0.01998487,0.01998491,36156,110,1
5527.56382831,5527.56456198,606.92026445,606.89388870,0.11083809,293.44847192,0.01998491,0.01998491,36155,110,0
5527.71749543,5527.71746580,612.41890298,612.41996863,0.14171118,293.66256998,0.01998491,0.01998491,36154,110,0
5527.87241656,5527.87037807,0.00000000,617.98878532,0.07191568,293.87773757,0.01998492,0.01998491,36153,110,1
5528.02199841,5528.02329880,623.42774887,623.38090824,0.08787405,294.08551729,0.01998491,0.01998491,36152,110,0
5528.17283153,5528.17622798,0.00000000,628.80974843,0.12002902,294.29415449,0.01998490,0.01998491,36151,110,1
5528.32955587,5528.32916562,634.45226629,634.46634092,0.04196698,294.51094952,0.01998491,0.01998491,36150,110,0
5528.47977778,5528.48211171,0.00000000,639.87871588,0.17919642,294.71781621,0.01998490,0.01998491,36149,110,1
5528.63308362,5528.63506626,0.00000000,645.41200651,0.06840485,294.92872975,0.01998490,0.01998491,36148,110,1
5528.78631454,5528.78802926,651.01542150,650.95347852,0.03742798,295.13937282,0.01998490,0.01998491,36147,110,0
5528.94393909,5528.94100072,0.00000000,656.64168780,0.09079507,295.35498759,0.01998492,0.01998491,36146,110,1
5529.08835069,5529.09398064,0.00000000,661.86310500,0.20324594,295.55236783,0.01998489,0.01998491,36145,110,1
5529.25442209,5529.24696902,0.00000000,667.87123052,0.20613453,295.77884707,0.01998494,0.01998491,36144,110,1
5529.39444112,5529.39996586,0.00000000,672.93980379,0.10340552,295.96937669,0.01998489,0.01998491,36143,110,1
5529.55453264,5529.55297116,678.68423158,678.74079376,0.03493947,296.18683982,0.01998492,0.01998491,36142,110,0
5529.70379739,5529.70598492,0.00000000,684.14790256,0.06084851,296.38896238,0.01998490,0.01998491,36141,110,1
5529.85426532,5529.85900715,0.00000000,689.60423280,0.01346549,296.59236242,0.01998489,0.01998491,36140,110,1
5530.01086140,5530.01203783,695.33008040,695.28737870,0.10567303,296.80361692,0.01998491,0.01998491,36139,110,0
5530.16203245,5530.16507698,0.00000000,700.77446440,0.17936195,297.00700185,0.01998490,0.01998491,36138,110,1
5530.31995853,5530.31812460,706.44743903,706.51409033,0.08684575,297.21913600,0.01998492,0.01998491,36137,110,0
5530.47014063,5530.47118068,712.01160709,711.97378680,0.14388881,297.42034386,0.01998491,0.01998491,36136,110,0
5530.62769233,5530.62424523,0.00000000,717.70058166,0.04677534,297.63078727,0.01998492,0.01998491,36135,110,1
5530.77272611,5530.77731824,0.00000000,722.97860230,0.06703165,297.82418833,0.01998489,0.01998491,36134,110,1
5530.93058746,5530.93039972,728.72359537,728.73043264,0.06237970,298.03434903,0.01998491,0.01998491,36133,110,0
5531.07929091,5531.08348967,0.00000000,734.14479038,0.06372497,298.23160543,0.01998490,0.01998491,36132,110,1
5531.23599173,5531.23658808,739.88067336,739.85893116,0.08294790,298.43918012,0.01998491,0.01998491,36131,110,0
5531.38669072,5531.38969497,0.00000000,745.35477344,0.05864777,298.63824014,0.01998490,0.01998491,36130,110,1
5531.53963027,5531.54281033,0.00000000,750.93704495,0.08483232,298.83984380,0.01998490,0.01998491,36129,110,1
5531.69529287,5531.69593416,756.64303615,756.61961193,0.06982738,299.04446215,0.01998491,0.01998491,36128,110,0
5531.85044019,5531.84906646,762.23832262,762.28853407,0.03853678,299.24797850,0.01998492,0.01998491,36127,110,0
5532.00246369,5532.00220723,767.83761250,767.84699236,0.14297316,299.44693692,0.01998491,0.01998491,36126,110,0
5532.15710751,5532.15535648,773.44082161,773.50490649,0.01120411,299.64885301,0.01998492,0.01998491,36125,110,0
5532.30659671,5532.30851420,0.00000000,778.98165538,0.06825606,299.84372507,0.01998490,0.01998491,36124,110,1
5532.45925132,5532.46168039,0.00000000,784.57365064,0.04269862,300.04211040,0.01998490,0.01998491,36123,110,1
5532.61741018,5532.61485507,0.00000000,790.37082267,0.08392384,300.24714812,0.01998492,0.01998491,36122,110,1
5532.77217563,5532.76803821,0.00000000,796.04711367,0.07640031,300.44729240,0.01998493,0.01998491,36121,110,1
5532.92013053,5532.92122984,801.51279651,801.47244382,0.02813844,300.63801627,0.01998491,0.01998491,36120,110,0
5533.07389465,5533.07442994,807.13806383,807.11840293,0.13999285,300.83590299,0.01998491,0.01998491,36119,110,0
5533.22987659,5533.22763852,0.00000000,812.85442369,0.22733150,301.03632671,0.01998492,0.01998491,36118,110,1
5533.38167346,5533.38085558,818.39967621,818.42975257,0.13875112,301.23053715,0.01998491,0.01998491,36117,110,0
5533.53500019,5533.53408113,824.03611106,824.06992950,0.14498885,301.42640615,0.01998491,0.01998491,36116,110,0
5533.68629026,5533.68731515,829.67635647,829.63862079,0.11249671,301.61920026,0.01998491,0.01998491,36115,110,0
5533.83649166,5533.84055765,0.00000000,835.17710919,0.05042256,301.81036488,0.01998490,0.01998491,36114,110,1
5533.99613804,5533.99380864,0.00000000,841.06086586,0.07247991,302.01280884,0.01998492,0.01998491,36113,110,1
5534.14481003,5534.14706811,0.00000000,846.54353534,0.06891903,302.20086104,0.01998490,0.01998491,36112,110,1
5534.29973894,5534.30033606,852.27554236,852.25350203,0.08558702,302.39610286,0.01998491,0.01998491,36111,110,0
5534.45292345,5534.45361250,857.93486210,857.90941325,0.06475287,302.58888623,0.01998491,0.01998491,36110,110,0
5534.60620579,5534.60689742,863.59798254,863.57242216,0.03833067,302.78130318,0.01998491,0.01998491,36109,110,0
5534.75677933,5534.76019083,0.00000000,869.14589887,0.05677698,302.97008364,0.01998490,0.01998491,36108,110,1
5534.91556936,5534.91349273,874.93588388,875.01272785,0.08415609,303.16816328,0.01998492,0.01998491,36107,110,0
5535.06650023,5535.06680311,880.61087199,880.59965652,0.06125447,303.35618540,0.01998491,0.01998491,36106,110,0
5535.21988465,5535.22012198,886.29002513,886.28123092,0.10332608,303.54678509,0.01998491,0.01998491,36105,110,0
5535.37476913,5535.37344935,891.97344887,892.02238709,0.10106552,303.73876113,0.01998492,0.01998491,36104,110,0
5535.52546571,5535.52678520,897.66124354,897.61228154,0.08783135,303.92507804,0.01998491,0.01998491,36103,110,0
5535.67553936,5535.68012954,0.00000000,903.18388140,0.07473533,304.11019494,0.01998490,0.01998491,36102,110,1
5535.83349636,5535.83348237,909.04958866,909.05010833,0.07884480,304.30446402,0.01998491,0.01998491,36101,110,0
5535.98700580,5535.98684370,914.74970942,914.75573607,0.06289646,304.49278795,0.01998491,0.01998491,36100,110,0
5536.14010748,5536.14021352,920.45350238,920.44955759,0.05951539,304.68010615,0.01998491,0.01998491,36099,110,0
5536.28883599,5536.29359183,0.00000000,925.97571840,0.11497010,304.86132006,0.01998490,0.01998491,36098,110,1
5536.45228273,5536.44697864,0.00000000,932.05946956,0.10631404,305.06014808,0.01998493,0.01998491,36097,110,1
5536.59842379,5536.60037394,937.58492317,937.51226451,0.04850934,305.23775823,0.01998491,0.01998491,36096,110,0
5536.75618157,5536.75377774,0.00000000,943.38187303,0.05089399,305.42831417,0.01998492,0.01998491,36095,110,1
5536.90526758,5536.90719003,0.00000000,948.94154170,0.03079676,305.60820484,0.01998491,0.01998491,36094,110,1
5537.05767135,5537.06061082,0.00000000,954.62844776,0.14698330,305.79160538,0.01998490,0.01998491,36093,110,1
5537.21309385,5537.21404011,960.47644108,960.44109649,0.04343912,305.97842662,0.01998491,0.01998491,36092,110,0
5537.36676046,5537.36747790,966.20967779,966.18286078,0.06231792,306.16233989,0.01998491,0.01998491,36091,110,0
5537.52413928,5537.52092419,0.00000000,972.05671879,0.07000288,306.34983662,0.01998492,0.01998491,36090,110,1
5537.67344341,5537.67437898,977.68927571,977.65425701,0.05982262,306.52790359,0.01998491,0.01998491,36089,110,0
5537.82598480,5537.82784227,0.00000000,983.35219580,0.13348456,306.70855356,0.01998491,0.01998491,36088,110,1
5537.97930098,5537.98131406,989.18519951,989.10975555,0.10679524,306.89046773,0.01998491,0.01998491,36087,110,0
5538.13558225,5538.13479436,994.93882714,994.96837177,0.05957353,307.07492888,0.01998492,0.01998491,36086,110,0
5538.28879961,5538.28828316,1000.69599131,1000.71536801,0.07285677,307.25524254,0.01998492,0.01998491,36085,110,0
5538.44197290,5538.44178046,1006.45665325,1006.46387747,0.04560392,307.43497641,0.01998492,0.01998491,36084,110,0
5538.59109776,5538.59528627,0.00000000,1012.04708801,0.08196289,307.60894148,0.01998490,0.01998491,36083,110,1
5538.74979543,5538.74880058,1017.98900266,1018.02639413,0.10842370,307.79459210,0.01998492,0.01998491,36082,110,0
5538.90056454,5538.90232340,1023.76097258,1023.69482405,0.08098312,307.96996364,0.01998491,0.01998491,36081,110,0
5539.05575378,5539.05585473,1029.53699525,1029.53319611,0.02787653,308.14995521,0.01998491,0.01998491,36080,110,0
5539.20798784,5539.20939457,1035.31720954,1035.26423356,0.08712041,308.32600837,0.01998491,0.01998491,36079,110,0
5539.36326718,5539.36294291,1041.10165224,1041.11387234,0.06265407,308.50506184,0.01998492,0.01998491,36078,110,0
5539.51478719,5539.51649976,1046.89024856,1046.82566913,0.06916522,308.67926922,0.01998491,0.01998491,36077,110,0
5539.66734872,5539.67006513,0.00000000,1052.56610356,0.05462761,308.85372599,0.01998490,0.01998491,36076,110,1
5539.82478763,5539.82363900,1058.47957874,1058.52294755,0.07345752,309.03409822,0.01998492,0.01998491,36075,110,0
5539.98024196,5539.97722139,0.00000000,1064.38036333,0.09574907,309.21080288,0.01998492,0.01998491,36074,110,1
5540.12948535,5540.13081229,1070.08455288,1070.03439121,0.05539820,309.38075398,0.01998491,0.01998491,36073,110,0
5540.28724886,5540.28441170,0.00000000,1075.98752775,0.04767641,309.55903988,0.01998492,0.01998491,36072,110,1
5540.44007737,5540.43801962,0.00000000,1081.77120997,0.06097300,309.73160655,0.01998492,0.01998491,36071,110,1
5540.61046788,nan,0.00000000,1088.22392878,0.06258349,309.92338561,0.01998554,0.01998491,36071,110,1
nan,nan,0.00000000,-1.00000000,0.00000000,310.06482452,nan,0.00000000,-2147483648,110,1
5540.89814231,5540.89889449,1099.16445644,1099.13593430,0.07363930,310.24589892,0.01998491,0.01998491,36068,110,0
5541.05222049,5541.05253648,1104.99227686,1104.98028702,0.05611149,310.41770395,0.01998491,0.01998491,36067,110,0
5541.20735962,5541.20618699,1110.82419441,1110.86871734,0.01907072,310.59014888,0.01998492,0.01998491,36066,110,0
5541.36091949,5541.35984602,1116.66034962,1116.70113555,0.09727043,310.76030454,0.01998492,0.01998491,36065,110,0
5541.51494709,5541.51351356,1122.50088459,1122.55538921,0.04261843,310.93044776,0.01998492,0.01998491,36064,110,0
5541.66749393,5541.66718963,1128.34594204,1128.35752054,0.09186235,311.09843412,0.01998492,0.01998491,36063,110,0
5541.81889572,5541.82087421,0.00000000,1134.12182620,0.06533862,311.26469241,0.01998491,0.01998491,36062,110,1
5541.97293594,5541.97456732,1140.05017487,1139.98800875,0.05659831,311.43324144,0.01998491,0.01998491,36061,110,0
5542.12575199,5542.12826895,0.00000000,1145.81451747,0.08766036,311.60000381,0.01998491,0.01998491,36060,110,1
5542.28115251,5542.28197910,1151.77303083,1151.74148769,0.03805577,311.76898021,0.01998491,0.01998491,36059,110,0
5542.43721263,5542.43569778,1157.64092990,1157.69877500,0.10626560,311.93814885,0.01998492,0.01998491,36058,110,0
5542.58853172,5542.58942498,1163.51284235,1163.47871235,0.03853355,312.10163729,0.01998491,0.01998491,36057,110,0
5542.74214160,5542.74316070,1169.38854148,1169.34958105,0.08595649,312.26704843,0.01998491,0.01998491,36056,110,0
5542.89731864,5542.89690496,1175.26784955,1175.28367370,0.06159022,312.43357588,0.01998492,0.01998491,36055,110,0
5543.05091108,5543.05065774,1181.15089444,1181.16059124,0.09678590,312.59783990,0.01998492,0.01998491,36054,110,0
5543.20404165,5543.20441904,1187.03792052,1187.02346667,0.01994968,312.76105802,0.01998491,0.01998491,36053,110,0
5543.35765786,5543.35818888,1192.92917346,1192.90882218,0.03096917,312.92424557,0.01998491,0.01998491,36052,110,0
5543.51118191,5543.51196724,1198.82490001,1198.79478028,0.10004831,313.08679209,0.01998491,0.01998491,36051,110,0
5543.66481027,5543.66575414,1204.72534794,1204.68912022,0.04953507,313.24891090,0.01998491,0.01998492,36050,110,0
5543.82022483,5543.81954956,1210.63069407,1210.65663253,0.06225900,313.41237025,0.01998492,0.01998492,36049,110,0
5543.97359010,5543.97335352,1216.54084382,1216.54993827,0.00716054,313.57313339,0.01998492,0.01998492,36048,110,0
5544.12783821,5544.12716600,1222.45563791,1222.48149647,0.07748011,313.73427415,0.01998492,0.01998492,36047,110,0
5544.28189679,5544.28098703,1228.37491640,1228.40993747,0.02225316,313.89466273,0.01998492,0.01998492,36046,110,0
5544.43320338,5544.43481658,1234.29851861,1234.23637815,0.10797055,314.05164158,0.01998491,0.01998492,36045,110,0
5544.59005692,5544.58865467,1240.22628350,1240.28033306,0.06150245,314.21379970,0.01998492,0.01998492,36044,110,0
5544.74241213,5544.74250129,1246.15812208,1246.15468316,0.05129778,314.37074270,0.01998492,0.01998492,36043,110,0
5544.89677806,5544.89635645,1252.09410564,1252.11037710,0.05530862,314.52919006,0.01998492,0.01998492,36042,110,0
5545.04974357,5545.05022015,1258.03432728,1258.01592190,0.09843906,314.68563823,0.01998491,0.01998492,36041,110,0
5545.20283891,5545.20409238,1263.97888050,1263.93043864,0.06623885,314.84166038,0.01998491,0.01998492,36040,110,0
5545.35809765,5545.35797315,1269.92785922,1269.93267385,0.04324054,314.99931746,0.01998492,0.01998492,36039,110,0
5545.51258783,5545.51186247,1275.88135631,1275.90942859,0.02487527,315.15562555,0.01998492,0.01998492,36038,110,0
5545.66757037,5545.66576032,0.00000000,1281.91013942,0.07552666,315.31187782,0.01998492,0.01998492,36037,110,1
5545.82062411,5545.81966671,1287.80200482,1287.83910944,0.05914716,315.46559053,0.01998492,0.01998492,36036,110,0
5545.97338991,5545.97358164,1293.76910357,1293.76166791,0.06746639,315.61847064,0.01998492,0.01998492,36035,110,0
5546.12779674,5546.12750511,1299.74068053,1299.75199819,0.04815028,315.77242266,0.01998492,0.01998492,36034,110,0
5546.28316198,5546.28143713,1305.71670697,1305.78369304,0.07318215,315.92674933,0.01998492,0.01998492,36033,110,0
5546.43519815,5546.43537769,1311.69715358,1311.69017641,0.10603006,316.07720291,0.01998492,0.01998492,36032,110,0
5546.58885386,5546.58932679,1317.68198574,1317.66359403,0.01540336,316.22868776,0.01998491,0.01998492,36031,110,0
5546.74339153,5546.74328444,1323.67116516,1323.67533248,0.06746271,316.38046038,0.01998492,0.01998492,36030,110,0
5546.89642834,5546.89725064,1329.66465326,1329.63263283,0.06070500,316.53018171,0.01998491,0.01998492,36029,110,0
5547.05058149,5547.05122538,1335.66241133,1335.63732196,0.06761284,316.68041211,0.01998491,0.01998492,36028,110,0
5547.20391526,5547.20520867,1341.66440044,1341.61396977,0.07945463,316.82926110,0.01998491,0.01998492,36027,110,0
5547.35891536,5547.35920051,1347.67060391,1347.65947870,0.09024563,316.97913506,0.01998492,0.01998492,36026,110,0
5547.51424527,5547.51320089,1353.68112443,1353.72189970,0.03266116,317.12873140,0.01998492,0.01998492,36025,110,0
5547.66695181,5547.66720983,1359.69610478,1359.68602425,0.09127043,317.27522120,0.01998492,0.01998492,36024,110,0
5547.82173294,5547.82122731,1365.71568839,1365.73545733,0.05908247,317.42311635,0.01998492,0.01998492,36023,110,0
5547.97498735,5547.97525335,1371.74001937,1371.72961156,0.07141958,317.56897468,0.01998492,0.01998492,36022,110,0
5548.12962127,5548.12928794,1377.76924214,1377.78229467,0.06692684,317.71556495,0.01998492,0.01998492,36021,110,0
5548.28198990,5548.28333108,1383.80342969,1383.75087338,0.05546861,317.85943709,0.01998491,0.01998492,36020,110,0
5548.43693021,5548.43738277,1389.84248893,1389.82474158,0.07621163,318.00515279,0.01998492,0.01998492,36019,110,0
5548.59151897,5548.59144302,1395.88630296,1395.88928377,0.07010084,318.14994586,0.01998492,0.01998492,36018,110,0
5548.74593717,5548.74551182,1401.93475432,1401.95145871,0.07057676,318.29398446,0.01998492,0.01998492,36017,110,0
5548.89983246,5548.89958918,1407.98772500,1407.99728556,0.05889994,318.43693963,0.01998492,0.01998492,36016,110,0
5549.05382666,5549.05367509,1414.04509921,1414.05105963,0.03030084,318.57938729,0.01998492,0.01998492,36015,110,0
5549.20913444,5549.20776956,1420.10682471,1420.16053370,0.07433376,318.72244007,0.01998492,0.01998492,36014,110,0
5549.36088100,5549.36187259,1426.17291389,1426.13386797,0.07072743,318.86161991,0.01998491,0.01998492,36013,110,0
5549.51494458,5549.51598418,1432.24338206,1432.20241849,0.06079622,319.00232450,0.01998491,0.01998492,36012,110,0
5549.67017238,5549.67010433,1438.31824456,1438.32092779,0.05700878,319.14347948,0.01998492,0.01998492,36011,110,0
5549.82568329,5549.82423304,1444.39751681,1444.45473814,0.08115110,319.28427394,0.01998492,0.01998492,36010,110,0
5549.97861019,5549.97837030,1450.48123511,1450.49070668,0.07772389,319.42212514,0.01998492,0.01998492,36009,110,0
5550.13165356,5550.13251613,1456.56957639,1456.53549481,0.08455250,319.55948445,0.01998491,0.01998492,36008,110,0
5550.28753164,5550.28667053,1462.66277649,1462.69682647,0.06174690,319.69877802,0.01998492,0.01998492,36007,110,0
5550.44333905,5550.44083348,0.00000000,1468.86800926,0.04497926,319.83757173,0.01998493,0.01998492,36006,110,1
5550.59492560,5550.59500500,1474.86470281,1474.86155794,0.04008964,319.97167811,0.01998492,0.01998492,36005,110,0
5550.75006216,5550.74918508,1480.97390591,1481.00867463,0.06226826,320.10851204,0.01998492,0.01998492,36004,110,0
5550.90272496,5550.90337373,1487.08875458,1487.06301480,0.04363224,320.24257942,0.01998491,0.01998492,36003,110,0
5551.05751530,5551.05757094,1493.20893359,1493.20672424,0.07090069,320.37791428,0.01998492,0.01998492,36002,110,0
5551.21159502,5551.21177672,1499.33407118,1499.32685134,0.04990795,320.51201706,0.01998492,0.01998492,36001,110,0
5551.36410884,5551.36599107,0.00000000,1505.38947134,0.08158162,320.64415851,0.01998491,0.01998492,36000,110,1
5551.52103496,5551.52021398,1511.59772643,1511.63038891,0.09335963,320.77945713,0.01998492,0.01998492,35999,110,0
5551.67676005,5551.67444547,0.00000000,1517.82652435,0.05915184,320.91305326,0.01998493,0.01998492,35998,110,1
5551.82784105,5551.82868552,1523.87717121,1523.84353518,0.02532060,321.04208954,0.01998491,0.01998492,35997,110,0
5551.98241167,5551.98293414,1530.02302763,1530.00220352,0.07135533,321.17345175,0.01998492,0.01998492,35996,110,0
5552.13617458,5552.13719134,1536.17342254,1536.13286883,0.08768357,321.30350136,0.01998491,0.01998492,35995,110,0
5552.29315871,5552.29145710,1542.32869716,1542.39661862,0.06138787,321.43563698,0.01998492,0.01998492,35994,110,0
5552.44597008,5552.44573144,1548.48919435,1548.49872779,0.09019703,321.56364632,0.01998492,0.01998492,35993,110,0
5552.59975498,5552.60001435,1554.65517725,1554.64480720,0.06131012,321.69186334,0.01998492,0.01998492,35992,110,0
5552.75487169,5552.75430583,1560.82655845,1560.84920083,0.04319932,321.82056937,0.01998492,0.01998492,35991,110,0
5552.90882722,5552.90860589,1567.00315496,1567.01201786,0.06092789,321.94768929,0.01998492,0.01998492,35990,110,0
5553.06301290,5553.06291453,1573.18478292,1573.18872531,0.07994936,322.07437209,0.01998492,0.01998492,35989,110,0
5553.21786858,5553.21723173,1579.37125758,1579.39679731,0.06854608,322.20096818,0.01998492,0.01998492,35988,110,0
5553.37111696,5553.37155752,1585.56239684,1585.54471664,0.06493479,322.32561641,0.01998492,0.01998492,35987,110,0
5553.52643787,5553.52589188,1591.75815183,1591.78007839,0.03716322,322.45130441,0.01998492,0.01998492,35986,110,0
5553.68026103,5553.68023482,1597.95864538,1597.95969861,0.03871817,322.57514042,0.01998492,0.01998492,35985,110,0
5553.83474186,5553.83458634,1604.16401216,1604.17026666,0.04592738,322.69886600,0.01998492,0.01998492,35984,110,0
5553.98786942,5553.98894644,1610.37438750,1610.33103918,0.05353037,322.82087594,0.01998491,0.01998492,35983,110,0
5554.14422870,5554.14331512,1616.58990735,1616.62670652,0.08061702,322.94481281,0.01998492,0.01998492,35982,110,0
5554.29676912,5554.29769238,1622.81068531,1622.77346721,0.06546724,323.06509217,0.01998491,0.01998492,35981,110,0
5554.45073458,5554.45207822,1629.03669498,1628.98248846,0.05100593,323.18586145,0.01998491,0.01998492,35980,110,0
5554.60605515,5554.60647264,1635.26785690,1635.25100108,0.04247874,323.30704526,0.01998492,0.01998492,35979,110,0
5554.76153606,5554.76087565,1641.50409105,1641.53077454,0.05163024,323.42769862,0.01998492,0.01998492,35978,110,0
5554.91608381,5554.91528724,1647.74531706,1647.77752570,0.05448706,323.54697458,0.01998492,0.01998492,35977,110,0
5555.06968292,5555.06970741,1653.99145544,1653.99046428,0.03537208,323.66486995,0.01998492,0.01998492,35976,110,0
5555.22306344,5555.22413617,1660.24250077,1660.19906208,0.03987085,323.78195074,0.01998491,0.01998492,35975,110,0
5555.37782859,5555.37857352,1666.49856057,1666.46837316,0.06319295,323.89943373,0.01998492,0.01998492,35974,110,0
5555.53263280,5555.53301945,1672.75975235,1672.74407165,0.05299091,324.01628894,0.01998492,0.01998492,35973,110,0
5555.68748189,5555.68747397,1679.02619417,1679.02651571,0.01948650,324.13252069,0.01998492,0.01998492,35972,110,0
5555.84055696,5555.84193707,1685.29800465,1685.24194391,0.03794010,324.24677506,0.01998491,0.01998492,35971,110,0
5555.99574228,5555.99640877,1691.57527866,1691.54818344,0.08003847,324.36194904,0.01998492,0.01998492,35970,110,0
5556.15172754,5556.15088905,1697.85795619,1697.89207100,0.03977203,324.47704868,0.01998492,0.01998492,35969,110,0
5556.30480496,5556.30537793,1704.14591586,1704.12258615,0.03251936,324.58934752,0.01998492,0.01998492,35968,110,0
5556.45992478,5556.45987539,1710.43903552,1710.44104808,0.06696694,324.70247871,0.01998492,0.01998492,35967,110,0
5556.61573172,5556.61438145,1716.73719241,1716.79225405,0.05309703,324.81543220,0.01998492,0.01998492,35966,110,0
5556.76879707,5556.76889610,1723.04026534,1723.03622436,0.02758818,324.92573188,0.01998492,0.01998492,35965,110,0
5556.92222732,5556.92341934,1729.34823048,1729.29955184,0.07313559,325.03562974,0.01998491,0.01998492,35964,110,0
5557.07591907,5557.07795118,0.00000000,1735.58268735,0.07331361,325.14512671,0.01998491,0.01998492,35963,110,1
5557.23161325,5557.23249161,1741.97929444,1741.94337070,0.05115785,325.25521157,0.01998492,0.01998492,35962,110,0
5557.38738301,5557.38704063,1748.30263815,1748.31665186,0.07446082,325.36474392,0.01998492,0.01998492,35961,110,0
5557.54129497,5557.54159825,1754.63135392,1754.61893020,0.06660844,325.47229756,0.01998492,0.01998492,35960,110,0
5557.69691919,5557.69616447,1760.96554485,1760.99648609,0.03611029,325.58036812,0.01998492,0.01998492,35959,110,0
5557.85145691,5557.85073928,1767.30521164,1767.33465597,0.07418734,325.68700608,0.01998492,0.01998492,35958,110,0
5558.00512827,5558.00532270,1773.65032329,1773.64233972,0.06207845,325.79237380,0.01998492,0.01998492,35957,110,0
5558.16135184,5558.15991471,1780.00084866,1780.05990860,0.02638079,325.89880177,0.01998492,0.01998492,35956,110,0
5558.31431263,5558.31451532,1786.35675642,1786.34842041,0.07926445,326.00233087,0.01998492,0.01998492,35955,110,0
5558.46960707,5558.46912453,1792.71801520,1792.73787662,0.06842913,326.10675276,0.01998492,0.01998492,35954,110,0
5558.62438483,5558.62374234,1799.08459647,1799.11106221,0.02081883,326.21013650,0.01998492,0.01998492,35953,110,0
5558.77786856,5558.77836875,1805.45647446,1805.43585441,0.08523953,326.31197273,0.01998492,0.01998492,35952,110,0
5558.93326912,5558.93300377,1811.83362336,1811.84457064,0.06052068,326.41438546,0.01998492,0.01998492,35951,110,0
5559.08815691,5559.08764739,1818.21601724,1818.23705413,0.08020472,326.51576186,0.01998492,0.01998492,35950,110,0
5559.24240022,5559.24229961,1824.60363003,1824.60778688,0.08381137,326.61602136,0.01998492,0.01998492,35949,110,0
5559.39663643,5559.39696044,1830.99645924,1830.98306149,0.02794029,326.71558085,0.01998492,0.01998492,35948,110,0
5559.55135587,5559.55162987,1837.39457020,1837.38323161,0.06890538,326.81475284,0.01998492,0.01998492,35947,110,0
5559.70649664,5559.70630791,1843.79804063,1843.80585706,0.07424809,326.91349089,0.01998492,0.01998492,35946,110,0
5559.86170943,5559.86099455,1850.20694863,1850.23657921,0.05768323,327.01156868,0.01998492,0.01998492,35945,110,0
5560.01691906,5560.01568980,1856.62137267,1856.67236456,0.07983077,327.10893753,0.01998492,0.01998492,35944,110,0
5560.17055613,5560.17039366,1863.04139202,1863.04813708,0.02860214,327.20462292,0.01998492,0.01998492,35943,110,0
5560.32543041,5560.32510613,1869.46708984,1869.48056376,0.09669181,327.30037637,0.01998492,0.01998492,35942,110,0
5560.47976493,5560.47982721,1875.89855150,1875.89596145,0.02830965,327.39509381,0.01998492,0.01998492,35941,110,0
5560.63498748,5560.63455690,1882.33586286,1882.35378461,0.08362672,327.48964835,0.01998492,0.01998492,35940,110,0
5560.79008443,5560.78929519,1888.77911017,1888.81198812,0.02608137,327.58341655,0.01998492,0.01998492,35939,110,0
5560.94355385,5560.94404211,1895.22837693,1895.20801949,0.04815839,327.67550150,0.01998492,0.01998492,35938,110,0
5561.10051590,5561.09879763,0.00000000,1901.75890112,0.08184914,327.76901065,0.01998493,0.01998492,35937,110,1
5561.25426450,5561.25356176,1908.14461427,1908.17396346,0.03919377,327.85979141,0.01998492,0.01998492,35936,110,0
5561.40877638,5561.40833451,1914.61113761,1914.62960647,0.04636980,327.95035761,0.01998492,0.01998492,35935,110,0
5561.56283356,5561.56311588,1921.08295613,1921.07114756,0.04948010,328.03993725,0.01998492,0.01998492,35934,110,0
5561.71723830,5561.71790586,1927.55983738,1927.53189523,0.06027955,328.12899261,0.01998492,0.01998492,35933,110,0
5561.87103242,5561.87270445,1934.04165895,1933.97162134,0.02970771,328.21696951,0.01998492,0.01998492,35932,110,0
5562.02603689,5562.02751166,1940.52865745,1940.46683521,0.08173382,328.30490685,0.01998492,0.01998492,35931,110,0
5562.18145019,5562.18232749,1947.02114324,1946.98433694,0.01484006,328.39234077,0.01998492,0.01998492,35930,110,0
5562.33685778,5562.33715194,1953.51942830,1953.50707636,0.07926271,328.47903746,0.01998492,0.01998492,35929,110,0
5562.49103594,5562.49198501,1960.02382625,1959.98393881,0.04106940,328.56432504,0.01998492,0.01998492,35928,110,0
5562.64685434,5562.64682669,1966.53460524,1966.53576835,0.06263073,328.64978940,0.01998492,0.01998492,35927,110,0
5562.80189969,5562.80167700,1973.05165538,1973.06103195,0.04358759,328.73409713,0.01998492,0.01998492,35926,110,0
5562.95540979,5562.95653592,1979.57468309,1979.52722830,0.04138069,328.81684419,0.01998492,0.01998492,35925,110,0
5563.11194119,5563.11140347,1986.10339201,1986.12606937,0.02085040,328.90047021,0.01998492,0.01998492,35924,110,0
5563.26593610,5563.26627964,1992.63748420,1992.62298523,0.07690526,328.98199684,0.01998492,0.01998492,35923,110,0
5563.42004995,5563.42116444,1999.17666973,1999.12959977,0.00927544,329.06284194,0.01998492,0.01998492,35922,110,0
5563.57660260,5563.57605786,2005.72087856,2005.74390212,0.04984529,329.14420117,0.01998492,0.01998492,35921,110,0
5563.73047548,5563.73095990,2012.27026163,2012.24977245,0.06145484,329.22341631,0.01998492,0.01998492,35920,110,0
5563.88563317,5563.88587057,2018.82498032,2018.81493164,0.07980326,329.30253868,0.01998492,0.01998492,35919,110,0
5564.04016811,5564.04078986,2025.38519684,2025.35885773,0.04685837,329.38059078,0.01998492,0.01998492,35918,110,0
5564.19641350,5564.19571778,2031.95107432,2031.98057119,0.02805542,329.45874307,0.01998492,0.01998492,35917,110,0
5564.35160901,5564.35065433,2038.52278196,2038.56329273,0.04915128,329.53561000,0.01998492,0.01998492,35916,110,0
5564.50522675,5564.50559950,2045.10050003,2045.08466897,0.02457434,329.61094933,0.01998492,0.01998492,35915,110,0
5564.66090801,5564.66055331,2051.68441091,2051.69948899,0.05482947,329.68654330,0.01998492,0.01998492,35914,110,0
5564.81695089,5564.81551574,2058.27469793,2058.33576075,0.06713945,329.76154762,0.01998493,0.01998492,35913,110,0
5564.97134079,5564.97048681,2064.87154541,2064.90791544,0.02810184,329.83500320,0.01998492,0.01998492,35912,110,0
5565.12576817,5565.12546650,2071.47508009,2071.48793989,0.03291474,329.90772520,0.01998492,0.01998492,35911,110,0
5565.28065624,5565.28045483,2078.08521331,2078.09380728,0.04704485,329.97990593,0.01998492,0.01998492,35910,110,0
5565.43676219,5565.43545179,2084.70180617,2084.75777065,0.04722206,330.05188200,0.01998493,0.01998492,35909,110,0
5565.59142005,5565.59045738,2091.32471895,2091.36586897,0.06118014,330.12242213,0.01998492,0.01998492,35908,110,0
5565.74513619,5565.74547161,2097.95381118,2097.93946072,0.03413850,330.19177135,0.01998492,0.01998492,35907,110,0
5565.90144270,5565.90049447,2104.58895335,2104.62955591,0.04163603,330.26150728,0.01998492,0.01998492,35906,110,0
5566.05576988,5566.05552597,2111.23009494,2111.24054788,0.08806210,330.32958393,0.01998492,0.01998492,35905,110,0
5566.21119010,5566.21056610,2117.87721818,2117.90398254,0.00671487,330.39736094,0.01998492,0.01998492,35904,110,0
5566.36648618,5566.36561488,2124.53030530,2124.56770866,0.06287105,330.46429789,0.01998492,0.01998492,35903,110,0
5566.52087360,5566.52067228,2131.18933840,2131.19798773,0.02877789,330.53006215,0.01998492,0.01998492,35902,110,0
5566.67478660,5566.67573833,2137.85430682,2137.81338286,0.06029562,330.59484698,0.01998492,0.01998492,35901,110,0
5566.83049201,5566.83081301,2144.52528992,2144.51147523,0.07157690,330.65959517,0.01998492,0.01998492,35900,110,0
5566.98666244,5566.98589634,2151.20242778,2151.23542718,0.08348084,330.72373665,0.01998492,0.01998492,35899,110,0
5567.14128734,5567.14098830,2157.88586241,2157.89875476,0.01305483,330.78645305,0.01998492,0.01998492,35898,110,0
5567.29850152,5567.29608891,0.00000000,2164.69076283,0.05305497,330.84951311,0.01998493,0.01998492,35897,110,1
5567.45131827,5567.45119816,2171.27218900,2171.27737681,0.04257870,330.90982973,0.01998492,0.01998492,35896,110,0
5567.60574900,5567.60631605,2177.97525239,2177.95073718,0.03851839,330.97010077,0.01998492,0.01998492,35895,110,0
5567.76140213,5567.76144258,2184.68485301,2184.68310256,0.07324995,331.03004801,0.01998492,0.01998492,35894,110,0
5567.91665519,5567.91657776,2191.40091212,2191.40426575,0.04876083,331.08903718,0.01998492,0.01998492,35893,110,0
5568.07320527,5568.07172159,2198.12335055,2198.18766786,0.05678597,331.14770306,0.01998493,0.01998492,35892,110,0
5568.22796016,5568.22687405,2204.85208854,2204.89921222,0.04007171,331.20488775,0.01998493,0.01998492,35891,110,0
5568.38229870,5568.38203517,2211.58704062,2211.59848436,0.06291000,331.26111509,0.01998492,0.01998492,35890,110,0
5568.53650944,5568.53720493,2218.32811366,2218.29788678,0.03744303,331.31649148,0.01998492,0.01998492,35889,110,0
5568.69267745,5568.69238334,2225.07521341,2225.08800656,0.02971010,331.37174831,0.01998492,0.01998492,35888,110,0
5568.84712175,5568.84757040,2231.82824507,2231.80871411,0.06790303,331.42557839,0.01998492,0.01998492,35887,110,0
5569.00244985,5569.00276610,2238.58711439,2238.57333573,0.06508666,331.47889432,0.01998492,0.01998492,35886,110,0
5569.15784448,5569.15797046,2245.35182929,2245.34633607,0.03327553,331.53140597,0.01998492,0.01998492,35885,110,0
5569.31263758,5569.31318347,2252.12258425,2252.09876134,0.04555878,331.58289124,0.01998492,0.01998492,35884,110,0
5569.46825299,5569.46840513,2258.89959458,2258.89294927,0.06501315,331.63382132,0.01998492,0.01998492,35883,110,0
5569.62356036,5569.62363544,2265.68307678,2265.67979446,0.09910127,331.68382150,0.01998492,0.01998492,35882,110,0
5569.77782116,5569.77887440,2272.47324825,2272.42715775,0.05888397,331.73266403,0.01998492,0.01998492,35881,110,0
5569.93438642,5569.93412202,2279.27025554,2279.28183724,0.08613165,331.78139843,0.01998492,0.01998492,35880,110,0
5570.08921645,5570.08937829,2286.07408431,2286.06698861,0.05230891,331.82876008,0.01998492,0.01998492,35879,110,0
5570.24364503,5570.24464321,2292.88469807,2292.84089300,0.07406184,331.87517147,0.01998492,0.01998492,35878,110,0
5570.39923470,5570.39991679,2299.70206010,2299.67209867,0.06676384,331.92109333,0.01998492,0.01998492,35877,110,0
5570.55556906,5570.55519903,2306.52613342,2306.54240229,0.03359963,331.96638457,0.01998493,0.01998492,35876,110,0
5570.71051795,5570.71048993,2313.35685996,2313.35809339,0.03525321,332.01043045,0.01998492,0.01998492,35875,110,0
5570.86667985,5570.86578948,2320.19412713,2320.23334421,0.05775122,332.05396784,0.01998493,0.01998492,35874,110,0
5571.02064025,5571.02109769,2327.03781291,2327.01764677,0.02705280,332.09604975,0.01998492,0.01998492,35873,110,0
5571.17648334,5571.17641456,2333.88779459,2333.89082939,0.08316532,332.13779204,0.01998492,0.01998492,35872,110,0
5571.33151906,5571.33174009,2340.74394881,2340.73418851,0.07238174,332.17846231,0.01998492,0.01998492,35871,110,0
5571.48781495,5571.48707428,2347.60625365,2347.63898883,0.03581386,332.21859677,0.01998493,0.01998492,35870,110,0
5571.64301377,5571.64241713,2354.47497511,2354.50136852,0.04044097,332.25758800,0.01998493,0.01998492,35869,110,0
5571.79844187,5571.79776865,2361.35043116,2361.38024038,0.06101900,332.29577583,0.01998493,0.01998492,35868,110,0
5571.95300270,5571.95312883,2368.23294159,2368.22735136,0.06574057,332.33289536,0.01998492,0.01998492,35867,110,0
5572.10866190,5572.10849767,2375.12282795,2375.13011493,0.06952506,332.36941582,0.01998492,0.01998492,35866,110,0
5572.26510903,5572.26387517,2382.02028374,2382.07508485,0.05174098,332.40524685,0.01998493,0.01998492,35865,110,0
5572.41872329,5572.41926134,2388.92513388,2388.90121293,0.07883639,332.43957260,0.01998492,0.01998492,35864,110,0
5572.57461519,5572.57465618,2395.83713690,2395.83531283,0.07009366,332.47353576,0.01998492,0.01998492,35863,110,0
5572.72976568,5572.73005968,2402.75604988,2402.74295417,0.06051370,332.50646192,0.01998492,0.01998492,35862,110,0
5572.88519654,5572.88547185,2409.68162855,2409.66935465,0.05081136,332.53856813,0.01998492,0.01998492,35861,110,0
5573.04071110,5573.04089269,2416.61370680,2416.60560417,0.04593485,332.56980746,0.01998492,0.01998492,35860,110,0
5573.19573412,5573.19632219,2423.55233058,2423.52606610,0.02436519,332.60006562,0.01998492,0.01998492,35859,110,0
5573.35198725,5573.35176037,2430.49758132,2430.50772318,0.05072480,332.62967024,0.01998493,0.01998492,35858,110,0
5573.50864373,5573.50720722,0.00000000,2437.51895970,0.07730279,332.65846924,0.01998493,0.01998492,35857,110,1
5573.66266304,5573.66266273,2444.40829195,2444.40830562,0.04523261,332.68585875,0.01998492,0.01998492,35856,110,0
5573.81879289,5573.81812692,2451.37395942,2451.40381282,0.05216190,332.71274855,0.01998493,0.01998492,35855,110,0
5573.97313223,5573.97359978,2458.34676772,2458.32578812,0.05267139,332.73844149,0.01998492,0.01998492,35854,110,0
5574.12952225,5574.12908131,2465.32695672,2465.34676228,0.04697506,332.76357291,0.01998493,0.01998492,35853,110,0
5574.28455460,5574.28457152,2472.31476772,2472.31400669,0.05014214,332.78758715,0.01998492,0.01998493,35852,110,0
5574.44208322,5574.44007040,0.00000000,2479.40661748,0.03475973,332.81108718,0.01998493,0.01998493,35851,110,1
5574.59563150,5574.59557796,2486.31401530,2486.31642762,0.05389720,332.83306338,0.01998493,0.01998493,35850,110,0
5574.75238727,5574.75109419,2493.32512805,2493.38345222,0.03249739,332.85460228,0.01998493,0.01998493,35849,110,0
5574.90611915,5574.90661910,2500.34337200,2500.32080056,0.04245274,332.87482403,0.01998492,0.01998493,35848,110,0
5575.06231849,5575.06215269,2507.36833670,2507.37582876,0.05372640,332.89445206,0.01998493,0.01998493,35847,110,0
5575.21837895,5575.21769495,2514.39961433,2514.43054713,0.02362063,332.91313466,0.01998493,0.01998493,35846,110,0
5575.37331000,5575.37324590,2521.43707769,2521.43997921,0.05404006,332.93076189,0.01998493,0.01998493,35845,110,0
5575.52857559,5575.52880552,2528.48102174,2528.47060567,0.02825342,332.94750574,0.01998493,0.01998493,35844,110,0
5575.68429127,5575.68437383,2535.53177779,2535.52803431,0.05371028,332.96336999,0.01998493,0.01998493,35843,110,0
5575.83988796,5575.83995081,2542.58967921,2542.58682674,0.03710283,332.97829179,0.01998493,0.01998493,35842,110,0
5575.99476620,5575.99553648,2549.65505374,2549.62005653,0.05505110,332.99221910,0.01998492,0.01998493,35841,110,0
5576.15093160,5576.15113082,2556.72802412,2556.71896340,0.04366545,333.00532453,0.01998493,0.01998493,35840,110,0
5576.30554552,5576.30673386,2563.80848792,2563.75438783,0.07440289,333.01736921,0.01998492,0.01998493,35839,110,0
5576.46151671,5576.46234557,2570.89633059,2570.85855910,0.06671539,333.02857845,0.01998492,0.01998493,35838,110,0
5576.61893226,5576.61796597,2577.99143688,2578.03551342,0.06405572,333.03893002,0.01998493,0.01998493,35837,110,0
5576.77500007,5576.77359506,0.00000000,2585.16127602,0.07556673,333.04824072,0.01998493,0.01998493,35836,110,1
5576.92906658,5576.92923283,2592.20312355,2592.19552580,0.06792815,333.05648677,0.01998493,0.01998493,35835,110,0
5577.08453807,5577.08487929,2599.31980495,2599.30419585,0.04544354,333.06386614,0.01998492,0.01998493,35834,110,0
5577.23856726,5577.24053444,0.00000000,2606.36128896,0.04157156,333.07024345,0.01998492,0.01998493,35833,110,1
5577.39667725,5577.39619827,2613.57532457,2613.59727910,0.02551619,333.07580114,0.01998493,0.01998493,35832,110,0
5577.55250791,5577.55187079,2620.71435855,2620.74359083,0.02838430,333.08031477,0.01998493,0.01998493,35831,110,0
5577.70722608,5577.70755201,2627.86104794,2627.84607805,0.09652772,333.08384054,0.01998492,0.01998493,35830,110,0
5577.86334651,5577.86324191,2635.01550325,2635.02031243,0.07123505,333.08643015,0.01998493,0.01998493,35829,110,0
5578.01922266,5578.01894051,2642.17783568,2642.19082180,0.06125438,333.08804252,0.01998493,0.01998493,35828,110,0
5578.17503662,5578.17464779,2649.34815710,2649.36607194,0.04202700,333.08867937,0.01998493,0.01998493,35827,110,0
5578.33128439,5578.33036377,2656.52654860,2656.56901099,0.05143340,333.08833610,0.01998493,0.01998493,35826,110,0
5578.48565624,5578.48608845,2663.71295460,2663.69299860,0.05751674,333.08702827,0.01998492,0.01998493,35825,110,0
5578.64171893,5578.64182181,2670.90728183,2670.90252652,0.07540630,333.08472435,0.01998493,0.01998493,35824,110,0
5578.79840157,5578.79756387,2678.10943637,2678.14819452,0.05583456,333.08141521,0.01998493,0.01998493,35823,110,0
5578.95474296,5578.95331463,0.00000000,2685.39839305,0.03721583,333.07710694,0.01998493,0.01998493,35822,110,1
5579.10783092,5579.10907409,2692.53690857,2692.47927363,0.04452821,333.07193657,0.01998492,0.01998493,35821,110,0
5579.26541260,5579.26484224,2699.76229028,2699.78876076,0.06000952,333.06560139,0.01998493,0.01998493,35820,110,0
5579.42184225,5579.42061908,2706.99558862,2707.05241470,0.06143711,333.05830172,0.01998493,0.01998493,35819,110,0
5579.57660732,5579.57640463,2714.23692395,2714.24635033,0.05740213,333.05008543,0.01998493,0.01998493,35818,110,0
5579.73160909,5579.73219888,2721.48641301,2721.45895429,0.05462852,333.04086209,0.01998492,0.01998493,35817,110,0
5579.88717980,5579.88800182,2728.74403165,2728.70572022,0.02173007,333.03060103,0.01998492,0.01998493,35816,110,0
5580.04530765,5580.04381347,0.00000000,2736.08550295,0.06874884,333.01912767,0.01998493,0.01998493,35815,110,1
5580.19929821,5580.19963382,2743.28286968,2743.26719659,0.00697385,333.00697024,0.01998493,0.01998493,35814,110,0
5580.35601683,5580.35546287,2750.56367671,2750.58957209,0.01577882,332.99356719,0.01998493,0.01998493,35813,110,0
5580.51143382,5580.51130062,2757.85182690,2757.85805909,0.07486467,332.97925675,0.01998493,0.01998493,35812,110,0
5580.66747245,5580.66714708,2765.14743512,2765.16267410,0.05776116,332.96386539,0.01998493,0.01998493,35811,110,0
5580.82291466,5580.82300224,2772.45079315,2772.44668691,0.03655215,332.94750945,0.01998493,0.01998493,35810,110,0
5580.97876659,5580.97886611,2779.76219700,2779.75752621,0.07545234,332.93008114,0.01998493,0.01998493,35809,110,0
5581.13489020,5581.13473868,2787.08194460,2787.08906419,0.07591148,332.91158519,0.01998493,0.01998493,35808,110,0
5581.29067184,5581.29061995,2794.41027619,2794.41271664,0.02873444,332.89209106,0.01998493,0.01998493,35807,110,0
5581.44626455,5581.44650994,2801.74718583,2801.73563038,0.04641863,332.87158153,0.01998493,0.01998493,35806,110,0
5581.60344535,5581.60240863,2809.09260318,2809.14147658,0.09097772,332.84980509,0.01998493,0.01998493,35805,110,0
5581.75751817,5581.75831604,2816.44645740,2816.40880334,0.03991484,332.82742451,0.01998492,0.01998493,35804,110,0
5581.91529156,5581.91423215,2823.80867742,2823.85872883,0.02459932,332.80344163,0.01998493,0.01998493,35803,110,0
5582.07070777,5582.07015697,2831.17921342,2831.20526368,0.05869444,332.77876055,0.01998493,0.01998493,35802,110,0
5582.22578246,5582.22609050,2838.55805182,2838.54346744,0.04271740,332.75308538,0.01998493,0.01998493,35801,110,0
5582.38303494,5582.38203274,2845.94518240,2845.99268257,0.06930826,332.72597701,0.01998493,0.01998493,35800,110,0
5582.53915182,5582.53798370,2853.34059486,2853.39601845,0.03474319,332.69799269,0.01998493,0.01998493,35799,110,0
5582.69430218,5582.69394337,2860.74427508,2860.76131731,0.05202067,332.66912047,0.01998493,0.01998493,35798,110,0
5582.84891158,5582.84991175,2868.15616129,2868.10860659,0.04593741,332.63929360,0.01998492,0.01998493,35797,110,0
5583.00531391,5583.00588885,2875.57615861,2875.54879413,0.05380740,332.60804615,0.01998493,0.01998493,35796,110,0
5583.16251649,5583.16187466,2883.00417079,2883.03474978,0.07867960,332.57554675,0.01998493,0.01998493,35795,110,0
5583.32023615,5583.31786919,0.00000000,2890.54730265,0.06165982,332.54186325,0.01998494,0.01998493,35794,110,1
5583.47487481,5583.47387244,2897.88391893,2897.93177242,0.07830292,332.50771074,0.01998493,0.01998493,35793,110,0
5583.62990360,5583.62988440,2905.33585988,2905.33677735,0.01833329,332.47242463,0.01998493,0.01998493,35792,110,0
5583.78578736,5583.78590508,2912.79622555,2912.79059350,0.03822739,332.43585557,0.01998493,0.01998493,35791,110,0
5583.94207619,5583.94193448,2920.26531982,2920.27210728,0.05751394,332.39809094,0.01998493,0.01998493,35790,110,0
5584.09809321,5584.09797260,2927.74344322,2927.74922680,0.08403349,332.35928780,0.01998493,0.01998493,35789,110,0
5584.25496113,5584.25401944,2935.23068331,2935.27589221,0.02603558,332.31915661,0.01998493,0.01998493,35788,110,0
5584.40991203,5584.41007500,2942.72684457,2942.71901181,0.05425036,332.27841425,0.01998493,0.01998493,35787,110,0
5584.56507428,5584.56613929,2950.23171075,2950.18046866,0.07732613,332.23651690,0.01998492,0.01998493,35786,110,0
5584.72186235,5584.72221229,2957.74506402,2957.72820874,0.07453868,332.19306079,0.01998493,0.01998493,35785,110,0
5584.87819164,5584.87829402,2965.26672755,2965.26179131,0.03473339,332.14860879,0.01998493,0.01998493,35784,110,0
5585.03324727,5585.03438448,2972.79683059,2972.74194008,0.04355960,332.10340713,0.01998492,0.01998493,35783,110,0
5585.18960351,5585.19048365,2980.33563827,2980.29310812,0.07114571,332.05670001,0.01998493,0.01998493,35782,110,0
5585.34662313,5585.34659156,2987.88341817,2987.88494582,0.05826429,332.00865121,0.01998493,0.01998493,35781,110,0
5585.50192643,5585.50270819,2995.44043880,2995.40257470,0.04592890,331.95999502,0.01998493,0.01998493,35780,110,0
5585.65794392,5585.65883354,3003.00685875,3002.96371899,0.06105214,331.90997610,0.01998493,0.01998493,35779,110,0
5585.81715047,5585.81496763,0.00000000,3010.69518537,0.07828705,331.85770936,0.01998494,0.01998493,35778,110,1
5585.96901943,5585.97111044,0.00000000,3018.07224874,0.07035939,331.80678167,0.01998492,0.01998493,35777,110,1
5586.12756676,5586.12726198,3025.76179914,3025.77662997,0.05372497,331.75249263,0.01998493,0.01998493,35776,110,0
5586.28229457,5586.28342225,3033.36506002,3033.31012339,0.04805561,331.69831932,0.01998492,0.01998493,35775,110,0
5586.43934430,5586.43959125,3040.97747154,3040.96542672,0.08475965,331.64216762,0.01998493,0.01998493,35774,110,0
5586.59652985,5586.59576899,3048.59917663,3048.63632984,0.03358205,331.58478682,0.01998493,0.01998493,35773,110,0
5586.75168552,5586.75195545,3056.23032018,3056.21712384,0.06121403,331.52698386,0.01998493,0.01998493,35772,110,0
5586.90862217,5586.90815065,3063.87104743,3063.89412701,0.06091478,331.46733677,0.01998493,0.01998493,35771,110,0
5587.06377824,5587.06435458,3071.52135988,3071.49311602,0.03868848,331.40719525,0.01998493,0.01998493,35770,110,0
5587.22072642,5587.22056725,3079.18092832,3079.18873738,0.06733343,331.34517305,0.01998493,0.01998493,35769,110,0
5587.37694074,5587.37678865,3086.84937520,3086.85684481,0.07151481,331.28225568,0.01998493,0.01998493,35768,110,0
5587.53506540,5587.53301879,0.00000000,3094.62173185,0.06338266,331.21740814,0.01998494,0.01998493,35767,110,1
5587.68852754,5587.68925766,3102.21143364,3102.17550214,0.06824395,331.15322671,0.01998493,0.01998493,35766,110,0
5587.84506076,5587.84550527,3109.90493226,3109.88303339,0.07745476,331.08662372,0.01998493,0.01998493,35765,110,0
5588.00171063,5588.00176162,3117.60735621,3117.60484109,0.05236110,331.01876789,0.01998493,0.01998493,35764,110,0
5588.15797519,5588.15802671,3125.31925364,3125.31670954,0.05507062,330.94987109,0.01998493,0.01998493,35763,110,0
5588.31483899,5588.31430053,3133.04117486,3133.06779877,0.05696894,330.87948771,0.01998493,0.01998493,35762,110,0
5588.47041293,5588.47058310,3140.77341790,3140.76499335,0.03674199,330.80846652,0.01998493,0.01998493,35761,110,0
5588.62767734,5588.62687441,3148.51576667,3148.55556691,0.03146281,330.73543996,0.01998493,0.01998493,35760,110,0
5588.78117276,5588.78317446,0.00000000,3156.16978581,0.06827431,330.66295463,0.01998492,0.01998493,35759,110,1
5588.93923981,5588.93948325,3164.02966053,3164.01756522,0.02922750,330.58709564,0.01998493,0.01998493,35758,110,0
5589.09619919,5589.09580078,3171.80068227,3171.82049951,0.06046243,330.51051256,0.01998493,0.01998493,35757,110,0
5589.25230554,5589.25212706,3179.58108137,3179.58996939,0.08126650,330.43311109,0.01998493,0.01998493,35756,110,0
5589.40785843,5589.40846208,3187.37107726,3187.34097984,0.06143768,330.35475324,0.01998493,0.01998493,35755,110,0
5589.56390216,5589.56480585,3195.17089165,3195.12578004,0.04747682,330.27490744,0.01998493,0.01998493,35754,110,0
5589.72194179,5589.72115837,3202.98074426,3203.01990089,0.08046640,330.19276724,0.01998493,0.01998493,35753,110,0
5589.87830679,5589.87751963,3210.80069690,3210.84008900,0.04457654,330.11023156,0.01998493,0.01998493,35752,110,0
5590.03395330,5590.03388963,3218.63059281,3218.63378285,0.04312245,330.02682213,0.01998493,0.01998493,35751,110,0
5590.19014204,5590.19026839,3226.47025813,3226.46392007,0.02814347,329.94186319,0.01998493,0.01998493,35750,110,0
5590.34861878,5590.34665590,0.00000000,3234.41909814,0.08720015,329.85435737,0.01998494,0.01998493,35749,110,1
5590.50312889,5590.50305215,3242.17826183,3242.18211988,0.06583774,329.76780879,0.01998493,0.01998493,35748,110,0
5590.65999019,5590.65945716,3250.04665966,3250.07349129,0.03902411,329.67865847,0.01998493,0.01998493,35747,110,0
5590.81459900,5590.81587091,3257.92495393,3257.86085113,0.09874519,329.58952607,0.01998493,0.01998493,35746,110,0
5590.97251062,5590.97229342,3265.81338924,3265.82434936,0.05008180,329.49718891,0.01998493,0.01998493,35745,110,0
5591.13012805,5591.12872468,0.00000000,3273.78841979,0.05577669,329.40364298,0.01998494,0.01998493,35744,110,1
5591.28532792,5591.28516470,3281.62146509,3281.62972241,0.06982429,329.31036460,0.01998493,0.01998493,35743,110,0
5591.44263972,5591.44161347,3289.54114378,3289.59312716,0.07708814,329.21444101,0.01998493,0.01998493,35742,110,0
5591.59938443,5591.59807099,0.00000000,3297.54381135,0.09424110,329.11747162,0.01998494,0.01998493,35741,110,1
5591.75627964,5591.75453727,0.00000000,3305.50605075,0.06282266,329.01916064,0.01998494,0.01998493,35740,110,1
5591.91068452,5591.91101231,3313.36224825,3313.34558286,0.05907284,328.92119087,0.01998493,0.01998493,35739,110,0
5592.06899279,5592.06749610,0.00000000,3321.40546866,0.04009993,328.81925307,0.01998494,0.01998493,35738,110,1
5592.22485773,5592.22398865,3329.29437168,3329.33866680,0.07070387,328.71771531,0.01998493,0.01998493,35737,110,0
5592.37944222,5592.38048996,3337.27577174,3337.22230599,0.05602123,328.61563032,0.01998493,0.01998493,35736,110,0
5592.53741648,5592.53700002,3345.26740662,3345.28868481,0.06508539,328.50995996,0.01998493,0.01998493,35735,110,0
5592.69449138,5592.69351885,3353.26949057,3353.31924303,0.07751551,328.40353403,0.01998493,0.01998493,35734,110,0
5592.84918174,5592.85004644,3361.28229550,3361.23800204,0.08113802,328.29739305,0.01998493,0.01998493,35733,110,0
5593.00753245,5593.00658279,3369.30609540,3369.35480627,0.06741264,328.18736431,0.01998493,0.01998493,35732,110,0
5593.16267732,5593.16312790,3377.34114248,3377.31799961,0.10676998,328.07820466,0.01998493,0.01998493,35731,110,0
5593.31919436,5593.31968178,3385.38740693,3385.36233898,0.01462305,327.96671264,0.01998493,0.01998493,35730,110,0
5593.47836514,5593.47624442,0.00000000,3393.55977022,0.04556837,327.85183740,0.01998494,0.01998493,35729,110,1
5593.63109695,5593.63281582,0.00000000,3401.42864459,0.07300453,327.74036867,0.01998493,0.01998493,35728,110,1
5593.79034900,5593.78939599,3409.59132540,3409.64052593,0.05196280,327.62278992,0.01998493,0.01998493,35727,110,0
5593.94440857,5593.94598492,0.00000000,3417.60156530,0.07709821,327.50758299,0.01998493,0.01998493,35726,110,1
5594.10201232,5594.10258262,3425.78008443,3425.75056854,0.04152368,327.38841228,0.01998493,0.01998493,35725,110,0
5594.26083925,5594.25918909,0.00000000,3433.97784825,0.05379716,327.26682049,0.01998494,0.01998493,35724,110,1
5594.41506638,5594.41580433,3442.01166612,3441.97337559,0.05959348,327.14742504,0.01998493,0.01998493,35723,110,0
5594.57217909,5594.57242833,3450.14382511,3450.13087566,0.05074545,327.02436265,0.01998493,0.01998493,35722,110,0
5594.73043159,5594.72906110,0.00000000,3458.35991947,0.05715716,326.89894360,0.01998494,0.01998493,35721,110,1
5594.88640733,5594.88570265,3466.44161349,3466.47832297,0.09964548,326.77395368,0.01998493,0.01998493,35720,110,0
5595.04417080,5595.04235296,0.00000000,3474.70303857,0.09162352,326.64605373,0.01998494,0.01998493,35719,110,1
5595.19804622,5595.19901205,3482.78502547,3482.73457611,0.05396381,326.51992112,0.01998493,0.01998493,35718,110,0
5595.35698290,5595.35567991,0.00000000,3491.04070315,0.06991116,326.38819080,0.01998494,0.01998493,35717,110,1
5595.51108928,5595.51235655,3499.17416873,3499.10779870,0.06571147,326.25900030,0.01998493,0.01998493,35716,110,0
5595.66982574,5595.66904195,3507.38554201,3507.42664435,0.04597388,326.12448706,0.01998494,0.01998493,35715,110,0
5595.82521930,5595.82573613,3515.60791545,3515.58077809,0.08117054,325.99136494,0.01998493,0.01998493,35714,110,0
5595.98415817,5595.98243909,0.00000000,3523.92729358,0.05654465,325.85379764,0.01998494,0.01998493,35713,110,1
5596.13899019,5596.13915082,3532.08504013,3532.07658455,0.10453204,325.71820783,0.01998493,0.01998493,35712,110,0
5596.29633005,5596.29587133,3540.33947441,3540.36364938,0.03673426,325.57903569,0.01998493,0.01998493,35711,110,0
5596.45309960,5596.45260062,3548.60430427,3548.63063287,0.06464987,325.43890472,0.01998493,0.01998493,35710,110,0
5596.61060553,5596.60933869,0.00000000,3556.95158919,0.04231398,325.29655170,0.01998494,0.01998493,35709,110,1
5596.76686456,5596.76608553,3565.16711771,3565.20833391,0.05995946,325.15400094,0.01998493,0.01998493,35708,110,0
5596.92172048,5596.92284116,3573.46678614,3573.40740568,0.09717779,325.01116818,0.01998493,0.01998493,35707,110,0
5597.07965107,5597.07960556,3581.77975506,3581.78216981,0.03621967,324.86396033,0.01998493,0.01998493,35706,110,0
5597.23704688,5597.23637875,3590.10613321,3590.14164472,0.11468440,324.71569654,0.01998493,0.01998493,35705,110,0
5597.39327613,5597.39316072,3598.44507079,3598.45121318,0.06191840,324.56700626,0.01998493,0.01998493,35704,110,0
5597.55010163,5597.54995147,3606.79564676,3606.80364911,0.07180597,324.41623111,0.01998493,0.01998493,35703,110,0
5597.70717987,5597.70675101,3615.15693940,3615.17982177,0.05013216,324.26370067,0.01998493,0.01998493,35702,110,0
5597.86388841,5597.86355933,3623.52871412,3623.54629460,0.06744518,324.11002052,0.01998493,0.01998493,35701,110,0
5598.01982793,5598.02037643,3631.91199316,3631.88265010,0.10053074,323.95557518,0.01998493,0.01998493,35700,110,0
5598.17833206,5598.17720232,3640.30794016,3640.36846960,0.04077558,323.79700917,0.01998494,0.01998493,35699,110,0
5598.33533616,5598.33403700,3648.71772680,3648.78744928,0.06645310,323.63834461,0.01998494,0.01998493,35698,110,0
5598.49083473,5598.49088046,3657.14194781,3657.13948930,0.06858344,323.47961542,0.01998493,0.01998493,35697,110,0
5598.64824317,5598.64773272,3665.57979619,3665.60727651,0.06954584,323.31733803,0.01998493,0.01998493,35696,110,0
5598.80730393,5598.80459376,0.00000000,3674.18613454,0.08256761,323.15154755,0.01998494,0.01998493,35695,110,1
5598.96125151,5598.96146359,3682.49228447,3682.48083745,0.10231149,322.98992346,0.01998493,0.01998493,35694,110,0
5599.12001651,5599.11834221,0.00000000,3691.06142557,0.09050950,322.82135802,0.01998494,0.01998493,35693,110,1
5599.27579155,5599.27522962,3699.44977333,3699.48018366,0.07276564,322.65461690,0.01998494,0.01998493,35692,110,0
5599.43218527,5599.43212582,3707.94662510,3707.94984703,0.07855304,322.48551348,0.01998493,0.01998493,35691,110,0
5599.59183543,5599.58903082,0.00000000,3716.61302847,0.09360152,322.31114128,0.01998494,0.01998493,35690,110,1
5599.74535963,5599.74594461,3724.98038287,3724.94858178,0.10223261,322.14202229,0.01998493,0.01998493,35689,110,0
5599.90332723,5599.90286719,3733.51749428,3733.54254005,0.07358948,321.96628335,0.01998494,0.01998493,35688,110,0
5600.06027924,5600.05979857,3742.06741204,3742.09361855,0.10435743,321.79003353,0.01998494,0.01998493,35687,110,0
5600.21730987,5600.21673874,3750.62956820,3750.66074803,0.10041202,321.61206474,0.01998494,0.01998493,35686,110,0
5600.37459684,5600.37368771,3759.20354110,3759.25323940,0.05171422,321.43217352,0.01998494,0.01998493,35685,110,0
5600.52879223,5600.53064548,0.00000000,3767.68143661,0.06530554,321.25436416,0.01998493,0.01998493,35684,110,1
5600.68665413,5600.68761204,3776.38767476,3776.33516703,0.07275035,321.07039764,0.01998493,0.01998493,35683,110,0
5600.84176825,5600.84458740,0.00000000,3784.83853255,0.07446391,320.88824688,0.01998492,0.01998493,35682,110,1
5601.00200880,5601.00157156,3793.62195685,3793.64599267,0.07148237,320.69813915,0.01998494,0.01998493,35681,110,0
5601.15674050,5601.15856452,0.00000000,3802.15558427,0.05792252,320.51306625,0.01998493,0.01998493,35680,110,1
5601.31595702,5601.31556628,3810.90794881,3810.92949120,0.08237736,320.32080971,0.01998494,0.01998493,35679,110,0
5601.47214630,5601.47257684,3819.57060010,3819.54682846,0.06057758,320.13056572,0.01998493,0.01998493,35678,110,0
5601.62945297,5601.62959621,3828.24646824,3828.23854797,0.09454533,319.93725589,0.01998493,0.01998493,35677,110,0
5601.78766967,5601.78662438,3836.93554989,3836.99343352,0.08410177,319.74109581,0.01998494,0.01998493,35676,110,0
5601.94221648,5601.94366135,0.00000000,3845.56452839,0.11145222,319.54764845,0.01998493,0.01998493,35675,110,1
5602.10253933,5602.10070712,0.00000000,3854.46442288,0.06410220,319.34530885,0.01998494,0.01998493,35674,110,1
5602.25825007,5602.25776170,3863.08198059,3863.10914363,0.08174810,319.14733552,0.01998494,0.01998493,35673,110,0
5602.41518338,5602.41482509,3871.82449024,3871.84444926,0.11685485,318.94585118,0.01998493,0.01998493,35672,110,0
5602.56872891,5602.57189728,0.00000000,3880.42126535,0.12302279,318.74661757,0.01998492,0.01998493,35671,110,1
5602.72728293,5602.72897828,0.00000000,3889.27586113,0.06111237,318.53947096,0.01998493,0.01998493,35670,110,1
5602.88786162,5602.88606808,0.00000000,3898.25734588,0.07176780,318.32784025,0.01998494,0.01998493,35669,110,1
5603.04542724,5603.04316670,0.00000000,3907.08388494,0.04682367,318.11837341,0.01998494,0.01998493,35668,110,1
5603.20058140,5603.20027413,3915.75790196,3915.77515648,0.07767775,317.91067625,0.01998493,0.01998493,35667,110,0
5603.35907993,5603.35739036,0.00000000,3924.69442881,0.11214109,317.69604452,0.01998494,0.01998493,35666,110,1
5603.51558237,5603.51451541,3933.42791803,3933.48800032,0.12583548,317.48296412,0.01998494,0.01998493,35665,110,0
5603.67403963,5603.67164927,0.00000000,3942.43275007,0.10574372,317.26471951,0.01998494,0.01998493,35664,110,1
5603.82783774,5603.82879194,3951.15351672,3951.09960830,0.07695654,317.05181131,0.01998493,0.01998493,35663,110,0
5603.98632013,5603.98594342,3960.04012024,3960.06144197,0.06171112,316.83016236,0.01998494,0.01998493,35662,110,0
5604.14550977,5604.14310372,0.00000000,3969.08861558,0.13498503,316.60536132,0.01998494,0.01998493,35661,110,1
5604.29879635,5604.30027283,0.00000000,3977.78194345,0.06644885,316.38741680,0.01998493,0.01998493,35660,110,1
5604.45751255,5604.45745076,3986.79214063,3986.79565419,0.09930134,316.15993051,0.01998494,0.01998493,35659,110,0
5604.61602744,5604.61463750,0.00000000,3995.81528411,0.06652202,315.93075641,0.01998494,0.01998493,35658,110,1
5604.77165319,5604.77183306,4004.68961857,4004.67936535,0.10923568,315.70403522,0.01998493,0.01998493,35657,110,0
5604.92874900,5604.92903744,4013.65795573,4013.64148756,0.11594301,315.47329539,0.01998493,0.01998493,35656,110,0
5605.08775153,5605.08625063,0.00000000,4022.73727781,0.10492926,315.23756073,0.01998494,0.01998494,35655,110,1
5605.24086080,5605.24347265,0.00000000,4031.50304657,0.09673629,315.00889847,0.01998493,0.01998494,35654,110,1
5605.39871904,5605.40070349,0.00000000,4040.55497509,0.09055061,314.77124624,0.01998493,0.01998494,35653,110,1
5605.55733756,5605.55794314,4049.69718110,4049.66235708,0.08851696,314.53057412,0.01998493,0.01998494,35652,110,0
5605.71491599,5605.71519162,4058.74663705,4058.73076361,0.18701879,314.28937331,0.01998493,0.01998494,35651,110,0
5605.86160491,5605.87244892,0.00000000,4067.18205065,0.12999933,314.06318649,0.01998490,0.01998494,35650,110,1
5606.02838077,5606.02971504,0.00000000,4076.80670390,0.13219140,313.80395108,0.01998493,0.01998494,35649,110,1
5606.18408039,5606.18698998,0.00000000,4085.80710167,0.08916431,313.55994463,0.01998493,0.01998494,35648,110,1
nan,nan,0.00000000,-1.00000000,0.00000000,313.30913798,nan,0.00000000,-2147483648,110,1
5562.64516381,5562.64682669,65.05610658,65.00000000,nan,309.30725544,0.01998491,0.01998492,35927,109,0
5562.77132237,nan,0.00000000,69.27397836,0.22965151,309.51580229,0.01998537,0.01998492,35927,109,1
nan,nan,0.00000000,-1.00000000,0.00000000,309.79466895,nan,0.00000000,-2147483648,109,1
5563.11003599,5563.11140347,80.74154345,80.69534243,0.24009385,310.07143708,0.01998491,0.01998492,35924,109,0
5563.11003599,5563.11140347,80.74154345,80.69534243,0.24009385,310.07143708,0.01998491,0.01998492,35924,109,0
5563.37363889,nan,0.00000000,89.62264933,0.22380327,310.50405113,0.01998531,0.01998492,35923,109,1
5563.37363889,nan,0.00000000,89.62264933,0.22380327,310.50405113,0.01998531,0.01998492,35923,109,1
nan,nan,0.00000000,-1.00000000,0.00000000,310.81218812,nan,0.00000000,-2147483648,109,1
nan,nan,0.00000000,-1.00000000,0.00000000,311.00507189,nan,0.00000000,-2147483648,109,1
nan,nan,0.00000000,-1.00000000,0.00000000,311.14953951,nan,0.00000000,-2147483648,109,1
nan,nan,0.00000000,-1.00000000,0.00000000,311.62988972,nan,0.00000000,-2147483648,109,1
nan,nan,0.00000000,-1.00000000,0.00000000,311.72573663,nan,0.00000000,-2147483648,109,1
nan,nan,0.00000000,-1.00000000,0.00000000,311.86936752,nan,0.00000000,-2147483648,109,1
nan,nan,0.00000000,-1.00000000,0.00000000,312.15612718,nan,0.00000000,-2147483648,109,1
nan,nan,0.00000000,-1.00000000,0.00000000,312.34692831,nan,0.00000000,-2147483648,109,1
nan,nan,0.00000000,-1.00000000,0.00000000,312.58501123,nan,0.00000000,-2147483648,109,1
5564.82667086,5564.81551574,0.00000000,138.88000525,0.05688969,312.86440197,0.01998496,0.01998492,35913,109,1
5564.82667086,5564.81551574,0.00000000,138.88000525,0.05688969,312.86440197,0.01998496,0.01998492,35913,109,1
5565.11675170,5565.12546650,0.00000000,148.74236659,0.24030158,313.33157173,0.01998489,0.01998492,35911,109,1
5565.11675170,5565.12546650,0.00000000,148.74236659,0.24030158,313.33157173,0.01998489,0.01998492,35911,109,1
5565.43192884,5565.43545179,0.00000000,159.46888164,0.04637455,313.83762094,0.01998491,0.01998492,35909,109,1
5565.43192884,5565.43545179,0.00000000,159.46888164,0.04637455,313.83762094,0.01998491,0.01998492,35909,109,1
5565.73941863,5565.74547161,0.00000000,169.94475993,0.09471786,314.32977902,0.01998490,0.01998492,35907,109,1
5565.90391186,5565.90049447,0.00000000,175.55335356,0.24636284,314.59243192,0.01998493,0.01998492,35906,109,1
nan,nan,0.00000000,-1.00000000,0.00000000,314.84694033,nan,0.00000000,-2147483648,109,1
5566.21750094,5566.21056610,0.00000000,186.25420409,0.35991679,315.09193303,0.01998495,0.01998492,35904,109,1
5566.21750094,5566.21056610,0.00000000,186.25420409,0.35991679,315.09193303,0.01998495,0.01998492,35904,109,1
5566.53478130,nan,0.00000000,197.09260499,0.22909430,315.59568160,0.01998497,0.01998492,35902,109,1
5566.66765657,5566.67573833,0.00000000,201.63514118,0.41194566,315.80615967,0.01998489,0.01998492,35901,109,1
5566.84392297,nan,0.00000000,207.66423832,0.27224880,316.08492395,0.01998497,0.01998492,35900,109,1
nan,nan,0.00000000,-1.00000000,0.00000000,316.23886695,nan,0.00000000,-2147483648,109,1
nan,nan,0.00000000,-1.00000000,0.00000000,316.33106613,nan,0.00000000,-2147483648,109,1
nan,nan,0.00000000,-1.00000000,0.00000000,316.42319081,nan,0.00000000,-2147483648,109,1
5567.14239086,5567.14098830,217.81447262,217.86251534,0.07606914,316.55491532,0.01998493,0.01998492,35898,109,0
5567.30135549,5567.29608891,0.00000000,223.32739071,0.13982352,316.80596891,0.01998494,0.01998492,35897,109,1
5567.46268397,5567.45119816,0.00000000,228.85735608,0.04435789,317.05944637,0.01998496,0.01998492,35896,109,1
5567.46268397,5567.45119816,0.00000000,228.85735608,0.04435789,317.05944637,0.01998496,0.01998492,35896,109,1
5567.75619854,5567.76144258,0.00000000,238.92619572,0.20765453,317.51950942,0.01998490,0.01998492,35894,109,1
5568.05409463,nan,0.00000000,249.15571968,0.12497488,317.98497981,0.01998486,0.01998492,35892,109,1
5568.05409463,nan,0.00000000,249.15571968,0.12497488,317.98497981,0.01998486,0.01998492,35892,109,1
5568.21062018,nan,0.00000000,254.53488945,0.25954774,318.22896389,0.01998487,0.01998492,35891,109,1
5568.37377509,5568.38203517,0.00000000,260.14497291,0.24922428,318.48284703,0.01998489,0.01998492,35890,109,1
nan,nan,0.00000000,-1.00000000,0.00000000,318.70208671,nan,0.00000000,-2147483648,109,1
nan,nan,0.00000000,-1.00000000,0.00000000,318.79227343,nan,0.00000000,-2147483648,109,1
5568.67989608,nan,0.00000000,270.67947306,0.28243031,318.95799844,0.01998488,0.01998492,35888,109,1
5568.84810583,5568.84757040,276.43551651,276.45396147,0.14686664,319.21757494,0.01998492,0.01998492,35887,109,0
5569.02647408,nan,0.00000000,282.61968336,0.23614211,319.49405195,0.01998557,0.01998492,35887,109,1
5569.15841847,5569.15797046,287.13437551,287.14982622,0.23948321,319.69673624,0.01998492,0.01998492,35885,109,0
5569.31947720,5569.31318347,0.00000000,292.72534415,0.08030368,319.94566658,0.01998495,0.01998492,35884,109,1
5569.48221993,5569.46840513,0.00000000,298.34277651,0.08346162,320.19588196,0.01998497,0.01998492,35883,109,1
5569.62137236,5569.62363544,0.00000000,303.14846032,0.06398652,320.40947278,0.01998492,0.01998492,35882,109,1
5569.77334951,5569.77887440,0.00000000,308.39971302,0.03116792,320.64237458,0.01998490,0.01998492,35881,109,1
5569.91901310,nan,0.00000000,313.43542716,0.20867795,320.86523371,0.01998487,0.01998492,35880,109,1
5570.23967153,5570.24464321,0.00000000,324.52989590,0.19502899,321.35455806,0.01998491,0.01998492,35878,109,1
5570.23967153,5570.24464321,0.00000000,324.52989590,0.19502899,321.35455806,0.01998491,0.01998492,35878,109,1
5570.38915676,5570.39991679,0.00000000,329.70619507,0.33020250,321.58207432,0.01998489,0.01998492,35877,109,1
5570.54994016,5570.55519903,0.00000000,335.27674978,0.12761961,321.82636092,0.01998491,0.01998492,35876,109,1
5570.71027399,5570.71048993,340.82728464,340.81979548,0.27546051,322.06886635,0.01998492,0.01998492,35875,109,0
nan,nan,0.00000000,-1.00000000,0.00000000,322.33857105,nan,0.00000000,-2147483648,109,1
5571.02453369,5571.02109769,0.00000000,351.73803504,0.26162109,322.54485655,0.01998494,0.01998492,35873,109,1
5571.18146907,5571.17641456,0.00000000,357.18739425,0.09187077,322.78159370,0.01998494,0.01998492,35872,109,1
5571.32884690,5571.33174009,0.00000000,362.30762853,0.07067316,323.00352749,0.01998491,0.01998492,35871,109,1
5571.49493864,5571.48707428,0.00000000,368.08122112,0.07315380,323.25319362,0.01998495,0.01998492,35870,109,1
5571.64285928,5571.64241713,373.20210618,373.21749111,0.21614157,323.47477703,0.01998493,0.01998492,35869,109,0
5571.80093668,5571.79776865,0.00000000,378.72704812,0.09660800,323.71191679,0.01998494,0.01998492,35868,109,1
5571.95871419,5571.95312883,0.00000000,384.22071993,0.08721917,323.94780841,0.01998494,0.01998492,35867,109,1
5572.11155318,5572.10849767,0.00000000,389.54537150,0.13923497,324.17590462,0.01998494,0.01998492,35866,109,1
5572.25310845,5572.26387517,0.00000000,394.47949765,0.08495908,324.38679890,0.01998489,0.01998492,35865,109,1
5572.41924419,5572.41926134,400.26849456,400.26789609,0.23533846,324.63362681,0.01998492,0.01998492,35864,109,0
5572.56795916,5572.57465618,0.00000000,405.46302167,0.13601777,324.85462354,0.01998490,0.01998492,35863,109,1
5572.72797429,5572.73005968,0.00000000,411.04985521,0.07947229,325.09172057,0.01998492,0.01998492,35862,109,1
5572.89447190,5572.88547185,0.00000000,416.86641153,0.02814345,325.33794710,0.01998496,0.01998492,35861,109,1
5573.04238625,5573.04089269,421.98053854,422.03276480,0.17311087,325.55611914,0.01998493,0.01998492,35860,109,0
5573.19996518,5573.19632219,0.00000000,427.54776579,0.09822963,325.78846399,0.01998494,0.01998492,35859,109,1
5573.34982146,5573.35176037,432.85700108,432.78912508,0.19134489,326.00875365,0.01998492,0.01998492,35858,109,0
5573.51393989,5573.50720722,0.00000000,438.53786543,0.05198880,326.24977772,0.01998495,0.01998492,35857,109,1
5573.67073988,5573.66266273,0.00000000,444.03100093,0.19246366,326.47950810,0.01998495,0.01998492,35856,109,1
5573.82016280,5573.81812692,0.00000000,449.26858287,0.09494039,326.69802562,0.01998493,0.01998492,35855,109,1
5573.97283330,5573.97359978,454.65061613,454.62372313,0.23427163,326.92091761,0.01998492,0.01998492,35854,109,0
5574.13009500,5574.12908131,460.10746253,460.14304925,0.07729099,327.15008234,0.01998493,0.01998492,35853,109,0
5574.29098528,5574.28457152,0.00000000,465.79035480,0.15169884,327.38397133,0.01998495,0.01998493,35852,109,1
5574.44111031,5574.44007040,471.03129272,471.06784110,0.11206231,327.60200487,0.01998493,0.01998493,35851,109,0
5574.59843679,5574.59557796,0.00000000,476.59441867,0.11822909,327.82977109,0.01998494,0.01998493,35850,109,1
5574.74936616,5574.75109419,481.96865632,481.90785492,0.16310622,328.04821460,0.01998492,0.01998493,35849,109,0
5574.91469513,5574.90661910,0.00000000,487.72053804,0.14343576,328.28657817,0.01998495,0.01998493,35848,109,1
5575.06320763,5575.06215269,492.91949133,492.95665115,0.04569785,328.50075703,0.01998493,0.01998493,35847,109,0
5575.21962332,5575.21769495,0.00000000,498.46017894,0.01640931,328.72532150,0.01998493,0.01998493,35846,109,1
5575.36765523,5575.37324590,0.00000000,503.67820123,0.12747323,328.93771302,0.01998491,0.01998493,35845,109,1
5575.52643072,5575.52880552,0.00000000,509.27806140,0.16130364,329.16508002,0.01998492,0.01998493,35844,109,1
5575.68251363,5575.68437383,514.85984144,514.79418199,0.11720301,329.38847343,0.01998492,0.01998493,35843,109,0
5575.84353423,5575.83995081,0.00000000,520.47173481,0.09868994,329.61781003,0.01998494,0.01998493,35842,109,1
5575.99349068,5575.99553648,0.00000000,525.76968860,0.06029036,329.83126925,0.01998492,0.01998493,35841,109,1
5576.14910241,5576.15113082,531.34777028,531.27605910,0.15364744,330.05256913,0.01998492,0.01998493,35840,109,0
5576.30958621,5576.30673386,0.00000000,536.94688460,0.15236214,330.27988532,0.01998494,0.01998493,35839,109,1
5576.46614278,5576.46234557,0.00000000,542.48756560,0.06674235,330.50140334,0.01998494,0.01998493,35838,109,1
5576.61832105,5576.61796597,547.86719470,547.87977180,0.10901881,330.71643358,0.01998493,0.01998493,35837,109,0
5576.77227750,5576.77359506,553.38154834,553.33484772,0.02067536,330.93341712,0.01998492,0.01998493,35836,109,0
nan,nan,0.00000000,-1.00000000,0.00000000,331.11853841,nan,0.00000000,-2147483648,109,1
5577.08815114,5577.08487929,0.00000000,564.53264555,0.14814691,331.37708031,0.01998494,0.01998493,35834,109,1
5577.24029614,5577.24053444,569.94814396,569.93968164,0.00484501,331.59046972,0.01998493,0.01998493,35833,109,0
5577.39753182,5577.39619827,575.47744857,575.52483018,0.04105316,331.81031360,0.01998493,0.01998493,35832,109,0
5577.55633969,5577.55187079,0.00000000,581.15958557,0.11396015,332.03151819,0.01998494,0.01998493,35831,109,1
5577.70604292,5577.70755201,586.54535673,586.49168748,0.01351234,332.24029393,0.01998492,0.01998493,35830,109,0
5577.86625865,5577.86324191,0.00000000,592.18176330,0.11401972,332.46249867,0.01998494,0.01998493,35829,109,1
5578.01967388,5578.01894051,597.62495360,597.65106114,0.05375133,332.67551018,0.01998493,0.01998493,35828,109,0
5578.17285051,5578.17464779,603.16953149,603.10551440,0.14434739,332.88738552,0.01998492,0.01998493,35827,109,0
5578.33029178,5578.33036377,608.71759428,608.71502846,0.04557580,333.10470283,0.01998493,0.01998493,35826,109,0
5578.48519087,5578.48608845,614.26936700,614.23735717,0.07040225,333.31806669,0.01998492,0.01998493,35825,109,0
5578.63869608,5578.64182181,0.00000000,619.70881781,0.04114012,333.52890172,0.01998492,0.01998493,35824,109,1
5578.79771087,5578.79756387,625.38487417,625.39012364,0.05318438,333.74722925,0.01998493,0.01998493,35823,109,0
5578.95474382,5578.95331463,630.94863719,630.99970711,0.08705691,333.96220717,0.01998493,0.01998493,35822,109,0
5579.10874181,5579.10907409,636.51617044,636.50428997,0.06336449,334.17258791,0.01998493,0.01998493,35821,109,0
5579.26309241,5579.26484224,642.08727901,642.02467822,0.03254947,334.38300243,0.01998492,0.01998493,35820,109,0
5579.42273514,5579.42061908,0.00000000,647.73100281,0.06293417,334.59990377,0.01998493,0.01998493,35819,109,1
5579.57730083,5579.57640463,653.23943873,653.27153363,0.04288628,334.80991920,0.01998493,0.01998493,35818,109,0
5579.73418353,5579.73219888,0.00000000,658.88543181,0.06657381,335.02212878,0.01998493,0.01998493,35817,109,1
5579.88798740,5579.88800182,664.40397531,664.40345814,0.06324026,335.23013859,0.01998493,0.01998493,35816,109,0
5580.04469301,5580.04381347,669.99117811,670.02272621,0.08399536,335.44137824,0.01998493,0.01998493,35815,109,0
5580.19897899,5580.19963382,675.58197080,675.55846842,0.05737006,335.64889913,0.01998493,0.01998493,35814,109,0
5580.35737559,5580.35546287,681.17657974,681.24527329,0.03603149,335.86148468,0.01998493,0.01998493,35813,109,0
5580.51683997,5580.51130062,0.00000000,686.97423798,0.08104177,336.07503311,0.01998495,0.01998493,35812,109,1
5580.66781151,5580.66714708,692.37813280,692.40202839,0.01919608,336.27678742,0.01998493,0.01998493,35811,109,0
5580.82390084,5580.82300224,697.98522928,698.01756840,0.08119407,336.48493903,0.01998493,0.01998493,35810,109,0
5580.98091434,5580.97886611,0.00000000,703.66901262,0.08114081,336.69382441,0.01998493,0.01998493,35809,109,1
5581.13143476,5581.13473868,0.00000000,709.09025226,0.10109963,336.89363817,0.01998492,0.01998493,35808,109,1
5581.28952599,5581.29061995,714.82954756,714.79010728,0.11321163,337.10312653,0.01998492,0.01998493,35807,109,0
5581.44838489,5581.44650994,720.45127216,720.51890439,0.06281084,337.31306453,0.01998493,0.01998493,35806,109,0
5581.60199134,5581.60240863,726.07611966,726.06105989,0.11455450,337.51557694,0.01998493,0.01998493,35805,109,0
5581.75796753,5581.75831604,731.70408840,731.69150491,0.09985085,337.72072539,0.01998493,0.01998493,35804,109,0
5581.91592274,5581.91423215,737.33535759,737.39643442,0.06753657,337.92798108,0.01998493,0.01998493,35803,109,0
5582.07115071,5582.07015697,742.97011316,743.00603523,0.04711546,338.13117810,0.01998493,0.01998493,35802,109,0
5582.22504081,5582.22609050,748.60854180,748.57057411,0.11463619,338.33215946,0.01998492,0.01998493,35801,109,0
5582.38256264,5582.38203274,754.25083095,754.27000972,0.10601594,338.53741069,0.01998493,0.01998493,35800,109,0
5582.53795894,5582.53798370,759.89716463,759.89626788,0.04835878,338.73942868,0.01998493,0.01998493,35799,109,0
5582.69300668,5582.69394337,765.54760472,765.51365711,0.09555495,338.94053553,0.01998492,0.01998493,35798,109,0
5582.85031789,5582.84991175,771.20207239,771.21680136,0.02369105,339.14410656,0.01998493,0.01998493,35797,109,0
5583.00437949,5583.00588885,776.86048079,776.80570841,0.08824748,339.34300765,0.01998492,0.01998493,35796,109,0
5583.16288836,5583.16187466,782.52274270,782.55955090,0.01399306,339.54716597,0.01998493,0.01998493,35795,109,0
5583.31943779,5583.31786919,788.18877053,788.24576222,0.08094796,339.74831401,0.01998493,0.01998493,35794,109,0
5583.47464678,5583.47387244,793.85847748,793.88662812,0.05758067,339.94725817,0.01998493,0.01998493,35793,109,0
5583.62970519,5583.62988440,799.53182916,799.52531031,0.06867902,340.14552823,0.01998493,0.01998493,35792,109,0
5583.78558268,5583.78590508,805.20886563,805.19713101,0.01856122,340.34436126,0.01998493,0.01998493,35791,109,0
5583.94187602,5583.94193448,810.88963272,810.88750363,0.06803839,340.54323760,0.01998493,0.01998493,35790,109,0
5584.09600460,5584.09797260,0.00000000,816.50909307,0.08357173,340.73911289,0.01998492,0.01998493,35789,109,1
5584.25632921,5584.25401944,0.00000000,822.35380453,0.04074740,340.94213322,0.01998494,0.01998493,35788,109,1
5584.40817673,5584.41007500,0.00000000,827.89288260,0.03023988,341.13394500,0.01998492,0.01998493,35787,109,1
5584.56772947,5584.56613929,833.65091074,833.70896862,0.05459456,341.33472902,0.01998493,0.01998493,35786,109,0
5584.72229081,5584.72221229,839.35093647,839.35380485,0.09263737,341.52899350,0.01998493,0.01998493,35785,109,0
5584.87767433,5584.87829402,845.05485000,845.03219671,0.03326313,341.72380887,0.01998493,0.01998493,35784,109,0
5585.03008626,5585.03438448,0.00000000,850.61352111,0.12411293,341.91470372,0.01998491,0.01998493,35783,109,1
5585.18990169,5585.19048365,856.47431718,856.45301657,0.08772598,342.11380217,0.01998493,0.01998493,35782,109,0
5585.34739601,5585.34659156,862.18985952,862.21932195,0.07934944,342.30977650,0.01998493,0.01998493,35781,109,0
5585.50482008,5585.50270819,867.90930508,867.98670083,0.05414457,342.50516237,0.01998494,0.01998493,35780,109,0
5585.65945682,5585.65883354,873.63275413,873.65561072,0.07320989,342.69660321,0.01998493,0.01998493,35779,109,0
5585.81432025,5585.81496763,879.36031428,879.33655825,0.03484425,342.88784473,0.01998493,0.01998493,35778,109,0
5585.96879003,5585.97111044,0.00000000,885.01419000,0.02842004,343.07836865,0.01998492,0.01998493,35777,109,1
5586.12757230,5586.12726198,890.82820057,890.83960401,0.04900478,343.27322198,0.01998493,0.01998493,35776,109,0
5586.28475399,5586.28342225,896.56874294,896.61771648,0.06662857,343.46586304,0.01998493,0.01998493,35775,109,0
5586.43799935,5586.43959125,902.31371787,902.25513649,0.12426411,343.65320862,0.01998492,0.01998493,35774,109,0
5586.59650069,5586.59576899,908.06292189,908.08986627,0.06268705,343.84648216,0.01998493,0.01998493,35773,109,0
5586.75165056,5586.75195545,913.81612962,913.80489540,0.08475085,344.03517023,0.01998493,0.01998493,35772,109,0
5586.90780819,5586.90815065,919.57311476,919.56048870,0.01494010,344.22457698,0.01998493,0.01998493,35771,109,0
5587.06488745,5587.06435458,925.33365006,925.35330656,0.04865728,344.41457984,0.01998493,0.01998493,35770,109,0
5587.22025998,5587.22056725,931.09750935,931.08616915,0.04567907,344.60199501,0.01998493,0.01998493,35769,109,0
5587.37845534,5587.37678865,936.86462744,936.92617202,0.07302110,344.79227732,0.01998494,0.01998493,35768,109,0
5587.53575029,5587.53301879,0.00000000,942.72753474,0.08502083,344.98066564,0.01998494,0.01998493,35767,109,1
5587.68654253,5587.68925766,0.00000000,948.30070867,0.04718504,345.16104790,0.01998492,0.01998493,35766,109,1
5587.84532345,5587.84550527,954.18777746,954.18105132,0.08015244,345.35073871,0.01998493,0.01998493,35765,109,0
5587.99868147,5588.00176162,0.00000000,959.84799534,0.05427188,345.53293024,0.01998492,0.01998493,35764,109,1
5588.15824755,5588.15802671,965.75712879,965.76531016,0.09242385,345.72252650,0.01998493,0.01998493,35763,109,0
5588.31629635,5588.31430053,0.00000000,971.61293454,0.07176926,345.90924279,0.01998494,0.01998493,35762,109,1
5588.47354917,5588.47058310,0.00000000,977.44346581,0.05544507,346.09477286,0.01998494,0.01998493,35761,109,1
5588.62685884,5588.62687441,983.14425817,983.14368017,0.04792885,346.27553795,0.01998493,0.01998493,35760,109,0
5588.78405886,5588.78317446,988.94818049,988.98103121,0.07404821,346.46001840,0.01998493,0.01998493,35759,109,0
5588.94038142,5588.93948325,994.75589581,994.78927746,0.06670498,346.64294273,0.01998493,0.01998493,35758,109,0
5589.09877189,5589.09580078,0.00000000,1000.66230069,0.06109061,346.82726172,0.01998494,0.01998493,35757,109,1
5589.25293538,5589.25212706,1006.38210275,1006.41217858,0.04414540,347.00708718,0.01998493,0.01998493,35756,109,0
5589.40774531,5589.40846208,1012.20068067,1012.17399534,0.07481429,347.18666195,0.01998493,0.01998493,35755,109,0
5589.56466556,5589.56480585,1018.02309739,1018.01787123,0.03932153,347.36815604,0.01998493,0.01998493,35754,109,0
5589.72227817,5589.72115837,1023.84949846,1023.89124087,0.09088949,347.54991855,0.01998494,0.01998493,35753,109,0
5589.87787201,5589.87751963,1029.68003004,1029.69317430,0.08173380,347.72883289,0.01998493,0.01998493,35752,109,0
5590.03257295,5590.03388963,1035.51483418,1035.46568663,0.06459303,347.90621119,0.01998493,0.01998493,35751,109,0
5590.18961475,5590.19026839,1041.35394364,1041.32952883,0.05366115,348.08575372,0.01998493,0.01998493,35750,109,0
5590.34679698,5590.34665590,1047.19728056,1047.20255386,0.08236558,348.26492864,0.01998493,0.01998493,35749,109,0
5590.50267850,5590.50305215,1053.04476188,1053.03078696,0.05787843,348.44209514,0.01998493,0.01998493,35748,109,0
5590.66010194,5590.65945716,1058.89630417,1058.92043489,0.04795838,348.62047891,0.01998493,0.01998493,35747,109,0
5590.81495878,5590.81587091,1064.75182364,1064.71766640,0.06084696,348.79542583,0.01998493,0.01998493,35746,109,0
5590.97233955,5590.97229342,1070.61124084,1070.61296937,0.10532764,348.97268340,0.01998493,0.01998493,35745,109,0
5591.12683132,5591.12872468,0.00000000,1076.39221474,0.03306818,349.14581621,0.01998492,0.01998493,35744,109,1
5591.28485321,5591.28516470,1082.34176640,1082.33008053,0.11600902,349.32304589,0.01998493,0.01998493,35743,109,0
5591.44127027,5591.44161347,1088.21294951,1088.20006611,0.04517822,349.49759692,0.01998493,0.01998493,35742,109,0
5591.59776012,5591.59807099,1094.08813039,1094.07645316,0.07965278,349.67168836,0.01998493,0.01998493,35741,109,0
5591.75512087,5591.75453727,1099.96734739,1099.98928330,0.04847830,349.84620306,0.01998493,0.01998493,35740,109,0
5591.91027787,5591.91101231,1105.85064663,1105.82302359,0.05051814,350.01773814,0.01998493,0.01998493,35739,109,0
5592.06530245,5592.06749610,0.00000000,1111.65342854,0.09178745,350.18853471,0.01998492,0.01998493,35738,109,1
5592.22468225,5592.22398865,1117.62997215,1117.65609503,0.06139523,350.36370858,0.01998493,0.01998493,35737,109,0
5592.38214377,5592.38048996,1123.52629006,1123.58862149,0.08163357,350.53616871,0.01998494,0.01998493,35736,109,0
5592.53760643,5592.53700002,1129.42724035,1129.45011232,0.00575562,350.70591268,0.01998493,0.01998493,35735,109,0
5592.69025536,5592.69351885,0.00000000,1135.21245579,0.05341704,350.87215451,0.01998492,0.01998493,35734,109,1
5592.85175232,5592.85004644,1141.24357975,1141.30801983,0.06911563,351.04732878,0.01998494,0.01998493,35733,109,0
5593.00759578,5593.00658279,1147.15891769,1147.19721139,0.06239931,351.21590744,0.01998493,0.01998493,35732,109,0
5593.16423752,5593.16312790,1153.07875399,1153.12072907,0.07955232,351.38480949,0.01998494,0.01998493,35731,109,0
5593.32142751,5593.31968178,1159.00285727,1159.06893812,0.07447812,351.55375030,0.01998494,0.01998493,35730,109,0
5593.47571998,5593.47624442,1164.93099511,1164.91113164,0.04899135,351.71903108,0.01998493,0.01998493,35729,109,0
5593.63464511,5593.63281582,1170.86293418,1170.93225908,0.06701105,351.88870102,0.01998494,0.01998493,35728,109,0
5593.78975738,5593.78939599,1176.79855025,1176.81225375,0.09063024,352.05373459,0.01998493,0.01998493,35727,109,0
5593.94685265,5593.94598492,1182.73803709,1182.77096082,0.08577459,352.22031265,0.01998493,0.01998493,35726,109,0
5594.10174490,5594.10258262,1188.68164657,1188.64984044,0.07963008,352.38400329,0.01998493,0.01998493,35725,109,0
5594.25837237,5594.25918909,1194.62963166,1194.59860148,0.06992140,352.54897663,0.01998493,0.01998493,35724,109,0
5594.41500975,5594.41580433,1200.58224642,1200.55203499,0.09404550,352.71341175,0.01998493,0.01998493,35723,109,0
5594.57389899,5594.57242833,1206.53974367,1206.59570528,0.06502703,352.87965586,0.01998494,0.01998493,35722,109,0
5594.73072572,5594.72906110,1212.50222450,1212.56561532,0.09503805,353.04319504,0.01998494,0.01998493,35721,109,0
5594.88596618,5594.88570265,1218.46954720,1218.47959005,0.00800597,353.20453949,0.01998493,0.01998493,35720,109,0
5595.04151519,5595.04235296,1224.44154772,1224.40959778,0.09294743,353.36565929,0.01998493,0.01998493,35719,109,0
5595.19684472,5595.19901205,0.00000000,1230.33957340,0.09686410,353.52611525,0.01998492,0.01998493,35718,109,1
5595.35577476,5595.35567991,1236.39892243,1236.40254463,0.10003896,353.68948438,0.01998493,0.01998493,35717,109,0
5595.51210358,5595.51235655,1242.38397263,1242.37430613,0.05331009,353.84971829,0.01998493,0.01998493,35716,109,0
5595.66844254,5595.66904195,1248.37318842,1248.35026879,0.08982449,354.00939178,0.01998493,0.01998493,35715,109,0
5595.82512708,5595.82573613,1254.36666163,1254.34335794,0.08713229,354.16884655,0.01998493,0.01998493,35714,109,0
5595.98161134,5595.98243909,1260.36448816,1260.33279501,0.08385210,354.32752746,0.01998493,0.01998493,35713,109,0
5596.13737125,5596.13915082,0.00000000,1266.30079140,0.09555998,354.48496744,0.01998493,0.01998493,35712,109,1
5596.29502388,5596.29587133,1272.37358694,1272.34109414,0.06036459,354.64363093,0.01998493,0.01998493,35711,109,0
5596.45215994,5596.45260062,1278.38504124,1278.36813238,0.07193113,354.80126014,0.01998493,0.01998493,35710,109,0
5596.60883199,5596.60933869,1284.40113193,1284.38167647,0.05433658,354.95785360,0.01998493,0.01998493,35709,109,0
5596.76564530,5596.76608553,1290.42182991,1290.40491425,0.08846050,355.11401573,0.01998493,0.01998493,35708,109,0
5596.92252945,5596.92284116,1296.44710582,1296.43512018,0.10388949,355.26967300,0.01998493,0.01998493,35707,109,0
5597.07988302,5597.07960556,1302.47693018,1302.48760610,0.08480366,355.42521562,0.01998493,0.01998493,35706,109,0
5597.23712749,5597.23637875,1308.51127334,1308.54010290,0.07377521,355.58006747,0.01998494,0.01998493,35705,109,0
5597.39283829,5597.39316072,1314.55010335,1314.53768001,0.08463712,355.73283251,0.01998493,0.01998493,35704,109,0
5597.55081166,5597.54995147,1320.59338193,1320.62654780,0.09503198,355.88722861,0.01998494,0.01998493,35703,109,0
5597.70771034,5597.70675101,1326.64106953,1326.67808279,0.05923446,356.03998500,0.01998494,0.01998493,35702,109,0
5597.86416766,5597.86355933,1332.69312639,1332.71661282,0.06552436,356.19172438,0.01998494,0.01998493,35701,109,0
5598.02098816,5598.02037643,1338.74951258,1338.77314569,0.04390903,356.34322505,0.01998494,0.01998493,35700,109,0
5598.17832415,5598.17720232,1344.81019035,1344.85355873,0.06423229,356.49462681,0.01998494,0.01998493,35699,109,0
5598.33319671,5598.33403700,1350.87520223,1350.84269612,0.03466816,356.64307378,0.01998493,0.01998493,35698,109,0
5598.48953812,5598.49088046,1356.94468889,1356.89272521,0.03451395,356.79234277,0.01998493,0.01998493,35697,109,0
5598.64601513,5598.64773272,1363.01879754,1362.95226038,0.05106501,356.94115391,0.01998493,0.01998493,35696,109,0
5598.80441754,5598.80459376,1369.09767607,1369.09084464,0.03235931,357.09119977,0.01998493,0.01998493,35695,109,0
5598.96092176,5598.96146359,1375.18147305,1375.16045147,0.04066784,357.23886037,0.01998493,0.01998493,35694,109,0
5599.11924019,5599.11834221,1381.27031786,1381.30518423,0.07911014,357.38764034,0.01998494,0.01998493,35693,109,0
5599.27392105,5599.27522962,1387.36417429,1387.31332756,0.06259127,357.53242404,0.01998493,0.01998493,35692,109,0
5599.43223665,5599.43212582,1393.46292292,1393.46723258,0.08164020,357.68001394,0.01998493,0.01998493,35691,109,0
5599.58952617,5599.58903082,1399.56644318,1399.58571876,0.07022873,357.82604568,0.01998494,0.01998493,35690,109,0
5599.74592133,5599.74594461,1405.67461392,1405.67370762,0.07917073,357.97064813,0.01998493,0.01998493,35689,109,0
5599.90349177,5599.90286719,1411.78731346,1411.81165112,0.05792054,358.11572879,0.01998494,0.01998493,35688,109,0
5600.05989680,5600.05979857,1417.90445198,1417.90828215,0.05299798,358.25912890,0.01998493,0.01998493,35687,109,0
5600.21605636,5600.21673874,1424.02602960,1423.99940383,0.04212494,358.40169864,0.01998493,0.01998493,35686,109,0
5600.37340584,5600.37368771,1430.15206200,1430.14105647,0.02752240,358.54474191,0.01998493,0.01998493,35685,109,0
5600.53057892,5600.53064548,1436.28256498,1436.27996436,0.07584907,358.68700954,0.01998493,0.01998493,35684,109,0
5600.68665607,5600.68761204,1442.41755435,1442.38017789,0.08076426,358.82767559,0.01998493,0.01998493,35683,109,0
5600.84562644,5600.84458740,1448.55705094,1448.59770320,0.06801729,358.97032370,0.01998494,0.01998493,35682,109,0
5601.00155501,5601.00157156,1454.70118491,1454.70053689,0.07898144,359.10963057,0.01998493,0.01998493,35681,109,0
5601.15935871,5601.15856452,1460.85019419,1460.88131254,0.01928134,359.24999974,0.01998494,0.01998493,35680,109,0
5601.31616471,5601.31556628,1467.00432232,1467.02778888,0.02635840,359.38887453,0.01998494,0.01998493,35679,109,0
5601.47223269,5601.47257684,1473.16381399,1473.15030735,0.05051078,359.52649873,0.01998493,0.01998493,35678,109,0
5601.62911093,5601.62959621,1479.32891501,1479.30985304,0.05483502,359.66424087,0.01998493,0.01998493,35677,109,0
5601.78813386,5601.78662438,1485.49979154,1485.55913677,0.06411246,359.80325749,0.01998494,0.01998493,35676,109,0
5601.94444389,5601.94366135,1491.67619571,1491.70698601,0.06400861,359.93929794,0.01998494,0.01998493,35675,109,0
5602.10124832,5602.10070712,1497.85774572,1497.87905601,0.02936109,360.07515624,0.01998494,0.01998493,35674,109,0
5602.25801156,5602.25776170,1504.04405786,1504.05390290,0.05287525,360.21035565,0.01998494,0.01998493,35673,109,0
5602.41309174,5602.41482509,1510.23474662,1510.16640590,0.04247438,360.34348068,0.01998493,0.01998493,35672,109,0
5602.57248449,5602.57189728,1516.42942998,1516.45259505,0.07153662,360.47965232,0.01998494,0.01998493,35671,109,0
5602.73065033,5602.72897828,1522.62800591,1522.69400697,0.06483524,360.61411548,0.01998494,0.01998493,35670,109,0
5602.88629890,5602.88606808,1528.83078838,1528.83990538,0.02429992,360.74580183,0.01998494,0.01998493,35669,109,0
5603.04203766,5603.04316670,1535.03812636,1534.99349946,0.02194305,360.87693817,0.01998493,0.01998493,35668,109,0
5603.20109945,5603.20027413,1541.25037049,1541.28301747,0.06026224,361.01023185,0.01998494,0.01998493,35667,109,0
5603.35780064,5603.35739036,1547.46787309,1547.48411551,0.07521997,361.14091998,0.01998494,0.01998493,35666,109,0
5603.51586181,5603.51451541,1553.69094003,1553.74428824,0.04829756,361.27211617,0.01998494,0.01998493,35665,109,0
5603.66985910,5603.67164927,0.00000000,1559.85490033,0.03070645,361.39946384,0.01998493,0.01998493,35664,109,1
5603.82824489,5603.82879194,1566.15346820,1566.13175818,0.05730007,361.52954158,0.01998493,0.01998493,35663,109,0
5603.98639854,5603.98594342,1572.39255301,1572.41062852,0.07790434,361.65891622,0.01998494,0.01998493,35662,109,0
5604.14546663,5604.14310372,0.00000000,1578.73593311,0.04857639,361.78849439,0.01998494,0.01998493,35661,109,1
5604.29959889,5604.30027283,1584.88541598,1584.85861198,0.02066100,361.91320153,0.01998493,0.01998493,35660,109,0
5604.45846158,5604.45745076,1591.13892766,1591.17915870,0.05826624,362.04119576,0.01998494,0.01998493,35659,109,0
5604.61516387,5604.61463750,1597.39725224,1597.41821706,0.08624884,362.16679939,0.01998494,0.01998493,35658,109,0
5604.77319126,5604.77183306,1603.66052815,1603.71466440,0.05782840,362.29281257,0.01998494,0.01998493,35657,109,0
5604.92938129,5604.92903744,1609.92889451,1609.94261053,0.04349431,362.41671774,0.01998494,0.01998493,35656,109,0
5605.08656608,5605.08625063,1616.20249110,1616.21508396,0.04222345,362.54076785,0.01998494,0.01998494,35655,109,0
5605.24416800,5605.24347265,1622.48143932,1622.50922069,0.09877121,362.66449894,0.01998494,0.01998494,35654,109,0
5605.40006693,5605.40070349,1628.76572064,1628.74026874,0.04123228,362.78625228,0.01998493,0.01998494,35653,109,0
5605.55755110,5605.55794314,1635.05525353,1635.03956597,0.03041183,362.90859325,0.01998493,0.01998494,35652,109,0
5605.71482473,5605.71519162,1641.34995572,1641.33526342,0.06466446,363.03011492,0.01998493,0.01998494,35651,109,0
5605.87213296,5605.87244892,1647.64974454,1647.63708260,0.06153232,363.15100445,0.01998493,0.01998494,35650,109,0
5606.02937251,5606.02971504,1653.95453815,1653.94080108,0.05091825,363.27117941,0.01998493,0.01998494,35649,109,0
5606.18672127,5606.18698998,1660.26432964,1660.25354483,0.04784073,363.39077366,0.01998493,0.01998494,35648,109,0
5606.34336706,5606.34427375,1666.57922918,1666.54281163,0.12399974,363.50917402,0.01998493,0.01998494,35647,109,0
5606.50124359,5606.50156635,1672.89935763,1672.88638387,0.02914932,363.62783925,0.01998493,0.01998494,35646,109,0
5606.65863028,5606.65886777,1679.22483640,1679.21528259,0.05889156,363.74547189,0.01998493,0.01998494,35645,109,0
5606.81640333,5606.81617802,1685.55578751,1685.56485911,0.05268438,363.86272791,0.01998494,0.01998494,35644,109,0
5606.97413157,5606.97349709,1691.89230461,1691.91787079,0.02586204,363.97928451,0.01998494,0.01998494,35643,109,0
5607.13174510,5607.13082499,1698.23431957,1698.27142470,0.04109630,364.09508790,0.01998494,0.01998494,35642,109,0
5607.28845462,5607.28816172,1704.58170742,1704.59352825,0.07008889,364.20956050,0.01998494,0.01998494,35641,109,0
5607.44566284,5607.44550728,1710.93434248,1710.94062515,0.01588299,364.32372546,0.01998494,0.01998494,35640,109,0
5607.60350132,5607.60286167,1717.29209847,1717.31795221,0.05349754,364.43766701,0.01998494,0.01998494,35639,109,0
5607.75901038,5607.76022490,1723.65485277,1723.60572814,0.09111014,364.54925571,0.01998493,0.01998494,35638,109,0
5607.91719144,5607.91759695,1730.02259830,1730.00618416,0.03048226,364.66207635,0.01998493,0.01998494,35637,109,0
5608.07600178,5608.07497783,1736.39545385,1736.43693254,0.06950849,364.77465081,0.01998494,0.01998494,35636,109,0
5608.23281302,5608.23236755,1742.77354511,1742.79160446,0.04479733,364.88512534,0.01998494,0.01998494,35635,109,0
5608.38950114,5608.38976611,1749.15699838,1749.14624808,0.01887784,364.99483577,0.01998493,0.01998494,35634,109,0
5608.54651844,5608.54717349,1755.54594055,1755.51934191,0.06903671,365.10409777,0.01998493,0.01998494,35633,109,0
5608.70599089,5608.70458972,1761.94046622,1761.99740776,0.03439845,365.21437227,0.01998494,0.01998494,35632,109,0
5608.86144932,5608.86201478,1768.34056468,1768.31756681,0.05773649,365.32119393,0.01998493,0.01998494,35631,109,0
5609.01984222,5609.01944867,1774.74620404,1774.76222328,0.05963373,365.42934193,0.01998494,0.01998494,35630,109,0
5609.17646718,5609.17689141,1781.15735221,1781.14007084,0.04504249,365.53559550,0.01998493,0.01998494,35629,109,0
5609.33458174,5609.33434298,1787.57397695,1787.58371120,0.08105155,365.64216391,0.01998494,0.01998494,35628,109,0
5609.49261256,5609.49180339,1793.99604619,1794.02906159,0.03269494,365.74797501,0.01998494,0.01998494,35627,109,0
5609.64948002,5609.64927264,1800.42353144,1800.43199952,0.06641448,365.85231188,0.01998494,0.01998494,35626,109,0
5609.80688226,5609.80675073,1806.85640626,1806.86178108,0.04774824,365.95630587,0.01998494,0.01998494,35625,109,0
5609.96464517,5609.96423766,1813.29464408,1813.31130970,0.05820835,366.05983369,0.01998494,0.01998494,35624,109,0
5610.12209928,5610.12173344,1819.73821818,1819.75319147,0.06434273,366.16245338,0.01998494,0.01998494,35623,109,0
5610.27940845,5610.27923806,1826.18710250,1826.19408170,0.05169700,366.26427254,0.01998494,0.01998494,35622,109,0
5610.43677807,5610.43675152,1832.64131203,1832.64240054,0.05969240,366.36542307,0.01998494,0.01998494,35621,109,0
5610.59446281,5610.59427382,1839.10092169,1839.10867447,0.03789116,366.46606544,0.01998494,0.01998494,35620,109,0
5610.75211376,5610.75180498,1845.56601151,1845.57868929,0.04584408,366.56597442,0.01998494,0.01998494,35619,109,0
5610.91067478,5610.90934497,1852.03666190,1852.09130340,0.03407718,366.66574152,0.01998494,0.01998494,35618,109,0
5611.06724953,5611.06689382,1858.51295368,1858.52758168,0.05738967,366.76355094,0.01998494,0.01998494,35617,109,0
5611.22518190,5611.22445151,1864.99496919,1865.02503051,0.01177883,366.86149509,0.01998494,0.01998494,35616,109,0
5611.38349691,5611.38201805,1871.48279507,1871.54371360,0.06959760,366.95895678,0.01998494,0.01998494,35615,109,0
5611.53956036,5611.53959343,1877.97651928,1877.97515559,0.01484564,367.05432631,0.01998494,0.01998494,35614,109,0
5611.69765184,5611.69717767,1884.47623026,1884.49579644,0.06751976,367.15021967,0.01998494,0.01998494,35613,109,0
5611.85495650,5611.85477076,1890.98201685,1890.98968803,0.01209760,367.24492021,0.01998494,0.01998494,35612,109,0
5612.01358210,5612.01237270,1897.49394660,1897.54393964,0.05606087,367.33969202,0.01998494,0.01998494,35611,109,0
5612.16978028,5612.16998349,1904.01189025,1904.00348320,0.02682920,367.43229919,0.01998494,0.01998494,35610,109,0
5612.32827549,5612.32760313,1910.53561298,1910.56345233,0.06605001,367.52553819,0.01998494,0.01998494,35609,109,0
5612.48535448,5612.48523163,1917.06487774,1917.06996855,0.03002728,367.61721321,0.01998494,0.01998494,35608,109,0
5612.64316989,5612.64286898,1923.59944623,1923.61192471,0.07208636,367.70858004,0.01998494,0.01998494,35607,109,0
5612.79993736,5612.80051518,1930.13908822,1930.11511007,0.03541808,367.79860284,0.01998494,0.01998494,35606,109,0
5612.95954314,5612.95817024,1936.68382774,1936.74084230,0.04958983,367.88949912,0.01998494,0.01998494,35605,109,0
5613.11549490,5613.11583416,1943.23396880,1943.21986873,0.03252557,367.97757955,0.01998494,0.01998494,35604,109,0
5613.27247588,5613.27350694,1949.78983126,1949.74694294,0.06957156,368.06551007,0.01998493,0.01998494,35603,109,0
5613.43155967,5613.43118857,1956.35173667,1956.36718720,0.05846014,368.15387230,0.01998494,0.01998494,35602,109,0
5613.58903542,5613.58887906,1962.92000722,1962.92652306,0.02885159,368.24060370,0.01998494,0.01998494,35601,109,0
5613.74704269,5613.74657841,1969.49478262,1969.51414802,0.04680704,368.32688978,0.01998494,0.01998494,35600,109,0
5613.90480114,5613.90428662,1976.07581070,1976.09729075,0.02383619,368.41229684,0.01998494,0.01998494,35599,109,0
5614.06175507,5614.06200369,1982.66278756,1982.65240003,0.05220151,368.49652540,0.01998494,0.01998494,35598,109,0
5614.21981495,5614.21972962,1989.25540766,1989.25897571,0.06068887,368.58059258,0.01998494,0.01998494,35597,109,0
5614.37740732,5614.37746441,1995.85336378,1995.85097478,0.02718942,368.66365109,0.01998494,0.01998494,35596,109,0
5614.53512966,5614.53520807,2002.45642437,2002.45314106,0.03873608,368.74601353,0.01998494,0.01998494,35595,109,0
5614.69258978,5614.69296059,2009.06467340,2009.04913436,0.01729707,368.82747530,0.01998494,0.01998494,35594,109,0
5614.85019952,5614.85072198,2015.67827638,2015.65636589,0.06836618,368.90825045,0.01998494,0.01998494,35593,109,0
5615.00864440,5615.00849223,2022.29739971,2022.30378654,0.06993305,368.98868328,0.01998494,0.01998494,35592,109,0
5615.16721150,5615.16627135,2028.92221068,2028.96170199,0.02415021,369.06840490,0.01998494,0.01998494,35591,109,0
5615.32502368,5615.32405933,2035.55287886,2035.59342071,0.05858321,369.14697895,0.01998494,0.01998494,35590,109,0
5615.48206960,5615.48185618,2042.18958546,2042.19856550,0.08290766,369.22441087,0.01998494,0.01998494,35589,109,0
5615.64053038,5615.63966190,2048.83251756,2048.86909347,0.03328709,369.30177135,0.01998494,0.01998494,35588,109,0
5615.79746393,5615.79747649,2055.48186327,2055.48133414,0.06160307,369.37762482,0.01998494,0.01998494,35587,109,0
5615.95532330,5615.95529995,2062.13781171,2062.13879703,0.03686659,369.45316114,0.01998494,0.01998494,35586,109,0
5616.11256633,5616.11313227,2068.80053999,2068.77663794,0.04769383,369.52763976,0.01998494,0.01998494,35585,109,0
5616.27107500,5616.27097347,2075.47004343,2075.47433554,0.06144506,369.60194484,0.01998494,0.01998494,35584,109,0
5616.42806471,5616.42882355,2082.14618259,2082.11407370,0.08294455,369.67476896,0.01998493,0.01998494,35583,109,0
5616.58746158,5616.58668249,2088.82881411,2088.86181023,0.02094993,369.74792279,0.01998494,0.01998494,35582,109,0
5616.74464910,5616.74455031,2095.51779381,2095.52198149,0.05548424,369.81928232,0.01998494,0.01998494,35581,109,0
5616.90319030,5616.90242700,2102.21297886,2102.24536267,0.06465078,369.89046763,0.01998494,0.01998494,35580,109,0
5617.06167282,5617.06031257,2108.91428420,2108.97204366,0.01627188,369.96083175,0.01998494,0.01998494,35579,109,0
5617.21769192,5617.21820701,2115.62168843,2115.59979806,0.06297738,370.02932352,0.01998494,0.01998494,35578,109,0
5617.37655804,5617.37611033,2122.33517333,2122.35421653,0.08500378,370.09826891,0.01998494,0.01998494,35577,109,0
5617.53260768,5617.53402252,2129.05472051,2128.99449010,0.02971568,370.16520752,0.01998493,0.01998494,35576,109,0
5617.69133633,5617.69194360,2135.78031255,2135.75443924,0.07312888,370.23249535,0.01998494,0.01998494,35575,109,0
5617.84994121,5617.84987355,2142.51199294,2142.51487825,0.06746659,370.29892312,0.01998494,0.01998494,35574,109,0
5618.00856377,5618.00781238,2149.24989881,2149.28196838,0.04942297,370.36454999,0.01998494,0.01998494,35573,109,0
5618.16564456,5618.16576010,2155.99417593,2155.98924014,0.03201992,370.42874152,0.01998494,0.01998494,35572,109,0
5618.32249265,5618.32371669,2162.74497087,2162.69263336,0.07599604,370.49204524,0.01998493,0.01998494,35571,109,0
5618.48164987,5618.48168217,2169.50243051,2169.50104810,0.07446390,370.55547020,0.01998494,0.01998494,35570,109,0
5618.63956645,5618.63965652,2176.26663250,2176.26277379,0.05884808,370.61759192,0.01998494,0.01998494,35569,109,0
5618.79700454,5618.79763977,2183.03751343,2183.01027630,0.02067758,370.67872038,0.01998494,0.01998494,35568,109,0
5618.95441306,5618.95563189,2189.81499246,2189.76268379,0.07456487,370.73903066,0.01998493,0.01998494,35567,109,0
5619.11413857,5619.11363290,2196.59898826,2196.62070985,0.04421211,370.79940100,0.01998494,0.01998494,35566,109,0
5619.27215427,5619.27164280,2203.38941902,2203.41140937,0.06353861,370.85830160,0.01998494,0.01998494,35565,109,0
5619.42988807,5619.42966158,2210.18619899,2210.19594525,0.04613709,370.91627718,0.01998494,0.01998494,35564,109,0
5619.58838644,5619.58768925,2216.98923326,2217.01926011,0.01453142,370.97370548,0.01998494,0.01998494,35563,109,0
5619.74518554,5619.74572580,2223.79842505,2223.77513731,0.03644348,371.02969806,0.01998494,0.01998494,35562,109,0
5619.90371915,5619.90377125,2230.61367697,2230.61142931,0.06425482,371.08547782,0.01998494,0.01998494,35561,109,0
5620.06095523,5620.06182558,2237.43489112,2237.39731411,0.07315805,371.13997153,0.01998494,0.01998494,35560,109,0
5620.22099495,5620.21988880,2244.26204018,2244.30983732,0.07021053,371.19458616,0.01998494,0.01998494,35559,109,0
5620.37734177,5620.37796092,2251.09530601,2251.06852963,0.07434527,371.24711102,0.01998494,0.01998494,35558,109,0
5620.53612393,5620.53604192,2257.93490981,2257.93845952,0.02779836,371.29961436,0.01998494,0.01998494,35557,109,0
5620.69259548,5620.69413182,2264.78107405,2264.71451151,0.06668711,371.35052524,0.01998493,0.01998494,35556,109,0
5620.85230604,5620.85223061,2271.63402244,2271.63729334,0.05330028,371.40164115,0.01998494,0.01998494,35555,109,0
5621.01053027,5621.01033830,2278.49392568,2278.50225886,0.05658176,371.45143447,0.01998494,0.01998494,35554,109,0
5621.16871346,5621.16845488,2285.36078121,2285.37201663,0.03530207,371.50036970,0.01998494,0.01998494,35553,109,0
5621.32646718,5621.32658035,2292.23455153,2292.22962938,0.05613921,371.54832762,0.01998494,0.01998494,35552,109,0
5621.48438430,5621.48471472,2299.11519889,2299.10081498,0.07305295,371.59548780,0.01998494,0.01998494,35551,109,0
5621.64293201,5621.64285799,2306.00268530,2306.00591036,0.07710778,371.64198057,0.01998494,0.01998494,35550,109,0
5621.80091442,5621.80101015,2312.89695504,2312.89277989,0.01718704,371.68745183,0.01998494,0.01998494,35549,109,0
5621.95937823,5621.95917122,2319.79789498,2319.80693127,0.06267820,371.73220027,0.01998494,0.01998494,35548,109,0
5622.11797489,5622.11734118,2326.70537971,2326.73306675,0.03471098,371.77611920,0.01998494,0.01998494,35547,109,0
5622.27544253,5622.27552004,2333.61928303,2333.61589364,0.05228311,371.81886415,0.01998494,0.01998494,35546,109,0
5622.43461361,5622.43370780,2340.53947806,2340.57912074,0.06570491,371.86119612,0.01998494,0.01998494,35545,109,0
5622.59273861,5622.59190447,2347.46593404,2347.50247223,0.05778806,371.90237594,0.01998494,0.01998494,35544,109,0
5622.74991507,5622.75011003,2354.39891892,2354.39037136,0.05699297,371.94244474,0.01998494,0.01998494,35543,109,0
5622.90835248,5622.90832450,2361.33875964,2361.33998755,0.05644348,371.98196262,0.01998494,0.01998494,35542,109,0
5623.06587926,5623.06654787,2368.28578505,2368.25641387,0.03585900,372.02038433,0.01998494,0.01998494,35541,109,0
5623.22508241,5623.22478015,2375.24032574,2375.25361779,0.07443099,372.05833358,0.01998494,0.01998494,35540,109,0
5623.38371257,5623.38302133,2382.20257514,2382.23300418,0.05376001,372.09526321,0.01998494,0.01998494,35539,109,0
5623.54150642,5623.54127141,2389.17234963,2389.18270506,0.04703010,372.13111982,0.01998494,0.01998494,35538,109,0
5623.70082881,5623.69953041,2396.14940085,2396.20667063,0.07297956,372.16643092,0.01998495,0.01998494,35537,109,0
5623.85878250,5623.85779831,2403.13347889,2403.17692991,0.08261388,372.20054911,0.01998494,0.01998494,35536,109,0
5624.01761095,5624.01607511,2410.12433279,2410.19219879,0.06157115,372.23395931,0.01998495,0.01998494,35535,109,0
5624.17340895,5624.17436083,2417.12180499,2417.07970573,0.07378781,372.26585506,0.01998494,0.01998494,35534,109,0
5624.33300186,5624.33265546,2424.12594997,2424.14128461,0.05623245,372.29762497,0.01998494,0.01998494,35533,109,0
5624.49092243,5624.49095899,2431.13685152,2431.13523141,0.07935149,372.32816053,0.01998494,0.01998494,35532,109,0
5624.64977137,5624.64927144,2438.15459390,2438.17676514,0.02248769,372.35796880,0.01998494,0.01998494,35531,109,0
5624.80886261,5624.80759280,2445.17926251,2445.23563018,0.06219913,372.38690876,0.01998495,0.01998494,35530,109,0
5624.96684891,5624.96592307,2452.21099766,2452.25213600,0.07367716,372.41474069,0.01998494,0.01998494,35529,109,0
5625.12499384,5625.12426226,2459.25003528,2459.28257473,0.06219414,372.44169359,0.01998494,0.01998494,35528,109,0
5625.28263366,5625.28261036,2466.29662220,2466.29765985,0.03758113,372.46765547,0.01998494,0.01998494,35527,109,0
5625.44131651,5625.44096737,2473.35100677,2473.36656850,0.03935348,372.49287468,0.01998494,0.01998494,35526,109,0
5625.59984391,5625.59933330,2480.41343132,2480.43621485,0.03808002,372.51715091,0.01998494,0.01998494,35525,109,0
5625.75698518,5625.75770814,2487.48385980,2487.45156757,0.04827594,372.54030594,0.01998494,0.01998494,35524,109,0
5625.91603514,5625.91609191,2494.56189803,2494.55935989,0.04331782,372.56281643,0.01998494,0.01998494,35523,109,0
5626.07445671,5626.07448459,2501.64712603,2501.64587848,0.03513140,372.58430800,0.01998494,0.01998494,35522,109,0
5626.23309042,5626.23288619,2508.73912121,2508.74826905,0.04650011,372.60489440,0.01998494,0.01998494,35521,109,0
5626.39098290,5626.39129670,2515.83747922,2515.82341181,0.04449160,372.62445295,0.01998494,0.01998494,35520,109,0
5626.54928869,5626.54971614,2522.94218248,2522.92300397,0.07483202,372.64312714,0.01998494,0.01998494,35519,109,0
5626.70906357,5626.70814450,2530.05355824,2530.09483150,0.05998269,372.66102317,0.01998495,0.01998494,35518,109,0
5626.86609523,5626.86658178,2537.17194766,2537.15007707,0.05067831,372.67767883,0.01998494,0.01998494,35517,109,0
5627.02531974,5627.02502798,2544.29769401,2544.31082150,0.05089372,372.69362065,0.01998494,0.01998494,35516,109,0
5627.18425992,5627.18348311,2551.43111483,2551.46610379,0.02738899,372.70858142,0.01998495,0.01998494,35515,109,0
5627.34145997,5627.34194716,2558.57225293,2558.55028697,0.03434682,372.72243940,0.01998494,0.01998494,35514,109,0
5627.50011701,5627.50042013,2565.72099293,2565.70731230,0.06353522,372.73547583,0.01998494,0.01998494,35513,109,0
5627.65842761,5627.65890203,2572.87721684,2572.85578410,0.05083927,372.74752948,0.01998494,0.01998494,35512,109,0
5627.81923181,5627.81739286,0.00000000,2580.12655956,0.06194924,372.75879779,0.01998495,0.01998494,35511,109,1
5627.97632243,5627.97589261,2587.21166715,2587.23112230,0.04371360,372.76884258,0.01998494,0.01998494,35510,109,0
5628.13391203,5628.13440129,2594.38985074,2594.36768339,0.06972085,372.77797141,0.01998494,0.01998494,35509,109,0
5628.29244296,5628.29291890,2601.57545548,2601.55387069,0.05288887,372.78619033,0.01998494,0.01998494,35508,109,0
5628.45088302,5628.45144544,2608.76858086,2608.74304863,0.05670828,372.79343530,0.01998494,0.01998494,35507,109,0
5628.61054873,5628.60998090,2615.96932692,2615.99513097,0.08041193,372.79975325,0.01998494,0.01998494,35506,109,0
5628.76921115,5628.76852530,2623.17779709,2623.20899659,0.05400783,372.80505105,0.01998494,0.01998494,35505,109,0
5628.92641511,5628.92707863,2630.39410316,2630.36388868,0.03443926,372.80933336,0.01998494,0.01998494,35504,109,0
5629.08523697,5629.08564089,2637.61835902,2637.59994615,0.05602900,372.81267953,0.01998494,0.01998494,35503,109,0
5629.24385002,5629.24421208,2644.85067927,2644.83415683,0.05465764,372.81503499,0.01998494,0.01998494,35502,109,0
5629.40294752,5629.40279221,2652.09117767,2652.09827243,0.08692143,372.81640433,0.01998494,0.01998494,35501,109,0
5629.56196945,5629.56138127,2659.33988784,2659.36678618,0.02856118,372.81677572,0.01998494,0.01998494,35500,109,0
5629.71985793,5629.71997927,2666.59672382,2666.59116902,0.03517680,372.81615486,0.01998494,0.01998494,35499,109,0
5629.87966858,5629.87858620,2673.86158943,2673.91119259,0.06154130,372.81451915,0.01998495,0.01998494,35498,109,0
5630.03789713,5630.03720207,2681.13438780,2681.16627360,0.06335372,372.81189818,0.01998494,0.01998494,35497,109,0
5630.19649561,5630.19582688,2688.41502986,2688.44573927,0.04553192,372.80826808,0.01998494,0.01998494,35496,109,0
5630.35508014,5630.35446063,2695.70354617,2695.73202483,0.05669206,372.80363120,0.01998494,0.01998494,35495,109,0
5630.51290195,5630.51310331,2703.00005714,2702.99079095,0.06436965,372.79801369,0.01998494,0.01998494,35494,109,0
5630.67296750,5630.67175493,2710.30468610,2710.36054486,0.01906459,372.79129110,0.01998495,0.01998494,35493,109,0
5630.82975492,5630.83041550,2717.61755712,2717.58709396,0.04313847,372.78370199,0.01998494,0.01998494,35492,109,0
5630.98855044,5630.98908500,2724.93875463,2724.91407631,0.06974820,372.77499939,0.01998494,0.01998494,35491,109,0
5631.14701367,5631.14776345,2732.26814353,2732.23349322,0.04330547,372.76529240,0.01998494,0.01998494,35490,109,0
5631.30577851,5631.30645084,2739.60551328,2739.57441052,0.03223905,372.75453962,0.01998494,0.01998494,35489,109,0
5631.46430459,5631.46514717,2746.95065185,2746.91163469,0.04970574,372.74277426,0.01998494,0.01998494,35488,109,0
5631.62368823,5631.62385245,2754.30334658,2754.29573500,0.06726501,372.72990628,0.01998494,0.01998494,35487,109,0
5631.78190335,5631.78256667,2761.66353219,2761.63275658,0.02908000,372.71609947,0.01998494,0.01998494,35486,109,0
5631.94163512,5631.94128984,2769.03146762,2769.04750355,0.07546217,372.70111261,0.01998494,0.01998494,35485,109,0
5632.10018291,5632.10002195,2776.40745633,2776.41493968,0.03656648,372.68519209,0.01998494,0.01998494,35484,109,0
5632.25901176,5632.25876302,2783.79180374,2783.80338118,0.05475656,372.66819584,0.01998494,0.01998494,35483,109,0
5632.41750394,5632.41751303,2791.18480715,2791.18438375,0.05270882,372.65018648,0.01998494,0.01998494,35482,109,0
5632.57646813,5632.57627198,2798.58657271,2798.59572264,0.03160119,372.63106708,0.01998494,0.01998494,35481,109,0
5632.73530744,5632.73503989,2805.99703437,2806.00952906,0.06444882,372.61090268,0.01998494,0.01998494,35480,109,0
5632.89346748,5632.89381675,2813.41611948,2813.39979056,0.03101900,372.58976851,0.01998494,0.01998494,35479,109,0
5633.05305466,5633.05260256,2820.84375489,2820.86491474,0.06053716,372.56737237,0.01998495,0.01998494,35478,109,0
5633.21236650,5633.21139732,2828.27987468,2828.32528446,0.03082654,372.54393839,0.01998495,0.01998494,35477,109,0
5633.37028941,5633.37020103,2835.72445447,2835.72859969,0.06545690,372.51964391,0.01998494,0.01998494,35476,109,0
5633.52897393,5633.52901370,2843.17748380,2843.17561634,0.06466759,372.49416117,0.01998494,0.01998494,35475,109,0
5633.68799330,5633.68783532,2850.63895210,2850.64637789,0.06804252,372.46754426,0.01998495,0.01998494,35474,109,0
5633.84667199,5633.84666590,2858.10884834,2858.10913493,0.04889271,372.43990301,0.01998494,0.01998494,35473,109,0
5634.00441472,5634.00550543,2865.58713210,2865.53575394,0.03892521,372.41135099,0.01998494,0.01998494,35472,109,0
5634.16538112,5634.16435391,2873.07371065,2873.12214856,0.06390232,372.38110879,0.01998495,0.01998494,35471,109,0
5634.32411778,5634.32321136,2880.56848526,2880.61127184,0.03049346,372.35018786,0.01998495,0.01998494,35470,109,0
5634.48126139,5634.48207776,2888.07135648,2888.03278171,0.05407514,372.31850082,0.01998494,0.01998494,35469,109,0
5634.64154907,5634.64095312,2895.58224661,2895.61043486,0.02282873,372.28507356,0.01998495,0.01998494,35468,109,0
5634.80002018,5634.79983744,2903.10131711,2903.10996969,0.05900046,372.25092293,0.01998495,0.01998494,35467,109,0
5634.95903250,5634.95873072,2910.62887566,2910.64318018,0.01633144,372.21554939,0.01998495,0.01998494,35466,109,0
5635.11673005,5635.11763296,2918.16523408,2918.12238661,0.05442649,372.17936904,0.01998494,0.01998494,35465,109,0
5635.27644505,5635.27654417,2925.71070616,2925.70599695,0.02566290,372.14160486,0.01998494,0.01998494,35464,109,0
5635.43489762,5635.43546433,2933.26548193,2933.23852576,0.06661214,372.10301979,0.01998494,0.01998494,35463,109,0
5635.59507522,5635.59439346,2940.82940139,2940.86186690,0.06025030,372.06287852,0.01998495,0.01998494,35462,109,0
5635.75317867,5635.75333155,2948.40224253,2948.39495411,0.03979777,372.02213438,0.01998494,0.01998494,35461,109,0
5635.91253536,5635.91227861,2955.98378175,2955.99603526,0.09223607,371.97993629,0.01998495,0.01998494,35460,109,0
5636.07022910,5636.07123463,2963.57380981,2963.52577118,0.03395418,371.93705857,0.01998494,0.01998494,35459,109,0
5636.22987007,5636.23019962,2971.17237823,2971.15661724,0.06739144,371.89251284,0.01998494,0.01998495,35458,109,0
5636.38988126,5636.38917357,2978.77975359,2978.81363758,0.06023567,371.84670917,0.01998495,0.01998495,35457,109,0
5636.54991256,5636.54815650,0.00000000,2986.48547664,0.07881145,371.79970666,0.01998495,0.01998495,35456,109,1
5636.70852917,5636.70714839,0.00000000,2994.09428048,0.04258726,371.75199278,0.01998495,0.01998495,35455,109,1
5636.86556855,5636.86614925,3001.65740545,3001.62950308,0.04278796,371.70366314,0.01998494,0.01998495,35454,109,0
5637.02539755,5637.02515908,3009.30231182,3009.31378405,0.08392801,371.65327355,0.01998495,0.01998495,35453,109,0
5637.18601219,5637.18417788,0.00000000,3017.05106904,0.06140255,371.60141017,0.01998495,0.01998495,35452,109,1
5637.34210042,5637.34320565,3024.62034574,3024.56705309,0.05544572,371.54994816,0.01998494,0.01998495,35451,109,0
5637.50222537,5637.50224240,3032.29329897,3032.29247723,0.05647336,371.49594086,0.01998495,0.01998495,35450,109,0
5637.66223232,5637.66128811,3039.97555368,3040.02118784,0.05251024,371.44078340,0.01998495,0.01998495,35449,109,0
5637.81972968,5637.82034280,3047.66725433,3047.63758701,0.06641172,371.38532457,0.01998494,0.01998495,35448,109,0
5637.97960916,5637.97940647,3055.36854975,3055.37836912,0.04288726,371.32783829,0.01998495,0.01998495,35447,109,0
5638.14013363,5638.13847911,0.00000000,3063.16080176,0.04853919,371.26890279,0.01998495,0.01998495,35446,109,1
5638.29814428,5638.29756073,3070.80041037,3070.82874896,0.05606964,371.20971645,0.01998495,0.01998495,35445,109,0
5638.45617884,5638.45665132,3078.53069400,3078.50772273,0.03948546,371.14933313,0.01998494,0.01998495,35444,109,0
5638.61543134,5638.61575089,3086.27005263,3086.25449961,0.06973852,371.08728926,0.01998495,0.01998495,35443,109,0
5638.77572044,5638.77485944,3094.01809538,3094.06004455,0.04042434,371.02362952,0.01998495,0.01998495,35442,109,0
5638.93331451,5638.93397697,3101.77447002,3101.74216120,0.02611083,370.95985408,0.01998494,0.01998495,35441,109,0
5639.09359471,5639.09310348,3109.53935622,3109.56333968,0.07139419,370.89378042,0.01998495,0.01998495,35440,109,0
5639.25229754,5639.25223897,3117.31330596,3117.31616896,0.05174617,370.82714532,0.01998495,0.01998495,35439,109,0
5639.41171788,5639.41138344,3125.09688271,3125.11324974,0.05576353,370.75898636,0.01998495,0.01998495,35438,109,0
5639.57267657,5639.57053689,0.00000000,3132.99659445,0.06545534,370.68890750,0.01998495,0.01998495,35437,109,1
5639.73090255,5639.72969933,3140.69493456,3140.75397032,0.03778515,370.61880423,0.01998495,0.01998495,35436,109,0
5639.88884317,5639.88887075,3148.50951180,3148.50815694,0.03418194,370.54759554,0.01998495,0.01998495,35435,109,0
5640.04712953,5640.04805115,3156.33409674,3156.28876694,0.07098920,370.47500447,0.01998494,0.01998495,35434,109,0
5640.20884095,5640.20724054,0.00000000,3164.24771886,0.05612883,370.39956835,0.01998495,0.01998495,35433,109,1
5640.36567399,5640.36643892,3172.01217518,3171.97446547,0.04653952,370.32519041,0.01998494,0.01998495,35432,109,0
5640.52657835,5640.52564628,3179.86550701,3179.91151128,0.05715667,370.24761603,0.01998495,0.01998495,35431,109,0
5640.68450317,5640.68486263,3187.72862089,3187.71085799,0.06242058,370.17023045,0.01998495,0.01998495,35430,109,0
5640.84523353,5640.84408796,3195.60174487,3195.65842416,0.03388077,370.09019449,0.01998495,0.01998495,35429,109,0
5641.00336107,5641.00332229,3203.48510286,3203.48702410,0.06217155,370.01019243,0.01998495,0.01998495,35428,109,0
5641.16206812,5641.16256561,3211.37874014,3211.35406470,0.08085057,369.92863371,0.01998495,0.01998495,35427,109,0
5641.32152732,5641.32181791,3219.28249112,3219.26806020,0.04885823,369.84541112,0.01998495,0.01998495,35426,109,0
5641.48040543,5641.48107921,3227.19617688,3227.16267703,0.06292756,369.76121616,0.01998494,0.01998495,35425,109,0
5641.64097353,5641.64034950,3235.11961716,3235.15067994,0.04828914,369.67482967,0.01998495,0.01998495,35424,109,0
5641.79993024,5641.79962878,3243.05272252,3243.06774595,0.05315762,369.58802377,0.01998495,0.01998495,35423,109,0
5641.95867845,5641.95891706,3250.99568688,3250.98378142,0.05806741,369.50004823,0.01998495,0.01998495,35422,109,0
5642.11954264,5642.11821433,0.00000000,3259.01851741,0.05028530,369.40954600,0.01998495,0.01998495,35421,109,1
5642.27715172,5642.27752059,3266.91219390,3266.89374292,0.07404229,369.31966008,0.01998495,0.01998495,35420,109,0
5642.43662876,5642.43683585,3274.88622004,3274.87584802,0.04931264,369.22736186,0.01998495,0.01998495,35419,109,0
5642.59594771,5642.59616011,3282.87088798,3282.86023666,0.03921684,369.13383637,0.01998495,0.01998495,35418,109,0
5642.75577282,5642.75549336,3290.86615542,3290.88018725,0.04595981,369.03868534,0.01998495,0.01998495,35417,109,0
5642.91535074,5642.91483562,3298.87197900,3298.89787678,0.07801717,368.94235007,0.01998495,0.01998495,35416,109,0
5643.07429147,5643.07418687,3306.88831522,3306.89358060,0.06374965,368.84507311,0.01998495,0.01998495,35415,109,0
5643.23450591,5643.23354712,3314.91512887,3314.96345239,0.04056946,368.74567290,0.01998495,0.01998495,35414,109,0
5643.39284529,5643.39291637,3322.95239403,3322.94880700,0.05094016,368.64610647,0.01998495,0.01998495,35413,109,0
5643.55269599,5643.55229462,3331.00008505,3331.02036440,0.08281003,368.54424487,0.01998495,0.01998495,35412,109,0
5643.71249809,5643.71168188,3339.05817628,3339.09946670,0.06840399,368.44105955,0.01998495,0.01998495,35411,109,0
5643.87112591,5643.87107814,3347.12672339,3347.12914330,0.05508396,368.33728774,0.01998495,0.01998495,35410,109,0
5644.03099036,5644.03048340,3355.20597634,3355.23168768,0.07316755,368.23134373,0.01998495,0.01998495,35409,109,0
5644.19008585,5644.18989766,3363.29621520,3363.30577192,0.07740814,368.12454239,0.01998495,0.01998495,35408,109,0
5644.34917250,5644.34932093,3371.39772222,3371.39017433,0.08502631,368.01637502,0.01998495,0.01998495,35407,109,0
5644.50959792,5644.50875321,3379.51071504,3379.55372901,0.07956245,367.90590023,0.01998495,0.01998495,35406,109,0
5644.66835989,5644.66819449,3387.63507525,3387.64350880,0.07449887,367.79518641,0.01998495,0.01998495,35405,109,0
5644.82816412,5644.82764478,3395.77057687,3395.79709191,0.03351371,367.68235310,0.01998495,0.01998495,35404,109,0
5644.98735251,5644.98710408,3403.91699201,3403.92969174,0.05012013,367.56856389,0.01998495,0.01998495,35403,109,0
5645.14539657,5645.14657238,3412.07411034,3412.01392794,0.04717721,367.45421787,0.01998494,0.01998495,35402,109,0
5645.30594090,5645.30604970,3420.24192718,3420.23635116,0.05231553,367.33665587,0.01998495,0.01998495,35401,109,0
5645.46494385,5645.46553603,3428.42056316,3428.39017662,0.08057065,367.21881851,0.01998495,0.01998495,35400,109,0
5645.62517227,5645.62503136,3436.61014159,3436.61738133,0.03671819,367.09865298,0.01998495,0.01998495,35399,109,0
5645.78484274,5645.78453571,3444.81078731,3444.82658289,0.04519951,366.97748129,0.01998495,0.01998495,35398,109,0
5645.94324491,5645.94404907,3453.02264103,3452.98121494,0.04531621,366.85586006,0.01998495,0.01998495,35397,109,0
5646.10368224,5646.10357145,3461.24586010,3461.25157535,0.06593528,366.73123534,0.01998495,0.01998495,35396,109,0
5646.26376306,5646.26310284,3469.48060384,3469.51470689,0.06589310,366.60543487,0.01998495,0.01998495,35395,109,0
5646.42202611,5646.42264324,3477.72703137,3477.69511080,0.08383610,366.47962907,0.01998495,0.01998495,35394,109,0
5646.58105700,5646.58219266,3485.98519368,3485.92637327,0.03355134,366.35177104,0.01998494,0.01998495,35393,109,0
5646.74251849,5646.74175110,3494.25495693,3494.29475693,0.04214846,366.22047715,0.01998495,0.01998495,35392,109,0
5646.90128641,5646.90131855,3502.53616818,3502.53449929,0.06921858,366.08991516,0.01998495,0.01998495,35391,109,0
5647.06138427,5647.06089502,3510.82867314,3510.85411366,0.05107057,365.95679263,0.01998495,0.01998495,35390,109,0
5647.22006960,5647.22048051,3519.13231505,3519.11092084,0.07677268,365.82338870,0.01998495,0.01998495,35389,109,0
5647.37826112,5647.38007502,0.00000000,3527.34785417,0.08270770,365.68902911,0.01998494,0.01998495,35388,109,1
5647.53909578,5647.53967855,3535.77236389,3535.74194622,0.05457855,365.55079413,0.01998495,0.01998495,35387,109,0
5647.70015930,5647.69929110,3544.10844361,3544.15381455,0.04549679,365.41093807,0.01998495,0.01998495,35386,109,0
5647.85732503,5647.85891267,0.00000000,3552.37424903,0.07948510,365.27298023,0.01998494,0.01998495,35385,109,1
5648.01898764,5648.01854327,3560.81327724,3560.83656012,0.06140874,365.12963689,0.01998495,0.01998495,35384,109,0
5648.17724684,5648.17818289,3569.18360360,3569.13448843,0.03531319,364.98777161,0.01998495,0.01998495,35383,109,0
5648.33832879,5648.33783153,3577.56704197,3577.59317466,0.05747491,364.84182662,0.01998495,0.01998495,35382,109,0
5648.49742595,5648.49748919,3585.96426179,3585.96093286,0.04435215,364.69612812,0.01998495,0.01998495,35381,109,0
5648.65524939,5648.65715589,0.00000000,3594.28583908,0.05324713,364.54987073,0.01998494,0.01998495,35380,109,1
5648.81687036,5648.81683161,3602.79752042,3602.79956584,0.06901971,364.39894985,0.01998495,0.01998495,35379,109,0
5648.97676928,5648.97651635,3611.23166527,3611.24503252,0.05029721,364.24789420,0.01998495,0.01998495,35378,109,0
5649.13552812,5649.13621013,3619.67639979,3619.64031296,0.09234386,364.09640884,0.01998495,0.01998495,35377,109,0
5649.29521780,5649.29591293,3628.13231068,3628.09548030,0.05213107,363.94250540,0.01998495,0.01998495,35376,109,0
5649.45480879,5649.45562476,3636.60058719,3636.55729011,0.07091617,363.78713739,0.01998495,0.01998495,35375,109,0
5649.61697757,5649.61534562,0.00000000,3645.18727713,0.07196112,363.62729707,0.01998496,0.01998495,35374,109,1
5649.77766302,5649.77507552,0.00000000,3653.73371623,0.04192022,363.46762653,0.01998496,0.01998495,35373,109,1
5649.93730539,5649.93481444,0.00000000,3662.23667276,0.08906621,363.30740800,0.01998496,0.01998495,35372,109,1
5650.09455909,5650.09456240,3670.61372426,3670.61354745,0.07280173,363.14823845,0.01998495,0.01998495,35371,109,0
5650.25472525,5650.25431939,3679.14998620,3679.17168657,0.06879742,362.98426495,0.01998495,0.01998495,35370,109,0
5650.41362125,5650.41408541,3687.69751056,3687.67266237,0.02808454,362.82002627,0.01998495,0.01998495,35369,109,0
5650.57320322,5650.57386047,3696.25646587,3696.22123397,0.09149152,362.65350092,0.01998495,0.01998495,35368,109,0
5650.73270719,5650.73364457,3704.82767807,3704.77735872,0.09407921,362.48545581,0.01998495,0.01998495,35367,109,0
5650.89353260,5650.89343770,3713.41198848,3713.41709053,0.07859275,362.31437536,0.01998495,0.01998495,35366,109,0
5651.05335149,5651.05323987,3722.01016719,3722.01617773,0.06888900,362.14270968,0.01998495,0.01998495,35365,109,0
5651.21298325,5651.21305108,3730.62215240,3730.61849455,0.05582092,361.96959214,0.01998495,0.01998495,35364,109,0
5651.37370721,5651.37287132,3739.24737419,3739.29251795,0.07218447,361.79362662,0.01998495,0.01998495,35363,109,0
5651.53365098,5651.53270061,3747.88525036,3747.93664813,0.08951655,361.61686422,0.01998495,0.01998495,35362,109,0
5651.69497489,5651.69253893,0.00000000,3756.66019880,0.06089611,361.43705767,0.01998496,0.01998495,35361,109,1
5651.85197286,5651.85238629,3765.19733712,3765.17491774,0.09889961,361.26017985,0.01998495,0.01998495,35360,109,0
5652.01345214,5652.01224270,0.00000000,3773.93038743,0.04093758,361.07688388,0.01998495,0.01998495,35359,109,1
5652.17225606,5652.17210815,3782.55899303,3782.56703600,0.05509173,360.89466796,0.01998495,0.01998495,35358,109,0
5652.33030618,5652.33198264,0.00000000,3791.16275754,0.05010234,360.71192773,0.01998494,0.01998495,35357,109,1
5652.49149066,5652.49186618,3799.97243254,3799.95195261,0.07712198,360.52364295,0.01998495,0.01998495,35356,109,0
5652.65201618,5652.65175876,3808.69897212,3808.71303150,0.10080010,360.33452021,0.01998495,0.01998495,35355,109,0
5652.81407496,5652.81166039,0.00000000,3817.57053186,0.04300252,360.14185445,0.01998496,0.01998495,35354,109,1
5652.97120348,5652.97157106,3826.19220209,3826.17206609,0.05005729,359.95335004,0.01998495,0.01998495,35353,109,0
5653.13170254,5653.13149078,3834.95900155,3834.97061872,0.06747738,359.75909437,0.01998495,0.01998495,35352,109,0
5653.29226411,5653.29141955,3843.73923947,3843.78564090,0.03358813,359.56302140,0.01998495,0.01998495,35351,109,0
5653.45114344,5653.45135737,3852.53289257,3852.52112159,0.02574808,359.36728243,0.01998495,0.01998495,35350,109,0
5653.60994502,5653.61130423,0.00000000,3861.27570753,0.06259090,359.16968210,0.01998495,0.01998495,35349,109,1
5653.76973571,5653.77126015,0.00000000,3870.09021054,0.09428079,358.96927995,0.01998495,0.01998495,35348,109,1
5653.93156522,5653.93122512,3878.99663059,3879.01543158,0.07487682,358.76487887,0.01998495,0.01998495,35347,109,0
5654.09155198,5654.09119914,3887.84738506,3887.86692292,0.06063129,358.56069394,0.01998495,0.01998495,35346,109,0
5654.25120372,5654.25118221,3896.71371714,3896.71491046,0.05215132,358.35512464,0.01998495,0.01998495,35345,109,0
5654.41069798,5654.41117433,3905.59506612,3905.56860268,0.04353637,358.14795665,0.01998495,0.01998495,35344,109,0
5654.57157213,5654.57117551,3914.49060343,3914.51267017,0.05781425,357.93718498,0.01998495,0.01998495,35343,109,0
5654.72923505,5654.73118574,0.00000000,3923.30257371,0.07392327,357.72858837,0.01998494,0.01998495,35342,109,1
5654.89203328,5654.89120503,3932.32135398,3932.36756691,0.07489743,357.51194993,0.01998495,0.01998495,35341,109,0
5655.04956735,5655.05123338,0.00000000,3941.17752790,0.02890316,357.29993387,0.01998495,0.01998495,35340,109,1
5655.21169690,5655.21127078,3950.20818978,3950.23204357,0.07934596,357.08052021,0.01998495,0.01998495,35339,109,0
5655.37142212,5655.37131724,3959.17565763,3959.18153932,0.05846780,356.86214524,0.01998495,0.01998495,35338,109,0
5655.53252498,5655.53137276,3968.15990077,3968.22463278,0.09668994,356.63996560,0.01998496,0.01998495,35337,109,0
5655.69029066,5655.69143734,3977.15945762,3977.09493777,0.07191617,356.42054621,0.01998495,0.01998495,35336,109,0
5655.85057555,5655.85151097,3986.17264994,3986.11994477,0.12899103,356.19579087,0.01998495,0.01998495,35335,109,0
5656.01097433,5656.01159367,3995.19783270,3995.16289428,0.12573196,355.96906214,0.01998495,0.01998495,35334,109,0
5656.17243154,5656.17168543,4004.23496261,4004.27710995,0.06510251,355.73900061,0.01998495,0.01998495,35333,109,0
5656.32847879,5656.33178626,0.00000000,4013.10422363,0.07823180,355.51470682,0.01998494,0.01998495,35332,109,1
5656.48919063,5656.49189614,0.00000000,4022.20741842,0.14148908,355.28187349,0.01998494,0.01998495,35331,109,1
5656.65322607,5656.65201509,4031.43736346,4031.50613747,0.07328741,355.04244129,0.01998496,0.01998495,35330,109,0
5656.81096999,5656.81214311,4040.53969014,4040.47294584,0.09927270,354.81002620,0.01998495,0.01998495,35329,109,0
5656.97196880,5656.97228019,4049.65833207,4049.64058616,0.08254008,354.57085357,0.01998495,0.01998495,35328,109,0
5657.13082802,5657.13242634,0.00000000,4058.69860051,0.07598474,354.33299993,0.01998495,0.01998495,35327,109,1
5657.29127571,5657.29258155,0.00000000,4067.86066896,0.06648674,354.09085591,0.01998495,0.01998495,35326,109,1
5657.45092894,5657.45274583,0.00000000,4076.99224639,0.09377438,353.84795884,0.01998495,0.01998495,35325,109,1
5657.61018353,5657.61291918,0.00000000,4086.11587853,0.05120585,353.60371906,0.01998494,0.01998495,35324,109,1
nan,nan,0.00000000,-1.00000000,0.00000000,353.36439843,nan,0.00000000,-2147483648,109,1
nan,nan,0.00000000,-1.00000000,0.00000000,346.37407532,nan,0.00000000,-2147483648,108,1
5612.49517064,5612.48523163,0.00000000,9.53405370,0.07998963,346.65018467,0.01998497,0.01998494,35608,108,1
5612.49517064,5612.48523163,0.00000000,9.53405370,0.07998963,346.65018467,0.01998497,0.01998494,35608,108,1
5612.93900608,nan,0.00000000,24.30487386,0.18136971,347.38440402,0.01998487,0.01998494,35605,108,1
5612.93900608,nan,0.00000000,24.30487386,0.18136971,347.38440402,0.01998487,0.01998494,35605,108,1
nan,nan,0.00000000,-1.00000000,0.00000000,347.61695205,nan,0.00000000,-2147483648,108,1
nan,nan,0.00000000,-1.00000000,0.00000000,347.91354391,nan,0.00000000,-2147483648,108,1
nan,nan,0.00000000,-1.00000000,0.00000000,348.01226170,nan,0.00000000,-2147483648,108,1
nan,nan,0.00000000,-1.00000000,0.00000000,348.11090640,nan,0.00000000,-2147483648,108,1
5613.44665923,nan,0.00000000,41.22560563,0.09190530,348.22059257,0.01998499,0.01998494,35602,108,1
nan,nan,0.00000000,-1.00000000,0.00000000,348.45558721,nan,0.00000000,-2147483648,108,1
5613.91019706,5613.90428662,0.00000000,56.70032932,0.14849018,348.98074172,0.01998496,0.01998494,35599,108,1
5613.91019706,5613.90428662,0.00000000,56.70032932,0.14849018,348.98074172,0.01998496,0.01998494,35599,108,1
5614.07425040,nan,0.00000000,62.18268402,0.25254852,349.24899563,0.01998498,0.01998494,35598,108,1
5614.40012711,nan,0.00000000,73.08159464,0.05393668,349.78065137,0.01998502,0.01998494,35596,108,1
5614.40012711,nan,0.00000000,73.08159464,0.05393668,349.78065137,0.01998502,0.01998494,35596,108,1
5614.40012711,nan,0.00000000,73.08159464,0.05393668,349.78065137,0.01998502,0.01998494,35596,108,1
5614.70525482,nan,0.00000000,83.29710686,0.13067808,350.27699767,0.01998498,0.01998494,35594,108,1
5614.70525482,nan,0.00000000,83.29710686,0.13067808,350.27699767,0.01998498,0.01998494,35594,108,1
5614.85576251,5614.85072198,0.00000000,88.33979178,0.08226659,350.52130524,0.01998496,0.01998494,35593,108,1
5615.00455591,5615.00849223,0.00000000,93.32749258,0.32586988,350.76249114,0.01998492,0.01998494,35592,108,1
5615.00455591,5615.00849223,0.00000000,93.32749258,0.32586988,350.76249114,0.01998492,0.01998494,35592,108,1
5615.31868870,5615.32405933,0.00000000,103.86555740,0.11833084,351.27057366,0.01998492,0.01998494,35590,108,1
5615.31868870,5615.32405933,0.00000000,103.86555740,0.11833084,351.27057366,0.01998492,0.01998494,35590,108,1
5615.64248819,5615.63966190,0.00000000,114.73933956,0.18903720,351.79271089,0.01998495,0.01998494,35588,108,1
5615.64248819,5615.63966190,0.00000000,114.73933956,0.18903720,351.79271089,0.01998495,0.01998494,35588,108,1
nan,nan,0.00000000,-1.00000000,0.00000000,351.99670876,nan,0.00000000,-2147483648,108,1
5615.94098883,nan,0.00000000,124.77385568,0.12699287,352.27262683,0.01998489,0.01998494,35586,108,1
nan,nan,0.00000000,-1.00000000,0.00000000,352.52184450,nan,0.00000000,-2147483648,108,1
5616.26950394,5616.27097347,135.86014076,135.81065796,0.17928346,352.79834812,0.01998493,0.01998494,35584,108,0
5616.59259317,5616.58668249,0.00000000,146.71298726,0.14102349,353.31547207,0.01998496,0.01998494,35582,108,1
5616.59259317,5616.58668249,0.00000000,146.71298726,0.14102349,353.31547207,0.01998496,0.01998494,35582,108,1
5616.75831896,nan,0.00000000,152.30046476,0.04544064,353.57965512,0.01998499,0.01998494,35581,108,1
5616.91318701,5616.90242700,0.00000000,157.52466251,0.06013849,353.82614398,0.01998498,0.01998494,35580,108,1
5617.07260490,5617.06031257,0.00000000,162.90516284,0.10620289,354.07948430,0.01998498,0.01998494,35579,108,1
5617.22722752,5617.21820701,0.00000000,168.12655789,0.20716950,354.32482547,0.01998497,0.01998494,35578,108,1
5617.38940451,nan,0.00000000,173.60595743,0.12252520,354.58175181,0.01998499,0.01998494,35577,108,1
5617.53428626,5617.53402252,178.47761379,178.48653039,0.00967695,354.81013560,0.01998494,0.01998494,35576,108,0
5617.70714701,nan,0.00000000,184.35001549,0.02642207,355.08393617,0.01998499,0.01998494,35575,108,1
5617.84437430,5617.84987355,0.00000000,188.99372621,0.20187973,355.30033053,0.01998492,0.01998494,35574,108,1
5618.00008618,5618.00781238,0.00000000,194.26554308,0.24110151,355.54551450,0.01998491,0.01998494,35573,108,1
5618.16417259,5618.16576010,199.85834852,199.80456105,0.12589360,355.80257587,0.01998493,0.01998494,35572,108,0
5618.32191716,5618.32371669,205.21176673,205.15075984,0.25708924,356.05015433,0.01998493,0.01998494,35571,108,0
5618.32191716,5618.32371669,205.21176673,205.15075984,0.25708924,356.05015433,0.01998493,0.01998494,35571,108,0
5618.64247345,5618.63965652,0.00000000,216.04362743,0.04578801,356.55297043,0.01998495,0.01998494,35569,108,1
5618.79678902,5618.79763977,221.29280865,221.26391679,0.05569557,356.79316699,0.01998493,0.01998494,35568,108,0
nan,nan,0.00000000,-1.00000000,0.00000000,357.01065099,nan,0.00000000,-2147483648,108,1
nan,nan,0.00000000,-1.00000000,0.00000000,357.28558297,nan,0.00000000,-2147483648,108,1
5619.27685729,5619.27164280,0.00000000,237.59687721,0.05564941,357.54144657,0.01998496,0.01998494,35565,108,1
5619.27685729,5619.27164280,0.00000000,237.59687721,0.05564941,357.54144657,0.01998496,0.01998494,35565,108,1
5619.59216089,5619.58768925,0.00000000,248.32663737,0.18872102,358.03035180,0.01998496,0.01998494,35563,108,1
5619.90369450,5619.90377125,258.92498870,258.92237314,0.21468130,358.51107260,0.01998494,0.01998494,35561,108,0
5619.90369450,5619.90377125,258.92498870,258.92237314,0.21468130,358.51107260,0.01998494,0.01998494,35561,108,0
5620.06396341,5620.06182558,0.00000000,264.40360358,0.19985137,358.75894160,0.01998495,0.01998494,35560,108,1
5620.22107957,5620.21988880,269.70431652,269.74494268,0.22748434,358.99995276,0.01998494,0.01998494,35559,108,0
5620.37094802,5620.37796092,0.00000000,274.87823224,0.16793987,359.23108167,0.01998492,0.01998494,35558,108,1
5620.52754716,5620.53604192,0.00000000,280.22580155,0.09123216,359.47134292,0.01998491,0.01998494,35557,108,1
5620.69034601,5620.69413182,0.00000000,285.78812805,0.19050199,359.72069455,0.01998493,0.01998494,35556,108,1
5620.83671150,nan,0.00000000,290.79163598,0.13710697,359.94450850,0.01998489,0.01998494,35555,108,1
5621.17341973,5621.16845488,0.00000000,302.31159242,0.22978120,360.45806000,0.01998496,0.01998494,35553,108,1
5621.17341973,5621.16845488,0.00000000,302.31159242,0.22978120,360.45806000,0.01998496,0.01998494,35553,108,1
5621.32846153,5621.32658035,0.00000000,307.62061002,0.16751475,360.69390957,0.01998495,0.01998494,35552,108,1
5621.48851525,5621.48471472,0.00000000,313.10423206,0.13180652,360.93697075,0.01998495,0.01998494,35551,108,1
5621.64922163,5621.64285799,0.00000000,318.61327029,0.05468509,361.18060069,0.01998496,0.01998494,35550,108,1
5621.79843402,5621.80101015,0.00000000,323.73103913,0.07076694,361.40642622,0.01998493,0.01998494,35549,108,1
5621.95691999,5621.95917122,0.00000000,329.16977863,0.10822931,361.64588583,0.01998493,0.01998494,35548,108,1
5622.11727177,5622.11734118,334.66167912,334.65929502,0.10278854,361.88702823,0.01998494,0.01998494,35547,108,0
5622.27085441,5622.27552004,0.00000000,339.95186249,0.10772691,362.11899315,0.01998492,0.01998494,35546,108,1
5622.42751880,5622.43370780,0.00000000,345.33691050,0.12360569,362.35448132,0.01998492,0.01998494,35545,108,1
5622.58242556,5622.59190447,0.00000000,350.66443493,0.17614370,362.58692781,0.01998491,0.01998494,35544,108,1
5622.74958084,5622.75011003,356.42242600,356.40420664,0.15531252,362.83677543,0.01998494,0.01998494,35543,108,0
5622.91899609,5622.90832450,0.00000000,362.24963992,0.01791442,363.09059788,0.01998498,0.01998494,35542,108,1
5623.06290330,5623.06654787,0.00000000,367.20728037,0.18183077,363.30537629,0.01998493,0.01998494,35541,108,1
5623.22551272,5623.22478015,372.77802366,372.80328632,0.15687638,363.54726562,0.01998494,0.01998494,35540,108,0
5623.37962254,5623.38302133,0.00000000,378.12714935,0.09651447,363.77685509,0.01998493,0.01998494,35539,108,1
5623.54028756,5623.54127141,383.69778267,383.66381966,0.14943363,364.01506693,0.01998494,0.01998494,35538,108,0
5623.69631057,5623.69953041,0.00000000,389.05809138,0.17670875,364.24660798,0.01998493,0.01998494,35537,108,1
5623.85196897,5623.85779831,0.00000000,394.43533135,0.04933133,364.47688334,0.01998492,0.01998494,35536,108,1
5624.01049882,5624.01607511,0.00000000,399.91479948,0.07216836,364.71098735,0.01998492,0.01998494,35535,108,1
5624.17861479,5624.17436083,0.00000000,405.72895487,0.07002347,364.95878423,0.01998496,0.01998494,35534,108,1
5624.32969566,5624.33265546,0.00000000,410.95691294,0.03555083,365.18106455,0.01998493,0.01998494,35533,108,1
5624.48848145,5624.49095899,0.00000000,416.45450285,0.08788194,365.41426439,0.01998493,0.01998494,35532,108,1
5624.64846170,5624.64927144,422.02025914,421.99219696,0.09927126,365.64860092,0.01998494,0.01998494,35531,108,0
5624.80701892,5624.80759280,427.50863050,427.48873071,0.01939792,365.88063538,0.01998494,0.01998494,35530,108,0
5624.96272653,5624.96592307,0.00000000,432.89257933,0.05501996,366.10821292,0.01998493,0.01998494,35529,108,1
5625.12484056,5625.12426226,438.49577063,438.51584678,0.07493593,366.34445803,0.01998494,0.01998494,35528,108,0
5625.27689600,5625.28261036,0.00000000,443.79745509,0.15346335,366.56581702,0.01998492,0.01998494,35527,108,1
5625.44388102,5625.44096737,0.00000000,449.59850539,0.06184436,366.80835222,0.01998495,0.01998494,35526,108,1
5625.59566788,5625.59933330,0.00000000,454.87457363,0.07522400,367.02839821,0.01998493,0.01998494,35525,108,1
5625.75359680,5625.75770814,0.00000000,460.36717823,0.04070035,367.25692826,0.01998493,0.01998494,35524,108,1
5625.91121914,5625.91609191,0.00000000,465.85221659,0.05351961,367.48458669,0.01998492,0.01998494,35523,108,1
5626.07881370,5626.07448459,0.00000000,471.68767446,0.12204671,367.72617842,0.01998496,0.01998494,35522,108,1
5626.23636109,5626.23288619,0.00000000,477.17650221,0.02832024,367.95284447,0.01998495,0.01998494,35521,108,1
5626.39100409,5626.39129670,482.58213936,482.57193457,0.16281227,368.17511037,0.01998494,0.01998494,35520,108,0
5626.55178580,5626.54971614,0.00000000,488.17499889,0.11668216,368.40535951,0.01998495,0.01998494,35519,108,1
5626.70745015,5626.70814450,493.63810541,493.61386381,0.00613990,368.62830537,0.01998494,0.01998494,35518,108,0
5626.86666652,5626.86658178,499.17109821,499.17405832,0.06754792,368.85565864,0.01998494,0.01998494,35517,108,0
5627.02246031,5627.02502798,0.00000000,504.61014480,0.06955966,369.07738388,0.01998493,0.01998494,35516,108,1
5627.18017693,5627.18348311,0.00000000,510.12359413,0.11047973,369.30170566,0.01998493,0.01998494,35515,108,1
5627.34183557,5627.34194716,515.78933735,515.78543343,0.08739672,369.53147902,0.01998494,0.01998494,35514,108,0
5627.50403349,5627.50042013,0.00000000,521.45483519,0.04444671,369.76096438,0.01998496,0.01998494,35513,108,1
5627.66053119,5627.65890203,526.88383857,526.94089543,0.07122487,369.98246163,0.01998495,0.01998494,35512,108,0
5627.82032381,5627.81739286,0.00000000,532.53421386,0.05934642,370.20771535,0.01998495,0.01998494,35511,108,1
5627.97453647,5627.97589261,537.99197430,537.94442326,0.06639819,370.42504339,0.01998494,0.01998494,35510,108,0
5628.13657373,5628.13440129,0.00000000,543.62493894,0.07425040,370.65264588,0.01998495,0.01998494,35509,108,1
5628.28916821,5628.29291890,0.00000000,548.98092906,0.12124722,370.86669776,0.01998493,0.01998494,35508,108,1
5628.45049978,5628.45144544,554.68313220,554.64990695,0.03036327,371.09267890,0.01998494,0.01998494,35507,108,0
5628.60311398,5628.60998090,0.00000000,560.00967107,0.09293613,371.30578600,0.01998492,0.01998494,35506,108,1
5628.76575978,5628.76852530,0.00000000,565.72831697,0.07846583,371.53257510,0.01998493,0.01998494,35505,108,1
5628.93030363,5628.92707863,0.00000000,571.51717205,0.06702031,371.76153088,0.01998495,0.01998494,35504,108,1
5629.08600490,5629.08564089,576.99313791,577.00595761,0.07253268,371.97804456,0.01998495,0.01998494,35503,108,0
5629.24822579,5629.24421208,0.00000000,582.71198731,0.14723720,372.20253532,0.01998496,0.01998494,35502,108,1
5629.40306046,5629.40279221,588.16811070,588.17756697,0.05317355,372.41699976,0.01998494,0.01998494,35501,108,0
5629.56194887,5629.56138127,593.76001379,593.78003258,0.03789937,372.63626022,0.01998495,0.01998494,35500,108,0
5629.71952005,5629.71997927,599.35507996,599.33887494,0.09155296,372.85323777,0.01998494,0.01998494,35499,108,0
5629.87733909,5629.87858620,604.95353923,604.90950638,0.05014032,373.07010016,0.01998494,0.01998494,35498,108,0
5630.03719219,5630.03720207,610.55562251,610.55527336,0.05491845,373.28929984,0.01998494,0.01998494,35497,108,0
5630.19760358,5630.19582688,616.16156159,616.22437253,0.10881687,373.50881002,0.01998495,0.01998494,35496,108,0
5630.35560490,5630.35446063,621.77158586,621.81206688,0.06136913,373.72458425,0.01998495,0.01998494,35495,108,0
5630.51406530,5630.51310331,627.38575821,627.41981335,0.14329513,373.94054992,0.01998495,0.01998494,35494,108,0
5630.67313466,5630.67175493,633.00389845,633.05277247,0.06546080,374.15689863,0.01998495,0.01998494,35493,108,0
5630.82823537,5630.83041550,0.00000000,638.54357476,0.06619801,374.36722019,0.01998494,0.01998494,35492,108,1
5630.98717027,5630.98908500,0.00000000,644.17791238,0.11500304,374.58245758,0.01998494,0.01998494,35491,108,1
5631.14591919,5631.14776345,649.88012229,649.81468373,0.00560718,374.79719777,0.01998494,0.01998494,35490,108,0
5631.30542911,5631.30645084,655.51212690,655.47585592,0.04974210,375.01227331,0.01998494,0.01998494,35489,108,0
5631.46530166,5631.46514717,661.14722676,661.15271374,0.07414327,375.22734672,0.01998494,0.01998494,35488,108,0
5631.62432532,5631.62385245,666.78562056,666.80242496,0.08105845,375.44079697,0.01998495,0.01998494,35487,108,0
5631.78444109,5631.78256667,672.42753976,672.49419094,0.04230091,375.65523611,0.01998495,0.01998494,35486,108,0
5631.94312925,5631.94128984,678.07321671,678.13866446,0.02882497,375.86729871,0.01998495,0.01998494,35485,108,0
5632.10081433,5632.10002195,683.72288467,683.75109703,0.07889913,376.07757018,0.01998495,0.01998494,35484,108,0
5632.26256594,5632.25876302,0.00000000,689.51324404,0.04658984,376.29284135,0.01998496,0.01998494,35483,108,1
5632.41506704,5632.41751303,0.00000000,694.94865339,0.04711192,376.49533979,0.01998494,0.01998494,35482,108,1
5632.57802327,5632.57627198,700.69743041,700.75991354,0.10624295,376.71123287,0.01998495,0.01998494,35481,108,0
5632.73693519,5632.73503989,706.36379441,706.43145800,0.06139100,376.92132963,0.01998495,0.01998494,35480,108,0
5632.89154561,5632.89381675,0.00000000,711.95143330,0.06832462,377.12523699,0.01998494,0.01998494,35479,108,1
5633.05218537,5633.05260256,717.70748179,717.69257132,0.08195230,377.33671257,0.01998494,0.01998494,35478,108,0
5633.21348146,5633.21139732,0.00000000,723.45689841,0.09369947,377.54842521,0.01998495,0.01998494,35477,108,1
5633.36940162,5633.37020103,729.06436937,729.03576911,0.08427142,377.75273748,0.01998494,0.01998494,35476,108,0
5633.52991410,5633.52901370,734.74765615,734.77988671,0.04593614,377.96249615,0.01998495,0.01998494,35475,108,0
5633.68694394,5633.68783532,740.43440757,740.40248157,0.08421783,378.16722226,0.01998494,0.01998494,35474,108,0
5633.84714299,5633.84666590,746.12481534,746.14191316,0.05153613,378.37559545,0.01998495,0.01998494,35473,108,0
5634.00281054,5634.00550543,0.00000000,751.72609913,0.05571091,378.57774361,0.01998494,0.01998494,35472,108,1
5634.16249773,5634.16435391,0.00000000,757.45556664,0.02282619,378.78454737,0.01998494,0.01998494,35471,108,1
5634.32200079,5634.32321136,763.21985441,763.17638438,0.06969489,378.99042887,0.01998494,0.01998494,35470,108,0
5634.48098956,5634.48207776,768.92647785,768.88737598,0.04875013,379.19534864,0.01998494,0.01998494,35469,108,0
5634.63871117,5634.64095312,0.00000000,774.56267807,0.03386619,379.39838584,0.01998494,0.01998494,35468,108,1
5634.79761168,5634.79983744,0.00000000,780.27788040,0.08809444,379.60224400,0.01998494,0.01998494,35467,108,1
5634.95797301,5634.95873072,786.07029222,786.04301409,0.06608500,379.80726648,0.01998494,0.01998494,35466,108,0
5635.11944540,5635.11763296,791.79257850,791.85786628,0.05825421,380.01342958,0.01998495,0.01998494,35465,108,0
5635.27711895,5635.27654417,797.51857792,797.53929517,0.03258536,380.21425348,0.01998495,0.01998494,35464,108,0
5635.43535371,5635.43546433,803.24831476,803.24432506,0.09614595,380.41530610,0.01998494,0.01998494,35463,108,0
5635.59510011,5635.59439346,808.98183612,809.00733715,0.05921246,380.61778598,0.01998495,0.01998494,35462,108,0
5635.75485195,5635.75333155,814.71918928,814.77408968,0.13918427,380.81977738,0.01998495,0.01998494,35461,108,0
5635.91139288,5635.91227861,820.46042172,820.42841899,0.04189515,381.01722877,0.01998494,0.01998494,35460,108,0
5636.07457425,5636.07123463,0.00000000,826.33458868,0.13423854,381.22283778,0.01998496,0.01998494,35459,108,1
5636.23058930,5636.23019962,831.95470607,831.96880376,0.05241871,381.41837291,0.01998495,0.01998495,35458,108,0
5636.38702465,5636.38917357,0.00000000,837.63877586,0.05990956,381.61455112,0.01998494,0.01998495,35457,108,1
5636.54998254,5636.54815650,843.46485560,843.53100109,0.02091029,381.81778362,0.01998495,0.01998495,35456,108,0
5636.70636053,5636.70714839,849.22586819,849.19731173,0.08623262,382.01261289,0.01998494,0.01998495,35455,108,0
5636.86523084,5636.86614925,854.99083133,854.95752181,0.07880419,382.21005660,0.01998494,0.01998495,35454,108,0
5637.02492708,5637.02515908,860.75973897,860.75131944,0.08356643,382.40802687,0.01998494,0.01998495,35453,108,0
5637.18505383,5637.18417788,866.53260633,866.56441622,0.05244632,382.60602683,0.01998495,0.01998495,35452,108,0
5637.34419579,5637.34320565,872.30952607,872.34550624,0.05993693,382.80231094,0.01998495,0.01998495,35451,108,0
5637.50221382,5637.50224240,878.09060881,878.08956975,0.07340162,382.99671987,0.01998494,0.01998495,35450,108,0
5637.66041337,5637.66128811,883.87596561,883.84413549,0.02136366,383.19086644,0.01998494,0.01998495,35449,108,0
5637.82084757,5637.82034280,889.66570799,889.68408860,0.04735505,383.38726151,0.01998495,0.01998495,35448,108,0
5637.97716713,5637.97940647,0.00000000,895.38435890,0.07759890,383.57834478,0.01998494,0.01998495,35447,108,1
5638.13997673,5638.13847911,901.25872514,901.31333841,0.06816800,383.77645080,0.01998495,0.01998495,35446,108,0
5638.29467497,5638.29756073,0.00000000,906.95814032,0.03236376,383.96445127,0.01998494,0.01998495,35445,108,1
5638.45905490,5638.45665132,0.00000000,912.95585939,0.07198883,384.16355332,0.01998495,0.01998495,35444,108,1
5638.61505937,5638.61575089,918.68023322,918.65496796,0.06098734,384.35211977,0.01998494,0.01998495,35443,108,0
5638.77480450,5638.77485944,924.49501910,924.49301059,0.09930279,384.54465375,0.01998495,0.01998495,35442,108,0
5638.93321971,5638.93397697,930.31322335,930.28552662,0.11827679,384.73505670,0.01998494,0.01998495,35441,108,0
5639.09267301,5639.09310348,936.13473428,936.11898151,0.05835793,384.92617146,0.01998495,0.01998495,35440,108,0
5639.25131154,5639.25223897,941.95975088,941.92579355,0.03011108,385.11578152,0.01998494,0.01998495,35439,108,0
5639.41226207,5639.41138344,947.78852115,947.82071156,0.06940975,385.30762364,0.01998495,0.01998495,35438,108,0
5639.57104596,5639.57053689,953.62129413,953.63995677,0.08549639,385.49636575,0.01998495,0.01998495,35437,108,0
5639.72957862,5639.72969933,959.45831988,959.45389143,0.00801402,385.68430318,0.01998495,0.01998495,35436,108,0
5639.88946891,5639.88887075,965.29984827,965.32180855,0.06770852,385.87334458,0.01998495,0.01998495,35435,108,0
5640.04633868,5640.04805115,971.14598844,971.08307293,0.01819558,386.05832341,0.01998494,0.01998495,35434,108,0
5640.20941977,5640.20724054,0.00000000,977.06689955,0.05885744,386.24979073,0.01998495,0.01998495,35433,108,1
5640.36776297,5640.36643892,982.85142902,982.90013990,0.06052345,386.43579482,0.01998495,0.01998495,35432,108,0
5640.52610898,5640.52564628,988.71034441,988.72737739,0.08236746,386.62097178,0.01998495,0.01998495,35431,108,0
5640.68512695,5640.68486263,994.57313180,994.58286774,0.06574126,386.80640647,0.01998495,0.01998495,35430,108,0
5640.84350010,5640.84408796,1000.43959978,1000.41793471,0.02236319,386.99055602,0.01998495,0.01998495,35429,108,0
5641.00311951,5641.00332229,1006.30969416,1006.30221662,0.09249339,387.17561336,0.01998495,0.01998495,35428,108,0
5641.16232936,5641.16256561,1012.18354979,1012.17483301,0.04048116,387.35965757,0.01998495,0.01998495,35427,108,0
5641.32035293,5641.32181791,1018.06131580,1018.00722866,0.04004371,387.54180222,0.01998494,0.01998495,35426,108,0
5641.48056059,5641.48107921,1023.94314190,1023.92398194,0.06540312,387.72593054,0.01998495,0.01998495,35425,108,0
5641.77644373,nan,0.00000000,1034.84942798,0.22343390,388.06420554,0.01998543,0.01998495,35424,108,1
5641.95995818,5641.95891706,1041.61434706,1041.65288892,0.08537232,388.27372559,0.01998495,0.01998495,35422,108,0
5642.11884533,5642.11821433,1047.51342648,1047.53680154,0.07176185,388.45422795,0.01998495,0.01998495,35421,108,0
5642.27661219,5642.27752059,1053.41672354,1053.38305081,0.05691924,388.63293253,0.01998495,0.01998495,35420,108,0
5642.43560877,5642.43683585,1059.32415236,1059.27863777,0.06115174,388.81249673,0.01998494,0.01998495,35419,108,0
5642.59628784,5642.59616011,1065.23562671,1065.24036726,0.08416547,388.99341316,0.01998495,0.01998495,35418,108,0
5642.75457906,nan,0.00000000,1071.10598151,0.07307654,389.17076280,0.01998494,0.01998495,35417,108,1
5642.91498889,5642.91483562,1077.07046820,1077.07616381,0.04724834,389.35061194,0.01998495,0.01998495,35416,108,0
5643.07452120,5643.07418687,1082.99386823,1083.00629980,0.05008681,389.52859330,0.01998495,0.01998495,35415,108,0
5643.23315441,5643.23354712,1088.92130642,1088.90669486,0.06461794,389.70502778,0.01998495,0.01998495,35414,108,0
5643.39325867,5643.39291637,1094.85282207,1094.86556613,0.04203770,389.88254838,0.01998495,0.01998495,35413,108,0
5643.55246181,5643.55229462,1100.78845466,1100.79468305,0.03822080,390.05852177,0.01998495,0.01998495,35412,108,0
5643.71183934,5643.71168188,1106.72825691,1106.73412698,0.06459964,390.23414073,0.01998495,0.01998495,35411,108,0
5643.87280318,5643.87107814,1112.67235361,1112.73670499,0.06984308,390.41095429,0.01998495,0.01998495,35410,108,0
5644.03072265,5644.03048340,1118.62089467,1118.62982589,0.07269393,390.58388624,0.01998495,0.01998495,35409,108,0
5644.18899045,5644.18989766,1124.57403065,1124.54013963,0.08159443,390.75666843,0.01998494,0.01998495,35408,108,0
5644.34991959,5644.34932093,1130.53191276,1130.55429397,0.00675151,390.93181362,0.01998495,0.01998495,35407,108,0
5644.50836943,5644.50875321,1136.49469277,1136.48033382,0.09108482,391.10372896,0.01998495,0.01998495,35406,108,0
5644.66777585,5644.66819449,1142.46243357,1142.44675828,0.08834929,391.27615019,0.01998495,0.01998495,35405,108,0
5644.82661203,5644.82764478,1148.43494373,1148.39624654,0.09904987,391.44741683,0.01998494,0.01998495,35404,108,0
5644.98763662,5644.98710408,1154.41198602,1154.43195432,0.06536212,391.62048665,0.01998495,0.01998495,35403,108,0
5645.14585934,5645.14657238,1160.39332215,1160.36656903,0.05395331,391.78999103,0.01998495,0.01998495,35402,108,0
5645.30580481,5645.30604970,1166.37871276,1166.36951916,0.06426463,391.96077464,0.01998495,0.01998495,35401,108,0
5645.46681708,5645.46553603,1172.36792133,1172.41604247,0.07478147,392.13211404,0.01998495,0.01998495,35400,108,0
5645.62659289,5645.62503136,1178.36090414,1178.41959562,0.06581961,392.30155670,0.01998495,0.01998495,35399,108,0
5645.78436717,5645.78453571,1184.35789767,1184.35155898,0.03458571,392.46831413,0.01998495,0.01998495,35398,108,0
5645.94529723,5645.94404907,1190.35916132,1190.40613595,0.05003480,392.63783704,0.01998495,0.01998495,35397,108,0
5646.10301174,5646.10357145,1196.36495565,1196.34387585,0.10590371,392.80341998,0.01998495,0.01998495,35396,108,0
5646.26428929,5646.26310284,1202.37554236,1202.42026092,0.08646296,392.97218369,0.01998495,0.01998495,35395,108,0
5646.42412484,5646.42264324,1208.39116646,1208.44705377,0.04743372,393.13888496,0.01998495,0.01998495,35394,108,0
5646.58034765,5646.58219266,0.00000000,1214.34938297,0.05922266,393.30148223,0.01998494,0.01998495,35393,108,1
5646.74030397,5646.74175110,1220.43738216,1220.38271320,0.08247168,393.46701186,0.01998494,0.01998495,35392,108,0
5646.90080407,5646.90131855,1226.46764020,1226.44819047,0.06436202,393.63273406,0.01998495,0.01998495,35391,108,0
5647.06116078,5647.06089502,1232.50243892,1232.51249288,0.08667074,393.79773304,0.01998495,0.01998495,35390,108,0
5647.22040491,5647.22048051,1238.54160780,1238.53874591,0.07988906,393.96101214,0.01998495,0.01998495,35389,108,0
5647.38002314,5647.38007502,1244.58501068,1244.58304560,0.06120147,394.12409460,0.01998495,0.01998495,35388,108,0
5647.53701760,5647.53967855,0.00000000,1250.53507693,0.07006114,394.28401651,0.01998494,0.01998495,35387,108,1
5647.70077626,5647.69929110,1256.68474193,1256.74107410,0.05973717,394.45005291,0.01998495,0.01998495,35386,108,0
5647.85834895,5647.85891267,1262.74126750,1262.71987065,0.05689012,394.60932597,0.01998495,0.01998495,35385,108,0
5648.01806245,5648.01854327,1268.80236522,1268.78410253,0.04892012,394.77018844,0.01998495,0.01998495,35384,108,0
5648.17825501,5648.17818289,1274.86813451,1274.87087597,0.06847810,394.93095351,0.01998495,0.01998495,35383,108,0
5648.33799629,5648.33783153,1280.93863515,1280.94490229,0.06679513,395.09068739,0.01998495,0.01998495,35382,108,0
5648.49745411,5648.49748919,1287.01384674,1287.01251111,0.05117388,395.24955975,0.01998495,0.01998495,35381,108,0
5648.65581879,5648.65715589,1293.09373915,1293.04280620,0.06818109,395.40676904,0.01998494,0.01998495,35380,108,0
5648.81596077,5648.81683161,1299.17828211,1299.14508653,0.05275494,395.56515866,0.01998495,0.01998495,35379,108,0
5648.97644287,5648.97651635,1305.26744522,1305.26464210,0.03900606,395.72329319,0.01998495,0.01998495,35378,108,0
5649.13714617,5649.13621013,1311.36119760,1311.39692831,0.08691983,395.88104994,0.01998495,0.01998495,35377,108,0
5649.29520832,5649.29591293,1317.45950309,1317.43258830,0.07373886,396.03563002,0.01998495,0.01998495,35376,108,0
5649.45583160,5649.45562476,1323.56232122,1323.57022765,0.02488387,396.19211896,0.01998495,0.01998495,35375,108,0
5649.61603818,5649.61534562,1329.66961119,1329.69610155,0.05727700,396.34760105,0.01998495,0.01998495,35374,108,0
5649.77631290,5649.77507552,1335.78133201,1335.82869359,0.04525944,396.50254624,0.01998495,0.01998495,35373,108,0
5649.93549781,5649.93481444,1341.89744248,1341.92361588,0.04551893,396.65583832,0.01998495,0.01998495,35372,108,0
5650.09476269,5650.09456240,1348.01792822,1348.02560451,0.04341425,396.80860765,0.01998495,0.01998495,35371,108,0
5650.25406870,5650.25431939,1354.14290224,1354.13328760,0.06728134,396.96081763,0.01998495,0.01998495,35370,108,0
5650.41433203,5650.41408541,1360.27251566,1360.28198074,0.02913768,397.11334023,0.01998495,0.01998495,35369,108,0
5650.57423160,5650.57386047,1366.40692030,1366.42117443,0.08437865,397.26491701,0.01998495,0.01998495,35368,108,0
5650.73409473,5650.73364457,1372.54626869,1372.56357189,0.08784609,397.41586263,0.01998495,0.01998495,35367,108,0
5650.89433629,5650.89343770,1378.69071229,1378.72527910,0.04190501,397.56656893,0.01998495,0.01998495,35366,108,0
5651.05353283,5651.05323987,1384.84030033,1384.85157869,0.03985712,397.71570033,0.01998495,0.01998495,35365,108,0
5651.21337052,5651.21305108,1390.99492316,1391.00723032,0.02138751,397.86483426,0.01998495,0.01998495,35364,108,0
5651.37244139,5651.37287132,1397.15445695,1397.13788141,0.04122138,398.01265309,0.01998495,0.01998495,35363,108,0
5651.53283761,5651.53270061,1403.31877731,1403.32406318,0.06203091,398.16109318,0.01998495,0.01998495,35362,108,0
5651.69207960,5651.69253893,1409.48775926,1409.47002529,0.07174774,398.30785423,0.01998495,0.01998495,35361,108,0
5651.85264548,5651.85238629,1415.66128714,1415.67130069,0.07533588,398.45521480,0.01998495,0.01998495,35360,108,0
5652.01179582,5652.01224270,1421.83933185,1421.82205499,0.05496222,398.60065907,0.01998495,0.01998495,35359,108,0
5652.17342553,5652.17210815,1428.02190912,1428.07287417,0.04083631,398.74773913,0.01998495,0.01998495,35358,108,0
5652.33140682,5652.33198264,1434.20903515,1434.18674336,0.02543929,398.89088446,0.01998495,0.01998495,35357,108,0
5652.49237259,5652.49186618,1440.40072621,1440.42034422,0.07188250,399.03610777,0.01998495,0.01998495,35356,108,0
5652.65253647,5652.65175876,1446.59699888,1446.62714756,0.08902052,399.17997907,0.01998495,0.01998495,35355,108,0
5652.81215494,5652.81166039,1452.79793347,1452.81711871,0.05207289,399.32273697,0.01998495,0.01998495,35354,108,0
5652.97038530,5652.97157106,1459.00375825,1458.95772361,0.06500119,399.46364265,0.01998495,0.01998495,35353,108,0
5653.13183272,5653.13149078,1465.21472339,1465.22800875,0.02468864,399.60679046,0.01998495,0.01998495,35352,108,0
5653.29284950,5653.29141955,1471.43108025,1471.48668527,0.05125085,399.74893400,0.01998495,0.01998495,35351,108,0
5653.45148107,5653.45135737,1477.65308137,1477.65789584,0.07151202,399.88836786,0.01998495,0.01998495,35350,108,0
5653.61137659,5653.61130423,1483.88095105,1483.88376972,0.04913670,400.02830905,0.01998495,0.01998495,35349,108,0
5653.77062229,5653.77126015,1490.11454944,1490.08968122,0.03985215,400.16707405,0.01998495,0.01998495,35348,108,0
5653.93094329,5653.93122512,1496.35348882,1496.34249286,0.05763152,400.30615309,0.01998495,0.01998495,35347,108,0
5654.09126357,5654.09119914,1502.59737492,1502.59989062,0.08047365,400.44459586,0.01998495,0.01998495,35346,108,0
5654.25361549,5654.25118221,0.00000000,1508.94197267,0.04891633,400.58415859,0.01998496,0.01998495,35345,108,1
5654.41082139,5654.41117433,1515.09840113,1515.08460401,0.01892966,400.71860886,0.01998495,0.01998495,35344,108,0
5654.57064442,5654.57117551,1521.35492747,1521.33415409,0.07304096,400.85466882,0.01998495,0.01998495,35343,108,0
5654.73106429,5654.73118574,1527.61566623,1527.61091267,0.08314213,400.99057941,0.01998495,0.01998495,35342,108,0
5654.89084023,5654.89120503,1533.88097606,1533.86668760,0.02842321,401.12529595,0.01998495,0.01998495,35341,108,0
5655.05075928,5655.05123338,1540.15121735,1540.13263411,0.03631296,401.25949124,0.01998495,0.01998495,35340,108,0
5655.21186250,5655.21127078,1546.42675221,1546.44996496,0.06259152,401.39403691,0.01998495,0.01998495,35339,108,0
5655.37171487,5655.37131724,1552.70791939,1552.72353152,0.04697518,401.52690508,0.01998495,0.01998495,35338,108,0
5655.53096019,5655.53137276,1558.99474434,1558.97853249,0.03484944,401.65864049,0.01998495,0.01998495,35337,108,0
5655.69087706,5655.69143734,1565.28703786,1565.26500403,0.06233839,401.79029457,0.01998495,0.01998495,35336,108,0
5655.85152525,5655.85151097,1571.58460567,1571.58516760,0.07649614,401.92190221,0.01998495,0.01998495,35335,108,0
5656.01152732,5656.01159367,1577.88725254,1577.88463932,0.04232459,402.05232856,0.01998495,0.01998495,35334,108,0
5656.17129242,5656.17168543,1584.19478262,1584.17929269,0.05479953,402.18190677,0.01998495,0.01998495,35333,108,0
5656.33220459,5656.33178626,1590.50709087,1590.52359038,0.06608777,402.31174993,0.01998495,0.01998495,35332,108,0
5656.49231239,5656.49189614,1596.82428800,1596.84071738,0.03849854,402.44028184,0.01998495,0.01998495,35331,108,0
5656.65170482,5656.65201509,1603.14651636,1603.13426059,0.03122193,402.56758452,0.01998495,0.01998495,35330,108,0
5656.81201304,5656.81214311,1609.47391899,1609.46877746,0.07241875,402.69496065,0.01998495,0.01998495,35329,108,0
5656.97235426,5656.97228019,1615.80663961,1615.80957000,0.05231617,402.82170398,0.01998495,0.01998495,35328,108,0
5657.13287642,5657.13242634,1622.14480720,1622.16262743,0.04170528,402.94793086,0.01998495,0.01998495,35327,108,0
5657.29245971,5657.29258155,1628.48841207,1628.48358405,0.07128840,403.07276330,0.01998495,0.01998495,35326,108,0
5657.45273786,5657.45274583,1634.83737071,1634.83705459,0.02767983,403.19747725,0.01998495,0.01998495,35325,108,0
5657.61235689,5657.61291918,1641.19159851,1641.16928331,0.05893815,403.32101546,0.01998495,0.01998495,35324,108,0
5657.77362606,5657.77310160,1647.55101043,1647.57183990,0.07238808,403.44515549,0.01998495,0.01998495,35323,108,0
5657.93257081,5657.93329309,1653.91552218,1653.88681484,0.02124639,403.56683868,0.01998495,0.01998495,35322,108,0
5658.09408082,5658.09349365,1660.28512526,1660.30848000,0.04308523,403.68980493,0.01998495,0.01998495,35321,108,0
5658.25269215,5658.25370328,1666.65993257,1666.61968358,0.07284165,403.80989671,0.01998495,0.01998495,35320,108,0
5658.41458103,5658.41392199,1673.04006841,1673.06632299,0.03767993,403.93178846,0.01998495,0.01998495,35319,108,0
5658.57406471,5658.57414977,1679.42565770,1679.42226665,0.05639105,404.05119641,0.01998495,0.01998495,35318,108,0
5658.73386927,5658.73438662,1685.81682597,1685.79618245,0.04624515,404.17017521,0.01998495,0.01998495,35317,108,0
5658.89569473,5658.89463254,1692.21366517,1692.25608418,0.03995444,404.28997554,0.01998496,0.01998495,35316,108,0
5659.05565727,5659.05488755,1698.61609899,1698.64686302,0.05601381,404.40771775,0.01998495,0.01998495,35315,108,0
5659.21450246,5659.21515163,1705.02399877,1704.99803275,0.02637732,404.52396529,0.01998495,0.01998495,35314,108,0
5659.37569751,5659.37542478,1711.43723521,1711.44815248,0.06487062,404.64124343,0.01998495,0.01998495,35313,108,0
5659.53591512,5659.53570701,1717.85567831,1717.86401503,0.02509578,404.75711836,0.01998495,0.01998495,35312,108,0
5659.69674676,5659.69599833,1724.27920510,1724.30920875,0.07442361,404.87273938,0.01998495,0.01998495,35311,108,0
5659.85592302,5659.85629872,1730.70782632,1730.69275375,0.05234844,404.98648023,0.01998495,0.01998495,35310,108,0
5660.01585205,5660.01660819,1737.14166705,1737.11130866,0.03658696,405.10006795,0.01998495,0.01998495,35309,108,0
5660.17574325,5660.17692674,1743.58085664,1743.53330332,0.06574895,405.21293682,0.01998495,0.01998495,35308,108,0
5660.33657911,5660.33725438,1750.02552509,1749.99837047,0.02139303,405.32577485,0.01998495,0.01998495,35307,108,0
5660.49772553,5660.49759109,1756.47580275,1756.48121346,0.05409574,405.43812935,0.01998495,0.01998495,35306,108,0
5660.65827386,5660.65793689,1762.93177232,1762.94534517,0.04718559,405.54936807,0.01998495,0.01998495,35305,108,0
5660.81792505,5660.81829178,1769.39341418,1769.37863037,0.07799908,405.65929123,0.01998495,0.01998495,35304,108,0
5660.97860600,5660.97865575,1775.86069549,1775.85868853,0.05105859,405.76922211,0.01998495,0.01998495,35303,108,0
5661.13923631,5661.13902880,1782.33358320,1782.34196189,0.06595717,405.87841256,0.01998495,0.01998495,35302,108,0
5661.29974855,5661.29941094,1788.81204410,1788.82568678,0.03793555,405.98681532,0.01998495,0.01998495,35301,108,0
5661.46043546,5661.45980217,1795.29604556,1795.32165729,0.05251704,406.09462520,0.01998496,0.01998495,35300,108,0
5661.62065966,5661.62020248,1801.78555909,1801.80406285,0.05094575,406.20141402,0.01998495,0.01998495,35299,108,0
5661.78102448,5661.78061189,1808.28055746,1808.29726984,0.05894924,406.30758366,0.01998495,0.01998495,35298,108,0
5661.94099040,5661.94103038,1814.78101330,1814.77939265,0.02858666,406.41277628,0.01998495,0.01998495,35297,108,0
5662.10233396,5662.10145797,1821.28689908,1821.32243752,0.06491129,406.51815115,0.01998496,0.01998495,35296,108,0
5662.26290846,5662.26189464,1827.79819111,1827.83935277,0.04359922,406.62229984,0.01998496,0.01998495,35295,108,0
5662.42255272,5662.42234041,1834.31492467,1834.32355161,0.06359710,406.72512793,0.01998495,0.01998495,35294,108,0
5662.58331578,5662.58279527,1840.83718064,1840.85834740,0.01129982,406.82795328,0.01998496,0.01998495,35293,108,0
5662.74374066,5662.74325922,1847.36504142,1847.38463493,0.06205040,406.92983802,0.01998495,0.01998495,35292,108,0
5662.90453574,5662.90373227,1853.89858985,1853.93131609,0.05291136,407.03123112,0.01998496,0.01998495,35291,108,0
5663.06530654,5663.06421441,1860.43790921,1860.48242988,0.05996503,407.13188072,0.01998496,0.01998495,35290,108,0
5663.22453644,5663.22470564,1866.98308546,1866.97618220,0.03909672,407.23084722,0.01998495,0.01998495,35289,108,0
5663.38415205,5663.38520598,1873.53420845,1873.49117217,0.07218730,407.32933512,0.01998495,0.01998495,35288,108,0
5663.54672133,5663.54571541,1880.09136882,1880.13248082,0.03597489,407.42890546,0.01998496,0.01998495,35287,108,0
5663.70651420,5663.70623394,1886.65465766,1886.66612207,0.06989010,407.52604667,0.01998495,0.01998495,35286,108,0
5663.86062547,5663.86676156,0.00000000,1892.97906787,0.05595652,407.61913882,0.01998493,0.01998495,35285,108,1
5664.02632102,5664.02729829,1899.79991694,1899.75986941,0.07997785,407.71828946,0.01998495,0.01998495,35284,108,0
5664.18717241,5664.18784412,1906.38171018,1906.35416129,0.05637053,407.81387781,0.01998495,0.01998495,35283,108,0
5664.34874954,5664.34839904,1912.96930317,1912.98368994,0.02033229,407.90914683,0.01998496,0.01998495,35282,108,0
5664.51036513,5664.50896307,1919.56245160,1919.62004539,0.04437715,408.00368032,0.01998496,0.01998495,35281,108,0
5664.66963178,5664.66953621,1926.16090981,1926.16483847,0.04669718,408.09609260,0.01998495,0.01998495,35280,108,0
5664.83031381,5664.83011844,1932.76449140,1932.77252842,0.05523703,408.18856996,0.01998496,0.01998495,35279,108,0
5664.99131056,5664.99070978,1939.37338154,1939.39811533,0.04303027,408.28046743,0.01998496,0.01998495,35278,108,0
5665.15080640,5665.15131023,1945.98790799,1945.96714880,0.04562231,408.37075961,0.01998495,0.01998495,35277,108,0
5665.31181918,5665.31191978,1952.60840048,1952.60425189,0.05611062,408.46115724,0.01998495,0.01998495,35276,108,0
5665.47215706,5665.47253843,1959.23519052,1959.21944850,0.03984515,408.55042615,0.01998495,0.01998495,35275,108,0
5665.63241589,5665.63316620,1965.86858060,1965.83758074,0.07660558,408.63890511,0.01998495,0.01998495,35274,108,0
5665.79435581,5665.79380307,1972.50850642,1972.53136414,0.04599961,408.72755138,0.01998496,0.01998495,35273,108,0
5665.95466541,5665.95444905,1979.15466052,1979.16361529,0.02631122,408.81454554,0.01998496,0.01998495,35272,108,0
5666.11471298,5666.11510414,1985.80672951,1985.79052649,0.08073597,408.90063726,0.01998495,0.01998495,35271,108,0
5666.27575903,5666.27576834,1992.46439826,1992.46401208,0.04564733,408.98649315,0.01998496,0.01998495,35270,108,0
5666.43621597,5666.43644165,1999.12735912,1999.11799676,0.02541343,409.07125798,0.01998495,0.01998495,35269,108,0
5666.59668392,5666.59712408,2005.79553189,2005.77725887,0.06615618,409.15525006,0.01998495,0.01998495,35268,108,0
5666.75837530,5666.75781561,2012.46907519,2012.49232794,0.06098312,409.23909508,0.01998496,0.01998495,35267,108,0
5666.91889181,5666.91851626,2019.14815975,2019.16377460,0.06552884,409.32154922,0.01998496,0.01998495,35266,108,0
5667.07972280,5667.07922603,2025.83295719,2025.85362927,0.02780440,409.40338389,0.01998496,0.01998495,35265,108,0
5667.24070488,5667.23994490,2032.52364018,2032.55529095,0.06490929,409.48451256,0.01998496,0.01998495,35264,108,0
5667.40026880,5667.40067290,2039.22038880,2039.20354476,0.07619671,409.56415363,0.01998495,0.01998495,35263,108,0
5667.56075332,5667.56141001,2045.92339418,2045.89599676,0.04105570,409.64347806,0.01998495,0.01998496,35262,108,0
5667.72243426,5667.72215624,2052.63284934,2052.64445925,0.04296292,409.72260674,0.01998496,0.01998496,35261,108,0
5667.88394923,5667.88291158,2059.34894838,2059.39232022,0.04931592,409.80086526,0.01998496,0.01998496,35260,108,0
5668.04425441,5668.04367605,2066.07188594,2066.09608396,0.02746255,409.87775769,0.01998496,0.01998496,35259,108,0
5668.20342768,5668.20444963,2072.80175958,2072.75896063,0.05938349,409.95333702,0.01998495,0.01998496,35258,108,0
5668.36492279,5668.36523234,2079.53845157,2079.52547562,0.04751104,410.02923065,0.01998495,0.01998496,35257,108,0
5668.52621322,5668.52602417,2086.28181475,2086.28974680,0.07554313,410.10423157,0.01998495,0.01998496,35256,108,0
5668.68655926,5668.68682512,2093.03170113,2093.02053632,0.02347088,410.17800025,0.01998495,0.01998496,35255,108,0
5668.84810929,5668.84763519,2099.78796189,2099.80788938,0.07401172,410.25151910,0.01998496,0.01998496,35254,108,0
5669.00924854,5669.00845438,2106.55047669,2106.58388590,0.03318601,410.32404372,0.01998496,0.01998496,35253,108,0
5669.16987486,5669.16928270,2113.31921110,2113.34414376,0.03859998,410.39553238,0.01998496,0.01998496,35252,108,0
5669.33055467,5669.33012014,2120.09414639,2120.11245764,0.08395991,410.46623817,0.01998496,0.01998496,35251,108,0
5669.49074293,5669.49096671,2126.87526368,2126.86582504,0.03070354,410.53592208,0.01998495,0.01998496,35250,108,0
5669.65257025,5669.65182241,2133.66254400,2133.69411228,0.06618403,410.60549981,0.01998496,0.01998496,35249,108,0
5669.81267357,5669.81268723,2140.45599825,2140.45542104,0.05420531,410.67352388,0.01998495,0.01998496,35248,108,0
5669.97348141,5669.97356119,2147.25574933,2147.25237579,0.06793010,410.74103283,0.01998495,0.01998496,35247,108,0
5670.13475520,5670.13444427,2154.06194693,2154.07510682,0.06877132,410.80791673,0.01998496,0.01998496,35246,108,0
5670.29544139,5670.29533648,2160.87474157,2160.87918615,0.01579605,410.87373864,0.01998496,0.01998496,35245,108,0
5670.45570286,5670.45623782,2167.69428462,2167.67160076,0.04287703,410.93857199,0.01998495,0.01998496,35244,108,0
5670.61771592,5670.61714829,2174.52069259,2174.54478475,0.04332160,411.00328564,0.01998496,0.01998496,35243,108,0
5670.77759677,5670.77806790,2181.35392581,2181.33391064,0.04645744,411.06632828,0.01998495,0.01998496,35242,108,0
5670.93984293,5670.93899663,2188.19390121,2188.22988814,0.06553998,411.12946820,0.01998496,0.01998496,35241,108,0
5671.09973425,5671.09993450,2195.04053527,2195.03201204,0.01406505,411.19086519,0.01998496,0.01998496,35240,108,0
5671.25969375,5671.26088151,2201.89374393,2201.84314615,0.08019295,411.25146419,0.01998495,0.01998496,35239,108,0
5671.42260291,5671.42183765,2208.75344075,2208.78606922,0.07454033,411.31233010,0.01998496,0.01998496,35238,108,0
5671.58218355,5671.58280293,2215.61952960,2215.59309819,0.06454168,411.37111702,0.01998495,0.01998496,35237,108,0
5671.74414607,5671.74377734,2222.49191102,2222.50765992,0.03665414,411.42993278,0.01998496,0.01998496,35236,108,0
5671.90515240,5671.90476089,2229.37048494,2229.38722075,0.04181553,411.48755078,0.01998496,0.01998496,35235,108,0
5672.06633518,5672.06575358,2236.25515071,2236.28003251,0.06617348,411.54437940,0.01998496,0.01998496,35234,108,0
5672.22684713,5672.22675541,2243.14585121,2243.14977860,0.07692293,411.60012112,0.01998496,0.01998496,35233,108,0
5672.38777460,5672.38776637,2250.04274612,2250.04309877,0.02191654,411.65515426,0.01998496,0.01998496,35232,108,0
5672.54777304,5672.54878648,2256.94606277,2256.90259462,0.08388857,411.70902256,0.01998495,0.01998496,35231,108,0
5672.71082096,5672.70981573,2263.85602978,2263.89918553,0.03303865,411.76304793,0.01998496,0.01998496,35230,108,0
5672.86975713,5672.87085412,2270.77287709,2270.72573707,0.07608892,411.81486522,0.01998495,0.01998496,35229,108,0
5673.03146828,5673.03190166,2277.69679743,2277.67815598,0.06319644,411.86672922,0.01998496,0.01998496,35228,108,0
5673.19302224,5673.19295834,2284.62780466,2284.63055586,0.04915088,411.91767606,0.01998496,0.01998496,35227,108,0
5673.35303091,5673.35402416,2291.56586022,2291.52305491,0.04292459,411.96727876,0.01998495,0.01998496,35226,108,0
5673.51515182,5673.51509913,2298.51092531,2298.51319807,0.03009012,412.01666361,0.01998496,0.01998496,35225,108,0
5673.67682629,5673.67618324,2305.46296086,2305.49072643,0.04182473,412.06503480,0.01998496,0.01998496,35224,108,0
5673.83719759,5673.83727651,2312.42191324,2312.41850274,0.02540317,412.11214725,0.01998496,0.01998496,35223,108,0
5673.99847558,5673.99837891,2319.38766937,2319.39185092,0.03929593,412.15865000,0.01998496,0.01998496,35222,108,0
5674.15903097,5674.15949047,2326.36010027,2326.34020565,0.03340970,412.20406840,0.01998496,0.01998496,35221,108,0
5674.32132553,5674.32061118,2333.33907620,2333.37003177,0.03761395,412.24908713,0.01998496,0.01998496,35220,108,0
5674.48137568,5674.48174104,2340.32446661,2340.30862068,0.03771609,412.29260210,0.01998496,0.01998496,35219,108,0
5674.64242333,5674.64288004,2347.31623154,2347.29640620,0.06486114,412.33550237,0.01998496,0.01998496,35218,108,0
5674.80056106,5674.80402820,0.00000000,2354.16933023,0.03109926,412.37679369,0.01998495,0.01998496,35217,108,1
5674.96551903,5674.96518551,2361.32002897,2361.33453369,0.05027549,412.41888668,0.01998496,0.01998496,35216,108,0
5675.12574553,5675.12635198,2368.33273598,2368.30633479,0.04073649,412.45890843,0.01998495,0.01998496,35215,108,0
5675.28837858,5675.28752759,2375.35310121,2375.39018760,0.03908094,412.49862875,0.01998496,0.01998496,35214,108,0
5675.44885235,5675.44871237,2382.38131816,2382.38742520,0.04372459,412.53692861,0.01998496,0.01998496,35213,108,0
5675.61018037,5675.60990629,2389.41719465,2389.42916359,0.05025906,412.57453411,0.01998496,0.01998496,35212,108,0
5675.77208046,5675.77110938,2396.46047513,2396.50292435,0.05424612,412.61136327,0.01998496,0.01998496,35211,108,0
5675.93235505,5675.93232162,2403.51090250,2403.51236528,0.05324621,412.64692097,0.01998496,0.01998496,35210,108,0
5676.09442153,5676.09354302,2410.56821905,2410.60669231,0.04661956,412.68195994,0.01998496,0.01998496,35209,108,0
5676.25416323,5676.25477358,2417.63227693,2417.60552348,0.05711939,412.71559142,0.01998496,0.01998496,35208,108,0
5676.41542869,5676.41601329,2424.70313850,2424.67749005,0.05628471,412.74863019,0.01998496,0.01998496,35207,108,0
5676.57633063,5676.57726217,2431.78088994,2431.73998275,0.04670860,412.78067757,0.01998495,0.01998496,35206,108,0
5676.73836575,5676.73852021,2438.86561797,2438.85882887,0.06048600,412.81202279,0.01998496,0.01998496,35205,108,0
5676.89931056,5676.89978741,2445.95741151,2445.93643215,0.06267522,412.84223307,0.01998496,0.01998496,35204,108,0
5677.06048261,5677.06106377,2453.05642766,2453.03083382,0.07520023,412.87156110,0.01998496,0.01998496,35203,108,0
5677.22270761,5677.22234930,2460.16291300,2460.17870878,0.08237823,412.90014427,0.01998496,0.01998496,35202,108,0
5677.38459530,5677.38364398,2467.27712162,2467.31910322,0.05392932,412.92772950,0.01998496,0.01998496,35201,108,0
5677.54527105,5677.54494784,2474.39930915,2474.41358789,0.03613759,412.95417917,0.01998496,0.01998496,35200,108,0
5677.70685248,5677.70626086,2481.52971277,2481.55587811,0.05446628,412.97984226,0.01998496,0.01998496,35199,108,0
5677.86709812,5677.86758304,2488.66821703,2488.64674804,0.05979682,413.00436299,0.01998496,0.01998496,35198,108,0
5678.02859429,5678.02891440,2495.81440193,2495.80021590,0.04348004,413.02813337,0.01998496,0.01998496,35197,108,0
5678.18962837,5678.19025492,2502.96783503,2502.94004263,0.06949841,413.05089014,0.01998496,0.01998496,35196,108,0
5678.35275897,5678.35160461,2510.12808114,2510.17933055,0.07017858,413.07297624,0.01998496,0.01998496,35195,108,0
5678.51294508,5678.51296347,2517.29475661,2517.29393946,0.05613991,413.09371301,0.01998496,0.01998496,35194,108,0
5678.67565527,5678.67433150,2524.46795649,2524.52682755,0.04831313,413.11380990,0.01998496,0.01998496,35193,108,0
5678.83566229,5678.83570870,2531.64802782,2531.64596225,0.04918955,413.13262128,0.01998496,0.01998496,35192,108,0
5678.99681649,5678.99709507,2538.83532198,2538.82290973,0.04474336,413.15061192,0.01998496,0.01998496,35191,108,0
5679.15861535,5679.15849061,2546.03019257,2546.03575625,0.07484660,413.16770778,0.01998496,0.01998496,35190,108,0
5679.32074701,5679.31989533,2553.23292606,2553.27095228,0.04112786,413.18386478,0.01998496,0.01998496,35189,108,0
5679.48099750,5679.48130922,2560.44349293,2560.42956072,0.02661351,413.19887312,0.01998496,0.01998496,35188,108,0
5679.64243842,5679.64273229,2567.66177239,2567.64862517,0.03907407,413.21302344,0.01998496,0.01998496,35187,108,0
5679.80440381,5679.80416453,2574.88764286,2574.89835828,0.07272507,413.22623864,0.01998496,0.01998496,35186,108,0
5679.96531627,5679.96560595,2582.12098220,2582.10799674,0.07931923,413.23839169,0.01998496,0.01998496,35185,108,0
5680.12709256,5680.12705655,2589.36172938,2589.36334523,0.02716280,413.24962608,0.01998496,0.01998496,35184,108,0
5680.28678569,5680.28851633,0.00000000,2596.53755776,0.03191928,413.25975268,0.01998495,0.01998496,35183,108,1
5680.45023847,5680.44998528,2603.86579311,2603.87717625,0.07594182,413.26910209,0.01998496,0.01998496,35182,108,0
5680.61101640,5680.61146341,2611.12931402,2611.10919678,0.07236067,413.27731463,0.01998496,0.01998496,35181,108,0
5680.77198364,5680.77295073,2618.40063175,2618.35706450,0.05006414,413.28454950,0.01998496,0.01998496,35180,108,0
5680.93455220,5680.93444722,2625.67985567,2625.68458993,0.04815194,413.29085065,0.01998496,0.01998496,35179,108,0
5681.09608649,5681.09595290,2632.96710211,2632.97313317,0.05137397,413.29610762,0.01998496,0.01998496,35178,108,0
5681.25755791,5681.25746776,2640.26248844,2640.26656244,0.04626675,413.30035916,0.01998496,0.01998496,35177,108,0
5681.41836169,5681.41899180,2647.56613278,2647.53762544,0.03846077,413.30359302,0.01998496,0.01998496,35176,108,0
5681.58000978,5681.58052503,2654.87813994,2654.85480368,0.05885605,413.30583474,0.01998496,0.01998496,35175,108,0
5681.74217517,5681.74206744,2662.19848407,2662.20336826,0.03549144,413.30706371,0.01998496,0.01998496,35174,108,0
5681.90378964,5681.90361904,2669.52706734,2669.53481043,0.03800049,413.30726883,0.01998496,0.01998496,35173,108,0
5682.06634135,5682.06517983,2676.86379052,2676.91656488,0.06372238,413.30644508,0.01998496,0.01998496,35172,108,0
5682.22710153,5682.22674980,2684.20855369,2684.22455126,0.04228118,413.30461122,0.01998496,0.01998496,35171,108,0
5682.38838917,5682.38832896,2691.56129807,2691.56403949,0.02605563,413.30174967,0.01998496,0.01998496,35170,108,0
5682.55046672,5682.54991731,2698.92211540,2698.94715596,0.05135783,413.29784004,0.01998496,0.01998496,35169,108,0
5682.71171320,5682.71151485,2706.29113206,2706.30018186,0.03295657,413.29291855,0.01998496,0.01998496,35168,108,0
5682.87313297,5682.87312158,2713.66847522,2713.66899549,0.02039504,413.28695750,0.01998496,0.01998496,35167,108,0
5683.03360014,5683.03473750,2721.05427009,2721.00226479,0.06462511,413.28000258,0.01998496,0.01998496,35166,108,0
5683.19543544,5683.19636262,2728.44850797,2728.40606771,0.03359874,413.27194587,0.01998496,0.01998496,35165,108,0
5683.35944883,5683.35799693,2735.85098768,2735.91751644,0.05976938,413.26270940,0.01998496,0.01998496,35164,108,0
5683.51969189,5683.51964043,2743.26149188,2743.26385251,0.04273206,413.25264074,0.01998496,0.01998496,35163,108,0
5683.68207860,5683.68129312,2750.67980175,2750.71586523,0.03615835,413.24138134,0.01998496,0.01998496,35162,108,0
5683.84215610,5683.84295501,2758.10572980,2758.06901391,0.04797225,413.22923885,0.01998496,0.01998496,35161,108,0
5684.00376777,5684.00462610,2765.53940551,2765.49991961,0.03079773,413.21592609,0.01998496,0.01998496,35160,108,0
5684.16638671,5684.16630638,2772.98113804,2772.98483725,0.05841195,413.20145778,0.01998496,0.01998496,35159,108,0
5684.32864436,5684.32799587,2780.43124058,2780.46113739,0.02637005,413.18594539,0.01998496,0.01998496,35158,108,0
5684.49026984,5684.48969455,2787.89002833,2787.91658033,0.07943141,413.16942061,0.01998496,0.01998496,35157,108,0
5684.65185607,5684.65140242,2795.35773259,2795.37869376,0.05219421,413.15182545,0.01998496,0.01998496,35156,108,0
5684.81228523,5684.81311950,2802.83432747,2802.79573518,0.04490689,413.13329010,0.01998496,0.01998496,35155,108,0
5684.97484642,5684.97484578,2810.31973850,2810.31976799,0.02387810,413.11342142,0.01998496,0.01998496,35154,108,0
5685.13660284,5685.13658127,2817.81389063,2817.81489104,0.06621095,413.09256170,0.01998496,0.01998496,35153,108,0
5685.29870056,5685.29832595,2825.31670961,2825.33409626,0.02707375,413.07056452,0.01998496,0.01998496,35152,108,0
5685.46037319,5685.46007984,2832.82815208,2832.84178216,0.05181079,413.04753139,0.01998496,0.01998496,35151,108,0
5685.62205125,5685.62184293,2840.34820592,2840.35789590,0.03367415,413.02340181,0.01998496,0.01998496,35150,108,0
5685.78276997,5685.78361522,2847.87686029,2847.83750202,0.07271114,412.99832606,0.01998496,0.01998496,35149,108,0
5685.94576014,5685.94539673,2855.41410424,2855.43104454,0.03599762,412.97178322,0.01998496,0.01998496,35148,108,0
5686.10693677,5686.10718743,2862.95991494,2862.94821784,0.05014784,412.94443050,0.01998496,0.01998496,35147,108,0
5686.26942209,5686.26898735,2870.51421027,2870.53451859,0.03751513,412.91574007,0.01998496,0.01998496,35146,108,0
5686.43087770,5686.43079647,2878.07688891,2878.08068742,0.05137756,412.88611894,0.01998496,0.01998496,35145,108,0
5686.59236242,5686.59261480,2885.64784883,2885.63603468,0.03554509,412.85538026,0.01998496,0.01998496,35144,108,0
5686.75352870,5686.75444234,2893.22699089,2893.18417887,0.06866749,412.82359030,0.01998496,0.01998496,35143,108,0
5686.91671665,5686.91627909,2900.81438239,2900.83490711,0.06750611,412.79026612,0.01998496,0.01998496,35142,108,0
5687.07717883,5687.07812506,2908.41032405,2908.36589038,0.02204936,412.75637989,0.01998496,0.01998496,35141,108,0
5687.24070144,5687.23998023,2916.01513592,2916.04904172,0.05704160,412.72070111,0.01998496,0.01998496,35140,108,0
5687.40182280,5687.40184462,2923.62914026,2923.62811350,0.03820899,412.68440940,0.01998496,0.01998496,35139,108,0
5687.56389893,5687.56371822,2931.25260545,2931.26112093,0.07013278,412.64675904,0.01998496,0.01998496,35138,108,0
5687.72626362,5687.72560103,2938.88544459,2938.91670371,0.04745158,412.60788819,0.01998496,0.01998496,35137,108,0
5687.88747503,5687.88749306,2946.52743008,2946.52657851,0.02095523,412.56814862,0.01998496,0.01998496,35136,108,0
5688.05011150,5688.04939431,2954.17833233,2954.21224313,0.06100595,412.52689936,0.01998496,0.01998496,35135,108,0
5688.21065961,5688.21130477,2961.83792361,2961.80738652,0.04451871,412.48503625,0.01998496,0.01998496,35134,108,0
5688.37331041,5688.37322445,2969.50616864,2969.51024183,0.04284117,412.44146298,0.01998496,0.01998496,35133,108,0
5688.53470632,5688.53515334,2977.18332367,2977.16211799,0.06451967,412.39706493,0.01998496,0.01998496,35132,108,0
5688.69871370,5688.69709146,0.00000000,2984.95154010,0.02951827,412.35072931,0.01998497,0.01998496,35131,108,1
5688.85794687,5688.85903879,2992.56549420,2992.51357454,0.02823227,412.30464657,0.01998496,0.01998496,35130,108,0
5689.02156684,5689.02099535,3000.27103872,3000.29824556,0.05638438,412.25607539,0.01998496,0.01998496,35129,108,0
5689.18292985,5689.18296113,3007.98630409,3007.98481306,0.04515134,412.20698983,0.01998496,0.01998496,35128,108,0
5689.34473869,5689.34493613,3015.71119840,3015.70177663,0.04234433,412.15658426,0.01998496,0.01998496,35127,108,0
5689.50677540,5689.50692035,3023.44562886,3023.43870355,0.02675479,412.10491584,0.01998496,0.01998496,35126,108,0
5689.66877127,5689.66891379,3031.18950482,3031.18268764,0.04872764,412.05206487,0.01998496,0.01998496,35125,108,0
5689.83114656,5689.83091647,3038.94283894,3038.95385756,0.04016625,411.99788650,0.01998496,0.01998496,35124,108,0
5689.99250865,5689.99292836,3046.70577481,3046.68565213,0.03758293,411.94284752,0.01998496,0.01998496,35123,108,0
5690.15431245,5690.15494948,3054.47846535,3054.44788663,0.07531350,411.88645299,0.01998496,0.01998496,35122,108,0
5690.31701815,5690.31697983,3062.26106456,3062.26290644,0.05792307,411.82852224,0.01998496,0.01998496,35121,108,0
5690.47926826,5690.47901941,3070.05364051,3070.06561508,0.07343117,411.76952893,0.01998496,0.01998496,35120,108,0
5690.64098641,5690.64106821,3077.85589388,3077.85195304,0.04394780,411.70951017,0.01998496,0.01998496,35119,108,0
5690.80408783,5690.80312624,3085.66742586,3085.71380202,0.06914471,411.64774465,0.01998497,0.01998496,35118,108,0
5690.96334295,5690.96519351,0.00000000,3093.39302659,0.03869873,411.58628410,0.01998496,0.01998496,35117,108,1
5691.12689770,5691.12727000,3101.31674643,3101.29875377,0.06249443,411.52184441,0.01998496,0.01998496,35116,108,0
5691.28933369,5691.28935573,3109.15429951,3109.15323332,0.06372335,411.45665071,0.01998496,0.01998496,35115,108,0
5691.45191648,5691.45145068,3117.00105650,3117.02361826,0.05909569,411.39015358,0.01998496,0.01998496,35114,108,0
5691.61344422,5691.61355487,3124.85759672,3124.85223065,0.05708701,411.32284620,0.01998496,0.01998496,35113,108,0
5691.77555416,5691.77566830,3132.72450275,3132.71896011,0.06959243,411.25404259,0.01998496,0.01998496,35112,108,0
5691.93669447,5691.93779096,3140.60211590,3140.54880284,0.02312879,411.18439855,0.01998496,0.01998496,35111,108,0
5692.09900702,5692.09992285,3148.49021977,3148.44563464,0.07221347,411.11298348,0.01998496,0.01998496,35110,108,0
5692.26082782,5692.26206398,3156.38851853,3156.32826597,0.07118385,411.04051991,0.01998496,0.01998496,35109,108,0
5692.42354627,5692.42421435,3164.29671408,3164.26411224,0.04696937,410.96637942,0.01998496,0.01998496,35108,108,0
5692.58585778,5692.58637396,3172.21455753,3172.18933925,0.04423841,410.89114890,0.01998496,0.01998496,35107,108,0
5692.74741977,5692.74854280,3180.14214088,3180.08720910,0.04779936,410.81499584,0.01998496,0.01998496,35106,108,0
5692.91142914,5692.91072089,3188.07969653,3188.11438224,0.03761624,410.73638677,0.01998497,0.01998496,35105,108,0
5693.07308089,5693.07290821,3196.02745910,3196.03592628,0.05813033,410.65761710,0.01998496,0.01998496,35104,108,0
5693.23476752,5693.23510478,3203.98565622,3203.96909816,0.04641777,410.57754218,0.01998496,0.01998496,35103,108,0
5693.39794729,5693.39731058,3211.95431601,3211.98561472,0.05186921,410.49541675,0.01998497,0.01998496,35102,108,0
5693.55985573,5693.55952563,3219.93326457,3219.94951127,0.04908241,410.41262685,0.01998496,0.01998496,35101,108,0
5693.72389351,5693.72174992,0.00000000,3228.02845874,0.04688025,410.32741533,0.01998497,0.01998496,35100,108,1
5693.88338617,5693.88398346,3235.92129043,3235.89182356,0.04766965,410.24329229,0.01998496,0.01998496,35099,108,0
5694.04654368,5694.04622624,3243.93011766,3243.94579691,0.04185457,410.15591803,0.01998496,0.01998496,35098,108,0
5694.20837248,5694.20847827,3251.94901534,3251.94378348,0.03942381,410.06793742,0.01998496,0.01998496,35097,108,0
5694.37120377,5694.37073955,3259.97824065,3260.00122637,0.05776613,409.97807983,0.01998497,0.01998496,35096,108,0
5694.53152560,5694.53301007,0.00000000,3267.94886531,0.02633358,409.88824440,0.01998496,0.01998496,35095,108,1
5694.69512365,5694.69528984,3276.06867531,3276.06042545,0.04732716,409.79532486,0.01998496,0.01998496,35094,108,0
5694.85775099,5694.85757885,3284.13013199,3284.13868802,0.03521960,409.70155068,0.01998496,0.01998496,35093,108,0
5695.01957914,5695.01987712,3292.20237853,3292.18754848,0.03928059,409.60689111,0.01998496,0.01998496,35092,108,0
5695.18357194,5695.18218464,0.00000000,3300.36008828,0.03748519,409.50952428,0.01998497,0.01998496,35091,108,1
5695.34403184,5695.34450141,3308.37906282,3308.35563354,0.07052881,409.41304467,0.01998496,0.01998496,35090,108,0
5695.50707226,5695.50682743,3316.48342259,3316.49565348,0.02128790,409.31358080,0.01998496,0.01998496,35089,108,0
5695.66938490,5695.66916271,3324.59842319,3324.60953728,0.05660528,409.21319038,0.01998496,0.01998496,35088,108,0
5695.83216668,5695.83150724,3332.72403816,3332.75706490,0.04957978,409.11113214,0.01998497,0.01998496,35087,108,0
5695.99519712,5695.99386102,3340.86024402,3340.92724343,0.06436032,409.00753089,0.01998497,0.01998496,35086,108,0
5696.15538351,5696.15622406,3349.00714608,3348.96494306,0.04177291,408.90437913,0.01998496,0.01998496,35085,108,0
5696.31756949,5696.31859635,3357.16501935,3357.11339411,0.03451066,408.79856046,0.01998496,0.01998496,35084,108,0
5696.48087014,5696.48097790,3365.33415240,3365.32872732,0.05488667,408.69060377,0.01998496,0.01998496,35083,108,0
5696.64461173,5696.64336871,3373.51483550,3373.57749780,0.05036751,408.58092534,0.01998497,0.01998496,35082,108,0
5696.80611567,5696.80576878,3381.70721883,3381.72472997,0.04539886,408.47133581,0.01998497,0.01998496,35081,108,0
5696.96871019,5696.96817811,3389.91111900,3389.93801454,0.03584474,408.35958923,0.01998497,0.01998496,35080,108,0
5697.12958426,5697.13059669,3398.12630300,3398.07506062,0.05206807,408.24762405,0.01998496,0.01998496,35079,108,0
5697.29281718,5697.29302454,3406.35253587,3406.34202741,0.05485913,408.13259116,0.01998496,0.01998496,35078,108,0
5697.45600261,5697.45546165,3414.58963949,3414.61708872,0.08255352,408.01615372,0.01998497,0.01998496,35077,108,0
5697.61999181,5697.61790802,0.00000000,3422.94529532,0.06440275,407.89766358,0.01998497,0.01998496,35076,108,1
5697.78069963,5697.78036365,3431.09677435,3431.11386634,0.04302061,407.78017311,0.01998497,0.01998496,35075,108,0
5697.94279169,5697.94282855,3439.36705883,3439.36518122,0.07592131,407.66021420,0.01998496,0.01998496,35074,108,0
5698.10419233,5698.10530272,3447.64866146,3447.59202574,0.06071718,407.53933210,0.01998496,0.01998496,35073,108,0
5698.26690391,5698.26778614,3455.94173522,3455.89667652,0.04991745,407.41601167,0.01998496,0.01998496,35072,108,0
5698.43178901,5698.43027884,0.00000000,3464.32442572,0.07426732,407.28953317,0.01998497,0.01998496,35071,108,1
5698.59390858,5698.59278080,3472.56294931,3472.62070633,0.04900115,407.16371910,0.01998497,0.01998496,35070,108,0
5698.75485214,5698.75529203,3480.89140275,3480.86884367,0.02648643,407.03734825,0.01998496,0.01998496,35069,108,0
5698.91802867,5698.91781253,3489.23176636,3489.24286583,0.02441406,406.90773618,0.01998497,0.01998496,35068,108,0
5699.08059863,5699.08034230,3497.58388544,3497.59706647,0.07942139,406.77711327,0.01998497,0.01998497,35067,108,0
5699.24298142,5699.24288134,3505.94760212,3505.95275565,0.04125451,406.64515080,0.01998497,0.01998497,35066,108,0
5699.40588369,5699.40542965,3514.32275699,3514.34616649,0.07646865,406.51126740,0.01998497,0.01998497,35065,108,0
5699.56975035,5699.56798723,0.00000000,3522.79527650,0.05700211,406.37515427,0.01998497,0.01998497,35064,108,1
5699.73069577,5699.73055408,3531.10672514,3531.11404879,0.05630755,406.23982626,0.01998497,0.01998497,35063,108,0
5699.89235158,5699.89313021,3539.51520359,3539.47490766,0.06276607,406.10249944,0.01998496,0.01998497,35062,108,0
5700.05498431,5700.05571561,3547.93446984,3547.89657714,0.05615117,405.96284210,0.01998496,0.01998497,35061,108,0
5700.21786470,5700.21831029,3556.36485280,3556.34173413,0.06236718,405.82145326,0.01998496,0.01998497,35060,108,0
5700.38041197,5700.38091425,3564.80721937,3564.78112285,0.06800643,405.67881866,0.01998496,0.01998497,35059,108,0
5700.54383585,5700.54352748,3573.26247168,3573.27851836,0.03958355,405.53384810,0.01998497,0.01998497,35058,108,0
5700.70671160,5700.70614998,3581.73150118,3581.76077246,0.08421261,405.38777943,0.01998497,0.01998497,35057,108,0
5700.86799674,5700.86878177,3590.21444089,3590.17346252,0.06210853,405.24157023,0.01998496,0.01998497,35056,108,0
5701.03231548,5701.03142283,3598.71039657,3598.75705900,0.05902716,405.09101707,0.01998497,0.01998497,35055,108,0
5701.19330304,5701.19407318,3607.21839400,3607.17808374,0.07786171,404.94196721,0.01998496,0.01998497,35054,108,0
5701.35613047,5701.35673280,3615.73746473,3615.70589990,0.05170088,404.78966656,0.01998496,0.01998497,35053,108,0
5701.51958287,5701.51940171,3624.26745958,3624.27696518,0.05338964,404.63521406,0.01998497,0.01998497,35052,108,0
5701.68206985,5701.68207990,3632.80949353,3632.80896541,0.07597530,404.48009219,0.01998497,0.01998497,35051,108,0
5701.84581094,5701.84476737,3641.36479801,3641.41972069,0.08340408,404.32214941,0.01998497,0.01998497,35050,108,0
5702.00759170,5702.00746413,3649.93460328,3649.94132861,0.03128744,404.16446814,0.01998497,0.01998497,35049,108,0
5702.16985293,5702.17017017,3658.51931906,3658.50256741,0.04297605,404.00467765,0.01998496,0.01998497,35048,108,0
5702.33258285,5702.33288549,3667.11799872,3667.10199356,0.04417411,403.84278626,0.01998496,0.01998497,35047,108,0
5702.49554580,5702.49561011,3675.72956149,3675.72615586,0.05060667,403.67903212,0.01998497,0.01998497,35046,108,0
5702.65910294,5702.65834401,3684.35292673,3684.39316826,0.07434146,403.51305500,0.01998497,0.01998497,35045,108,0
5702.81998022,5702.82108719,3692.98770160,3692.92892989,0.05129812,403.34821066,0.01998496,0.01998497,35044,108,0
5702.98378651,5702.98383967,3701.63463534,3701.63180878,0.07142176,403.17872841,0.01998497,0.01998497,35043,108,0
5703.14718967,5703.14660144,3710.29459028,3710.32591201,0.06168228,403.00799521,0.01998497,0.01998497,35042,108,0
5703.31032160,5703.30937249,3718.96842728,3719.01904479,0.03655295,402.83586037,0.01998497,0.01998497,35041,108,0
5703.47192978,5703.47215284,3727.65646891,3727.64455474,0.05857785,402.66366064,0.01998497,0.01998497,35040,108,0
5703.63579021,5703.63494248,3736.35819558,3736.40354359,0.04018317,402.48736529,0.01998497,0.01998497,35039,108,0
5703.79685313,5703.79774141,3745.07301035,3745.02542699,0.05414869,402.31242154,0.01998496,0.01998497,35038,108,0
5703.96150658,5703.96054963,3753.80031911,3753.85165100,0.07622718,402.13188487,0.01998497,0.01998497,35037,108,0
5704.12569418,5704.12336715,0.00000000,3762.65706424,0.06748860,401.95031559,0.01998498,0.01998497,35036,108,1
5704.28526794,5704.28619396,3771.29198590,3771.24217672,0.05786958,401.77188679,0.01998496,0.01998497,35035,108,0
5704.44984077,5704.44903007,3780.05691607,3780.10058481,0.06145610,401.58632696,0.01998497,0.01998497,35034,108,0
5704.61395339,5704.61187548,0.00000000,3788.94118261,0.02744772,401.39967111,0.01998497,0.01998497,35033,108,1
5704.77544234,5704.77473018,3797.62640550,3797.66487851,0.05384577,401.21404506,0.01998497,0.01998497,35032,108,0
5704.93710015,5704.93759418,3806.43129173,3806.40456297,0.04276560,401.02664624,0.01998497,0.01998497,35031,108,0
5705.09989130,5705.10046749,3815.24974979,3815.21853043,0.03587155,400.83620262,0.01998497,0.01998497,35030,108,0
5705.26356460,5705.26335009,3824.08188391,3824.09352428,0.06165615,400.64296729,0.01998497,0.01998497,35029,108,0
5705.42683027,5705.42624199,3832.92773226,3832.95970316,0.05762407,400.44844813,0.01998497,0.01998497,35028,108,0
5705.58908008,5705.58914319,3841.78727338,3841.78383877,0.05679919,400.25338703,0.01998497,0.01998497,35027,108,0
5705.74985181,5705.75205369,0.00000000,3850.54714042,0.04560023,400.05822513,0.01998496,0.01998497,35026,108,1
5705.91701997,5705.91497350,0.00000000,3859.66856021,0.06253679,399.85355796,0.01998497,0.01998497,35025,108,1
5706.07758019,5706.07790261,3868.44831448,3868.43068634,0.07178343,399.65548339,0.01998497,0.01998497,35024,108,0
5706.24000415,5706.24084103,3877.36395040,3877.31812076,0.06787773,399.45310559,0.01998496,0.01998497,35023,108,0
5706.40377867,5706.40378875,3886.29492003,3886.29436724,0.07922656,399.24720240,0.01998497,0.01998497,35022,108,0
5706.56771125,5706.56674578,3895.24174358,3895.29479620,0.07394125,399.03922812,0.01998497,0.01998497,35021,108,0
5706.73072559,5706.72971211,3904.20399968,3904.25978014,0.09178794,398.83056367,0.01998497,0.01998497,35020,108,0
5706.89213332,5706.89268776,3913.18083946,3913.15027793,0.08249834,398.62214565,0.01998497,0.01998497,35019,108,0
5707.05612607,5707.05567271,3922.17140372,3922.19642981,0.05246541,398.40855870,0.01998497,0.01998497,35018,108,0
5707.21807701,5707.21866697,3931.17514607,3931.14253353,0.05582905,398.19582642,0.01998497,0.01998497,35017,108,0
5707.38286839,5707.38167054,0.00000000,3940.27185500,0.07038586,397.97719206,0.01998497,0.01998497,35016,108,1
5707.54587144,5707.54468342,3949.22606676,3949.29195682,0.07076391,397.75964056,0.01998497,0.01998497,35015,108,0
5707.70677406,5707.70770561,3958.27581267,3958.22405201,0.08030399,397.54271055,0.01998496,0.01998497,35014,108,0
5707.86789006,5707.87073712,0.00000000,3967.19219018,0.10237593,397.32340263,0.01998496,0.01998497,35013,108,1
5708.03206519,5708.03377794,0.00000000,3976.33323029,0.07854422,397.09831742,0.01998496,0.01998497,35012,108,1
5708.19673530,5708.19682807,3985.52205211,3985.51687298,0.08021464,396.87060858,0.01998497,0.01998497,35011,108,0
5708.35876421,5708.35988752,3994.63105086,3994.56826163,0.05799683,396.64463491,0.01998496,0.01998497,35010,108,0
5708.52318186,5708.52295628,4003.75213574,4003.76476184,0.07098383,396.41346879,0.01998497,0.01998497,35009,108,0
5708.68359910,5708.68603436,0.00000000,4012.75502207,0.08934088,396.18595774,0.01998496,0.01998497,35008,108,1
5708.84962680,5708.84912176,4022.03834424,4022.06670887,0.07951804,395.94871907,0.01998497,0.01998497,35007,108,0
5709.01256475,5709.01221848,4031.20752130,4031.22700739,0.06683559,395.71375556,0.01998497,0.01998497,35006,108,0
5709.17534596,5709.17532451,4040.39478539,4040.39599424,0.11780644,395.47699836,0.01998497,0.01998497,35005,108,0
5709.33946351,5709.33843987,4049.59869022,4049.65649760,0.04690094,395.23628318,0.01998497,0.01998497,35004,108,0
5709.50215353,5709.50156455,4058.81773646,4058.85104782,0.07229585,394.99569692,0.01998497,0.01998497,35003,108,0
5709.66452712,5709.66469854,4068.05064324,4068.04093425,0.08159366,394.75365440,0.01998497,0.01998497,35002,108,0
5709.83098597,5709.82784186,0.00000000,4077.47125535,0.12059699,394.50363929,0.01998498,0.01998497,35001,108,1
5709.98688231,5709.99099450,0.00000000,4086.32206984,0.07177842,394.26747701,0.01998495,0.01998497,35000,108,1
nan,nan,0.00000000,-1.00000000,0.00000000,394.03450751,nan,0.00000000,-2147483648,108,1
nan,nan,0.00000000,-1.00000000,0.00000000,386.89217284,nan,0.00000000,-2147483648,107,1
nan,nan,0.00000000,-1.00000000,0.00000000,387.09355718,nan,0.00000000,-2147483648,107,1
nan,nan,0.00000000,-1.00000000,0.00000000,387.24439797,nan,0.00000000,-2147483648,107,1
nan,nan,0.00000000,-1.00000000,0.00000000,387.34486446,nan,0.00000000,-2147483648,107,1
nan,nan,0.00000000,-1.00000000,0.00000000,387.59570158,nan,0.00000000,-2147483648,107,1
nan,nan,0.00000000,-1.00000000,0.00000000,387.79603276,nan,0.00000000,-2147483648,107,1
nan,nan,0.00000000,-1.00000000,0.00000000,387.94608368,nan,0.00000000,-2147483648,107,1
5665.65211093,nan,0.00000000,32.48219192,0.10865191,388.46904232,0.01998502,0.01998495,35274,107,1
5665.65211093,nan,0.00000000,32.48219192,0.10865191,388.46904232,0.01998502,0.01998495,35274,107,1
nan,nan,0.00000000,-1.00000000,0.00000000,388.69379945,nan,0.00000000,-2147483648,107,1
nan,nan,0.00000000,-1.00000000,0.00000000,388.84283485,nan,0.00000000,-2147483648,107,1
nan,nan,0.00000000,-1.00000000,0.00000000,388.99170100,nan,0.00000000,-2147483648,107,1
5666.13158873,nan,0.00000000,48.33208866,0.46556683,389.25587242,0.01998501,0.01998495,35271,107,1
5666.27827108,5666.27576834,0.00000000,53.18580105,0.16692400,389.49587845,0.01998496,0.01998495,35270,107,1
5666.43565800,5666.43644165,58.40628729,58.38033191,0.18389830,389.75224648,0.01998495,0.01998495,35269,107,0
5666.59809446,5666.59712408,63.72949422,63.76164913,0.16920056,390.01729793,0.01998496,0.01998495,35268,107,0
5666.76387067,5666.75781561,0.00000000,69.27069918,0.25706460,390.28807664,0.01998498,0.01998495,35267,107,1
nan,nan,0.00000000,-1.00000000,0.00000000,390.56907562,nan,0.00000000,-2147483648,107,1
5667.08018426,5667.07922603,79.71524498,79.74704020,0.06589411,390.80143111,0.01998496,0.01998495,35265,107,0
5667.23379362,5667.23994490,0.00000000,84.86044955,0.09078145,391.05124537,0.01998493,0.01998495,35264,107,1
5667.39003172,nan,0.00000000,90.04894366,0.43951731,391.30422532,0.01998492,0.01998495,35263,107,1
5667.39003172,nan,0.00000000,90.04894366,0.43951731,391.30422532,0.01998492,0.01998495,35263,107,1
5667.71056986,nan,0.00000000,100.70193089,0.19336727,391.82205564,0.01998491,0.01998496,35261,107,1
nan,nan,0.00000000,-1.00000000,0.00000000,392.32060526,nan,0.00000000,-2147483648,107,1
nan,nan,0.00000000,-1.00000000,0.00000000,392.61015757,nan,0.00000000,-2147483648,107,1
nan,nan,0.00000000,-1.00000000,0.00000000,392.80281637,nan,0.00000000,-2147483648,107,1
nan,nan,0.00000000,-1.00000000,0.00000000,392.89903295,nan,0.00000000,-2147483648,107,1
5668.54420822,nan,0.00000000,128.45996293,0.16668006,393.16131950,0.01998502,0.01998496,35256,107,1
5668.68879061,5668.68682512,0.00000000,133.28191420,0.28140460,393.39249102,0.01998496,0.01998496,35255,107,1
5668.84711719,5668.84763519,138.56501382,138.54772361,0.06770753,393.64444234,0.01998495,0.01998496,35254,107,0
5669.01182905,5669.00845438,0.00000000,144.06382442,0.14146094,393.90781013,0.01998497,0.01998496,35253,107,1
nan,nan,0.00000000,-1.00000000,0.00000000,394.19059537,nan,0.00000000,-2147483648,107,1
nan,nan,0.00000000,-1.00000000,0.00000000,394.42826937,nan,0.00000000,-2147483648,107,1
5669.48517832,5669.49096671,0.00000000,159.88335272,0.15378758,394.65994482,0.01998494,0.01998496,35250,107,1
5669.65297889,5669.65182241,165.44291148,165.48161292,0.19304659,394.92498517,0.01998496,0.01998496,35249,107,0
5669.82071030,5669.81268723,0.00000000,171.11197927,0.13058941,395.19095119,0.01998498,0.01998496,35248,107,1
5669.98085160,5669.97356119,0.00000000,176.47553607,0.27206560,395.44375936,0.01998498,0.01998496,35247,107,1
5670.15195397,nan,0.00000000,182.20936096,0.12902547,395.71342172,0.01998502,0.01998496,35246,107,1
nan,nan,0.00000000,-1.00000000,0.00000000,395.98512868,nan,0.00000000,-2147483648,107,1
5670.47960442,nan,0.00000000,193.19839396,0.14835687,396.22850944,0.01998504,0.01998496,35244,107,1
5670.62170560,5670.61714829,0.00000000,197.96804120,0.21346114,396.45136998,0.01998497,0.01998496,35243,107,1
5670.78130272,5670.77806790,0.00000000,203.32763978,0.05016639,396.70128549,0.01998497,0.01998496,35242,107,1
5670.94097589,5670.93899663,0.00000000,208.69265307,0.11182496,396.95091260,0.01998496,0.01998496,35241,107,1
5671.10513026,5671.09993450,0.00000000,214.21122299,0.11086873,397.20711987,0.01998497,0.01998496,35240,107,1
5671.26612549,5671.26088151,0.00000000,219.62653648,0.07984308,397.45797670,0.01998497,0.01998496,35239,107,1
5671.41173195,5671.42183765,0.00000000,224.52674450,0.10256706,397.68449681,0.01998492,0.01998496,35238,107,1
5671.57270667,5671.58280293,0.00000000,229.94694127,0.08795441,397.93452840,0.01998492,0.01998496,35237,107,1
5671.73906423,5671.74377734,0.00000000,235.55146733,0.15951619,398.19248218,0.01998494,0.01998496,35236,107,1
5671.90505677,5671.90476089,241.12099150,241.13096833,0.17386006,398.44869757,0.01998496,0.01998496,35235,107,0
5672.05701629,5672.06575358,0.00000000,246.27189570,0.23992818,398.68425521,0.01998493,0.01998496,35234,107,1
nan,nan,0.00000000,-1.00000000,0.00000000,398.99178672,nan,0.00000000,-2147483648,107,1
5672.39194870,5672.38776637,0.00000000,257.57729886,0.12678001,399.20052172,0.01998497,0.01998496,35232,107,1
5672.55810102,5672.54878648,0.00000000,263.19040430,0.12574017,399.45595411,0.01998499,0.01998496,35231,107,1
5672.71536072,5672.70981573,0.00000000,268.50600250,0.10727708,399.69730192,0.01998498,0.01998496,35230,107,1
nan,nan,0.00000000,-1.00000000,0.00000000,399.90093163,nan,0.00000000,-2147483648,107,1
nan,nan,0.00000000,-1.00000000,0.00000000,400.12704285,nan,0.00000000,-2147483648,107,1
5673.19004273,5673.19295834,0.00000000,284.56813764,0.11521319,400.42335454,0.01998495,0.01998496,35227,107,1
5673.34617357,5673.35402416,0.00000000,289.85691215,0.26518909,400.66136023,0.01998493,0.01998496,35226,107,1
5673.51006776,5673.51509913,0.00000000,295.41169064,0.12006134,400.91077045,0.01998494,0.01998496,35225,107,1
nan,nan,0.00000000,-1.00000000,0.00000000,401.11634863,nan,0.00000000,-2147483648,107,1
5673.84233914,5673.83727651,0.00000000,306.68273073,0.22936275,401.41505888,0.01998498,0.01998496,35223,107,1
5674.00890327,5673.99837891,0.00000000,312.33760492,0.15922613,401.66716935,0.01998499,0.01998496,35222,107,1
5674.15373661,5674.15949047,0.00000000,317.25733945,0.16226537,401.88601618,0.01998494,0.01998496,35221,107,1
5674.32094505,5674.32061118,322.91109482,322.92244623,0.09109231,402.13745610,0.01998496,0.01998496,35220,107,0
5674.47823587,5674.48174104,0.00000000,328.28888994,0.10751060,402.37508371,0.01998495,0.01998496,35219,107,1
5674.64285798,5674.64288004,333.87439968,333.87364883,0.11637112,402.62180350,0.01998496,0.01998496,35218,107,0
5674.80157030,5674.80402820,0.00000000,339.29309038,0.07702607,402.86065945,0.01998495,0.01998496,35217,107,1
5674.96259915,5674.96518551,0.00000000,344.77803986,0.10741267,403.10184041,0.01998495,0.01998496,35216,107,1
5675.12904178,5675.12635198,0.00000000,350.45059811,0.01672351,403.35067589,0.01998497,0.01998496,35215,107,1
5675.28477822,5675.28752759,0.00000000,355.76123283,0.14723573,403.58308678,0.01998495,0.01998496,35214,107,1
5675.44487894,5675.44871237,0.00000000,361.22367422,0.13545044,403.82158811,0.01998494,0.01998496,35213,107,1
5675.60370590,5675.60990629,0.00000000,366.64565124,0.04239178,404.05776799,0.01998494,0.01998496,35212,107,1
5675.77759409,5675.77110938,0.00000000,372.58521006,0.04820643,404.31585930,0.01998498,0.01998496,35211,107,1
5675.93789010,5675.93232162,0.00000000,378.06367505,0.06928239,404.55332677,0.01998498,0.01998496,35210,107,1
5676.09669497,5676.09354302,0.00000000,383.49419016,0.02102229,404.78815900,0.01998497,0.01998496,35209,107,1
5676.24740603,5676.25477358,0.00000000,388.65070626,0.10780546,405.01062954,0.01998493,0.01998496,35208,107,1
5676.41202326,5676.41601329,0.00000000,394.28611383,0.06149472,405.25318955,0.01998494,0.01998496,35207,107,1
5676.57923679,5676.57726217,399.93978541,400.00744613,0.07699799,405.49883723,0.01998496,0.01998496,35206,107,0
5676.73777468,5676.73852021,405.46685278,405.44129284,0.03688440,405.73157187,0.01998495,0.01998496,35205,107,0
5676.90035020,5676.89978741,410.99739428,411.01670054,0.13091986,405.96979272,0.01998496,0.01998496,35204,107,0
5677.06027636,5677.06106377,416.53146645,416.50443906,0.08907051,406.20369710,0.01998496,0.01998496,35203,107,0
5677.22461908,5677.22234930,0.00000000,422.15161842,0.04394415,406.44380632,0.01998497,0.01998496,35202,107,1
5677.38712683,5677.38364398,0.00000000,427.73386549,0.06824575,406.68056554,0.01998497,0.01998496,35201,107,1
5677.54749457,5677.54494784,0.00000000,433.24573211,0.07028948,406.91376499,0.01998497,0.01998496,35200,107,1
nan,nan,0.00000000,-1.00000000,0.00000000,407.11445274,nan,0.00000000,-2147483648,107,1
5677.86368809,5677.86758304,0.00000000,444.12248885,0.11225893,407.37227011,0.01998494,0.01998496,35198,107,1
5678.02753103,5678.02891440,449.81017916,449.76253100,0.08066734,407.60914817,0.01998495,0.01998496,35197,107,0
5678.18586170,5678.19025492,0.00000000,455.21745705,0.07636805,407.83768264,0.01998494,0.01998496,35196,107,1
5678.34694233,5678.35160461,0.00000000,460.76947456,0.02678484,408.06971040,0.01998494,0.01998496,35195,107,1
5678.51104157,5678.51296347,466.49695346,466.43064248,0.13097428,408.30570309,0.01998495,0.01998496,35194,107,0
5678.67566984,5678.67433150,472.06622811,472.11243150,0.08840875,408.54194967,0.01998496,0.01998496,35193,107,0
5678.83900661,5678.83570870,0.00000000,477.74928324,0.06351350,408.77572812,0.01998497,0.01998496,35192,107,1
5678.99773942,5678.99709507,483.21531826,483.23758861,0.12501400,409.00277201,0.01998496,0.01998496,35191,107,0
5679.16162484,5679.15849061,0.00000000,488.89811395,0.11813429,409.23634728,0.01998497,0.01998496,35190,107,1
5679.31986934,5679.31989533,494.37836048,494.37746109,0.11926474,409.46187274,0.01998496,0.01998496,35189,107,0
5679.47727986,5679.48130922,0.00000000,499.81874730,0.09843293,409.68527316,0.01998494,0.01998496,35188,107,1
5679.64235832,5679.64273229,505.55489185,505.54193816,0.02979487,409.91964707,0.01998496,0.01998496,35187,107,0
5679.80474144,5679.80416453,511.14804901,511.16804242,0.10076809,410.14944501,0.01998496,0.01998496,35186,107,0
5679.96621812,5679.96560595,516.74437757,516.76560350,0.12886724,410.37748664,0.01998496,0.01998496,35185,107,0
5680.12713497,5680.12705655,522.34385896,522.34657951,0.08499408,410.60426625,0.01998496,0.01998496,35184,107,0
5680.28341484,5680.28851633,0.00000000,527.76450525,0.09068352,410.82386035,0.01998494,0.01998496,35183,107,1
5680.45570756,5680.44998528,0.00000000,533.74777940,0.09520134,411.06572746,0.01998498,0.01998496,35182,107,1
5680.61439976,5680.61146341,0.00000000,539.26203370,0.05756720,411.28803910,0.01998497,0.01998496,35181,107,1
5680.77069260,5680.77295073,0.00000000,544.69600514,0.10754049,411.50655494,0.01998495,0.01998496,35180,107,1
5680.93665447,5680.93444722,0.00000000,550.46951141,0.03021762,411.73811633,0.01998497,0.01998496,35179,107,1
5681.09127707,5681.09595290,0.00000000,555.85166915,0.10801043,411.95341737,0.01998494,0.01998496,35178,107,1
5681.25902253,5681.25746776,561.64366632,561.69784496,0.17265778,412.18666347,0.01998497,0.01998496,35177,107,0
5681.42306772,5681.41899180,0.00000000,567.41094880,0.04196875,412.41397970,0.01998497,0.01998496,35176,107,1
5681.58052106,5681.58052503,572.90793323,572.90779463,0.04188493,412.63211222,0.01998496,0.01998496,35175,107,0
5681.74366477,5681.74206744,578.54529535,578.60105198,0.06044206,412.85744021,0.01998497,0.01998496,35174,107,0
5681.90080062,5681.90361904,0.00000000,584.07924546,0.10366336,413.07368123,0.01998495,0.01998496,35173,107,1
5682.06685195,5682.06517983,589.82931192,589.88773471,0.03796009,413.30234388,0.01998497,0.01998496,35172,107,0
5682.22842121,5682.22674980,595.47586080,595.53428824,0.07218380,413.52402371,0.01998497,0.01998496,35171,107,0
5682.38741773,5682.38832896,601.12570439,601.09383332,0.05760208,413.74170213,0.01998496,0.01998496,35170,107,0
5682.55200690,5682.54991731,0.00000000,606.84698789,0.09234376,413.96634945,0.01998497,0.01998496,35169,107,1
5682.71126850,5682.71151485,612.43622460,612.42759769,0.11461314,414.18366485,0.01998496,0.01998496,35168,107,0
5682.87148358,5682.87312158,618.09737798,618.03997870,0.07104721,414.40162707,0.01998495,0.01998496,35167,107,0
5683.03477976,5683.03473750,623.76275349,623.76423532,0.09996916,414.62332420,0.01998496,0.01998496,35166,107,0
5683.19679676,5683.19636262,629.43230147,629.44753537,0.05268136,414.84282578,0.01998496,0.01998496,35165,107,0
5683.35587480,5683.35799693,0.00000000,635.02732852,0.08340719,415.05773905,0.01998495,0.01998496,35164,107,1
5683.52170925,5683.51964043,0.00000000,640.85121302,0.08237255,415.28142965,0.01998497,0.01998496,35163,107,1
5683.68124738,5683.68129312,646.46393415,646.46232616,0.03058131,415.49634485,0.01998496,0.01998496,35162,107,0
5683.84411249,5683.84295501,652.14811804,652.18882642,0.11866821,415.71506939,0.01998497,0.01998496,35161,107,0
5684.00516873,5684.00462610,657.83546137,657.85455499,0.06516067,415.93086613,0.01998496,0.01998496,35160,107,0
5684.16862438,5684.16630638,0.00000000,663.60424289,0.06428892,416.14924386,0.01998497,0.01998496,35159,107,1
5684.32799325,5684.32799587,669.22004647,669.21995452,0.08904289,416.36193322,0.01998496,0.01998496,35158,107,0
5684.48913314,5684.48969455,674.91776113,674.89797300,0.08620843,416.57637971,0.01998496,0.01998496,35157,107,0
5684.64848336,5684.65140242,0.00000000,680.51703313,0.07191009,416.78800288,0.01998495,0.01998496,35156,107,1
5684.81479035,5684.81311950,686.32523224,686.38420509,0.06160203,417.00833698,0.01998497,0.01998496,35155,107,0
5684.97415239,5684.97484578,692.03545299,692.01096172,0.04935938,417.21903477,0.01998496,0.01998496,35154,107,0
5685.13860024,5685.13658127,0.00000000,697.82268630,0.04866500,417.43603403,0.01998497,0.01998496,35153,107,1
5685.29816527,5685.29832595,703.46877337,703.46309049,0.02980288,417.64602942,0.01998496,0.01998496,35152,107,0
5685.45744772,5685.46007984,0.00000000,709.09803014,0.03727305,417.85522423,0.01998495,0.01998496,35151,107,1
5685.62066547,5685.62184293,714.91775193,714.87605893,0.06259045,418.06911139,0.01998496,0.01998496,35150,107,0
5685.78404642,5685.78361522,720.64753722,720.66281364,0.08402757,418.28269260,0.01998496,0.01998496,35149,107,0
5685.94608541,5685.94539673,726.38055924,726.40497007,0.03644400,418.49400557,0.01998496,0.01998496,35148,107,0
5686.10562534,5686.10718743,732.11682986,732.06143145,0.05314264,418.70155897,0.01998496,0.01998496,35147,107,0
5686.27110739,5686.26898735,0.00000000,737.93275629,0.05722105,418.91636027,0.01998497,0.01998496,35146,107,1
5686.43156936,5686.43079647,743.59988810,743.62732966,0.06821901,419.12407614,0.01998496,0.01998496,35145,107,0
5686.59181604,5686.59261480,749.34707037,749.31869229,0.01951465,419.33106587,0.01998496,0.01998496,35144,107,0
5686.75403699,5686.75444234,755.09828583,755.08387525,0.06430508,419.54011962,0.01998496,0.01998496,35143,107,0
5686.91571031,5686.91627909,760.85372301,760.83348814,0.06620306,419.74798654,0.01998496,0.01998496,35142,107,0
5687.07965634,5687.07812506,766.61341311,766.66792602,0.05633108,419.95828495,0.01998497,0.01998496,35141,107,0
5687.24173281,5687.23998023,772.37726741,772.43969939,0.05092872,420.16569507,0.01998497,0.01998496,35140,107,0
5687.40281356,5687.40184462,778.14519388,778.17973273,0.10406913,420.37134357,0.01998496,0.01998496,35139,107,0
5687.56446327,5687.56371822,783.91710008,783.94367456,0.09027355,420.57722545,0.01998496,0.01998496,35138,107,0
5687.72590493,5687.72560103,789.69289320,789.70373916,0.08630518,420.78234496,0.01998496,0.01998496,35137,107,0
5687.88407345,5687.88749306,0.00000000,795.35744924,0.06001060,420.98307064,0.01998495,0.01998496,35136,107,1
5688.04971315,5688.04939431,801.25587155,801.26726454,0.09732600,421.19224662,0.01998496,0.01998496,35135,107,0
5688.21185510,5688.21130477,807.04309634,807.06277308,0.05258869,421.39673918,0.01998496,0.01998496,35134,107,0
5688.37376930,5688.37322445,812.83420922,812.85370203,0.04643952,421.60043953,0.01998496,0.01998496,35133,107,0
5688.53647776,5688.53515334,818.62925898,818.67667172,0.08360224,421.80463133,0.01998497,0.01998496,35132,107,0
5688.69684065,5688.69709146,824.42829461,824.41931032,0.01667586,422.00538196,0.01998496,0.01998496,35131,107,0
5688.85602523,5688.85903879,0.00000000,830.13259012,0.04090133,422.20449112,0.01998495,0.01998496,35130,107,1
5689.02049464,5689.02099535,836.03847489,836.02051581,0.06133295,422.40904474,0.01998496,0.01998496,35129,107,0
5689.18437039,5689.18296113,841.84962711,841.90020621,0.07647871,422.61266195,0.01998497,0.01998496,35128,107,0
5689.34487754,5689.34493613,847.66481260,847.66270861,0.05236686,422.81159032,0.01998496,0.01998496,35127,107,0
5689.50817413,5689.50692035,853.48402517,853.52908111,0.00318583,423.01346324,0.01998497,0.01998496,35126,107,0
5689.66818103,5689.66891379,859.30725862,859.28090944,0.04806798,423.21076639,0.01998496,0.01998496,35125,107,0
5689.82872628,5689.83091647,0.00000000,865.06580650,0.06767468,423.40857661,0.01998495,0.01998496,35124,107,1
5689.99282378,5689.99292836,870.96587606,870.96211064,0.07772849,423.60954897,0.01998496,0.01998496,35123,107,0
5690.15304152,5690.15494948,0.00000000,876.74261103,0.06684746,423.80593981,0.01998496,0.01998496,35122,107,1
5690.31498119,5690.31697983,0.00000000,882.57871670,0.00471155,424.00358262,0.01998496,0.01998496,35121,107,1
5690.47863820,5690.47901941,888.48570692,888.47195294,0.09792225,424.20251049,0.01998496,0.01998496,35120,107,0
5690.64009966,5690.64106821,894.33461652,894.29964531,0.09234423,424.39858391,0.01998496,0.01998496,35119,107,0
5690.80390054,5690.80312624,900.18815990,900.21613764,0.06598230,424.59699192,0.01998496,0.01998496,35118,107,0
5690.96369850,5690.96519351,906.04617991,905.99212363,0.02564094,424.79005332,0.01998496,0.01998496,35117,107,0
5691.12678850,5691.12727000,911.90843838,911.89101722,0.08794496,424.98657558,0.01998496,0.01998496,35116,107,0
5691.29159088,5691.28935573,0.00000000,917.85339422,0.04411800,425.18454808,0.01998497,0.01998496,35115,107,1
5691.45269226,5691.45145068,923.64471264,923.68968711,0.09577208,425.37768689,0.01998497,0.01998496,35114,107,0
5691.61249546,5691.61355487,929.51824688,929.47985132,0.06838692,425.56866644,0.01998496,0.01998496,35113,107,0
5691.77626392,5691.77566830,935.39514455,935.41674253,0.01684770,425.76383115,0.01998497,0.01998496,35112,107,0
5691.93659343,5691.93779096,941.27558213,941.23213348,0.03958341,425.95435937,0.01998496,0.01998496,35111,107,0
5692.09949725,5692.09992285,947.15981468,947.14436372,0.06532525,426.14740860,0.01998496,0.01998496,35110,107,0
5692.26126452,5692.26206398,953.04809835,953.01905550,0.04925450,426.33858125,0.01998496,0.01998496,35109,107,0
5692.42277939,5692.42421435,958.94069035,958.88852526,0.02274682,426.52893604,0.01998496,0.01998496,35108,107,0
5692.58852061,5692.58637396,0.00000000,964.90921124,0.05806087,426.72352210,0.01998497,0.01998496,35107,107,1
5692.74716740,5692.74854280,970.73970995,970.68963647,0.05754952,426.90970185,0.01998496,0.01998496,35106,107,0
5692.91000954,5692.91072089,976.64612010,976.62020444,0.07889136,427.10006466,0.01998496,0.01998496,35105,107,0
5693.07365405,5693.07290821,982.55688143,982.58407171,0.06338710,427.29082956,0.01998497,0.01998496,35104,107,0
5693.23393573,5693.23510478,988.47179544,988.42914999,0.08345443,427.47714597,0.01998496,0.01998496,35103,107,0
5693.39769217,5693.39731058,994.39066281,994.40459084,0.04875327,427.66695387,0.01998497,0.01998496,35102,107,0
5693.56084700,5693.55952563,1000.31328597,1000.36154413,0.07637753,427.85550638,0.01998497,0.01998496,35101,107,0
5693.72159939,5693.72174992,1006.23960273,1006.23410170,0.07416369,428.04073456,0.01998496,0.01998496,35100,107,0
5693.88413592,5693.88398346,1012.16975009,1012.17532443,0.04210377,428.22746876,0.01998497,0.01998496,35099,107,0
5694.04671187,5694.04622624,1018.10388147,1018.12164924,0.03404863,428.41369888,0.01998497,0.01998496,35098,107,0
5694.20731207,5694.20847827,1024.04215096,1023.99945527,0.09022258,428.59712979,0.01998496,0.01998496,35097,107,0
5694.37067785,5694.37073955,1029.98471329,1029.98245295,0.02503905,428.78317640,0.01998496,0.01998496,35096,107,0
5694.53364862,5694.53301007,1035.93171682,1035.95512720,0.03665462,428.96823077,0.01998497,0.01998496,35095,107,0
5694.69652921,5694.69528984,1041.88318516,1041.92865376,0.06500032,429.15264075,0.01998497,0.01998496,35094,107,0
5694.85813539,5694.85757885,1047.83903421,1047.85946552,0.07136910,429.33506839,0.01998497,0.01998496,35093,107,0
5695.01897037,5695.01987712,1053.79917598,1053.76586603,0.03233356,429.51608794,0.01998496,0.01998496,35092,107,0
5695.18297739,5695.18218464,1059.76352209,1059.79266260,0.05686230,429.70012134,0.01998497,0.01998496,35091,107,0
5695.34548752,5695.34450141,1065.73198378,1065.76825461,0.08175233,429.88191696,0.01998497,0.01998496,35090,107,0
5695.50634198,5695.50682743,1071.70448234,1071.68661532,0.08055936,430.06130971,0.01998496,0.01998496,35089,107,0
5695.66923508,5695.66916271,1077.68101977,1077.68368501,0.06166582,430.24241650,0.01998497,0.01998496,35088,107,0
5695.83172032,5695.83150724,1083.66163600,1083.66948836,0.08368475,430.42250878,0.01998497,0.01998496,35087,107,0
5695.99407902,5695.99386102,1089.64637133,1089.65440990,0.07879765,430.60190103,0.01998497,0.01998496,35086,107,0
5696.15670269,5696.15622406,1095.63526623,1095.65292647,0.05468315,430.78102504,0.01998497,0.01998496,35085,107,0
5696.31881055,5696.31859635,1101.62836132,1101.63626966,0.06843750,430.95902200,0.01998497,0.01998496,35084,107,0
5696.48079681,5696.48097790,1107.62571832,1107.61902780,0.05253977,431.13632856,0.01998496,0.01998496,35083,107,0
5696.64405879,5696.64336871,1113.62747415,1113.65298753,0.07273836,431.31447090,0.01998497,0.01998496,35082,107,0
5696.80530849,5696.80576878,1119.63378318,1119.61675335,0.06867551,431.48986823,0.01998496,0.01998496,35081,107,0
5696.96899475,5696.96817811,1125.64480046,1125.67503705,0.08796055,431.66736069,0.01998497,0.01998496,35080,107,0
5697.13151517,5697.13059669,1131.66068170,1131.69471467,0.04158599,431.84303858,0.01998497,0.01998496,35079,107,0
5697.29534741,5697.29302454,0.00000000,1137.77217540,0.07090551,432.01971164,0.01998497,0.01998496,35078,107,1
5697.45609218,5697.45546165,1143.70751191,1143.73091156,0.06082413,432.19225909,0.01998497,0.01998496,35077,107,0
5697.61877669,5697.61790802,1149.73825204,1149.77051272,0.06191610,432.36646690,0.01998497,0.01998496,35076,107,0
5697.78009586,5697.78036365,1155.77355732,1155.76360536,0.04520555,432.53865525,0.01998496,0.01998496,35075,107,0
5697.94346440,5697.94282855,1161.81318231,1161.83682742,0.05291873,432.71245686,0.01998497,0.01998496,35074,107,0
5698.10601178,5698.10530272,1167.85688044,1167.88326391,0.05066974,432.88480299,0.01998497,0.01998496,35073,107,0
5698.26767041,5698.26778614,1173.90442354,1173.90011459,0.05820560,433.05562341,0.01998496,0.01998496,35072,107,0
5698.43118308,5698.43027884,1179.95586242,1179.98954786,0.03935011,433.22781140,0.01998497,0.01998496,35071,107,0
5698.59322446,5698.59278080,1186.01145809,1186.02799647,0.03811221,433.39786919,0.01998497,0.01998496,35070,107,0
5698.75430362,5698.75529203,1192.07147781,1192.03460726,0.03615288,433.56635014,0.01998496,0.01998496,35069,107,0
5698.91794718,5698.91781253,1198.13619002,1198.14121662,0.06337882,433.73694051,0.01998497,0.01998496,35068,107,0
5699.07920200,5699.08034230,1204.20586436,1204.16326334,0.04526198,433.90448189,0.01998496,0.01998497,35067,107,0
5699.24196701,5699.24288134,1210.28071145,1210.24652518,0.05781714,434.07303399,0.01998496,0.01998497,35066,107,0
5699.40539760,5699.40542965,1216.36064827,1216.35944909,0.05339297,434.24170699,0.01998496,0.01998497,35065,107,0
5699.56733322,5699.56798723,1222.44550146,1222.42101154,0.07681159,434.40826893,0.01998496,0.01998497,35064,107,0
5699.73048827,5699.73055408,1228.53509685,1228.53263066,0.08562194,434.57550685,0.01998496,0.01998497,35063,107,0
5699.89278983,5699.89313021,1234.62925949,1234.61649593,0.07560319,434.74128770,0.01998496,0.01998497,35062,107,0
5700.05423946,5700.05571561,1240.72781461,1240.67242664,0.07915804,434.90561611,0.01998496,0.01998497,35061,107,0
5700.21887224,5700.21831029,1246.83067978,1246.85177889,0.06089906,435.07258269,0.01998497,0.01998497,35060,107,0
5700.38172715,5700.38091425,1252.93793874,1252.96848090,0.03236714,435.23714928,0.01998497,0.01998497,35059,107,0
5700.54278225,5700.54352748,1259.04969291,1259.02167423,0.04173708,435.39931454,0.01998496,0.01998497,35058,107,0
5700.70498160,5700.70614998,1265.16604413,1265.12208506,0.02930887,435.56204762,0.01998496,0.01998497,35057,107,0
5700.86911924,5700.86878177,1271.28709474,1271.29980072,0.05054046,435.72612966,0.01998497,0.01998497,35056,107,0
5701.03050767,5701.03142283,1277.41294132,1277.37845949,0.06331030,435.88688017,0.01998496,0.01998497,35055,107,0
5701.19440380,5701.19407318,1283.54360493,1283.55607143,0.07419063,436.04953555,0.01998497,0.01998497,35054,107,0
5701.35706649,5701.35673280,1289.67905560,1289.69164684,0.05992882,436.21037374,0.01998497,0.01998497,35053,107,0
5701.51901495,5701.51940171,1295.81926228,1295.80465830,0.04496767,436.36991636,0.01998496,0.01998497,35052,107,0
5701.68194832,5701.68207990,1301.96419373,1301.95922166,0.02707820,436.52983347,0.01998497,0.01998497,35051,107,0
5701.84298176,5701.84476737,1308.11381860,1308.04629842,0.02416115,436.68729634,0.01998496,0.01998497,35050,107,0
5702.00734114,5702.00746413,1314.26810345,1314.26344953,0.05217174,436.84740469,0.01998497,0.01998497,35049,107,0
5702.17067286,5702.17017017,1320.42700804,1320.44604290,0.07252807,437.00590218,0.01998497,0.01998497,35048,107,0
5702.33419249,5702.33288549,1326.59049049,1326.64001488,0.08125058,437.16397048,0.01998497,0.01998497,35047,107,0
5702.49649313,5702.49561011,1332.75850872,1332.79199055,0.03445610,437.32025281,0.01998497,0.01998497,35046,107,0
5702.65849063,5702.65834401,1338.93102045,1338.93658357,0.03564764,437.47563707,0.01998497,0.01998497,35045,107,0
5702.82175782,5702.82108719,1345.10798648,1345.13344868,0.05517576,437.63162397,0.01998497,0.01998497,35044,107,0
5702.98301924,5702.98383967,1351.28945778,1351.25828655,0.06543022,437.78508811,0.01998496,0.01998497,35043,107,0
5703.14731265,5703.14660144,1357.47558448,1357.50262557,0.06840277,437.94082011,0.01998497,0.01998497,35042,107,0
5703.31014265,5703.30937249,1363.66652250,1363.69582591,0.06562151,438.09455233,0.01998497,0.01998497,35041,107,0
5703.47250047,5703.47215284,1369.86242842,1369.87566524,0.02565623,438.24723380,0.01998497,0.01998497,35040,107,0
5703.63443683,5703.63494248,1376.06345959,1376.04419092,0.02494999,438.39891940,0.01998496,0.01998497,35039,107,0
5703.79812848,5703.79774141,1382.26973847,1382.28450040,0.05154978,438.55164194,0.01998497,0.01998497,35038,107,0
5703.96069938,5703.96054963,1388.48120008,1388.48691546,0.05894194,438.70271126,0.01998497,0.01998497,35037,107,0
5704.12362957,5704.12336715,1394.69771729,1394.70774064,0.05446258,438.85350215,0.01998497,0.01998497,35036,107,0
5704.28656245,5704.28619396,1400.91916236,1400.93324678,0.04013804,439.00367776,0.01998497,0.01998497,35035,107,0
5704.44931941,5704.44903007,1407.14540688,1407.15647386,0.04968682,439.15306978,0.01998497,0.01998497,35034,107,0
5704.61257769,5704.61187548,1413.37632316,1413.40320073,0.04569659,439.30229329,0.01998497,0.01998497,35033,107,0
5704.77483636,5704.77473018,1419.61184119,1419.61590809,0.07200437,439.44997611,0.01998497,0.01998497,35032,107,0
5704.93737931,5704.93759418,1425.85197160,1425.84373572,0.03686781,439.59728964,0.01998497,0.01998497,35031,107,0
5705.09998998,5705.10046749,1432.09673101,1432.07841660,0.04390234,439.74403447,0.01998497,0.01998497,35030,107,0
5705.26360152,5705.26335009,1438.34613614,1438.35578655,0.06628505,439.89104533,0.01998497,0.01998497,35029,107,0
5705.42571192,5705.42624199,1444.60020376,1444.57984529,0.06214615,440.03607582,0.01998497,0.01998497,35028,107,0
5705.58910209,5705.58914319,1450.85897656,1450.85739676,0.04707033,440.18161461,0.01998497,0.01998497,35027,107,0
5705.75248874,5705.75205369,1457.12265276,1457.13938602,0.04158128,440.32651417,0.01998497,0.01998497,35026,107,0
5705.91572850,5705.91497350,1463.39148934,1463.42055161,0.05914843,440.47065247,0.01998497,0.01998497,35025,107,0
5706.07677309,5706.07790261,1469.66574457,1469.62222980,0.08802136,440.61223855,0.01998496,0.01998497,35024,107,0
5706.24052907,5706.24084103,1475.94567794,1475.93364926,0.03032513,440.75558718,0.01998497,0.01998497,35023,107,0
5706.40300917,5706.40378875,1482.23154409,1482.20145756,0.05026170,440.89720365,0.01998496,0.01998497,35022,107,0
5706.56753686,5706.56674578,1488.52333169,1488.55388841,0.06481786,441.03997797,0.01998497,0.01998497,35021,107,0
5706.72880397,5706.72971211,1494.82066374,1494.78555767,0.04922423,441.17930044,0.01998496,0.01998497,35020,107,0
5706.89263739,5706.89268776,1501.12313503,1501.12118671,0.05458194,441.32019817,0.01998497,0.01998497,35019,107,0
5707.05638955,5707.05567271,1507.43033841,1507.45808791,0.05774294,441.46036877,0.01998497,0.01998497,35018,107,0
5707.22010584,5707.21866697,1513.74186473,1513.79759762,0.05280753,441.59984108,0.01998497,0.01998497,35017,107,0
5707.38040851,5707.38167054,1520.05740381,1520.00849266,0.03838851,441.73575053,0.01998496,0.01998497,35016,107,0
5707.54479959,5707.54468342,1526.37715932,1526.38166464,0.07556119,441.87445651,0.01998497,0.01998497,35015,107,0
5707.70811264,5707.70770561,1532.70149988,1532.71729568,0.03301647,442.01158798,0.01998497,0.01998497,35014,107,0
5707.87081450,5707.87073712,1539.03079596,1539.03380109,0.03084689,442.14755364,0.01998497,0.01998497,35013,107,0
5708.03363251,5708.03377794,1545.36541984,1545.35976720,0.07862328,442.28297056,0.01998497,0.01998497,35012,107,0
5708.19777022,5708.19682807,1551.70573488,1551.74238672,0.05810081,442.41883712,0.01998497,0.01998497,35011,107,0
5708.35978011,5708.35988752,1558.05183722,1558.04765514,0.03302487,442.55230446,0.01998497,0.01998497,35010,107,0
5708.52291793,5708.52295628,1564.40354136,1564.40204682,0.06291446,442.68605479,0.01998497,0.01998497,35009,107,0
5708.68652702,5708.68603436,1570.76064754,1570.77985979,0.04267075,442.81953411,0.01998497,0.01998497,35008,107,0
5708.84908735,5708.84912176,1577.12295499,1577.12161201,0.01910613,442.95149980,0.01998497,0.01998497,35007,107,0
5709.01153324,5709.01221848,1583.49026197,1583.46350090,0.06838753,443.08271152,0.01998497,0.01998497,35006,107,0
5709.17474822,5709.17532451,1589.86243668,1589.83991426,0.05427565,443.21387452,0.01998497,0.01998497,35005,107,0
5709.33876786,5709.33843987,1596.23957796,1596.25240565,0.07045162,443.34500803,0.01998497,0.01998497,35004,107,0
5709.50221590,5709.50156455,1602.62183222,1602.64732622,0.04991146,443.47501161,0.01998497,0.01998497,35003,107,0
5709.66431528,5709.66469854,1609.00934655,1608.99433392,0.03881815,443.60328020,0.01998497,0.01998497,35002,107,0
5709.82785256,5709.82784186,1615.40226881,1615.40268823,0.07301033,443.73201945,0.01998497,0.01998497,35001,107,0
5709.99068531,5709.99099450,1621.80073524,1621.78860463,0.02058991,443.85953914,0.01998497,0.01998497,35000,107,0
5710.15380490,5710.15415647,1628.20474596,1628.19094161,0.03977548,443.98661633,0.01998497,0.01998497,34999,107,0
5710.31735285,5710.31732776,1634.61421565,1634.61520158,0.04698659,444.11335329,0.01998497,0.01998497,34998,107,0
5710.48048955,5710.48050838,1641.02905728,1641.02831696,0.01579581,444.23909568,0.01998497,0.01998497,34997,107,0
5710.64381278,5710.64369832,1647.44918335,1647.45368799,0.04841005,444.36430212,0.01998497,0.01998497,34996,107,0
5710.80721321,5710.80689759,1653.87450704,1653.88693788,0.02660900,444.48888365,0.01998497,0.01998497,34995,107,0
5710.97014173,5710.97010619,1660.30501810,1660.30641901,0.05163905,444.61242212,0.01998497,0.01998497,34994,107,0
5711.13343619,5711.13332411,1666.74083226,1666.74525340,0.04706693,444.73555390,0.01998497,0.01998497,34993,107,0
5711.29607918,5711.29655137,1673.18207742,1673.16343686,0.02029286,444.85751421,0.01998497,0.01998497,34992,107,0
5711.45896138,5711.45978795,1679.62888211,1679.59622451,0.06870386,444.97897407,0.01998497,0.01998497,34991,107,0
5711.62315760,5711.62303387,1686.08137552,1686.08626811,0.04365758,445.10072570,0.01998497,0.01998497,34990,107,0
5711.78709295,5711.78628912,1692.53964733,1692.57145995,0.05725146,445.22159439,0.01998497,0.01998497,34989,107,0
5711.94880255,5711.94955370,1699.00361304,1698.97386169,0.03460574,445.34014352,0.01998497,0.01998497,34988,107,0
5712.11235452,5712.11282761,1705.47314022,1705.45438714,0.06633218,445.45935347,0.01998497,0.01998497,34987,107,0
5712.27592199,5712.27611086,1711.94809577,1711.94060331,0.04495404,445.57787654,0.01998497,0.01998497,34986,107,0
5712.44080494,5712.43940344,1718.42834586,1718.48398496,0.05915370,445.69664177,0.01998497,0.01998497,34985,107,0
5712.60254260,5712.60270536,1724.91376851,1724.90730225,0.04486146,445.81244386,0.01998497,0.01998497,34984,107,0
5712.76558055,5712.76601662,1731.40439293,1731.38705560,0.05227168,445.92847647,0.01998497,0.01998497,34983,107,0
5712.92882995,5712.92933721,1737.90034982,1737.88016599,0.03153274,446.04395542,0.01998497,0.01998497,34982,107,0
5713.09330698,5713.09266714,1744.40177232,1744.42725181,0.07225597,446.15959072,0.01998497,0.01998497,34981,107,0
5713.25612599,5713.25600641,1750.90879428,1750.91356008,0.02852323,446.27335684,0.01998497,0.01998497,34980,107,0
5713.41955323,5713.41935502,1757.42154889,1757.42945494,0.05482504,446.38684442,0.01998497,0.01998497,34979,107,0
5713.58323160,5713.58271297,1763.94010426,1763.96080809,0.01828819,446.49979909,0.01998497,0.01998497,34978,107,0
5713.74604946,5713.74608026,1770.46443408,1770.46320347,0.04684321,446.61145520,0.01998497,0.01998497,34977,107,0
5713.90881395,5713.90945690,1776.99450450,1776.96879579,0.03160790,446.72236960,0.01998497,0.01998497,34976,107,0
5714.07284909,5714.07284287,1783.53028150,1783.53053033,0.07172433,446.83343402,0.01998497,0.01998497,34975,107,0
5714.23680597,5714.23623820,1790.07173086,1790.09447046,0.02434513,446.94372472,0.01998497,0.01998497,34974,107,0
5714.40012597,5714.39964286,1796.61881960,1796.63818375,0.05449646,447.05286811,0.01998497,0.01998497,34973,107,0
5714.56310688,5714.56305687,1803.17151902,1803.17352519,0.03838599,447.16106719,0.01998497,0.01998497,34972,107,0
5714.72609618,5714.72648023,1809.72980107,1809.71438266,0.06656050,447.26855240,0.01998497,0.01998497,34971,107,0
5714.88981493,5714.88991293,1816.29363755,1816.28969976,0.07570218,447.37579195,0.01998497,0.01998497,34970,107,0
5715.05302457,5715.05335499,1822.86300009,1822.84971403,0.01802928,447.48197068,0.01998497,0.01998497,34969,107,0
5715.21577508,5715.21680639,1829.43787150,1829.39637066,0.05736760,447.58712538,0.01998497,0.01998497,34968,107,0
5715.37986780,5715.38026714,1836.01830723,1836.00222452,0.01351582,447.69241291,0.01998497,0.01998497,34967,107,0
5715.54442222,5715.54373724,1842.60439167,1842.63200013,0.03047136,447.79725556,0.01998497,0.01998497,34966,107,0
5715.70663450,5715.70721669,1849.19620975,1849.17272499,0.03298613,447.89987888,0.01998497,0.01998497,34965,107,0
5715.87050301,5715.87070550,1855.79384681,1855.78567221,0.05838157,448.00281636,0.01998497,0.01998497,34964,107,0
5716.03376899,5716.03420365,1862.39738887,1862.37982600,0.03698077,448.10464129,0.01998497,0.01998497,34963,107,0
5716.19771518,5716.19771116,1869.00692585,1869.00708840,0.03638837,448.20615243,0.01998497,0.01998497,34962,107,0
5716.36108884,5716.36122803,1875.62255061,1875.61691677,0.05546475,448.30657267,0.01998497,0.01998497,34961,107,0
5716.52438388,5716.52475425,1882.24435654,1882.22935233,0.05561947,448.40620924,0.01998497,0.01998497,34960,107,0
5716.68839694,5716.68828982,1888.87243752,1888.87678119,0.03573273,448.50554308,0.01998497,0.01998497,34959,107,0
5716.85149284,5716.85183475,1895.50688350,1895.49300723,0.04641661,448.60358429,0.01998497,0.01998497,34958,107,0
5717.01534915,5717.01538904,1902.14763675,1902.14601628,0.07381047,448.70133924,0.01998497,0.01998497,34957,107,0
5717.17917612,5717.17895269,1908.79445891,1908.80354216,0.03479110,448.79832606,0.01998497,0.01998497,34956,107,0
5717.34249966,5717.34252570,1915.44709942,1915.44604005,0.04386199,448.89426198,0.01998497,0.01998497,34955,107,0
5717.50649789,5717.50610806,1922.10530637,1922.12117935,0.03745689,448.98983214,0.01998497,0.01998497,34954,107,0
5717.66964729,5717.66969979,1928.76882806,1928.76668901,0.07575208,449.08414440,0.01998497,0.01998497,34953,107,0
5717.83355011,5717.83330088,1935.43759811,1935.44776129,0.04386552,449.17812284,0.01998497,0.01998497,34952,107,0
5717.99619437,5717.99691133,1942.11191170,1942.08265212,0.02129094,449.27061958,0.01998497,0.01998497,34951,107,0
5718.16030146,5718.16053114,1948.79210705,1948.78272550,0.06297255,449.36318356,0.01998497,0.01998497,34950,107,0
5718.32360959,5718.32416032,1955.47852421,1955.45600931,0.04357700,449.45453687,0.01998497,0.01998497,34949,107,0
5718.48820589,5718.48779887,1962.17150492,1962.18816053,0.06002472,449.54584603,0.01998497,0.01998497,34948,107,0
5718.65193495,5718.65144677,1968.87124551,1968.89124063,0.02508943,449.63591265,0.01998497,0.01998497,34947,107,0
5718.81509375,5718.81510405,1975.57750642,1975.57708410,0.04994682,449.72490451,0.01998497,0.01998497,34946,107,0
5718.97889445,5718.97877069,1982.28996613,1982.29504406,0.03491351,449.81347567,0.01998497,0.01998497,34945,107,0
5719.14245469,5719.14244670,1989.00830134,1989.00862931,0.01911921,449.90113976,0.01998497,0.01998497,34944,107,0
5719.30692082,5719.30613208,1995.73218694,1995.76459867,0.06613961,449.98850009,0.01998497,0.01998497,34943,107,0
5719.46924803,5719.46982683,2002.46137357,2002.43757133,0.04739626,450.07394307,0.01998497,0.01998497,34942,107,0
5719.63388651,5719.63353095,2009.19594544,2009.21057852,0.09078060,450.15980902,0.01998497,0.01998497,34941,107,0
5719.79835575,5719.79724444,2015.93607774,2015.98184897,0.04104495,450.24478900,0.01998498,0.01998497,34940,107,0
5719.96131481,5719.96096730,2022.68194660,2022.69627093,0.05717582,450.32820249,0.01998497,0.01998497,34939,107,0
5720.12416745,5720.12469954,2029.43372910,2029.41177835,0.04211516,450.41077981,0.01998497,0.01998497,34938,107,0
5720.28862310,5720.28844114,2036.19160530,2036.19911802,0.05911470,450.49337699,0.01998497,0.01998497,34937,107,0
5720.45288743,5720.45219213,2042.95576795,2042.98450232,0.01668692,450.57508270,0.01998497,0.01998497,34936,107,0
5720.61590111,5720.61595249,2049.72641520,2049.72428996,0.06507158,450.65538053,0.01998497,0.01998497,34935,107,0
5720.78039416,5720.77972222,2056.50374625,2056.53156678,0.03731622,450.73561357,0.01998497,0.01998497,34934,107,0
5720.94351505,5720.94350133,2063.28796141,2063.28853003,0.05900462,450.81439003,0.01998497,0.01998497,34933,107,0
5721.10764525,5721.10728982,2070.07923273,2070.09397762,0.01561075,450.89286209,0.01998497,0.01998497,34932,107,0
5721.27044783,5721.27108769,2076.87751133,2076.85094220,0.06426502,450.96991163,0.01998497,0.01998497,34931,107,0
5721.43479767,5721.43489493,2083.68264666,2083.67860402,0.04157206,451.04689336,0.01998497,0.01998497,34930,107,0
5721.59850356,5721.59871156,2090.49448677,2090.48583368,0.04431218,451.12277013,0.01998497,0.01998497,34929,107,0
5721.76267816,5721.76253757,2097.31287885,2097.31873304,0.06241153,451.19805476,0.01998497,0.01998497,34928,107,0
5721.92690165,5721.92637296,2104.13767830,2104.15971151,0.07484232,451.27254692,0.01998497,0.01998497,34927,107,0
5722.09068028,5722.09021773,2110.96882206,2110.98811546,0.01103394,451.34602256,0.01998497,0.01998497,34926,107,0
5722.25342878,5722.25407188,2117.80629049,2117.77944313,0.06638804,451.41822757,0.01998497,0.01998497,34925,107,0
5722.41805161,5722.41793542,2124.65006422,2124.65491910,0.05635810,451.49044170,0.01998497,0.01998497,34924,107,0
5722.58253642,5722.58180834,2131.50012374,2131.53057116,0.03283778,451.56176662,0.01998497,0.01998497,34923,107,0
5722.74566969,5722.74569065,2138.35645964,2138.35558214,0.05338957,451.63168495,0.01998497,0.01998497,34922,107,0
5722.90942165,5722.90958235,2145.21916509,2145.21243290,0.05332053,451.70104527,0.01998497,0.01998497,34921,107,0
5723.07315168,5723.07348343,2152.08839312,2152.07448292,0.02552233,451.76957091,0.01998497,0.01998497,34920,107,0
5723.23730864,5723.23739391,2158.96429834,2158.96071984,0.06894385,451.83744576,0.01998497,0.01998497,34919,107,0
5723.40114404,5723.40131377,2165.84703623,2165.83990638,0.03562456,451.90435855,0.01998497,0.01998497,34918,107,0
5723.56445750,5723.56524302,2172.73674925,2172.70371952,0.04829571,451.97023268,0.01998497,0.01998497,34917,107,0
5723.72830524,5723.72918166,2179.63343751,2179.59655047,0.05357831,452.03549150,0.01998497,0.01998497,34916,107,0
5723.89284950,5723.89312969,2186.53701677,2186.52521291,0.04148547,452.10018685,0.01998497,0.01998497,34915,107,0
5724.05674080,5724.05708711,2193.44740118,2193.43279837,0.03741514,452.16378445,0.01998497,0.01998497,34914,107,0
5724.22081825,5724.22105393,2200.36450439,2200.35455731,0.05718195,452.22661018,0.01998497,0.01998497,34913,107,0
5724.38529493,5724.38503014,2207.28823863,2207.29942414,0.05081470,452.28873780,0.01998497,0.01998497,34912,107,0
5724.55030696,5724.54901575,2214.21850713,2214.27309963,0.04392234,452.35020809,0.01998498,0.01998497,34911,107,0
5724.71340380,5724.71301075,2221.15520769,2221.17184011,0.06418119,452.41011561,0.01998497,0.01998497,34910,107,0
5724.87761500,5724.87701515,2228.09823750,2228.12364255,0.07619186,452.46957613,0.01998498,0.01998497,34909,107,0
5725.04093382,5725.04102894,2235.04749310,2235.04346106,0.07160121,452.52785809,0.01998497,0.01998497,34908,107,0
5725.20473711,5725.20505213,2242.00289490,2241.98953060,0.02976760,452.58545307,0.01998497,0.01998497,34907,107,0
5725.36875231,5725.36908473,2248.96457048,2248.95045647,0.07027110,452.64225849,0.01998497,0.01998497,34906,107,0
5725.53280371,5725.53312672,2255.93275272,2255.91902579,0.01285641,452.69821103,0.01998497,0.01998497,34905,107,0
5725.69691667,5725.69717811,2262.90767665,2262.89655605,0.05978522,452.75331797,0.01998497,0.01998497,34904,107,0
5725.86066057,5725.86123890,2269.88957865,2269.86495481,0.05767705,452.80743643,0.01998497,0.01998497,34903,107,0
5726.02383514,5726.02530909,2276.87867061,2276.81585230,0.06143558,452.86050662,0.01998497,0.01998497,34902,107,0
5726.18730663,5726.18938869,0.00000000,2283.78914422,0.04708521,452.91283217,0.01998497,0.01998497,34901,107,1
5726.35351741,5726.35347769,2290.87849074,2290.88018698,0.06112078,452.96510080,0.01998497,0.01998497,34900,107,0
5726.51766779,5726.51757609,2297.88913959,2297.89305873,0.07350732,453.01586045,0.01998497,0.01998497,34899,107,0
5726.68091724,5726.68168390,2304.90689415,2304.87409356,0.06540278,453.06546836,0.01998497,0.01998497,34898,107,0
5726.84518007,5726.84580112,2311.93170251,2311.90510686,0.06327197,453.11450227,0.01998497,0.01998497,34897,107,0
5727.01017507,5727.00992774,2318.96345229,2318.97405347,0.07368075,453.16286068,0.01998497,0.01998497,34896,107,0
5727.17428061,5727.17406377,2326.00201086,2326.01131374,0.08126835,453.21006605,0.01998497,0.01998497,34895,107,0
5727.33827758,5727.33820921,2333.04724474,2333.05018035,0.02570228,453.25634768,0.01998497,0.01998497,34894,107,0
5727.50244681,5727.50236406,2340.09901963,2340.10257598,0.06692622,453.30178092,0.01998497,0.01998497,34893,107,0
5727.66637415,5727.66652831,2347.15728607,2347.15065488,0.04749469,453.34624893,0.01998497,0.01998497,34892,107,0
5727.83085957,5727.83070198,2354.22231386,2354.22909848,0.04455847,453.38996530,0.01998497,0.01998497,34891,107,0
5727.99571404,5727.99488506,2361.29444893,2361.33017443,0.04578140,453.43287163,0.01998498,0.01998497,34890,107,0
5728.15837461,5728.15907755,2368.37403928,2368.34371454,0.03777806,453.47431520,0.01998497,0.01998497,34889,107,0
5728.32357035,5728.32327946,2375.46143456,2375.47399680,0.04924809,453.51549723,0.01998497,0.01998497,34888,107,0
5728.48722344,5728.48749078,2382.55682849,2382.54527115,0.05737682,453.55539107,0.01998497,0.01998497,34887,107,0
5728.65189171,5728.65171151,2389.66002023,2389.66781822,0.04043014,453.59462040,0.01998497,0.01998497,34886,107,0
5728.81571541,5728.81594166,2396.77074681,2396.76094601,0.05321481,453.63273637,0.01998497,0.01998497,34885,107,0
5728.98034551,5728.98018123,2403.88874361,2403.89586654,0.06967142,453.67011914,0.01998497,0.01998497,34884,107,0
5729.14469955,5729.14443021,2411.01374630,2411.02543510,0.02628526,453.70651431,0.01998498,0.01998497,34883,107,0
5729.30892121,5729.30868862,2418.14561780,2418.15572145,0.06363273,453.74195378,0.01998498,0.01998497,34882,107,0
5729.47263042,5729.47295644,2425.28442764,2425.27025279,0.03691267,453.77635867,0.01998497,0.01998497,34881,107,0
5729.63688274,5729.63723368,2432.43026457,2432.41499196,0.04504007,453.80994831,0.01998497,0.01998497,34880,107,0
5729.80107349,5729.80152034,2439.58321781,2439.56375288,0.03979588,453.84259264,0.01998497,0.01998497,34879,107,0
5729.96559241,5729.96581642,2446.74338073,2446.73361329,0.05049475,453.87436453,0.01998497,0.01998497,34878,107,0
5730.12933937,5730.13012193,2453.91092834,2453.87677357,0.06885008,453.90505327,0.01998497,0.01998497,34877,107,0
5730.29492995,5730.29443685,2461.08611723,2461.10766072,0.06536163,453.93513801,0.01998498,0.01998497,34876,107,0
5730.45897563,5730.45876121,2468.26920901,2468.27858707,0.06585042,453.96399862,0.01998498,0.01998497,34875,107,0
5730.62303758,5730.62309498,2475.46046688,2475.45795351,0.03694376,453.99192085,0.01998497,0.01998497,34874,107,0
5730.78912715,5730.78743818,0.00000000,2482.73889248,0.06429915,454.01924442,0.01998498,0.01998498,34873,107,1
5730.95121489,5730.95179081,2489.86795150,2489.84268100,0.06929788,454.04493870,0.01998497,0.01998498,34872,107,0
5731.11528747,5731.11615287,2497.08354143,2497.04553160,0.06409199,454.07001863,0.01998497,0.01998498,34871,107,0
5731.28102558,5731.28052435,2504.30643775,2504.32847303,0.02955632,454.09438160,0.01998498,0.01998498,34870,107,0
5731.44595266,5731.44490526,2511.53619217,2511.58227848,0.04139791,454.11765174,0.01998498,0.01998498,34869,107,0
5731.60877644,5731.60929560,2518.77246656,2518.74960410,0.05765818,454.13966874,0.01998497,0.01998498,34868,107,0
5731.77369167,5731.77369537,2526.01545915,2526.01529588,0.06559687,454.16099797,0.01998498,0.01998498,34867,107,0
5731.93823687,5731.93810458,2533.26552967,2533.27136652,0.05664903,454.18130420,0.01998498,0.01998498,34866,107,0
5732.10226657,5732.10252321,2540.52304014,2540.51170638,0.02762032,454.20057551,0.01998497,0.01998498,34865,107,0
5732.26696793,5732.26695128,2547.78835421,2547.78909060,0.04227933,454.21894795,0.01998498,0.01998498,34864,107,0
5732.43198294,5732.43138878,2555.06169981,2555.08799421,0.07354311,454.23637024,0.01998498,0.01998498,34863,107,0
5732.59578344,5732.59583571,2562.34299545,2562.34067993,0.02345323,454.25268574,0.01998498,0.01998498,34862,107,0
5732.75998199,5732.76029208,2569.63211665,2569.61836568,0.02492223,454.26805900,0.01998497,0.01998498,34861,107,0
5732.92438529,5732.92475789,2576.92893806,2576.91239900,0.06694071,454.28246318,0.01998497,0.01998498,34860,107,0
5733.09002463,5733.08923313,2584.23333769,2584.26850557,0.05375826,454.29597232,0.01998498,0.01998498,34859,107,0
5733.25343091,5733.25371781,2591.54530006,2591.53253978,0.02946535,454.30830950,0.01998497,0.01998498,34858,107,0
5733.41851777,5733.41821193,2598.86492400,2598.87853976,0.06136224,454.31977236,0.01998498,0.01998498,34857,107,0
5733.58258463,5733.58271549,2606.19231448,2606.18648279,0.03212433,454.33016450,0.01998498,0.01998498,34856,107,0
5733.74746292,5733.74722849,2613.52757716,2613.53803554,0.02562751,454.33960086,0.01998498,0.01998498,34855,107,0
5733.91115079,5733.91175093,2620.87081930,2620.84401892,0.06377662,454.34796734,0.01998497,0.01998498,34854,107,0
5734.07676665,5734.07628281,2628.22215670,2628.24378616,0.03558255,454.35541343,0.01998498,0.01998498,34853,107,0
5734.24099179,5734.24082413,2635.58170960,2635.58921247,0.04311222,454.36178184,0.01998498,0.01998498,34852,107,0
5734.40515566,5734.40537490,2642.94959903,2642.93977697,0.06733928,454.36713436,0.01998497,0.01998498,34851,107,0
5734.57003322,5734.56993511,2650.32594671,2650.33034692,0.03671858,454.37148692,0.01998498,0.01998498,34850,107,0
5734.73429292,5734.73450476,2657.71082494,2657.70131350,0.03810452,454.37480012,0.01998497,0.01998498,34849,107,0
5734.89955207,5734.89908387,2665.10415937,2665.12520384,0.07085501,454.37709955,0.01998498,0.01998498,34848,107,0
5735.06317087,5735.06367241,2672.50584831,2672.48328170,0.01851561,454.37835107,0.01998497,0.01998498,34847,107,0
5735.22865432,5735.22827041,2679.91578938,2679.93308160,0.06095183,454.37857600,0.01998498,0.01998498,34846,107,0
5735.39325134,5735.39287785,2687.33388314,2687.35072301,0.03313034,454.37775806,0.01998498,0.01998498,34845,107,0
5735.55804491,5735.55749475,2694.76013462,2694.78496671,0.04239376,454.37589511,0.01998498,0.01998498,34844,107,0
5735.72226824,5735.72212109,2702.19466711,2702.20131589,0.06393586,454.37299603,0.01998498,0.01998498,34843,107,0
5735.88715846,5735.88675688,2709.63761098,2709.65577560,0.03252614,454.36903461,0.01998498,0.01998498,34842,107,0
5736.05076089,5736.05140213,2717.08909743,2717.06006070,0.05225532,454.36406028,0.01998497,0.01998498,34841,107,0
5736.21577107,5736.21605682,2724.54922484,2724.53627080,0.02170322,454.35798637,0.01998498,0.01998498,34840,107,0
5736.38118008,5736.38072097,2732.01786528,2732.03869990,0.07343419,454.35082923,0.01998498,0.01998498,34839,107,0
5736.54455421,5736.54539458,2739.49479624,2739.45661991,0.02263420,454.34270677,0.01998497,0.01998498,34838,107,0
5736.71096055,5736.71007764,2746.97979335,2747.01994295,0.05964875,454.33335426,0.01998498,0.01998498,34837,107,0
5736.87497594,5736.87477015,2754.47263177,2754.48199888,0.04050052,454.32306734,0.01998498,0.01998498,34836,107,0
5737.04034549,5737.03947212,2761.97324925,2762.01304276,0.04713298,454.31161812,0.01998498,0.01998498,34835,107,0
5737.20435613,5737.20418355,2769.48192295,2769.48979438,0.03572077,454.29919086,0.01998498,0.01998498,34834,107,0
5737.36883361,5737.36890444,2776.99897407,2776.99574039,0.06532331,454.28565209,0.01998498,0.01998498,34833,107,0
5737.53337094,5737.53363478,2784.52472597,2784.51266557,0.02823895,454.27102609,0.01998498,0.01998498,34832,107,0
5737.69822815,5737.69837458,2792.05948577,2792.05278441,0.06971968,454.25528176,0.01998498,0.01998498,34831,107,0
5737.86391053,5737.86312385,2799.60333428,2799.63937699,0.04238624,454.23835553,0.01998498,0.01998498,34830,107,0
5738.02811138,5738.02788258,2807.15619797,2807.16669253,0.06558676,454.22048603,0.01998498,0.01998498,34829,107,0
5738.19137779,5738.19265076,2814.71799988,2814.65954616,0.05925547,454.20163434,0.01998497,0.01998498,34828,107,0
5738.35707680,5738.35742841,2822.28866247,2822.27249852,0.06207450,454.18139323,0.01998498,0.01998498,34827,107,0
5738.52276270,5738.52221553,2829.86812231,2829.89330366,0.05846257,454.16003360,0.01998498,0.01998498,34826,107,0
5738.68599783,5738.68701211,2837.45636007,2837.40963078,0.03587703,454.13789102,0.01998497,0.01998498,34825,107,0
5738.85225831,5738.85181815,2845.05336460,2845.07366546,0.07173247,454.11421321,0.01998498,0.01998498,34824,107,0
5739.01672641,5739.01663366,2852.65912468,2852.66340702,0.05872755,454.08967018,0.01998498,0.01998498,34823,107,0
5739.18125490,5739.18145864,2860.27362620,2860.26420873,0.03085692,454.06399955,0.01998498,0.01998498,34822,107,0
5739.34593248,5739.34629309,2867.89680736,2867.88012126,0.05873034,454.03718193,0.01998498,0.01998498,34821,107,0
5739.51228758,5739.51113700,2875.52856546,2875.58186210,0.03840789,454.00894639,0.01998498,0.01998498,34820,107,0
5739.67670660,5739.67599039,2883.16879575,2883.20200633,0.04811371,453.97990577,0.01998498,0.01998498,34819,107,0
5739.84163560,5739.84085324,2890.81739273,2890.85370818,0.05426142,453.94963965,0.01998498,0.01998498,34818,107,0
5740.00533171,5740.00572556,2898.47433487,2898.45603399,0.02785239,453.91847198,0.01998498,0.01998498,34817,107,0
5740.16989275,5740.17060736,2906.13988797,2906.10664685,0.05051885,453.88600254,0.01998498,0.01998498,34816,107,0
5740.33579575,5740.33549863,2913.81438061,2913.82821732,0.04625653,453.85210917,0.01998498,0.01998498,34815,107,0
5740.49925886,5740.50039937,2921.49814363,2921.44496878,0.03106314,453.81757073,0.01998497,0.01998498,34814,107,0
5740.66548889,5740.66530959,2929.19149247,2929.19986222,0.04798949,453.78127818,0.01998498,0.01998498,34813,107,0
5740.82966353,5740.83022928,2936.89444725,2936.86800723,0.05110493,453.74427274,0.01998498,0.01998498,34812,107,0
5740.99504513,5740.99515845,2944.60678132,2944.60147917,0.02241566,453.70582518,0.01998498,0.01998498,34811,107,0
5741.16077252,5741.16009710,2952.32825891,2952.35989588,0.06454671,453.66611640,0.01998498,0.01998498,34810,107,0
5741.32478988,5741.32504522,2960.05864262,2960.04666973,0.06564172,453.62565097,0.01998498,0.01998498,34809,107,0
5741.49042488,5741.49000282,2967.79781377,2967.81762614,0.04297097,453.58360575,0.01998498,0.01998498,34808,107,0
5741.65459826,5741.65496990,2975.54599882,2975.52853376,0.03407308,453.54075579,0.01998498,0.01998498,34807,107,0
5741.81906479,5741.81994646,2983.30348753,2983.26200547,0.06214916,453.49665017,0.01998498,0.01998498,34806,107,0
5741.98560607,5741.98493251,2991.07057177,2991.10230070,0.04869188,453.45077980,0.01998498,0.01998498,34805,107,0
5742.15042666,5742.14992803,2998.84752535,2998.87104218,0.04453350,453.40418042,0.01998498,0.01998498,34804,107,0
5742.31449409,5742.31493303,3006.63439804,3006.61367120,0.03606723,453.35660102,0.01998498,0.01998498,34803,107,0
5742.47950104,5742.47994752,3014.43109743,3014.40998926,0.07133705,453.30754505,0.01998498,0.01998498,34802,107,0
5742.64405809,5742.64497150,3022.23752816,3022.19429445,0.06111035,453.25741668,0.01998498,0.01998498,34801,107,0
5742.80982893,5742.81000496,3030.05359492,3030.04525333,0.04545037,453.20569714,0.01998498,0.01998498,34800,107,0
5742.97450723,5742.97504790,3037.87928353,3037.85363178,0.04835454,453.15310064,0.01998498,0.01998498,34799,107,0
5743.13994263,5743.14010033,3045.71473330,3045.70724252,0.07018190,453.09903504,0.01998498,0.01998498,34798,107,0
5743.30464611,5743.30516225,3053.56010138,3053.53555466,0.03025743,453.04398139,0.01998498,0.01998498,34797,107,0
5743.47058714,5743.47023366,3061.41554606,3061.43237823,0.06151992,452.98727026,0.01998498,0.01998498,34796,107,0
5743.63548289,5743.63531455,3069.28116351,3069.28918927,0.05576129,452.92967460,0.01998498,0.01998498,34795,107,0
5743.79964428,5743.80040494,3077.15668034,3077.12037262,0.04284456,452.87110355,0.01998498,0.01998498,34794,107,0
5743.96634438,5743.96550481,3085.04168672,3085.08180606,0.03769543,452.81036779,0.01998498,0.01998498,34793,107,0
5744.13010214,5744.13061418,3092.93576950,3092.91127519,0.03839358,452.74946802,0.01998498,0.01998498,34792,107,0
5744.29624371,5744.29573304,3100.83853462,3100.86298858,0.04944600,452.68642905,0.01998498,0.01998498,34791,107,0
5744.45984727,5744.46086139,3108.75007464,3108.70145992,0.07204750,452.62311569,0.01998498,0.01998498,34790,107,0
5744.62487186,5744.62599924,3116.67096116,3116.61685450,0.06207854,452.55800002,0.01998498,0.01998498,34789,107,0
5744.79217440,5744.79114658,3124.60178998,3124.65117940,0.07355662,452.49069228,0.01998498,0.01998498,34788,107,0
5744.95529504,5744.95630342,3132.54316062,3132.49464213,0.05686308,452.42380392,0.01998498,0.01998498,34787,107,0
5745.12112888,5745.12146976,3140.49543857,3140.47901599,0.03184394,452.35451684,0.01998498,0.01998498,34786,107,0
5745.28661177,5745.28664559,3148.45840871,3148.45677724,0.05302347,452.28408087,0.01998498,0.01998498,34785,107,0
5745.45135570,5745.45183092,3156.43176670,3156.40881422,0.06636720,452.21267203,0.01998498,0.01998498,34784,107,0
5745.61713600,5745.61702574,3164.41520583,3164.42053736,0.05395707,452.13951556,0.01998498,0.01998498,34783,107,0
5745.78115194,5745.78223007,3172.40847321,3172.35627840,0.05748132,452.06585390,0.01998498,0.01998498,34782,107,0
5745.94729245,5745.94744390,3180.41166913,3180.40432812,0.05644306,451.98993098,0.01998498,0.01998498,34781,107,0
5746.11266173,5746.11266723,3188.42503288,3188.42476587,0.07751836,451.91304744,0.01998498,0.01998498,34780,107,0
5746.27845521,5746.27790006,3196.44880586,3196.47578120,0.02650862,451.83464472,0.01998498,0.01998498,34779,107,0
5746.44329910,5746.44314240,3204.48321887,3204.49084300,0.06736465,451.75537190,0.01998498,0.01998498,34778,107,0
5746.60862739,5746.60839424,3212.52828232,3212.53964000,0.06697231,451.67454016,0.01998498,0.01998498,34777,107,0
5746.77420334,5746.77365558,3220.58381444,3220.61053058,0.05949805,451.59225358,0.01998498,0.01998498,34776,107,0
5746.93971315,5746.93892643,3228.64962566,3228.68804351,0.05717723,451.50866325,0.01998498,0.01998498,34775,107,0
5747.10359509,5747.10420679,3236.72552662,3236.69562034,0.05860614,451.42457587,0.01998498,0.01998498,34774,107,0
5747.27036242,5747.26949665,3244.81148065,3244.85385925,0.04207249,451.33765631,0.01998498,0.01998498,34773,107,0
5747.43435530,5747.43479602,3252.90772296,3252.88612324,0.07463074,451.25084622,0.01998498,0.01998498,34772,107,0
5747.59985649,5747.60010490,3261.01451834,3261.00232862,0.04163651,451.16188649,0.01998498,0.01998498,34771,107,0
5747.76547477,5747.76542329,3269.13213359,3269.13466279,0.05059881,451.07149730,0.01998498,0.01998498,34770,107,0
5747.93019117,5747.93075119,3277.26077865,3277.23322613,0.03357232,450.98023728,0.01998498,0.01998498,34769,107,0
5748.09701508,5748.09608860,3285.40045479,3285.44609570,0.06942339,450.88641907,0.01998498,0.01998498,34768,107,0
5748.26181345,5748.26143553,3293.55111636,3293.56975796,0.05272937,450.79236158,0.01998498,0.01998498,34767,107,0
5748.42711574,5748.42679196,3301.71271729,3301.72870861,0.05526809,450.69663584,0.01998498,0.01998498,34766,107,0
5748.59232292,5748.59215791,3309.88521288,3309.89337273,0.05949102,450.59957926,0.01998498,0.01998498,34765,107,0
5748.75648956,5748.75753338,3318.06857087,3318.01688646,0.02819252,450.50175707,0.01998498,0.01998498,34764,107,0
5748.92297121,5748.92291836,3326.26276424,3326.26538458,0.04975664,450.40114913,0.01998498,0.01998498,34763,107,0
5749.08884566,5749.08831285,3334.46776565,3334.49421435,0.06518846,450.29949514,0.01998498,0.01998498,34762,107,0
5749.25368777,5749.25371687,3342.68356001,3342.68211387,0.05174670,450.19707186,0.01998498,0.01998498,34761,107,0
5749.41903598,5749.41913040,3350.91030797,3350.90560944,0.05164533,450.09292319,0.01998498,0.01998498,34760,107,0
5749.58409530,5749.58455345,3359.14830155,3359.12547087,0.04133508,449.98753844,0.01998498,0.01998498,34759,107,0
5749.74964013,5749.74998601,3367.39783815,3367.38057830,0.05265239,449.88041165,0.01998498,0.01998498,34758,107,0
5749.91610327,5749.91542810,3375.65920985,3375.69294806,0.04970876,449.77123529,0.01998498,0.01998498,34757,107,0
5750.08051876,5750.08087971,3383.93247291,3383.91441130,0.03625621,449.66196329,0.01998498,0.01998498,34756,107,0
5750.24600162,5750.24634085,3392.21740485,3392.20040782,0.03501921,449.55053580,0.01998498,0.01998498,34755,107,0
5750.41249656,5750.41181150,3400.51376539,3400.54813508,0.05468989,449.43696068,0.01998498,0.01998498,34754,107,0
5750.57748012,5750.57729168,3408.82131367,3408.83077972,0.05882274,449.32296400,0.01998498,0.01998498,34753,107,0
5750.74199378,5750.74278138,3417.13993393,3417.10031850,0.06140602,449.20784878,0.01998498,0.01998498,34752,107,0
5750.90643723,5750.90828061,0.00000000,3425.37863190,0.05945526,449.09131139,0.01998498,0.01998498,34751,107,1
5751.07483048,5751.07378937,3433.81084014,3433.86334328,0.07930667,448.97051859,0.01998499,0.01998498,34750,107,0
5751.23860187,5751.23930765,3442.16338720,3442.12774815,0.05179839,448.85154842,0.01998498,0.01998498,34749,107,0
5751.40621822,5751.40483546,0.00000000,3450.59862934,0.07971515,448.72826034,0.01998499,0.01998498,34748,107,1
5751.56999139,5751.57037279,3458.90338590,3458.88407460,0.04511333,448.60635331,0.01998498,0.01998498,34747,107,0
5751.73550867,5751.73591966,3467.29116913,3467.27033100,0.06228066,448.48163578,0.01998498,0.01998498,34746,107,0
5751.90227281,5751.90147606,3475.69103374,3475.73148684,0.05747400,448.35445109,0.01998498,0.01998498,34745,107,0
5752.06631450,5752.06704199,3484.10308599,3484.06609842,0.05027031,448.22783954,0.01998498,0.01998498,34744,107,0
5752.23350973,5752.23261745,3492.52721241,3492.57264108,0.04993013,448.09725598,0.01998499,0.01998498,34743,107,0
5752.39828723,5752.39820244,3500.96325145,3500.96757440,0.02816278,447.96703850,0.01998498,0.01998498,34742,107,0
5752.56494613,5752.56379696,3509.41104008,3509.46970377,0.07649456,447.83379409,0.01998499,0.01998498,34741,107,0
5752.72924396,5752.72940102,3517.87041311,3517.86238478,0.03954885,447.70091844,0.01998498,0.01998498,34740,107,0
5752.89492384,5752.89501462,3526.34120074,3526.33655455,0.03962667,447.56539521,0.01998498,0.01998498,34739,107,0
5753.05931583,5753.06063775,3534.82323080,3534.75548913,0.05621673,447.42940459,0.01998498,0.01998498,34738,107,0
5753.22662268,5753.22627042,3543.31632957,3543.33440355,0.04636549,447.28944479,0.01998498,0.01998498,34737,107,0
5753.39241091,5753.39191263,3551.82046040,3551.84605877,0.04622869,447.14920052,0.01998498,0.01998498,34736,107,0
5753.55819733,5753.55756437,3560.33630744,3560.36886968,0.04936473,447.00739334,0.01998498,0.01998498,34735,107,0
5753.72368421,5753.72322565,3568.86479435,3568.88841914,0.02118921,446.86426111,0.01998498,0.01998498,34734,107,0
5753.88956928,5753.88889648,3577.40685285,3577.44157062,0.05773374,446.71917705,0.01998498,0.01998498,34733,107,0
5754.05374082,5754.05457684,3585.96320372,3585.91999416,0.03649289,446.57398862,0.01998498,0.01998498,34732,107,0
5754.22031116,5754.22026675,3594.53330819,3594.53560724,0.07611683,446.42505153,0.01998498,0.01998498,34731,107,0
5754.38669604,5754.38596620,3603.11616898,3603.15399889,0.06162610,446.27465506,0.01998498,0.01998498,34730,107,0
5754.55241194,5754.55167519,3611.71077933,3611.74901520,0.06429513,446.12326056,0.01998498,0.01998498,34729,107,0
5754.71796266,5754.71739373,3620.31637126,3620.34593386,0.05639269,445.97042796,0.01998498,0.01998498,34728,107,0
5754.88358185,5754.88312181,3628.93365121,3628.95758869,0.03155327,445.81592495,0.01998498,0.01998498,34727,107,0
5755.04737132,5755.04885944,0.00000000,3637.50313876,0.05045951,445.66121438,0.01998498,0.01998498,34726,107,1
5755.21512171,5755.21460661,3646.20833058,3646.23521795,0.04951497,445.50169279,0.01998498,0.01998498,34725,107,0
5755.38153329,5755.38036333,3654.86801502,3654.92918903,0.06948036,445.34142721,0.01998499,0.01998498,34724,107,0
5755.54612972,5755.54612960,3663.54238983,3663.54239586,0.06380321,445.18123331,0.01998498,0.01998498,34723,107,0
5755.71141674,5755.71190542,3672.23034801,3672.20471916,0.04841281,445.01870321,0.01998498,0.01998498,34722,107,0
5755.87876960,5755.87769079,3680.93077183,3680.98742464,0.05179698,444.85245766,0.01998499,0.01998498,34721,107,0
5756.04361812,5756.04348571,3689.64279147,3689.64975382,0.07968344,444.68705382,0.01998498,0.01998498,34720,107,0
5756.20994457,5756.20929018,3698.36685943,3698.40131490,0.05254970,444.51849696,0.01998499,0.01998498,34719,107,0
5756.37559788,5756.37510421,3707.10385956,3707.12989161,0.06465050,444.34893183,0.01998498,0.01998498,34718,107,0
5756.54058525,5756.54092778,3715.85468385,3715.83659312,0.05524682,444.17834796,0.01998498,0.01998498,34717,107,0
5756.70717907,5756.70676092,3724.61999802,3724.64211763,0.05328200,444.00436129,0.01998498,0.01998498,34716,107,0
5756.87221810,5756.87260360,3733.39946469,3733.37904137,0.04291653,443.83027228,0.01998498,0.01998498,34715,107,0
5757.03807173,5757.03845585,3742.19247176,3742.17209274,0.06236930,443.65359865,0.01998498,0.01998498,34714,107,0
5757.20578346,5757.20431764,0.00000000,3751.06959279,0.06336210,443.47332904,0.01998499,0.01998498,34713,107,1
5757.37030514,5757.37018900,3759.81681538,3759.82299401,0.05603024,443.29450909,0.01998498,0.01998498,34712,107,0
5757.53528987,5757.53606992,3768.64789480,3768.60633820,0.06583822,443.11361195,0.01998498,0.01998498,34711,107,0
5757.70245057,5757.70196039,3777.49195286,3777.51810439,0.06815094,442.92856945,0.01998499,0.01998498,34710,107,0
5757.86765332,5757.86786042,3786.34930548,3786.33823999,0.07550613,442.74394135,0.01998498,0.01998498,34709,107,0
5758.03338922,5758.03377002,3795.22021600,3795.19984054,0.08338862,442.55695420,0.01998498,0.01998498,34708,107,0
5758.20016961,5758.19968918,3804.10481364,3804.13055922,0.03305490,442.36699639,0.01998499,0.01998498,34707,107,0
5758.36543395,5758.36561789,3813.00320806,3812.99333638,0.07062193,442.17698279,0.01998498,0.01998498,34706,107,0
5758.53284257,5758.53155618,0.00000000,3821.98436914,0.07310126,441.98269155,0.01998499,0.01998498,34705,107,1
5758.69824968,5758.69750402,3830.84178130,3830.88192022,0.02346333,441.78890533,0.01998499,0.01998498,34704,107,0
5758.86412758,5758.86346143,3839.78200776,3839.81792056,0.05630270,441.59276464,0.01998499,0.01998498,34703,107,0
5759.03083307,5759.02942841,0.00000000,3848.81792270,0.05715625,441.39368235,0.01998499,0.01998498,34702,107,1
5759.19341957,5759.19540495,0.00000000,3857.60541861,0.04785932,441.19781256,0.01998498,0.01998498,34701,107,1
5759.35982108,5759.36139106,0.00000000,3866.61284473,0.04521498,440.99551442,0.01998498,0.01998498,34700,107,1
5759.52747920,5759.52738674,3875.68362055,3875.68863606,0.07138856,440.79011807,0.01998498,0.01998498,34699,107,0
5759.69404396,5759.69339199,3884.69622837,3884.73165482,0.04855491,440.58390306,0.01998499,0.01998498,34698,107,0
5759.85988568,5759.85940681,3893.72493619,3893.75100228,0.05009613,440.37667634,0.01998499,0.01998498,34697,107,0
5760.02594754,5760.02543120,3902.76950002,3902.79765198,0.07020393,440.16726568,0.01998499,0.01998498,34696,107,0
5760.18944531,5760.19146516,0.00000000,3911.73056993,0.06997904,439.95895784,0.01998498,0.01998498,34695,107,1
5760.35797180,5760.35750869,3920.90273170,3920.92805745,0.04517779,439.74289200,0.01998499,0.01998498,34694,107,0
5760.52361960,5760.52356179,3929.98983275,3929.99299845,0.06546732,439.52836282,0.01998498,0.01998498,34693,107,0
5760.68883088,5760.68962447,3939.09108013,3939.04755173,0.06265656,439.31251640,0.01998498,0.01998498,34692,107,0
5760.85631109,5760.85569673,3948.20778540,3948.24154051,0.08535847,439.09174748,0.01998499,0.01998498,34691,107,0
5761.02034591,5761.02177856,0.00000000,3957.27382979,0.07920505,438.87329268,0.01998498,0.01998498,34690,107,1
5761.18645058,5761.18786997,0.00000000,3966.42184462,0.04582119,438.65045407,0.01998498,0.01998498,34689,107,1
5761.35464577,5761.35397095,3975.65951372,3975.69678705,0.06676279,438.42289517,0.01998499,0.01998498,34688,107,0
5761.52061116,5761.52008151,3984.84117591,3984.87047216,0.09395387,438.19620758,0.01998499,0.01998498,34687,107,0
5761.68869161,5761.68620165,0.00000000,3994.17162334,0.08667659,437.96473233,0.01998499,0.01998498,34686,107,1
5761.85387845,5761.85233137,0.00000000,4003.32813467,0.07746606,437.73524566,0.01998499,0.01998498,34685,107,1
5762.01668104,5762.01847068,0.00000000,4012.36694804,0.06465843,437.50714096,0.01998498,0.01998498,34684,107,1
5762.18320389,5762.18461956,0.00000000,4021.62723849,0.09623615,437.27183148,0.01998498,0.01998498,34683,107,1
5762.35065329,5762.35077803,4030.95499169,4030.94803670,0.03580115,437.03333317,0.01998498,0.01998498,34682,107,0
5762.51594129,5762.51694607,4040.22872407,4040.17259687,0.07143147,436.79566614,0.01998498,0.01998499,34681,107,0
5762.67978849,5762.68312371,0.00000000,4049.33254229,0.11633401,436.55805800,0.01998497,0.01998499,34680,107,1
5762.85073565,5762.84931092,0.00000000,4058.90155407,0.06733319,436.30812955,0.01998499,0.01998499,34679,107,1
5763.01597255,5763.01550773,4068.14585399,4068.17193987,0.09304916,436.06433504,0.01998499,0.01998499,34678,107,0
5763.18203391,5763.18171412,4077.48039023,4077.49836399,0.06345456,435.81741248,0.01998499,0.01998499,34677,107,0
5763.34771481,5763.34793009,4086.82989372,4086.81777431,0.09354441,435.56901802,0.01998499,0.01998499,34676,107,0
nan,nan,0.00000000,-1.00000000,0.00000000,435.34956733,nan,0.00000000,-2147483648,107,1
nan,nan,0.00000000,-1.00000000,0.00000000,428.33538879,nan,0.00000000,-2147483648,106,1
nan,nan,0.00000000,-1.00000000,0.00000000,428.58794732,nan,0.00000000,-2147483648,106,1
5718.49221675,5718.48779887,0.00000000,12.29791119,0.29538273,428.85503530,0.01998499,0.01998497,34948,106,1
5718.65322994,5718.65144677,0.00000000,17.55913250,0.20618259,429.11974560,0.01998498,0.01998497,34947,106,1
5718.81637829,5718.81510405,22.82925409,22.87092857,0.12107261,429.38646674,0.01998497,0.01998497,34946,106,0
5718.98400553,5718.97877069,0.00000000,28.37590217,0.05888751,429.66232203,0.01998499,0.01998497,34945,106,1
nan,nan,0.00000000,-1.00000000,0.00000000,429.89359138,nan,0.00000000,-2147483648,106,1
5719.32497902,nan,0.00000000,39.53807526,0.09996085,430.21989282,0.01998504,0.01998497,34943,106,1
5719.44518427,nan,0.00000000,43.47602999,0.33565151,430.41603580,0.01998546,0.01998497,34943,106,1
5719.63405907,5719.63353095,49.63295301,49.65027213,0.26685067,430.72297134,0.01998497,0.01998497,34941,106,0
5719.78752576,nan,0.00000000,54.69951168,0.10680474,430.97344207,0.01998494,0.01998497,34940,106,1
5719.95020353,nan,0.00000000,60.03712369,0.11148303,431.23769102,0.01998493,0.01998497,34939,106,1
5720.11369516,nan,0.00000000,65.40424276,0.15375727,431.50285500,0.01998493,0.01998497,34938,106,1
nan,nan,0.00000000,-1.00000000,0.00000000,431.77873221,nan,0.00000000,-2147483648,106,1
nan,nan,0.00000000,-1.00000000,0.00000000,432.02473470,nan,0.00000000,-2147483648,106,1
5720.61745824,5720.61595249,81.89636541,81.94588424,0.26011148,432.31665704,0.01998498,0.01998497,34935,106,0
5720.61745824,5720.61595249,81.89636541,81.94588424,0.26011148,432.31665704,0.01998498,0.01998497,34935,106,0
nan,nan,0.00000000,-1.00000000,0.00000000,432.61320323,nan,0.00000000,-2147483648,106,1
nan,nan,0.00000000,-1.00000000,0.00000000,432.90641185,nan,0.00000000,-2147483648,106,1
nan,nan,0.00000000,-1.00000000,0.00000000,433.19893678,nan,0.00000000,-2147483648,106,1
nan,nan,0.00000000,-1.00000000,0.00000000,433.34494288,nan,0.00000000,-2147483648,106,1
5721.44707380,nan,0.00000000,109.28206968,0.08262723,433.65012938,0.01998501,0.01998497,34930,106,1
5721.76344270,5721.76253757,119.67375215,119.70363292,0.26428423,434.15476213,0.01998497,0.01998497,34928,106,0
5721.76344270,5721.76253757,119.67375215,119.70363292,0.26428423,434.15476213,0.01998497,0.01998497,34928,106,0
5721.91484042,nan,0.00000000,124.71984924,0.33677280,434.39692210,0.01998493,0.01998497,34927,106,1
5722.09189209,5722.09021773,0.00000000,130.56923748,0.30715220,434.67870048,0.01998498,0.01998497,34926,106,1
5722.25717444,5722.25407188,0.00000000,136.03283679,0.16243165,434.94130783,0.01998498,0.01998497,34925,106,1
5722.25717444,5722.25407188,0.00000000,136.03283679,0.16243165,434.94130783,0.01998498,0.01998497,34925,106,1
5722.57594469,5722.58180834,0.00000000,146.57847553,0.17755579,435.44658049,0.01998495,0.01998497,34923,106,1
5722.75110019,5722.74569065,0.00000000,152.37768952,0.09647718,435.72353835,0.01998499,0.01998497,34922,106,1
nan,nan,0.00000000,-1.00000000,0.00000000,435.94383271,nan,0.00000000,-2147483648,106,1
5723.08028763,5723.07348343,0.00000000,163.28573672,0.10634741,436.24275355,0.01998500,0.01998497,34920,106,1
5723.23872540,5723.23739391,168.48100953,168.52517576,0.01614125,436.49134428,0.01998498,0.01998497,34919,106,0
5723.40307592,5723.40131377,173.91960447,173.97808453,0.11163708,436.74951009,0.01998498,0.01998497,34918,106,0
5723.56433852,5723.56524302,179.36120394,179.33117194,0.24288625,437.00240109,0.01998497,0.01998497,34917,106,0
5723.72089876,5723.72918166,0.00000000,184.54701868,0.03877119,437.24828556,0.01998494,0.01998497,34916,106,1
5724.04974440,5724.05708711,0.00000000,195.47852849,0.08235159,437.76194224,0.01998495,0.01998497,34914,106,1
5724.04974440,5724.05708711,0.00000000,195.47852849,0.08235159,437.76194224,0.01998495,0.01998497,34914,106,1
nan,nan,0.00000000,-1.00000000,0.00000000,437.97373722,nan,0.00000000,-2147483648,106,1
5724.38806574,5724.38503014,0.00000000,206.73743119,0.11622487,438.28861279,0.01998498,0.01998497,34912,106,1
5724.55021631,5724.54901575,212.07995456,212.11995400,0.17810756,438.53954764,0.01998498,0.01998497,34911,106,0
nan,nan,0.00000000,-1.00000000,0.00000000,438.81304911,nan,0.00000000,-2147483648,106,1
5724.87984006,5724.87701515,0.00000000,223.12557515,0.09164522,439.05092253,0.01998498,0.01998497,34909,106,1
5725.04199641,5725.04102894,228.48662061,228.51890864,0.15857064,439.30068441,0.01998498,0.01998497,34908,106,0
5725.20978892,5725.20505213,0.00000000,234.13598521,0.09167891,439.56022124,0.01998499,0.01998497,34907,106,1
5725.35793615,nan,0.00000000,239.08360360,0.14342850,439.78833016,0.01998493,0.01998497,34906,106,1
5725.52936474,5725.53312672,0.00000000,244.81179458,0.14142164,440.05184740,0.01998496,0.01998497,34905,106,1
5725.69739193,5725.69717811,250.40689357,250.41404383,0.11439272,440.30896907,0.01998497,0.01998497,34904,106,0
5725.86060236,5725.86123890,255.89459164,255.87329441,0.37493891,440.55895516,0.01998497,0.01998497,34903,106,0
5726.01495277,nan,0.00000000,261.05528244,0.21385597,440.79572231,0.01998494,0.01998497,34902,106,1
5726.18591173,5726.18938869,0.00000000,266.78035298,0.03594125,441.05671120,0.01998496,0.01998497,34901,106,1
5726.35463835,5726.35347769,272.37719080,272.41608804,0.11022756,441.31302066,0.01998498,0.01998497,34900,106,0
5726.51078501,5726.51757609,0.00000000,277.66876825,0.11026426,441.55136696,0.01998495,0.01998497,34899,106,1
5726.68276361,5726.68168390,283.38272109,283.41894747,0.05579136,441.81168819,0.01998498,0.01998497,34898,106,0
5726.83769706,5726.84580112,0.00000000,288.63754108,0.03955788,442.04740108,0.01998495,0.01998497,34897,106,1
5727.00831792,5727.00992774,294.40230154,294.34822646,0.06687897,442.30474925,0.01998497,0.01998497,34896,106,0
5727.17315859,5727.17406377,299.91734652,299.88692342,0.08644090,442.55375645,0.01998497,0.01998497,34895,106,0
5727.34078647,5727.33820921,0.00000000,305.54120464,0.10834357,442.80736036,0.01998498,0.01998497,34894,106,1
5727.49896980,5727.50236406,0.00000000,310.86207137,0.13217264,443.04545676,0.01998496,0.01998497,34893,106,1
5727.66858802,5727.66652831,316.48343047,316.55277726,0.18597297,443.29950888,0.01998498,0.01998497,34892,106,0
5727.82809034,5727.83070198,0.00000000,321.94196978,0.22216976,443.53953474,0.01998497,0.01998497,34891,106,1
5727.99695826,5727.99488506,327.54496407,327.61484568,0.11066706,443.79160089,0.01998498,0.01998497,34890,106,0
5728.15901627,5728.15907755,333.08100587,333.07893885,0.07452922,444.03381361,0.01998497,0.01998497,34889,106,0
5728.32418297,5728.32327946,338.62058021,338.65107041,0.06785903,444.28023295,0.01998498,0.01998497,34888,106,0
5728.64720523,5728.65171151,0.00000000,349.57157898,0.10525658,444.76147046,0.01998496,0.01998497,34886,106,1
5728.64720523,5728.65171151,0.00000000,349.57157898,0.10525658,444.76147046,0.01998496,0.01998497,34886,106,1
5728.81312848,5728.81594166,0.00000000,355.17776974,0.10655648,445.00764272,0.01998496,0.01998497,34885,106,1
5728.97667011,5728.98018123,0.00000000,360.70661087,0.10371269,445.24983546,0.01998496,0.01998497,34884,106,1
5729.14445346,5729.14443021,366.37124733,366.37203400,0.05512410,445.49741064,0.01998497,0.01998497,34883,106,0
5729.30832574,5729.30868862,371.93167263,371.91938528,0.09829162,445.73923714,0.01998497,0.01998497,34882,106,0
5729.47490042,5729.47295644,0.00000000,377.56940423,0.08401026,445.98494018,0.01998498,0.01998497,34881,106,1
5729.63813290,5729.63723368,383.06243489,383.09291577,0.11810595,446.22455742,0.01998498,0.01998497,34880,106,0
5729.80355368,5729.80152034,0.00000000,388.70864433,0.02808800,446.46758289,0.01998498,0.01998497,34879,106,1
5729.96447867,5729.96581642,394.20643352,394.16103824,0.14608459,446.70296857,0.01998497,0.01998497,34878,106,0
5730.12885105,5730.13012193,399.78353196,399.74038196,0.10069860,446.94325211,0.01998497,0.01998497,34877,106,0
5730.29695554,5730.29443685,0.00000000,405.45557447,0.04568434,447.18877514,0.01998498,0.01998497,34876,106,1
5730.45544388,5730.45876121,0.00000000,410.84102520,0.04553662,447.41956667,0.01998496,0.01998497,34875,106,1
5730.62125118,5730.62309498,416.53594205,416.47323034,0.01238871,447.66034539,0.01998497,0.01998497,34874,106,0
5730.78769953,5730.78743818,422.12727673,422.13617080,0.08977199,447.90183264,0.01998498,0.01998498,34873,106,0
5730.94985010,5730.95179081,427.72222262,427.65613701,0.06528958,448.13663875,0.01998497,0.01998498,34872,106,0
5731.11576451,5731.11615287,433.32077036,433.30753814,0.07496662,448.37643828,0.01998497,0.01998498,34871,106,0
5731.28047226,5731.28052435,438.92291056,438.92113485,0.06960787,448.61403524,0.01998498,0.01998498,34870,106,0
5731.44460516,5731.44490526,444.52863375,444.51839665,0.04931636,448.85034703,0.01998497,0.01998498,34869,106,0
5731.60977502,5731.60929560,450.13793062,450.15429401,0.05529431,449.08769091,0.01998498,0.01998498,34868,106,0
5731.76922607,5731.77369537,0.00000000,455.59810708,0.03021074,449.31637485,0.01998496,0.01998498,34867,106,1
5731.93845571,5731.93810458,461.36723555,461.37923438,0.09107133,449.55861472,0.01998498,0.01998498,34866,106,0
5732.10552366,5732.10252321,0.00000000,467.08798751,0.05456245,449.79720140,0.01998499,0.01998498,34865,106,1
5732.27015651,5732.26695128,0.00000000,472.71775761,0.01185589,450.03188322,0.01998499,0.01998498,34864,106,1
5732.42985713,5732.43138878,478.23801025,478.18558119,0.10410986,450.25924013,0.01998497,0.01998498,34863,106,0
5732.59637230,5732.59583571,483.86876380,483.88714229,0.10490352,450.49571363,0.01998498,0.01998498,34862,106,0
5732.76050220,5732.76029208,489.50307758,489.51027822,0.02534593,450.72833207,0.01998498,0.01998498,34861,106,0
5732.92586918,5732.92475789,495.14088737,495.17899238,0.11855582,450.96223054,0.01998498,0.01998498,34860,106,0
5733.08844609,5733.08923313,500.78212473,500.75512319,0.07432973,451.19171584,0.01998497,0.01998498,34859,106,0
5733.25319247,5733.25371781,506.42672092,506.40868818,0.07303420,451.42378750,0.01998497,0.01998498,34858,106,0
5733.42420718,5733.41821193,0.00000000,512.27359292,0.05650678,451.66389549,0.01998500,0.01998498,34857,106,1
5733.58270323,5733.58271549,517.72571401,517.72529292,0.07656207,451.88650354,0.01998498,0.01998498,34856,106,0
5733.74818009,5733.74722849,523.38005149,523.41276709,0.07694862,452.11813981,0.01998498,0.01998498,34855,106,0
5733.91161866,5733.91175093,529.03780125,529.03325147,0.07165339,452.34644678,0.01998498,0.01998498,34854,106,0
5734.07476083,5734.07628281,534.69916871,534.64678325,0.03290540,452.57387505,0.01998497,0.01998498,34853,106,0
5734.23724974,5734.24082413,0.00000000,540.23866407,0.06114051,452.79983370,0.01998496,0.01998498,34852,106,1
5734.40666279,5734.40537490,546.03358234,546.07796889,0.07322696,453.03515927,0.01998498,0.01998498,34851,106,0
5734.56832454,5734.56993511,551.70704313,551.65149679,0.07035965,453.25917259,0.01998497,0.01998498,34850,106,0
5734.73587904,5734.73450476,557.38484196,557.43227217,0.06852379,453.49089519,0.01998498,0.01998498,34849,106,0
5734.89722427,5734.89908387,563.06678376,563.00256239,0.08500607,453.71358277,0.01998497,0.01998498,34848,106,0
5735.06673988,5735.06367241,0.00000000,568.85343456,0.03992756,453.94685573,0.01998499,0.01998498,34847,106,1
5735.22948817,5735.22827041,574.44211406,574.48421898,0.02884304,454.17074275,0.01998498,0.01998498,34846,106,0
5735.39228401,5735.39287785,580.13500904,580.11446600,0.04000253,454.39400915,0.01998498,0.01998498,34845,106,0
5735.55535313,5735.55749475,585.83105999,585.75693895,0.11007341,454.61715921,0.01998497,0.01998498,34844,106,0
5735.72317923,5735.72212109,591.53012133,591.56676106,0.09772292,454.84629883,0.01998498,0.01998498,34843,106,0
5735.88625464,5735.88675688,597.23237205,597.21497215,0.04737195,455.06845291,0.01998498,0.01998498,34842,106,0
5736.05130143,5736.05140213,602.93805543,602.93456487,0.05279719,455.29280013,0.01998498,0.01998498,34841,106,0
5736.21510519,5736.21605682,608.64741572,608.61440798,0.03725428,455.51497638,0.01998497,0.01998498,34840,106,0
5736.37789140,5736.38072097,0.00000000,614.25899430,0.08069175,455.73516952,0.01998497,0.01998498,34839,106,1
5736.54335791,5736.54539458,620.07814880,620.00741131,0.03428029,455.95879425,0.01998497,0.01998498,34838,106,0
5736.70899593,5736.71007764,625.79992521,625.76232954,0.05784769,456.18204643,0.01998497,0.01998498,34837,106,0
5736.87515229,5736.87477015,631.52588087,631.53917116,0.03423743,456.40551972,0.01998498,0.01998498,34836,106,0
5737.04400526,5737.03947212,0.00000000,637.40974784,0.09952416,456.63197312,0.01998499,0.01998498,34835,106,1
5737.20550288,5737.20418355,642.98948244,643.03542213,0.05906554,456.84836863,0.01998498,0.01998498,34834,106,0
5737.36467961,5737.36890444,0.00000000,648.57490105,0.05394687,457.06086434,0.01998496,0.01998498,34833,106,1
5737.53368357,5737.53363478,654.46724997,654.46895077,0.02553668,457.28632491,0.01998498,0.01998498,34832,106,0
5737.69560345,5737.69837458,0.00000000,660.11070879,0.04326518,457.50152004,0.01998497,0.01998498,34831,106,1
5737.86315022,5737.86312385,665.95812856,665.95904886,0.03685817,457.72396021,0.01998498,0.01998498,34830,106,0
5738.02631334,5738.02788258,671.70888362,671.65409465,0.09082374,457.93994900,0.01998497,0.01998498,34829,106,0
5738.19412952,5738.19265076,677.46351016,677.51517321,0.01957018,458.16159504,0.01998498,0.01998498,34828,106,0
5738.35874883,5738.35742841,683.22225517,683.26841772,0.07568971,458.37853214,0.01998498,0.01998498,34827,106,0
5738.52289825,5738.52221553,688.98536657,689.00925217,0.07997030,458.59437819,0.01998498,0.01998498,34826,106,0
5738.68865444,5738.68701211,694.75299379,694.81049341,0.05782539,458.81186317,0.01998498,0.01998498,34825,106,0
5738.84986853,5738.85181815,0.00000000,700.45813862,0.03428474,459.02297941,0.01998497,0.01998498,34824,106,1
5739.01645507,5739.01663366,706.30104928,706.29478830,0.09637537,459.24052799,0.01998498,0.01998498,34823,106,0
5739.18329004,5739.18145864,712.08100579,712.14524693,0.05946019,459.45794571,0.01998498,0.01998498,34822,106,0
5739.34647775,5739.34629309,717.86459870,717.87107982,0.04192292,459.67010625,0.01998498,0.01998498,34821,106,0
5739.51234287,5739.51113700,723.65158985,723.69393358,0.03990244,459.88522688,0.01998498,0.01998498,34820,106,0
5739.67577645,5739.67599039,729.44184226,729.43432602,0.04551951,460.09667444,0.01998498,0.01998498,34819,106,0
5739.83989473,5739.84085324,735.23550703,735.20181345,0.07247501,460.30849351,0.01998497,0.01998498,34818,106,0
5740.00607074,5740.00572556,741.03278652,741.04492727,0.05932640,460.52244970,0.01998498,0.01998498,34817,106,0
5740.17159144,5740.17060736,746.83388388,746.86851802,0.06843651,460.73504972,0.01998498,0.01998498,34816,106,0
5740.33507341,5740.33549863,752.63900309,752.62402784,0.05491488,460.94453532,0.01998498,0.01998498,34815,106,0
5740.50117342,5740.50039937,758.44834862,758.47562729,0.03065756,461.15687731,0.01998498,0.01998498,34814,106,0
5740.66677235,5740.66530959,764.26204360,764.31362903,0.06846414,461.36808182,0.01998498,0.01998498,34813,106,0
5740.82930035,5740.83022928,770.08002075,770.04723924,0.06764876,461.57488357,0.01998497,0.01998498,34812,106,0
5740.99541702,5740.99515845,775.90218548,775.91131629,0.05829237,461.78574925,0.01998498,0.01998498,34811,106,0
5741.16058801,5741.16009710,781.72844280,781.74578933,0.06164834,461.99490634,0.01998498,0.01998498,34810,106,0
5741.32435491,5741.32504522,787.55869733,787.53429006,0.03797237,462.20178055,0.01998498,0.01998498,34809,106,0
5741.48941441,5741.49000282,793.39285380,793.37203678,0.08935141,462.40977436,0.01998498,0.01998498,34808,106,0
5741.65522362,5741.65496990,799.23086531,799.23984686,0.06028189,462.61819124,0.01998498,0.01998498,34807,106,0
5741.81957524,5741.81994646,805.07277247,805.05962326,0.04455041,462.82426030,0.01998498,0.01998498,34806,106,0
5741.98575513,5741.98493251,810.91862522,810.94778178,0.08282339,463.03210029,0.01998498,0.01998498,34805,106,0
5742.14955389,5742.14992803,816.76847371,816.75520466,0.08149060,463.23644971,0.01998498,0.01998498,34804,106,0
5742.31587961,5742.31493303,822.62236828,822.65596098,0.07268716,463.44343160,0.01998498,0.01998498,34803,106,0
5742.48098598,5742.47994752,828.48035890,828.51723599,0.01260700,463.64837828,0.01998498,0.01998498,34802,106,0
5742.64520684,5742.64497150,834.34247226,834.35083517,0.06418891,463.85171372,0.01998498,0.01998498,34801,106,0
5742.80986889,5742.81000496,840.20870418,840.20386592,0.05998323,464.05508129,0.01998498,0.01998498,34800,106,0
5742.97349137,5742.97504790,846.07904833,846.02366727,0.04495412,464.25665354,0.01998497,0.01998498,34799,106,0
5743.14221331,5743.14010033,0.00000000,852.03925039,0.04765958,464.46433533,0.01998499,0.01998498,34798,106,1
5743.30497254,5743.30516225,857.83204785,857.82528922,0.04926771,464.66344836,0.01998498,0.01998498,34797,106,0
5743.46946585,5743.47023366,863.71469351,863.68732245,0.04111880,464.86453262,0.01998498,0.01998498,34796,106,0
5743.63394083,5743.63531455,869.60149358,869.55249037,0.02979388,465.06507579,0.01998497,0.01998498,34795,106,0
5743.80034761,5743.80040494,875.49256291,875.49051648,0.07276537,465.26744923,0.01998498,0.01998498,34794,106,0
5743.96665251,5743.96550481,881.38801892,881.42901590,0.01410404,465.46917376,0.01998498,0.01998498,34793,106,0
5744.13037125,5744.13061418,887.28797951,887.27929557,0.05205459,465.66725127,0.01998498,0.01998498,34792,106,0
5744.29572844,5744.29573304,893.19256307,893.19239863,0.05727227,465.86680001,0.01998498,0.01998498,34791,106,0
5744.45896466,5744.46086139,0.00000000,899.04019854,0.04198524,466.06349654,0.01998497,0.01998498,34790,106,1
5744.62451314,5744.62599924,905.01577853,904.96254007,0.08208112,466.26204318,0.01998497,0.01998498,34789,106,0
5744.79097039,5744.79114658,910.93405152,910.92773530,0.04193778,466.46135797,0.01998498,0.01998498,34788,106,0
5744.95577626,5744.95630342,916.85644079,916.83753146,0.04741189,466.65816015,0.01998498,0.01998498,34787,106,0
5745.12285625,5745.12146976,922.78269919,922.83246163,0.07197456,466.85712461,0.01998498,0.01998498,34786,106,0
5745.28711990,5745.28664559,928.71257852,928.72961098,0.07880749,467.05218280,0.01998498,0.01998498,34785,106,0
5745.45257866,5745.45183092,934.64588857,934.67275415,0.05985717,467.24809902,0.01998498,0.01998498,34784,106,0
5745.61703440,5745.61702574,940.58277312,940.58308430,0.09055700,467.44227324,0.01998498,0.01998498,34783,106,0
5745.78244051,5745.78223007,946.52349446,946.53106412,0.06251239,467.63701959,0.01998498,0.01998498,34782,106,0
5745.94745035,5745.94744390,952.46831610,952.46854802,0.00929973,467.83075719,0.01998498,0.01998498,34781,106,0
5746.11290611,5746.11266723,958.41750271,958.42610706,0.06798946,468.02448198,0.01998498,0.01998498,34780,106,0
5746.27728444,5746.27790006,964.37131996,964.34912897,0.09134062,468.21642056,0.01998498,0.01998498,34779,106,0
5746.44266797,5746.44314240,970.32993186,970.31281786,0.04441007,468.40900895,0.01998498,0.01998498,34778,106,0
5746.60692286,5746.60839424,976.29319366,976.24007906,0.07640420,468.59975681,0.01998498,0.01998498,34777,106,0
5746.77396030,5746.77365558,982.26090197,982.27190929,0.04926379,468.79319013,0.01998498,0.01998498,34776,106,0
5746.93855393,5746.93892643,988.23285256,988.21938833,0.05115275,468.98324710,0.01998498,0.01998498,34775,106,0
5747.10340634,5747.10420679,994.20884026,994.17989000,0.09251792,469.17305147,0.01998498,0.01998498,34774,106,0
5747.26997337,5747.26949665,1000.18866126,1000.20591288,0.02981456,469.36426173,0.01998498,0.01998498,34773,106,0
5747.43314381,5747.43479602,1006.17224514,1006.11242019,0.09655287,469.55101567,0.01998498,0.01998498,34772,106,0
5747.60156848,5747.60010490,1012.15973099,1012.21275799,0.03412029,469.74320816,0.01998499,0.01998498,34771,106,0
5747.76540904,5747.76542329,1018.15127674,1018.15075986,0.07315602,469.92961280,0.01998498,0.01998498,34770,106,0
5747.93085336,5747.93075119,1024.14704097,1024.15074737,0.04255846,470.11728853,0.01998498,0.01998498,34769,106,0
5748.09524548,5748.09608860,1030.14718298,1030.11657544,0.05074253,470.30322333,0.01998498,0.01998498,34768,106,0
5748.26149571,5748.26143553,1036.15185416,1036.15404060,0.05498289,470.49070819,0.01998498,0.01998498,34767,106,0
5748.42595357,5748.42679196,1042.16107301,1042.13059462,0.05737665,470.67562523,0.01998498,0.01998498,34766,106,0
5748.59200454,5748.59215791,1048.17475220,1048.16917292,0.06910054,470.86177796,0.01998498,0.01998498,34765,106,0
5748.75600424,5748.75753338,1054.19280117,1054.13713733,0.05804370,471.04507897,0.01998498,0.01998498,34764,106,0
5748.92141548,5748.92291836,1060.21512891,1060.16038590,0.04892580,471.22939777,0.01998498,0.01998498,34763,106,0
5749.08708284,5749.08831285,1066.24164402,1066.19681198,0.04072676,471.41343423,0.01998498,0.01998498,34762,106,0
5749.25132499,5749.25371687,0.00000000,1072.17551818,0.05537759,471.59503445,0.01998497,0.01998498,34761,106,1
5749.42018217,5749.41913040,1078.30701458,1078.34539819,0.06588722,471.78173563,0.01998499,0.01998498,34760,106,0
5749.58516312,5749.58455345,1084.34592075,1084.36818438,0.06002442,471.96329423,0.01998498,0.01998498,34759,106,0
5749.74905671,5749.74998601,1090.38902946,1090.35507178,0.06490741,472.14309361,0.01998498,0.01998498,34758,106,0
5749.91382954,5749.91542810,1096.43638236,1096.37793168,0.08038616,472.32329225,0.01998498,0.01998498,34757,106,0
5750.08091943,5750.08087971,1102.48802141,1102.48947442,0.07977035,472.50544594,0.01998498,0.01998498,34756,106,0
5750.24524007,5750.24634085,1108.54401988,1108.50371726,0.07267960,472.68401299,0.01998498,0.01998498,34755,106,0
5750.41079546,5750.41181150,1114.60452538,1114.56729888,0.08356710,472.86335544,0.01998498,0.01998498,34754,106,0
5750.57730100,5750.57729168,1120.66969689,1120.67003854,0.06455128,473.04315705,0.01998498,0.01998498,34753,106,0
5750.74295799,5750.74278138,1126.73969410,1126.74617418,0.06057321,473.22147819,0.01998498,0.01998498,34752,106,0
5750.90853566,5750.90828061,1132.81467741,1132.82404300,0.04877314,473.39915478,0.01998498,0.01998498,34751,106,0
5751.07438855,5751.07378937,1138.89479894,1138.91681949,0.04844062,473.57656914,0.01998498,0.01998498,34750,106,0
5751.23908710,5751.23930765,1144.98001205,1144.97190066,0.05163575,473.75219345,0.01998498,0.01998498,34749,106,0
5751.40470326,5751.40483546,1151.07007428,1151.06520868,0.04096987,473.92822973,0.01998498,0.01998498,34748,106,0
5751.56899442,5751.57037279,1157.16473386,1157.11396883,0.03136841,474.10228772,0.01998498,0.01998498,34747,106,0
5751.73625425,5751.73591966,1163.26373789,1163.27606863,0.07272583,474.27889893,0.01998498,0.01998498,34746,106,0
5751.90226674,5751.90147606,1169.36683235,1169.39598887,0.05912217,474.45359380,0.01998498,0.01998498,34745,106,0
5752.06583299,5752.06704199,1175.47381839,1175.42921109,0.08439256,474.62512377,0.01998498,0.01998498,34744,106,0
5752.23200402,5752.23261745,1181.58483986,1181.56219258,0.07981392,474.79878776,0.01998498,0.01998498,34743,106,0
5752.39810724,5752.39820244,1187.70017070,1187.69665377,0.06342433,474.97178545,0.01998498,0.01998498,34742,106,0
5752.56382427,5752.56379696,1193.82008633,1193.82109602,0.06032173,475.14379405,0.01998498,0.01998498,34741,106,0
5752.72933300,5752.72940102,1199.94486340,1199.94234667,0.05039148,475.31500764,0.01998498,0.01998498,34740,106,0
5752.89512384,5752.89501462,1206.07477875,1206.07882282,0.07281124,475.48593928,0.01998498,0.01998498,34739,106,0
5753.06052157,5753.06063775,1212.20996969,1212.20566413,0.06186907,475.65589555,0.01998498,0.01998498,34738,106,0
5753.22726481,5753.22627042,1218.35029186,1218.38716997,0.06211468,475.82665230,0.01998499,0.01998498,34737,106,0
5753.39157109,5753.39191263,1224.49556653,1224.48289109,0.05100544,475.99433519,0.01998498,0.01998498,34736,106,0
5753.55784397,5753.55756437,1230.64561418,1230.65599839,0.05669428,476.16343426,0.01998498,0.01998498,34735,106,0
5753.72404287,5753.72322565,1236.80025442,1236.83062594,0.03829167,476.33185766,0.01998498,0.01998498,34734,106,0
5753.88907252,5753.88889648,1242.95931852,1242.96586530,0.03206896,476.49849615,0.01998498,0.01998498,34733,106,0
5754.05490864,5754.05457684,1249.12279726,1249.13514453,0.05638483,476.66534506,0.01998498,0.01998498,34732,106,0
5754.21942401,5754.22026675,1255.29079250,1255.25940977,0.04146823,476.83026828,0.01998498,0.01998498,34731,106,0
5754.38709930,5754.38596620,1261.46340879,1261.50563389,0.07046187,476.99774892,0.01998499,0.01998498,34730,106,0
5754.55047216,5754.55167519,1267.64075115,1267.59588825,0.04838455,477.16034077,0.01998498,0.01998498,34729,106,0
5754.71659888,5754.71739373,1273.82292506,1273.79326234,0.03983417,477.32507609,0.01998498,0.01998498,34728,106,0
5754.88121672,5754.88312181,0.00000000,1279.94281228,0.03133421,477.48782598,0.01998498,0.01998498,34727,106,1
5755.04951903,5755.04885944,1286.20198925,1286.22664095,0.03766760,477.65339473,0.01998498,0.01998498,34726,106,0
5755.21496844,5755.21460661,1292.39883468,1292.41236752,0.06647968,477.81565317,0.01998498,0.01998498,34725,106,0
5755.38011314,5755.38036333,1298.60051297,1298.59114886,0.08250310,477.97701088,0.01998498,0.01998498,34724,106,0
5755.54651135,5755.54612960,1304.80699194,1304.82128995,0.05355048,478.13898276,0.01998498,0.01998498,34723,106,0
5755.71249357,5755.71190542,1311.01823897,1311.04028350,0.02911503,478.29993670,0.01998499,0.01998498,34722,106,0
5755.87797741,5755.87769079,1317.23421631,1317.24496660,0.05573709,478.45979533,0.01998498,0.01998498,34721,106,0
5756.04348023,5756.04348571,1323.45488115,1323.45467563,0.06940353,478.61905850,0.01998498,0.01998498,34720,106,0
5756.20900080,5756.20929018,1329.68019027,1329.66932151,0.05686829,478.77772219,0.01998498,0.01998498,34719,106,0
5756.37498771,5756.37510421,1335.91010024,1335.90572197,0.02908720,478.93621111,0.01998498,0.01998498,34718,106,0
5756.54121574,5756.54092778,1342.14456745,1342.15539738,0.04107584,479.09430362,0.01998498,0.01998498,34717,106,0
5756.70740891,5756.70676092,1348.38358047,1348.40796762,0.07231389,479.25173433,0.01998499,0.01998498,34716,106,0
5756.87278985,5756.87260360,1354.62726343,1354.63427794,0.06482911,479.40777329,0.01998498,0.01998498,34715,106,0
5757.04050857,nan,0.00000000,1360.95595395,0.17431139,479.56545639,0.01998499,0.01998498,34714,106,1
5757.20431478,5757.20431764,1367.12928035,1367.12917228,0.03069022,479.71871126,0.01998498,0.01998498,34713,106,0
5757.36970571,5757.37018900,1373.38793674,1373.36969422,0.06256877,479.87290866,0.01998498,0.01998498,34712,106,0
5757.53610724,5757.53606992,1379.65190251,1379.65331231,0.06833464,480.02743106,0.01998498,0.01998498,34711,106,0
5757.70265395,5757.70196039,1385.92119792,1385.94741893,0.02387332,480.18146713,0.01998499,0.01998498,34710,106,0
5757.86824840,5757.86786042,1392.19569913,1392.21037822,0.02401178,480.33400159,0.01998498,0.01998498,34709,106,0
5758.03343732,5758.03377002,1398.47527488,1398.46267768,0.06884104,480.48554084,0.01998498,0.01998498,34708,106,0
5758.19919171,5758.19968918,1404.75979329,1404.74094418,0.05456208,480.63696994,0.01998498,0.01998498,34707,106,0
5758.36551882,5758.36561789,1411.04912183,1411.04536516,0.04425288,480.78828418,0.01998498,0.01998498,34706,106,0
5758.53165871,5758.53155618,1417.34315258,1417.34704285,0.06272357,480.93878587,0.01998498,0.01998498,34705,106,0
5758.69777514,5758.69750402,1423.64187762,1423.65217168,0.05163131,481.08862283,0.01998498,0.01998498,34704,106,0
5758.86368787,5758.86346143,1429.94531406,1429.95391747,0.02833429,481.23763266,0.01998498,0.01998498,34703,106,0
5759.02932683,5759.02942841,1436.25347906,1436.24961676,0.04510548,481.38575408,0.01998498,0.01998498,34702,106,0
5759.19498036,5759.19540495,1442.56638986,1442.55023487,0.06052367,481.53324530,0.01998498,0.01998498,34701,106,0
5759.36204738,5759.36139106,1448.88407039,1448.90905980,0.03900710,481.68134251,0.01998499,0.01998498,34700,106,0
5759.52713613,5759.52738674,1455.20666939,1455.19712030,0.06142825,481.82704423,0.01998498,0.01998498,34699,106,0
5759.69353055,5759.69339199,1461.53444718,1461.53973092,0.07116658,481.97325704,0.01998498,0.01998498,34698,106,0
5759.85906086,5759.85940681,1467.86766921,1467.85446633,0.03750896,482.11807612,0.01998498,0.01998498,34697,106,0
5760.02548831,5760.02543120,1474.20660220,1474.20878383,0.05610818,482.26304644,0.01998498,0.01998498,34696,106,0
5760.19077888,5760.19146516,1480.55151398,1480.52527615,0.05607262,482.40640168,0.01998498,0.01998498,34695,106,0
5760.35756709,5760.35750869,1486.90251739,1486.90475211,0.03813242,482.55042526,0.01998498,0.01998498,34694,106,0
5760.52406945,5760.52356179,1493.25927740,1493.27871891,0.05023607,482.69356061,0.01998499,0.01998498,34693,106,0
5760.68891127,5760.68962447,1499.62137748,1499.59404366,0.06203144,482.83462608,0.01998498,0.01998498,34692,106,0
5760.85584125,5760.85569673,1505.98839903,1505.99394181,0.02825709,482.97681603,0.01998499,0.01998498,34691,106,0
5761.02260877,5761.02177856,1512.35992142,1512.39178109,0.05730984,483.11819091,0.01998499,0.01998498,34690,106,0
5761.18739918,5761.18786997,1518.73556847,1518.71749148,0.06758204,483.25721573,0.01998498,0.01998498,34689,106,0
5761.35369759,5761.35397095,1525.11543725,1525.10493415,0.04530719,483.39683432,0.01998498,0.01998498,34688,106,0
5761.51907746,5761.52008151,1531.49990340,1531.46129913,0.06577202,483.53501255,0.01998498,0.01998498,34687,106,0
5761.68611588,5761.68620165,1537.88934785,1537.88604754,0.03458916,483.67390586,0.01998498,0.01998498,34686,106,0
5761.85265197,5761.85233137,1544.28415342,1544.29649923,0.05078316,483.81171711,0.01998499,0.01998498,34685,106,0
5762.01824217,5762.01847068,1550.68470163,1550.67589442,0.06022410,483.94809419,0.01998498,0.01998498,34684,106,0
5762.18451172,5762.18461956,1557.09116279,1557.08700297,0.01961984,484.08437888,0.01998498,0.01998498,34683,106,0
5762.35007625,5762.35077803,1563.50336364,1563.47627069,0.06233915,484.21943100,0.01998498,0.01998498,34682,106,0
5762.51714470,5762.51694607,1569.92109873,1569.92877291,0.05033627,484.35504134,0.01998499,0.01998499,34681,106,0
5762.68299257,5762.68312371,1576.34416155,1576.33909083,0.07213312,484.48899055,0.01998498,0.01998499,34680,106,0
5762.84997118,5762.84931092,1582.77234458,1582.79789260,0.04549238,484.62317211,0.01998499,0.01998499,34679,106,0
5763.01386276,5763.01550773,1589.20549161,1589.14179556,0.03916022,484.75420374,0.01998498,0.01998499,34678,106,0
5763.18135910,5763.18171412,1595.64368470,1595.62992754,0.07434254,484.88743237,0.01998498,0.01998499,34677,106,0
5763.34743167,5763.34793009,1602.08707445,1602.06774563,0.01892560,485.01884623,0.01998498,0.01998499,34676,106,0
5763.51491945,5763.51415566,1608.53581220,1608.56545523,0.05178298,485.15069319,0.01998499,0.01998499,34675,106,0
5763.68010941,5763.68039081,1614.99005004,1614.97911995,0.02335621,485.28005701,0.01998498,0.01998499,34674,106,0
5763.84640885,5763.84663556,1621.44993125,1621.44111828,0.06898815,485.40961427,0.01998498,0.01998499,34673,106,0
5764.01318531,5764.01288989,1627.91546665,1627.92696005,0.02329708,485.53886087,0.01998499,0.01998499,34672,106,0
5764.17893945,5764.17915382,1634.38656936,1634.37822255,0.05210849,485.66663456,0.01998498,0.01998499,34671,106,0
5764.34634947,5764.34542734,1640.86314981,1640.89908243,0.02895073,485.79499229,0.01998499,0.01998499,34670,106,0
5764.51201738,5764.51171045,1647.34511795,1647.35708726,0.06530642,485.92132562,0.01998499,0.01998499,34669,106,0
5764.67861077,5764.67800315,1653.83238432,1653.85609708,0.04152057,486.04767030,0.01998499,0.01998499,34668,106,0
5764.84473527,5764.84430545,1660.32493689,1660.34172359,0.07021173,486.17296398,0.01998499,0.01998499,34667,106,0
5765.01057863,5765.01061735,1666.82289424,1666.82138094,0.02208715,486.29735343,0.01998499,0.01998499,34666,106,0
5765.17852696,5765.17693884,1673.32638802,1673.38851183,0.05144495,486.42261754,0.01998499,0.01998499,34665,106,0
5765.34420361,5765.34326993,1679.83555052,1679.87210414,0.02967447,486.54549365,0.01998499,0.01998499,34664,106,0
5765.50970468,5765.50961062,1686.35051471,1686.35420045,0.06990831,486.66755223,0.01998499,0.01998499,34663,106,0
5765.67607375,5765.67596091,1692.87136740,1692.87579276,0.03251369,486.78955822,0.01998499,0.01998499,34662,106,0
5765.84152858,5765.84232079,1699.39801590,1699.36692306,0.04290651,486.91020122,0.01998498,0.01998499,34661,106,0
5766.00927834,5766.00869028,1705.93032389,1705.95342271,0.03582324,487.03180798,0.01998499,0.01998499,34660,106,0
5766.17443444,5766.17506937,1712.46815430,1712.44319519,0.05460259,487.15083208,0.01998498,0.01998499,34659,106,0
5766.34143873,5766.34145806,1719.01136935,1719.01060911,0.02280017,487.27047502,0.01998499,0.01998499,34658,106,0
5766.50757073,5766.50785635,1725.55984966,1725.54860518,0.05537279,487.38877757,0.01998499,0.01998499,34657,106,0
5766.67391591,5766.67426425,1732.11364330,1732.09991903,0.01914946,487.50651601,0.01998498,0.01998499,34656,106,0
5766.84058280,5766.84068175,1738.67288600,1738.66898445,0.06378921,487.62376430,0.01998499,0.01998499,34655,106,0
5767.00716828,5767.00710886,1745.23771486,1745.24005975,0.06977254,487.74023784,0.01998499,0.01998499,34654,106,0
5767.17354711,5767.17354558,1751.80826772,1751.80832812,0.03342789,487.85585141,0.01998499,0.01998499,34653,106,0
5767.34026074,5767.33999190,1758.38467940,1758.39530605,0.06009031,487.97098081,0.01998499,0.01998499,34652,106,0
5767.50646003,5767.50644783,1764.96700157,1764.96748443,0.00816348,488.08503965,0.01998499,0.01998499,34651,106,0
5767.67311316,5767.67291337,1771.55520310,1771.56311345,0.06637950,488.19869017,0.01998499,0.01998499,34650,106,0
5767.84016422,5767.83938852,1778.14924912,1778.17998720,0.02440427,488.31188607,0.01998499,0.01998499,34649,106,0
5768.00630325,5768.00587328,1784.74910457,1784.76615677,0.06511865,488.42374043,0.01998499,0.01998499,34648,106,0
5768.17163018,5768.17236765,1791.35473420,1791.32546358,0.06117536,488.53432917,0.01998498,0.01998499,34647,106,0
5768.33882900,5768.33887163,1797.96610492,1797.96441150,0.02401471,488.64543815,0.01998499,0.01998499,34646,106,0
5768.50581155,5768.50538523,1804.58318757,1804.60013597,0.03778437,488.75566634,0.01998499,0.01998499,34645,106,0
5768.67212493,5768.67190844,1811.20595324,1811.21456696,0.05072560,488.86471817,0.01998499,0.01998499,34644,106,0
5768.83867280,5768.83844126,1817.83437288,1817.84359249,0.03025352,488.97318658,0.01998499,0.01998499,34643,106,0
5769.00450034,5769.00498370,1824.46841724,1824.44915543,0.05250856,489.08045052,0.01998499,0.01998499,34642,106,0
5769.17146390,5769.17153576,1831.10808183,1831.10521576,0.02864206,489.18770596,0.01998499,0.01998499,34641,106,0
5769.33788855,5769.33809743,1837.75343869,1837.74510134,0.05138271,489.29387214,0.01998499,0.01998499,34640,106,0
5769.50550772,5769.50466873,1844.40457485,1844.43808928,0.05747803,489.40004984,0.01998499,0.01998499,34639,106,0
5769.67192009,5769.67124964,1851.06157784,1851.08838214,0.00697579,489.50471738,0.01998499,0.01998499,34638,106,0
5769.83720585,5769.83784017,1857.72453559,1857.69915468,0.06664189,489.60794014,0.01998498,0.01998499,34637,106,0
5770.00466933,5770.00444032,1864.39353735,1864.40270835,0.04571122,489.71177396,0.01998499,0.01998499,34636,106,0
5770.17119335,5770.17105010,1871.06867703,1871.07441891,0.02962960,489.81427706,0.01998499,0.01998499,34635,106,0
5770.33799396,5770.33766949,1877.75005042,1877.76306725,0.05660606,489.91620173,0.01998499,0.01998499,34634,106,0
5770.50488710,5770.50429851,1884.43775378,1884.46138760,0.05568762,490.01743225,0.01998499,0.01998499,34633,106,0
5770.67064972,5770.67093715,1891.13188389,1891.12033195,0.02009592,490.11723297,0.01998499,0.01998499,34632,106,0
5770.83850072,5770.83758542,1897.83251133,1897.86933069,0.06966533,490.21753417,0.01998499,0.01998499,34631,106,0
5771.00368027,5771.00424332,1904.53948802,1904.51681926,0.05717149,490.31549106,0.01998499,0.01998499,34630,106,0
5771.17236459,5771.17091084,1911.25255774,1911.31113675,0.07119683,490.41475457,0.01998499,0.01998499,34629,106,0
5771.33693564,5771.33758798,1917.97146211,1917.94515541,0.01508376,490.51084018,0.01998499,0.01998499,34628,106,0
5771.50373682,5771.50427476,1924.69594132,1924.67423187,0.05350141,490.60745877,0.01998499,0.01998499,34627,106,0
5771.67116948,5771.67097116,1931.42576115,1931.43377048,0.05575239,490.70365915,0.01998499,0.01998499,34626,106,0
5771.83709051,5771.83767720,1938.16102830,1938.13731577,0.02890372,490.79821578,0.01998499,0.01998499,34625,106,0
5772.00357128,5772.00439286,1944.90208518,1944.86885129,0.06887234,490.89231858,0.01998499,0.01998499,34624,106,0
5772.17078194,5772.17111816,1951.64928064,1951.63566833,0.05249622,490.98605751,0.01998499,0.01998499,34623,106,0
5772.33751827,5772.33785309,1958.40296545,1958.38939718,0.04263756,491.07875830,0.01998499,0.01998499,34622,106,0
5772.50556924,5772.50459765,1965.16347407,1965.20288565,0.06825317,491.17141196,0.01998499,0.01998499,34621,106,0
5772.67141764,5772.67135184,1971.93079728,1971.93346850,0.03542097,491.26208288,0.01998499,0.01998499,34620,106,0
5772.83818447,5772.83811568,1978.70461603,1978.70741176,0.05841114,491.35247958,0.01998499,0.01998499,34619,106,0
5773.00420693,5773.00488914,1985.48459857,1985.45685261,0.03900561,491.44169288,0.01998499,0.01998499,34618,106,0
5773.17182124,5773.17167224,1992.27041127,1992.27647573,0.06766460,491.53096560,0.01998499,0.01998499,34617,106,0
5773.33771097,5773.33846498,1999.06172733,1999.03101500,0.02563784,491.61852608,0.01998499,0.01998499,34616,106,0
5773.50520356,5773.50526736,2005.85845452,2005.85585383,0.07115617,491.70612833,0.01998499,0.01998499,34615,106,0
5773.67129620,5773.67207938,2012.66075949,2012.62881031,0.04854191,491.79220053,0.01998499,0.01998499,34614,106,0
5773.83991286,5773.83890104,2019.46882301,2019.51013280,0.06766138,491.87876832,0.01998499,0.01998499,34613,106,0
5774.00583533,5774.00573234,2026.28282686,2026.28703531,0.04514375,491.96315408,0.01998499,0.01998499,34612,106,0
5774.17267438,5774.17257328,2033.10295403,2033.10708872,0.02927374,492.04720713,0.01998499,0.01998499,34611,106,0
5774.33908252,5774.33942386,2039.92939634,2039.91542466,0.07303430,492.13024526,0.01998499,0.01998499,34610,106,0
5774.50578769,5774.50628408,2046.76235656,2046.74201974,0.04887784,492.21263282,0.01998499,0.01998499,34609,106,0
5774.67248507,5774.67315395,2053.60203922,2053.57460999,0.03869605,492.29421715,0.01998499,0.01998499,34608,106,0
5774.84015626,5774.84003347,2060.44864998,2060.45369017,0.03922909,492.37547168,0.01998499,0.01998499,34607,106,0
5775.00697604,5775.00692263,2067.30239229,2067.30458684,0.05868896,492.45551086,0.01998499,0.01998499,34606,106,0
5775.17459186,5775.17382143,2074.16332469,2074.19501119,0.07171220,492.53512357,0.01998499,0.01998499,34605,106,0
5775.34070258,5775.34072989,2081.03130634,2081.03018237,0.01848293,492.61321775,0.01998499,0.01998499,34604,106,0
5775.50724846,5775.50764799,2087.90618122,2087.88971809,0.07045160,492.69070903,0.01998499,0.01998499,34603,106,0
5775.67448602,5775.67457574,2094.78779239,2094.78409184,0.07779634,492.76770429,0.01998499,0.01998499,34602,106,0
5775.84150879,5775.84151314,2101.67598322,2101.67580366,0.04904203,492.84377853,0.01998499,0.01998499,34601,106,0
5776.00958133,5776.00846019,2108.57065168,2108.61697349,0.03513786,492.91949798,0.01998499,0.01998499,34600,106,0
5776.17563302,5776.17541690,2115.47177232,2115.48070965,0.04981417,492.99348385,0.01998499,0.01998499,34599,106,0
5776.34228320,5776.34238325,2122.37932525,2122.37518412,0.03864862,493.06691121,0.01998499,0.01998499,34598,106,0
5776.50975230,5776.50935926,2129.29329044,2129.30957208,0.04091902,493.13986410,0.01998499,0.01998499,34597,106,0
5776.67681439,5776.67634492,2136.21364951,2136.23311396,0.06267268,493.21180283,0.01998499,0.01998499,34596,106,0
5776.84338852,5776.84334024,2143.14045671,2143.14246002,0.06153565,493.28269749,0.01998499,0.01998499,34595,106,0
5777.01040576,5777.01034522,2150.07386335,2150.07637813,0.06214807,493.35294385,0.01998499,0.01998499,34594,106,0
5777.17698593,5777.17735985,2157.01402829,2156.99848312,0.04426612,493.42217082,0.01998499,0.01998499,34593,106,0
5777.34408038,5777.34438414,2163.96111127,2163.94847102,0.06630319,493.49077226,0.01998499,0.01998499,34592,106,0
5777.51065360,5777.51141808,2170.91526958,2170.88342638,0.06340890,493.55832206,0.01998499,0.01998499,34591,106,0
5777.67799082,5777.67846169,2177.87655270,2177.85692066,0.04811218,493.62533744,0.01998499,0.01998499,34590,106,0
5777.84549505,5777.84551495,2184.84488051,2184.84405012,0.06557457,493.69156886,0.01998499,0.01998499,34589,106,0
5778.01185346,5778.01257788,2191.82016478,2191.78990434,0.05876151,493.75650124,0.01998499,0.01998499,34588,106,0
5778.17938002,5778.17965047,2198.80231677,2198.79100944,0.05271309,493.82103420,0.01998499,0.01998499,34587,106,0
5778.34666931,5778.34673272,2205.79124688,2205.78859345,0.05893099,493.88461586,0.01998499,0.01998499,34586,106,0
5778.51367552,5778.51382463,2212.78685797,2212.78061236,0.06052370,493.94722942,0.01998499,0.01998499,34585,106,0
5778.68061957,5778.68092621,2219.78904527,2219.77619024,0.05497135,494.00895701,0.01998499,0.01998499,34584,106,0
5778.84702870,5778.84803745,2226.79770308,2226.75537805,0.05070025,494.06962512,0.01998499,0.01998499,34583,106,0
5779.01443438,5779.01515836,2233.81272503,2233.78232249,0.04336581,494.12978519,0.01998499,0.01998499,34582,106,0
5779.18201177,5779.18228894,2240.83401568,2240.82236674,0.05525675,494.18912849,0.01998499,0.01998499,34581,106,0
5779.34949211,5779.34942918,2247.86166302,2247.86431002,0.06634839,494.24755764,0.01998499,0.01998499,34580,106,0
5779.51638239,5779.51657909,2254.89590319,2254.88762173,0.05719341,494.30490562,0.01998499,0.01998499,34579,106,0
5779.68309753,5779.68373867,2261.93697783,2261.90995909,0.06978845,494.36132048,0.01998499,0.01998499,34578,106,0
5779.85104488,5779.85090792,2268.98513002,2268.99090714,0.06344554,494.41726949,0.01998499,0.01998499,34577,106,0
5780.01796578,5780.01808684,2276.04058812,2276.03547613,0.06200922,494.47199769,0.01998499,0.01998499,34576,106,0
5780.18539472,5780.18527544,2283.10341300,2283.10845460,0.05711114,494.52601000,0.01998499,0.01998499,34575,106,0
5780.35216674,5780.35247370,2290.17356522,2290.16057864,0.04222783,494.57892872,0.01998499,0.01998499,34574,106,0
5780.52101351,5780.51968164,2297.25100371,2297.30740538,0.07057487,494.63160627,0.01998500,0.01998499,34573,106,0
5780.68751845,5780.68689926,2304.33568715,2304.36193384,0.05652862,494.68266381,0.01998499,0.01998499,34572,106,0
5780.85415380,5780.85412655,2311.42756495,2311.42872119,0.04760178,494.73287406,0.01998499,0.01998499,34571,106,0
5781.02097322,5781.02136351,2318.52652607,2318.50995110,0.03441704,494.78224722,0.01998499,0.01998499,34570,106,0
5781.18789334,5781.18861015,2325.63243413,2325.60196458,0.04418798,494.83075276,0.01998499,0.01998499,34569,106,0
5781.35581262,5781.35586647,2332.74515178,2332.74286045,0.04670357,494.87863932,0.01998499,0.01998499,34568,106,0
5781.52305170,5781.52313247,2339.86454085,2339.86110158,0.05785577,494.92542193,0.01998499,0.01998499,34567,106,0
5781.69012472,5781.69040815,2346.99054217,2346.97846291,0.07822840,494.97124842,0.01998499,0.01998499,34566,106,0
5781.85811576,5781.85769350,2354.12342532,2354.14143844,0.06303702,495.01640917,0.01998499,0.01998499,34565,106,0
5782.02520030,5782.02498854,2361.26354624,2361.27258861,0.05174534,495.06041317,0.01998499,0.01998499,34564,106,0
5782.19219512,5782.19229326,2368.41126306,2368.40706809,0.05912923,495.10348308,0.01998499,0.01998499,34563,106,0
5782.35959703,5782.35960767,2375.56693548,2375.56648036,0.02299182,495.14574364,0.01998499,0.01998499,34562,106,0
5782.52686877,5782.52693175,2382.73075755,2382.72805974,0.03494938,495.18705501,0.01998499,0.01998499,34561,106,0
5782.69472382,5782.69426552,2389.90251964,2389.92217197,0.07199718,495.22758534,0.01998499,0.01998499,34560,106,0
5782.86152652,5782.86160898,2397.08195105,2397.07841180,0.07349904,495.26693908,0.01998499,0.01998499,34559,106,0
5783.02903809,5783.02896212,2404.26877937,2404.27204324,0.03597406,495.30553020,0.01998499,0.01998499,34558,106,0
5783.19623371,5783.19632495,2411.46273382,2411.45881001,0.03065803,495.34311513,0.01998499,0.01998499,34557,106,0
5783.36439853,5783.36369747,2418.66368905,2418.69386530,0.04966018,495.37997389,0.01998499,0.01998499,34556,106,0
5783.53077569,5783.53107967,2425.87172127,2425.85862470,0.05493114,495.41550681,0.01998499,0.01998499,34555,106,0
5783.69784871,5783.69847157,2433.08692181,2433.06006162,0.05311645,495.45025123,0.01998499,0.01998499,34554,106,0
5783.86586854,5783.86587315,2440.30938257,2440.30918351,0.03976441,495.48424316,0.01998499,0.01998499,34553,106,0
5784.03336514,5784.03328443,2447.53920248,2447.54268966,0.03739410,495.51717923,0.01998499,0.01998499,34552,106,0
5784.20079968,5784.20070539,2454.77657535,2454.78065317,0.05059643,495.54915313,0.01998499,0.01998499,34551,106,0
5784.36809354,5784.36813606,2462.02176722,2462.01992635,0.05845813,495.58014976,0.01998499,0.01998499,34550,106,0
5784.53608645,5784.53557641,2469.27504751,2469.29715359,0.02482093,495.61031801,0.01998499,0.01998499,34549,106,0
5784.70324666,5784.70302646,2476.53668732,2476.54624210,0.04350525,495.63938188,0.01998499,0.01998499,34548,106,0
5784.87085546,5784.87048620,2483.80688188,2483.82292188,0.04398759,495.66756493,0.01998499,0.01998499,34547,106,0
5785.03781602,5785.03795564,2491.08535520,2491.07928381,0.05749798,495.69468010,0.01998499,0.01998499,34546,106,0
5785.20514825,5785.20543478,2498.37165159,2498.35917974,0.03355558,495.72089059,0.01998499,0.01998499,34545,106,0
5785.37395584,5785.37292362,2505.66531213,2505.71028301,0.03992248,495.74634859,0.01998500,0.01998499,34544,106,0
5785.54089006,5785.54042215,2512.96587531,2512.98627843,0.06049699,495.77054819,0.01998499,0.01998499,34543,106,0
5785.70738196,5785.70793038,2520.27308039,2520.24914629,0.02928332,495.79371364,0.01998499,0.01998499,34542,106,0
5785.87633907,5785.87544832,2527.58720714,2527.62611700,0.03851459,495.81622998,0.01998500,0.01998499,34541,106,0
5786.04289197,5786.04297595,2534.90862627,2534.90495433,0.06832561,495.83744614,0.01998499,0.01998499,34540,106,0
5786.21113031,5786.21051329,2542.23771086,2542.26471701,0.02795691,495.85788757,0.01998499,0.01998499,34539,106,0
5786.37776494,5786.37806033,2549.57482922,2549.56188667,0.02101367,495.87715188,0.01998499,0.01998499,34538,106,0
5786.54499541,5786.54561707,2556.92012939,2556.89286267,0.04868301,495.89549949,0.01998499,0.01998499,34537,106,0
5786.71308562,5786.71318352,2564.27349870,2564.26920021,0.03814629,495.91294298,0.01998499,0.01998499,34536,106,0
5786.88066913,5786.88075968,2571.63480881,2571.63082928,0.02908319,495.92933393,0.01998499,0.01998499,34535,106,0
5787.04826649,5787.04834554,2579.00393047,2579.00045280,0.06074667,495.94472427,0.01998499,0.01998499,34534,106,0
5787.21612685,5787.21594110,2586.38075119,2586.38893099,0.01711295,495.95913112,0.01998499,0.01998499,34533,106,0
5787.38284267,5787.38354638,2593.76530463,2593.73428414,0.06740063,495.97243864,0.01998499,0.01998499,34532,106,0
5787.55134463,5787.55116136,2601.15769782,2601.16578454,0.05185237,495.98487208,0.01998499,0.01998499,34531,106,0
5787.71879115,5787.71878606,2608.55803900,2608.55826402,0.03094367,495.99621221,0.01998499,0.01998499,34530,106,0
5787.88743346,5787.88642046,2615.96643708,2616.01122849,0.06451400,496.00660718,0.01998500,0.01998499,34529,106,0
5788.05393764,5788.05406458,2623.38300461,2623.37738569,0.02732412,496.01585703,0.01998499,0.01998499,34528,106,0
5788.22078381,5788.22171841,2630.80786331,2630.76645087,0.02875258,496.02411283,0.01998499,0.01998499,34527,106,0
5788.39090916,5788.38938195,2638.24113721,2638.30888259,0.06061395,496.03148347,0.01998500,0.01998499,34526,106,0
5788.55701610,5788.55705520,2645.68295110,2645.68121479,0.02646734,496.03765633,0.01998499,0.01998499,34525,106,0
5788.72435712,5788.72473817,2653.13342634,2653.11648622,0.05729094,496.04284901,0.01998499,0.01998499,34524,106,0
5788.89254600,5788.89243086,2660.59257731,2660.59770175,0.02974015,496.04702684,0.01998499,0.01998499,34523,106,0
5789.06013712,5789.06013326,2668.06030518,2668.06047715,0.05667587,496.05014809,0.01998499,0.01998499,34522,106,0
5789.22771137,5789.22784538,2675.53650499,2675.53052809,0.03929513,496.05222585,0.01998499,0.01998499,34521,106,0
5789.39590688,5789.39556722,2683.02107107,2683.03623630,0.06577672,496.05325896,0.01998499,0.01998499,34520,106,0
5789.56345087,5789.56329877,2690.51392381,2690.52072161,0.04175749,496.05323655,0.01998499,0.01998499,34519,106,0
5789.73041018,5789.73104005,2698.01513963,2697.98695769,0.05215836,496.05216690,0.01998499,0.01998499,34518,106,0
5789.89912369,5789.89879105,2705.52485213,2705.53975157,0.03559909,496.05002057,0.01998499,0.01998499,34517,106,0
5790.06723979,5790.06655176,2713.04319583,2713.07404724,0.05393468,496.04681299,0.01998500,0.01998499,34516,106,0
5790.23462220,5790.23432221,2720.57030460,2720.58377144,0.04328373,496.04255587,0.01998499,0.01998499,34515,106,0
5790.40138087,5790.40210237,2728.10618783,2728.07376411,0.05927151,496.03725582,0.01998499,0.01998499,34514,106,0
5790.56958869,5790.56989226,2735.65063838,2735.63698189,0.03709012,496.03083572,0.01998499,0.01998499,34513,106,0
5790.73741570,5790.73769187,2743.20342618,2743.19098928,0.06169550,496.02335196,0.01998499,0.01998499,34512,106,0
5790.90648631,5790.90550121,2750.76431954,2750.80872687,0.05926666,496.01472061,0.01998500,0.01998499,34511,106,0
5791.07308127,5791.07332027,2758.33312236,2758.32233754,0.02327046,496.00514047,0.01998499,0.01998499,34510,106,0
5791.24131981,5791.24114907,2765.90997822,2765.91769081,0.04979200,495.99437930,0.01998499,0.01998499,34509,106,0
5791.40879729,5791.40898759,2773.49521483,2773.48660970,0.04062987,495.98257858,0.01998499,0.01998499,34508,106,0
5791.57608686,5791.57683584,2781.08916389,2781.05525903,0.05613236,495.96970319,0.01998499,0.01998499,34507,106,0
5791.74441763,5791.74469382,2788.69215878,2788.67964197,0.06046951,495.95564600,0.01998499,0.01998499,34506,106,0
5791.91305620,5791.91256153,2796.30441760,2796.32686248,0.03163728,495.94045081,0.01998500,0.01998499,34505,106,0
5792.08012451,5792.08043897,2803.92589729,2803.91161292,0.05280160,495.92429561,0.01998499,0.01998499,34504,106,0
5792.24828076,5792.24832615,2811.55651885,2811.55445474,0.03189512,495.90692453,0.01998499,0.01998499,34503,106,0
5792.41587545,5792.41622306,2819.19620273,2819.18037702,0.07307707,495.88849920,0.01998499,0.01998499,34502,106,0
5792.58464579,5792.58412970,2826.84487253,2826.86839508,0.07049186,495.86881897,0.01998500,0.01998499,34501,106,0
5792.75198195,5792.75204608,2834.50249199,2834.49956584,0.04517425,495.84818716,0.01998499,0.01998499,34500,106,0
5792.91942604,5792.91997219,2842.16904933,2842.14410127,0.04837229,495.82642330,0.01998499,0.01998499,34499,106,0
5793.08824525,5793.08790804,2849.84453303,2849.85995347,0.06038769,495.80334411,0.01998500,0.01998499,34498,106,0
5793.25546115,5793.25585363,2857.52893128,2857.51096337,0.03076224,495.77935544,0.01998499,0.01998499,34497,106,0
5793.42854847,5793.42380896,0.00000000,2865.43488521,0.18267043,495.75335280,0.01998501,0.01998499,34496,106,1
5793.59104701,5793.59177402,2872.92425667,2872.89090133,0.06710035,495.72780935,0.01998499,0.01998499,34495,106,0
5793.75968388,5793.75974883,2880.63497756,2880.63199463,0.02671494,495.70018510,0.01998500,0.01998499,34494,106,0
5793.92788777,5793.92773338,2888.35425974,2888.36135823,0.05885348,495.67148038,0.01998500,0.01998499,34493,106,0
5794.09476352,5794.09572767,2896.08202364,2896.03764938,0.03687452,495.64186278,0.01998499,0.01998499,34492,106,0
5794.26399124,5794.26373170,2903.81845930,2903.83041763,0.04638052,495.61066428,0.01998500,0.01998500,34491,106,0
5794.43176990,5794.43174548,2911.56390273,2911.56502942,0.02531588,495.57857133,0.01998500,0.01998500,34490,106,0
5794.59933696,5794.59976900,2919.31869369,2919.29874233,0.06792062,495.54535920,0.01998499,0.01998500,34489,106,0
5794.76700343,5794.76780226,2927.08317182,2927.04623703,0.04057544,495.51096202,0.01998499,0.01998500,34488,106,0
5794.93665382,5794.93584527,2934.85747715,2934.89490608,0.04406406,495.47496660,0.01998500,0.01998500,34487,106,0
5795.10466258,5795.10389803,2942.64140327,2942.67683645,0.05697157,495.43813542,0.01998500,0.01998500,34486,106,0
5795.27189101,5795.27196054,2950.43470801,2950.43148216,0.03638121,495.40030237,0.01998500,0.01998500,34485,106,0
5795.43936552,5795.44003279,2958.23714736,2958.20615380,0.05831071,495.36123820,0.01998499,0.01998500,34484,106,0
5795.60809677,5795.60811480,2966.04853672,2966.04769864,0.05560731,495.32068843,0.01998500,0.01998500,34483,106,0
5795.77636854,5795.77620655,2973.86904486,2973.87658573,0.04765220,495.27905236,0.01998500,0.01998500,34482,106,0
5795.94362968,5795.94430806,2981.69896934,2981.66735290,0.02560610,495.23647658,0.01998499,0.01998500,34481,106,0
5796.11220342,5796.11241932,2989.53861002,2989.52853597,0.05691183,495.19236078,0.01998499,0.01998500,34480,106,0
5796.28021505,5796.28054033,2997.38826132,2997.37306449,0.03347632,495.14718172,0.01998499,0.01998500,34479,106,0
5796.44879049,5796.44867109,3005.24803135,3005.25361648,0.07450987,495.10063169,0.01998500,0.01998500,34478,106,0
5796.61679429,5796.61681161,3013.11783205,3013.11702072,0.04894753,495.05302055,0.01998500,0.01998500,34477,106,0
5796.78503391,5796.78496189,3020.99756540,3021.00094262,0.03696600,495.00411948,0.01998500,0.01998500,34476,106,0
5796.95268016,5796.95312192,3028.88713268,3028.86639466,0.05099522,494.95416982,0.01998499,0.01998500,34475,106,0
5797.12063662,5797.12129171,3036.78649396,3036.75570448,0.05776492,494.90290153,0.01998499,0.01998500,34474,106,0
5797.28950922,5797.28947125,3044.69577953,3044.69756621,0.05962810,494.85011113,0.01998500,0.01998500,34473,106,0
5797.45857897,5797.45766056,3052.61515096,3052.65842187,0.05584931,494.79600565,0.01998500,0.01998500,34472,106,0
5797.62451512,5797.62585962,3060.54477096,3060.48134593,0.02492985,494.74167810,0.01998499,0.01998500,34471,106,0
5797.79423511,5797.79406845,3068.48475969,3068.49263130,0.05798100,494.68485119,0.01998500,0.01998500,34470,106,0
5797.96280522,5797.96228704,3076.43487685,3076.45938118,0.05976855,494.62714475,0.01998500,0.01998500,34469,106,0
5798.13032552,5798.13051538,3084.39470205,3084.38571322,0.03786221,494.56854801,0.01998500,0.01998500,34468,106,0
5798.29793462,5798.29875350,3092.36381040,3092.32500115,0.06754142,494.50867249,0.01998499,0.01998500,34467,106,0
5798.46679134,5798.46700137,3100.34178872,3100.33182439,0.02370151,494.44708850,0.01998500,0.01998500,34466,106,0
5798.63601708,5798.63525901,3108.32868020,3108.36468400,0.05641191,494.38409412,0.01998500,0.01998500,34465,106,0
5798.80304982,5798.80352642,3116.32506323,3116.30240070,0.05543669,494.32065517,0.01998500,0.01998500,34464,106,0
5798.97166471,5798.97180360,3124.33155067,3124.32493831,0.06168353,494.25533566,0.01998500,0.01998500,34463,106,0
5799.14074374,5799.14009054,3132.34875955,3132.37989883,0.06692373,494.18853572,0.01998500,0.01998500,34462,106,0
5799.30884556,5799.30838725,3140.37708107,3140.39895856,0.02547021,494.12082273,0.01998500,0.01998500,34461,106,0
5799.47669476,5799.47669372,3148.41630246,3148.41635180,0.06377531,494.05191607,0.01998500,0.01998500,34460,106,0
5799.64415645,5799.64500997,3156.46611056,3156.42526558,0.07709886,493.98187655,0.01998499,0.01998500,34459,106,0
5799.81312390,5799.81333599,3164.52618971,3164.51602814,0.04946427,493.90989757,0.01998500,0.01998500,34458,106,0
5799.98210188,5799.98167178,3172.59628281,3172.61691402,0.06285796,493.83659628,0.01998500,0.01998500,34457,106,0
5800.15053980,5800.15001734,3180.67649837,3180.70159053,0.03774725,493.76221231,0.01998500,0.01998500,34456,106,0
5800.31780299,5800.31837268,3188.76708276,3188.73968813,0.04395815,493.68703933,0.01998500,0.01998500,34455,106,0
5800.48714767,5800.48673779,3196.86828441,3196.88801888,0.05831086,493.60959626,0.01998500,0.01998500,34454,106,0
5800.65475640,5800.65511268,3204.98033667,3204.96316072,0.05992635,493.53161788,0.01998500,0.01998500,34453,106,0
5800.82246430,5800.82349734,3213.10323177,3213.05336654,0.06498673,493.45226522,0.01998499,0.01998500,34452,106,0
5800.99204637,5800.99189178,3221.23678038,3221.24425191,0.04071808,493.37067198,0.01998500,0.01998500,34451,106,0
5801.15963299,5801.16029599,3229.38078727,3229.34870535,0.05787979,493.28869876,0.01998500,0.01998500,34450,106,0
5801.32933300,5801.32870999,3237.53505997,3237.56524294,0.05471575,493.20433171,0.01998500,0.01998500,34449,106,0
5801.49645567,5801.49713376,3245.69959326,3245.66670192,0.07198812,493.11990396,0.01998500,0.01998500,34448,106,0
5801.66473456,5801.66556732,3253.87463939,3253.83419564,0.06479638,493.03353932,0.01998499,0.01998500,34447,106,0
5801.83437490,5801.83401065,3262.06047103,3262.07818361,0.04954420,492.94509431,0.01998500,0.01998500,34446,106,0
5802.00301581,5802.00246377,3270.25736268,3270.28424266,0.05134173,492.85578754,0.01998500,0.01998500,34445,106,0
5802.17113490,5802.17092667,3278.46550422,3278.47565685,0.05577538,492.76537774,0.01998500,0.01998500,34444,106,0
5802.33839402,5802.33939935,3286.68487921,3286.63579988,0.05267734,492.67405897,0.01998499,0.01998500,34443,106,0
5802.50823338,5802.50788182,3294.91544059,3294.93262582,0.03734457,492.57992722,0.01998500,0.01998500,34442,106,0
5802.67652730,5802.67637407,3303.15714083,3303.16464058,0.04488103,492.48525181,0.01998500,0.01998500,34441,106,0
5802.84560310,5802.84487611,3311.40993537,3311.44556447,0.07293547,492.38872852,0.01998500,0.01998500,34440,106,0
5803.01377182,5803.01338794,3319.67379307,3319.69263091,0.05722295,492.29131853,0.01998500,0.01998500,34439,106,0
5803.18176867,5803.18190955,3327.94868605,3327.94176366,0.03860998,492.19260489,0.01998500,0.01998500,34438,106,0
5803.35008363,5803.35044096,3336.23458611,3336.21700690,0.03492455,492.09229327,0.01998500,0.01998500,34437,106,0
5803.51863635,5803.51898215,3344.53149654,3344.51446259,0.06856179,491.99041957,0.01998500,0.01998500,34436,106,0
5803.68756280,5803.68753313,3352.83963267,3352.84109628,0.04608053,491.88688621,0.01998500,0.01998500,34435,106,0
5803.85602223,5803.85609391,3361.15929839,3361.15575820,0.04735924,491.78220075,0.01998500,0.01998500,34434,106,0
5804.02523455,5804.02466447,3369.49080026,3369.51899576,0.06580468,491.67559222,0.01998500,0.01998500,34433,106,0
5804.19375163,5804.19324483,3377.83441604,3377.85951662,0.06521694,491.56796326,0.01998500,0.01998500,34432,106,0
5804.36127278,5804.36183498,3386.19009847,3386.16221545,0.05586776,491.45952297,0.01998500,0.01998500,34431,106,0
5804.53071254,5804.53043493,3394.55760440,3394.57139111,0.06098941,491.34837047,0.01998500,0.01998500,34430,106,0
5804.69868858,5804.69904468,3402.93668595,3402.91897801,0.02652580,491.23671661,0.01998500,0.01998500,34429,106,0
5804.86721758,5804.86766421,3411.32710585,3411.30486739,0.04060139,491.12323073,0.01998500,0.01998500,34428,106,0
5805.03628024,5805.03629355,3419.72882860,3419.72816467,0.05062117,491.00790698,0.01998500,0.01998500,34427,106,0
5805.20403598,5805.20493269,3428.14198264,3428.09721832,0.04613563,490.89200410,0.01998500,0.01998500,34426,106,0
5805.37295746,5805.37358162,3436.56670208,3436.53550194,0.07110894,490.77380847,0.01998500,0.01998500,34425,106,0
5805.54221692,5805.54224036,3445.00312278,3445.00194967,0.04390992,490.65387211,0.01998500,0.01998500,34424,106,0
5805.71034673,5805.71090889,3453.45139809,3453.42322139,0.06301091,490.53323794,0.01998500,0.01998500,34423,106,0
5805.88036110,5805.87958723,3461.91169932,3461.95054079,0.01296331,490.40972509,0.01998500,0.01998500,34422,106,0
5806.04866096,5806.04827537,3470.38419993,3470.40358026,0.06642773,490.28593784,0.01998500,0.01998500,34421,106,0
5806.21790514,5806.21697331,3478.86907032,3478.91597132,0.04022272,490.15992279,0.01998500,0.01998500,34420,106,0
5806.38554061,5806.38568105,3487.36633459,3487.35925581,0.06978082,490.03358386,0.01998500,0.01998500,34419,106,0
5806.55510441,5806.55439860,3495.87583803,3495.91146081,0.04161876,489.90424758,0.01998500,0.01998500,34418,106,0
5806.72319939,5806.72312596,3504.39741378,3504.40112503,0.04132796,489.77449580,0.01998500,0.01998500,34417,106,0
5806.89120401,5806.89186312,3512.93089341,3512.89753841,0.04490185,489.64328286,0.01998500,0.01998500,34416,106,0
5807.06044926,5807.06061010,3521.47610503,3521.46795538,0.06142150,489.50955065,0.01998500,0.01998500,34415,106,0
5807.22982128,5807.22936688,3530.03287255,3530.05592778,0.06262327,489.37415782,0.01998500,0.01998500,34414,106,0
5807.39771516,5807.39813346,3538.60101809,3538.57976765,0.05707054,489.23840339,0.01998500,0.01998500,34413,106,0
5807.56751914,5807.56690986,3547.18037120,3547.21136190,0.04083276,489.09953919,0.01998500,0.01998500,34412,106,0
5807.73502404,5807.73569607,3555.77119958,3555.73697166,0.06139871,488.96100332,0.01998500,0.01998500,34411,106,0
5807.90425238,5807.90449209,3564.37440153,3564.36217475,0.06285584,488.81945676,0.01998500,0.01998500,34410,106,0
5808.07361528,5808.07329793,3572.99093142,3573.00714274,0.02572752,488.67618051,0.01998500,0.01998500,34409,106,0
5808.24238265,5808.24211358,3581.62173532,3581.63550340,0.05498241,488.53177653,0.01998500,0.01998500,34408,106,0
5808.41086872,5808.41093904,3590.26698308,3590.26337918,0.03777692,488.38597910,0.01998500,0.01998500,34407,106,0
5808.58038019,5808.57977432,3598.92573575,3598.95683027,0.06018955,488.23765593,0.01998500,0.01998500,34406,106,0
5808.74719781,5808.74861941,0.00000000,3607.53432439,0.05743218,488.08991645,0.01998500,0.01998500,34405,106,1
5808.91727644,5808.91747432,3616.27964485,3616.26946355,0.04525173,487.93803782,0.01998500,0.01998500,34404,106,0
5809.08635726,5809.08633905,3624.97372242,3624.97466060,0.02843091,487.78525028,0.01998500,0.01998500,34403,106,0
5809.25515807,5809.25521360,3633.68040170,3633.67753696,0.03637216,487.63107691,0.01998500,0.01998500,34402,106,0
5809.42365768,5809.42409796,3642.40098717,3642.37823378,0.06020053,487.47551624,0.01998500,0.01998500,34401,106,0
5809.59303724,5809.59299215,3651.13675871,3651.13909276,0.04073384,487.31743929,0.01998500,0.01998500,34400,106,0
5809.76347212,5809.76189616,0.00000000,3659.98456360,0.05847996,487.15636895,0.01998501,0.01998500,34399,106,1
5809.93155449,5809.93080999,3668.65338444,3668.69204791,0.05268430,486.99637174,0.01998500,0.01998500,34398,106,0
5810.10003670,5810.09973364,3677.43202699,3677.44778712,0.05502742,486.83404770,0.01998500,0.01998500,34397,106,0
5810.26776135,5810.26866712,3686.22273260,3686.17556950,0.07664111,486.67080464,0.01998500,0.01998500,34396,106,0
5810.43831072,5810.43761042,3695.02540056,3695.06191396,0.05549517,486.50312141,0.01998500,0.01998500,34395,106,0
5810.60608473,5810.60656355,3703.84089914,3703.81589761,0.07620892,486.33648107,0.01998500,0.01998500,34394,106,0
5810.77618964,5810.77552650,3712.67014300,3712.70482286,0.05433817,486.16579454,0.01998500,0.01998500,34393,106,0
5810.94498148,5810.94449929,3721.51399460,3721.53925287,0.05992980,485.99467926,0.01998500,0.01998500,34392,106,0
5811.11399700,5811.11348189,3730.37247133,3730.39949521,0.07422954,485.82158684,0.01998500,0.01998500,34391,106,0
5811.28288182,5811.28247433,3739.24495998,3739.26636997,0.03340122,485.64688376,0.01998500,0.01998500,34390,106,0
5811.45209049,5811.45147660,3748.13082673,3748.16312685,0.05285140,485.47010271,0.01998500,0.01998500,34389,106,0
5811.62262238,5811.62048870,0.00000000,3757.13445271,0.02879797,485.29032932,0.01998501,0.01998500,34388,106,1
5811.78899231,5811.78951063,3765.94097210,3765.91362492,0.05027463,485.11293781,0.01998500,0.01998500,34387,106,0
5811.95979158,5811.95854239,0.00000000,3774.92402275,0.03822997,484.92936345,0.01998501,0.01998500,34386,106,1
5812.12698148,5812.12758399,3783.80362519,3783.77174449,0.08012930,484.74761414,0.01998500,0.01998500,34385,106,0
5812.29763827,5812.29663542,3792.75542888,3792.80857263,0.03951270,484.56045680,0.01998500,0.01998500,34384,106,0
5812.46428376,5812.46569669,3801.72114717,3801.64616062,0.08957896,484.37593674,0.01998500,0.01998500,34383,106,0
5812.63329343,5812.63476779,0.00000000,3810.62009751,0.04974328,484.18706301,0.01998500,0.01998500,34382,106,1
5812.80423178,5812.80384872,3819.69477889,3819.71517004,0.06503904,483.99409041,0.01998500,0.01998500,34381,106,0
5812.97445588,5812.97293950,0.00000000,3828.78487620,0.04837265,483.80010270,0.01998501,0.01998500,34380,106,1
5813.14139960,5813.14204011,3837.72523211,3837.69103197,0.06329441,483.60810356,0.01998500,0.01998500,34379,106,0
5813.31068729,5813.31115057,3846.76176921,3846.73699479,0.03756278,483.41155915,0.01998500,0.01998500,34378,106,0
5813.47987772,5813.48027086,3855.81248087,3855.79142551,0.05566333,483.21328526,0.01998500,0.01998500,34377,106,0
5813.64799722,5813.64940100,0.00000000,3864.81304308,0.06717166,483.01419199,0.01998500,0.01998500,34376,106,1
5813.81783083,5813.81854097,3873.95761249,3873.91945843,0.07606824,482.81167041,0.01998500,0.01998500,34375,106,0
5813.98743522,5813.98769079,3883.05332993,3883.03957521,0.06121925,482.60727625,0.01998500,0.01998500,34374,106,0
5814.15735373,5814.15685045,3892.16536781,3892.19250151,0.06972329,482.40056916,0.01998500,0.01998500,34373,106,0
5814.32495271,5814.32601996,3901.29368380,3901.23604774,0.06388987,482.19477993,0.01998500,0.01998500,34372,106,0
5814.49587282,5814.49519931,3910.43742413,3910.47385407,0.07681890,481.98297704,0.01998500,0.01998500,34371,106,0
5814.66455443,5814.66438851,3919.59568214,3919.60466995,0.05207595,481.77204484,0.01998500,0.01998500,34370,106,0
5814.83318606,5814.83358756,3928.76766357,3928.74588360,0.03871354,481.55929649,0.01998500,0.01998500,34369,106,0
5815.00208259,5815.00279645,3937.95388872,3937.91510326,0.06212408,481.34431213,0.01998500,0.01998500,34368,106,0
5815.17294014,5815.17201519,3947.15569563,3947.20603608,0.07891951,481.12485556,0.01998500,0.01998500,34367,106,0
5815.34174328,5815.34124379,3956.37444735,3956.40168295,0.03972506,480.90604542,0.01998500,0.01998500,34366,106,0
5815.51221791,5815.51048223,0.00000000,3965.71384774,0.09464409,480.68283613,0.01998501,0.01998500,34365,106,1
5815.68096802,5815.67973052,0.00000000,3974.93539477,0.04965195,480.46018578,0.01998501,0.01998500,34364,106,1
5815.84868127,5815.84898867,3984.13256481,3984.11572047,0.09374948,480.23693609,0.01998500,0.01998500,34363,106,0
5816.01926497,5816.01825667,3993.41377918,3993.46909997,0.04999410,480.00784159,0.01998501,0.01998500,34362,106,0
5816.18826398,5816.18753452,4002.70739172,4002.74746820,0.06444618,479.77895235,0.01998500,0.01998500,34361,106,0
5816.35715742,5816.35682223,4012.01527284,4012.03371747,0.06779816,479.54824105,0.01998500,0.01998500,34360,106,0
5816.52767356,5816.52611979,0.00000000,4021.43121694,0.06774581,479.31310797,0.01998501,0.01998500,34359,106,1
5816.69489672,5816.69542721,4030.68256908,4030.65326523,0.06695808,479.08074342,0.01998500,0.01998500,34358,106,0
5816.86596373,5816.86474449,0.00000000,4040.11507402,0.05336802,478.84066828,0.01998501,0.01998500,34357,106,1
5817.03513983,5817.03407163,4049.42346464,4049.48268270,0.07592584,478.60131746,0.01998501,0.01998500,34356,106,0
5817.20296310,5817.20340862,4058.81832166,4058.79358558,0.06695174,478.36177295,0.01998500,0.01998500,34355,106,0
5817.37361612,5817.37275548,4068.22756944,4068.27542358,0.07871180,478.11614763,0.01998501,0.01998500,34354,106,0
5817.54406970,5817.54211219,0.00000000,4077.75451585,0.07627916,477.86889563,0.01998501,0.01998500,34353,106,1
5817.71147249,5817.71147877,4087.09040850,4087.09005794,0.07132116,477.62372867,0.01998500,0.01998500,34352,106,0
nan,nan,0.00000000,-1.00000000,0.00000000,477.41471157,nan,0.00000000,-2147483648,106,1
nan,nan,0.00000000,-1.00000000,0.00000000,470.48873307,nan,0.00000000,-2147483648,105,1
5772.99086912,nan,0.00000000,13.23659872,0.28516469,471.00524182,0.01998494,0.01998499,34618,105,1
5772.99086912,nan,0.00000000,13.23659872,0.28516469,471.00524182,0.01998494,0.01998499,34618,105,1
5773.17843051,5773.17167224,0.00000000,19.30994698,0.02075364,471.31075301,0.01998501,0.01998499,34617,105,1
nan,nan,0.00000000,-1.00000000,0.00000000,471.54620446,nan,0.00000000,-2147483648,105,1
5773.51515064,nan,0.00000000,30.22213575,0.21851093,471.85793109,0.01998502,0.01998499,34615,105,1
5773.66447046,5773.67207938,0.00000000,35.06489332,0.14976260,472.10004719,0.01998496,0.01998499,34614,105,1
5773.84216358,5773.83890104,0.00000000,40.83083051,0.10104934,472.38774254,0.01998500,0.01998499,34613,105,1
5773.98805187,nan,0.00000000,45.56715772,0.35518090,472.62359676,0.01998493,0.01998499,34612,105,1
nan,nan,0.00000000,-1.00000000,0.00000000,472.89361542,nan,0.00000000,-2147483648,105,1
5774.36589664,nan,0.00000000,57.84422258,0.24055013,473.23299073,0.01998508,0.01998499,34610,105,1
5774.36589664,nan,0.00000000,57.84422258,0.24055013,473.23299073,0.01998508,0.01998499,34610,105,1
5774.36589664,nan,0.00000000,57.84422258,0.24055013,473.23299073,0.01998508,0.01998499,34610,105,1
5774.67474951,5774.67315395,0.00000000,67.89050903,0.25599747,473.72954597,0.01998499,0.01998499,34608,105,1
5774.84853182,nan,0.00000000,73.54759073,0.05622096,474.00832130,0.01998502,0.01998499,34607,105,1
5775.01239058,5775.00692263,0.00000000,78.88450086,0.06521657,474.27076688,0.01998501,0.01998499,34606,105,1
5775.17047710,5775.17382143,0.00000000,84.03604969,0.14915144,474.52358888,0.01998498,0.01998499,34605,105,1
5775.33190051,nan,0.00000000,89.29901848,0.21706169,474.78136337,0.01998496,0.01998499,34604,105,1
5775.49860484,nan,0.00000000,94.73701280,0.18649670,475.04716297,0.01998496,0.01998499,34603,105,1
5775.66751849,5775.67457574,0.00000000,100.25003365,0.09069254,475.31606177,0.01998497,0.01998499,34602,105,1
5775.83370032,5775.84151314,0.00000000,105.67680379,0.11316760,475.58019518,0.01998496,0.01998499,34601,105,1
nan,nan,0.00000000,-1.00000000,0.00000000,475.93575367,nan,0.00000000,-2147483648,105,1
5776.19769929,nan,0.00000000,117.57352492,0.27578998,476.15729729,0.01998507,0.01998499,34599,105,1
5776.19769929,nan,0.00000000,117.57352492,0.27578998,476.15729729,0.01998507,0.01998499,34599,105,1
5776.51148720,5776.50935926,0.00000000,127.84035449,0.09214369,476.65319392,0.01998500,0.01998499,34597,105,1
5776.68396536,5776.67634492,0.00000000,133.48808941,0.01775804,476.92513888,0.01998502,0.01998499,34596,105,1
5776.68396536,5776.67634492,0.00000000,133.48808941,0.01775804,476.92513888,0.01998502,0.01998499,34596,105,1
5777.00925847,5777.01034522,144.16939695,144.13376212,0.06425338,477.43610875,0.01998498,0.01998499,34594,105,0
5777.17645628,5777.17735985,149.64736668,149.61772256,0.04137233,477.69849531,0.01998499,0.01998499,34593,105,0
5777.33993369,5777.34438414,0.00000000,154.99629470,0.08632076,477.95528991,0.01998497,0.01998499,34592,105,1
5777.50740618,5777.51141808,0.00000000,160.49478696,0.08224977,478.21724745,0.01998498,0.01998499,34591,105,1
5777.67687924,5777.67846169,166.10036660,166.04836936,0.06914187,478.48125230,0.01998498,0.01998499,34590,105,0
5777.83961940,5777.84551495,0.00000000,171.41093498,0.21289086,478.73562606,0.01998497,0.01998499,34589,105,1
5778.00800855,5778.01257788,0.00000000,176.94851683,0.13201091,478.99773405,0.01998497,0.01998499,34588,105,1
5778.18269723,5778.17965047,0.00000000,182.69647404,0.05884902,479.26918955,0.01998500,0.01998499,34587,105,1
5778.35051776,5778.34673272,0.00000000,188.22152718,0.12907774,479.52953233,0.01998500,0.01998499,34586,105,1
5778.51469851,5778.51382463,193.58444775,193.61323774,0.04393881,479.78303840,0.01998499,0.01998499,34585,105,0
5778.67352392,5778.68092621,0.00000000,198.86419422,0.22285629,480.02940098,0.01998496,0.01998499,34584,105,1
5778.84881317,5778.84803745,204.60155201,204.62713826,0.05374590,480.29918791,0.01998499,0.01998499,34583,105,0
5779.01460032,5779.01515836,210.11558995,210.09717222,0.21916714,480.55468469,0.01998499,0.01998499,34582,105,0
5779.18140433,5779.18228894,215.63330698,215.60409359,0.01221557,480.81133598,0.01998499,0.01998499,34581,105,0
5779.34826991,5779.34942918,221.15458703,221.11628095,0.13063275,481.06766151,0.01998498,0.01998499,34580,105,0
5779.51068099,5779.51657909,0.00000000,226.50003426,0.04010778,481.31746303,0.01998497,0.01998499,34579,105,1
5779.68093767,5779.68373867,0.00000000,232.12978761,0.10980485,481.57809570,0.01998498,0.01998499,34578,105,1
5779.85262729,5779.85090792,237.73860878,237.79551335,0.12153896,481.83979196,0.01998500,0.01998499,34577,105,0
5780.01979975,5780.01808684,243.27294376,243.32966233,0.02627125,482.09482796,0.01998500,0.01998499,34576,105,0
5780.18750847,5780.18527544,0.00000000,248.89892399,0.12933633,482.35090065,0.01998500,0.01998499,34575,105,1
5780.35304958,5780.35247370,254.35083870,254.36992681,0.02214175,482.60188749,0.01998499,0.01998499,34574,105,0
5780.51588721,5780.51968164,0.00000000,259.78435829,0.09296659,482.84972490,0.01998498,0.01998499,34573,105,1
5780.68990692,5780.68689926,0.00000000,265.55775265,0.13264169,483.11338599,0.01998500,0.01998499,34572,105,1
5780.85236834,5780.85412655,270.99210503,270.93373170,0.09446110,483.35833424,0.01998498,0.01998499,34571,105,0
5781.02294663,5781.02136351,276.54608518,276.59867654,0.14717723,483.61586071,0.01998499,0.01998499,34570,105,0
5781.19378352,5781.18861015,0.00000000,282.29356673,0.07076581,483.87414026,0.01998501,0.01998499,34569,105,1
5781.35725124,5781.35586647,287.66478579,287.71084185,0.06483277,484.11926320,0.01998499,0.01998499,34568,105,0
5781.52296198,5781.52313247,293.22950405,293.22383036,0.07801090,484.36815051,0.01998499,0.01998499,34567,105,0
5781.68796165,5781.69040815,0.00000000,298.73461347,0.08262474,484.61636712,0.01998498,0.01998499,34566,105,1
5781.85706792,5781.85769350,304.36964460,304.34880202,0.08992731,484.86865414,0.01998499,0.01998499,34565,105,0
5782.02583833,5782.02498854,309.94505407,309.97338297,0.13792761,485.12081390,0.01998499,0.01998499,34564,105,0
5782.18809874,5782.19229326,0.00000000,315.40164922,0.13129132,485.36360850,0.01998498,0.01998499,34563,105,1
5782.36190337,5782.35960767,321.10654282,321.18316261,0.07154604,485.62159382,0.01998500,0.01998499,34562,105,0
5782.52685581,5782.52693175,326.69264301,326.69010700,0.08856133,485.86674281,0.01998499,0.01998499,34561,105,0
5782.69396328,5782.69426552,332.28233001,332.27223080,0.07357699,486.11465663,0.01998499,0.01998499,34560,105,0
5782.86302917,5782.86160898,337.87561608,337.92309844,0.14813893,486.36502681,0.01998500,0.01998499,34559,105,0
5783.02902064,5783.02896212,343.47251352,343.47447110,0.10848940,486.61040415,0.01998499,0.01998499,34558,105,0
5783.19698479,5783.19632495,349.07302914,349.09511623,0.08311735,486.85825316,0.01998499,0.01998499,34557,105,0
5783.36063554,5783.36369747,0.00000000,354.58663064,0.06042796,487.09983440,0.01998498,0.01998499,34556,105,1
5783.53142371,5783.53107967,360.28476779,360.29629708,0.11491346,487.35041137,0.01998499,0.01998499,34555,105,0
5783.69575217,5783.69847157,0.00000000,365.81450399,0.06867631,487.59200350,0.01998498,0.01998499,34554,105,1
5783.87417511,5783.86587315,0.00000000,371.79767606,0.17602213,487.85330541,0.01998502,0.01998499,34553,105,1
5784.03369465,5784.03328443,377.12839554,377.14216539,0.10654295,488.08614523,0.01998499,0.01998499,34552,105,0
5784.20296087,5784.20070539,0.00000000,382.83259666,0.06209579,488.33346628,0.01998500,0.01998499,34551,105,1
5784.37027728,5784.36813606,0.00000000,388.45293655,0.06604067,488.57714349,0.01998500,0.01998499,34550,105,1
5784.54386083,5784.53557641,0.00000000,394.28719707,0.07304911,488.82946741,0.01998502,0.01998499,34549,105,1
5784.70358948,5784.70302646,399.63394841,399.65288899,0.02500863,489.06096155,0.01998499,0.01998499,34548,105,0
5784.87107925,5784.87048620,405.26904492,405.28900690,0.03887403,489.30354002,0.01998499,0.01998499,34547,105,0
5785.03666734,5785.03795564,410.90774831,410.86435857,0.10567061,489.54291565,0.01998499,0.01998499,34546,105,0
5785.20459801,5785.20543478,416.55011857,416.52191945,0.06013004,489.78522365,0.01998499,0.01998499,34545,105,0
5785.37510216,5785.37292362,0.00000000,422.27398969,0.05535343,490.03096263,0.01998500,0.01998499,34544,105,1
5785.54099293,5785.54042215,427.84591908,427.86517731,0.09411923,490.26923237,0.01998499,0.01998499,34543,105,0
5785.70896089,5785.70793038,433.49933103,433.53412117,0.05354954,490.51021584,0.01998500,0.01998499,34542,105,0
5785.87284539,5785.87544832,0.00000000,439.07074122,0.05362260,490.74499128,0.01998498,0.01998499,34541,105,1
5786.04109339,5786.04297595,444.81712991,444.75349993,0.05431741,490.98536445,0.01998499,0.01998499,34540,105,0
5786.20931343,5786.21051329,450.48149758,450.44091899,0.06899420,491.22532706,0.01998499,0.01998499,34539,105,0
nan,nan,0.00000000,-1.00000000,0.00000000,491.50131187,nan,0.00000000,-2147483648,105,1
5786.54491161,5786.54561707,461.82115138,461.79726512,0.07045002,491.70265326,0.01998499,0.01998499,34537,105,0
5786.71099818,5786.71318352,0.00000000,467.42041856,0.03691896,491.93810660,0.01998499,0.01998499,34536,105,1
5786.88026133,5786.88075968,473.17538124,473.15848796,0.06282914,492.17775915,0.01998499,0.01998499,34535,105,0
5787.04785708,5787.04834554,478.85796928,478.84140165,0.02755350,492.41449823,0.01998499,0.01998499,34534,105,0
5787.21574714,5787.21594110,484.54420895,484.53762620,0.11080489,492.65118276,0.01998499,0.01998499,34533,105,0
5787.38570097,5787.38354638,0.00000000,490.30175796,0.03939451,492.89006822,0.01998500,0.01998499,34532,105,1
5787.54967191,5787.55116136,495.92748749,495.87688082,0.05060216,493.12052651,0.01998499,0.01998499,34531,105,0
5787.71812549,5787.71878606,501.62438796,501.60193169,0.10229474,493.35657451,0.01998499,0.01998499,34530,105,0
5787.88884499,5787.88642046,0.00000000,507.40020599,0.05095654,493.59501378,0.01998500,0.01998499,34529,105,1
5788.05445193,5788.05406458,513.02835731,513.04153935,0.07367919,493.82639293,0.01998500,0.01998499,34528,105,0
5788.22191041,5788.22171841,518.73528635,518.74182382,0.03769424,494.05958253,0.01998499,0.01998499,34527,105,0
5788.38846936,5788.38938195,524.44553321,524.41444410,0.06498524,494.29103432,0.01998499,0.01998499,34526,105,0
5788.55751165,5788.55705520,530.15929759,530.17485649,0.05372402,494.52544940,0.01998500,0.01998499,34525,105,0
5788.72242067,5788.72473817,0.00000000,535.79451053,0.04436585,494.75353562,0.01998499,0.01998499,34524,105,1
5788.89184204,5788.89243086,541.59822635,541.57813031,0.03499239,494.98765715,0.01998499,0.01998499,34523,105,0
5789.06279209,5789.06013326,0.00000000,547.41275481,0.07572696,495.22320651,0.01998500,0.01998499,34522,105,1
5789.23054431,5789.22784538,0.00000000,553.14397646,0.08934230,495.45395867,0.01998500,0.01998499,34521,105,1
5789.39483294,5789.39556722,558.78812088,558.76300781,0.10645001,495.67959464,0.01998499,0.01998499,34520,105,0
5789.56259676,5789.56329877,564.52663127,564.50260620,0.04869003,495.90945961,0.01998499,0.01998499,34519,105,0
5789.73024917,5789.73104005,570.26905027,570.24196731,0.04671377,496.13869617,0.01998499,0.01998499,34518,105,0
5789.89915181,5789.89879105,576.01512407,576.02748483,0.05649142,496.36914992,0.01998500,0.01998499,34517,105,0
5790.06741903,5790.06655176,581.76459782,581.79432810,0.07621212,496.59823399,0.01998500,0.01998499,34516,105,0
5790.23651740,5790.23432221,0.00000000,587.58480815,0.08245438,496.82762836,0.01998500,0.01998499,34515,105,1
5790.40166735,5790.40210237,593.27293975,593.25801266,0.04323012,497.05176586,0.01998499,0.01998499,34514,105,0
5790.57129512,5790.56989226,599.03198596,599.08014959,0.06212656,497.28115872,0.01998500,0.01998499,34513,105,0
5790.73545245,5790.73769187,0.00000000,604.71257408,0.05297371,497.50247086,0.01998499,0.01998499,34512,105,1
5790.90340557,5790.90550121,0.00000000,610.48509366,0.01911776,497.72866929,0.01998499,0.01998499,34511,105,1
5791.07187003,5791.07332027,616.33159680,616.28171275,0.06795602,497.95518216,0.01998499,0.01998499,34510,105,0
5791.23821099,5791.24114907,0.00000000,622.00273106,0.04147327,498.17812188,0.01998498,0.01998499,34509,105,1
5791.41164444,5791.40898759,0.00000000,627.97449180,0.06881889,498.41017680,0.01998500,0.01998499,34508,105,1
5791.57680229,5791.57683584,633.66913858,633.66798231,0.06714343,498.63079468,0.01998499,0.01998499,34507,105,0
5791.74276570,5791.74469382,639.45653104,639.39003367,0.02505684,498.85190575,0.01998499,0.01998499,34506,105,0
5791.91211061,5791.91256153,645.24766768,645.23210740,0.04262679,499.07702018,0.01998499,0.01998499,34505,105,0
5792.08003441,5792.08043897,651.04232846,651.02836043,0.07792467,499.29973540,0.01998499,0.01998499,34504,105,0
5792.24802107,5792.24832615,656.84030018,656.82976175,0.06968429,499.52201652,0.01998499,0.01998499,34503,105,0
5792.41433477,5792.41622306,662.64158377,662.57632097,0.02768114,499.74157310,0.01998499,0.01998499,34502,105,0
5792.58403031,5792.58412970,668.44641856,668.44298161,0.08019555,499.96507848,0.01998499,0.01998499,34501,105,0
5792.75373198,5792.75204608,674.25505726,674.31339507,0.07034189,500.18807974,0.01998500,0.01998499,34500,105,0
5792.92230332,5792.91997219,0.00000000,680.14975250,0.04502142,500.40914562,0.01998500,0.01998499,34499,105,1
5793.08619859,5793.08790804,685.88476223,685.82552873,0.05185193,500.62351546,0.01998499,0.01998499,34498,105,0
5793.25532195,5793.25585363,691.70632594,691.68788947,0.04034851,500.84429724,0.01998499,0.01998499,34497,105,0
5793.42318915,5793.42380896,697.53243753,697.51092999,0.08607339,501.06295916,0.01998499,0.01998499,34496,105,0
5793.59129550,5793.59177402,703.36286322,703.34624734,0.02318759,501.28144321,0.01998499,0.01998499,34495,105,0
5793.75926243,5793.75974883,709.19736015,709.18046012,0.06509709,501.49924656,0.01998499,0.01998499,34494,105,0
5793.92534322,5793.92773338,0.00000000,714.95247815,0.07953150,501.71409894,0.01998499,0.01998499,34493,105,1
5794.09409606,5794.09572767,720.87759132,720.82083809,0.05805417,501.93189599,0.01998499,0.01998499,34492,105,0
5794.26347481,5794.26373170,726.72285488,726.71391467,0.07234046,502.14995950,0.01998499,0.01998500,34491,105,0
5794.43334799,5794.43174548,732.57150346,732.62730311,0.04120936,502.36811902,0.01998500,0.01998500,34490,105,0
5794.59902595,5794.59976900,738.42374152,738.39785371,0.08292091,502.58037578,0.01998499,0.01998500,34489,105,0
5794.76840685,5794.76780226,744.27977786,744.30085441,0.06037374,502.79685735,0.01998500,0.01998500,34488,105,0
5794.93469883,5794.93584527,750.13982210,750.09983019,0.05078088,503.00888680,0.01998499,0.01998500,34487,105,0
5795.10283927,5795.10389803,756.00408474,755.96712638,0.04276563,503.22277154,0.01998499,0.01998500,34486,105,0
5795.27265927,5795.27196054,761.87275384,761.89716173,0.04002523,503.43828645,0.01998500,0.01998500,34485,105,0
5795.44258622,5795.44003279,0.00000000,767.84269689,0.06007733,503.65370170,0.01998500,0.01998500,34484,105,1
5795.60798953,5795.60811480,773.62320703,773.61882543,0.06803613,503.86234338,0.01998499,0.01998500,34483,105,0
5795.77662709,5795.77620655,779.50479689,779.51951656,0.10335109,504.07483748,0.01998500,0.01998500,34482,105,0
5795.94384901,5795.94430806,785.39049832,785.37442058,0.01321513,504.28503647,0.01998499,0.01998500,34481,105,0
5796.11315113,5796.11241932,791.28021288,791.30585956,0.05501684,504.49732677,0.01998500,0.01998500,34480,105,0
5796.28162186,5796.28054033,797.17386098,797.21178684,0.03678495,504.70804760,0.01998500,0.01998500,34479,105,0
5796.44929055,5796.44867109,803.07146207,803.09319793,0.02821624,504.91724279,0.01998500,0.01998500,34478,105,0
5796.61728643,5796.61681161,808.97306747,808.98973860,0.08199848,505.12632409,0.01998500,0.01998500,34477,105,0
5796.78497200,5796.78496189,814.87872875,814.87908422,0.06100220,505.33449858,0.01998500,0.01998500,34476,105,0
5796.95498875,5796.95312192,820.78849766,820.85412651,0.05083420,505.54503669,0.01998500,0.01998500,34475,105,0
5797.12040920,5797.12129171,826.70242618,826.67138154,0.06787554,505.74937092,0.01998499,0.01998500,34474,105,0
5797.29023106,5797.28947125,832.62055382,832.64729971,0.05091596,505.95861664,0.01998500,0.01998500,34473,105,0
5797.45749575,5797.45766056,838.54288148,838.53707643,0.03215151,506.16419003,0.01998499,0.01998500,34472,105,0
5797.62645668,5797.62585962,844.46940264,844.49044694,0.07340875,506.37132113,0.01998500,0.01998500,34471,105,0
5797.79449454,5797.79406845,850.40011076,850.41513882,0.01786866,506.57679377,0.01998500,0.01998500,34470,105,0
5797.96231432,5797.96228704,856.33499928,856.33596204,0.08169630,506.78147381,0.01998500,0.01998500,34469,105,0
5798.13084525,5798.13051538,862.27406206,862.28571136,0.07828348,506.98649079,0.01998500,0.01998500,34468,105,0
5798.29844433,5798.29875350,868.21733594,868.20641035,0.05982751,507.18984697,0.01998499,0.01998500,34467,105,0
5798.46713729,5798.46700137,874.16493351,874.16973987,0.06678496,507.39400209,0.01998500,0.01998500,34466,105,0
5798.63441705,5798.63525901,880.11697556,880.08718113,0.03514476,507.59592624,0.01998499,0.01998500,34465,105,0
5798.80113393,5798.80352642,0.00000000,885.99893935,0.04490969,507.79700000,0.01998499,0.01998500,34464,105,1
5798.97218941,5798.97180360,892.03487868,892.04855150,0.03683194,508.00208325,0.01998500,0.01998500,34463,105,0
5799.14037239,5799.14009054,898.00097572,898.01097177,0.03125098,508.20353835,0.01998500,0.01998500,34462,105,0
5799.30751246,5799.30838725,903.97180826,903.94076174,0.06740073,508.40322901,0.01998499,0.01998500,34461,105,0
5799.47696377,5799.47669372,909.94713166,909.95672230,0.05221059,508.60514694,0.01998500,0.01998500,34460,105,0
5799.64527697,5799.64500997,915.92669272,915.93618102,0.02474359,508.80516645,0.01998500,0.01998500,34459,105,0
5799.81598816,5799.81333599,0.00000000,922.00193442,0.04072756,509.00738680,0.01998501,0.01998500,34458,105,1
5799.98034723,5799.98167178,927.89750960,927.85038620,0.04768860,509.20170868,0.01998499,0.01998500,34457,105,0
5800.15210634,5800.15001734,0.00000000,933.95733323,0.03294745,509.40393407,0.01998500,0.01998500,34456,105,1
5800.31877380,5800.31837268,939.88268202,939.89696831,0.03866896,509.59994747,0.01998500,0.01998500,34455,105,0
5800.48734733,5800.48673779,945.88095265,945.90267510,0.07209889,509.79746793,0.01998500,0.01998500,34454,105,0
5800.65283360,5800.65511268,0.00000000,951.79679169,0.04497388,509.99065998,0.01998499,0.01998500,34453,105,1
5800.82520254,5800.82349734,957.89021732,957.95106922,0.03780821,510.19168339,0.01998500,0.01998500,34452,105,0
5800.99129762,5800.99189178,963.90175721,963.88053823,0.05562924,510.38469115,0.01998500,0.01998500,34451,105,0
5801.16041053,5801.16029599,969.91818320,969.92227652,0.05143893,510.58067449,0.01998500,0.01998500,34450,105,0
5801.32874055,5801.32870999,975.93936330,975.94045628,0.04355125,510.77521242,0.01998500,0.01998500,34449,105,0
5801.49675206,5801.49713376,981.96508816,981.95142733,0.04105968,510.96883869,0.01998500,0.01998500,34448,105,0
5801.66631077,5801.66556732,987.99514754,988.02177214,0.03058514,511.16368920,0.01998500,0.01998500,34447,105,0
5801.83461579,5801.83401065,994.02933027,994.05101478,0.06262464,511.35653570,0.01998500,0.01998500,34446,105,0
5802.00253742,5802.00246377,1000.06742607,1000.07006687,0.03860650,511.54837564,0.01998500,0.01998500,34445,105,0
5802.16995211,5802.17092667,1006.10935620,1006.07439323,0.02423926,511.73906869,0.01998500,0.01998500,34444,105,0
5802.33868945,5802.33939935,1012.15526184,1012.12977789,0.04872641,511.93069796,0.01998500,0.01998500,34443,105,0
5802.50900121,5802.50788182,1018.20530558,1018.24551493,0.07012525,512.12353857,0.01998500,0.01998500,34442,105,0
5802.67541821,5802.67637407,1024.25965069,1024.22529277,0.06834166,512.31141333,0.01998500,0.01998500,34441,105,0
5802.84361742,5802.84487611,1030.31846118,1030.27318694,0.05011353,512.50074552,0.01998499,0.01998500,34440,105,0
5803.01263870,5803.01338794,1036.38189142,1036.35492257,0.04775794,512.69044482,0.01998500,0.01998500,34439,105,0
5803.18318098,5803.18190955,1042.44995428,1042.49575141,0.06255300,512.88128296,0.01998500,0.01998500,34438,105,0
5803.35062236,5803.35044096,1048.52255923,1048.52909776,0.06355619,513.06809157,0.01998500,0.01998500,34437,105,0
5803.51926153,5803.51898215,1054.59961297,1054.60968976,0.08093769,513.25567177,0.01998500,0.01998500,34436,105,0
5803.68759965,5803.68753313,1060.68102178,1060.68342273,0.05765830,513.44234761,0.01998500,0.01998500,34435,105,0
5803.85677898,5803.85609391,1066.76669153,1066.79143310,0.05435143,513.62937870,0.01998500,0.01998500,34434,105,0
5804.02384808,5804.02466447,1072.85654786,1072.82704525,0.03837852,513.81350512,0.01998500,0.01998500,34433,105,0
5804.19248265,5804.19324483,1078.95060742,1078.92304641,0.02942498,513.99877980,0.01998500,0.01998500,34432,105,0
5804.36135623,5804.36183498,1085.04891277,1085.03158967,0.04281540,514.18373608,0.01998500,0.01998500,34431,105,0
5804.53022047,5804.53043493,1091.15150666,1091.14374144,0.04001984,514.36810070,0.01998500,0.01998500,34430,105,0
5804.69876099,5804.69904468,1097.25843199,1097.24815388,0.04479670,514.55153206,0.01998500,0.01998500,34429,105,0
5804.86825184,5804.86766421,1103.36973255,1103.39103695,0.05908317,514.73541346,0.01998500,0.01998500,34428,105,0
5805.03615570,5805.03629355,1109.48549544,1109.48049419,0.06918813,514.91699663,0.01998500,0.01998500,34427,105,0
5805.20590381,5805.20493269,1115.60587752,1115.64113505,0.05227605,515.09999429,0.01998500,0.01998500,34426,105,0
5805.37429645,5805.37358162,1121.73104261,1121.75701430,0.05441557,515.28095780,0.01998500,0.01998500,34425,105,0
5805.54256733,5805.54224036,1127.86115522,1127.87304420,0.02069025,515.46122380,0.01998500,0.01998500,34424,105,0
5805.71005665,5805.71090889,1133.99638063,1133.96536863,0.05510666,515.64009319,0.01998500,0.01998500,34423,105,0
5805.87986372,5805.87958723,1140.13686005,1140.14692922,0.04988205,515.82087061,0.01998500,0.01998500,34422,105,0
5806.04790766,5806.04827537,1146.28248396,1146.26908275,0.05699954,515.99920392,0.01998500,0.01998500,34421,105,0
5806.21658954,5806.21697331,1152.43299588,1152.41899936,0.06415836,516.17763778,0.01998500,0.01998500,34420,105,0
5806.38524797,5806.38568105,1158.58813635,1158.57233041,0.06930132,516.35546036,0.01998500,0.01998500,34419,105,0
5806.55501006,5806.55439860,1164.74764472,1164.76997449,0.05034562,516.53384529,0.01998500,0.01998500,34418,105,0
5806.72258604,5806.72312596,1170.91125929,1170.89153032,0.03732349,516.70933262,0.01998500,0.01998500,34417,105,0
5806.89254757,5806.89186312,1177.07884192,1177.10386710,0.03430402,516.88670345,0.01998500,0.01998500,34416,105,0
5807.05945610,5807.06061010,1183.25061080,1183.20839064,0.05456506,517.06029060,0.01998499,0.01998500,34415,105,0
5807.22928670,5807.22936688,1189.42684856,1189.42391330,0.07325654,517.23631563,0.01998500,0.01998500,34414,105,0
5807.39825164,5807.39813346,1195.60783908,1195.61216884,0.06643167,517.41084827,0.01998500,0.01998500,34413,105,0
5807.56660115,5807.56690986,1201.79386756,1201.78254822,0.04489900,517.58416125,0.01998500,0.01998500,34412,105,0
5807.73597140,5807.73569607,1207.98520777,1207.99531124,0.03335020,517.75794289,0.01998500,0.01998500,34411,105,0
5807.90376429,5807.90449209,1214.18189601,1214.15516719,0.04329546,517.92952958,0.01998500,0.01998500,34410,105,0
5808.07291251,5808.07329793,1220.38375623,1220.36959091,0.05797177,518.10191481,0.01998500,0.01998500,34409,105,0
5808.24203836,5808.24211358,1226.59060414,1226.58783747,0.07362942,518.27368076,0.01998500,0.01998500,34408,105,0
5808.41054045,5808.41093904,1232.80225462,1232.78758421,0.03969367,518.44421339,0.01998500,0.01998500,34407,105,0
5808.57932445,5808.57977432,1239.01852166,1239.00195269,0.05816441,518.61442443,0.01998500,0.01998500,34406,105,0
5808.74709345,5808.74861941,1245.23926746,1245.18302807,0.06619694,518.78300477,0.01998499,0.01998500,34405,105,0
5808.91789356,5808.91747432,1251.46454998,1251.48001172,0.05819693,518.95400918,0.01998500,0.01998500,34404,105,0
5809.08790338,5809.08633905,1257.69447654,1257.75220966,0.03194336,519.12360088,0.01998500,0.01998500,34403,105,0
5809.25501835,5809.25521360,1263.92915497,1263.92194405,0.03052462,519.28970194,0.01998500,0.01998500,34402,105,0
5809.42380583,5809.42409796,1270.16869357,1270.15789663,0.03192137,519.45685995,0.01998500,0.01998500,34401,105,0
5809.59426703,5809.59299215,1276.41319856,1276.46035221,0.07572637,519.62505926,0.01998500,0.01998500,34400,105,0
5809.76193129,5809.76189616,1282.66271039,1282.66401084,0.05626907,519.78989405,0.01998500,0.01998500,34399,105,0
5809.93133873,5809.93080999,1288.91719968,1288.93678505,0.03094102,519.95583107,0.01998500,0.01998500,34398,105,0
5810.09891774,5810.09973364,1295.17663351,1295.14638950,0.02951102,520.11936989,0.01998500,0.01998500,34397,105,0
5810.26863138,5810.26866712,1301.44097882,1301.43965310,0.05748889,520.28437384,0.01998500,0.01998500,34396,105,0
5810.43763376,5810.43761042,1307.71020237,1307.71106887,0.06247230,520.44806574,0.01998500,0.01998500,34395,105,0
5810.60616804,5810.60656355,1313.98426909,1313.96957673,0.00959166,520.61068508,0.01998500,0.01998500,34394,105,0
5810.77544416,5810.77552650,1320.26313669,1320.26007572,0.02744982,520.77339514,0.01998500,0.01998500,34393,105,0
5810.94523724,5810.94449929,1326.54676077,1326.57421276,0.07049644,520.93597001,0.01998500,0.01998500,34392,105,0
5811.11343461,5811.11348189,1332.83509675,1332.83333650,0.02449202,521.09639017,0.01998500,0.01998500,34391,105,0
5811.28236086,5811.28247433,1339.12809980,1339.12387271,0.03128615,521.25687486,0.01998500,0.01998500,34390,105,0
5811.45235489,5811.45147660,1345.42572942,1345.45846863,0.06143666,521.41773339,0.01998500,0.01998500,34389,105,0
5811.62032875,5811.62048870,1351.72804611,1351.72207961,0.03521061,521.57604912,0.01998500,0.01998500,34388,105,0
5811.78925596,5811.78951063,1358.03521016,1358.02570358,0.02885963,521.73463307,0.01998500,0.01998500,34387,105,0
5811.95807769,5811.95854239,1364.34738682,1364.33002664,0.06438962,521.89248901,0.01998500,0.01998500,34386,105,0
5812.12783215,5812.12758399,1370.66474210,1370.67401968,0.04458191,522.05058555,0.01998500,0.01998500,34385,105,0
5812.29658026,5812.29663542,1376.98744280,1376.98537880,0.03083695,522.20711961,0.01998500,0.01998500,34384,105,0
5812.46499317,5812.46569669,1383.31559721,1383.28925323,0.05457025,522.36272205,0.01998500,0.01998500,34383,105,0
5812.63316562,5812.63476779,1389.64911337,1389.58907199,0.06661013,522.51747958,0.01998500,0.01998500,34382,105,0
5812.80522265,5812.80384872,1395.98785641,1396.03938348,0.03197857,522.67516258,0.01998501,0.01998500,34381,105,0
5812.97236320,5812.97293950,1402.33169081,1402.31006164,0.06321338,522.82770605,0.01998500,0.01998500,34380,105,0
5813.14174627,5813.14204011,1408.68048038,1408.66944422,0.06693026,522.98165397,0.01998500,0.01998500,34379,105,0
5813.31213107,5813.31115057,1415.03409470,1415.07094589,0.03032963,523.13585527,0.01998500,0.01998500,34378,105,0
5813.47994538,5813.48027086,1421.39248876,1421.38024755,0.05923962,523.28708339,0.01998500,0.01998500,34377,105,0
5813.65011468,5813.64940100,1427.75567879,1427.78253931,0.05542281,523.43977703,0.01998500,0.01998500,34376,105,0
5813.81882047,5813.81854097,1434.12368246,1434.13420917,0.02471754,523.59050348,0.01998500,0.01998500,34375,105,0
5813.98772856,5813.98769079,1440.49651747,1440.49794111,0.06943278,523.74075718,0.01998500,0.01998500,34374,105,0
5814.15735509,5814.15685045,1446.87420209,1446.89323478,0.02105110,523.89099072,0.01998500,0.01998500,34373,105,0
5814.32510572,5814.32601996,1453.25683030,1453.22232409,0.03135051,524.03891364,0.01998500,0.01998500,34372,105,0
5814.49548524,5814.49519931,1459.64465407,1459.65545425,0.06379277,524.18849812,0.01998500,0.01998500,34371,105,0
5814.66472262,5814.66438851,1466.03794629,1466.05057690,0.02813304,524.33642935,0.01998500,0.01998500,34370,105,0
5814.83378542,5814.83358756,1472.43698116,1472.44446750,0.04136646,524.48356510,0.01998500,0.01998500,34369,105,0
5815.00279615,5815.00279645,1478.84203421,1478.84202293,0.03202049,524.63001762,0.01998500,0.01998500,34368,105,0
5815.17198939,5815.17201519,1485.25331160,1485.25233368,0.03547780,524.77599206,0.01998500,0.01998500,34367,105,0
5815.34128411,5815.34124379,1491.67056631,1491.67209615,0.05840912,524.92140919,0.01998500,0.01998500,34366,105,0
5815.51100223,5815.51048223,1498.09337046,1498.11311249,0.04444518,525.06653080,0.01998500,0.01998500,34365,105,0
5815.67979256,5815.67973052,1504.52129362,1504.52365052,0.04898032,525.21019298,0.01998500,0.01998500,34364,105,0
5815.84822280,5815.84898867,1510.95390323,1510.92478768,0.04345702,525.35287530,0.01998500,0.01998500,34363,105,0
5816.01930927,5816.01825667,1517.39078055,1517.43082047,0.06419155,525.49710815,0.01998501,0.01998500,34362,105,0
5816.18750348,5816.18753452,1523.83189443,1523.83071301,0.02484705,525.63821327,0.01998500,0.01998500,34361,105,0
5816.35569358,5816.35682223,1530.27761629,1530.23462743,0.04332927,525.77863803,0.01998500,0.01998500,34360,105,0
5816.52588028,5816.52611979,1536.72833794,1536.71920816,0.06374699,525.92004776,0.01998500,0.01998500,34359,105,0
5816.69558225,5816.69542721,1543.18445312,1543.19036752,0.02947665,526.06037849,0.01998500,0.01998500,34358,105,0
5816.86476284,5816.86474449,1549.64635717,1549.64705761,0.06881732,526.19961257,0.01998500,0.01998500,34357,105,0
5817.03368172,5817.03407163,1556.11429271,1556.09939259,0.04744986,526.33797153,0.01998500,0.01998500,34356,105,0
5817.20315096,5817.20340862,1562.58811063,1562.57825587,0.05440410,526.47611357,0.01998500,0.01998500,34355,105,0
5817.37201027,5817.37275548,1569.06759955,1569.03907553,0.02598330,526.61308681,0.01998500,0.01998500,34354,105,0
5817.54100457,5817.54211219,1575.55254704,1575.51011848,0.03778901,526.74949195,0.01998500,0.01998500,34353,105,0
5817.71216754,5817.71147877,1582.04273956,1582.06914320,0.01866629,526.88695012,0.01998500,0.01998500,34352,105,0
5817.88092131,5817.88085521,1588.53799963,1588.54053534,0.05202018,527.02178090,0.01998500,0.01998500,34351,105,0
5818.05020933,5818.05024151,1595.03838733,1595.03715185,0.01185417,527.15634709,0.01998500,0.01998500,34350,105,0
5818.21946948,5818.21963768,1601.54405742,1601.53759528,0.06180555,527.29020017,0.01998500,0.01998500,34349,105,0
5818.38872066,5818.38904371,1608.05516562,1608.04274395,0.03112167,527.42335668,0.01998500,0.01998500,34348,105,0
5818.55812116,5818.55845961,1614.57186846,1614.55884435,0.06761434,527.55594161,0.01998500,0.01998500,34347,105,0
5818.72817199,5818.72788538,1621.09431598,1621.10535420,0.03301673,527.68834328,0.01998500,0.01998500,34346,105,0
5818.89730422,5818.89732101,1627.62253049,1627.62188311,0.05500851,527.81934023,0.01998500,0.01998500,34345,105,0
5819.06608049,5819.06676652,1634.15642385,1634.12995978,0.03727239,527.94937231,0.01998500,0.01998500,34344,105,0
5819.23586647,5819.23622189,1640.69590386,1640.68218251,0.07599864,528.07948387,0.01998500,0.01998500,34343,105,0
5819.40550480,5819.40568713,1647.24087782,1647.23383309,0.07317485,528.20877892,0.01998500,0.01998500,34342,105,0
5819.57495242,5819.57516224,1653.79125353,1653.78314041,0.03794359,528.33722303,0.01998500,0.01998500,34341,105,0
5819.74524534,5819.74464723,1660.34701714,1660.37016123,0.06175568,528.46559527,0.01998500,0.01998500,34340,105,0
5819.91396467,5819.91414209,1666.90829018,1666.90141961,0.01822048,528.59207724,0.01998500,0.01998500,34339,105,0
5820.08411090,5820.08364682,1673.47520819,1673.49319505,0.05321054,528.71891990,0.01998500,0.01998500,34338,105,0
5820.25286712,5820.25316143,1680.04790738,1680.03649149,0.02904900,528.84402367,0.01998500,0.01998500,34337,105,0
5820.42236875,5820.42268591,1686.62652463,1686.61421147,0.05284833,528.96897619,0.01998500,0.01998500,34336,105,0
5820.59237485,5820.59222027,1693.21114314,1693.21714942,0.02650587,529.09359155,0.01998500,0.01998500,34335,105,0
5820.76150805,5820.76176450,1699.80166208,1699.79168896,0.07820464,529.21685848,0.01998500,0.01998500,34334,105,0
5820.93189745,5820.93131862,1706.39794102,1706.42046883,0.05031896,529.34032156,0.01998501,0.01998500,34333,105,0
5821.10064995,5821.10088261,1712.99983883,1712.99077666,0.01546993,529.46188229,0.01998500,0.01998500,34332,105,0
5821.27011008,5821.27045648,1719.60721359,1719.59371096,0.05026680,529.58323092,0.01998500,0.01998500,34331,105,0
5821.44006213,5821.44004024,1726.21995058,1726.22080466,0.06344079,529.70420131,0.01998500,0.01998500,34330,105,0
5821.60935648,5821.60963387,1732.83811669,1732.82728754,0.02680633,529.82397557,0.01998500,0.01998500,34329,105,0
5821.77907885,5821.77923739,1739.46185226,1739.45565811,0.05573125,529.94332396,0.01998500,0.01998500,34328,105,0
5821.94818527,5821.94885079,1746.09129854,1746.06527570,0.03001432,530.06151412,0.01998500,0.01998500,34327,105,0
5822.11861198,5822.11847408,1752.72659751,1752.73199447,0.05750794,530.17989529,0.01998500,0.01998500,34326,105,0
5822.28829037,5822.28810725,1759.36788378,1759.37505643,0.05382804,530.29702720,0.01998500,0.01998500,34325,105,0
5822.45814908,5822.45775030,1766.01519158,1766.03082396,0.02699704,530.41355305,0.01998500,0.01998500,34324,105,0
5822.62760897,5822.62740325,1772.66848648,1772.67655782,0.06795392,530.52907424,0.01998500,0.01998500,34323,105,0
5822.79707361,5822.79706608,1779.32773254,1779.32802831,0.05218446,530.64386570,0.01998500,0.01998500,34322,105,0
5822.96670919,5822.96673879,1785.99289363,1785.99173016,0.04371104,530.75803616,0.01998500,0.01998500,34321,105,0
5823.13642191,5823.13642140,1792.66393353,1792.66395359,0.07097660,530.87151817,0.01998500,0.01998500,34320,105,0
5823.30751591,5823.30611390,1799.34081913,1799.39600652,0.05111773,530.98517152,0.01998501,0.01998500,34319,105,0
5823.47552377,5823.47581629,1806.02352062,1806.01199660,0.00755632,531.09603728,0.01998500,0.01998500,34318,105,0
5823.64543669,5823.64552857,1812.71200823,1812.70838572,0.05251042,531.20741431,0.01998500,0.01998500,34317,105,0
5823.81583844,5823.81525075,1819.40625196,1819.42944125,0.05297811,531.31835591,0.01998501,0.01998500,34316,105,0
5823.98535946,5823.98498282,1826.10622241,1826.12109573,0.07470600,531.42797050,0.01998501,0.01998500,34315,105,0
5824.15478274,5824.15472478,1832.81193414,1832.81422479,0.03077561,531.53676912,0.01998500,0.01998500,34314,105,0
5824.32468345,5824.32447664,1839.52347051,1839.53165058,0.04834299,531.64511789,0.01998501,0.01998500,34313,105,0
5824.49454936,5824.49423839,1846.24092127,1846.25323117,0.05496141,531.75268656,0.01998501,0.01998500,34312,105,0
5824.66365853,5824.66401004,1852.96437661,1852.95044988,0.01740325,531.85902258,0.01998500,0.01998500,34311,105,0
5824.83307040,5824.83379159,1859.69392721,1859.66532928,0.05809780,531.96479443,0.01998500,0.01998500,34310,105,0
5825.00350710,5825.00358304,1866.42966614,1866.42665210,0.05137481,532.07044338,0.01998500,0.01998500,34309,105,0
5825.17333822,5825.17338439,1873.17169108,1873.16985714,0.03109340,532.17495524,0.01998500,0.01998500,34308,105,0
5825.34271561,5825.34319564,1879.92010079,1879.90101570,0.06572635,532.27842985,0.01998500,0.01998500,34307,105,0
5825.51281031,5825.51301679,1886.67499454,1886.66677771,0.07070538,532.38158004,0.01998500,0.01998500,34306,105,0
5825.68347467,5825.68284784,1893.43647201,1893.46143926,0.04405297,532.48430677,0.01998501,0.01998501,34305,105,0
5825.85309225,5825.85268880,1900.20455058,1900.22063515,0.05564051,532.58563817,0.01998501,0.01998501,34304,105,0
5826.02265116,5826.02253966,1906.97900908,1906.98345801,0.02932951,532.68616638,0.01998501,0.01998501,34303,105,0
5826.19185478,5826.19240043,1913.75958244,1913.73779217,0.06531524,532.78571221,0.01998500,0.01998501,34302,105,0
5826.36240281,5826.36227110,1920.54600411,1920.55126808,0.04441044,532.88526275,0.01998501,0.01998501,34301,105,0
5826.53244395,5826.53215168,1927.33800609,1927.34969586,0.03845976,532.98372561,0.01998501,0.01998501,34300,105,0
5826.70236419,5826.70204216,1934.13543485,1934.14832425,0.02586808,533.08132447,0.01998501,0.01998501,34299,105,0
5826.87264096,5826.87194255,1940.93855317,1940.96652989,0.07193156,533.17833372,0.01998501,0.01998501,34298,105,0
5827.04157325,5827.04185286,1947.74771903,1947.73650892,0.05092788,533.27379412,0.01998500,0.01998501,34297,105,0
5827.21097892,5827.21177307,1954.56329239,1954.53142406,0.04926167,533.36874175,0.01998500,0.01998501,34296,105,0
5827.38203496,5827.38170320,1961.38563515,1961.39896122,0.03830600,533.46382426,0.01998501,0.01998501,34295,105,0
5827.55176494,5827.55164323,1968.21499951,1968.21989304,0.06517424,533.55738591,0.01998501,0.01998501,34294,105,0
5827.72178020,5827.72159318,1975.05116953,1975.05869572,0.02977224,533.65031665,0.01998501,0.01998501,34293,105,0
5827.89156821,5827.89155304,1981.89380469,1981.89441560,0.08148871,533.74232890,0.01998501,0.01998501,34292,105,0
5828.06155453,5828.06152282,1988.74256256,1988.74384051,0.06400882,533.83364658,0.01998501,0.01998501,34291,105,0
5828.23142399,5828.23150252,1995.59709878,1995.59393110,0.06029509,533.92409310,0.01998501,0.01998501,34290,105,0
5828.40120658,5828.40149212,2002.45714442,2002.44561659,0.04136296,534.01368027,0.01998501,0.01998501,34289,105,0
5828.57170159,5828.57149165,2009.32278325,2009.33126501,0.04353504,534.10282445,0.01998501,0.01998501,34288,105,0
5828.74241068,5828.74150109,2016.19420086,2016.23097930,0.06214011,534.19125875,0.01998501,0.01998501,34287,105,0
5828.91189114,5828.91152046,2023.07158388,2023.08658438,0.02275890,534.27824336,0.01998501,0.01998501,34286,105,0
5829.08079675,5829.08154974,2029.95511997,2029.92462281,0.07046201,534.36412694,0.01998500,0.01998501,34285,105,0
5829.25200789,5829.25158894,2036.84500055,2036.86198337,0.07036151,534.45036178,0.01998501,0.01998501,34284,105,0
5829.42157681,5829.42163807,2043.74143082,2043.73894534,0.04532814,534.53495491,0.01998501,0.01998501,34283,105,0
5829.59110112,5829.59169712,2050.64462081,2050.62041614,0.03748744,534.61871562,0.01998500,0.01998501,34282,105,0
5829.76225632,5829.76176609,2057.55478170,2057.57471045,0.04188252,534.70246039,0.01998501,0.01998501,34281,105,0
5829.93217387,5829.93184498,2064.47212588,2064.48550904,0.02204458,534.78478279,0.01998501,0.01998501,34280,105,0
5830.10200021,5830.10193380,2071.39681032,2071.39951537,0.04287814,534.86624700,0.01998501,0.01998501,34279,105,0
5830.27152323,5830.27203255,2078.32874381,2078.30797786,0.03633503,534.94675036,0.01998500,0.01998501,34278,105,0
5830.44214027,5830.44214122,2085.26776608,2085.26772749,0.04692625,535.02694619,0.01998501,0.01998501,34277,105,0
5830.61263131,5830.61225982,2092.21371594,2092.22889106,0.05734897,535.10624952,0.01998501,0.01998501,34276,105,0
5830.78224503,5830.78238835,2099.16643123,2099.16057146,0.05839630,535.18431385,0.01998501,0.01998501,34275,105,0
5830.95291799,5830.95252681,2106.12577351,2106.14178160,0.05657504,535.26202509,0.01998501,0.01998501,34274,105,0
5831.12283219,5831.12267519,2113.09169937,2113.09812972,0.07243134,535.33855032,0.01998501,0.01998501,34273,105,0
5831.29296523,5831.29283351,2120.06418835,2120.06958818,0.07009657,535.41433118,0.01998501,0.01998501,34272,105,0
5831.46238688,5831.46300176,2127.04321987,2127.01799094,0.00988580,535.48895434,0.01998500,0.01998501,34271,105,0
5831.63291566,5831.63317995,2134.02877322,2134.01792003,0.06986732,535.56321521,0.01998501,0.01998501,34270,105,0
5831.80333231,5831.80336806,2141.02086543,2141.01939566,0.02254672,535.63657313,0.01998501,0.01998501,34269,105,0
5831.97328688,5831.97356612,2148.01963479,2148.00814686,0.07551734,535.70888077,0.01998501,0.01998501,34268,105,0
5832.14398600,5832.14377410,2155.02524453,2155.03397008,0.06828043,535.78064853,0.01998501,0.01998501,34267,105,0
5832.31388956,5832.31399203,2162.03785882,2162.03363546,0.03079163,535.85122839,0.01998501,0.01998501,34266,105,0
5832.48412559,5832.48421989,2169.05764259,2169.05375194,0.07460698,535.92109143,0.01998501,0.01998501,34265,105,0
5832.65427888,5832.65445769,2176.08469502,2176.07731073,0.07111866,535.99006367,0.01998501,0.01998501,34264,105,0
5832.82384633,5832.82470542,2183.11895091,2183.08343829,0.06143418,536.05794288,0.01998500,0.01998501,34263,105,0
5832.99463295,5832.99496310,2190.16031956,2190.14665902,0.05983390,536.12544325,0.01998501,0.01998501,34262,105,0
5833.16491812,5833.16523072,2197.20870972,2197.19576354,0.06159570,536.19187575,0.01998501,0.01998501,34261,105,0
5833.33598581,5833.33550828,2204.26402955,2204.28382482,0.04869806,536.25773560,0.01998501,0.01998501,34260,105,0
5833.50522861,5833.50579578,2211.32618161,2211.30264948,0.04589775,536.32202351,0.01998501,0.01998501,34259,105,0
5833.67620287,5833.67609323,2218.39505881,2218.39961211,0.04070749,536.38608757,0.01998501,0.01998501,34258,105,0
5833.84668666,5833.84640062,2225.47055245,2225.48244137,0.03168379,536.44908211,0.01998501,0.01998501,34257,105,0
5834.01667080,5834.01671795,2232.55255317,2232.55059182,0.03594761,536.51100803,0.01998501,0.01998501,34256,105,0
5834.18775515,5834.18704523,2239.64095504,2239.67051185,0.05238720,536.57244008,0.01998501,0.01998501,34255,105,0
5834.35749678,5834.35738246,2246.73580226,2246.74056601,0.04765499,536.63250096,0.01998501,0.01998501,34254,105,0
5834.52776355,5834.52772963,2253.83732978,2253.83874422,0.06238668,536.69185754,0.01998501,0.01998501,34253,105,0
5834.69693562,5834.69808676,2260.94578612,2260.89773033,0.06566239,536.74994909,0.01998500,0.01998501,34252,105,0
5834.86855198,5834.86845383,2268.06142130,2268.06552255,0.07687397,536.80797964,0.01998501,0.01998501,34251,105,0
5835.03952287,5835.03883085,2275.18447769,2275.21342386,0.04753677,536.86488943,0.01998501,0.01998501,34250,105,0
5835.20859521,5835.20921783,2282.31504521,2282.28897628,0.03188900,536.92027929,0.01998501,0.01998501,34249,105,0
5835.38010726,5835.37961475,2289.45308579,2289.47372759,0.03307719,536.97556305,0.01998501,0.01998501,34248,105,0
5835.54947692,5835.55002163,2296.59855720,2296.57570543,0.03103400,537.02925825,0.01998501,0.01998501,34247,105,0
5835.72048902,5835.72043846,2303.75141691,2303.75353996,0.05079879,537.08256562,0.01998501,0.01998501,34246,105,0
5835.89117035,5835.89086525,2310.91161527,2310.92443970,0.06671105,537.13485642,0.01998501,0.01998501,34245,105,0
5836.06192260,5836.06130199,2318.07904316,2318.10515386,0.03789468,537.18625220,0.01998501,0.01998501,34244,105,0
5836.23143128,5836.23174869,2325.25356037,2325.24019363,0.04647748,537.23636303,0.01998501,0.01998501,34243,105,0
5836.40233873,5836.40220535,2332.43502558,2332.44064742,0.04634457,537.28596511,0.01998501,0.01998501,34242,105,0
5836.57236929,5836.57267196,2339.62329657,2339.61052766,0.02985392,537.33439018,0.01998501,0.01998501,34241,105,0
5836.74262868,5836.74314854,2346.81830441,2346.79635386,0.05613963,537.38195537,0.01998501,0.01998501,34240,105,0
5836.91287562,5836.91363507,2354.02031765,2353.98822035,0.04931263,537.42859067,0.01998501,0.01998501,34239,105,0
5837.08449307,5837.08413156,2361.22970264,2361.24499657,0.05313070,537.47466341,0.01998501,0.01998501,34238,105,0
5837.25489985,5837.25463802,2368.44682800,2368.45791647,0.02622836,537.51947876,0.01998501,0.01998501,34237,105,0
5837.42557218,5837.42515444,2375.67206390,2375.68977426,0.03460379,537.56343194,0.01998501,0.01998501,34236,105,0
5837.59478109,5837.59568082,2382.90560464,2382.86741866,0.05365003,537.60608551,0.01998501,0.01998501,34235,105,0
5837.76565337,5837.76621717,2390.14723158,2390.12327842,0.06994032,537.64822154,0.01998501,0.01998501,34234,105,0
5837.93647754,5837.93676348,2397.39666599,2397.38450564,0.04615416,537.68939998,0.01998501,0.01998501,34233,105,0
5838.10676632,5838.10731975,2404.65362739,2404.63006835,0.03425109,537.72950365,0.01998501,0.01998501,34232,105,0
5838.27726577,5838.27788600,2411.91783877,2411.89141188,0.05588404,537.76870658,0.01998501,0.01998501,34231,105,0
5838.44839306,5838.44846221,2419.18918756,2419.18623832,0.04792484,537.80709424,0.01998501,0.01998501,34230,105,0
5838.61903959,5838.61904839,2426.46775611,2426.46738068,0.04035954,537.84441437,0.01998501,0.01998501,34229,105,0
5838.78959800,5838.78964454,2433.75363849,2433.75165014,0.05584584,537.88075530,0.01998501,0.01998501,34228,105,0
5838.95938579,5838.96025066,2441.04692930,2441.00993882,0.05874638,537.91597647,0.01998501,0.01998501,34227,105,0
5839.13119910,5839.13086675,2448.34773456,2448.36196311,0.03424580,537.95064490,0.01998501,0.01998501,34226,105,0
5839.30176398,5839.30149281,2455.65626738,2455.66788846,0.03959390,537.98409139,0.01998501,0.01998501,34225,105,0
5839.47151507,5839.47212885,2462.97280291,2462.94647139,0.05570470,538.01641691,0.01998501,0.01998501,34224,105,0
5839.64364059,5839.64277486,2470.29761869,2470.33479998,0.04744336,538.04821331,0.01998501,0.01998501,34223,105,0
5839.81325099,5839.81343084,2477.63099401,2477.62326092,0.02183348,538.07857645,0.01998501,0.01998501,34222,105,0
5839.98425765,5839.98409681,2484.97308050,2484.98000407,0.06923674,538.10821335,0.01998501,0.01998501,34221,105,0
5840.15457447,5840.15477274,2492.32353110,2492.31498780,0.04062108,538.13675168,0.01998501,0.01998501,34220,105,0
5840.32594282,5840.32545866,2499.68187587,2499.70275862,0.02797008,538.16447503,0.01998501,0.01998501,34219,105,0
5840.49632910,5840.49615455,2507.04764187,2507.05517745,0.06962179,538.19104904,0.01998501,0.01998501,34218,105,0
5840.66714593,5840.66686042,2514.42035839,2514.43269474,0.02826416,538.21669432,0.01998501,0.01998501,34217,105,0
5840.83718195,5840.83757627,2521.79987053,2521.78281755,0.04103498,538.24122885,0.01998501,0.01998501,34216,105,0
5841.00792042,5841.00830211,2529.18651589,2529.16999423,0.06148240,538.26486576,0.01998501,0.01998501,34215,105,0
5841.17949458,5841.17903792,2536.58067658,2536.60046307,0.03388612,538.28760828,0.01998501,0.01998501,34214,105,0
5841.35006519,5841.34978372,2543.98273717,2543.99494572,0.05772059,538.30921224,0.01998501,0.01998501,34213,105,0
5841.52040471,5841.52053950,2551.39305744,2551.38720487,0.04214514,538.32978423,0.01998501,0.01998501,34212,105,0
5841.69103679,5841.69130526,2558.81169705,2558.80002742,0.06706241,538.34938383,0.01998501,0.01998501,34211,105,0
5841.86219883,5841.86208101,2566.23852734,2566.24365376,0.03585346,538.36802740,0.01998501,0.01998501,34210,105,0
5842.03287646,5842.03286675,2573.67341594,2573.67383899,0.03587330,538.38560047,0.01998501,0.01998501,34209,105,0
5842.20334357,5842.20366247,2581.11622958,2581.10232560,0.06076588,538.40213398,0.01998501,0.01998501,34208,105,0
5842.37437857,5842.37446818,2588.56688113,2588.56296995,0.02803141,538.41769688,0.01998501,0.01998501,34207,105,0
5842.54526343,5842.54528388,2596.02544577,2596.02455210,0.07311293,538.43221711,0.01998501,0.01998501,34206,105,0
5842.71549038,5842.71610957,2603.49203445,2603.46495641,0.03634079,538.44565586,0.01998501,0.01998501,34205,105,0
5842.88642273,5842.88694525,2610.96675878,2610.94388464,0.06248961,538.45811732,0.01998501,0.01998501,34204,105,0
5843.05837987,5843.05779093,2618.44973126,2618.47554035,0.02432162,538.46960591,0.01998501,0.01998501,34203,105,0
5843.22872252,5843.22864659,2625.94107102,2625.94440212,0.05287342,538.47994754,0.01998501,0.01998501,34202,105,0
5843.39972854,5843.39951225,2633.44090478,2633.45040373,0.02829891,538.48928598,0.01998501,0.01998501,34201,105,0
5843.57058422,5843.57038790,2640.94936051,2640.95799196,0.06221214,538.49756883,0.01998501,0.01998501,34200,105,0
5843.74137256,5843.74127354,2648.46656691,2648.47092513,0.02253320,538.50479874,0.01998501,0.01998501,34199,105,0
5843.91254634,5843.91216919,2655.99262879,2656.00924769,0.06042612,538.51098850,0.01998501,0.01998501,34198,105,0
5844.08306713,5844.08307482,2663.52749788,2663.52715841,0.02473598,538.51609943,0.01998501,0.01998501,34197,105,0
5844.25467645,5844.25399046,2671.07106673,2671.10136031,0.06771537,538.52017604,0.01998501,0.01998501,34196,105,0
5844.42611333,5844.42491609,2678.62322700,2678.67615418,0.02821027,538.52317626,0.01998501,0.01998501,34195,105,0
5844.59519125,5844.59585173,2686.18387064,2686.15464166,0.06370247,538.52508199,0.01998501,0.01998501,34194,105,0
5844.76649703,5844.76679736,2693.75297397,2693.73966895,0.05501250,538.52594276,0.01998501,0.01998501,34193,105,0
5844.93857133,5844.93775300,2701.33065968,2701.36695260,0.04145913,538.52571958,0.01998501,0.01998501,34192,105,0
5845.10903128,5845.10871863,2708.91706573,2708.93094684,0.05224160,538.52442001,0.01998501,0.01998501,34191,105,0
5845.27942768,5845.27969427,2716.51233100,2716.50048151,0.02117002,538.52204454,0.01998501,0.01998501,34190,105,0
5845.45065110,5845.45067992,2724.11656816,2724.11528572,0.05544158,538.51856987,0.01998501,0.01998501,34189,105,0
5845.62091657,5845.62167557,2731.72965977,2731.69584920,0.03431024,538.51402988,0.01998501,0.01998501,34188,105,0
5845.79382516,5845.79268122,2739.35137074,2739.40238311,0.06513344,538.50830892,0.01998502,0.01998501,34187,105,0
5845.96354893,5845.96369688,2746.98146343,2746.97485922,0.05886989,538.50160173,0.01998501,0.01998501,34186,105,0
5846.13528546,5846.13472255,2754.61969988,2754.64485304,0.03461917,538.49371105,0.01998501,0.01998501,34185,105,0
5846.30589809,5846.30575822,2762.26601997,2762.27227598,0.04976012,538.48476921,0.01998501,0.01998501,34184,105,0
5846.47738951,5846.47680391,2769.92071987,2769.94694122,0.06178990,538.47466987,0.01998501,0.01998501,34183,105,0
5846.64739559,5846.64785960,2777.58413992,2777.56334040,0.06471876,538.46355425,0.01998501,0.01998501,34182,105,0
5846.81935824,5846.81892530,2785.25662277,2785.27605158,0.03729945,538.45118853,0.01998501,0.01998501,34181,105,0
5846.98990730,5846.99000102,2792.93848323,2792.93427236,0.05576818,538.43780543,0.01998501,0.01998501,34180,105,0
5847.16151867,5847.16108675,2800.62977600,2800.64920458,0.02067738,538.42321015,0.01998501,0.01998501,34179,105,0
5847.33274732,5847.33218249,2808.33042112,2808.35585765,0.06324515,538.40751511,0.01998501,0.01998501,34178,105,0
5847.50302039,5847.50328825,2816.04033693,2816.02826060,0.05503550,538.39078243,0.01998501,0.01998501,34177,105,0
5847.67443904,5847.67440402,2823.75944141,2823.76102215,0.06147182,538.37280008,0.01998501,0.01998501,34176,105,0
5847.84545810,5847.84552980,2831.48767603,2831.48443610,0.02269658,538.35371909,0.01998501,0.01998501,34175,105,0
5848.01633960,5848.01666561,2839.22502468,2839.21027688,0.06542672,538.33351184,0.01998501,0.01998501,34174,105,0
5848.18774914,5848.18781143,2846.97147552,2846.96865447,0.06077463,538.31209196,0.01998501,0.01998501,34173,105,0
5848.35908388,5848.35896727,2854.72701657,2854.73230357,0.05179265,538.28952646,0.01998501,0.01998501,34172,105,0
5848.53090468,5848.53013313,2862.49162620,2862.52664543,0.03767535,538.26573356,0.01998502,0.01998501,34171,105,0
5848.70230992,5848.70130901,2870.26521995,2870.31069898,0.05617675,538.24083387,0.01998502,0.01998501,34170,105,0
5848.87309251,5848.87249491,2878.04768749,2878.07487010,0.05300253,538.21486467,0.01998502,0.01998501,34169,105,0
5849.04378069,5849.04369084,2885.83891757,2885.84300919,0.05942626,538.18774967,0.01998501,0.01998501,34168,105,0
5849.21527720,5849.21489678,2893.63880359,2893.65614375,0.05383369,538.15933490,0.01998501,0.01998501,34167,105,0
5849.38602772,5849.38611275,2901.44743315,2901.44355312,0.02811338,538.12987331,0.01998501,0.01998501,34166,105,0
5849.55687501,5849.55733875,2909.26513763,2909.24395265,0.06561950,538.09922123,0.01998501,0.01998501,34165,105,0
5849.72863403,5849.72857477,2917.09226599,2917.09497623,0.04340660,538.06721675,0.01998501,0.01998501,34164,105,0
5849.89988935,5849.89982082,2924.92916969,2924.93230817,0.04206452,538.03411388,0.01998501,0.01998501,34163,105,0
5850.07135054,5850.07107689,2932.77609680,2932.78864302,0.04799420,537.99977336,0.01998501,0.01998501,34162,105,0
5850.24268908,5850.24234299,2940.63289509,2940.64878121,0.03113668,537.96425654,0.01998501,0.01998501,34161,105,0
5850.41389701,5850.41361913,2948.49931574,2948.51208602,0.05921192,537.92756476,0.01998501,0.01998501,34160,105,0
5850.58448240,5850.58490529,2956.37510805,2956.35565289,0.05776000,537.88980853,0.01998501,0.01998501,34159,105,0
5850.75626632,5850.75620148,2964.26004416,2964.26303027,0.04121072,537.85057589,0.01998501,0.01998501,34158,105,0
5850.92729235,5850.92750771,2972.15420873,2972.14427890,0.04996386,537.81030471,0.01998501,0.01998501,34157,105,0
5851.09835086,5851.09882396,2980.05790349,2980.03606395,0.05808370,537.76881107,0.01998501,0.01998501,34156,105,0
5851.26957392,5851.27015026,2987.97143661,2987.94479973,0.04673865,537.72605512,0.01998501,0.01998501,34155,105,0
5851.44160844,5851.44148658,2995.89511677,2995.90075586,0.04451475,537.68185889,0.01998501,0.01998501,34154,105,0
5851.61285967,5851.61283294,3003.82911347,3003.83035180,0.03457397,537.63662644,0.01998501,0.01998501,34153,105,0
5851.78456300,5851.78418934,3011.77335121,3011.79068529,0.05600233,537.59003108,0.01998501,0.01998501,34152,105,0
5851.95535628,5851.95555577,3019.72772922,3019.71846385,0.04766912,537.54244368,0.01998501,0.01998501,34151,105,0
5852.12685810,5852.12693225,3027.69214594,3027.68869824,0.05282542,537.49341172,0.01998501,0.01998501,34150,105,0
5852.29907587,5852.29831876,3035.66653874,3035.70178760,0.05938926,537.44291358,0.01998502,0.01998501,34149,105,0
5852.47022149,5852.46971531,3043.65102289,3043.67461772,0.05454836,537.39147245,0.01998502,0.01998501,34148,105,0
5852.64100907,5852.64112190,3051.64576449,3051.64049867,0.05611181,537.33888400,0.01998501,0.01998501,34147,105,0
5852.81306611,5852.81253853,3059.65093086,3059.67558418,0.05227898,537.28463144,0.01998502,0.01998501,34146,105,0
5852.98316785,5852.98396521,3067.66666217,3067.62935521,0.05509452,537.22973378,0.01998501,0.01998501,34145,105,0
5853.15599967,5853.15540193,3075.69275741,3075.72075885,0.04323572,537.17266707,0.01998502,0.01998501,34144,105,0
5853.32747848,5853.32684869,3083.72878688,3083.75832351,0.03274508,537.11476274,0.01998502,0.01998501,34143,105,0
5853.49834356,5853.49830550,3091.77431354,3091.77610043,0.06060619,537.05579216,0.01998501,0.01998501,34142,105,0
5853.66913402,5853.66977235,3099.82890628,3099.79890528,0.04863039,536.99557611,0.01998501,0.01998501,34141,105,0
5853.84104570,5853.84124925,3107.89255590,3107.88297868,0.03813948,536.93367743,0.01998501,0.01998501,34140,105,0
5854.01213531,5854.01273620,3115.96584480,3115.93753917,0.04490193,536.87078401,0.01998501,0.01998501,34139,105,0
5854.18412248,5854.18423319,3124.04940355,3124.04418177,0.04027832,536.80625354,0.01998501,0.01998501,34138,105,0
5854.35541348,5854.35574024,3132.14386728,3132.12843519,0.05571643,536.74067206,0.01998501,0.01998501,34137,105,0
5854.52627936,5854.52725734,3140.24965421,3140.20340498,0.05848872,536.67394043,0.01998501,0.01998501,34136,105,0
5854.69899388,5854.69878448,3148.36655504,3148.37647009,0.05740066,536.60515097,0.01998502,0.01998501,34135,105,0
5854.87060811,5854.87032168,3156.49424744,3156.50782731,0.06012395,536.53546740,0.01998502,0.01998501,34134,105,0
5855.04145886,5855.04186894,3164.63240647,3164.61294090,0.03577709,536.46477275,0.01998501,0.01998501,34133,105,0
5855.21337458,5855.21342624,3172.78077064,3172.77831551,0.05076768,536.39230469,0.01998501,0.01998501,34132,105,0
5855.38533317,5855.38499360,3180.93945672,3180.95561415,0.03424161,536.31847561,0.01998502,0.01998501,34131,105,0
5855.55675825,5855.55657102,3189.10871839,3189.11763836,0.03884248,536.24353182,0.01998502,0.01998501,34130,105,0
5855.72722136,5855.72815849,3197.28881142,3197.24410670,0.05316082,536.16767120,0.01998501,0.01998501,34129,105,0
5855.89982325,5855.89975602,3205.47997091,3205.48318188,0.06238889,536.08949288,0.01998502,0.01998501,34128,105,0
5856.07175654,5856.07136361,3213.68217041,3213.70096293,0.06605155,536.01024629,0.01998502,0.01998501,34127,105,0
5856.24258691,5856.24298126,3221.89521331,3221.87632932,0.03115500,535.93014981,0.01998501,0.01998501,34126,105,0
5856.41521988,5856.41460897,3230.11889849,3230.14818878,0.04334142,535.84782998,0.01998502,0.01998501,34125,105,0
5856.58684301,5856.58624674,3238.35303197,3238.38165487,0.05066286,535.76461565,0.01998502,0.01998501,34124,105,0
5856.75790554,5856.75789457,3246.59764259,3246.59816983,0.02539054,535.68030295,0.01998502,0.01998501,34123,105,0
5856.92959385,5856.92955246,3254.85299766,3254.85498924,0.05962376,535.59429889,0.01998502,0.01998502,34122,105,0
5857.10086660,5857.10122042,3263.11937809,3263.10232966,0.04364713,535.50711486,0.01998501,0.01998502,34121,105,0
5857.27243899,5857.27289844,3271.39706528,3271.37489746,0.04288650,535.41838026,0.01998501,0.01998502,34120,105,0
5857.44482508,5857.44458653,3279.68622388,3279.69774883,0.05893557,535.32780868,0.01998502,0.01998502,34119,105,0
5857.61654774,5857.61628468,3287.98682391,3287.99954995,0.03940668,535.23616953,0.01998502,0.01998502,34118,105,0
5857.78790954,5857.78799290,3296.29881682,3296.29477878,0.05060470,535.14330944,0.01998501,0.01998502,34117,105,0
5857.95972098,5857.95971119,3304.62215364,3304.62262859,0.06340519,535.04878353,0.01998502,0.01998502,34116,105,0
5858.13197019,5858.13143954,3312.95679052,3312.98256157,0.04533720,534.95258269,0.01998502,0.01998502,34115,105,0
5858.30242649,5858.30317797,3321.30269693,3321.26615391,0.04099993,534.85596494,0.01998501,0.01998502,34114,105,0
5858.47483747,5858.47492647,3329.65984407,3329.65551086,0.05041367,534.75679931,0.01998502,0.01998502,34113,105,0
5858.64657834,5858.64668504,3338.02820286,3338.02300091,0.03395720,534.65657468,0.01998501,0.01998502,34112,105,0
5858.81886296,5858.81845368,3346.40780919,3346.42778857,0.04944790,534.55457871,0.01998502,0.01998502,34111,105,0
5858.99087943,5858.99023239,3354.79892553,3354.83055338,0.04243289,534.45128019,0.01998502,0.01998502,34110,105,0
5859.16233847,5859.16202118,3363.20186547,3363.21739605,0.06966185,534.34685422,0.01998502,0.01998502,34109,105,0
5859.33414804,5859.33382004,3371.61694514,3371.63302255,0.05418736,534.24074107,0.01998502,0.01998502,34108,105,0
5859.50597488,5859.50562898,3380.04440105,3380.06137946,0.02666152,534.13313329,0.01998502,0.01998502,34107,105,0
5859.67789746,5859.67744800,3388.48409111,3388.50618382,0.05958278,534.02397645,0.01998502,0.01998502,34106,105,0
5859.84986049,5859.84927709,3396.93576176,3396.96447642,0.06194190,533.91330165,0.01998502,0.01998502,34105,105,0
5860.02186396,5860.02111627,3405.39915725,3405.43600666,0.04957846,533.80110576,0.01998502,0.01998502,34104,105,0
5860.19349830,5860.19296552,3413.87406426,3413.90035589,0.03638440,533.68765772,0.01998502,0.01998502,34103,105,0
5860.36621145,5860.36482485,0.00000000,3422.43173058,0.06467343,533.57194858,0.01998502,0.01998502,34102,105,1
5860.53742288,5860.53669426,3430.85868132,3430.89473203,0.03772956,533.45581502,0.01998502,0.01998502,34101,105,0
5860.70833769,5860.70857376,3439.36866685,3439.35697064,0.04957115,533.33834576,0.01998502,0.01998502,34100,105,0
5860.87994324,5860.88046334,3447.89062597,3447.86482311,0.05514031,533.21888625,0.01998501,0.01998502,34099,105,0
5861.05156281,5861.05236300,3456.42472540,3456.38497215,0.05358825,533.09789042,0.01998501,0.01998502,34098,105,0
5861.22327890,5861.22427275,3464.97114267,3464.92169970,0.04596455,532.97529046,0.01998501,0.01998502,34097,105,0
5861.39690537,5861.39619258,3473.53005679,3473.56556773,0.04368160,532.84975586,0.01998502,0.01998502,34096,105,0
5861.56853598,5861.56812250,3482.10161823,3482.12224668,0.06079080,532.72410399,0.01998502,0.01998502,34095,105,0
5861.74037772,5861.74006251,3490.68575693,3490.70150475,0.06676096,532.59673857,0.01998502,0.01998502,34094,105,0
5861.91263204,5861.91201261,3499.28230251,3499.31329208,0.06608830,532.46749850,0.01998502,0.01998502,34093,105,0
5862.08372912,5862.08397279,3507.89108259,3507.87887544,0.04294325,532.33756864,0.01998502,0.01998502,34092,105,0
5862.25580516,5862.25594307,3516.51192279,3516.50500491,0.05437297,532.20532619,0.01998502,0.01998502,34091,105,0
5862.42852502,5862.42792343,3525.14464400,3525.17486123,0.04949285,532.07100362,0.01998502,0.01998502,34090,105,0
5862.59920536,5862.59991389,3533.78906408,3533.75342968,0.05196073,531.93670425,0.01998501,0.01998502,34089,105,0
5862.77143748,5862.77191444,3542.44499917,3542.42098124,0.04320508,531.79960641,0.01998502,0.01998502,34088,105,0
5862.94313952,5862.94392509,3551.11236787,3551.07275862,0.08142505,531.66134924,0.01998501,0.01998502,34087,105,0
5863.11608543,5863.11594582,3559.79182378,3559.79887269,0.03559683,531.52047835,0.01998502,0.01998502,34086,105,0
5863.28831349,5863.28797666,3568.48434335,3568.50137612,0.05265579,531.37856249,0.01998502,0.01998502,34085,105,0
5863.46069120,5863.46001759,3577.19091285,3577.22503033,0.05048809,531.23487229,0.01998502,0.01998502,34084,105,0
5863.63194262,5863.63206862,3585.91231260,3585.90592059,0.04778492,531.09046576,0.01998502,0.01998502,34083,105,0
5863.80516677,5863.80412974,3594.64800024,3594.70069039,0.07116738,530.94271959,0.01998502,0.01998502,34082,105,0
5863.97661211,5863.97620097,3603.39691986,3603.41783858,0.04705926,530.79484190,0.01998502,0.01998502,34081,105,0
5864.14685990,5864.14828229,0.00000000,3612.09653509,0.05095730,530.64619674,0.01998501,0.01998502,34080,105,1
5864.32120742,5864.32037372,3620.93049330,3620.97301935,0.04945199,530.49269850,0.01998502,0.01998502,34079,105,0
5864.49227846,5864.49247525,3629.71520988,3629.70515773,0.07280943,530.34025035,0.01998502,0.01998502,34078,105,0
5864.66542271,5864.66458688,3638.51349158,3638.55625308,0.04751633,530.18426172,0.01998502,0.01998502,34077,105,0
5864.83668357,5864.83670861,3647.32668757,3647.32540444,0.05350222,530.02826403,0.01998502,0.01998502,34076,105,0
5865.00873039,5865.00884045,3656.15572488,3656.15007479,0.03274088,529.86981841,0.01998502,0.01998502,34075,105,0
5865.18142554,5865.18098239,3664.99984745,3665.02263298,0.07812311,529.70903609,0.01998502,0.01998502,34074,105,0
5865.35196804,5865.35313444,3673.85788045,3673.79782144,0.06382054,529.54856163,0.01998501,0.01998502,34073,105,0
5865.52541468,5865.52529660,3682.72863879,3682.73472715,0.04257872,529.38364086,0.01998502,0.01998502,34072,105,0
5865.69590030,5865.69746886,0.00000000,3691.53554731,0.03947259,529.21976299,0.01998501,0.01998502,34071,105,1
5865.86977626,5865.86965123,3700.50692488,3700.51338872,0.05268168,529.05108740,0.01998502,0.01998502,34070,105,0
5866.04074215,5866.04184372,3709.41608011,3709.35904187,0.05096937,528.88341223,0.01998501,0.01998502,34069,105,0
5866.21306132,5866.21404631,3718.33983184,3718.28874704,0.04497374,528.71265058,0.01998501,0.01998502,34068,105,0
5866.38552925,5866.38625901,3727.27862114,3727.24071249,0.04656747,528.53995732,0.01998502,0.01998502,34067,105,0
5866.55844135,5866.55848183,3736.23191381,3736.22980766,0.01401536,528.36503052,0.01998502,0.01998502,34066,105,0
5866.73157372,5866.73071476,3745.19905961,3745.24381306,0.08360879,528.18809219,0.01998502,0.01998502,34065,105,0
5866.90321651,5866.90295780,3754.17941363,3754.19291147,0.05753971,528.01091549,0.01998502,0.01998502,34064,105,0
5867.07620071,5867.07521096,3763.17274482,3763.22445580,0.04510899,527.83057856,0.01998502,0.01998502,34063,105,0
5867.24833747,5867.24747424,3772.17934947,3772.22451552,0.04577858,527.64934334,0.01998502,0.01998502,34062,105,0
5867.41953805,5867.41974763,3781.19956041,3781.18857883,0.05043622,527.46731776,0.01998502,0.01998502,34061,105,0
5867.59129101,5867.59203114,3790.23370574,3790.19486613,0.04595678,527.28291183,0.01998502,0.01998502,34060,105,0
5867.76412884,5867.76432477,3799.28199627,3799.27169884,0.04264260,527.09551693,0.01998502,0.01998502,34059,105,0
5867.93660433,5867.93662851,3808.34455009,3808.34327708,0.06389151,526.90668123,0.01998502,0.01998502,34058,105,0
5868.10881606,5868.10894238,3817.42148369,3817.41482455,0.07003917,526.71629730,0.01998502,0.01998502,34057,105,0
5868.28127090,5868.28126637,3826.51290253,3826.51314150,0.06806224,526.52379578,0.01998502,0.01998502,34056,105,0
5868.45485121,5868.45360048,0.00000000,3835.68783196,0.08687777,526.32810055,0.01998502,0.01998502,34055,105,1
5868.62658280,5868.62594472,3844.73921693,3844.77301012,0.02739223,526.13275328,0.01998502,0.01998502,34054,105,0
5868.79774978,5868.79829907,3853.87406055,3853.84492549,0.05988101,525.93614084,0.01998502,0.01998502,34053,105,0
5868.96950729,5868.97066356,3863.02345352,3862.96202902,0.04388975,525.73698820,0.01998501,0.01998502,34052,105,0
5869.14381535,5869.14303817,3872.18797436,3872.22932853,0.05304057,525.53295104,0.01998502,0.01998502,34051,105,0
5869.31565337,5869.31542290,3881.36831910,3881.38060310,0.05033914,525.32988181,0.01998502,0.01998502,34050,105,0
5869.48732700,5869.48781776,3890.56518505,3890.53898091,0.05275032,525.12507648,0.01998502,0.01998502,34049,105,0
5869.66126547,5869.66022275,3899.77873933,3899.83451109,0.06385699,524.91558926,0.01998502,0.01998502,34048,105,0
5869.83188350,5869.83263787,3909.00816424,3908.96775017,0.06999980,524.70817499,0.01998502,0.01998502,34047,105,0
5870.00628080,5870.00506312,3918.25252810,3918.31786146,0.03841445,524.49420860,0.01998502,0.01998502,34046,105,0
5870.17829609,5870.17749851,3927.51095207,3927.55380739,0.05000685,524.28123865,0.01998502,0.01998502,34045,105,0
5870.35003435,5870.34994402,3936.78372823,3936.78858924,0.04292286,524.06668960,0.01998502,0.01998502,34044,105,0
5870.52305879,5870.52239967,3946.07220707,3946.10773851,0.04620728,523.84855250,0.01998502,0.01998502,34043,105,0
5870.69647580,5870.69486545,0.00000000,3955.47646540,0.04775523,523.62760641,0.01998503,0.01998502,34042,105,1
5870.86700133,5870.86734136,3964.70156855,3964.68317029,0.06765113,523.40887104,0.01998502,0.01998502,34041,105,0
5871.04107478,5871.03982741,0.00000000,3974.11386630,0.06317210,523.18315899,0.01998502,0.01998502,34040,105,1
5871.21179623,5871.21232360,3983.39881414,3983.37018910,0.05112674,522.95999151,0.01998502,0.01998502,34039,105,0
5871.38435815,5871.38482992,3992.76851975,3992.74287955,0.06243560,522.73237419,0.01998502,0.01998502,34038,105,0
5871.55778928,5871.55734638,4002.15080368,4002.17490774,0.06425819,522.50164551,0.01998502,0.01998502,34037,105,0
5871.73066412,5871.72987298,4011.54749371,4011.59061856,0.04780511,522.26964468,0.01998502,0.01998502,34036,105,0
5871.90318413,5871.90240972,4020.96085333,4021.00314363,0.08282728,522.03605326,0.01998502,0.01998502,34035,105,0
5872.07535186,5872.07495660,4030.39308857,4030.41471686,0.04788801,521.80081685,0.01998502,0.01998502,34034,105,0
5872.24860277,5872.24751363,4039.84455196,4039.90426363,0.07357385,521.56194215,0.01998502,0.01998502,34033,105,0
5872.41946721,5872.42008079,4049.31371018,4049.28001313,0.05280301,521.32426597,0.01998502,0.01998502,34032,105,0
5872.59285838,5872.59265810,4058.79893067,4058.80994642,0.06402982,521.08098410,0.01998502,0.01998502,34031,105,0
5872.76474936,5872.76524556,4068.29882014,4068.27148733,0.04892245,520.83775551,0.01998502,0.01998502,34030,105,0
5872.93640887,5872.93784316,0.00000000,4077.72833674,0.06676138,520.59296216,0.01998502,0.01998502,34029,105,1
5873.11126841,5873.11045090,4087.34380811,4087.38898239,0.07978347,520.34115360,0.01998502,0.01998502,34028,105,0
nan,nan,0.00000000,-1.00000000,0.00000000,520.14153098,nan,0.00000000,-2147483648,105,1
nan,nan,0.00000000,-1.00000000,0.00000000,513.49438445,nan,0.00000000,-2147483648,104,1
5828.39482891,5828.40149212,0.00000000,9.60652332,0.07284566,513.77620352,0.01998498,0.01998501,34289,104,1
5828.56982266,5828.57149165,15.25297482,15.19943231,0.16448054,514.05676325,0.01998500,0.01998501,34288,104,0
5828.74536531,5828.74150109,0.00000000,20.85090868,0.13868189,514.33967750,0.01998502,0.01998501,34287,104,1
5828.74536531,5828.74150109,0.00000000,20.85090868,0.13868189,514.33967750,0.01998502,0.01998501,34287,104,1
5829.09507913,nan,0.00000000,32.08114648,0.10512105,514.90012507,0.01998505,0.01998501,34285,104,1
5829.25137734,5829.25158894,37.09533533,37.08853162,0.17915245,515.14927309,0.01998500,0.01998501,34284,104,0
5829.42345034,5829.42163807,0.00000000,42.63718390,0.13753851,515.42481449,0.01998501,0.01998501,34283,104,1
5829.59141549,5829.59169712,48.03672857,48.02766380,0.05245766,515.69195955,0.01998500,0.01998501,34282,104,0
5829.76548135,5829.76176609,0.00000000,53.64387928,0.19590429,515.96972389,0.01998502,0.01998501,34281,104,1
5829.93801253,5829.93184498,0.00000000,59.20048356,0.06515456,516.24396963,0.01998503,0.01998501,34280,104,1
5830.10269236,5830.10193380,64.47239298,64.49684526,0.08908230,516.50484297,0.01998501,0.01998501,34279,104,0
5830.27187298,5830.27203255,69.95680316,69.95165712,0.06058653,516.77298190,0.01998501,0.01998501,34278,104,0
5830.43882638,5830.44214122,0.00000000,75.34696544,0.06219648,517.03765786,0.01998500,0.01998501,34277,104,1
5830.61466411,5830.61225982,0.00000000,81.02210449,0.28161059,517.31548396,0.01998502,0.01998501,34276,104,1
5830.78470410,5830.78238835,0.00000000,86.51311870,0.15910852,517.58373264,0.01998501,0.01998501,34275,104,1
5830.95694556,5830.95252681,0.00000000,92.07823373,0.05235826,517.85503570,0.01998502,0.01998501,34274,104,1
5831.12913589,5831.12267519,0.00000000,97.64472965,0.16215395,518.12583640,0.01998503,0.01998501,34273,104,1
5831.29453231,5831.29283351,0.00000000,102.99445550,0.05099435,518.38555464,0.01998501,0.01998501,34272,104,1
5831.46200392,5831.46300176,108.43255925,108.40026070,0.09147026,518.64746077,0.01998500,0.01998501,34271,104,0
5831.63134794,5831.63317995,113.94256670,113.88323331,0.23491042,518.91255653,0.01998500,0.01998501,34270,104,0
5831.79504368,nan,0.00000000,119.20055680,0.25225570,519.16911515,0.01998498,0.01998501,34269,104,1
5831.96737833,5831.97356612,0.00000000,124.78657066,0.09686052,519.43807774,0.01998499,0.01998501,34268,104,1
5832.14514865,5832.14377410,130.49345634,130.53804991,0.13204580,519.71440752,0.01998501,0.01998501,34267,104,0
5832.31212925,5832.31399203,136.01728003,135.95681357,0.11452990,519.97419511,0.01998500,0.01998501,34266,104,0
nan,nan,0.00000000,-1.00000000,0.00000000,520.26328161,nan,0.00000000,-2147483648,104,1
5832.65085750,5832.65445769,0.00000000,146.97098807,0.35193370,520.50057379,0.01998500,0.01998501,34264,104,1
5832.81915817,5832.82470542,0.00000000,152.44115328,0.13212483,520.76116878,0.01998499,0.01998501,34263,104,1
5832.99835976,5832.99496310,0.00000000,158.26887174,0.11141135,521.03819141,0.01998502,0.01998501,34262,104,1
5833.16543429,5833.16523072,163.68626781,163.69289340,0.12117080,521.29546241,0.01998501,0.01998501,34261,104,0
5833.33679153,5833.33550828,169.22972060,169.27150807,0.26828926,521.55950103,0.01998501,0.01998501,34260,104,0
5833.33679153,5833.33550828,169.22972060,169.27150807,0.26828926,521.55950103,0.01998501,0.01998501,34260,104,0
5833.67048813,5833.67609323,0.00000000,180.15674856,0.15795909,522.07305495,0.01998499,0.01998501,34258,104,1
5833.84282781,5833.84640062,0.00000000,185.77664007,0.06194532,522.33734130,0.01998500,0.01998501,34257,104,1
5834.02363102,5834.01671795,0.00000000,191.67588842,0.15080144,522.61413917,0.01998503,0.01998501,34256,104,1
5834.18925061,5834.18704523,0.00000000,197.08275653,0.11818491,522.86727114,0.01998502,0.01998501,34255,104,1
5834.35475639,5834.35738246,0.00000000,202.48880937,0.09156055,523.11982652,0.01998500,0.01998501,34254,104,1
5834.53489664,5834.52772963,0.00000000,208.37618136,0.05448435,523.39425530,0.01998503,0.01998501,34253,104,1
5834.70002058,5834.69808676,213.69652148,213.75977970,0.11261085,523.64464263,0.01998501,0.01998501,34252,104,0
5834.86750100,5834.86845383,219.27111588,219.23992920,0.04171296,523.89897198,0.01998500,0.01998501,34251,104,0
5835.02860035,nan,0.00000000,224.52917362,0.06330107,524.14391673,0.01998497,0.01998501,34250,104,1
5835.20523856,5835.20921783,0.00000000,230.31473646,0.05229365,524.41125552,0.01998499,0.01998501,34249,104,1
5835.37888034,5835.37961475,236.01571967,235.99164248,0.03033716,524.67297383,0.01998500,0.01998501,34248,104,0
5835.55164556,5835.55002163,241.60378191,241.65704786,0.16612354,524.93356968,0.01998501,0.01998501,34247,104,0
5835.72360478,5835.72043846,0.00000000,247.31246911,0.10830742,525.19311614,0.01998502,0.01998501,34246,104,1
5835.89558997,5835.89086525,0.00000000,252.95841084,0.04840472,525.45163936,0.01998502,0.01998501,34245,104,1
5836.06199665,5836.06130199,258.38685506,258.40967557,0.00492538,525.70069076,0.01998501,0.01998501,34244,104,0
5836.23472667,5836.23174869,0.00000000,264.10096242,0.06080671,525.96012333,0.01998502,0.01998501,34243,104,1
5836.40398688,5836.40220535,269.59219845,269.65078986,0.12445239,526.21253234,0.01998501,0.01998501,34242,104,0
5836.56788638,5836.57267196,0.00000000,275.05925331,0.24964024,526.45796548,0.01998499,0.01998501,34241,104,1
5836.74200950,5836.74314854,280.81174120,280.77423629,0.08312300,526.71672203,0.01998500,0.01998501,34240,104,0
5836.91062733,5836.91363507,0.00000000,286.34526904,0.01555576,526.96838104,0.01998500,0.01998501,34239,104,1
5837.08499731,5837.08413156,292.04587837,292.07441849,0.05846724,527.22658544,0.01998501,0.01998501,34238,104,0
5837.25907131,5837.25463802,0.00000000,297.83220373,0.08530506,527.48547026,0.01998502,0.01998501,34237,104,1
5837.42428929,5837.42515444,303.29458037,303.26602663,0.09249077,527.72922784,0.01998500,0.01998501,34236,104,0
5837.59586991,5837.59568082,308.92437671,308.93062127,0.05894159,527.98275762,0.01998501,0.01998501,34235,104,0
5837.76177879,5837.76621717,0.00000000,314.42806786,0.01689028,528.22824012,0.01998499,0.01998501,34234,104,1
5837.93881349,5837.93676348,320.19484507,320.26262401,0.05340987,528.48816573,0.01998501,0.01998501,34233,104,0
5838.10652085,5838.10731975,325.83553650,325.80910715,0.05717162,528.73467527,0.01998500,0.01998501,34232,104,0
5838.27835818,5838.27788600,331.47988283,331.49551273,0.07108581,528.98681400,0.01998501,0.01998501,34231,104,0
5838.44881648,5838.44846221,337.12789668,337.13963049,0.07478679,529.23648733,0.01998501,0.01998501,34230,104,0
5838.62146937,5838.61904839,0.00000000,342.87351412,0.10698721,529.48952926,0.01998502,0.01998501,34229,104,1
5838.78712872,5838.78964454,0.00000000,348.36425999,0.02021967,529.73127226,0.01998500,0.01998501,34228,104,1
5838.95987273,5838.96025066,354.09401866,354.08147916,0.05418679,529.98239462,0.01998501,0.01998501,34227,104,0
5839.13127769,5839.13086675,359.75667352,359.77031627,0.03206121,530.23167114,0.01998501,0.01998501,34226,104,0
5839.30111051,5839.30149281,365.42288725,365.41018793,0.09896991,530.47821202,0.01998501,0.01998501,34225,104,0
5839.47303856,5839.47212885,371.09260823,371.12284345,0.08975973,530.72733559,0.01998501,0.01998501,34224,104,0
5839.64549463,5839.64277486,0.00000000,376.86365008,0.07775518,530.97707946,0.01998502,0.01998501,34223,104,1
5839.81706867,5839.81343084,0.00000000,382.57013584,0.10396024,531.22472684,0.01998502,0.01998501,34222,104,1
5839.98552563,5839.98409681,388.12237685,388.16994338,0.03820043,531.46715974,0.01998501,0.01998501,34221,104,0
5840.15538993,5840.15477274,393.80587021,393.82642827,0.07737938,531.71145811,0.01998501,0.01998501,34220,104,0
5840.32085803,5840.32545866,0.00000000,399.34514251,0.03587897,531.94923644,0.01998499,0.01998501,34219,104,1
5840.49506278,5840.49615455,405.18356711,405.14715923,0.04949325,532.19861414,0.01998501,0.01998501,34218,104,0
5840.66397314,5840.66686042,0.00000000,410.78650629,0.02844905,532.44040381,0.01998500,0.01998501,34217,104,1
5840.83514046,5840.83757627,0.00000000,416.49917282,0.05070102,532.68473772,0.01998500,0.01998501,34216,104,1
5841.00821942,5841.00830211,422.27779761,422.27503539,0.09931363,532.93116123,0.01998501,0.01998501,34215,104,0
5841.18003762,5841.17903792,427.98338071,428.01679822,0.02691060,533.17551857,0.01998501,0.01998501,34214,104,0
5841.34932583,5841.34978372,433.69270646,433.67739140,0.08162005,533.41582482,0.01998501,0.01998501,34213,104,0
5841.52178681,5841.52053950,439.40576487,439.44750912,0.04388487,533.66017085,0.01998501,0.01998501,34212,104,0
5841.68783351,5841.69130526,0.00000000,445.00740374,0.03719365,533.89503215,0.01998500,0.01998501,34211,104,1
5841.86291370,5841.86208101,450.84303990,450.87094079,0.05607349,534.14210054,0.01998501,0.01998501,34210,104,0
5842.03388406,5842.03286675,456.56724360,456.60135092,0.02283143,534.38294503,0.01998501,0.01998501,34209,104,0
5842.20495110,5842.20366247,462.29515972,462.33838866,0.07317973,534.62345961,0.01998502,0.01998501,34208,104,0
5842.37370706,5842.37446818,468.02679116,468.00124300,0.03795197,534.86026709,0.01998501,0.01998501,34207,104,0
5842.54373274,5842.54528388,473.76214086,473.71004388,0.11971950,535.09839544,0.01998501,0.01998501,34206,104,0
5842.71732281,5842.71610957,479.50121172,479.54198393,0.03878118,535.34103759,0.01998502,0.01998501,34205,104,0
5842.88471270,5842.88694525,485.24400474,485.16893362,0.09941363,535.57455442,0.01998500,0.01998501,34204,104,0
5843.05773481,5843.05779093,490.99048314,490.98859497,0.07522253,535.81545238,0.01998501,0.01998501,34203,104,0
5843.22818537,5843.22864659,496.74057577,496.72504920,0.04129837,536.05229267,0.01998501,0.01998501,34202,104,0
5843.40148987,5843.39951225,0.00000000,502.55389278,0.05796073,536.29232358,0.01998502,0.01998501,34201,104,1
5843.57156207,5843.57038790,508.25131275,508.29088342,0.05747599,536.52795792,0.01998502,0.01998501,34200,104,0
5843.74124635,5843.74127354,514.01181088,514.01089405,0.10406773,536.76228829,0.01998501,0.01998501,34199,104,0
5843.91033969,5843.91216919,519.77563921,519.71391968,0.07271292,536.99531982,0.01998501,0.01998501,34198,104,0
5844.08539901,5844.08307482,0.00000000,525.61601673,0.02048939,537.23585156,0.01998502,0.01998501,34197,104,1
5844.25185180,5844.25399046,531.31375206,531.24152024,0.07963217,537.46451075,0.01998500,0.01998501,34196,104,0
5844.42559498,5844.42491609,537.08846783,537.11141115,0.06316664,537.70247879,0.01998501,0.01998501,34195,104,0
5844.59617306,5844.59585173,542.86724821,542.87811502,0.10611611,537.93564223,0.01998501,0.01998501,34194,104,0
5844.76721048,5844.76679736,548.65031306,548.66429369,0.05629438,538.16897407,0.01998501,0.01998501,34193,104,0
5844.93725947,5844.93775300,554.43786571,554.42115181,0.04034152,538.40050815,0.01998501,0.01998501,34192,104,0
5845.10566755,5845.10871863,0.00000000,560.12332496,0.08724484,538.62923769,0.01998500,0.01998501,34191,104,1
5845.27972338,5845.27969427,566.02601422,566.02700122,0.05423905,538.86541544,0.01998501,0.01998501,34190,104,0
5845.45282897,5845.45067992,0.00000000,571.89323368,0.05738152,539.09945567,0.01998502,0.01998501,34189,104,1
5845.62184812,5845.62167557,577.62983126,577.63568957,0.06134520,539.32794013,0.01998501,0.01998501,34188,104,0
5845.79329309,5845.79268122,583.43696057,583.45774420,0.04630401,539.55896795,0.01998501,0.01998501,34187,104,0
5845.96464417,5845.96369688,589.24724492,589.27943695,0.10125528,539.78935334,0.01998502,0.01998501,34186,104,0
5846.13346230,5846.13472255,595.06074544,595.01789621,0.03197365,540.01583020,0.01998501,0.01998501,34185,104,0
5846.30525073,5846.30575822,600.87771654,600.86045182,0.01470652,540.24578836,0.01998501,0.01998501,34184,104,0
5846.47767963,5846.47680391,606.69841682,606.72822701,0.10039130,540.47610234,0.01998502,0.01998501,34183,104,0
5846.64826797,5846.64785960,612.52310595,612.53701617,0.05340597,540.70347244,0.01998501,0.01998501,34182,104,0
5846.81873269,5846.81892530,618.35204459,618.34547925,0.09511932,540.93020433,0.01998501,0.01998501,34181,104,0
5846.99086671,5846.99000102,624.18545923,624.21498839,0.04563845,541.15868375,0.01998502,0.01998501,34180,104,0
5847.16179531,5847.16108675,630.02327799,630.04746390,0.07410885,541.38508887,0.01998501,0.01998501,34179,104,0
5847.33078604,5847.33218249,635.86527781,635.81758173,0.07204281,541.60845270,0.01998501,0.01998501,34178,104,0
5847.50337060,5847.50328825,641.71123356,641.71404801,0.05600824,541.83606970,0.01998501,0.01998501,34177,104,0
5847.67666113,5847.67440402,0.00000000,647.63387838,0.07578896,542.06394000,0.01998502,0.01998501,34176,104,1
5847.84434530,5847.84552980,653.41410773,653.37358260,0.00433192,542.28425616,0.01998501,0.01998501,34175,104,0
5848.01536401,5848.01666561,659.27062498,659.22607103,0.08929089,542.50827233,0.01998501,0.01998501,34174,104,0
5848.18827686,5848.18781143,665.13061349,665.14655425,0.06360660,542.73424467,0.01998501,0.01998501,34173,104,0
5848.35909906,5848.35896727,670.99433276,670.99884916,0.03584559,542.95697536,0.01998501,0.01998501,34172,104,0
5848.52883374,5848.53013313,676.86204347,676.81748478,0.06856001,543.17779510,0.01998501,0.01998501,34171,104,0
5848.70091863,5848.70130901,682.73400738,682.72061125,0.06184526,543.40117939,0.01998501,0.01998501,34170,104,0
5848.87144030,5848.87249491,688.61048729,688.57427105,0.07111861,543.62205329,0.01998501,0.01998501,34169,104,0
5849.04501026,5849.04369084,694.49165960,694.53700291,0.06578285,543.84638906,0.01998502,0.01998501,34168,104,0
5849.21467178,5849.21489678,700.37735909,700.36962131,0.02319650,544.06519119,0.01998501,0.01998501,34167,104,0
5849.38641805,5849.38611275,706.26733618,706.27784200,0.08259175,544.28618574,0.01998501,0.01998501,34166,104,0
5849.55800672,5849.55733875,712.16134024,712.18434018,0.09007781,544.50646825,0.01998502,0.01998501,34165,104,0
5849.72892228,5849.72857477,718.05911964,718.07109221,0.02867874,544.72537001,0.01998501,0.01998501,34164,104,0
5849.89855616,5849.89982082,723.96042202,723.91682975,0.04782728,544.94211004,0.01998501,0.01998501,34163,104,0
5850.07092851,5850.07107689,729.86511668,729.85999927,0.05412815,545.16181217,0.01998501,0.01998501,34162,104,0
5850.24360313,5850.24234299,735.77337248,735.81685649,0.10079942,545.38136225,0.01998502,0.01998501,34161,104,0
5850.41251897,5850.41361913,741.68540404,741.64741809,0.07945643,545.59561946,0.01998501,0.01998501,34160,104,0
5850.58579615,5850.58490529,747.60142686,747.63220624,0.07628904,545.81488755,0.01998502,0.01998501,34159,104,0
5850.75700756,5850.75620148,753.52165732,753.54952614,0.06001187,546.03102983,0.01998502,0.01998501,34158,104,0
5850.92732567,5850.92750771,759.44631043,759.44001249,0.00744132,546.24554611,0.01998501,0.01998501,34157,104,0
5851.09709755,5851.09882396,765.37548044,765.31570974,0.06171421,546.45888181,0.01998501,0.01998501,34156,104,0
5851.27045812,5851.27015026,771.30908185,771.31974796,0.06252037,546.67621491,0.01998501,0.01998501,34155,104,0
5851.43936176,5851.44148658,0.00000000,777.18151498,0.05827264,546.88775211,0.01998501,0.01998501,34154,104,1
5851.61334603,5851.61283294,783.18917690,783.20697623,0.04811085,547.10453135,0.01998501,0.01998501,34153,104,0
5851.78560654,5851.78418934,789.13546847,789.18466276,0.05771813,547.31892530,0.01998502,0.01998501,34152,104,0
5851.95439605,5851.95555577,795.08579178,795.04551063,0.01191251,547.52848420,0.01998501,0.01998501,34151,104,0
5852.12693695,5852.12693225,801.04012883,801.04029235,0.03944329,547.74217171,0.01998501,0.01998501,34150,104,0
5852.29852258,5852.29831876,806.99853019,807.00561856,0.08092874,547.95414640,0.01998501,0.01998501,34149,104,0
5852.47107178,5852.46971531,812.96104889,813.00825269,0.00670164,548.16677930,0.01998502,0.01998501,34148,104,0
5852.64079279,5852.64112190,818.92773815,818.91627808,0.04205866,548.37540696,0.01998501,0.01998501,34147,104,0
5852.81244532,5852.81253853,824.89865145,824.89540345,0.03723188,548.58588486,0.01998501,0.01998501,34146,104,0
5852.98356929,5852.98396521,830.87383751,830.86003321,0.05328559,548.79519040,0.01998501,0.01998501,34145,104,0
5853.15627969,5853.15540193,836.85330736,836.88393261,0.03817344,549.00590458,0.01998502,0.01998501,34144,104,0
5853.32567858,5853.32684869,842.83705440,842.79620251,0.04600462,549.21205806,0.01998501,0.01998501,34143,104,0
5853.49816371,5853.49830550,848.82507189,848.82011852,0.06486139,549.42143613,0.01998501,0.01998501,34142,104,0
5853.66936537,5853.66977235,854.81735307,854.80312583,0.08146164,549.62872449,0.01998501,0.01998501,34141,104,0
5853.83989492,5853.84124925,860.81389113,860.76651492,0.06086965,549.83467085,0.01998501,0.01998501,34140,104,0
5854.01338865,5854.01273620,866.81470370,866.83754247,0.05329315,550.04365524,0.01998502,0.01998501,34139,104,0
5854.18309941,5854.18423319,872.81989534,872.78018089,0.04901608,550.24755624,0.01998501,0.01998501,34138,104,0
5854.35502674,5854.35574024,878.82959029,878.80458018,0.04964719,550.45359222,0.01998501,0.01998501,34137,104,0
5854.52489541,5854.52725734,0.00000000,884.77167926,0.04984056,550.65700310,0.01998501,0.01998501,34136,104,1
5854.69850589,5854.69878448,890.86298977,890.85321007,0.06007428,550.86363339,0.01998501,0.01998501,34135,104,0
5854.87056731,5854.87032168,896.88694339,896.89557236,0.04410988,551.06825153,0.01998501,0.01998501,34134,104,0
5855.04109173,5855.04186894,902.91576003,902.88843635,0.04264149,551.27052261,0.01998501,0.01998501,34133,104,0
5855.21280753,5855.21342624,908.94920071,908.92743401,0.04535731,551.47367494,0.01998501,0.01998501,34132,104,0
5855.38488288,5855.38499360,914.98700485,914.98310718,0.05634977,551.67670691,0.01998501,0.01998501,34131,104,0
5855.55611189,5855.55657102,921.02891075,921.01273818,0.04905662,551.87818786,0.01998501,0.01998501,34130,104,0
5855.72761263,5855.72815849,927.07465559,927.05541721,0.04758256,552.07942611,0.01998501,0.01998501,34129,104,0
5855.90027780,5855.89975602,933.12399652,933.14239552,0.05042741,552.28145271,0.01998502,0.01998501,34128,104,0
5856.07203299,5856.07136361,939.17698680,939.20060403,0.05958025,552.48183982,0.01998502,0.01998501,34127,104,0
5856.24201870,5856.24298126,945.23389929,945.19991704,0.02997407,552.67960572,0.01998501,0.01998501,34126,104,0
5856.41333822,5856.41460897,951.29501311,951.25012106,0.05210132,552.87837081,0.01998501,0.01998501,34125,104,0
5856.58760509,5856.58624674,957.36060862,957.40862924,0.06393096,553.07999424,0.01998502,0.01998501,34124,104,0
5856.75807277,5856.75789457,963.43096738,963.43727187,0.02874959,553.27668219,0.01998502,0.01998501,34123,104,0
5856.92842253,5856.92955246,969.50630336,969.46629779,0.05290674,553.47270601,0.01998501,0.01998502,34122,104,0
5857.10171627,5857.10122042,975.58650080,975.60406947,0.05491618,553.67157041,0.01998502,0.01998502,34121,104,0
5857.27317145,5857.27289844,981.67134420,981.68102388,0.08570187,553.86777334,0.01998502,0.01998502,34120,104,0
5857.44562771,5857.44458653,987.76061707,987.79755690,0.06038499,554.06455980,0.01998502,0.01998502,34119,104,0
5857.61584429,5857.61628468,993.85410199,993.83846818,0.04084685,554.25822954,0.01998502,0.01998502,34118,104,0
5857.78768711,5857.78799290,999.95158205,999.94072030,0.04355112,554.45317594,0.01998502,0.01998502,34117,104,0
5857.95870535,5857.95971119,1006.05297016,1006.01722071,0.05320008,554.64661058,0.01998501,0.01998502,34116,104,0
5858.13027543,5858.13143954,1012.15840962,1012.11700927,0.04117223,554.84009495,0.01998501,0.01998502,34115,104,0
5858.30210992,5858.30317797,1018.26806783,1018.23005912,0.06742941,555.03330473,0.01998501,0.01998502,34114,104,0
5858.47495320,5858.47492647,1024.38211297,1024.38306505,0.04773049,555.22707450,0.01998502,0.01998502,34113,104,0
5858.64558417,5858.64668504,1030.50071392,1030.46148384,0.06770199,555.41780294,0.01998501,0.01998502,34112,104,0
5858.81855473,5858.81845368,1036.62402787,1036.62763159,0.05893856,555.61058091,0.01998502,0.01998502,34111,104,0
5858.98979526,5858.99023239,1042.75206160,1042.73646204,0.02300545,555.80086846,0.01998502,0.01998502,34110,104,0
5859.16183931,5859.16202118,1048.88472124,1048.87822643,0.05374489,555.99148102,0.01998502,0.01998502,34109,104,0
5859.33452143,5859.33382004,1055.02191070,1055.04697488,0.04155709,556.18222360,0.01998502,0.01998502,34108,104,0
5859.50528465,5859.50562898,1061.16353342,1061.15122062,0.06996627,556.37027376,0.01998502,0.01998502,34107,104,0
5859.67845892,5859.67744800,1067.30949245,1067.34566460,0.06135739,556.56039282,0.01998502,0.01998502,34106,104,0
5859.85084804,5859.84927709,1073.45971745,1073.51596382,0.07756161,556.74905997,0.01998502,0.01998502,34105,104,0
5860.02122185,5860.02111627,1079.61423181,1079.61801460,0.06208667,556.93494253,0.01998502,0.01998502,34104,104,0
5860.19278755,5860.19296552,1085.77307937,1085.76669898,0.04041568,557.12154375,0.01998502,0.01998502,34103,104,0
5860.36456659,5860.36482485,1091.93630416,1091.92703951,0.02905351,557.30779207,0.01998502,0.01998502,34102,104,0
5860.53657204,5860.53669426,1098.10395041,1098.09956285,0.01818242,557.49369927,0.01998502,0.01998502,34101,104,0
5860.70919207,5860.70857376,1104.27606458,1104.29827531,0.06250835,557.67968054,0.01998502,0.01998502,34100,104,0
5860.88065359,5860.88046334,1110.45274943,1110.45958847,0.06094278,557.86382991,0.01998502,0.01998502,34099,104,0
5861.05313041,5861.05236300,1116.63416988,1116.66177560,0.05100138,558.04848617,0.01998502,0.01998502,34098,104,0
5861.22424200,5861.22427275,1122.82049473,1122.81938780,0.04219009,558.23110588,0.01998502,0.01998502,34097,104,0
5861.39670065,5861.39619258,1129.01189356,1129.03019790,0.04223733,558.41458721,0.01998502,0.01998502,34096,104,0
5861.56822497,5861.56812250,1135.20853668,1135.21223130,0.05198778,558.59650417,0.01998502,0.01998502,34095,104,0
5861.74104027,5861.74006251,1141.41054151,1141.44582402,0.05827309,558.77921679,0.01998502,0.01998502,34094,104,0
5861.91279427,5861.91201261,1147.61773851,1147.64596634,0.06611128,558.96023018,0.01998502,0.01998502,34093,104,0
5862.08520459,5862.08397279,1153.82986150,1153.87437665,0.03466846,559.14134707,0.01998502,0.01998502,34092,104,0
5862.25621794,5862.25594307,1160.04664300,1160.05658303,0.01286555,559.32040495,0.01998502,0.01998502,34091,104,0
5862.42744239,5862.42792343,1166.26781430,1166.25040787,0.04216196,559.49908451,0.01998502,0.01998502,34090,104,0
5862.59926371,5862.59991389,1172.49311006,1172.46956947,0.06653437,559.67777506,0.01998501,0.01998502,34089,104,0
5862.77207573,5862.77191444,1178.72248383,1178.72832705,0.04947267,559.85687496,0.01998502,0.01998502,34088,104,0
5862.94365577,5862.94392509,1184.95620193,1184.94643867,0.02210294,560.03408814,0.01998502,0.01998502,34087,104,0
5863.11550084,5863.11594582,1191.19455577,1191.17841248,0.03342278,560.21097270,0.01998502,0.01998502,34086,104,0
5863.28795229,5863.28797666,1197.43783808,1197.43695349,0.06432739,560.38788216,0.01998502,0.01998502,34085,104,0
5863.46023953,5863.46001759,1203.68634292,1203.69440706,0.05587837,560.56403032,0.01998502,0.01998502,34084,104,0
5863.63266840,5863.63206862,1209.94031570,1209.96212646,0.02886508,560.73973512,0.01998502,0.01998502,34083,104,0
5863.80426302,5863.80412974,1216.19968923,1216.20453948,0.03844480,560.91400195,0.01998502,0.01998502,34082,104,0
5863.97575832,5863.97620097,1222.46427458,1222.44815296,0.05913567,561.08757497,0.01998502,0.01998502,34081,104,0
5864.14840914,5864.14828229,1228.73388169,1228.73850498,0.04549639,561.26171172,0.01998502,0.01998502,34080,104,0
5864.32050511,5864.32037372,1235.00831957,1235.01311158,0.05234182,561.43467695,0.01998502,0.01998502,34079,104,0
5864.49081910,5864.49247525,1241.28739876,1241.22695462,0.05373442,561.60524308,0.01998501,0.01998502,34078,104,0
5864.66429500,5864.66458688,1247.57104685,1247.56038699,0.07166157,561.77835031,0.01998502,0.01998502,34077,104,0
5864.83754914,5864.83670861,1253.85936091,1253.89007975,0.04654239,561.95060733,0.01998502,0.01998502,34076,104,0
5865.00890035,5865.00884045,1260.15245168,1260.15464253,0.03183776,562.12035559,0.01998502,0.01998502,34075,104,0
5865.18002177,5865.18098239,1266.45043037,1266.41527232,0.07119699,562.28926542,0.01998501,0.01998502,34074,104,0
5865.35331489,5865.35313444,1272.75340873,1272.76001785,0.02754373,562.45969821,0.01998502,0.01998502,34073,104,0
5865.52472855,5865.52529660,1279.06148159,1279.04066057,0.01730714,562.62766893,0.01998502,0.01998502,34072,104,0
5865.69697260,5865.69746886,1285.37464815,1285.35644481,0.05412224,562.79583687,0.01998502,0.01998502,34071,104,0
5865.86847417,5865.86965123,1291.69287462,1291.64966654,0.05940304,562.96266333,0.01998501,0.01998502,34070,104,0
5866.04205805,5866.04184372,1298.01612706,1298.02400072,0.02992781,563.13088620,0.01998502,0.01998502,34069,104,0
5866.21369491,5866.21404631,1304.34437133,1304.33145327,0.07695507,563.29659725,0.01998502,0.01998502,34068,104,0
5866.38606655,5866.38625901,1310.67757294,1310.67049255,0.05024010,563.46238972,0.01998502,0.01998502,34067,104,0
5866.55869802,5866.55848183,1317.01569238,1317.02365127,0.02655139,563.62779861,0.01998502,0.01998502,34066,104,0
5866.73180166,5866.73071476,1323.35868436,1323.39872701,0.05929548,563.79302049,0.01998502,0.01998502,34065,104,0
5866.90256227,5866.90295780,1329.70650306,1329.69192099,0.03559163,563.95537583,0.01998502,0.01998502,34064,104,0
5867.07470544,5867.07521096,1336.05910243,1336.04045280,0.03006114,564.11840939,0.01998502,0.01998502,34063,104,0
5867.24817532,5867.24747424,1342.41643620,1342.44231831,0.05985452,564.28205033,0.01998502,0.01998502,34062,104,0
5867.41906347,5867.41974763,1348.77849697,1348.75322230,0.05641023,564.44261693,0.01998502,0.01998502,34061,104,0
5867.59140259,5867.59203114,1355.14542091,1355.12218385,0.03025356,564.60390646,0.01998502,0.01998502,34060,104,0
5867.76401223,5867.76432477,1361.51737782,1361.50581495,0.06101657,564.76480717,0.01998502,0.01998502,34059,104,0
5867.93738270,5867.93662851,1367.89453830,1367.92246257,0.02685381,564.92577294,0.01998502,0.01998502,34058,104,0
5868.10839257,5868.10894238,1374.27707376,1374.25670063,0.05764825,565.08391700,0.01998502,0.01998502,34057,104,0
5868.27975828,5868.28126637,1380.66514339,1380.60921586,0.05296365,565.24176458,0.01998501,0.01998502,34056,104,0
5868.45293450,5868.45360048,1387.05873410,1387.03401630,0.03644462,565.40064147,0.01998502,0.01998502,34055,104,0
5868.62570253,5868.62594472,1393.45770987,1393.44871426,0.04022582,565.55849915,0.01998502,0.01998502,34054,104,0
5868.79842907,5868.79829907,1399.86193140,1399.86676340,0.04281569,565.71566987,0.01998502,0.01998502,34053,104,0
5868.97073851,5868.97066356,1406.27125873,1406.27404681,0.05609526,565.87180923,0.01998502,0.01998502,34052,104,0
5869.14322037,5869.14303817,1412.68555162,1412.69233424,0.06818714,566.02744766,0.01998502,0.01998502,34051,104,0
5869.31612309,5869.31542290,1419.10472021,1419.13080272,0.04443420,566.18280205,0.01998502,0.01998502,34050,104,0
5869.48637134,nan,0.00000000,1425.47823211,0.05780133,566.33520145,0.01998501,0.01998502,34049,104,1
5869.66017976,5869.66022275,1431.95772408,1431.95612009,0.02800983,566.48995679,0.01998502,0.01998502,34048,104,0
5869.83305799,5869.83263787,1438.39159572,1438.40727832,0.05829998,566.64329418,0.01998502,0.01998502,34047,104,0
5870.00544297,5870.00506312,1444.83040484,1444.84459440,0.05103875,566.79552724,0.01998502,0.01998502,34046,104,0
5870.17737880,5870.17749851,1451.27420206,1451.26972716,0.06570220,566.94669986,0.01998502,0.01998502,34045,104,0
5870.35018610,5870.34994402,1457.72320994,1457.73226651,0.04369119,567.09797424,0.01998502,0.01998502,34044,104,0
5870.52189881,5870.52239967,1464.17770903,1464.15895575,0.04667405,567.24763527,0.01998502,0.01998502,34043,104,0
5870.69373668,5870.69486545,1470.63798129,1470.59568154,0.04800632,567.39675617,0.01998501,0.01998502,34042,104,0
5870.86711832,5870.86734136,1477.10431006,1477.09594412,0.03614325,567.54656304,0.01998502,0.01998502,34041,104,0
5871.03901447,5871.03982741,1483.57695680,1483.54643672,0.05029706,567.69444205,0.01998502,0.01998502,34040,104,0
5871.21234249,5871.21232360,1490.05580262,1490.05651255,0.03133727,567.84289834,0.01998502,0.01998502,34039,104,0
5871.38489167,5871.38482992,1496.54041611,1496.54273844,0.04838087,567.99002277,0.01998502,0.01998502,34038,104,0
5871.55806854,5871.55734638,1503.03035455,1503.05753140,0.03689584,568.13700340,0.01998502,0.01998502,34037,104,0
5871.72965814,5871.72987298,1509.52517299,1509.51708245,0.05457409,568.28195423,0.01998502,0.01998502,34036,104,0
5871.90226211,5871.90240972,1516.02442718,1516.01886526,0.02543725,568.42706488,0.01998502,0.01998502,34035,104,0
5872.07528089,5872.07495660,1522.52795153,1522.54017815,0.05703885,568.57181742,0.01998502,0.01998502,34034,104,0
5872.24726548,5872.24751363,1529.03609276,1529.02673041,0.02745777,568.71500950,0.01998502,0.01998502,34033,104,0
5872.42033952,5872.42008079,1535.54925396,1535.55902271,0.05387753,568.85841616,0.01998502,0.01998502,34032,104,0
5872.59284135,5872.59265810,1542.06784023,1542.07476450,0.03700579,569.00066455,0.01998502,0.01998502,34031,104,0
5872.76544312,5872.76524556,1548.59225866,1548.59973054,0.05846457,569.14231867,0.01998502,0.01998502,34030,104,0
5872.93762557,5872.93784316,1555.12281658,1555.11458010,0.03086599,569.28295879,0.01998502,0.01998502,34029,104,0
5873.10967953,5873.11045090,1561.65940450,1561.63018072,0.06982310,569.42282120,0.01998502,0.01998502,34028,104,0
5873.28340596,5873.28306880,1568.20180489,1568.21458880,0.03867373,569.56335398,0.01998502,0.01998502,34027,104,0
5873.45506627,5873.45569684,1574.74979912,1574.72587182,0.07469741,569.70152861,0.01998502,0.01998502,34026,104,0
5873.62870912,5873.62833503,1581.30316746,1581.31737319,0.06569146,569.84059781,0.01998502,0.01998502,34025,104,0
5873.80013542,5873.80098337,1587.86171405,1587.82949061,0.03321254,569.97719408,0.01998502,0.01998502,34024,104,0
5873.97340390,5873.97364186,1594.42547258,1594.41642313,0.04741854,570.11455266,0.01998502,0.01998502,34023,104,0
5874.14604743,5874.14631050,1600.99460135,1600.98458917,0.01619473,570.25071174,0.01998502,0.01998502,34022,104,0
5874.31930975,5874.31898929,1607.56926065,1607.58146673,0.04930208,570.38665369,0.01998502,0.01998502,34021,104,0
5874.49227428,5874.49167824,1614.14961160,1614.17233331,0.08221017,570.52165875,0.01998502,0.01998502,34020,104,0
5874.66436063,5874.66437734,1620.73581080,1620.73517341,0.03893910,570.65528224,0.01998502,0.01998502,34019,104,0
5874.83730049,5874.83708660,1627.32789270,1627.33606015,0.06106893,570.78886755,0.01998502,0.01998502,34018,104,0
5875.01026125,5875.00980601,1633.92576828,1633.94316552,0.02511247,570.92176237,0.01998502,0.01998502,34017,104,0
5875.18185657,5875.18253558,1640.52934258,1640.50337334,0.05135390,571.05290581,0.01998502,0.01998502,34016,104,0
5875.35550063,5875.35527531,1647.13852018,1647.14714444,0.06844824,571.18489906,0.01998502,0.01998502,34015,104,0
5875.52838490,5875.52802519,1653.75320604,1653.76698469,0.02696370,571.31559543,0.01998502,0.01998502,34014,104,0
5875.70101809,5875.70078524,1660.37338446,1660.38231075,0.04565793,571.44538352,0.01998502,0.01998502,34013,104,0
5875.87392918,5875.87355545,1666.99918008,1667.01351880,0.01689059,571.57466137,0.01998502,0.01998502,34012,104,0
5876.04628850,5876.04633582,1673.63073248,1673.62891558,0.05971320,571.70281106,0.01998502,0.01998502,34011,104,0
5876.21899144,5876.21912635,1680.26818191,1680.26299751,0.06577000,571.83050027,0.01998502,0.01998502,34010,104,0
5876.39185633,5876.39192704,1686.91166933,1686.90894982,0.02692017,571.95759214,0.01998502,0.01998502,34009,104,0
5876.56476490,5876.56473790,1693.56127350,1693.56231312,0.04373157,572.08399775,0.01998502,0.01998502,34008,104,0
5876.73767728,5876.73755892,1700.21688541,1700.22144559,0.06887196,572.20968343,0.01998502,0.01998502,34007,104,0
5876.91069244,5876.91039011,1706.87836041,1706.89001779,0.03418308,572.33471560,0.01998502,0.01998502,34006,104,0
5877.08340733,5877.08323146,1713.54555309,1713.55233978,0.04859335,572.45879946,0.01998502,0.01998502,34005,104,0
5877.25620208,5877.25608299,1720.21831726,1720.22291629,0.06562524,572.58220475,0.01998502,0.01998502,34004,104,0
5877.42913225,5877.42894468,1726.89654537,1726.90379464,0.02783599,572.70496586,0.01998502,0.01998502,34003,104,0
5877.60135817,5877.60181654,1733.58032260,1733.56259378,0.04145956,572.82648996,0.01998502,0.01998502,34002,104,0
5877.77448178,5877.77469857,1740.26979374,1740.26140176,0.05228001,572.94790679,0.01998502,0.01998502,34001,104,0
5877.94774247,5877.94759077,1746.96510431,1746.97098111,0.01688265,573.06867685,0.01998502,0.01998502,34000,104,0
5878.12011218,5878.12049315,1753.66640060,1753.65162880,0.06130209,573.18808890,0.01998502,0.01998502,33999,104,0
5878.29461038,5878.29340570,1760.37381448,1760.42056513,0.05200502,573.30822695,0.01998503,0.01998502,33998,104,0
5878.46679422,5878.46632842,1767.08736266,1767.10545471,0.06415497,573.42603149,0.01998502,0.01998502,33997,104,0
5878.63965811,5878.63926132,1773.80700858,1773.82243343,0.02667678,573.54355893,0.01998502,0.01998502,33996,104,0
5878.81176383,5878.81220439,1780.53271521,1780.51557463,0.04680211,573.65982913,0.01998502,0.01998502,33995,104,0
5878.98549505,5878.98515764,1787.26444529,1787.27758351,0.05899180,573.77644401,0.01998502,0.01998502,33994,104,0
5879.15825749,5879.15812107,1794.00216170,1794.00747817,0.01755948,573.89165511,0.01998502,0.01998502,33993,104,0
5879.33129742,5879.33109467,1800.74583136,1800.75373905,0.05865731,574.00629534,0.01998502,0.01998502,33992,104,0
5879.50414002,5879.50407846,1807.49542368,1807.49782672,0.05832444,574.12004695,0.01998502,0.01998502,33991,104,0
5879.67752001,5879.67707242,1814.25090792,1814.26839368,0.06434950,574.23338860,0.01998502,0.01998502,33990,104,0
5879.84983996,5879.85007657,1821.01225317,1821.00300228,0.02312479,574.34527683,0.01998502,0.01998502,33989,104,0
5880.02251359,5880.02309090,1827.77943226,1827.75684275,0.06171751,574.45663172,0.01998502,0.01998502,33988,104,0
5880.19617048,5880.19611541,1834.55248247,1834.55463936,0.03802165,574.56784891,0.01998502,0.01998502,33987,104,0
5880.36872394,5880.36915010,1841.33149428,1841.31479169,0.04282227,574.67759212,0.01998502,0.01998502,33986,104,0
5880.54192473,5880.54219498,1848.11656023,1848.10595939,0.03543172,574.78697720,0.01998502,0.01998502,33985,104,0
5880.71424313,5880.71525005,1854.90777332,1854.86824210,0.06321936,574.89503894,0.01998502,0.01998502,33984,104,0
5880.88731122,5880.88831530,1861.70522719,1861.66577317,0.04906808,575.00280094,0.01998502,0.01998502,33983,104,0
5881.06106234,5881.06139074,1868.50901926,1868.49610386,0.04335985,575.11021139,0.01998502,0.01998502,33982,104,0
5881.23446598,5881.23447637,1875.31925069,1875.31884169,0.05599513,575.21663024,0.01998502,0.01998502,33981,104,0
5881.40840557,5881.40757218,1882.13602333,1882.16885859,0.06501040,575.32259763,0.01998503,0.01998502,33980,104,0
5881.58088878,5881.58067819,1888.95943957,1888.96774431,0.01977475,575.42690513,0.01998502,0.01998502,33979,104,0
5881.75435018,5881.75379439,1895.78959647,1895.81153517,0.06817834,575.53102729,0.01998502,0.01998502,33978,104,0
5881.92738236,5881.92692078,1902.62642283,1902.64465915,0.05334724,575.63411205,0.01998502,0.01998502,33977,104,0
5882.10034300,5882.10005736,1909.46965678,1909.48095169,0.02948958,575.73636957,0.01998502,0.01998502,33976,104,0
5882.27371427,5882.27320414,1916.31902481,1916.33921289,0.04917390,575.83807621,0.01998503,0.01998502,33975,104,0
5882.44690837,5882.44636111,1923.17425188,1923.19592607,0.06684310,575.93887927,0.01998503,0.01998502,33974,104,0
5882.61986970,5882.61952828,1930.03506986,1930.04860212,0.06728630,576.03874323,0.01998502,0.01998502,33973,104,0
5882.79254549,5882.79270564,1936.90148870,1936.89513658,0.01686158,576.13763936,0.01998502,0.01998502,33972,104,0
5882.96564111,5882.96589320,1943.77385583,1943.76384815,0.05794047,576.23597361,0.01998502,0.01998502,33971,104,0
5883.13878938,5883.13909096,1950.65254068,1950.64055777,0.04739463,576.33353717,0.01998502,0.01998502,33970,104,0
5883.31242411,5883.31229892,1957.53791476,1957.54289391,0.04544826,576.43057362,0.01998502,0.01998502,33969,104,0
5883.48711688,5883.48551707,0.00000000,1964.49661031,0.05053886,576.52743005,0.01998503,0.01998502,33968,104,1
5883.65943356,5883.65874543,1971.32987670,1971.35729728,0.04403624,576.62210310,0.01998503,0.01998502,33967,104,0
5883.83252917,5883.83198399,1978.23619121,1978.25793474,0.05559065,576.71643808,0.01998503,0.01998502,33966,104,0
5884.00531816,5884.00523276,1985.14893428,1985.15234341,0.06009041,576.80979716,0.01998502,0.01998502,33965,104,0
5884.17834389,5884.17849172,1992.06775235,1992.06184639,0.03186263,576.90246737,0.01998502,0.01998502,33964,104,0
5884.35127031,5884.35176089,1998.99229797,1998.97268506,0.05739675,576.99426096,0.01998502,0.01998502,33963,104,0
5884.52428919,5884.52504027,2005.92246561,2005.89241507,0.07093365,577.08527630,0.01998502,0.01998502,33962,104,0
5884.69812596,5884.69832985,2012.85843037,2012.85026602,0.05856365,577.17588868,0.01998502,0.01998502,33961,104,0
5884.87155054,5884.87162964,2019.80038390,2019.79721381,0.05394716,577.26545435,0.01998502,0.01998502,33960,104,0
5885.04463149,5885.04493964,2026.74851892,2026.73615970,0.05660676,577.35401439,0.01998502,0.01998502,33959,104,0
5885.21808541,5885.21825985,2033.70302959,2033.69602723,0.05099531,577.44193540,0.01998502,0.01998502,33958,104,0
5885.39120665,5885.39159027,2040.66412050,2040.64870720,0.04252305,577.52885962,0.01998502,0.01998502,33957,104,0
5885.56408052,5885.56493090,2047.63200691,2047.59780770,0.03864337,577.61483424,0.01998502,0.01998502,33956,104,0
5885.73800718,5885.73828174,2054.60690577,2054.59585361,0.04476201,577.70050021,0.01998502,0.01998502,33955,104,0
5885.91144753,5885.91164279,2061.58903523,2061.58116717,0.04867267,577.78509541,0.01998502,0.01998502,33954,104,0
5886.08513893,5886.08501406,2068.57860365,2068.58364059,0.03133285,577.86898095,0.01998502,0.01998502,33953,104,0
5886.25781606,5886.25839554,2075.57562284,2075.55222583,0.04446965,577.95154861,0.01998502,0.01998502,33952,104,0
5886.43182589,5886.43178723,2082.57993374,2082.58149596,0.04069053,578.03391364,0.01998502,0.01998502,33951,104,0
5886.60488370,5886.60518915,2089.59137073,2089.57901420,0.05364375,578.11498724,0.01998502,0.01998502,33950,104,0
5886.77825996,5886.77860127,2096.60976721,2096.59594695,0.03634700,578.19536464,0.01998502,0.01998502,33949,104,0
5886.95178905,5886.95202362,2103.63496223,2103.62545567,0.03767282,578.27496120,0.01998502,0.01998502,33948,104,0
5887.12532316,5887.12545619,2110.66687726,2110.66148101,0.04704293,578.35370452,0.01998502,0.01998502,33947,104,0
5887.29848278,5887.29889898,2117.70549020,2117.68859258,0.05060077,578.43142241,0.01998502,0.01998502,33946,104,0
5887.47170517,5887.47235198,2124.75077990,2124.72449606,0.06147447,578.50831068,0.01998502,0.01998502,33945,104,0
5887.64520143,5887.64581521,2131.80272507,2131.77776168,0.04387725,578.58445782,0.01998502,0.01998502,33944,104,0
5887.81861716,5887.81928866,2138.86131798,2138.83398278,0.06476695,578.65970426,0.01998502,0.01998503,33943,104,0
5887.99245172,5887.99277234,2145.92666701,2145.91360359,0.05563042,578.73426279,0.01998502,0.01998503,33942,104,0
5888.16565188,5888.16626624,2152.99893951,2152.97388443,0.07472776,578.80768249,0.01998502,0.01998503,33941,104,0
5888.33920773,5888.33977036,2160.07830422,2160.05533674,0.06247149,578.88038427,0.01998502,0.01998503,33940,104,0
5888.51342018,5888.51328471,2167.16493089,2167.17046660,0.05093831,578.95248559,0.01998502,0.01998503,33939,104,0
5888.68728158,5888.68680929,2174.25895863,2174.27827623,0.03866633,579.02356574,0.01998503,0.01998503,33938,104,0
5888.86070338,5888.86034409,2181.36035375,2181.37506375,0.04246156,579.09359137,0.01998503,0.01998503,33937,104,0
5889.03370124,5889.03388913,2188.46902305,2188.46132298,0.02881417,579.16257164,0.01998502,0.01998503,33936,104,0
5889.20648867,5889.20744439,2195.58487273,2195.54566910,0.04020611,579.23059290,0.01998502,0.01998503,33935,104,0
5889.38123278,5889.38100989,2202.70780836,2202.71695981,0.05564055,579.29849132,0.01998503,0.01998503,33934,104,0
5889.55427596,5889.55458561,2209.83773192,2209.82500643,0.06664896,579.36484016,0.01998502,0.01998503,33933,104,0
5889.72821529,5889.72817157,2216.97453449,2216.97633258,0.06531308,579.43063776,0.01998503,0.01998503,33932,104,0
5889.90238975,5889.90176777,2224.11810424,2224.14371044,0.07095654,579.49562169,0.01998503,0.01998503,33931,104,0
5890.07498295,5890.07537419,2231.26832870,2231.25220785,0.02802726,579.55912117,0.01998502,0.01998503,33930,104,0
5890.24862554,5890.24899085,2238.42509549,2238.41003035,0.02489697,579.62210470,0.01998502,0.01998503,33929,104,0
5890.42267838,5890.42261775,2245.58840437,2245.59090655,0.02853692,579.68432658,0.01998503,0.01998503,33928,104,0
5890.59593633,5890.59625489,2252.75848237,2252.74532207,0.02884831,579.74535846,0.01998503,0.01998503,33927,104,0
5890.77031967,5890.76990226,2259.93558517,2259.95284552,0.06086297,579.80587374,0.01998503,0.01998503,33926,104,0
5890.94411293,5890.94355987,2267.11996995,2267.14286150,0.06331918,579.86527233,0.01998503,0.01998503,33925,104,0
5891.11699593,5891.11722772,2274.31189104,2274.30228730,0.05434311,579.92345588,0.01998503,0.01998503,33924,104,0
5891.29049879,5891.29090582,2281.51146973,2281.49458857,0.02759976,579.98093970,0.01998502,0.01998503,33923,104,0
5891.46348732,5891.46459415,2288.71867154,2288.67272072,0.05492076,580.03734402,0.01998502,0.01998503,33922,104,0
5891.63770574,5891.63829273,2295.93345299,2295.90905972,0.06735728,580.09322865,0.01998502,0.01998503,33921,104,0
5891.81223537,5891.81200155,2303.15577033,2303.16549686,0.04477184,580.14828340,0.01998503,0.01998503,33920,104,0
5891.98651162,5891.98572061,2310.38557446,2310.41851063,0.03709135,580.20232642,0.01998503,0.01998503,33919,104,0
5892.15916633,5892.15944992,2317.62275864,2317.61093932,0.02436392,580.25494480,0.01998503,0.01998503,33918,104,0
5892.33249784,5892.33318947,2324.86717890,2324.83832672,0.04485178,580.30684274,0.01998502,0.01998503,33917,104,0
5892.50640125,5892.50693928,2332.11868975,2332.09622491,0.05158432,580.35797501,0.01998502,0.01998503,33916,104,0
5892.68059800,5892.68069933,2339.37714481,2339.37291033,0.04051148,580.40824898,0.01998503,0.01998503,33915,104,0
5892.85413831,5892.85446962,2346.64246536,2346.62860673,0.02747678,580.45739029,0.01998503,0.01998503,33914,104,0
5893.02928863,5893.02825017,2353.91491815,2353.95839680,0.06444461,580.50603205,0.01998503,0.01998503,33913,104,0
5893.20185627,5893.20204097,2361.19488036,2361.18713929,0.04365415,580.55301752,0.01998503,0.01998503,33912,104,0
5893.37547992,5893.37584202,2368.48273149,2368.46753980,0.02291854,580.59934935,0.01998503,0.01998503,33911,104,0
5893.54905346,5893.54965332,2375.77885253,2375.75365805,0.04877577,580.64472350,0.01998502,0.01998503,33910,104,0
5893.72333422,5893.72347488,2383.08343792,2383.07752382,0.05452348,580.68933051,0.01998503,0.01998503,33909,104,0
5893.89738305,5893.89730669,2390.39625971,2390.39947364,0.03969634,580.73292148,0.01998503,0.01998503,33908,104,0
5894.07114978,5894.07114876,2397.71703082,2397.71707401,0.05268520,580.77548320,0.01998503,0.01998503,33907,104,0
5894.24509413,5894.24500108,2405.04546234,2405.04938669,0.07273746,580.81712443,0.01998503,0.01998503,33906,104,0
5894.41869933,5894.41886366,2412.38127147,2412.37433493,0.02336934,580.85771829,0.01998503,0.01998503,33905,104,0
5894.59319416,5894.59273649,2419.72435936,2419.74369679,0.07260294,580.89754410,0.01998503,0.01998503,33904,104,0
5894.76761904,5894.76661959,2427.07481407,2427.11708356,0.06541880,580.93637359,0.01998503,0.01998503,33903,104,0
5894.94056520,5894.94051294,2434.43273250,2434.43494465,0.03082190,580.97390382,0.01998503,0.01998503,33902,104,0
5895.11428667,5895.11441656,2441.79821212,2441.79270828,0.04803469,581.01062742,0.01998503,0.01998503,33901,104,0
5895.28796112,5895.28833043,2449.17136776,2449.15570266,0.06303704,581.04636206,0.01998503,0.01998503,33900,104,0
5895.46258061,5895.46225457,2456.55243206,2456.56627558,0.04008754,581.08130233,0.01998503,0.01998503,33899,104,0
5895.63575071,5895.63618898,2463.94168903,2463.92306003,0.06496586,581.11497158,0.01998503,0.01998503,33898,104,0
5895.81049609,5895.81013364,2471.33942468,2471.35484785,0.03554982,581.14795487,0.01998503,0.01998503,33897,104,0
5895.98441423,5895.98408857,2478.74592628,2478.75979952,0.04871853,581.17979022,0.01998503,0.01998503,33896,104,0
5896.15787663,5896.15805377,2486.16128319,2486.15372818,0.05920424,581.21055351,0.01998503,0.01998503,33895,104,0
5896.33225462,5896.33202924,2493.58508936,2493.59471192,0.02221903,581.24047890,0.01998503,0.01998503,33894,104,0
5896.50639090,5896.50601497,2501.01686040,2501.03292621,0.05834348,581.26935678,0.01998503,0.01998503,33893,104,0
5896.67998202,5896.68001097,2508.45610875,2508.45487035,0.02972889,581.29713875,0.01998503,0.01998503,33892,104,0
5896.85415346,5896.85401724,2515.90236557,2515.90819741,0.05335371,581.32400003,0.01998503,0.01998503,33891,104,0
5897.02811511,5897.02803378,2523.35559947,2523.35908454,0.02334018,581.34981271,0.01998503,0.01998503,33890,104,0
5897.20247094,5897.20206060,2530.81618664,2530.83378684,0.05427604,581.37466328,0.01998503,0.01998503,33889,104,0
5897.37586145,5897.37609768,2538.28452106,2538.27437893,0.03491049,581.39836133,0.01998503,0.01998503,33888,104,0
5897.55050715,5897.55014504,2545.76099928,2545.77656277,0.03428220,581.42120594,0.01998503,0.01998503,33887,104,0
5897.72421312,5897.72420267,2553.24595068,2553.24640023,0.06008677,581.44290494,0.01998503,0.01998503,33886,104,0
5897.89741687,5897.89827058,2560.73935230,2560.70258206,0.05273146,581.46352230,0.01998503,0.01998503,33885,104,0
5898.07301259,5898.07234876,2568.24106857,2568.26969024,0.03617671,581.48338205,0.01998503,0.01998503,33884,104,0
5898.24611233,5898.24643722,2575.75096290,2575.73694058,0.04504492,581.50192869,0.01998503,0.01998503,33883,104,0
5898.41997316,5898.42053596,2583.26889938,2583.24458423,0.05781907,581.51952313,0.01998503,0.01998503,33882,104,0
5898.59478459,5898.59464498,2590.79483476,2590.80087258,0.05077369,581.53616596,0.01998503,0.01998503,33881,104,0
5898.76894154,5898.76876428,2598.32887036,2598.33654446,0.02743303,581.55169872,0.01998503,0.01998503,33880,104,0
5898.94311284,5898.94289385,2605.87112061,2605.88061061,0.06037782,581.56618384,0.01998503,0.01998503,33879,104,0
5899.11701366,5899.11703371,2613.42170064,2613.42083061,0.02216568,581.57959686,0.01998503,0.01998503,33878,104,0
5899.29075078,5899.29118385,2620.98072739,2620.96191966,0.04609357,581.59194684,0.01998503,0.01998503,33877,104,0
5899.46574851,5899.46534428,2628.54832705,2628.56590112,0.03118502,581.60332183,0.01998503,0.01998503,33876,104,0
5899.63949933,5899.63951499,2636.12463074,2636.12394951,0.05782312,581.61355548,0.01998503,0.01998503,33875,104,0
5899.81305401,5899.81369598,2643.70977048,2643.68179884,0.03936453,581.62271954,0.01998503,0.01998503,33874,104,0
5899.98723695,5899.98788726,2651.30387864,2651.27551136,0.05925386,581.63085019,0.01998503,0.01998503,33873,104,0
5900.16276770,5900.16208883,2658.90701451,2658.93666113,0.04769744,581.63795921,0.01998503,0.01998503,33872,104,0
5900.33634301,5900.33630068,2666.51908623,2666.52093669,0.03689589,581.64391474,0.01998503,0.01998503,33871,104,0
5900.51069630,5900.51052283,2674.13998270,2674.14757482,0.05815643,581.64881783,0.01998503,0.01998503,33870,104,0
5900.68529937,5900.68475526,2681.76959206,2681.79343124,0.05325713,581.65264046,0.01998503,0.01998503,33869,104,0
5900.85959407,5900.85899798,2689.40781701,2689.43396141,0.02513791,581.65536740,0.01998503,0.01998503,33868,104,0
5901.03353811,5901.03325100,2697.05471140,2697.06731794,0.05204567,581.65700073,0.01998503,0.01998503,33867,104,0
5901.20806573,5901.20751430,2704.71041575,2704.73465421,0.07499504,581.65754351,0.01998503,0.01998503,33866,104,0
5901.38198268,5901.38178790,2712.37507249,2712.38364383,0.01566750,581.65698874,0.01998503,0.01998503,33865,104,0
5901.55623752,5901.55607180,2720.04882435,2720.05612499,0.04627711,581.65533229,0.01998503,0.01998503,33864,104,0
5901.73057528,5901.73036599,2727.73170079,2727.74093136,0.05671516,581.65256892,0.01998503,0.01998503,33863,104,0
5901.90592670,5901.90467048,2735.42349017,2735.47895568,0.02215838,581.64866978,0.01998503,0.01998503,33862,104,0
5902.07854384,5902.07898526,2743.12394867,2743.10443858,0.04675796,581.64373123,0.01998503,0.01998503,33861,104,0
5902.25370344,5902.25331034,2750.83283074,2750.85022314,0.05528716,581.63760084,0.01998503,0.01998503,33860,104,0
5902.42763030,5902.42764572,2758.54993081,2758.54924805,0.03298024,581.63039500,0.01998503,0.01998503,33859,104,0
5902.60100982,5902.60199140,2766.27540678,2766.23188923,0.06549868,581.62209897,0.01998503,0.01998503,33858,104,0
5902.77612607,5902.77634738,2774.00960634,2773.99978412,0.04113984,581.61258812,0.01998503,0.01998503,33857,104,0
5902.95051041,5902.95071366,2781.75288115,2781.74384994,0.06993679,581.60198274,0.01998503,0.01998503,33856,104,0
5903.12498783,5903.12509024,2789.50558328,2789.50102737,0.02330789,581.59023460,0.01998503,0.01998503,33855,104,0
5903.29925148,5903.29947713,2797.26791349,2797.25786340,0.05554831,581.57736134,0.01998503,0.01998503,33854,104,0
5903.47347114,5903.47387432,2805.03981353,2805.02183552,0.05856721,581.56334913,0.01998503,0.01998503,33853,104,0
5903.64833528,5903.64828182,2812.82119960,2812.82358610,0.05088812,581.54813289,0.01998503,0.01998503,33852,104,0
5903.82252557,5903.82269962,2820.61198722,2820.60420844,0.02716143,581.53182394,0.01998503,0.01998503,33851,104,0
5903.99742678,5903.99712773,2828.41209954,2828.42548010,0.06608549,581.51428855,0.01998503,0.01998503,33850,104,0
5904.17135510,5904.17156615,2836.22150725,2836.21205371,0.04643361,581.49569440,0.01998503,0.01998503,33849,104,0
5904.34569468,5904.34601487,2844.04019815,2844.02583940,0.04834715,581.47589533,0.01998503,0.01998503,33848,104,0
5904.52059067,5904.52047391,2851.86815995,2851.87340216,0.06012514,581.45486139,0.01998503,0.01998503,33847,104,0
5904.69548599,5904.69494325,2859.70537844,2859.72977184,0.04957168,581.43265018,0.01998503,0.01998503,33846,104,0
5904.86917738,5904.86942291,2867.55179284,2867.54074526,0.01986221,581.40942304,0.01998503,0.01998503,33845,104,0
5905.04299873,5905.04391288,2875.40729215,2875.36611486,0.05983551,581.38500903,0.01998503,0.01998503,33844,104,0
5905.21840186,5905.21841317,2883.27176212,2883.27125226,0.06461532,581.35918353,0.01998503,0.01998503,33843,104,0
5905.39261261,5905.39292376,2891.14508766,2891.13104198,0.04331701,581.33234773,0.01998503,0.01998503,33842,104,0
5905.56713967,5905.56744468,2899.02725599,2899.01347317,0.04821519,581.30427458,0.01998503,0.01998503,33841,104,0
5905.74214573,5905.74197591,2906.91856515,2906.92624790,0.04749120,581.27492497,0.01998503,0.01998503,33840,104,0
5905.91692185,5905.91651745,2914.81937365,2914.83768983,0.05041744,581.24441004,0.01998503,0.01998503,33839,104,0
5906.09128582,5906.09106932,2922.73004257,2922.73986024,0.05076053,581.21276279,0.01998503,0.01998503,33838,104,0
5906.26625364,5906.26563150,2930.65089374,2930.67914118,0.05917249,581.17979136,0.01998503,0.01998503,33837,104,0
5906.44030224,5906.44020400,2938.58187385,2938.58633951,0.05098742,581.14578204,0.01998503,0.01998503,33836,104,0
5906.61521502,5906.61478683,2946.52272900,2946.54221660,0.02224471,581.11038384,0.01998503,0.01998503,33835,104,0
5906.79003889,5906.78937997,2954.47320155,2954.50322387,0.07311243,581.07377859,0.01998503,0.01998503,33834,104,0
5906.96464858,5906.96398344,2962.43303836,2962.46337755,0.06524604,581.03599291,0.01998503,0.01998503,33833,104,0
5907.13852476,5907.13859723,2970.40222582,2970.39891629,0.02876291,580.99714534,0.01998503,0.01998503,33832,104,0
5907.31274005,5907.31322135,2978.38105851,2978.35905465,0.05692811,580.95699501,0.01998503,0.01998503,33831,104,0
5907.48680971,5907.48785579,2986.36985318,2986.32197061,0.06020924,580.91564595,0.01998503,0.01998503,33830,104,0
5907.66142370,5907.66250055,2994.36892885,2994.31957601,0.05854365,580.87292413,0.01998503,0.01998503,33829,104,0
5907.83736460,5907.83715565,3002.37851341,3002.38810198,0.06835338,580.82861238,0.01998503,0.01998503,33828,104,0
5908.01208870,5908.01182107,3010.39855600,3010.41085244,0.04752367,580.78334598,0.01998503,0.01998503,33827,104,0
5908.18659949,5908.18649682,3018.42895300,3018.43367606,0.06292335,580.73687661,0.01998503,0.01998503,33826,104,0
5908.36137236,5908.36118290,3026.46959996,3026.47832574,0.05949342,580.68907341,0.01998503,0.01998503,33825,104,0
5908.53617113,5908.53587931,3034.52041604,3034.53387253,0.06143556,580.63999400,0.01998503,0.01998503,33824,104,0
5908.71084378,5908.71058605,3042.58149483,3042.59339362,0.04150159,580.58967730,0.01998503,0.01998503,33823,104,0
5908.88524020,5908.88530313,3050.65300686,3050.65009805,0.05750614,580.53816548,0.01998503,0.01998503,33822,104,0
5909.05894116,5909.06003054,3058.73512422,3058.68470245,0.03864427,580.48558755,0.01998503,0.01998503,33821,104,0
5909.23559619,5909.23476828,3066.82800340,3066.86637211,0.03915596,580.43080823,0.01998503,0.01998503,33820,104,0
5909.40963050,5909.40951636,3074.93148765,3074.93678363,0.03577928,580.37554905,0.01998503,0.01998503,33819,104,0
5909.58414567,5909.58427478,3083.04514030,3083.03914296,0.04003606,580.31884757,0.01998503,0.01998503,33818,104,0
5909.75929288,5909.75904353,3091.16851165,3091.18010833,0.03697364,580.26064124,0.01998503,0.01998503,33817,104,0
5909.93317158,5909.93382262,3099.30115373,3099.27084436,0.05627673,580.20156794,0.01998503,0.01998503,33816,104,0
5910.10914052,5910.10861205,3107.44300265,3107.46763304,0.06042291,580.14047394,0.01998503,0.01998503,33815,104,0
5910.28300430,5910.28341182,3115.59464141,3115.57562578,0.05285767,580.07880767,0.01998503,0.01998503,33814,104,0
5910.45790447,5910.45822193,3123.75671896,3123.74188709,0.05216724,580.01545768,0.01998503,0.01998503,33813,104,0
5910.63314424,5910.63304238,3131.92988914,3131.93465467,0.03810866,579.95065107,0.01998503,0.01998503,33812,104,0
5910.80752528,5910.80787317,3140.11459835,3140.09830095,0.04191121,579.88482855,0.01998503,0.01998503,33811,104,0
5910.98194738,5910.98271431,3148.31064201,3148.27466763,0.04518452,579.81765658,0.01998503,0.01998503,33810,104,0
5911.15823345,5911.15756579,3156.51768822,3156.54904620,0.06076806,579.74840912,0.01998503,0.01998503,33809,104,0
5911.33352611,5911.33242762,3164.73540246,3164.78705794,0.03143470,579.67819664,0.01998504,0.01998503,33808,104,0
5911.50722822,5911.50729979,3172.96351864,3172.96014910,0.02976304,579.60728592,0.01998503,0.01998503,33807,104,0
5911.68185075,5911.68218231,3181.20216192,3181.18653223,0.03881462,579.53465410,0.01998503,0.01998503,33806,104,0
5911.85762257,5911.85707518,3189.45159355,3189.47742963,0.05757922,579.46017504,0.01998503,0.01998503,33805,104,0
5912.03170701,5912.03197840,3197.71207694,3197.69925091,0.05041171,579.38504995,0.01998503,0.01998503,33804,104,0
5912.20718513,5912.20689197,3205.98384801,3205.99772063,0.04209621,579.30794563,0.01998503,0.01998503,33803,104,0
5912.38103359,5912.38181589,3214.26686126,3214.22979429,0.06787884,579.23018891,0.01998503,0.01998503,33802,104,0
5912.55639239,5912.55675016,3222.56091291,3222.54393950,0.06028804,579.15037385,0.01998503,0.01998503,33801,104,0
5912.73095034,5912.73169478,3230.86579577,3230.83043411,0.03316103,579.06954129,0.01998503,0.01998503,33800,104,0
5912.90648312,5912.90664976,3239.18131644,3239.17339144,0.02570017,578.98686410,0.01998503,0.01998503,33799,104,0
5913.08123391,5913.08161509,3247.50753984,3247.48938864,0.05910540,578.90316222,0.01998503,0.01998503,33798,104,0
5913.25678106,5913.25659078,3255.84474670,3255.85381873,0.03187007,578.81767188,0.01998503,0.01998503,33797,104,0
5913.43135594,5913.43157682,3264.19322647,3264.18268152,0.03083737,578.73124874,0.01998503,0.01998503,33796,104,0
5913.60691743,5913.60657323,3272.55326576,3272.56972031,0.05858137,578.64291487,0.01998503,0.01998503,33795,104,0
5913.78163100,5913.78157998,3280.92500015,3280.92744205,0.04405371,578.55358514,0.01998503,0.01998503,33794,104,0
5913.95609077,5913.95659710,3289.30838970,3289.28411985,0.05263461,578.46296454,0.01998503,0.01998503,33793,104,0
5914.13125753,5914.13162458,3297.70338436,3297.68576737,0.05440741,578.37054393,0.01998503,0.01998503,33792,104,0
5914.30603853,5914.30666242,3306.10993370,3306.07995053,0.04369232,578.27689140,0.01998503,0.01998503,33791,104,0
5914.48181042,5914.48171062,3314.52799514,3314.53279733,0.05770383,578.18125722,0.01998503,0.01998503,33790,104,0
5914.65699709,5914.65676919,3322.95753823,3322.96851947,0.03471705,578.08448917,0.01998503,0.01998503,33789,104,0
5914.83164170,5914.83183812,3331.39853324,3331.38905677,0.05858942,577.98657272,0.01998503,0.01998503,33788,104,0
5915.00763021,5915.00691741,3339.85095119,3339.88538564,0.04393065,577.88643576,0.01998504,0.01998503,33787,104,0
5915.18229240,5915.18200707,3348.31487626,3348.32867850,0.05096026,577.78559138,0.01998503,0.01998503,33786,104,0
5915.35741040,5915.35710709,3356.79060607,3356.80529780,0.04423226,577.68301285,0.01998503,0.01998503,33785,104,0
5915.53176639,5915.53221748,3365.27846405,3365.25658378,0.04744784,577.57940827,0.01998503,0.01998503,33784,104,0
5915.69097118,nan,0.00000000,3372.99348972,0.06155761,577.48339471,0.01998557,0.01998503,33784,104,1
5915.88294526,5915.88246938,3382.29169912,3382.31484771,0.05716557,577.36623751,0.01998504,0.01998503,33782,104,0
5916.05769457,5916.05761088,3390.81702466,3390.82110162,0.03447765,577.25791285,0.01998503,0.01998503,33781,104,0
5916.23375809,5916.23276275,3399.35449032,3399.40303912,0.05550216,577.14725881,0.01998504,0.01998503,33780,104,0
5916.40710351,5916.40792499,3407.90383247,3407.86371121,0.03062216,577.03682576,0.01998503,0.01998503,33779,104,0
5916.58418700,5916.58309761,3416.46489321,3416.51816956,0.05673504,576.92248426,0.01998504,0.01998503,33778,104,0
5916.75879277,5916.75828060,3425.03777466,3425.06285535,0.05403779,576.80822493,0.01998504,0.01998503,33777,104,0
5916.93369744,5916.93347396,3433.62261845,3433.63357681,0.06757135,576.69225196,0.01998504,0.01998503,33776,104,0
5917.10885674,5917.10867770,3442.21956737,3442.22835832,0.04947378,576.57458021,0.01998504,0.01998503,33775,104,0
5917.28382213,5917.28389182,3450.82877481,3450.82534809,0.03199886,576.45550268,0.01998503,0.01998503,33774,104,0
5917.45918981,5917.45911632,3459.45041897,3459.45403755,0.04994831,576.33460286,0.01998504,0.01998503,33773,104,0
5917.63351009,5917.63435119,3468.08468315,3468.04321074,0.05519434,576.21288059,0.01998503,0.01998503,33772,104,0
5917.80966619,5917.80959644,3476.73175184,3476.73519578,0.05597410,576.08830371,0.01998504,0.01998503,33771,104,0
5917.98702178,5917.98485208,0.00000000,3485.49923468,0.03488964,575.96127082,0.01998504,0.01998503,33770,104,1
5918.15937507,5918.16011809,3494.06443239,3494.02763965,0.01119772,575.83628147,0.01998503,0.01998503,33769,104,0
5918.33396199,5918.33539449,3502.74972685,3502.67869548,0.05906082,575.70811214,0.01998503,0.01998503,33768,104,0
5918.51004686,5918.51068127,3511.44742044,3511.41592013,0.05837236,575.57725314,0.01998503,0.01998504,33767,104,0
5918.68603655,5918.68597843,3520.15733187,3520.16022137,0.04373359,575.44486651,0.01998504,0.01998504,33766,104,0
5918.86097656,5918.86128598,3528.87927500,3528.86387085,0.05317820,575.31168316,0.01998503,0.01998504,33765,104,0
5919.03630511,5919.03660391,3537.61306151,3537.59816640,0.07068228,575.17661467,0.01998503,0.01998504,33764,104,0
5919.21192540,5919.21193223,3546.35850497,3546.35816398,0.06391039,575.03972390,0.01998504,0.01998504,33763,104,0
5919.38752492,5919.38727094,3555.11580321,3555.12849681,0.06836663,574.90124233,0.01998504,0.01998504,33762,104,0
5919.56191473,5919.56262004,3563.88587916,3563.85057705,0.02920714,574.76210445,0.01998503,0.01998504,33761,104,0
5919.73727899,5919.73797953,3572.66974343,3572.63462547,0.04759982,574.62054875,0.01998503,0.01998504,33760,104,0
5919.91380245,5919.91334941,3581.46840131,3581.49115076,0.05679846,574.47637311,0.01998504,0.01998504,33759,104,0
5920.08948816,5920.08872968,3590.28207014,3590.32021744,0.04884602,574.33119345,0.01998504,0.01998504,33758,104,0
5920.26422024,5920.26412034,3599.10976563,3599.11479763,0.05581057,574.18514071,0.01998504,0.01998504,33757,104,0
5920.43922483,5920.43952139,3607.95039464,3607.93543760,0.02253114,574.03721162,0.01998503,0.01998504,33756,104,0
5920.61379828,5920.61493284,3616.80289085,3616.74559790,0.05187092,573.88801531,0.01998503,0.01998504,33755,104,0
5920.79025698,5920.79035468,3625.66728308,3625.66234237,0.06266139,573.73554579,0.01998503,0.01998504,33754,104,0
5920.96612272,5920.96578692,3634.54487250,3634.56187828,0.01849710,573.58189789,0.01998504,0.01998504,33753,104,0
5921.14090463,5921.14122956,3643.43704239,3643.42055975,0.04920969,573.42749437,0.01998503,0.01998504,33752,104,0
5921.31660164,5921.31668259,3652.34510707,3652.34099320,0.04768263,573.27054184,0.01998503,0.01998504,33751,104,0
5921.49179857,5921.49214603,3661.26902769,3661.25134213,0.05411740,573.11229158,0.01998503,0.01998504,33750,104,0
5921.66853085,5921.66761986,3670.20763324,3670.25407362,0.04034726,572.95090343,0.01998504,0.01998504,33749,104,0
5921.84212168,5921.84310409,3679.15970766,3679.10955724,0.06998752,572.79068692,0.01998503,0.01998504,33748,104,0
5922.01826916,5922.01859873,3688.12416059,3688.10731474,0.05989630,572.62640533,0.01998503,0.01998504,33747,104,0
5922.19446373,5922.19410377,3697.10120911,3697.11963429,0.06476535,572.46035150,0.01998504,0.01998504,33746,104,0
5922.37021394,5922.36961921,3706.09180770,3706.12229551,0.03508497,572.29297063,0.01998504,0.01998504,33745,104,0
5922.54496751,5922.54514505,3715.09692762,3715.08781157,0.06329138,572.12478566,0.01998504,0.01998504,33744,104,0
5922.72106650,5922.72068130,3724.11735375,3724.13716420,0.05331205,571.95351554,0.01998504,0.01998504,33743,104,0
5922.89633195,5922.89622796,3733.15279517,3733.15815170,0.03996588,571.78127010,0.01998504,0.01998504,33742,104,0
5923.07182555,5923.07178503,3742.20258499,3742.20467556,0.05801479,571.60702103,0.01998504,0.01998504,33741,104,0
5923.24812176,5923.24735250,3751.26604963,3751.30579007,0.04775161,571.43018869,0.01998504,0.01998504,33740,104,0
5923.42365134,5923.42293038,3760.34272739,3760.38002463,0.03525362,571.25234923,0.01998504,0.01998504,33739,104,0
5923.59802320,5923.59851867,3769.43282777,3769.40715917,0.04680497,571.07391776,0.01998504,0.01998504,33738,104,0
5923.77454957,5923.77411737,3778.53669237,3778.55911611,0.04445365,570.89147659,0.01998504,0.01998504,33737,104,0
5923.94807630,5923.94972648,0.00000000,3787.56348456,0.05210295,570.71046206,0.01998503,0.01998504,33736,104,1
5924.12572039,5924.12534601,3796.78701103,3796.80649381,0.05697432,570.52308687,0.01998504,0.01998504,33735,104,0
5924.30080439,5924.30097595,3805.93386228,3805.92492051,0.05815040,570.33668560,0.01998504,0.01998504,33734,104,0
5924.47693348,5924.47661630,3815.09533830,3815.11189539,0.07251541,570.14732470,0.01998504,0.01998504,33733,104,0
5924.65230909,5924.65226707,3824.27155579,3824.27375279,0.06673572,569.95692394,0.01998504,0.01998504,33732,104,0
5924.82660088,5924.82792826,3833.46255733,3833.39305233,0.05844102,569.76586319,0.01998503,0.01998504,33731,104,0
5925.00219528,5925.00359986,0.00000000,3842.59955667,0.07453116,569.57141258,0.01998503,0.01998504,33730,104,1
5925.17860025,5925.17928188,3851.88881278,3851.85301055,0.06325599,569.37438827,0.01998503,0.01998504,33729,104,0
5925.35621238,5925.35497432,3861.12407665,3861.18920653,0.05521818,569.17399500,0.01998504,0.01998504,33728,104,0
5925.53093370,5925.53067718,3870.37461393,3870.38813021,0.05470256,568.97496940,0.01998504,0.01998504,33727,104,0
5925.70653200,5925.70639046,3879.64113884,3879.64860923,0.03678610,568.77302940,0.01998504,0.01998504,33726,104,0
5925.88188095,5925.88211417,3888.92437322,3888.91204160,0.05022069,568.56943655,0.01998504,0.01998504,33725,104,0
5926.05640860,5926.05784829,0.00000000,3898.16316303,0.06493651,568.36452896,0.01998503,0.01998504,33724,104,1
5926.23332024,5926.23359284,3907.54132663,3907.52686350,0.02339006,568.15551471,0.01998504,0.01998504,33723,104,0
5926.40941207,5926.40934782,3916.87334843,3916.87676253,0.06136718,567.94518949,0.01998504,0.01998504,33722,104,0
5926.58471068,5926.58511322,3926.21980595,3926.19838547,0.04018536,567.73389005,0.01998504,0.01998504,33721,104,0
5926.76209059,5926.76088904,3935.58074353,3935.64478274,0.03521314,567.51812220,0.01998504,0.01998504,33720,104,0
5926.93530665,5926.93667530,0.00000000,3944.89710209,0.06269835,567.30518713,0.01998503,0.01998504,33719,104,1
5927.11262509,5927.11247198,3954.35152050,3954.35970997,0.05107737,567.08577465,0.01998504,0.01998504,33718,104,0
5927.29040502,5927.28827909,0.00000000,3963.88701481,0.07533462,566.86318905,0.01998505,0.01998504,33717,104,1
5927.46361818,5927.46409663,3973.19424975,3973.16856587,0.05080653,566.64473093,0.01998504,0.01998504,33716,104,0
5927.64071733,5927.63992461,3982.64024741,3982.68286670,0.06986348,566.41914148,0.01998504,0.01998504,33715,104,0
5927.81555881,5927.81576301,3992.10008214,3992.08908944,0.07039672,566.19446964,0.01998504,0.01998504,33714,104,0
5927.99149707,5927.99161185,4001.57269640,4001.56650894,0.07410929,565.96644327,0.01998504,0.01998504,33713,104,0
5928.16853493,5928.16747112,4011.05985165,4011.11728878,0.02034100,565.73497258,0.01998504,0.01998504,33712,104,0
5928.34266051,5928.34334083,4020.56387663,4020.52707772,0.06338205,565.50527055,0.01998504,0.01998504,33711,104,0
5928.51956790,5928.51922097,4030.08705829,4030.10586256,0.06999514,565.26976296,0.01998504,0.01998504,33710,104,0
5928.69540453,5928.69511155,4039.62987050,4039.64578123,0.07108756,565.03352634,0.01998504,0.01998504,33709,104,0
5928.87175535,5928.87101257,4049.19075528,4049.23116312,0.06480521,564.79447094,0.01998504,0.01998504,33708,104,0
5929.04614427,5929.04692402,4058.76803227,4058.72554734,0.08737968,564.55601234,0.01998504,0.01998504,33707,104,0
5929.22198010,5929.22284592,4068.36026551,4068.31302113,0.06753269,564.31352674,0.01998504,0.01998504,33706,104,0
5929.39902844,5929.39877825,4077.96760988,4077.98128297,0.08376753,564.06727937,0.01998504,0.01998504,33705,104,0
5929.57424309,5929.57472103,4087.59082947,4087.56466711,0.06629255,563.82149105,0.01998504,0.01998504,33704,104,0
nan,nan,0.00000000,-1.00000000,0.00000000,556.79190229,nan,0.00000000,-2147483648,103,1
nan,nan,0.00000000,-1.00000000,0.00000000,557.04493282,nan,0.00000000,-2147483648,103,1
5885.03743143,5885.04493964,0.00000000,11.15499824,0.08372728,557.30531907,0.01998500,0.01998502,33959,103,1
5885.23421312,nan,0.00000000,17.40769636,0.03648877,557.62048655,0.01998508,0.01998502,33958,103,1
5885.40988251,nan,0.00000000,22.99275900,0.22201766,557.90138532,0.01998509,0.01998502,33957,103,1
5885.72601985,nan,0.00000000,33.05135534,0.14035548,558.40581161,0.01998498,0.01998502,33955,103,1
5885.72601985,nan,0.00000000,33.05135534,0.14035548,558.40581161,0.01998498,0.01998502,33955,103,1
5885.91506455,5885.91164279,0.00000000,39.07092129,0.17204124,558.70678297,0.01998504,0.01998502,33954,103,1
5886.07425429,nan,0.00000000,44.14257833,0.16872727,558.95983544,0.01998499,0.01998502,33953,103,1
5886.25947410,5886.25839554,50.00147210,50.03587006,0.17905252,559.25328115,0.01998503,0.01998502,33952,103,0
5886.42230024,nan,0.00000000,55.23976772,0.07729849,559.51186124,0.01998499,0.01998502,33951,103,1
5886.60606836,5886.60518915,61.06712725,61.09519561,0.07522407,559.80221182,0.01998503,0.01998502,33950,103,0
nan,nan,0.00000000,-1.00000000,0.00000000,560.04493210,nan,0.00000000,-2147483648,103,1
5886.95838895,5886.95202362,0.00000000,72.35607300,0.06978205,560.35880276,0.01998505,0.01998502,33948,103,1
5887.13524961,nan,0.00000000,78.00917891,0.11348305,560.63732698,0.01998506,0.01998502,33947,103,1
5887.30615212,nan,0.00000000,83.47480889,0.04331222,560.90604773,0.01998505,0.01998502,33946,103,1
5887.47488440,5887.47235198,0.00000000,88.87389941,0.06154267,561.17095003,0.01998503,0.01998502,33945,103,1
nan,nan,0.00000000,-1.00000000,0.00000000,561.47086416,nan,0.00000000,-2147483648,103,1
5887.81002976,nan,0.00000000,99.60633860,0.13422302,561.69591464,0.01998499,0.01998503,33943,103,1
5887.99470621,5887.99277234,0.00000000,105.52510115,0.05201778,561.98450492,0.01998503,0.01998503,33942,103,1
5888.16371396,5888.16626624,0.00000000,110.94470352,0.16835205,562.24818386,0.01998502,0.01998503,33941,103,1
5888.34168782,5888.33977036,116.58079366,116.64233076,0.14364442,562.52479884,0.01998503,0.01998503,33940,103,0
5888.51553083,5888.51328471,0.00000000,122.23573350,0.10493337,562.79576489,0.01998503,0.01998503,33939,103,1
nan,nan,0.00000000,-1.00000000,0.00000000,563.02610422,nan,0.00000000,-2147483648,103,1
5888.86503084,5888.86034409,0.00000000,133.46482438,0.12107048,563.33798397,0.01998504,0.01998503,33937,103,1
5889.03449160,5889.03388913,138.88256235,138.90194121,0.11798903,563.59968104,0.01998503,0.01998503,33936,103,0
5889.19978507,nan,0.00000000,144.23179372,0.05098473,563.85568017,0.01998500,0.01998503,33935,103,1
5889.37579092,5889.38100989,0.00000000,149.89739531,0.04202371,564.12722483,0.01998501,0.01998503,33934,103,1
5889.54744881,5889.55458561,0.00000000,155.42608751,0.06509205,564.39163049,0.01998500,0.01998503,33933,103,1
5889.72312857,5889.72817157,0.00000000,161.08743967,0.07209788,564.66178978,0.01998501,0.01998503,33932,103,1
5889.90758973,5889.90176777,0.00000000,167.03518396,0.10554253,564.94497181,0.01998505,0.01998503,33931,103,1
5890.07699015,5890.07537419,172.43693084,172.48907465,0.04729557,565.20406080,0.01998503,0.01998503,33930,103,0
5890.25305536,5890.24899085,0.00000000,178.18375409,0.06347592,565.47399652,0.01998504,0.01998503,33929,103,1
5890.41885568,5890.42261775,0.00000000,183.53869010,0.10849290,565.72727618,0.01998501,0.01998503,33928,103,1
5890.59318243,5890.59625489,0.00000000,189.17207320,0.01414577,565.99314870,0.01998502,0.01998503,33927,103,1
5890.76724445,5890.76990226,0.00000000,194.80004118,0.14445120,566.25817465,0.01998502,0.01998503,33926,103,1
5890.94191477,5890.94355987,200.48929848,200.43606663,0.05421409,566.52298805,0.01998502,0.01998503,33925,103,0
nan,nan,0.00000000,-1.00000000,0.00000000,566.87745479,nan,0.00000000,-2147483648,103,1
nan,nan,0.00000000,-1.00000000,0.00000000,567.06447447,nan,0.00000000,-2147483648,103,1
5891.46453164,5891.46459415,217.36454669,217.36252036,0.13405813,567.31473051,0.01998502,0.01998503,33922,103,0
5891.64324203,5891.63829273,0.00000000,223.17160986,0.11396992,567.58522171,0.01998504,0.01998503,33921,103,1
5891.81099270,5891.81200155,228.63320678,228.60046524,0.10709723,567.83743899,0.01998502,0.01998503,33920,103,0
5891.98735235,5891.98572061,234.27271706,234.32570291,0.06876480,568.10283030,0.01998503,0.01998503,33919,103,0
5892.15647764,5892.15944992,0.00000000,239.83142779,0.05299078,568.35746958,0.01998502,0.01998503,33918,103,1
5892.33447310,5892.33318947,245.56147502,245.60319919,0.04774124,568.62380651,0.01998503,0.01998503,33917,103,0
5892.50419137,5892.50693928,0.00000000,251.13409513,0.08083895,568.87844537,0.01998502,0.01998503,33916,103,1
5892.68234933,5892.68069933,256.86309720,256.91678677,0.03022616,569.14406667,0.01998503,0.01998503,33915,103,0
5892.85785139,5892.85446962,0.00000000,262.64315845,0.08041346,569.40648642,0.01998504,0.01998503,33914,103,1
5893.03162316,5893.02825017,0.00000000,268.30302535,0.07994050,569.66525754,0.01998504,0.01998503,33913,103,1
5893.20062719,5893.20204097,273.84125890,273.79517770,0.08745201,569.91578955,0.01998502,0.01998503,33912,103,0
5893.37294343,5893.37584202,0.00000000,279.42941095,0.04955114,570.17221821,0.01998502,0.01998503,33911,103,1
5893.53795485,nan,0.00000000,284.81292037,0.09957802,570.41668267,0.01998499,0.01998503,33910,103,1
5893.71870439,5893.72347488,0.00000000,290.71322653,0.08588460,570.68399397,0.01998501,0.01998503,33909,103,1
5893.90004206,5893.89730669,0.00000000,296.63624650,0.09568696,570.95168128,0.01998504,0.01998503,33908,103,1
5894.07387658,5894.07114876,0.00000000,302.31750379,0.04452330,571.20782751,0.01998504,0.01998503,33907,103,1
5894.24567049,5894.24500108,307.89690790,307.91880519,0.13946569,571.45977952,0.01998503,0.01998503,33906,103,0
5894.41808497,5894.41886366,313.58581854,313.56033195,0.10342874,571.71294946,0.01998502,0.01998503,33905,103,0
5894.59467824,5894.59273649,319.27842848,319.34202051,0.08835310,571.97179344,0.01998503,0.01998503,33904,103,0
5894.76560313,5894.76661959,324.97475041,324.94144177,0.05672176,572.22188313,0.01998502,0.01998503,33903,103,0
5894.93782141,5894.94051294,0.00000000,330.60124205,0.08096000,572.47407532,0.01998502,0.01998503,33902,103,1
5895.11634428,5895.11441656,336.37858206,336.44182756,0.04175251,572.73369668,0.01998503,0.01998503,33901,103,0
5895.28795572,5895.28833043,342.08611780,342.07381656,0.07131015,572.98344314,0.01998503,0.01998503,33900,103,0
5895.46392445,5895.46225457,347.79741550,347.85226739,0.10729487,573.23906950,0.01998503,0.01998503,33899,103,0
5895.63217344,5895.63618898,0.00000000,353.39153253,0.04178914,573.48353020,0.01998501,0.01998503,33898,103,1
5895.81145939,5895.81013364,359.23117492,359.27477383,0.09678360,573.74254471,0.01998503,0.01998503,33897,103,0
5895.98778903,5895.98408857,0.00000000,365.08407046,0.08497636,573.99767035,0.01998504,0.01998503,33896,103,1
5896.15348774,5896.15805377,0.00000000,370.53693312,0.09074228,574.23656989,0.01998501,0.01998503,33895,103,1
5896.33198082,5896.33202924,376.40893410,376.40733916,0.05309840,574.49314288,0.01998503,0.01998503,33894,103,0
5896.50489357,5896.50601497,382.14187604,382.10491532,0.07190316,574.74154754,0.01998502,0.01998503,33893,103,0
5896.68193686,5896.68001097,387.87830598,387.94181815,0.08313301,574.99539879,0.01998503,0.01998503,33892,103,0
5896.85453622,5896.85401724,393.61828724,393.63541167,0.06846906,575.24240522,0.01998503,0.01998503,33891,103,0
5897.02888386,5897.02803378,399.36188507,399.38995098,0.06081227,575.49144135,0.01998503,0.01998503,33890,103,0
5897.20476035,5897.20206060,0.00000000,405.20309228,0.07746817,575.74238651,0.01998504,0.01998503,33889,103,1
5897.37577570,5897.37609768,410.86019266,410.84954952,0.06427807,575.98553277,0.01998503,0.01998503,33888,103,0
5897.54921064,5897.55014504,416.61503182,416.58412685,0.08089710,576.23186502,0.01998502,0.01998503,33887,103,0
5897.72584875,5897.72420267,422.37370647,422.42818347,0.02292382,576.48226903,0.01998503,0.01998503,33886,103,0
5897.89702982,5897.89827058,428.13620744,428.09511987,0.01599347,576.72447556,0.01998502,0.01998503,33885,103,0
5898.07176605,5898.07234876,433.90252448,433.88321651,0.05257467,576.97124224,0.01998503,0.01998503,33884,103,0
5898.24628133,5898.24643722,439.67264731,439.66747878,0.03198077,577.21722125,0.01998503,0.01998503,33883,103,0
5898.41992881,5898.42053596,445.44656560,445.42642365,0.09330034,577.46150372,0.01998503,0.01998503,33882,103,0
5898.59505356,5898.59464498,451.22426946,451.23783197,0.09662197,577.70738455,0.01998503,0.01998503,33881,103,0
5898.76672216,5898.76876428,457.00575620,456.93792943,0.08736018,577.94794394,0.01998502,0.01998503,33880,103,0
5898.94662797,5898.94289385,0.00000000,462.91321267,0.04611845,578.19946635,0.01998504,0.01998503,33879,103,1
5899.11630654,5899.11703371,468.58008986,468.55590870,0.02470421,578.43637757,0.01998503,0.01998503,33878,103,0
5899.29251407,5899.29118385,474.37294278,474.41720369,0.09081908,578.68183800,0.01998503,0.01998503,33877,103,0
5899.46415861,5899.46534428,480.16959044,480.13011570,0.08124351,578.92046781,0.01998503,0.01998503,33876,103,0
5899.63768311,5899.63951499,485.97003218,485.90900696,0.05914189,579.16123431,0.01998502,0.01998503,33875,103,0
5899.81813371,5899.81369598,0.00000000,491.91596104,0.03809465,579.41084241,0.01998504,0.01998503,33874,103,1
5899.99041229,5899.98788726,0.00000000,497.65947267,0.07437923,579.64887430,0.01998504,0.01998503,33873,103,1
5900.16354329,5900.16208883,503.39355621,503.44209155,0.02127121,579.88790540,0.01998503,0.01998503,33872,103,0
5900.33561049,5900.33630068,509.20854798,509.18550391,0.05738976,580.12469854,0.01998503,0.01998503,33871,103,0
5900.51029988,5900.51052283,515.02698935,515.01954185,0.09693250,580.36459819,0.01998503,0.01998503,33870,103,0
5900.68641006,5900.68475526,520.84882446,520.90413308,0.05800220,580.60593356,0.01998504,0.01998503,33869,103,0
5900.85994373,5900.85899798,526.67417885,526.70580673,0.07030276,580.84323613,0.01998503,0.01998503,33868,103,0
5901.03399416,5901.03325100,532.50327562,532.52814345,0.02706590,581.08075274,0.01998503,0.01998503,33867,103,0
5901.20882636,5901.20751430,538.33633967,538.38027210,0.05874791,581.31884758,0.01998503,0.01998503,33866,103,0
5901.38050185,5901.38178790,544.17359679,544.13050598,0.04786297,581.55217466,0.01998503,0.01998503,33865,103,0
5901.55608752,5901.55607180,550.01527367,550.01580063,0.04861342,581.79034353,0.01998503,0.01998503,33864,103,0
5901.72902474,5901.73036599,555.86154921,555.81654430,0.04963629,582.02445860,0.01998503,0.01998503,33863,103,0
5901.90371284,5901.90467048,561.71228460,561.68012959,0.07100056,582.26047214,0.01998503,0.01998503,33862,103,0
5902.07675129,5902.07898526,0.00000000,567.48724621,0.05582751,582.49358076,0.01998502,0.01998503,33861,103,1
5902.25333676,5902.25331034,573.42606401,573.42695215,0.05387336,582.73136112,0.01998503,0.01998503,33860,103,0
5902.42742308,5902.42764572,579.28856934,579.28108058,0.09918991,582.96507177,0.01998503,0.01998503,33859,103,0
5902.60304389,5902.60199140,585.15445749,585.18987758,0.08017813,583.20031676,0.01998503,0.01998503,33858,103,0
5902.77605282,5902.77634738,591.02353659,591.01361880,0.04821651,583.43153828,0.01998503,0.01998503,33857,103,0
5902.95208412,5902.95071366,596.89597189,596.94213979,0.06932593,583.66627017,0.01998504,0.01998503,33856,103,0
5903.12569030,5903.12509024,602.77202907,602.79225539,0.02292506,583.89725513,0.01998503,0.01998503,33855,103,0
5903.29951449,5903.29947713,608.65197489,608.65323513,0.04772775,584.12802897,0.01998503,0.01998503,33854,103,0
5903.47356525,5903.47387432,614.53607718,614.52564586,0.01927973,584.35861034,0.01998503,0.01998503,33853,103,0
5903.64750210,5903.64828182,620.42460472,620.39826962,0.06001093,584.58855688,0.01998503,0.01998503,33852,103,0
5903.82400184,5903.82269962,626.31771305,626.36172701,0.09504590,584.82140184,0.01998504,0.01998503,33851,103,0
5903.99740977,5903.99712773,632.21523007,632.22476906,0.07137757,585.04967944,0.01998503,0.01998503,33850,103,0
5904.17360902,5904.17156615,0.00000000,638.18248720,0.05916982,585.28098651,0.01998504,0.01998503,33849,103,1
5904.34681760,5904.34601487,644.02256390,644.04974661,0.04381756,585.50813454,0.01998503,0.01998503,33848,103,0
5904.51972002,5904.52047391,649.93191520,649.90637213,0.03760196,585.73423058,0.01998503,0.01998503,33847,103,0
5904.69577728,5904.69494325,655.84474606,655.87301882,0.03069028,585.96391614,0.01998503,0.01998503,33846,103,0
5904.86971463,5904.86942291,661.76099249,661.77088686,0.05947678,586.19030152,0.01998503,0.01998503,33845,103,0
5905.04348349,5905.04391288,667.68089062,667.66631846,0.06245918,586.41594501,0.01998503,0.01998503,33844,103,0
5905.21786369,5905.21841317,673.60470839,673.58604942,0.07424319,586.64186629,0.01998503,0.01998503,33843,103,0
5905.39192553,5905.39292376,679.53271484,679.49879396,0.10377299,586.86686850,0.01998503,0.01998503,33842,103,0
5905.56841626,5905.56744468,685.46518008,685.49821911,0.02072181,587.09450279,0.01998503,0.01998503,33841,103,0
5905.74089869,5905.74197591,691.40236577,691.36570758,0.07889746,587.31648171,0.01998503,0.01998503,33840,103,0
5905.91523900,5905.91651745,697.34428867,697.30075086,0.09734795,587.54036313,0.01998503,0.01998503,33839,103,0
5906.08997806,5906.09106932,703.29070474,703.25351683,0.06726598,587.76425315,0.01998503,0.01998503,33838,103,0
5906.26519075,5906.26563150,709.24135633,709.22632695,0.06848123,587.98823281,0.01998503,0.01998503,33837,103,0
5906.44065908,5906.44020400,715.19598475,715.21151169,0.06200535,588.21200907,0.01998503,0.01998503,33836,103,0
5906.61532361,5906.61478683,721.15433019,721.17265510,0.03583509,588.43422236,0.01998503,0.01998503,33835,103,0
5906.78958460,5906.78937997,727.11615877,727.12314793,0.04879577,588.65537762,0.01998503,0.01998503,33834,103,0
5906.96528117,5906.96398344,733.08151909,733.12586868,0.04609376,588.87780486,0.01998504,0.01998503,33833,103,0
5907.13818913,5907.13859723,739.05062955,739.03667461,0.06365549,589.09616954,0.01998503,0.01998503,33832,103,0
5907.31270254,5907.31322135,745.02371175,745.00596021,0.04251071,589.31603333,0.01998503,0.01998503,33831,103,0
5907.48766462,5907.48785579,751.00098818,750.99444294,0.06081452,589.53593639,0.01998503,0.01998503,33830,103,0
5907.66361544,5907.66250055,756.98268228,757.02088131,0.06596342,589.75655797,0.01998503,0.01998503,33829,103,0
5907.83656457,5907.83715565,762.96897364,762.94870749,0.02919872,589.97290862,0.01998503,0.01998503,33828,103,0
5908.01189051,5908.01182107,768.95982514,768.96220789,0.05971655,590.19171650,0.01998503,0.01998503,33827,103,0
5908.18603975,5908.18649682,774.95513354,774.93944054,0.03994673,590.40853634,0.01998503,0.01998503,33826,103,0
5908.36067429,5908.36118290,780.95479515,780.93732100,0.06874122,590.62543534,0.01998503,0.01998503,33825,103,0
5908.53529830,5908.53587931,786.95870583,786.93873155,0.02772411,590.84179043,0.01998503,0.01998503,33824,103,0
5908.71004370,5908.71058605,792.96676122,792.94810432,0.05244799,591.05775946,0.01998503,0.01998503,33823,103,0
5908.88690952,5908.88530313,798.97890152,799.03419588,0.06052783,591.27579914,0.01998504,0.01998503,33822,103,0
5909.05992335,5909.06003054,804.99516741,804.99147536,0.00947197,591.48855494,0.01998503,0.01998503,33821,103,0
5909.23444942,5909.23476828,811.01561345,811.00462369,0.04826314,591.70263474,0.01998503,0.01998503,33820,103,0
5909.40954897,5909.40951636,817.04029439,817.04141918,0.04549146,591.91687803,0.01998503,0.01998503,33819,103,0
5909.58474967,5909.58427478,823.06926522,823.08565379,0.03980721,592.13070436,0.01998503,0.01998503,33818,103,0
5909.75872026,5909.75904353,829.10257996,829.09141655,0.05383392,592.34249477,0.01998503,0.01998503,33817,103,0
5909.93403975,5909.93382262,835.14026352,835.14776679,0.03411580,592.55538784,0.01998503,0.01998503,33816,103,0
5910.10909041,5910.10861205,841.18231042,841.19885174,0.06554968,592.76741258,0.01998503,0.01998503,33815,103,0
5910.28218896,5910.28341182,847.22871371,847.18640062,0.06312095,592.97653884,0.01998503,0.01998503,33814,103,0
5910.45734889,5910.45822193,853.27946645,853.24923787,0.06769387,593.18761335,0.01998503,0.01998503,33813,103,0
5910.63345719,5910.63304238,859.33456163,859.34893389,0.05599217,593.39927920,0.01998503,0.01998503,33812,103,0
5910.80831631,5910.80787317,865.39400348,865.40936745,0.08458837,593.60889532,0.01998503,0.01998503,33811,103,0
5910.98383336,5910.98271431,871.45788087,871.49670528,0.05341666,593.81875236,0.01998504,0.01998503,33810,103,0
5911.15648498,5911.15756579,877.52632148,877.48879740,0.08111447,594.02465084,0.01998503,0.01998503,33809,103,0
5911.33286230,5911.33242762,883.59945373,883.61455629,0.07319345,594.23445006,0.01998503,0.01998503,33808,103,0
5911.50771666,5911.50729979,889.67740656,889.69190073,0.04703811,594.44189950,0.01998503,0.01998503,33807,103,0
5911.68216505,5911.68218231,895.76030936,895.75970882,0.05442712,594.64833615,0.01998503,0.01998503,33806,103,0
5911.85775963,5911.85707518,901.84819753,901.87203131,0.02964979,594.85559293,0.01998503,0.01998503,33805,103,0
5912.03191348,5912.03197840,907.94084773,907.93858535,0.03765988,595.06060875,0.01998503,0.01998503,33804,103,0
5912.20680025,5912.20689197,914.03799176,914.03479341,0.02696121,595.26593521,0.01998503,0.01998503,33803,103,0
5912.38109603,5912.38181589,920.13936020,920.11424394,0.05806467,595.47000693,0.01998503,0.01998503,33802,103,0
5912.55677752,5912.55675016,926.24468248,926.24563771,0.04993195,595.67512400,0.01998503,0.01998503,33801,103,0
5912.73211112,5912.73169478,932.35369740,932.36823977,0.05687860,595.87924726,0.01998504,0.01998503,33800,103,0
5912.90690463,5912.90664976,938.46640481,938.47531224,0.06324295,596.08215622,0.01998503,0.01998503,33799,103,0
5913.08127801,5913.08161509,944.58307812,944.57129015,0.08009855,596.28400279,0.01998503,0.01998503,33798,103,0
5913.25651538,5913.25659078,950.70400474,950.70136636,0.04278023,596.48627943,0.01998503,0.01998503,33797,103,0
5913.43104032,5913.43157682,956.82947333,956.81068613,0.05392049,596.68717381,0.01998503,0.01998503,33796,103,0
5913.60736802,5913.60657323,962.95977380,962.98762685,0.02971572,596.88958399,0.01998504,0.01998503,33795,103,0
5913.78090282,5913.78157998,969.09514239,969.07139346,0.05674056,597.08824533,0.01998503,0.01998503,33794,103,0
5913.95679535,5913.95659710,975.23548285,975.24244075,0.04910582,597.28905146,0.01998504,0.01998503,33793,103,0
5914.13089696,5914.13162458,981.38057345,981.35501844,0.06317924,597.48725472,0.01998503,0.01998503,33792,103,0
5914.30553669,5914.30666242,987.53019124,987.49062787,0.06908194,597.68550392,0.01998503,0.01998503,33791,103,0
5914.48086399,5914.48171062,993.68411227,993.65433910,0.05114732,597.88395410,0.01998503,0.01998503,33790,103,0
5914.65698602,5914.65676919,999.84211284,999.84974240,0.06070613,598.08271053,0.01998504,0.01998503,33789,103,0
5914.83150687,5914.83183812,1006.00409752,1005.99243486,0.04561415,598.27906910,0.01998503,0.01998503,33788,103,0
5915.00773152,5915.00691741,1012.17021175,1012.19889280,0.05616648,598.47675119,0.01998504,0.01998503,33787,103,0
5915.18241882,5915.18200707,1018.34062799,1018.35514335,0.05501871,598.67212430,0.01998504,0.01998503,33786,103,0
5915.35587019,5915.35710709,1024.51551946,1024.47188549,0.06549917,598.86554345,0.01998503,0.01998503,33785,103,0
5915.53424585,5915.53221748,0.00000000,1030.75670640,0.05562650,599.06355053,0.01998504,0.01998503,33784,103,1
5915.70781901,5915.70733825,1036.87940987,1036.89639427,0.04434021,599.25627367,0.01998504,0.01998503,33783,103,0
5915.88346844,5915.88246938,1043.06856869,1043.10388849,0.03728041,599.45041039,0.01998504,0.01998503,33782,103,0
5916.05785291,5916.05761088,1049.26243941,1049.27100187,0.05376473,599.64257246,0.01998504,0.01998503,33781,103,0
5916.23313879,5916.23276275,1055.46092300,1055.47423548,0.06299279,599.83514432,0.01998504,0.01998503,33780,103,0
5916.40834873,5916.40792499,1061.66391998,1061.67893063,0.06747399,600.02704352,0.01998504,0.01998503,33779,103,0
5916.58377605,5916.58309761,1067.87133047,1067.89537931,0.04364636,600.21858608,0.01998504,0.01998503,33778,103,0
5916.75844292,5916.75828060,1074.08308966,1074.08884711,0.02470022,600.40870370,0.01998504,0.01998503,33777,103,0
5916.93252988,5916.93347396,1080.29922701,1080.26571873,0.05185050,600.59759922,0.01998503,0.01998503,33776,103,0
5917.10784016,5917.10867770,1086.51978771,1086.49004127,0.06453787,600.78722593,0.01998503,0.01998503,33775,103,0
5917.28403809,5917.28389182,1092.74481714,1092.75001549,0.04683749,600.97720988,0.01998504,0.01998503,33774,103,0
5917.45929852,5917.45911632,1098.97436087,1098.98084058,0.02550259,601.16558331,0.01998504,0.01998503,33773,103,0
5917.63516826,5917.63435119,1105.20846944,1105.23754743,0.05795450,601.35401051,0.01998504,0.01998503,33772,103,0
5917.81072631,5917.80959644,1111.44726247,1111.48750058,0.06935768,601.54150527,0.01998504,0.01998503,33771,103,0
5917.98533332,5917.98485208,1117.69091194,1117.70806308,0.03592828,601.72739482,0.01998504,0.01998503,33770,103,0
5918.16003531,5918.16011809,1123.93959186,1123.93663934,0.03290038,601.91280064,0.01998503,0.01998503,33769,103,0
5918.33521253,5918.33539449,1130.19347703,1130.18698229,0.05691487,602.09812691,0.01998503,0.01998503,33768,103,0
5918.51086136,5918.51068127,1136.45274296,1136.45917639,0.05927568,602.28336852,0.01998504,0.01998504,33767,103,0
5918.68678793,5918.68597843,1142.71746564,1142.74640685,0.04888188,602.46831772,0.01998504,0.01998504,33766,103,0
5918.86118713,5918.86128598,1148.98742573,1148.98388905,0.03538731,602.65107485,0.01998503,0.01998504,33765,103,0
5919.03647142,5919.03660391,1155.26234870,1155.25760477,0.05103651,602.83416153,0.01998503,0.01998504,33764,103,0
5919.21144038,5919.21193223,1161.54195872,1161.52433667,0.06428928,603.01631141,0.01998503,0.01998504,33763,103,0
5919.38698854,5919.38727094,1167.82597871,1167.81585455,0.03316212,603.19844480,0.01998503,0.01998504,33762,103,0
5919.56158137,5919.56262004,1174.11415326,1174.07689444,0.03101413,603.37896285,0.01998503,0.01998504,33761,103,0
5919.73783385,5919.73797953,1180.40654375,1180.40131466,0.05267827,603.56056589,0.01998503,0.01998504,33760,103,0
5919.91341289,5919.91334941,1186.70344407,1186.70572420,0.04102268,603.74085174,0.01998504,0.01998504,33759,103,0
5920.08913420,5920.08872968,1193.00515478,1193.01969538,0.03266318,603.92066790,0.01998504,0.01998504,33758,103,0
5920.26353430,5920.26412034,1199.31197779,1199.29089655,0.04111753,604.09852988,0.01998503,0.01998504,33757,103,0
5920.43940501,5920.43952139,1205.62421610,1205.62002610,0.07469694,604.27729098,0.01998503,0.01998504,33756,103,0
5920.61407767,5920.61493284,1211.94204530,1211.91123207,0.03233946,604.45424041,0.01998503,0.01998504,33755,103,0
5920.79034898,5920.79035468,1218.26532028,1218.26511462,0.05091996,604.63220331,0.01998504,0.01998504,33754,103,0
5920.96510406,5920.96578692,1224.59384585,1224.56920296,0.07174339,604.80802727,0.01998503,0.01998504,33753,103,0
5921.14124450,5921.14122956,1230.92742590,1230.92796538,0.02564245,604.98462508,0.01998504,0.01998504,33752,103,0
5921.31643018,5921.31668259,1237.26586341,1237.25674140,0.06212200,605.15964115,0.01998503,0.01998504,33751,103,0
5921.49204907,5921.49214603,1243.60898012,1243.60547393,0.06839544,605.33445837,0.01998504,0.01998504,33750,103,0
5921.66720091,5921.66761986,1249.95678467,1249.94162382,0.02168326,605.50817946,0.01998503,0.01998504,33749,103,0
5921.84384073,5921.84310409,1256.30938969,1256.33606582,0.05920107,605.68273948,0.01998504,0.01998504,33748,103,0
5922.01859686,5922.01859873,1262.66690943,1262.66684158,0.04936095,605.85481007,0.01998504,0.01998504,33747,103,0
5922.19351899,5922.19410377,1269.02945867,1269.00825106,0.02921078,606.02642014,0.01998503,0.01998504,33746,103,0
5922.36985020,5922.36961921,1275.39715195,1275.40553545,0.05884254,606.19878216,0.01998504,0.01998504,33745,103,0
5922.54463089,5922.54514505,1281.77005088,1281.75137588,0.03618314,606.36900386,0.01998503,0.01998504,33744,103,0
5922.72128956,5922.72068130,1288.14812897,1288.17023814,0.03814258,606.54042006,0.01998504,0.01998504,33743,103,0
5922.89613544,5922.89622796,1294.53135133,1294.52798580,0.06516901,606.70944650,0.01998504,0.01998504,33742,103,0
5923.07116885,5923.07178503,1300.91968288,1300.89725272,0.02066865,606.87802310,0.01998503,0.01998504,33741,103,0
5923.24693612,5923.24735250,1307.31308837,1307.29792015,0.06823668,607.04666837,0.01998504,0.01998504,33740,103,0
5923.42277054,5923.42293038,1313.71153093,1313.70570389,0.04039652,607.21473559,0.01998504,0.01998504,33739,103,0
5923.59766089,5923.59851867,1320.11496606,1320.08367313,0.01480179,607.38126018,0.01998503,0.01998504,33738,103,0
5923.77447687,5923.77411737,1326.52334669,1326.53647105,0.04953297,607.54896622,0.01998504,0.01998504,33737,103,0
5923.95029492,5923.94972648,1332.93662549,1332.95739207,0.04318541,607.71507275,0.01998504,0.01998504,33736,103,0
5924.12558707,5924.12534601,1339.35475492,1339.36356772,0.07034332,607.88003134,0.01998504,0.01998504,33735,103,0
5924.30092139,5924.30097595,1345.77769338,1345.77569738,0.04336340,608.04437658,0.01998504,0.01998504,33734,103,0
5924.47649275,5924.47661630,1352.20551252,1352.20098928,0.03069326,608.20828977,0.01998504,0.01998504,33733,103,0
5924.65291199,5924.65226707,1358.63838352,1358.66201111,0.07588277,608.37233783,0.01998504,0.01998504,33732,103,0
5924.82768889,5924.82792826,1365.07648173,1365.06770523,0.03350267,608.53421229,0.01998504,0.01998504,33731,103,0
5925.00355785,5925.00359986,1371.51998334,1371.51844199,0.05233508,608.69645141,0.01998504,0.01998504,33730,103,0
5925.17916429,5925.17928188,1377.96906490,1377.96474637,0.02963856,608.85780355,0.01998504,0.01998504,33729,103,0
5925.35490486,5925.35497432,1384.42381172,1384.42125891,0.06153778,609.01863411,0.01998504,0.01998504,33728,103,0
5925.53073817,5925.53067718,1390.88410788,1390.88635105,0.04662175,609.17889914,0.01998504,0.01998504,33727,103,0
5925.70675944,5925.70639046,1397.34981018,1397.36339274,0.05283466,609.33867845,0.01998504,0.01998504,33726,103,0
5925.88222308,5925.88211417,1403.82077470,1403.82478682,0.04680070,609.49729193,0.01998504,0.01998504,33725,103,0
5926.05729726,5926.05784829,1410.29685681,1410.27654332,0.04185819,609.65489169,0.01998504,0.01998504,33724,103,0
5926.23301330,5926.23359284,1416.77793020,1416.75655048,0.07817746,609.81239986,0.01998504,0.01998504,33723,103,0
5926.41001341,5926.40934782,1423.26397570,1423.28854741,0.03998143,609.97037890,0.01998504,0.01998504,33722,103,0
5926.58556745,5926.58511322,1429.75501190,1429.77179286,0.07349882,610.12639174,0.01998504,0.01998504,33721,103,0
5926.76119449,5926.76088904,1436.25105755,1436.26234969,0.07258458,610.28179503,0.01998504,0.01998504,33720,103,0
5926.93768296,5926.93667530,1442.75213145,1442.78941118,0.02280388,610.43727976,0.01998504,0.01998504,33719,103,0
5927.11186004,5927.11247198,1449.25826153,1449.23560585,0.07085951,610.59005800,0.01998504,0.01998504,33718,103,0
5927.28813877,5927.28827909,1455.76961857,1455.76441949,0.03480810,610.74400415,0.01998504,0.01998504,33717,103,0
5927.46369300,5927.46409663,1462.28648800,1462.27152093,0.05121234,610.89664706,0.01998504,0.01998504,33716,103,0
5927.63918947,5927.63992461,1468.80915984,1468.78187696,0.06633620,611.04857574,0.01998503,0.01998504,33715,103,0
5927.81523131,5927.81576301,1475.33792554,1475.31817502,0.05684147,611.20031433,0.01998504,0.01998504,33714,103,0
5927.99189931,5927.99161185,1481.87307421,1481.88376245,0.03353151,611.35193042,0.01998504,0.01998504,33713,103,0
5928.16815116,5928.16747112,1488.41463065,1488.43993782,0.04117352,611.50252664,0.01998504,0.01998504,33712,103,0
5928.34335954,5928.34334083,1494.96218222,1494.96287927,0.02305696,611.65156362,0.01998504,0.01998504,33711,103,0
5928.51955620,5928.51922097,1501.51527345,1501.52776833,0.04688265,611.80075752,0.01998504,0.01998504,33710,103,0
5928.69506591,5928.69511155,1508.07344658,1508.07174426,0.02197904,611.94867591,0.01998504,0.01998504,33709,103,0
5928.87114194,5928.87101257,1514.63624155,1514.64106985,0.06257223,612.09636367,0.01998504,0.01998504,33708,103,0
5929.04624871,5929.04692402,1521.20336920,1521.17815047,0.03092173,612.24252727,0.01998504,0.01998504,33707,103,0
5929.22238064,5929.22284592,1527.77512080,1527.75773375,0.06185080,612.38883611,0.01998504,0.01998504,33706,103,0
5929.39765029,5929.39877825,1534.35191111,1534.30972933,0.06208042,612.53372887,0.01998503,0.01998504,33705,103,0
5929.57475461,5929.57472103,1540.93415702,1540.93541370,0.03027574,612.67943669,0.01998504,0.01998504,33704,103,0
5929.75101096,5929.75067425,1547.52227750,1547.53489009,0.04603916,612.82375396,0.01998504,0.01998504,33703,103,0
5929.92654867,5929.92663791,1554.11663227,1554.11328619,0.01706471,612.96680155,0.01998504,0.01998504,33702,103,0
5930.10271765,5930.10261202,1560.71716923,1560.72113299,0.07049513,613.10967669,0.01998504,0.01998504,33701,103,0
5930.27934680,5930.27859657,1567.32366501,1567.35184017,0.05485904,613.25222722,0.01998504,0.01998504,33700,103,0
5930.45412298,5930.45459157,1573.93589458,1573.91828260,0.03746971,613.39258772,0.01998504,0.01998504,33699,103,0
5930.62990543,5930.63059701,1580.55363172,1580.52761890,0.06072212,613.53305271,0.01998504,0.01998504,33698,103,0
5930.80759168,5930.80661291,1587.17666485,1587.21350716,0.06246943,613.67431536,0.01998504,0.01998504,33697,103,0
5930.98264083,5930.98263925,1593.80499758,1593.80505724,0.03880673,613.81276832,0.01998504,0.01998504,33696,103,0
5931.15875842,5931.15867604,1600.43879061,1600.44189644,0.05500047,613.95135352,0.01998504,0.01998504,33695,103,0
5931.33459915,5931.33472328,1607.07820899,1607.07352583,0.00823356,614.08900906,0.01998504,0.01998504,33694,103,0
5931.51017842,5931.51078097,1613.72341858,1613.70066597,0.05781414,614.22575167,0.01998504,0.01998504,33693,103,0
5931.68790918,5931.68684912,1620.37458236,1620.41464426,0.04950274,614.36345045,0.01998504,0.01998504,33692,103,0
5931.86300771,5931.86292772,1627.03174752,1627.03477321,0.03020784,614.49840093,0.01998504,0.01998504,33691,103,0
5932.03857768,5932.03901677,1633.69482456,1633.67820263,0.05671963,614.63300433,0.01998504,0.01998504,33690,103,0
5932.21484458,5932.21511628,1640.36371571,1640.35342208,0.05343586,614.76742242,0.01998504,0.01998504,33689,103,0
5932.39137735,5932.39122625,1647.03832267,1647.04405183,0.03110464,614.90131654,0.01998504,0.01998504,33688,103,0
5932.56760586,5932.56734667,1653.71854750,1653.72838226,0.05620429,615.03425052,0.01998504,0.01998504,33687,103,0
5932.74356636,5932.74347755,1660.40437264,1660.40774500,0.04310104,615.16625296,0.01998504,0.01998504,33686,103,0
5932.91960832,5932.91961889,1667.09592599,1667.09552418,0.02371534,615.29758771,0.01998504,0.01998504,33685,103,0
5933.09571349,5933.09577069,1673.79335130,1673.79117564,0.07057560,615.42824104,0.01998504,0.01998504,33684,103,0
5933.27232958,5933.27193295,1680.49679307,1680.51189229,0.04642782,615.55854224,0.01998504,0.01998504,33683,103,0
5933.44808159,5933.44810567,1687.20639640,1687.20547871,0.06771656,615.68747975,0.01998504,0.01998504,33682,103,0
5933.62487596,5933.62428886,1693.92223479,1693.94462372,0.01662119,615.81645028,0.01998504,0.01998504,33681,103,0
5933.80055500,5933.80048251,1700.64419102,1700.64695786,0.03269929,615.94387584,0.01998504,0.01998504,33680,103,0
5933.97703977,5933.97668662,1707.37211604,1707.38560555,0.04329561,616.07114677,0.01998504,0.01998504,33679,103,0
5934.15257221,5934.15290120,1714.10586001,1714.09328335,0.02698161,616.19699131,0.01998504,0.01998504,33678,103,0
5934.32894409,5934.32912624,1720.84527228,1720.83830359,0.06207332,616.32268986,0.01998504,0.01998504,33677,103,0
5934.50541357,5934.50536176,1727.59025551,1727.59223926,0.03937916,616.44770395,0.01998504,0.01998504,33676,103,0
5934.68102225,5934.68160774,1734.34091206,1734.31847772,0.03555804,616.57135943,0.01998504,0.01998504,33675,103,0
5934.85883241,5934.85786419,1741.09739115,1741.13452150,0.02002107,616.69580469,0.01998504,0.01998504,33674,103,0
5935.03393423,5935.03413111,1747.85984277,1747.85228652,0.06659590,616.81760737,0.01998504,0.01998504,33673,103,0
5935.21030142,5935.21040850,1754.62841770,1754.62430450,0.04762370,616.93954141,0.01998504,0.01998504,33672,103,0
5935.38698747,5935.38669636,1761.40324165,1761.41443385,0.04770473,617.06094236,0.01998504,0.01998504,33671,103,0
5935.56299381,5935.56299470,1768.18431496,1768.18428062,0.06542933,617.18112420,0.01998504,0.01998504,33670,103,0
5935.73909184,5935.73930351,1774.97159967,1774.96344744,0.02457500,617.30061451,0.01998504,0.01998504,33669,103,0
5935.91553740,5935.91562280,1781.76505759,1781.76176579,0.06314120,617.41958118,0.01998504,0.01998504,33668,103,0
5936.09192535,5936.09195256,1788.56465027,1788.56360056,0.04757681,617.53774628,0.01998504,0.01998504,33667,103,0
5936.26851517,5936.26829280,1795.37033990,1795.37892591,0.04864488,617.65527986,0.01998504,0.01998504,33666,103,0
5936.44488488,5936.44464351,1802.18209332,1802.19142025,0.05912998,617.77189839,0.01998504,0.01998504,33665,103,0
5936.62093829,5936.62100471,1808.99987903,1808.99731052,0.02495303,617.88753910,0.01998504,0.01998504,33664,103,0
5936.79733126,5936.79737638,1815.82366532,1815.82191872,0.04184004,618.00262991,0.01998504,0.01998504,33663,103,0
5936.97337747,5936.97375854,1822.65342030,1822.63865897,0.03794135,618.11672040,0.01998504,0.01998504,33662,103,0
5937.15048632,5937.15015117,1829.48912356,1829.50211688,0.04569927,618.23071674,0.01998504,0.01998504,33661,103,0
5937.32703763,5937.32655429,1836.33083535,1836.34958941,0.05957089,618.34357157,0.01998504,0.01998504,33660,103,0
5937.50363196,5937.50296789,1843.17865050,1843.20443826,0.06533936,618.45567158,0.01998504,0.01998504,33659,103,0
5937.67877250,5937.67939198,1850.03266442,1850.00858761,0.02031727,618.56607533,0.01998504,0.01998504,33658,103,0
5937.85555120,5937.85582655,1856.89297306,1856.88226213,0.06006576,618.67672994,0.01998504,0.01998504,33657,103,0
5938.03178646,5938.03227161,1863.75967344,1863.74078478,0.05616674,618.78626185,0.01998504,0.01998504,33656,103,0
5938.20819007,5938.20872715,1870.63286754,1870.61193809,0.03682632,618.89511523,0.01998504,0.01998504,33655,103,0
5938.38483949,5938.38519318,1877.51265985,1877.49886434,0.03720571,619.00333439,0.01998504,0.01998504,33654,103,0
5938.56165207,5938.56166970,1884.39915545,1884.39846707,0.04471162,619.11086518,0.01998504,0.01998504,33653,103,0
5938.73792220,5938.73815671,1891.29245997,1891.28329606,0.05235296,619.21728019,0.01998504,0.01998504,33652,103,0
5938.91518576,5938.91465421,1898.19264690,1898.21343750,0.05557312,619.32350224,0.01998504,0.01998504,33651,103,0
5939.09144263,5939.09116221,1905.09954678,1905.11052497,0.05857296,619.42832778,0.01998504,0.01998504,33650,103,0
5939.26804891,5939.26768069,1912.01287940,1912.02730673,0.01723819,619.53256109,0.01998504,0.01998504,33649,103,0
5939.44447467,5939.44420967,1918.93236248,1918.94275408,0.07040001,619.63588172,0.01998504,0.01998504,33648,103,0
5939.61984573,5939.62074914,1925.85771212,1925.82225937,0.07282539,619.73777982,0.01998504,0.01998504,33647,103,0
5939.79725320,5939.79729911,1932.78870416,1932.78690088,0.06037290,619.84003923,0.01998504,0.01998504,33646,103,0
5939.97266316,5939.97385958,1939.72553710,1939.67851218,0.04342555,619.94033532,0.01998504,0.01998504,33645,103,0
5940.15036830,5940.15043054,1946.66858960,1946.66614119,0.04830169,620.04112382,0.01998504,0.01998504,33644,103,0
5940.32625336,5940.32701200,1953.61824308,1953.58837171,0.04923845,620.14007053,0.01998504,0.01998504,33643,103,0
5940.50331992,5940.50360396,1960.57488105,1960.56368592,0.04300973,620.23887145,0.01998504,0.01998504,33642,103,0
5940.68053705,5940.68020642,1967.53880794,1967.55185188,0.03378283,620.33694387,0.01998504,0.01998504,33641,103,0
5940.85653198,5940.85681938,1974.50984394,1974.49849494,0.03811268,620.43353026,0.01998504,0.01998504,33640,103,0
5941.03271353,5941.03344284,1981.48762833,1981.45880314,0.03770486,620.52940340,0.01998504,0.01998504,33639,103,0
5941.21054049,5941.21007681,1988.47179805,1988.49013960,0.03057816,620.62533687,0.01998504,0.01998504,33638,103,0
5941.38675998,5941.38672128,1995.46198794,1995.46352008,0.03616697,620.71956828,0.01998504,0.01998504,33637,103,0
5941.56373363,5941.56337625,2002.45790814,2002.47206650,0.04254976,620.81336046,0.01998504,0.01998504,33636,103,0
5941.73925802,5941.74004173,2009.45964177,2009.42856871,0.04602351,620.90554960,0.01998504,0.01998504,33635,103,0
5941.91734851,5941.91671772,2016.46738564,2016.49241590,0.04220653,620.99823711,0.01998504,0.01998504,33634,103,0
5942.09370424,5942.09340422,2023.48133773,2023.49325296,0.03445278,621.08917900,0.01998504,0.01998504,33633,103,0
5942.27070659,5942.27010122,2030.50169709,2030.52575969,0.03557714,621.17961132,0.01998504,0.01998504,33632,103,0
5942.44725188,5942.44680873,2037.52866762,2037.54629804,0.04334953,621.26896906,0.01998504,0.01998504,33631,103,0
5942.62343631,5942.62352675,2044.56246783,2044.55886638,0.04683885,621.35730701,0.01998504,0.01998504,33630,103,0
5942.79995037,5942.80025529,2051.60332061,2051.59116683,0.04005416,621.44497184,0.01998504,0.01998504,33629,103,0
5942.97702243,5942.97699433,2058.65145010,2058.65257117,0.04532691,621.53207075,0.01998504,0.01998504,33628,103,0
5943.15360572,5943.15374389,2065.70708151,2065.70156289,0.04040996,621.61808834,0.01998504,0.01998504,33627,103,0
5943.33041100,5943.33050397,2072.77034320,2072.76662640,0.04081708,621.70337149,0.01998504,0.01998504,33626,103,0
5943.50767422,5943.50727456,2079.84110726,2079.85710177,0.05211646,621.78802472,0.01998504,0.01998504,33625,103,0
5943.68363599,5943.68405566,2086.91920349,2086.90239218,0.05296497,621.87120908,0.01998504,0.01998504,33624,103,0
5943.86064045,5943.86084728,2094.00446066,2093.99616771,0.06852805,621.95402989,0.01998504,0.01998504,33623,103,0
5944.03820792,5944.03764942,2101.09670710,2101.11912110,0.05264616,622.03624632,0.01998504,0.01998504,33622,103,0
5944.21442112,5944.21446208,2108.19582133,2108.19417600,0.04790671,622.11697242,0.01998504,0.01998504,33621,103,0
5944.39166421,5944.39128526,2115.30177239,2115.31700823,0.04699808,622.19729988,0.01998504,0.01998504,33620,103,0
5944.56771295,5944.56811896,2122.41453854,2122.39820031,0.04604384,622.27621907,0.01998504,0.01998504,33619,103,0
5944.74488653,5944.74496318,2129.53409788,2129.53101071,0.04440707,622.35476736,0.01998504,0.01998504,33618,103,0
5944.92205523,5944.92181792,2136.66043117,2136.66999778,0.03732012,622.43243279,0.01998504,0.01998504,33617,103,0
5945.09861130,5945.09868319,2143.79360506,2143.79070460,0.04569245,622.50895173,0.01998504,0.01998504,33616,103,0
5945.27515637,5945.27555898,2150.93378647,2150.91752609,0.06641487,622.58458874,0.01998504,0.01998504,33615,103,0
5945.45204797,5945.45244529,2158.08114893,2158.06508672,0.05869580,622.65949365,0.01998504,0.01998504,33614,103,0
5945.63004025,5945.62934214,2165.23586696,2165.26411667,0.04764177,622.73397405,0.01998505,0.01998504,33613,103,0
5945.80746541,5945.80624951,2172.39810492,2172.44735646,0.04649553,622.80732689,0.01998505,0.01998504,33612,103,0
5945.98334960,5945.98316740,2179.56787742,2179.57526470,0.03620770,622.87916266,0.01998504,0.01998504,33611,103,0
5946.15986911,5946.16009583,2186.74509090,2186.73588922,0.04266359,622.95037325,0.01998504,0.01998504,33610,103,0
5946.33732815,5946.33703479,2193.92964887,2193.94156655,0.06568568,623.02106573,0.01998504,0.01998504,33609,103,0
5946.51445675,5946.51398428,2201.12145422,2201.14066602,0.04952285,623.09072582,0.01998505,0.01998504,33608,103,0
5946.69138925,5946.69094430,2208.32040769,2208.33851744,0.03580095,623.15940667,0.01998505,0.01998504,33607,103,0
5946.86813275,5946.86791485,2215.52639915,2215.53527559,0.03976640,623.22711022,0.01998505,0.01998504,33606,103,0
5947.04442932,5947.04489594,2222.73931361,2222.72028785,0.04556760,623.29373882,0.01998504,0.01998504,33605,103,0
5947.22231432,5947.22188756,2229.95903533,2229.97645118,0.06405348,623.36004922,0.01998505,0.01998504,33604,103,0
5947.39856423,5947.39888972,2237.18544786,2237.17215371,0.05329543,623.42483650,0.01998504,0.01998504,33603,103,0
5947.57631185,5947.57590241,2244.41850990,2244.43524768,0.02895429,623.48925039,0.01998505,0.01998504,33602,103,0
5947.75242678,5947.75292564,2251.65843125,2251.63801944,0.03511819,623.55215681,0.01998504,0.01998504,33601,103,0
5947.93002261,5947.92995941,2258.90547500,2258.90806311,0.05981706,623.61466869,0.01998505,0.01998504,33600,103,0
5948.10668142,5948.10700372,2266.15990580,2266.14669267,0.05577826,623.67593022,0.01998504,0.01998504,33599,103,0
5948.28347388,5948.28405857,2273.42198825,2273.39799426,0.03805680,623.73631829,0.01998504,0.01998504,33598,103,0
5948.46056736,5948.46112397,2280.69187623,2280.66901163,0.03909006,623.79588499,0.01998504,0.01998504,33597,103,0
5948.63799070,5948.63819990,2287.96954191,2287.96093981,0.04866552,623.85463182,0.01998504,0.01998504,33596,103,0
5948.81589309,5948.81528638,2295.25494052,2295.27991361,0.03647402,623.91259841,0.01998505,0.01998504,33595,103,0
5948.99194023,5948.99238340,2302.54802701,2302.52976795,0.03620281,623.96903170,0.01998504,0.01998505,33594,103,0
5949.16947320,5949.16949096,2309.84875247,2309.84801971,0.06053311,624.02500227,0.01998505,0.01998505,33593,103,0
5949.34692135,5949.34660908,2317.15701299,2317.16990438,0.04223567,624.08000009,0.01998505,0.01998505,33592,103,0
5949.52397474,5949.52373774,2324.47266089,2324.48245412,0.03469741,624.13392889,0.01998505,0.01998505,33591,103,0
5949.70031590,5949.70087694,2331.79554638,2331.77234249,0.04640501,624.18669695,0.01998504,0.01998505,33590,103,0
5949.87800236,5949.87802670,2339.12551871,2339.12451129,0.06171497,624.23891100,0.01998505,0.01998505,33589,103,0
5950.05522297,5950.05518701,2346.46248942,2346.46397954,0.02971906,624.29002833,0.01998505,0.01998505,33588,103,0
5950.23192892,5950.23235786,2353.80672265,2353.78893339,0.06346007,624.34004192,0.01998504,0.01998505,33587,103,0
5950.41006420,5950.40953927,2361.15860672,2361.18039892,0.04553615,624.38949429,0.01998505,0.01998505,33586,103,0
5950.58704606,5950.58673123,2368.51853250,2368.53161623,0.02534961,624.43766573,0.01998505,0.01998505,33585,103,0
5950.76688289,5950.76393375,0.00000000,2376.01955558,0.05372928,624.48569589,0.01998506,0.01998505,33584,103,1
5950.94183110,5950.94114682,2383.26388025,2383.29238083,0.03484758,624.53134414,0.01998505,0.01998505,33583,103,0
5951.11838659,5951.11837044,2390.64925907,2390.64993251,0.03112787,624.57651936,0.01998505,0.01998505,33582,103,0
5951.29532530,5951.29560462,2398.04273291,2398.03107489,0.06345291,624.62082393,0.01998504,0.01998505,33581,103,0
5951.47284762,5951.47284936,2405.44400413,2405.44393126,0.01858125,624.66429514,0.01998505,0.01998505,33580,103,0
5951.65074309,5951.65010466,2412.85278460,2412.87948195,0.07856538,624.70686881,0.01998505,0.01998505,33579,103,0
5951.82801967,5951.82737052,2420.26899006,2420.29616159,0.02333800,624.74830616,0.01998505,0.01998505,33578,103,0
5952.00476104,5952.00464693,2427.69271390,2427.69749474,0.03318535,624.78863397,0.01998505,0.01998505,33577,103,0
5952.18191391,5952.18193391,2435.12405594,2435.12321723,0.05839571,624.82806686,0.01998505,0.01998505,33576,103,0
5952.35902927,5952.35923145,2442.56311661,2442.55462927,0.03475862,624.86649928,0.01998505,0.01998505,33575,103,0
5952.53650281,5952.53653955,2450.01002175,2450.00847793,0.04875936,624.90401198,0.01998505,0.01998505,33574,103,0
5952.71317354,5952.71385822,2457.46502319,2457.43622238,0.04230066,624.94036142,0.01998504,0.01998505,33573,103,0
5952.89123574,5952.89118745,2464.92841384,2464.93044756,0.05686384,624.97599224,0.01998505,0.01998505,33572,103,0
5953.06866439,5953.06852725,2472.40048850,2472.40627005,0.04237573,625.01049081,0.01998505,0.01998505,33571,103,0
5953.24624436,5953.24587761,2479.88153981,2479.89701913,0.07338409,625.04401166,0.01998505,0.01998505,33570,103,0
5953.42297158,5953.42323854,2487.37157902,2487.36029901,0.02917859,625.07636768,0.01998505,0.01998505,33569,103,0
5953.60118488,5953.60061004,2494.87015276,2494.89446730,0.05308550,625.10797618,0.01998505,0.01998505,33568,103,0
5953.77811408,5953.77799211,2502.37676159,2502.38192548,0.02058081,625.13833869,0.01998505,0.01998505,33567,103,0
5953.95538114,5953.95538475,2509.89090273,2509.89074962,0.05099641,625.16773661,0.01998505,0.01998505,33566,103,0
5954.13288742,5954.13278797,2517.41212805,2517.41634625,0.03072646,625.19614391,0.01998505,0.01998505,33565,103,0
5954.31033633,5954.31020175,2524.94053506,2524.94624864,0.04535009,625.22350909,0.01998505,0.01998505,33564,103,0
5954.48738114,5954.48762611,2532.47652433,2532.46611416,0.03275658,625.24978123,0.01998505,0.01998505,33563,103,0
5954.66557074,5954.66506104,2540.02050219,2540.04218445,0.05538413,625.27518200,0.01998505,0.01998505,33562,103,0
5954.84204822,5954.84250655,2547.57287726,2547.55335926,0.02845503,625.29930720,0.01998505,0.01998505,33561,103,0
5955.01992779,5955.01996263,2555.13391826,2555.13243290,0.06407410,625.32258271,0.01998505,0.01998505,33560,103,0
5955.19740285,5955.19742929,2562.70354029,2562.70241195,0.04252405,625.34475963,0.01998505,0.01998505,33559,103,0
5955.37520544,5955.37490653,2570.28160340,2570.29437315,0.06837100,625.36592626,0.01998505,0.01998505,33558,103,0
5955.55219260,5955.55239435,2577.86796667,2577.85933873,0.04725225,625.38594712,0.01998505,0.01998505,33557,103,0
5955.72883965,5955.72989275,2585.46249851,2585.41741750,0.02899240,625.40488258,0.01998504,0.01998505,33556,103,0
5955.90668323,5955.90740173,2593.06520927,2593.03442031,0.05057978,625.42288648,0.01998504,0.01998505,33555,103,0
5956.08526584,5956.08492129,2600.67621388,2600.69099408,0.05661207,625.43989206,0.01998505,0.01998505,33554,103,0
5956.26231049,5956.26245143,2608.29563040,2608.28957797,0.03083293,625.45568657,0.01998505,0.01998505,33553,103,0
5956.43896279,5956.43999216,2615.92357765,2615.87932754,0.04738514,625.47038642,0.01998504,0.01998505,33552,103,0
5956.61693933,5956.61754347,2623.56017834,2623.53417983,0.03697020,625.48412280,0.01998504,0.01998505,33551,103,0
5956.79485345,5956.79510537,2631.20556528,2631.19471226,0.06176473,625.49677395,0.01998505,0.01998505,33550,103,0
5956.97302218,5956.97267786,2638.85987385,2638.87472443,0.05112237,625.50835723,0.01998505,0.01998505,33549,103,0
5957.15046786,5957.15026093,2646.52324030,2646.53217500,0.02545498,625.51880990,0.01998505,0.01998505,33548,103,0
5957.32746696,5957.32785459,2654.19579249,2654.17903603,0.04758308,625.52815539,0.01998505,0.01998505,33547,103,0
5957.50546916,5957.50545884,2661.87752274,2661.87796945,0.04386489,625.53646138,0.01998505,0.01998505,33546,103,0
5957.68260377,5957.68307368,2669.56831970,2669.54796107,0.02939439,625.54363547,0.01998505,0.01998505,33545,103,0
5957.86077960,5957.86069911,2677.26806861,2677.27155967,0.05695136,625.54974957,0.01998505,0.01998505,33544,103,0
5958.03826890,5958.03833514,2684.97665399,2684.97377813,0.04448283,625.55473734,0.01998505,0.01998505,33543,103,0
5958.21559583,5958.21598176,2692.69402256,2692.67724782,0.05945493,625.55861778,0.01998505,0.01998505,33542,103,0
5958.39367803,5958.39363897,2700.42029111,2700.42199073,0.02106690,625.56140185,0.01998505,0.01998505,33541,103,0
5958.57111380,5958.57130677,2708.15560580,2708.14719940,0.05420003,625.56306298,0.01998505,0.01998505,33540,103,0
5958.74927219,5958.74898518,2715.90011375,2715.91263116,0.03986395,625.56360951,0.01998505,0.01998505,33539,103,0
5958.92692291,5958.92667418,2723.65394201,2723.66480199,0.05192270,625.56303183,0.01998505,0.01998505,33538,103,0
5959.10370517,5959.10437378,2731.41698672,2731.38776186,0.02563068,625.56134034,0.01998505,0.01998505,33537,103,0
5959.28212946,5959.28208397,2739.18899981,2739.19099036,0.04395028,625.55849993,0.01998505,0.01998505,33536,103,0
5959.45953944,5959.45980477,2746.96972929,2746.95810693,0.04582872,625.55454337,0.01998505,0.01998505,33535,103,0
5959.63733824,5959.63753617,2754.75892306,2754.75024445,0.05090770,625.54944192,0.01998505,0.01998505,33534,103,0
5959.81585375,5959.81527817,2762.55652290,2762.58178699,0.05521466,625.54317208,0.01998505,0.01998505,33533,103,0
5959.99376157,5959.99303077,2770.36284520,2770.39495704,0.02985250,625.53577550,0.01998505,0.01998505,33532,103,0
5960.17115924,5960.17079398,2778.17825093,2778.19431881,0.05195935,625.52725489,0.01998505,0.01998505,33531,103,0
5960.34866097,5960.34856779,2786.00310359,2786.00720775,0.04417289,625.51758045,0.01998505,0.01998505,33530,103,0
5960.52642693,5960.52635220,2793.83772261,2793.84101760,0.04617991,625.50673545,0.01998505,0.01998505,33529,103,0
5960.70437013,5960.70414723,2801.68213610,2801.69197657,0.05568403,625.49471677,0.01998505,0.01998505,33528,103,0
5960.88210739,5960.88195286,2809.53625824,2809.54308841,0.05888590,625.48154660,0.01998505,0.01998505,33527,103,0
5961.05971504,5961.05976909,2817.40000229,2817.39761046,0.02815638,625.46721869,0.01998505,0.01998505,33526,103,0
5961.23759173,5961.23759594,2825.27328216,2825.27309580,0.06066335,625.45169565,0.01998505,0.01998505,33525,103,0
5961.41569958,5961.41543340,2833.15604603,2833.16785141,0.05709856,625.43497191,0.01998505,0.01998505,33524,103,0
5961.59248851,5961.59328147,2841.04827950,2841.01307089,0.03770560,625.41719991,0.01998505,0.01998505,33523,103,0
5961.77098142,5961.77114015,2848.94996997,2848.94291405,0.03439586,625.39806796,0.01998505,0.01998505,33522,103,0
5961.94990533,5961.94900945,2856.86110463,2856.90097383,0.04010252,625.37768713,0.01998505,0.01998505,33521,103,0
5962.12745529,5962.12688935,2864.78164709,2864.80686111,0.04879222,625.35626861,0.01998505,0.01998505,33520,103,0
5962.30442085,5962.30477988,2872.71149292,2872.69547949,0.03649456,625.33373324,0.01998505,0.01998505,33519,103,0
5962.48346859,5962.48268102,2880.65052472,2880.68569027,0.06390040,625.30972272,0.01998505,0.01998505,33518,103,0
5962.66005437,5962.66059278,2888.59862420,2888.57455842,0.05608793,625.28484681,0.01998505,0.01998505,33517,103,0
5962.83806878,5962.83851515,2896.55570977,2896.53573614,0.06684568,625.25856438,0.01998505,0.01998505,33516,103,0
5963.01693488,5963.01644814,2904.52200160,2904.54380562,0.07117193,625.23093278,0.01998505,0.01998505,33515,103,0
5963.19397067,5963.19439176,2912.49786717,2912.47898205,0.05982883,625.20237110,0.01998505,0.01998505,33514,103,0
5963.37230772,5963.37234599,2920.48367754,2920.48195896,0.06267231,625.17237408,0.01998505,0.01998505,33513,103,0
5963.55003687,5963.55031085,2928.47979603,2928.46747823,0.02873362,625.14125003,0.01998505,0.01998505,33512,103,0
5963.72761472,5963.72828633,2936.48629792,2936.45606638,0.06274636,625.10892213,0.01998505,0.01998505,33511,103,0
5963.90664500,5963.90627243,2944.50293696,2944.51972764,0.06179379,625.07508147,0.01998505,0.01998505,33510,103,0
5964.08427047,5964.08426915,2952.52944829,2952.52950771,0.06398819,625.04026445,0.01998505,0.01998505,33509,103,0
5964.26230042,5964.26227651,2960.56556555,2960.56664565,0.05229029,625.00412389,0.01998505,0.01998505,33508,103,0
5964.44078261,5964.44029449,2968.61117692,2968.63325055,0.06051380,624.96663751,0.01998505,0.01998505,33507,103,0
5964.61740934,5964.61832309,2976.66654968,2976.62518045,0.03906039,624.92829942,0.01998505,0.01998505,33506,103,0
5964.79660755,5964.79636233,2984.73200951,2984.74312544,0.04210475,624.88813529,0.01998505,0.01998505,33505,103,0
5964.97495020,5964.97441219,2992.80788452,2992.83230272,0.04580060,624.84688894,0.01998505,0.01998505,33504,103,0
5965.15288592,5965.15247268,3000.89445140,3000.91323048,0.04027460,624.80446411,0.01998505,0.01998505,33503,103,0
5965.32980729,5965.33054381,3008.99170017,3008.95818843,0.02592022,624.76101634,0.01998505,0.01998505,33502,103,0
5965.50758429,5965.50862557,3017.09952432,3017.05208745,0.05881549,624.71608411,0.01998505,0.01998505,33501,103,0
5965.68590362,5965.68671796,3025.21781638,3025.18067271,0.04495644,624.66972757,0.01998505,0.01998505,33500,103,0
5965.86495938,5965.86482098,3033.34648152,3033.35280210,0.04807526,624.62187839,0.01998505,0.01998505,33499,103,0
5966.04289662,5966.04293464,3041.48558615,3041.48384761,0.06536709,624.57303150,0.01998505,0.01998505,33498,103,0
5966.22153110,5966.22105894,3049.63530412,3049.65692064,0.04371228,624.52268737,0.01998505,0.01998505,33497,103,0
5966.39982260,5966.39919387,3057.79581247,3057.82463361,0.04454880,624.47112952,0.01998505,0.01998505,33496,103,0
5966.57735622,5966.57733944,3065.96728074,3065.96805092,0.03166121,624.41848424,0.01998505,0.01998505,33495,103,0
5966.75566054,5966.75549565,3074.14960022,3074.15717795,0.04750801,624.36429406,0.01998505,0.01998505,33494,103,0
5966.93346396,5966.93366250,3082.34233066,3082.33319572,0.04804872,624.30894071,0.01998505,0.01998505,33493,103,0
5967.11218491,5967.11183999,3090.54500922,3090.56089707,0.05731616,624.25197667,0.01998505,0.01998505,33492,103,0
5967.28943750,5967.29002812,3098.75717192,3098.72993791,0.04932327,624.19416748,0.01998505,0.01998505,33491,103,0
5967.46852910,5967.46822689,3106.97869848,3106.99264949,0.03959316,624.13442708,0.01998505,0.01998505,33490,103,0
5967.64618484,5967.64643631,3115.21016826,3115.19854608,0.05367787,624.07383500,0.01998505,0.01998505,33489,103,0
5967.82435155,5967.82465637,3123.45224929,3123.43814332,0.07240122,624.01172820,0.01998505,0.01998505,33488,103,0
5968.00273269,5968.00288708,3131.70561478,3131.69846064,0.04867226,623.94819195,0.01998505,0.01998505,33487,103,0
5968.18088339,5968.18112843,3139.97074055,3139.95937008,0.03549410,623.88337613,0.01998505,0.01998505,33486,103,0
5968.35767816,5968.35938043,0.00000000,3148.17165727,0.04486412,623.81767796,0.01998505,0.01998505,33485,103,1
5968.53765333,5968.53764308,3156.53533571,3156.53581262,0.06032006,623.74946955,0.01998505,0.01998505,33484,103,0
5968.71697145,5968.71591638,3164.83411878,3164.88326318,0.03937688,623.68009410,0.01998506,0.01998505,33483,103,0
5968.89425915,5968.89420033,3173.14350649,3173.14624975,0.04804918,623.61013835,0.01998505,0.01998505,33482,103,0
5969.07281696,5969.07249493,3181.46363242,3181.47866925,0.05822939,623.53830287,0.01998505,0.01998505,33481,103,0
5969.25016310,5969.25080018,3189.79476571,3189.76497963,0.02860762,623.46557834,0.01998505,0.01998505,33480,103,0
5969.42986643,5969.42911609,3198.13717768,3198.17230509,0.03044347,623.39048048,0.01998505,0.01998505,33479,103,0
5969.60672163,5969.60744265,3206.49110406,3206.45730471,0.05251174,623.31518319,0.01998505,0.01998505,33478,103,0
5969.78571403,5969.78577986,3214.85648007,3214.85338991,0.03766574,623.23756777,0.01998505,0.01998505,33477,103,0
5969.96343375,5969.96412773,3223.23309487,3223.20047947,0.04287862,623.15909952,0.01998505,0.01998505,33476,103,0
5970.14327414,5970.14248626,3231.62073492,3231.65780930,0.04753913,623.07826707,0.01998505,0.01998505,33475,103,0
5970.32081093,5970.32085545,3240.01921014,3240.01711266,0.04510258,622.99705809,0.01998505,0.01998505,33474,103,0
5970.49882711,5970.49923529,3248.42862269,3248.40936750,0.05021835,622.91421546,0.01998505,0.01998505,33473,103,0
5970.67859226,5970.67762580,3256.84926542,3256.89491559,0.03820665,622.82911375,0.01998506,0.01998505,33472,103,0
5970.85589362,5970.85602696,3265.28143663,3265.27512984,0.05089942,622.74374783,0.01998505,0.01998505,33471,103,0
5971.03464091,5971.03443879,3273.72542546,3273.73499828,0.03601612,622.65623935,0.01998505,0.01998505,33470,103,0
5971.21332215,5971.21286128,3282.18133606,3282.20319266,0.03424362,622.56730531,0.01998505,0.01998505,33469,103,0
5971.39101059,5971.39129443,3290.64912158,3290.63564247,0.05687052,622.47741502,0.01998505,0.01998505,33468,103,0
5971.56964767,5971.56973825,3299.12873035,3299.12442340,0.04870616,622.38558207,0.01998505,0.01998505,33467,103,0
5971.74767872,5971.74819273,3307.62011071,3307.59563659,0.07245724,622.29259668,0.01998505,0.01998505,33466,103,0
5971.92621385,5971.92665788,3316.12322165,3316.10205142,0.03290614,622.19787542,0.01998505,0.01998505,33465,103,0
5972.10547328,5972.10513370,3324.63803236,3324.65424421,0.06919905,622.10128117,0.01998505,0.01998505,33464,103,0
5972.28368467,5972.28362018,3333.16451213,3333.16759496,0.03776962,622.00376803,0.01998505,0.01998505,33463,103,0
5972.46228010,5972.46211734,3341.70263647,3341.71042716,0.04568401,621.90455564,0.01998505,0.01998505,33462,103,0
5972.64051586,5972.64062516,3350.25254844,3350.24730973,0.02903351,621.80404982,0.01998505,0.01998505,33461,103,0
5972.81854188,5972.81914366,3358.81457048,3358.78568834,0.05724348,621.70216397,0.01998505,0.01998505,33460,103,0
5972.99779952,5972.99767283,3367.38903628,3367.39512565,0.04034291,621.59805060,0.01998505,0.01998505,33459,103,0
5973.17710385,5973.17621267,3375.97627243,3376.01916657,0.03000850,621.49237175,0.01998506,0.01998505,33458,103,0
5973.35458962,5973.35476318,3384.57633284,3384.56796694,0.04857421,621.38624299,0.01998505,0.01998505,33457,103,0
5973.53307097,5973.53332437,3393.18896555,3393.17673441,0.03753503,621.27798943,0.01998505,0.01998505,33456,103,0
5973.71136482,5973.71189624,3401.81390041,3401.78821578,0.06794361,621.16831592,0.01998505,0.01998505,33455,103,0
5973.89076786,5973.89047878,3410.45087188,3410.46486190,0.04591107,621.05641065,0.01998505,0.01998505,33454,103,0
5974.06875836,5974.06907201,3419.09980420,3419.08460478,0.05339543,620.94384596,0.01998505,0.01998505,33453,103,0
5974.24801833,5974.24767591,3427.76083173,3427.77744796,0.05070179,620.82892019,0.01998505,0.01998505,33452,103,0
5974.42568753,5974.42629049,3436.43410065,3436.40480182,0.05551988,620.71346374,0.01998505,0.01998505,33451,103,0
5974.60549416,5974.60491575,3445.11975910,3445.14790400,0.06154093,620.59503890,0.01998506,0.01998505,33450,103,0
5974.78309375,5974.78355169,3453.81797432,3453.79566031,0.03617454,620.47649997,0.01998505,0.01998505,33449,103,0
5974.96205590,5974.96219832,3462.52893321,3462.52198387,0.05574853,620.35546712,0.01998505,0.01998505,33448,103,0
5975.13981431,5975.14085563,3471.25282503,3471.20194115,0.06021866,620.23366529,0.01998505,0.01998505,33447,103,0
5975.32079263,5975.31952362,3479.98983069,3480.05193128,0.03538629,620.10802749,0.01998506,0.01998505,33446,103,0
5975.49687719,5975.49820230,3488.73994413,3488.67500585,0.03938344,619.98420284,0.01998505,0.01998505,33445,103,0
5975.67615573,5975.67689167,3497.50299047,3497.46687454,0.04347481,619.85652333,0.01998505,0.01998505,33444,103,0
5975.85527591,5975.85559172,3506.27878723,3506.26326730,0.04740571,619.72733207,0.01998505,0.01998505,33443,103,0
5976.03378871,5976.03430246,3515.06715003,3515.04186828,0.01391014,619.59696008,0.01998505,0.01998505,33442,103,0
5976.21241678,5976.21302389,3523.86788988,3523.83797413,0.05780597,619.46488320,0.01998505,0.01998505,33441,103,0
5976.39225597,5976.39175602,3532.68081393,3532.70548167,0.05041006,619.33027018,0.01998506,0.01998505,33440,103,0
5976.57033042,5976.57049883,3541.50572743,3541.49740739,0.03708582,619.19535330,0.01998505,0.01998505,33439,103,0
5976.74855712,5976.74925234,3550.34250747,3550.30811651,0.05928781,619.05869851,0.01998505,0.01998505,33438,103,0
5976.92644416,5976.92801653,0.00000000,3559.12092225,0.05142567,618.92055946,0.01998505,0.01998505,33437,103,1
5977.10555383,5977.10679143,3568.05451894,3567.99311833,0.04786511,618.78002282,0.01998505,0.01998505,33436,103,0
5977.28558973,5977.28557702,3576.93182629,3576.93245821,0.06312777,618.63693428,0.01998505,0.01998505,33435,103,0
5977.46380005,5977.46437330,3585.82453030,3585.79599520,0.05989021,618.49358407,0.01998505,0.01998505,33434,103,0
5977.64226137,5977.64318028,3594.73209210,3594.68628041,0.06608431,618.34832585,0.01998505,0.01998505,33433,103,0
5977.82234122,5977.82199796,3603.65339283,3603.67053028,0.04709669,618.20003118,0.01998506,0.01998505,33432,103,0
5977.99991802,5978.00082634,3612.58730152,3612.54189510,0.05183470,618.05211904,0.01998505,0.01998505,33431,103,0
5978.17896024,5978.17966542,3621.53306632,3621.49776905,0.06034218,617.90130539,0.01998505,0.01998505,33430,103,0
5978.35934094,5978.35851520,3630.49163173,3630.53302378,0.05979369,617.74763540,0.01998506,0.01998505,33429,103,0
5978.53768127,5978.53737568,3639.46441624,3639.47975901,0.03605621,617.59396698,0.01998505,0.01998505,33428,103,0
5978.71601051,5978.71624687,3648.45285029,3648.44096265,0.03646967,617.43854984,0.01998505,0.01998505,33427,103,0
5978.89471322,5978.89512875,3657.45772815,3657.43679248,0.04817471,617.28102202,0.01998505,0.01998505,33426,103,0
5979.07432024,5979.07402135,3666.47810271,3666.49318557,0.03627987,617.12090527,0.01998506,0.01998505,33425,103,0
5979.25328508,5979.25292465,3675.51272655,3675.53094172,0.04861257,616.95958921,0.01998506,0.01998505,33424,103,0
5979.43223410,5979.43183865,3684.56035288,3684.58036350,0.02415105,616.79653470,0.01998506,0.01998506,33423,103,0
5979.61003820,5979.61076336,3693.62054130,3693.58379580,0.03391440,616.63278928,0.01998505,0.01998506,33422,103,0
5979.79036238,5979.78969879,3702.69416173,3702.72783720,0.03157452,616.46493518,0.01998506,0.01998506,33421,103,0
5979.96780120,5979.96864492,3711.78221080,3711.73932714,0.04259946,616.29798467,0.01998505,0.01998506,33420,103,0
5980.14687631,5980.14760176,3720.88565254,3720.84871891,0.05523744,616.12767708,0.01998505,0.01998506,33419,103,0
5980.32693754,5980.32656931,3730.00461477,3730.02339232,0.04428714,615.95458060,0.01998506,0.01998506,33418,103,0
5980.50563170,5980.50554758,3739.13844204,3739.14273833,0.05066097,615.78096818,0.01998506,0.01998506,33417,103,0
5980.68438834,5980.68453656,3748.28644284,3748.27886185,0.04362898,615.60547696,0.01998506,0.01998506,33416,103,0
5980.86271149,5980.86353625,3757.44799612,3757.40575383,0.04189862,615.42860457,0.01998505,0.01998506,33415,103,0
5981.04236895,5981.04254666,3766.62312457,3766.61400928,0.03591070,615.24857681,0.01998506,0.01998506,33414,103,0
5981.22209190,5981.22156779,3775.81217655,3775.83909905,0.02353754,615.06662994,0.01998506,0.01998506,33413,103,0
5981.40016375,5981.40059963,3785.01550606,3784.99308219,0.07152461,614.88451240,0.01998505,0.01998506,33412,103,0
5981.57924961,5981.57964219,3794.23342895,3794.21320165,0.04738684,614.69949502,0.01998505,0.01998506,33411,103,0
5981.75773256,5981.75869547,3803.46610482,3803.41641517,0.02901171,614.51323146,0.01998505,0.01998506,33410,103,0
5981.93753905,5981.93775947,3812.71365654,3812.70226419,0.05537950,614.32369006,0.01998506,0.01998506,33409,103,0
5982.11610036,5982.11683419,3821.97620740,3821.93822091,0.05768641,614.13356744,0.01998505,0.01998506,33408,103,0
5982.29536996,5982.29591963,3831.25382952,3831.22533136,0.06383128,613.94078323,0.01998505,0.01998506,33407,103,0
5982.47439201,5982.47501580,3840.54650459,3840.51411306,0.04636426,613.74635081,0.01998505,0.01998506,33406,103,0
5982.65376931,5982.65412269,3849.85420485,3849.83582643,0.05166265,613.54960682,0.01998505,0.01998506,33405,103,0
5982.83236739,5982.83324031,3859.17692809,3859.13145919,0.06979690,613.35179494,0.01998505,0.01998506,33404,103,0
5983.01095220,5983.01236865,0.00000000,3868.45408368,0.04859943,613.15178553,0.01998505,0.01998506,33403,103,1
5983.19185349,5983.19150772,3877.86937587,3877.88744690,0.04791183,612.94774572,0.01998506,0.01998506,33402,103,0
5983.37021063,5983.37065751,3887.24056871,3887.21717172,0.06293860,612.74431050,0.01998505,0.01998506,33401,103,0
5983.54999128,5983.54981804,3896.62918596,3896.63827226,0.06501360,612.53723079,0.01998506,0.01998506,33400,103,0
5983.72888160,5983.72898929,3906.03462191,3906.02896388,0.05718636,612.32916740,0.01998506,0.01998506,33399,103,0
5983.90892713,5983.90817128,3915.45589227,3915.49566560,0.04637276,612.11775039,0.01998506,0.01998506,33398,103,0
5984.08784402,5984.08736399,3924.89200928,3924.91730526,0.08003669,611.90567541,0.01998506,0.01998506,33397,103,0
5984.26790031,5984.26656744,3934.34276300,3934.41311105,0.08514610,611.69025098,0.01998506,0.01998506,33396,103,0
5984.44645470,5984.44578163,3943.80945113,3943.84503570,0.04391158,611.47460611,0.01998506,0.01998506,33395,103,0
5984.62450077,5984.62500655,3953.29355512,3953.26676583,0.07267437,611.25753296,0.01998505,0.01998506,33394,103,0
5984.80447775,5984.80424220,3962.79643179,3962.80893253,0.06862915,611.03599255,0.01998506,0.01998506,33393,103,0
5984.98438569,5984.98348859,3972.31753228,3972.36522497,0.04380874,610.81241718,0.01998506,0.01998506,33392,103,0
5985.16186109,5985.16274572,3981.85490558,3981.80780350,0.04375646,610.58982428,0.01998505,0.01998506,33391,103,0
5985.34179270,5985.34201358,3991.40654881,3991.39477236,0.05104253,610.36212126,0.01998506,0.01998506,33390,103,0
5985.52186660,5985.52129219,4000.97119810,4001.00186462,0.04596159,610.13221553,0.01998506,0.01998506,33389,103,0
5985.69956965,5985.70058153,4010.55051995,4010.49641185,0.04666360,609.90330674,0.01998505,0.01998506,33388,103,0
5985.87919350,5985.87988162,4020.14691084,4020.11004703,0.05681187,609.66980854,0.01998505,0.01998506,33387,103,0
5986.06018389,5986.05919245,4029.76273992,4029.81596258,0.05879289,609.43231504,0.01998506,0.01998506,33386,103,0
5986.24010505,5986.23851402,0.00000000,4039.48784738,0.04148747,609.19390113,0.01998506,0.01998506,33385,103,1
5986.41757752,5986.41784634,4049.05295050,4049.03846585,0.07682323,608.95675918,0.01998506,0.01998506,33384,103,0
5986.59792911,5986.59718940,4058.72402271,4058.76394274,0.05876502,608.71352186,0.01998506,0.01998506,33383,103,0
5986.77586476,5986.77654321,4068.41034804,4068.37367972,0.05582575,608.47144114,0.01998506,0.01998506,33382,103,0
5986.95647873,5986.95590777,4078.11208092,4078.14298868,0.06993569,608.22356961,0.01998506,0.01998506,33381,103,0
5987.13409002,5987.13528307,4087.83000808,4087.76531963,0.06842271,607.97768177,0.01998505,0.01998506,33380,103,0
nan,nan,0.00000000,-1.00000000,0.00000000,601.12531425,nan,0.00000000,-2147483648,102,1
nan,nan,0.00000000,-1.00000000,0.00000000,601.22664731,nan,0.00000000,-2147483648,102,1
5942.62830909,5942.62352675,0.00000000,7.60408828,0.10021470,601.45963770,0.01998506,0.01998504,33630,102,1
5942.81178407,nan,0.00000000,13.37677091,0.05099473,601.75120781,0.01998508,0.01998504,33629,102,1
5942.98092867,5942.97699433,0.00000000,18.70143678,0.07040221,602.01959966,0.01998506,0.01998504,33628,102,1
5943.15959328,5943.15374389,0.00000000,24.32877810,0.15551528,602.30267478,0.01998506,0.01998504,33627,102,1
5943.33460904,5943.33050397,0.00000000,29.84417226,0.09757635,602.57954700,0.01998506,0.01998504,33626,102,1
5943.51234856,5943.50727456,0.00000000,35.44842539,0.20031497,602.86030035,0.01998506,0.01998504,33625,102,1
5943.70233968,nan,0.00000000,41.44235535,0.01682063,603.15992859,0.01998511,0.01998504,33624,102,1
5943.84710832,nan,0.00000000,46.01193048,0.12935156,603.38790638,0.01998559,0.01998504,33624,102,1
5944.04178748,5944.03764942,0.00000000,52.16011819,0.23391576,603.69402889,0.01998506,0.01998504,33622,102,1
5944.21223027,5944.21446208,57.60916768,57.53861413,0.09054789,603.96125134,0.01998504,0.01998504,33621,102,0
5944.39393782,5944.39128526,0.00000000,63.29078168,0.10886138,604.24644365,0.01998505,0.01998504,33620,102,1
5944.56641745,5944.56811896,68.79464587,68.74080533,0.11023308,604.51608788,0.01998504,0.01998504,33619,102,0
5944.74581494,5944.74496318,74.39179381,74.41875856,0.14078144,604.79642149,0.01998505,0.01998504,33618,102,0
5944.91619609,5944.92181792,0.00000000,79.82043814,0.06008399,605.06255824,0.01998503,0.01998504,33617,102,1
5945.14809633,nan,0.00000000,87.16872361,0.11451040,605.42373151,0.01998521,0.01998504,33616,102,1
5945.62918857,5945.62934214,102.42505260,102.42017801,0.09896885,606.17014546,0.01998504,0.01998504,33613,102,0
5945.62918857,5945.62934214,102.42505260,102.42017801,0.09896885,606.17014546,0.01998504,0.01998504,33613,102,0
5945.81328224,nan,0.00000000,108.27600483,0.11348041,606.45558314,0.01998507,0.01998504,33612,102,1
5945.97987503,5945.98316740,0.00000000,113.56906915,0.08897638,606.71304061,0.01998503,0.01998504,33611,102,1
5946.16353484,5946.16009583,0.00000000,119.40758211,0.18015845,606.99642459,0.01998506,0.01998504,33610,102,1
5946.32874553,nan,0.00000000,124.66246166,0.11271957,607.25093862,0.01998502,0.01998504,33609,102,1
5946.50743753,5946.51398428,0.00000000,130.34919885,0.03474807,607.52579054,0.01998502,0.01998504,33608,102,1
5946.68932987,5946.69094430,136.18196286,136.13053841,0.19263606,607.80459822,0.01998504,0.01998504,33607,102,0
5946.86644137,5946.86791485,141.82059951,141.77363830,0.04271829,608.07613970,0.01998504,0.01998504,33606,102,0
5947.04041294,5947.04489594,0.00000000,147.32965471,0.17702918,608.34291214,0.01998503,0.01998504,33605,102,1
5947.22224890,5947.22188756,153.10824474,153.11977348,0.13875496,608.62031410,0.01998504,0.01998504,33604,102,0
5947.39935653,5947.39888972,158.75715472,158.77205659,0.04053173,608.89051096,0.01998505,0.01998504,33603,102,0
5947.57475240,5947.57590241,164.40939014,164.37265931,0.09277258,609.15765127,0.01998504,0.01998504,33602,102,0
5947.75506869,5947.75292564,0.00000000,170.14308960,0.07215211,609.43228191,0.01998505,0.01998504,33601,102,1
5947.91999819,nan,0.00000000,175.41532091,0.13441979,609.68266049,0.01998501,0.01998504,33600,102,1
5948.10668338,5948.10700372,181.38566296,181.37541524,0.15021222,609.96508317,0.01998504,0.01998504,33599,102,0
5948.28601300,5948.28405857,187.05108471,187.11364036,0.03097958,610.23636822,0.01998505,0.01998504,33598,102,0
5948.46378963,5948.46112397,0.00000000,192.81798039,0.05068963,610.50544431,0.01998505,0.01998504,33597,102,1
5948.64082444,5948.63819990,0.00000000,198.49000823,0.05263035,610.77239618,0.01998505,0.01998504,33596,102,1
5948.81635881,5948.81528638,204.06903420,204.10342116,0.09211091,611.03600025,0.01998505,0.01998504,33595,102,0
5948.98898797,5948.99238340,0.00000000,209.65415771,0.02327310,611.29608481,0.01998503,0.01998505,33594,102,1
5949.16641969,5949.16949096,0.00000000,215.34841661,0.06271704,611.56229880,0.01998504,0.01998505,33593,102,1
5949.34483309,5949.34660908,221.12152809,221.06447731,0.12971882,611.82892556,0.01998504,0.01998505,33592,102,0
5949.52429845,5949.52373774,226.81316861,226.83119106,0.11360042,612.09729927,0.01998505,0.01998505,33591,102,0
5949.69988402,5949.70087694,232.50832995,232.47639806,0.08888969,612.35941920,0.01998504,0.01998505,33590,102,0
5949.88013960,5949.87802670,0.00000000,238.28623702,0.05134063,612.62856450,0.01998505,0.01998505,33589,102,1
5950.05552289,5950.05518701,243.90869190,243.91950480,0.05977291,612.88893059,0.01998505,0.01998505,33588,102,0
5950.22899584,5950.23235786,0.00000000,249.51702635,0.03689142,613.14705994,0.01998503,0.01998505,33587,102,1
5950.40769392,5950.40953927,255.32212377,255.26265481,0.06971704,613.41141320,0.01998504,0.01998505,33586,102,0
5950.58865563,5950.58673123,261.03394316,261.09599401,0.07522300,613.67917391,0.01998505,0.01998505,33585,102,0
5950.76761308,5950.76393375,0.00000000,266.88160093,0.10636331,613.94411854,0.01998506,0.01998505,33584,102,1
5950.94511032,5950.94114682,0.00000000,272.61057855,0.04924140,614.20585651,0.01998506,0.01998505,33583,102,1
5951.11918358,5951.11837044,278.19105330,278.21731831,0.07601095,614.46141884,0.01998505,0.01998505,33582,102,0
5951.29590581,5951.29560462,283.91760191,283.92733622,0.08192775,614.72108786,0.01998505,0.01998505,33581,102,0
5951.47365481,5951.47284936,289.64794718,289.67399543,0.04534014,614.98181098,0.01998505,0.01998505,33580,102,0
5951.64774538,5951.65010466,0.00000000,295.32147028,0.10949223,615.23743582,0.01998504,0.01998505,33579,102,1
5951.82639420,5951.82737052,301.11999987,301.08838823,0.06349828,615.49785500,0.01998504,0.01998505,33578,102,0
5952.00512420,5952.00464693,306.86169329,306.87715588,0.13761884,615.75863885,0.01998505,0.01998505,33577,102,0
5952.18597610,5952.18193391,0.00000000,312.75351175,0.08028466,616.02273116,0.01998506,0.01998505,33576,102,1
5952.35989052,5952.35923145,318.35638903,318.37776711,0.02313908,616.27489225,0.01998505,0.01998505,33575,102,0
5952.53839047,5952.53653955,324.10940608,324.16947992,0.02981641,616.53394643,0.01998505,0.01998505,33574,102,0
5952.71461011,5952.71385822,329.86622013,329.89063834,0.06283369,616.78923238,0.01998505,0.01998505,33573,102,0
5952.88773735,5952.89118745,0.00000000,335.52798062,0.05791806,617.04018295,0.01998503,0.01998505,33572,102,1
5953.06693165,5953.06852725,341.39129276,341.33941225,0.09891178,617.29826460,0.01998504,0.01998505,33571,102,0
5953.24888403,5953.24587761,0.00000000,347.26881553,0.10994818,617.56093798,0.01998506,0.01998505,33570,102,1
5953.42405521,5953.42323854,352.93167959,352.95826540,0.07361051,617.81236673,0.01998505,0.01998505,33569,102,0
5953.60107468,5953.60061004,358.70754753,358.72268213,0.04894356,618.06649452,0.01998505,0.01998505,33568,102,0
5953.77654814,5953.77799211,364.48712643,364.44006461,0.07560374,618.31793840,0.01998504,0.01998505,33567,102,0
5953.95085900,5953.95538475,0.00000000,370.12991527,0.09428706,618.56756796,0.01998503,0.01998505,33566,102,1
5954.13402967,5954.13278797,376.05719787,376.09771305,0.03440281,618.82874496,0.01998505,0.01998505,33565,102,0
5954.31117923,5954.31020175,381.84758283,381.87949423,0.08888492,619.08114942,0.01998505,0.01998505,33564,102,0
5954.48696175,5954.48762611,387.64152242,387.61982118,0.06122998,619.33112921,0.01998504,0.01998505,33563,102,0
5954.66509605,5954.66506104,393.43908113,393.44022533,0.02966355,619.58397056,0.01998505,0.01998505,33562,102,0
5954.84155822,5954.84250655,399.24032618,399.20931328,0.07900867,619.83396105,0.01998504,0.01998505,33561,102,0
5955.01900895,5955.01996263,405.04532505,405.01411860,0.06673849,620.08487459,0.01998504,0.01998505,33560,102,0
5955.19614008,5955.19742929,410.85414549,410.81193423,0.05492337,620.33486054,0.01998504,0.01998505,33559,102,0
5955.37576118,5955.37490653,416.66685303,416.69485279,0.11241838,620.58787697,0.01998505,0.01998505,33558,102,0
5955.55444455,5955.55239435,422.48347225,422.55068211,0.03262106,620.83908920,0.01998505,0.01998505,33557,102,0
5955.73245961,5955.72989275,0.00000000,428.39049508,0.05825980,621.08897930,0.01998506,0.01998505,33556,102,1
5955.90772516,5955.90740173,434.12840673,434.13902234,0.07310096,621.33434383,0.01998505,0.01998505,33555,102,0
5956.08526381,5956.08492129,439.95670083,439.96794994,0.05505509,621.58251265,0.01998505,0.01998505,33554,102,0
5956.26050893,5956.26245143,445.78886531,445.72503168,0.07668252,621.82700243,0.01998504,0.01998505,33553,102,0
5956.43884077,5956.43999216,451.62489015,451.58703081,0.03853190,622.07531453,0.01998504,0.01998505,33552,102,0
5956.61893207,5956.61754347,457.46477322,457.51045969,0.04852088,622.32557970,0.01998505,0.01998505,33551,102,0
5956.79380102,5956.79510537,463.30851750,463.26557713,0.11519860,622.56810880,0.01998504,0.01998505,33550,102,0
5956.97307463,5956.97267786,469.15612608,469.16919623,0.05165399,622.81625604,0.01998505,0.01998505,33549,102,0
5957.14838363,5957.15026093,475.00760205,474.94572548,0.05038978,623.05843399,0.01998504,0.01998505,33548,102,0
5957.32551320,5957.32785459,0.00000000,480.78070595,0.07777914,623.30243254,0.01998504,0.01998505,33547,102,1
5957.50560230,5957.50545884,486.72216227,486.72689641,0.04702700,623.55043019,0.01998505,0.01998505,33546,102,0
5957.68249402,5957.68307368,492.58519040,492.56605028,0.04472027,623.79332385,0.01998505,0.01998505,33545,102,0
5957.86126353,5957.86069911,498.45195610,498.47060357,0.08119391,624.03829325,0.01998505,0.01998505,33544,102,0
5958.03825390,5958.03833514,504.32238215,504.31969682,0.07259703,624.28032254,0.01998505,0.01998505,33543,102,0
5958.21549342,5958.21598176,510.19639098,510.18023945,0.07018553,624.52218755,0.01998505,0.01998505,33542,102,0
5958.39502104,5958.39363897,516.07390474,516.11964058,0.02672066,624.76665546,0.01998505,0.01998505,33541,102,0
5958.57073861,5958.57130677,521.95488493,521.93607316,0.08529117,625.00542622,0.01998505,0.01998505,33540,102,0
5958.74926589,5958.74898518,527.83949666,527.84879631,0.05121635,625.24750502,0.01998505,0.01998505,33539,102,0
5958.92790859,5958.92667418,533.72797093,533.76889119,0.06304676,625.48923435,0.01998505,0.01998505,33538,102,0
5959.10375481,5959.10437378,539.62053965,539.60000784,0.07322405,625.72669345,0.01998505,0.01998505,33537,102,0
5959.28244114,5959.28208397,545.51743569,545.52929167,0.01286929,625.96750188,0.01998505,0.01998505,33536,102,0
5959.45937111,5959.45980477,551.41889280,551.40448714,0.05433016,626.20546880,0.01998505,0.01998505,33535,102,0
5959.63799307,5959.63753617,557.32503927,557.34022790,0.06329102,626.44523623,0.01998505,0.01998505,33534,102,0
5959.81707442,5959.81527817,563.23566652,563.29541902,0.07210983,626.68513097,0.01998506,0.01998505,33533,102,0
5959.99114129,5959.99303077,569.15049839,569.08760541,0.06586215,626.91782674,0.01998504,0.01998505,33532,102,0
5960.16829910,5960.17079398,0.00000000,574.97936741,0.01355056,627.15388286,0.01998504,0.01998505,33531,102,1
5960.34944225,5960.34856779,580.99166573,581.02080550,0.01639662,627.39526556,0.01998505,0.01998505,33530,102,0
5960.52612844,5960.52635220,586.91744488,586.90998474,0.04534957,627.62991161,0.01998505,0.01998505,33529,102,0
5960.70479115,5960.70414723,592.84649483,592.86797386,0.03393332,627.86664305,0.01998505,0.01998505,33528,102,0
5960.88184865,5960.88195286,598.77905152,598.77557370,0.06930547,628.10072065,0.01998505,0.01998505,33527,102,0
5961.05867830,5961.05976909,604.71538908,604.67896239,0.04605440,628.33398316,0.01998505,0.01998505,33526,102,0
5961.23760174,5961.23759594,610.65578273,610.65597642,0.08227077,628.56949468,0.01998505,0.01998505,33525,102,0
5961.41418755,5961.41543340,616.60050883,616.55884824,0.06799515,628.80143282,0.01998505,0.01998505,33524,102,0
5961.59335820,5961.59328147,622.54983604,622.55240383,0.09340575,629.03627126,0.01998505,0.01998505,33523,102,0
5961.77159927,5961.77114015,628.50379713,628.51917200,0.06786286,629.26939665,0.01998505,0.01998505,33522,102,0
5961.94942893,5961.94900945,634.46216726,634.47622401,0.00757907,629.50148205,0.01998505,0.01998505,33521,102,0
5962.12796269,5962.12688935,640.42470769,640.46069706,0.05186038,629.73397137,0.01998505,0.01998505,33520,102,0
5962.30661477,5962.30477988,646.39117868,646.45273885,0.03922996,629.96608755,0.01998506,0.01998505,33519,102,0
5962.48413828,5962.48268102,652.36133951,652.41025667,0.07280237,630.19620452,0.01998506,0.01998505,33518,102,0
5962.66101118,5962.66059278,658.33497768,658.34902983,0.07299840,630.42494064,0.01998505,0.01998505,33517,102,0
5962.83869752,5962.83851515,664.31218462,664.31831282,0.07139793,630.65419102,0.01998505,0.01998505,33516,102,0
5963.01675392,5963.01644814,670.29323338,670.30351496,0.06646719,630.88338759,0.01998505,0.01998505,33515,102,0
5963.19367416,5963.19439176,676.27840055,676.25425621,0.06284407,631.11060418,0.01998505,0.01998505,33514,102,0
5963.37096172,5963.37234599,682.26796385,682.22135574,0.07406979,631.33778424,0.01998505,0.01998505,33513,102,0
5963.54952719,5963.55031085,688.26220214,688.23579717,0.04796764,631.56609676,0.01998505,0.01998505,33512,102,0
5963.72816823,5963.72828633,694.26131777,694.25733542,0.04803211,631.79400490,0.01998505,0.01998505,33511,102,0
5963.90432525,5963.90627243,700.26515188,700.19944688,0.05305338,632.01824593,0.01998504,0.01998505,33510,102,0
5964.08335746,5964.08426915,706.27343956,706.24265541,0.04604224,632.24562876,0.01998505,0.01998505,33509,102,0
5964.26085709,5964.26227651,712.28591480,712.23795736,0.05331785,632.47053806,0.01998505,0.01998505,33508,102,0
5964.44021872,5964.44029449,718.30231044,718.29974923,0.06787701,632.69726220,0.01998505,0.01998505,33507,102,0
5964.61877101,5964.61832309,724.32235913,724.33750949,0.06042100,632.92240835,0.01998505,0.01998505,33506,102,0
5964.79585807,5964.79636233,730.34594062,730.32887559,0.05051422,633.14515446,0.01998505,0.01998505,33505,102,0
5964.97475832,5964.97441219,736.37324331,736.38496386,0.06222723,633.36962851,0.01998505,0.01998505,33504,102,0
5965.15141841,5965.15247268,742.40449510,742.36877384,0.06644217,633.59075374,0.01998505,0.01998505,33503,102,0
5965.33095669,5965.33054381,748.43992485,748.45392347,0.07771351,633.81494110,0.01998505,0.01998505,33502,102,0
5965.50974138,5965.50862557,754.47976235,754.51761968,0.08061894,634.03765323,0.01998505,0.01998505,33501,102,0
5965.68631171,5965.68671796,760.52423038,760.51043747,0.06629151,634.25709038,0.01998505,0.01998505,33500,102,0
5965.86536293,5965.86482098,766.57338604,766.59179931,0.05584476,634.47908709,0.01998505,0.01998505,33499,102,0
5966.04282872,5966.04293464,772.62712923,772.62352787,0.07149956,634.69859274,0.01998505,0.01998505,33498,102,0
5966.22205244,5966.22105894,778.68535329,778.71915493,0.07605692,634.91973653,0.01998505,0.01998505,33497,102,0
5966.39891049,5966.39919387,784.74795110,784.73830362,0.06233055,635.13742784,0.01998505,0.01998505,33496,102,0
5966.57699659,5966.57733944,790.81481505,790.80313531,0.02221475,635.35609003,0.01998505,0.01998505,33495,102,0
5966.75667575,5966.75549565,796.88585348,796.92608047,0.04064642,635.57615369,0.01998505,0.01998505,33494,102,0
5966.93385227,5966.93366250,802.96108023,802.96755318,0.06526607,635.79260595,0.01998505,0.01998505,33493,102,0
5967.11015639,5967.11183999,809.04055133,808.98308824,0.06527231,636.00745466,0.01998504,0.01998505,33492,102,0
5967.28879872,5967.29002812,815.12432312,815.08233474,0.04634088,636.22460625,0.01998505,0.01998505,33491,102,0
5967.46812441,5967.46822689,821.21245217,821.20894969,0.04040037,636.44203590,0.01998505,0.01998505,33490,102,0
5967.64563110,5967.64643631,827.30499524,827.27745806,0.03915002,636.65671539,0.01998505,0.01998505,33489,102,0
5967.82367322,5967.82465637,833.40199172,833.36834656,0.06862228,636.87149808,0.01998505,0.01998505,33488,102,0
5968.00316125,5968.00288708,839.50344027,839.51282921,0.09352603,637.08747176,0.01998505,0.01998505,33487,102,0
5968.18087529,5968.18112843,845.60933375,845.60065909,0.06744159,637.30076184,0.01998505,0.01998505,33486,102,0
5968.35973095,5968.35938043,851.71966501,851.73168436,0.06304617,637.51486887,0.01998505,0.01998505,33485,102,0
5968.53896243,5968.53764308,857.83442683,857.87969815,0.06086467,637.72886735,0.01998505,0.01998505,33484,102,0
5968.71691037,5968.71591638,863.95361584,863.98774586,0.03395184,637.94077878,0.01998505,0.01998505,33483,102,0
5968.89353782,5968.89420033,870.07729951,870.05453577,0.04740363,638.15057215,0.01998505,0.01998505,33482,102,0
5969.07315052,5969.07249493,876.20560737,876.22814898,0.03933766,638.36335704,0.01998505,0.01998505,33481,102,0
5969.25124132,5969.25080018,882.33867163,882.35385066,0.06761323,638.57379016,0.01998505,0.01998505,33480,102,0
5969.42922516,5969.42911609,888.47662503,888.48038068,0.07341585,638.78355391,0.01998505,0.01998505,33479,102,0
5969.60804815,5969.60744265,894.61960092,894.64046721,0.06827572,638.99376298,0.01998505,0.01998505,33478,102,0
5969.78535542,5969.78577986,900.76767629,900.75303818,0.05850514,639.20165321,0.01998505,0.01998505,33477,102,0
5969.96459943,5969.96412773,906.92065682,906.93693593,0.04003468,639.41126239,0.01998505,0.01998505,33476,102,0
5970.14217904,5970.14248626,913.07826636,913.06765631,0.06019339,639.61836722,0.01998505,0.01998505,33475,102,0
5970.32139415,5970.32085545,919.24022750,919.25884333,0.07130731,639.82680551,0.01998505,0.01998505,33474,102,0
5970.49907285,5970.49923529,925.40626162,925.40064496,0.05050081,640.03287697,0.01998505,0.01998505,33473,102,0
5970.67819900,5970.67762580,931.57609310,931.59592341,0.06395354,640.24003216,0.01998505,0.01998505,33472,102,0
5970.85417273,5970.85602696,937.74966601,937.68548222,0.07071326,640.44295689,0.01998505,0.01998505,33471,102,0
5971.03437047,5971.03443879,943.92724917,943.92488284,0.05572586,640.65015973,0.01998505,0.01998505,33470,102,0
5971.21274916,5971.21286128,950.10913857,950.10525280,0.04451504,640.85468865,0.01998505,0.01998505,33469,102,0
5971.39076260,5971.39129443,956.29563152,956.27718572,0.05405078,641.05822964,0.01998505,0.01998505,33468,102,0
5971.56970102,5971.56973825,962.48702664,962.48573459,0.06743537,641.26226360,0.01998505,0.01998505,33467,102,0
5971.74827018,5971.74819273,968.68358072,968.68627124,0.06913477,641.46531896,0.01998505,0.01998505,33466,102,0
5971.92714979,5971.92665788,974.88522012,974.90232020,0.05144599,641.66816480,0.01998506,0.01998505,33465,102,0
5972.10532666,5972.10513370,981.09171702,981.09842949,0.04328102,641.86964501,0.01998505,0.01998505,33464,102,0
5972.28486950,5972.28362018,987.30284174,987.34633089,0.05537300,642.07208657,0.01998506,0.01998505,33463,102,0
5972.46208644,5972.46211734,993.51836357,993.51728743,0.06590564,642.27132257,0.01998505,0.01998505,33462,102,0
5972.64110711,5972.64062516,999.73805178,999.75484924,0.04843847,642.47198945,0.01998506,0.01998505,33461,102,0
5972.81834370,5972.81914366,1005.96180257,1005.93390485,0.03708737,642.67006091,0.01998505,0.01998505,33460,102,0
5972.99782942,5972.99767283,1012.18976361,1012.19522814,0.05308324,642.87004536,0.01998505,0.01998505,33459,102,0
5973.17618675,5973.17621267,1018.42211258,1018.42120744,0.06205589,643.06817818,0.01998505,0.01998505,33458,102,0
5973.35495417,5973.35476318,1024.65902799,1024.66570146,0.04496228,643.26617629,0.01998505,0.01998505,33457,102,0
5973.53281186,5973.53332437,1030.90068912,1030.88276769,0.03851689,643.46258449,0.01998505,0.01998505,33456,102,0
5973.71195386,5973.71189624,1037.14725808,1037.14927438,0.03730616,643.65982737,0.01998505,0.01998505,33455,102,0
5973.89082883,5973.89047878,1043.39872780,1043.41098588,0.07112604,643.85619003,0.01998506,0.01998505,33454,102,0
5974.06873787,5974.06907201,1049.65499766,1049.64328848,0.04991543,644.05090658,0.01998505,0.01998505,33453,102,0
5974.24783188,5974.24767591,1055.91596558,1055.92143517,0.04175822,644.24632528,0.01998505,0.01998505,33452,102,0
5974.42530455,5974.42629049,1062.18152902,1062.14693213,0.04423605,644.43938152,0.01998505,0.01998505,33451,102,0
5974.60514362,5974.60491575,1068.45158528,1068.45958673,0.06989776,644.63440477,0.01998506,0.01998505,33450,102,0
5974.78352642,5974.78355169,1074.72607639,1074.72518843,0.03680508,644.82724171,0.01998505,0.01998505,33449,102,0
5974.96284727,5974.96219832,1081.00503729,1081.02785389,0.01890722,645.02048297,0.01998506,0.01998505,33448,102,0
5975.14055673,5975.14085563,1087.28851456,1087.27799877,0.04689366,645.21138458,0.01998505,0.01998505,33447,102,0
5975.31945535,5975.31952362,1093.57655497,1093.57415147,0.06720394,645.40295707,0.01998505,0.01998505,33446,102,0
5975.49755692,5975.49820230,1099.86920550,1099.84646903,0.03117023,645.59307146,0.01998505,0.01998505,33445,102,0
5975.67632792,5975.67689167,1106.16652270,1106.14664858,0.04445820,645.78329399,0.01998505,0.01998505,33444,102,0
5975.85650539,5975.85559172,1112.46864351,1112.50087713,0.05610937,645.97440092,0.01998506,0.01998505,33443,102,0
5976.03518424,5976.03430246,1118.77574624,1118.80687784,0.05722449,646.16331519,0.01998506,0.01998505,33442,102,0
5976.21311694,5976.21302389,1125.08801031,1125.09129790,0.02788211,646.35084739,0.01998505,0.01998505,33441,102,0
5976.39162902,5976.39175602,1131.40561598,1131.40112513,0.05608640,646.53839899,0.01998505,0.01998505,33440,102,0
5976.57140919,5976.57049883,1137.72874217,1137.76096000,0.04190006,646.72668792,0.01998506,0.01998505,33439,102,0
5976.74934086,5976.74925234,1144.05740600,1144.06054127,0.03316835,646.91245161,0.01998505,0.01998505,33438,102,0
5976.92742901,5976.92801653,1150.39135161,1150.37052698,0.05313518,647.09778242,0.01998505,0.01998505,33437,102,0
5977.10766977,5977.10679143,1156.73029583,1156.76145079,0.04305173,647.28473588,0.01998506,0.01998505,33436,102,0
5977.28647562,5977.28557702,1163.07395417,1163.10584871,0.03288130,647.46957717,0.01998506,0.01998505,33435,102,0
5977.46461332,5977.46437330,1169.42204078,1169.43056502,0.06318068,647.65310014,0.01998506,0.01998505,33434,102,0
5977.64414928,5977.64318028,1175.77433507,1175.80877011,0.03706017,647.83742196,0.01998506,0.01998505,33433,102,0
5977.82299772,5977.82199796,1182.13100406,1182.16655575,0.03033600,648.02040093,0.01998506,0.01998505,33432,102,0
5978.00102562,5978.00082634,1188.49235618,1188.49944754,0.05607259,648.20191629,0.01998505,0.01998505,33431,102,0
5978.18020329,5978.17966542,1194.85870150,1194.87785613,0.04673565,648.38398253,0.01998506,0.01998505,33430,102,0
5978.35787153,5978.35851520,1201.23035154,1201.20741110,0.04812899,648.56390651,0.01998505,0.01998505,33429,102,0
5978.53763291,5978.53737568,1207.60761036,1207.61678578,0.05589396,648.74534040,0.01998505,0.01998505,33428,102,0
5978.71645899,5978.71624687,1213.99054653,1213.99811909,0.04266740,648.92522171,0.01998505,0.01998505,33427,102,0
5978.89542389,5978.89512875,1220.37897232,1220.38951674,0.05761409,649.10462778,0.01998506,0.01998505,33426,102,0
5979.07373980,5979.07402135,1226.77268633,1226.76261983,0.03212176,649.28276405,0.01998505,0.01998505,33425,102,0
5979.25276987,5979.25292465,1233.17148615,1233.16594830,0.02908619,649.46098460,0.01998505,0.01998505,33424,102,0
5979.43255304,5979.43183865,1239.57516847,1239.60074655,0.05879030,649.63931303,0.01998506,0.01998506,33423,102,0
5979.61049398,5979.61076336,1245.98359771,1245.97394590,0.02015841,649.81517549,0.01998505,0.01998506,33422,102,0
5979.78971290,5979.78969879,1252.39685002,1252.39735593,0.05260198,649.99165931,0.01998505,0.01998506,33421,102,0
5979.96919045,5979.96864492,1258.81504277,1258.83461614,0.03456034,650.16775402,0.01998506,0.01998506,33420,102,0
5980.14687662,5980.14760176,1265.23829387,1265.21225711,0.03076326,650.34145801,0.01998505,0.01998506,33419,102,0
5980.32538251,5980.32656931,1271.66672182,1271.62407648,0.05371087,650.51533053,0.01998505,0.01998506,33418,102,0
5980.50508880,5980.50554758,1278.10043569,1278.08393761,0.02780938,650.68973281,0.01998505,0.01998506,33417,102,0
5980.68422077,5980.68453656,1284.53945148,1284.52808700,0.05151445,650.86293784,0.01998505,0.01998506,33416,102,0
5980.86364613,5980.86353625,1290.98373384,1290.98769107,0.03484505,651.03578335,0.01998506,0.01998506,33415,102,0
5981.04312194,5981.04254666,1297.43324674,1297.45398106,0.05283811,651.20803071,0.01998506,0.01998506,33414,102,0
5981.22197694,5981.22156779,1303.88795397,1303.90271186,0.03800162,651.37903605,0.01998506,0.01998506,33413,102,0
5981.40021187,5981.40059963,1310.34781899,1310.33382274,0.04773338,651.54880409,0.01998505,0.01998506,33412,102,0
5981.57947409,5981.57964219,1316.81280038,1316.80672817,0.06341154,651.71889889,0.01998506,0.01998506,33411,102,0
5981.75919661,5981.75869547,1323.28285018,1323.30096533,0.05397312,651.88877134,0.01998506,0.01998506,33410,102,0
5981.93757157,5981.93775947,1329.75791977,1329.75112265,0.07044376,652.05671456,0.01998506,0.01998506,33409,102,0
5982.11702768,5982.11683419,1336.23796025,1336.24496434,0.02432924,652.22501373,0.01998506,0.01998506,33408,102,0
5982.29527427,5982.29591963,1342.72292253,1342.69954462,0.06272936,652.39151837,0.01998505,0.01998506,33407,102,0
5982.47423255,5982.47501580,1349.21280458,1349.18441196,0.03589424,652.55802420,0.01998505,0.01998506,33406,102,0
5982.65320194,5982.65412269,1355.70775577,1355.67435415,0.06767534,652.72387748,0.01998505,0.01998506,33405,102,0
5982.83421999,5982.83324031,1362.20795636,1362.24352278,0.07372481,652.89095787,0.01998506,0.01998506,33404,102,0
5983.01289236,5983.01236865,1368.71358750,1368.73261538,0.03848263,653.05521382,0.01998506,0.01998506,33403,102,0
5983.19092928,5983.19150772,1375.22483119,1375.20379810,0.03284767,653.21823670,0.01998505,0.01998506,33402,102,0
5983.37052192,5983.37065751,1381.74184384,1381.73690920,0.06975662,653.38202982,0.01998506,0.01998506,33401,102,0
5983.54999520,5983.54981804,1388.26457598,1388.27102844,0.05852041,653.54505443,0.01998506,0.01998506,33400,102,0
5983.72875600,5983.72898929,1394.79288092,1394.78437733,0.04563145,653.70677072,0.01998506,0.01998506,33399,102,0
5983.90773730,5983.90817128,1401.32661065,1401.31078017,0.04917281,653.86801993,0.01998505,0.01998506,33398,102,0
5984.08740169,5984.08736399,1407.86561644,1407.86699243,0.03482285,654.02920821,0.01998506,0.01998506,33397,102,0
5984.26790181,5984.26656744,1414.40975267,1414.45849834,0.05394205,654.19045849,0.01998506,0.01998506,33396,102,0
5984.44633520,5984.44578163,1420.95895584,1420.97919301,0.04012052,654.34918158,0.01998506,0.01998506,33395,102,0
5984.62520370,5984.62500655,1427.51324191,1427.52045459,0.04783559,654.50761093,0.01998506,0.01998506,33394,102,0
5984.80430281,5984.80424220,1434.07263016,1434.07484894,0.01827149,654.66556035,0.01998506,0.01998506,33393,102,0
5984.98403538,5984.98348859,1440.63713991,1440.65717236,0.05439815,654.82337888,0.01998506,0.01998506,33392,102,0
5985.16293073,5985.16274572,1447.20679151,1447.21357477,0.08047137,654.97977503,0.01998506,0.01998506,33391,102,0
5985.34176267,5985.34201358,1453.78169600,1453.77248987,0.04139602,655.13543135,0.01998506,0.01998506,33390,102,0
5985.52159470,5985.52129219,1460.36213233,1460.37324053,0.05295761,655.29127293,0.01998506,0.01998506,33389,102,0
5985.70107664,5985.70058153,1466.94839885,1466.96659464,0.02961876,655.44613106,0.01998506,0.01998506,33388,102,0
5985.87918493,5985.87988162,1473.54079542,1473.51516855,0.05052632,655.59913731,0.01998505,0.01998506,33387,102,0
5986.05907367,5986.05919245,1480.13962338,1480.13525013,0.01665354,655.75300381,0.01998506,0.01998506,33386,102,0
5986.23811660,5986.23851402,1486.74503892,1486.73039307,0.06274170,655.90548034,0.01998506,0.01998506,33385,102,0
5986.41774274,5986.41784634,1493.35668689,1493.35286581,0.04282125,656.05777490,0.01998506,0.01998506,33384,102,0
5986.59745543,5986.59718940,1499.97409859,1499.98391840,0.02135098,656.20944966,0.01998506,0.01998506,33383,102,0
5986.77696777,5986.77654321,1506.59680291,1506.61248542,0.05073159,656.36025039,0.01998506,0.01998506,33382,102,0
nan,nan,0.00000000,-1.00000000,0.00000000,656.57241963,nan,0.00000000,-2147483648,102,1
nan,nan,0.00000000,-1.00000000,0.00000000,656.66232661,nan,0.00000000,-2147483648,102,1
5987.31424785,5987.31466912,1526.49287088,1526.47728030,0.05198917,656.80728382,0.01998506,0.01998506,33379,102,0
5987.49435757,5987.49406592,1533.13451375,1533.14531497,0.06938272,656.95569502,0.01998506,0.01998506,33378,102,0
5987.67374766,5987.67347348,1539.78164158,1539.79180442,0.03187048,657.10280389,0.01998506,0.01998506,33377,102,0
5987.85307758,5987.85289178,1546.43468568,1546.44157824,0.04550175,657.24916339,0.01998506,0.01998506,33376,102,0
5988.03226146,5988.03232084,1553.09404654,1553.09184147,0.04272333,657.39471129,0.01998506,0.01998506,33375,102,0
5988.21144342,5988.21176065,1559.75974419,1559.74795486,0.07017907,657.53956374,0.01998506,0.01998506,33374,102,0
5988.39067408,5988.39121122,1566.43155218,1566.41157341,0.05269169,657.68375428,0.01998506,0.01998506,33373,102,0
5988.57022107,5988.57067254,1573.10923880,1573.09243298,0.01978160,657.82748896,0.01998506,0.01998506,33372,102,0
5988.74991486,5988.75014462,1579.79257114,1579.78401156,0.06454994,657.97062227,0.01998506,0.01998506,33371,102,0
5988.92973072,5988.92962746,1586.48132413,1586.48517352,0.04353308,658.11312611,0.01998506,0.01998506,33370,102,0
5989.10938348,5989.10912106,1593.17546844,1593.18525909,0.05758308,658.25477221,0.01998506,0.01998506,33369,102,0
5989.28915605,5989.28862541,1599.87516539,1599.89497824,0.03586715,658.39578539,0.01998506,0.01998506,33368,102,0
5989.46753690,5989.46814053,1606.58058493,1606.55802831,0.04587781,658.53498927,0.01998506,0.01998506,33367,102,0
5989.64756396,5989.64766641,1613.29189789,1613.28806656,0.06694449,658.67475459,0.01998506,0.01998506,33366,102,0
5989.82724539,5989.82720305,1620.00927348,1620.01085837,0.03241536,658.81352850,0.01998506,0.01998506,33365,102,0
5990.00571228,5990.00675045,1626.73277213,1626.69387940,0.04208777,658.95064842,0.01998505,0.01998506,33364,102,0
5990.18598960,5990.18630862,1633.46230445,1633.45034307,0.04987269,659.08843092,0.01998506,0.01998506,33363,102,0
5990.36575234,5990.36587756,1640.19776973,1640.19307106,0.06568614,659.22508698,0.01998506,0.01998506,33362,102,0
5990.54551384,5990.54545726,1646.93906668,1646.94119160,0.02585222,659.36100585,0.01998506,0.01998506,33361,102,0
5990.72455746,5990.72504773,1653.68609432,1653.66766831,0.04861836,659.49564602,0.01998506,0.01998506,33360,102,0
5990.90469814,5990.90464896,1660.43883324,1660.44068303,0.04473443,659.63036756,0.01998506,0.01998506,33359,102,0
5991.08405062,5991.08426097,1667.19741473,1667.18949631,0.06319665,659.76375918,0.01998506,0.01998506,33358,102,0
5991.26383910,5991.26388375,1673.96198689,1673.96030474,0.02555289,659.89673438,0.01998506,0.01998506,33357,102,0
5991.44309070,5991.44351729,1680.73269861,1680.71661253,0.05831016,660.02857499,0.01998506,0.01998506,33356,102,0
5991.62372269,5991.62316161,1687.50969923,1687.53087499,0.05253970,660.16068665,0.01998506,0.01998506,33355,102,0
5991.80335835,5991.80281671,1694.29305615,1694.31351641,0.05547466,660.29132774,0.01998506,0.01998506,33354,102,0
5991.98314405,5991.98248257,1701.08264393,1701.10765162,0.06454787,660.42133249,0.01998506,0.01998506,33353,102,0
5992.16208581,5992.16215922,1707.87830896,1707.87553140,0.02738786,660.54998137,0.01998506,0.01998506,33352,102,0
5992.34084959,5992.34184663,1714.67989678,1714.64214148,0.04581675,660.67775453,0.01998506,0.01998506,33351,102,0
5992.52173510,5992.52154483,1721.48725220,1721.49446281,0.04252206,660.80627841,0.01998506,0.01998506,33350,102,0
5992.70144028,5992.70125380,1728.30029134,1728.30736355,0.04033313,660.93319721,0.01998506,0.01998506,33349,102,0
5992.88177745,5992.88097356,1735.11913221,1735.14964548,0.06198720,661.05979455,0.01998506,0.01998506,33348,102,0
5993.06091142,5993.06070409,1741.94392864,1741.95180458,0.01843969,661.18478650,0.01998506,0.01998506,33347,102,0
5993.24063391,5993.24044540,1748.77483525,1748.78200249,0.05582257,661.30942785,0.01998506,0.01998506,33346,102,0
5993.42040311,5993.42019750,1755.61200747,1755.61983177,0.04600771,661.43333940,0.01998506,0.01998506,33345,102,0
5993.59981854,5993.59996038,1762.45556060,1762.45015849,0.04121594,661.55624687,0.01998506,0.01998506,33344,102,0
5993.78003747,5993.77973404,1769.30548110,1769.31704772,0.04595037,661.67893762,0.01998506,0.01998506,33343,102,0
5993.96001107,5993.95951849,1776.16172977,1776.18052307,0.06652929,661.80069107,0.01998506,0.01998506,33342,102,0
5994.13915773,5994.13931372,1783.02426722,1783.01831068,0.01786430,661.92111764,0.01998506,0.01998506,33341,102,0
5994.31885586,5994.31911974,1789.89305382,1789.88296905,0.06647030,662.04114276,0.01998506,0.01998506,33340,102,0
5994.49928040,5994.49893655,1796.76805122,1796.78120334,0.04458292,662.16087209,0.01998506,0.01998506,33339,102,0
5994.67850232,5994.67876414,1803.64922605,1803.63920297,0.04665818,662.27902581,0.01998506,0.01998506,33338,102,0
5994.85836257,5994.85860253,1810.53654578,1810.52735229,0.03254415,662.39681846,0.01998506,0.01998506,33337,102,0
5995.03855650,5995.03845171,1817.42997771,1817.43399596,0.03647040,662.51404138,0.01998506,0.01998506,33336,102,0
5995.21884274,5995.21831168,1824.32948893,1824.34986924,0.05846220,662.63053200,0.01998506,0.01998506,33335,102,0
5995.39824767,5995.39818244,1831.23507261,1831.23757825,0.05772965,662.74566408,0.01998506,0.01998506,33334,102,0
5995.57830158,5995.57806399,1838.14680844,1838.15594128,0.05778597,662.86042032,0.01998506,0.01998506,33333,102,0
5995.75892282,5995.75795634,1845.06479437,1845.10197759,0.06321526,662.97474003,0.01998506,0.01998506,33332,102,0
5995.93835481,5995.93785949,1851.98912883,1852.00820167,0.02142172,663.08751485,0.01998506,0.01998506,33331,102,0
5996.11702009,5996.11777343,1858.91991081,1858.89087764,0.06866708,663.19902256,0.01998506,0.01998506,33330,102,0
5996.29792582,5996.29769817,1865.85724140,1865.86602284,0.06107344,663.31112949,0.01998506,0.01998506,33329,102,0
5996.47718679,5996.47763370,1872.80122695,1872.78397218,0.04504070,663.42142335,0.01998506,0.01998506,33328,102,0
5996.65699801,5996.65758004,1879.75197533,1879.72948289,0.05133378,663.53126116,0.01998506,0.01998506,33327,102,0
5996.83770770,5996.83753718,1886.70959495,1886.71619086,0.05083622,663.64084523,0.01998506,0.01998506,33326,102,0
5997.01708382,5997.01750511,1893.67419466,1893.65788336,0.04361266,663.74882409,0.01998506,0.01998506,33325,102,0
5997.19734445,5997.19748386,1900.64578590,1900.64038341,0.04736541,663.85653353,0.01998506,0.01998506,33324,102,0
5997.37804002,5997.37747340,1907.62412221,1907.64610015,0.03916881,663.96368973,0.01998506,0.01998506,33323,102,0
5997.55815531,5997.55747375,1914.60891377,1914.63537259,0.04718739,664.06968473,0.01998506,0.01998506,33322,102,0
5997.73774859,5997.73748490,1921.59986912,1921.61011390,0.04455981,664.17455358,0.01998506,0.01998506,33321,102,0
5997.91747137,5997.91750686,1928.59669625,1928.59531648,0.03601349,664.27867284,0.01998506,0.01998506,33320,102,0
5998.09780193,5998.09753963,1935.59930139,1935.60950814,0.04595992,664.38231099,0.01998506,0.01998506,33319,102,0
5998.27745560,5998.27758320,1942.60801892,1942.60304961,0.05102132,664.48473293,0.01998506,0.01998506,33318,102,0
5998.45746906,5998.45763759,1949.62324051,1949.61667148,0.04963297,664.58653530,0.01998506,0.01998506,33317,102,0
5998.63752457,5998.63770278,1956.64536003,1956.63840681,0.03160021,664.68753886,0.01998506,0.01998506,33316,102,0
5998.81730101,5998.81777879,1963.67476976,1963.65611013,0.04210174,664.78756810,0.01998506,0.01998506,33315,102,0
5998.99740826,5998.99786560,1970.71159129,1970.69371222,0.05161603,664.88696103,0.01998506,0.01998506,33314,102,0
5999.17805113,5999.17796323,1977.75549585,1977.75893528,0.04278411,664.98581735,0.01998506,0.01998506,33313,102,0
5999.35799918,5999.35807168,1984.80611052,1984.80327146,0.05191754,665.08345701,0.01998506,0.01998506,33312,102,0
5999.53763965,5999.53819094,1991.86306023,1991.84145272,0.05982975,665.18008954,0.01998506,0.01998506,33311,102,0
5999.71803068,5999.71832101,1998.92597529,1998.91458686,0.06236254,665.27627365,0.01998506,0.01998506,33310,102,0
5999.89844010,5999.89846190,2005.99473590,2005.99387988,0.06185141,665.37160967,0.01998506,0.01998506,33309,102,0
6000.07911817,6000.07861361,2013.06952619,2013.08934865,0.06063944,665.46622810,0.01998506,0.01998506,33308,102,0
6000.25868300,6000.25877614,2020.15054953,2020.14688725,0.05972946,665.55941170,0.01998506,0.01998506,33307,102,0
6000.43840202,6000.43894949,2027.23801046,2027.21646552,0.04859347,665.65182536,0.01998506,0.01998506,33306,102,0
6000.61980174,6000.61913366,2034.33211533,2034.35843041,0.03825071,665.74424123,0.01998506,0.01998506,33305,102,0
6000.79966891,6000.79932865,2041.43308255,2041.44649751,0.03496459,665.83502153,0.01998506,0.01998506,33304,102,0
6000.97959733,6000.97953447,2048.54114086,2048.54362161,0.04220739,665.92498145,0.01998506,0.01998506,33303,102,0
6001.15966048,6001.15975110,2055.65652060,2055.65294090,0.03151677,666.01415654,0.01998506,0.01998506,33302,102,0
6001.33955509,6001.33997857,2062.77945345,2062.76270824,0.04699842,666.10239696,0.01998506,0.01998506,33301,102,0
6001.52003705,6001.52021685,2069.91014572,2069.90302859,0.06184069,666.19007017,0.01998506,0.01998506,33300,102,0
6001.69997978,6001.70046597,2077.04855785,2077.02929373,0.05768671,666.27662515,0.01998506,0.01998506,33299,102,0
6001.88130375,6001.88072591,2084.19451619,2084.21743456,0.05246230,666.36297460,0.01998506,0.01998506,33298,102,0
6002.06128764,6002.06099668,2091.34784474,2091.35939567,0.04984945,666.44781735,0.01998506,0.01998506,33297,102,0
6002.24125076,6002.24127828,2098.50836643,2098.50727293,0.03665323,666.53178029,0.01998506,0.01998506,33296,102,0
6002.42173336,6002.42157071,2105.67592335,2105.68239243,0.03701273,666.61510732,0.01998506,0.01998506,33295,102,0
6002.60229434,6002.60187398,2112.85046037,2112.86719482,0.05803466,666.69758711,0.01998506,0.01998506,33294,102,0
6002.78191153,6002.78218807,2120.03195506,2120.02093588,0.06531920,666.77875620,0.01998506,0.01998506,33293,102,0
6002.96181595,6002.96251300,2127.22038494,2127.19258529,0.05340446,666.85917285,0.01998506,0.01998506,33292,102,0
6003.14256114,6003.14284876,2134.41572739,2134.40424610,0.03468090,666.93907328,0.01998506,0.01998506,33291,102,0
6003.32289141,6003.32319536,2141.61800708,2141.60586298,0.03653744,667.01789690,0.01998506,0.01998506,33290,102,0
6003.50293093,6003.50355280,2148.82737933,2148.80251012,0.04753782,667.09570225,0.01998506,0.01998506,33289,102,0
6003.68385999,6003.68392107,2156.04402256,2156.04157742,0.06318041,667.17299414,0.01998506,0.01998506,33288,102,0
6003.86378927,6003.86430018,2163.26811627,2163.24764452,0.04454702,667.24896539,0.01998506,0.01998506,33287,102,0
6004.04464820,6004.04469013,2170.49983887,2170.49815689,0.03146002,667.32443017,0.01998506,0.01998506,33286,102,0
6004.22520975,6004.22509092,2177.73926122,2177.74403212,0.03742064,667.39886957,0.01998506,0.01998506,33285,102,0
6004.40511883,6004.40550255,2184.98629698,2184.97087544,0.06498293,667.47214050,0.01998506,0.01998506,33284,102,0
6004.58588090,6004.58592503,2192.24084688,2192.23907161,0.04378664,667.54485064,0.01998506,0.01998506,33283,102,0
6004.76637841,6004.76635834,2199.50281100,2199.50361907,0.03527017,667.61654218,0.01998506,0.01998506,33282,102,0
6004.94598978,6004.94680250,2206.77208819,2206.73933207,0.04455741,667.68697313,0.01998506,0.01998506,33281,102,0
6005.12739843,6005.12725751,2214.04856765,2214.05425243,0.05832428,667.75718491,0.01998506,0.01998506,33280,102,0
6005.30838487,6005.30772336,2221.33213120,2221.35884158,0.03662076,667.82630409,0.01998507,0.01998506,33279,102,0
6005.48820731,6005.48820006,2228.62265972,2228.62295243,0.03185749,667.89405573,0.01998506,0.01998506,33278,102,0
6005.66870098,6005.66868761,2235.92003338,2235.92057404,0.05068717,667.96113134,0.01998506,0.01998506,33277,102,0
6005.84931581,6005.84918601,2243.22417733,2243.22943207,0.04379080,668.02731706,0.01998506,0.01998506,33276,102,0
6006.03012165,6006.02969526,2250.53527221,2250.55255040,0.02988203,668.09263508,0.01998507,0.01998506,33275,102,0
6006.21005341,6006.21021535,2257.85358870,2257.84702028,0.04710545,668.15670559,0.01998506,0.01998506,33274,102,0
6006.39117729,6006.39074630,2265.17939921,2265.19689677,0.06434114,668.22026141,0.01998507,0.01998506,33273,102,0
6006.57096881,6006.57128811,2272.51297743,2272.50000097,0.03693546,668.28241721,0.01998506,0.01998506,33272,102,0
6006.75213786,6006.75184076,2279.85450986,2279.86659629,0.05951910,668.34410799,0.01998506,0.01998506,33271,102,0
6006.93303609,6006.93240428,2287.20397925,2287.22970886,0.04754094,668.40476058,0.01998507,0.01998506,33270,102,0
6007.11224652,6007.11297865,2294.56133954,2294.53149464,0.03401775,668.46391176,0.01998506,0.01998506,33269,102,0
6007.29295049,6007.29356387,2301.92654430,2301.90151483,0.06146976,668.52260969,0.01998506,0.01998506,33268,102,0
6007.47477398,6007.47415995,2309.29954447,2309.32462514,0.04031122,668.58070880,0.01998507,0.01998506,33267,102,0
6007.65476041,6007.65476690,2316.68023934,2316.67997399,0.03746958,668.63726621,0.01998506,0.01998506,33266,102,0
6007.83512119,6007.83538470,2324.06847768,2324.05769349,0.05503079,668.69298434,0.01998506,0.01998506,33265,102,0
6008.01657173,6008.01601336,2331.46410520,2331.48697737,0.03104741,668.74806840,0.01998507,0.01998506,33264,102,0
6008.19682499,6008.19665289,2338.86696664,2338.87402280,0.06124090,668.80182095,0.01998507,0.01998506,33263,102,0
6008.37716049,6008.37730327,2346.27696374,2346.27110444,0.03225065,668.85462904,0.01998506,0.01998506,33262,102,0
6008.55766887,6008.55796452,2353.69435715,2353.68221271,0.03354354,668.90651617,0.01998506,0.01998506,33261,102,0
6008.73778582,6008.73863664,2361.11954671,2361.08456202,0.06206351,668.95732170,0.01998506,0.01998506,33260,102,0
6008.91919962,6008.91931962,2368.55293508,2368.54799544,0.03461633,669.00751416,0.01998506,0.01998506,33259,102,0
6009.10000867,6009.10001347,2375.99492610,2375.99472845,0.05393292,669.05656120,0.01998506,0.01998506,33258,102,0
6009.28128646,6009.28071819,2383.44571419,2383.46915789,0.02601807,669.10475295,0.01998507,0.01998506,33257,102,0
6009.46177513,6009.46143377,2390.90505182,2390.91914959,0.06426687,669.15175256,0.01998507,0.01998506,33256,102,0
6009.64226119,6009.64216023,2398.37263422,2398.37680803,0.03051355,669.19776608,0.01998506,0.01998507,33255,102,0
6009.82338822,6009.82289755,2405.84815468,2405.86845922,0.04537465,669.24294722,0.01998507,0.01998507,33254,102,0
6010.00388629,6010.00364575,2413.33132035,2413.34128353,0.03716936,669.28697427,0.01998507,0.01998507,33253,102,0
6010.18452458,6010.18440482,2420.82206229,2420.82702741,0.06286129,669.33003550,0.01998507,0.01998507,33252,102,0
6010.36546104,6010.36517476,2428.32047879,2428.33235932,0.03253118,669.37216244,0.01998507,0.01998507,33251,102,0
6010.54626616,6010.54595558,2435.82667275,2435.83957454,0.06084230,669.41325124,0.01998507,0.01998507,33250,102,0
6010.72599832,6010.72674727,2443.34074767,2443.30960423,0.03140661,669.45309542,0.01998506,0.01998507,33249,102,0
6010.90714691,6010.90754984,2450.86284291,2450.84607051,0.05744368,669.49224155,0.01998506,0.01998507,33248,102,0
6011.08822739,6011.08836329,2458.39322872,2458.38756569,0.03127510,669.53035567,0.01998506,0.01998507,33247,102,0
6011.26932620,6011.26918762,2465.93220709,2465.93798793,0.04195326,669.56745452,0.01998507,0.01998507,33246,102,0
6011.44980208,6011.45002282,2473.48008196,2473.47086322,0.02599543,669.60340984,0.01998506,0.01998507,33245,102,0
6011.63052097,6011.63086891,2481.03714578,2481.02259804,0.05207019,669.63839509,0.01998506,0.01998507,33244,102,0
6011.81236121,6011.81172588,2488.60332015,2488.62991401,0.02525725,669.67256469,0.01998507,0.01998507,33243,102,0
6011.99241638,6011.99259373,2496.17811445,2496.17068350,0.05277682,669.70537236,0.01998507,0.01998507,33242,102,0
6012.17312732,6012.17347246,2503.76101353,2503.74653737,0.04367236,669.73726693,0.01998507,0.01998507,33241,102,0
6012.35392684,6012.35436208,2511.35149882,2511.33322719,0.04988346,669.76813659,0.01998506,0.01998507,33240,102,0
6012.53484474,6012.53526258,2518.94917026,2518.93161363,0.06082899,669.79798006,0.01998507,0.01998507,33239,102,0
6012.71584005,6012.71617397,2526.55424588,2526.54020198,0.02491048,669.82678680,0.01998507,0.01998507,33238,102,0
6012.89687770,6012.89709625,2534.16714207,2534.15794149,0.04480391,669.85454873,0.01998507,0.01998507,33237,102,0
6013.07815081,6013.07802941,2541.78827803,2541.79339412,0.05889656,669.88129132,0.01998507,0.01998507,33236,102,0
6013.25855873,6013.25897347,2549.41806960,2549.40057183,0.02561381,669.90685572,0.01998507,0.01998507,33235,102,0
6013.43955401,6013.43992841,2557.05669891,2557.04088556,0.05611438,669.93144728,0.01998507,0.01998507,33234,102,0
6013.62084532,6013.62089425,2564.70404278,2564.70197410,0.05241761,669.95501469,0.01998507,0.01998507,33233,102,0
6013.80132582,6013.80187098,2572.35995675,2572.33688262,0.03362235,669.97741466,0.01998506,0.01998507,33232,102,0
6013.98292875,6013.98285860,2580.02429535,2580.02726754,0.05584831,669.99888047,0.01998507,0.01998507,33231,102,0
6014.16405403,6014.16385712,2587.69694515,2587.70529666,0.06017070,670.01921355,0.01998507,0.01998507,33230,102,0
6014.34509610,6014.34486653,2595.37796818,2595.38771502,0.01480027,670.03845993,0.01998507,0.01998507,33229,102,0
6014.52597113,6014.52588683,2603.06748547,2603.07106832,0.03616812,670.05660981,0.01998507,0.01998507,33228,102,0
6014.70651955,6014.70691804,2610.76561888,2610.74866456,0.05570583,670.07364839,0.01998506,0.01998507,33227,102,0
6014.88784284,6014.88796014,2618.47249124,2618.46749527,0.02406417,670.08967234,0.01998507,0.01998507,33226,102,0
6015.06878477,6015.06901314,2626.18823252,2626.17849494,0.05163995,670.10457260,0.01998507,0.01998507,33225,102,0
6015.25032381,6015.25007705,2633.91298113,2633.92351477,0.04396036,670.11842437,0.01998507,0.01998507,33224,102,0
6015.43135590,6015.43115185,2641.64687683,2641.65559717,0.07167325,670.13113912,0.01998507,0.01998507,33223,102,0
6015.61191749,6015.61223755,2649.39006032,2649.37636636,0.02737913,670.14272473,0.01998506,0.01998507,33222,102,0
6015.79376005,6015.79333416,2657.14263265,2657.16087507,0.04622442,670.15328247,0.01998507,0.01998507,33221,102,0
6015.97444247,6015.97444168,2664.90452265,2664.90455673,0.05176668,670.16266555,0.01998507,0.01998507,33220,102,0
6016.15579489,6016.15556009,2672.67561260,2672.68569235,0.05944215,670.17096955,0.01998507,0.01998507,33219,102,0
6016.33673572,6016.33668942,2680.45578395,2680.45777389,0.02752881,670.17813866,0.01998507,0.01998507,33218,102,0
6016.51752829,6016.51782965,2688.24492475,2688.23195912,0.05606209,670.18418467,0.01998507,0.01998507,33217,102,0
6016.69895749,6016.69898079,2696.04305999,2696.04205675,0.04090416,670.18912559,0.01998507,0.01998507,33216,102,0
6016.88070469,6016.88014283,2703.85033558,2703.87456272,0.04921323,670.19294015,0.01998507,0.01998507,33215,102,0
6017.06147439,6017.06131579,2711.66690251,2711.67374903,0.06024737,670.19560358,0.01998507,0.01998507,33214,102,0
6017.24292172,6017.24249966,2719.49291258,2719.51115363,0.02397369,670.19713922,0.01998507,0.01998507,33213,102,0
6017.42338135,6017.42369444,2727.32841699,2727.31486989,0.05115246,670.19753198,0.01998507,0.01998507,33212,102,0
6017.60541042,6017.60490014,2735.17320152,2735.19530482,0.05310294,670.19677798,0.01998507,0.01998507,33211,102,0
6017.78578664,6017.78611674,2743.02700752,2743.01269323,0.03801827,670.19488760,0.01998507,0.01998507,33210,102,0
6017.96751118,6017.96734427,2750.88957448,2750.89681963,0.04821878,670.19182861,0.01998507,0.01998507,33209,102,0
6018.14856288,6018.14858271,2758.76068643,2758.75982482,0.04914522,670.18762509,0.01998507,0.01998507,33208,102,0
6018.33033179,6018.32983206,2766.64051617,2766.66225379,0.06225504,670.18224062,0.01998507,0.01998507,33207,102,0
6018.51043185,6018.51109233,2774.52943288,2774.50067078,0.03275579,670.17575107,0.01998507,0.01998507,33206,102,0
6018.69174506,6018.69236353,2782.42780979,2782.40084600,0.06094305,670.16805280,0.01998507,0.01998507,33205,102,0
6018.87403347,6018.87364564,2790.33601777,2790.35294654,0.05752344,670.15913029,0.01998507,0.01998507,33204,102,0
6019.05483148,6019.05493867,2798.25423628,2798.24955154,0.05139804,670.14910485,0.01998507,0.01998507,33203,102,0
6019.23597451,6019.23624263,2806.18239370,2806.17066262,0.04730127,670.13788176,0.01998507,0.01998507,33202,102,0
6019.41765536,6019.41755750,2814.12040096,2814.12468776,0.03760677,670.12543637,0.01998507,0.01998507,33201,102,0
6019.59870811,6019.59888331,2822.06816829,2822.06048465,0.04494789,670.11184544,0.01998507,0.01998507,33200,102,0
6019.78022708,6019.78022003,2830.02562083,2830.02593044,0.04025756,670.09702441,0.01998507,0.01998507,33199,102,0
6019.96183843,6019.96156768,2837.99273504,2838.00463646,0.03382979,670.08099423,0.01998507,0.01998507,33198,102,0
6020.14380010,6020.14292626,2845.96949794,2846.00795442,0.04070323,670.06372362,0.01998507,0.01998507,33197,102,0
6020.32437754,6020.32429577,2853.95589641,2853.95949928,0.04167831,670.04538347,0.01998507,0.01998507,33196,102,0
6020.50590681,6020.50567620,2861.95190986,2861.96208188,0.05066103,670.02573677,0.01998507,0.01998507,33195,102,0
6020.68685749,6020.68706757,2869.95745249,2869.94817545,0.04697811,670.00494160,0.01998507,0.01998507,33194,102,0
6020.86847450,6020.86846987,2877.97240397,2877.97260871,0.03798102,669.98285029,0.01998507,0.01998507,33193,102,0
6021.05012037,6021.04988309,2885.99664275,2886.00714365,0.04787856,669.95952970,0.01998507,0.01998507,33192,102,0
6021.23103456,6021.23130725,2894.03005404,2894.01797275,0.03636408,669.93508101,0.01998507,0.01998507,33191,102,0
6021.41296246,6021.41274235,2902.07274718,2902.08250982,0.04913703,669.90926119,0.01998507,0.01998507,33190,102,0
6021.59400658,6021.59418838,2910.12508719,2910.11701478,0.03733396,669.88233302,0.01998507,0.01998507,33189,102,0
6021.77579277,6021.77564534,2918.18745548,2918.19401016,0.04428005,669.85405061,0.01998507,0.01998507,33188,102,0
6021.95692218,6021.95711324,2926.26023560,2926.25173084,0.04604050,669.82462499,0.01998507,0.01998507,33187,102,0
6022.13892493,6022.13859208,2934.34363531,2934.35847021,0.04731666,669.79380004,0.01998507,0.01998507,33186,102,0
6022.31983014,6022.32008186,2942.43744419,2942.42621178,0.06628699,669.76190815,0.01998507,0.01998507,33185,102,0
6022.50181478,6022.50158257,2950.54138991,2950.55176410,0.05679207,669.72856236,0.01998507,0.01998507,33184,102,0
6022.68303726,6022.68309423,2958.65519806,2958.65264986,0.05713470,669.69409362,0.01998507,0.01998507,33183,102,0
6022.86408778,6022.86461683,2966.77867498,2966.75498564,0.04442587,669.65839606,0.01998507,0.01998507,33182,102,0
6023.04578351,6023.04615037,2974.91203053,2974.89558414,0.04678929,669.62129845,0.01998507,0.01998507,33181,102,0
6023.22835085,6023.22769486,2983.05559964,2983.08504342,0.03109099,669.58273267,0.01998507,0.01998507,33180,102,0
6023.40859288,6023.40925029,2991.20971974,2991.18017552,0.05389188,669.54338332,0.01998507,0.01998507,33179,102,0
6023.59098143,6023.59081666,2999.37470408,2999.38211821,0.06078169,669.50226986,0.01998507,0.01998507,33178,102,0
6023.77274971,6023.77239399,3007.55059968,3007.56662701,0.04887659,669.45999466,0.01998507,0.01998507,33177,102,0
6023.95469999,6023.95398225,3015.73729874,3015.76967725,0.04128697,669.41637164,0.01998507,0.01998507,33176,102,0
6024.13578845,6024.13558147,3023.93469071,3023.94403940,0.03548508,669.37165426,0.01998507,0.01998507,33175,102,0
6024.31647674,6024.31719164,3032.14267040,3032.11034010,0.04270434,669.32573806,0.01998507,0.01998507,33174,102,0
6024.49891165,6024.49881276,3040.36127302,3040.36575095,0.05483121,669.27805810,0.01998507,0.01998507,33173,102,0
6024.68037485,6024.68044483,3048.59067353,3048.58750088,0.04481691,669.22931070,0.01998507,0.01998507,33172,102,0
6024.86241263,6024.86208785,3056.83105411,3056.84579762,0.02652689,669.17907892,0.01998507,0.01998507,33171,102,0
6025.04402034,6025.04374183,3065.08259454,3065.09525431,0.03505292,669.12763242,0.01998507,0.01998507,33170,102,0
6025.22531800,6025.22540676,3073.34523650,3073.34119715,0.04731355,669.07494081,0.01998507,0.01998507,33169,102,0
6025.40659481,6025.40708264,3081.61854083,3081.59631253,0.04535734,669.02092171,0.01998507,0.01998507,33168,102,0
6025.58914556,6025.58876948,3089.90203106,3089.91918706,0.03316136,668.96517392,0.01998507,0.01998507,33167,102,0
6025.77029811,6025.77046728,3098.19522783,3098.18750206,0.05113531,668.90851369,0.01998507,0.01998507,33166,102,0
6025.95221439,6025.95217604,3106.49795343,3106.49970689,0.05572879,668.85026881,0.01998507,0.01998507,33165,102,0
6026.13372576,6026.13389576,3114.81077838,3114.80299698,0.04075213,668.79080118,0.01998507,0.01998507,33164,102,0
6026.31509656,6026.31562644,3123.13439057,3123.11010567,0.04942257,668.73002075,0.01998507,0.01998507,33163,102,0
6026.49805644,6026.49736808,3131.46948326,3131.50107494,0.05802421,668.66732145,0.01998507,0.01998507,33162,102,0
6026.67984505,6026.67912068,3139.81656295,3139.84985285,0.04459868,668.60363543,0.01998507,0.01998507,33161,102,0
6026.86043460,6026.86088424,3148.17543898,3148.15474745,0.03912515,668.53899564,0.01998507,0.01998507,33160,102,0
6027.04167690,6027.04265877,3156.54575928,3156.50051728,0.05036938,668.47274306,0.01998507,0.01998507,33159,102,0
6027.22384859,6027.22444427,3164.92716892,3164.89968780,0.04373276,668.40475624,0.01998507,0.01998507,33158,102,0
6027.40589733,6027.40624073,3173.31939201,3173.30352983,0.04227616,668.33541598,0.01998507,0.01998507,33157,102,0
6027.58762708,6027.58804816,3181.72257061,3181.70309606,0.05624441,668.26479600,0.01998507,0.01998507,33156,102,0
6027.76863114,6027.76986655,3190.13698201,3190.07977138,0.02808747,668.19305915,0.01998507,0.01998507,33155,102,0
6027.95134741,6027.95169592,3198.56290575,3198.54674518,0.05157545,668.11922022,0.01998507,0.01998507,33154,102,0
6028.13298129,6028.13353626,3207.00057629,3206.97480804,0.02979741,668.04439389,0.01998507,0.01998507,33153,102,0
6028.31546040,6028.31538756,3215.44990949,3215.45329579,0.05754375,667.96778427,0.01998507,0.01998507,33152,102,0
6028.49630261,6028.49724985,3223.91068750,3223.86659151,0.03702347,667.89043952,0.01998507,0.01998507,33151,102,0
6028.67887561,6028.67912310,3232.38269017,3232.37115445,0.05261045,667.81091509,0.01998507,0.01998507,33150,102,0
6028.86189988,6028.86100733,3240.86573400,3240.90738849,0.02730558,667.72973905,0.01998507,0.01998507,33149,102,0
6029.04373021,6029.04290253,3249.35995878,3249.39863488,0.05844620,667.64764356,0.01998507,0.01998507,33148,102,0
6029.22540963,6029.22480871,3257.86566841,3257.89378534,0.04290952,667.56416565,0.01998507,0.01998507,33147,102,0
6029.40651329,6029.40672587,3266.38317046,3266.37321082,0.05693830,667.47950101,0.01998507,0.01998507,33146,102,0
6029.58920773,6029.58865400,3274.91275279,3274.93873186,0.02783242,667.39261619,0.01998507,0.01998507,33145,102,0
6029.77063138,6029.77059312,3283.45448745,3283.45628524,0.05913375,667.30486199,0.01998507,0.01998507,33144,102,0
6029.95286203,6029.95254321,3292.00832304,3292.02332162,0.02482869,667.21523399,0.01998507,0.01998507,33143,102,0
6030.13481943,6030.13450429,3300.57420623,3300.58905160,0.05713987,667.12425201,0.01998507,0.01998507,33142,102,0
6030.31672381,6030.31647635,3309.15208442,3309.16375712,0.05342154,667.03180499,0.01998507,0.01998507,33141,102,0
6030.49846099,6030.49845939,3317.74191825,3317.74199392,0.03670562,666.93794859,0.01998507,0.01998507,33140,102,0
6030.68072871,6030.68045341,3326.34367621,3326.35669624,0.04944590,666.84231285,0.01998507,0.01998507,33139,102,0
6030.86215959,6030.86245843,3334.95732658,3334.94317458,0.06771094,666.74561389,0.01998507,0.01998507,33138,102,0
6031.04486202,6031.04447442,3343.58285768,3343.60123788,0.05629369,666.64671724,0.01998507,0.01998507,33137,102,0
6031.22642061,6031.22650141,3352.22047555,3352.21663903,0.06079210,666.54692086,0.01998507,0.01998507,33136,102,0
6031.40812913,6031.40853938,3360.87051990,3360.85101188,0.04362258,666.44551653,0.01998507,0.01998507,33135,102,0
6031.59104836,6031.59058834,3369.53333510,3369.55524075,0.05409678,666.34188513,0.01998507,0.01998507,33134,102,0
6031.77330019,6031.77264830,3378.20923070,3378.24031850,0.05598617,666.23707404,0.01998507,0.01998507,33133,102,0
6031.95502543,6031.95471924,3386.89814608,3386.91276870,0.03726472,666.13101222,0.01998507,0.01998507,33132,102,0
6032.13653232,6032.13680118,3395.59980718,3395.58694979,0.03685103,666.02352670,0.01998507,0.01998507,33131,102,0
6032.31946663,6032.31889410,3404.31393498,3404.34135216,0.04781274,665.91362490,0.01998507,0.01998507,33130,102,0
6032.50115540,6032.50099803,3413.04027927,3413.04782565,0.02569330,665.80290771,0.01998507,0.01998507,33129,102,0
6032.68215092,6032.68311295,3421.77885393,3421.73266110,0.03974527,665.69105772,0.01998507,0.01998507,33128,102,0
6032.86560742,6032.86523886,3430.52980767,3430.54752862,0.04123365,665.57609510,0.01998507,0.01998507,33127,102,0
6033.04767351,6033.04737577,3439.29329142,3439.30762677,0.06062319,665.46041157,0.01998507,0.01998507,33126,102,0
6033.22962323,6033.22952368,3448.06946100,3448.07426049,0.05897388,665.34320935,0.01998507,0.01998507,33125,102,0
6033.41184756,6033.41168259,3456.85849830,3456.86646347,0.02666166,665.22422609,0.01998507,0.01998507,33124,102,0
6033.59334514,6033.59385250,3465.66059718,3465.63606495,0.04375480,665.10411290,0.01998507,0.01998507,33123,102,0
6033.77633601,6033.77603341,3474.47595314,3474.49060567,0.04269681,664.98138148,0.01998507,0.01998507,33122,102,0
6033.95805372,6033.95822533,3483.30471467,3483.29639288,0.05383881,664.85787597,0.01998507,0.01998507,33121,102,0
6034.14049583,6034.14042824,3492.14677810,3492.15006015,0.06015859,664.73224123,0.01998507,0.01998507,33120,102,0
6034.32265893,6034.32264216,3501.00195657,3501.00277199,0.03281805,664.60515860,0.01998507,0.01998507,33119,102,0
6034.50322429,6034.50486709,0.00000000,3509.78849991,0.05728464,664.47759270,0.01998507,0.01998507,33118,102,1
6034.68665487,6034.68710302,3518.75090110,3518.72904675,0.05327480,664.34630121,0.01998507,0.01998507,33117,102,0
6034.86885422,6034.86934996,3527.64427888,3527.62007159,0.03837832,664.21425872,0.01998507,0.01998507,33116,102,0
6035.05095781,6035.05160791,3536.54999517,3536.51820865,0.04459174,664.08063468,0.01998507,0.01998507,33115,102,0
6035.23404876,6035.23387686,3545.46784938,3545.47626535,0.03324895,663.94461932,0.01998507,0.01998507,33114,102,0
6035.41624884,6035.41615683,3554.39796320,3554.40247377,0.04512845,663.80759896,0.01998507,0.01998507,33113,102,0
6035.59969131,6035.59844781,3563.34127365,3563.40232674,0.04778599,663.66794375,0.01998508,0.01998507,33112,102,0
6035.78094614,6035.78074980,3572.29885203,3572.30850737,0.04463635,663.52825501,0.01998507,0.01998507,33111,102,0
6035.96301961,6035.96306280,3581.27176765,3581.26964010,0.05023073,663.38621131,0.01998507,0.01998507,33110,102,0
6036.14540897,6036.14538682,3590.26029683,3590.26138991,0.05720166,663.24217692,0.01998507,0.01998507,33109,102,0
6036.32791416,6036.32772185,3599.26340985,3599.27291229,0.02642405,663.09631284,0.01998507,0.01998507,33108,102,0
6036.51039204,6036.51006790,3608.27994699,3608.29598552,0.04414595,662.94874424,0.01998507,0.01998507,33107,102,0
6036.69241529,6036.69242496,3617.30879053,3617.30831130,0.03022927,662.79983555,0.01998507,0.01998507,33106,102,0
6036.87495761,6036.87479305,3626.35006400,3626.35822816,0.03237734,662.64878128,0.01998507,0.01998507,33105,102,0
6037.05669681,6037.05717215,3635.40516584,3635.38154676,0.02618443,662.49665002,0.01998507,0.01998507,33104,102,0
6037.24047300,6037.23956227,3644.47556442,3644.52089524,0.03638860,662.34101434,0.01998508,0.01998507,33103,102,0
6037.42211537,6037.42196342,3653.56258691,3653.57016370,0.03761229,662.18537752,0.01998507,0.01998507,33102,102,0
6037.60509445,6037.60437558,3662.66594428,3662.70184897,0.03684612,662.02677473,0.01998508,0.01998507,33101,102,0
6037.78627110,6037.78679877,3671.78436972,3671.75797445,0.04046605,661.86794799,0.01998507,0.01998507,33100,102,0
6037.97008841,6037.96923299,3680.91657122,3680.95942088,0.05456908,661.70500563,0.01998508,0.01998507,33099,102,0
6038.15307626,6038.15167823,0.00000000,3690.13878003,0.04473817,661.54088060,0.01998508,0.01998507,33098,102,1
6038.33501346,6038.33413449,3699.21981860,3699.26397057,0.05447184,661.37616604,0.01998508,0.01998507,33097,102,0
6038.51567768,6038.51660178,3708.39241370,3708.34592266,0.04501969,661.21068949,0.01998507,0.01998507,33096,102,0
6038.69821383,6038.69908010,3717.58036184,3717.53670762,0.05580997,661.04166337,0.01998507,0.01998507,33095,102,0
6038.88133477,6038.88156945,3726.78424835,3726.77240255,0.05005494,660.87022377,0.01998507,0.01998507,33094,102,0
6039.06328148,6039.06406983,3736.00353909,3735.96368312,0.04629262,660.69802865,0.01998507,0.01998507,33093,102,0
6039.24625556,6039.24658124,3745.23752413,3745.22103458,0.06406028,660.52300246,0.01998507,0.01998507,33092,102,0
6039.43012811,6039.42910369,3754.48550124,3754.53744359,0.03263464,660.34524535,0.01998508,0.01998507,33091,102,0
6039.61124673,6039.61163716,3763.74723500,3763.72741030,0.05008288,660.16831409,0.01998507,0.01998507,33090,102,0
6039.79356807,6039.79418167,3773.02305282,3772.99185030,0.06266692,659.98835394,0.01998507,0.01998507,33089,102,0
6039.97665184,6039.97673722,3782.31331826,3782.30896993,0.04802469,659.80575525,0.01998508,0.01998508,33088,102,0
6040.15958644,6040.15930380,3791.61838283,3791.63279948,0.03868435,659.62140345,0.01998508,0.01998508,33087,102,0
6040.34139972,6040.34188142,3800.93845356,3800.91384532,0.05754402,659.43628648,0.01998507,0.01998508,33086,102,0
6040.52524730,6040.52447008,3810.27365751,3810.31342601,0.03809480,659.24716691,0.01998508,0.01998508,33085,102,0
6040.70712921,6040.70706977,3819.62412200,3819.62716806,0.03444467,659.05814815,0.01998508,0.01998508,33084,102,0
6040.88893636,6040.88968051,3828.98994625,3828.95175022,0.06021471,658.86728772,0.01998507,0.01998508,33083,102,0
6041.07221885,6041.07230228,3838.37112544,3838.36683610,0.06182237,658.67292845,0.01998508,0.01998508,33082,102,0
6041.25430907,6041.25493510,3847.76763105,3847.73539612,0.04102377,658.47788753,0.01998507,0.01998508,33081,102,0
6041.43776928,6041.43757897,3857.17944084,3857.18925540,0.04635308,658.27941027,0.01998508,0.01998508,33080,102,0
6041.61942676,6041.62023387,3866.60684178,3866.56514979,0.03117207,658.08092232,0.01998507,0.01998508,33079,102,0
6041.80255498,6041.80289983,3876.05055717,3876.03271375,0.07286551,657.87882886,0.01998507,0.01998508,33078,102,0
6041.98592727,6041.98557682,3885.51134985,3885.52951596,0.02745050,657.67443052,0.01998508,0.01998508,33077,102,0
6042.16753174,6042.16826487,3894.98987487,3894.95180308,0.05978547,657.46997231,0.01998507,0.01998508,33076,102,0
6042.35178484,6042.35096396,3904.48571709,3904.52841855,0.06319612,657.26046720,0.01998508,0.01998508,33075,102,0
6042.53260295,6042.53367411,3913.99786999,3913.94205998,0.06660639,657.05285898,0.01998507,0.01998508,33074,102,0
6042.71528212,6042.71639530,3923.52531127,3923.46722555,0.04842229,656.84110752,0.01998507,0.01998508,33073,102,0
6042.89996603,6042.89912754,3933.06758558,3933.11140611,0.06438166,656.62498474,0.01998508,0.01998508,33072,102,0
6043.08136577,6043.08187084,3942.62590398,3942.59946368,0.05118115,656.41066629,0.01998507,0.01998508,33071,102,0
6043.26457011,6043.26462519,3952.20179030,3952.19890156,0.04651856,656.19212167,0.01998508,0.01998508,33070,102,0
6043.44831396,6043.44739059,3961.79670388,3961.84522691,0.06910914,655.97077668,0.01998508,0.01998508,33069,102,0
6043.63024009,6043.63016705,3971.41037283,3971.41421786,0.04462406,655.74948985,0.01998508,0.01998508,33068,102,0
6043.81390859,6043.81295457,3981.04082662,3981.09113003,0.04838491,655.52396878,0.01998508,0.01998508,33067,102,0
6043.99519893,6043.99575314,3990.68600417,3990.65674296,0.03659449,655.29932327,0.01998507,0.01998508,33066,102,0
6044.17937384,6044.17856277,4000.34444419,4000.38732591,0.06115231,655.06905067,0.01998508,0.01998508,33065,102,0
6044.36175190,6044.36138346,4010.01768453,4010.03719531,0.05388588,654.83894222,0.01998508,0.01998508,33064,102,0
6044.54466144,6044.54421521,4019.70819179,4019.73186554,0.05836117,654.60601463,0.01998508,0.01998508,33063,102,0
6044.72741742,6044.72705802,4029.41841862,4029.43752516,0.07376720,654.37106510,0.01998508,0.01998508,33062,102,0
6044.91119989,6044.90991189,0.00000000,4039.22180697,0.05269052,654.13243193,0.01998508,0.01998508,33061,102,1
6045.09173493,6045.09277683,4048.89868036,4048.84308228,0.04154345,653.89603121,0.01998507,0.01998508,33060,102,0
6045.27543567,6045.27565283,4058.66533756,4058.65373068,0.04702183,653.65319750,0.01998508,0.01998508,33059,102,0
6045.45807866,6045.45853989,4068.44755491,4068.42286592,0.05002415,653.40960535,0.01998508,0.01998508,33058,102,0
6045.64026597,6045.64143803,4078.24548398,4078.18264651,0.06499031,653.16446678,0.01998507,0.01998508,33057,102,0
6045.82455735,6045.82434723,4088.05993497,4088.07121939,0.04755914,652.91427906,0.01998508,0.01998508,33056,102,0
nan,nan,0.00000000,-1.00000000,0.00000000,646.27715196,nan,0.00000000,-2147483648,101,1
6001.52269683,6001.52021685,0.00000000,9.14092830,0.06820855,646.58843013,0.01998507,0.01998506,33300,101,1
6001.69368107,6001.70046597,0.00000000,14.46993725,0.19025633,646.85798514,0.01998504,0.01998506,33299,101,1
6001.87202286,nan,0.00000000,20.03118805,0.07595493,647.13872504,0.01998503,0.01998506,33298,101,1
6002.06016557,6002.06099668,25.91602518,25.89008348,0.05068118,647.43386904,0.01998506,0.01998506,33297,101,0
6002.24025065,6002.24127828,31.54482315,31.51272891,0.09768518,647.71651227,0.01998506,0.01998506,33296,101,0
6002.43094064,nan,0.00000000,37.47942635,0.11772685,648.01580833,0.01998509,0.01998506,33295,101,1
6002.61475247,nan,0.00000000,43.22410817,0.05381358,648.30334298,0.01998511,0.01998506,33294,101,1
6002.78238869,6002.78218807,48.45273302,48.45900928,0.04633319,648.56482811,0.01998506,0.01998506,33293,101,0
6002.95710198,6002.96251300,0.00000000,53.93213546,0.10493354,648.83766835,0.01998505,0.01998506,33292,101,1
6003.14126305,6003.14284876,59.74168337,59.69202419,0.10335003,649.12420306,0.01998506,0.01998506,33291,101,0
6003.32491692,6003.32319536,65.39090969,65.44484922,0.04915405,649.40977125,0.01998507,0.01998506,33290,101,0
6003.50846702,6003.50355280,0.00000000,71.20126018,0.04438339,649.69490214,0.01998508,0.01998506,33289,101,1
6003.68278664,6003.68392107,76.69836673,76.66278977,0.14765544,649.96485772,0.01998506,0.01998506,33288,101,0
6003.86617121,6003.86430018,0.00000000,82.42036811,0.05394699,650.24884666,0.01998507,0.01998506,33287,101,1
6004.04420974,6004.04469013,88.01826127,88.00318014,0.04999508,650.52362736,0.01998506,0.01998506,33286,101,0
6004.23065407,6004.22509092,0.00000000,93.86474285,0.12683556,650.81150489,0.01998508,0.01998506,33285,101,1
6004.40231814,6004.40550255,0.00000000,99.25925253,0.05313982,651.07588023,0.01998505,0.01998506,33284,101,1
6004.58932405,6004.58592503,0.00000000,105.13911972,0.08091370,651.36342640,0.01998507,0.01998506,33283,101,1
6004.77370876,nan,0.00000000,110.93988868,0.07425256,651.64647512,0.01998509,0.01998506,33282,101,1
6004.94621633,6004.94680250,116.37928272,116.36082712,0.02270643,651.91042504,0.01998506,0.01998506,33281,101,0
6005.12643746,6005.12725751,122.06258008,122.03674556,0.11443197,652.18620518,0.01998506,0.01998506,33280,101,0
6005.31184175,6005.30772336,0.00000000,127.88852347,0.08065174,652.46990346,0.01998508,0.01998506,33279,101,1
6005.48777963,6005.48820006,133.44013914,133.42687856,0.05250355,652.73782092,0.01998506,0.01998506,33278,101,0
6005.66491316,6005.66868761,0.00000000,139.02394530,0.16206810,653.00799973,0.01998505,0.01998506,33277,101,1
6005.84859649,6005.84918601,144.83210254,144.81348803,0.13384931,653.28685741,0.01998506,0.01998506,33276,101,0
6006.02901322,6006.02969526,150.53338380,150.51183607,0.11752045,653.56071467,0.01998506,0.01998506,33275,101,0
6006.20999002,6006.21021535,156.23813089,156.23100812,0.13837516,653.83496629,0.01998506,0.01998506,33274,101,0
6006.39145549,6006.39074630,161.94629273,161.96872241,0.03257764,654.10949658,0.01998507,0.01998506,33273,101,0
6006.57478570,6006.57128811,0.00000000,167.77656216,0.08324904,654.38675940,0.01998508,0.01998506,33272,101,1
6006.75327849,6006.75184076,173.37265543,173.41817386,0.01257776,654.65548671,0.01998507,0.01998506,33271,101,0
6006.93345066,6006.93240428,179.09079901,179.12394494,0.10245149,654.92666885,0.01998507,0.01998506,33270,101,0
6007.11367523,6007.11297865,184.81236041,184.83443810,0.08549842,655.19746998,0.01998507,0.01998506,33269,101,0
6007.29517563,6007.29356387,190.53747036,190.58858288,0.10183268,655.46972850,0.01998507,0.01998506,33268,101,0
6007.47573357,6007.47415995,196.26626006,196.31619274,0.09734617,655.74012078,0.01998507,0.01998506,33267,101,0
6007.65529572,6007.65476690,201.99886122,202.01565187,0.09124901,656.00857928,0.01998507,0.01998506,33266,101,0
6007.83790181,6007.83538470,0.00000000,207.82781475,0.04444903,656.28172505,0.01998507,0.01998506,33265,101,1
6008.01910416,6008.01601336,0.00000000,213.58649429,0.04250412,656.55173854,0.01998508,0.01998506,33264,101,1
6008.19563850,6008.19665289,219.22041990,219.18815218,0.11307129,656.81379860,0.01998506,0.01998506,33263,101,0
6008.37946027,6008.37730327,0.00000000,225.04855070,0.08957694,657.08733942,0.01998507,0.01998506,33262,101,1
6008.55469025,6008.55796452,0.00000000,230.62691818,0.08818448,657.34712354,0.01998505,0.01998506,33261,101,1
6008.73774352,6008.73863664,236.47587568,236.44741753,0.11268060,657.61756758,0.01998506,0.01998506,33260,101,0
6008.91963565,6008.91931962,242.23460239,242.24467736,0.07282638,657.88630635,0.01998507,0.01998506,33259,101,0
6009.10221068,6009.10001347,0.00000000,248.07698590,0.10011726,658.15603996,0.01998507,0.01998506,33258,101,1
6009.28138898,6009.28071819,253.76200552,253.78341304,0.03598985,658.41934032,0.01998507,0.01998506,33257,101,0
6009.46279876,6009.46143377,259.53086933,259.57445519,0.12007103,658.68592659,0.01998507,0.01998506,33256,101,0
6009.63811092,6009.64216023,0.00000000,265.18618043,0.13061049,658.94366389,0.01998505,0.01998507,33255,101,1
6009.82395244,6009.82289755,271.07945282,271.11317564,0.04525452,659.21524594,0.01998507,0.01998507,33254,101,0
6009.99903929,6010.00364575,0.00000000,276.72572548,0.08903220,659.47181826,0.01998505,0.01998507,33253,101,1
6010.18748726,6010.18440482,0.00000000,282.75605683,0.08824076,659.74683707,0.01998508,0.01998507,33252,101,1
6010.36442512,6010.36517476,288.43087068,288.40686228,0.04164225,660.00393428,0.01998506,0.01998507,33251,101,0
6010.54733287,6010.54595558,294.22241755,294.26655426,0.07663536,660.26990894,0.01998507,0.01998507,33250,101,0
6010.72553598,6010.72674727,300.01782455,299.97898392,0.08123755,660.52858542,0.01998506,0.01998507,33249,101,0
6010.90394894,6010.90754984,0.00000000,305.71617326,0.07572829,660.78777308,0.01998505,0.01998507,33248,101,1
6011.08580032,6011.08836329,0.00000000,311.55231760,0.09529081,661.05080399,0.01998506,0.01998507,33247,101,1
6011.26894209,6011.26918762,317.42714091,317.41925375,0.08398638,661.31458505,0.01998506,0.01998507,33246,101,0
6011.44931399,6011.45002282,323.23794920,323.21516540,0.08709105,661.57454509,0.01998506,0.01998507,33245,101,0
6011.63035414,6011.63086891,329.05262866,329.03607244,0.05779993,661.83499830,0.01998506,0.01998507,33244,101,0
6011.81027759,6011.81172588,334.87119309,334.82458458,0.07834773,662.09337797,0.01998506,0.01998507,33243,101,0
6011.99291005,6011.99259373,340.69365630,340.70384229,0.07987136,662.35517122,0.01998507,0.01998507,33242,101,0
6012.17485315,6012.17347246,346.52003169,346.56451945,0.06049283,662.61549818,0.01998507,0.01998507,33241,101,0
6012.35514158,6012.35436208,352.35030644,352.37543818,0.05580858,662.87298510,0.01998507,0.01998507,33240,101,0
6012.53689149,6012.53526258,358.18442789,358.23697674,0.08010827,663.13207970,0.01998507,0.01998507,33239,101,0
6012.71677900,6012.71617397,364.02233983,364.04186958,0.09046902,663.38804154,0.01998507,0.01998507,33238,101,0
6012.89617949,6012.89709625,369.86398583,369.83437708,0.09499706,663.64283344,0.01998506,0.01998507,33237,101,0
6013.07760744,6013.07802941,375.70930923,375.69567299,0.03280268,663.90001682,0.01998506,0.01998507,33236,101,0
6013.26112648,6013.25897347,0.00000000,381.63266106,0.07689127,664.15987098,0.01998507,0.01998507,33235,101,1
6013.43891680,6013.43992841,387.41082435,387.37809684,0.05886024,664.41071788,0.01998506,0.01998507,33234,101,0
6013.62226105,6013.62089425,393.26708262,393.31132674,0.05306276,664.66912047,0.01998507,0.01998507,33233,101,0
6013.80331884,6013.80187098,399.12709916,399.17399480,0.05850508,664.92380780,0.01998507,0.01998507,33232,101,0
6013.98365161,6013.98285860,404.99094350,405.01664412,0.06495607,665.17699042,0.01998507,0.01998507,33231,101,0
6014.16369322,6014.16385712,410.85868547,410.85337073,0.02742357,665.42928337,0.01998507,0.01998507,33230,101,0
6014.34580987,6014.34486653,416.73039255,416.76100301,0.10686591,665.68399697,0.01998507,0.01998507,33229,101,0
6014.52752812,6014.52588683,422.60608976,422.65938062,0.02076177,665.93766492,0.01998507,0.01998507,33228,101,0
6014.70830417,6014.70691804,428.48576729,428.53080108,0.05623270,666.18953184,0.01998507,0.01998507,33227,101,0
6014.88772541,6014.88796014,434.36941425,434.36178335,0.07971164,666.43903046,0.01998507,0.01998507,33226,101,0
6015.06746066,6015.06901314,440.25701971,440.20651982,0.04566425,666.68848394,0.01998506,0.01998507,33225,101,0
6015.25305440,6015.25007705,0.00000000,446.24491021,0.05501274,666.94553627,0.01998508,0.01998507,33224,101,1
6015.43171499,6015.43115185,452.04406306,452.06240366,0.08430433,667.19254465,0.01998507,0.01998507,33223,101,0
6015.61072291,6015.61223755,457.94348927,457.89413030,0.03016105,667.43952655,0.01998506,0.01998507,33222,101,0
6015.79390199,6015.79333416,463.84685445,463.86537014,0.05989979,667.69176260,0.01998507,0.01998507,33221,101,0
6015.97497574,6015.97444168,469.75416177,469.77158710,0.06936132,667.94060058,0.01998507,0.01998507,33220,101,0
6016.15301376,6016.15556009,0.00000000,475.57751862,0.07089851,668.18458196,0.01998506,0.01998507,33219,101,1
6016.33525235,6016.33668942,481.58061561,481.53367064,0.06316872,668.43422551,0.01998506,0.01998507,33218,101,0
6016.51943951,6016.51782965,487.49975842,487.55238009,0.02015867,668.68582184,0.01998507,0.01998507,33217,101,0
6016.69953931,6016.69898079,493.42278185,493.44104915,0.09859849,668.93133109,0.01998507,0.01998507,33216,101,0
6016.87900452,6016.88014283,499.34960658,499.31235521,0.07070290,669.17547532,0.01998506,0.01998507,33215,101,0
6017.06151137,6017.06131579,505.28015295,505.28655675,0.04719717,669.42324111,0.01998507,0.01998507,33214,101,0
6017.24220438,6017.24249966,511.21434097,511.20466729,0.02050775,669.66802716,0.01998507,0.01998507,33213,101,0
6017.42356821,6017.42369444,517.15209038,517.14795274,0.05210342,669.91319992,0.01998507,0.01998507,33212,101,0
6017.60405041,6017.60490014,523.09339085,523.06552254,0.03451944,670.15666015,0.01998507,0.01998507,33211,101,0
6017.78696153,6017.78611674,529.03844117,529.06616374,0.05618114,670.40287404,0.01998507,0.01998507,33210,101,0
6017.96774395,6017.96734427,534.98747962,535.00060393,0.03101469,670.64571396,0.01998507,0.01998507,33209,101,0
6018.14819421,6018.14858271,540.94074547,540.92798013,0.05563395,670.88761198,0.01998507,0.01998507,33208,101,0
6018.32825299,6018.32983206,546.89847894,546.84655572,0.08227275,671.12849985,0.01998506,0.01998507,33207,101,0
6018.51204365,6018.51109233,552.86091838,552.89222296,0.02900225,671.37388878,0.01998507,0.01998507,33206,101,0
6018.69167245,6018.69236353,558.82811328,558.80535600,0.04278332,671.61324166,0.01998507,0.01998507,33205,101,0
6018.87389797,6018.87364564,564.79980747,564.80812238,0.09611937,671.85555858,0.01998507,0.01998507,33204,101,0
6019.05485871,6019.05493867,570.77571598,570.77307943,0.05128972,672.09568640,0.01998507,0.01998507,33203,101,0
6019.23652436,6019.23624263,576.75555271,576.76484759,0.09810684,672.33622833,0.01998507,0.01998507,33202,101,0
6019.41775963,6019.41755750,582.73903035,582.74570238,0.05060472,672.57566728,0.01998507,0.01998507,33201,101,0
6019.59891037,6019.59888331,588.72587722,588.72677105,0.04747367,672.81445049,0.01998507,0.01998507,33200,101,0
6019.78102736,6019.78022003,594.71611536,594.74279171,0.06624208,673.05395896,0.01998507,0.01998507,33199,101,0
6019.96038909,6019.96156768,600.71001849,600.67105239,0.05685814,673.28931609,0.01998507,0.01998507,33198,101,0
6020.14140739,6020.14292626,606.70786953,606.65762190,0.05978761,673.52632584,0.01998506,0.01998507,33197,101,0
6020.32581091,6020.32429577,612.70995254,612.76011052,0.05957330,673.76723988,0.01998507,0.01998507,33196,101,0
6020.50510248,6020.50567620,618.71655275,618.69754633,0.04705672,674.00097422,0.01998507,0.01998507,33195,101,0
6020.68676470,6020.68706757,624.72790667,624.71786575,0.06565825,674.23730297,0.01998507,0.01998507,33194,101,0
6020.86894095,6020.86846987,630.74391170,630.75953990,0.04500959,674.47379336,0.01998507,0.01998507,33193,101,0
6021.05211955,6021.04988309,0.00000000,636.83480735,0.05139195,674.71091522,0.01998508,0.01998507,33192,101,1
6021.23166898,6021.23130725,642.78889366,642.80090906,0.06123873,674.94310925,0.01998507,0.01998507,33191,101,0
6021.41461549,6021.41274235,648.81737663,648.87963269,0.02963020,675.17900659,0.01998508,0.01998507,33190,101,0
6021.59337755,6021.59418838,654.84952333,654.82256071,0.05957072,675.40897077,0.01998507,0.01998507,33189,101,0
6021.77380825,6021.77564534,660.88520628,660.82408375,0.04803815,675.64053673,0.01998506,0.01998507,33188,101,0
6021.95734330,6021.95711324,666.92464680,666.93230556,0.03364903,675.87553284,0.01998507,0.01998507,33187,101,0
6022.13840934,6022.13859208,672.96812929,672.96204199,0.02697226,676.10682991,0.01998507,0.01998507,33186,101,0
6022.32149742,6022.32008186,679.01593935,679.06312669,0.03996723,676.34017670,0.01998507,0.01998507,33185,101,0
6022.50183567,6022.50158257,685.06836377,685.07680659,0.03867487,676.56950411,0.01998507,0.01998507,33184,101,0
6022.68371792,6022.68309423,691.12568346,691.14650505,0.04815746,676.80028680,0.01998507,0.01998507,33183,101,0
6022.86364651,6022.86461683,697.18793933,697.15552194,0.04991757,677.02808836,0.01998507,0.01998507,33182,101,0
6023.04716439,6023.04615037,703.25487688,703.28877739,0.06039287,677.25990836,0.01998507,0.01998507,33181,101,0
6023.22794622,6023.22769486,709.32622250,709.33463140,0.04660644,677.48774119,0.01998507,0.01998507,33180,101,0
6023.40898907,6023.40925029,715.40170140,715.39295765,0.06028295,677.71536318,0.01998507,0.01998507,33179,101,0
6023.59166028,6023.59081666,721.48103763,721.50929186,0.00772893,677.94447326,0.01998507,0.01998507,33178,101,0
6023.77082601,6023.77239399,727.56399076,727.51144858,0.08025137,678.16863109,0.01998506,0.01998507,33177,101,0
6023.95505642,6023.95398225,733.65063382,733.68664897,0.06980515,678.39855327,0.01998507,0.01998507,33176,101,0
6024.13610363,6024.13558147,739.74119998,739.75871784,0.05479012,678.62394510,0.01998507,0.01998507,33175,101,0
6024.31606968,6024.31719164,745.83592468,745.79826012,0.05347587,678.84745042,0.01998507,0.01998507,33174,101,0
6024.49860993,6024.49881276,751.93504437,751.92823080,0.03476301,679.07360962,0.01998507,0.01998507,33173,101,0
6024.68072182,6024.68044483,758.03879640,758.04810819,0.04048572,679.29870042,0.01998507,0.01998507,33172,101,0
6024.86145265,6024.86208785,764.14734007,764.12597088,0.04782989,679.52155760,0.01998507,0.01998507,33171,101,0
6025.04380477,6025.04374183,770.26060693,770.26272600,0.05282864,679.74587826,0.01998507,0.01998507,33170,101,0
6025.22434519,6025.22540676,776.37848722,776.34272498,0.07368614,679.96743467,0.01998507,0.01998507,33169,101,0
6025.40696296,6025.40708264,782.50087069,782.49683615,0.06037010,680.19099273,0.01998507,0.01998507,33168,101,0
6025.58953732,6025.58876948,788.62764663,788.65354783,0.06238857,680.41394157,0.01998507,0.01998507,33167,101,0
6025.76978425,6025.77046728,794.75870710,794.73565226,0.07337814,680.63349762,0.01998507,0.01998507,33166,101,0
6025.95109723,6025.95217604,800.89402358,800.85758647,0.04328441,680.85379783,0.01998507,0.01998507,33165,101,0
6026.13364299,6026.13389576,807.03365002,807.02510705,0.03355484,681.07503479,0.01998507,0.01998507,33164,101,0
6026.31495330,6026.31562644,813.17764442,813.15487940,0.03818916,681.29421784,0.01998507,0.01998507,33163,101,0
6026.49786692,6026.49736808,819.32606501,819.34294668,0.05263125,681.51477768,0.01998507,0.01998507,33162,101,0
6026.67905797,6026.67912068,825.47897029,825.47684685,0.05753967,681.73270515,0.01998507,0.01998507,33161,101,0
6026.86162708,6026.86088424,831.63641125,831.66158439,0.06278578,681.95173147,0.01998507,0.01998507,33160,101,0
6027.04277599,6027.04265877,837.79839571,837.80237080,0.04123095,682.16849861,0.01998507,0.01998507,33159,101,0
6027.22558905,6027.22444427,843.96491633,844.00376289,0.03921146,682.38669452,0.01998507,0.01998507,33158,101,0
6027.40634907,6027.40624073,850.13596575,850.13964468,0.04312955,682.60188265,0.01998507,0.01998507,33157,101,0
6027.58704894,6027.58804816,856.31153653,856.27758405,0.05676703,682.81644353,0.01998507,0.01998507,33156,101,0
6027.77112364,6027.76986655,862.49162192,862.53436542,0.06304938,683.03443874,0.01998507,0.01998507,33155,101,0
6027.95174249,6027.95169592,868.67626582,868.67785054,0.05529314,683.24777928,0.01998507,0.01998507,33154,101,0
6028.13338086,6028.13353626,874.86559599,874.86030496,0.02440464,683.46176562,0.01998507,0.01998507,33153,101,0
6028.31524816,6028.31538756,881.05974853,881.05499828,0.03557577,683.67546375,0.01998507,0.01998507,33152,101,0
6028.49779291,6028.49724985,887.25886014,887.27737841,0.04637023,683.88939969,0.01998507,0.01998507,33151,101,0
6028.67960340,6028.67912310,893.46306813,893.47945885,0.06735970,684.10192231,0.01998507,0.01998507,33150,101,0
6028.86093544,6028.86100733,899.67248007,899.67002504,0.05907164,684.31333815,0.01998507,0.01998507,33149,101,0
6029.04265137,6029.04290253,905.88694473,905.87836073,0.04325487,684.52464621,0.01998507,0.01998507,33148,101,0
6029.22522495,6029.22480871,912.10617871,912.12041440,0.03972687,684.73638040,0.01998507,0.01998507,33147,101,0
6029.40691549,6029.40672587,918.32989629,918.33638565,0.05927271,684.94651095,0.01998507,0.01998507,33146,101,0
6029.58931629,6029.58865400,924.55781050,924.58048918,0.07492634,685.15687022,0.01998507,0.01998507,33145,101,0
6029.77078370,6029.77059312,930.78963416,930.79616391,0.03726333,685.36555277,0.01998507,0.01998507,33144,101,0
6029.95363216,6029.95254321,937.02525559,937.06258563,0.03790237,685.57521293,0.01998508,0.01998507,33143,101,0
6030.13454685,6030.13450429,943.26493222,943.26639228,0.04097896,685.78205992,0.01998507,0.01998507,33142,101,0
6030.31679091,6030.31647635,949.50896897,949.51976621,0.07107777,685.98983640,0.01998507,0.01998507,33141,101,0
6030.49817228,6030.49845939,955.75767213,955.74781037,0.06318504,686.19604961,0.01998507,0.01998507,33140,101,0
6030.68065044,6030.68045341,962.01134935,962.01812220,0.04913100,686.40293478,0.01998507,0.01998507,33139,101,0
6030.86238220,6030.86245843,968.27027656,968.26765415,0.06554378,686.60840796,0.01998507,0.01998507,33138,101,0
6031.04464865,6031.04447442,974.53440549,974.54040371,0.07968044,686.81391528,0.01998507,0.01998507,33137,101,0
6031.22590441,6031.22650141,980.80350266,980.78293467,0.03632719,687.01770730,0.01998507,0.01998507,33136,101,0
6031.40775382,6031.40853938,987.07733137,987.05024834,0.03489277,687.22158051,0.01998507,0.01998507,33135,101,0
6031.59024157,6031.59058834,993.35565389,993.34369096,0.05693086,687.42556983,0.01998507,0.01998507,33134,101,0
6031.77204966,6031.77264830,999.63823221,999.61756805,0.06116055,687.62819302,0.01998507,0.01998507,33133,101,0
6031.95486448,6031.95471924,1005.92495410,1005.92997069,0.02091101,687.83132288,0.01998507,0.01998507,33132,101,0
6032.13687604,6032.13680118,1012.21596947,1012.21855691,0.04001698,688.03295070,0.01998507,0.01998507,33131,101,0
6032.31909240,6032.31889410,1018.51146148,1018.51831948,0.06224617,688.23420067,0.01998507,0.01998507,33130,101,0
6032.50070618,6032.50099803,1024.81161409,1024.80151356,0.06153704,688.43418739,0.01998507,0.01998507,33129,101,0
6032.68159765,6032.68311295,1031.11661212,1031.06413212,0.03741934,688.63278984,0.01998507,0.01998507,33128,101,0
6032.86739500,6032.86523886,0.00000000,1037.49215260,0.05377677,688.83588029,0.01998508,0.01998507,33127,101,1
6033.04845417,6033.04737577,1043.74162207,1043.77902554,0.04274700,689.03376917,0.01998508,0.01998507,33126,101,0
6033.22940014,6033.22952368,1050.06151519,1050.05722725,0.04537624,689.23065279,0.01998507,0.01998507,33125,101,0
6033.41220023,6033.41168259,1056.38619381,1056.40417270,0.05277187,689.42894833,0.01998508,0.01998507,33124,101,0
6033.59392295,6033.59385250,1062.71555221,1062.71800075,0.05931813,689.62546712,0.01998507,0.01998507,33123,101,0
6033.77559127,6033.77603341,1069.04948501,1069.03410771,0.01789675,689.82131631,0.01998507,0.01998507,33122,101,0
6033.95867234,6033.95822533,1075.38794240,1075.40349924,0.06705873,690.01806767,0.01998508,0.01998507,33121,101,0
6034.14012098,6034.14042824,1081.73096414,1081.72026379,0.04498252,690.21244947,0.01998507,0.01998507,33120,101,0
6034.32304672,6034.32264216,1088.07859826,1088.09269627,0.03741163,690.40779367,0.01998508,0.01998507,33119,101,0
6034.50517484,6034.50486709,1094.43089297,1094.44162485,0.06851970,690.60166760,0.01998507,0.01998507,33118,101,0
6034.68691245,6034.68710302,1100.78789673,1100.78124666,0.03973240,690.79451060,0.01998507,0.01998507,33117,101,0
6034.86964860,6034.86934996,1107.14967465,1107.16010306,0.03158678,690.98779395,0.01998507,0.01998507,33116,101,0
6035.05128017,6035.05160791,1113.51638059,1113.50492772,0.05684508,691.17929669,0.01998507,0.01998507,33115,101,0
6035.23397616,6035.23387686,1119.88819875,1119.89167134,0.02323468,691.37130983,0.01998507,0.01998507,33114,101,0
6035.41623286,6035.41615683,1126.26531423,1126.26797522,0.02276277,691.56225365,0.01998507,0.01998507,33113,101,0
6035.59825340,6035.59844781,1132.64791295,1132.64110325,0.07707829,691.75234809,0.01998507,0.01998507,33112,101,0
6035.78044133,6035.78074980,1139.03617143,1139.02535767,0.04835038,691.94201835,0.01998507,0.01998507,33111,101,0
6035.96253477,6035.96306280,1145.43003637,1145.41151052,0.06525153,692.13098795,0.01998507,0.01998507,33110,101,0
6036.14576886,6036.14538682,1151.82922661,1151.84264032,0.04198150,692.32052326,0.01998507,0.01998507,33109,101,0
6036.32731754,6036.32772185,1158.23344997,1158.21924450,0.04826973,692.50769349,0.01998507,0.01998507,33108,101,0
6036.50988374,6036.51006790,1164.64241291,1164.63593803,0.05920377,692.69527841,0.01998507,0.01998507,33107,101,0
6036.69210124,6036.69242496,1171.05582071,1171.04443192,0.04585912,692.88186067,0.01998507,0.01998507,33106,101,0
6036.87506826,6036.87479305,1177.47352451,1177.48321254,0.05356230,693.06855685,0.01998507,0.01998507,33105,101,0
6037.05696182,6037.05717215,1183.89577442,1183.88836526,0.03669378,693.25351430,0.01998507,0.01998507,33104,101,0
6037.23907252,6037.23956227,1190.32288894,1190.30562459,0.05308712,693.43805751,0.01998507,0.01998507,33103,101,0
6037.42291578,6037.42196342,1196.75518805,1196.78878584,0.03812316,693.62371953,0.01998508,0.01998507,33102,101,0
6037.60446980,6037.60437558,1203.19299326,1203.19631959,0.03925669,693.80644903,0.01998507,0.01998507,33101,101,0
6037.78742512,6037.78679877,1209.63658563,1209.65871905,0.05715304,693.98997114,0.01998508,0.01998507,33100,101,0
6037.96927333,6037.96923299,1216.08591652,1216.08734340,0.02167964,694.17176482,0.01998507,0.01998507,33099,101,0
6038.15173029,6038.15167823,1222.54077992,1222.54262278,0.06197858,694.35354024,0.01998507,0.01998507,33098,101,0
6038.33380448,6038.33413449,1229.00096789,1228.98927897,0.03657496,694.53430077,0.01998507,0.01998507,33097,101,0
6038.51669878,6038.51660178,1235.46627151,1235.46970956,0.06819592,694.71523068,0.01998507,0.01998507,33096,101,0
6038.69898271,6038.69908010,1241.93648587,1241.93303143,0.02785129,694.89490635,0.01998507,0.01998507,33095,101,0
6038.88232875,6038.88156945,1248.41155371,1248.43850463,0.05425292,695.07497065,0.01998508,0.01998507,33094,101,0
6039.06365430,6039.06406983,1254.89158652,1254.87682696,0.03543870,695.25240271,0.01998507,0.01998507,33093,101,0
6039.24645248,6039.24658124,1261.37670549,1261.37212861,0.05902373,695.43062525,0.01998507,0.01998507,33092,101,0
6039.42939903,6039.42910369,1267.86703239,1267.87753865,0.03469864,695.60834008,0.01998508,0.01998507,33091,101,0
6039.61132056,6039.61163716,1274.36268945,1274.35141846,0.05325855,695.78441360,0.01998507,0.01998507,33090,101,0
6039.79414230,6039.79418167,1280.86375982,1280.86235697,0.03475391,695.96071026,0.01998507,0.01998507,33089,101,0
6039.97720262,6039.97673722,1287.37022329,1287.38681698,0.05932675,696.13658358,0.01998508,0.01998508,33088,101,0
6040.15988715,6040.15930380,1293.88204282,1293.90285770,0.02550039,696.31144120,0.01998508,0.01998508,33087,101,0
6040.34219497,6040.34188142,1300.39918118,1300.41037771,0.05503318,696.48528347,0.01998508,0.01998508,33086,101,0
6040.52404703,6040.52447008,1306.92160095,1306.90648333,0.02203822,696.65803671,0.01998507,0.01998508,33085,101,0
6040.70756716,6040.70706977,1313.44926324,1313.46705078,0.05727637,696.83170909,0.01998508,0.01998508,33084,101,0
6040.88977762,6040.88968051,1319.98212122,1319.98559682,0.02948359,697.00347770,0.01998508,0.01998508,33083,101,0
6041.07287098,6041.07230228,1326.52012489,1326.54049205,0.04352585,697.17540868,0.01998508,0.01998508,33082,101,0
6041.25458011,6041.25493510,1333.06322400,1333.05050124,0.03575052,697.34537285,0.01998507,0.01998508,33081,101,0
6041.43676270,6041.43757897,1339.61136803,1339.58209291,0.06735538,697.51510981,0.01998507,0.01998508,33080,101,0
6041.62051447,6041.62023387,1346.16451470,1346.17458520,0.03202688,697.68562630,0.01998508,0.01998508,33079,101,0
6041.80283014,6041.80289983,1352.72274850,1352.72024558,0.05487592,697.85413322,0.01998508,0.01998508,33078,101,0
6041.98615429,6041.98557682,1359.28625230,1359.30700843,0.06017488,698.02289534,0.01998508,0.01998508,33077,101,0
6042.16899938,6042.16826487,1365.85521237,1365.88163395,0.03098318,698.19054328,0.01998508,0.01998508,33076,101,0
6042.35099578,6042.35096396,1372.42981590,1372.43096149,0.05549146,698.35674832,0.01998508,0.01998508,33075,101,0
6042.53402445,6042.53367411,1379.01024833,1379.02287140,0.03358209,698.52322991,0.01998508,0.01998508,33074,101,0
6042.71578818,6042.71639530,1385.59656354,1385.57467073,0.04197113,698.68789917,0.01998507,0.01998508,33073,101,0
6042.90000608,6042.89912754,1392.18862483,1392.22033061,0.06291871,698.85411337,0.01998508,0.01998508,33072,101,0
6043.08173735,6043.08187084,1398.78627999,1398.78145889,0.05136398,699.01740905,0.01998508,0.01998508,33071,101,0
6043.26411169,6043.26462519,1405.38937600,1405.37081593,0.04830844,699.18060298,0.01998507,0.01998508,33070,101,0
6043.44772364,6043.44739059,1411.99775919,1412.00980570,0.01074779,699.34421095,0.01998508,0.01998508,33069,101,0
6043.63025008,6043.63016705,1418.61131847,1418.61432405,0.04363212,699.50615755,0.01998508,0.01998508,33068,101,0
6043.81433888,6043.81295457,1425.23005540,1425.28019962,0.05800688,699.66878759,0.01998508,0.01998508,33067,101,0
6043.99561178,6043.99575314,1431.85398982,1431.84886552,0.03042345,699.82823906,0.01998508,0.01998508,33066,101,0
6044.17835895,6044.17856277,1438.48314162,1438.47574802,0.04224977,699.98829204,0.01998508,0.01998508,33065,101,0
6044.36116350,6044.36138346,1445.11753080,1445.10954579,0.02668463,700.14769553,0.01998508,0.01998508,33064,101,0
6044.54420462,6044.54421521,1451.75721836,1451.75683379,0.06418118,700.30660373,0.01998508,0.01998508,33063,101,0
6044.72657006,6044.72705802,1458.40245522,1458.38471359,0.05344376,700.46423128,0.01998507,0.01998508,33062,101,0
6044.90957957,6044.90991189,1465.05354843,1465.04145548,0.02540096,700.62172443,0.01998507,0.01998508,33061,101,0
6045.09268792,6045.09277683,1471.71080656,1471.70756826,0.04729168,700.77861495,0.01998508,0.01998508,33060,101,0
6045.27633371,6045.27565283,1478.37453976,1478.39936166,0.05874500,700.93528019,0.01998508,0.01998508,33059,101,0
6045.45863557,6045.45853989,1485.04499687,1485.04848806,0.02589933,701.09012318,0.01998508,0.01998508,33058,101,0
6045.64115659,6045.64143803,1491.72193274,1491.71165421,0.05890103,701.24446980,0.01998508,0.01998508,33057,101,0
6045.82444277,6045.82434723,1498.40486631,1498.40835840,0.04716338,701.39876290,0.01998508,0.01998508,33056,101,0
6046.00710984,6046.00726749,1505.09331264,1505.08754599,0.03541547,701.55182317,0.01998508,0.01998508,33055,101,0
6046.19000558,6046.19019883,1511.78678432,1511.77971095,0.06569989,701.70435027,0.01998508,0.01998508,33054,101,0
6046.37333563,6046.37314124,1518.48483054,1518.49195001,0.04033089,701.85649979,0.01998508,0.01998508,33053,101,0
6046.55573476,6046.55609472,1525.18751609,1525.17432419,0.06790021,702.00714156,0.01998508,0.01998508,33052,101,0
6046.73877066,6046.73905927,1531.89527283,1531.88468822,0.03183600,702.15758016,0.01998508,0.01998508,33051,101,0
6046.92188325,6046.92203489,1538.60854257,1538.60297684,0.04506082,702.30735905,0.01998508,0.01998508,33050,101,0
6047.10550534,6047.10502159,1545.32776939,1545.34554041,0.03912327,702.45683672,0.01998508,0.01998508,33049,101,0
6047.28794831,6047.28801936,1552.05338483,1552.05077230,0.02373216,702.60464985,0.01998508,0.01998508,33048,101,0
6047.47040630,6047.47102821,1558.78549123,1558.76260385,0.05616943,702.75177262,0.01998507,0.01998508,33047,101,0
6047.65382794,6047.65404814,1565.52386496,1565.51575436,0.04441027,702.89895712,0.01998508,0.01998508,33046,101,0
6047.83805527,6047.83707915,1572.26826736,1572.30425075,0.05811222,703.04605874,0.01998508,0.01998508,33045,101,0
6048.02037639,6048.02012123,1579.01845854,1579.02787186,0.00914736,703.19091133,0.01998508,0.01998508,33044,101,0
6048.20280509,6048.20317440,1585.77420189,1585.76056721,0.05394986,703.33511853,0.01998508,0.01998508,33043,101,0
6048.38608695,6048.38623864,1592.53543310,1592.52982855,0.03008013,703.47926062,0.01998508,0.01998508,33042,101,0
6048.56919427,6048.56931397,1599.30231160,1599.29788527,0.04515104,703.62252668,0.01998508,0.01998508,33041,101,0
6048.75243702,6048.75240038,1606.07501246,1606.07636819,0.02220439,703.76516116,0.01998508,0.01998508,33040,101,0
6048.93518686,6048.93549788,1612.85371166,1612.84219215,0.06425197,703.90667874,0.01998508,0.01998508,33039,101,0
6049.11831444,6049.11860646,1619.63858452,1619.62775922,0.04624188,704.04775580,0.01998508,0.01998508,33038,101,0
6049.30212755,6049.30172613,1626.42970526,1626.44459868,0.04632947,704.18862241,0.01998508,0.01998508,33037,101,0
6049.48438928,6049.48485688,1633.22698520,1633.20962191,0.05128261,704.32756548,0.01998508,0.01998508,33036,101,0
6049.66762327,6049.66799873,1640.03032055,1640.01636720,0.03114343,704.46650803,0.01998508,0.01998508,33035,101,0
6049.85067305,6049.85115166,1646.83960695,1646.82180596,0.06324168,704.60456412,0.01998508,0.01998508,33034,101,0
6050.03411407,6050.03431568,1653.65474026,1653.64723573,0.05860394,704.74216225,0.01998508,0.01998508,33033,101,0
6050.21821083,6050.21749080,1660.47569918,1660.50252210,0.04598196,704.87949182,0.01998508,0.01998508,33032,101,0
6050.40064997,6050.40067701,1667.30261848,1667.30161037,0.04970206,705.01483393,0.01998508,0.01998508,33031,101,0
6050.58430379,6050.58387431,1674.13565082,1674.15167664,0.07172628,705.15032303,0.01998508,0.01998508,33030,101,0
6050.76722346,6050.76708270,1680.97494965,1680.98020630,0.01195633,705.28451924,0.01998508,0.01998508,33029,101,0
6050.95069139,6050.95030219,1687.82066861,1687.83521671,0.06769140,705.41836525,0.01998508,0.01998508,33028,101,0
6051.13366996,6051.13353278,1694.67286813,1694.67800032,0.04991934,705.55110260,0.01998508,0.01998508,33027,101,0
6051.31720319,6051.31677447,1701.53141463,1701.54746821,0.04135556,705.68348331,0.01998508,0.01998508,33026,101,0
6051.50010314,6051.50002725,1708.39614971,1708.39899374,0.04459124,705.81464574,0.01998508,0.01998508,33025,101,0
6051.68360111,6051.68329113,1715.26691414,1715.27854045,0.04599274,705.94546785,0.01998508,0.01998508,33024,101,0
6051.86756988,6051.86656611,1722.14354831,1722.18122522,0.06436947,706.07584699,0.01998508,0.01998508,33023,101,0
6052.04952833,6052.04985220,1729.02598490,1729.01381876,0.01415025,706.20403123,0.01998508,0.01998508,33022,101,0
6052.23263967,6052.23314938,1735.91435601,1735.89519296,0.06978178,706.33225475,0.01998508,0.01998508,33021,101,0
6052.41657752,6052.41645768,1742.80882024,1742.81332959,0.05182463,706.46027723,0.01998508,0.01998508,33020,101,0
6052.59938053,6052.59977707,1749.70953705,1749.69460373,0.04509902,706.58673625,0.01998508,0.01998508,33019,101,0
6052.78330727,6052.78310757,1756.61666638,1756.62419371,0.03915762,706.71319495,0.01998508,0.01998508,33018,101,0
6052.96649969,6052.96644918,1763.53030886,1763.53221442,0.05577444,706.83837284,0.01998508,0.01998508,33017,101,0
6053.14987027,6053.14980189,1770.45044000,1770.45302199,0.04388941,706.96289418,0.01998508,0.01998508,33016,101,0
6053.33337539,6053.33316571,1777.37701938,1777.38494351,0.03540613,707.08672426,0.01998508,0.01998508,33015,101,0
6053.51674534,6053.51654065,1784.31000633,1784.31774847,0.03826712,707.20967801,0.01998508,0.01998508,33014,101,0
6053.70016195,6053.69992669,1791.24935998,1791.25826587,0.05507027,707.33187490,0.01998508,0.01998508,33013,101,0
6053.88312884,6053.88332384,1798.19504175,1798.18765343,0.06456638,707.45298382,0.01998508,0.01998508,33012,101,0
6054.06713445,6054.06673211,1805.14701774,1805.16227473,0.06267017,707.57398330,0.01998508,0.01998508,33011,101,0
6054.25072897,6054.25015149,1812.10525439,1812.12717103,0.06178843,707.69391300,0.01998508,0.01998508,33010,101,0
6054.43376443,6054.43358199,1819.06971794,1819.07664760,0.06132806,707.81267973,0.01998508,0.01998508,33009,101,0
6054.61669954,6054.61702360,1826.04037508,1826.02805586,0.06815497,707.93058265,0.01998508,0.01998508,33008,101,0
6054.80069249,6054.80047633,1833.01724005,1833.02546427,0.07641192,708.04835991,0.01998508,0.01998508,33007,101,0
6054.98411382,6054.98394017,1840.00040600,1840.00701829,0.06850024,708.16496454,0.01998508,0.01998508,33006,101,0
6055.16757056,6055.16741514,1846.98997401,1846.99589768,0.07116782,708.28078536,0.01998508,0.01998508,33005,101,0
6055.35094365,6055.35090122,1853.98604567,1853.98766440,0.01710303,708.39574682,0.01998508,0.01998508,33004,101,0
6055.53390933,6055.53439842,1860.98872323,1860.97004991,0.06795121,708.50964848,0.01998508,0.01998508,33003,101,0
6055.71784731,6055.71790675,1867.99811247,1867.99584112,0.06923427,708.62334478,0.01998508,0.01998508,33002,101,0
6055.90196070,6055.90142620,1875.01432385,1875.03476826,0.06686664,708.73633486,0.01998508,0.01998508,33001,101,0
6056.08705561,6056.08495677,0.00000000,1882.12694515,0.05758103,708.84924958,0.01998509,0.01998508,33000,101,1
6056.26870661,6056.26849847,1889.06765889,1889.07563535,0.05632635,708.95897436,0.01998508,0.01998508,32999,101,0
6056.45257680,6056.45205129,1896.10499921,1896.12515656,0.06180966,709.06937549,0.01998508,0.01998508,32998,101,0
6056.63622887,6056.63561524,1903.14940208,1903.17296155,0.05221532,709.17882766,0.01998508,0.01998508,32997,101,0
6056.81961281,6056.81919032,1910.20057917,1910.21681430,0.05691719,709.28729724,0.01998508,0.01998508,32996,101,0
6057.00320777,6057.00277652,1917.25823116,1917.27481677,0.04150614,709.39506099,0.01998508,0.01998508,32995,101,0
6057.18590155,6057.18637386,1924.32205702,1924.30387799,0.04696323,709.50146389,0.01998508,0.01998508,32994,101,0
6057.36970593,6057.36998232,1931.39178036,1931.38113384,0.04191983,709.60766981,0.01998508,0.01998508,32993,101,0
6057.55339456,6057.55360192,1938.46750638,1938.45951232,0.03957263,709.71296266,0.01998508,0.01998508,32992,101,0
6057.73807766,6057.73723265,1945.54963031,1945.58223446,0.03565623,709.81797639,0.01998508,0.01998508,32991,101,0
6057.92092977,6057.92087452,1952.63855670,1952.64069041,0.03822723,709.92111364,0.01998508,0.01998508,32990,101,0
6058.10369278,6058.10452752,1959.73469245,1959.70242307,0.04877175,710.02337337,0.01998508,0.01998508,32989,101,0
6058.28831177,6058.28819165,1966.83839059,1966.84303865,0.05274702,710.12583420,0.01998508,0.01998508,32988,101,0
6058.47149868,6058.47186692,1973.94952005,1973.93525640,0.07384107,710.22666376,0.01998508,0.01998508,32987,101,0
6058.65615647,6058.65555334,1981.06769970,1981.09108269,0.05998590,710.32745143,0.01998508,0.01998508,32986,101,0
6058.83935272,6058.83925088,1988.19254418,1988.19649550,0.04679589,710.42658861,0.01998508,0.01998508,32985,101,0
6059.02346889,6059.02295957,1995.32366587,1995.34344412,0.03782715,710.52535998,0.01998508,0.01998508,32984,101,0
6059.20662780,6059.20667940,2002.46075235,2002.45874696,0.04536101,710.62275221,0.01998508,0.01998508,32983,101,0
6059.39029361,6059.39041038,2009.60388573,2009.59934415,0.04311912,710.71954594,0.01998508,0.01998508,32982,101,0
6059.57427241,6059.57415249,2016.75327496,2016.75794283,0.04530939,710.81563372,0.01998508,0.01998508,32981,101,0
6059.75779748,6059.75790575,2023.90913023,2023.90491210,0.05663986,710.91061654,0.01998508,0.01998508,32980,101,0
6059.94209436,6059.94167015,2031.07166298,2031.08820451,0.05992125,711.00512677,0.01998508,0.01998508,32979,101,0
6060.12547847,6060.12544570,2038.24109070,2038.24236980,0.04160326,711.09830185,0.01998508,0.01998508,32978,101,0
6060.30920188,6060.30923240,2045.41764626,2045.41645402,0.03991651,711.19078239,0.01998508,0.01998508,32977,101,0
6060.49217397,6060.49303024,2052.60156644,2052.56808189,0.04521019,711.28202264,0.01998508,0.01998508,32976,101,0
6060.67646707,6060.67683924,2059.79308939,2059.77852095,0.05031266,711.37305215,0.01998508,0.01998508,32975,101,0
6060.86010992,6060.86065938,2066.99245235,2066.97092119,0.05963481,711.46289256,0.01998508,0.01998508,32974,101,0
6061.04514224,6061.04449068,2074.19974182,2074.22530006,0.04225120,711.55253453,0.01998508,0.01998508,32973,101,0
6061.22837016,6061.22833312,2081.41479995,2081.41625431,0.02877307,711.64042875,0.01998508,0.01998508,32972,101,0
6061.41238061,6061.41218672,2088.63744579,2088.64506626,0.02934793,711.72781833,0.01998508,0.01998508,32971,101,0
6061.59526104,6061.59605148,2095.86749725,2095.83640067,0.05256235,711.81379247,0.01998508,0.01998508,32970,101,0
6061.77970205,6061.77992739,2103.10477574,2103.09590261,0.05915596,711.89960800,0.01998508,0.01998508,32969,101,0
6061.96382134,6061.96381445,2110.34918440,2110.34945571,0.04098495,711.98437626,0.01998508,0.01998508,32968,101,0
6062.14730953,6062.14771267,2117.60069786,2117.58479381,0.04453067,712.06795877,0.01998508,0.01998508,32967,101,0
6062.33117513,6062.33162205,2124.85929296,2124.84164575,0.05232777,712.15081381,0.01998508,0.01998508,32966,101,0
6062.51529342,6062.51554259,2132.12494639,2132.11509864,0.05978233,712.23287759,0.01998508,0.01998508,32965,101,0
6062.69963634,6062.69947429,2139.39765293,2139.40406330,0.03601666,712.31413134,0.01998508,0.01998508,32964,101,0
6062.88327933,6062.88341716,2146.67753818,2146.67208077,0.03687075,712.39416971,0.01998508,0.01998508,32963,101,0
6063.06710933,6063.06737118,2153.96478547,2153.95440755,0.06454341,712.47338232,0.01998508,0.01998508,32962,101,0
6063.25098596,6063.25133637,2161.25957946,2161.24567784,0.04860022,712.55170609,0.01998508,0.01998508,32961,101,0
6063.43577572,6063.43531272,2168.56210586,2168.58049295,0.03178543,712.62950204,0.01998508,0.01998508,32960,101,0
6063.61930048,6063.61930023,2175.87248930,2175.87249901,0.05987002,712.70585412,0.01998508,0.01998508,32959,101,0
6063.80316192,6063.80329892,2183.19066450,2183.18521314,0.04197518,712.78143190,0.01998508,0.01998508,32958,101,0
6063.98676082,6063.98730877,2190.51652928,2190.49470370,0.03369559,712.85598448,0.01998508,0.01998508,32957,101,0
6064.17174225,6064.17132978,2197.84998085,2197.86642608,0.05202632,712.93016743,0.01998508,0.01998508,32956,101,0
6064.35545938,6064.35536197,2205.19091556,2205.19480288,0.04070151,713.00291445,0.01998508,0.01998508,32955,101,0
6064.53977532,6064.53940533,2212.53922219,2212.55400178,0.03945716,713.07496435,0.01998508,0.01998508,32954,101,0
6064.72366612,6064.72345986,2219.89477956,2219.90302621,0.06804541,713.14591153,0.01998508,0.01998508,32953,101,0
6064.90797147,6064.90752556,2227.25746507,2227.27530980,0.03932441,713.21607608,0.01998509,0.01998508,32952,101,0
6065.09162315,6065.09160244,2234.62715535,2234.62798524,0.04279932,713.28504928,0.01998508,0.01998508,32951,101,0
6065.27567067,6065.27569048,2242.00375077,2242.00295642,0.05818847,713.35322365,0.01998508,0.01998508,32950,101,0
6065.45943539,6065.45978971,2249.38739141,2249.37317425,0.04117797,713.42034556,0.01998508,0.01998508,32949,101,0
6065.64336344,6065.64390011,2256.77835450,2256.75680021,0.04311126,713.48657863,0.01998508,0.01998508,32948,101,0
6065.82780447,6065.82802169,2264.17692048,2264.16818760,0.06332718,713.55204315,0.01998508,0.01998508,32947,101,0
6066.01163223,6066.01215445,2271.58337154,2271.56235548,0.02339030,713.61633964,0.01998508,0.01998508,32946,101,0
6066.19655622,6066.19629838,2278.99792535,2279.00831233,0.05980289,713.68006102,0.01998508,0.01998508,32945,101,0
6066.38062502,6066.38045350,2286.42058035,2286.42749707,0.03927098,713.74252981,0.01998508,0.01998508,32944,101,0
6066.56475518,6066.56461980,2293.85128905,2293.85675427,0.05360242,713.80405971,0.01998508,0.01998508,32943,101,0
6066.74886816,6066.74879728,2301.29000366,2301.29286797,0.04354673,713.86462057,0.01998508,0.01998508,32942,101,0
6066.93286144,6066.93298595,2308.73667460,2308.73163818,0.03809205,713.92417622,0.01998508,0.01998508,32941,101,0
6067.11730412,6067.11718580,2316.19120468,2316.19599567,0.06611630,713.98290439,0.01998508,0.01998508,32940,101,0
6067.30203868,6067.30139683,2323.65343933,2323.67945239,0.03673672,714.04074476,0.01998509,0.01998508,32939,101,0
6067.48561142,6067.48561905,2331.12321961,2331.12290993,0.06015247,714.09724489,0.01998508,0.01998508,32938,101,0
6067.66954839,6067.66985246,2338.60038556,2338.58803881,0.02747380,714.15287671,0.01998508,0.01998508,32937,101,0
6067.85370253,6067.85409706,2346.08482905,2346.06879470,0.05011362,714.20758742,0.01998508,0.01998508,32936,101,0
6068.03758184,6068.03835285,2353.57680625,2353.54544127,0.04130845,714.26123028,0.01998508,0.01998508,32935,101,0
6068.22270148,6068.22261983,2361.07672891,2361.08005386,0.05404522,714.31423944,0.01998508,0.01998508,32934,101,0
6068.40680537,6068.40689800,2368.58501192,2368.58123562,0.02260769,714.36596674,0.01998508,0.01998508,32933,101,0
6068.59048385,6068.59118736,2376.10207122,2376.07335888,0.04780277,714.41658915,0.01998508,0.01998508,32932,101,0
6068.77544226,6068.77548792,2383.62810121,2383.62623573,0.02472311,714.46656754,0.01998508,0.01998508,32931,101,0
6068.95960831,6068.95979967,2391.16284414,2391.15501699,0.04669807,714.51533279,0.01998508,0.01998508,32930,101,0
6069.14449754,6069.14412262,2398.70598588,2398.72133676,0.06171552,714.56328129,0.01998509,0.01998508,32929,101,0
6069.32900360,6069.32845676,2406.25721023,2406.27962225,0.02556124,714.61011803,0.01998509,0.01998508,32928,101,0
6069.51268378,6069.51280211,2413.81622042,2413.81136598,0.04148176,714.65573560,0.01998508,0.01998508,32927,101,0
6069.69686082,6069.69715865,2421.38296331,2421.37073336,0.06869154,714.70046183,0.01998508,0.01998508,32926,101,0
6069.88191411,6069.88152639,2428.95754181,2428.97347893,0.04766433,714.74437500,0.01998509,0.01998508,32925,101,0
6070.06530758,6070.06590533,2436.54006199,2436.51546758,0.02791262,714.78687727,0.01998508,0.01998508,32924,101,0
6070.24963968,6070.25029548,2444.13063065,2444.10362058,0.05315663,714.82857429,0.01998508,0.01998509,32923,101,0
6070.43518693,6070.43469682,2451.72940336,2451.74961020,0.06141506,714.86950820,0.01998509,0.01998509,32922,101,0
6070.61882555,6070.61910937,2459.33666764,2459.32495322,0.03062264,714.90899387,0.01998508,0.01998509,32921,101,0
6070.80387343,6070.80353313,2466.95273495,2466.96679602,0.05756061,714.94774703,0.01998509,0.01998509,32920,101,0
6070.98797046,6070.98796809,2474.57791874,2474.57801664,0.02306157,714.98526757,0.01998508,0.01998509,32919,101,0
6071.17162364,6071.17241426,2482.21250240,2482.17975794,0.05175677,715.02166822,0.01998508,0.01998509,32918,101,0
6071.35728907,6071.35687164,2489.85631121,2489.87361865,0.05873628,715.05741791,0.01998509,0.01998509,32917,101,0
6071.54103656,6071.54134023,2497.50882544,2497.49622161,0.02771500,715.09175308,0.01998508,0.01998509,32916,101,0
6071.72545632,6071.72582002,2505.16951361,2505.15440350,0.05255201,715.12516255,0.01998508,0.01998509,32915,101,0
6071.90978887,6071.91031103,2512.83784090,2512.81612792,0.05085266,715.15749826,0.01998508,0.01998509,32914,101,0
6072.09497706,6072.09481325,2520.51349143,2520.52030935,0.02916744,715.18891460,0.01998509,0.01998509,32913,101,0
6072.27942938,6072.27932668,2528.19678086,2528.20105937,0.05452795,715.21913882,0.01998509,0.01998509,32912,101,0
6072.46393477,6072.46385133,2535.88813892,2535.89161863,0.04897421,715.24830464,0.01998509,0.01998509,32911,101,0
6072.64767430,6072.64838719,2543.58799822,2543.55823657,0.02254300,715.27628710,0.01998508,0.01998509,32910,101,0
6072.83289805,6072.83293427,2551.29676856,2551.29525474,0.05777338,715.30342057,0.01998509,0.01998509,32909,101,0
6073.01713156,6073.01749257,2559.01453342,2558.99942861,0.04623911,715.32933493,0.01998508,0.01998509,32908,101,0
6073.20205723,6073.20206208,2566.74114922,2566.74094618,0.05085343,715.35426530,0.01998509,0.01998509,32907,101,0
6073.38707979,6073.38664282,2574.47646681,2574.49478902,0.03108602,715.37812042,0.01998509,0.01998509,32906,101,0
6073.57097738,6073.57123477,2582.22033630,2582.20953310,0.04912738,715.40074784,0.01998509,0.01998509,32905,101,0
6073.75553332,6073.75583795,2589.97268281,2589.95988336,0.04868935,715.42236744,0.01998509,0.01998509,32904,101,0
6073.94040782,6073.94045234,2597.73360611,2597.73173347,0.05733677,715.44292755,0.01998509,0.01998509,32903,101,0
6074.12510582,6074.12507796,2605.50323120,2605.50440397,0.02979042,715.46236864,0.01998509,0.01998509,32902,101,0
6074.30986319,6074.30971481,2613.28168387,2613.28793829,0.06264936,715.48071329,0.01998509,0.01998509,32901,101,0
6074.49427926,6074.49436288,2621.06909186,2621.06556337,0.03671355,715.49792092,0.01998509,0.01998509,32900,101,0
6074.67920864,6074.67902218,2628.86559297,2628.87346974,0.04462375,715.51406630,0.01998509,0.01998509,32899,101,0
6074.86430299,6074.86369270,2636.67133058,2636.69714106,0.05064779,715.52910942,0.01998509,0.01998509,32898,101,0
6075.04817748,6075.04837446,2644.48644903,2644.47810869,0.02084912,715.54294370,0.01998508,0.01998509,32897,101,0
6075.23265259,6075.23306744,2652.31109168,2652.29350614,0.05187305,715.55570808,0.01998508,0.01998509,32896,101,0
6075.41759577,6075.41777165,2660.14530044,2660.13783598,0.04701171,715.56737982,0.01998509,0.01998509,32895,101,0
6075.60247625,6075.60248710,2667.98896654,2667.98850558,0.04726761,715.57791759,0.01998509,0.01998509,32894,101,0
6075.78766399,6075.78721378,2675.84196831,2675.86111834,0.03722434,715.58733615,0.01998509,0.01998509,32893,101,0
6075.97256508,6075.97195169,2683.70418320,2683.73030262,0.04505615,715.59560111,0.01998509,0.01998509,32892,101,0
6076.15768955,6076.15670084,2691.57552981,2691.61767802,0.06470481,715.60273192,0.01998509,0.01998509,32891,101,0
6076.34106572,6076.34146122,2699.45611139,2699.43923287,0.02267786,715.60866306,0.01998508,0.01998509,32890,101,0
6076.52598459,6076.52623284,2707.34608294,2707.33547659,0.05308597,715.61349914,0.01998509,0.01998509,32889,101,0
6076.71095723,6076.71101569,2715.24560051,2715.24309961,0.04384231,715.61718251,0.01998509,0.01998509,32888,101,0
6076.89581149,6076.89580979,2723.15480552,2723.15487851,0.03878235,715.61970639,0.01998509,0.01998509,32887,101,0
6077.08028498,6077.08061513,2731.07361126,2731.05945678,0.03703536,715.62106783,0.01998509,0.01998509,32886,101,0
6077.26532169,6077.26543170,2739.00175648,2738.99703461,0.04403677,715.62126807,0.01998509,0.01998509,32885,101,0
6077.45015693,6077.45025952,2746.93897371,2746.93456558,0.03597503,715.62029900,0.01998509,0.01998509,32884,101,0
6077.63508044,6077.63509858,2754.88499554,2754.88421517,0.04215992,715.61815647,0.01998509,0.01998509,32883,101,0
6077.81941857,6077.81994889,2762.83976503,2762.81693173,0.04134738,715.61484938,0.01998509,0.01998509,32882,101,0
6078.00523361,6078.00481043,2770.80362000,2770.82186044,0.05382785,715.61032830,0.01998509,0.01998509,32881,101,0
6078.18963239,6078.18968323,2778.77694376,2778.77474990,0.03710079,715.60465895,0.01998509,0.01998509,32880,101,0
6078.37477251,6078.37456727,2786.76012235,2786.76898973,0.04968474,715.59777712,0.01998509,0.01998509,32879,101,0
6078.55977764,6078.55946256,2794.75347600,2794.76710575,0.04283310,715.58970502,0.01998509,0.01998509,32878,101,0
6078.74418325,6078.74436910,2802.75700680,2802.74895727,0.04503324,715.58046574,0.01998509,0.01998509,32877,101,0
6078.93009959,6078.92928689,2810.77062329,2810.80586327,0.04073675,715.56994047,0.01998509,0.01998509,32876,101,0
6079.11438161,6079.11421593,2818.79423324,2818.80142584,0.03909577,715.55830432,0.01998509,0.01998509,32875,101,0
6079.29933207,6079.29915623,2826.82774747,2826.83539042,0.04578456,715.54541728,0.01998509,0.01998509,32874,101,0
6079.48398975,6079.48410777,2834.87112185,2834.86598621,0.04276173,715.53133851,0.01998509,0.01998509,32873,101,0
6079.66944266,6079.66907057,2842.92434249,2842.94055239,0.03730583,715.51597593,0.01998509,0.01998509,32872,101,0
6079.85455694,6079.85404463,2850.98739593,2851.00974042,0.03487590,715.49941477,0.01998509,0.01998509,32871,101,0
6080.03910601,6080.03902994,2859.06026752,2859.06358900,0.04286306,715.48168014,0.01998509,0.01998509,32870,101,0
6080.22482627,6080.22402651,2867.14289843,2867.17786051,0.04551527,715.46259507,0.01998509,0.01998509,32869,101,0
6080.40858905,6080.40903434,2875.23516900,2875.21568129,0.04897633,715.44248508,0.01998509,0.01998509,32868,101,0
6080.59407868,6080.59405343,2883.33695428,2883.33806067,0.05177614,715.42094552,0.01998509,0.01998509,32867,101,0
6080.77842391,6080.77908377,2891.44812853,2891.41918660,0.05936066,715.39830029,0.01998509,0.01998509,32866,101,0
6080.96413169,6080.96412538,2899.56868840,2899.56896531,0.05929870,715.37423521,0.01998509,0.01998509,32865,101,0
6081.14966000,6081.14917825,2907.69896681,2907.72014461,0.04852146,715.34893302,0.01998509,0.01998509,32864,101,0
6081.33346640,6081.33424239,2915.83935590,2915.80520221,0.03484468,715.32261796,0.01998509,0.01998509,32863,101,0
6081.51983781,6081.51931779,2923.99025070,2924.01316768,0.03335678,715.29466191,0.01998509,0.01998509,32862,101,0
6081.70425784,6081.70440445,2932.15196624,2932.14549712,0.03035322,715.26573037,0.01998509,0.01998509,32861,101,0
6081.88911953,6081.88950238,2940.32437326,2940.30745918,0.04451526,715.23545932,0.01998509,0.01998509,32860,101,0
6082.07459128,6082.07461158,2948.50719183,2948.50629375,0.06467070,715.20380678,0.01998509,0.01998509,32859,101,0
6082.25964868,6082.25973205,2956.70013969,2956.69644812,0.04191275,715.17094219,0.01998509,0.01998509,32858,101,0
6082.44610167,6082.44486378,2964.90296778,2964.95784757,0.03312031,715.13653053,0.01998509,0.01998509,32857,101,0
6082.63051315,6082.63000679,2973.11579560,2973.13827066,0.03758041,715.10120807,0.01998509,0.01998509,32856,101,0
6082.81523023,6082.81516107,2981.33896479,2981.34203809,0.06027629,715.06453756,0.01998509,0.01998509,32855,101,0
6082.99980464,6083.00032662,2989.57282252,2989.54959674,0.06117690,715.02660019,0.01998509,0.01998509,32854,101,0
6083.18482783,6083.18550345,2997.81770809,2997.78760732,0.03248150,714.98726491,0.01998509,0.01998509,32853,101,0
6083.37079670,6083.37069155,3006.07373658,3006.07842773,0.03619423,714.94640585,0.01998509,0.01998509,32852,101,0
6083.55576837,6083.55589092,3014.34080411,3014.33533015,0.05947176,714.90444607,0.01998509,0.01998509,32851,101,0
6083.74201288,6083.74110158,3022.61879688,3022.65955302,0.05692973,714.86086341,0.01998509,0.01998509,32850,101,0
6083.92625492,6083.92632351,3030.90760235,3030.90453120,0.03928837,714.81642796,0.01998509,0.01998509,32849,101,0
6084.11164750,6084.11155672,3039.20722237,3039.21129250,0.04507736,714.77038370,0.01998509,0.01998509,32848,101,0
6084.29667959,6084.29680121,3047.51782941,3047.51237008,0.04836985,714.72309167,0.01998509,0.01998509,32847,101,0
6084.48253572,6084.48205698,3055.83961098,3055.86113024,0.04086685,714.67423810,0.01998509,0.01998509,32846,101,0
6084.66740379,6084.66732403,3064.17275492,3064.17634506,0.03974611,714.62429504,0.01998509,0.01998509,32845,101,0
6084.85219759,6084.85260236,3072.51725386,3072.49901227,0.05974200,714.57302229,0.01998509,0.01998509,32844,101,0
6085.03752992,6085.03789198,3080.87267591,3080.85633908,0.03407743,714.52024248,0.01998509,0.01998509,32843,101,0
6085.22362385,6085.22319289,3089.23853043,3089.25799836,0.05098356,714.46587612,0.01998509,0.01998509,32842,101,0
6085.40818775,6085.40850508,3097.61432305,3097.59997272,0.05775902,714.41059989,0.01998509,0.01998509,32841,101,0
6085.59363520,6085.59382856,3105.99981849,3105.99106462,0.04162072,714.35369529,0.01998509,0.01998509,32840,101,0
6085.77949516,6085.77916332,3114.39557220,3114.41061367,0.05450419,714.29528433,0.01998509,0.01998509,32839,101,0
6085.96379567,6085.96450938,3122.80229268,3122.76990003,0.04474357,714.23598993,0.01998509,0.01998509,32838,101,0
6086.15055130,6086.14986672,3131.22069404,3131.25180743,0.04687941,714.17450023,0.01998509,0.01998509,32837,101,0
6086.33550363,6086.33523536,3139.65131465,3139.66352439,0.04604906,714.11220075,0.01998509,0.01998509,32836,101,0
6086.52111171,6086.52061529,3148.09397366,3148.11659726,0.05394582,714.04827213,0.01998509,0.01998509,32835,101,0
6086.70616707,6086.70600651,3156.54830831,3156.55563524,0.05755185,713.98312684,0.01998509,0.01998509,32834,101,0
6086.89180152,6086.89140902,3165.01395283,3165.03188592,0.04531540,713.91636384,0.01998509,0.01998509,32833,101,0
6087.07679351,6087.07682284,3173.49062603,3173.48928440,0.05445421,713.84842039,0.01998509,0.01998509,32832,101,0
6087.26243887,6087.26224795,3181.97847838,3181.98722341,0.03528402,713.77881423,0.01998509,0.01998509,32831,101,0
6087.44733438,6087.44768435,3190.47779567,3190.46174435,0.04396414,713.70806522,0.01998509,0.01998509,32830,101,0
6087.63319434,6087.63313205,3198.98886601,3198.99172663,0.03014111,713.63550724,0.01998509,0.01998509,32829,101,0
6087.81836245,6087.81859106,3207.51192133,3207.50140837,0.05929285,713.56177641,0.01998509,0.01998509,32828,101,0
6088.00478839,6088.00406136,3216.04685825,3216.08033658,0.03445613,713.48608525,0.01998509,0.01998509,32827,101,0
6088.18867414,6088.18954297,3224.59345185,3224.55339227,0.05216911,713.40998749,0.01998509,0.01998509,32826,101,0
6088.37522451,6088.37503588,3233.15147512,3233.16018351,0.06631230,713.33132454,0.01998509,0.01998509,32825,101,0
6088.56063801,6088.56054009,3241.72075505,3241.72528124,0.03611406,713.25167786,0.01998509,0.01998509,32824,101,0
6088.74602527,6088.74605561,3250.30146849,3250.30006433,0.05764419,713.17057733,0.01998509,0.01998509,32823,101,0
6088.93180194,6088.93158243,3258.89392979,3258.90410278,0.03519460,713.08782855,0.01998509,0.01998509,32822,101,0
6089.11714271,6089.11712056,3267.49845614,3267.49948407,0.05525068,713.00379122,0.01998509,0.01998509,32821,101,0
6089.30254560,6089.30266999,3276.11532925,3276.10954861,0.05520242,712.91823569,0.01998509,0.01998509,32820,101,0
6089.48861361,6089.48823074,3284.74459011,3284.76240725,0.04022017,712.83086883,0.01998509,0.01998509,32819,101,0
6089.67346832,6089.67380280,3293.38618441,3293.37059821,0.04834120,712.74257420,0.01998509,0.01998509,32818,101,0
6089.85958068,6089.85938616,3302.04005709,3302.04913371,0.02505565,712.65216593,0.01998509,0.01998509,32817,101,0
6090.04491198,6090.04498084,3310.70615511,3310.70293772,0.05938807,712.56062348,0.01998509,0.01998509,32816,101,0
6090.23169831,6090.23058683,3319.38444057,3319.43644430,0.05224572,712.46682882,0.01998509,0.01998509,32815,101,0
6090.41588717,6090.41620414,3328.07488102,3328.06003081,0.03037846,712.37282574,0.01998509,0.01998509,32814,101,0
6090.60203649,6090.60183276,3336.77744368,3336.78700149,0.05796508,712.27629063,0.01998509,0.01998509,32813,101,0
6090.78718452,6090.78747269,3345.49214234,3345.47860517,0.06289426,712.17874190,0.01998509,0.01998509,32812,101,0
6090.97286722,6090.97312395,3354.21924300,3354.20716641,0.04418906,712.07936743,0.01998509,0.01998509,32811,101,0
6091.15856103,6091.15878652,3362.95909814,3362.94847606,0.05910902,711.97843078,0.01998509,0.01998509,32810,101,0
6091.34367657,6091.34446041,3371.71206328,3371.67508497,0.06382541,711.87624937,0.01998509,0.01998509,32809,101,0
6091.53051433,6091.53014562,3380.47840069,3380.49582029,0.04929570,711.77152956,0.01998509,0.01998509,32808,101,0
6091.71547853,6091.71584215,3389.25794582,3389.24074177,0.05016509,711.66628441,0.01998509,0.01998509,32807,101,0
6091.90191651,6091.90155001,3398.05041304,3398.06777717,0.05507048,711.55861172,0.01998509,0.01998509,32806,101,0
6092.08642089,6092.08726919,3406.85551412,3406.81526870,0.03414032,711.45048276,0.01998509,0.01998509,32805,101,0
6092.27337739,6092.27299969,3415.67304374,3415.69098715,0.04453629,711.33931731,0.01998509,0.01998509,32804,101,0
6092.45911672,6092.45874152,3424.50309147,3424.52094050,0.05708866,711.22727432,0.01998509,0.01998509,32803,101,0
6092.64493715,6092.64449467,3433.34581194,3433.36689050,0.05734864,711.11357742,0.01998509,0.01998509,32802,101,0
6092.83028126,6092.83025915,3442.20136108,3442.20241589,0.06074282,710.99856484,0.01998509,0.01998509,32801,101,0
6093.01525794,6093.01603496,3451.06990626,3451.03278656,0.03140600,710.88217181,0.01998509,0.01998509,32800,101,0
6093.20002896,6093.20182210,0.00000000,3459.87044939,0.06648368,710.76423375,0.01998509,0.01998509,32799,101,1
6093.38708601,6093.38762057,3468.84676892,3468.82115827,0.04844932,710.64330965,0.01998509,0.01998509,32798,101,0
6093.57328871,6093.57343037,3477.75548726,3477.74869023,0.04997687,710.52121760,0.01998509,0.01998509,32797,101,0
6093.75881027,6093.75925151,3486.67786643,3486.65666441,0.04154519,710.39791873,0.01998509,0.01998509,32796,101,0
6093.94557892,6093.94508398,3495.61373921,3495.63755595,0.05691865,710.27211977,0.01998509,0.01998509,32795,101,0
6094.13133065,6094.13092778,3504.56291224,3504.58232578,0.03155539,710.14533892,0.01998509,0.01998509,32794,101,0
6094.31746899,6094.31678292,3513.52519028,3513.55829701,0.03669345,710.01662319,0.01998510,0.01998509,32793,101,0
6094.50260772,6094.50264939,3522.50037378,3522.49836004,0.04066129,709.88693609,0.01998509,0.01998509,32792,101,0
6094.68823829,6094.68852720,3531.48825840,3531.47427921,0.04135980,709.75523662,0.01998509,0.01998509,32791,101,0
6094.87370671,6094.87441636,3540.48863767,3540.45425560,0.04156182,709.62198137,0.01998509,0.01998509,32790,101,0
6095.05975211,6095.06031685,3549.50135101,3549.47395359,0.03324895,709.48663017,0.01998509,0.01998509,32789,101,0
6095.24640083,6095.24622868,3558.52694132,3558.53530465,0.05605230,709.34913358,0.01998509,0.01998509,32788,101,0
6095.43214314,6095.43215186,3567.56649364,3567.56606952,0.03572709,709.21058498,0.01998509,0.01998509,32787,101,0
6095.61830238,6095.61808637,3576.62111644,3576.63164447,0.04130326,709.06998001,0.01998509,0.01998509,32786,101,0
6095.80478033,6095.80403223,3585.69173211,3585.72825571,0.04186095,708.92736058,0.01998510,0.01998509,32785,101,0
6095.99075577,6095.98998944,3594.77781502,3594.81528789,0.05515760,708.78335805,0.01998510,0.01998509,32784,101,0
6096.17617088,6096.17595799,3603.87817888,3603.88860399,0.01339257,708.63804386,0.01998509,0.01998509,32783,101,0
6096.36218135,6096.36193789,3612.99162306,3613.00356077,0.05747691,708.49052438,0.01998509,0.01998509,32782,101,0
6096.54863711,6096.54792914,3622.11740924,3622.15216998,0.05183959,708.34090978,0.01998510,0.01998509,32781,101,0
6096.73287240,6096.73393174,3631.25660182,3631.20451214,0.05483344,708.19134063,0.01998509,0.01998509,32780,101,0
6096.91916962,6096.91994569,3640.41070728,3640.37248379,0.04542358,708.03831090,0.01998509,0.01998509,32779,101,0
6097.10603056,6097.10597099,3649.58123838,3649.58417786,0.05506533,707.88298027,0.01998509,0.01998509,32778,101,0
6097.29292562,6097.29200764,3658.76881451,3658.81418915,0.04410668,707.72576125,0.01998510,0.01998509,32777,101,0
6097.47786255,6097.47805564,3667.97231794,3667.96275821,0.06084064,707.56836925,0.01998509,0.01998509,32776,101,0
6097.66418300,6097.66411500,3677.19042274,3677.19379410,0.05323697,707.40798410,0.01998509,0.01998509,32775,101,0
6097.84986765,6097.85018572,3686.42184499,3686.40605451,0.02618493,707.24634854,0.01998509,0.01998509,32774,101,0
6098.03686297,6098.03626779,3695.66646231,3695.69605226,0.04676406,707.08175402,0.01998510,0.01998509,32773,101,0
6098.22203429,6098.22236122,3704.92527954,3704.90900140,0.05980733,706.91694275,0.01998509,0.01998509,32772,101,0
6098.40817583,6098.40846600,3714.19935669,3714.18488478,0.05119124,706.74941420,0.01998509,0.01998509,32771,101,0
6098.59372170,6098.59458215,3723.48961068,3723.44662408,0.04150452,706.58054790,0.01998509,0.01998509,32770,101,0
6098.78054360,6098.78070966,3732.79582941,3732.78751982,0.05373404,706.40862591,0.01998509,0.01998509,32769,101,0
6098.96688952,6098.96684853,3742.11728633,3742.11934051,0.04472884,706.23525399,0.01998510,0.01998509,32768,101,0
6099.15263161,6099.15299876,3751.45324541,3751.43481876,0.04753953,706.06057375,0.01998509,0.01998509,32767,101,0
6099.33862505,6099.33916036,3760.80321337,3760.77630800,0.06197517,705.88378849,0.01998509,0.01998509,32766,101,0
6099.52553312,6099.52533332,3770.16742713,3770.17748436,0.04504102,705.70423858,0.01998510,0.01998509,32765,101,0
6099.71170473,6099.71151764,3779.54626013,3779.55569170,0.05612494,705.52349307,0.01998510,0.01998509,32764,101,0
6099.89833991,6099.89771334,3788.94008600,3788.97172224,0.04263123,705.34037641,0.01998510,0.01998509,32763,101,0
6100.08408071,6100.08392040,3798.34917163,3798.35727832,0.03877245,705.15621489,0.01998510,0.01998509,32762,101,0
6100.27098141,6100.27013883,3807.77365439,3807.81633095,0.05258393,704.96895713,0.01998510,0.01998510,32761,101,0
6100.45592703,6100.45636863,3817.21366510,3817.19126248,0.02405375,704.78172622,0.01998509,0.01998510,32760,101,0
6100.64274814,6100.64260980,3826.66932286,3826.67635204,0.04888308,704.59063528,0.01998510,0.01998510,32759,101,0
6100.82920874,6100.82886235,3836.14064650,3836.15827523,0.05353943,704.39793925,0.01998510,0.01998510,32758,101,0
6101.01477961,6101.01512626,3845.62760698,3845.60993714,0.03919201,704.20419758,0.01998509,0.01998510,32757,101,0
6101.20171883,6101.20140155,3855.13017501,3855.14637329,0.05630082,704.00703785,0.01998510,0.01998510,32756,101,0
6101.38771133,6101.38768822,3864.64852452,3864.64970634,0.03894768,703.80888343,0.01998509,0.01998510,32755,101,0
6101.57378850,6101.57398626,3874.18335112,3874.17322078,0.06161291,703.60862672,0.01998509,0.01998510,32754,101,0
6101.76053460,6101.76029568,3883.73543915,3883.74769944,0.03909079,703.40560154,0.01998510,0.01998510,32753,101,0
6101.94692101,6101.94661648,3893.30553084,3893.32118705,0.04875242,703.20089629,0.01998510,0.01998510,32752,101,0
6102.13310843,6102.13294866,3902.89344280,3902.90167120,0.05872558,702.99433858,0.01998510,0.01998510,32751,101,0
6102.31950902,6102.31929222,3912.49816213,3912.50934582,0.05769135,702.78548389,0.01998510,0.01998510,32750,101,0
6102.50518367,6102.50564716,3922.11863665,3922.09469136,0.07107027,702.57540739,0.01998509,0.01998510,32749,101,0
6102.69138990,6102.69201348,3931.75419294,3931.72192750,0.05441439,702.36269640,0.01998509,0.01998510,32748,101,0
6102.87815384,6102.87839119,3941.40589817,3941.39359629,0.03393802,702.14727159,0.01998509,0.01998510,32747,101,0
6103.06455228,6103.06478028,3951.07532019,3951.06348106,0.05759290,701.93015093,0.01998509,0.01998510,32746,101,0
6103.25094027,6103.25118075,3960.76400361,3960.75149154,0.05638734,701.71088296,0.01998509,0.01998510,32745,101,0
6103.43716925,6103.43759262,3970.47197508,3970.44990744,0.03056929,701.48963474,0.01998509,0.01998510,32744,101,0
6103.62392573,6103.62401587,3980.19726731,3980.19256143,0.06268851,701.26561966,0.01998510,0.01998510,32743,101,0
6103.80989630,6103.81045051,3989.93775876,3989.90878403,0.04952338,701.04045783,0.01998509,0.01998510,32742,101,0
6103.99689607,6103.99689654,3999.69180177,3999.69177751,0.05788807,700.81197845,0.01998510,0.01998510,32741,101,0
6104.18378438,6104.18335396,4009.46077010,4009.48333972,0.05703604,700.58152033,0.01998510,0.01998510,32740,101,0
6104.37024997,6104.36982277,4019.24720145,4019.26964333,0.04703662,700.34940801,0.01998510,0.01998510,32739,101,0
6104.55629419,6104.55630298,4029.05363322,4029.05317095,0.04187559,700.11558481,0.01998510,0.01998510,32738,101,0
6104.74292679,6104.74279457,4038.88096775,4038.88794198,0.04195215,699.87874643,0.01998510,0.01998510,32737,101,0
6104.93026733,6104.92929757,4048.72759754,4048.77884278,0.06339321,699.63874582,0.01998510,0.01998510,32736,101,0
6105.11617797,6105.11581196,4058.59168744,4058.61105981,0.04375493,699.39836958,0.01998510,0.01998510,32735,101,0
6105.30256077,6105.30233775,4068.47165524,4068.48347725,0.05295642,699.15520530,0.01998510,0.01998510,32734,101,0
6105.48856937,6105.48887493,4078.36764692,4078.35142325,0.06335385,698.91034346,0.01998510,0.01998510,32733,101,0
6105.67517081,6105.67542352,4088.28049707,4088.26705718,0.04553751,698.66247789,0.01998510,0.01998510,32732,101,0
nan,nan,0.00000000,-1.00000000,0.00000000,692.21181766,nan,0.00000000,-2147483648,100,1
6061.59730170,6061.59605148,10.70940504,10.74799279,0.01838148,692.50439446,0.01998509,0.01998508,32970,100,0
6061.78048204,6061.77992739,16.38628780,16.40341662,0.11079036,692.79165102,0.01998508,0.01998508,32969,100,0
6062.02900266,nan,0.00000000,24.09048316,0.06617768,693.18113352,0.01998530,0.01998508,32968,100,1
6062.33352130,6062.33162205,33.43854027,33.49729547,0.11991172,693.65623415,0.01998509,0.01998508,32966,100,0
6062.51580117,6062.51554259,39.12996650,39.13797035,0.07011893,693.94032169,0.01998508,0.01998508,32965,100,0
6062.69530209,6062.69947429,0.00000000,44.70155388,0.08999805,694.21993878,0.01998507,0.01998508,32964,100,1
6062.87945878,6062.88341716,0.00000000,50.40547466,0.10758387,694.50600301,0.01998507,0.01998508,32963,100,1
6063.06237515,6063.06737118,0.00000000,56.07411199,0.11062027,694.78968989,0.01998507,0.01998508,32962,100,1
6063.25927454,nan,0.00000000,62.17958364,0.11927350,695.09456044,0.01998511,0.01998508,32961,100,1
6063.43341265,6063.43531272,67.63912205,67.58015347,0.06649461,695.36364668,0.01998508,0.01998508,32960,100,0
6063.61830403,6063.61930023,73.35052328,73.31959148,0.12564664,695.64901455,0.01998508,0.01998508,32959,100,0
6063.81026663,nan,0.00000000,79.28411501,0.10574957,695.94491586,0.01998511,0.01998508,32958,100,1
6063.98248157,6063.98730877,0.00000000,84.63606841,0.05303018,696.20985667,0.01998507,0.01998508,32957,100,1
6064.17470610,6064.17132978,0.00000000,90.61316865,0.13602217,696.50510640,0.01998509,0.01998508,32956,100,1
6064.35794289,6064.35536197,0.00000000,96.31405330,0.16504509,696.78608466,0.01998509,0.01998508,32955,100,1
6064.54097512,6064.53940533,101.95665733,102.00553090,0.05292291,697.06598841,0.01998509,0.01998508,32954,100,0
6064.72486122,6064.72345986,107.68869612,107.73235236,0.06192886,697.34701433,0.01998509,0.01998508,32953,100,0
6064.90680325,6064.90752556,113.42455408,113.40203875,0.03613686,697.62462787,0.01998508,0.01998508,32952,100,0
6065.08907043,6065.09160244,0.00000000,119.09270020,0.10689545,697.90265954,0.01998508,0.01998508,32951,100,1
6065.27506912,6065.27569048,124.90760181,124.88820998,0.05532063,698.18518688,0.01998508,0.01998508,32950,100,0
6065.46099995,6065.45978971,130.65472719,130.69251912,0.02919262,698.46750914,0.01998509,0.01998508,32949,100,0
6065.64472709,6065.64390011,136.40554378,136.43138245,0.06668433,698.74602432,0.01998509,0.01998508,32948,100,0
6065.83005549,6065.82802169,142.16001792,142.22359994,0.07904177,699.02649998,0.01998509,0.01998508,32947,100,0
6066.01417863,6066.01215445,0.00000000,147.98806788,0.09818731,699.30500473,0.01998509,0.01998508,32946,100,1
6066.19432867,6066.19629838,153.67975056,153.61810365,0.04545641,699.57641061,0.01998508,0.01998508,32945,100,0
6066.38128466,6066.38045350,159.44490416,159.47093154,0.13817238,699.85792394,0.01998509,0.01998508,32944,100,0
6066.56755818,6066.56461980,0.00000000,165.31200379,0.08224896,700.13822894,0.01998509,0.01998508,32943,100,1
6066.75353815,6066.74879728,0.00000000,171.14088985,0.13685125,700.41730896,0.01998510,0.01998508,32942,100,1
6066.93035539,6066.93298595,0.00000000,176.68571550,0.12395059,700.68219502,0.01998508,0.01998508,32941,100,1
6067.11607481,6067.11718580,182.53969639,182.50483250,0.09830531,700.95956221,0.01998508,0.01998508,32940,100,0
6067.30136173,6067.30139683,188.32206772,188.32096557,0.02510235,701.23615044,0.01998508,0.01998508,32939,100,0
6067.48771052,6067.48561905,0.00000000,194.18377937,0.06748619,701.51431440,0.01998509,0.01998508,32938,100,1
6067.67211726,6067.66985246,199.89805353,199.96925165,0.07641754,701.78817489,0.01998509,0.01998508,32937,100,0
6067.85115227,6067.85409706,0.00000000,205.61032100,0.05698557,702.05459362,0.01998507,0.01998508,32936,100,1
6068.03941827,6068.03835285,211.48991425,211.52345066,0.08551278,702.33321871,0.01998509,0.01998508,32935,100,0
6068.22329029,6068.22261983,217.29191914,217.31303654,0.07338206,702.60538524,0.01998509,0.01998508,32934,100,0
6068.40828913,6068.40689800,223.09781640,223.14165864,0.06132906,702.87875002,0.01998509,0.01998508,32933,100,0
6068.58844623,6068.59118736,0.00000000,228.83059175,0.04181064,703.14494720,0.01998508,0.01998508,32932,100,1
6068.77359935,6068.77548792,234.72073165,234.66114579,0.03603216,703.41713962,0.01998508,0.01998508,32931,100,0
6068.95630897,6068.95979967,0.00000000,240.43611013,0.08534730,703.68610678,0.01998507,0.01998508,32930,100,1
6069.14434777,6069.14412262,246.35756882,246.36467987,0.06658663,703.96157579,0.01998508,0.01998508,32929,100,0
6069.33025569,6069.32845676,252.18107615,252.23792349,0.05214799,704.23382254,0.01998509,0.01998508,32928,100,0
6069.51399143,6069.51280211,258.00810102,258.04570531,0.02901198,704.50239724,0.01998509,0.01998508,32927,100,0
6069.69889736,6069.69715865,263.83875290,263.89375902,0.10461141,704.77219364,0.01998509,0.01998508,32926,100,0
6069.88074203,6069.88152639,269.67314167,269.64831290,0.04128975,705.03704902,0.01998508,0.01998508,32925,100,0
6070.06487446,6070.06590533,275.51137764,275.47872599,0.04674054,705.30476115,0.01998508,0.01998508,32924,100,0
6070.25298403,6070.25029548,0.00000000,281.45176982,0.03483342,705.57835995,0.01998509,0.01998509,32923,100,1
6070.43677586,6070.43469682,0.00000000,287.27900468,0.06678030,705.84463384,0.01998509,0.01998509,32922,100,1
6070.61901025,6070.61910937,293.04976293,293.04661741,0.07484631,706.10755508,0.01998508,0.01998509,32921,100,0
6070.80397514,6070.80353313,298.90378109,298.91781580,0.05965297,706.37455645,0.01998509,0.01998509,32920,100,0
6070.98838095,6070.98796809,304.76173173,304.77484871,0.05215882,706.64026842,0.01998509,0.01998509,32919,100,0
6071.17120809,6071.17241426,310.62360737,310.58526264,0.03307997,706.90322875,0.01998508,0.01998509,32918,100,0
6071.35768469,6071.35687164,316.48940510,316.51526822,0.06269545,707.17094759,0.01998509,0.01998509,32917,100,0
6071.54157743,6071.54134023,322.35913627,322.36668626,0.05723314,707.43447113,0.01998509,0.01998509,32916,100,0
6071.72490173,6071.72582002,328.23281502,328.20356845,0.09350835,707.69669945,0.01998508,0.01998509,32915,100,0
6071.90981505,6071.91031103,334.11045554,334.09464955,0.04604995,707.96071405,0.01998508,0.01998509,32914,100,0
6072.09353474,6072.09481325,339.99207206,339.95130300,0.07036249,708.22253982,0.01998508,0.01998509,32913,100,0
6072.28020851,6072.27932668,345.87767875,345.90581593,0.04753588,708.48808028,0.01998509,0.01998509,32912,100,0
6072.46257121,6072.46385133,351.76726807,351.72639719,0.04865920,708.74700475,0.01998508,0.01998509,32911,100,0
6072.64661115,6072.64838719,357.66078780,357.60404939,0.04268062,709.00782265,0.01998508,0.01998509,32910,100,0
6072.83504373,6072.83293427,0.00000000,363.63226674,0.05347011,709.27464825,0.01998509,0.01998509,32909,100,1
6073.01680936,6073.01749257,369.45938655,369.43753473,0.06831586,709.53096084,0.01998508,0.01998509,32908,100,0
6073.20078017,6073.20206208,375.36434900,375.32332486,0.06611272,709.79018296,0.01998508,0.01998509,32907,100,0
6073.38551734,6073.38664282,381.27301007,381.23697222,0.06082803,710.04997728,0.01998508,0.01998509,32906,100,0
6073.56967748,6073.57123477,387.18536577,387.13547265,0.07044228,710.30845252,0.01998508,0.01998509,32905,100,0
6073.75391886,6073.75583795,393.10148246,393.03996232,0.03869510,710.56653646,0.01998508,0.01998509,32904,100,0
6073.94182174,6073.94045234,399.02143156,399.06535656,0.01491078,710.82923085,0.01998509,0.01998509,32903,100,0
6074.12504738,6074.12507796,404.94528478,404.94430317,0.05930933,711.08488402,0.01998509,0.01998509,32902,100,0
6074.30962453,6074.30971481,410.87311409,410.87021477,0.04770665,711.34192346,0.01998509,0.01998509,32901,100,0
6074.49397875,6074.49436288,416.80498898,416.79264480,0.07669772,711.59815384,0.01998509,0.01998509,32900,100,0
6074.67815218,6074.67902218,422.74093482,422.71295958,0.04876496,711.85363526,0.01998508,0.01998509,32899,100,0
6074.86317069,6074.86369270,428.68094144,428.66414548,0.04433027,712.10978645,0.01998509,0.01998509,32898,100,0
6075.04746592,6075.04837446,434.62499761,434.59574679,0.08741706,712.36443387,0.01998508,0.01998509,32897,100,0
6075.23295874,6075.23306744,440.57309205,440.56959031,0.08913026,712.62022803,0.01998509,0.01998509,32896,100,0
6075.41759249,6075.41777165,446.52521343,446.51943795,0.01324374,712.87432970,0.01998509,0.01998509,32895,100,0
6075.60044978,6075.60248710,452.48135161,452.41563850,0.08552190,713.12548557,0.01998508,0.01998509,32894,100,0
6075.78914490,6075.78721378,458.44150562,458.50383199,0.05466468,713.38413579,0.01998509,0.01998509,32893,100,0
6075.97273720,6075.97195169,464.40567872,464.43104627,0.05051595,713.63527955,0.01998509,0.01998509,32892,100,0
6076.15552517,6076.15670084,470.37387419,470.33588336,0.09101988,713.88482047,0.01998508,0.01998509,32891,100,0
6076.34159088,6076.34146122,476.34609530,476.35028770,0.04732495,714.13832004,0.01998509,0.01998509,32890,100,0
6076.52663427,6076.52623284,482.32234534,482.33533314,0.05893636,714.38990930,0.01998509,0.01998509,32889,100,0
6076.71020176,6076.71101569,488.30261227,488.27626225,0.06856835,714.63898030,0.01998509,0.01998509,32888,100,0
6076.89696767,6076.89580979,494.28682750,494.32433446,0.05069518,714.89186397,0.01998509,0.01998509,32887,100,0
6077.08143829,6077.08061513,500.27490920,500.30158904,0.04380817,715.14111333,0.01998509,0.01998509,32886,100,0
6077.26508211,6077.26543170,506.26677516,506.25543789,0.06636682,715.38872133,0.01998509,0.01998509,32885,100,0
6077.44974114,6077.45025952,512.26234288,512.24552291,0.05074502,715.63716628,0.01998509,0.01998509,32884,100,0
6077.63626597,6077.63509858,518.26153071,518.29943022,0.05746031,715.88757551,0.01998509,0.01998509,32883,100,0
6077.81900899,6077.81994889,524.26436730,524.23383630,0.08149644,716.13237561,0.01998509,0.01998509,32882,100,0
6078.00537251,6078.00481043,530.27107750,530.28934664,0.05484043,716.38149157,0.01998509,0.01998509,32881,100,0
6078.18693334,6078.18968323,0.00000000,536.18790294,0.09140372,716.62349048,0.01998508,0.01998509,32880,100,1
6078.37627244,6078.37456727,542.29710326,542.35260018,0.03989223,716.87571211,0.01998509,0.01998509,32879,100,0
6078.56190087,6078.55946256,0.00000000,548.39320160,0.05020810,717.12216635,0.01998510,0.01998509,32878,100,1
6078.74331861,6078.74436910,554.34157115,554.30733103,0.06449620,717.36279881,0.01998509,0.01998509,32877,100,0
6078.92814884,6078.92928689,560.37102955,560.33390912,0.08200124,717.60733303,0.01998508,0.01998509,32876,100,0
6079.11403944,6079.11421593,566.40500351,566.39924283,0.07301088,717.85275343,0.01998509,0.01998509,32875,100,0
6079.30155841,6079.29915623,0.00000000,572.51470140,0.09359379,718.09950494,0.01998510,0.01998509,32874,100,1
6079.48430279,6079.48410777,578.48532047,578.49169299,0.07616308,718.33999317,0.01998509,0.01998509,32873,100,0
6079.66922074,6079.66907057,584.53107157,584.53598112,0.02524594,718.58250930,0.01998509,0.01998509,32872,100,0
6079.85451224,6079.85404463,590.58021722,590.59551305,0.04799301,718.82495087,0.01998509,0.01998509,32871,100,0
6080.03877300,6080.03902994,596.63290364,596.62449433,0.09226030,719.06548832,0.01998509,0.01998509,32870,100,0
6080.22302247,6080.22402651,602.68942142,602.65654082,0.05783301,719.30546753,0.01998509,0.01998509,32869,100,0
6080.40933330,6080.40903434,608.75006263,608.75985957,0.05222845,719.54758947,0.01998509,0.01998509,32868,100,0
6080.59533593,6080.59405343,614.81512055,614.85717679,0.03864744,719.78877756,0.01998509,0.01998509,32867,100,0
6080.77849038,6080.77908377,620.88488911,620.86541614,0.04390836,720.02576186,0.01998509,0.01998509,32866,100,0
6080.96476016,6080.96412538,626.95951378,626.98035999,0.04483944,720.26626171,0.01998509,0.01998509,32865,100,0
6081.14932658,6081.14917825,633.03879163,633.04366604,0.06057036,720.50404021,0.01998509,0.01998509,32864,100,0
6081.33439470,6081.33424239,639.12246919,639.12747777,0.04969224,720.74193190,0.01998509,0.01998509,32863,100,0
6081.51894887,6081.51931779,645.21029194,645.19815333,0.05120606,720.97862012,0.01998509,0.01998509,32862,100,0
6081.70323903,6081.70440445,651.30200428,651.26363672,0.05437880,721.21441777,0.01998509,0.01998509,32861,100,0
6081.88929924,6081.88950238,657.39736311,657.39067171,0.04678400,721.45190995,0.01998509,0.01998509,32860,100,0
6082.07376132,6082.07461158,663.49639789,663.46837537,0.06524523,721.68679667,0.01998509,0.01998509,32859,100,0
6082.25993452,6082.25973205,669.59939163,669.60606877,0.08340886,721.92330112,0.01998509,0.01998509,32858,100,0
6082.44418508,6082.44486378,675.70663808,675.68424126,0.06496231,722.15681815,0.01998509,0.01998509,32857,100,0
6082.63081526,6082.63000679,681.81843224,681.84513035,0.05169923,722.39280846,0.01998509,0.01998509,32856,100,0
6082.81506851,6082.81516107,687.93507035,687.93201155,0.04201979,722.62526732,0.01998509,0.01998509,32855,100,0
6083.00134536,6083.00032662,694.05678028,694.09047334,0.05854227,722.85975528,0.01998509,0.01998509,32854,100,0
6083.18601412,6083.18550345,700.18341055,700.20031242,0.05193050,723.09169160,0.01998509,0.01998509,32853,100,0
6083.37086193,6083.37069155,706.31467974,706.32032283,0.04473947,723.32331484,0.01998509,0.01998509,32852,100,0
6083.55611421,6083.55589092,712.45030517,712.45770491,0.06327285,723.55489284,0.01998509,0.01998509,32851,100,0
6083.74072818,6083.74110158,718.59000291,718.57762147,0.05639851,723.78511118,0.01998509,0.01998509,32850,100,0
6083.92608571,6083.92632351,724.73348988,724.72560054,0.05036052,724.01568075,0.01998509,0.01998509,32849,100,0
6084.11076404,6084.11155672,730.88066096,730.85434795,0.02455964,724.24482641,0.01998509,0.01998509,32848,100,0
6084.29797560,6084.29680121,737.03172554,737.07073323,0.03702889,724.47653211,0.01998509,0.01998509,32847,100,0
6084.48179885,6084.48205698,743.18692589,743.17834669,0.04137338,724.70348068,0.01998509,0.01998509,32846,100,0
6084.66700240,6084.66732403,749.34650533,749.33580865,0.07236947,724.93157642,0.01998509,0.01998509,32845,100,0
6084.85207403,6084.85260236,755.51070821,755.49312445,0.05264849,725.15895884,0.01998509,0.01998509,32844,100,0
6085.03841765,6085.03789198,761.67975949,761.69726769,0.07913236,725.38735459,0.01998509,0.01998509,32843,100,0
6085.22393161,6085.22319289,767.85367326,767.87829496,0.03182711,725.61418477,0.01998509,0.01998509,32842,100,0
6085.40891617,6085.40850508,774.03233816,774.04604964,0.04923608,725.83981698,0.01998509,0.01998509,32841,100,0
6085.59416016,6085.59382856,780.21564074,780.22670841,0.04882821,726.06520893,0.01998509,0.01998509,32840,100,0
6085.77950094,6085.77916332,786.40346702,786.41474302,0.07020838,726.29015557,0.01998509,0.01998509,32839,100,0
6085.96373979,6085.96450938,792.59570260,792.56998317,0.05633931,726.51320108,0.01998509,0.01998509,32838,100,0
6086.15052062,6086.14986672,798.79227468,798.81414167,0.03930539,726.73874626,0.01998509,0.01998509,32837,100,0
6086.33451937,6086.33523536,804.99322382,804.96926491,0.04134626,726.96036331,0.01998509,0.01998509,32836,100,0
6086.52054348,6086.52061529,811.19860971,811.19620531,0.06375173,727.18384682,0.01998509,0.01998509,32835,100,0
6086.70642877,6086.70600651,817.40849232,817.42264128,0.07141398,727.40658886,0.01998509,0.01998509,32834,100,0
6086.89086964,6086.89140902,823.62293186,823.60484637,0.05478840,727.62703301,0.01998509,0.01998509,32833,100,0
6087.07756609,6087.07682284,829.84198646,829.86692469,0.03952303,727.84959839,0.01998509,0.01998509,32832,100,0
6087.25978643,6087.26224795,0.00000000,835.99428379,0.05226440,728.06666757,0.01998508,0.01998509,32831,100,1
6087.44733703,6087.44768435,842.29399985,842.28233044,0.05123462,728.28870122,0.01998509,0.01998509,32830,100,0
6087.63252624,6087.63313205,848.52694427,848.50657584,0.06534984,728.50775576,0.01998509,0.01998509,32829,100,0
6087.81823039,6087.81859106,854.76450364,854.75236915,0.03542933,728.72684238,0.01998509,0.01998509,32828,100,0
6088.00422448,6088.00406136,861.00667030,861.01216194,0.00846677,728.94569016,0.01998509,0.01998509,32827,100,0
6088.18980995,6088.18954297,867.25346650,867.26246121,0.03664617,729.16347702,0.01998509,0.01998509,32826,100,0
6088.37525621,6088.37503588,873.50501209,873.51244051,0.05461903,729.38052438,0.01998509,0.01998509,32825,100,0
6088.56002918,6088.56054009,879.76144727,879.74420959,0.04715837,729.59621424,0.01998509,0.01998509,32824,100,0
6088.74589704,6088.74605561,886.02291284,886.01755886,0.04429728,729.81261200,0.01998509,0.01998509,32823,100,0
6088.93200743,6088.93158243,892.28955023,892.30391147,0.05856032,730.02872239,0.01998509,0.01998509,32822,100,0
6089.11600177,6089.11712056,898.56148800,898.52365360,0.06809368,730.24181791,0.01998509,0.01998509,32821,100,0
6089.30163448,6089.30266999,904.83862813,904.80358370,0.03978764,730.45624400,0.01998509,0.01998509,32820,100,0
6089.48769454,6089.48823074,911.12068330,911.10252420,0.04877390,730.67058084,0.01998509,0.01998509,32819,100,0
6089.67428360,6089.67380280,917.40735915,917.42365266,0.06365835,730.88492936,0.01998509,0.01998509,32818,100,0
6089.86051080,6089.85938616,923.69836002,923.73649508,0.05142553,731.09825379,0.01998510,0.01998509,32817,100,0
6090.04500160,6090.04498084,929.99338896,929.99409309,0.03542508,731.30897854,0.01998509,0.01998509,32816,100,0
6090.23073997,6090.23058683,936.29228118,936.29747971,0.02408107,731.52050761,0.01998509,0.01998509,32815,100,0
6090.41578775,6090.41620414,942.59527411,942.58113053,0.07238157,731.73063762,0.01998509,0.01998509,32814,100,0
6090.60161332,6090.60183276,948.90268197,948.89522313,0.03652646,731.94104472,0.01998509,0.01998509,32813,100,0
6090.78613646,6090.78747269,955.21482037,955.16936946,0.03759236,732.14938504,0.01998509,0.01998509,32812,100,0
6090.97296973,6090.97312395,961.53200637,961.52675689,0.05163268,732.35974160,0.01998509,0.01998509,32811,100,0
6091.15926223,6091.15878652,967.85453376,967.87073980,0.03022319,732.56890423,0.01998509,0.01998509,32810,100,0
6091.34437600,6091.34446041,974.18238216,974.17950439,0.03914196,732.77616240,0.01998509,0.01998509,32809,100,0
6091.53043248,6091.53014562,980.51531306,980.52510017,0.06347344,732.98388286,0.01998509,0.01998509,32808,100,0
6091.71637300,6091.71584215,986.85308249,986.87120611,0.02824563,733.19087013,0.01998510,0.01998509,32807,100,0
6091.90120393,6091.90155001,993.19544538,993.18362225,0.03913618,733.39601463,0.01998509,0.01998509,32806,100,0
6092.08689551,6092.08726919,999.54215620,999.52938254,0.07213884,733.60149499,0.01998509,0.01998509,32805,100,0
6092.27314340,6092.27299969,1005.89309418,1005.89800993,0.05202667,733.80696205,0.01998509,0.01998509,32804,100,0
6092.45806593,6092.45874152,1012.24841154,1012.22528847,0.03402746,734.01034739,0.01998509,0.01998509,32803,100,0
6092.64435117,6092.64449467,1018.60829711,1018.60338211,0.06548075,734.21461190,0.01998509,0.01998509,32802,100,0
6092.83059837,6092.83025915,1024.97294055,1024.98456689,0.02239344,734.41821766,0.01998509,0.01998509,32801,100,0
6093.01727269,6093.01603496,1031.34253242,1031.38498527,0.06235784,734.62167581,0.01998510,0.01998509,32800,100,0
6093.20180644,6093.20182210,1037.71723847,1037.71670104,0.03399264,734.82219986,0.01998509,0.01998509,32799,100,0
6093.38786320,6093.38762057,1044.09703593,1044.10537021,0.04055154,735.02377144,0.01998509,0.01998509,32798,100,0
6093.57440734,6093.57343037,1050.48181719,1050.51539965,0.05048896,735.22525367,0.01998510,0.01998509,32797,100,0
6093.75993321,6093.75925151,1056.87147371,1056.89492282,0.04361926,735.42501792,0.01998510,0.01998509,32796,100,0
6093.94539307,6093.94508398,1063.26589645,1063.27653583,0.04873911,735.62409003,0.01998509,0.01998509,32795,100,0
6094.13104333,6094.13092778,1069.66497775,1069.66895777,0.07119401,735.82273973,0.01998509,0.01998509,32794,100,0
6094.31608776,6094.31678292,1076.06867705,1076.04471727,0.03683151,736.02011442,0.01998509,0.01998509,32793,100,0
6094.50306486,6094.50264939,1082.47703830,1082.49136768,0.05697499,736.21891486,0.01998510,0.01998509,32792,100,0
6094.68796021,6094.68852720,1088.89011105,1088.87054229,0.03891423,736.41487357,0.01998509,0.01998509,32791,100,0
6094.87390324,6094.87441636,1095.30794504,1095.29022369,0.04197199,736.61131248,0.01998509,0.01998509,32790,100,0
6095.05995787,6095.06031685,1101.73059025,1101.71818385,0.05891674,736.80723676,0.01998509,0.01998509,32789,100,0
6095.24657332,6095.24622868,1108.15812358,1108.17004318,0.02811112,737.00311681,0.01998509,0.01998509,32788,100,0
6095.43167722,6095.43215186,1114.59071446,1114.57428703,0.04898318,737.19678573,0.01998509,0.01998509,32787,100,0
6095.61823378,6095.61808637,1121.02855296,1121.03365875,0.04206563,737.39134925,0.01998509,0.01998509,32786,100,0
6095.80465469,6095.80403223,1127.47183004,1127.49340761,0.06003000,737.58514830,0.01998510,0.01998509,32785,100,0
6095.98899192,6095.98998944,1133.92073754,1133.88612968,0.03110817,737.77617271,0.01998509,0.01998509,32784,100,0
6096.17592602,6096.17595799,1140.37543913,1140.37432875,0.05616794,737.96927328,0.01998509,0.01998509,32783,100,0
6096.36186622,6096.36193789,1146.83580660,1146.83331587,0.01993992,738.16072718,0.01998509,0.01998509,32782,100,0
6096.54830107,6096.54792914,1153.30154190,1153.31447610,0.05798463,738.35205886,0.01998509,0.01998509,32781,100,0
6096.73397413,6096.73393174,1159.77234350,1159.77381869,0.03589429,738.54196966,0.01998509,0.01998509,32780,100,0
6096.92025482,6096.91994569,1166.24790841,1166.25867338,0.06414847,738.73185049,0.01998509,0.01998509,32779,100,0
6097.10629285,6097.10597099,1172.72793837,1172.73915373,0.05310389,738.92082251,0.01998509,0.01998509,32778,100,0
6097.29186041,6097.29200764,1179.21239115,1179.20725787,0.06433050,739.10865543,0.01998509,0.01998509,32777,100,0
6097.47701710,6097.47805564,1185.70156984,1185.66533373,0.04682949,739.29542156,0.01998509,0.01998509,32776,100,0
6097.66393612,6097.66411500,1192.19580322,1192.18955714,0.03119143,739.48331377,0.01998509,0.01998509,32775,100,0
6097.85033827,6097.85018572,1198.69542162,1198.70075253,0.07099840,739.67004232,0.01998509,0.01998509,32774,100,0
6098.03601764,6098.03626779,1205.20075688,1205.19200818,0.02182516,739.85541501,0.01998509,0.01998509,32773,100,0
6098.22205910,6098.22236122,1211.71202442,1211.70144923,0.07033563,740.04052098,0.01998509,0.01998509,32772,100,0
6098.40936546,6098.40846600,1218.22907993,1218.26058982,0.06605933,740.22624408,0.01998510,0.01998509,32771,100,0
6098.59460936,6098.59458215,1224.75170974,1224.75266376,0.04568229,740.40928128,0.01998509,0.01998509,32770,100,0
6098.78058652,6098.78070966,1231.27969912,1231.27537880,0.06156878,740.59239402,0.01998509,0.01998509,32769,100,0
6098.96709583,6098.96684853,1237.81283228,1237.82151523,0.02874233,740.77536984,0.01998509,0.01998509,32768,100,0
6099.15307746,6099.15299876,1244.35092332,1244.35368854,0.05177417,740.95716212,0.01998509,0.01998509,32767,100,0
6099.33953735,6099.33916036,1250.89400291,1250.90725798,0.03927671,741.13875361,0.01998510,0.01998509,32766,100,0
6099.52528473,6099.52533332,1257.44219527,1257.44048579,0.03639144,741.31898766,0.01998509,0.01998509,32765,100,0
6099.71150459,6099.71151764,1263.99562555,1263.99516605,0.02221653,741.49901711,0.01998509,0.01998509,32764,100,0
6099.89740872,6099.89771334,1270.55441952,1270.54368511,0.05221679,741.67808079,0.01998509,0.01998509,32763,100,0
6100.08363994,6100.08392040,1277.11869862,1277.10880771,0.03156020,741.85679934,0.01998509,0.01998509,32762,100,0
6100.27060163,6100.27013883,1283.68849946,1283.70483336,0.05751187,742.03555336,0.01998510,0.01998510,32761,100,0
6100.45612284,6100.45636863,1290.26378625,1290.25510456,0.05623124,742.21226821,0.01998509,0.01998510,32760,100,0
6100.64351712,6100.64260980,1296.84452069,1296.87659253,0.02645423,742.39009492,0.01998510,0.01998510,32759,100,0
6100.82990170,6100.82886235,1303.43066433,1303.46743125,0.05047342,742.56629041,0.01998510,0.01998510,32758,100,0
6101.01496488,6101.01512626,1310.02217840,1310.01646506,0.02939825,742.74056978,0.01998509,0.01998510,32757,100,0
6101.20149458,6101.20140155,1316.61901940,1316.62231503,0.05948289,742.91555478,0.01998510,0.01998510,32756,100,0
6101.38727209,6101.38768822,1323.22113652,1323.20638304,0.04958306,743.08915702,0.01998509,0.01998510,32755,100,0
6101.57335519,6101.57398626,1329.82847807,1329.80608813,0.05437414,743.26236432,0.01998509,0.01998510,32754,100,0
6101.76052152,6101.76029568,1336.44099212,1336.44901028,0.05833045,743.43588972,0.01998510,0.01998510,32753,100,0
6101.94708834,6101.94661648,1343.05862651,1343.07539153,0.01746963,743.60816738,0.01998510,0.01998510,32752,100,0
6102.13204755,6102.13294866,1349.68138616,1349.64934645,0.04759225,743.77827706,0.01998509,0.01998510,32751,100,0
6102.32030539,6102.31929222,1356.30943464,1356.34548589,0.05559680,743.95072422,0.01998510,0.01998510,32750,100,0
6102.50542591,6102.50564716,1362.94296355,1362.93508483,0.02968814,744.11961562,0.01998509,0.01998510,32749,100,0
6102.69136964,6102.69201348,1369.58216545,1369.55921959,0.04781159,744.28858040,0.01998509,0.01998510,32748,100,0
6102.87863155,6102.87839119,1376.22723383,1376.23580746,0.05955143,744.45805958,0.01998510,0.01998510,32747,100,0
6103.06563512,6103.06478028,1382.87831475,1382.90883172,0.04675915,744.62662223,0.01998510,0.01998510,32746,100,0
6103.25045357,6103.25118075,1389.53532200,1389.50934130,0.04266008,744.79254074,0.01998509,0.01998510,32745,100,0
6103.43815246,6103.43759262,1396.19809899,1396.21811710,0.06370626,744.96035288,0.01998510,0.01998510,32744,100,0
6103.62420749,6103.62401587,1402.86648829,1402.87334514,0.03095461,745.12600096,0.01998510,0.01998510,32743,100,0
6103.81061525,6103.81045051,1409.54033167,1409.54623100,0.05544163,745.29126402,0.01998510,0.01998510,32742,100,0
6103.99645196,6103.99689654,1416.21948411,1416.20355190,0.03219368,745.45531891,0.01998509,0.01998510,32741,100,0
6104.18343532,6104.18335396,1422.90391197,1422.90682983,0.07152146,745.61967610,0.01998510,0.01998510,32740,100,0
6104.36987064,6104.36982277,1429.59363530,1429.59535336,0.04292497,745.78284128,0.01998510,0.01998510,32739,100,0
6104.55682589,6104.55630298,1436.28867458,1436.30745511,0.04723247,745.94574795,0.01998510,0.01998510,32738,100,0
6104.74254478,6104.74279457,1442.98905039,1442.98007226,0.03054795,746.10686855,0.01998510,0.01998510,32737,100,0
6104.92970533,6104.92929757,1449.69479591,1449.70946257,0.05001523,746.26852422,0.01998510,0.01998510,32736,100,0
6105.11647602,6105.11581196,1456.40610844,1456.43001267,0.03796366,746.42912986,0.01998510,0.01998510,32735,100,0
6105.30242702,6105.30233775,1463.12330163,1463.12651783,0.01119240,746.58832831,0.01998510,0.01998510,32734,100,0
6105.48919517,6105.48887493,1469.84669316,1469.85824048,0.06655619,746.74752640,0.01998510,0.01998510,32733,100,0
6105.67538466,6105.67542352,1476.57660227,1476.57519973,0.04922989,746.90553837,0.01998510,0.01998510,32732,100,0
6105.86201147,6105.86198350,1483.31333118,1483.31434137,0.05795472,747.06323200,0.01998510,0.01998510,32731,100,0
6106.04853079,6106.04855489,1490.05678352,1490.05591218,0.01047995,747.22014051,0.01998510,0.01998510,32730,100,0
6106.23452087,6106.23513768,1496.80647801,1496.78415572,0.06350703,747.37589928,0.01998509,0.01998510,32729,100,0
6106.42164574,6106.42173187,1503.56191533,1503.55879573,0.05066203,747.53188475,0.01998510,0.01998510,32728,100,0
6106.60872403,6106.60833747,1510.32259358,1510.33660337,0.03943608,747.68709232,0.01998510,0.01998510,32727,100,0
6106.79546951,6106.79495447,1517.08802002,1517.10669750,0.03049157,747.84127372,0.01998510,0.01998510,32726,100,0
6106.98093342,6106.98158288,1523.85810951,1523.83454207,0.06151898,747.99365186,0.01998510,0.01998510,32725,100,0
6107.16813258,6107.16822270,1530.63328350,1530.63001107,0.04234124,748.14671054,0.01998510,0.01998510,32724,100,0
6107.35479419,6107.35487393,1537.41399700,1537.41109938,0.04081372,748.29859276,0.01998510,0.01998510,32723,100,0
6107.54182921,6107.54153656,1544.20070740,1544.21135227,0.06213894,748.45004899,0.01998510,0.01998510,32722,100,0
6107.72833378,6107.72821061,1550.99386960,1550.99835414,0.02504696,748.60035620,0.01998510,0.01998510,32721,100,0
6107.91395555,6107.91489606,1557.79367334,1557.75940092,0.06237020,748.74924049,0.01998509,0.01998510,32720,100,0
6108.10148687,6108.10159294,1564.59990708,1564.59603876,0.04346045,748.89892867,0.01998510,0.01998510,32719,100,0
6108.28814141,6108.28830122,1571.41232499,1571.40649167,0.05458162,749.04718306,0.01998510,0.01998510,32718,100,0
6108.47567735,6108.47502092,1578.23067992,1578.25465993,0.05346579,749.19539256,0.01998510,0.01998510,32717,100,0
6108.66158352,6108.66175203,1585.05472522,1585.04856461,0.02357974,749.34156970,0.01998510,0.01998510,32716,100,0
6108.84795159,6108.84849457,1591.88436058,1591.86449503,0.05945333,749.48736209,0.01998510,0.01998510,32715,100,0
6109.03455262,6109.03524852,1598.71974026,1598.69425964,0.06016446,749.63258777,0.01998510,0.01998510,32714,100,0
6109.22189634,6109.22201389,1605.56104467,1605.55673721,0.03718848,749.77763938,0.01998510,0.01998510,32713,100,0
6109.40929079,6109.40879068,1612.40845514,1612.42679763,0.04771196,749.92197813,0.01998510,0.01998510,32712,100,0
6109.59609026,6109.59557889,1619.26215307,1619.28092448,0.05657669,750.06511158,0.01998510,0.01998510,32711,100,0
6109.78324861,6109.78237852,1626.12222682,1626.15419396,0.06141864,750.20777166,0.01998510,0.01998510,32710,100,0
6109.96944516,6109.96918958,1632.98858920,1632.99798702,0.07224549,750.34895125,0.01998510,0.01998510,32709,100,0
6110.15630038,6110.15601206,1639.86113324,1639.87174390,0.03387516,750.48987650,0.01998510,0.01998510,32708,100,0
6110.34266759,6110.34284597,1646.73975135,1646.73318145,0.05083529,750.62967720,0.01998510,0.01998510,32707,100,0
6110.52937916,6110.52969130,1653.62433613,1653.61283041,0.04276046,750.76897433,0.01998510,0.01998510,32706,100,0
6110.71696802,6110.71654806,1660.51486429,1660.53035715,0.03948823,750.90815543,0.01998510,0.01998510,32705,100,0
6110.90355028,6110.90341625,1667.41147428,1667.41642275,0.04680229,751.04582421,0.01998510,0.01998510,32704,100,0
6111.09038445,6111.09029587,1674.31432347,1674.31759679,0.04886034,751.18291488,0.01998510,0.01998510,32703,100,0
6111.27773291,6111.27718692,1681.22357005,1681.24376384,0.04664967,751.31961617,0.01998510,0.01998510,32702,100,0
6111.46424977,6111.46408940,1688.13937201,1688.14530875,0.05482437,751.45494879,0.01998510,0.01998510,32701,100,0
6111.65130976,6111.65100331,1695.06178196,1695.07313613,0.05482689,751.58991066,0.01998510,0.01998510,32700,100,0
6111.83799228,6111.83792866,1701.99065817,1701.99301743,0.02310997,751.72383151,0.01998510,0.01998510,32699,100,0
6112.02453562,6112.02486544,1708.92583730,1708.91359614,0.06652250,751.85688005,0.01998510,0.01998510,32698,100,0
6112.21175168,6112.21181366,1715.86715511,1715.86485286,0.04766557,751.98962666,0.01998510,0.01998510,32697,100,0
6112.39861570,6112.39877332,1722.81444807,1722.80858865,0.05757963,752.12133747,0.01998510,0.01998510,32696,100,0
6112.58485130,6112.58574441,1729.76766818,1729.73444106,0.05388108,752.25182085,0.01998510,0.01998510,32695,100,0
6112.77298967,6112.77272695,1736.72696014,1736.73674269,0.04698495,752.38284277,0.01998510,0.01998510,32694,100,0
6112.95959819,6112.95972092,1743.69248757,1743.68791384,0.04855785,752.51201122,0.01998510,0.01998510,32693,100,0
6113.14654302,6113.14672633,1750.66441494,1750.65757770,0.04625532,752.64062632,0.01998510,0.01998510,32692,100,0
6113.33349868,6113.33374319,1757.64290588,1757.63377807,0.03267955,752.76846262,0.01998510,0.01998510,32691,100,0
6113.52102919,6113.52077149,1764.62804299,1764.63767192,0.04643829,752.89590126,0.01998510,0.01998510,32690,100,0
6113.70780471,6113.70781123,1771.61979349,1771.61954974,0.04377456,753.02203669,0.01998510,0.01998510,32689,100,0
6113.89464823,6113.89486242,1778.61811566,1778.61009860,0.03465660,753.14742593,0.01998510,0.01998510,32688,100,0
6114.08184839,6114.08192506,1785.62296754,1785.62009539,0.04839741,753.27225688,0.01998510,0.01998510,32687,100,0
6114.26872884,6114.26899914,1792.63430704,1792.62417229,0.03503406,753.39607523,0.01998510,0.01998510,32686,100,0
6114.45975028,6114.45608467,0.00000000,1799.79600855,0.05212642,753.52191964,0.01998511,0.01998510,32685,100,1
6114.64310758,6114.64318165,1806.67629827,1806.67351611,0.04315120,753.64170651,0.01998510,0.01998510,32684,100,0
6114.83024279,6114.83029008,1813.70688069,1813.70510280,0.05606679,753.76327321,0.01998510,0.01998510,32683,100,0
6115.01718533,6115.01740997,1820.74380790,1820.73535665,0.05142572,753.88390337,0.01998510,0.01998510,32682,100,0
6115.20382838,6115.20454130,1827.78704876,1827.76020465,0.05257527,754.00352845,0.01998510,0.01998510,32681,100,0
6115.39123390,6115.39168409,1834.83664307,1834.81967727,0.05307597,754.12282447,0.01998510,0.01998510,32680,100,0
6115.57834707,6115.57883834,1841.89269255,1841.87416282,0.05952153,754.24111631,0.01998510,0.01998510,32679,100,0
6115.76605058,6115.76600404,1848.95530151,1848.95705871,0.07687611,754.35895943,0.01998510,0.01998510,32678,100,0
6115.95326073,6115.95318119,1856.02457486,1856.02757992,0.06571392,754.47567217,0.01998510,0.01998510,32677,100,0
6116.14022081,6116.14036981,1863.10061846,1863.09498331,0.05034503,754.59141041,0.01998510,0.01998510,32676,100,0
6116.32750523,6116.32756988,1870.18354322,1870.18109572,0.05311007,754.70652859,0.01998510,0.01998510,32675,100,0
6116.51444544,6116.51478142,1877.27346343,1877.26073352,0.04182205,754.82061523,0.01998510,0.01998510,32674,100,0
6116.70203395,6116.70200441,1884.37049404,1884.37161434,0.04377100,754.93427331,0.01998510,0.01998510,32673,100,0
6116.88852822,6116.88923887,1891.47475064,1891.44777336,0.03523033,755.04644920,0.01998510,0.01998510,32672,100,0
6117.07632266,6117.07648479,1898.58630923,1898.58014837,0.04013506,755.15858031,0.01998510,0.01998510,32671,100,0
6117.26348057,6117.26374218,1905.70497554,1905.69502570,0.04348816,755.26950018,0.01998510,0.01998510,32670,100,0
6117.45100707,6117.45101103,1912.83044249,1912.83029158,0.04450702,755.37979892,0.01998510,0.01998510,32669,100,0
6117.63879341,6117.63829135,1919.96240087,1919.98152821,0.06091724,755.48940110,0.01998510,0.01998510,32668,100,0
6117.82551153,6117.82558313,1927.10053966,1927.09780965,0.06120593,755.59753000,0.01998510,0.01998510,32667,100,0
6118.01306747,6118.01288638,1934.24466752,1934.25157729,0.04662444,755.70528589,0.01998510,0.01998510,32666,100,0
6118.20040142,6118.20020111,1941.39507726,1941.40272716,0.03526751,755.81205784,0.01998510,0.01998510,32665,100,0
6118.38730063,6118.38752730,1948.55218455,1948.54352030,0.03032594,755.91773289,0.01998510,0.01998510,32664,100,0
6118.57501299,6118.57486497,1955.71640743,1955.72207109,0.04301204,756.02301771,0.01998510,0.01998510,32663,100,0
6118.76219665,6118.76221410,1962.88816537,1962.88749683,0.06366749,756.12716117,0.01998510,0.01998510,32662,100,0
6118.94952320,6118.94957472,1970.06765233,1970.06567717,0.06605033,756.23053952,0.01998510,0.01998510,32661,100,0
6119.13704291,6119.13694680,1977.25454568,1977.25823388,0.05117134,756.33317078,0.01998510,0.01998510,32660,100,0
6119.32426301,6119.32433036,1984.44844940,1984.44586238,0.03707353,756.43477764,0.01998510,0.01998510,32659,100,0
6119.51167532,6119.51172540,1991.64896512,1991.64704011,0.03536453,756.53561963,0.01998510,0.01998510,32658,100,0
6119.69852872,6119.69913192,1998.85569921,1998.83249401,0.05099495,756.63528730,0.01998510,0.01998510,32657,100,0
6119.88613991,6119.88654992,2006.06851598,2006.05273063,0.06222817,756.73447745,0.01998510,0.01998510,32656,100,0
6120.07407663,6120.07397939,2013.28760914,2013.29135594,0.04630451,756.83295429,0.01998510,0.01998510,32655,100,0
6120.26116115,6120.26142035,2020.51319476,2020.50319851,0.04592333,756.93010501,0.01998510,0.01998510,32654,100,0
6120.44870226,6120.44887279,2027.74549018,2027.73890799,0.04735459,757.02661254,0.01998510,0.01998510,32653,100,0
6120.63635037,6120.63633671,2034.98471500,2034.98524270,0.05408283,757.12229339,0.01998510,0.01998510,32652,100,0
6120.82459631,6120.82381212,2042.23110263,2042.26142800,0.04046923,757.21739333,0.01998510,0.01998510,32651,100,0
6121.01083949,6121.01129901,2049.48489633,2049.46710879,0.03454475,757.31060892,0.01998510,0.01998510,32650,100,0
6121.19876391,6121.19879739,2056.74634098,2056.74504347,0.04600027,757.40378661,0.01998510,0.01998510,32649,100,0
6121.38572525,6121.38630726,2064.01568289,2063.99310792,0.05543793,757.49561049,0.01998510,0.01998510,32648,100,0
6121.57450711,6121.57382861,2071.29311579,2071.31946123,0.03693531,757.58744107,0.01998510,0.01998510,32647,100,0
6121.76160403,6121.76136146,2078.57854855,2078.58797707,0.03784592,757.67756802,0.01998510,0.01998510,32646,100,0
6121.94950499,6121.94890579,2085.87179511,2085.89510837,0.05943626,757.76719124,0.01998510,0.01998510,32645,100,0
6122.13684727,6122.13646162,2093.17266823,2093.18768756,0.05622655,757.85565382,0.01998510,0.01998510,32644,100,0
6122.32425254,6122.32402894,2100.48097968,2100.48969612,0.03049704,757.94324774,0.01998510,0.01998510,32643,100,0
6122.51140879,6122.51160776,2107.79658608,2107.78882294,0.04166960,758.02982403,0.01998510,0.01998510,32642,100,0
6122.69873464,6122.69919806,2115.11944905,2115.10135032,0.05959000,758.11557373,0.01998510,0.01998510,32641,100,0
6122.88676543,6122.88679987,2122.44954476,2122.44819849,0.02911751,758.20073253,0.01998510,0.01998510,32640,100,0
6123.07402336,6123.07441317,2129.78684922,2129.77159737,0.04814880,758.28462864,0.01998510,0.01998510,32639,100,0
6123.26219766,6123.26203797,2137.13134252,2137.13759639,0.05847659,758.36801488,0.01998510,0.01998510,32638,100,0
6123.45033732,6123.44967427,2144.48310571,2144.50909700,0.02916735,758.45046151,0.01998510,0.01998510,32637,100,0
6123.63698081,6123.63732207,2151.84232307,2151.82893302,0.05866620,758.53133859,0.01998510,0.01998510,32636,100,0
6123.82534406,6123.82498137,2159.20918462,2159.22342952,0.03481654,758.61203724,0.01998510,0.01998510,32635,100,0
6124.01259776,6124.01265217,2166.58388150,2166.58174207,0.02551603,758.69134000,0.01998510,0.01998510,32634,100,0
6124.20069767,6124.20033448,2173.96657857,2173.98087257,0.05813305,758.77007581,0.01998510,0.01998510,32633,100,0
6124.38830634,6124.38802829,2181.35725161,2181.36820566,0.03369426,758.84767891,0.01998510,0.01998510,32632,100,0
6124.57556392,6124.57573360,2188.75579576,2188.74910406,0.02624496,758.92420939,0.01998510,0.01998510,32631,100,0
6124.76266041,6124.76345043,2196.16210520,2196.13092004,0.05558551,758.99974465,0.01998510,0.01998510,32630,100,0
6124.95051759,6124.95117876,2203.57607340,2203.54994929,0.03761213,759.07464833,0.01998510,0.01998510,32629,100,0
6125.13881835,6125.13891859,2210.99758854,2210.99362385,0.04922368,759.14878090,0.01998510,0.01998510,32628,100,0
6125.32669089,6125.32666994,2218.42652688,2218.42735611,0.03151786,759.22179489,0.01998510,0.01998510,32627,100,0
6125.51456091,6125.51443280,2225.86276220,2225.86783814,0.05961366,759.29385496,0.01998510,0.01998510,32626,100,0
6125.70223745,6125.70220717,2233.30616746,2233.30736832,0.03371739,759.36488537,0.01998510,0.01998510,32625,100,0
6125.89013966,6125.88999306,2240.75662575,2240.76244485,0.06836408,759.43504066,0.01998510,0.01998510,32624,100,0
6126.07822268,6126.07779045,2248.21422855,2248.23140047,0.03773136,759.50429911,0.01998511,0.01998510,32623,100,0
6126.26545241,6126.26559937,2255.67925624,2255.67341219,0.03634670,759.57228492,0.01998510,0.01998510,32622,100,0
6126.45288130,6126.45341980,2263.15199765,2263.13056207,0.04977238,759.63938498,0.01998510,0.01998510,32621,100,0
6126.64166410,6126.64125174,2270.63274341,2270.64917479,0.03933780,759.70600033,0.01998511,0.01998510,32620,100,0
6126.82823610,6126.82909520,2278.12173941,2278.08747049,0.06102094,759.77087874,0.01998510,0.01998510,32619,100,0
6127.01651790,6127.01695019,2285.61900592,2285.60174424,0.04045633,759.83538437,0.01998510,0.01998510,32618,100,0
6127.20351763,6127.20481669,2293.12449402,2293.07256861,0.05535909,759.89848532,0.01998510,0.01998510,32617,100,0
6127.39275337,6127.39269472,2300.63815448,2300.64050154,0.03226402,759.96135767,0.01998510,0.01998510,32616,100,0
6127.58036809,6127.58058426,2308.15993689,2308.15127858,0.05509635,760.02271157,0.01998510,0.01998510,32615,100,0
6127.76845423,6127.76848533,2315.68974778,2315.68850069,0.02206748,760.08323637,0.01998510,0.01998510,32614,100,0
6127.95627622,6127.95639793,2323.22742957,2323.22254512,0.05256456,760.14268939,0.01998510,0.01998510,32613,100,0
6128.14461603,6128.14432205,2330.77281847,2330.78462763,0.05784004,760.20131181,0.01998511,0.01998510,32612,100,0
6128.33175029,6128.33225770,2338.32574962,2338.30534811,0.02925783,760.25856844,0.01998510,0.01998510,32611,100,0
6128.52033389,6128.52020487,2345.88610502,2345.89129720,0.05247840,760.31526582,0.01998510,0.01998510,32610,100,0
6128.70816304,6128.70816358,2353.45413532,2353.45411350,0.03014007,760.37073478,0.01998510,0.01998510,32609,100,0
6128.89585809,6128.89613381,2361.03026451,2361.01914562,0.05361921,760.42516565,0.01998510,0.01998510,32608,100,0
6129.08365787,6129.08411558,2368.61492023,2368.59644274,0.02882124,760.47862774,0.01998510,0.01998510,32607,100,0
6129.27139299,6129.27210887,2376.20853097,2376.17959791,0.05265305,760.53107208,0.01998510,0.01998510,32606,100,0
6129.46033182,6129.46011370,2383.81129111,2383.82011649,0.06343054,760.58284163,0.01998510,0.01998510,32605,100,0
6129.64771306,6129.64813007,2391.42293239,2391.40604108,0.02721074,760.63317726,0.01998510,0.01998510,32604,100,0
6129.83579855,6129.83615796,2399.04313091,2399.02855735,0.05016731,760.68268784,0.01998510,0.01998510,32603,100,0
6130.02475607,6130.02419740,2406.67156065,2406.69423605,0.06290505,760.73139928,0.01998511,0.01998510,32602,100,0
6130.21250612,6130.21224837,2414.30792175,2414.31839362,0.02547623,760.77877314,0.01998511,0.01998510,32601,100,0
6130.40026210,6130.40031088,2421.95217731,2421.95019336,0.04727025,760.82512210,0.01998510,0.01998511,32600,100,0
6130.58833123,6130.58838493,2429.60443457,2429.60224864,0.02791658,760.87051689,0.01998510,0.01998511,32599,100,0
6130.77625487,6130.77647052,2437.26480290,2437.25601515,0.05114352,760.91484290,0.01998510,0.01998511,32598,100,0
6130.96416083,6130.96456766,2444.93339282,2444.91679816,0.04491970,760.95812904,0.01998510,0.01998511,32597,100,0
6131.15248326,6131.15267633,2452.61037864,2452.60249484,0.02782546,761.00046971,0.01998510,0.01998511,32596,100,0
6131.34026465,6131.34079655,2460.29606408,2460.27432153,0.05803976,761.04164892,0.01998510,0.01998511,32595,100,0
6131.52914421,6131.52892831,2467.99077044,2467.99960588,0.04176351,761.08201969,0.01998511,0.01998511,32594,100,0
6131.71682343,6131.71707162,2475.69482111,2475.68465241,0.05381484,761.12108959,0.01998510,0.01998511,32593,100,0
6131.90536865,6131.90522648,2483.40847791,2483.41430985,0.02484460,761.15928909,0.01998511,0.01998511,32592,100,0
6132.09333546,6132.09339288,2491.13146843,2491.12911048,0.04924103,761.19631800,0.01998511,0.01998511,32591,100,0
6132.28139564,6132.28157083,2498.86324985,2498.85604784,0.04560607,761.23230649,0.01998511,0.01998511,32590,100,0
6132.46939004,6132.46976033,2506.60327365,2506.58803649,0.02398790,761.26721791,0.01998510,0.01998511,32589,100,0
6132.65787598,6132.65796139,2514.35099250,2514.34747510,0.06310080,761.30114648,0.01998511,0.01998511,32588,100,0
6132.84589193,6132.84617399,2522.10620867,2522.09458096,0.03888728,761.33391505,0.01998511,0.01998511,32587,100,0
6133.03440424,6133.03439815,2529.86930823,2529.86955922,0.04599103,761.36569037,0.01998511,0.01998511,32586,100,0
6133.22309952,6133.22263387,2537.64073478,2537.65996954,0.05922625,761.39641233,0.01998511,0.01998511,32585,100,0
6133.41108666,6133.41088113,2545.42093489,2545.42943400,0.02603801,761.42593869,0.01998511,0.01998511,32584,100,0
6133.59928827,6133.59913996,2553.21028954,2553.21642941,0.05287789,761.45441643,0.01998511,0.01998511,32583,100,0
6133.78694242,6133.78741034,2561.00878720,2560.98939422,0.05904992,761.48172940,0.01998510,0.01998511,32582,100,0
6133.97624426,6133.97569228,2568.81627508,2568.83917629,0.04084194,761.50818333,0.01998511,0.01998511,32581,100,0
6134.16422637,6134.16398578,2576.63259914,2576.64259166,0.06557227,761.53335654,0.01998511,0.01998511,32580,100,0
6134.35169789,6134.35229084,2584.45760926,2584.43295612,0.02885656,761.55736935,0.01998510,0.01998511,32579,100,0
6134.54084975,6134.54060747,2592.29128571,2592.30136974,0.05273422,761.58048856,0.01998511,0.01998511,32578,100,0
6134.72826239,6134.72893565,2600.13374982,2600.10569841,0.05454658,761.60229356,0.01998510,0.01998511,32577,100,0
6134.91744987,6134.91727540,2607.98513065,2607.99240780,0.03923286,761.62318962,0.01998511,0.01998511,32576,100,0
6135.10626909,6135.10562672,2615.84555816,2615.87238109,0.04787452,761.64292424,0.01998511,0.01998511,32575,100,0
6135.29361798,6135.29398960,2623.71516644,2623.69963191,0.04166180,761.66139519,0.01998510,0.01998511,32574,100,0
6135.48250056,6135.48236405,2631.59410070,2631.59981395,0.05132817,761.67889462,0.01998511,0.01998511,32573,100,0
6135.67002466,6135.67075006,2639.48250909,2639.45211649,0.02068031,761.69514951,0.01998510,0.01998511,32572,100,0
6135.85948088,6135.85914765,2647.38054074,2647.39451882,0.05241911,761.71043632,0.01998511,0.01998511,32571,100,0
6136.04771187,6136.04755680,2655.28832825,2655.29484058,0.05660022,761.72449019,0.01998511,0.01998511,32570,100,0
6136.23516035,6136.23597753,2663.20583935,2663.17148164,0.03924436,761.73735821,0.01998510,0.01998511,32569,100,0
6136.42450538,6136.42440983,2671.13295012,2671.13697217,0.03871570,761.74921003,0.01998511,0.01998511,32568,100,0
6136.61304452,6136.61285370,2679.06953476,2679.07757609,0.03212648,761.75986244,0.01998511,0.01998511,32567,100,0
6136.80118899,6136.80130915,2687.01546928,2687.01040047,0.04826729,761.76934556,0.01998511,0.01998511,32566,100,0
6136.99053358,6136.98977617,2694.97074483,2695.00273363,0.04659722,761.77772851,0.01998511,0.01998511,32565,100,0
6137.17807634,6137.17825477,2702.93550946,2702.92796518,0.04289882,761.78488018,0.01998511,0.01998511,32564,100,0
6137.36662546,6137.36674494,2710.90992339,2710.90486543,0.04786336,761.79091115,0.01998511,0.01998511,32563,100,0
6137.55543947,6137.55524670,2718.89414792,2718.90231780,0.04045427,761.79578204,0.01998511,0.01998511,32562,100,0
6137.74420028,6137.74376003,2726.88825743,2726.90693724,0.04254016,761.79947861,0.01998511,0.01998511,32561,100,0
6137.93246649,6137.93228495,2734.89203797,2734.89974940,0.03765981,761.80199313,0.01998511,0.01998511,32560,100,0
6138.12106283,6138.12082145,2742.90521487,2742.91547983,0.03797420,761.80333409,0.01998511,0.01998511,32559,100,0
6138.30897517,6138.30936953,2750.92751142,2750.91072338,0.04187378,761.80349372,0.01998511,0.01998511,32558,100,0
6138.49867230,6138.49792920,2758.95870006,2758.99036714,0.03552927,761.80245997,0.01998511,0.01998511,32557,100,0
6138.68649211,6138.68650045,2766.99896866,2766.99861293,0.04893090,761.80024990,0.01998511,0.01998511,32556,100,0
6138.87473513,6138.87508328,2775.04870962,2775.03384023,0.04366441,761.79684625,0.01998511,0.01998511,32555,100,0
6139.06300163,6139.06367771,2783.10831948,2783.07941023,0.03133583,761.79224781,0.01998511,0.01998511,32554,100,0
6139.25157454,6139.25228372,2791.17818755,2791.14782533,0.03429082,761.78644007,0.01998511,0.01998511,32553,100,0
6139.44089602,6139.44090132,2799.25846889,2799.25824180,0.04254567,761.77939482,0.01998511,0.01998511,32552,100,0
6139.62892447,6139.62953051,2807.34908000,2807.32306999,0.05466244,761.77118896,0.01998511,0.01998511,32551,100,0
6139.81905553,6139.81817130,2815.44992616,2815.48792056,0.05704891,761.76166215,0.01998511,0.01998511,32550,100,0
6140.00717156,6140.00682368,2823.56091206,2823.57587794,0.06156495,761.75101568,0.01998511,0.01998511,32549,100,0
6140.19547763,6140.19548765,2831.68196753,2831.68153599,0.04755999,761.73913830,0.01998511,0.01998511,32548,100,0
6140.38473727,6140.38416321,2839.81307294,2839.83782712,0.04619346,761.72596646,0.01998511,0.01998511,32547,100,0
6140.57212254,6140.57285037,2847.95421444,2847.92279304,0.02501148,761.71170178,0.01998511,0.01998511,32546,100,0
6140.76180868,6140.76154913,2856.10537801,2856.11659610,0.03709564,761.69601796,0.01998511,0.01998511,32545,100,0
6140.95009234,6140.95025949,2864.26652986,2864.25929725,0.04533029,761.67920819,0.01998511,0.01998511,32544,100,0
6141.13888828,6141.13898144,2872.43756045,2872.43352442,0.06154732,761.66110632,0.01998511,0.01998511,32543,100,0
6141.32826698,6141.32771500,2880.61834133,2880.64228069,0.05662526,761.64169082,0.01998511,0.01998511,32542,100,0
6141.51658635,6141.51646015,2888.80874302,2888.81422211,0.03683805,761.62113095,0.01998511,0.01998511,32541,100,0
6141.70487359,6141.70521691,2897.00868155,2896.99375873,0.03665365,761.59932161,0.01998511,0.01998511,32540,100,0
6141.89394661,6141.89398528,2905.21840929,2905.21672687,0.05381550,761.57615572,0.01998511,0.01998511,32539,100,0
6142.08295755,6142.08276524,2913.43832885,2913.44670724,0.06834020,761.55172446,0.01998511,0.01998511,32538,100,0
6142.27164754,6142.27155681,2921.66884651,2921.67280408,0.04933413,761.52605948,0.01998511,0.01998511,32537,100,0
6142.46036442,6142.46035999,2929.91034366,2929.91053704,0.03748848,761.49911062,0.01998511,0.01998511,32536,100,0
6142.64896299,6142.64917478,2938.16281945,2938.15355692,0.04651774,761.47089480,0.01998511,0.01998511,32535,100,0
6142.83811478,6142.83800117,2946.42599208,2946.43096636,0.06198638,761.44130340,0.01998511,0.01998511,32534,100,0
6143.02732341,6143.02683918,2954.69957121,2954.72079911,0.03870405,761.41040425,0.01998511,0.01998511,32533,100,0
6143.21468988,6143.21568880,2962.98327453,2962.93943296,0.03143761,761.37852247,0.01998511,0.01998511,32532,100,0
6143.40464473,6143.40455002,2971.27711102,2971.28127240,0.04437277,761.34489204,0.01998511,0.01998511,32531,100,0
6143.59387397,6143.59342286,2979.58141801,2979.60126446,0.05460378,761.31007457,0.01998511,0.01998511,32530,100,0
6143.78201130,6143.78230732,2987.89655274,2987.88351285,0.03353737,761.27415025,0.01998511,0.01998511,32529,100,0
6143.97125664,6143.97120339,2996.22287260,2996.22522134,0.03821187,761.23669249,0.01998511,0.01998511,32528,100,0
6144.15988953,6144.16011108,3004.56056554,3004.55078084,0.05978184,761.19803088,0.01998511,0.01998511,32527,100,0
6144.34859898,6144.34903038,3012.90954084,3012.89046368,0.03638365,761.15802531,0.01998511,0.01998511,32526,100,0
6144.53821613,6144.53796130,3021.26968139,3021.28096487,0.04320794,761.11648481,0.01998511,0.01998511,32525,100,0
6144.72674588,6144.72690384,3029.64086946,3029.63386670,0.05931457,761.07384407,0.01998511,0.01998511,32524,100,0
6144.91556052,6144.91585800,3038.02307353,3038.00986860,0.02468988,761.02979659,0.01998511,0.01998511,32523,100,0
6145.10459685,6145.10482379,3046.41645850,3046.40637226,0.04888403,760.98434596,0.01998511,0.01998511,32522,100,0
6145.29427347,6145.29380119,3054.82121741,3054.84223563,0.03839592,760.93737623,0.01998511,0.01998511,32521,100,0
6145.48296586,6145.48279022,3063.23754468,3063.24537163,0.03666677,760.88928724,0.01998511,0.01998511,32520,100,0
6145.67138378,6145.67179088,3071.66548228,3071.64731729,0.04562449,760.83990638,0.01998511,0.01998511,32519,100,0
6145.86155321,6145.86080316,3080.10461346,3080.13812269,0.06395577,760.78868402,0.01998511,0.01998511,32518,100,0
6146.04981382,6146.04982706,3088.55443289,3088.55384036,0.04329452,760.73660600,0.01998511,0.01998511,32517,100,0
6146.23853287,6146.23886260,3097.01443114,3096.99966643,0.02142881,760.68303183,0.01998511,0.01998511,32516,100,0
6146.42784748,6146.42790976,3105.48431646,3105.48152447,0.05655322,760.62790853,0.01998511,0.01998511,32515,100,0
6146.61701499,6146.61696856,3113.96462183,3113.96670580,0.03445289,760.57143947,0.01998511,0.01998511,32514,100,0
6146.80603304,6146.80603898,3122.45607717,3122.45581012,0.04374352,760.51361897,0.01998511,0.01998511,32513,100,0
6146.99525392,6146.99512104,3130.95941823,3130.96539831,0.03910682,760.45432852,0.01998511,0.01998511,32512,100,0
6147.18470819,6147.18421473,3139.47521641,3139.49745459,0.04939788,760.39354419,0.01998511,0.01998511,32511,100,0
6147.37300320,6147.37332006,3148.00330286,3147.98900398,0.02390929,760.33171888,0.01998511,0.01998511,32510,100,0
6147.56148999,6147.56243702,3156.54330371,3156.50051050,0.04860999,760.26841719,0.01998511,0.01998511,32509,100,0
6147.75186363,6147.75156562,3165.09484193,3165.10832509,0.03341110,760.20304389,0.01998511,0.01998511,32508,100,0
6147.94074398,6147.94070585,3173.65763065,3173.65935771,0.04725884,760.13675232,0.01998511,0.01998511,32507,100,0
6148.13079326,6148.12985773,3182.23182880,3182.27426383,0.05656651,760.06860542,0.01998511,0.01998511,32506,100,0
6148.31823172,6148.31902124,3190.81773100,3190.78187167,0.03930833,759.99996747,0.01998511,0.01998511,32505,100,0
6148.50829783,6148.50819640,3199.41563428,3199.42024733,0.04702340,759.92891222,0.01998511,0.01998511,32504,100,0
6148.69845937,6148.69738320,3208.02576671,3208.07477822,0.02710604,759.85634756,0.01998511,0.01998511,32503,100,0
6148.88549581,6148.88658164,3216.64800586,3216.59848975,0.04358155,759.78353304,0.01998511,0.01998511,32502,100,0
6149.07605038,6149.07579172,3225.28211963,3225.29393036,0.04675447,759.70787436,0.01998511,0.01998511,32501,100,0
6149.26547181,6149.26501345,3233.92787385,3233.94883038,0.02763028,759.63118727,0.01998511,0.01998511,32500,100,0
6149.45391026,6149.45424682,3242.58511059,3242.56970349,0.04723265,759.55343184,0.01998511,0.01998511,32499,100,0
6149.64386591,6149.64349185,3251.25404237,3251.27118867,0.04932903,759.47356296,0.01998511,0.01998511,32498,100,0
6149.83393861,6149.83274852,3259.93499371,3259.98961849,0.02336178,759.39214166,0.01998512,0.01998511,32497,100,0
6150.02134315,6150.02201684,3268.62829183,3268.59732732,0.04872014,759.31038263,0.01998511,0.01998511,32496,100,0
6150.21092207,6150.21129681,3277.33420615,3277.31695818,0.05466549,759.22617085,0.01998511,0.01998511,32495,100,0
6150.40083429,6150.40058844,3286.05274949,3286.06408123,0.02887841,759.14028827,0.01998511,0.01998511,32494,100,0
6150.58981020,6150.58989171,3294.78386556,3294.78010331,0.05366998,759.05331104,0.01998511,0.01998511,32493,100,0
6150.77904565,6150.77920664,3303.52749746,3303.52005709,0.04994672,758.96469171,0.01998511,0.01998511,32492,100,0
6150.96800632,6150.96853323,3312.28359235,3312.25920733,0.05547637,758.87467550,0.01998511,0.01998511,32491,100,0
6151.15813425,6151.15787147,3321.05211335,3321.06429129,0.03106109,758.78255925,0.01998511,0.01998511,32490,100,0
6151.34671602,6151.34722136,3329.83302696,3329.80957629,0.05219070,758.68965683,0.01998511,0.01998511,32489,100,0
6151.53646114,6151.53658292,3338.62629936,3338.62064044,0.04715280,758.59463275,0.01998511,0.01998511,32488,100,0
6151.72606690,6151.72595613,3347.43198692,3347.43714117,0.04117297,758.49812050,0.01998511,0.01998511,32487,100,0
6151.91468724,6151.91534101,3356.25040512,3356.21994207,0.04998788,758.40055534,0.01998511,0.01998511,32486,100,0
6152.10532533,6152.10473755,3365.08191798,3365.10934603,0.05521532,758.30036092,0.01998511,0.01998511,32485,100,0
6152.29440576,6152.29414574,3373.92689152,3373.93904277,0.03556827,758.19940032,0.01998511,0.01998511,32484,100,0
6152.48416370,6152.48356561,3382.78550088,3382.81349227,0.04990627,758.09648276,0.01998511,0.01998511,32483,100,0
6152.67350190,6152.67299713,3391.65750680,3391.68116414,0.04319365,757.99219655,0.01998511,0.01998511,32482,100,0
6152.86354313,6152.86244033,3400.54261415,3400.59437314,0.05684584,757.88591693,0.01998512,0.01998511,32481,100,0
6153.05247315,6153.05189519,3409.44052802,3409.46769127,0.04674552,757.77866113,0.01998511,0.01998511,32480,100,0
6153.24095076,6153.24136171,3418.35112250,3418.33178205,0.04873938,757.67007053,0.01998511,0.01998511,32479,100,0
6153.43082528,6153.43083991,3427.27453390,3427.27384442,0.05525894,757.55906000,0.01998511,0.01998511,32478,100,0
6153.62021496,6153.62032978,3436.21092196,3436.20550334,0.04816843,757.44671003,0.01998511,0.01998511,32477,100,0
6153.81079905,6153.80983131,3445.16044853,3445.20618434,0.06092216,757.33200702,0.01998512,0.01998511,32476,100,0
6153.99952376,6153.99934452,3454.12329616,3454.13177912,0.04034869,757.21678895,0.01998511,0.01998511,32475,100,0
6154.18945964,6154.18886940,3463.09966918,3463.12764457,0.05465482,757.09918061,0.01998511,0.01998511,32474,100,0
6154.37927559,6154.37840596,3472.08977465,3472.13105340,0.05765629,756.97998278,0.01998512,0.01998511,32473,100,0
6154.56873121,6154.56795419,3481.09380275,3481.13074060,0.05187849,756.85934363,0.01998512,0.01998511,32472,100,0
6154.75766074,6154.75751410,3490.11171470,3490.11869594,0.02962904,756.73737434,0.01998511,0.01998511,32471,100,0
6154.94725397,6154.94708569,3499.14331529,3499.15133839,0.05975213,756.61330108,0.01998511,0.01998511,32470,100,0
6155.13726914,6155.13666895,3508.18840447,3508.21706025,0.04956235,756.48726389,0.01998512,0.01998511,32469,100,0
6155.32629983,6155.32626390,3517.24677969,3517.24849791,0.04351812,756.36019958,0.01998511,0.01998511,32468,100,0
6155.51821126,6155.51587052,0.00000000,3526.42991322,0.04804551,756.22948668,0.01998512,0.01998511,32467,100,1
6155.70565139,6155.70548883,3535.40255214,3535.41034543,0.04114300,756.10013444,0.01998511,0.01998511,32466,100,0
6155.89502307,6155.89511882,3544.49952401,3544.49492796,0.02397069,755.96777204,0.01998511,0.01998511,32465,100,0
6156.08500930,6156.08476049,3553.60919077,3553.62115081,0.04323502,755.83327375,0.01998511,0.01998511,32464,100,0
6156.27434649,6156.27441385,3562.73248779,3562.72924504,0.05105457,755.69751447,0.01998511,0.01998511,32463,100,0
6156.46451732,6156.46407889,3571.87055188,3571.89169266,0.05697777,755.55940467,0.01998511,0.01998511,32462,100,0
6156.65462883,6156.65375563,3581.02452146,3581.06670000,0.02000368,755.41955740,0.01998512,0.01998511,32461,100,0
6156.84320717,6156.84344405,3590.19474566,3590.18328481,0.06274455,755.27906614,0.01998511,0.01998511,32460,100,0
6157.03335319,6157.03314416,3599.38015036,3599.39027957,0.04275984,755.13562918,0.01998511,0.01998511,32459,100,0
6157.22225616,6157.22285596,3608.57950389,3608.55039943,0.03622464,754.99137426,0.01998511,0.01998511,32458,100,0
6157.41263025,6157.41257945,3617.79163472,3617.79410287,0.03737509,754.84423753,0.01998511,0.01998511,32457,100,0
6157.60069023,6157.60231463,0.00000000,3626.95567121,0.06336549,754.69685642,0.01998511,0.01998511,32456,100,1
6157.79143600,6157.79206151,3636.25638868,3636.22590515,0.04679153,754.54615475,0.01998511,0.01998511,32455,100,0
6157.98173030,6157.98182008,3645.51207210,3645.50768892,0.04813974,754.39368058,0.01998511,0.01998511,32454,100,0
6158.17133975,6158.17159035,3654.78512537,3654.77286849,0.03004473,754.23989768,0.01998511,0.01998511,32453,100,0
6158.36132580,6158.36137232,3664.07500452,3664.07272543,0.04525556,754.08395019,0.01998511,0.01998511,32452,100,0
6158.55167987,6158.55116598,3673.38035169,3673.40556568,0.03749053,753.92584912,0.01998512,0.01998511,32451,100,0
6158.74102918,6158.74097135,3682.69979318,3682.70263480,0.03079371,753.76675985,0.01998511,0.01998511,32450,100,0
6158.93025272,6158.93078841,3692.03250572,3692.00614904,0.04689535,753.60596751,0.01998511,0.01998511,32449,100,0
6159.11999510,6159.12061717,3701.37928024,3701.34862729,0.04149799,753.44289833,0.01998511,0.01998511,32448,100,0
6159.30952162,6159.31045764,3710.74120515,3710.69500795,0.03949485,753.27815323,0.01998511,0.01998511,32447,100,0
6159.50041645,6159.50030981,3720.11935442,3720.12462646,0.05734574,753.11031118,0.01998511,0.01998511,32446,100,0
6159.69037538,6159.69017369,3729.51400232,3729.52399078,0.03895050,752.94137851,0.01998512,0.01998511,32445,100,0
6159.87983119,6159.88004927,3738.92445650,3738.91363993,0.05879395,752.77099639,0.01998511,0.01998511,32444,100,0
6160.07068373,6160.06993655,3748.34996074,3748.38707600,0.02225218,752.59744886,0.01998512,0.01998511,32443,100,0
6160.26053137,6160.25983555,3757.78984032,3757.82445460,0.04382107,752.42291889,0.01998512,0.01998511,32442,100,0
6160.44918078,6160.44974625,3767.24413071,3767.21595885,0.03934734,752.24760935,0.01998511,0.01998512,32441,100,0
6160.64049351,6160.63966867,3776.71321345,3776.75436982,0.05251876,752.06789518,0.01998512,0.01998512,32440,100,0
6160.82930398,6160.82960279,3786.19747580,3786.18254303,0.05265426,751.88861165,0.01998511,0.01998512,32439,100,0
6161.02024982,6161.01954863,3795.69724505,3795.73234154,0.04180569,751.70534667,0.01998512,0.01998512,32438,100,0
6161.20882939,6161.20950618,3805.21268209,3805.17875312,0.05334341,751.52241350,0.01998511,0.01998512,32437,100,0
6161.35207713,nan,0.00000000,3812.36550690,0.13832323,751.38213875,0.01998558,0.01998512,32437,100,1
6161.58999031,6161.58945642,3824.29109449,3824.31794582,0.02829040,751.14673850,0.01998512,0.01998512,32435,100,0
6161.77899929,6161.77944912,3833.85425162,3833.83159164,0.04525615,750.95748915,0.01998511,0.01998512,32434,100,0
6161.96881622,6161.96945353,3843.43336557,3843.40120970,0.05941584,750.76544470,0.01998511,0.01998512,32433,100,0
6162.15923327,6162.15946967,3853.02840570,3853.01645926,0.05358582,750.57078577,0.01998511,0.01998512,32432,100,0
6162.35012141,6162.34949752,3862.63945304,3862.67103354,0.04409509,750.37361742,0.01998512,0.01998512,32431,100,0
6162.53948365,6162.53953709,3872.26713936,3872.26442953,0.05217801,750.17599789,0.01998511,0.01998512,32430,100,0
6162.72976206,6162.72958838,3881.91227129,3881.92109311,0.05527216,749.97536304,0.01998512,0.01998512,32429,100,0
6162.91964722,6162.91965140,3891.57564864,3891.57543602,0.04032014,749.77305930,0.01998511,0.01998512,32428,100,0
6163.11044608,6163.10972614,3901.25734137,3901.29404474,0.04061275,749.56767475,0.01998512,0.01998512,32427,100,0
6163.29962730,6163.29981261,3910.95635952,3910.94689617,0.04730120,749.36195750,0.01998511,0.01998512,32426,100,0
6163.48991868,6163.48991080,3920.67162053,3920.67202354,0.05260545,749.15296405,0.01998512,0.01998512,32425,100,0
6163.68043661,6163.68002072,3930.40227336,3930.42357660,0.06536197,748.94165317,0.01998512,0.01998512,32424,100,0
6163.87100118,6163.87014237,3940.14917763,3940.19324369,0.04426826,748.72819291,0.01998512,0.01998512,32423,100,0
6164.06071964,6164.06027575,3949.91394403,3949.93676258,0.03554062,748.51355245,0.01998512,0.01998512,32422,100,0
6164.25012338,6164.25042086,3959.69818793,3959.68286530,0.05318290,748.29710513,0.01998511,0.01998512,32421,100,0
6164.44101214,6164.44057770,3969.50224664,3969.52466591,0.06124422,748.07675640,0.01998512,0.01998512,32420,100,0
6164.63115312,6164.63074627,3979.32418703,3979.34521709,0.03752052,747.85510436,0.01998512,0.01998512,32419,100,0
6164.82231828,6164.82092658,0.00000000,3989.23381514,0.05050305,747.63012074,0.01998512,0.01998512,32418,100,1
6165.01054581,6165.01111862,3999.01333759,3998.98364654,0.04926047,747.40653005,0.01998511,0.01998512,32417,100,0
6165.20159312,6165.20132240,4008.87990004,4008.89395488,0.05667656,747.17746382,0.01998512,0.01998512,32416,100,0
6165.39184198,6165.39153792,4018.76411967,4018.77993486,0.04405037,746.94715647,0.01998512,0.01998512,32415,100,0
6165.58152595,6165.58176517,4028.66861983,4028.65615121,0.06724751,746.71527796,0.01998512,0.01998512,32414,100,0
6165.77155409,6165.77200416,4038.59446736,4038.57096136,0.05670285,746.48068495,0.01998512,0.01998512,32413,100,0
6165.96289859,6165.96225489,4048.54005017,4048.57373031,0.05651003,746.24217458,0.01998512,0.01998512,32412,100,0
6166.15243903,6166.15251737,4058.50347741,4058.49937165,0.05110738,746.00368020,0.01998512,0.01998512,32411,100,0
6166.34219538,6166.34279158,4068.48311146,4068.45181711,0.04449738,745.76271829,0.01998512,0.01998512,32410,100,0
6166.53273915,6166.53307754,4078.47908992,4078.46129905,0.03556980,745.51853371,0.01998512,0.01998512,32409,100,0
nan,nan,0.00000000,-1.00000000,0.00000000,745.25944248,nan,0.00000000,-2147483648,100,1
nan,nan,0.00000000,-1.00000000,0.00000000,738.73388019,nan,0.00000000,-2147483648,99,1
nan,nan,0.00000000,-1.00000000,0.00000000,739.03918040,nan,0.00000000,-2147483648,99,1
6122.88712097,6122.88679987,12.41505581,12.42487148,0.12778273,739.31464280,0.01998510,0.01998510,32640,99,0
6123.07408114,6123.07441317,18.15181516,18.14165955,0.06442980,739.60433885,0.01998510,0.01998510,32639,99,0
6123.27060075,nan,0.00000000,24.16133024,0.10152172,739.90872981,0.01998513,0.01998510,32638,99,1
6123.44911624,6123.44967427,29.63635458,29.61926643,0.07368595,740.18413658,0.01998510,0.01998510,32637,99,0
6123.63468254,6123.63732207,0.00000000,35.30886025,0.14279128,740.47064607,0.01998509,0.01998510,32636,99,1
6123.81681416,nan,0.00000000,40.88992832,0.14384159,740.75110867,0.01998508,0.01998510,32635,99,1
6124.01166780,6124.01265217,46.89116329,46.86096716,0.06403919,741.05053020,0.01998510,0.01998510,32634,99,0
6124.20310129,6124.20033448,0.00000000,52.73696232,0.06806398,741.34454176,0.01998511,0.01998510,32633,99,1
6124.38990785,6124.38802829,58.41224233,58.46996024,0.03533265,741.63078264,0.01998511,0.01998510,32632,99,0
6124.57323395,6124.57573360,0.00000000,64.10136946,0.10211964,741.91135933,0.01998510,0.01998510,32631,99,1
6124.76320013,6124.76345043,69.94646347,69.93876981,0.08481841,742.20157993,0.01998510,0.01998510,32630,99,0
6124.95355857,6124.95117876,0.00000000,75.79181921,0.13696167,742.49194561,0.01998511,0.01998510,32629,99,1
6125.13881748,6125.13891859,81.49324278,81.49013167,0.05271485,742.77402601,0.01998510,0.01998510,32628,99,0
6125.32848706,6125.32666994,87.27159133,87.32753120,0.07990778,743.06236865,0.01998511,0.01998510,32627,99,0
6125.51262461,6125.51443280,93.05344113,92.99774550,0.09364083,743.34184947,0.01998510,0.01998510,32626,99,0
6125.70006983,6125.70220717,98.83893936,98.77306683,0.09804101,743.62589947,0.01998510,0.01998510,32625,99,0
6125.89063338,6125.88999306,104.62823363,104.64798039,0.07979349,743.91421464,0.01998511,0.01998510,32624,99,0
6126.07703449,6126.07779045,110.42142557,110.39809848,0.08507396,744.19578705,0.01998510,0.01998510,32623,99,0
6126.26267999,6126.26559937,0.00000000,116.13401128,0.14438572,744.47605442,0.01998509,0.01998510,32622,99,1
6126.45695331,6126.45341980,0.00000000,122.13437895,0.10378557,744.76859212,0.01998512,0.01998510,32621,99,1
6126.64391557,6126.64125174,0.00000000,127.91227246,0.03157369,745.04965397,0.01998511,0.01998510,32620,99,1
6126.82912705,6126.82909520,133.63268940,133.63367442,0.08289890,745.32735923,0.01998510,0.01998510,32619,99,0
6127.01572146,6127.01695019,139.44496295,139.40693481,0.08951086,745.60696774,0.01998510,0.01998510,32618,99,0
6127.20543269,6127.20481669,145.26094639,145.28002209,0.07264984,745.89077832,0.01998511,0.01998510,32617,99,0
6127.39570327,6127.39269472,0.00000000,151.17873113,0.06645122,746.17518473,0.01998511,0.01998510,32616,99,1
6127.57543557,6127.58058426,0.00000000,156.74901545,0.09829843,746.44316518,0.01998509,0.01998510,32615,99,1
6127.76803063,6127.76848533,162.73062490,162.71652069,0.03963031,746.72961862,0.01998510,0.01998510,32614,99,0
6127.96040963,6127.95639793,0.00000000,168.69047631,0.10541369,747.01572181,0.01998512,0.01998510,32613,99,1
6128.14596286,6128.14432205,174.39464109,174.44559014,0.04393496,747.29071989,0.01998511,0.01998510,32612,99,0
6128.32885709,6128.33225770,0.00000000,180.13249424,0.08484019,747.56185679,0.01998509,0.01998510,32611,99,1
6128.51995319,6128.52020487,186.07259752,186.06477388,0.10812819,747.84405497,0.01998510,0.01998510,32610,99,0
6128.71135038,6128.70816358,0.00000000,192.02440534,0.09805207,748.12689872,0.01998512,0.01998510,32609,99,1
6128.89590825,6128.89613381,197.76545309,197.75843298,0.05538118,748.39841510,0.01998510,0.01998510,32608,99,0
6129.08339549,6129.08411558,203.61781751,203.59539230,0.05262109,748.67418073,0.01998510,0.01998510,32607,99,0
6129.27361493,6129.27210887,209.47432317,209.52125652,0.07647225,748.95350190,0.01998511,0.01998510,32606,99,0
6129.46060985,6129.46011370,215.33498284,215.35045411,0.06053014,749.22763276,0.01998511,0.01998510,32605,99,0
6129.65034467,6129.64813007,0.00000000,221.27776111,0.10221725,749.50573286,0.01998511,0.01998510,32604,99,1
6129.83666421,6129.83615796,227.06821858,227.08402357,0.07363019,749.77752356,0.01998511,0.01998510,32603,99,0
6130.02374979,6130.02419740,232.94050781,232.92652565,0.04119249,750.05038111,0.01998510,0.01998510,32602,99,0
6130.21414093,6130.21224837,238.81638579,238.87553701,0.04313080,750.32756403,0.01998511,0.01998510,32601,99,0
6130.39926957,6130.40031088,244.69571583,244.66315326,0.06810388,750.59659873,0.01998510,0.01998511,32600,99,0
6130.58710904,6130.58838493,250.57849566,250.53857615,0.05500371,750.86908124,0.01998510,0.01998511,32599,99,0
6130.77697111,6130.77647052,256.46483432,256.48050496,0.04233100,751.14399858,0.01998511,0.01998511,32598,99,0
6130.96642050,6130.96456766,262.35484460,262.41288065,0.08360357,751.41782234,0.01998511,0.01998511,32597,99,0
6131.15324906,6131.15267633,268.24863970,268.26658985,0.03975348,751.68737690,0.01998511,0.01998511,32596,99,0
6131.34111117,6131.34079655,274.14633328,274.15619990,0.10649208,751.95794490,0.01998511,0.01998511,32595,99,0
6131.52873454,6131.52892831,280.04803138,280.04195099,0.05486100,752.22769456,0.01998510,0.01998511,32594,99,0
6131.71901415,6131.71707162,285.95376653,286.01476070,0.04240595,752.50077905,0.01998511,0.01998511,32593,99,0
6131.90499217,6131.90522648,291.86353151,291.85616985,0.05749427,752.76721742,0.01998510,0.01998511,32592,99,0
6132.09595269,6132.09339288,0.00000000,297.87041572,0.04355705,753.04087970,0.01998511,0.01998511,32591,99,1
6132.28103994,6132.28157083,303.69512036,303.67841984,0.04973770,753.30452239,0.01998510,0.01998511,32590,99,0
6132.47022564,6132.46976033,309.61692884,309.63157537,0.09764808,753.57410632,0.01998511,0.01998511,32589,99,0
6132.65951563,6132.65796139,315.54273921,315.59169201,0.03886759,753.84334873,0.01998511,0.01998511,32588,99,0
6132.84619920,6132.84617399,321.47256127,321.47335570,0.06508213,754.10840289,0.01998510,0.01998511,32587,99,0
6133.03761190,6133.03439815,0.00000000,327.51910402,0.02073892,754.38018446,0.01998512,0.01998511,32586,99,1
6133.22201165,6133.22263387,333.34429882,333.32466495,0.08023350,754.64053222,0.01998510,0.01998511,32585,99,0
6133.40969675,6133.41088113,339.28624360,339.24884738,0.07417677,754.90555678,0.01998510,0.01998511,32584,99,0
6133.59855017,6133.59913996,345.23225866,345.21362495,0.04636929,755.17174149,0.01998510,0.01998511,32583,99,0
6133.78606349,6133.78741034,351.18234152,351.13976276,0.04374675,755.43555009,0.01998510,0.01998511,32582,99,0
6133.97611005,6133.97569228,357.13644115,357.14965621,0.08052968,755.70242367,0.01998511,0.01998511,32581,99,0
6134.16489194,6134.16398578,363.09449782,363.12317924,0.05433046,755.96702012,0.01998511,0.01998511,32580,99,0
6134.35183265,6134.35229084,369.05645155,369.04194042,0.04383089,756.22853986,0.01998510,0.01998511,32579,99,0
6134.53931055,6134.54060747,375.02224215,374.98114477,0.08781666,756.49031150,0.01998510,0.01998511,32578,99,0
6134.72866503,6134.72893565,380.99181005,380.98322948,0.01557040,756.75419169,0.01998511,0.01998511,32577,99,0
6134.91817236,6134.91727540,386.96514612,386.99360212,0.02925412,757.01776848,0.01998511,0.01998511,32576,99,0
6135.10580096,6135.10562672,392.94231743,392.94784854,0.04887884,757.27822503,0.01998511,0.01998511,32575,99,0
6135.29357279,6135.29398960,398.92339763,398.91015885,0.04805576,757.53837717,0.01998511,0.01998511,32574,99,0
6135.48029076,6135.48236405,404.90846066,404.84256797,0.06361142,757.79657199,0.01998510,0.01998511,32573,99,0
6135.67026314,6135.67075006,410.89758074,410.88209585,0.06935912,758.05876017,0.01998511,0.01998511,32572,99,0
6135.86181359,6135.85914765,0.00000000,416.97700270,0.05119297,758.32266844,0.01998512,0.01998511,32571,99,1
6136.04572703,6136.04755680,422.88823232,422.82996927,0.01398201,758.57545395,0.01998510,0.01998511,32570,99,0
6136.23668265,6136.23597753,428.88977889,428.91224531,0.04490963,758.83747178,0.01998511,0.01998511,32569,99,0
6136.42333087,6136.42440983,434.89545755,434.86105848,0.05807576,759.09307823,0.01998510,0.01998511,32568,99,0
6136.61132076,6136.61285370,440.90525665,440.85635339,0.05213082,759.35001960,0.01998510,0.01998511,32567,99,0
6136.80063943,6136.80130915,446.91916451,446.89778610,0.02979940,759.60826575,0.01998511,0.01998511,32566,99,0
6136.99080502,6136.98977617,452.93717100,452.97003380,0.03694010,759.86714880,0.01998511,0.01998511,32565,99,0
6137.17758841,6137.17825477,458.95927580,458.93797845,0.03180953,760.12092045,0.01998511,0.01998511,32564,99,0
6137.36586020,6137.36674494,464.98548226,464.95718763,0.04716091,760.37620467,0.01998511,0.01998511,32563,99,0
6137.55548234,6137.55524670,471.01579376,471.02333437,0.01280042,760.63280157,0.01998511,0.01998511,32562,99,0
6137.74298164,6137.74376003,477.05021369,477.02528920,0.04689783,760.88601326,0.01998511,0.01998511,32561,99,0
6137.93264209,6137.93228495,483.08874538,483.10018822,0.03187598,761.14162382,0.01998511,0.01998511,32560,99,0
6138.12138948,6138.12082145,489.13136997,489.14958110,0.03841195,761.39548285,0.01998511,0.01998511,32559,99,0
6138.30879556,6138.30936953,495.17801211,495.15959985,0.04748140,761.64701926,0.01998511,0.01998511,32558,99,0
6138.49759775,6138.49792920,501.22858735,501.21794874,0.05949461,761.89990224,0.01998511,0.01998511,32557,99,0
6138.68710666,6138.68650045,507.28301085,507.30248000,0.04470915,762.15319480,0.01998511,0.01998511,32556,99,0
6138.87399386,6138.87508328,513.34119746,513.30619039,0.08256745,762.40245168,0.01998511,0.01998511,32555,99,0
6139.06351303,6139.06367771,519.40306744,519.39777281,0.05711598,762.65467535,0.01998511,0.01998511,32554,99,0
6139.25312058,6139.25228372,525.46869619,525.49561773,0.05239290,762.90647091,0.01998511,0.01998511,32553,99,0
6139.44101107,6139.44090132,531.53832802,531.54186084,0.10763786,763.15545665,0.01998511,0.01998511,32552,99,0
6139.62986027,6139.62953051,537.61221676,537.62283850,0.04636502,763.40519075,0.01998511,0.01998511,32551,99,0
6139.81925415,6139.81817130,543.69061724,543.72552129,0.08257390,763.65512862,0.01998511,0.01998511,32550,99,0
6140.00598689,6140.00682368,549.77378535,549.74679285,0.06570995,763.90105713,0.01998511,0.01998511,32549,99,0
6140.19471546,6140.19548765,555.86192936,555.83700176,0.05503799,764.14911913,0.01998511,0.01998511,32548,99,0
6140.38306750,6140.38416321,561.95490449,561.91950803,0.04424272,764.39618266,0.01998511,0.01998511,32547,99,0
6140.57323076,6140.57285037,568.05240903,568.06470531,0.04461096,764.64509772,0.01998511,0.01998511,32546,99,0
6140.76106625,6140.76154913,574.15413932,574.13852049,0.05520926,764.89043506,0.01998511,0.01998511,32545,99,0
6140.95077439,6140.95025949,580.25979041,580.27645452,0.06072673,765.13766915,0.01998511,0.01998511,32544,99,0
6141.13907958,6141.13898144,586.36905654,586.37223432,0.05745649,765.38251565,0.01998511,0.01998511,32543,99,0
6141.32751431,6141.32771500,592.48178845,592.47528671,0.06991273,765.62696576,0.01998511,0.01998511,32542,99,0
6141.51656484,6141.51646015,598.59822631,598.60161980,0.05827223,765.87165551,0.01998511,0.01998511,32541,99,0
6141.70524221,6141.70521691,604.71867049,604.71949102,0.07627708,766.11531456,0.01998511,0.01998511,32540,99,0
6141.89373140,6141.89398528,610.84342260,610.83518277,0.06893071,766.35819492,0.01998511,0.01998511,32539,99,0
6142.08317795,6142.08276524,616.97278555,616.98619025,0.04531106,766.60178008,0.01998511,0.01998511,32538,99,0
6142.27248841,6142.27155681,623.10704825,623.13732917,0.05383093,766.84467066,0.01998511,0.01998511,32537,99,0
6142.46000448,6142.46035999,629.24621411,629.23464998,0.06000099,767.08474550,0.01998511,0.01998511,32536,99,0
6142.64872613,6142.64917478,635.39003131,635.37542777,0.07302155,767.32583645,0.01998511,0.01998511,32535,99,0
6142.83702500,6142.83800117,641.53823803,641.50644371,0.07461856,767.56584838,0.01998511,0.01998511,32534,99,0
6143.02808986,6143.02683918,647.69057132,647.73133043,0.04348376,767.80882384,0.01998511,0.01998511,32533,99,0
6143.21476867,6143.21568880,653.84676714,653.81676442,0.01654562,768.04566331,0.01998511,0.01998511,32532,99,0
6143.40544514,6143.40455002,660.00664070,660.03584361,0.03810792,768.28699651,0.01998511,0.01998511,32531,99,0
6143.59286148,6143.59342286,666.17038318,666.15205716,0.04420533,768.52364032,0.01998511,0.01998511,32530,99,0
6143.78282359,6143.78230732,672.33829681,672.35516084,0.07749993,768.76293937,0.01998511,0.01998511,32529,99,0
6143.97210743,6143.97120339,678.51068511,678.54023586,0.05460271,769.00083439,0.01998511,0.01998511,32528,99,0
6144.15931459,6144.16011108,684.68785288,684.66179874,0.06579728,769.23558994,0.01998511,0.01998511,32527,99,0
6144.34941449,6144.34903038,690.87010109,690.88267588,0.01427786,769.47344409,0.01998511,0.01998511,32526,99,0
6144.53763130,6144.53796130,697.05749518,697.04668370,0.01306337,769.70841794,0.01998511,0.01998511,32525,99,0
6144.72646361,6144.72690384,703.24976998,703.23533705,0.06553107,769.94362440,0.01998511,0.01998511,32524,99,0
6144.91521336,6144.91585800,709.44663456,709.42548632,0.07124994,770.17817916,0.01998511,0.01998511,32523,99,0
6145.10555119,6145.10482379,715.64779672,715.67167449,0.05603663,770.41413905,0.01998511,0.01998511,32522,99,0
6145.29320578,6145.29380119,721.85296300,721.83340711,0.05872161,770.64620154,0.01998511,0.01998511,32521,99,0
6145.48250380,6145.48279022,728.06188864,728.05247612,0.04604820,770.87971146,0.01998511,0.01998511,32520,99,0
6145.67231763,6145.67179088,734.27467482,734.29199512,0.04055045,771.11327044,0.01998511,0.01998511,32519,99,0
6145.86058455,6145.86080316,740.49157040,740.48437779,0.05882775,771.34435317,0.01998511,0.01998511,32518,99,0
6146.05076698,6146.04982706,746.71282583,746.74377107,0.03908562,771.57721588,0.01998511,0.01998511,32517,99,0
6146.23939400,6146.23886260,752.93869262,752.95620028,0.05229767,771.80761502,0.01998511,0.01998511,32516,99,0
6146.42724709,6146.42790976,759.16942192,759.14757297,0.03327105,772.03652315,0.01998511,0.01998511,32515,99,0
6146.61717485,6146.61696856,765.40513965,765.41194630,0.06454386,772.26740880,0.01998511,0.01998511,32514,99,0
6146.80592925,6146.80603898,771.64575165,771.64212844,0.06089738,772.49631451,0.01998511,0.01998511,32513,99,0
6146.99526516,6146.99512104,777.89114107,777.89590287,0.02298555,772.72536516,0.01998511,0.01998511,32512,99,0
6147.18417781,6147.18421473,784.14119058,784.13996963,0.03179602,772.95333872,0.01998511,0.01998511,32511,99,0
6147.37336070,6147.37332006,790.39578232,790.39712688,0.04700298,773.18106698,0.01998511,0.01998511,32510,99,0
6147.56195673,6147.56243702,796.65481215,796.63891140,0.06225895,773.40751441,0.01998511,0.01998511,32509,99,0
6147.75199481,6147.75156562,802.91828794,802.93250644,0.02458131,773.63511205,0.01998511,0.01998511,32508,99,0
6147.94021853,6147.94070585,809.18627085,809.17011587,0.03761384,773.85996236,0.01998511,0.01998511,32507,99,0
6148.12976797,6148.12985773,815.45882264,815.45584513,0.05475887,774.08581946,0.01998511,0.01998511,32506,99,0
6148.31941941,6148.31902124,821.73600530,821.74922259,0.04235768,774.31121943,0.01998511,0.01998511,32505,99,0
6148.50824244,6148.50819640,828.01788082,828.01941035,0.03702757,774.53506050,0.01998511,0.01998511,32504,99,0
6148.69659558,6148.69738320,834.30448719,834.27830607,0.06111575,774.75777344,0.01998511,0.01998511,32503,99,0
6148.88488072,6148.88658164,840.59582074,840.53924165,0.07184704,774.97983423,0.01998510,0.01998511,32502,99,0
6149.07558106,6149.07579172,846.89187364,846.88486158,0.03378109,775.20415898,0.01998511,0.01998511,32501,99,0
6149.26516609,6149.26501345,853.19263801,853.19772235,0.04397103,775.42658683,0.01998511,0.01998511,32500,99,0
6149.45446547,6149.45424682,859.49810593,859.50539379,0.04794107,775.64809585,0.01998511,0.01998511,32499,99,0
6149.64330237,6149.64349185,865.80828387,865.80196365,0.03668174,775.86848128,0.01998511,0.01998511,32498,99,0
6149.83248674,6149.83274852,872.12327556,872.11453762,0.04045325,776.08869097,0.01998511,0.01998511,32497,99,0
6150.02301676,6150.02201684,878.44322531,878.47662643,0.06489009,776.30988244,0.01998511,0.01998511,32496,99,0
6150.21105126,6150.21129681,884.76827819,884.76006973,0.03069915,776.52760504,0.01998511,0.01998511,32495,99,0
6150.40052093,6150.40058844,891.09857991,891.09632165,0.02843288,776.74641822,0.01998511,0.01998511,32494,99,0
6150.58938905,6150.58989171,897.43427249,897.41744257,0.06084448,776.96396919,0.01998511,0.01998511,32493,99,0
6150.77858662,6150.77920664,903.77531632,903.75454109,0.04810254,777.18132846,0.01998511,0.01998511,32492,99,0
6150.96841682,6150.96853323,910.12142659,910.11752329,0.03683030,777.39882844,0.01998511,0.01998511,32491,99,0
6151.15734086,6151.15787147,916.47229994,916.45449621,0.05222477,777.61469536,0.01998511,0.01998511,32490,99,0
6151.34786928,6151.34722136,922.82763165,922.84938506,0.04378795,777.83178246,0.01998511,0.01998511,32489,99,0
6151.53685325,6151.53658292,929.18711562,929.19619701,0.04456865,778.04648989,0.01998511,0.01998511,32488,99,0
6151.72565250,6151.72595613,935.55053944,935.54033360,0.06109514,778.26036250,0.01998511,0.01998511,32487,99,0
6151.91504912,6151.91534101,941.91811004,941.90829295,0.01828687,778.47428988,0.01998511,0.01998511,32486,99,0
6152.10439707,6152.10473755,948.29015130,948.27869263,0.05690321,778.68754906,0.01998511,0.01998511,32485,99,0
6152.29355387,6152.29414574,954.66698855,954.64705475,0.06357922,778.89999008,0.01998511,0.01998511,32484,99,0
6152.48361225,6152.48356561,961.04894864,961.05052077,0.04723073,779.11284609,0.01998511,0.01998511,32483,99,0
6152.67364121,6152.67299713,967.43634207,967.45806818,0.05255216,779.32507893,0.01998512,0.01998511,32482,99,0
6152.86182346,6152.86244033,973.82917859,973.80835415,0.03797249,779.53466621,0.01998511,0.01998511,32481,99,0
6153.05193511,6153.05189519,980.22721554,980.22856430,0.03768923,779.74580337,0.01998511,0.01998511,32480,99,0
6153.24090086,6153.24136171,986.63020138,986.61462166,0.05483282,779.95506139,0.01998511,0.01998511,32479,99,0
6153.43131335,6153.43083991,993.03788342,993.05389911,0.02460488,780.16529989,0.01998512,0.01998511,32478,99,0
6153.62026998,6153.62032978,999.45000832,999.44798423,0.06308619,780.37330436,0.01998511,0.01998511,32477,99,0
6153.80932716,6153.80983131,1005.86644665,1005.84937093,0.03576929,780.58078920,0.01998511,0.01998511,32476,99,0
6153.99858093,6153.99934452,1012.28735303,1012.26147344,0.04800649,780.78786189,0.01998511,0.01998511,32475,99,0
6154.18914073,6154.18886940,1018.71292217,1018.72212421,0.07038908,780.99573364,0.01998512,0.01998511,32474,99,0
6154.37875269,6154.37840596,1025.14334971,1025.15511757,0.02808579,781.20194880,0.01998512,0.01998511,32473,99,0
6154.56749704,6154.56795419,1031.57883215,1031.56330516,0.05431605,781.40660815,0.01998511,0.01998511,32472,99,0
6154.75778888,6154.75751410,1038.01953643,1038.02887610,0.03213432,781.61233076,0.01998512,0.01998511,32471,99,0
6154.94764616,6154.94708569,1044.46543131,1044.48449573,0.04799839,781.81696572,0.01998512,0.01998511,32470,99,0
6155.13653459,6155.13666895,1050.91640560,1050.91183191,0.01427751,782.01993875,0.01998511,0.01998511,32469,99,0
6155.32634080,6155.32626390,1057.37234731,1057.37496675,0.06168647,782.22327221,0.01998511,0.01998511,32468,99,0
6155.51526689,6155.51587052,1063.83314397,1063.81256835,0.04557271,782.42503474,0.01998511,0.01998511,32467,99,0
6155.70593092,6155.70548883,1070.29868613,1070.31376540,0.05207775,782.62801293,0.01998512,0.01998511,32466,99,0
6155.89527986,6155.89511882,1076.76894344,1076.77444015,0.03262060,782.82895191,0.01998511,0.01998511,32465,99,0
6156.08573833,6156.08476049,1083.24396353,1083.27736182,0.06580120,783.03042565,0.01998512,0.01998511,32464,99,0
6156.27441946,6156.27441385,1089.72379747,1089.72398910,0.03807245,783.22938368,0.01998511,0.01998511,32463,99,0
6156.46399739,6156.46407889,1096.20849661,1096.20570891,0.03474645,783.42865023,0.01998511,0.01998511,32462,99,0
6156.65347559,6156.65375563,1102.69811269,1102.68852826,0.06618071,783.62717376,0.01998511,0.01998511,32461,99,0
6156.84300094,6156.84344405,1109.19273794,1109.17756099,0.03019998,783.82510956,0.01998511,0.01998511,32460,99,0
6157.03301632,6157.03314416,1115.69255536,1115.68817345,0.05492441,784.02292137,0.01998511,0.01998511,32459,99,0
6157.22281662,6157.22285596,1122.19776112,1122.19641161,0.04336969,784.21987793,0.01998511,0.01998511,32458,99,0
6157.41317627,6157.41257945,1128.70855229,1128.72904192,0.06207856,784.41678529,0.01998512,0.01998511,32457,99,0
6157.60158793,6157.60231463,1135.22512690,1135.20015743,0.03673308,784.61106074,0.01998511,0.01998511,32456,99,0
6157.79143468,6157.79206151,1141.74761994,1141.72606400,0.06223283,784.80619722,0.01998511,0.01998511,32455,99,0
6157.98198520,6157.98182008,1148.27583199,1148.28151477,0.05732864,785.00142458,0.01998511,0.01998511,32454,99,0
6158.17198386,6158.17159035,1154.80945329,1154.82300643,0.01930432,785.19544443,0.01998512,0.01998511,32453,99,0
6158.36175475,6158.36137232,1161.34817255,1161.36135338,0.07052009,785.38858062,0.01998512,0.01998511,32452,99,0
6158.55191717,6158.55116598,1167.89167695,1167.91758373,0.04054506,785.58145165,0.01998512,0.01998511,32451,99,0
6158.74175641,6158.74097135,1174.43968139,1174.46677349,0.05338281,785.77332234,0.01998512,0.01998511,32450,99,0
6158.93108268,6158.93078841,1180.99226717,1181.00242898,0.01613352,785.96400618,0.01998512,0.01998511,32449,99,0
6159.12107159,6159.12061717,1187.54976733,1187.56547063,0.05663360,786.15469457,0.01998512,0.01998511,32448,99,0
6159.31047919,6159.31045764,1194.11252135,1194.11326662,0.05177307,786.34414664,0.01998511,0.01998511,32447,99,0
6159.49965958,6159.50030981,1200.68087037,1200.65836504,0.06244687,786.53272871,0.01998511,0.01998511,32446,99,0
6159.69014690,6159.69017369,1207.25515103,1207.25422298,0.05153143,786.72197231,0.01998511,0.01998511,32445,99,0
6159.88065128,6159.88004927,1213.83546683,1213.85633887,0.02050377,786.91059021,0.01998512,0.01998511,32444,99,0
6160.07040565,6160.06993655,1220.42161817,1220.43789503,0.04334364,787.09781890,0.01998512,0.01998511,32443,99,0
6160.25972556,6160.25983555,1227.01338433,1227.00956481,0.02064771,787.28396755,0.01998511,0.01998511,32442,99,0
6160.44916646,6160.44974625,1233.61054350,1233.59039503,0.04531171,787.46957583,0.01998511,0.01998512,32441,99,0
6160.63995688,6160.63966867,1240.21287310,1240.22289594,0.06019449,787.65583160,0.01998512,0.01998512,32440,99,0
6160.83084801,6160.82960279,1246.82024488,1246.86357851,0.02275122,787.84150262,0.01998512,0.01998512,32439,99,0
6161.01955315,6161.01954863,1253.43275473,1253.43291234,0.04891285,788.02437683,0.01998511,0.01998512,32438,99,0
6161.20968593,6161.20950618,1260.05053131,1260.05679578,0.02248409,788.20796203,0.01998512,0.01998512,32437,99,0
6161.39868541,6161.39947544,1266.67370395,1266.64614949,0.05376517,788.38978567,0.01998511,0.01998512,32436,99,0
6161.58935399,6161.58945642,1273.30240257,1273.29882707,0.04517468,788.57254260,0.01998511,0.01998512,32435,99,0
6161.77955850,6161.77944912,1279.93673089,1279.94055193,0.02247132,788.75418274,0.01998512,0.01998512,32434,99,0
6161.96957265,6161.96945353,1286.57667960,1286.58084390,0.04341422,788.93496874,0.01998512,0.01998512,32433,99,0
6162.15973728,6162.15946967,1293.22220932,1293.23157242,0.04471218,789.11522209,0.01998512,0.01998512,32432,99,0
6162.34928327,6162.34949752,1299.87328049,1299.86577903,0.03516503,789.29421328,0.01998511,0.01998512,32431,99,0
6162.53913542,6162.53953709,1306.52985333,1306.51577862,0.05053943,789.47281430,0.01998511,0.01998512,32430,99,0
6162.72943550,6162.72958838,1313.19188675,1313.18652541,0.06931547,789.65115149,0.01998512,0.01998512,32429,99,0
6162.91944593,6162.91965140,1319.85933141,1319.85212065,0.02429262,789.82852958,0.01998512,0.01998512,32428,99,0
6163.10962401,6163.10972614,1326.53213416,1326.52854740,0.04882963,790.00537286,0.01998512,0.01998512,32427,99,0
6163.30000205,6163.29981261,1333.21024158,1333.21689934,0.06718860,790.18170610,0.01998512,0.01998512,32426,99,0
6163.49042208,6163.48991080,1339.89359995,1339.91158160,0.01756074,790.35737842,0.01998512,0.01998512,32425,99,0
6163.67955716,6163.68002072,1346.58216673,1346.56585141,0.04296415,790.53116958,0.01998511,0.01998512,32424,99,0
6163.87104289,6163.87014237,1353.27604104,1353.30775872,0.06185541,790.70641513,0.01998512,0.01998512,32423,99,0
6164.06040151,6164.06027575,1359.97541823,1359.97985115,0.02104116,790.87901905,0.01998512,0.01998512,32422,99,0
6164.25089163,6164.25042086,1366.68049641,1366.69710396,0.04951066,791.05196028,0.01998512,0.01998512,32421,99,0
6164.44064472,6164.44057770,1373.39147470,1373.39384102,0.04584350,791.22354337,0.01998512,0.01998512,32420,99,0
6164.63074480,6164.63074627,1380.10854486,1380.10849268,0.06454515,791.39475348,0.01998512,0.01998512,32419,99,0
6164.82103420,6164.82092658,1386.83172218,1386.83552841,0.03022166,791.56544395,0.01998512,0.01998512,32418,99,0
6165.01103934,6165.01111862,1393.56085225,1393.55804619,0.03336044,791.73518448,0.01998512,0.01998512,32417,99,0
6165.20113692,6165.20132240,1400.29577307,1400.28920267,0.04476651,791.90430648,0.01998512,0.01998512,32416,99,0
6165.39138162,6165.39153792,1407.03632178,1407.03078096,0.01339304,792.07285123,0.01998512,0.01998512,32415,99,0
6165.58155355,6165.58176517,1413.78233677,1413.77482923,0.06143344,792.24061751,0.01998512,0.01998512,32414,99,0
6165.77176260,6165.77200416,1420.53373346,1420.52515767,0.03878800,792.40769849,0.01998512,0.01998512,32413,99,0
6165.96304023,6165.96225489,1427.29052641,1427.31842809,0.05326993,792.57499238,0.01998512,0.01998512,32412,99,0
6166.15245236,6166.15251737,1434.05273668,1434.05042534,0.02848764,792.73993619,0.01998512,0.01998512,32411,99,0
6166.34268741,6166.34279158,1440.82038546,1440.81667874,0.07544252,792.90487559,0.01998512,0.01998512,32410,99,0
6166.53256659,6166.53307754,1447.59349565,1447.57530172,0.03379193,793.06878455,0.01998511,0.01998512,32409,99,0
6166.72346744,6166.72337525,1454.37219944,1454.37548469,0.04203474,793.23284967,0.01998512,0.01998512,32408,99,0
6166.91438153,6166.91368470,1461.15680625,1461.18165894,0.06416444,793.39620386,0.01998512,0.01998512,32407,99,0
6167.10403597,6167.10400590,1467.94764316,1467.94871660,0.03368473,793.55777074,0.01998512,0.01998512,32406,99,0
6167.29397693,6167.29433884,1474.74503892,1474.73210769,0.05666846,793.71887850,0.01998512,0.01998512,32405,99,0
6167.48445708,6167.48468354,1481.54932174,1481.54122257,0.04622975,793.87974226,0.01998512,0.01998512,32404,99,0
6167.67542481,6167.67503998,1488.36055491,1488.37433083,0.03634250,794.04031178,0.01998512,0.01998512,32403,99,0
6167.86626575,6167.86540818,1495.17828567,1495.20901103,0.05417219,794.20005534,0.01998512,0.01998512,32402,99,0
6168.05648134,6168.05578813,1502.00199977,1502.02685575,0.02373007,794.35854563,0.01998512,0.01998512,32401,99,0
6168.24438888,6168.24617983,1508.83118024,1508.76691860,0.11357363,794.51438368,0.01998511,0.01998512,32400,99,0
6168.43614916,6168.43658328,1515.66530889,1515.64972201,0.04763166,794.67265599,0.01998512,0.01998512,32399,99,0
6168.62702663,6168.62699850,1522.50414888,1522.50515971,0.04623433,794.82942908,0.01998512,0.01998512,32398,99,0
6168.81819318,6168.81742546,1529.34808451,1529.37568615,0.04168570,794.98567617,0.01998512,0.01998512,32397,99,0
6169.00788924,6169.00786419,1536.19758453,1536.19848585,0.04888802,795.13997494,0.01998512,0.01998512,32396,99,0
6169.19870438,6169.19831467,1543.05312013,1543.06715408,0.06486803,795.29444243,0.01998512,0.01998512,32395,99,0
6169.38878748,6169.38877692,1549.91516424,1549.91554499,0.02800775,795.44758626,0.01998512,0.01998512,32394,99,0
6169.57909617,6169.57925092,1556.78399328,1556.77840999,0.05408586,795.60018464,0.01998512,0.01998512,32393,99,0
6169.76988647,6169.76973669,1563.65942099,1563.66482932,0.04227501,795.75243227,0.01998512,0.01998512,32392,99,0
6169.96024885,6169.96023422,1570.54119405,1570.54172248,0.04592428,795.90359511,0.01998512,0.01998512,32391,99,0
6170.15068308,6170.15074352,1577.42905776,1577.42687176,0.04047042,796.05406431,0.01998512,0.01998512,32390,99,0
6170.34166373,6170.34126458,1584.32275654,1584.33720471,0.04688922,796.20420343,0.01998512,0.01998512,32389,99,0
6170.53231693,6170.53179741,1591.22215419,1591.24097413,0.05682556,796.35331915,0.01998512,0.01998512,32388,99,0
6170.72250515,6170.72234200,1598.12739565,1598.13331034,0.06326185,796.50130975,0.01998512,0.01998512,32387,99,0
6170.91270421,6170.91289837,1605.03866688,1605.03162200,0.01921457,796.64855007,0.01998512,0.01998512,32386,99,0
6171.10332596,6171.10346650,1611.95615481,1611.95105107,0.06514356,796.79535814,0.01998512,0.01998512,32385,99,0
6171.29334425,6171.29404640,1618.88004688,1618.85452595,0.06857833,796.94094644,0.01998512,0.01998512,32384,99,0
6171.48486070,6171.48463808,1625.81044591,1625.81854437,0.05770318,797.08691970,0.01998512,0.01998512,32383,99,0
6171.67449827,6171.67524153,1632.74726707,1632.72020536,0.04930457,797.23070214,0.01998512,0.01998512,32382,99,0
6171.86570446,6171.86585675,1639.69040005,1639.68485073,0.04651670,797.37490490,0.01998512,0.01998512,32381,99,0
6172.05612584,6172.05648375,1646.63973393,1646.62668099,0.04564691,797.51774379,0.01998512,0.01998512,32380,99,0
6172.24705118,6172.24712252,1653.59515789,1653.59255413,0.03452473,797.66018277,0.01998512,0.01998512,32379,99,0
6172.43765497,6172.43777307,1660.55664664,1660.55233237,0.03190089,797.80160212,0.01998512,0.01998512,32378,99,0
6172.62829251,6172.62843540,1667.52434241,1667.51911811,0.04369244,797.94226793,0.01998512,0.01998512,32377,99,0
6172.81932255,6172.81910951,1674.49840750,1674.50620295,0.04437530,798.08244329,0.01998512,0.01998512,32376,99,0
6173.00984895,6173.00979540,1681.47900506,1681.48096609,0.03980378,798.22147224,0.01998512,0.01998512,32375,99,0
6173.20058866,6173.20049308,1688.46629737,1688.46980124,0.03169807,798.35988056,0.01998512,0.01998512,32374,99,0
6173.39177689,6173.39120253,1695.46032837,1695.48140185,0.02959346,798.49783329,0.01998512,0.01998512,32373,99,0
6173.58230042,6173.58192377,1702.46094821,1702.47477944,0.03799849,798.63452312,0.01998512,0.01998512,32372,99,0
6173.77291981,6173.77265679,1709.46798839,1709.47765502,0.04886759,798.77049359,0.01998512,0.01998512,32371,99,0
6173.96369572,6173.96340160,1716.48127947,1716.49209813,0.03583928,798.90578078,0.01998512,0.01998512,32370,99,0
6174.15468470,6174.15415820,1723.50065476,1723.52003637,0.03236860,799.04041704,0.01998512,0.01998512,32369,99,0
6174.34491279,6174.34492658,1730.52608809,1730.52557977,0.03886821,799.17371654,0.01998512,0.01998512,32368,99,0
6174.53529136,6174.53570676,1737.55773540,1737.54241865,0.03715089,799.30632251,0.01998512,0.01998512,32367,99,0
6174.72688535,6174.72649872,1744.59576547,1744.61003369,0.03053125,799.43896898,0.01998512,0.01998512,32366,99,0
6174.91710439,6174.91730248,1751.64034805,1751.63303109,0.04431484,799.56986440,0.01998512,0.01998512,32365,99,0
6175.10748865,6175.10811803,1758.69164893,1758.66838085,0.04083650,799.70007689,0.01998512,0.01998512,32364,99,0
6175.29912797,6175.29894537,1765.74973021,1765.75648695,0.04539366,799.83034155,0.01998512,0.01998512,32363,99,0
6175.48972793,6175.48978451,1772.81455320,1772.81245780,0.05839449,799.95909425,0.01998512,0.01998512,32362,99,0
6175.68046980,6175.68063544,1779.88607481,1779.87993441,0.05886971,800.08713536,0.01998512,0.01998512,32361,99,0
6175.87135582,6175.87149818,1786.96425172,1786.95897030,0.06679887,800.21446135,0.01998512,0.01998512,32360,99,0
6176.06276827,6176.06237270,1794.04904071,1794.06372937,0.06239139,800.34131967,0.01998512,0.01998512,32359,99,0
6176.25359213,6176.25325903,1801.14040313,1801.15278289,0.05603298,800.46696866,0.01998512,0.01998512,32358,99,0
6176.44453337,6176.44415716,1808.23830333,1808.25229726,0.03808659,800.59187312,0.01998512,0.01998512,32357,99,0
6176.63538224,6176.63506709,1815.34270553,1815.35443825,0.03875157,800.71589269,0.01998512,0.01998512,32356,99,0
6176.82612598,6176.82598882,1822.45357373,1822.45868436,0.03189197,800.83901732,0.01998512,0.01998512,32355,99,0
6177.01708217,6177.01692236,1829.57088387,1829.57684365,0.04214813,800.96144853,0.01998512,0.01998512,32354,99,0
6177.20744645,6177.20786770,1836.69470200,1836.67897919,0.04250873,801.08267184,0.01998512,0.01998512,32353,99,0
6177.39809785,6177.39882485,1843.82513505,1843.79797667,0.05336681,801.20324840,0.01998512,0.01998512,32352,99,0
6177.58960575,6177.58979380,1850.96229077,1850.95525963,0.05861874,801.32353021,0.01998512,0.01998512,32351,99,0
6177.78090288,6177.78077456,1858.10627746,1858.11107953,0.06366673,801.44284201,0.01998512,0.01998512,32350,99,0
6177.97201107,6177.97176713,1865.25720528,1865.26634284,0.03350506,801.56119930,0.01998512,0.01998512,32349,99,0
6178.16289018,6178.16277151,1872.41519024,1872.41963939,0.03948115,801.67857930,0.01998512,0.01998512,32348,99,0
6178.35369737,6178.35378770,1879.58035043,1879.57696040,0.03052580,801.79507991,0.01998512,0.01998512,32347,99,0
6178.54481510,6178.54481571,1886.75280460,1886.75278175,0.04607650,801.91093231,0.01998512,0.01998512,32346,99,0
6178.73592259,6178.73585552,1893.93267175,1893.93519343,0.06787277,802.02593924,0.01998512,0.01998512,32345,99,0
6178.92596454,6178.92690716,1901.11995567,1901.08447815,0.05819617,802.13947002,0.01998512,0.01998512,32344,99,0
6179.11802805,6179.11797060,1908.31438134,1908.31654537,0.04574444,802.25335542,0.01998512,0.01998512,32343,99,0
6179.30944742,6179.30904587,1915.51563109,1915.53077143,0.04115872,802.36599798,0.01998512,0.01998512,32342,99,0
6179.49996123,6179.50013295,1922.72338535,1922.71690535,0.04292635,802.47724681,0.01998512,0.01998512,32341,99,0
6179.69125990,6179.69123185,1929.93733035,1929.93838974,0.06770805,802.58808265,0.01998512,0.01998512,32340,99,0
6179.88301030,6179.88234257,1937.15745846,1937.18269563,0.04396898,802.69830158,0.01998512,0.01998512,32339,99,0
6180.07367272,6180.07346511,1944.38416912,1944.39202258,0.03314586,802.80702664,0.01998512,0.01998512,32338,99,0
6180.26461276,6180.26459948,1951.61789194,1951.61839488,0.03264723,802.91504603,0.01998512,0.01998512,32337,99,0
6180.45614293,6180.45574566,1958.85905905,1958.87411609,0.05804901,803.02253438,0.01998512,0.01998512,32336,99,0
6180.64761223,6180.64690368,1966.10806895,1966.13495220,0.05407606,803.12912579,0.01998512,0.01998512,32335,99,0
6180.83829413,6180.83807351,1973.36485165,1973.37323017,0.03839744,803.23441752,0.01998512,0.01998512,32334,99,0
6181.02938610,6181.02925518,1980.62900681,1980.63398368,0.03097794,803.33906469,0.01998512,0.01998512,32333,99,0
6181.22070522,6181.22044867,1987.90012495,1987.90988578,0.06429375,803.44295416,0.01998512,0.01998512,32332,99,0
6181.41209232,6181.41165399,1995.17779413,1995.19448447,0.04273873,803.54598901,0.01998512,0.01998512,32331,99,0
6181.60290066,6181.60287114,2002.46167745,2002.46280251,0.03118783,803.64781750,0.01998512,0.01998512,32330,99,0
6181.79385511,6181.79410012,2009.75185536,2009.74251098,0.04490176,803.74882830,0.01998512,0.01998512,32329,99,0
6181.98548929,6181.98534094,2017.04854992,2017.05421277,0.05801083,803.84929856,0.01998512,0.01998512,32328,99,0
6182.18043880,6182.17659358,0.00000000,2024.50480474,0.07443260,803.95066241,0.01998513,0.01998512,32327,99,1
6182.36761472,6182.36785806,2031.66238423,2031.65307892,0.03875260,804.04695036,0.01998512,0.01998512,32326,99,0
6182.55926121,6182.55913438,2038.97998119,2038.98483560,0.05701785,804.14473025,0.01998512,0.01998512,32325,99,0
6182.75062522,6182.75042253,2046.30502380,2046.31278912,0.04016058,804.24146821,0.01998512,0.01998512,32324,99,0
6182.94152182,6182.94172252,2053.63776390,2053.63006670,0.03381007,804.33707645,0.01998512,0.01998512,32323,99,0
6183.13362097,6183.13303435,2060.97845481,2061.00097529,0.05988082,804.43238652,0.01998512,0.01998512,32322,99,0
6183.32478878,6183.32435802,2068.32734234,2068.34389717,0.03113108,804.52633786,0.01998512,0.01998512,32321,99,0
6183.51557639,6183.51569353,2075.68446068,2075.67995419,0.03026571,804.61920781,0.01998512,0.01998512,32320,99,0
6183.70721892,6183.70704088,2083.04962797,2083.05648435,0.05443054,804.71158883,0.01998512,0.01998512,32319,99,0
6183.89874904,6183.89840008,2090.42265157,2090.43610371,0.04102665,804.80300387,0.01998512,0.01998512,32318,99,0
6184.09056907,6184.08977111,2097.80333765,2097.83412737,0.05796992,804.89363827,0.01998512,0.01998512,32317,99,0
6184.28143753,6184.28115400,2105.19150725,2105.20245793,0.03776147,804.98290512,0.01998512,0.01998512,32316,99,0
6184.47264349,6184.47254873,2112.58709020,2112.59075373,0.02850374,805.07140801,0.01998512,0.01998512,32315,99,0
6184.66423386,6184.66395531,2119.99006182,2120.00084042,0.06174178,805.15916030,0.01998512,0.01998512,32314,99,0
6184.85534359,6184.85537373,2127.40039743,2127.39923007,0.03090306,805.24576337,0.01998512,0.01998512,32313,99,0
6185.04707039,6185.04680401,2134.81807236,2134.82839906,0.06102494,805.33171053,0.01998512,0.01998512,32312,99,0
6185.23869358,6185.23824614,2142.24312055,2142.26048281,0.03424682,805.41667252,0.01998512,0.01998512,32311,99,0
6185.42896247,6185.42970011,2149.67571614,2149.64706568,0.04006514,805.50010462,0.01998512,0.01998512,32310,99,0
6185.62135247,6185.62116595,2157.11605468,2157.12330671,0.05935896,805.58352441,0.01998512,0.01998512,32309,99,0
6185.80776610,6185.81264363,0.00000000,2164.38739663,0.07778072,805.66358931,0.01998511,0.01998512,32308,99,1
6186.00358905,6186.00413317,2172.02074026,2171.99954168,0.05194658,805.74644592,0.01998512,0.01998512,32307,99,0
6186.19717560,6186.19563457,2179.48531018,2179.54540943,0.06660706,805.82752607,0.01998513,0.01998512,32306,99,0
6186.38593070,6186.38714782,2186.95793907,2186.91042445,0.05720872,805.90565001,0.01998512,0.01998512,32305,99,0
6186.57898923,6186.57867294,2194.43851795,2194.45087781,0.03255716,805.98459820,0.01998512,0.01998512,32304,99,0
6186.76975279,6186.77020991,2201.92693716,2201.90905661,0.05558839,806.06165321,0.01998512,0.01998512,32303,99,0
6186.96185901,6186.96175874,2209.42308376,2209.42700943,0.03142180,806.13828732,0.01998512,0.01998512,32302,99,0
6187.15370607,6187.15331944,2216.92683208,2216.94198447,0.04754249,806.21384911,0.01998513,0.01998512,32301,99,0
6187.34484424,6187.34489199,2224.43805214,2224.43617900,0.02492226,806.28816453,0.01998512,0.01998512,32300,99,0
6187.53632409,6187.53647642,2231.95661310,2231.95063233,0.04801008,806.36164067,0.01998512,0.01998512,32299,99,0
6187.72775869,6187.72807270,2239.48238677,2239.47004697,0.03310005,806.43412273,0.01998512,0.01998512,32298,99,0
6187.91925291,6187.91968085,2247.01541184,2246.99857942,0.04829969,806.50564788,0.01998512,0.01998512,32297,99,0
6188.11104126,6188.11130088,2254.55596591,2254.54574456,0.02750490,806.57630073,0.01998512,0.01998512,32296,99,0
6188.30271126,6188.30293276,2262.10434650,2262.09561704,0.04879834,806.64592777,0.01998512,0.01998512,32295,99,0
6188.49417673,6188.49457652,2269.66085300,2269.64508097,0.03913695,806.71449981,0.01998512,0.01998512,32294,99,0
6188.68644006,6188.68623215,2277.22575585,2277.23396675,0.05911822,806.78237049,0.01998513,0.01998512,32293,99,0
6188.87769331,6188.87789965,2284.79910344,2284.79094610,0.04864513,806.84890033,0.01998512,0.01998512,32292,99,0
6189.06970896,6189.06957902,2292.38084581,2292.38598802,0.03565789,806.91470405,0.01998512,0.01998512,32291,99,0
6189.26128384,6189.26127027,2299.97093218,2299.97146991,0.04774562,806.97936309,0.01998512,0.01998512,32290,99,0
6189.45252779,6189.45297339,2307.56931108,2307.55164025,0.03395063,807.04291682,0.01998512,0.01998512,32289,99,0
6189.64484966,6189.64468839,2315.17589282,2315.18229451,0.05704947,807.10582354,0.01998513,0.01998512,32288,99,0
6189.83698443,6189.83641526,2322.79051723,2322.81313315,0.05345121,807.16765796,0.01998513,0.01998512,32287,99,0
6190.02812967,6190.02815402,2330.41301547,2330.41204718,0.02777834,807.22816658,0.01998512,0.01998512,32286,99,0
6190.22021591,6190.21990465,2338.04321761,2338.05560911,0.04258522,807.28795649,0.01998513,0.01998512,32285,99,0
6190.41176098,6190.41166716,2345.68099571,2345.68473415,0.02187856,807.34655916,0.01998513,0.01998513,32284,99,0
6190.60353982,6190.60344156,2353.32659387,2353.33051307,0.06057512,807.40421295,0.01998513,0.01998513,32283,99,0
6190.79564685,6190.79522784,2360.98044865,2360.99717959,0.05646288,807.46094188,0.01998513,0.01998513,32282,99,0
6190.98721727,6190.98702600,2368.64300096,2368.65064669,0.04757700,807.51649211,0.01998513,0.01998513,32281,99,0
6191.17881131,6191.17883604,2376.31469233,2376.31370236,0.03241507,807.57102983,0.01998512,0.01998513,32280,99,0
6191.37109811,6191.37065798,2383.99571713,2384.01335109,0.04687359,807.62473746,0.01998513,0.01998513,32279,99,0
6191.56200195,6191.56249180,2391.68579622,2391.66614889,0.06235648,807.67703514,0.01998512,0.01998513,32278,99,0
6191.75433295,6191.75433750,2399.38459557,2399.38441283,0.03140405,807.72868648,0.01998513,0.01998513,32277,99,0
6191.94633965,6191.94619510,2407.09177887,2407.09758853,0.05213914,807.77920651,0.01998513,0.01998513,32276,99,0
6192.13822133,6192.13806459,2414.80704429,2414.81335012,0.04946034,807.82864604,0.01998513,0.01998513,32275,99,0
6192.32956149,6192.32994597,2422.53037137,2422.51488812,0.03662432,807.87689987,0.01998512,0.01998513,32274,99,0
6192.52162195,6192.52183924,2430.26187150,2430.25311254,0.05527651,807.92428221,0.01998512,0.01998513,32273,99,0
6192.71361522,6192.71374441,2438.00165751,2437.99644482,0.04564481,807.97059078,0.01998513,0.01998513,32272,99,0
6192.90591969,6192.90566147,2445.74984430,2445.76027504,0.05450405,808.01591216,0.01998513,0.01998513,32271,99,0
6193.09731020,6193.09759042,2453.50662715,2453.49529590,0.06701099,808.05996033,0.01998512,0.01998513,32270,99,0
6193.28987612,6193.28953128,2461.27232506,2461.28628498,0.03439011,808.10321224,0.01998513,0.01998513,32269,99,0
6193.48154501,6193.48148403,2469.04726959,2469.04974106,0.04576057,808.14519827,0.01998513,0.01998513,32268,99,0
6193.67383620,6193.67344868,2476.83179444,2476.84751853,0.04921193,808.18625150,0.01998513,0.01998513,32267,99,0
6193.86508927,6193.86542523,2484.62612346,2484.61247533,0.02833065,808.22601813,0.01998512,0.01998513,32266,99,0
6194.05708638,6194.05741368,2492.42989096,2492.41657971,0.06231494,808.26486541,0.01998513,0.01998513,32265,99,0
6194.24954872,6194.24941404,2500.24253466,2500.24801766,0.05101788,808.30272020,0.01998513,0.01998513,32264,99,0
6194.44149704,6194.44142630,2508.06348830,2508.06637113,0.04441705,808.33938409,0.01998513,0.01998513,32263,99,0
6194.63382998,6194.63345046,2515.89220351,2515.90768338,0.04432205,808.37502399,0.01998513,0.01998513,32262,99,0
6194.82515311,6194.82548653,2523.72862285,2523.71501031,0.05562018,808.40938349,0.01998513,0.01998513,32261,99,0
6195.01795762,6195.01753451,2531.57318032,2531.59047195,0.06405242,808.44290462,0.01998513,0.01998513,32260,99,0
6195.20944764,6195.20959439,2539.42633395,2539.42033010,0.03089067,808.47509842,0.01998513,0.01998513,32259,99,0
6195.40141098,6195.40166619,2547.28854473,2547.27809246,0.05126755,808.50627100,0.01998513,0.01998513,32258,99,0
6195.59390129,6195.59374989,2555.16013209,2555.16633983,0.04498420,808.53641993,0.01998513,0.01998513,32257,99,0
6195.78541511,6195.78584551,2563.04100994,2563.02334279,0.04839703,808.56530947,0.01998513,0.01998513,32256,99,0
6195.97817545,6195.97795303,2570.93102026,2570.94016020,0.04670927,808.59326824,0.01998513,0.01998513,32255,99,0
6196.17019735,6196.17007248,2578.83000392,2578.83514090,0.03388470,808.61999962,0.01998513,0.01998513,32254,99,0
6196.36287326,6196.36220383,2586.73782177,2586.76538875,0.04273811,808.64569404,0.01998513,0.01998513,32253,99,0
6196.55452996,6196.55434711,2594.65451398,2594.66205193,0.04990224,808.67012809,0.01998513,0.01998513,32252,99,0
6196.74678379,6196.74650230,2602.58021231,2602.59182935,0.06285479,808.69350826,0.01998513,0.01998513,32251,99,0
6196.93839623,6196.93866940,2610.51505013,2610.50376408,0.02488209,808.71568101,0.01998513,0.01998513,32250,99,0
6197.13159238,6197.13084843,2618.45916185,2618.48993164,0.05278889,808.73689202,0.01998513,0.01998513,32249,99,0
6197.32282053,6197.32303938,2626.41268959,2626.40362776,0.06320492,808.75675128,0.01998513,0.01998513,32248,99,0
6197.51533097,6197.51524225,2634.37578489,2634.37946297,0.05970453,808.77559890,0.01998513,0.01998513,32247,99,0
6197.70723197,6197.70745704,2642.34860082,2642.33925994,0.05650617,808.79324004,0.01998513,0.01998513,32246,99,0
6197.89989731,6197.89968375,2650.33129147,2650.34016510,0.04821348,808.80979584,0.01998513,0.01998513,32245,99,0
6198.09190364,6198.09192239,2658.32394953,2658.32316937,0.05273994,808.82513912,0.01998513,0.01998513,32244,99,0
6198.28452073,6198.28417296,2666.32648140,2666.34096580,0.04647823,808.83936743,0.01998513,0.01998513,32243,99,0
6198.47680048,6198.47643545,2674.33875795,2674.35397857,0.05851567,808.85240394,0.01998513,0.01998513,32242,99,0
6198.66872578,6198.66870987,2682.36064908,2682.36131308,0.03253708,808.86424954,0.01998513,0.01998513,32241,99,0
6198.86055732,6198.86099622,2690.39204905,2690.37370661,0.05151272,808.87492027,0.01998513,0.01998513,32240,99,0
6199.05313124,6199.05329450,2698.43303804,2698.42620730,0.05462751,808.88445282,0.01998513,0.01998513,32239,99,0
6199.24639993,6199.24560472,2706.48378019,2706.51708984,0.06747416,808.89282773,0.01998513,0.01998513,32238,99,0
6199.43788901,6199.43792686,2714.54444120,2714.54285374,0.02900731,808.89994383,0.01998513,0.01998513,32237,99,0
6199.63051960,6199.63026094,2722.61517693,2722.62603742,0.06006649,808.90591151,0.01998513,0.01998513,32236,99,0
6199.82305924,6199.82260695,2730.69592158,2730.71493393,0.04467733,808.91067857,0.01998513,0.01998513,32235,99,0
6200.01463670,6200.01496490,2738.78640092,2738.77258919,0.03562446,808.91422894,0.01998513,0.01998513,32234,99,0
6200.20768540,6200.20733478,2746.88633068,2746.90110163,0.04539549,808.91659880,0.01998513,0.01998513,32233,99,0
6200.39979968,6200.39971661,2754.99542690,2754.99893027,0.03311035,808.91774957,0.01998513,0.01998513,32232,99,0
6200.59223757,6200.59211037,2763.11363299,2763.11900334,0.04098911,808.91769071,0.01998513,0.01998513,32231,99,0
6200.78486265,6200.78451607,2771.24130958,2771.25595809,0.04585379,808.91641350,0.01998513,0.01998513,32230,99,0
6200.97621654,6200.97693372,2779.37886413,2779.34851620,0.04525670,808.91393377,0.01998513,0.01998513,32229,99,0
6201.16934025,6201.16936330,2787.52670709,2787.52573021,0.05560928,808.91020294,0.01998513,0.01998513,32228,99,0
6201.36240487,6201.36180484,2795.68515485,2795.71060898,0.03664114,808.90523540,0.01998513,0.01998513,32227,99,0
6201.55461682,6201.55425831,2803.85418514,2803.86941193,0.04370436,808.89905579,0.01998513,0.01998513,32226,99,0
6201.74673638,6201.74672373,2812.03370058,2812.03423834,0.03510101,808.89164438,0.01998513,0.01998513,32225,99,0
6201.93926122,6201.93920110,2820.22360301,2820.22616285,0.04320082,808.88297457,0.01998513,0.01998513,32224,99,0
6202.13109137,6202.13169042,2828.42380182,2828.39826665,0.05462736,808.87309442,0.01998513,0.01998513,32223,99,0
6202.32384146,6202.32419168,2836.63426063,2836.61931426,0.05807934,808.86191423,0.01998513,0.01998513,32222,99,0
6202.51723354,6202.51670490,2844.85496516,2844.87755251,0.03541876,808.84943046,0.01998513,0.01998513,32221,99,0
6202.70939123,6202.70923006,2853.08590101,2853.09279531,0.03989061,808.83576567,0.01998513,0.01998513,32220,99,0
6202.90151049,6202.90176718,2861.32704836,2861.31605478,0.04474766,808.82084301,0.01998513,0.01998513,32219,99,0
6203.09451553,6203.09431626,2869.57832134,2869.58686564,0.05615765,808.80457812,0.01998513,0.01998513,32218,99,0
6203.28658401,6203.28687728,2877.83958871,2877.82699954,0.03424125,808.78712103,0.01998513,0.01998513,32217,99,0
6203.47924396,6203.47945027,2886.11071730,2886.10185120,0.03738500,808.76833231,0.01998513,0.01998513,32216,99,0
6203.67187933,6203.67203521,2894.39158319,2894.38487674,0.05055433,808.74826247,0.01998513,0.01998513,32215,99,0
6203.86503337,6203.86463211,2902.68231842,2902.69960177,0.04317698,808.72684541,0.01998513,0.01998513,32214,99,0
6204.05716389,6204.05724097,2910.98332521,2910.98000119,0.02994074,808.70425183,0.01998513,0.01998513,32213,99,0
6204.24955018,6204.24986179,2919.29502149,2919.28156719,0.05188866,808.68033337,0.01998513,0.01998513,32212,99,0
6204.44119578,6204.44249457,2927.61782365,2927.56167292,0.05800072,808.65521295,0.01998513,0.01998513,32211,99,0
6204.63581292,6204.63513931,2935.95188104,2935.98104081,0.02915118,808.62837588,0.01998513,0.01998513,32210,99,0
6204.82677932,6204.82779601,2944.29693171,2944.25286597,0.04604271,808.60073830,0.01998513,0.01998513,32209,99,0
6205.02019928,6205.02046468,2952.65267687,2952.64115988,0.05549436,808.57142532,0.01998513,0.01998513,32208,99,0
6205.21297463,6205.21314532,2961.01881653,2961.01140106,0.02768341,808.54088438,0.01998513,0.01998513,32207,99,0
6205.40575481,6205.40583793,2969.39524524,2969.39162991,0.05264373,808.50901508,0.01998513,0.01998513,32206,99,0
6205.59836111,6205.59854250,2977.78227489,2977.77437538,0.03875589,808.47584296,0.01998513,0.01998513,32205,99,0
6205.79154713,6205.79125904,2986.18027315,2986.19283520,0.03470462,808.44122783,0.01998513,0.01998513,32204,99,0
6205.98422112,6205.98398755,2994.58961038,2994.59980837,0.05436049,808.40535819,0.01998513,0.01998513,32203,99,0
6206.17712220,6206.17672803,3003.01054489,3003.02777776,0.03387755,808.36809327,0.01998513,0.01998513,32202,99,0
6206.36946489,6206.36948049,3011.44301323,3011.44233045,0.04832863,808.32958350,0.01998513,0.01998513,32201,99,0
6206.56212257,6206.56224492,3019.88689479,3019.88153191,0.04186721,808.28965210,0.01998513,0.01998513,32200,99,0
6206.75470526,6206.75502132,3028.34206794,3028.32819666,0.04377317,808.24837295,0.01998513,0.01998513,32199,99,0
6206.94731824,6206.94780970,3036.80847028,3036.78687357,0.05236859,808.20571931,0.01998513,0.01998513,32198,99,0
6207.13999655,6207.14061006,3045.28625228,3045.25925788,0.05652870,808.16167666,0.01998513,0.01998513,32197,99,0
6207.33410463,6207.33342239,3053.77561275,3053.80567105,0.04126281,808.11591089,0.01998513,0.01998513,32196,99,0
6207.52617331,6207.52624671,3062.27675204,3062.27351404,0.04122367,808.06924028,0.01998513,0.01998513,32195,99,0
6207.72016397,6207.71908300,3070.78975743,3070.83750956,0.05771714,808.02069773,0.01998513,0.01998513,32194,99,0
6207.91249152,6207.91193128,3079.31423705,3079.33901670,0.04967253,807.97117459,0.01998513,0.01998513,32193,99,0
6208.10481965,6208.10479154,3087.84967028,3087.85091515,0.03213102,807.92025862,0.01998513,0.01998513,32192,99,0
6208.29796330,6208.29766378,3096.39553222,3096.40881092,0.05045064,807.86772359,0.01998513,0.01998513,32191,99,0
6208.49073388,6208.49054801,3104.95147708,3104.95972691,0.03226135,807.81388558,0.01998513,0.01998513,32190,99,0
6208.68368934,6208.68344422,3113.51800670,3113.52889927,0.05260457,807.75858305,0.01998513,0.01998513,32189,99,0
6208.87649754,6208.87635242,3122.09587327,3122.10233043,0.04497476,807.70190107,0.01998513,0.01998513,32188,99,0
6209.06934068,6209.06927261,3130.68583508,3130.68886797,0.04189701,807.64377707,0.01998513,0.01998513,32187,99,0
6209.26223069,6209.26220479,3139.28849755,3139.28965347,0.05456267,807.58419688,0.01998513,0.01998513,32186,99,0
6209.45524662,6209.45514896,3147.90370625,3147.90807015,0.02925324,807.52312954,0.01998513,0.01998513,32185,99,0
6209.64769833,6209.64810512,3156.53107578,3156.51287596,0.04909858,807.46079549,0.01998513,0.01998513,32184,99,0
6209.84124242,6209.84107327,3165.17021742,3165.17779489,0.05519923,807.39664966,0.01998513,0.01998513,32183,99,0
6210.03438695,6210.03405342,3173.82083823,3173.83579881,0.03335424,807.33117559,0.01998513,0.01998513,32182,99,0
6210.22646095,6210.22704556,3182.48310567,3182.45684893,0.03963532,807.26461095,0.01998513,0.01998513,32181,99,0
6210.41943108,6210.42004970,3191.15732354,3191.12950227,0.02942263,807.19626853,0.01998513,0.01998513,32180,99,0
6210.61355801,6210.61306583,3199.84379813,3199.86596347,0.05211100,807.12602457,0.01998513,0.01998513,32179,99,0
6210.80539657,6210.80609396,3208.54275219,3208.51130230,0.04868660,807.05513133,0.01998513,0.01998513,32178,99,0
6210.99985833,6210.99913409,3217.25404458,3217.28674913,0.04768487,806.98176537,0.01998513,0.01998513,32177,99,0
6211.19237840,6211.19218623,3225.97743579,3225.98612501,0.02726803,806.90763746,0.01998513,0.01998513,32176,99,0
6211.38536975,6211.38525036,3234.71268423,3234.71808922,0.04930844,806.83183225,0.01998513,0.01998513,32175,99,0
6211.57781853,6211.57832650,3243.45965235,3243.43662487,0.05279146,806.75474466,0.01998513,0.01998513,32174,99,0
6211.77141638,6211.77141464,3252.21858595,3252.21866486,0.04772442,806.67568242,0.01998513,0.01998513,32173,99,0
6211.96478364,6211.96451479,3260.98981993,3261.00204059,0.02520341,806.59518960,0.01998513,0.01998513,32172,99,0
6212.15758185,6212.15762694,3269.77369185,3269.77163977,0.05619593,806.51340774,0.01998513,0.01998513,32171,99,0
6212.35039866,6212.35075110,3278.57045159,3278.55438686,0.04637092,806.43008595,0.01998513,0.01998513,32170,99,0
6212.54355040,6212.54388726,3287.38008851,3287.36471238,0.04510795,806.34507751,0.01998513,0.01998513,32169,99,0
6212.73707107,6212.73703544,3296.20254442,3296.20417288,0.05476910,806.25835365,0.01998513,0.01998513,32168,99,0
6212.93082767,6212.93019563,3305.03776061,3305.06669024,0.05838666,806.16996135,0.01998513,0.01998513,32167,99,0
6213.12260104,6213.12336783,3313.88568508,3313.85053952,0.01763514,806.08092875,0.01998513,0.01998513,32166,99,0
6213.31648486,6213.31655204,3322.74628141,3322.74319817,0.03217236,805.98934829,0.01998513,0.01998513,32165,99,0
6213.51018378,6213.50974827,3331.61951495,3331.63953100,0.03218241,805.89627526,0.01998513,0.01998513,32164,99,0
6213.70339482,6213.70295651,3340.50535293,3340.52552488,0.04576901,805.80185796,0.01998513,0.01998513,32163,99,0
6213.89723936,6213.89617676,3349.40391052,3349.45288161,0.05119583,805.70553946,0.01998514,0.01998513,32162,99,0
6214.08923344,6214.08940904,3358.31553972,3358.30743568,0.04387304,805.60855926,0.01998513,0.01998513,32161,99,0
6214.28239157,6214.28265333,3367.24061653,3367.22851812,0.04922141,805.50939292,0.01998513,0.01998513,32160,99,0
6214.47572311,6214.47590964,3376.17950876,3376.17087437,0.06142925,805.40852196,0.01998513,0.01998513,32159,99,0
6214.66965917,6214.66917798,3385.13227466,3385.15458114,0.05115199,805.30570452,0.01998513,0.01998513,32158,99,0
6214.86385452,6214.86245833,3394.09862935,3394.16344568,0.04376312,805.20110950,0.01998514,0.01998513,32157,99,0
6215.05640556,6215.05575071,3403.07826776,3403.10871108,0.03964251,805.09577696,0.01998514,0.01998513,32156,99,0
6215.24906252,6215.24905511,3412.07090140,3412.07124612,0.05228527,804.98876617,0.01998513,0.01998513,32155,99,0
6215.44219221,6215.44237154,3421.07650165,3421.06814204,0.03931077,804.87986033,0.01998513,0.01998513,32154,99,0
6215.63619197,6215.63569999,3430.09522812,3430.11819488,0.05643706,804.76881025,0.01998513,0.01998513,32153,99,0
6215.82928590,6215.82904047,3439.12724591,3439.13871940,0.04896388,804.65662471,0.01998513,0.01998513,32152,99,0
6216.02196439,6216.02239298,3448.17272527,3448.15266048,0.02053212,804.54302739,0.01998513,0.01998513,32151,99,0
6216.21564003,6216.21575752,3457.23186491,3457.22635668,0.05488896,804.42716907,0.01998513,0.01998513,32150,99,0
6216.40949705,6216.40913409,3466.30487703,3466.32191965,0.05958608,804.30951320,0.01998513,0.01998513,32149,99,0
6216.60266825,6216.60252269,3475.39197568,3475.39882046,0.03490409,804.19058328,0.01998513,0.01998513,32148,99,0
6216.79513237,6216.79592332,3484.49330326,3484.45605384,0.04147332,804.07040213,0.01998513,0.01998513,32147,99,0
6216.98873687,6216.98933599,3493.60872295,3493.58046617,0.02643236,803.94780553,0.01998513,0.01998513,32146,99,0
6217.18206042,6217.18276070,3502.73802970,3502.70495396,0.04240235,803.82367828,0.01998513,0.01998513,32145,99,0
6217.37648598,6217.37619744,3511.88101643,3511.89466455,0.04709817,803.69711772,0.01998514,0.01998513,32144,99,0
6217.56984476,6217.56964621,3521.03747222,3521.04687644,0.02446916,803.56953158,0.01998514,0.01998513,32143,99,0
6217.76307926,6217.76310703,3530.20718047,3530.20586348,0.06617703,803.44031049,0.01998513,0.01998513,32142,99,0
6217.95697741,6217.95657989,3539.38992203,3539.40880209,0.03323590,803.30891716,0.01998514,0.01998513,32141,99,0
6218.15068695,6218.15006478,3548.58550318,3548.61509226,0.03442676,803.17591934,0.01998514,0.01998513,32140,99,0
6218.34306733,6218.34356172,3557.79438531,3557.77083908,0.05002301,803.04210761,0.01998513,0.01998513,32139,99,0
6218.53708999,6218.53707070,3567.01770466,3567.01862449,0.04992376,802.90538767,0.01998513,0.01998513,32138,99,0
6218.73066323,6218.73059173,3576.25663822,3576.26005490,0.05275620,802.76719247,0.01998513,0.01998513,32137,99,0
6218.92397766,6218.92412480,3585.51219200,3585.50514935,0.03713816,802.62737294,0.01998513,0.01998513,32136,99,0
6219.11780073,6219.11766992,3594.78386547,3594.79013678,0.04455256,802.48537009,0.01998513,0.01998513,32135,99,0
6219.31185033,6219.31122708,3604.07040019,3604.10032413,0.06034154,802.34139207,0.01998514,0.01998513,32134,99,0
6219.50573577,6219.50479630,3613.37052028,3613.41568727,0.04239334,802.19574082,0.01998514,0.01998513,32133,99,0
6219.69783628,6219.69837756,3622.68350302,3622.65744467,0.06897137,802.04966568,0.01998513,0.01998513,32132,99,0
6219.89176576,6219.89197088,3632.01053383,3632.00064410,0.04131853,801.90039280,0.01998513,0.01998513,32131,99,0
6220.08599412,6220.08557624,3641.35321448,3641.37339711,0.05034456,801.74903713,0.01998514,0.01998513,32130,99,0
6220.27897601,6220.27919366,3650.71313638,3650.70260486,0.05653024,801.59678277,0.01998513,0.01998514,32129,99,0
6220.47313305,6220.47282314,3660.09070855,3660.10573079,0.05480567,801.44170492,0.01998514,0.01998514,32128,99,0
6220.66640123,6220.66646467,3669.48465891,3669.48157881,0.04650214,801.28546054,0.01998513,0.01998514,32127,99,0
6220.85989852,6220.86011825,3678.89357641,3678.88289261,0.04787090,801.12717122,0.01998513,0.01998514,32126,99,0
6221.05360513,6221.05378390,3688.31618575,3688.30748220,0.05193689,800.96686127,0.01998513,0.01998514,32125,99,0
6221.24764236,6221.24746160,3697.75271273,3697.76152658,0.05237809,800.80441195,0.01998514,0.01998514,32124,99,0
6221.44123404,6221.44115136,3707.20426453,3707.20830204,0.03991011,800.64044859,0.01998514,0.01998514,32123,99,0
6221.63535352,6221.63485319,3716.67196980,3716.69644606,0.03617720,800.47411818,0.01998514,0.01998514,32122,99,0
6221.82923602,6221.82856708,3726.15658392,3726.18936480,0.05728738,800.30605025,0.01998514,0.01998514,32121,99,0
6222.02264720,6222.02229302,3735.65759789,3735.67498185,0.03931436,800.13645933,0.01998514,0.01998514,32120,99,0
6222.21591764,6222.21603104,3745.17423476,3745.16866009,0.04929053,799.96507061,0.01998514,0.01998514,32119,99,0
6222.40963137,6222.40978112,3754.70572690,3754.69835474,0.05932928,799.79136795,0.01998514,0.01998514,32118,99,0
6222.60382244,6222.60354327,3764.25182552,3764.26558973,0.05174903,799.61530435,0.01998514,0.01998514,32117,99,0
6222.79709960,6222.79731748,3773.81289099,3773.80213211,0.05933100,799.43813373,0.01998514,0.01998514,32116,99,0
6222.99055879,6222.99110376,3783.38932144,3783.36236906,0.03761799,799.25884760,0.01998513,0.01998514,32115,99,0
6223.18416331,6223.18490212,3792.98149194,3792.94489508,0.04575655,799.07746027,0.01998513,0.01998514,32114,99,0
6223.37786871,6223.37871254,3802.58960767,3802.54774150,0.03332379,798.89399784,0.01998513,0.01998514,32113,99,0
6223.57146552,6223.57253504,3812.21380703,3812.16065748,0.05205389,798.70864820,0.01998513,0.01998514,32112,99,0
6223.76765331,6223.76636961,0.00000000,3821.92168248,0.03464865,798.51870776,0.01998514,0.01998514,32111,99,1
6223.95948212,6223.96021626,3831.51095732,3831.47435569,0.04618648,798.33112898,0.01998513,0.01998514,32110,99,0
6224.15449086,6224.15407498,3841.18397246,3841.20474075,0.05751407,798.13833925,0.01998514,0.01998514,32109,99,0
6224.34851581,6224.34794577,3850.87324281,3850.90175488,0.05562727,797.94448247,0.01998514,0.01998514,32108,99,0
6224.54213578,6224.54182865,3860.57878761,3860.59417495,0.05812249,797.74899358,0.01998514,0.01998514,32107,99,0
6224.73562935,6224.73572361,3870.30113566,3870.29640518,0.02670525,797.55158072,0.01998514,0.01998514,32106,99,0
6224.93026981,6224.92963064,3880.04111333,3880.07324806,0.04988771,797.35090283,0.01998514,0.01998514,32105,99,0
6225.12330020,6225.12354976,3889.79955712,3889.78698687,0.05092864,797.14978365,0.01998513,0.01998514,32104,99,0
6225.31782539,6225.31748096,3899.57678902,3899.59416967,0.03844509,796.94497383,0.01998514,0.01998514,32103,99,0
6225.51126656,6225.51142424,3909.37188678,3909.36391632,0.04714670,796.73919165,0.01998514,0.01998514,32102,99,0
6225.70576099,6225.70537961,3919.18373632,3919.20304483,0.05183644,796.53017863,0.01998514,0.01998514,32101,99,0
6225.89862228,6225.89934706,3929.01134778,3928.97459736,0.04821335,796.32084377,0.01998513,0.01998514,32100,99,0
6226.09402473,6226.09332660,3938.85531924,3938.89077813,0.04538880,796.10662024,0.01998514,0.01998514,32099,99,0
6226.28748795,6226.28731823,3948.71729429,3948.72593050,0.06492098,795.89236586,0.01998514,0.01998514,32098,99,0
6226.48018679,6226.48132195,3958.59894806,3958.54107006,0.05068923,795.67677890,0.01998513,0.01998514,32097,99,0
6226.67570499,6226.67533776,3968.50092928,3968.51968937,0.03446114,795.45579009,0.01998514,0.01998514,32096,99,0
6226.86889185,6226.86936566,3978.42137932,3978.39713403,0.04346731,795.23524366,0.01998514,0.01998514,32095,99,0
6227.06391196,6227.06340565,3988.35804861,3988.38399470,0.05265494,795.01043529,0.01998514,0.01998514,32094,99,0
6227.25735893,6227.25745774,3998.30895246,3998.30388222,0.05234195,794.78532407,0.01998514,0.01998514,32093,99,0
6227.45220831,6227.45152192,4008.27503212,4008.31031034,0.03945839,794.55642103,0.01998514,0.01998514,32092,99,0
6227.64441527,6227.64559820,4018.25896088,4018.19804975,0.06099644,794.32842979,0.01998513,0.01998514,32091,99,0
6227.84028186,6227.83968657,4028.26344938,4028.29416742,0.03727490,794.09378425,0.01998514,0.01998514,32090,99,0
6228.03423381,6228.03378704,4038.28973907,4038.31284024,0.05824411,793.85909136,0.01998514,0.01998514,32089,99,0
6228.22829980,6228.22789962,4048.33622146,4048.35695207,0.06296342,793.62195546,0.01998514,0.01998514,32088,99,0
6228.42242639,6228.42202429,4058.40094776,4058.42181249,0.03516595,793.38247461,0.01998514,0.01998514,32087,99,0
6228.61627448,6228.61616106,4068.48222149,4068.48811558,0.06297124,793.14110212,0.01998514,0.01998514,32086,99,0
6228.81005956,6228.81030994,4078.58016886,4078.56713517,0.07191376,792.89756382,0.01998514,0.01998514,32085,99,0
6228.81005956,6228.81030994,4078.58016886,4078.56713517,0.07191376,792.89756382,0.01998514,0.01998514,32085,99,0
nan,nan,0.00000000,-1.00000000,0.00000000,792.64351442,nan,0.00000000,-2147483648,99,1
nan,nan,0.00000000,-1.00000000,0.00000000,786.33550026,nan,0.00000000,-2147483648,98,1
6185.23712660,6185.23824614,8.37498286,8.34111084,0.05227591,786.60815337,0.01998512,0.01998512,32311,98,0
6185.43518650,6185.42970011,0.00000000,14.34094633,0.06969127,786.91379933,0.01998514,0.01998512,32310,98,1
6185.62134625,6185.62116595,19.96703519,19.97249655,0.06543412,787.20007392,0.01998512,0.01998512,32309,98,0
6185.80722057,6185.81264363,0.00000000,25.60905980,0.06269393,787.48601185,0.01998511,0.01998512,32308,98,1
6186.00464732,6186.00413317,31.57408279,31.58967493,0.03599996,787.78875621,0.01998513,0.01998512,32307,98,0
6186.19203981,6186.19563457,0.00000000,37.27735987,0.12501420,788.07605416,0.01998511,0.01998512,32306,98,1
6186.38836895,6186.38714782,43.19642844,43.23350471,0.06169039,788.37626682,0.01998513,0.01998512,32305,98,0
6186.57704272,6186.57867294,49.01319917,48.96367450,0.04842186,788.66446593,0.01998512,0.01998512,32304,98,0
6186.76555759,6186.77020991,0.00000000,54.69183024,0.06500185,788.95195258,0.01998511,0.01998512,32303,98,1
6186.96170596,6186.96175874,60.65729846,60.65569327,0.09178202,789.25061974,0.01998512,0.01998512,32302,98,0
6187.15584259,6187.15331944,0.00000000,66.55943776,0.07666317,789.54562386,0.01998513,0.01998512,32301,98,1
6187.34986799,6187.34489199,0.00000000,72.46437820,0.01834142,789.84003853,0.01998514,0.01998512,32300,98,1
6187.53817458,6187.53647642,78.14805915,78.19977861,0.09264965,790.12537854,0.01998513,0.01998512,32299,98,0
6187.72761561,6187.72807270,83.98483836,83.97090985,0.07960767,790.41187797,0.01998512,0.01998512,32298,98,0
6187.92169815,6187.91968085,89.82510601,89.88661079,0.10377022,790.70491073,0.01998513,0.01998512,32297,98,0
6188.10881214,6188.11130088,0.00000000,95.59468286,0.01852940,790.98704100,0.01998512,0.01998512,32296,98,1
6188.30020035,6188.30293276,0.00000000,101.43586931,0.05747760,791.27512267,0.01998512,0.01998512,32295,98,1
6188.49259798,6188.49457652,107.36834996,107.30791874,0.10111013,791.56408623,0.01998512,0.01998512,32294,98,0
6188.68379045,6188.68623215,0.00000000,113.15313296,0.05873741,791.85109171,0.01998512,0.01998512,32293,98,1
6188.87878984,6188.87789965,119.08352872,119.11075152,0.09614850,792.14296186,0.01998513,0.01998512,32292,98,0
6189.06867911,6189.06957902,124.94700415,124.91946747,0.07946620,792.42690096,0.01998512,0.01998512,32291,98,0
6189.25964494,6189.26127027,130.81435788,130.76459443,0.08338322,792.71198591,0.01998512,0.01998512,32290,98,0
6189.45516289,6189.45297339,0.00000000,136.75652355,0.06900901,793.00357074,0.01998513,0.01998512,32289,98,1
6189.64983953,6189.64468839,0.00000000,142.72212853,0.05739283,793.29321069,0.01998514,0.01998512,32288,98,1
6189.83703577,6189.83641526,148.43932469,148.45835627,0.06603649,793.57108932,0.01998513,0.01998512,32287,98,0
6190.02732792,6190.02815402,154.32179163,154.29644029,0.07885538,793.85327334,0.01998512,0.01998512,32286,98,0
6190.21860661,6190.21990465,160.20790556,160.16804919,0.07432075,794.13643798,0.01998512,0.01998512,32285,98,0
6190.41100710,6190.41166716,166.09761029,166.07733201,0.10577602,794.42077169,0.01998512,0.01998513,32284,98,0
6190.60419112,6190.60344156,171.99084938,172.01388955,0.04831296,794.70576340,0.01998513,0.01998513,32283,98,0
6190.79386793,6190.79522784,177.88759133,177.84576796,0.03994366,794.98509127,0.01998512,0.01998513,32282,98,0
6190.98579744,6190.98702600,183.78793609,183.75013109,0.08202889,795.26724618,0.01998512,0.01998513,32281,98,0
6191.17872968,6191.17883604,189.69202693,189.68875200,0.09820463,795.55038382,0.01998512,0.01998513,32280,98,0
6191.37081994,6191.37065798,195.60000770,195.60499765,0.03872432,795.83180215,0.01998513,0.01998513,32279,98,0
6191.56099941,6191.56249180,201.51202283,201.46601545,0.07918193,796.10995128,0.01998512,0.01998513,32278,98,0
6191.75376099,6191.75433750,207.42821723,207.41043269,0.02402921,796.39140548,0.01998512,0.01998513,32277,98,0
6191.94482924,6191.94619510,213.34867393,213.30651182,0.08140582,796.66992154,0.01998512,0.01998513,32276,98,0
6192.13701896,6192.13806459,219.27328309,219.24098589,0.05465856,796.94959819,0.01998512,0.01998513,32275,98,0
6192.32975831,6192.32994597,225.20189723,225.19609726,0.02855973,797.22958880,0.01998512,0.01998513,32274,98,0
6192.52075676,6192.52183924,231.13436830,231.10089329,0.07352621,797.50656234,0.01998512,0.01998513,32273,98,0
6192.71480153,6192.71374441,237.07054763,237.10325663,0.01851630,797.78744765,0.01998513,0.01998513,32272,98,0
6192.90762997,6192.90566147,243.01028702,243.07122725,0.06767233,798.06605907,0.01998513,0.01998513,32271,98,0
6193.09686043,6193.09759042,248.95352745,248.93091660,0.07270488,798.33897083,0.01998512,0.01998513,32270,98,0
6193.28786680,6193.28953128,254.90036853,254.84878443,0.07761435,798.61394401,0.01998512,0.01998513,32269,98,0
6193.48340461,6193.48148403,260.85092648,260.91048202,0.05471494,798.89492489,0.01998513,0.01998513,32268,98,0
6193.67363025,6193.67344868,266.80531798,266.81095182,0.06579728,799.16777590,0.01998513,0.01998513,32267,98,0
6193.86520926,6193.86542523,272.76366015,272.75695516,0.05498021,799.44207745,0.01998512,0.01998513,32266,98,0
6194.05661208,6194.05741368,278.72606790,278.70116556,0.07736768,799.71563904,0.01998512,0.01998513,32265,98,0
6194.24942099,6194.24941404,284.69259583,284.69281203,0.05880196,799.99071870,0.01998513,0.01998513,32264,98,0
6194.44024471,6194.44142630,290.66323866,290.62648562,0.04926512,800.26247884,0.01998512,0.01998513,32263,98,0
6194.63248449,6194.63345046,296.63798850,296.60792346,0.07611351,800.53576389,0.01998512,0.01998513,32262,98,0
6194.82686121,6194.82548653,302.61683744,302.65965028,0.05500200,800.81158329,0.01998513,0.01998513,32261,98,0
6195.01828787,6195.01753451,308.59977753,308.62325481,0.08243711,801.08272013,0.01998513,0.01998513,32260,98,0
6195.20698218,6195.20959439,0.00000000,314.51662079,0.07532993,801.35001391,0.01998512,0.01998513,32259,98,1
6195.40137771,6195.40166619,320.57791958,320.56891877,0.09518086,801.62384390,0.01998512,0.01998513,32258,98,0
6195.59406259,6195.59374989,326.57314411,326.58290714,0.07354573,801.89526601,0.01998513,0.01998513,32257,98,0
6195.78607614,6195.78584551,332.57249105,332.57969637,0.06878263,802.16524232,0.01998513,0.01998513,32256,98,0
6195.97662077,6195.97795303,338.57597553,338.53432857,0.07020194,802.43265918,0.01998512,0.01998513,32255,98,0
6196.17178120,6196.17007248,344.58361274,344.63706208,0.06328936,802.70604313,0.01998513,0.01998513,32254,98,0
6196.36374961,6196.36220383,350.59540478,350.64378739,0.09156937,802.97445011,0.01998513,0.01998513,32253,98,0
6196.55423882,6196.55434711,356.61130269,356.60791120,0.04838393,803.24028985,0.01998513,0.01998513,32252,98,0
6196.74741026,6196.74650230,362.63124487,362.65969880,0.04221559,803.50936117,0.01998513,0.01998513,32251,98,0
6196.93951596,6196.93866940,368.65516947,368.68171453,0.06421335,803.77643303,0.01998513,0.01998513,32250,98,0
6197.13006231,6197.13084843,374.68301438,374.65834980,0.04296324,804.04082583,0.01998512,0.01998513,32249,98,0
6197.32140285,6197.32303938,380.71471784,380.66334267,0.08401593,804.30580445,0.01998512,0.01998513,32248,98,0
6197.51589129,6197.51524225,386.75026550,386.77065266,0.04317719,804.57461050,0.01998513,0.01998513,32247,98,0
6197.70710740,6197.70745704,392.78972498,392.77873579,0.04060264,804.83837278,0.01998513,0.01998513,32246,98,0
6197.89975414,6197.89968375,398.83317225,398.83538594,0.05984581,805.10358820,0.01998513,0.01998513,32245,98,0
6198.09195591,6198.09192239,404.88068357,404.88173815,0.03721244,805.36767269,0.01998513,0.01998513,32244,98,0
6198.28219900,6198.28417296,410.93233551,410.87017989,0.02642273,805.62855819,0.01998512,0.01998513,32243,98,0
6198.47630906,6198.47643545,416.98820171,416.98421925,0.05672186,805.89422781,0.01998513,0.01998513,32242,98,0
6198.66962473,6198.66870987,423.04830796,423.07715176,0.02584963,806.15828925,0.01998513,0.01998513,32241,98,0
6198.86046501,6198.86099622,429.11264330,429.09588468,0.05139791,806.41845769,0.01998513,0.01998513,32240,98,0
6199.05318521,6199.05329450,435.18119576,435.17774551,0.04383787,806.68067120,0.01998513,0.01998513,32239,98,0
6199.24593863,6199.24560472,441.25395333,441.26450096,0.04128385,806.94240765,0.01998513,0.01998513,32238,98,0
6199.43761891,6199.43792686,447.33090395,447.32117034,0.04499255,807.20216712,0.01998513,0.01998513,32237,98,0
6199.63024448,6199.63026094,453.41203761,453.41151707,0.04799187,807.46268372,0.01998513,0.01998513,32236,98,0
6199.82264330,6199.82260695,459.49735460,459.49850486,0.02083253,807.72236811,0.01998513,0.01998513,32235,98,0
6200.01428620,6200.01496490,465.58685839,465.56536617,0.07935293,807.98050895,0.01998513,0.01998513,32234,98,0
6200.20826094,6200.20733478,471.68055246,471.70989939,0.03899992,808.24125774,0.01998513,0.01998513,32233,98,0
6200.40010729,6200.39971661,477.77844030,477.79082752,0.05809128,808.49861689,0.01998513,0.01998513,32232,98,0
6200.59206343,6200.59211037,483.88052507,483.87903568,0.03241073,808.75559604,0.01998513,0.01998513,32231,98,0
6200.78360435,6200.78451607,489.98677956,489.95783594,0.02587433,809.01149119,0.01998513,0.01998513,32230,98,0
6200.97786574,6200.97693372,496.09712247,496.12672824,0.02980999,809.27047720,0.01998513,0.01998513,32229,98,0
6201.16923482,6201.16936330,502.21146661,502.20738279,0.04256070,809.52506705,0.01998513,0.01998513,32228,98,0
6201.36257341,6201.36180484,508.32972442,508.35416650,0.07648459,809.78172769,0.01998513,0.01998513,32227,98,0
6201.55601029,6201.55425831,514.45180796,514.50755533,0.08616751,810.03796129,0.01998514,0.01998513,32226,98,0
6201.74843811,6201.74672373,520.57764532,520.63222623,0.06180246,810.29230077,0.01998514,0.01998513,32225,98,0
6201.93805667,6201.93920110,526.70736272,526.67090581,0.05126928,810.54238728,0.01998513,0.01998513,32224,98,0
6202.13183572,6202.13169042,532.84121875,532.84585050,0.05464172,810.79741682,0.01998513,0.01998513,32223,98,0
6202.32378674,6202.32419168,538.97947546,538.96655890,0.07421594,811.04950763,0.01998513,0.01998513,32222,98,0
6202.51672251,6202.51670490,545.12239600,545.12295824,0.04955518,811.30236669,0.01998513,0.01998513,32221,98,0
6202.71021429,6202.70923006,551.27024460,551.30168579,0.05779481,811.55543525,0.01998513,0.01998513,32220,98,0
6202.90208556,6202.90176718,557.42317507,557.43335328,0.09575521,811.80587556,0.01998513,0.01998513,32219,98,0
6203.09439449,6203.09431626,563.58095842,563.58346128,0.06134266,812.05636785,0.01998513,0.01998513,32218,98,0
6203.28700293,6203.28687728,569.74328236,569.74730462,0.05514260,812.30671499,0.01998513,0.01998513,32217,98,0
6203.47882630,6203.47945027,575.90983326,575.88984675,0.05415690,812.55549528,0.01998513,0.01998513,32216,98,0
6203.67197163,6203.67203521,582.08029614,582.07825858,0.02463871,812.80542504,0.01998513,0.01998513,32215,98,0
6203.86546142,6203.86463211,588.25436538,588.28095732,0.04310223,813.05521841,0.01998513,0.01998513,32214,98,0
6204.05674791,6204.05724097,594.43202143,594.41620316,0.06993047,813.30159275,0.01998513,0.01998513,32213,98,0
6204.24922426,6204.24986179,600.61355756,600.59309222,0.06648868,813.54893353,0.01998513,0.01998513,32212,98,0
6204.44257427,6204.44249457,606.79928405,606.80184417,0.04452453,813.79683651,0.01998513,0.01998513,32211,98,0
6204.63633814,6204.63513931,612.98951249,613.02804782,0.03257019,814.04471777,0.01998513,0.01998513,32210,98,0
6204.82751779,6204.82779601,619.18455580,619.17560585,0.03973688,814.28876203,0.01998513,0.01998513,32209,98,0
6205.02087153,6205.02046468,625.38465579,625.39775311,0.05456621,814.53505309,0.01998513,0.01998513,32208,98,0
6205.21588732,6205.21314532,0.00000000,631.67387280,0.06148089,814.78275264,0.01998514,0.01998513,32207,98,1
6205.40588377,6205.40583793,637.79933164,637.80080941,0.04704760,815.02385925,0.01998513,0.01998513,32206,98,0
6205.59804314,6205.59854250,644.01336765,643.99726008,0.02897286,815.26699284,0.01998513,0.01998513,32205,98,0
6205.79136630,6205.79125904,650.23150715,650.23496889,0.04668200,815.51102565,0.01998513,0.01998513,32204,98,0
6205.98305241,6205.98398755,656.45348206,656.42328424,0.08424913,815.75241264,0.01998513,0.01998513,32203,98,0
6206.17643320,6206.17672803,662.67925301,662.66972678,0.05168751,815.99534637,0.01998513,0.01998513,32202,98,0
6206.36963496,6206.36948049,668.90910638,668.91410045,0.04292761,816.23747602,0.01998513,0.01998513,32201,98,0
6206.56209663,6206.56224492,675.14335454,675.13855705,0.04731370,816.47811338,0.01998513,0.01998513,32200,98,0
6206.75520923,6206.75502132,681.38231120,681.38839492,0.06176242,816.71900875,0.01998513,0.01998513,32199,98,0
6206.94968574,6206.94780970,687.62629142,687.68707578,0.05744223,816.96105355,0.01998514,0.01998513,32198,98,0
6207.14056070,6207.14061006,693.87554866,693.87394826,0.04239891,817.19808526,0.01998513,0.01998513,32197,98,0
6207.33311225,6207.33342239,700.12993953,700.11987570,0.05351776,817.43665920,0.01998513,0.01998513,32196,98,0
6207.52681535,6207.52624671,706.38916490,706.40762973,0.05309519,817.67609981,0.01998513,0.01998513,32195,98,0
6207.71890709,6207.71908300,712.65292398,712.64720826,0.05305047,817.91298090,0.01998513,0.01998513,32194,98,0
6207.91150144,6207.91193128,718.92091467,718.90693996,0.04606707,818.14990143,0.01998513,0.01998513,32193,98,0
6208.10353818,6208.10479154,725.19283769,725.15206694,0.02216676,818.38554494,0.01998513,0.01998513,32192,98,0
6208.29684337,6208.29766378,731.46860825,731.44190562,0.05983643,818.62214436,0.01998513,0.01998513,32191,98,0
6208.49080781,6208.49054801,737.74845794,737.75691918,0.04896998,818.85895259,0.01998513,0.01998513,32190,98,0
6208.68360043,6208.68344422,744.03264464,744.03773515,0.05770067,819.09374483,0.01998513,0.01998513,32189,98,0
6208.87701275,6208.87635242,750.32142732,750.34296130,0.05805327,819.32871371,0.01998513,0.01998513,32188,98,0
6209.06878944,6209.06927261,756.61506613,756.59929799,0.06768821,819.56113199,0.01998513,0.01998513,32187,98,0
6209.26189849,6209.26220479,762.91377886,762.90377530,0.04482795,819.79460441,0.01998513,0.01998513,32186,98,0
6209.45417569,6209.45514896,769.21753451,769.18572492,0.05272689,820.02650948,0.01998513,0.01998513,32185,98,0
6209.64843507,6209.64810512,775.52621289,775.53700442,0.06571477,820.26023003,0.01998513,0.01998513,32184,98,0
6209.84117989,6209.84107327,781.83969314,781.84318261,0.04471023,820.49155090,0.01998513,0.01998513,32183,98,0
6210.03498859,6210.03405342,788.15785387,788.18848164,0.04455090,820.72356257,0.01998513,0.01998513,32182,98,0
6210.22729389,6210.22704556,794.48057558,794.48871396,0.05715773,820.95318784,0.01998513,0.01998513,32181,98,0
6210.41917082,6210.42004970,800.80781882,800.77899733,0.05203895,821.18171635,0.01998513,0.01998513,32180,98,0
6210.61286199,6210.61306583,807.13964115,807.13295210,0.04329302,821.41181335,0.01998513,0.01998513,32179,98,0
6210.80589850,6210.80609396,813.47610619,813.46968761,0.05433708,821.64054138,0.01998513,0.01998513,32178,98,0
6210.99895567,6210.99913409,819.81727780,819.81141481,0.03014682,821.86870435,0.01998513,0.01998513,32177,98,0
6211.19260541,6211.19218623,826.16322014,826.17700428,0.03001540,822.09697612,0.01998513,0.01998513,32176,98,0
6211.38692983,6211.38525036,832.51398557,832.56925038,0.05333013,822.32544798,0.01998514,0.01998513,32175,98,0
6211.57777452,6211.57832650,838.86957820,838.85140197,0.02819107,822.54924692,0.01998513,0.01998513,32174,98,0
6211.77091413,6211.77141464,845.22998995,845.21349736,0.03646284,822.77514833,0.01998513,0.01998513,32173,98,0
6211.96400754,6211.96451479,851.59521269,851.57848647,0.04846563,823.00040179,0.01998513,0.01998513,32172,98,0
6212.15769523,6212.15762694,857.96523827,857.96749166,0.02514381,823.22575008,0.01998513,0.01998513,32171,98,0
6212.35149230,6212.35075110,864.34006386,864.36453859,0.07335970,823.45062409,0.01998513,0.01998513,32170,98,0
6212.54434014,6212.54388726,870.71977018,870.73473511,0.05204479,823.67380064,0.01998513,0.01998513,32169,98,0
6212.73633515,6212.73703544,877.10450430,877.08134693,0.03420725,823.89540311,0.01998513,0.01998513,32168,98,0
6212.93039425,6212.93019563,883.49441572,883.50098892,0.06138683,824.11879623,0.01998513,0.01998513,32167,98,0
6213.12332084,6213.12336783,889.88965462,889.88809830,0.02746564,824.34029942,0.01998513,0.01998513,32166,98,0
6213.31736258,6213.31655204,896.29037119,896.31723740,0.06024538,824.56249683,0.01998513,0.01998513,32165,98,0
6213.50948948,6213.50974827,902.69658410,902.68799955,0.04205045,824.78192123,0.01998513,0.01998513,32164,98,0
6213.70296186,6213.70295651,909.10802077,909.10819853,0.03091862,825.00228762,0.01998513,0.01998513,32163,98,0
6213.89699179,6213.89617676,915.52436851,915.55144254,0.05296453,825.22267725,0.01998514,0.01998513,32162,98,0
6214.08974187,6214.08940904,921.94531317,921.95637632,0.04015848,825.44099421,0.01998513,0.01998513,32161,98,0
6214.28320720,6214.28265333,928.37053918,928.38896032,0.04641887,825.65948877,0.01998514,0.01998513,32160,98,0
6214.47584997,6214.47590964,934.79979388,934.79780811,0.04197962,825.87641481,0.01998513,0.01998513,32159,98,0
6214.66791089,6214.66917798,941.23324240,941.19105104,0.06068812,826.09205461,0.01998513,0.01998513,32158,98,0
6214.86145272,6214.86245833,947.67121826,947.63771102,0.06706449,826.30872952,0.01998513,0.01998513,32157,98,0
6215.05511784,6215.05575071,954.11405690,954.09295425,0.02788433,826.52492160,0.01998513,0.01998513,32156,98,0
6215.24897970,6215.24905511,960.56209536,960.55957889,0.05046137,826.74072102,0.01998513,0.01998513,32155,98,0
6215.44241035,6215.44237154,967.01565985,967.01695595,0.02648971,826.95543902,0.01998513,0.01998513,32154,98,0
6215.63665775,6215.63569999,973.47479219,973.50680343,0.04244488,827.17045863,0.01998514,0.01998513,32153,98,0
6215.82958342,6215.82904047,979.93924671,979.95740730,0.04427022,827.38340510,0.01998514,0.01998513,32152,98,0
6216.02228807,6216.02239298,986.40876399,986.40525254,0.06057575,827.59549044,0.01998513,0.01998513,32151,98,0
6216.21581870,6216.21575752,992.88308340,992.88513272,0.02730639,827.80785387,0.01998514,0.01998513,32150,98,0
6216.40952236,6216.40913409,999.36194351,999.37495594,0.06354464,828.01976386,0.01998514,0.01998513,32149,98,0
6216.60289376,6216.60252269,1005.84520610,1005.85764997,0.02750499,828.23066249,0.01998514,0.01998513,32148,98,0
6216.79716593,6216.79592332,1012.33302829,1012.37472673,0.06994054,828.44189535,0.01998514,0.01998513,32147,98,0
6216.98878888,6216.98933599,1018.82561095,1018.80723893,0.02777119,828.64961616,0.01998513,0.01998513,32146,98,0
6217.18290711,6217.18276070,1025.32315587,1025.32807584,0.05046112,828.85940728,0.01998514,0.01998513,32145,98,0
6217.37683253,6217.37619744,1031.82586580,1031.84722354,0.03310359,829.06835715,0.01998514,0.01998513,32144,98,0
6217.57061700,6217.56964621,1038.33390831,1038.36658002,0.05243188,829.27652690,0.01998514,0.01998513,32143,98,0
6217.76269317,6217.76310703,1044.84724332,1044.83330443,0.01987512,829.48223878,0.01998513,0.01998513,32142,98,0
6217.95710631,6217.95657989,1051.36575596,1051.38349888,0.05899639,829.68981675,0.01998514,0.01998513,32141,98,0
6218.14969167,6218.15006478,1057.88933068,1057.87674632,0.01468656,829.89480619,0.01998513,0.01998513,32140,98,0
6218.34396764,6218.34356172,1064.41785140,1064.43155166,0.04930339,830.10094746,0.01998514,0.01998513,32139,98,0
6218.53635655,6218.53707070,1070.95120764,1070.92708790,0.01698536,830.30444030,0.01998513,0.01998513,32138,98,0
6218.73061310,6218.73059173,1077.48938004,1077.49010228,0.04681467,830.50925400,0.01998514,0.01998513,32137,98,0
6218.92446296,6218.92412480,1084.03241933,1084.04385577,0.02312067,830.71298322,0.01998514,0.01998513,32136,98,0
6219.11709034,6219.11766992,1090.58037824,1090.56076330,0.04982092,830.91477885,0.01998513,0.01998513,32135,98,0
6219.31105351,6219.31122708,1097.13330976,1097.12743139,0.04489474,831.11732036,0.01998513,0.01998513,32134,98,0
6219.50414218,6219.50479630,1103.69126812,1103.66909929,0.05038002,831.31829735,0.01998513,0.01998513,32133,98,0
6219.69875838,6219.69837756,1110.25436386,1110.26727979,0.06261859,831.52020842,0.01998514,0.01998513,32132,98,0
6219.89243005,6219.89197088,1116.82279172,1116.83837693,0.03298601,831.72049009,0.01998514,0.01998513,32131,98,0
6220.08618363,6220.08557624,1123.39675423,1123.41738653,0.05161024,831.92021255,0.01998514,0.01998513,32130,98,0
6220.27896370,6220.27919366,1129.97645485,1129.96863691,0.03017181,832.11829655,0.01998513,0.01998514,32129,98,0
6220.47294559,6220.47282314,1136.56209790,1136.56626459,0.05405742,832.31698032,0.01998514,0.01998514,32128,98,0
6220.66630653,6220.66646467,1143.15376823,1143.14838279,0.02091171,832.51439456,0.01998513,0.01998514,32127,98,0
6220.85894428,6220.86011825,1149.75120791,1149.71119701,0.05924855,832.71043187,0.01998513,0.01998514,32126,98,0
6221.05460568,6221.05378390,1156.35409701,1156.38212530,0.04681501,832.90888210,0.01998514,0.01998514,32125,98,0
6221.24786888,6221.24746160,1162.96211401,1162.97601465,0.03644848,833.10423155,0.01998514,0.01998514,32124,98,0
6221.44059796,6221.44115136,1169.57493586,1169.55603609,0.05309874,833.29836844,0.01998513,0.01998514,32123,98,0
6221.63494730,6221.63485319,1176.19232066,1176.19553694,0.06695322,833.49344848,0.01998514,0.01998514,32122,98,0
6221.82799227,6221.82856708,1182.81446855,1182.79481184,0.02616970,833.68653865,0.01998513,0.01998514,32121,98,0
6222.02233398,6222.02229302,1189.44172841,1189.44312986,0.03920318,833.88024933,0.01998514,0.01998514,32120,98,0
6222.21629663,6222.21603104,1196.07445093,1196.08354732,0.02610690,834.07291382,0.01998514,0.01998514,32119,98,0
6222.40998734,6222.40978112,1202.71298850,1202.72005726,0.04416431,834.26465019,0.01998514,0.01998514,32118,98,0
6222.60386011,6222.60354327,1209.35765987,1209.36853010,0.05808335,834.45591549,0.01998514,0.01998514,32117,98,0
6222.79734431,6222.79731748,1216.00843790,1216.00935909,0.02206811,834.64614493,0.01998514,0.01998514,32116,98,0
6222.99037591,6222.99110376,1222.66509791,1222.64008578,0.05393102,834.83527136,0.01998513,0.01998514,32115,98,0
6223.18479373,6223.18490212,1229.32741183,1229.32368440,0.05421961,835.02508315,0.01998514,0.01998514,32114,98,0
6223.37829340,6223.37871254,1235.99515044,1235.98072524,0.03464039,835.21331968,0.01998513,0.01998514,32113,98,0
6223.57278330,6223.57253504,1242.66809331,1242.67664341,0.05082915,835.40182898,0.01998514,0.01998514,32112,98,0
6223.76649495,6223.76636961,1249.34620369,1249.35052364,0.05295732,835.58889301,0.01998514,0.01998514,32111,98,0
6223.96028609,6223.96021626,1256.02960832,1256.03201685,0.03218064,835.77534560,0.01998514,0.01998514,32110,98,0
6224.15373368,6224.15407498,1262.71844018,1262.70665985,0.05742562,835.96078301,0.01998513,0.01998514,32109,98,0
6224.34827903,6224.34794577,1269.41283291,1269.42434464,0.04181638,836.14658468,0.01998514,0.01998514,32108,98,0
6224.54192798,6224.54182865,1276.11291892,1276.11635291,0.06376948,836.33084679,0.01998514,0.01998514,32107,98,0
6224.73641284,6224.73572361,1282.81875825,1282.84260471,0.03366143,836.51521764,0.01998514,0.01998514,32106,98,0
6224.92957013,6224.92963064,1289.53031668,1289.52822133,0.05050667,836.69764599,0.01998514,0.01998514,32105,98,0
6225.12407330,6225.12354976,1296.24755348,1296.26569581,0.05312614,836.88065362,0.01998514,0.01998514,32104,98,0
6225.31767543,6225.31748096,1302.97042775,1302.97717219,0.01964641,837.06212096,0.01998514,0.01998514,32103,98,0
6225.51150798,6225.51142424,1309.69889830,1309.70180475,0.06581740,837.24310912,0.01998514,0.01998514,32102,98,0
6225.70560577,6225.70537961,1316.43291936,1316.44077458,0.05408009,837.42364480,0.01998514,0.01998514,32101,98,0
6225.89989950,6225.89934706,1323.17243704,1323.19163897,0.05934938,837.60365769,0.01998514,0.01998514,32100,98,0
6226.09365350,6226.09332660,1329.91739637,1329.92876715,0.02464124,837.78246472,0.01998514,0.01998514,32099,98,0
6226.28767993,6226.28731823,1336.66774208,1336.68033281,0.05288706,837.96081356,0.01998514,0.01998514,32098,98,0
6226.48146011,6226.48132195,1343.42341883,1343.42823178,0.04679983,838.13822397,0.01998514,0.01998514,32097,98,0
6226.67545992,6226.67533776,1350.18444017,1350.18869900,0.06291871,838.31512116,0.01998514,0.01998514,32096,98,0
6226.86986616,6226.86936566,1356.95098494,1356.96844628,0.02096875,838.49167484,0.01998514,0.01998514,32095,98,0
6227.06317446,6227.06340565,1363.72325705,1363.71518511,0.05905460,838.66652594,0.01998514,0.01998514,32094,98,0
6227.25772481,6227.25745774,1370.50146143,1370.51079413,0.04029966,838.84179351,0.01998514,0.01998514,32093,98,0
6227.45202492,6227.45152192,1377.28580399,1377.30339599,0.04892025,839.01613101,0.01998514,0.01998514,32092,98,0
6227.64549192,6227.64559820,1384.07640991,1384.07268986,0.01690305,839.18902238,0.01998514,0.01998514,32091,98,0
6227.83912539,6227.83968657,1390.87315911,1390.85349931,0.06453862,839.36135927,0.01998514,0.01998514,32090,98,0
6228.03381075,6228.03378704,1397.67588481,1397.67671595,0.05250231,839.53391671,0.01998514,0.01998514,32089,98,0
6228.22817286,6228.22789962,1404.48441934,1404.49400709,0.04665774,839.70546554,0.01998514,0.01998514,32088,98,0
6228.42271123,6228.42202429,1411.29859419,1411.32271634,0.05536390,839.87644117,0.01998514,0.01998514,32087,98,0
6228.61741395,6228.61616106,1418.11827567,1418.16230378,0.06934142,840.04682592,0.01998514,0.01998514,32086,98,0
6228.81021798,6228.81030994,1424.94345704,1424.94022300,0.02625357,840.21482216,0.01998514,0.01998514,32085,98,0
6229.00467652,6229.00447092,1431.77416002,1431.78139587,0.05194533,840.38352592,0.01998514,0.01998514,32084,98,0
6229.19876430,6229.19864401,1438.61040642,1438.61464300,0.04729850,840.55117151,0.01998514,0.01998514,32083,98,0
6229.39305928,6229.39282920,1445.45221814,1445.46032743,0.03393371,840.71825768,0.01998514,0.01998514,32082,98,0
6229.58716730,6229.58702650,1452.29966959,1452.30463590,0.05172748,840.88444524,0.01998514,0.01998514,32081,98,0
6229.78082009,6229.78123591,1459.15304424,1459.13836428,0.02415087,841.04951301,0.01998514,0.01998514,32080,98,0
6229.97569270,6229.97545743,1466.01267896,1466.02099187,0.06876917,841.21489045,0.01998514,0.01998514,32079,98,0
6230.16961883,6230.16969106,1472.87891237,1472.87635772,0.05753179,841.37874349,0.01998514,0.01998514,32078,98,0
6230.36353970,6230.36393680,1479.75208482,1479.73802693,0.04961514,841.54187841,0.01998514,0.01998514,32077,98,0
6230.55882090,6230.55819466,1486.63239883,1486.65459000,0.04127018,841.70543881,0.01998514,0.01998514,32076,98,0
6230.75257686,6230.75246463,1493.51947745,1493.52345781,0.04204449,841.86699737,0.01998514,0.01998514,32075,98,0
6230.94661545,6230.94674671,1500.41279089,1500.40813181,0.04908084,842.02805380,0.01998514,0.01998514,32074,98,0
6231.14161131,6231.14104091,1507.31180655,1507.33206743,0.03355802,842.18914633,0.01998514,0.01998514,32073,98,0
6231.33616643,6231.33534723,1514.21598901,1514.24510637,0.04356557,842.34910259,0.01998514,0.01998514,32072,98,0
6231.52994947,6231.52966567,1521.12496752,1521.13506138,0.06670457,842.50764712,0.01998514,0.01998514,32071,98,0
6231.72377768,6231.72399622,1528.03905045,1528.03127214,0.02295185,842.66545832,0.01998514,0.01998514,32070,98,0
6231.91800806,6231.91833890,1534.95872082,1534.94693627,0.06567213,842.82283332,0.01998514,0.01998514,32069,98,0
6232.11224869,6232.11269370,1541.88446421,1541.86859960,0.06126322,842.97946112,0.01998514,0.01998514,32068,98,0
6232.30737129,6232.30706062,1548.81676878,1548.82785413,0.06726841,843.13604829,0.01998514,0.01998514,32067,98,0
6232.50198680,6232.50143967,1555.75599057,1555.77553190,0.04170284,843.29148356,0.01998514,0.01998514,32066,98,0
6232.69605061,6232.69583084,1562.70198594,1562.70984228,0.04240731,843.44573170,0.01998514,0.01998514,32065,98,0
6232.88977732,6232.89023414,1569.65449379,1569.63814928,0.05171388,843.59896028,0.01998514,0.01998514,32064,98,0
6233.08501014,6233.08464957,1576.61325158,1576.62616276,0.04336127,843.75261227,0.01998514,0.01998514,32063,98,0
6233.27917940,6233.27907713,1583.57799537,1583.58166046,0.04989692,843.90465470,0.01998514,0.01998514,32062,98,0
6233.47295542,6233.47351681,1590.54855438,1590.52842079,0.04572957,844.05561533,0.01998514,0.01998514,32061,98,0
6233.66774440,6233.66796863,1597.52505930,1597.51701124,0.04239166,844.20658672,0.01998514,0.01998514,32060,98,0
6233.86237492,6233.86243258,1604.50770181,1604.50563052,0.03751639,844.35665782,0.01998514,0.01998514,32059,98,0
6234.05698152,6234.05690866,1611.49667464,1611.49929404,0.03590612,844.50593538,0.01998514,0.01998514,32058,98,0
6234.25232250,6234.25139688,1618.49217136,1618.52547963,0.03731036,844.65499867,0.01998514,0.01998514,32057,98,0
6234.44610046,6234.44589723,1625.49430941,1625.50162889,0.03386977,844.80209961,0.01998514,0.01998514,32056,98,0
6234.63998768,6234.64040972,1632.50300729,1632.48779365,0.03031672,844.94851226,0.01998514,0.01998514,32055,98,0
6234.83506488,6234.83493435,1639.51815124,1639.52286055,0.03736573,845.09504023,0.01998514,0.01998514,32054,98,0
6235.02935010,6235.02947112,1646.53962686,1646.53525696,0.04095237,845.24018773,0.01998514,0.01998514,32053,98,0
6235.22395920,6235.22402003,1653.56731977,1653.56512147,0.03619547,845.38478663,0.01998514,0.01998514,32052,98,0
6235.41851421,6235.41858108,1660.60120264,1660.59878408,0.03654351,845.52855166,0.01998514,0.01998514,32051,98,0
6235.61318831,6235.61315427,1667.64142165,1667.64265403,0.04404689,845.67161114,0.01998514,0.01998514,32050,98,0
6235.80756374,6235.80773960,1674.68814420,1674.68177288,0.04776632,845.81366025,0.01998514,0.01998514,32049,98,0
6236.00239054,6236.00233708,1681.74153862,1681.74347709,0.04718759,845.95524720,0.01998514,0.01998514,32048,98,0
6236.19676486,6236.19694671,1688.80177145,1688.79517127,0.05163143,846.09571604,0.01998514,0.01998514,32047,98,0
6236.39114556,6236.39156848,1695.86887705,1695.85351285,0.05424781,846.23539929,0.01998514,0.01998514,32046,98,0
6236.58651705,6236.58620240,1702.94269747,1702.95413818,0.06384204,846.37499266,0.01998514,0.01998514,32045,98,0
6236.78097861,6236.78084847,1710.02305884,1710.02779468,0.05657755,846.51313173,0.01998514,0.01998514,32044,98,0
6236.97627263,6236.97550670,1717.10978629,1717.13768225,0.05520111,846.65104895,0.01998514,0.01998514,32043,98,0
6237.17030904,6237.17017707,1724.20271118,1724.20752141,0.05475611,846.78726543,0.01998514,0.01998514,32042,98,0
6237.36477683,6237.36485959,1731.30183121,1731.29881209,0.04066306,846.92296981,0.01998514,0.01998514,32041,98,0
6237.56004756,6237.55955427,1738.40731231,1738.42532285,0.04544193,847.05841449,0.01998514,0.01998514,32040,98,0
6237.75439036,6237.75426111,1745.51932872,1745.52405192,0.03730554,847.19240066,0.01998514,0.01998514,32039,98,0
6237.94927516,6237.94898010,1752.63805561,1752.64884750,0.04070266,847.32594506,0.01998514,0.01998514,32038,98,0
6238.14329502,6238.14371125,1759.76365860,1759.74842093,0.04720890,847.45808625,0.01998514,0.01998514,32037,98,0
6238.33911775,6238.33845455,1766.89617804,1766.92047866,0.06381538,847.59063351,0.01998514,0.01998514,32036,98,0
6238.53382984,6238.53321002,1774.03557117,1774.05830285,0.06076403,847.72160708,0.01998514,0.01998514,32035,98,0
6238.72826779,6238.72797765,1781.18179352,1781.19244398,0.04031506,847.85157507,0.01998514,0.01998514,32034,98,0
6238.92292708,6238.92275744,1788.33480034,1788.34103301,0.04531413,847.98086572,0.01998514,0.01998514,32033,98,0
6239.11786241,6239.11754939,1795.49454748,1795.50605800,0.02945170,848.10950891,0.01998514,0.01998514,32032,98,0
6239.31225262,6239.31235350,1802.66099615,1802.65728333,0.04058116,848.23696132,0.01998514,0.01998514,32031,98,0
6239.50752258,6239.50716979,1809.83410962,1809.84710495,0.04696754,848.36415189,0.01998514,0.01998514,32030,98,0
6239.70201182,6239.70199823,1817.01385092,1817.01435180,0.06388237,848.48999537,0.01998514,0.01998514,32029,98,0
6239.89708724,6239.89683885,1824.20018284,1824.20934823,0.04763987,848.61537436,0.01998514,0.01998514,32028,98,0
6240.09152868,6240.09169163,1831.39309597,1831.38707791,0.03296431,848.73950239,0.01998514,0.01998514,32027,98,0
6240.28625470,6240.28655659,1838.59267898,1838.58152048,0.03293596,848.86296724,0.01998514,0.01998514,32026,98,0
6240.48104894,6240.48143371,1845.79904254,1845.78480777,0.04439058,848.98562886,0.01998514,0.01998514,32025,98,0
6240.67603973,6240.67632301,1853.01229793,1853.00180862,0.05977643,849.10756569,0.01998514,0.01998514,32024,98,0
6240.87150298,6240.87122448,1860.23255707,1860.24287903,0.04007369,849.22894523,0.01998514,0.01998514,32023,98,0
6241.06624112,6241.06613812,1867.45993520,1867.46375616,0.03584176,849.34902479,0.01998514,0.01998514,32022,98,0
6241.26109978,6241.26106394,1874.69455310,1874.69588381,0.03298250,849.46832909,0.01998514,0.01998514,32021,98,0
6241.45632048,6241.45600194,1881.93653279,1881.94837242,0.05718929,849.58700215,0.01998514,0.01998514,32020,98,0
6241.65076407,6241.65095212,1889.18599696,1889.17900074,0.04474728,849.70435344,0.01998514,0.01998514,32019,98,0
6241.84634188,6241.84591447,1896.44305861,1896.45897588,0.03573616,849.82153319,0.01998514,0.01998514,32018,98,0
6242.04054888,6242.04088900,1903.70761094,1903.69493252,0.03469104,849.93703755,0.01998514,0.01998514,32017,98,0
6242.23606230,6242.23587572,1910.97933588,1910.98629725,0.05943614,850.05245137,0.01998514,0.01998514,32016,98,0
6242.43119032,6242.43087462,1918.25790503,1918.26969422,0.04725020,850.16676201,0.01998514,0.01998514,32015,98,0
6242.62611516,6242.62588570,1925.54298803,1925.55156350,0.03439580,850.28007252,0.01998514,0.01998514,32014,98,0
6242.82049536,6242.82090896,1932.83431542,1932.81884604,0.05561282,850.39218296,0.01998514,0.01998514,32013,98,0
6243.01636213,6243.01594441,1940.13210083,1940.14773771,0.05942013,850.50425936,0.01998514,0.01998514,32012,98,0
6243.21104770,6243.21099205,1947.43678467,1947.43886973,0.03884693,850.61477740,0.01998514,0.01998514,32011,98,0
6243.40558694,6243.40605188,1954.74881114,1954.73137400,0.04256050,850.72433759,0.01998514,0.01998514,32010,98,0
6243.60178240,6243.60112390,1962.06862701,1962.09334955,0.06203576,850.83394879,0.01998514,0.01998514,32009,98,0
6243.79619443,6243.79620810,1969.39650035,1969.39598645,0.03858747,850.94169117,0.01998514,0.01998514,32008,98,0
6243.99149369,6243.99130450,1976.73212571,1976.73924286,0.04596379,851.04904333,0.01998514,0.01998514,32007,98,0
6244.18643084,6244.18641309,1984.07508206,1984.07575048,0.06266574,851.15530599,0.01998514,0.01998514,32006,98,0
6244.38185662,6244.38153387,1991.42494582,1991.43710826,0.02684053,851.26093321,0.01998514,0.01998514,32005,98,0
6244.57644724,6244.57666685,1998.78129741,1998.77301503,0.04467860,851.36520340,0.01998514,0.01998514,32004,98,0
6244.77201134,6244.77181203,2006.14398358,2006.15150653,0.05483083,851.46908016,0.01998514,0.01998514,32003,98,0
6244.96664943,6244.96696940,2013.51320816,2013.50112068,0.03671203,851.57155470,0.01998514,0.01998514,32002,98,0
6245.16247320,6245.16213897,2020.88920099,2020.90183776,0.05912930,851.67373768,0.01998514,0.01998514,32001,98,0
6245.35719139,6245.35732074,2028.27219327,2028.26729810,0.05005551,851.77443356,0.01998514,0.01998514,32000,98,0
6245.55233413,6245.55251471,2035.66241908,2035.65557897,0.03330781,851.87443891,0.01998514,0.01998514,31999,98,0
6245.74829713,6245.74772089,2043.06012810,2043.08197643,0.04825216,851.97394839,0.01998514,0.01998514,31998,98,0
6245.94284388,6245.94293926,2050.46557932,2050.46195920,0.03274203,852.07183108,0.01998514,0.01998514,31997,98,0
6246.13778118,6246.13816984,2057.87903334,2057.86426723,0.05286342,852.16900367,0.01998514,0.01998514,31996,98,0
6246.33367105,6246.33341263,2065.30075231,2065.31058112,0.03967143,852.26573724,0.01998514,0.01998514,31995,98,0
6246.52853408,6246.52866762,2072.73090259,2072.72581842,0.04277945,852.36105383,0.01998514,0.01998514,31994,98,0
6246.72367533,6246.72393482,2080.16934645,2080.15945661,0.05806030,852.45559208,0.01998514,0.01998514,31993,98,0
6246.91893153,6246.91921423,2087.61588566,2087.60510007,0.04497798,852.54926446,0.01998514,0.01998514,31992,98,0
6247.11411836,6247.11450584,2095.07032075,2095.05552305,0.05463595,852.64197667,0.01998514,0.01998514,31991,98,0
6247.30952775,6247.30980967,2102.53245387,2102.52167722,0.02683474,852.73386084,0.01998514,0.01998514,31990,98,0
6247.50527229,6247.50512571,2110.00216652,2110.00777472,0.05730535,852.82496149,0.01998514,0.01998514,31989,98,0
6247.70074010,6247.70045397,2117.47942881,2117.49038731,0.03795044,852.91499019,0.01998514,0.01998514,31988,98,0
6247.89561836,6247.89579444,2124.96421534,2124.95746551,0.05691038,853.00380594,0.01998514,0.01998514,31987,98,0
6248.09099883,6248.09114712,2132.45650051,2132.45081060,0.03761724,853.09190376,0.01998514,0.01998514,31986,98,0
6248.28633064,6248.28651202,2139.95628252,2139.94931620,0.06208305,853.17902907,0.01998514,0.01998514,31985,98,0
6248.48193548,6248.48188914,2147.46370628,2147.46548762,0.03351359,853.26532252,0.01998514,0.01998514,31984,98,0
6248.67766870,6248.67727848,2154.97897304,2154.99398969,0.05039599,853.35071667,0.01998514,0.01998514,31983,98,0
6248.87237777,6248.87268003,2162.50228536,2162.49064179,0.03067005,853.43471450,0.01998514,0.01998514,31982,98,0
6249.06755135,6249.06809381,2170.03384587,2170.01292743,0.04443697,853.51796144,0.01998514,0.01998514,31981,98,0
6249.26325442,6249.26351982,2177.57375182,2177.56350694,0.03393842,853.60047579,0.01998514,0.01998514,31980,98,0
6249.45891553,6249.45895804,2185.12191119,2185.12026870,0.05319773,853.68200879,0.01998514,0.01998514,31979,98,0
6249.65414533,6249.65440849,2192.67821176,2192.66803269,0.03394098,853.76239731,0.01998514,0.01998514,31978,98,0
6249.84914359,6249.84987117,2200.24254057,2200.21436992,0.05500930,853.84172420,0.01998514,0.01998514,31977,98,0
6250.04587216,6250.04534607,2207.81478275,2207.83517243,0.05067133,853.92077205,0.01998515,0.01998514,31976,98,0
6250.24097995,6250.24083320,2215.39481145,2215.40050457,0.03017927,853.99818916,0.01998515,0.01998515,31975,98,0
6250.43666162,6250.43633256,2222.98249284,2222.99527040,0.05420256,854.07484989,0.01998515,0.01998515,31974,98,0
6250.63175565,6250.63184415,2230.57769212,2230.57425266,0.02357639,854.15029501,0.01998515,0.01998515,31973,98,0
6250.82707461,6250.82736797,2238.18027414,2238.16886232,0.05639761,854.22483729,0.01998514,0.01998515,31972,98,0
6251.02280340,6251.02290403,2245.79022501,2245.78630687,0.05844602,854.29853948,0.01998515,0.01998515,31971,98,0
6251.21810055,6251.21845231,2253.40781063,2253.39410109,0.02597021,854.37108456,0.01998514,0.01998515,31970,98,0
6251.41421913,6251.41401284,2261.03333755,2261.04138553,0.05122409,854.44293489,0.01998515,0.01998515,31969,98,0
6251.60976828,6251.60958560,2268.66711431,2268.67424845,0.05911904,854.51357875,0.01998515,0.01998515,31968,98,0
6251.80516120,6251.80517060,2276.30943244,2276.30906529,0.03614267,854.58317037,0.01998515,0.01998515,31967,98,0
6252.00035752,6252.00076783,2283.96037394,2283.94431566,0.04542379,854.65169543,0.01998514,0.01998515,31966,98,0
6252.19629070,6252.19637731,2291.61988888,2291.61649570,0.03168748,854.71947368,0.01998515,0.01998515,31965,98,0
6252.39140820,6252.39199902,2299.28792492,2299.26475379,0.05566883,854.78596484,0.01998514,0.01998515,31964,98,0
6252.58778959,6252.58763298,2306.96442923,2306.97057759,0.04104850,854.85187029,0.01998515,0.01998515,31963,98,0
6252.78331195,6252.78327918,2314.64931590,2314.65060370,0.03265722,854.91647038,0.01998515,0.01998515,31962,98,0
6252.97852377,6252.97893763,2322.34242266,2322.32614219,0.05729871,854.97995083,0.01998514,0.01998515,31961,98,0
6253.17470977,6253.17460832,2330.04357545,2330.04757036,0.03820281,855.04271957,0.01998515,0.01998515,31960,98,0
6253.37047299,6253.37029126,2337.75259903,2337.75976205,0.04892122,855.10432075,0.01998515,0.01998515,31959,98,0
6253.56613258,6253.56598644,2345.46935553,2345.47512084,0.01743291,855.16485479,0.01998515,0.01998515,31958,98,0
6253.76149484,6253.76169388,2353.19408142,2353.18622125,0.04274262,855.22426373,0.01998515,0.01998515,31957,98,0
6253.95743159,6253.95741356,2360.92722610,2360.92793906,0.04295371,855.28281071,0.01998515,0.01998515,31956,98,0
6254.15308247,6254.15314549,2368.66924433,2368.66674988,0.03322239,855.34023636,0.01998515,0.01998515,31955,98,0
6254.34828180,6254.34888968,2376.42059117,2376.39650518,0.05520623,855.39649766,0.01998514,0.01998515,31954,98,0
6254.54423791,6254.54464612,2384.18146097,2384.16526799,0.04761030,855.45193812,0.01998514,0.01998515,31953,98,0
6254.74014265,6254.74041482,2391.95156339,2391.94075528,0.05028947,855.50631763,0.01998515,0.01998515,31952,98,0
6254.93619776,6254.93619577,2399.73055380,2399.73063293,0.05190050,855.55968536,0.01998515,0.01998515,31951,98,0
6255.13210029,6255.13198898,2407.51808522,2407.52251483,0.03643534,855.61195300,0.01998515,0.01998515,31950,98,0
6255.32831080,6255.32779444,2415.31385502,2415.33442357,0.05708850,855.66323676,0.01998515,0.01998515,31949,98,0
6255.52350972,6255.52361217,2423.11785932,2423.11377434,0.04046129,855.71319419,0.01998515,0.01998515,31948,98,0
6255.71946724,6255.71944215,2430.93021350,2430.93121493,0.04589327,855.76227785,0.01998515,0.01998515,31947,98,0
6255.91521220,6255.91528440,2438.75103398,2438.74814923,0.05668328,855.81023738,0.01998515,0.01998515,31946,98,0
6256.11096489,6256.11113891,2446.58044104,2446.57348104,0.05505745,855.85712578,0.01998515,0.01998515,31945,98,0
6256.30712822,6256.30700568,2454.41865283,2454.42355933,0.06170824,855.90303393,0.01998515,0.01998515,31944,98,0
6256.50344410,6256.50288472,2462.26600287,2462.28842557,0.04346312,855.94789512,0.01998515,0.01998515,31943,98,0
6256.69830718,6256.69877602,2470.12283336,2470.10401775,0.05249389,855.99135143,0.01998515,0.01998515,31942,98,0
6256.89453680,6256.89467960,2477.98948879,2477.98375108,0.04350813,856.03403033,0.01998515,0.01998515,31941,98,0
6257.09094744,6257.09059544,2485.86613418,2485.88029452,0.04783207,856.07565801,0.01998515,0.01998515,31940,98,0
6257.28664139,6257.28652354,2493.75232152,2493.75706763,0.03637182,856.11604233,0.01998515,0.01998515,31939,98,0
6257.48335179,6257.48246393,2501.64747006,2501.68326365,0.05842423,856.15553168,0.01998515,0.01998515,31938,98,0
6257.67845146,6257.67841658,2509.55099505,2509.55240270,0.02358800,856.19359726,0.01998515,0.01998515,31937,98,0
6257.87470128,6257.87438150,2517.46236723,2517.47528309,0.05784976,856.23077583,0.01998515,0.01998515,31936,98,0
6258.07015399,6258.07035870,2525.38167809,2525.37340162,0.02488899,856.26669278,0.01998515,0.01998515,31935,98,0
6258.26627869,6258.26634818,2533.30939258,2533.30658062,0.04847582,856.30161797,0.01998515,0.01998515,31934,98,0
6258.46203547,6258.46234993,2541.24598381,2541.23324367,0.04888067,856.33536222,0.01998515,0.01998515,31933,98,0
6258.65825850,6258.65836395,2549.19192329,2549.18764613,0.04840421,856.36806677,0.01998515,0.01998515,31932,98,0
6258.85383002,6258.85439026,2557.14743755,2557.12468783,0.05089906,856.39954400,0.01998515,0.01998515,31931,98,0
6259.05066587,6259.05042885,2565.11239285,2565.12202807,0.05082376,856.43009256,0.01998515,0.01998515,31930,98,0
6259.24660267,6259.24647972,2573.08662592,2573.09162967,0.03682652,856.45936909,0.01998515,0.01998515,31929,98,0
6259.44256981,6259.44254287,2581.06997228,2581.07106981,0.03824542,856.48751562,0.01998515,0.01998515,31928,98,0
6259.63818546,6259.63861830,2589.06232283,2589.04467016,0.04819512,856.51447604,0.01998515,0.01998515,31927,98,0
6259.83487706,6259.83470602,2597.06376908,2597.07075206,0.04193297,856.54043736,0.01998515,0.01998515,31926,98,0
6260.03092901,6260.03080602,2605.07444790,2605.07947455,0.03283056,856.56516601,0.01998515,0.01998515,31925,98,0
6260.22678663,6260.22691832,2613.09449710,2613.08910864,0.03811321,856.58872210,0.01998515,0.01998515,31924,98,0
6260.42253206,6260.42304289,2621.12405655,2621.10313060,0.05018850,856.61111475,0.01998515,0.01998515,31923,98,0
6260.61925056,6260.61917976,2629.16327709,2629.16618049,0.04188764,856.63245696,0.01998515,0.01998515,31922,98,0
6260.81474812,6260.81532892,2637.21231584,2637.18846848,0.04233809,856.65250932,0.01998515,0.01998515,31921,98,0
6261.01149913,6261.01149037,2645.27133106,2645.27169113,0.05365477,856.67152162,0.01998515,0.01998515,31920,98,0
6261.20747269,6261.20766411,2653.34047702,2653.33259860,0.04266090,856.68928958,0.01998515,0.01998515,31919,98,0
6261.40351477,6261.40385015,2661.41977434,2661.40595452,0.05676482,856.70589207,0.01998515,0.01998515,31918,98,0
6261.60092726,6261.60004848,2669.50909765,2669.54535114,0.05112138,856.72142193,0.01998515,0.01998515,31917,98,0
6261.79666264,6261.79625911,2677.60831338,2677.62498002,0.04970878,856.73563778,0.01998515,0.01998515,31916,98,0
6261.99270214,6261.99248203,2685.71728743,2685.72638878,0.04545195,856.74869163,0.01998515,0.01998515,31915,98,0
6262.18909014,6262.18871725,2693.83597425,2693.85141009,0.04316061,856.76057640,0.01998515,0.01998515,31914,98,0
6262.38497107,6262.38496478,2701.96451862,2701.96477949,0.04027279,856.77123792,0.01998515,0.01998515,31913,98,0
6262.58164432,6262.58122460,2710.10309072,2710.12050625,0.04429422,856.78074036,0.01998515,0.01998515,31912,98,0
6262.77721684,6262.77749672,2718.25186194,2718.24023460,0.04158528,856.78899107,0.01998515,0.01998515,31911,98,0
6262.97354331,6262.97378115,2726.41093075,2726.40103839,0.05665114,856.79606732,0.01998515,0.01998515,31910,98,0
6263.16964048,6263.17007788,2734.58008724,2734.56187357,0.05640138,856.80192437,0.01998515,0.01998515,31909,98,0
6263.36663325,6263.36638692,2742.75903937,2742.76930789,0.03310973,856.80658526,0.01998515,0.01998515,31908,98,0
6263.56239092,6263.56270827,2750.94749288,2750.93424962,0.03510852,856.80999854,0.01998515,0.01998515,31907,98,0
6263.75949611,6263.75904192,2759.14520730,2759.16418192,0.03715392,856.81220413,0.01998515,0.01998515,31906,98,0
6263.95549273,6263.95538788,2767.35238582,2767.35677116,0.05745013,856.81316848,0.01998515,0.01998515,31905,98,0
6264.15228269,6264.15174615,2775.56944593,2775.59191203,0.04958698,856.81289987,0.01998515,0.01998515,31904,98,0
6264.34771014,6264.34811673,2783.79680948,2783.77976423,0.04930634,856.81140238,0.01998515,0.01998515,31903,98,0
6264.54389800,6264.54449962,2792.03488333,2792.00963005,0.03662325,856.80866093,0.01998515,0.01998515,31902,98,0
6264.74109113,6264.74089483,2800.28379543,2800.29204543,0.04423152,856.80465072,0.01998515,0.01998515,31901,98,0
6264.93734217,6264.93730235,2808.54345173,2808.54512712,0.05133018,856.79940620,0.01998515,0.01998515,31900,98,0
6265.13376757,6265.13372219,2816.81375133,2816.81566338,0.03966201,856.79290041,0.01998515,0.01998515,31899,98,0
6265.33017884,6265.33015434,2825.09459361,2825.09562675,0.04147076,856.78513363,0.01998515,0.01998515,31898,98,0
6265.52658659,6265.52659882,2833.38591527,2833.38539915,0.05438538,856.77610121,0.01998515,0.01998515,31897,98,0
6265.72319389,6265.72305561,2841.68769886,2841.69354574,0.03820990,856.76578748,0.01998515,0.01998515,31896,98,0
6265.91985215,6265.91952472,2849.99992959,2850.01379094,0.03532203,856.75419336,0.01998515,0.01998515,31895,98,0
6266.11635529,6266.11600615,2858.32259204,2858.33738974,0.05602801,856.74132757,0.01998515,0.01998515,31894,98,0
6266.31272991,6266.31249991,2866.65563035,2866.66538993,0.04955584,856.72718681,0.01998515,0.01998515,31893,98,0
6266.50883677,6266.50900599,2874.99891607,2874.99172736,0.04170490,856.71178081,0.01998515,0.01998515,31892,98,0
6266.70557169,6266.70552439,2883.35231220,2883.35432370,0.05749665,856.69503158,0.01998515,0.01998515,31891,98,0
6266.90185195,6266.90205512,2891.71568106,2891.70703019,0.04627715,856.67702558,0.01998515,0.01998515,31890,98,0
6267.09898740,6267.09859818,2900.08902879,2900.10562020,0.03424780,856.65763438,0.01998515,0.01998515,31889,98,0
6267.29511100,6267.29515357,2908.47272619,2908.47090915,0.05614032,856.63703801,0.01998515,0.01998515,31888,98,0
6267.49197352,6267.49172129,2916.86720329,2916.87798191,0.03611199,856.61504971,0.01998515,0.01998515,31887,98,0
6267.68781342,6267.68830133,2925.27289337,2925.25201687,0.03999943,856.59186325,0.01998515,0.01998515,31886,98,0
6267.88494744,6267.88489371,2933.69008658,2933.69238834,0.05677553,856.56719587,0.01998515,0.01998515,31885,98,0
6268.08125667,6268.08149843,2942.11858115,2942.10821066,0.03778768,856.54130363,0.01998515,0.01998515,31884,98,0
6268.27742719,6268.27811547,2950.55806955,2950.52850824,0.05278418,856.51410194,0.01998515,0.01998515,31883,98,0
6268.47479749,6268.47474486,2959.00824179,2959.01050507,0.03612941,856.48539072,0.01998515,0.01998515,31882,98,0
6268.67150222,6268.67138657,2967.46889299,2967.47387155,0.04841596,856.45543196,0.01998515,0.01998515,31881,98,0
6268.86782664,6268.86804063,2975.94027678,2975.93105303,0.03727813,856.42418746,0.01998515,0.01998515,31880,98,0
6269.06461146,6269.06470703,2984.42277171,2984.41864696,0.05729384,856.39151645,0.01998515,0.01998515,31879,98,0
6269.26084122,6269.26138576,2992.91675924,2992.89322636,0.03108342,856.35758214,0.01998515,0.01998515,31878,98,0
6269.45777079,6269.45807684,3001.42255744,3001.40931379,0.04237776,856.32215965,0.01998515,0.01998515,31877,98,0
6269.65516282,6269.65478026,3009.94014935,3009.95672580,0.04116551,856.28527443,0.01998515,0.01998515,31876,98,0
6269.85168184,6269.85149602,3018.46941080,3018.47747272,0.05397858,856.24717571,0.01998515,0.01998515,31875,98,0
6270.04847730,6270.04822413,3027.01021650,3027.02121468,0.02747086,856.20764239,0.01998515,0.01998515,31874,98,0
6270.24542819,6270.24496458,3035.56247824,3035.58264414,0.04925751,856.16668959,0.01998515,0.01998515,31873,98,0
6270.44196311,6270.44171738,3044.12632353,3044.13702602,0.03157873,856.12443321,0.01998515,0.01998515,31872,98,0
6270.63797129,6270.63848253,3052.70195711,3052.67966099,0.04734186,856.08090095,0.01998515,0.01998515,31871,98,0
6270.83523026,6270.83526003,3061.28958537,3061.28828546,0.05517422,856.03568401,0.01998515,0.01998515,31870,98,0
6271.03268016,6271.03204988,3069.88933478,3069.91689654,0.02965377,855.98900389,0.01998515,0.01998515,31869,98,0
6271.22837799,6271.22885208,3078.50084949,3078.48009182,0.05068697,855.94133337,0.01998515,0.01998515,31868,98,0
6271.42517148,6271.42566663,3087.12359323,3087.10188670,0.03855995,855.89198377,0.01998515,0.01998515,31867,98,0
6271.62224646,6271.62249354,3095.75702501,3095.74618139,0.06061944,855.84114267,0.01998515,0.01998515,31866,98,0
6271.81906978,6271.81933280,3104.40074803,3104.38919122,0.03896094,855.78894503,0.01998515,0.01998515,31865,98,0
6272.01604542,6272.01618442,3113.05522382,3113.04910887,0.03439800,855.73527735,0.01998515,0.01998515,31864,98,0
6272.21282243,6272.21304840,3121.72122740,3121.71127360,0.05751248,855.68022604,0.01998515,0.01998515,31863,98,0
6272.41013843,6272.40992473,3130.39954049,3130.40896688,0.04919458,855.62357070,0.01998515,0.01998515,31862,98,0
6272.60758881,6272.60681343,3139.09080359,3139.12505596,0.05899163,855.56541018,0.01998515,0.01998515,31861,98,0
6272.80437696,6272.80371448,3147.79487930,3147.82418475,0.03236051,855.50598013,0.01998515,0.01998515,31860,98,0
6273.00077015,6273.00062790,3156.51137027,3156.51767138,0.04558712,855.44520872,0.01998515,0.01998515,31859,98,0
6273.19701982,6273.19755368,3165.23987561,3165.21619776,0.05217185,855.38302150,0.01998515,0.01998515,31858,98,0
6273.39504688,6273.39449183,3173.98009593,3174.00474525,0.02885321,855.31878830,0.01998515,0.01998515,31857,98,0
6273.59111974,6273.59144234,3182.73220726,3182.71786205,0.04945422,855.25371496,0.01998515,0.01998515,31856,98,0
6273.78857158,6273.78840522,3191.49652295,3191.50393043,0.05445383,855.18669398,0.01998515,0.01998515,31855,98,0
6273.98534404,6273.98538046,3200.27335896,3200.27173466,0.05806414,855.11840815,0.01998515,0.01998515,31854,98,0
6274.18243112,6274.18236808,3209.06293107,3209.06574596,0.03700438,855.04850929,0.01998515,0.01998515,31853,98,0
6274.37911136,6274.37936807,3217.86507992,3217.85360240,0.04732416,854.97724990,0.01998515,0.01998515,31852,98,0
6274.57552469,6274.57638042,3226.67955833,3226.64124720,0.04159009,854.90458340,0.01998515,0.01998515,31851,98,0
6274.77336516,6274.77340515,3235.50611713,3235.50432415,0.04926363,854.82986623,0.01998515,0.01998515,31850,98,0
6274.97049440,6274.97044226,3244.34464468,3244.34698526,0.05503927,854.75389321,0.01998515,0.01998515,31849,98,0
6275.16758533,6275.16749174,3253.19541727,3253.19962385,0.04162289,854.67640583,0.01998515,0.01998515,31848,98,0
6275.36485170,6275.36455359,3262.05878053,3262.07219821,0.02063827,854.59730975,0.01998515,0.01998515,31847,98,0
6275.56115581,6275.56162782,3270.93508209,3270.91380760,0.04834665,854.51706152,0.01998515,0.01998515,31846,98,0
6275.75797716,6275.75871443,3279.82454561,3279.79126780,0.05486270,854.43505359,0.01998515,0.01998515,31845,98,0
6275.95583444,6275.95581342,3288.72714182,3288.72809160,0.04763397,854.35104573,0.01998515,0.01998515,31844,98,0
6276.15195756,6276.15292480,3297.64281059,3297.59903039,0.04884320,854.26621695,0.01998515,0.01998515,31843,98,0
6276.35032987,6276.35004855,3306.57149142,3306.58424287,0.05009459,854.17883278,0.01998515,0.01998515,31842,98,0
6276.54781221,6276.54718468,3315.51313372,3315.54161659,0.04196347,854.09025425,0.01998516,0.01998515,31841,98,0
6276.74457824,6276.74433321,3324.46770095,3324.47883802,0.04459208,854.00041722,0.01998515,0.01998515,31840,98,0
6276.94239932,6276.94149411,3333.43515726,3333.47635731,0.04692439,853.90850324,0.01998516,0.01998515,31839,98,0
6277.13867960,6277.13866740,3342.41547698,3342.41603297,0.03708789,853.81571870,0.01998515,0.01998515,31838,98,0
6277.33640686,6277.33585308,3351.40884403,3351.43411900,0.03692604,853.72064445,0.01998516,0.01998515,31837,98,0
6277.53340544,6277.53305115,3360.41563654,3360.43183012,0.03487054,853.62430779,0.01998515,0.01998515,31836,98,0
6277.73024710,6277.73026161,3369.43624300,3369.43557851,0.03728549,853.52642956,0.01998515,0.01998515,31835,98,0
6277.92727053,6277.92748447,3378.47101264,3378.46120474,0.02939022,853.42683078,0.01998515,0.01998515,31834,98,0
6278.12555446,6278.12471971,3387.51987649,3387.55820219,0.03736711,853.32494233,0.01998516,0.01998515,31833,98,0
6278.32209459,6278.32196735,3396.58252477,3396.58837525,0.04616693,853.22231100,0.01998515,0.01998515,31832,98,0
6278.51967451,6278.51922738,3405.65864203,3405.67922956,0.04457771,853.11748928,0.01998516,0.01998515,31831,98,0
6278.71636778,6278.71649981,3414.74797219,3414.74188491,0.04565644,853.01149404,0.01998515,0.01998515,31830,98,0
6278.89195258,nan,0.00000000,3422.85022468,0.10581140,852.91539212,0.01998509,0.01998515,31829,98,1
6279.11143758,6279.11108185,3432.96663375,3432.98308178,0.04571930,852.79361162,0.01998516,0.01998515,31828,98,0
6279.30807446,6279.30839148,3442.09630503,3442.08162565,0.05154376,852.68266828,0.01998515,0.01998515,31827,98,0
6279.50583414,6279.50571350,3451.23977636,3451.24537057,0.04280955,852.56940584,0.01998516,0.01998515,31826,98,0
6279.70328865,6279.70304793,3460.39726068,3460.40844022,0.03557773,852.45462252,0.01998516,0.01998515,31825,98,0
6279.90075771,6279.90039475,3469.56897749,3469.58585847,0.04160229,852.33812680,0.01998516,0.01998516,31824,98,0
6280.09833524,6280.09775399,3478.75514414,3478.78221963,0.04326812,852.21985211,0.01998516,0.01998516,31823,98,0
6280.29491603,6280.29512562,3487.95580529,3487.94602746,0.05963375,852.10046426,0.01998515,0.01998516,31822,98,0
6280.49252930,6280.49250967,3497.17076763,3497.17168490,0.05568434,851.97872610,0.01998516,0.01998516,31821,98,0
6280.68982072,6280.68990612,3506.39981888,3506.39582321,0.03595959,851.85545876,0.01998516,0.01998516,31820,98,0
6280.88772661,6280.88731498,3515.64274435,3515.66203123,0.04550827,851.73006960,0.01998516,0.01998516,31819,98,0
6281.08459315,6281.08473625,3524.89932384,3524.89260960,0.04246206,851.60360853,0.01998516,0.01998516,31818,98,0
6281.28125014,6281.28216993,3534.16933263,3534.12611633,0.04842676,851.47555564,0.01998515,0.01998516,31817,98,0
6281.48022479,6281.47961603,3543.45254373,3543.48118486,0.04583008,851.34423429,0.01998516,0.01998516,31816,98,0
6281.67634278,6281.67707454,3552.74892251,3552.71444721,0.03509631,851.21306091,0.01998515,0.01998516,31815,98,0
6281.87478460,6281.87454546,3562.05938057,3562.07066427,0.05397238,851.07855808,0.01998516,0.01998516,31814,98,0
6282.07100217,6282.07202880,3571.38512553,3571.33660528,0.04183200,850.94378300,0.01998515,0.01998516,31813,98,0
6282.26935549,6282.26952455,3580.72737030,3580.71936608,0.04093461,850.80571675,0.01998515,0.01998516,31812,98,0
6282.46635908,6282.46703273,3590.08655131,3590.05460287,0.06645644,850.66676009,0.01998515,0.01998516,31811,98,0
6282.66396037,6282.66455332,3599.46155233,3599.43338738,0.04068855,850.52555855,0.01998515,0.01998516,31810,98,0
6282.86252607,6282.86208633,3608.85106373,3608.87198063,0.05780762,850.38184093,0.01998516,0.01998516,31809,98,0
6283.05946614,6283.05963177,3618.25385717,3618.24596846,0.04417514,850.23750298,0.01998515,0.01998516,31808,98,0
6283.25659339,6283.25718963,3627.67025155,3627.64181120,0.04888409,850.09122450,0.01998515,0.01998516,31807,98,0
6283.45416986,6283.45475991,3637.10185349,3637.07366241,0.06350771,849.94277040,0.01998515,0.01998516,31806,98,0
6283.65155087,6283.65234262,3646.55032331,3646.51242719,0.02784020,849.79258770,0.01998515,0.01998516,31805,98,0
6283.85013312,6283.84993775,3656.01692301,3656.02629172,0.05337366,849.63957043,0.01998516,0.01998516,31804,98,0
6284.04780780,6284.04754531,3665.50085680,3665.51346525,0.04091779,849.48534333,0.01998516,0.01998516,31803,98,0
6284.24560245,6284.24516530,3675.00067574,3675.02170603,0.04742197,849.32913161,0.01998516,0.01998516,31802,98,0
6284.44361085,6284.44279772,3684.51492813,3684.55409996,0.02306964,849.17087295,0.01998516,0.01998516,31801,98,0
6284.64118337,6284.64044257,3694.04306357,3694.07880255,0.04008613,849.01109188,0.01998516,0.01998516,31800,98,0
6284.83867567,6284.83809986,3703.58608104,3703.61390361,0.03912272,848.84948435,0.01998516,0.01998516,31799,98,0
6285.03577550,6285.03576957,3713.14514016,3713.14542717,0.05097457,848.68628558,0.01998516,0.01998516,31798,98,0
6285.23387099,6285.23345172,3722.72130154,3722.74162941,0.04628096,848.52031108,0.01998516,0.01998516,31797,98,0
6285.43112011,6285.43114631,3732.31447382,3732.31320111,0.03560260,848.35309520,0.01998516,0.01998516,31796,98,0
6285.62925436,6285.62885334,3741.92386787,3741.94337469,0.04391239,848.18317511,0.01998516,0.01998516,31795,98,0
6285.82658217,6285.82657280,3751.54867738,3751.54913416,0.02743226,848.01200673,0.01998516,0.01998516,31794,98,0
6286.02454447,6286.02430470,3761.18836675,3761.20006468,0.05473780,847.83834480,0.01998516,0.01998516,31793,98,0
6286.22262399,6286.22204904,3770.84319879,3770.87129196,0.04172477,847.66261981,0.01998516,0.01998516,31792,98,0
6286.42108301,6286.41980583,0.00000000,3780.57375368,0.01613801,847.48461956,0.01998516,0.01998516,31791,98,1
6286.61732493,6286.61757505,3790.19992445,3790.18766432,0.04165412,847.30655684,0.01998516,0.01998516,31790,98,0
6286.81563251,6286.81535672,3799.90249212,3799.91603245,0.04818383,847.12466494,0.01998516,0.01998516,31789,98,0
6287.01225672,6287.01315084,3809.62143215,3809.57746276,0.05796807,846.94232303,0.01998515,0.01998516,31788,98,0
6287.21145982,6287.21095740,3819.35688796,3819.38163599,0.03631416,846.75555377,0.01998516,0.01998516,31787,98,0
6287.40943673,6287.40877641,3829.10897397,3829.14155326,0.05581628,846.56789349,0.01998516,0.01998516,31786,98,0
6287.60637131,6287.60660787,3838.87768699,3838.86599631,0.04642252,846.37919466,0.01998516,0.01998516,31785,98,0
6287.80427160,6287.80445178,3848.66299459,3848.65407599,0.03303730,846.18752671,0.01998516,0.01998516,31784,98,0
6288.00127417,6288.00230813,3858.46488095,3858.41361625,0.05377208,845.99468542,0.01998515,0.01998516,31783,98,0
6288.20019511,6288.20017695,3868.28374633,3868.28464825,0.06226111,845.79788184,0.01998516,0.01998516,31782,98,0
6288.39809175,6288.39805821,3878.12042499,3878.12209363,0.05812771,845.59998775,0.01998516,0.01998516,31781,98,0
6288.59520909,6288.59595193,3887.97577957,3887.93875041,0.05706443,845.40076041,0.01998515,0.01998516,31780,98,0
6288.79416576,6288.79385811,3897.85035596,3897.86572086,0.05701437,845.19751521,0.01998516,0.01998516,31779,98,0
6288.99202436,6288.99177674,3907.74336228,3907.75575031,0.03789349,844.99324745,0.01998516,0.01998516,31778,98,0
6289.18958061,6289.18970783,3917.65365168,3917.64727705,0.03873122,844.78717290,0.01998516,0.01998516,31777,98,0
6289.38720582,6289.38765138,3927.58012977,3927.55776869,0.05208656,844.57892229,0.01998516,0.01998516,31776,98,0
6289.58704230,6289.58560739,3937.52309292,3937.59522767,0.05624863,844.36618675,0.01998516,0.01998516,31775,98,0
6289.78378454,6289.78357586,3947.48419670,3947.49470671,0.06698865,844.15458473,0.01998516,0.01998516,31774,98,0
6289.98090645,6289.98155679,3957.46516951,3957.43234979,0.04264367,843.94037835,0.01998516,0.01998516,31773,98,0
6290.17885989,6290.17955019,3967.46695885,3967.43205442,0.06396500,843.72302548,0.01998516,0.01998516,31772,98,0
6290.37796317,6290.37755605,3977.48783186,3977.50845293,0.03045580,843.50217044,0.01998516,0.01998516,31771,98,0
6290.57573781,6290.57557438,3987.52547119,3987.53376130,0.06365902,843.28060714,0.01998516,0.01998516,31770,98,0
6290.77381782,6290.77360518,3997.57774193,3997.58854347,0.05212399,843.05656116,0.01998516,0.01998516,31769,98,0
6290.97146729,6290.97164845,4007.64531939,4007.63610256,0.05235414,842.83084423,0.01998516,0.01998516,31768,98,0
6291.17000360,6291.16970418,4017.73093518,4017.74619699,0.04690488,842.60187424,0.01998516,0.01998516,31767,98,0
6291.36874320,6291.36777239,4027.83738866,4027.88697825,0.06589115,842.37034700,0.01998516,0.01998516,31766,98,0
6291.56536212,6291.56585307,4037.96610558,4037.94097571,0.04002298,842.13896007,0.01998516,0.01998516,31765,98,0
6291.76336813,6291.76394622,4048.11549095,4048.08584505,0.04160333,841.90362384,0.01998516,0.01998516,31764,98,0
6291.96194514,6291.96205185,4058.28353572,4058.27805421,0.06224027,841.66531020,0.01998516,0.01998516,31763,98,0
6292.16036842,6292.16016995,4068.46848087,4068.47869185,0.05346275,841.42491367,0.01998516,0.01998516,31762,98,0
6292.35754944,6292.35830053,4078.67043790,4078.63173144,0.05359741,841.18376561,0.01998516,0.01998516,31761,98,0
nan,nan,0.00000000,-1.00000000,0.00000000,840.93557700,nan,0.00000000,-2147483648,98,1
nan,nan,0.00000000,-1.00000000,0.00000000,834.76817221,nan,0.00000000,-2147483648,97,1
6249.06147878,nan,0.00000000,9.92201897,0.04713690,835.07150055,0.01998512,0.01998514,31981,97,1
6249.26130777,6249.26351982,15.97283569,15.90652663,0.10179521,835.37735863,0.01998514,0.01998514,31980,97,0
6249.45307468,6249.45895804,0.00000000,21.65973996,0.07358208,835.67075983,0.01998513,0.01998514,31979,97,1
6249.65397233,6249.65440849,27.69722446,27.68413441,0.07817474,835.97732273,0.01998514,0.01998514,31978,97,0
6249.85197056,6249.84987117,33.56523347,33.62827896,0.09935515,836.27913232,0.01998515,0.01998514,31977,97,0
6250.04316160,6250.04534607,39.43717187,39.37153224,0.11648252,836.57011008,0.01998514,0.01998514,31976,97,0
6250.23666746,6250.24083320,0.00000000,45.18731855,0.06511716,836.86413009,0.01998513,0.01998515,31975,97,1
6250.44020629,6250.43633256,0.00000000,51.30741765,0.09046156,837.17284748,0.01998516,0.01998515,31974,97,1
6250.63105434,6250.63184415,57.07557301,57.05180068,0.11152874,837.46197140,0.01998514,0.01998515,31973,97,0
6250.82846783,6250.82736797,62.96212567,62.99524717,0.05703369,837.76046109,0.01998515,0.01998515,31972,97,0
6251.02460764,6251.02290403,68.85199815,68.90332637,0.10097613,838.05651604,0.01998515,0.01998515,31971,97,0
6251.21754397,6251.21845231,74.74509368,74.71771287,0.01985435,838.34723510,0.01998514,0.01998515,31970,97,0
6251.41535589,6251.41401284,80.64150669,80.68201215,0.06557328,838.64478925,0.01998515,0.01998515,31969,97,0
6251.61052752,6251.60958560,86.54139260,86.56981565,0.03417148,838.93787106,0.01998515,0.01998515,31968,97,0
6251.80796465,6251.80517060,0.00000000,92.52857106,0.04562876,839.23382115,0.01998515,0.01998515,31967,97,1
6251.99795908,6252.00076783,0.00000000,98.26770061,0.07745267,839.51823224,0.01998514,0.01998515,31966,97,1
6252.19570473,6252.19637731,104.26345103,104.24311976,0.09203431,839.81369520,0.01998514,0.01998515,31965,97,0
6252.38875660,6252.39199902,0.00000000,110.08258503,0.03503384,840.10178747,0.01998514,0.01998515,31964,97,1
6252.58499940,6252.58763298,0.00000000,116.02069971,0.04108486,840.39408961,0.01998514,0.01998515,31963,97,1
6252.78367418,6252.78327918,122.02146351,122.03342591,0.01689826,840.68938949,0.01998515,0.01998515,31962,97,0
6252.98126529,6252.97893763,0.00000000,128.02185676,0.03931393,840.98282116,0.01998515,0.01998515,31961,97,1
6253.17657908,6253.17460832,133.88008167,133.93983863,0.09525237,841.27213914,0.01998515,0.01998515,31960,97,0
6253.37294568,6253.37029126,0.00000000,139.89803829,0.04675104,841.56275885,0.01998515,0.01998515,31959,97,1
6253.56319987,6253.56598644,0.00000000,145.67175759,0.07268852,841.84374433,0.01998514,0.01998515,31958,97,1
6253.76444032,6253.76169388,0.00000000,151.78245004,0.04292698,842.14044731,0.01998516,0.01998515,31957,97,1
6253.96048110,6253.95741356,0.00000000,157.73878840,0.08160538,842.42898105,0.01998516,0.01998515,31956,97,1
6254.15186313,6254.15314549,163.59406612,163.55507119,0.07310128,842.71008768,0.01998514,0.01998515,31955,97,0
6254.34866360,6254.34888968,169.54799257,169.54111401,0.03872304,842.99873604,0.01998515,0.01998515,31954,97,0
6254.54155761,6254.54464612,0.00000000,175.41429098,0.06074793,843.28128849,0.01998514,0.01998515,31953,97,1
6254.73607494,6254.74041482,0.00000000,181.33811709,0.08113567,843.56562204,0.01998513,0.01998515,31952,97,1
6254.93622462,6254.93619577,187.43152110,187.43240034,0.07310855,843.85745023,0.01998515,0.01998515,31951,97,0
6255.13275031,6255.13198898,193.40033112,193.42354758,0.06576952,844.14366064,0.01998515,0.01998515,31950,97,0
6255.32803492,6255.32779444,199.37320491,199.38054268,0.08843029,844.42757207,0.01998515,0.01998515,31949,97,0
6255.52412994,6255.52361217,205.35029183,205.36610140,0.08344045,844.71217462,0.01998515,0.01998515,31948,97,0
6255.71978092,6255.71944215,211.33172160,211.34207238,0.08489647,844.99565115,0.01998515,0.01998515,31947,97,0
6255.91725981,6255.91528440,217.31744097,217.37783675,0.04626132,845.28128444,0.01998515,0.01998515,31946,97,0
6256.11192915,6256.11113891,223.30729882,223.33147431,0.05573784,845.56236219,0.01998515,0.01998515,31945,97,0
6256.30688051,6256.30700568,229.30114255,229.29731087,0.06385717,845.84334948,0.01998515,0.01998515,31944,97,0
6256.50339315,6256.50288472,235.29881895,235.31439123,0.05706299,846.12607471,0.01998515,0.01998515,31943,97,0
6256.69804182,6256.69877602,241.30017419,241.27767514,0.05163332,846.40560286,0.01998514,0.01998515,31942,97,0
6256.89450140,6256.89467960,247.30509908,247.29963552,0.06164020,846.68720535,0.01998515,0.01998515,31941,97,0
6257.08832098,6257.09059544,0.00000000,253.24988931,0.04105905,846.96478741,0.01998514,0.01998515,31940,97,1
6257.28354644,6257.28652354,0.00000000,259.24140021,0.07941757,847.24362404,0.01998514,0.01998515,31939,97,1
6257.48355033,6257.48246393,265.34221122,265.37557866,0.04674916,847.52840371,0.01998515,0.01998515,31938,97,0
6257.67776779,6257.67841658,271.36242870,271.34249014,0.04746276,847.80474194,0.01998514,0.01998515,31937,97,0
6257.87739120,6257.87438150,0.00000000,277.48868413,0.08864826,848.08868609,0.01998516,0.01998515,31936,97,1
6258.07112085,6258.07035870,283.41531539,283.43876782,0.04736498,848.36289654,0.01998515,0.01998515,31935,97,0
6258.26651154,6258.26634818,289.44806265,289.45309273,0.08927636,848.63939408,0.01998515,0.01998515,31934,97,0
6258.46244196,6258.46234993,295.48500443,295.48784007,0.05857674,848.91615004,0.01998515,0.01998515,31933,97,0
6258.65812633,6258.65836395,301.52613257,301.51880673,0.06055101,849.19205173,0.01998515,0.01998515,31932,97,0
6258.85531469,6258.85439026,307.57143887,307.59995667,0.07797254,849.46956007,0.01998515,0.01998515,31931,97,0
6259.05079539,6259.05042885,313.62091584,313.63223042,0.06697028,849.74415443,0.01998515,0.01998515,31930,97,0
6259.24372580,6259.24647972,0.00000000,319.59956759,0.06742182,850.01512306,0.01998514,0.01998515,31929,97,1
6259.44083251,6259.44254287,325.73241198,325.67954974,0.07292376,850.29052171,0.01998514,0.01998515,31928,97,0
6259.63938418,6259.63861830,331.79446191,331.81814809,0.07032661,850.56787405,0.01998515,0.01998515,31927,97,0
6259.83470762,6259.83470602,337.86073386,337.86078338,0.04939151,850.84020241,0.01998515,0.01998515,31926,97,0
6260.03167401,6260.03080602,343.93124349,343.95812148,0.03305028,851.11430408,0.01998515,0.01998515,31925,97,0
6260.22610868,6260.22691832,350.00599687,349.98090987,0.03162035,851.38437208,0.01998515,0.01998515,31924,97,0
6260.42158552,6260.42304289,356.08494806,356.03976228,0.06134850,851.65537306,0.01998514,0.01998515,31923,97,0
6260.62034925,6260.61917976,362.16803353,362.20431576,0.05497590,851.93039766,0.01998515,0.01998515,31922,97,0
6260.81475094,6260.81532892,368.25518947,368.23724763,0.05900635,852.19886250,0.01998515,0.01998515,31921,97,0
6261.01086551,6261.01149037,374.34635182,374.32694326,0.03930648,852.46916360,0.01998515,0.01998515,31920,97,0
6261.20981492,6261.20766411,380.44145658,380.50830143,0.06079650,852.74282470,0.01998516,0.01998515,31919,97,0
6261.40424507,6261.40385015,386.54048420,386.55276516,0.04900674,853.00973494,0.01998515,0.01998515,31918,97,0
6261.60106055,6261.60004848,392.64350263,392.67499400,0.05283412,853.27938344,0.01998515,0.01998515,31917,97,0
6261.79675429,6261.79625911,398.75059025,398.76600760,0.05815801,853.54696240,0.01998515,0.01998515,31916,97,0
6261.99288320,6261.99248203,404.86182576,404.87432367,0.04243634,853.81460567,0.01998515,0.01998515,31915,97,0
6262.18863696,6262.18871725,410.97728817,410.97478501,0.02875522,854.08120942,0.01998515,0.01998515,31914,97,0
6262.38459868,6262.38496478,417.09705327,417.08563325,0.05034766,854.34757052,0.01998515,0.01998515,31913,97,0
6262.58102201,6262.58122460,423.22114689,423.21482321,0.05894792,854.61403086,0.01998515,0.01998515,31912,97,0
6262.77687409,6262.77749672,429.34955764,429.33011036,0.06419008,854.87918797,0.01998515,0.01998515,31911,97,0
6262.97322981,6262.97378115,435.48227316,435.46504146,0.08273796,855.14449552,0.01998515,0.01998515,31910,97,0
6263.17063695,6263.17007788,441.61928106,441.63676522,0.06677627,855.41068551,0.01998515,0.01998515,31909,97,0
6263.36737986,6263.36638692,447.76056887,447.79164149,0.03954674,855.67544105,0.01998515,0.01998515,31908,97,0
6263.56253713,6263.56270827,453.90612680,453.90076802,0.06422608,855.93752974,0.01998515,0.01998515,31907,97,0
6263.75965806,6263.75904192,460.05595575,460.07526145,0.02811040,856.20171533,0.01998515,0.01998515,31906,97,0
6263.95474391,6263.95538788,466.21005929,466.18986905,0.04559853,856.46263783,0.01998515,0.01998515,31905,97,0
6264.15283424,6264.15174615,472.36844103,472.40257783,0.08167475,856.72703234,0.01998515,0.01998515,31904,97,0
6264.34846208,6264.34811673,478.53110455,478.54194614,0.04928175,856.98759865,0.01998515,0.01998515,31903,97,0
6264.54345741,6264.54449962,484.69805237,484.66531393,0.06016813,857.24678582,0.01998515,0.01998515,31902,97,0
6264.74041816,6264.74089483,490.86924766,490.85426488,0.04962028,857.50803866,0.01998515,0.01998515,31901,97,0
6264.93696259,6264.93730235,497.04460391,497.03391808,0.06501044,857.76818662,0.01998515,0.01998515,31900,97,0
6265.13491483,6265.13372219,503.22403107,503.26156312,0.04904932,858.02963483,0.01998516,0.01998515,31899,97,0
6265.33088208,6265.33015434,509.40743871,509.43035329,0.06475164,858.28789962,0.01998515,0.01998515,31898,97,0
6265.52694976,6265.52659882,515.59473604,515.60579249,0.04925469,858.54573252,0.01998515,0.01998515,31897,97,0
6265.72377094,6265.72305561,521.78586791,521.80841729,0.05233165,858.80398520,0.01998515,0.01998515,31896,97,0
6265.91932863,6265.91952472,527.98101103,527.97482606,0.03088691,859.06001951,0.01998515,0.01998515,31895,97,0
6266.11545152,6266.11600615,534.18043469,534.16292896,0.03477438,859.31624251,0.01998515,0.01998515,31894,97,0
6266.31160058,6266.31249991,540.38440956,540.35600466,0.05490459,859.57195734,0.01998515,0.01998515,31893,97,0
6266.50954463,6266.50900599,546.59320742,546.61023270,0.05523381,859.82947226,0.01998515,0.01998515,31892,97,0
6266.70672203,6266.70552439,552.80709861,552.84498274,0.03354707,860.08546020,0.01998516,0.01998515,31891,97,0
6266.90100149,6266.90205512,559.02614828,558.99279455,0.03536833,860.33716992,0.01998515,0.01998515,31890,97,0
6267.09947556,6267.09859818,565.25006944,565.27786291,0.04721855,860.59377194,0.01998515,0.01998515,31889,97,0
6267.29538215,6267.29515357,571.47853947,571.48578499,0.06841821,860.84650244,0.01998515,0.01998515,31888,97,0
6267.49413271,6267.49172129,0.00000000,577.77863824,0.04870183,861.10195848,0.01998516,0.01998515,31887,97,1
6267.68829457,6267.68830133,583.94782856,583.94761403,0.04277903,861.35167040,0.01998515,0.01998515,31886,97,0
6267.88430906,6267.88489371,590.18804505,590.16948226,0.06118047,861.60280603,0.01998515,0.01998515,31885,97,0
6268.08241548,6268.08149843,596.43200691,596.46113984,0.05817046,861.85602614,0.01998516,0.01998515,31884,97,0
6268.27832356,6268.27811547,602.68003214,602.68664680,0.03830322,862.10585901,0.01998515,0.01998515,31883,97,0
6268.47501635,6268.47474486,608.93244138,608.94107712,0.03911433,862.35612659,0.01998515,0.01998515,31882,97,0
6268.67026866,6268.67138657,615.18955664,615.15397193,0.02707004,862.60401178,0.01998515,0.01998515,31881,97,0
6268.86797176,6268.86804063,621.45169934,621.44950549,0.06729913,862.85446187,0.01998515,0.01998515,31880,97,0
6269.06449556,6269.06470703,627.71899480,627.71225333,0.03785039,863.10287639,0.01998515,0.01998515,31879,97,0
6269.26230974,6269.26138576,633.99120483,634.02068128,0.03310207,863.35236554,0.01998516,0.01998515,31878,97,0
6269.45792614,6269.45807684,640.26805098,640.26324016,0.04491075,863.59852132,0.01998515,0.01998515,31877,97,0
6269.65421998,6269.65478026,646.54925359,646.53135731,0.05235560,863.84495603,0.01998515,0.01998515,31876,97,0
6269.85134268,6269.85149602,652.83453177,652.82963101,0.02171681,864.09184079,0.01998515,0.01998515,31875,97,0
6270.04818374,6270.04822413,659.12365258,659.12236116,0.03880931,864.33777197,0.01998515,0.01998515,31874,97,0
6270.24489831,6270.24496458,665.41676039,665.41463994,0.05842721,864.58294970,0.01998515,0.01998515,31873,97,0
6270.44232525,6270.44171738,671.71417580,671.73363811,0.04676325,864.82842816,0.01998515,0.01998515,31872,97,0
6270.63875896,6270.63848253,678.01622176,678.02507844,0.03228261,865.07209904,0.01998515,0.01998515,31871,97,0
6270.83451686,6270.83526003,684.32322264,684.29939407,0.05315793,865.31437433,0.01998515,0.01998515,31870,97,0
6271.03020515,6271.03204988,690.63550048,690.57630510,0.06587398,865.55601813,0.01998515,0.01998515,31869,97,0
6271.22834005,6271.22885208,696.95314560,696.93670242,0.05299394,865.80012948,0.01998515,0.01998515,31868,97,0
6271.42585886,6271.42566663,703.27588175,703.28205932,0.02961724,866.04291494,0.01998515,0.01998515,31867,97,0
6271.62145562,6271.62249354,709.60339922,709.57002158,0.06578323,866.28276681,0.01998515,0.01998515,31866,97,0
6271.81923883,6271.81933280,715.93538691,715.93236310,0.03027600,866.52470866,0.01998515,0.01998515,31865,97,0
6272.01673672,6272.01618442,722.27153237,722.28931456,0.07468294,866.76569498,0.01998515,0.01998515,31864,97,0
6272.21360090,6272.21304840,728.61158972,728.62938839,0.05607989,867.00529431,0.01998515,0.01998515,31863,97,0
6272.40929888,6272.40992473,734.95569191,734.93551856,0.04495815,867.24287075,0.01998515,0.01998515,31862,97,0
6272.60594953,6272.60681343,741.30410438,741.27624013,0.04369496,867.48100624,0.01998515,0.01998515,31861,97,0
6272.80310953,6272.80371448,747.65709388,747.63756850,0.06536500,867.71916591,0.01998515,0.01998515,31860,97,0
6273.00014545,6273.00062790,754.01492833,753.99934566,0.02943978,867.95659144,0.01998515,0.01998515,31859,97,0
6273.19727529,6273.19755368,760.37786989,760.36887134,0.04451859,868.19355388,0.01998515,0.01998515,31858,97,0
6273.39531255,6273.39449183,766.74599963,766.77254812,0.04408841,868.43102811,0.01998515,0.01998515,31857,97,0
6273.59137011,6273.59144234,773.11920320,773.11686510,0.02880442,868.66555093,0.01998515,0.01998515,31856,97,0
6273.78915273,6273.78840522,779.49735611,779.52157100,0.05436927,868.90154883,0.01998515,0.01998515,31855,97,0
6273.98502600,6273.98538046,785.88033329,785.86884286,0.02717744,869.13467989,0.01998515,0.01998515,31854,97,0
6274.18341083,6274.18236808,792.26800914,792.30183336,0.05212146,869.37019704,0.01998516,0.01998515,31853,97,0
6274.37928837,6274.37936807,798.66029743,798.65771056,0.06371179,869.60213744,0.01998515,0.01998515,31852,97,0
6274.57674357,6274.57638042,805.05723844,805.06903366,0.03424308,869.83534241,0.01998515,0.01998515,31851,97,0
6274.77309971,6274.77340515,811.45889770,811.44897002,0.05460857,870.06664930,0.01998515,0.01998515,31850,97,0
6274.97065266,6274.97044226,817.86534103,817.87218445,0.03117713,870.29876308,0.01998515,0.01998515,31849,97,0
6275.16759991,6275.16749174,824.27663454,824.28015533,0.07030152,870.52956405,0.01998515,0.01998515,31848,97,0
6275.36441547,6275.36455359,830.69284026,830.68834170,0.04177006,870.75961178,0.01998515,0.01998515,31847,97,0
6275.56151282,6275.56162782,837.11397602,837.11022770,0.03467087,870.98938793,0.01998515,0.01998515,31846,97,0
6275.75836087,6275.75871443,843.54003384,843.52850186,0.06375242,871.21827138,0.01998515,0.01998515,31845,97,0
6275.95568994,6275.95581342,849.97100533,849.96697485,0.03111547,871.44710834,0.01998515,0.01998515,31844,97,0
6276.15343436,6276.15292480,856.40688210,856.42352586,0.06045267,871.67581669,0.01998515,0.01998515,31843,97,0
6276.34984058,6276.35004855,862.84765684,862.84085939,0.04613206,871.90237071,0.01998515,0.01998515,31842,97,0
6276.54736454,6276.54718468,869.29338425,869.29926712,0.05335644,872.12960473,0.01998515,0.01998515,31841,97,0
6276.74395706,6276.74433321,875.74421046,875.73189809,0.06720294,872.35516399,0.01998515,0.01998515,31840,97,0
6276.94226501,6276.94149411,882.20028961,882.22554258,0.04287727,872.58208552,0.01998516,0.01998515,31839,97,0
6277.13818004,6277.13866740,888.66177651,888.64579908,0.05606591,872.80567495,0.01998515,0.01998515,31838,97,0
6277.33583386,6277.33585308,895.12882670,895.12819604,0.05223197,873.03065422,0.01998515,0.01998515,31837,97,0
6277.53285783,6277.53305115,901.60151120,901.59516328,0.05867811,873.25432288,0.01998515,0.01998515,31836,97,0
6277.73022360,6277.73026161,908.07958304,908.07833402,0.03474315,873.47777493,0.01998515,0.01998515,31835,97,0
6277.92685930,6277.92748447,914.56271980,914.54216216,0.05795395,873.69978588,0.01998515,0.01998515,31834,97,0
6278.12559689,6278.12471971,921.05059755,921.07946088,0.02893084,873.92353386,0.01998516,0.01998515,31833,97,0
6278.32267754,6278.32196735,927.54289083,927.56627322,0.05210726,874.14477221,0.01998516,0.01998515,31832,97,0
6278.51908594,6278.51922738,934.03931354,934.03465430,0.03625481,874.36460671,0.01998515,0.01998515,31831,97,0
6278.71658822,6278.71649981,940.53997935,940.54289362,0.05070153,874.58501458,0.01998516,0.01998515,31830,97,0
6278.91356542,6278.91378463,947.04523010,947.03799940,0.03484056,874.80419649,0.01998515,0.01998515,31829,97,0
6279.11102711,6279.11108185,953.55541178,953.55360471,0.04798521,875.02328615,0.01998516,0.01998515,31828,97,0
6279.30831236,6279.30839148,960.07087201,960.06825855,0.02995028,875.24155880,0.01998516,0.01998515,31827,97,0
6279.50489346,6279.50571350,966.59195195,966.56484039,0.05086249,875.45844433,0.01998515,0.01998515,31826,97,0
6279.70284580,6279.70304793,973.11872703,973.11203921,0.02073900,875.67623010,0.01998516,0.01998515,31825,97,0
6279.90069848,6279.90039475,979.65095006,979.66100711,0.05212803,875.89328180,0.01998516,0.01998516,31824,97,0
6280.09790113,6280.09775399,986.18835341,986.19322920,0.05375723,876.10898859,0.01998516,0.01998516,31823,97,0
6280.29394798,6280.29512562,992.73066815,992.69161971,0.07074350,876.32279550,0.01998515,0.01998516,31822,97,0
6280.49320862,6280.49250967,999.27762446,999.30081495,0.05995724,876.53944738,0.01998516,0.01998516,31821,97,0
6280.68957407,6280.68990612,1005.82907522,1005.81805111,0.03437031,876.75229422,0.01998516,0.01998516,31820,97,0
6280.88813528,6280.88731498,1012.38518011,1012.41243194,0.05038085,876.96686156,0.01998516,0.01998516,31819,97,0
6281.08456596,6281.08473625,1018.94614642,1018.94048506,0.03520602,877.17847922,0.01998516,0.01998516,31818,97,0
6281.28168283,6281.28216993,1025.51218239,1025.49597707,0.05096394,877.39019394,0.01998516,0.01998516,31817,97,0
6281.48011253,6281.47961603,1032.08349725,1032.10002779,0.04130817,877.60267407,0.01998516,0.01998516,31816,97,0
6281.67640902,6281.67707454,1038.66025856,1038.63808378,0.05689769,877.81223716,0.01998515,0.01998516,31815,97,0
6281.87455387,6281.87454546,1045.24241710,1045.24269767,0.07277956,878.02313190,0.01998516,0.01998516,31814,97,0
6282.07253369,6282.07202880,1051.82985423,1051.84670201,0.03291700,878.23320156,0.01998516,0.01998516,31813,97,0
6282.26937698,6282.26952455,1058.42245067,1058.41752268,0.05154280,878.44141622,0.01998516,0.01998516,31812,97,0
6282.46667479,6282.46703273,1065.02008658,1065.00812569,0.02461499,878.64945679,0.01998516,0.01998516,31811,97,0
6282.66490240,6282.66455332,1071.62265145,1071.63432431,0.04790977,878.85781239,0.01998516,0.01998516,31810,97,0
6282.86225098,6282.86208633,1078.23013741,1078.23564669,0.06525001,879.06457962,0.01998516,0.01998516,31809,97,0
6283.06013172,6283.05963177,1084.84259784,1084.85933855,0.03491862,879.27123887,0.01998516,0.01998516,31808,97,0
6283.25703736,6283.25718963,1091.46008719,1091.45498503,0.05555613,879.47621830,0.01998516,0.01998516,31807,97,0
6283.45388318,6283.45475991,1098.08266015,1098.05326164,0.02931441,879.68047596,0.01998515,0.01998516,31806,97,0
6283.65187508,6283.65234262,1104.71037480,1104.69468620,0.05216937,879.88525782,0.01998516,0.01998516,31805,97,0
6283.85067499,6283.84993775,1111.34336219,1111.36811968,0.04230885,880.09020668,0.01998516,0.01998516,31804,97,0
6284.04830922,6284.04754531,1117.98182726,1118.00750031,0.01902687,880.29329416,0.01998516,0.01998516,31803,97,0
6284.24548109,6284.24516530,1124.62597914,1124.63660049,0.06035091,880.49525564,0.01998516,0.01998516,31802,97,0
6284.44287866,6284.44279772,1131.27602797,1131.27875267,0.06416604,880.69680153,0.01998516,0.01998516,31801,97,0
6284.64007651,6284.64044257,1137.93218197,1137.91984875,0.02197181,880.89750161,0.01998516,0.01998516,31800,97,0
6284.83865604,6284.83809986,1144.59445514,1144.61320982,0.04935052,881.09895793,0.01998516,0.01998516,31799,97,0
6285.03652180,6285.03576957,1151.26254697,1151.28793205,0.05585809,881.29903029,0.01998516,0.01998516,31798,97,0
6285.23385070,6285.23345172,1157.93612695,1157.94960084,0.02985362,881.49789204,0.01998516,0.01998516,31797,97,0
6285.43109445,6285.43114631,1164.61486294,1164.61311031,0.04955217,881.69598993,0.01998516,0.01998516,31796,97,0
6285.62969170,6285.62885334,1171.29842168,1171.32677193,0.04365548,881.89475066,0.01998516,0.01998516,31795,97,0
6285.82677329,6285.82657280,1177.98664809,1177.99343238,0.02615832,882.09129746,0.01998516,0.01998516,31794,97,0
6286.02431200,6286.02430470,1184.67983314,1184.68008028,0.05584998,882.28761035,0.01998516,0.01998516,31793,97,0
6286.22237789,6286.22204904,1191.37833742,1191.38948138,0.05332609,882.48376271,0.01998516,0.01998516,31792,97,0
6286.41970295,6286.41980583,1198.08252330,1198.07903437,0.02536340,882.67850859,0.01998516,0.01998516,31791,97,0
6286.61732892,6286.61757505,1204.79275491,1204.78440029,0.06016158,882.87288697,0.01998516,0.01998516,31790,97,0
6286.81480919,6286.81535672,1211.50928975,1211.49068795,0.04461072,883.06646315,0.01998515,0.01998516,31789,97,0
6287.01382755,6287.01315084,1218.23198631,1218.25499611,0.05312657,883.26087439,0.01998516,0.01998516,31788,97,0
6287.21150434,6287.21095740,1224.96061001,1224.97922213,0.01515017,883.45329788,0.01998516,0.01998516,31787,97,0
6287.40879220,6287.40877641,1231.69492511,1231.69546301,0.04983270,883.64466113,0.01998516,0.01998516,31786,97,0
6287.60692461,6287.60660787,1238.43469468,1238.44548951,0.04395781,883.83614957,0.01998516,0.01998516,31785,97,0
6287.80423736,6287.80445178,1245.17972827,1245.17241569,0.06163142,884.02614751,0.01998516,0.01998516,31784,97,0
6288.00247173,6288.00230813,1251.93008218,1251.93566571,0.02099455,884.21633096,0.01998516,0.01998516,31783,97,0
6288.19973676,6288.20017695,1258.68589317,1258.67085817,0.05957824,884.40488802,0.01998516,0.01998516,31782,97,0
6288.39829861,6288.39805821,1265.44729875,1265.45551619,0.04038424,884.59398509,0.01998516,0.01998516,31781,97,0
6288.59600096,6288.59595193,1272.21443707,1272.21611442,0.05510848,884.78156824,0.01998516,0.01998516,31780,97,0
6288.79404278,6288.79385811,1278.98743024,1278.99375280,0.02208923,884.96877923,0.01998516,0.01998516,31779,97,0
6288.99216285,6288.99177674,1285.76628534,1285.77951540,0.05862840,885.15536716,0.01998516,0.01998516,31778,97,0
6289.18981942,6289.18970783,1292.55096066,1292.55478746,0.04327594,885.34082067,0.01998516,0.01998516,31777,97,0
6289.38785535,6289.38765138,1299.34141410,1299.34841421,0.04526084,885.52592793,0.01998516,0.01998516,31776,97,0
6289.58616541,6289.58560739,1306.13760332,1306.15676871,0.05477605,885.71058395,0.01998516,0.01998516,31775,97,0
6289.78416486,6289.78357586,1312.93948481,1312.95972975,0.02006200,885.89424133,0.01998516,0.01998516,31774,97,0
6289.98047571,6289.98155679,1319.74700653,1319.70981987,0.05152946,886.07562933,0.01998515,0.01998516,31773,97,0
6290.18012234,6290.17955019,1326.56011194,1326.57980765,0.04255352,886.25937803,0.01998516,0.01998516,31772,97,0
6290.37751955,6290.37755605,1333.37874414,1333.37748661,0.04194963,886.44033768,0.01998516,0.01998516,31771,97,0
6290.57626393,6290.57557438,1340.20284595,1340.22661801,0.05748528,886.62180693,0.01998516,0.01998516,31770,97,0
6290.77359077,6290.77360518,1347.03237528,1347.03187804,0.01475407,886.80125877,0.01998516,0.01998516,31769,97,0
6290.97162954,6290.97164845,1353.86744770,1353.86679484,0.05300646,886.98063487,0.01998516,0.01998516,31768,97,0
6291.16967086,6291.16970418,1360.70827195,1360.70712050,0.04798639,887.15929231,0.01998516,0.01998516,31767,97,0
6291.36797453,6291.36777239,1367.55505900,1367.56204951,0.04228551,887.33746752,0.01998516,0.01998516,31766,97,0
6291.56566404,6291.56585307,1374.40802092,1374.40147826,0.03783737,887.51437828,0.01998516,0.01998516,31765,97,0
6291.76438376,6291.76394622,1381.26735103,1381.28250813,0.05157526,887.69149670,0.01998516,0.01998516,31764,97,0
6291.96232741,6291.96205185,1388.13302064,1388.14257486,0.05840686,887.86720855,0.01998516,0.01998516,31763,97,0
6292.16078505,6292.16016995,1395.00486021,1395.02620407,0.00582188,888.04265385,0.01998516,0.01998516,31762,97,0
6292.35823128,6292.35830053,1401.88269709,1401.88029220,0.06332194,888.21648033,0.01998516,0.01998516,31761,97,0
6292.55644495,6292.55644359,1408.76635773,1408.76640523,0.04639129,888.39024896,0.01998516,0.01998516,31760,97,0
6292.75525594,6292.75459912,1415.65567758,1415.67852206,0.04477798,888.56379684,0.01998516,0.01998516,31759,97,0
6292.95278444,6292.95276714,1422.55060514,1422.55120717,0.04598697,888.73548365,0.01998516,0.01998516,31758,97,0
6293.15138663,6293.15094764,1429.45116160,1429.46645293,0.04346419,888.90735710,0.01998516,0.01998516,31757,97,0
6293.34998069,6293.34914062,1436.35736943,1436.38665339,0.04363243,889.07847355,0.01998516,0.01998516,31756,97,0
6293.54815094,6293.54734609,1443.26925118,1443.29732911,0.04896778,889.24847590,0.01998516,0.01998516,31755,97,0
6293.74601930,6293.74556404,1450.18684689,1450.20274148,0.05961967,889.41747184,0.01998516,0.01998516,31754,97,0
6293.94346702,6293.94379447,1457.11038525,1457.09894369,0.07052239,889.58536762,0.01998516,0.01998516,31753,97,0
6294.14175066,6294.14203740,1464.04021165,1464.03018412,0.01190650,889.75323565,0.01998516,0.01998516,31752,97,0
6294.34058906,6294.34029281,1470.97667495,1470.98704462,0.07197898,889.92083629,0.01998516,0.01998516,31751,97,0
6294.52909513,nan,0.00000000,1477.60114770,0.10241290,890.07935463,0.01998513,0.01998516,31750,97,1
6294.73664866,6294.73684111,1484.87086012,1484.86411039,0.05718699,890.25249793,0.01998516,0.01998516,31749,97,0
6294.93536202,6294.93513400,1491.82863512,1491.83663960,0.05736407,890.41780557,0.01998516,0.01998516,31748,97,0
6295.13332960,6295.13343938,1498.79290805,1498.78905114,0.05544245,890.58174685,0.01998516,0.01998516,31747,97,0
6295.33142547,6295.33175725,1505.76313003,1505.75146456,0.04345411,890.74503398,0.01998516,0.01998516,31746,97,0
6295.53037627,6295.53008762,1512.73874926,1512.74890480,0.05479986,890.90824528,0.01998516,0.01998516,31745,97,0
6295.72774754,6295.72843049,1519.71929530,1519.69525175,0.04743424,891.06937520,0.01998516,0.01998516,31744,97,0
6295.92704656,6295.92678586,1526.70495370,1526.71413849,0.04081767,891.23128749,0.01998516,0.01998516,31743,97,0
6296.12449369,6296.12515372,1533.69622058,1533.67294954,0.04857782,891.39092064,0.01998516,0.01998516,31742,97,0
6296.32298176,6296.32353409,1540.69359649,1540.67410618,0.04221326,891.55062763,0.01998516,0.01998516,31741,97,0
6296.52227946,6296.52192695,1547.69758464,1547.71003522,0.04461797,891.71022091,0.01998516,0.01998516,31740,97,0
6296.72023637,6296.72033232,1554.70860744,1554.70521516,0.05545210,891.86798864,0.01998516,0.01998516,31739,97,0
6296.91907922,6296.91875020,1561.72658501,1561.73822765,0.05374387,892.02570378,0.01998516,0.01998516,31738,97,0
6297.11642779,6297.11718058,1568.75124844,1568.72458742,0.04563970,892.18147349,0.01998516,0.01998516,31737,97,0
6297.31556134,6297.31562346,1575.78232703,1575.78012519,0.05967377,892.33787608,0.01998516,0.01998516,31736,97,0
6297.51303981,6297.51407886,1582.81954858,1582.78268977,0.04650309,892.49220068,0.01998516,0.01998516,31735,97,0
6297.71255548,6297.71254676,1589.86271042,1589.86302000,0.05382816,892.64732382,0.01998516,0.01998516,31734,97,0
6297.91077083,6297.91102717,1596.91192287,1596.90281512,0.06615704,892.80064648,0.01998516,0.01998516,31733,97,0
6298.10986782,6298.10952009,1603.96738360,1603.97974889,0.06585708,892.95386106,0.01998516,0.01998516,31732,97,0
6298.30879428,6298.30802553,1611.02929138,1611.05665177,0.06443540,893.10615568,0.01998516,0.01998516,31731,97,0
6298.51069951,6298.50654348,0.00000000,1618.25711284,0.09702123,893.26016583,0.01998517,0.01998516,31730,97,1
6298.70532287,6298.70507394,1625.17317957,1625.18205497,0.05355194,893.40738529,0.01998516,0.01998516,31729,97,0
6298.90407704,6298.90361692,1632.25521512,1632.27163462,0.04500659,893.55719312,0.01998516,0.01998516,31728,97,0
6299.10229811,6299.10217242,1639.34383524,1639.34832436,0.04047093,893.70580873,0.01998516,0.01998516,31727,97,0
6299.30104646,6299.30074043,1646.43892193,1646.44986126,0.03094557,893.85402235,0.01998516,0.01998516,31726,97,0
6299.49978550,6299.49932097,1653.54035711,1653.55697602,0.03199186,894.00142593,0.01998516,0.01998516,31725,97,0
6299.69772058,6299.69791402,1660.64811131,1660.64118493,0.03350870,894.14743213,0.01998516,0.01998516,31724,97,0
6299.89681344,6299.89651960,1667.76233485,1667.77286494,0.04524885,894.29348669,0.01998516,0.01998516,31723,97,0
6300.09496035,6300.09513770,1674.88320046,1674.87683936,0.04154044,894.43804620,0.01998516,0.01998516,31722,97,0
6300.29414219,6300.29376832,1682.01088182,1682.02430392,0.06195978,894.58255638,0.01998516,0.01998516,31721,97,0
6300.49268430,6300.49241147,1689.14554967,1689.15535323,0.04890152,894.72580079,0.01998516,0.01998516,31720,97,0
6300.69186549,6300.69106715,1696.28722791,1696.31594144,0.04907584,894.86870000,0.01998516,0.01998516,31719,97,0
6300.88963735,6300.88973535,1703.43575050,1703.43222270,0.03304915,895.00978325,0.01998516,0.01998516,31718,97,0
6301.08840876,6301.08841609,1710.59093795,1710.59067402,0.03729721,895.15076548,0.01998516,0.01998516,31717,97,0
6301.28683654,6301.28710935,1717.75260976,1717.74277270,0.05103103,895.29068406,0.01998516,0.01998516,31716,97,0
6301.48616317,6301.48581514,1724.92059693,1724.93315674,0.04959404,895.43040600,0.01998516,0.01998516,31715,97,0
6301.68502015,6301.68453347,1732.09492265,1732.11250077,0.05319377,895.56896752,0.01998516,0.01998516,31714,97,0
6301.88398054,6301.88326433,1739.27576177,1739.30165208,0.04088536,895.70677124,0.01998516,0.01998516,31713,97,0
6302.08219573,6302.08200772,1746.46329417,1746.47009640,0.02974506,895.84323447,0.01998516,0.01998516,31712,97,0
6302.28046010,6302.28076365,1753.65770071,1753.64670793,0.03869228,895.97890940,0.01998516,0.01998516,31711,97,0
6302.47962214,6302.47953212,1760.85914355,1760.86240648,0.05760133,896.11437128,0.01998516,0.01998516,31710,97,0
6302.67788789,6302.67831313,1768.06764130,1768.05221359,0.05368128,896.24839770,0.01998516,0.01998516,31709,97,0
6302.87750697,6302.87710667,1775.28314860,1775.29768449,0.04676240,896.38250307,0.01998516,0.01998516,31708,97,0
6303.07604239,6303.07591276,1782.50561950,1782.51033108,0.03182498,896.51504511,0.01998516,0.01998516,31707,97,0
6303.27447604,6303.27473139,1789.73500775,1789.72571847,0.04101404,896.64668338,0.01998516,0.01998516,31706,97,0
6303.47388819,6303.47356256,1796.97126853,1796.98312454,0.06514319,896.77812564,0.01998516,0.01998516,31705,97,0
6303.67298865,6303.67240628,1804.21436275,1804.23558560,0.05212673,896.90851397,0.01998516,0.01998516,31704,97,0
6303.87093916,6303.87126254,1811.46425244,1811.45245756,0.04018668,897.03730554,0.01998516,0.01998516,31703,97,0
6304.07040199,6304.07013135,1818.72089939,1818.73077944,0.04613717,897.16622700,0.01998516,0.01998516,31702,97,0
6304.26866616,6304.26901270,1825.98426578,1825.97160409,0.05579252,897.29352096,0.01998516,0.01998516,31701,97,0
6304.46795468,6304.46790661,1833.25436548,1833.25612320,0.03717964,897.42061360,0.01998516,0.01998516,31700,97,0
6304.66631761,6304.66681307,1840.53130314,1840.51316914,0.02707444,897.54626004,0.01998516,0.01998516,31699,97,0
6304.86558930,6304.86573207,1847.81519311,1847.80996293,0.04732601,897.67162173,0.01998516,0.01998516,31698,97,0
6305.06456461,6305.06466363,1855.10615036,1855.10251960,0.06514603,897.79593593,0.01998516,0.01998516,31697,97,0
6305.26379837,6305.26360775,1862.40429079,1862.41128711,0.03935687,897.91954885,0.01998516,0.01998516,31696,97,0
6305.46233503,6305.46256441,1869.70973529,1869.70130874,0.03599673,898.04186982,0.01998516,0.01998516,31695,97,0
6305.66188172,6305.66153364,1877.02260914,1877.03540848,0.06378983,898.16394793,0.01998516,0.01998516,31694,97,0
6305.86033725,6305.86051542,1884.34303845,1884.33648055,0.03679202,898.28449756,0.01998516,0.01998516,31693,97,0
6306.05968999,6306.05950976,1891.67115003,1891.67779054,0.03132074,898.40472700,0.01998516,0.01998516,31692,97,0
6306.25823617,6306.25851666,1899.00702198,1898.99667732,0.05920878,898.52360650,0.01998516,0.01998516,31691,97,0
6306.45865395,6306.45753612,1906.35043164,1906.39169643,0.03514455,898.64272607,0.01998517,0.01998516,31690,97,0
6306.65628909,6306.65656815,1913.70104165,1913.69073111,0.03852045,898.75931730,0.01998516,0.01998516,31689,97,0
6306.85535790,6306.85561273,1921.05851241,1921.04908893,0.05536954,898.87586842,0.01998516,0.01998516,31688,97,0
6307.05424593,6307.05466988,1928.42250309,1928.40681291,0.03181572,898.99141798,0.01998516,0.01998516,31687,97,0
6307.25337224,6307.25373960,1935.79288635,1935.77927963,0.06365056,899.10620464,0.01998516,0.01998516,31686,97,0
6307.45350678,6307.45282188,1943.17004324,1943.19543384,0.05001574,899.22066724,0.01998517,0.01998516,31685,97,0
6307.65204193,6307.65191674,1950.55443053,1950.55907614,0.02914510,899.33332287,0.01998516,0.01998516,31684,97,0
6307.85061424,6307.85102416,1957.94650769,1957.93128131,0.05169333,899.44511483,0.01998516,0.01998516,31683,97,0
6308.05102702,6308.05014415,1965.34671588,1965.37954463,0.03806641,899.55704949,0.01998517,0.01998516,31682,97,0
6308.24954957,6308.24927671,1972.75505764,1972.76521388,0.05157473,899.66704044,0.01998517,0.01998516,31681,97,0
6308.44830769,6308.44842185,1980.17111642,1980.16686307,0.05648947,899.77626736,0.01998516,0.01998516,31680,97,0
6308.64775441,6308.64757956,1987.59445657,1987.60097665,0.02963125,899.88496370,0.01998517,0.01998516,31679,97,0
6308.84623197,6308.84674984,1995.02463979,1995.00531226,0.05225079,899.99221889,0.01998516,0.01998516,31678,97,0
6309.04607649,6309.04593271,2002.46130259,2002.46667306,0.03566683,900.09928478,0.01998517,0.01998516,31677,97,0
6309.24494899,6309.24512815,2009.90452309,2009.89782604,0.05072643,900.20490419,0.01998516,0.01998516,31676,97,0
6309.44457551,6309.44433616,2017.35453753,2017.36349270,0.03887118,900.30999617,0.01998517,0.01998516,31675,97,0
6309.64333453,6309.64355676,2024.81158379,2024.80326163,0.05903747,900.41370860,0.01998516,0.01998517,31674,97,0
6309.84307903,6309.84278994,2032.27590123,2032.28673717,0.03911539,900.51700817,0.01998517,0.01998517,31673,97,0
6310.04223514,6310.04203570,2039.74773856,2039.75522114,0.05792264,900.61907877,0.01998517,0.01998517,31672,97,0
6310.24157010,6310.24129405,2047.22736075,2047.23772802,0.03897942,900.72031718,0.01998517,0.01998517,31671,97,0
6310.44012007,6310.44056498,2054.71503598,2054.69830972,0.03760528,900.82023866,0.01998516,0.01998517,31670,97,0
6310.63929635,6310.63984849,2062.21103406,2062.19025404,0.05733986,900.91955501,0.01998516,0.01998517,31669,97,0
6310.83939822,6310.83914460,2069.71560261,2069.72515802,0.03343381,901.01840470,0.01998516,0.01998517,31668,97,0
6311.03898402,6311.03845329,2077.22871649,2077.24873329,0.05702289,901.11606904,0.01998517,0.01998517,31667,97,0
6311.23743478,6311.23777457,2084.75017452,2084.73734572,0.05862777,901.21225080,0.01998516,0.01998517,31666,97,0
6311.43814772,6311.43710844,2092.27977139,2092.31904861,0.04062735,901.30858268,0.01998517,0.01998517,31665,97,0
6311.63613541,6311.63645491,2099.81730048,2099.80521395,0.05059495,901.40266854,0.01998516,0.01998517,31664,97,0
6311.83570406,6311.83581396,2107.36259392,2107.35843257,0.03156307,901.49655775,0.01998516,0.01998517,31663,97,0
6312.03556911,6312.03518561,2114.91560325,2114.93013858,0.05413920,901.58962893,0.01998517,0.01998517,31662,97,0
6312.23497330,6312.23456986,2122.47630230,2122.49160813,0.02768374,901.68152734,0.01998517,0.01998517,31661,97,0
6312.43408671,6312.43396670,2130.04466471,2130.04922209,0.04614355,901.77233348,0.01998517,0.01998517,31660,97,0
6312.63287423,6312.63337614,2137.62067017,2137.60159250,0.03090994,901.86203259,0.01998516,0.01998517,31659,97,0
6312.83303991,6312.83279818,2145.20441623,2145.21361343,0.05334043,901.95138412,0.01998517,0.01998517,31658,97,0
6313.03221029,6313.03223282,2152.79610656,2152.79524851,0.05506048,902.03932515,0.01998517,0.01998517,31657,97,0
6313.23210352,6313.23168007,2160.39594977,2160.41209375,0.03821041,902.12661555,0.01998517,0.01998517,31656,97,0
6313.43084766,6313.43113991,2168.00415578,2167.99300249,0.04723005,902.21244016,0.01998516,0.01998517,31655,97,0
6313.63004799,6313.63061236,2175.62087920,2175.59931773,0.03007203,902.29749567,0.01998516,0.01998517,31654,97,0
6313.82952555,6313.83009741,2183.24605744,2183.22418718,0.05244812,902.38169629,0.01998516,0.01998517,31653,97,0
6314.02927253,6314.02959507,2190.87957488,2190.86722720,0.05060061,902.46503015,0.01998517,0.01998517,31652,97,0
6314.22936736,6314.22910534,2198.52131516,2198.53135640,0.02079329,902.54752084,0.01998517,0.01998517,31651,97,0
6314.42801472,6314.42862821,2206.17116073,2206.14762742,0.04876201,902.62843191,0.01998516,0.01998517,31650,97,0
6314.62809525,6314.62816370,2213.82898401,2213.82635566,0.05334907,902.70893224,0.01998517,0.01998517,31649,97,0
6314.82784698,6314.82771179,2221.49464742,2221.49984318,0.02969918,902.78830012,0.01998517,0.01998517,31648,97,0
6315.02699617,6315.02727250,2229.16801205,2229.15738172,0.05025207,902.86642928,0.01998517,0.01998517,31647,97,0
6315.22695045,6315.22684582,2236.84893809,2236.85296658,0.04761928,902.94386598,0.01998517,0.01998517,31646,97,0
6315.42633595,6315.42643176,2244.53736428,2244.53367188,0.02962440,903.02007281,0.01998517,0.01998517,31645,97,0
6315.62538417,6315.62603031,2252.23353260,2252.20860629,0.05031431,903.09514451,0.01998517,0.01998517,31644,97,0
6315.82563255,6315.82564148,2259.93775904,2259.93741413,0.04199915,903.16965435,0.01998517,0.01998517,31643,97,0
6316.02531538,6316.02526527,2267.65036160,2267.65229871,0.05089427,903.24294030,0.01998517,0.01998517,31642,97,0
6316.22471022,6316.22490168,2275.37164991,2275.36424112,0.02898421,903.31511027,0.01998517,0.01998517,31641,97,0
6316.42463258,6316.42455070,2283.10174394,2283.10491573,0.05023130,903.38645523,0.01998517,0.01998517,31640,97,0
6316.62436879,6316.62421235,2290.84059579,2290.84666228,0.05039656,903.45671392,0.01998517,0.01998517,31639,97,0
6316.82416708,6316.82388663,2298.58815152,2298.59903920,0.02607578,903.52597063,0.01998517,0.01998517,31638,97,0
6317.02343207,6317.02357352,2306.34435673,2306.33885958,0.05802633,903.59401863,0.01998517,0.01998517,31637,97,0
6317.22335188,6317.22327304,2314.10912910,2314.11219600,0.04823962,903.66125855,0.01998517,0.01998517,31636,97,0
6317.42336794,6317.42298519,2321.88230494,2321.89720972,0.04718157,903.72749187,0.01998517,0.01998517,31635,97,0
6317.62260886,6317.62270997,2329.66370471,2329.65976359,0.05380678,903.79243046,0.01998517,0.01998517,31634,97,0
6317.82244797,6317.82244737,2337.45314768,2337.45317090,0.03246081,903.85651856,0.01998517,0.01998517,31633,97,0
6318.02175859,6318.02219741,2345.25048602,2345.23334837,0.05271678,903.91938988,0.01998517,0.01998517,31632,97,0
6318.22180946,6318.22196007,2353.05594737,2353.05005937,0.04607780,903.98144161,0.01998517,0.01998517,31631,97,0
6318.42164376,6318.42173537,2360.86999431,2360.86640906,0.05142693,904.04237312,0.01998517,0.01998517,31630,97,0
6318.62115151,6318.62152331,2368.69309598,2368.67852929,0.05159943,904.10215526,0.01998517,0.01998517,31629,97,0
6318.82152507,6318.82132387,2376.52572154,2376.53361376,0.02717812,904.16114085,0.01998517,0.01998517,31628,97,0
6319.02071380,6319.02113708,2384.36806536,2384.35144295,0.05817495,904.21872631,0.01998517,0.01998517,31627,97,0
6319.22064780,6319.22096292,2392.21982551,2392.20743689,0.04766084,904.27546698,0.01998517,0.01998517,31626,97,0
6319.42051180,6319.42080140,2400.08064633,2400.06924875,0.05005353,904.33111978,0.01998517,0.01998517,31625,97,0
6319.62056059,6319.62065252,2407.95016972,2407.94654806,0.04880599,904.38574856,0.01998517,0.01998517,31624,97,0
6319.82042924,6319.82051628,2415.82809364,2415.82466138,0.04782761,904.43924806,0.01998517,0.01998517,31623,97,0
6320.02016365,6320.02039268,2423.71443067,2423.70538950,0.05202429,904.49162976,0.01998517,0.01998517,31622,97,0
6320.22010499,6320.22028172,2431.60930013,2431.60231621,0.02675157,904.54297989,0.01998517,0.01998517,31621,97,0
6320.41998740,6320.42018341,2439.51282218,2439.50506827,0.06634248,904.59322624,0.01998517,0.01998517,31620,97,0
6320.61974697,6320.62009775,2447.42512376,2447.41123286,0.05918956,904.64235147,0.01998517,0.01998517,31619,97,0
6320.81951185,6320.82002473,2455.34644749,2455.32611529,0.05197751,904.69038590,0.01998517,0.01998517,31618,97,0
6321.01946484,6321.01996436,2463.27714070,2463.25731551,0.04170920,904.73737024,0.01998517,0.01998517,31617,97,0
6321.21928073,6321.21991664,2471.21755675,2471.19228862,0.04706636,904.78322579,0.01998517,0.01998517,31616,97,0
6321.42003936,6321.41988158,2479.16805003,2479.17432748,0.04260858,904.82819167,0.01998517,0.01998517,31615,97,0
6321.61978893,6321.61985916,2487.12870499,2487.12590792,0.04820929,904.87182751,0.01998517,0.01998517,31614,97,0
6321.81959368,6321.81984939,2495.09900565,2495.08880918,0.04335105,904.91436678,0.01998517,0.01998517,31613,97,0
6322.01996935,6322.01985228,2503.07835214,2503.08302499,0.04531818,904.95590697,0.01998517,0.01998517,31612,97,0
6322.22015830,6322.21986783,2511.06614039,2511.07774622,0.04239722,904.99628100,0.01998517,0.01998517,31611,97,0
6322.42013267,6322.41989603,2519.06189009,2519.07135377,0.03629270,905.03548084,0.01998517,0.01998517,31610,97,0
6322.62015086,6322.61993689,2527.06583501,2527.07440060,0.04271156,905.07355640,0.01998517,0.01998517,31609,97,0
6322.82042232,6322.81999041,2535.07846040,2535.09576881,0.03961613,905.11054385,0.01998517,0.01998517,31608,97,0
6323.02040130,6323.02005659,2543.10025509,2543.11408462,0.03888950,905.14634126,0.01998517,0.01998517,31607,97,0
6323.21993551,6323.22013542,2551.13168810,2551.12365877,0.04321006,905.18092582,0.01998517,0.01998517,31606,97,0
6323.42032180,6323.42022693,2559.17287631,2559.17669118,0.03634010,905.21451528,0.01998517,0.01998517,31605,97,0
6323.61997576,6323.62033109,2567.22365947,2567.20935556,0.04409184,905.24683832,0.01998517,0.01998517,31604,97,0
6323.82078220,6323.82044792,2575.28386879,2575.29734014,0.04541173,905.27819177,0.01998517,0.01998517,31603,97,0
6324.02041536,6324.02057742,2583.35333594,2583.34679815,0.03810014,905.30820811,0.01998517,0.01998517,31602,97,0
6324.22055558,6324.22071958,2591.43200459,2591.42538084,0.05302879,905.33714169,0.01998517,0.01998517,31601,97,0
6324.42062924,6324.42087442,2599.51999912,2599.51008622,0.06010378,905.36490231,0.01998517,0.01998517,31600,97,0
6324.62082425,6324.62104192,2607.61746102,2607.60865063,0.05658623,905.39151208,0.01998517,0.01998517,31599,97,0
6324.82168536,6324.82122209,2615.72453277,2615.74330520,0.04501328,905.41703294,0.01998517,0.01998517,31598,97,0
6325.02127759,6325.02141494,2623.84136127,2623.83578932,0.02923939,905.44122070,0.01998517,0.01998517,31597,97,0
6325.22160534,6325.22162046,2631.96810566,2631.96749167,0.04562501,905.46431927,0.01998517,0.01998517,31596,97,0
6325.42199924,6325.42183865,2640.10492847,2640.11145881,0.04289997,905.48624059,0.01998517,0.01998517,31595,97,0
6325.62156677,6325.62206952,2648.25199335,2648.23152476,0.02894278,905.50688990,0.01998517,0.01998517,31594,97,0
6325.82236098,6325.82231307,2656.40943516,2656.41138811,0.05461443,905.52647201,0.01998517,0.01998517,31593,97,0
6326.02243530,6326.02256929,2664.57719515,2664.57172691,0.05952248,905.54478799,0.01998517,0.01998517,31592,97,0
6326.22249928,6326.22283819,2672.75513630,2672.74128874,0.04372804,905.56190467,0.01998517,0.01998517,31591,97,0
6326.42361689,6326.42311978,2680.94312035,2680.96345500,0.03243675,905.57789903,0.01998517,0.01998517,31590,97,0
6326.62345446,6326.62341405,2689.14102124,2689.14267631,0.03457601,905.59258302,0.01998517,0.01998517,31589,97,0
6326.82405158,6326.82372099,2697.34888706,2697.36244136,0.04477315,905.60610703,0.01998517,0.01998517,31588,97,0
6327.02401618,6327.02404063,2705.56689008,2705.56588654,0.05652099,905.61837205,0.01998517,0.01998517,31587,97,0
6327.22477796,6327.22437295,2713.79520642,2713.81185156,0.03398534,905.62946011,0.01998517,0.01998517,31586,97,0
6327.42484453,6327.42471795,2722.03400640,2722.03921500,0.03986107,905.63928359,0.01998517,0.01998517,31585,97,0
6327.62541035,6327.62507564,2730.28324902,2730.29703784,0.04206126,905.64789838,0.01998517,0.01998517,31584,97,0
6327.82526620,6327.82544603,2738.54264765,2738.53523064,0.05604198,905.65524974,0.01998517,0.01998517,31583,97,0
6328.02584281,6328.02582910,2746.81189990,2746.81246583,0.03916829,905.66138561,0.01998517,0.01998517,31582,97,0
6328.22632794,6328.22622486,2755.09070375,2755.09496436,0.03032195,905.66627087,0.01998517,0.01998517,31581,97,0
6328.42618420,6328.42663332,2763.37900200,2763.36041754,0.04953927,905.66989502,0.01998517,0.01998517,31580,97,0
6328.62700908,6328.62705447,2771.67717956,2771.67529898,0.04805444,905.67227979,0.01998517,0.01998517,31579,97,0
6328.82774190,6328.82748831,2779.98567012,2779.99618844,0.04296741,905.67340009,0.01998517,0.01998517,31578,97,0
6329.02778744,6329.02793486,2788.30491035,2788.29878817,0.05182619,905.67325541,0.01998517,0.01998517,31577,97,0
6329.22846515,6329.22839409,2796.63520782,2796.63816256,0.05784532,905.67184055,0.01998517,0.01998517,31576,97,0
6329.42934210,6329.42886603,2804.97651789,2804.99633850,0.03104932,905.66914580,0.01998517,0.01998517,31575,97,0
6329.62909861,6329.62935067,2813.32873680,2813.31822934,0.04494884,905.66519290,0.01998517,0.01998517,31574,97,0
6329.82920459,6329.82984801,2821.69175995,2821.66490595,0.05563184,905.65995544,0.01998517,0.01998517,31573,97,0
6330.03002829,6330.03035805,2830.06549768,2830.05171811,0.03938446,905.65340886,0.01998517,0.01998517,31572,97,0
6330.23134506,6330.23088079,2838.44992046,2838.46934472,0.05899728,905.64554409,0.01998517,0.01998517,31571,97,0
6330.43145624,6330.43141624,2846.84501305,2846.84668842,0.04460385,905.63642969,0.01998517,0.01998517,31570,97,0
6330.63204583,6330.63196440,2855.25076007,2855.25417524,0.05983897,905.62599134,0.01998517,0.01998517,31569,97,0
6330.83316645,6330.83252526,2863.66713024,2863.69405334,0.03808413,905.61421178,0.01998517,0.01998517,31568,97,0
6331.03285846,6331.03309883,2872.09401017,2872.08390535,0.03748787,905.60121006,0.01998517,0.01998517,31567,97,0
6331.23374352,6331.23368511,2880.53125894,2880.53371726,0.05285183,905.58681341,0.01998517,0.01998517,31566,97,0
6331.43385690,6331.43428410,2888.97873446,2888.96073446,0.02706556,905.57115419,0.01998517,0.01998517,31565,97,0
6331.63473513,6331.63489580,2897.43634964,2897.42957219,0.05108563,905.55410787,0.01998517,0.01998517,31564,97,0
6331.83528519,6331.83552022,2905.90439117,2905.89446495,0.03578154,905.53575773,0.01998517,0.01998517,31563,97,0
6332.03597977,6332.03615735,2914.38330121,2914.37579239,0.05113063,905.51605664,0.01998517,0.01998517,31562,97,0
6332.23674903,6332.23680719,2922.87352574,2922.87106301,0.03783509,905.49500327,0.01998517,0.01998517,31561,97,0
6332.43718687,6332.43746975,2931.37545483,2931.36346162,0.05646598,905.47263667,0.01998517,0.01998517,31560,97,0
6332.63860878,6332.63814503,2939.88900416,2939.90869080,0.02759837,905.44879840,0.01998517,0.01998517,31559,97,0
6332.83909872,6332.83883303,2948.41385859,2948.42515138,0.04756101,905.42371042,0.01998517,0.01998517,31558,97,0
6333.03937104,6333.03953375,2956.94969894,2956.94277472,0.02638758,905.39729097,0.01998517,0.01998517,31557,97,0
6333.24007534,6333.24024719,2965.49625101,2965.48892915,0.04875024,905.36944816,0.01998517,0.01998517,31556,97,0
6333.44117882,6333.44097336,2974.05367061,2974.06243561,0.03209877,905.34017265,0.01998517,0.01998517,31555,97,0
6333.64148149,6333.64171224,2982.62234545,2982.61248941,0.04155807,905.30963696,0.01998517,0.01998517,31554,97,0
6333.84185492,6333.84246386,2991.20266840,2991.17662461,0.03340156,905.27770919,0.01998517,0.01998517,31553,97,0
6334.04295282,6334.04322820,2999.79500241,2999.78320872,0.05377262,905.24427020,0.01998517,0.01998517,31552,97,0
6334.24402247,6334.24400526,3008.39939709,3008.40013490,0.04462521,905.20943222,0.01998517,0.01998517,31551,97,0
6334.44524015,6334.44479506,3017.01572634,3017.03483864,0.04359097,905.17315848,0.01998517,0.01998517,31550,97,0
6334.64574277,6334.64559759,3025.64386106,3025.65010333,0.05017005,905.13560564,0.01998517,0.01998517,31549,97,0
6334.84593001,6334.84641284,3034.28369296,3034.26290627,0.03112648,905.09670484,0.01998517,0.01998517,31548,97,0
6335.04737521,6335.04724083,3042.93531852,3042.94111129,0.05605465,905.05613455,0.01998517,0.01998517,31547,97,0
6335.24805632,6335.24808156,3051.59894762,3051.59785816,0.04786861,905.01429035,0.01998517,0.01998517,31546,97,0
6335.44914291,6335.44893502,3060.27479295,3060.28377918,0.05174099,904.97092558,0.01998517,0.01998517,31545,97,0
6335.65015378,6335.64980121,3068.96301402,3068.97827417,0.02984530,904.92613403,0.01998517,0.01998517,31544,97,0
6335.85080221,6335.85068014,3077.66330134,3077.66859159,0.05225598,904.87998026,0.01998517,0.01998517,31543,97,0
6336.05097199,6336.05157181,3086.37510371,3086.34907605,0.04623278,904.83249760,0.01998517,0.01998517,31542,97,0
6336.25333733,6336.25247622,3095.09786341,3095.13527193,0.05057590,904.78303095,0.01998518,0.01998517,31541,97,0
6336.45365559,6336.45339337,3103.83113569,3103.84254018,0.03410762,904.73261336,0.01998518,0.01998517,31540,97,0
6336.65399652,6336.65432327,3112.57533264,3112.56110419,0.04733261,904.68073856,0.01998517,0.01998517,31539,97,0
6336.85499278,6336.85526590,3121.33125209,3121.31934294,0.04994589,904.62722541,0.01998517,0.01998517,31538,97,0
6337.05657731,6337.05622129,3130.09970018,3130.11524610,0.05791996,904.57206749,0.01998518,0.01998517,31537,97,0
6337.25775931,6337.25718941,3138.88135351,3138.90627405,0.02356784,904.51552358,0.01998518,0.01998517,31536,97,0
6337.45812626,6337.45817029,3147.67609459,3147.67416685,0.04083466,904.45771780,0.01998517,0.01998517,31535,97,0
6337.65860189,6337.65916391,3156.48351376,3156.45886999,0.03872119,904.39838824,0.01998517,0.01998517,31534,97,0
6337.86050636,6337.86017028,3165.30319745,3165.31795341,0.04013718,904.33712395,0.01998518,0.01998517,31533,97,0
6338.06102692,6338.06118940,3174.13483936,3174.12769596,0.05381929,904.27477434,0.01998517,0.01998517,31532,97,0
6338.26218611,6338.26222128,3182.97862410,3182.97707596,0.04039125,904.21071196,0.01998517,0.01998517,31531,97,0
6338.46232608,6338.46326591,3191.83487500,3191.79344634,0.04905579,904.14546103,0.01998517,0.01998517,31530,97,0
6338.66415486,6338.66432329,3200.70391803,3200.69648301,0.04608248,904.07812265,0.01998517,0.01998517,31529,97,0
6338.86566543,6338.86539342,3209.58596040,3209.59798431,0.04560079,904.00934308,0.01998518,0.01998517,31528,97,0
6339.06604512,6339.06647632,3218.48082504,3218.46173826,0.03980700,903.93941162,0.01998517,0.01998517,31527,97,0
6339.26789078,6339.26757197,3227.38825678,3227.40238776,0.03348318,903.86741412,0.01998518,0.01998517,31526,97,0
6339.46842911,6339.46868038,3236.30799913,3236.29684728,0.04615616,903.79433415,0.01998517,0.01998518,31525,97,0
6339.66951942,6339.66980155,3245.23997147,3245.22743328,0.04155451,903.71949775,0.01998517,0.01998518,31524,97,0
6339.87082782,6339.87093549,3254.18447784,3254.17968648,0.04543974,903.64301179,0.01998517,0.01998518,31523,97,0
6340.07191092,6340.07208218,3263.14187511,3263.13424341,0.05635012,903.56503571,0.01998517,0.01998518,31522,97,0
6340.27368574,6340.27324164,3272.11251966,3272.13233833,0.05588124,903.48519903,0.01998518,0.01998518,31521,97,0
6340.47490524,6340.47441387,3281.09660368,3281.11856364,0.04884280,903.40398544,0.01998518,0.01998518,31520,97,0
6340.67587698,6340.67559886,3290.09408355,3290.10653078,0.04416237,903.32127433,0.01998518,0.01998518,31519,97,0
6340.87740725,6340.87679662,3299.10489713,3299.13226423,0.02609171,903.23672428,0.01998518,0.01998518,31518,97,0
6341.07868203,6341.07800714,3308.12898236,3308.15927159,0.04989673,903.15066737,0.01998518,0.01998518,31517,97,0
6341.27917078,6341.27923044,3317.16629034,3317.16360889,0.04373814,903.06333705,0.01998517,0.01998518,31516,97,0
6341.48106525,6341.48046651,3326.21678394,3326.24373058,0.04738994,902.97376513,0.01998518,0.01998518,31515,97,0
6341.68236918,6341.68171535,3335.28042607,3335.30989308,0.05308416,902.88282138,0.01998518,0.01998518,31514,97,0
6341.88345393,6341.88297697,3344.35720863,3344.37873431,0.04857861,902.79034160,0.01998518,0.01998518,31513,97,0
6342.08415898,6342.08425136,3353.44738711,3353.44321186,0.04418891,902.69639792,0.01998517,0.01998518,31512,97,0
6342.28600757,6342.28553853,3362.55135838,3362.57258840,0.03256291,902.60025723,0.01998518,0.01998518,31511,97,0
6342.48677296,6342.48683847,3371.66952400,3371.66655456,0.05051235,902.50296839,0.01998518,0.01998518,31510,97,0
6342.68817190,6342.68815119,3380.80218138,3380.80312163,0.06025527,902.40369489,0.01998518,0.01998518,31509,97,0
6342.88963846,6342.88947669,3389.94914553,3389.95650082,0.05963563,902.30270187,0.01998518,0.01998518,31508,97,0
6343.09081888,6343.09081498,3399.11009322,3399.11027101,0.05308622,902.20016607,0.01998518,0.01998518,31507,97,0
6343.29199219,6343.29216604,3408.28469884,3408.27677165,0.04535539,902.09594583,0.01998518,0.01998518,31506,97,0
6343.49363660,6343.49352989,3417.47277681,3417.47764910,0.03887100,901.98978300,0.01998518,0.01998518,31505,97,0
6343.69452688,6343.69490653,3426.67445815,3426.65709820,0.04658389,901.88231808,0.01998517,0.01998518,31504,97,0
6343.89532596,6343.89629595,3435.88991784,3435.84549990,0.04163891,901.77319842,0.01998517,0.01998518,31503,97,0
6344.09736561,6344.09769815,3445.11933313,3445.10408296,0.07068578,901.66167666,0.01998518,0.01998518,31502,97,0
6344.29885250,6344.29911315,3454.36290348,3454.35093251,0.04797826,901.54872450,0.01998518,0.01998518,31501,97,0
6344.49999561,6344.50054093,3463.62085282,3463.59577025,0.04074491,901.43422654,0.01998517,0.01998518,31500,97,0
6344.70215175,6344.70198151,3472.89340821,3472.90125091,0.05631225,901.31739169,0.01998518,0.01998518,31499,97,0
6344.90320280,6344.90343487,3482.18076771,3482.17006039,0.04875942,901.19943551,0.01998518,0.01998518,31498,97,0
6345.10462528,6345.10490103,3491.48285781,3491.47011622,0.02810553,901.07949491,0.01998518,0.01998518,31497,97,0
6345.30635508,6345.30637999,3500.79946200,3500.79830922,0.04293840,900.95759463,0.01998518,0.01998518,31496,97,0
6345.50765762,6345.50787174,3510.13036038,3510.12043729,0.05633503,900.83417579,0.01998518,0.01998518,31495,97,0
6345.70955189,6345.70937629,3519.47532968,3519.48347947,0.04162564,900.70860732,0.01998518,0.01998518,31494,97,0
6345.91066775,6345.91089363,3528.83414022,3528.82364265,0.05679921,900.58173993,0.01998518,0.01998518,31493,97,0
6346.11270915,6346.11242378,3538.20655913,3538.21983980,0.05239139,900.45249305,0.01998518,0.01998518,31492,97,0
6346.31396305,6346.31396672,3547.59236438,3547.59219305,0.03764200,900.32195693,0.01998518,0.01998518,31491,97,0
6346.51603546,6346.51552247,3556.99191982,3557.01586092,0.05856069,900.18907750,0.01998518,0.01998518,31490,97,0
6346.71738592,6346.71709102,3566.40640595,3566.42019081,0.04629648,900.05484257,0.01998518,0.01998518,31489,97,0
6346.91844821,6346.91867237,3575.83707395,3575.82657755,0.04441495,899.91895107,0.01998518,0.01998518,31488,97,0
6347.11971261,6347.12026653,3585.28502196,3585.25903897,0.04635296,899.78104854,0.01998517,0.01998518,31487,97,0
6347.32213512,6347.32187350,3594.74978860,3594.76208090,0.02519690,899.64045896,0.01998518,0.01998518,31486,97,0
6347.52331073,6347.52349327,3604.23003854,3604.22144894,0.05277314,899.49886542,0.01998518,0.01998518,31485,97,0
6347.72464242,6347.72512586,3613.72441455,3613.70163553,0.04965570,899.35530838,0.01998518,0.01998518,31484,97,0
6347.92648394,6347.92677125,3623.23221031,3623.21865370,0.05256533,899.20953008,0.01998518,0.01998518,31483,97,0
6348.12770655,6348.12842945,3632.75473480,3632.72057138,0.05040334,899.06232012,0.01998517,0.01998518,31482,97,0
6348.33032470,6348.33010047,3642.29369302,3642.30430824,0.04223840,898.91215923,0.01998518,0.01998518,31481,97,0
6348.53126524,6348.53178430,3651.85074666,3651.82612719,0.04357704,898.76129409,0.01998518,0.01998518,31480,97,0
6348.73434197,6348.73348095,3661.42606489,3661.46697665,0.02520532,898.60684245,0.01998518,0.01998518,31479,97,0
6348.93651744,6348.93519041,3671.01823349,3671.08139011,0.05072389,898.45111003,0.01998518,0.01998518,31478,97,0
6349.13784077,6349.13691269,3680.62574896,3680.66998282,0.05131768,898.29410056,0.01998518,0.01998518,31477,97,0
6349.33904377,6349.33864779,3690.24741404,3690.26631330,0.04419543,898.13526913,0.01998518,0.01998518,31476,97,0
6349.54092246,6349.54039571,3699.88380048,3699.90897990,0.04868988,897.97396236,0.01998518,0.01998518,31475,97,0
6349.74244289,6349.74215645,3709.53609933,3709.54981394,0.05181954,897.81097398,0.01998518,0.01998518,31474,97,0
6349.94485398,6349.94393001,3719.20550241,3719.24982025,0.03726405,897.64525716,0.01998518,0.01998518,31473,97,0
6350.14581796,6350.14571640,3728.89247022,3728.89734959,0.04496907,897.47871734,0.01998518,0.01998518,31472,97,0
6350.34735590,6350.34751561,3738.59628618,3738.58860004,0.05658275,897.30969604,0.01998518,0.01998518,31471,97,0
6350.54884710,6350.54932765,3748.31612114,3748.29295878,0.03092553,897.13871176,0.01998518,0.01998518,31470,97,0
6350.75140352,6350.75115252,3758.05123643,3758.06335287,0.05056183,896.96481048,0.01998518,0.01998518,31469,97,0
6350.95380094,6350.95299021,3767.80167373,3767.84086916,0.05321253,896.78902085,0.01998518,0.01998518,31468,97,0
6351.15481892,6351.15484073,3777.56785160,3777.56679558,0.03773296,896.61241024,0.01998518,0.01998518,31467,97,0
6351.35589795,6351.35670409,3787.35019430,3787.31109718,0.05342335,896.43371691,0.01998518,0.01998518,31466,97,0
6351.55834319,6351.55858027,3797.14903971,3797.13752242,0.03911742,896.25174447,0.01998518,0.01998518,31465,97,0
6351.76042983,6351.76046929,3806.96455383,3806.96263380,0.04765342,896.06801593,0.01998518,0.01998518,31464,97,0
6351.96126794,6351.96237115,3816.79688417,3816.74311520,0.05391830,895.88335356,0.01998518,0.01998518,31463,97,0
6352.16368473,6352.16428584,3826.64616687,3826.61682102,0.04326272,895.69514113,0.01998518,0.01998518,31462,97,0
6352.36605233,6352.36621337,3836.51242715,3836.50455225,0.03344104,895.50485887,0.01998518,0.01998518,31461,97,0
6352.56895091,6352.56815373,3846.39563215,3846.43467903,0.04494754,895.31194513,0.01998518,0.01998518,31460,97,0
6352.77036769,6352.77010694,3856.29575076,3856.30854369,0.04709449,895.11832011,0.01998518,0.01998518,31459,97,0
6352.97164866,6352.97207299,3866.21304680,3866.19219273,0.03873605,894.92270114,0.01998518,0.01998518,31458,97,0
6353.17404332,6353.17405187,3876.14833911,3876.14791783,0.04545542,894.72383264,0.01998518,0.01998518,31457,97,0
6353.37579222,6353.37604361,3886.10251560,3886.09011552,0.04862708,894.52340822,0.01998518,0.01998518,31456,97,0
6353.57834835,6353.57804818,3896.07629479,3896.09112906,0.04044828,894.31995678,0.01998518,0.01998518,31455,97,0
6353.78090196,6353.78006560,3906.06909024,3906.11049715,0.05112340,894.11427982,0.01998518,0.01998518,31454,97,0
6353.98202860,6353.98209587,3916.07972374,3916.07638780,0.05026974,893.90786138,0.01998518,0.01998518,31453,97,0
6354.18314444,6354.18413899,3926.10702484,3926.05762792,0.05824634,893.69928617,0.01998518,0.01998518,31452,97,0
6354.38573450,6354.38619496,3936.15096478,3936.12805686,0.04624622,893.48698194,0.01998518,0.01998518,31451,97,0
6354.58883581,6354.58826377,3946.21317736,3946.24168942,0.05187633,893.27188101,0.01998518,0.01998518,31450,97,0
6354.79069422,6354.79034544,3956.29544306,3956.31286202,0.03248935,893.05580482,0.01998518,0.01998518,31449,97,0
6354.99380025,6354.99243996,3966.39898012,3966.46705387,0.04351730,892.83604959,0.01998518,0.01998518,31448,97,0
6355.19579574,6355.19454734,3976.52224493,3976.58482976,0.04477514,892.61518675,0.01998518,0.01998518,31447,97,0
6355.39644122,6355.39666757,3986.66284979,3986.65148517,0.04738535,892.39356158,0.01998518,0.01998518,31446,97,0
6355.59840953,6355.59880066,3996.81852161,3996.79885668,0.04519931,892.16826302,0.01998518,0.01998518,31445,97,0
6355.80041086,6355.80094661,4006.98963923,4006.96266069,0.05452651,891.94069075,0.01998518,0.01998518,31444,97,0
6356.00354560,6356.00310541,4017.17898111,4017.20118919,0.04460710,891.70951356,0.01998518,0.01998518,31443,97,0
6356.20402307,6356.20527708,4027.38943704,4027.32603625,0.05404326,891.47899620,0.01998518,0.01998518,31442,97,0
6356.40736657,6356.40746161,4037.62262604,4037.61781118,0.06305584,891.24273451,0.01998518,0.01998518,31441,97,0
6356.60926297,6356.60965900,4047.87697862,4047.85687572,0.05043111,891.00573789,0.01998518,0.01998518,31440,97,0
6356.81197399,6356.81186925,4058.15042299,4058.15574857,0.04836855,890.76539961,0.01998518,0.01998518,31439,97,0
6357.01455603,6357.01409237,4068.44113379,4068.46474716,0.06063001,890.52285883,0.01998518,0.01998518,31438,97,0
6357.21592298,6357.21632836,4078.74920403,4078.72852431,0.04588668,890.27942741,0.01998518,0.01998518,31437,97,0
nan,nan,0.00000000,-1.00000000,0.00000000,890.03386063,nan,0.00000000,-2147483648,97,1
nan,nan,0.00000000,-1.00000000,0.00000000,884.02653057,nan,0.00000000,-2147483648,96,1
nan,nan,0.00000000,-1.00000000,0.00000000,884.28188870,nan,0.00000000,-2147483648,96,1
6314.23045445,6314.22910534,11.90669794,11.94671619,0.02620929,884.58500083,0.01998517,0.01998517,31651,96,0
6314.43070032,6314.42862821,17.82679845,17.88829897,0.04208695,884.88720424,0.01998517,0.01998517,31650,96,0
6314.62804230,6314.62816370,23.75078838,23.74718300,0.10243639,885.18456806,0.01998517,0.01998517,31649,96,0
6314.82382502,6314.82771179,0.00000000,29.56358826,0.12234062,885.47915384,0.01998515,0.01998517,31648,96,1
6315.02716782,6315.02727250,35.61064273,35.60753011,0.03626459,885.78460714,0.01998517,0.01998517,31647,96,0
6315.22902257,6315.22684582,0.00000000,41.60978100,0.09250005,886.08729113,0.01998517,0.01998517,31646,96,1
6315.42892616,6315.42643176,0.00000000,47.55793682,0.10833347,886.38659609,0.01998518,0.01998517,31645,96,1
6315.62855865,6315.62603031,0.00000000,53.50145443,0.08912732,886.68502028,0.01998518,0.01998517,31644,96,1
6315.82474639,6315.82564148,59.37710601,59.35043068,0.05766074,886.97806579,0.01998517,0.01998517,31643,96,0
6316.02473915,6316.02526527,65.32774936,65.31206227,0.05264095,887.27611066,0.01998517,0.01998517,31642,96,0
6316.22432354,6316.22490168,71.28172914,71.26448248,0.12089533,887.57304548,0.01998517,0.01998517,31641,96,0
6316.42786431,6316.42455070,0.00000000,77.33306831,0.06875204,887.87510705,0.01998518,0.01998517,31640,96,1
6316.62616943,6316.62421235,83.19976177,83.25820439,0.04703484,888.16937761,0.01998517,0.01998517,31639,96,0
6316.82192903,6316.82388663,89.16412050,89.10562991,0.05463598,888.45915823,0.01998516,0.01998517,31638,96,0
6317.02372878,6317.02357352,95.13225575,95.13689748,0.06603932,888.75739337,0.01998517,0.01998517,31637,96,0
6317.22457041,6317.22327304,101.10432948,101.14313953,0.08407873,889.05372890,0.01998517,0.01998517,31636,96,0
6317.42125722,6317.42298519,107.08049834,107.02877443,0.06278067,889.34347296,0.01998516,0.01998517,31635,96,0
6317.62297512,6317.62270997,113.06081624,113.06875802,0.05660950,889.64015580,0.01998517,0.01998517,31634,96,0
6317.82384816,6317.82244737,119.04524964,119.08723259,0.06887990,889.93511753,0.01998517,0.01998517,31633,96,0
6318.02156269,6318.02219741,125.03376213,125.01472744,0.03865875,890.22497196,0.01998517,0.01998517,31632,96,0
6318.21969302,6318.22196007,131.02631710,130.95828866,0.04484221,890.51496592,0.01998516,0.01998517,31631,96,0
6318.42400696,6318.42173537,0.00000000,137.09194687,0.05985153,890.81355663,0.01998518,0.01998517,31630,96,1
6318.61959596,6318.62152331,143.02340546,142.96550161,0.01658929,891.09883952,0.01998516,0.01998517,31629,96,0
6318.82064181,6318.82132387,149.02784676,149.00734335,0.03867730,891.39163704,0.01998517,0.01998517,31628,96,0
6319.02284138,6319.02113708,155.03614235,155.08740470,0.04677176,891.68561187,0.01998517,0.01998517,31627,96,0
6319.22197941,6319.22096292,161.04823256,161.07882393,0.06977307,891.97463856,0.01998517,0.01998517,31626,96,0
6319.42116080,6319.42080140,167.06405749,167.07487977,0.02686515,892.26323079,0.01998517,0.01998517,31625,96,0
6319.61946222,6319.62065252,173.08355701,173.04769567,0.07253921,892.55004991,0.01998516,0.01998517,31624,96,0
6319.81814933,6319.82051628,0.00000000,179.03737051,0.06574145,892.83702258,0.01998516,0.01998517,31623,96,1
6320.01930876,6320.02039268,185.13366353,185.10097033,0.04433849,893.12686792,0.01998517,0.01998517,31622,96,0
6320.22259956,6320.22028172,191.16454923,191.23450250,0.04818990,893.41937113,0.01998518,0.01998517,31621,96,0
6320.42242168,6320.42018341,197.19952754,197.26712177,0.06344577,893.70638994,0.01998518,0.01998517,31620,96,0
6320.62039208,6320.62009775,203.23875245,203.24764678,0.07641148,893.99027245,0.01998517,0.01998517,31619,96,0
6320.82142342,6320.82002473,209.28237543,209.32467079,0.07066927,894.27806472,0.01998517,0.01998517,31618,96,0
6321.02008938,6321.01996436,215.33042096,215.33420378,0.05446874,894.56199581,0.01998517,0.01998517,31617,96,0
6321.21893798,6321.21991664,221.38274401,221.35311179,0.07222053,894.84570706,0.01998517,0.01998517,31616,96,0
6321.41972635,6321.41988158,227.43918724,227.43448451,0.05494988,895.13168902,0.01998517,0.01998517,31615,96,0
6321.61948427,6321.61985916,233.49959268,233.48822819,0.07061489,895.41569917,0.01998517,0.01998517,31614,96,0
6321.81862574,6321.81984939,239.56380174,239.52668727,0.07380182,895.69832382,0.01998517,0.01998517,31613,96,0
6322.01940681,6322.01985228,245.63167208,245.61815315,0.05684292,895.98275300,0.01998517,0.01998517,31612,96,0
6322.21946940,6322.21986783,251.70322931,251.69113139,0.07388363,896.26564269,0.01998517,0.01998517,31611,96,0
6322.41979105,6322.41989603,257.77859585,257.77540658,0.06796320,896.54838150,0.01998517,0.01998517,31610,96,0
6322.61999781,6322.61993689,263.85789573,263.85974777,0.03310799,896.83044566,0.01998517,0.01998517,31609,96,0
6322.81812433,6322.81999041,269.94125348,269.88449130,0.05231692,897.10907913,0.01998516,0.01998517,31608,96,0
6323.01894554,6323.02005659,276.02879413,275.99497697,0.06662152,897.39099927,0.01998517,0.01998517,31607,96,0
6323.22085479,6323.22013542,282.12061724,282.14252702,0.06714824,897.67393968,0.01998517,0.01998517,31606,96,0
6323.42056694,6323.42022693,288.21673355,288.22709584,0.03118723,897.95330014,0.01998517,0.01998517,31605,96,0
6323.61909946,6323.62033109,294.31713468,294.27957494,0.06226142,898.23051490,0.01998517,0.01998517,31604,96,0
6323.81893062,6323.82044792,300.42181220,300.37551145,0.05424308,898.50904226,0.01998516,0.01998517,31603,96,0
6324.02139638,6324.02057742,306.53075765,306.55576422,0.05268459,898.79072766,0.01998517,0.01998517,31602,96,0
6324.22042256,6324.22071958,312.64396282,312.63488768,0.03872788,899.06712165,0.01998517,0.01998517,31601,96,0
6324.42145453,6324.42087442,318.76142982,318.77916588,0.04809158,899.34579059,0.01998517,0.01998517,31600,96,0
6324.61982213,6324.62104192,324.88317380,324.84585714,0.04461228,899.62026263,0.01998517,0.01998517,31599,96,0
6324.82099537,6324.82122209,331.00921081,331.00227030,0.05958994,899.89810521,0.01998517,0.01998517,31598,96,0
6325.02038410,6325.02141494,337.13955695,337.10798034,0.08593709,900.17297432,0.01998517,0.01998517,31597,96,0
6325.22200461,6325.22162046,343.27422837,343.28600335,0.06014114,900.45040431,0.01998517,0.01998517,31596,96,0
6325.42101028,6325.42183865,349.41323443,349.38782705,0.05711393,900.72372677,0.01998517,0.01998517,31595,96,0
6325.61982702,6325.62206952,0.00000000,355.49250405,0.06529933,900.99649508,0.01998516,0.01998517,31594,96,1
6325.82224087,6325.82231307,361.70405911,361.70184185,0.05874402,901.27324010,0.01998517,0.01998517,31593,96,0
6326.02257911,6326.02256929,367.85574641,367.85604820,0.06084677,901.54683166,0.01998517,0.01998517,31592,96,0
6326.22370435,6326.22283819,374.01152895,374.03816038,0.06659700,901.82096588,0.01998517,0.01998517,31591,96,0
6326.42123763,6326.42311978,380.17134052,380.11343689,0.06317606,902.08968123,0.01998516,0.01998517,31590,96,0
6326.62435668,6326.62341405,386.33515633,386.36417354,0.07009542,902.36545230,0.01998517,0.01998517,31589,96,0
6326.82476616,6326.82372099,392.50304446,392.53523707,0.06360695,902.63700688,0.01998517,0.01998517,31588,96,0
6327.02647765,6327.02404063,0.00000000,398.75020914,0.04247039,902.90978923,0.01998518,0.01998517,31587,96,1
6327.22340793,6327.22437295,404.85136156,404.82160061,0.04833921,903.17558707,0.01998517,0.01998517,31586,96,0
6327.42571662,6327.42471795,411.03195334,411.06277191,0.04246907,903.44811450,0.01998517,0.01998517,31585,96,0
6327.62544051,6327.62507564,417.21693912,417.22820593,0.03901682,903.71663487,0.01998517,0.01998517,31584,96,0
6327.82516481,6327.82544603,423.40634466,423.39765516,0.07072679,903.98463379,0.01998517,0.01998517,31583,96,0
6328.02499643,6328.02582910,429.60015809,429.57441225,0.06945176,904.25225238,0.01998517,0.01998517,31582,96,0
6328.22602295,6328.22622486,435.79836668,435.79211952,0.06757669,904.52094008,0.01998517,0.01998517,31581,96,0
6328.42779904,6328.42663332,442.00095761,442.03704806,0.04793738,904.79009200,0.01998518,0.01998517,31580,96,0
6328.62743956,6328.62705447,448.20791803,448.21984792,0.04944309,905.05586318,0.01998517,0.01998517,31579,96,0
6328.82720350,6328.82748831,454.41923843,454.41040932,0.05463331,905.32126717,0.01998517,0.01998517,31578,96,0
6329.02778214,6329.02793486,460.63492032,460.63018313,0.06214111,905.58721732,0.01998517,0.01998517,31577,96,0
6329.22941757,6329.22839409,466.85496738,466.88673491,0.03853045,905.85402589,0.01998518,0.01998517,31576,96,0
6329.42779780,6329.42886603,473.07938331,473.04620550,0.04443835,906.11599478,0.01998517,0.01998517,31575,96,0
6329.62966714,6329.62935067,479.30817183,479.31800714,0.05382767,906.38202791,0.01998517,0.01998517,31574,96,0
6329.82954269,6329.82984801,485.54133409,485.53183919,0.06604029,906.64489234,0.01998517,0.01998517,31573,96,0
6330.03076080,6330.03035805,491.77882265,491.79135546,0.05193425,906.90897504,0.01998517,0.01998517,31572,96,0
6330.23182489,6330.23088079,498.02054641,498.04994243,0.03163304,907.17230179,0.01998518,0.01998517,31571,96,0
6330.43183648,6330.43141624,504.26641237,504.27950484,0.03506442,907.43369563,0.01998517,0.01998517,31570,96,0
6330.63298755,6330.63196440,510.51632712,510.54822207,0.06021460,907.69601567,0.01998518,0.01998517,31569,96,0
6330.83322394,6330.83252526,516.77019685,516.79198922,0.03032662,907.95657694,0.01998518,0.01998517,31568,96,0
6331.03376644,6331.03309883,523.02799571,523.04883098,0.01546859,908.21696833,0.01998518,0.01998517,31567,96,0
6331.23370937,6331.23368511,529.28994527,529.29070308,0.05726612,908.47602304,0.01998517,0.01998517,31566,96,0
6331.43352549,6331.43428410,535.55632398,535.53261830,0.06508329,908.73436672,0.01998517,0.01998517,31565,96,0
6331.63577987,6331.63489580,541.82741149,541.85505719,0.03027387,908.99531648,0.01998518,0.01998517,31564,96,0
6331.83654179,6331.83552022,548.10348864,548.13545860,0.04935093,909.25380716,0.01998518,0.01998517,31563,96,0
6332.03615945,6332.03615735,554.38482082,554.38488689,0.05276587,909.51030676,0.01998517,0.01998517,31562,96,0
6332.23644842,6332.23680719,560.67136288,560.66011809,0.06654652,909.76714646,0.01998517,0.01998517,31561,96,0
6332.43710134,6332.43746975,566.96279238,566.95123766,0.02054501,910.02391331,0.01998517,0.01998517,31560,96,0
6332.63822407,6332.63814503,573.25877589,573.26125631,0.03903404,910.28072419,0.01998517,0.01998517,31559,96,0
6332.83874583,6332.83883303,579.55897850,579.55624013,0.05348486,910.53619737,0.01998517,0.01998517,31558,96,0
6333.03953104,6333.03953375,585.86306394,585.86297890,0.04228697,910.79142064,0.01998517,0.01998517,31557,96,0
6333.24054677,6333.24024719,592.17083381,592.18025102,0.04000643,911.04634074,0.01998518,0.01998517,31556,96,0
6333.44052635,6333.44097336,598.48253002,598.46846999,0.05485604,911.29936343,0.01998517,0.01998517,31555,96,0
6333.64095195,6333.64171224,604.79848260,604.77455333,0.03821202,911.55237851,0.01998517,0.01998517,31554,96,0
6333.84232752,6333.84246386,611.11902299,611.11472897,0.04967139,911.80602810,0.01998517,0.01998517,31553,96,0
6334.04442558,6334.04322820,617.44448407,617.48222422,0.05277376,912.06003057,0.01998518,0.01998517,31552,96,0
6334.24407660,6334.24400526,623.77517384,623.77742386,0.04876113,912.31042004,0.01998517,0.01998517,31551,96,0
6334.44467562,6334.44479506,630.11105523,630.10728509,0.03534136,912.56145726,0.01998517,0.01998517,31550,96,0
6334.64448809,6334.64559759,636.45184668,636.41679981,0.04215698,912.81095816,0.01998517,0.01998517,31549,96,0
6334.84603189,6334.84641284,642.79726025,642.78521909,0.05074258,913.06204994,0.01998517,0.01998517,31548,96,0
6335.04696261,6335.04724083,649.14700677,649.13820722,0.03360780,913.31179414,0.01998517,0.01998517,31547,96,0
6335.24820693,6335.24808156,655.50079673,655.50476414,0.06216124,913.56133113,0.01998517,0.01998517,31546,96,0
6335.44878523,6335.44893502,661.85851930,661.85377665,0.03693939,913.80944213,0.01998517,0.01998517,31545,96,0
6335.64932232,6335.64980121,668.22045444,668.20528195,0.03702261,914.05691280,0.01998517,0.01998517,31544,96,0
6335.84910826,6335.85068014,674.58693472,674.53709992,0.06629953,914.30288194,0.01998517,0.01998517,31543,96,0
6336.05118776,6336.05157181,680.95829417,680.94610937,0.03579257,914.55110294,0.01998517,0.01998517,31542,96,0
6336.25286539,6336.25247622,687.33486826,687.34722489,0.06562616,914.79826830,0.01998518,0.01998517,31541,96,0
6336.45352454,6336.45339337,693.71693649,693.72110443,0.03063722,915.04363735,0.01998517,0.01998517,31540,96,0
6336.65375132,6336.65432327,700.10436400,700.08617555,0.02845717,915.28792579,0.01998517,0.01998517,31539,96,0
6336.85432550,6336.85526590,706.49683259,706.46690565,0.05748428,915.53207148,0.01998517,0.01998517,31538,96,0
6337.05663652,6337.05622129,712.89402182,712.90724470,0.04418720,915.77774288,0.01998518,0.01998517,31537,96,0
6337.25809756,6337.25718941,719.29560985,719.32454623,0.06398420,916.02178095,0.01998518,0.01998517,31536,96,0
6337.45741168,6337.45817029,725.70128109,725.67709618,0.05335824,916.26261481,0.01998517,0.01998517,31535,96,0
6337.65845889,6337.65916391,732.11097691,732.08848715,0.02870860,916.50493108,0.01998517,0.01998517,31534,96,0
6337.86005750,6337.86017028,738.52495210,738.52135230,0.04782359,916.74730339,0.01998517,0.01998517,31533,96,0
6338.06009634,6338.06118940,744.94348147,744.90856823,0.03590392,916.98720698,0.01998517,0.01998517,31532,96,0
6338.26355148,6338.26222128,751.36684106,751.40935902,0.05824014,917.23061031,0.01998518,0.01998517,31531,96,0
6338.46329218,6338.46326591,757.79530811,757.79614852,0.03727319,917.46899253,0.01998517,0.01998517,31530,96,0
6338.66445094,6338.66432329,764.22907890,764.23316519,0.06885263,917.70849462,0.01998517,0.01998517,31529,96,0
6338.86554204,6338.86539342,770.66808078,770.67284172,0.04630953,917.94733745,0.01998517,0.01998517,31528,96,0
6339.06622219,6339.06647632,777.11218544,777.10403863,0.02826643,918.18510888,0.01998517,0.01998517,31527,96,0
6339.26737127,6339.26757197,783.56126401,783.55482542,0.04545778,918.42284473,0.01998517,0.01998517,31526,96,0
6339.46831829,6339.46868038,790.01518701,790.00356308,0.03658227,918.65974444,0.01998517,0.01998518,31525,96,0
6339.66958555,6339.66980155,796.47383713,796.46689839,0.04652205,918.89641732,0.01998517,0.01998518,31524,96,0
6339.87170859,6339.87093549,802.93721594,802.96206790,0.03333117,919.13348630,0.01998518,0.01998518,31523,96,0
6340.07259857,6340.07208218,809.40539031,809.42200134,0.06707088,919.36850398,0.01998518,0.01998518,31522,96,0
6340.27393658,6340.27324164,815.87842809,815.90079825,0.04338265,919.60344145,0.01998518,0.01998518,31521,96,0
6340.47507679,6340.47441387,822.35639742,822.37775175,0.04669455,919.83754483,0.01998518,0.01998518,31520,96,0
6340.67560005,6340.67559886,828.83936585,828.83940426,0.03962750,920.07033075,0.01998517,0.01998518,31519,96,0
6340.87766429,6340.87679662,835.32736852,835.35535824,0.07064201,920.30429976,0.01998518,0.01998518,31518,96,0
6341.07854368,6341.07800714,841.82039946,841.83771942,0.03195372,920.53629216,0.01998518,0.01998518,31517,96,0
6341.27931650,6341.27923044,848.31845007,848.32123013,0.05331619,920.76755709,0.01998518,0.01998518,31516,96,0
6341.47985748,6341.48046651,854.82151164,854.80182365,0.03961982,920.99794982,0.01998517,0.01998518,31515,96,0
6341.68263125,6341.68171535,861.32957551,861.35920460,0.05983876,921.23029077,0.01998518,0.01998518,31514,96,0
6341.88291611,6341.88297697,867.84267142,867.84070123,0.03448568,921.45917031,0.01998517,0.01998518,31513,96,0
6342.08463672,6342.08425136,874.36093844,874.37342292,0.05419765,921.68908146,0.01998518,0.01998518,31512,96,0
6342.28586334,6342.28553853,880.88453551,880.89506656,0.02426038,921.91782435,0.01998518,0.01998518,31511,96,0
6342.48690789,6342.48683847,887.41362228,887.41587470,0.03909050,922.14576040,0.01998518,0.01998518,31510,96,0
6342.68824629,6342.68815119,893.94835913,893.95144719,0.03118681,922.37343239,0.01998518,0.01998518,31509,96,0
6342.88942528,6342.88947669,900.48885813,900.48718719,0.05416390,922.60032918,0.01998518,0.01998518,31508,96,0
6343.08992657,6343.09081498,907.03491436,907.00601911,0.02357785,922.82586096,0.01998517,0.01998518,31507,96,0
6343.29179648,6343.29216604,913.58619556,913.57416712,0.05040803,923.05231308,0.01998518,0.01998518,31506,96,0
6343.49318940,6343.49352989,920.14236761,920.13127807,0.03342584,923.27759786,0.01998518,0.01998518,31505,96,0
6343.69438602,6343.69490653,926.70309477,926.68613207,0.06599488,923.50201935,0.01998518,0.01998518,31504,96,0
6343.89725984,6343.89629595,933.26806347,933.29949400,0.06712626,923.72764786,0.01998518,0.01998518,31503,96,0
6344.09744473,6344.09769815,939.83732824,939.82905978,0.03787501,923.94963294,0.01998518,0.01998518,31502,96,0
6344.29959782,6344.29911315,946.41123643,946.42706078,0.05049826,924.17315277,0.01998518,0.01998518,31501,96,0
6344.50101473,6344.50054093,952.99014504,953.00562569,0.04540475,924.39522172,0.01998518,0.01998518,31500,96,0
6344.70182039,6344.70198151,959.57441273,959.56914448,0.05572070,924.61599421,0.01998518,0.01998518,31499,96,0
6344.90372648,6344.90343487,966.16439493,966.17393783,0.07303810,924.83735993,0.01998518,0.01998518,31498,96,0
6345.10496436,6345.10490103,972.76020202,972.76227616,0.03587717,925.05737953,0.01998518,0.01998518,31497,96,0
6345.30648228,6345.30637999,979.36158706,979.36493990,0.05800582,925.27708134,0.01998518,0.01998518,31496,96,0
6345.50774833,6345.50787174,985.96827382,985.96422600,0.01563372,925.49587431,0.01998518,0.01998518,31495,96,0
6345.70884623,6345.70937629,992.57998478,992.56258688,0.04928891,925.71384054,0.01998518,0.01998518,31494,96,0
6345.91043736,6345.91089363,999.19644135,999.18145587,0.03704496,925.93168449,0.01998518,0.01998518,31493,96,0
6346.11242385,6346.11242378,1005.81748735,1005.81748982,0.05907291,926.14928931,0.01998518,0.01998518,31492,96,0
6346.31399486,6346.31396672,1012.44328513,1012.44421056,0.04674842,926.36578531,0.01998518,0.01998518,31491,96,0
6346.51505162,6346.51552247,1019.07404866,1019.05855308,0.04306737,926.58107631,0.01998518,0.01998518,31490,96,0
6346.71613507,6346.71709102,1025.70999291,1025.67851016,0.05469374,926.79574919,0.01998518,0.01998518,31489,96,0
6346.91924125,6346.91867237,1032.35133385,1032.37008332,0.04311174,927.01193019,0.01998518,0.01998518,31488,96,0
6347.12053558,6347.12026653,1038.99823831,1039.00711258,0.03034231,927.22554042,0.01998518,0.01998518,31487,96,0
6347.32134743,6347.32187350,1045.65064770,1045.63328244,0.05125508,927.43799779,0.01998518,0.01998518,31486,96,0
6347.52462184,6347.52349327,1052.30843947,1052.34572014,0.05663483,927.65240276,0.01998518,0.01998518,31485,96,0
6347.72509228,6347.72512586,1058.97149047,1058.97038066,0.02712398,927.86319636,0.01998518,0.01998518,31484,96,0
6347.92664775,6347.92677125,1065.63967695,1065.63559145,0.05927465,928.07447054,0.01998518,0.01998518,31483,96,0
6348.12876144,6348.12842945,1072.31288963,1072.32387952,0.05534653,928.28565983,0.01998518,0.01998518,31482,96,0
6348.33057220,6348.33010047,1078.99113227,1079.00675876,0.02689561,928.49586153,0.01998518,0.01998518,31481,96,0
6348.53143835,6348.53178430,1085.67446060,1085.66299237,0.05093187,928.70441352,0.01998518,0.01998518,31480,96,0
6348.73378496,6348.73348095,1092.36293083,1092.37301583,0.04408815,928.91383104,0.01998518,0.01998518,31479,96,0
6348.93525505,6348.93519041,1099.05659946,1099.05874511,0.04053254,929.12167169,0.01998518,0.01998518,31478,96,0
6349.13583319,6349.13691269,1105.75553035,1105.71966845,0.06463996,929.32792858,0.01998518,0.01998518,31477,96,0
6349.33846386,6349.33864779,1112.45987647,1112.45376132,0.04195240,929.53562666,0.01998518,0.01998518,31476,96,0
6349.54066548,6349.54039571,1119.16985168,1119.17882745,0.06497193,929.74221898,0.01998518,0.01998518,31475,96,0
6349.74274870,6349.74215645,1125.88567202,1125.90539380,0.02584515,929.94803031,0.01998518,0.01998518,31474,96,0
6349.94397377,6349.94393001,1132.60755460,1132.60901302,0.04766026,930.15231661,0.01998518,0.01998518,31473,96,0
6350.14634397,6350.14571640,1139.33570414,1139.35663819,0.05830904,930.35711433,0.01998518,0.01998518,31472,96,0
6350.34621684,6350.34751561,1146.07005041,1146.02669054,0.02877583,930.55873958,0.01998517,0.01998518,31471,96,0
6350.54913611,6350.54932765,1152.81026355,1152.80386379,0.05576517,930.76276992,0.01998518,0.01998518,31470,96,0
6350.75035488,6350.75115252,1159.55600203,1159.52933246,0.04864233,930.96441362,0.01998518,0.01998518,31469,96,0
6350.95396625,6350.95299021,1166.30692260,1166.33957940,0.04667794,931.16775658,0.01998518,0.01998518,31468,96,0
6351.15485383,6351.15484073,1173.06268929,1173.06312789,0.03277018,931.36767913,0.01998518,0.01998518,31467,96,0
6351.35692549,6351.35670409,1179.82327212,1179.83068951,0.05219484,931.56807588,0.01998518,0.01998518,31466,96,0
6351.55805336,6351.55858027,1186.58901890,1186.57135317,0.04878572,931.76684388,0.01998518,0.01998518,31465,96,0
6351.76104789,6351.76046929,1193.36030236,1193.37971587,0.04404147,931.96676503,0.01998518,0.01998518,31464,96,0
6351.96252671,6351.96237115,1200.13749705,1200.14272098,0.06626514,932.16451538,0.01998518,0.01998518,31463,96,0
6352.16377885,6352.16428584,1206.92097531,1206.90393507,0.02707562,932.36137757,0.01998518,0.01998518,31462,96,0
6352.36584870,6352.36621337,1213.71087875,1213.69861124,0.05629134,932.55837219,0.01998518,0.01998518,31461,96,0
6352.56796842,6352.56815373,1220.50699563,1220.50075659,0.04436931,932.75473800,0.01998518,0.01998518,31460,96,0
6352.77016659,6352.77010694,1227.30908341,1227.31109332,0.04982050,932.95049295,0.01998518,0.01998518,31459,96,0
6352.97223718,6352.97207299,1234.11689833,1234.12243500,0.03346214,933.14542875,0.01998518,0.01998518,31458,96,0
6353.17334134,6353.17405187,1240.93019682,1240.90621999,0.06588125,933.33873295,0.01998518,0.01998518,31457,96,0
6353.37586219,6353.37604361,1247.74886397,1247.74273769,0.05716469,933.53268868,0.01998518,0.01998518,31456,96,0
6353.57831948,6353.57804818,1254.57301658,1254.58218523,0.04279802,933.72587262,0.01998518,0.01998518,31455,96,0
6353.78052404,6353.78006560,1261.40279614,1261.41830079,0.04302428,933.91810796,0.01998518,0.01998518,31454,96,0
6353.98246655,6353.98209587,1268.23834485,1268.25089143,0.05114848,934.10939058,0.01998518,0.01998518,31453,96,0
6354.18507888,6354.18413899,1275.07980514,1275.11164424,0.06114137,934.30060294,0.01998518,0.01998518,31452,96,0
6354.38623628,6354.38619496,1281.92726220,1281.92866328,0.01893529,934.48974421,0.01998518,0.01998518,31451,96,0
6354.58801715,6354.58826377,1288.78068645,1288.77231851,0.05768546,934.67877002,0.01998518,0.01998518,31450,96,0
6354.79030941,6354.79034544,1295.64003456,1295.63881104,0.05104872,934.86756617,0.01998518,0.01998518,31449,96,0
6354.99249028,6354.99243996,1302.50526296,1302.50697302,0.03443987,935.05554605,0.01998518,0.01998518,31448,96,0
6355.19504235,6355.19454734,1309.37632779,1309.39316320,0.04932185,935.24315366,0.01998518,0.01998518,31447,96,0
6355.39741821,6355.39666757,1316.25318083,1316.27873009,0.04571818,935.42987759,0.01998518,0.01998518,31446,96,0
6355.59918598,6355.59880066,1323.13576489,1323.14889000,0.06626203,935.61531996,0.01998518,0.01998518,31445,96,0
6355.80087209,6355.80094661,1330.02402141,1330.02148125,0.03652717,935.79996472,0.01998518,0.01998518,31444,96,0
6356.00290143,6356.00310541,1336.91789150,1336.91093303,0.06189800,935.98419588,0.01998518,0.01998518,31443,96,0
6356.20502441,6356.20527708,1343.81731652,1343.80869055,0.05549526,936.16777995,0.01998518,0.01998518,31442,96,0
6356.40780444,6356.40746161,1350.72232060,1350.73403366,0.04158392,936.35122325,0.01998518,0.01998518,31441,96,0
6356.61039621,6356.60965900,1357.63309895,1357.65830579,0.04671274,936.53376169,0.01998518,0.01998518,31440,96,0
6356.81209645,6356.81186925,1364.54986883,1364.55764375,0.04320901,936.71477111,0.01998518,0.01998518,31439,96,0
6357.01370159,6357.01409237,1371.47284863,1371.45946476,0.03461049,936.89497507,0.01998518,0.01998518,31438,96,0
6357.21671390,6357.21632836,1378.40225673,1378.41547266,0.03963901,937.07571280,0.01998518,0.01998518,31437,96,0
6357.41867172,6357.41857721,1385.33818595,1385.34142848,0.04291196,937.25479094,0.01998518,0.01998518,31436,96,0
6357.62138107,6357.62083893,1392.28048672,1392.29910261,0.04549572,937.43380629,0.01998518,0.01998518,31435,96,0
6357.82323059,6357.82311353,1399.22898120,1399.23300432,0.05047462,937.61132963,0.01998518,0.01998518,31434,96,0
6358.02597796,6358.02540099,1406.18349062,1406.20333405,0.05190645,937.78889980,0.01998518,0.01998518,31433,96,0
6358.22762824,6358.22770133,1413.14383620,1413.14132046,0.05963123,937.96476407,0.01998518,0.01998518,31432,96,0
6358.43053121,6358.43001454,1420.10990958,1420.12770643,0.05738965,938.14096603,0.01998518,0.01998518,31431,96,0
6358.63267721,6358.63234063,1427.08172230,1427.09332478,0.06377225,938.31575597,0.01998518,0.01998518,31430,96,0
6358.83513626,6358.83467959,1434.05929748,1434.07505145,0.06529081,938.49006012,0.01998518,0.01998518,31429,96,0
6359.03762733,6359.03703143,1441.04265837,1441.06323146,0.06653102,938.66363310,0.01998518,0.01998518,31428,96,0
6359.23911254,6359.23939615,1448.03183117,1448.02203233,0.02674931,938.83558930,0.01998518,0.01998518,31427,96,0
6359.44117185,6359.44177375,1455.02697389,1455.00616082,0.06453363,939.00728133,0.01998518,0.01998518,31426,96,0
6359.64445095,6359.64416423,1462.02843038,1462.03835353,0.06541457,939.17925405,0.01998518,0.01998518,31425,96,0
6359.84676748,6359.84656759,1469.03656018,1469.04348453,0.06000068,939.34966621,0.01998518,0.01998518,31424,96,0
6360.04917745,6360.04898384,1476.05172471,1476.05843819,0.05894393,939.51941842,0.01998518,0.01998518,31423,96,0
6360.25077991,6360.25141297,1483.07427222,1483.05229945,0.06156638,939.68776473,0.01998518,0.01998518,31422,96,0
6360.45423643,6360.45385499,1490.10413168,1490.11738367,0.05721621,939.85691756,0.01998518,0.01998518,31421,96,0
6360.65715616,6360.65630989,1497.14076448,1497.17019027,0.04776242,940.02486637,0.01998518,0.01998518,31420,96,0
6360.85932756,6360.85877769,1504.18360483,1504.20273961,0.04942272,940.19142743,0.01998518,0.01998518,31419,96,0
6361.06210717,6361.06125837,1511.23208386,1511.26164117,0.05287712,940.35770346,0.01998518,0.01998518,31418,96,0
6361.26370144,6361.26375194,1518.28566349,1518.28390377,0.04775978,940.52221266,0.01998518,0.01998518,31417,96,0
6361.46591207,6361.46625841,1525.34437119,1525.33229467,0.04298365,940.68642750,0.01998518,0.01998518,31416,96,0
6361.66913864,6361.66877777,1532.40870614,1532.42129909,0.03072026,940.85067254,0.01998518,0.01998518,31415,96,0
6361.87102878,6361.87131003,1539.47918446,1539.46936171,0.04423725,941.01305829,0.01998518,0.01998518,31414,96,0
6362.07369206,6362.07385518,1546.55632505,1546.55062294,0.03208752,941.17529443,0.01998518,0.01998518,31413,96,0
6362.27678025,6362.27641323,1553.64060295,1553.65344548,0.03519864,941.33710371,0.01998518,0.01998518,31412,96,0
6362.47854656,6362.47898417,1560.73202093,1560.71669452,0.04589270,941.49709691,0.01998518,0.01998518,31411,96,0
6362.68136238,6362.68156802,1567.83030475,1567.82309632,0.05397403,941.65714722,0.01998518,0.01998518,31410,96,0
6362.88357181,6362.88416477,1574.93517519,1574.91437217,0.06494888,941.81593662,0.01998518,0.01998518,31409,96,0
6363.08687262,6363.08677442,1582.04635150,1582.04979968,0.06638686,941.97478682,0.01998518,0.01998518,31408,96,0
6363.28909288,6363.28939697,1589.16360268,1589.15291707,0.05392403,942.13199329,0.01998518,0.01998518,31407,96,0
6363.49211176,6363.49203243,1596.28701206,1596.28980194,0.04669714,942.28901818,0.01998518,0.01998518,31406,96,0
6363.69460729,6363.69468079,1603.41678337,1603.41419636,0.03868015,942.44483957,0.01998518,0.01998518,31405,96,0
6363.89804345,6363.89734206,1610.55312165,1610.57783056,0.03340977,942.60058363,0.01998518,0.01998518,31404,96,0
6364.10013490,6364.10001624,1617.69623307,1617.70041700,0.04544856,942.75450520,0.01998518,0.01998518,31403,96,0
6364.30246216,6364.30270333,1624.84626442,1624.83775299,0.04024636,942.90781521,0.01998518,0.01998518,31402,96,0
6364.50509816,6364.50540333,1632.00314446,1631.99236475,0.06126055,943.06056166,0.01998518,0.01998518,31401,96,0
6364.70792439,6364.70811624,1639.16675206,1639.15996921,0.05074294,943.21264717,0.01998518,0.01998518,31400,96,0
6364.91090264,6364.91084207,1646.33696542,1646.33910884,0.04105584,943.36403597,0.01998518,0.01998518,31399,96,0
6365.11388816,6365.11358081,1653.51366263,1653.52454691,0.03895415,943.51461414,0.01998518,0.01998518,31398,96,0
6365.31579212,6365.31633246,1660.69681201,1660.67766056,0.03127905,943.66357740,0.01998518,0.01998518,31397,96,0
6365.51903579,6365.51909703,1667.88656814,1667.88439561,0.05420529,943.81271137,0.01998518,0.01998518,31396,96,0
6365.72173031,6365.72187452,1675.08310932,1675.07798889,0.05773993,943.96062649,0.01998518,0.01998518,31395,96,0
6365.92473198,6365.92466493,1682.28661483,1682.28899769,0.04189151,944.10795025,0.01998518,0.01998518,31394,96,0
6366.12786186,6366.12746826,1689.49725945,1689.51126015,0.03268491,944.25455107,0.01998518,0.01998518,31393,96,0
6366.33026610,6366.33028452,1696.71505575,1696.71439999,0.04687548,944.39981391,0.01998518,0.01998518,31392,96,0
6366.53289560,6366.53311369,1703.93982963,1703.93205792,0.05880278,944.54441811,0.01998518,0.01998518,31391,96,0
6366.73655937,6366.73595579,1711.17139575,1711.19292321,0.05528449,944.68892699,0.01998519,0.01998518,31390,96,0
6366.93906241,6366.93881082,1718.40956771,1718.41854876,0.03132314,944.83177768,0.01998518,0.01998518,31389,96,0
6367.14166128,6367.14167877,1725.65417826,1725.65355333,0.03871254,944.97385743,0.01998518,0.01998518,31388,96,0
6367.34444040,6367.34455965,1732.90527711,1732.90101338,0.05356855,945.11522230,0.01998518,0.01998518,31387,96,0
6367.54809292,6367.54745346,1740.16304713,1740.18593136,0.05817042,945.25635006,0.01998519,0.01998518,31386,96,0
6367.75082551,6367.75036020,1747.42767409,1747.44434109,0.03585610,945.39599931,0.01998519,0.01998518,31385,96,0
6367.95326975,6367.95327987,1754.69934481,1754.69898209,0.03651226,945.53461359,0.01998518,0.01998518,31384,96,0
6368.15640271,6368.15621247,1761.97821359,1761.98504024,0.05610102,945.67285968,0.01998518,0.01998518,31383,96,0
6368.35898784,6368.35915801,1769.26427895,1769.25816664,0.03828751,945.80989240,0.01998518,0.01998518,31382,96,0
6368.56213083,6368.56211649,1776.55749370,1776.55800917,0.03393153,945.94645600,0.01998518,0.01998518,31381,96,0
6368.76534654,6368.76508790,1783.85781035,1783.86711710,0.05509586,946.08221681,0.01998519,0.01998518,31380,96,0
6368.96860975,6368.96807225,1791.16518115,1791.18453984,0.04722460,946.21715364,0.01998519,0.01998518,31379,96,0
6369.17124359,6369.17106954,1798.47956086,1798.48583508,0.03895965,946.35081732,0.01998519,0.01998518,31378,96,0
6369.37371919,6369.37407976,1805.80090978,1805.78790045,0.04541131,946.48352027,0.01998518,0.01998519,31377,96,0
6369.57691591,6369.57710293,1813.12918866,1813.12243477,0.06348777,946.61583188,0.01998518,0.01998519,31376,96,0
6369.77980065,6369.78013905,1820.46435800,1820.45212736,0.03067033,946.74707354,0.01998518,0.01998519,31375,96,0
6369.98334428,6369.98318811,1827.80638204,1827.81203166,0.05935547,946.87786778,0.01998519,0.01998519,31374,96,0
6370.18674533,6370.18625011,1835.15530349,1835.17323368,0.04691138,947.00769439,0.01998519,0.01998519,31373,96,0
6370.38952119,6370.38932506,1842.51123724,1842.51834503,0.02245638,947.13624969,0.01998519,0.01998519,31372,96,0
6370.59227526,6370.59241295,1849.87430146,1849.86930711,0.05739182,947.26391975,0.01998518,0.01998519,31371,96,0
6370.79611529,6370.79551380,1857.24461501,1857.26645253,0.02771232,947.39139454,0.01998519,0.01998519,31370,96,0
6370.99824524,6370.99862760,1864.62229835,1864.60840358,0.02926554,947.51692884,0.01998518,0.01998519,31369,96,0
6371.20115320,6371.20175434,1872.00747826,1871.98561171,0.05491373,947.64207323,0.01998518,0.01998519,31368,96,0
6371.40474478,6371.40489405,1879.40028436,1879.39484951,0.03139242,947.76675933,0.01998518,0.01998519,31367,96,0
6371.60822118,6371.60804670,1886.80084703,1886.80720610,0.05177286,947.89049348,0.01998519,0.01998519,31366,96,0
6371.81150539,6371.81121231,1894.20929671,1894.21998917,0.04922484,948.01323000,0.01998519,0.01998519,31365,96,0
6372.01384864,6372.01439088,1901.62562753,1901.60582525,0.03212157,948.13452105,0.01998518,0.01998519,31364,96,0
6372.21758690,6372.21758240,1909.04953223,1909.04969652,0.05574587,948.25575587,0.01998519,0.01998519,31363,96,0
6372.42100823,6372.42078688,1916.48066163,1916.48875971,0.03128381,948.37590011,0.01998519,0.01998519,31362,96,0
6372.62377433,6372.62400433,1923.91866445,1923.91024262,0.05512835,948.49475207,0.01998519,0.01998519,31361,96,0
6372.82780479,6372.82723473,1931.36321311,1931.38410351,0.03874371,948.61342496,0.01998519,0.01998519,31360,96,0
6373.03009193,6373.03047810,1938.81440944,1938.80024583,0.05619354,948.73017173,0.01998519,0.01998519,31359,96,0
6373.23416816,6373.23373443,1946.27271258,1946.28863540,0.03927778,948.84703533,0.01998519,0.01998519,31358,96,0
6373.43674790,6373.43700373,1953.73859511,1953.72919400,0.03714978,948.96213683,0.01998519,0.01998519,31357,96,0
6373.64079638,6373.64028599,1961.21253245,1961.23130736,0.05535605,949.07716555,0.01998519,0.01998519,31356,96,0
6373.84324133,6373.84358122,1968.69486548,1968.68234911,0.04534508,949.19039245,0.01998519,0.01998519,31355,96,0
6374.04733051,6374.04688942,1976.18532061,1976.20157950,0.05949268,949.30362629,0.01998519,0.01998519,31354,96,0
6374.24982240,6374.25021059,1983.68344966,1983.66912722,0.03676830,949.41505850,0.01998519,0.01998519,31353,96,0
6374.45346410,6374.45354473,1991.18880171,1991.18582424,0.05118494,949.52619423,0.01998519,0.01998519,31352,96,0
6374.65681492,6374.65689185,1998.70092905,1998.69808590,0.02916124,949.63623200,0.01998519,0.01998519,31351,96,0
6374.86002930,6374.86025194,2006.21965885,2006.21142397,0.05881490,949.74525325,0.01998519,0.01998519,31350,96,0
6375.06398205,6375.06362500,2013.74520562,2013.75842352,0.05291059,949.85372359,0.01998519,0.01998519,31349,96,0
6375.26710503,6375.26701104,2021.27781416,2021.28129684,0.03446260,949.96081050,0.01998519,0.01998519,31348,96,0
6375.47112630,6375.47041005,2028.81773072,2028.84429391,0.05214886,950.06742524,0.01998519,0.01998519,31347,96,0
6375.67401510,6375.67382205,2036.36520521,2036.37237152,0.02637956,950.17250883,0.01998519,0.01998519,31346,96,0
6375.87761330,6375.87724702,2043.92050498,2043.93411553,0.05482849,950.27701892,0.01998519,0.01998519,31345,96,0
6376.08046373,6376.08068498,2051.48390604,2051.47567615,0.02918871,950.38020844,0.01998519,0.01998519,31344,96,0
6376.28378420,6376.28413592,2059.05568610,2059.04258907,0.04564875,950.48269937,0.01998518,0.01998519,31343,96,0
6376.48729845,6376.48759984,2066.63612322,2066.62488822,0.03140157,950.58434825,0.01998519,0.01998519,31342,96,0
6376.69086556,6376.69107675,2074.22534008,2074.21745894,0.05846331,950.68508116,0.01998519,0.01998519,31341,96,0
6376.89464594,6376.89456665,2081.82316017,2081.82612226,0.05091629,950.78496984,0.01998519,0.01998519,31340,96,0
6377.09816945,6377.09806953,2089.42937209,2089.43310876,0.02372931,950.88377797,0.01998519,0.01998519,31339,96,0
6377.30111971,6377.30158540,2097.04376310,2097.02633123,0.04765692,950.98135176,0.01998519,0.01998519,31338,96,0
6377.50498386,6377.50511426,2104.66613134,2104.66124528,0.05864653,951.07839797,0.01998519,0.01998519,31337,96,0
6377.70860433,6377.70865611,2112.29638783,2112.29444587,0.03809587,951.17435653,0.01998519,0.01998519,31336,96,0
6377.91224340,6377.91221095,2119.93450498,2119.93572307,0.05206358,951.26934914,0.01998519,0.01998519,31335,96,0
6378.11547875,6378.11577879,2127.58045567,2127.56918093,0.02231897,951.36317814,0.01998519,0.01998519,31334,96,0
6378.31955443,6378.31935963,2135.23421299,2135.24154013,0.05028165,951.45641127,0.01998519,0.01998519,31333,96,0
6378.52286050,6378.52295345,2142.89582197,2142.89232234,0.04900990,951.54830994,0.01998519,0.01998519,31332,96,0
6378.72636331,6378.72656028,2150.56547768,2150.55805433,0.03332436,951.63931430,0.01998519,0.01998519,31331,96,0
6378.93029507,6378.93018011,2158.24339504,2158.24773240,0.05539235,951.72952294,0.01998519,0.01998519,31330,96,0
6379.13364579,6379.13381293,2165.92979029,2165.92347796,0.04842464,951.81848936,0.01998519,0.01998519,31329,96,0
6379.33761237,6379.33745876,2173.62485799,2173.63066569,0.02875088,951.90673580,0.01998519,0.01998519,31328,96,0
6379.54090338,6379.54111759,2181.32858821,2181.32048142,0.05030105,951.99370033,0.01998519,0.01998519,31327,96,0
6379.74410519,6379.74478942,2189.04086277,2189.01494025,0.04046795,952.07963460,0.01998519,0.01998519,31326,96,0
6379.94806987,6379.94847426,2196.76156176,2196.74622575,0.04267216,952.16488928,0.01998519,0.01998519,31325,96,0
6380.15214304,6380.15217210,2204.49056438,2204.48946133,0.01695744,952.24917967,0.01998519,0.01998519,31324,96,0
6380.35541828,6380.35588295,2212.22774236,2212.21008484,0.04953335,952.33213179,0.01998519,0.01998519,31323,96,0
6380.55922277,6380.55960681,2219.97295471,2219.95834713,0.04123938,952.41428447,0.01998519,0.01998519,31322,96,0
6380.76302356,6380.76334368,2227.72605826,2227.71387064,0.05656133,952.49541422,0.01998519,0.01998519,31321,96,0
6380.96691823,6380.96709356,2235.48690888,2235.48022734,0.02930569,952.57555453,0.01998519,0.01998519,31320,96,0
6381.17031546,6381.17085645,2243.25540788,2243.23477272,0.04909804,952.65447192,0.01998519,0.01998519,31319,96,0
6381.37445298,6381.37463236,2251.03175833,2251.02490965,0.04803109,952.73264373,0.01998519,0.01998519,31318,96,0
6381.57815862,6381.57842128,2258.81628569,2258.80624707,0.05210363,952.80961877,0.01998519,0.01998519,31317,96,0
6381.78215774,6381.78222322,2266.60931784,2266.60681267,0.03214777,952.88567204,0.01998519,0.01998519,31316,96,0
6381.98573385,6381.98603817,2274.41117998,2274.39952420,0.05548905,952.96053705,0.01998519,0.01998519,31315,96,0
6382.18968069,6382.18986615,2282.22203308,2282.21492240,0.04964773,953.03450401,0.01998519,0.01998519,31314,96,0
6382.39336898,6382.39370714,2290.04183439,2290.02885496,0.04608411,953.10733977,0.01998519,0.01998519,31313,96,0
6382.59748222,6382.59756115,2297.87052825,2297.86749524,0.04985800,953.17928329,0.01998519,0.01998519,31312,96,0
6382.80148340,6382.80142819,2305.70805859,2305.71018201,0.05343694,953.25013874,0.01998519,0.01998519,31311,96,0
6383.00515334,6383.00530825,2313.55434629,2313.54838141,0.02203703,953.31982909,0.01998519,0.01998519,31310,96,0
6383.20883859,6383.20920134,2321.40922706,2321.39524540,0.05216902,953.38847037,0.01998519,0.01998519,31309,96,0
6383.41302156,6383.41310745,2329.27251567,2329.26920180,0.05240406,953.45621604,0.01998519,0.01998519,31308,96,0
6383.61658635,6383.61702659,2337.14402562,2337.12702377,0.04054347,953.52269180,0.01998519,0.01998519,31307,96,0
6383.82115617,6383.82095875,2345.02359912,2345.03123049,0.04245485,953.58841999,0.01998519,0.01998519,31306,96,0
6384.02453548,6384.02490395,2352.91145376,2352.89719528,0.04630898,953.65269511,0.01998519,0.01998519,31305,96,0
6384.22885517,6384.22886218,2360.80806552,2360.80779417,0.04467997,953.71619296,0.01998519,0.01998519,31304,96,0
6384.43289209,6384.43283344,2368.71391853,2368.71619301,0.04919184,953.77852839,0.01998519,0.01998519,31303,96,0
6384.63729451,6384.63681773,2376.62949663,2376.64800912,0.04787464,953.83989867,0.01998519,0.01998519,31302,96,0
6384.84079140,6384.84081506,2384.55499429,2384.55407455,0.02740412,953.89992388,0.01998519,0.01998519,31301,96,0
6385.04471339,6385.04482543,2392.49009762,2392.48573732,0.06264460,953.95899387,0.01998519,0.01998519,31300,96,0
6385.24809065,6385.24884883,2400.43443948,2400.40490150,0.06547960,954.01682206,0.01998519,0.01998519,31299,96,0
6385.45278509,6385.45288527,2408.38765016,2408.38374308,0.04927567,954.07392520,0.01998519,0.01998519,31298,96,0
6385.65629964,6385.65693475,2416.34942979,2416.32463603,0.05266602,954.12959981,0.01998519,0.01998519,31297,96,0
6385.86050482,6385.86099727,2424.31980707,2424.30056297,0.05258287,954.18435821,0.01998519,0.01998519,31296,96,0
6386.06468558,6386.06507284,2432.29890527,2432.28375610,0.05052653,954.23800049,0.01998519,0.01998519,31295,96,0
6386.26897465,6386.26916144,2440.28684845,2440.27953351,0.04824525,954.29055800,0.01998519,0.01998519,31294,96,0
6386.47335804,6386.47326310,2448.28377189,2448.28749398,0.04779923,954.34202265,0.01998519,0.01998519,31293,96,0
6386.67672466,6386.67737779,2456.28994377,2456.26431115,0.04672521,954.39212012,0.01998519,0.01998519,31292,96,0
6386.88082848,6386.88150554,2464.30572481,2464.27912221,0.03696153,954.44128310,0.01998519,0.01998519,31291,96,0
6387.08555127,6387.08564633,2472.33147999,2472.32774048,0.04865671,954.48947008,0.01998519,0.01998519,31290,96,0
6387.28987508,6387.28980018,2480.36756967,2480.37052001,0.05237279,954.53643750,0.01998519,0.01998519,31289,96,0
6387.49321034,6387.49396707,2488.41398006,2488.38413907,0.04784190,954.58205687,0.01998519,0.01998519,31288,96,0
6387.69823677,6387.69814702,2496.47014026,2496.47368328,0.05625851,954.62691605,0.01998519,0.01998519,31287,96,0
6387.90252488,6387.90234002,2504.53543041,2504.54273561,0.05828263,954.67046809,0.01998519,0.01998519,31286,96,0
6388.10682905,6388.10654608,2512.60922640,2512.62041958,0.04765035,954.71287278,0.01998519,0.01998519,31285,96,0
6388.31087238,6388.31076519,2520.69113701,2520.69538106,0.04329472,954.75406918,0.01998519,0.01998519,31284,96,0
6388.51503324,6388.51499736,2528.78151505,2528.78293718,0.04112656,954.79413322,0.01998519,0.01998519,31283,96,0
6388.71891422,6388.71924259,2536.88086228,2536.86783375,0.03645403,954.83298710,0.01998519,0.01998519,31282,96,0
6388.92331772,6388.92350087,2544.98968395,2544.98240869,0.03931150,954.87078019,0.01998519,0.01998519,31281,96,0
6389.12756212,6389.12777222,2553.10842327,2553.10006812,0.03945940,954.90738131,0.01998519,0.01998519,31280,96,0
6389.33165462,6389.33205663,2561.23708762,2561.22108209,0.04768419,954.94279022,0.01998519,0.01998519,31279,96,0
6389.53631678,6389.53635411,2569.37550427,2569.37401640,0.05079858,954.97712356,0.01998519,0.01998519,31278,96,0
6389.74063407,6389.74066465,2577.52349864,2577.52227848,0.05717951,955.01022111,0.01998519,0.01998519,31277,96,0
6389.94429288,6389.94498825,2585.68090668,2585.65312985,0.04591295,955.04203605,0.01998519,0.01998519,31276,96,0
6390.14895219,6390.14932492,2593.84773734,2593.83283188,0.03481086,955.07282057,0.01998519,0.01998519,31275,96,0
6390.35376395,6390.35367467,2602.02413262,2602.02770721,0.04850979,955.10243353,0.01998519,0.01998519,31274,96,0
6390.55767461,6390.55803748,2610.21023883,2610.19569520,0.04716019,955.13072555,0.01998519,0.01998519,31273,96,0
6390.76263558,6390.76241336,2618.40620348,2618.41512041,0.04890515,955.15796237,0.01998519,0.01998519,31272,96,0
6390.96702596,6390.96680231,2626.61218233,2626.62116687,0.05878621,955.18392060,0.01998519,0.01998519,31271,96,0
6391.17112640,6391.17120434,2634.82834168,2634.82520688,0.04275173,955.20863966,0.01998519,0.01998519,31270,96,0
6391.37577664,6391.37561944,2643.05484967,2643.06117957,0.04352410,955.23221502,0.01998519,0.01998519,31269,96,0
6391.57978417,6391.58004762,2651.29187509,2651.28125320,0.04298243,955.25450612,0.01998519,0.01998519,31268,96,0
6391.78452000,6391.78448888,2659.53949749,2659.54075372,0.05625660,955.27565762,0.01998519,0.01998519,31267,96,0
6391.98905760,6391.98894321,2667.79760128,2667.80222402,0.02754320,955.29556420,0.01998519,0.01998519,31266,96,0
6392.19348381,6392.19341063,2676.06604442,2676.06900548,0.04313175,955.31423222,0.01998519,0.01998519,31265,96,0
6392.39837067,6392.39789112,2684.34468377,2684.36410984,0.05071988,955.33170597,0.01998519,0.01998519,31264,96,0
6392.60252427,6392.60238470,2692.63343714,2692.63909736,0.04994593,955.34788150,0.01998519,0.01998519,31263,96,0
6392.80738585,6392.80689136,2700.93243769,2700.95251613,0.04446694,955.36286906,0.01998519,0.01998519,31262,96,0
6393.01148513,6393.01141111,2709.24186641,2709.24487571,0.04454521,955.37655741,0.01998519,0.01998519,31261,96,0
6393.21520785,6393.21594394,2717.56190562,2717.53194419,0.05198328,955.38897854,0.01998519,0.01998519,31260,96,0
6393.42052002,6393.42048986,2725.89267822,2725.89390703,0.03727143,955.40023672,0.01998519,0.01998519,31259,96,0
6393.62508234,6393.62504887,2734.23398315,2734.23534872,0.03847548,955.41019098,0.01998519,0.01998519,31258,96,0
6393.82973824,6393.82962097,2742.58550961,2742.59029957,0.05532632,955.41888353,0.01998519,0.01998519,31257,96,0
6394.03448659,6394.03420616,2750.94694433,2750.95841161,0.03777373,955.42630783,0.01998519,0.01998519,31256,96,0
6394.23885528,6394.23880444,2759.31803232,2759.32011333,0.05839241,955.43244495,0.01998519,0.01998519,31255,96,0
6394.44386250,6394.44341582,2767.69899222,2767.71729876,0.03921231,955.43731888,0.01998519,0.01998519,31254,96,0
6394.64782916,6394.64804029,2776.09026870,2776.08160529,0.03786633,955.44088933,0.01998519,0.01998519,31253,96,0
6394.85247925,6394.85267786,2784.49231109,2784.48415150,0.05531850,955.44318538,0.01998519,0.01998519,31252,96,0
6395.05736119,6395.05732852,2792.90554238,2792.90688605,0.03309538,955.44418857,0.01998519,0.01998519,31251,96,0
6395.26194096,6395.26199229,2801.33006145,2801.32794735,0.04084908,955.44389198,0.01998519,0.01998519,31250,96,0
6395.46646307,6395.46666915,2809.76576460,2809.75726562,0.05720701,955.44229370,0.01998519,0.01998519,31249,96,0
6395.67079893,6395.67135911,2818.21254424,2818.18941316,0.03723151,955.43939215,0.01998519,0.01998519,31248,96,0
6395.87570113,6395.87606218,2826.67029529,2826.65536839,0.05370118,955.43516812,0.01998519,0.01998519,31247,96,0
6396.08070923,6396.08077835,2835.13896263,2835.13610135,0.04087090,955.42961979,0.01998519,0.01998519,31246,96,0
6396.28595888,6396.28550763,2843.61852962,2843.63723117,0.04935353,955.42273523,0.01998520,0.01998519,31245,96,0
6396.49020199,6396.49025001,2852.10898042,2852.10698815,0.03427715,955.41455887,0.01998519,0.01998519,31244,96,0
6396.69518573,6396.69500550,2860.61029558,2860.61778316,0.04575736,955.40501854,0.01998520,0.01998519,31243,96,0
6396.89947758,6396.89977409,2869.12239067,2869.11005727,0.03281740,955.39417569,0.01998519,0.01998519,31242,96,0
6397.10411804,6397.10455580,2877.64512266,2877.62689293,0.05409998,955.38197385,0.01998519,0.01998519,31241,96,0
6397.30994336,6397.30935062,2886.17834531,2886.20305731,0.05239284,955.36834352,0.01998520,0.01998519,31240,96,0
6397.51392826,6397.51415855,2894.72192422,2894.71231182,0.03821387,955.35348706,0.01998519,0.01998519,31239,96,0
6397.71919741,6397.71897960,2903.27601512,2903.28511730,0.04777055,955.33717744,0.01998520,0.01998519,31238,96,0
6397.92357124,6397.92381376,2911.84106165,2911.83091470,0.02306428,955.31957833,0.01998519,0.01998519,31237,96,0
6398.12891451,6398.12866104,2920.41752298,2920.42814231,0.05082545,955.30052239,0.01998520,0.01998519,31236,96,0
6398.33367362,6398.33352143,2929.00584628,2929.01223071,0.02798252,955.28014367,0.01998520,0.01998519,31235,96,0
6398.53754967,6398.53839494,2937.60610718,2937.57060083,0.05110312,955.25848116,0.01998519,0.01998519,31234,96,0
6398.74359296,6398.74328158,2946.21799700,2946.23109357,0.03381902,955.23519315,0.01998520,0.01998519,31233,96,0
6398.94814297,6398.94818133,2954.84118701,2954.83957180,0.05114679,955.21068221,0.01998519,0.01998519,31232,96,0
6399.15293809,6399.15309421,2963.47536072,2963.46877867,0.04936728,955.18474860,0.01998519,0.01998520,31231,96,0
6399.35745330,6399.35802021,2972.12054931,2972.09661862,0.03336840,955.15745409,0.01998519,0.01998520,31230,96,0
6399.56279180,6399.56295933,2980.77713874,2980.77005752,0.05700844,955.12863954,0.01998519,0.01998520,31229,96,0
6399.76750434,6399.76791159,2989.44553373,2989.42829802,0.04303100,955.09849965,0.01998519,0.01998520,31228,96,0
6399.97287516,6399.97287697,2998.12612932,2998.12605282,0.02868795,955.06683811,0.01998519,0.01998520,31227,96,0
6400.17750268,6400.17785547,3006.81905569,3006.80408417,0.04966742,955.03386579,0.01998519,0.01998520,31226,96,0
6400.38315907,6400.38284711,3015.52419078,3015.53744716,0.04971609,954.99928893,0.01998520,0.01998520,31225,96,0
6400.58768767,6400.58785188,3024.24140154,3024.23441445,0.04847367,954.96346613,0.01998519,0.01998520,31224,96,0
6400.79271809,6400.79286979,3032.97056463,3032.96410133,0.02895375,954.92611352,0.01998519,0.01998520,31223,96,0
6400.99749242,6400.99790082,3041.71173926,3041.69431604,0.04847536,954.88736084,0.01998519,0.01998520,31222,96,0
6401.20275383,6401.20294500,3050.46513833,3050.45697209,0.04505726,954.84705843,0.01998519,0.01998520,31221,96,0
6401.40817568,6401.40800230,3059.23098105,3059.23839754,0.04918722,954.80525679,0.01998520,0.01998520,31220,96,0
6401.61297407,6401.61307275,3068.00945416,3068.00522699,0.03206304,954.76211370,0.01998520,0.01998520,31219,96,0
6401.81849986,6401.81815634,3076.80030360,3076.81503815,0.05525571,954.71733889,0.01998520,0.01998520,31218,96,0
6402.02362250,6402.02325306,3085.60296524,3085.61883111,0.04350246,954.67117239,0.01998520,0.01998520,31217,96,0
6402.22809502,6402.22836293,3094.41686397,3094.40534466,0.04907339,954.62367886,0.01998520,0.01998520,31216,96,0
6402.43392821,6402.43348594,3103.24151019,3103.26054846,0.04768218,954.57438108,0.01998520,0.01998520,31215,96,0
6402.63867145,6402.63862209,3112.07725753,3112.07938480,0.05669599,954.52385601,0.01998520,0.01998520,31214,96,0
6402.84383589,6402.84377139,3120.92492600,3120.92770961,0.02893005,954.47172798,0.01998520,0.01998520,31213,96,0
6403.04871989,6403.04893384,3129.78534714,3129.77610064,0.04680284,954.41816308,0.01998520,0.01998520,31212,96,0
6403.25413446,6403.25410943,3138.65923471,3138.66031804,0.04848259,954.36293602,0.01998520,0.01998520,31211,96,0
6403.45953924,6403.45929817,3147.54649427,3147.55694310,0.03903882,954.30618055,0.01998520,0.01998520,31210,96,0
6403.66453512,6403.66450007,3156.44670354,3156.44822483,0.04365449,954.24800811,0.01998520,0.01998520,31209,96,0
6403.86935649,6403.86971511,3165.35943571,3165.34385019,0.04125856,954.18835552,0.01998520,0.01998520,31208,96,0
6404.07490082,6404.07494331,3174.28437708,3174.28252823,0.03658862,954.12695154,0.01998520,0.01998520,31207,96,0
6404.28003545,6404.28018466,3183.22172084,3183.21521894,0.04595962,954.06412386,0.01998520,0.01998520,31206,96,0
6404.48539011,6404.48543916,3192.17180070,3192.16966023,0.05078074,953.99967347,0.01998520,0.01998520,31205,96,0
6404.69113531,6404.69070683,3201.13495295,3201.15367636,0.06197780,953.93353133,0.01998520,0.01998520,31204,96,0
6404.89614068,6404.89598765,3210.11137473,3210.11807128,0.04699972,953.86605712,0.01998520,0.01998520,31203,96,0
6405.10182920,6405.10128163,3219.10087173,3219.12486540,0.05369438,953.79677833,0.01998520,0.01998520,31202,96,0
6405.30673228,6405.30658877,3228.10318044,3228.10947724,0.04693919,953.72618664,0.01998520,0.01998520,31201,96,0
6405.51208240,6405.51190907,3237.11803778,3237.12565302,0.04684560,953.65385739,0.01998520,0.01998520,31200,96,0
6405.71744251,6405.71724254,3246.14539865,3246.15419633,0.05141733,953.57993361,0.01998520,0.01998520,31199,96,0
6405.92284090,6405.92258917,3255.18559239,3255.19668249,0.05289560,953.50439580,0.01998520,0.01998520,31198,96,0
6406.12801773,6406.12794896,3264.23898758,3264.24202123,0.04267820,953.42733237,0.01998520,0.01998520,31197,96,0
6406.33333436,6406.33332193,3273.30594709,3273.30649624,0.04791420,953.34859904,0.01998520,0.01998520,31196,96,0
6406.53850059,6406.53870806,3282.38662780,3282.37744876,0.04779977,953.26829932,0.01998520,0.01998520,31195,96,0
6406.74387358,6406.74410735,3291.48097550,3291.47061742,0.04210551,953.18628663,0.01998520,0.01998520,31194,96,0
6406.94997807,6406.94951982,3300.58892593,3300.60925884,0.03828968,953.10233420,0.01998520,0.01998520,31193,96,0
6407.15484160,6407.15494547,3309.71041585,3309.70580080,0.05044921,953.01724559,0.01998520,0.01998520,31192,96,0
6407.36005847,6407.36038428,3318.84539810,3318.83090060,0.03971774,952.93036323,0.01998520,0.01998520,31191,96,0
6407.56589876,6407.56583627,3327.99383459,3327.99661909,0.05480448,952.84155481,0.01998520,0.01998520,31190,96,0
6407.77109344,6407.77130143,3337.15568694,3337.14640599,0.05697978,952.75136198,0.01998520,0.01998520,31189,96,0
6407.97702690,6407.97677978,3346.33097989,3346.34202253,0.04135120,952.65916832,0.01998520,0.01998520,31188,96,0
6408.18228111,6408.18227130,3355.52003553,3355.52047454,0.04610282,952.56559807,0.01998520,0.01998520,31187,96,0
6408.38750454,6408.38777600,3364.72326543,3364.71109964,0.04201544,952.47035335,0.01998520,0.01998520,31186,96,0
6408.59316485,6408.59329388,3373.94108366,3373.93529209,0.06816448,952.37320078,0.01998520,0.01998520,31185,96,0
6408.79958717,6408.79882494,3383.17369183,3383.20795815,0.04901430,952.27396245,0.01998520,0.01998520,31184,96,0
6409.00465646,6409.00436918,3392.42082059,3392.43375433,0.03212914,952.17365825,0.01998520,0.01998520,31183,96,0
6409.20992496,6409.20992661,3401.68213550,3401.68206108,0.04337369,952.07154001,0.01998520,0.01998520,31182,96,0
6409.41558741,6409.41549723,3410.95730897,3410.96138071,0.05424306,951.96750014,0.01998520,0.01998520,31181,96,0
6409.62111682,6409.62108103,3420.24625576,3420.24787409,0.03565617,951.86179609,0.01998520,0.01998520,31180,96,0
6409.82618455,6409.82667802,3429.54914374,3429.52679921,0.04627932,951.75459568,0.01998520,0.01998520,31179,96,0
6410.03291712,6410.03228820,3438.86615394,3438.89467372,0.05432011,951.64476289,0.01998520,0.01998520,31178,96,0
6410.23832989,6410.23791157,3448.19747277,3448.21647025,0.05047448,951.53386975,0.01998520,0.01998520,31177,96,0
6410.44351636,6410.44354813,3457.54331758,3457.54187243,0.04132828,951.42133605,0.01998520,0.01998520,31176,96,0
6410.64953464,6410.64919789,3466.90392124,3466.91926101,0.04894943,951.30656360,0.01998520,0.01998520,31175,96,0
6410.85429274,6410.85486084,3476.27951864,3476.25360037,0.03706851,951.19071317,0.01998520,0.01998520,31174,96,0
6411.06077699,6411.06053699,3485.67024191,3485.68120840,0.04283233,951.07207982,0.01998520,0.01998520,31173,96,0
6411.26610598,6411.26622633,3495.07592154,3495.07041409,0.05324698,950.95230620,0.01998520,0.01998520,31172,96,0
6411.47205639,6411.47192888,3504.49633196,3504.50217584,0.02834431,950.83035839,0.01998520,0.01998520,31171,96,0
6411.67770016,6411.67764462,3513.93124526,3513.93379468,0.05974245,950.70677738,0.01998520,0.01998520,31170,96,0
6411.88376050,6411.88337356,3523.38042830,3523.39821340,0.03342997,950.58112295,0.01998520,0.01998520,31169,96,0
6412.08937488,6412.08911571,3532.84364233,3532.85557167,0.05891045,950.45391750,0.01998520,0.01998520,31168,96,0
6412.29456835,6412.29487106,3542.32064600,3542.30669392,0.03745387,950.32515334,0.01998520,0.01998520,31167,96,0
6412.50045723,6412.50063961,3551.81133373,3551.80291597,0.05574793,950.19412083,0.01998520,0.01998520,31166,96,0
6412.70642247,6412.70642137,3561.31656654,3561.31661739,0.03711860,950.06118463,0.01998520,0.01998520,31165,96,0
6412.91224329,6412.91221634,3570.83762737,3570.83887536,0.05168720,949.92646251,0.01998520,0.01998520,31164,96,0
6413.11788999,6413.11802451,3580.37580928,3580.36956912,0.03598061,949.78995163,0.01998520,0.01998520,31163,96,0
6413.32404158,6413.32384590,3589.93165213,3589.94074498,0.04318746,949.65118002,0.01998520,0.01998520,31162,96,0
6413.52989891,6413.52968049,3599.50400173,3599.51416703,0.04012029,949.51069072,0.01998520,0.01998520,31161,96,0
6413.73620498,6413.73552830,3609.09146394,3609.12300272,0.05414410,949.36798694,0.01998520,0.01998520,31160,96,0
6413.94132414,6413.94138933,3618.69274960,3618.68970721,0.05131108,949.22422202,0.01998520,0.01998520,31159,96,0
6414.14642387,6414.14726356,3628.30827743,3628.26902883,0.03868200,949.07858095,0.01998520,0.01998520,31158,96,0
6414.35242131,6414.35315102,3637.93976745,3637.90560208,0.05551506,948.93036651,0.01998520,0.01998520,31157,96,0
6414.55948545,6414.55905169,3647.58898827,3647.60933502,0.04471579,948.77939316,0.01998520,0.01998520,31156,96,0
6414.76553771,6414.76496558,3657.25711011,3657.28399786,0.03769380,948.62714780,0.01998520,0.01998520,31155,96,0
6414.97077892,6414.97089269,3666.94309743,3666.93774163,0.03978554,948.47351542,0.01998520,0.01998520,31154,96,0
6415.17728710,6415.17683302,3676.64540539,3676.66681436,0.05692439,948.31694967,0.01998520,0.01998520,31153,96,0
6415.38346958,6415.38278658,3686.36252626,3686.39477389,0.03443997,948.15866073,0.01998520,0.01998520,31152,96,0
6415.58827058,6415.58875335,3696.09425062,3696.07142271,0.04252905,947.99947935,0.01998520,0.01998520,31151,96,0
6415.79491301,6415.79473336,3705.84173948,3705.85024826,0.04395179,947.83686690,0.01998520,0.01998520,31150,96,0
6416.00109720,6416.00072659,3715.60622987,3715.62381306,0.02971039,947.67258380,0.01998520,0.01998520,31149,96,0
6416.20698427,6416.20673304,3725.38866792,3725.40060821,0.05139452,947.50648779,0.01998520,0.01998520,31148,96,0
6416.41248059,6416.41275273,3735.18860942,3735.17565357,0.04886255,947.33866297,0.01998520,0.01998520,31147,96,0
6416.61843624,6416.61878565,3745.00520193,3744.98854109,0.04944911,947.16841974,0.01998520,0.01998520,31146,96,0
6416.82513065,6416.82483180,3754.83760292,3754.85187494,0.05229239,946.99551542,0.01998520,0.01998520,31145,96,0
6417.03090596,6417.03089118,3764.68553905,3764.68624637,0.04436529,946.82133610,0.01998520,0.01998520,31144,96,0
6417.23691258,6417.23696379,3774.54940585,3774.54695275,0.05271192,946.64490301,0.01998520,0.01998520,31143,96,0
6417.44339415,6417.44304964,3784.42964048,3784.44617026,0.03296680,946.46598052,0.01998520,0.01998520,31142,96,0
6417.64869645,6417.64914873,3794.32664175,3794.30490532,0.04985200,946.28599682,0.01998520,0.01998520,31141,96,0
6417.85504873,6417.85526105,3804.24061591,3804.23039484,0.03751806,946.10298690,0.01998520,0.01998520,31140,96,0
6418.06065878,6418.06138662,3814.17171474,3814.13661846,0.04287934,945.91852374,0.01998520,0.01998520,31139,96,0
6418.26767433,6418.26752542,3824.12008781,3824.12728039,0.03983489,945.73065828,0.01998520,0.01998520,31138,96,0
6418.47340822,6418.47367746,3834.08579704,3834.07277060,0.04358641,945.54181681,0.01998520,0.01998520,31137,96,0
6418.67980249,6418.67984275,3844.06881232,3844.06686112,0.05876430,945.35021779,0.01998520,0.01998520,31136,96,0
6418.88587788,6418.88602129,3854.06909876,3854.06213736,0.05084909,945.15675636,0.01998520,0.01998520,31135,96,0
6419.09275686,6419.09221306,3864.08679650,3864.11323927,0.03955456,944.96035909,0.01998520,0.01998520,31134,96,0
6419.29867614,6419.29841809,3874.12267247,3874.13524300,0.04687347,944.76267785,0.01998520,0.01998520,31133,96,0
6419.50567241,6419.50463636,3884.17764084,3884.22820562,0.05241350,944.56172732,0.01998520,0.01998520,31132,96,0
6419.71115907,6419.71086789,3894.25254314,3894.26678209,0.04862815,944.35999839,0.01998520,0.01998520,31131,96,0
6419.91700752,6419.91711266,3904.34705915,3904.34190877,0.05505145,944.15566850,0.01998520,0.01998520,31130,96,0
6420.12162666,6420.12337068,0.00000000,3914.39011579,0.05842420,943.95002208,0.01998520,0.01998520,31129,96,1
6420.32989240,6420.32964196,3924.59012010,3924.60242913,0.05532773,943.73911115,0.01998520,0.01998520,31128,96,0
6420.53591399,6420.53592649,3934.73708256,3934.73646693,0.04896397,943.52791736,0.01998520,0.01998520,31127,96,0
6420.74216207,6420.74222428,3944.90244391,3944.89937568,0.04626090,943.31422156,0.01998520,0.01998520,31126,96,0
6420.94849335,6420.94853533,3955.08803865,3955.08596382,0.04696668,943.09811802,0.01998520,0.01998520,31125,96,0
6421.15456491,6421.15485963,3965.29531947,3965.28072443,0.04971871,942.87992663,0.01998520,0.01998520,31124,96,0
6421.36116971,6421.36119720,3975.52299969,3975.52163599,0.06041380,942.65881912,0.01998520,0.01998520,31123,96,0
6421.56743309,6421.56754802,3985.76862206,3985.76291116,0.05103250,942.43577079,0.01998520,0.01998520,31122,96,0
6421.77359503,6421.77391211,3996.02978677,3996.01401008,0.03962675,942.21057259,0.01998520,0.01998520,31121,96,0
6421.98017296,6421.98028945,4006.30654860,4006.30074292,0.05655566,941.98264450,0.01998520,0.01998520,31120,96,0
6422.18547437,6422.18668007,4016.60171658,4016.54151685,0.04014888,941.75379722,0.01998520,0.01998520,31119,96,0
6422.39390378,6422.39308395,4026.91827292,4026.95929528,0.03888193,941.51901075,0.01998521,0.01998520,31118,96,0
6422.59974891,6422.59950110,4037.25803809,4037.27046450,0.05378986,941.28465669,0.01998520,0.01998520,31117,96,0
6422.80593294,6422.80593151,4047.61948246,4047.61955437,0.04788565,941.04746968,0.01998520,0.01998520,31116,96,0
6423.01264032,6423.01237520,4058.00046894,4058.01381156,0.04795673,940.80725973,0.01998520,0.01998520,31115,96,0
6423.21914929,6423.21883215,4068.39910180,4068.41508794,0.05212948,940.56489332,0.01998520,0.01998520,31114,96,0
6423.42592560,6423.42530238,4078.81545129,4078.84691903,0.04350784,940.31981108,0.01998521,0.01998520,31113,96,0
nan,nan,0.00000000,-1.00000000,0.00000000,940.07935049,nan,0.00000000,-2147483648,96,1
nan,nan,0.00000000,-1.00000000,0.00000000,934.29704909,nan,0.00000000,-2147483648,95,1
6380.56296539,6380.55960681,0.00000000,7.86412878,0.05986827,934.59763220,0.01998520,0.01998519,31322,95,1
6380.76386202,6380.76334368,13.74665043,13.76187202,0.11049979,934.89929752,0.01998519,0.01998519,31321,95,0
6380.96455729,6380.96709356,0.00000000,19.65668886,0.08093343,935.20017102,0.01998518,0.01998519,31320,95,1
6381.17127947,6381.17085645,25.72080314,25.73324048,0.05772364,935.50964841,0.01998519,0.01998519,31319,95,0
6381.37545245,6381.37463236,31.71391679,31.73804327,0.10986052,935.81480161,0.01998519,0.01998519,31318,95,0
6381.57634261,6381.57842128,37.71112324,37.64993224,0.06027074,936.11458245,0.01998518,0.01998519,31317,95,0
6381.78293289,6381.78222322,43.71238364,43.73328714,0.06491689,936.42238413,0.01998519,0.01998519,31316,95,0
6381.98553023,6381.98603817,49.71756177,49.70259154,0.11671461,936.72375079,0.01998519,0.01998519,31315,95,0
6382.18924037,6382.18986615,55.72651597,55.70806265,0.05029059,937.02627932,0.01998519,0.01998519,31314,95,0
6382.39422998,6382.39370714,61.73910402,61.75452984,0.05244547,937.33020022,0.01998519,0.01998519,31313,95,0
6382.59804459,6382.59756115,67.75518314,67.76945378,0.03626053,937.63186581,0.01998519,0.01998519,31312,95,0
6382.80381333,6382.80142819,0.00000000,73.83830274,0.04656234,937.93555887,0.01998520,0.01998519,31311,95,1
6383.00530653,6383.00530825,79.79751245,79.79746155,0.03083416,938.23310121,0.01998519,0.01998519,31310,95,0
6383.21032050,6383.20920134,85.82399242,85.85708080,0.07954639,938.53498730,0.01998519,0.01998519,31309,95,0
6383.41407787,6383.41310745,91.85423710,91.88294428,0.07026676,938.83451950,0.01998519,0.01998519,31308,95,0
6383.61733321,6383.61702659,97.88841336,97.89748937,0.00625689,939.13282070,0.01998519,0.01998519,31307,95,0
6383.81841413,6383.82095875,0.00000000,103.84946133,0.07213814,939.42736115,0.01998518,0.01998519,31306,95,1
6384.02286826,6384.02490395,109.96919334,109.90886079,0.02901248,939.72654610,0.01998518,0.01998519,31305,95,0
6384.22777280,6384.22886218,116.01592049,115.98361360,0.04229226,940.02580893,0.01998519,0.01998519,31304,95,0
6384.43325185,6384.43283344,122.06683266,122.07924883,0.03721938,940.32541594,0.01998519,0.01998519,31303,95,0
6384.63605001,6384.63681773,128.12189215,128.09909609,0.07618132,940.62062496,0.01998519,0.01998519,31302,95,0
6384.84064211,6384.84081506,134.18106109,134.17592232,0.02460153,940.91794996,0.01998519,0.01998519,31301,95,0
6385.04433602,6385.04482543,140.24430132,140.22975157,0.05731764,941.21347228,0.01998519,0.01998519,31300,95,0
6385.24905494,6385.24884883,146.31156575,146.31769688,0.10440496,941.50997809,0.01998519,0.01998519,31299,95,0
6385.45242065,6385.45288527,152.38279415,152.36896514,0.07318526,941.80401997,0.01998519,0.01998519,31298,95,0
6385.65605892,6385.65693475,158.45792503,158.43184152,0.05612949,942.09794845,0.01998519,0.01998519,31297,95,0
6385.86217672,6385.86099727,164.53689663,164.57204192,0.07303791,942.39493450,0.01998519,0.01998519,31296,95,0
6386.06402729,6386.06507284,170.61964694,170.58847434,0.09044092,942.68525965,0.01998519,0.01998519,31295,95,0
6386.26809536,6386.26916144,176.70612563,176.67432334,0.07641857,942.97825528,0.01998519,0.01998519,31294,95,0
6386.47388992,6386.47326310,182.79641054,182.81512006,0.04577308,943.27320392,0.01998519,0.01998519,31293,95,0
6386.67674316,6386.67737779,188.89065811,188.87170408,0.05221461,943.56342653,0.01998519,0.01998519,31292,95,0
6386.88310923,6386.88150554,194.98902649,195.03695246,0.04027026,943.85816141,0.01998520,0.01998519,31291,95,0
6387.08406274,6387.08564633,201.09167446,201.04431870,0.03085310,944.14467437,0.01998519,0.01998519,31290,95,0
6387.28846606,6387.28980018,207.19876141,207.15883887,0.06820066,944.43561456,0.01998519,0.01998519,31289,95,0
6387.49315566,6387.49396707,213.31038593,213.28608851,0.06063065,944.72646894,0.01998519,0.01998519,31288,95,0
6387.69964016,6387.69814702,219.42643283,219.47117309,0.07082500,945.01936669,0.01998520,0.01998519,31287,95,0
6387.90203379,6387.90234002,225.54673984,225.53755837,0.06414847,945.30595829,0.01998519,0.01998519,31286,95,0
6388.10609233,6388.10654608,231.67114406,231.65753171,0.04685853,945.59439410,0.01998519,0.01998519,31285,95,0
6388.31140924,6388.31076519,237.79948190,237.81881441,0.04781460,945.88407943,0.01998519,0.01998519,31284,95,0
6388.51182682,6388.51499736,0.00000000,243.83948998,0.05702523,946.16647788,0.01998518,0.01998519,31283,95,1
6388.71772775,6388.71924259,250.06744205,250.02192146,0.04485045,946.45576819,0.01998519,0.01998519,31282,95,0
6388.92454454,6388.92350087,256.20714766,256.23852784,0.06189390,946.74594733,0.01998519,0.01998519,31281,95,0
6389.12937750,6389.12777222,262.35083766,262.39913277,0.07109814,947.03280982,0.01998520,0.01998519,31280,95,0
6389.33201416,6389.33205663,268.49864051,268.49736198,0.08129873,947.31607905,0.01998519,0.01998519,31279,95,0
6389.53685279,6389.53635411,274.65068518,274.66570708,0.06226218,947.60190810,0.01998519,0.01998519,31278,95,0
6389.74180396,6389.74066465,280.80708815,280.84142988,0.05061774,947.88737671,0.01998519,0.01998519,31277,95,0
6389.94469796,6389.94498825,286.96787766,286.95912188,0.04420776,948.16947005,0.01998519,0.01998519,31276,95,0
6390.14976817,6390.14932492,293.13304521,293.14642303,0.03585825,948.45407181,0.01998519,0.01998519,31275,95,0
6390.35214571,6390.35367467,299.30258209,299.25640658,0.05929930,948.73442505,0.01998519,0.01998519,31274,95,0
6390.55713023,6390.55803748,305.47647957,305.44906252,0.06863694,949.01786994,0.01998519,0.01998519,31273,95,0
6390.75865192,6390.76241336,0.00000000,311.54968065,0.07140079,949.29641144,0.01998518,0.01998519,31272,95,1
6390.96814737,6390.96680231,317.83732938,317.87802947,0.02622785,949.58462627,0.01998520,0.01998519,31271,95,0
6391.17030560,6391.17120434,324.02429561,323.99708313,0.03709524,949.86260767,0.01998519,0.01998519,31270,95,0
6391.37477239,6391.37561944,330.21564418,330.18998031,0.06248107,950.14324157,0.01998519,0.01998519,31269,95,0
6391.58000449,6391.58004762,336.41139169,336.41008406,0.05449726,950.42439742,0.01998519,0.01998519,31268,95,0
6391.78690251,6391.78448888,342.61155482,342.68477784,0.06029672,950.70729892,0.01998520,0.01998519,31267,95,0
6391.98802459,6391.98894321,348.81614568,348.78825919,0.05330844,950.98178556,0.01998519,0.01998519,31266,95,0
6392.19206904,6392.19341063,355.02512700,354.98437460,0.03020256,951.25973654,0.01998519,0.01998519,31265,95,0
6392.39833528,6392.39789112,361.23843150,361.25193177,0.05799704,951.54017319,0.01998519,0.01998519,31264,95,0
6392.60313898,6392.60238470,367.45599122,367.47893186,0.06627184,951.81807896,0.01998520,0.01998519,31263,95,0
6392.80601044,6392.80689136,373.67773788,373.65092919,0.03689212,952.09282559,0.01998519,0.01998519,31262,95,0
6393.01138390,6393.01141111,379.90360301,379.90277445,0.05543741,952.37041176,0.01998519,0.01998519,31261,95,0
6393.21495096,6393.21594394,386.13355661,386.10330191,0.04594555,952.64500876,0.01998519,0.01998519,31260,95,0
6393.42046107,6393.42048986,392.36766663,392.36678882,0.04121222,952.92167552,0.01998519,0.01998519,31259,95,0
6393.62439464,6393.62504887,398.60601660,398.58605847,0.06074016,953.19567472,0.01998519,0.01998519,31258,95,0
6393.82821890,6393.82962097,404.84869038,404.80589169,0.04324252,953.46898679,0.01998519,0.01998519,31257,95,0
6394.03397303,6394.03420616,411.09577220,411.08865106,0.04177950,953.74434119,0.01998519,0.01998519,31256,95,0
6394.24085783,6394.23880444,417.34734231,417.41010512,0.06208838,954.02065835,0.01998520,0.01998519,31255,95,0
6394.44296864,6394.44341582,423.60342629,423.58974911,0.05451176,954.29006610,0.01998519,0.01998519,31254,95,0
6394.64851776,6394.64804029,429.86401181,429.87862512,0.04914114,954.56351454,0.01998520,0.01998519,31253,95,0
6394.85292683,6394.85267786,436.12908568,436.13671055,0.02835294,954.83490182,0.01998519,0.01998519,31252,95,0
6395.05809112,6395.05732852,442.39863468,442.42200466,0.06490732,955.10674382,0.01998520,0.01998519,31251,95,0
6395.26365065,6395.26199229,448.67264553,448.72349971,0.04950731,955.37855694,0.01998520,0.01998519,31250,95,0
6395.46606898,6395.46666915,454.95110918,454.93269302,0.03604001,955.64567415,0.01998519,0.01998519,31249,95,0
6395.67074615,6395.67135911,461.23402765,461.21520682,0.03517548,955.91522380,0.01998519,0.01998519,31248,95,0
6395.87628274,6395.87606218,467.52140475,467.52818150,0.06198595,956.18534907,0.01998520,0.01998519,31247,95,0
6396.08080902,6396.08077835,473.81324432,473.81418722,0.03050160,956.45359206,0.01998520,0.01998519,31246,95,0
6396.28506205,6396.28550763,480.10955017,480.09584251,0.01830276,956.72092345,0.01998519,0.01998519,31245,95,0
6396.49086582,6396.49025001,486.41032105,486.42927814,0.07186238,956.98972380,0.01998520,0.01998519,31244,95,0
6396.69424962,6396.69500550,492.71549830,492.69221487,0.04826123,957.25480671,0.01998519,0.01998519,31243,95,0
6396.89990204,6396.89977409,499.02498680,499.02893035,0.01320869,957.52227828,0.01998520,0.01998519,31242,95,0
6397.10361041,6397.10455580,505.33869043,505.30953423,0.05526054,957.78665285,0.01998519,0.01998519,31241,95,0
6397.30941393,6397.30935062,511.65651267,511.65846622,0.05390926,958.05316647,0.01998520,0.01998519,31240,95,0
6397.51410087,6397.51415855,517.97835728,517.97657632,0.04898017,958.31765056,0.01998520,0.01998519,31239,95,0
6397.71876084,6397.71897960,524.30424211,524.29748387,0.07191965,958.58151739,0.01998520,0.01998519,31238,95,0
6397.92323720,6397.92381376,530.63442397,530.61660024,0.05934865,958.84457528,0.01998519,0.01998519,31237,95,0
6398.12899405,6398.12866104,536.96919064,536.97949236,0.05415650,959.10871384,0.01998520,0.01998519,31236,95,0
6398.33383913,6398.33352143,543.30883115,543.31866636,0.07096781,959.37112777,0.01998520,0.01998519,31235,95,0
6398.53687645,6398.53839494,549.65363576,549.60659069,0.06261399,959.63069052,0.01998519,0.01998519,31234,95,0
6398.74324782,6398.74328158,556.00384296,556.00279643,0.02658157,959.89397752,0.01998520,0.01998519,31233,95,0
6398.94964663,6398.94818133,562.35929298,562.40475937,0.05104232,960.15674862,0.01998520,0.01998519,31232,95,0
6399.15414100,6399.15309421,568.71964350,568.75214616,0.04900149,960.41653603,0.01998520,0.01998520,31231,95,0
6399.35788854,6399.35802021,575.08454980,575.08045906,0.04084432,960.67480576,0.01998520,0.01998520,31230,95,0
6399.56371978,6399.56295933,581.45366564,581.47730538,0.05090499,960.93512458,0.01998520,0.01998520,31229,95,0
6399.76928810,6399.76791159,587.82664986,587.86946370,0.04320900,961.19450159,0.01998520,0.01998520,31228,95,0
6399.97260527,6399.97287697,594.20343915,594.19498388,0.04242536,961.45043558,0.01998520,0.01998520,31227,95,0
6400.17670899,6400.17785547,600.58434677,600.54864613,0.04523230,961.70676819,0.01998519,0.01998520,31226,95,0
6400.38288354,6400.38284711,606.96971397,606.97084893,0.04712331,961.96511234,0.01998520,0.01998520,31225,95,0
6400.58805228,6400.58785188,613.35988351,613.36613241,0.05958523,962.22162070,0.01998520,0.01998520,31224,95,0
6400.79296641,6400.79286979,619.75519962,619.75821470,0.05628739,962.47724993,0.01998520,0.01998520,31223,95,0
6400.99752592,6400.99790082,626.15590153,626.14419309,0.03255789,962.73188564,0.01998520,0.01998520,31222,95,0
6401.20184158,6401.20294500,632.56180122,632.52731661,0.05434029,962.98565900,0.01998519,0.01998520,31221,95,0
6401.40865456,6401.40800230,638.97260217,638.99300092,0.03569545,963.24195181,0.01998520,0.01998520,31220,95,0
6401.61242096,6401.61307275,645.38800658,645.36760960,0.05530144,963.49388288,0.01998519,0.01998520,31219,95,0
6401.81878255,6401.81815634,651.80771529,651.82732321,0.05090447,963.74841613,0.01998520,0.01998520,31218,95,0
6402.02299346,6402.02325306,658.23145492,658.22332191,0.04270168,963.99968385,0.01998520,0.01998520,31217,95,0
6402.22778726,6402.22836293,664.65930901,664.64126291,0.06469426,964.25105853,0.01998519,0.01998520,31216,95,0
6402.43389313,6402.43348594,671.09161478,671.10438792,0.01555543,964.50343865,0.01998520,0.01998520,31215,95,0
6402.63822966,6402.63862209,677.52871630,677.51639762,0.04740434,964.75306489,0.01998520,0.01998520,31214,95,0
6402.84394983,6402.84377139,683.97095917,683.97656494,0.03820327,965.00380261,0.01998520,0.01998520,31213,95,0
6403.04920285,6403.04893384,690.41868784,690.42714565,0.05160463,965.25340378,0.01998520,0.01998520,31212,95,0
6403.25413253,6403.25410943,696.87201807,696.87274494,0.03574677,965.50204924,0.01998520,0.01998520,31211,95,0
6403.45924113,6403.45929817,703.33066201,703.32886595,0.05532592,965.75033608,0.01998520,0.01998520,31210,95,0
6403.66442949,6403.66450007,709.79428952,709.79206565,0.04603316,965.99812881,0.01998520,0.01998520,31209,95,0
6403.87106967,6403.86971511,716.26256899,716.30527746,0.06255762,966.24706331,0.01998520,0.01998520,31208,95,0
6404.07566990,6404.07494331,722.73516730,722.75808958,0.04233097,966.49292155,0.01998520,0.01998520,31207,95,0
6404.28083210,6404.28018466,729.21184190,729.23227882,0.03794675,966.73882629,0.01998520,0.01998520,31206,95,0
6404.48513681,6404.48543916,735.69276041,735.68321065,0.06406767,966.98308260,0.01998520,0.01998520,31205,95,0
6404.69043289,6404.69070683,742.17820604,742.16954794,0.03990556,967.22790953,0.01998520,0.01998520,31204,95,0
6404.89474208,6404.89598765,748.66846326,748.62906888,0.04538346,967.47095705,0.01998519,0.01998520,31203,95,0
6405.10097500,6405.10128163,755.16381782,755.15411270,0.03335397,967.71569264,0.01998520,0.01998520,31202,95,0
6405.30659344,6405.30658877,761.66453654,761.66468461,0.06811029,967.95910685,0.01998520,0.01998520,31201,95,0
6405.51251852,6405.51190907,768.17064731,768.18996658,0.03926882,968.20229072,0.01998520,0.01998520,31200,95,0
6405.71712752,6405.71724254,774.68202062,774.67837188,0.05841623,968.44332572,0.01998520,0.01998520,31199,95,0
6405.92173895,6405.92258917,781.19852362,781.17153322,0.01596670,968.68376424,0.01998519,0.01998520,31198,95,0
6406.12804831,6406.12794896,787.72002284,787.72317884,0.06498347,968.92558452,0.01998520,0.01998520,31197,95,0
6406.33378250,6406.33332193,794.24638605,794.26102727,0.07428797,969.16611066,0.01998520,0.01998520,31196,95,0
6406.53877495,6406.53870806,800.77756245,800.77969036,0.02457365,969.40515042,0.01998520,0.01998520,31195,95,0
6406.74450871,6406.74410735,807.31361352,807.32638958,0.06434113,969.64443386,0.01998520,0.01998520,31194,95,0
6406.94929585,6406.94951982,813.85460923,813.84747456,0.03196138,969.88199965,0.01998520,0.01998520,31193,95,0
6407.15516713,6407.15494547,820.40061982,820.40768583,0.04812015,970.12020391,0.01998520,0.01998520,31192,95,0
6407.36108450,6407.36038428,826.95171586,826.97405265,0.03607173,970.35784135,0.01998520,0.01998520,31191,95,0
6407.56512758,6407.56583627,833.50794962,833.48532638,0.04504630,970.59270423,0.01998519,0.01998520,31190,95,0
6407.77150107,6407.77130143,840.06932132,840.07569885,0.03637280,970.82962857,0.01998520,0.01998520,31189,95,0
6407.97645602,6407.97677978,846.63582208,846.62547199,0.04632636,971.06430434,0.01998520,0.01998520,31188,95,0
6408.18227294,6408.18227130,853.20744294,853.20749537,0.03822060,971.29934325,0.01998520,0.01998520,31187,95,0
6408.38710695,6408.38777600,859.78417489,859.76275591,0.06154192,971.53263703,0.01998520,0.01998520,31186,95,0
6408.59392076,6408.59329388,866.36602844,866.38611221,0.05117256,971.76755414,0.01998520,0.01998520,31185,95,0
6408.79824683,6408.79882494,872.95312673,872.93459181,0.01889561,971.99902491,0.01998520,0.01998520,31184,95,0
6409.00412983,6409.00436918,879.54563365,879.53795399,0.04715449,972.23163963,0.01998520,0.01998520,31183,95,0
6409.20897989,6409.20992661,886.14371388,886.11331347,0.03445843,972.46247370,0.01998519,0.01998520,31182,95,0
6409.41513133,6409.41549723,892.74753288,892.73577396,0.05919546,972.69416028,0.01998520,0.01998520,31181,95,0
6409.62461151,6409.62108103,0.00000000,899.47813870,0.05391733,972.92921591,0.01998521,0.01998520,31180,95,1
6409.82567513,6409.82667802,905.97266310,905.94038107,0.03899307,973.15372382,0.01998520,0.01998520,31179,95,0
6410.03199866,6410.03228820,912.59348555,912.58415867,0.03906564,973.38374065,0.01998520,0.01998520,31178,95,0
6410.23827043,6410.23791157,919.21935483,919.23092240,0.05656787,973.61305142,0.01998520,0.01998520,31177,95,0
6410.44394248,6410.44354813,925.84992454,925.86264389,0.03430516,973.84103641,0.01998520,0.01998520,31176,95,0
6410.64929499,6410.64919789,932.48485864,932.48799227,0.05334524,974.06799757,0.01998520,0.01998520,31175,95,0
6410.85436240,6410.85486084,939.12414700,939.10805095,0.04093781,974.29397419,0.01998520,0.01998520,31174,95,0
6411.06029096,6411.06053699,945.76813815,945.76018810,0.05948552,974.52023699,0.01998520,0.01998520,31173,95,0
6411.26691262,6411.26622633,952.41720050,952.43939352,0.05144085,974.74660479,0.01998520,0.01998520,31172,95,0
6411.47220849,6411.47192888,959.07170424,959.08075342,0.02825329,974.97087957,0.01998520,0.01998520,31171,95,0
6411.67783144,6411.67764462,965.73201860,965.73806969,0.05602160,975.19488224,0.01998520,0.01998520,31170,95,0
6411.88233615,6411.88337356,972.39828995,972.36466098,0.06226493,975.41704481,0.01998520,0.01998520,31169,95,0
6412.08891140,6412.08911571,979.07027364,979.06364569,0.03761735,975.64081684,0.01998520,0.01998520,31168,95,0
6412.29486835,6412.29487106,985.74768454,985.74759677,0.05918731,975.86326745,0.01998520,0.01998520,31167,95,0
6412.50045855,6412.50063961,992.43023613,992.42435399,0.03998267,976.08466169,0.01998520,0.01998520,31166,95,0
6412.70629177,6412.70642137,999.11764074,999.11342786,0.02485459,976.30564559,0.01998520,0.01998520,31165,95,0
6412.91159199,6412.91221634,1005.80973285,1005.78942361,0.05665703,976.52538038,0.01998520,0.01998520,31164,95,0
6413.11834525,6413.11802451,1012.50667762,1012.51711807,0.04985222,976.74599107,0.01998520,0.01998520,31163,95,0
6413.32464405,6413.32384590,1019.20869597,1019.23469509,0.05787140,976.96544299,0.01998520,0.01998520,31162,95,0
6413.52948205,6413.52968049,1025.91600987,1025.90954088,0.03138154,977.18268049,0.01998520,0.01998520,31161,95,0
6413.73591424,6413.73552830,1032.62884237,1032.64143296,0.05751131,977.40094829,0.01998520,0.01998520,31160,95,0
6413.94110629,6413.94138933,1039.34735867,1039.33811795,0.06373832,977.61725128,0.01998520,0.01998520,31159,95,0
6414.14750727,6414.14726356,1046.07149070,1046.07945335,0.06640397,977.83416716,0.01998520,0.01998520,31158,95,0
6414.35406175,6414.35315102,1052.80111188,1052.83089116,0.03875598,978.05057420,0.01998520,0.01998520,31157,95,0
6414.55952286,6414.55905169,1059.53609500,1059.55151262,0.04531442,978.26516467,0.01998520,0.01998520,31156,95,0
6414.76557823,6414.76496558,1066.27631222,1066.29637325,0.06441651,978.47969776,0.01998520,0.01998520,31155,95,0
6414.97127745,6414.97089269,1073.02165702,1073.03426458,0.02420387,978.69317768,0.01998520,0.01998520,31154,95,0
6415.17603220,6415.17683302,1079.77214471,1079.74588546,0.06590602,978.90499907,0.01998520,0.01998520,31153,95,0
6415.38267898,6415.38278658,1086.52783307,1086.52430231,0.04188128,979.11809169,0.01998520,0.01998520,31152,95,0
6415.58900172,6415.58875335,1093.28878016,1093.29693586,0.05223917,979.33016259,0.01998520,0.01998520,31151,95,0
6415.79427730,6415.79473336,1100.05504434,1100.04005796,0.03133423,979.54047536,0.01998520,0.01998520,31150,95,0
6415.99987557,6416.00072659,1106.82669807,1106.79871214,0.06686582,979.75043751,0.01998520,0.01998520,31149,95,0
6416.20668377,6416.20673304,1113.60391648,1113.60229487,0.03778794,979.96095106,0.01998520,0.01998520,31148,95,0
6416.41286147,6416.41275273,1120.38692152,1120.39050302,0.04654739,980.17014467,0.01998520,0.01998520,31147,95,0
6416.61936008,6416.61878565,1127.17593646,1127.19487271,0.06030243,980.37899010,0.01998520,0.01998520,31146,95,0
6416.82498343,6416.82483180,1133.97118564,1133.97618855,0.02213454,980.58628502,0.01998520,0.01998520,31145,95,0
6417.03072755,6417.03089118,1140.77285718,1140.76745383,0.06103694,980.79304079,0.01998520,0.01998520,31144,95,0
6417.23744459,6417.23696379,1147.58079198,1147.59668248,0.04955117,981.00010136,0.01998520,0.01998520,31143,95,0
6417.44267752,6417.44304964,1154.39464065,1154.38233257,0.04563369,981.20499549,0.01998520,0.01998520,31142,95,0
6417.64949556,6417.64914873,1161.21405014,1161.22553028,0.04674859,981.41077413,0.01998520,0.01998520,31141,95,0
6417.85573773,6417.85526105,1168.03866560,1168.05445420,0.02195817,981.61526950,0.01998520,0.01998520,31140,95,0
6418.06100935,6418.06138662,1174.86816947,1174.85566569,0.06338681,981.81808709,0.01998520,0.01998520,31139,95,0
6418.26733456,6418.26752542,1181.70267332,1181.69634303,0.04669439,982.02122803,0.01998520,0.01998520,31138,95,0
6418.47323452,6418.47367746,1188.54255664,1188.52785471,0.03942026,982.22324253,0.01998520,0.01998520,31137,95,0
6418.67971266,6418.67984275,1195.38820478,1195.38388329,0.04622035,982.42512377,0.01998520,0.01998520,31136,95,0
6418.88646888,6418.88602129,1202.24000505,1202.25488611,0.05996268,982.62658338,0.01998520,0.01998520,31135,95,0
6419.09214657,6419.09221306,1209.09831683,1209.09610394,0.05947690,982.82631181,0.01998520,0.01998520,31134,95,0
6419.29886360,6419.29841809,1215.96313772,1215.97797582,0.03366793,983.02636352,0.01998520,0.01998520,31133,95,0
6419.50496324,6419.50463636,1222.83422254,1222.84511842,0.05337000,983.22512371,0.01998520,0.01998520,31132,95,0
6419.71145620,6419.71086789,1229.71132045,1229.73094654,0.04982205,983.42355881,0.01998520,0.01998520,31131,95,0
6419.91679640,6419.91711266,1236.59417930,1236.58362092,0.04824022,983.62017768,0.01998520,0.01998520,31130,95,0
6420.12276005,6420.12337068,1243.48256379,1243.46216296,0.04615325,983.81667520,0.01998520,0.01998520,31129,95,0
6420.33002013,6420.32964196,1250.37646336,1250.38910717,0.04305874,984.01368112,0.01998520,0.01998520,31128,95,0
6420.53595552,6420.53592649,1257.27602075,1257.27699194,0.04563585,984.20870624,0.01998520,0.01998520,31127,95,0
6420.74239254,6420.74222428,1264.18138232,1264.18701659,0.05888028,984.40348662,0.01998520,0.01998520,31126,95,0
6420.94817931,6420.94853533,1271.09269517,1271.08076400,0.06120886,984.59693828,0.01998520,0.01998520,31125,95,0
6421.15475299,6421.15485963,1278.01009775,1278.00652098,0.02063579,984.79041330,0.01998520,0.01998520,31124,95,0
6421.36089327,6421.36119720,1284.93361865,1284.92341636,0.06667639,984.98276557,0.01998520,0.01998520,31123,95,0
6421.56698560,6421.56754802,1291.86321447,1291.84432004,0.06284078,985.17435393,0.01998520,0.01998520,31122,95,0
6421.77374717,6421.77391211,1298.79884035,1298.79329477,0.03991656,985.36583847,0.01998520,0.01998520,31121,95,0
6421.98028598,6421.98028945,1305.74045119,1305.74033426,0.04897346,985.55638738,0.01998520,0.01998520,31120,95,0
6422.18649717,6422.18668007,1312.68800081,1312.68184173,0.04711633,985.74590347,0.01998520,0.01998520,31119,95,0
6422.39379888,6422.39308395,1319.64143428,1319.66552851,0.04796423,985.93568240,0.01998521,0.01998520,31118,95,0
6422.59931889,6422.59950110,1326.60069136,1326.59454585,0.03707848,986.12309475,0.01998520,0.01998520,31117,95,0
6422.80597010,6422.80593151,1333.56571140,1333.56701395,0.04386433,986.31079661,0.01998520,0.01998520,31116,95,0
6423.01193271,6423.01237520,1340.53643345,1340.52148698,0.03645376,986.49712901,0.01998520,0.01998520,31115,95,0
6423.21886907,6423.21883215,1347.51281671,1347.51406471,0.04065204,986.68359123,0.01998520,0.01998520,31114,95,0
6423.42511392,6423.42530238,1354.49499508,1354.48861931,0.04202347,986.86868279,0.01998520,0.01998520,31113,95,0
6423.63213873,6423.63178589,1361.48319169,1361.49513820,0.03236993,987.05372760,0.01998520,0.01998520,31112,95,0
6423.83866847,6423.83828266,1368.47763147,1368.49070503,0.03774704,987.23758826,0.01998520,0.01998520,31111,95,0
6424.04561063,6424.04479272,1375.47854056,1375.50628110,0.03163899,987.42107679,0.01998521,0.01998520,31110,95,0
6424.25208369,6424.25131605,1382.48610638,1382.51216484,0.03985179,987.60341442,0.01998521,0.01998520,31109,95,0
6424.45776636,6424.45785266,1389.50025360,1389.49732158,0.04337998,987.78431983,0.01998520,0.01998520,31108,95,0
6424.66475090,6424.66440255,1396.52079929,1396.53264468,0.04516175,987.96562343,0.01998520,0.01998520,31107,95,0
6424.87114462,6424.87096572,1403.54755927,1403.55364768,0.02921820,988.14565653,0.01998520,0.01998520,31106,95,0
6425.07750585,6425.07754217,1410.58034831,1410.57911122,0.04100106,988.32490263,0.01998520,0.01998520,31105,95,0
6425.28379340,6425.28413191,1417.61900892,1417.60747145,0.04307019,988.50332044,0.01998520,0.01998520,31104,95,0
6425.49071645,6425.49073493,1424.66352254,1424.66289216,0.03075523,988.68151765,0.01998520,0.01998520,31103,95,0
6425.69669918,6425.69735124,1431.71391301,1431.69165405,0.04642919,988.85813742,0.01998520,0.01998520,31102,95,0
6425.90356001,6425.90398084,1438.77020428,1438.75582775,0.05217937,989.03473783,0.01998520,0.01998520,31101,95,0
6426.11032560,6426.11062372,1445.83242044,1445.82222787,0.04295677,989.21048201,0.01998520,0.01998520,31100,95,0
6426.31729948,6426.31727990,1452.90065307,1452.90132305,0.06182983,989.38562748,0.01998520,0.01998520,31099,95,0
6426.52420244,6426.52394936,1459.97522270,1459.98388972,0.06614977,989.55994292,0.01998520,0.01998520,31098,95,0
6426.73089592,6426.73063212,1467.05649996,1467.06554227,0.05759950,989.73331994,0.01998520,0.01998520,31097,95,0
6426.93752582,6426.93732818,1474.14485745,1474.15163851,0.05837471,989.90588906,0.01998520,0.01998520,31096,95,0
6427.14443417,6427.14403753,1481.24066853,1481.25429119,0.04494989,990.07794123,0.01998520,0.01998520,31095,95,0
6427.35105521,6427.35076017,1488.34403956,1488.35418245,0.04330233,990.24900584,0.01998520,0.01998520,31094,95,0
6427.55765074,6427.55749612,1495.45447242,1495.45979269,0.03463962,990.41928668,0.01998520,0.01998520,31093,95,0
6427.76433420,6427.76424536,1502.57138368,1502.57444314,0.03529618,990.58886050,0.01998520,0.01998520,31092,95,0
6427.97106315,6427.97100790,1509.69418673,1509.69609054,0.04562408,990.75767551,0.01998520,0.01998520,31091,95,0
6428.17776778,6428.17778375,1516.82230051,1516.82174979,0.05442901,990.92565885,0.01998520,0.01998520,31090,95,0
6428.38476542,6428.38457290,1523.95557704,1523.96222049,0.06775533,991.09306145,0.01998521,0.01998520,31089,95,0
6428.59187320,6428.59137535,1531.09449703,1531.11168973,0.05629321,991.25974242,0.01998521,0.01998520,31088,95,0
6428.79837902,6428.79819111,1538.23959284,1538.24608744,0.04604531,991.42514182,0.01998521,0.01998520,31087,95,0
6429.00485022,6429.00502018,1545.39139969,1545.38552017,0.03793482,991.58972779,0.01998520,0.01998521,31086,95,0
6429.21216726,6429.21186255,1552.55043346,1552.56098479,0.02840319,991.75420688,0.01998521,0.01998521,31085,95,0
6429.41845963,6429.41871823,1559.71679351,1559.70783025,0.04294658,991.91709572,0.01998520,0.01998521,31084,95,0
6429.62582599,6429.62558723,1566.89020632,1566.89848948,0.06190523,992.08004224,0.01998521,0.01998521,31083,95,0
6429.83213901,6429.83246953,1574.07038382,1574.05890772,0.05754498,992.24136565,0.01998520,0.01998521,31082,95,0
6430.03970615,6430.03936515,1581.25703632,1581.26888605,0.04054229,992.40286010,0.01998521,0.01998521,31081,95,0
6430.24628431,6430.24627409,1588.44990787,1588.45026359,0.02893392,992.56277079,0.01998520,0.01998521,31080,95,0
6430.45223409,6430.45319634,1595.64904883,1595.61555699,0.04289303,992.72138526,0.01998520,0.01998521,31079,95,0
6430.66032994,6430.66013190,1602.85466837,1602.86156712,0.06300627,992.88083363,0.01998521,0.01998521,31078,95,0
6430.86766510,6430.86708079,1610.06697809,1610.08735065,0.04850862,993.03888275,0.01998521,0.01998521,31077,95,0
6431.07473420,6431.07404299,1617.28619076,1617.31031252,0.04824409,993.19591790,0.01998521,0.01998521,31076,95,0
6431.28134257,6431.28101852,1624.51246765,1624.52378654,0.02785559,993.35179663,0.01998521,0.01998521,31075,95,0
6431.48810911,6431.48800737,1631.74574480,1631.74930176,0.03655375,993.50698367,0.01998521,0.01998521,31074,95,0
6431.69551817,6431.69500954,1638.98589715,1639.00369482,0.05694773,993.66183259,0.01998521,0.01998521,31073,95,0
6431.90217893,6431.90202504,1646.23279895,1646.23818841,0.04397461,993.81530045,0.01998521,0.01998521,31072,95,0
6432.10897186,6432.10905386,1653.48632429,1653.48345013,0.03015979,993.96803967,0.01998521,0.01998521,31071,95,0
6432.31599426,6432.31609601,1660.74643917,1660.74286954,0.03928335,994.12011678,0.01998521,0.01998521,31070,95,0
6432.52331204,6432.52315149,1668.01330261,1668.01893974,0.06175731,994.27157792,0.01998521,0.01998521,31069,95,0
6432.73100012,6432.73022030,1675.28709870,1675.31450423,0.03971872,994.42247512,0.01998521,0.01998521,31068,95,0
6432.93737543,6432.93730244,1682.56801256,1682.57057999,0.03693803,994.57159243,0.01998521,0.01998521,31067,95,0
6433.14476429,6433.14439791,1689.85622281,1689.86912272,0.05646996,994.72061352,0.01998521,0.01998521,31066,95,0
6433.35202508,6433.35150672,1697.15172989,1697.16999783,0.04243465,994.86871003,0.01998521,0.01998521,31065,95,0
6433.55895823,6433.55862886,1704.45435162,1704.46596952,0.03633587,995.01573572,0.01998521,0.01998521,31064,95,0
6433.76580845,6433.76576434,1711.76389657,1711.76545375,0.04018500,995.16186051,0.01998521,0.01998521,31063,95,0
6433.97264466,6433.97291316,1719.08017220,1719.07068520,0.05907152,995.30712731,0.01998521,0.01998521,31062,95,0
6434.18075809,6434.18007531,1726.40301559,1726.42716085,0.03076524,995.45242946,0.01998521,0.01998521,31061,95,0
6434.38696223,6434.38725081,1733.73250340,1733.72228950,0.03855248,995.59554515,0.01998521,0.01998521,31060,95,0
6434.59411443,6434.59443965,1741.06882582,1741.05730513,0.06156835,995.73846472,0.01998521,0.01998521,31059,95,0
6434.80136674,6434.80164183,1748.41217478,1748.40242124,0.03043921,995.88059782,0.01998521,0.01998521,31058,95,0
6435.00931780,6435.00885735,1755.76274326,1755.77908464,0.03307235,996.02235110,0.01998521,0.01998521,31057,95,0
6435.21618264,6435.21608622,1763.12067235,1763.12409734,0.05333942,996.16251018,0.01998521,0.01998521,31056,95,0
6435.42295304,6435.42332844,1770.48594363,1770.47259599,0.02914981,996.30175124,0.01998521,0.01998521,31055,95,0
6435.63049784,6435.63058400,1777.85850830,1777.85544185,0.05513419,996.44065145,0.01998521,0.01998521,31054,95,0
6435.83819723,6435.83785292,1785.23831727,1785.25058226,0.03603400,996.57878655,0.01998521,0.01998521,31053,95,0
6436.04505505,6436.04513518,1792.62532128,1792.62246452,0.03550516,996.71549468,0.01998521,0.01998521,31052,95,0
6436.25225750,6436.25243080,1800.01947492,1800.01329081,0.05400346,996.85155937,0.01998521,0.01998521,31051,95,0
6436.46003384,6436.45973977,1807.42073754,1807.43124112,0.03415945,996.98712191,0.01998521,0.01998521,31050,95,0
6436.66724382,6436.66706209,1814.82906857,1814.83556524,0.05508759,997.12143490,0.01998521,0.01998521,31049,95,0
6436.87454777,6436.87439777,1822.24442714,1822.24979405,0.03666298,997.25492598,0.01998521,0.01998521,31048,95,0
6437.08143121,6437.08174681,1829.66678496,1829.65548272,0.03790881,997.38726279,0.01998521,0.01998521,31047,95,0
6437.28906258,6437.28910920,1837.09621475,1837.09454361,0.05220882,997.51918928,0.01998521,0.01998521,31046,95,0
6437.49610939,6437.49648496,1844.53283771,1844.51936349,0.03447887,997.64985722,0.01998521,0.01998521,31045,95,0
6437.70414048,6437.70387408,1851.97677604,1851.98634271,0.05990749,997.78025353,0.01998521,0.01998521,31044,95,0
6437.91116876,6437.91127655,1859.42815266,1859.42427802,0.03121334,997.90913214,0.01998521,0.01998521,31043,95,0
6438.11847838,6438.11869240,1866.88709345,1866.87939355,0.05886900,998.03729643,0.01998521,0.01998521,31042,95,0
6438.32625365,6438.32612160,1874.35373082,1874.35848644,0.04545958,998.16485490,0.01998521,0.01998521,31041,95,0
6438.53407555,6438.53356418,1881.82819883,1881.84663367,0.06117663,998.29154630,0.01998521,0.01998521,31040,95,0
6438.74084527,6438.74102012,1889.31063234,1889.30432274,0.03698500,998.41670652,0.01998521,0.01998521,31039,95,0
6438.94848816,6438.94848942,1896.80115334,1896.80110754,0.05588190,998.54150114,0.01998521,0.01998521,31038,95,0
6439.15633058,6439.15597210,1904.29963265,1904.31259434,0.02676518,998.66551309,0.01998521,0.01998521,31037,95,0
6439.36372327,6439.36346815,1911.80571866,1911.81495181,0.05347632,998.78834781,0.01998521,0.01998521,31036,95,0
6439.57145709,6439.57097758,1919.31905005,1919.33641929,0.03753015,998.91046564,0.01998521,0.01998521,31035,95,0
6439.77867921,6439.77850037,1926.83926329,1926.84574652,0.05548426,999.03135781,0.01998521,0.01998521,31034,95,0
6439.98605124,6439.98603654,1934.36612038,1934.36665364,0.02865006,999.15140631,0.01998521,0.01998521,31033,95,0
6440.19413058,6440.19358609,1941.89994851,1941.91972188,0.05079514,999.27093070,0.01998521,0.01998521,31032,95,0
6440.40118427,6440.40114902,1949.44123387,1949.44251527,0.03284606,999.38894259,0.01998521,0.01998521,31031,95,0
6440.60887592,6440.60872532,1956.99046559,1956.99594524,0.05362843,999.50639746,0.01998521,0.01998521,31030,95,0
6440.81594829,6440.81631501,1964.54812529,1964.53476699,0.02879752,999.62258849,0.01998521,0.01998521,31029,95,0
6441.02387678,6441.02391807,1972.11429870,1972.11279306,0.05203247,999.73833999,0.01998521,0.01998521,31028,95,0
6441.23118610,6441.23153452,1979.68855828,1979.67584109,0.02880699,999.85281939,0.01998521,0.01998521,31027,95,0
6441.43864458,6441.43916436,1987.27044000,1987.25145091,0.05724582,999.96644405,0.01998521,0.01998521,31026,95,0
6441.64714558,6441.64680758,1994.85947694,1994.87183567,0.05721577,1000.07968529,0.01998521,0.01998521,31025,95,0
6441.85449009,6441.85446418,2002.45527654,2002.45622471,0.02612084,1000.19134102,0.01998521,0.01998521,31024,95,0
6442.06249559,6442.06213418,2010.05791351,2010.07115017,0.04851605,1000.30239188,0.01998521,0.01998521,31023,95,0
6442.27004454,6442.26981756,2017.66763950,2017.67595998,0.03042238,1000.41224082,0.01998521,0.01998521,31022,95,0
6442.47732321,6442.47751434,2025.28470801,2025.27769542,0.05176338,1000.52099230,0.01998521,0.01998521,31021,95,0
6442.68566602,6442.68522450,2032.90937425,2032.92558921,0.05141710,1000.62934171,0.01998521,0.01998521,31020,95,0
6442.89258681,6442.89294806,2040.54190477,2040.52862464,0.02463611,1000.73599936,0.01998521,0.01998521,31019,95,0
6443.10069295,6443.10068502,2048.18258257,2048.18287449,0.04946286,1000.84231167,0.01998521,0.01998521,31018,95,0
6443.30859373,6443.30843536,2055.83169359,2055.83752744,0.04920024,1000.94756218,0.01998521,0.01998521,31017,95,0
6443.51607096,6443.51619911,2063.48952556,2063.48479955,0.03013738,1001.05164533,0.01998521,0.01998521,31016,95,0
6443.72352534,6443.72397626,2071.15631726,2071.13966968,0.05093770,1001.15476498,0.01998521,0.01998521,31015,95,0
6443.93188264,6443.93176680,2078.83198177,2078.83626321,0.04554523,1001.25737052,0.01998521,0.01998521,31014,95,0
6444.13916837,6444.13957075,2086.51630172,2086.50141471,0.01882075,1001.35848443,0.01998521,0.01998521,31013,95,0
6444.34717939,6444.34738810,2094.20905797,2094.20132834,0.04620536,1001.45897937,0.01998521,0.01998521,31012,95,0
6444.55513377,6444.55521885,2101.91003158,2101.90687740,0.05028965,1001.55846672,0.01998521,0.01998521,31011,95,0
6444.76323866,6444.76306300,2109.61907855,2109.62559703,0.05588020,1001.65703984,0.01998521,0.01998521,31010,95,0
6444.97127793,6444.97092057,2117.33616286,2117.34943714,0.03645173,1001.75459208,0.01998521,0.01998521,31009,95,0
6445.17829824,6445.17879154,2125.06125653,2125.04291508,0.04954642,1001.85068065,0.01998521,0.01998521,31008,95,0
6445.38674482,6445.38667592,2132.79433138,2132.79689572,0.05187641,1001.94643407,0.01998521,0.01998521,31007,95,0
6445.59458652,6445.59457371,2140.53539007,2140.53586734,0.03048577,1002.04091028,0.01998521,0.01998521,31006,95,0
6445.80260344,6445.80248491,2148.28459911,2148.28901937,0.05367470,1002.13446581,0.01998521,0.01998521,31005,95,0
6446.01020711,6446.01040952,2156.04217994,2156.03462407,0.05098717,1002.22683709,0.01998521,0.01998521,31004,95,0
6446.21819401,6446.21834755,2163.80835540,2163.80261783,0.04802465,1002.31837802,0.01998521,0.01998521,31003,95,0
6446.42626834,6446.42629899,2171.58334363,2171.58219702,0.02671209,1002.40895410,0.01998521,0.01998521,31002,95,0
6446.63357208,6446.63426385,2179.36720312,2179.34129725,0.06004581,1002.49819392,0.01998521,0.01998521,31001,95,0
6446.84241215,6446.84224213,2187.15981957,2187.16619323,0.04394518,1002.58708013,0.01998521,0.01998521,31000,95,0
6447.04989777,6447.05023382,2194.96106938,2194.94845822,0.04679661,1002.67437616,0.01998521,0.01998521,30999,95,0
6447.25799451,6447.25823894,2202.77082807,2202.76164591,0.05082843,1002.76090961,0.01998521,0.01998521,30998,95,0
6447.46655551,6447.46625748,2210.58896633,2210.60017304,0.02435563,1002.84660665,0.01998521,0.01998521,30997,95,0
6447.67391514,6447.67428944,2218.41534036,2218.40125191,0.05376834,1002.93078345,0.01998521,0.01998521,30996,95,0
6447.88222623,6447.88233483,2226.24980253,2226.24571132,0.04731548,1003.01431094,0.01998521,0.01998521,30995,95,0
6448.08965209,6448.09039364,2234.09220422,2234.06423973,0.03449562,1003.09644738,0.01998521,0.01998521,30994,95,0
6448.29800426,6448.29846588,2241.94241947,2241.92499551,0.03776888,1003.17790534,0.01998521,0.01998521,30993,95,0
6448.50668711,6448.50655154,2249.80059947,2249.80572142,0.04571379,1003.25844084,0.01998521,0.01998521,30992,95,0
6448.71449334,6448.71465064,2257.66707713,2257.66112811,0.05603872,1003.33759224,0.01998521,0.01998521,30991,95,0
6448.92257615,6448.92276317,2265.54219064,2265.53511021,0.02916345,1003.41580329,0.01998521,0.01998521,30990,95,0
6449.13036980,6449.13088913,2273.42627872,2273.40659535,0.06040790,1003.49286124,0.01998521,0.01998521,30989,95,0
6449.33782961,6449.33902852,2281.31954502,2281.27405399,0.05451826,1003.56875255,0.01998521,0.01998521,30988,95,0
6449.54694702,6449.54718135,2289.22195616,2289.21305532,0.04915208,1003.64419163,0.01998521,0.01998521,30987,95,0
6449.75504445,6449.75534761,2297.13345472,2297.12192679,0.03955450,1003.71820344,0.01998521,0.01998521,30986,95,0
6449.96308608,6449.96352731,2305.05398282,2305.03718671,0.04257893,1003.79113488,0.01998521,0.01998521,30985,95,0
6450.17126499,6450.17172045,2312.98346405,2312.96610765,0.04653542,1003.86304865,0.01998521,0.01998521,30984,95,0
6450.38014643,6450.37992703,2320.92173445,2320.93010374,0.03630032,1003.93412841,0.01998521,0.01998521,30983,95,0
6450.58812010,6450.58814705,2328.86860288,2328.86757391,0.04637728,1004.00382253,0.01998521,0.01998521,30982,95,0
6450.79670566,6450.79638051,2336.82387685,2336.83630472,0.04486230,1004.07263740,0.01998521,0.01998521,30981,95,0
6451.00471937,6451.00462742,2344.78738855,2344.79090648,0.04207085,1004.14017735,0.01998521,0.01998521,30980,95,0
6451.21270123,6451.21288777,2352.75934417,2352.75219983,0.04958911,1004.20662079,0.01998521,0.01998521,30979,95,0
6451.42116832,6451.42116157,2360.74023329,2360.74049197,0.04468835,1004.27212988,0.01998521,0.01998521,30978,95,0
6451.62941260,6451.62944882,2368.73055565,2368.72916555,0.04550408,1004.33648041,0.01998521,0.01998521,30977,95,0
6451.83771630,6451.83774951,2376.73081039,2376.72953411,0.04373063,1004.39976088,0.01998521,0.01998521,30976,95,0
6452.04616542,6452.04606366,2384.74119229,2384.74510761,0.04901211,1004.46199320,0.01998521,0.01998521,30975,95,0
6452.25394848,6452.25439125,2392.76137513,2392.74431948,0.04423123,1004.52293256,0.01998521,0.01998521,30974,95,0
6452.46317969,6452.46273230,2400.79097976,2400.80823145,0.05623982,1004.58318593,0.01998521,0.01998521,30973,95,0
6452.67121016,6452.67108681,2408.82962440,2408.83438606,0.04776431,1004.64198185,0.01998521,0.01998521,30972,95,0
6452.87938168,6452.87945477,2416.87701305,2416.87418893,0.04048820,1004.69970220,0.01998521,0.01998521,30971,95,0
6453.08754767,6453.08783619,2424.93319001,2424.92202998,0.03942002,1004.75630198,0.01998521,0.01998521,30970,95,0
6453.29632216,6453.29623106,2432.99828255,2433.00180997,0.03980177,1004.81194049,0.01998521,0.01998521,30969,95,0
6453.50450728,6453.50463940,2441.07241883,2441.06729767,0.04178721,1004.86629552,0.01998521,0.01998521,30968,95,0
6453.71299578,6453.71306119,2449.15574448,2449.15320631,0.04270829,1004.91959965,0.01998521,0.01998521,30967,95,0
6453.92097736,6453.92149645,2457.24855391,2457.22838800,0.04969329,1004.97164545,0.01998521,0.01998521,30966,95,0
6454.12990289,6454.12994517,2465.35122096,2465.34957648,0.04401965,1005.02279078,0.01998521,0.01998521,30965,95,0
6454.33867957,6454.33840736,2473.46412275,2473.47472333,0.06181526,1005.07275978,0.01998521,0.01998521,30964,95,0
6454.54695915,6454.54688301,2481.58761811,2481.59058703,0.05212395,1005.12147223,0.01998521,0.01998521,30963,95,0
6454.75541764,6454.75537213,2489.72158246,2489.72335932,0.04142794,1005.16908365,0.01998521,0.01998521,30962,95,0
6454.96369392,6454.96387471,2497.86540104,2497.85833555,0.03792446,1005.21550373,0.01998521,0.01998521,30961,95,0
6455.17277172,6455.17239077,2506.01843315,2506.03333610,0.04084759,1005.26093889,0.01998522,0.01998521,30960,95,0
6455.38089513,6455.38092030,2514.18003744,2514.17905196,0.04619941,1005.30500156,0.01998521,0.01998521,30959,95,0
6455.58889977,6455.58946330,2522.34995273,2522.32786515,0.05199649,1005.34787275,0.01998521,0.01998521,30958,95,0
6455.79820670,6455.79801977,2530.52861964,2530.53595391,0.05940763,1005.38983412,0.01998521,0.01998521,30957,95,0
6456.00671189,6456.00658972,2538.71655691,2538.72135567,0.03599384,1005.43045850,0.01998521,0.01998521,30956,95,0
6456.21471805,6456.21517315,2546.91428693,2546.89639018,0.04092711,1005.46981443,0.01998521,0.01998521,30955,95,0
6456.42340402,6456.42377005,2555.12219241,2555.10778109,0.04191033,1005.50812105,0.01998521,0.01998521,30954,95,0
6456.63179580,6456.63238044,2563.34019031,2563.31714599,0.04149410,1005.54519164,0.01998521,0.01998521,30953,95,0
6456.84059924,6456.84100430,2571.56810137,2571.55211708,0.05402244,1005.58114569,0.01998521,0.01998521,30952,95,0
6457.04986651,6457.04964165,2579.80574501,2579.81462844,0.03401717,1005.61597971,0.01998521,0.01998521,30951,95,0
6457.25821753,6457.25829247,2588.05297766,2588.05001385,0.02445775,1005.64946316,0.01998521,0.01998521,30950,95,0
6457.46661396,6457.46695679,2596.30987237,2596.29629907,0.04215873,1005.68175429,0.01998521,0.01998521,30949,95,0
6457.67631903,6457.67563458,2604.57657937,2604.60370881,0.05093546,1005.71303355,0.01998522,0.01998521,30948,95,0
6457.88461201,6457.88432587,2612.85325002,2612.86460509,0.03542150,1005.74289237,0.01998521,0.01998521,30947,95,0
6458.09236365,6458.09303064,2621.14003785,2621.11353909,0.03180844,1005.77146885,0.01998521,0.01998521,30946,95,0
6458.30231327,6458.30174890,2629.43710836,2629.45955663,0.05575416,1005.79912150,0.01998522,0.01998521,30945,95,0
6458.51061769,6458.51048066,2637.74463422,2637.75009139,0.04343686,1005.82533543,0.01998521,0.01998521,30944,95,0
6458.71904617,6458.71922590,2646.06278941,2646.05562322,0.04809983,1005.85034268,0.01998521,0.01998521,30943,95,0
6458.92775574,6458.92798464,2654.39173858,2654.38260063,0.05900093,1005.87415442,0.01998521,0.01998521,30942,95,0
6459.13656264,6459.13675687,2662.73147751,2662.72371368,0.04337422,1005.89674166,0.01998521,0.01998522,30941,95,0
6459.34506053,6459.34554260,2671.08186415,2671.06257234,0.03718846,1005.91805732,0.01998521,0.01998522,30940,95,0
6459.55430774,6459.55434183,2679.44275140,2679.44138570,0.05585429,1005.93820072,0.01998521,0.01998522,30939,95,0
6459.76332807,6459.76315455,2687.81399646,2687.82095694,0.03342645,1005.95706833,0.01998521,0.01998522,30938,95,0
6459.97196269,6459.97198078,2696.19560774,2696.19488114,0.03870027,1005.97464686,0.01998521,0.01998522,30937,95,0
6460.18065797,6460.18082050,2704.58776261,2704.58122724,0.05588014,1005.99097268,0.01998521,0.01998522,30936,95,0
6460.38975361,6460.38967373,2712.99064851,2712.99386411,0.02972091,1006.00606395,0.01998521,0.01998522,30935,95,0
6460.59863376,6460.59854047,2721.40445021,2721.40821074,0.05760465,1006.01987015,0.01998522,0.01998522,30934,95,0
6460.80779636,6460.80742070,2729.82915561,2729.84431610,0.03681276,1006.03241879,0.01998522,0.01998522,30933,95,0
6461.01596963,6461.01631445,2738.26446705,2738.25053489,0.03771470,1006.04363491,0.01998521,0.01998522,30932,95,0
6461.22503940,6461.22522170,2746.71006239,2746.70268828,0.05252837,1006.05361601,0.01998521,0.01998522,30931,95,0
6461.43388733,6461.43414246,2755.16561997,2755.15528842,0.03113707,1006.06229768,0.01998521,0.01998522,30930,95,0
6461.64218133,6461.64307673,2763.63108051,2763.59478085,0.04398887,1006.06966892,0.01998521,0.01998522,30929,95,0
6461.85201108,6461.85202452,2772.10685470,2772.10630943,0.03562511,1006.07579050,0.01998522,0.01998522,30928,95,0
6462.06070840,6462.06098581,2780.59340472,2780.58213120,0.05017124,1006.08057652,0.01998521,0.01998522,30927,95,0
6462.27000828,6462.26996062,2789.09119512,2789.09313421,0.03781378,1006.08406713,0.01998522,0.01998522,30926,95,0
6462.47860560,6462.47894895,2797.60052010,2797.58653100,0.04967364,1006.08623661,0.01998521,0.01998522,30925,95,0
6462.68803532,6462.68795079,2806.12131457,2806.12476282,0.03965126,1006.08709459,0.01998522,0.01998522,30924,95,0
6462.89711204,6462.89696615,2814.65346784,2814.65942684,0.05558727,1006.08662661,0.01998522,0.01998522,30923,95,0
6463.10601181,6463.10599503,2823.19686838,2823.19755434,0.05515176,1006.08483231,0.01998522,0.01998522,30922,95,0
6463.31514800,6463.31503744,2831.75143055,2831.75595771,0.03620548,1006.08170263,0.01998522,0.01998522,30921,95,0
6463.52443271,6463.52409336,2840.31712966,2840.33104260,0.05772099,1006.07723024,0.01998522,0.01998522,30920,95,0
6463.73348045,6463.73316281,2848.89394941,2848.90698845,0.03743541,1006.07141930,0.01998522,0.01998522,30919,95,0
6463.94213914,6463.94224578,2857.48187320,2857.47749043,0.04624407,1006.06427515,0.01998522,0.01998522,30918,95,0
6464.15176474,6464.15134228,2866.08084908,2866.09823291,0.03335925,1006.05574087,0.01998522,0.01998522,30917,95,0
6464.36018646,6464.36045231,2874.69074006,2874.67978779,0.04849069,1006.04590241,0.01998522,0.01998522,30916,95,0
6464.56986548,6464.56957586,2883.31139560,2883.32334141,0.05045408,1006.03463840,0.01998522,0.01998522,30915,95,0
6464.77805033,6464.77871294,2891.94266447,2891.91530208,0.03195600,1006.02209441,0.01998522,0.01998522,30914,95,0
6464.98783180,6464.98786356,2900.58456190,2900.58324862,0.04508639,1006.00807844,0.01998522,0.01998522,30913,95,0
6465.19696796,6465.19702771,2909.23750011,2909.23502664,0.03581371,1005.99272539,0.01998522,0.01998522,30912,95,0
6465.40572658,6465.40620539,2917.90195196,2917.88210615,0.05544922,1005.97601985,0.01998522,0.01998522,30911,95,0
6465.61441011,6465.61539661,2926.57839286,2926.53744904,0.04936636,1005.95793593,0.01998521,0.01998522,30910,95,0
6465.82452278,6465.82460137,2935.26706770,2935.26380159,0.04627030,1005.93832374,0.01998522,0.01998522,30909,95,0
6466.03413718,6466.03381966,2943.96770850,2943.98092141,0.02770931,1005.91734897,0.01998522,0.01998522,30908,95,0
6466.24328498,6466.24305149,2952.67997662,2952.68970491,0.04821812,1005.89501364,0.01998522,0.01998522,30907,95,0
6466.45169862,6466.45229686,2961.40353269,2961.37857647,0.03948708,1005.87135414,0.01998522,0.01998522,30906,95,0
6466.66116101,6466.66155578,2970.13827516,2970.12178696,0.02198484,1005.84616009,0.01998522,0.01998522,30905,95,0
6466.87091255,6466.87082823,2978.88456546,2978.88809162,0.05004917,1005.81950307,0.01998522,0.01998522,30904,95,0
6467.07997360,6467.08011424,2987.64282063,2987.63693135,0.04412954,1005.79150506,0.01998522,0.01998522,30903,95,0
6467.28890715,6467.28941378,2996.41345797,2996.39221328,0.04484756,1005.76209218,0.01998522,0.01998522,30902,95,0
6467.49889720,6467.49872688,3005.19669464,3005.20384675,0.04869447,1005.73108173,0.01998522,0.01998522,30901,95,0
6467.70769142,6467.70805352,3013.99242372,3013.97719847,0.02856189,1005.69880241,0.01998522,0.01998522,30900,95,0
6467.91683703,6467.91739372,3022.80050808,3022.77706971,0.04740760,1005.66501862,0.01998522,0.01998522,30899,95,0
6468.12637863,6468.12674746,3031.62081355,3031.60526407,0.05400200,1005.62971024,0.01998522,0.01998522,30898,95,0
6468.33568155,6468.33611476,3040.45335815,3040.43507029,0.04074883,1005.59297691,0.01998522,0.01998522,30897,95,0
6468.54528070,6468.54549561,3049.29835383,3049.28926934,0.05020119,1005.55471756,0.01998522,0.01998522,30896,95,0
6468.75444950,6468.75489001,3058.15602664,3058.13737958,0.03016289,1005.51505949,0.01998522,0.01998522,30895,95,0
6468.96418198,6468.96429797,3067.02658522,3067.02166819,0.05528006,1005.47380595,0.01998522,0.01998522,30894,95,0
6469.17405089,6469.17371949,3075.90983838,3075.92390502,0.02142852,1005.43102847,0.01998522,0.01998522,30893,95,0
6469.38305802,6469.38315457,3084.80521271,3084.80110932,0.05163866,1005.38693530,0.01998522,0.01998522,30892,95,0
6469.59274991,6469.59260321,3093.71211496,3093.71835700,0.04881083,1005.34119955,0.01998522,0.01998522,30891,95,0
6469.80202591,6469.80206541,3102.63001378,3102.62833109,0.04534404,1005.29405592,0.01998522,0.01998522,30890,95,0
6470.01101468,6470.01154117,3111.55919546,3111.53673890,0.04943072,1005.24547636,0.01998522,0.01998522,30889,95,0
6470.22058186,6470.22103050,3120.50050075,3120.48133930,0.04255227,1005.19524652,0.01998522,0.01998522,30888,95,0
6470.43014396,6470.43053339,3129.45478764,3129.43813089,0.03928766,1005.14348936,0.01998522,0.01998522,30887,95,0
6470.64037446,6470.64004985,3138.42280818,3138.43671295,0.04115918,1005.09002062,0.01998522,0.01998522,30886,95,0
6470.84977859,6470.84957988,3147.40449442,3147.41301837,0.04008912,1005.03521619,0.01998522,0.01998522,30885,95,0
6471.05846134,6471.05912348,3156.39941124,3156.37096892,0.04493574,1004.97906206,0.01998522,0.01998522,30884,95,0
6471.26844337,6471.26868065,3165.40711805,3165.39691226,0.03957917,1004.92100476,0.01998522,0.01998522,30883,95,0
6471.47880385,6471.47825139,3174.42729307,3174.45108753,0.04282403,1004.86127636,0.01998522,0.01998522,30882,95,0
6471.68703250,6471.68783570,3183.46013805,3183.42549773,0.04506355,1004.80060196,0.01998522,0.01998522,30881,95,0
6471.89751923,6471.89743359,3192.50599751,3192.50969612,0.04154871,1004.73769259,0.01998522,0.01998522,30880,95,0
6472.10731484,6472.10704505,3201.56521836,3201.57688664,0.03243477,1004.67340343,0.01998522,0.01998522,30879,95,0
6472.31643164,6472.31667009,3210.63798623,3210.62765839,0.04220424,1004.60773855,0.01998522,0.01998522,30878,95,0
6472.52606820,6472.52630872,3219.72409002,3219.71365855,0.03984454,1004.54031857,0.01998522,0.01998522,30877,95,0
6472.73591149,6472.73596092,3228.82325753,3228.82111089,0.04250185,1004.47123164,0.01998522,0.01998522,30876,95,0
6472.94581263,6472.94562670,3237.93522031,3237.94330620,0.05530833,1004.40051964,0.01998522,0.01998522,30875,95,0
6473.15521463,6473.15530606,3247.05997262,3247.05599082,0.05125955,1004.32836926,0.01998522,0.01998522,30874,95,0
6473.36512428,6473.36499901,3256.19786687,3256.20332948,0.04823670,1004.25442453,0.01998522,0.01998522,30873,95,0
6473.57357605,6473.57470554,3265.34928388,3265.29995839,0.04126762,1004.17937948,0.01998522,0.01998522,30872,95,0
6473.78472490,6473.78442567,3274.51458961,3274.52767665,0.03793574,1004.10171422,0.01998522,0.01998522,30871,95,0
6473.99476868,6473.99415937,3283.69390348,3283.72059004,0.03588324,1004.02280084,0.01998522,0.01998522,30870,95,0
6474.20363690,6474.20390667,3292.88716379,3292.87533112,0.05838471,1003.94268655,0.01998522,0.01998522,30869,95,0
6474.41390531,6474.41366756,3302.09430408,3302.10474728,0.04953408,1003.86037463,0.01998522,0.01998522,30868,95,0
6474.62343968,6474.62344204,3311.31526043,3311.31515662,0.03921329,1003.77668656,0.01998522,0.01998522,30867,95,0
6474.83320216,6474.83323011,3320.54998722,3320.54875598,0.03639659,1003.69123786,0.01998522,0.01998522,30866,95,0
6475.04264211,6475.04303178,3329.79844515,3329.78125562,0.04415537,1003.60424772,0.01998522,0.01998522,30865,95,0
6475.25345830,6475.25284705,3339.06059473,3339.08759738,0.05726694,1003.51499161,0.01998522,0.01998522,30864,95,0
6475.46263203,6475.46267591,3348.33651334,3348.33457207,0.03600227,1003.42474345,0.01998522,0.01998522,30863,95,0
6475.67229574,6475.67251837,3357.62657679,3357.61671321,0.02878012,1003.33258670,0.01998522,0.01998522,30862,95,0
6475.88206447,6475.88237443,3366.93121074,3366.91745724,0.04453870,1003.23867218,0.01998522,0.01998522,30861,95,0
6476.09263762,6476.09224409,3376.25083262,3376.26832201,0.04406020,1003.14266414,0.01998522,0.01998522,30860,95,0
6476.30207837,6476.30212735,3385.58551483,3385.58333483,0.04056109,1003.04544161,0.01998522,0.01998522,30859,95,0
6476.51160222,6476.51202422,3394.93493552,3394.91612453,0.05617216,1002.94644944,0.01998522,0.01998522,30858,95,0
6476.72184551,6476.72193469,3404.29874855,3404.29476772,0.03146817,1002.84537356,0.01998522,0.01998522,30857,95,0
6476.93198371,6476.93185877,3413.67664568,3413.68223105,0.05253269,1002.74259909,0.01998522,0.01998522,30856,95,0
6477.14262953,6477.14179645,3423.06864949,3423.10594594,0.04144345,1002.63781409,0.01998522,0.01998522,30855,95,0
6477.35180539,6477.35174775,3432.47494466,3432.47752894,0.03555502,1002.53200537,0.01998522,0.01998522,30854,95,0
6477.56177213,6477.56171265,3441.89571852,3441.89838892,0.05894668,1002.42402869,0.01998522,0.01998522,30853,95,0
6477.77186120,6477.77169117,3451.33117107,3451.33881732,0.04077406,1002.31420682,0.01998522,0.01998522,30852,95,0
6477.98062409,6477.98168330,3460.78153572,3460.73383123,0.04837517,1002.20330234,0.01998522,0.01998522,30851,95,0
6478.19062378,6478.19168905,3470.24705361,3470.19900229,0.05121736,1002.08994456,0.01998522,0.01998522,30850,95,0
6478.40154799,6478.40170841,3479.72795965,3479.72071249,0.05830490,1001.97426379,0.01998522,0.01998522,30849,95,0
6478.61140287,6478.61174138,3489.22427073,3489.20895370,0.03864583,1001.85734756,0.01998522,0.01998522,30848,95,0
6478.82148466,6478.82178798,3498.73576699,3498.72202154,0.04058507,1001.73847972,0.01998522,0.01998522,30847,95,0
6479.03182501,6479.03184820,3508.26221466,3508.26116228,0.04818615,1001.61763145,0.01998522,0.01998522,30846,95,0
6479.24148104,6479.24192203,3517.80337691,3517.78333330,0.04886266,1001.49534563,0.01998522,0.01998522,30845,95,0
6479.45175710,6479.45200949,3527.35901016,3527.34752241,0.03241929,1001.37085816,0.01998522,0.01998522,30844,95,0
6479.66204638,6479.66211057,3536.92886672,3536.92594096,0.04807796,1001.24451602,0.01998522,0.01998522,30843,95,0
6479.87280231,6479.87222528,3546.51270075,3546.53903893,0.03004579,1001.11603662,0.01998522,0.01998522,30842,95,0
6480.08209183,6480.08235361,3556.11076486,3556.09879817,0.05561525,1000.98660117,0.01998522,0.01998522,30841,95,0
6480.29295295,6480.29249557,3565.72427122,3565.74521228,0.05022998,1000.85430543,0.01998522,0.01998522,30840,95,0
6480.50307646,6480.50265116,3575.35455148,3575.37405778,0.03128416,1000.72056058,0.01998522,0.01998522,30839,95,0
6480.71263018,6480.71282039,3585.00280482,3584.99406501,0.04708871,1000.58525227,0.01998522,0.01998522,30838,95,0
6480.92323153,6480.92300324,3594.66862681,3594.67913414,0.04430720,1000.44732621,0.01998522,0.01998522,30837,95,0
6481.13309928,6481.13319972,3604.35060069,3604.34597054,0.03517148,1000.30795620,0.01998522,0.01998522,30836,95,0
6481.34352445,6481.34340984,3614.04728123,3614.05257156,0.04992442,1000.16630034,0.01998522,0.01998522,30835,95,0
6481.55294030,6481.55363360,3623.75797676,3623.72592853,0.04777726,1000.02342232,0.01998522,0.01998522,30834,95,0
6481.76373718,6481.76387099,3633.48412270,3633.47792733,0.03079885,999.87765747,0.01998522,0.01998522,30833,95,0
6481.97445567,6481.97412202,3643.22753636,3643.24301274,0.04248867,999.72996122,0.01998522,0.01998522,30832,95,0
6482.18448305,6482.18438669,3652.98993662,3652.99441490,0.06592027,999.58073857,0.01998522,0.01998522,30831,95,0
6482.39461153,6482.39466500,3662.77123079,3662.76874170,0.04919907,999.42942681,0.01998522,0.01998522,30830,95,0
6482.60487357,6482.60495695,3672.56987085,3672.56598262,0.05363803,999.27601380,0.01998522,0.01998522,30829,95,0
6482.81580611,6482.81526254,3682.38425299,3682.40963773,0.04108792,999.12011293,0.01998522,0.01998522,30828,95,0
6483.02460634,6483.02558178,3692.21335247,3692.16773237,0.05008540,998.96382482,0.01998522,0.01998522,30827,95,0
6483.23649727,6483.23591467,3702.05804838,3702.08533884,0.04459556,998.80320437,0.01998522,0.01998522,30826,95,0
6483.44572515,6483.44626121,3711.91961257,3711.89445939,0.05738973,998.64257819,0.01998522,0.01998522,30825,95,0
6483.65640517,6483.65662139,3721.79925918,3721.78909519,0.03570906,998.47877561,0.01998522,0.01998522,30824,95,0
6483.86630447,6483.86699522,3731.69706874,3731.66454191,0.07161766,998.31351205,0.01998522,0.01998522,30823,95,0
6484.07774764,6484.07738271,3741.61219113,3741.62940381,0.04680720,998.14495095,0.01998522,0.01998522,30822,95,0
6484.28736055,6484.28778384,3751.54374065,3751.52374456,0.05067761,997.97579255,0.01998522,0.01998522,30821,95,0
6484.49770474,6484.49819864,3761.49112565,3761.46775889,0.04335696,997.80398755,0.01998522,0.01998522,30820,95,0
6484.70797513,6484.70862708,3771.45463274,3771.42373946,0.05663495,997.63017063,0.01998522,0.01998522,30819,95,0
6484.91885632,6484.91906919,3781.43471170,3781.42460833,0.06119304,997.45375147,0.01998522,0.01998522,30818,95,0
6485.12873476,6485.12952495,3791.43180258,3791.39423607,0.05296906,997.27606923,0.01998522,0.01998522,30817,95,0
6485.33933362,6485.33999437,3801.44617658,3801.41471114,0.03410748,997.09565548,0.01998522,0.01998522,30816,95,0
6485.54998336,6485.55047745,3811.47799196,3811.45442340,0.05487262,996.91306011,0.01998522,0.01998522,30815,95,0
6485.76104760,6485.76097420,3821.52740603,3821.53091322,0.04509354,996.72794866,0.01998522,0.01998522,30814,95,0
6485.97246330,6485.97148460,3831.59451944,3831.64136269,0.04891586,996.54035333,0.01998523,0.01998522,30813,95,0
6486.18162562,6486.18200868,3841.67931196,3841.66094705,0.04831229,996.35260580,0.01998522,0.01998522,30812,95,0
6486.39228006,6486.39254641,3851.78174763,3851.76895614,0.06101577,996.16134714,0.01998522,0.01998522,30811,95,0
6486.60274951,6486.60309782,3861.90187660,3861.88512077,0.03503261,995.96806945,0.01998522,0.01998522,30810,95,0
6486.81337887,6486.81366290,3872.04036534,3872.02667729,0.04688462,995.77243408,0.01998522,0.01998522,30809,95,0
6487.02407535,6487.02424164,3882.19815428,3882.19012523,0.05040837,995.57449536,0.01998522,0.01998522,30808,95,0
6487.23394919,6487.23483406,3892.37616706,3892.33335956,0.07091691,995.37507277,0.01998522,0.01998522,30807,95,0
6487.44577920,6487.44544015,3902.57438688,3902.59082003,0.04916423,995.17149688,0.01998522,0.01998522,30806,95,0
6487.65585805,6487.65605991,3912.79163120,3912.78183076,0.03993203,994.96734009,0.01998522,0.01998522,30805,95,0
6487.86677912,6487.86669335,3923.02663317,3923.03080413,0.05344963,994.76011233,0.01998522,0.01998522,30804,95,0
6488.07755022,6488.07734046,3933.27872671,3933.28894431,0.04464794,994.55078137,0.01998522,0.01998522,30803,95,0
6488.28803128,6488.28800125,3943.54933875,3943.55080409,0.05140314,994.33945468,0.01998522,0.01998522,30802,95,0
6488.49885667,6488.49867573,3953.84035992,3953.84920745,0.03307790,994.12544489,0.01998522,0.01998522,30801,95,0
6488.70950187,6488.70936388,3964.15344225,3964.16020369,0.05116201,993.90923581,0.01998522,0.01998522,30800,95,0
6488.91979194,6488.92006572,3974.48761766,3974.47417763,0.04197391,993.69102458,0.01998522,0.01998522,30799,95,0
6489.13099779,6489.13078123,3984.84036768,3984.85101590,0.04173245,993.46952551,0.01998523,0.01998522,30798,95,0
6489.34141840,6489.34151044,3995.20917635,3995.20464447,0.05820936,993.24656457,0.01998522,0.01998523,30797,95,0
6489.55239863,6489.55225333,4005.59375054,4005.60091631,0.04130500,993.02071804,0.01998523,0.01998523,30796,95,0
6489.76268335,6489.76300990,4015.99690768,4015.98077297,0.03400682,992.79326136,0.01998522,0.01998523,30795,95,0
6489.97369791,6489.97378017,4026.42172487,4026.41765181,0.05977771,992.56257363,0.01998522,0.01998523,30794,95,0
6490.18473035,6490.18456413,4036.87023109,4036.87847977,0.03433481,992.32936269,0.01998523,0.01998523,30793,95,0
6490.39602373,6490.39536177,4047.34095408,4047.37386619,0.05400333,992.09337515,0.01998523,0.01998523,30792,95,0
6490.60737530,6490.60617311,4057.83168872,4057.89156511,0.03607649,991.85486996,0.01998523,0.01998523,30791,95,0
6490.81632396,6490.81699815,4068.34046463,4068.30683183,0.03603965,991.61669876,0.01998522,0.01998523,30790,95,0
6491.02777060,6491.02783687,4078.86732420,4078.86401251,0.04408964,991.37326254,0.01998523,0.01998523,30789,95,0
nan,nan,0.00000000,-1.00000000,0.00000000,991.13762504,nan,0.00000000,-2147483648,95,1
nan,nan,0.00000000,-1.00000000,0.00000000,985.62768003,nan,0.00000000,-2147483648,94,1
6448.50342622,6448.50655154,0.00000000,9.49658117,0.08438986,985.90937840,0.01998520,0.01998521,30992,94,1
6448.71355095,6448.71465064,15.63652698,15.60456022,0.07920033,986.22176226,0.01998521,0.01998521,30991,94,0
6448.92033162,6448.92276317,21.68799363,21.61726807,0.07411170,986.52860685,0.01998520,0.01998521,30990,94,0
6449.13019991,6449.13088913,27.74355344,27.72349403,0.05328292,986.83954691,0.01998521,0.01998521,30989,94,0
6449.33775435,6449.33902852,33.80326151,33.76615411,0.04896499,987.14657845,0.01998521,0.01998521,30988,94,0
6449.54817053,6449.54718135,39.86715485,39.89598071,0.02162756,987.45735637,0.01998522,0.01998521,30987,94,0
6449.75527943,6449.75534761,45.93514266,45.93315468,0.05225173,987.76276487,0.01998521,0.01998521,30986,94,0
6449.96520243,6449.96352731,52.00707914,52.05595096,0.01133125,988.07182372,0.01998522,0.01998521,30985,94,0
6450.17184489,6450.17172045,58.08281775,58.08645036,0.01350809,988.37555326,0.01998521,0.01998521,30984,94,0
6450.37970709,6450.37992703,64.16221135,64.15578766,0.05214442,988.68056707,0.01998521,0.01998521,30983,94,0
6450.58995913,6450.58814705,70.24511242,70.29806345,0.04101651,988.98856025,0.01998522,0.01998521,30982,94,0
6450.79697868,6450.79638051,76.33145356,76.34894160,0.07500863,989.29129555,0.01998522,0.01998521,30981,94,0
6451.00488898,6451.00462742,82.42137319,82.42902441,0.05765609,989.59481731,0.01998521,0.01998521,30980,94,0
6451.21185086,6451.21288777,88.51504265,88.48469409,0.07026788,989.89644810,0.01998521,0.01998521,30979,94,0
6451.42006071,6451.42116157,94.61263396,94.58039478,0.10486979,990.19939528,0.01998521,0.01998521,30978,94,0
6451.62705229,6451.62944882,100.71431981,100.64409284,0.05363334,990.50007754,0.01998521,0.01998521,30977,94,0
6451.83948021,6451.83774951,106.82026889,106.87101766,0.04463432,990.80815372,0.01998522,0.01998521,30976,94,0
6452.04719764,6452.04606366,112.93054739,112.96382019,0.05511601,991.10890765,0.01998522,0.01998521,30975,94,0
6452.25242557,6452.25439125,119.04512080,118.98740836,0.03341232,991.40557744,0.01998521,0.01998521,30974,94,0
6452.46080292,6452.46273230,125.16395023,125.10726803,0.02759174,991.70630898,0.01998521,0.01998521,30973,94,0
6452.66982129,6452.67108681,131.28699668,131.24979472,0.06131139,992.00746547,0.01998521,0.01998521,30972,94,0
6452.87922588,6452.87945477,137.41422093,137.40748824,0.09039679,992.30867280,0.01998521,0.01998521,30971,94,0
6453.08601437,6453.08783619,143.54558092,143.49196016,0.05529002,992.60561718,0.01998521,0.01998521,30970,94,0
6453.29653825,6453.29623106,149.68101889,149.69006576,0.07648512,992.90741102,0.01998521,0.01998521,30969,94,0
6453.50426871,6453.50463940,155.82047142,155.80954830,0.05310841,993.20468721,0.01998521,0.01998521,30968,94,0
6453.71519589,6453.71306119,161.96387484,162.02681501,0.03236552,993.50601213,0.01998522,0.01998521,30967,94,0
6453.92246383,6453.92149645,168.11116520,168.13970372,0.05807391,993.80158896,0.01998522,0.01998521,30966,94,0
6454.13033551,6454.12994517,174.26227916,174.27380092,0.07180499,994.09750424,0.01998521,0.01998521,30965,94,0
6454.33870340,6454.33840736,180.41722963,180.42597300,0.07287969,994.39360020,0.01998521,0.01998521,30964,94,0
6454.54577158,6454.54688301,186.57616520,186.54332097,0.07071234,994.68733371,0.01998521,0.01998521,30963,94,0
6454.75625163,6454.75537213,192.73924899,192.76525582,0.04726516,994.98538702,0.01998522,0.01998521,30962,94,0
6454.96288889,6454.96387471,198.90664477,198.87747513,0.02984010,995.27749512,0.01998521,0.01998521,30961,94,0
6455.17067928,6455.17239077,205.07851697,205.02784147,0.06133820,995.57073662,0.01998521,0.01998521,30960,94,0
6455.39622702,nan,0.00000000,211.71227480,0.13669767,995.88865718,0.01998526,0.01998521,30959,94,1
6455.58948854,6455.58946330,217.43607789,217.43682612,0.07092114,996.16027490,0.01998521,0.01998521,30958,94,0
6455.79863196,6455.79801977,223.62155034,223.63971273,0.03247224,996.45391206,0.01998522,0.01998521,30957,94,0
6456.00664774,6456.00658972,229.81126074,229.81298309,0.04723352,996.74544860,0.01998521,0.01998521,30956,94,0
6456.21539159,6456.21517315,236.00504033,236.01152861,0.02938503,997.03747755,0.01998521,0.01998521,30955,94,0
6456.42416122,6456.42377005,242.20271979,242.21434506,0.05217974,997.32900433,0.01998522,0.01998521,30954,94,0
6456.63345675,6456.63238044,248.40420356,248.43620879,0.06988617,997.62071946,0.01998522,0.01998521,30953,94,0
6456.84146498,6456.84100430,254.60959147,254.62329804,0.07482805,997.91010218,0.01998522,0.01998521,30952,94,0
6457.04978900,6457.04964165,260.81901555,260.82340251,0.02797191,998.19939141,0.01998521,0.01998521,30951,94,0
6457.25959808,6457.25829247,267.03260835,267.07150116,0.04168907,998.49020884,0.01998522,0.01998521,30950,94,0
6457.46537749,6457.46695679,273.25050297,273.20342718,0.05876879,998.77492495,0.01998521,0.01998521,30949,94,0
6457.67579438,6457.67563458,279.47282781,279.47759416,0.04767931,999.06553387,0.01998521,0.01998521,30948,94,0
6457.88539524,6457.88432587,285.69963437,285.73155225,0.05822477,999.35449041,0.01998522,0.01998521,30947,94,0
6458.09280140,6458.09303064,291.93091520,291.92406855,0.02478169,999.63990344,0.01998521,0.01998521,30946,94,0
6458.30088723,6458.30174890,298.16666134,298.14090940,0.02424952,999.92573226,0.01998521,0.01998521,30945,94,0
6458.50936562,6458.51048066,304.40686376,304.37351820,0.05100136,1000.21157666,0.01998521,0.01998521,30944,94,0
6458.71930945,6458.71922590,310.65151340,310.65401372,0.05785683,1000.49889880,0.01998521,0.01998521,30943,94,0
6458.92862597,6458.92798464,316.90060673,316.91981079,0.03983534,1000.78482983,0.01998522,0.01998521,30942,94,0
6459.13687442,6459.13675687,323.15415742,323.15767961,0.04581660,1001.06877335,0.01998521,0.01998522,30941,94,0
6459.34515119,6459.34554260,329.41218257,329.40044678,0.05909808,1001.35222757,0.01998521,0.01998522,30940,94,0
6459.55308269,6459.55434183,335.67469933,335.63692179,0.05180866,1001.63468464,0.01998521,0.01998522,30939,94,0
6459.76404812,6459.76315455,341.94172489,341.96855213,0.02921339,1001.92072395,0.01998522,0.01998522,30938,94,0
6459.97123829,6459.97198078,348.21327361,348.19096753,0.06814238,1002.20111525,0.01998521,0.01998522,30937,94,0
6460.17884685,6460.18082050,354.48931357,354.42998251,0.06012905,1002.48154385,0.01998521,0.01998522,30936,94,0
6460.39024948,6460.38967373,360.76977588,360.78709462,0.03973712,1002.76654866,0.01998522,0.01998522,30935,94,0
6460.59839266,6460.59854047,367.05459035,367.05014135,0.04643382,1003.04661380,0.01998522,0.01998522,30934,94,0
6460.80793998,6460.80742070,373.34368649,373.35932595,0.06441037,1003.32801704,0.01998522,0.01998522,30933,94,0
6461.01595790,6461.01631445,379.63699352,379.62624875,0.07102392,1003.60681491,0.01998521,0.01998522,30932,94,0
6461.22546855,6461.22522170,385.93447619,385.94191961,0.02685058,1003.88705508,0.01998522,0.01998522,30931,94,0
6461.43457137,6461.43414246,392.23620210,392.24914336,0.04503732,1004.16619273,0.01998522,0.01998522,30930,94,0
6461.64231111,6461.64307673,398.54225751,398.51914234,0.06354357,1004.44296215,0.01998521,0.01998522,30929,94,0
6461.85264657,6461.85202452,404.85272904,404.87152191,0.03866572,1004.72263514,0.01998522,0.01998522,30928,94,0
6462.06077772,6462.06098581,411.16770368,411.16141284,0.03982003,1004.99883020,0.01998522,0.01998522,30927,94,0
6462.27066949,6462.26996062,417.48726401,417.50870787,0.04989599,1005.27681282,0.01998522,0.01998522,30926,94,0
6462.47757745,6462.47894895,423.81143533,423.76991888,0.01245475,1005.55030383,0.01998521,0.01998522,30925,94,0
6462.68741321,6462.68795079,430.14020478,430.12392090,0.03300228,1005.82711540,0.01998522,0.01998522,30924,94,0
6462.89584013,6462.89696615,436.47355876,436.43942813,0.05987009,1006.10151868,0.01998521,0.01998522,30923,94,0
6463.10680534,6463.10599503,442.81148359,442.83606073,0.02977778,1006.37870366,0.01998522,0.01998522,30922,94,0
6463.31450790,6463.31503744,449.15396557,449.13789372,0.02720417,1006.65104936,0.01998522,0.01998522,30921,94,0
6463.52496183,6463.52409336,455.50099620,455.52737189,0.05576202,1006.92644175,0.01998522,0.01998522,30920,94,0
6463.73198702,6463.73316281,461.85257801,461.81684571,0.05559026,1007.19679512,0.01998521,0.01998522,30919,94,0
6463.94260149,6463.94224578,468.20871493,468.21953220,0.03972318,1007.47127233,0.01998522,0.01998522,30918,94,0
6464.15145319,6464.15134228,474.56941092,474.57278606,0.04422742,1007.74288983,0.01998522,0.01998522,30917,94,0
6464.36035973,6464.36045231,480.93466991,480.93185097,0.00840848,1008.01401706,0.01998522,0.01998522,30916,94,0
6464.57019031,6464.56957586,487.30448686,487.32320876,0.05089530,1008.28577648,0.01998522,0.01998522,30915,94,0
6464.77915966,6464.77871294,493.67879173,493.69241157,0.04721094,1008.55585120,0.01998522,0.01998522,30914,94,0
6464.98754507,6464.98786356,500.05748573,500.04776930,0.02660051,1008.82459990,0.01998522,0.01998522,30913,94,0
6465.19603033,6465.19702771,506.44046951,506.41002380,0.06062749,1009.09290092,0.01998522,0.01998522,30912,94,0
6465.40683378,6465.40620539,512.82764330,512.84683640,0.02425811,1009.36359333,0.01998522,0.01998522,30911,94,0
6465.61433124,6465.61539661,519.21891160,519.18635266,0.03869453,1009.62945400,0.01998522,0.01998522,30910,94,0
6465.82444099,6465.82460137,525.61434711,525.60944303,0.06116097,1009.89807052,0.01998522,0.01998522,30909,94,0
6466.03440517,6466.03381966,532.01423295,532.03214949,0.03374917,1010.16591716,0.01998522,0.01998522,30908,94,0
6466.24282258,6466.24305149,538.41886666,538.41185719,0.05691378,1010.43122438,0.01998522,0.01998522,30907,94,0
6466.45241534,6466.45229686,544.82854706,544.83217754,0.04636903,1010.69746969,0.01998522,0.01998522,30906,94,0
6466.66117960,6466.66155578,551.24357428,551.23203766,0.05401516,1010.96211693,0.01998522,0.01998522,30905,94,0
6466.87079772,6466.87082823,557.66412526,557.66318868,0.06509592,1011.22730422,0.01998522,0.01998522,30904,94,0
6467.07983588,6467.08011424,564.08994165,564.08139196,0.04083479,1011.49120417,0.01998522,0.01998522,30903,94,0
6467.28952745,6467.28941378,570.52066851,570.52416202,0.04816643,1011.75535726,0.01998522,0.01998522,30902,94,0
6467.49879219,6467.49872688,576.95594932,576.95795794,0.02506554,1012.01838557,0.01998522,0.01998522,30901,94,0
6467.70868878,6467.70805352,583.39542598,583.41497360,0.05057913,1012.28160275,0.01998522,0.01998522,30900,94,0
6467.91754351,6467.91739372,589.83877846,589.84339018,0.02364163,1012.54289741,0.01998522,0.01998522,30899,94,0
6468.12683366,6468.12674746,596.28610347,596.28875889,0.05519847,1012.80412312,0.01998522,0.01998522,30898,94,0
6468.33597779,6468.33611476,602.73774908,602.73352701,0.04395656,1013.06456562,0.01998522,0.01998522,30897,94,0
6468.54488411,6468.54549561,609.19406827,609.17520604,0.03158482,1013.32412501,0.01998522,0.01998522,30896,94,0
6468.75431782,6468.75489001,615.65541563,615.63775287,0.05441250,1013.58376347,0.01998522,0.01998522,30895,94,0
6468.96480601,6468.96429797,622.12214191,622.13783689,0.03587263,1013.84414036,0.01998522,0.01998522,30894,94,0
6469.17306116,6469.17371949,628.59434002,628.57398655,0.05467888,1014.10119570,0.01998522,0.01998522,30893,94,0
6469.38234814,6469.38315457,635.07173284,635.04678279,0.01993386,1014.35895146,0.01998522,0.01998522,30892,94,0
6469.59242163,6469.59260321,641.55401358,641.54839202,0.05760123,1014.61708411,0.01998522,0.01998522,30891,94,0
6469.80296476,6469.80206541,648.04087406,648.06873477,0.03653618,1014.87518501,0.01998522,0.01998522,30890,94,0
6470.01118124,6470.01154117,654.53200473,654.52084814,0.05840817,1015.12982064,0.01998522,0.01998522,30889,94,0
6470.22050944,6470.22103050,661.02722500,661.01106481,0.02895607,1015.38519285,0.01998522,0.01998522,30888,94,0
6470.43055404,6470.43053339,667.52679484,667.52743547,0.05058388,1015.64082006,0.01998522,0.01998522,30887,94,0
6470.64025078,6470.64004985,674.03106877,674.03730872,0.04246789,1015.89541790,0.01998522,0.01998522,30886,94,0
6470.84869105,6470.84957988,680.54040288,680.51278000,0.04816342,1016.14790236,0.01998522,0.01998522,30885,94,0
6471.05822908,6471.05912348,687.05515488,687.02733684,0.02991422,1016.40113794,0.01998522,0.01998522,30884,94,0
6471.26766296,6471.26868065,693.57563118,693.54395271,0.05082763,1016.65367804,0.01998522,0.01998522,30883,94,0
6471.47853692,6471.47825139,700.10170605,700.11060115,0.02998183,1016.90737248,0.01998522,0.01998522,30882,94,0
6471.68757194,6471.68783570,706.63304070,706.62481828,0.05238125,1017.15826313,0.01998522,0.01998522,30881,94,0
6471.89792099,6471.89743359,713.16929338,713.18449772,0.04763484,1017.41012156,0.01998522,0.01998522,30880,94,0
6472.10600552,6472.10704505,719.71012073,719.67767280,0.06713751,1017.65865260,0.01998522,0.01998522,30879,94,0
6472.31664404,6472.31667009,726.25519128,726.25437743,0.05835036,1017.90959587,0.01998522,0.01998522,30878,94,0
6472.52666740,6472.52630872,732.80447849,732.81568763,0.02560667,1018.15916459,0.01998522,0.01998522,30877,94,0
6472.73662639,6472.73596092,739.35826114,739.37907090,0.05015537,1018.40802556,0.01998522,0.01998522,30876,94,0
6472.94551896,6472.94562670,745.91683250,745.91346108,0.02623446,1018.65500573,0.01998522,0.01998522,30875,94,0
6473.15600046,6473.15530606,752.48048714,752.50223223,0.04479382,1018.90325181,0.01998522,0.01998522,30874,94,0
6473.36564663,6473.36499901,759.04951978,759.06981556,0.02564207,1019.14991066,0.01998522,0.01998522,30873,94,0
6473.57414416,6473.57470554,765.62408799,765.60648096,0.05009980,1019.39462620,0.01998522,0.01998522,30872,94,0
6473.78495545,6473.78442567,772.20408514,772.22071332,0.06362836,1019.64145146,0.01998522,0.01998522,30871,94,0
6473.99383910,6473.99415937,778.78937426,778.77931464,0.03140575,1019.88541192,0.01998522,0.01998522,30870,94,0
6474.20410213,6474.20390667,785.37981772,785.38596120,0.04183425,1020.13036539,0.01998522,0.01998522,30869,94,0
6474.41311087,6474.41366756,791.97527726,791.95776735,0.03776418,1020.37323639,0.01998522,0.01998522,30868,94,0
6474.62340077,6474.62344204,798.57565255,798.57435341,0.05115816,1020.61696563,0.01998522,0.01998522,30867,94,0
6474.83358471,6474.83323011,805.18098348,805.19215211,0.06225638,1020.85993994,0.01998522,0.01998522,30866,94,0
6475.04282986,6475.04303178,811.79134219,811.78497788,0.03110173,1021.10120225,0.01998522,0.01998522,30865,94,0
6475.25248783,6475.25284705,818.40680115,818.39547091,0.04809943,1021.34231429,0.01998522,0.01998522,30864,94,0
6475.46165675,6475.46267591,825.02743314,824.99526471,0.03434738,1021.58224017,0.01998522,0.01998522,30863,94,0
6475.67226097,6475.67251837,831.65330349,831.64517315,0.05597922,1021.82318357,0.01998522,0.01998522,30862,94,0
6475.88264313,6475.88237443,838.28442499,838.29291877,0.05217902,1022.06324164,0.01998522,0.01998522,30861,94,0
6476.09188373,6476.09224409,844.92078851,844.90938956,0.02866855,1022.30136921,0.01998522,0.01998522,30860,94,0
6476.30198665,6476.30212735,851.56238483,851.55793083,0.04354241,1022.53984595,0.01998522,0.01998522,30859,94,0
6476.51207562,6476.51202422,858.20920465,858.21083301,0.06183958,1022.77767134,0.01998522,0.01998522,30858,94,0
6476.72202363,6476.72193469,864.86124657,864.86406627,0.03521569,1023.01470049,0.01998522,0.01998522,30857,94,0
6476.93155303,6476.93185877,871.51860933,871.50890968,0.06305272,1023.25062419,0.01998522,0.01998522,30856,94,0
6477.14168472,6477.14179645,878.18146075,878.17791328,0.03467518,1023.48659525,0.01998522,0.01998522,30855,94,0
6477.35079750,6477.35174775,884.84997079,884.81977672,0.06227199,1023.72079908,0.01998522,0.01998522,30854,94,0
6477.56071302,6477.56171265,891.52431016,891.49252092,0.05114832,1023.95528091,0.01998522,0.01998522,30853,94,0
6477.77158043,6477.77169117,898.20464057,898.20111605,0.06779267,1024.19020323,0.01998522,0.01998522,30852,94,0
6477.98139844,6477.98168330,904.89087823,904.88180456,0.03214228,1024.42333193,0.01998522,0.01998522,30851,94,0
6478.19153713,6478.19168905,911.58268111,911.57783841,0.04480613,1024.65617865,0.01998522,0.01998522,30850,94,0
6478.40193394,6478.40170841,918.27969334,918.28688742,0.05633203,1024.88865716,0.01998522,0.01998522,30849,94,0
6478.61180650,6478.61174138,924.98155737,924.98363585,0.03335568,1025.11989014,0.01998522,0.01998522,30848,94,0
6478.82171778,6478.82178798,931.68791885,931.68567679,0.04992059,1025.35048636,0.01998522,0.01998522,30847,94,0
6479.03162021,6479.03184820,938.39869975,938.39141402,0.05305313,1025.58038926,0.01998522,0.01998522,30846,94,0
6479.24235504,6479.24192203,945.11424355,945.12809043,0.06536868,1025.81052651,0.01998522,0.01998522,30845,94,0
6479.45202572,6479.45200949,951.83493062,951.83544997,0.02678681,1026.03883936,0.01998522,0.01998522,30844,94,0
6479.66222814,6479.66211057,958.56114312,958.56490846,0.05088993,1026.26707932,0.01998522,0.01998522,30843,94,0
6479.87269577,6479.87222528,965.29326382,965.30834475,0.04744981,1026.49496431,0.01998522,0.01998522,30842,94,0
6480.08199039,6480.08235361,972.03147577,972.01982336,0.02486158,1026.72094534,0.01998522,0.01998522,30841,94,0
6480.29179369,6480.29249557,978.77553917,978.75300482,0.05860035,1026.94683111,0.01998522,0.01998522,30840,94,0
6480.50274368,6480.50265116,985.52515959,985.52813193,0.04086650,1027.17328901,0.01998522,0.01998522,30839,94,0
6480.71289863,6480.71282039,992.28004112,992.28255667,0.04383378,1027.39822111,0.01998522,0.01998522,30838,94,0
6480.92267096,6480.92300324,999.03988661,999.02919672,0.02527765,1027.62206289,0.01998522,0.01998522,30837,94,0
6481.13243294,6481.13319972,1005.80452094,1005.77983599,0.05482210,1027.84520603,0.01998522,0.01998522,30836,94,0
6481.34332695,6481.34340984,1012.57411212,1012.57144191,0.04540574,1028.06886419,0.01998522,0.01998522,30835,94,0
6481.55409006,6481.55363360,1019.34888832,1019.36360382,0.05170511,1028.29169889,0.01998523,0.01998522,30834,94,0
6481.76385881,6481.76387099,1026.12907885,1026.12868598,0.06588628,1028.51280843,0.01998522,0.01998522,30833,94,0
6481.97471442,6481.97412202,1032.91491408,1032.93404143,0.02977020,1028.73439171,0.01998523,0.01998522,30832,94,0
6482.18405165,6482.18438669,1039.70655672,1039.69573059,0.04910217,1028.95371632,0.01998522,0.01998522,30831,94,0
6482.39442964,6482.39466500,1046.50392916,1046.49631821,0.04594853,1029.17346125,0.01998522,0.01998522,30830,94,0
6482.60507247,6482.60495695,1053.30690061,1053.31063906,0.04242468,1029.39280359,0.01998522,0.01998522,30829,94,0
6482.81557310,6482.81526254,1060.11533965,1060.12539740,0.06271509,1029.61131273,0.01998522,0.01998522,30828,94,0
6483.02505305,6483.02558178,1066.92911416,1066.91197854,0.03770886,1029.82807637,0.01998522,0.01998522,30827,94,0
6483.23554567,6483.23591467,1073.74812230,1073.73615492,0.05397684,1030.04519353,0.01998522,0.01998522,30826,94,0
6483.44587903,6483.44626121,1080.57239027,1080.55998707,0.03881610,1030.26145023,0.01998522,0.01998522,30825,94,0
6483.65693223,6483.65662139,1087.40197782,1087.41207344,0.03926349,1030.47774757,0.01998522,0.01998522,30824,94,0
6483.87192632,6483.86699522,0.00000000,1094.39444496,0.04714073,1030.69727648,0.01998524,0.01998522,30823,94,1
6484.07765470,6484.07738271,1101.07735198,1101.08619875,0.02828765,1030.90683362,0.01998522,0.01998522,30822,94,0
6484.28707234,6484.28778384,1107.92328351,1107.90012432,0.06498602,1031.11937729,0.01998522,0.01998522,30821,94,0
6484.49790937,6484.49819864,1114.77493599,1114.76551311,0.04767168,1031.33266967,0.01998522,0.01998522,30820,94,0
6484.70783084,6484.70862708,1121.63253906,1121.60657984,0.04526766,1031.54435121,0.01998522,0.01998522,30819,94,0
6484.91874049,6484.91906919,1128.49632353,1128.48559803,0.03381130,1031.75634630,0.01998522,0.01998522,30818,94,0
6485.12953902,6485.12952495,1135.36652132,1135.36698080,0.03220671,1031.96755067,0.01998522,0.01998522,30817,94,0
6485.34012440,6485.33999437,1142.24328420,1142.24753470,0.04390392,1032.17786603,0.01998522,0.01998522,30816,94,0
6485.55046536,6485.55047745,1149.12636985,1149.12597424,0.06551661,1032.38725367,0.01998522,0.01998522,30815,94,0
6485.76135036,6485.76097420,1156.01541505,1156.02773055,0.01483033,1032.59648377,0.01998522,0.01998522,30814,94,0
6485.97114157,6485.97148460,1162.91005471,1162.89881553,0.05811835,1032.80392106,0.01998522,0.01998522,30813,94,0
6486.18207917,6486.18200868,1169.80992189,1169.81223294,0.05974125,1033.01176732,0.01998522,0.01998522,30812,94,0
6486.39273066,6486.39254641,1176.71475414,1176.72079856,0.04350397,1033.21859696,0.01998522,0.01998522,30811,94,0
6486.60279120,6486.60309782,1183.62479547,1183.61472889,0.03795351,1033.42412077,0.01998522,0.01998522,30810,94,0
6486.81377604,6486.81366290,1190.54044248,1190.54415992,0.04849720,1033.62982949,0.01998522,0.01998522,30809,94,0
6487.02362140,6487.02424164,1197.46209374,1197.44169811,0.04076441,1033.83372181,0.01998522,0.01998522,30808,94,0
6487.23535646,6487.23483406,1204.39014988,1204.40734372,0.04011627,1034.03874690,0.01998523,0.01998522,30807,94,0
6487.44541018,6487.44544015,1211.32491356,1211.32392637,0.04788823,1034.24145241,0.01998522,0.01998522,30806,94,0
6487.65589692,6487.65605991,1218.26624856,1218.26087455,0.05253260,1034.44387856,0.01998522,0.01998522,30805,94,0
6487.86671189,6487.86669335,1225.21389665,1225.21450840,0.04850158,1034.64591095,0.01998522,0.01998522,30804,94,0
6488.07799777,6488.07734046,1232.16759828,1232.18930513,0.05564556,1034.84767250,0.01998523,0.01998522,30803,94,0
6488.28807013,6488.28800125,1239.12709254,1239.12936871,0.06491761,1035.04754889,0.01998522,0.01998522,30802,94,0
6488.49833997,6488.49867573,1246.09218932,1246.08108476,0.05253236,1035.24688044,0.01998522,0.01998522,30801,94,0
6488.70936940,6488.70936388,1253.06297308,1253.06315561,0.05824845,1035.44619546,0.01998522,0.01998522,30800,94,0
6488.92035600,6488.92006572,1260.03959455,1260.04921006,0.06906228,1035.64473460,0.01998523,0.01998522,30799,94,0
6489.13024434,6489.13078123,1267.02220517,1267.00440643,0.06283745,1035.84151283,0.01998522,0.01998522,30798,94,0
6489.34132271,6489.34151044,1274.01095716,1274.00472859,0.02184967,1036.03867721,0.01998522,0.01998523,30797,94,0
6489.55191746,6489.55225333,1281.00596124,1280.99480833,0.06993189,1036.23466164,0.01998522,0.01998523,30796,94,0
6489.76242639,6489.76300990,1288.00719691,1287.98780484,0.01797492,1036.42983651,0.01998522,0.01998523,30795,94,0
6489.97349941,6489.97378017,1295.01461798,1295.00527976,0.05763896,1036.62479836,0.01998522,0.01998523,30794,94,0
6490.18495282,6490.18456413,1302.02817798,1302.04111644,0.06746800,1036.81936908,0.01998523,0.01998523,30793,94,0
6490.39637309,6490.39536177,1309.04783019,1309.08152116,0.05625136,1037.01316282,0.01998523,0.01998523,30792,94,0
6490.60662762,6490.60617311,1316.07352367,1316.08867699,0.06204561,1037.20514416,0.01998523,0.01998523,30791,94,0
6490.81730876,6490.81699815,1323.10519770,1323.11556171,0.06705366,1037.39676720,0.01998523,0.01998523,30790,94,0
6491.02814785,6491.02783687,1330.14278979,1330.15317394,0.05333926,1037.58778065,0.01998523,0.01998523,30789,94,0
6491.23903777,6491.23868930,1337.18623715,1337.19788193,0.04646152,1037.77808253,0.01998523,0.01998523,30788,94,0
6491.44982769,6491.44955542,1344.23547774,1344.24458309,0.04890476,1037.96753327,0.01998523,0.01998523,30787,94,0
6491.66046248,6491.66043525,1351.29054830,1351.29145974,0.04546797,1038.15608361,0.01998523,0.01998523,30786,94,0
6491.87140047,6491.87132877,1358.35166152,1358.35406300,0.04001030,1038.34414659,0.01998523,0.01998523,30785,94,0
6492.08222633,6492.08223600,1365.41904917,1365.41872502,0.03732055,1038.53135486,0.01998523,0.01998523,30784,94,0
6492.29304797,6492.29315693,1372.49294426,1372.48928840,0.03429942,1038.71780874,0.01998523,0.01998523,30783,94,0
6492.50406651,6492.50409156,1379.57357597,1379.57273474,0.04176003,1038.90368871,0.01998523,0.01998523,30782,94,0
6492.71512525,6492.71503990,1386.66099451,1386.66386334,0.04610156,1039.08885434,0.01998523,0.01998523,30781,94,0
6492.92602053,6492.92600195,1393.75502514,1393.75565039,0.04975140,1039.27312063,0.01998523,0.01998523,30780,94,0
6493.13669195,6493.13697770,1400.85547801,1400.84585690,0.05306092,1039.45642962,0.01998523,0.01998523,30779,94,0
6493.34817741,6493.34796717,1407.96216222,1407.96924639,0.06185816,1039.63967395,0.01998523,0.01998523,30778,94,0
6493.55990625,6493.55897035,1415.07489247,1415.10645315,0.05879456,1039.82234633,0.01998523,0.01998523,30777,94,0
6493.77032752,6493.76998724,1422.19359570,1422.20507948,0.04462241,1040.00311052,0.01998523,0.01998523,30776,94,0
6493.98099349,6493.98101784,1429.31829356,1429.31747089,0.04531878,1040.18330433,0.01998523,0.01998523,30775,94,0
6494.19175733,6494.19206216,1436.44901075,1436.43870722,0.04457855,1040.36279874,0.01998523,0.01998523,30774,94,0
6494.40306998,6494.40312020,1443.58577209,1443.58407316,0.04038706,1040.54197260,0.01998523,0.01998523,30773,94,0
6494.61386886,6494.61419195,1450.72862655,1450.71768824,0.04475012,1040.71992381,0.01998523,0.01998523,30772,94,0
6494.82538492,6494.82527743,1457.87783944,1457.88148178,0.05401815,1040.89769472,0.01998523,0.01998523,30771,94,0
6495.03655301,6495.03637662,1465.03379191,1465.03977378,0.06070679,1041.07439514,0.01998523,0.01998523,30770,94,0
6495.24757705,6495.24748954,1472.19686820,1472.19983897,0.05376664,1041.25020539,0.01998523,0.01998523,30769,94,0
6495.45859014,6495.45861618,1479.36745463,1479.36656968,0.03188302,1041.42524397,0.01998523,0.01998523,30768,94,0
6495.66931372,6495.66975655,1486.54580523,1486.53074260,0.03748819,1041.59928483,0.01998523,0.01998523,30767,94,0
6495.88112513,6495.88091064,1493.73152004,1493.73882263,0.03795340,1041.77344867,0.01998523,0.01998523,30766,94,0
6496.09571863,6496.09207845,0.00000000,1501.05432490,0.07208385,1041.94924028,0.01998524,0.01998523,30765,94,1
6496.30055636,6496.30326000,0.00000000,1508.03473993,0.03043962,1042.11607078,0.01998522,0.01998523,30764,94,1
6496.51470858,6496.51445528,1515.32681613,1515.33545925,0.04357171,1042.28960682,0.01998523,0.01998523,30763,94,0
6496.72529123,6496.72566429,1522.53622945,1522.52349098,0.03653430,1042.45951573,0.01998523,0.01998523,30762,94,0
6496.93658686,6496.93688703,1529.75129956,1529.74104222,0.03809881,1042.62917543,0.01998523,0.01998523,30761,94,0
6497.14793508,6497.14812351,1536.97257570,1536.96613151,0.06223734,1042.79806194,0.01998523,0.01998523,30760,94,0
6497.35950212,6497.35937372,1544.20061012,1544.20500551,0.04374961,1042.96631709,0.01998523,0.01998523,30759,94,0
6497.57071600,6497.57063766,1551.43595001,1551.43863431,0.04387171,1043.13349690,0.01998523,0.01998523,30758,94,0
6497.78115606,6497.78191535,1558.67879957,1558.65275783,0.03676111,1043.29927671,0.01998522,0.01998523,30757,94,0
6497.99260721,6497.99320678,1565.92889618,1565.90831383,0.06227866,1043.46505255,0.01998523,0.01998523,30756,94,0
6498.20523632,6498.20451194,1573.18594254,1573.21083122,0.04384475,1043.63093324,0.01998523,0.01998523,30755,94,0
6498.41541555,6498.41583085,1580.44963964,1580.43535868,0.03873437,1043.79408664,0.01998523,0.01998523,30754,94,0
6498.62688358,6498.62716350,1587.71970967,1587.71007612,0.04169296,1043.95741300,0.01998523,0.01998523,30753,94,0
6498.83837267,6498.83850990,1594.99616472,1594.99143811,0.06025529,1044.11992342,0.01998523,0.01998523,30752,94,0
6499.05016191,6499.04987004,1602.27921807,1602.28927944,0.04549534,1044.28183284,0.01998523,0.01998523,30751,94,0
6499.26140974,6499.26124393,1609.56908818,1609.57480918,0.03822859,1044.44250169,0.01998523,0.01998523,30750,94,0
6499.47210450,6499.47263157,1616.86599469,1616.84779214,0.05917415,1044.60192976,0.01998523,0.01998523,30749,94,0
6499.68474844,6499.68403296,1624.17011311,1624.19484496,0.04978028,1044.76200349,0.01998523,0.01998523,30748,94,0
6499.89527002,6499.89544810,1631.48138838,1631.47522701,0.03023490,1044.91965505,0.01998523,0.01998523,30747,94,0
6500.10694151,6500.10687700,1638.79969140,1638.80192526,0.04884424,1045.07733518,0.01998523,0.01998523,30746,94,0
6500.31845006,6500.31831965,1646.12489230,1646.12941239,0.06295791,1045.23405471,0.01998523,0.01998523,30745,94,0
6500.53041132,6500.52977605,1653.45686100,1653.47889739,0.02958791,1045.39026269,0.01998523,0.01998523,30744,94,0
6500.74135323,6500.74124621,1660.79556099,1660.79927642,0.05699170,1045.54487441,0.01998523,0.01998523,30743,94,0
6500.95285064,6500.95273013,1668.14115588,1668.14534362,0.04336752,1045.69904788,0.01998523,0.01998523,30742,94,0
6501.16434484,6501.16422781,1675.49383582,1675.49790618,0.03342323,1045.85237386,0.01998523,0.01998523,30741,94,0
6501.37583696,6501.37573925,1682.85379202,1682.85719389,0.05391817,1046.00485451,0.01998523,0.01998523,30740,94,0
6501.58714225,6501.58726445,1690.22120670,1690.21694868,0.03541973,1046.15635877,0.01998523,0.01998523,30739,94,0
6501.79875753,6501.79880341,1697.59606739,1697.59446705,0.02984540,1046.30723903,0.01998523,0.01998523,30738,94,0
6502.01046153,6502.01035614,1704.97818386,1704.98186288,0.05454667,1046.45732848,0.01998523,0.01998523,30737,94,0
6502.22208405,6502.22192264,1712.36735832,1712.37299817,0.03035460,1046.60649969,0.01998523,0.01998523,30736,94,0
6502.43342782,6502.43350290,1719.76339178,1719.76076600,0.04030038,1046.75460919,0.01998523,0.01998523,30735,94,0
6502.64532124,6502.64509694,1727.16612888,1727.17397967,0.06136404,1046.90223018,0.01998523,0.01998523,30734,94,0
6502.85638743,6502.85670474,1734.57567285,1734.56455729,0.03223810,1047.04840467,0.01998523,0.01998523,30733,94,0
6503.06816051,6503.06832631,1741.99222079,1741.98640740,0.04717299,1047.19419715,0.01998523,0.01998523,30732,94,0
6503.28051841,6503.27996166,1749.41597105,1749.43550973,0.03075972,1047.33951684,0.01998523,0.01998523,30731,94,0
6503.49146430,6503.49161078,1756.84712256,1756.84197693,0.05438219,1047.48300348,0.01998523,0.01998523,30730,94,0
6503.70305751,6503.70327368,1764.28579797,1764.27819708,0.03818275,1047.62606210,0.01998523,0.01998523,30729,94,0
6503.91479893,6503.91495036,1771.73196557,1771.72663641,0.05680849,1047.76834691,0.01998523,0.01998523,30728,94,0
6504.12684020,6504.12664081,1779.18557491,1779.19259864,0.04774858,1047.90995319,0.01998523,0.01998523,30727,94,0
6504.33819824,6504.33834504,1786.64657522,1786.64139921,0.02936936,1048.05022304,0.01998523,0.01998523,30726,94,0
6504.54995898,6504.55006306,1794.11491582,1794.11124280,0.05536118,1048.18987514,0.01998523,0.01998523,30725,94,0
6504.76184421,6504.76179485,1801.59055119,1801.59229470,0.03314662,1048.32871908,0.01998523,0.01998523,30724,94,0
6504.97383234,6504.97354043,1809.07343952,1809.08375997,0.05524015,1048.46673572,0.01998523,0.01998523,30723,94,0
6505.18535185,6505.18529980,1816.56353883,1816.56538060,0.03201350,1048.60355175,0.01998523,0.01998523,30722,94,0
6505.39715384,6505.39707295,1824.06080685,1824.06367166,0.05777352,1048.73965069,0.01998523,0.01998523,30721,94,0
6505.60834214,6505.60885989,1831.56523104,1831.54687676,0.03432017,1048.87445583,0.01998523,0.01998523,30720,94,0
6505.82049949,6505.82066062,1839.07691048,1839.07119332,0.05104394,1049.00897426,0.01998523,0.01998523,30719,94,0
6506.03253436,6506.03247514,1846.59597083,1846.59807398,0.03431678,1049.14250788,0.01998523,0.01998523,30718,94,0
6506.24416068,6506.24430345,1854.12253850,1854.11746321,0.05268469,1049.27487936,0.01998523,0.01998523,30717,94,0
6506.45646745,6506.45614555,1861.65674074,1861.66819435,0.03366029,1049.40676744,0.01998523,0.01998523,30716,94,0
6506.66784635,6506.66800145,1869.19870971,1869.19318546,0.05739876,1049.53717395,0.01998523,0.01998523,30715,94,0
6506.88004985,6506.87987115,1876.74858305,1876.75495435,0.06080915,1049.66718007,0.01998523,0.01998523,30714,94,0
6507.09199594,6507.09175464,1884.30649947,1884.31511093,0.03762797,1049.79611857,0.01998523,0.01998523,30713,94,0
6507.30413552,6507.30365193,1891.87259850,1891.88987464,0.05282027,1049.92426340,0.01998523,0.01998523,30712,94,0
6507.51517156,6507.51556302,1899.44695999,1899.43296097,0.03286792,1050.05083512,0.01998523,0.01998523,30711,94,0
6507.72733608,6507.72748791,1907.02932920,1907.02389437,0.04959451,1050.17716481,0.01998523,0.01998523,30710,94,0
6507.93911894,6507.93942661,1914.61933451,1914.60831141,0.03888628,1050.30233925,0.01998523,0.01998523,30709,94,0
6508.15171266,6508.15137910,1922.21660191,1922.22856293,0.05479401,1050.42705134,0.01998523,0.01998523,30708,94,0
6508.36318420,6508.36334541,1929.82076179,1929.81497603,0.05196069,1050.55016046,0.01998523,0.01998523,30707,94,0
6508.57541863,6508.57532552,1937.43178235,1937.43512684,0.03573066,1050.67276324,0.01998523,0.01998523,30706,94,0
6508.78716879,6508.78731944,1945.05012538,1945.04470904,0.05646092,1050.79414206,0.01998523,0.01998523,30705,94,0
6508.99884816,6508.99932716,1952.67629426,1952.65905534,0.06073016,1050.91454271,0.01998523,0.01998523,30704,94,0
6509.21123802,6509.21134870,1960.31079543,1960.30680799,0.03661548,1051.03441020,0.01998523,0.01998523,30703,94,0
6509.42337890,6509.42338405,1967.95403928,1967.95385356,0.04684937,1051.15320306,0.01998523,0.01998523,30702,94,0
6509.63562309,6509.63543321,1975.60580186,1975.61265689,0.02914868,1051.27111265,0.01998523,0.01998523,30701,94,0
6509.84718704,6509.84749619,1983.26560616,1983.25443410,0.05297636,1051.38769697,0.01998523,0.01998523,30700,94,0
6510.05984435,6510.05957299,1990.93297149,1990.94278677,0.04908345,1051.50392018,0.01998523,0.01998523,30699,94,0
6510.27167242,6510.27166360,1998.60741963,1998.60773907,0.02430810,1051.61871967,0.01998523,0.01998523,30698,94,0
6510.48325519,6510.48376803,2006.28875536,2006.27017507,0.05642562,1051.73241367,0.01998523,0.01998523,30697,94,0
6510.69598715,6510.69588628,2013.97720438,2013.98086212,0.04510636,1051.84574592,0.01998523,0.01998523,30696,94,0
6510.90845512,6510.90801835,2021.67302770,2021.68888027,0.05648392,1051.95795846,0.01998523,0.01998523,30695,94,0
6511.12030577,6511.12016425,2029.37648795,2029.38162931,0.03210492,1052.06887165,0.01998523,0.01998523,30694,94,0
6511.33229149,6511.33232397,2037.08785244,2037.08667147,0.05181558,1052.17888355,0.01998523,0.01998523,30693,94,0
6511.54445308,6511.54449751,2044.80740764,2044.80579046,0.04549310,1052.28801410,0.01998523,0.01998523,30692,94,0
6511.75638697,6511.75668488,2052.53544805,2052.52459228,0.02972266,1052.39605696,0.01998523,0.01998523,30691,94,0
6511.96829304,6511.96888608,2060.27227002,2060.25063612,0.05762121,1052.50311650,0.01998523,0.01998523,30690,94,0
6512.18141793,6512.18110111,2068.01816481,2068.02973536,0.04793135,1052.60981487,0.01998523,0.01998523,30689,94,0
6512.39395120,6512.39332997,2075.77319794,2075.79591071,0.05123263,1052.71523862,0.01998523,0.01998523,30688,94,0
6512.60545548,6512.60557266,2083.53716130,2083.53287254,0.02267120,1052.81917560,0.01998523,0.01998523,30687,94,0
6512.81769675,6512.81782919,2091.30982914,2091.30497691,0.05794639,1052.92248912,0.01998523,0.01998523,30686,94,0
6513.03018641,6513.03009955,2099.09097424,2099.09415975,0.04430001,1053.02492803,0.01998523,0.01998523,30685,94,0
6513.24262614,6513.24238375,2106.88040140,2106.88929996,0.04512617,1053.12634123,0.01998523,0.01998523,30684,94,0
6513.45541893,6513.45468178,2114.67804851,2114.70513710,0.05228125,1053.22691484,0.01998523,0.01998523,30683,94,0
6513.66639977,6513.66699366,2122.48388677,2122.46204120,0.02660540,1053.32563233,0.01998523,0.01998523,30682,94,0
6513.87941772,6513.87931937,2130.29788711,2130.30150821,0.04945100,1053.42428945,0.01998523,0.01998523,30681,94,0
6514.09143784,6514.09165893,2138.12002908,2138.11188071,0.04681605,1053.52146969,0.01998523,0.01998523,30680,94,0
6514.30382482,6514.30401233,2145.95042897,2145.94351133,0.04751729,1053.61780127,0.01998523,0.01998523,30679,94,0
6514.51607705,6514.51637957,2153.78931211,2153.77813961,0.05363913,1053.71305443,0.01998523,0.01998523,30678,94,0
6514.72857149,6514.72876066,2161.63690820,2161.62991454,0.03372136,1053.80739694,0.01998523,0.01998523,30677,94,0
6514.94096233,6514.94115560,2169.49344794,2169.48629525,0.05849341,1053.90067348,0.01998523,0.01998523,30676,94,0
6515.15340871,6515.15356438,2177.35906135,2177.35329360,0.05586644,1053.99295221,0.01998523,0.01998523,30675,94,0
6515.36593269,6515.36598702,2185.23365222,2185.23163720,0.04933080,1054.08423700,0.01998523,0.01998523,30674,94,0
6515.57813274,6515.57842350,2193.11709308,2193.10629718,0.03947097,1054.17435208,0.01998523,0.01998523,30673,94,0
6515.79026836,6515.79087384,2201.00925560,2200.98675131,0.04407221,1054.26340552,0.01998523,0.01998523,30672,94,0
6516.00351632,6516.00333803,2208.91000852,2208.91664154,0.04059404,1054.35187864,0.01998523,0.01998523,30671,94,0
6516.21550088,6516.21581608,2216.81920612,2216.80746728,0.04716576,1054.43878184,0.01998523,0.01998523,30670,94,0
6516.42836197,6516.42830799,2224.73669617,2224.73870861,0.04754848,1054.52499021,0.01998523,0.01998523,30669,94,0
6516.64011689,6516.64081375,2232.66232535,2232.63632291,0.05964503,1054.60969750,0.01998523,0.01998523,30668,94,0
6516.85300198,6516.85333337,2240.59594899,2240.58357199,0.05729204,1054.69379335,0.01998523,0.01998523,30667,94,0
6517.06601057,6517.06586685,2248.53765757,2248.54303024,0.05706020,1054.77686839,0.01998523,0.01998523,30666,94,0
6517.27832535,6517.27841420,2256.48778651,2256.48446148,0.06404075,1054.85860833,0.01998523,0.01998523,30665,94,0
6517.49091847,6517.49097541,2264.44668467,2264.44455148,0.02417583,1054.93939067,0.01998523,0.01998523,30664,94,0
6517.70294287,6517.70355048,2272.41470296,2272.39191520,0.05433094,1055.01889566,0.01998523,0.01998523,30663,94,0
6517.91546478,6517.91613942,2280.39208765,2280.36675787,0.04846875,1055.09752234,0.01998523,0.01998523,30662,94,0
6518.12812378,6518.12874222,2288.37882037,2288.35557470,0.04911309,1055.17512861,0.01998523,0.01998523,30661,94,0
6518.34097104,6518.34135890,2296.37484183,2296.36024725,0.05244085,1055.25172628,0.01998523,0.01998523,30660,94,0
6518.55398824,6518.55398945,2304.38009230,2304.38004676,0.04920644,1055.32730166,0.01998523,0.01998523,30659,94,0
6518.76599726,6518.76663386,2312.39449746,2312.37049180,0.04903935,1055.40143873,0.01998523,0.01998523,30658,94,0
6518.97891867,6518.97929215,2320.41789470,2320.40379616,0.05025149,1055.47480457,0.01998523,0.01998523,30657,94,0
6519.19139025,6519.19196432,2328.45008677,2328.42839438,0.04676712,1055.54692086,0.01998523,0.01998523,30656,94,0
6519.40484959,6519.40465036,2336.49087495,2336.49841073,0.05759729,1055.61826598,0.01998524,0.01998523,30655,94,0
6519.61745140,6519.61735027,2344.54008135,2344.54391035,0.05418199,1055.68821711,0.01998524,0.01998524,30654,94,0
6519.83047378,6519.83006407,2352.59789925,2352.61342763,0.04836949,1055.75719640,0.01998524,0.01998524,30653,94,0
6520.04277534,6520.04279174,2360.66483196,2360.66420960,0.03802737,1055.82483725,0.01998523,0.01998524,30652,94,0
6520.25573799,6520.25553330,2368.74139552,2368.74917100,0.04577212,1055.89158090,0.01998524,0.01998524,30651,94,0
6520.46812542,6520.46828874,2376.82810501,2376.82189374,0.04830089,1055.95703936,0.01998523,0.01998524,30650,94,0
6520.68088012,6520.68105806,2384.92515586,2384.91838024,0.04063035,1056.02150207,0.01998523,0.01998524,30649,94,0
6520.89378831,6520.89384127,2393.03220915,2393.03019052,0.03592448,1056.08489325,0.01998523,0.01998524,30648,94,0
6521.10666327,6521.10663836,2401.14887324,2401.14982408,0.04085649,1056.14714922,0.01998524,0.01998524,30647,94,0
6521.31938912,6521.31944934,2409.27475374,2409.27245330,0.04414666,1056.20823062,0.01998524,0.01998524,30646,94,0
6521.53210121,6521.53227421,2417.40956038,2417.40294453,0.04998163,1056.26817167,0.01998523,0.01998524,30645,94,0
6521.74544995,6521.74511297,2425.55335223,2425.56625288,0.04959440,1056.32714738,0.01998524,0.01998524,30644,94,0
6521.95789685,6521.95796562,2433.70626079,2433.70362521,0.04440584,1056.38473180,0.01998524,0.01998524,30643,94,0
6522.17045941,6522.17083217,2441.86841846,2441.85411763,0.04469505,1056.44120420,0.01998523,0.01998524,30642,94,0
6522.38391451,6522.38371261,2450.03998363,2450.04773784,0.03979205,1056.49676005,0.01998524,0.01998524,30641,94,0
6522.59624934,6522.59660695,2458.22127712,2458.20752673,0.04537324,1056.55087549,0.01998523,0.01998524,30640,94,0
6522.80982420,6522.80951518,2466.41268586,2466.42458227,0.05361788,1056.60414952,0.01998524,0.01998524,30639,94,0
6523.02285041,6523.02243731,2474.61459961,2474.63052213,0.05329379,1056.65612852,0.01998524,0.01998524,30638,94,0
6523.23487854,6523.23537335,2482.82736430,2482.80826811,0.03352940,1056.70671314,0.01998523,0.01998524,30637,94,0
6523.44831913,6523.44832328,2491.05073778,2491.05057749,0.03773239,1056.75646905,0.01998524,0.01998524,30636,94,0
6523.66099171,6523.66128712,2499.28407023,2499.27264313,0.04341122,1056.80487444,0.01998524,0.01998524,30635,94,0
6523.87436971,6523.87426486,2507.52669918,2507.53075901,0.05761079,1056.85225723,0.01998524,0.01998524,30634,94,0
6524.08731875,6524.08725651,2515.77797728,2515.78038994,0.03959361,1056.89835573,0.01998524,0.01998524,30633,94,0
6524.30013915,6524.30026206,2524.03780168,2524.03303311,0.03512460,1056.94323547,0.01998524,0.01998524,30632,94,0
6524.51345872,6524.51328152,2532.30667414,2532.31355611,0.04782788,1056.98702479,0.01998524,0.01998524,30631,94,0
6524.72595813,6524.72631489,2540.58513120,2540.57125964,0.05200788,1057.02945447,0.01998524,0.01998524,30630,94,0
6524.93978935,6524.93936217,2548.87370978,2548.89033874,0.03862042,1057.07094848,0.01998524,0.01998524,30629,94,0
6525.15230976,6525.15242337,2557.17269476,2557.16826697,0.03829246,1057.11099092,0.01998524,0.01998524,30628,94,0
6525.36532753,6525.36549848,2565.48194293,2565.47527258,0.05606778,1057.14992428,0.01998524,0.01998524,30627,94,0
6525.57878525,6525.57858750,2573.80126880,2573.80899348,0.04503156,1057.18772491,0.01998524,0.01998524,30626,94,0
6525.79132598,6525.79169044,2582.13048575,2582.11623294,0.04241361,1057.22415151,0.01998524,0.01998524,30625,94,0
6526.00482525,6526.00480730,2590.46949520,2590.47019793,0.05247168,1057.25952055,0.01998524,0.01998524,30624,94,0
6526.21780858,6526.21793807,2598.81841845,2598.81334277,0.03604785,1057.29358030,0.01998524,0.01998524,30623,94,0
6526.43099125,6526.43108277,2607.17741101,2607.17381971,0.03722672,1057.32644424,0.01998524,0.01998524,30622,94,0
6526.64390753,6526.64424139,2615.54662952,2615.53351377,0.05558213,1057.35803746,0.01998524,0.01998524,30621,94,0
6526.85761300,6526.85741393,2623.92623529,2623.93406518,0.03426101,1057.38850823,0.01998524,0.01998524,30620,94,0
6527.07091639,6527.07060040,2632.31640316,2632.32884679,0.05465107,1057.41767948,0.01998524,0.01998524,30619,94,0
6527.28391230,6527.28380079,2640.71731197,2640.72170846,0.03942556,1057.44556638,0.01998524,0.01998524,30618,94,0
6527.49729102,6527.49701511,2649.12914177,2649.14003407,0.04554717,1057.47225458,0.01998524,0.01998524,30617,94,0
6527.70959096,6527.71024336,2657.55202645,2657.52623973,0.05525597,1057.49756311,0.01998523,0.01998524,30616,94,0
6527.92309624,6527.92348554,2665.98587977,2665.97047354,0.03853325,1057.52175812,0.01998524,0.01998524,30615,94,0
6528.13661262,6528.13674165,2674.43055051,2674.42543816,0.04982636,1057.54468839,0.01998524,0.01998524,30614,94,0
6528.35042720,6528.35001169,2682.88588627,2682.90236934,0.04034603,1057.56637692,0.01998524,0.01998524,30613,94,0
6528.56344630,6528.56329567,2691.35177189,2691.35775447,0.04365275,1057.58671231,0.01998524,0.01998524,30612,94,0
6528.77613503,6528.77659358,2699.82831708,2699.81008305,0.04864873,1057.60574476,0.01998524,0.01998524,30611,94,0
6528.98984016,6528.98990543,2708.31571445,2708.31311604,0.05088315,1057.62358439,0.01998524,0.01998524,30610,94,0
6529.20309526,6529.20323121,2716.81415817,2716.80873877,0.03882784,1057.64009934,0.01998524,0.01998524,30609,94,0
6529.41622990,6529.41657094,2725.32379583,2725.31018407,0.05002275,1057.65531574,0.01998524,0.01998524,30608,94,0
6529.62989629,6529.62992461,2733.84444105,2733.84330955,0.03236888,1057.66927124,0.01998524,0.01998524,30607,94,0
6529.84299753,6529.84329222,2742.37576301,2742.36397328,0.04730399,1057.68188926,0.01998524,0.01998524,30606,94,0
6530.05654293,6530.05667377,2750.91742781,2750.91218726,0.02635895,1057.69322559,0.01998524,0.01998524,30605,94,0
6530.27000901,6530.27006927,2759.46916384,2759.46674755,0.04433963,1057.70324429,0.01998524,0.01998524,30604,94,0
6530.48371870,6530.48347871,2768.03120483,2768.04083896,0.03312676,1057.71195483,0.01998524,0.01998524,30603,94,0
6530.69650967,6530.69690211,2776.60402496,2776.58825164,0.05723758,1057.71931198,0.01998524,0.01998524,30602,94,0
6530.91029428,6530.91033945,2785.18810336,2785.18628541,0.03736330,1057.72537674,0.01998524,0.01998524,30601,94,0
6531.12368044,6531.12379074,2793.78387739,2793.77943272,0.04774792,1057.73009935,0.01998524,0.01998524,30600,94,0
6531.33659446,6531.33725599,2802.39141578,2802.36472384,0.04478771,1057.73348121,0.01998524,0.01998524,30599,94,0
6531.55056293,6531.55073518,2811.01060583,2811.00364652,0.03482515,1057.73553587,0.01998524,0.01998524,30598,94,0
6531.76372006,6531.76422834,2819.64133267,2819.62077197,0.04899652,1057.73623799,0.01998524,0.01998524,30597,94,0
6531.97853743,6531.97773544,2828.28348824,2828.31597058,0.05805014,1057.73558253,0.01998524,0.01998524,30596,94,0
6532.19119040,6532.19125651,2836.93702603,2836.93434501,0.03927178,1057.73358093,0.01998524,0.01998524,30595,94,0
6532.40475634,6532.40479153,2845.60192908,2845.60050025,0.05038268,1057.73021113,0.01998524,0.01998524,30594,94,0
6532.61892808,6532.61834052,2854.27818041,2854.30206728,0.05025313,1057.72545842,0.01998524,0.01998524,30593,94,0
6532.83154624,6532.83190346,2862.96575107,2862.95121061,0.03226111,1057.71937483,0.01998524,0.01998524,30592,94,0
6533.04580924,6533.04548037,2871.66452556,2871.67792832,0.05238296,1057.71186303,0.01998524,0.01998524,30591,94,0
6533.25903480,6533.25907124,2880.37434900,2880.37286198,0.05029851,1057.70300640,0.01998524,0.01998524,30590,94,0
6533.47242549,6533.47267608,2889.09506505,2889.08482843,0.03014740,1057.69275876,0.01998524,0.01998524,30589,94,0
6533.68556117,6533.68629489,2897.82658205,2897.79657395,0.05147886,1057.68113649,0.01998524,0.01998524,30588,94,0
6533.89944050,6533.89992766,2906.56922300,2906.54927407,0.04856652,1057.66807504,0.01998524,0.01998524,30587,94,0
6534.11373389,6534.11357440,2915.32347465,2915.33001390,0.05252002,1057.65357735,0.01998524,0.01998524,30586,94,0
6534.32736111,6534.32723512,2924.08982798,2924.09500081,0.05109325,1057.63771285,0.01998524,0.01998524,30585,94,0
6534.54097735,6534.54090980,2932.86866826,2932.87144548,0.03433891,1057.62043337,0.01998524,0.01998524,30584,94,0
6534.75414379,6534.75459846,2941.65982546,2941.64110797,0.04808375,1057.60177375,0.01998524,0.01998524,30583,94,0
6534.96829825,6534.96830110,2950.46295072,2950.46283335,0.04401004,1057.58159805,0.01998524,0.01998524,30582,94,0
6535.18145296,6535.18201771,2959.27769216,2959.25438497,0.04331646,1057.56008916,0.01998524,0.01998524,30581,94,0
6535.39640762,6535.39574830,2968.10382930,2968.13107347,0.05606692,1057.53695185,0.01998524,0.01998524,30580,94,0
6535.60951342,6535.60949287,2976.94166249,2976.94251295,0.03489863,1057.51257338,0.01998524,0.01998524,30579,94,0
6535.82284147,6535.82325142,2985.79162162,2985.77463791,0.05657850,1057.48672677,0.01998524,0.01998524,30578,94,0
6536.03687673,6536.03702395,2994.65413986,2994.64803246,0.05057647,1057.45933696,0.01998524,0.01998524,30577,94,0
6536.25064348,6536.25081046,3003.52951900,3003.52258177,0.04671356,1057.43051762,0.01998524,0.01998524,30576,94,0
6536.46481553,6536.46461096,3012.41768426,3012.42619433,0.04352187,1057.40017089,0.01998524,0.01998524,30575,94,0
6536.67857034,6536.67842545,3021.31849424,3021.32452989,0.05278733,1057.36840812,0.01998524,0.01998524,30574,94,0
6536.89239943,6536.89225392,3030.23180725,3030.23787651,0.04714949,1057.33515462,0.01998524,0.01998524,30573,94,0
6537.10690991,6537.10609638,3039.15759881,3039.19157818,0.04138859,1057.30030245,0.01998524,0.01998524,30572,94,0
6537.32051333,6537.31995284,3048.09607403,3048.11951680,0.05237778,1057.26410553,0.01998524,0.01998524,30571,94,0
6537.53399849,6537.53382328,3057.04746607,3057.05480440,0.05576690,1057.22643411,0.01998524,0.01998524,30570,94,0
6537.74752508,6537.74770772,3066.01200080,3066.00434053,0.02594201,1057.18725395,0.01998524,0.01998524,30569,94,0
6537.96132499,6537.96160615,3074.98955535,3074.97774704,0.05180338,1057.14651369,0.01998524,0.01998524,30568,94,0
6538.17537317,6538.17551857,3083.97955257,3083.97343784,0.05761736,1057.10420938,0.01998524,0.01998524,30567,94,0
6538.38901922,6538.38944500,3092.98138030,3092.96345339,0.05592671,1057.06046849,0.01998524,0.01998524,30566,94,0
6538.60335862,6538.60338542,3101.99446846,3101.99333866,0.02423986,1057.01506114,0.01998524,0.01998524,30565,94,0
6538.81706420,6538.81733984,3111.01902741,3111.00739359,0.05627727,1056.96826159,0.01998524,0.01998524,30564,94,0
6539.03141023,6539.03130826,3120.05591620,3120.06022570,0.05222377,1056.91978077,0.01998524,0.01998524,30563,94,0
6539.24605233,6539.24529069,3129.10602041,3129.13825673,0.04901531,1056.86967575,0.01998524,0.01998524,30562,94,0
6539.45953747,6539.45928712,3138.17013146,3138.18074354,0.04663091,1056.81828439,0.01998524,0.01998524,30561,94,0
6539.67317371,6539.67329755,3147.24821185,3147.24295479,0.05142804,1056.76529654,0.01998524,0.01998524,30560,94,0
6539.88717943,6539.88732199,3156.33981344,3156.33375307,0.03951190,1056.71064856,0.01998524,0.01998524,30559,94,0
6540.10122462,6540.10136044,3165.44448128,3165.43869970,0.04429861,1056.65441677,0.01998524,0.01998524,30558,94,0
6540.31522750,6540.31541290,3174.56188476,3174.55398215,0.03764262,1056.59661872,0.01998524,0.01998524,30557,94,0
6540.52931830,6540.52947937,3183.69223404,3183.68535930,0.04254734,1056.53721144,0.01998524,0.01998524,30556,94,0
6540.74333019,6540.74355985,3192.83588492,3192.82606849,0.04452039,1056.47623269,0.01998524,0.01998524,30555,94,0
6540.95770093,6540.95765435,3201.99319515,3201.99518895,0.05220558,1056.41354587,0.01998524,0.01998524,30554,94,0
6541.17171153,6541.17176286,3211.16433761,3211.16213719,0.05704324,1056.34935363,0.01998524,0.01998524,30553,94,0
6541.38637443,6541.38588539,3220.34908486,3220.37007671,0.03674066,1056.28334411,0.01998524,0.01998524,30552,94,0
6541.60010557,6541.60002193,3229.54715558,3229.55075080,0.03937969,1056.21600328,0.01998524,0.01998524,30551,94,0
6541.81306262,6541.81417250,3238.75827764,3238.71050735,0.04412559,1056.14729663,0.01998524,0.01998524,30550,94,0
6542.02854344,6542.02833708,3247.98248782,3247.99138202,0.05296913,1056.07613381,0.01998524,0.01998524,30549,94,0
6542.24275513,6542.24251568,3257.22015968,3257.23049464,0.04151800,1056.00374395,0.01998524,0.01998524,30548,94,0
6542.45698695,6542.45670831,3266.47168677,3266.48373063,0.04563052,1055.92969617,0.01998524,0.01998524,30547,94,0
6542.67110356,6542.67091497,3275.73743366,3275.74559746,0.05345619,1055.85402880,0.01998524,0.01998524,30546,94,0
6542.88476942,6542.88513565,3285.01748189,3285.00160510,0.04881006,1055.77685958,0.01998524,0.01998524,30545,94,0
6543.09982806,6543.09937035,3294.31176467,3294.33163622,0.02998803,1055.69750542,0.01998524,0.01998524,30544,94,0
6543.31363124,6543.31361909,3303.62021324,3303.62074176,0.03411343,1055.61693573,0.01998524,0.01998524,30543,94,0
6543.52795591,6543.52788185,3312.94276372,3312.94598836,0.06048523,1055.53448334,0.01998524,0.01998524,30542,94,0
6543.74215187,6543.74215865,3322.27937155,3322.27907607,0.03746542,1055.45038743,0.01998524,0.01998524,30541,94,0
6543.95618589,6543.95644948,3331.62999600,3331.61848587,0.03451821,1055.36465818,0.01998524,0.01998524,30540,94,0
6544.17053024,6544.17075434,3340.99459959,3340.98479990,0.05115055,1055.27709831,0.01998524,0.01998524,30539,94,0
6544.38467177,6544.38507324,3350.37332924,3350.35574763,0.04132864,1055.18790808,0.01998524,0.01998524,30538,94,0
6544.59948866,6544.59940618,3359.76660072,3359.77021815,0.05146996,1055.09670517,0.01998524,0.01998524,30537,94,0
6544.81366634,6544.81375316,3369.17485441,3369.17104110,0.03626364,1055.00403589,0.01998524,0.01998524,30536,94,0
6545.02799409,6545.02811417,3378.59848943,3378.59320650,0.02804548,1054.90955343,0.01998524,0.01998524,30535,94,0
6545.24282691,6545.24248923,3388.03743632,3388.05231604,0.04853384,1054.81308652,0.01998524,0.01998524,30534,94,0
6545.45717909,6545.45687832,3397.49134383,3397.50461657,0.03566710,1054.71507372,0.01998524,0.01998524,30533,94,0
6545.67184281,6545.67128147,3406.95985359,3406.98466200,0.04463256,1054.61515145,0.01998524,0.01998524,30532,94,0
6545.88598667,6545.88569865,3416.44271241,3416.45545974,0.03132132,1054.51370494,0.01998524,0.01998524,30531,94,0
6546.10110000,6546.10012989,3425.94003341,3425.98303215,0.05967440,1054.41001484,0.01998525,0.01998524,30530,94,0
6546.31455747,6546.31457517,3435.45200882,3435.45122320,0.03696443,1054.30534605,0.01998524,0.01998524,30529,94,0
6546.52883790,6546.52903450,3444.97883325,3444.97009326,0.04296112,1054.19848418,0.01998524,0.01998524,30528,94,0
6546.74364620,6546.74350788,3454.52072483,3454.52688319,0.03466733,1054.08954971,0.01998524,0.01998524,30527,94,0
6546.95792046,6546.95799531,3464.07792954,3464.07459145,0.04393086,1053.97907101,0.01998524,0.01998524,30526,94,0
6547.17310032,6547.17249680,3473.65069710,3473.67765220,0.04799396,1053.86629059,0.01998525,0.01998524,30525,94,0
6547.38723363,6547.38701234,3483.23923203,3483.24913073,0.02764187,1053.75222332,0.01998524,0.01998524,30524,94,0
6547.60174263,6547.60154194,3492.84342487,3492.85241611,0.04417524,1053.63611380,0.01998524,0.01998524,30523,94,0
6547.81582599,6547.81608560,3502.46303608,3502.45138700,0.04140811,1053.51839170,0.01998524,0.01998524,30522,94,0
6548.03104865,6548.03064332,3512.09782327,3512.11603866,0.04809045,1053.39818267,0.01998525,0.01998524,30521,94,0
6548.24549245,6548.24521509,3521.74753938,3521.76002172,0.04878443,1053.27654905,0.01998525,0.01998524,30520,94,0
6548.45933299,6548.45980093,3531.41193057,3531.39084075,0.03647629,1053.15340511,0.01998524,0.01998524,30519,94,0
6548.67445202,6548.67440083,3541.09073993,3541.09305028,0.03796449,1053.02765456,0.01998524,0.01998524,30518,94,0
6548.88964456,6548.88901479,3550.78379816,3550.81226190,0.05081519,1052.89997921,0.01998525,0.01998524,30517,94,0
6549.10364560,6549.10364283,3560.49188631,3560.49201169,0.03081295,1052.77112679,0.01998524,0.01998524,30516,94,0
6549.31748304,6549.31828492,3570.21636446,3570.18000355,0.05540346,1052.64047055,0.01998524,0.01998524,30515,94,0
6549.53287282,6549.53294109,3579.95861194,3579.95551074,0.04652300,1052.50691628,0.01998524,0.01998524,30514,94,0
6549.74772845,6549.74761133,3589.71929079,3589.72462054,0.04618497,1052.37172570,0.01998524,0.01998524,30513,94,0
6549.96261829,6549.96229564,3599.49721631,3599.51192355,0.04660856,1052.23455548,0.01998524,0.01998524,30512,94,0
6550.17869589,6550.17699402,0.00000000,3609.38622014,0.16377323,1052.09441350,0.01998525,0.01998525,30511,94,1
6550.39136332,6550.39170648,3619.09899410,3619.08330799,0.05125485,1051.95507349,0.01998524,0.01998525,30510,94,0
6550.60658755,6550.60643301,3628.92200779,3628.92908336,0.03838841,1051.81186021,0.01998524,0.01998525,30509,94,0
6550.82123727,6550.82117362,3638.76178472,3638.76470394,0.04681694,1051.66704749,0.01998524,0.01998525,30508,94,0
6551.03588125,6551.03592830,3648.62020970,3648.61804780,0.05654138,1051.52022293,0.01998524,0.01998525,30507,94,0
6551.25067983,6551.25069707,3658.49831852,3658.49752494,0.05187044,1051.37124960,0.01998524,0.01998525,30506,94,0
6551.46526833,6551.46547992,3668.39485317,3668.38509547,0.02966597,1051.22039047,0.01998524,0.01998525,30505,94,0
6551.68018437,6551.68027685,3678.30816463,3678.30389352,0.05850622,1051.06728213,0.01998524,0.01998525,30504,94,0
6551.89480329,6551.89508786,3688.23673120,3688.22356886,0.04999191,1050.91238454,0.01998524,0.01998525,30503,94,0
6552.11046014,6552.10991296,3698.18072332,3698.20607164,0.05495805,1050.75471330,0.01998525,0.01998525,30502,94,0
6552.32457303,6552.32475215,3708.14142995,3708.13311850,0.03585653,1050.59613476,0.01998524,0.01998525,30501,94,0
6552.53952072,6552.53960542,3718.12016916,3718.11623172,0.04559148,1050.43486736,0.01998525,0.01998525,30500,94,0
6552.75516520,6552.75447279,3728.11763052,3728.14987622,0.04272005,1050.27097181,0.01998525,0.01998525,30499,94,0
6552.96924135,6552.96935424,3738.13309819,3738.12783206,0.04604003,1050.10618465,0.01998525,0.01998525,30498,94,0
6553.18413368,6553.18424979,3748.16566071,3748.16023605,0.05072354,1049.93868739,0.01998525,0.01998525,30497,94,0
6553.39933409,6553.39915943,3758.21450244,3758.22267568,0.04422642,1049.76886479,0.01998525,0.01998525,30496,94,0
6553.61371102,6553.61408316,3768.27966164,3768.26222009,0.05173471,1049.59760831,0.01998525,0.01998525,30495,94,0
6553.82960553,6553.82902100,3778.36159836,3778.38903907,0.05877326,1049.42302120,0.01998525,0.01998525,30494,94,0
6554.04368764,6554.04397293,3788.46077784,3788.44736293,0.02432512,1049.24778392,0.01998525,0.01998525,30493,94,0
6554.25941070,6554.25893895,3798.57754913,3798.59976929,0.05025276,1049.06905711,0.01998525,0.01998525,30492,94,0
6554.47409833,6554.47391908,3808.71208707,3808.72054434,0.05657642,1048.88903691,0.01998525,0.01998525,30491,94,0
6554.68901221,6554.68891331,3818.86455397,3818.86922813,0.05096594,1048.70666538,0.01998525,0.01998525,30490,94,0
6554.90347281,6554.90392165,3829.03508405,3829.01383463,0.04079470,1048.52251089,0.01998525,0.01998525,30489,94,0
6555.11861824,6555.11894409,3839.22367852,3839.20822538,0.04009023,1048.33558320,0.01998525,0.01998525,30488,94,0
6555.33366871,6555.33398063,3849.43030035,3849.41548225,0.05492883,1048.14654212,0.01998525,0.01998525,30487,94,0
6555.54959386,6555.54903129,3859.65494522,3859.68171576,0.05093565,1047.95451391,0.01998525,0.01998525,30486,94,0
6555.76426472,6555.76409605,3869.89813922,3869.90618010,0.03882692,1047.76137833,0.01998525,0.01998525,30485,94,0
6555.97960214,6555.97917492,3880.16084030,3880.18124481,0.05939994,1047.56538822,0.01998525,0.01998525,30484,94,0
6556.19418065,6556.19426790,3890.44402404,3890.43984828,0.04288323,1047.36781337,0.01998525,0.01998525,30483,94,0
6556.41003968,6556.40937500,3900.74798603,3900.77985538,0.03951767,1047.16675100,0.01998525,0.01998525,30482,94,0
6556.62431638,6556.62449621,3911.07160725,3911.06296976,0.04522194,1046.96488358,0.01998525,0.01998525,30481,94,0
6556.83964782,6556.83963154,3921.41358199,3921.41436509,0.05583611,1046.75975074,0.01998525,0.01998525,30480,94,0
6557.05455537,6557.05478098,3931.77298200,3931.76210960,0.03135066,1046.55276002,0.01998525,0.01998525,30479,94,0
6557.26968621,6557.26994455,3942.15101299,3942.13854110,0.04710945,1046.34325764,0.01998525,0.01998525,30478,94,0
6557.48453924,6557.48512223,3952.54962343,3952.52142161,0.05298564,1046.13168285,0.01998524,0.01998525,30477,94,0
6557.69990465,6557.70031403,3962.97063172,3962.95078588,0.02909766,1045.91720508,0.01998525,0.01998525,30476,94,0
6557.91597188,6557.91551996,3973.41344168,3973.43539127,0.04815836,1045.69961567,0.01998525,0.01998525,30475,94,0
6558.13053200,6558.13074001,3983.87549127,3983.86537174,0.04218366,1045.48119463,0.01998525,0.01998525,30474,94,0
6558.34587834,6558.34597419,3994.35415768,3994.34948811,0.03786875,1045.25966458,0.01998525,0.01998525,30473,94,0
6558.56202703,6558.56122249,4004.84878094,4004.88803887,0.04133570,1045.03498855,0.01998525,0.01998525,30472,94,0
6558.77581803,6558.77648492,4015.36215771,4015.32955579,0.03321732,1044.81040795,0.01998525,0.01998525,30471,94,0
6558.99182386,6558.99176149,4025.89746300,4025.90051907,0.06155529,1044.58104245,0.01998525,0.01998525,30470,94,0
6559.20679897,6559.20705218,4036.45693984,4036.44450744,0.05474799,1044.35025701,0.01998525,0.01998525,30469,94,0
6559.42277755,6559.42235700,4047.03919450,4047.05988460,0.03677485,1044.11588610,0.01998525,0.01998525,30468,94,0
6559.63793587,6559.63767596,4057.64195099,4057.65476040,0.06060897,1043.87994406,0.01998525,0.01998525,30467,94,0
6559.85300902,6559.85300906,4068.26315969,4068.26315785,0.04835830,1043.64167533,0.01998525,0.01998525,30466,94,0
6560.06710765,6560.06835629,4078.90282922,4078.84108469,0.03249480,1043.40207298,0.01998524,0.01998525,30465,94,0
nan,nan,0.00000000,-1.00000000,0.00000000,1043.14712651,nan,0.00000000,-2147483648,94,1
nan,nan,0.00000000,-1.00000000,0.00000000,1037.89867773,nan,0.00000000,-2147483648,93,1
6517.91615633,6517.91613942,11.46114652,11.46163266,0.07227876,1038.23006073,0.01998524,0.01998523,30662,93,0
6518.13008152,6518.12874222,17.57630440,17.61483874,0.07318047,1038.54491736,0.01998524,0.01998523,30661,93,0
6518.34393719,6518.34135890,0.00000000,23.76584922,0.03571080,1038.85897056,0.01998524,0.01998523,30660,93,1
6518.55483534,6518.55398945,29.81910973,29.84347827,0.08329074,1039.16859854,0.01998524,0.01998523,30659,93,0
6518.76475342,6518.76663386,35.94687082,35.89266529,0.06433941,1039.47610777,0.01998523,0.01998523,30658,93,0
6518.98035444,6518.97929215,42.07889220,42.10953298,0.06019430,1039.79144485,0.01998524,0.01998523,30657,93,0
6519.19049302,6519.19196432,48.21504318,48.17257984,0.03875238,1040.09830002,0.01998523,0.01998523,30656,93,0
6519.40208673,6519.40465036,54.35517269,54.28114156,0.05401355,1040.40678005,0.01998523,0.01998523,30655,93,0
6519.61733302,6519.61735027,60.49912907,60.49863059,0.05153597,1040.72006135,0.01998524,0.01998524,30654,93,0
6519.83314739,6519.83006407,0.00000000,66.72613638,0.07674684,1041.03313999,0.01998524,0.01998524,30653,93,1
6520.04310885,6520.04279174,72.79792267,72.80709440,0.06061968,1041.33816807,0.01998524,0.01998524,30652,93,0
6520.25487445,6520.25553330,78.95264477,78.93357896,0.07537648,1041.64479730,0.01998523,0.01998524,30651,93,0
6520.46780433,6520.46828874,85.11109851,85.09707284,0.03833053,1041.95258758,0.01998523,0.01998524,30650,93,0
6520.68141669,6520.68105806,91.27346125,91.28385119,0.06270773,1042.26084342,0.01998524,0.01998524,30649,93,0
6520.89403782,6520.89384127,97.43991104,97.44560888,0.04762233,1042.56715834,0.01998524,0.01998524,30648,93,0
6521.10774977,6521.10663836,103.61062665,103.64286602,0.07752234,1042.87453922,0.01998524,0.01998524,30647,93,0
6521.31999209,6521.31944934,109.78575269,109.80150688,0.06477051,1043.17931050,0.01998524,0.01998524,30646,93,0
6521.53244772,6521.53227421,115.96528768,115.97032726,0.03831701,1043.48389179,0.01998524,0.01998524,30645,93,0
6521.74339715,6521.74511297,122.14919152,122.09932354,0.01716293,1043.78581923,0.01998523,0.01998524,30644,93,0
6521.95729096,6521.95796562,128.33742398,128.31780336,0.05492890,1044.09145443,0.01998523,0.01998524,30643,93,0
6522.17116950,6522.17083217,134.52994462,134.53976084,0.05341892,1044.39655455,0.01998524,0.01998524,30642,93,0
6522.38395579,6522.38371261,140.72671257,140.73379336,0.05067026,1044.69958392,0.01998524,0.01998524,30641,93,0
6522.59945405,6522.59660695,0.00000000,147.00757867,0.00974289,1045.00580164,0.01998524,0.01998524,30640,93,1
6522.80907180,6522.80951518,153.13277114,153.11984507,0.03389091,1045.30344537,0.01998524,0.01998524,30639,93,0
6523.02251739,6523.02243731,159.34193143,159.34426728,0.07354899,1045.60585042,0.01998524,0.01998524,30638,93,0
6523.23611656,6523.23537335,165.55509121,165.57678342,0.06661145,1045.90794076,0.01998524,0.01998524,30637,93,0
6523.44772748,6523.44832328,171.77218425,171.75478484,0.06755583,1046.20668968,0.01998523,0.01998524,30636,93,0
6523.66203477,6523.66128712,177.99317067,178.01501706,0.04815405,1046.50870508,0.01998524,0.01998524,30635,93,0
6523.87396885,6523.87426486,184.21816358,184.20950920,0.05085385,1046.80684559,0.01998524,0.01998524,30634,93,0
6524.08701153,6524.08725651,190.44733121,190.44016428,0.06497181,1047.10602085,0.01998524,0.01998524,30633,93,0
6524.30157018,6524.30026206,196.68084252,196.71913648,0.05443172,1047.40680012,0.01998524,0.01998524,30632,93,0
6524.51459935,6524.51328152,202.91886715,202.95747144,0.03452070,1047.70492097,0.01998524,0.01998524,30631,93,0
6524.72713623,6524.72631489,209.16157279,209.18564969,0.06143997,1048.00184873,0.01998524,0.01998524,30630,93,0
6524.93857152,6524.93936217,215.40899441,215.38580141,0.07182797,1048.29673801,0.01998523,0.01998524,30629,93,0
6525.15226138,6525.15242337,221.66097428,221.65621945,0.08477782,1048.59425661,0.01998524,0.01998524,30628,93,0
6525.36608768,6525.36549848,227.91733895,227.93464477,0.03401607,1048.89143714,0.01998524,0.01998524,30627,93,0
6525.57929551,6525.57858750,234.17791428,234.19872176,0.05665998,1049.18722254,0.01998524,0.01998524,30626,93,0
6525.78898083,6525.79169044,0.00000000,240.36414104,0.04719948,1049.47765110,0.01998523,0.01998524,30625,93,1
6526.00581114,6526.00480730,246.71102963,246.74056426,0.03849998,1049.77729053,0.01998524,0.01998524,30624,93,0
6526.21757176,6526.21793807,252.98348642,252.97270255,0.02452187,1050.06943381,0.01998524,0.01998524,30623,93,0
6526.43125226,6526.43108277,259.26003185,259.26502432,0.01083202,1050.36368031,0.01998524,0.01998524,30622,93,0
6526.64330435,6526.64424139,265.54080274,265.51318416,0.05911977,1050.65514785,0.01998523,0.01998524,30621,93,0
6526.85825505,6526.85741393,271.82593649,271.85074387,0.03164893,1050.95005914,0.01998524,0.01998524,30620,93,0
6527.07048964,6527.07060040,278.11556968,278.11230088,0.05326803,1051.24071510,0.01998524,0.01998524,30619,93,0
6527.28391365,6527.28380079,284.40977996,284.41311287,0.06734169,1051.53247225,0.01998524,0.01998524,30618,93,0
6527.49770429,6527.49701511,290.70856395,290.72893060,0.05405455,1051.82419846,0.01998524,0.01998524,30617,93,0
6527.71187990,6527.71024336,297.01191237,297.06030709,0.04417206,1052.11591402,0.01998524,0.01998524,30616,93,0
6527.92486156,6527.92348554,303.31981592,303.36053337,0.06025507,1052.40546958,0.01998524,0.01998524,30615,93,0
6528.13726285,6528.13674165,309.63226524,309.64769818,0.04562411,1052.69370414,0.01998524,0.01998524,30614,93,0
6528.35057154,6528.35001169,315.94925445,315.96584265,0.03207338,1052.98263372,0.01998524,0.01998524,30613,93,0
6528.56368485,6528.56329567,322.27079553,322.28233441,0.05681817,1053.27076101,0.01998524,0.01998524,30612,93,0
6528.77616484,6528.77659358,328.59690612,328.58418611,0.05088428,1053.55749645,0.01998524,0.01998524,30611,93,0
6528.98832694,6528.98990543,334.92760391,334.88074192,0.04897241,1053.84326866,0.01998523,0.01998524,30610,93,0
6529.20326837,6529.20323121,341.26290669,341.26401058,0.05475246,1054.13223949,0.01998524,0.01998524,30609,93,0
6529.41524353,6529.41657094,347.60283059,347.56337020,0.05682504,1054.41668441,0.01998523,0.01998524,30608,93,0
6529.63059057,6529.62992461,353.94734953,353.96715978,0.04580586,1054.70510429,0.01998524,0.01998524,30607,93,0
6529.84407359,6529.84329222,360.29639336,360.31965153,0.05037966,1054.99047611,0.01998524,0.01998524,30606,93,0
6530.05625531,6530.05667377,366.64988956,366.63742574,0.07192783,1055.27355968,0.01998524,0.01998524,30605,93,0
6530.27090709,6530.27006927,373.00776531,373.03273479,0.03651603,1055.55937737,0.01998524,0.01998524,30604,93,0
6530.48357472,6530.48347871,379.36994748,379.37281053,0.05913797,1055.84199170,0.01998524,0.01998524,30603,93,0
6530.69767999,6530.69690211,385.73639557,385.75960689,0.03606306,1056.12594886,0.01998524,0.01998524,30602,93,0
6530.91064189,6530.91033945,392.10717650,392.11620666,0.05672535,1056.40782629,0.01998524,0.01998524,30601,93,0
6531.12461679,6531.12379074,398.48237941,398.50705921,0.05536721,1056.69048127,0.01998524,0.01998524,30600,93,0
6531.33612724,6531.33725599,404.86209380,404.82834881,0.03414608,1056.96932839,0.01998524,0.01998524,30599,93,0
6531.55122425,6531.55073518,411.24640953,411.26104036,0.06588004,1057.25234319,0.01998524,0.01998524,30598,93,0
6531.76428434,6531.76422834,417.63541157,417.63708798,0.04782866,1057.53212277,0.01998524,0.01998524,30597,93,0
6531.97657428,6531.97773544,424.02912484,423.99434078,0.02576653,1057.81034115,0.01998524,0.01998524,30596,93,0
6532.19212865,6532.19125651,430.42753596,430.45367955,0.05059097,1058.09227403,0.01998524,0.01998524,30595,93,0
6532.40584231,6532.40479153,436.83063087,436.86215005,0.02490102,1058.37123644,0.01998524,0.01998524,30594,93,0
6532.61816960,6532.61834052,443.23839542,443.23326514,0.04761680,1058.64783208,0.01998524,0.01998524,30593,93,0
6532.83244337,6532.83190346,449.65081550,449.66703215,0.04099770,1058.92639829,0.01998524,0.01998524,30592,93,0
6533.04477980,6533.04548037,456.06788327,456.04682723,0.03856610,1059.20188406,0.01998524,0.01998524,30591,93,0
6533.25820248,6533.25907124,462.48960172,462.46347325,0.04736121,1059.47821425,0.01998524,0.01998524,30590,93,0
6533.47206003,6533.47267608,468.91597491,468.89743472,0.02512568,1059.75453813,0.01998524,0.01998524,30589,93,0
6533.68621251,6533.68629489,475.34700692,475.34452618,0.05564487,1060.03067063,0.01998524,0.01998524,30588,93,0
6533.90056427,6533.89992766,481.78270182,481.80188610,0.03927629,1060.30648512,0.01998524,0.01998524,30587,93,0
6534.11362765,6534.11357440,488.22304895,488.22465459,0.06790480,1060.58006980,0.01998524,0.01998524,30586,93,0
6534.32670571,6534.32723512,494.66796730,494.65199314,0.04582860,1060.85309809,0.01998524,0.01998524,30585,93,0
6534.54135924,6534.54090980,501.11735460,501.13092433,0.03150701,1061.12755766,0.01998524,0.01998524,30584,93,0
6534.75428707,6534.75459846,507.57110813,507.56170086,0.05841458,1061.39922244,0.01998524,0.01998524,30583,93,0
6534.96974725,6534.96830110,514.02912468,514.07283969,0.02571373,1061.67351592,0.01998525,0.01998524,30582,93,0
6535.18148400,6535.18201771,520.49131599,520.47517348,0.05625827,1061.94247412,0.01998524,0.01998524,30581,93,0
6535.39615619,6535.39574830,526.95781596,526.97016077,0.02588097,1062.21456307,0.01998524,0.01998524,30580,93,0
6535.60946987,6535.60949287,533.42892688,533.42823029,0.04800312,1062.48434499,0.01998524,0.01998524,30579,93,0
6535.82273147,6535.82325142,539.90495649,539.88919841,0.03294078,1062.75348922,0.01998524,0.01998524,30578,93,0
6536.03726323,6536.03702395,546.38621384,546.39347137,0.04954908,1063.02367084,0.01998524,0.01998524,30577,93,0
6536.25164452,6536.25081046,552.87300648,552.89832396,0.03954150,1063.29310735,0.01998524,0.01998524,30576,93,0
6536.46499364,6536.46461096,559.36540957,559.37703468,0.05273824,1063.56069649,0.01998524,0.01998524,30575,93,0
6536.67829468,6536.67842545,565.86309698,565.85912156,0.02821474,1063.82766149,0.01998524,0.01998524,30574,93,0
6536.89294757,6536.89225392,572.36570153,572.38680251,0.05005845,1064.09573246,0.01998524,0.01998524,30573,93,0
6537.10584798,6537.10609638,578.87285436,578.86529311,0.04872778,1064.36101759,0.01998524,0.01998524,30572,93,0
6537.31980137,6537.31995284,585.38418499,585.37957213,0.05784168,1064.62699904,0.01998524,0.01998524,30571,93,0
6537.53423865,6537.53382328,591.89944482,591.91210187,0.02902373,1064.89295118,0.01998524,0.01998524,30570,93,0
6537.74860528,6537.74770772,598.41887467,598.44624171,0.03989668,1065.15819306,0.01998524,0.01998524,30569,93,0
6537.96132867,6537.96160615,604.94283822,604.93437214,0.03209127,1065.42079955,0.01998524,0.01998524,30568,93,0
6538.17548016,6538.17551857,611.47170073,611.47052797,0.05367122,1065.68457639,0.01998524,0.01998524,30567,93,0
6538.39013263,6538.38944500,618.00582913,618.02684034,0.02251438,1065.94838678,0.01998524,0.01998524,30566,93,0
6538.60369264,6538.60338542,624.54554736,624.55494221,0.04294739,1066.21028602,0.01998524,0.01998524,30565,93,0
6538.81701633,6538.81733984,631.09076673,631.08086633,0.03901678,1066.47132397,0.01998524,0.01998524,30564,93,0
6539.03084773,6539.03130826,637.64117333,637.62706981,0.04350450,1066.73239571,0.01998524,0.01998524,30563,93,0
6539.24540586,6539.24529069,644.19644960,644.19997891,0.02581307,1066.99374918,0.01998524,0.01998524,30562,93,0
6539.45825536,6539.45928712,650.75627653,650.72463977,0.06743926,1067.25240794,0.01998524,0.01998524,30561,93,0
6539.67338868,6539.67329755,657.32034633,657.32314206,0.05153275,1067.51320746,0.01998524,0.01998524,30560,93,0
6539.88738121,6539.88732199,663.88867030,663.89048811,0.03383288,1067.77199021,0.01998524,0.01998524,30559,93,0
6540.10141741,6540.10136044,670.46159777,670.46334781,0.04357733,1068.03020578,0.01998524,0.01998524,30558,93,0
6540.31532348,6540.31541290,677.03949576,677.03674689,0.02712044,1068.28765770,0.01998524,0.01998524,30557,93,0
6540.52900546,6540.52947937,683.62273298,683.60815300,0.05336368,1068.54424709,0.01998524,0.01998524,30556,93,0
6540.74395334,6540.74355985,690.21167792,690.22379358,0.06277239,1068.80177140,0.01998524,0.01998524,30555,93,0
6540.95709470,6540.95765435,696.80647297,696.78922715,0.03220776,1069.05655546,0.01998524,0.01998524,30554,93,0
6541.17187296,6541.17176286,703.40681818,703.41021334,0.04849214,1069.31270254,0.01998524,0.01998524,30553,93,0
6541.38620137,6541.38588539,710.01236120,710.02211235,0.01556756,1069.56770359,0.01998524,0.01998524,30552,93,0
6541.60018797,6541.60002193,716.62274806,716.62787520,0.05232221,1069.82167519,0.01998524,0.01998524,30551,93,0
6541.81459366,6541.81417250,723.23762317,723.25063638,0.06821916,1070.07550487,0.01998524,0.01998524,30550,93,0
6542.02789130,6542.02833708,729.85675291,729.84297109,0.02407877,1070.32737744,0.01998524,0.01998524,30549,93,0
6542.24222042,6542.24251568,736.48034142,736.47120733,0.04107356,1070.57982613,0.01998524,0.01998524,30548,93,0
6542.45607521,6542.45670831,743.10869110,743.08909266,0.02598408,1070.83108475,0.01998524,0.01998524,30547,93,0
6542.67004937,6542.67091497,749.74210572,749.71529060,0.05214723,1071.08186229,0.01998524,0.01998524,30546,93,0
6542.88592124,6542.88513565,756.38089046,756.40524585,0.04619733,1071.33424413,0.01998524,0.01998524,30545,93,0
6543.09864624,6543.09937035,763.02530577,763.00283878,0.02213587,1071.58234578,0.01998524,0.01998524,30544,93,0
6543.31251942,6543.31361909,769.67532325,769.64117790,0.05498698,1071.83118213,0.01998524,0.01998524,30543,93,0
6543.52852954,6543.52788185,776.33080184,776.35092778,0.04359626,1072.08188236,0.01998524,0.01998524,30542,93,0
6543.74186926,6543.74215865,782.99159960,782.98260067,0.02652658,1072.32886232,0.01998524,0.01998524,30541,93,0
6543.95550129,6543.95644948,789.65757391,789.62806816,0.04863831,1072.57555521,0.01998524,0.01998524,30540,93,0
6544.17124382,6544.17075434,796.32859307,796.34383486,0.05250129,1072.82404338,0.01998524,0.01998524,30539,93,0
6544.38555142,6544.38507324,803.00465185,803.01955231,0.03235904,1073.07023838,0.01998524,0.01998524,30538,93,0
6544.59925735,6544.59940618,809.68582354,809.68118257,0.05509741,1073.31510756,0.01998524,0.01998524,30537,93,0
6544.81437014,6544.81375316,816.37218289,816.39143609,0.05087448,1073.56094977,0.01998524,0.01998524,30536,93,0
6545.02819721,6545.02811417,823.06380500,823.06639816,0.03125878,1073.80468827,0.01998524,0.01998524,30535,93,0
6545.24136922,6545.24248923,829.76076313,829.72576187,0.05929465,1074.04705143,0.01998524,0.01998524,30534,93,0
6545.45746953,6545.45687832,836.46308807,836.48157733,0.04562155,1074.29210253,0.01998524,0.01998524,30533,93,0
6545.67188773,6545.67128147,843.17077177,843.18974582,0.06709479,1074.53460585,0.01998524,0.01998524,30532,93,0
6545.88573174,6545.88569865,849.88380468,849.88484097,0.02497968,1074.77582239,0.01998524,0.01998524,30531,93,0
6546.09994126,6546.10012989,856.60217723,856.59626530,0.04906380,1075.01681091,0.01998524,0.01998524,30530,93,0
6546.31426593,6546.31457517,863.32588187,863.31618245,0.05735449,1075.25728553,0.01998524,0.01998524,30529,93,0
6546.52912756,6546.52903450,870.05498837,870.05790931,0.01875035,1075.49771728,0.01998524,0.01998524,30528,93,0
6546.74353604,6546.74350788,876.78966503,876.79054965,0.05425966,1075.73700200,0.01998524,0.01998524,30527,93,0
6546.95753016,6546.95799531,883.53008726,883.51546342,0.04551232,1075.97519114,0.01998524,0.01998524,30526,93,0
6547.17232996,6547.17249680,890.27643130,890.27118174,0.05957284,1076.21364521,0.01998524,0.01998524,30525,93,0
6547.38763465,6547.38701234,897.02887169,897.04846886,0.02325304,1076.45202864,0.01998525,0.01998524,30524,93,0
6547.60005955,6547.60154194,903.78739345,903.74067365,0.05925958,1076.68660176,0.01998524,0.01998524,30523,93,0
6547.81633397,6547.81608560,910.55166147,910.55949532,0.04225525,1076.92477739,0.01998525,0.01998524,30522,93,0
6548.03028017,6548.03064332,917.32130834,917.30984643,0.04865056,1077.15973061,0.01998524,0.01998524,30521,93,0
6548.24531214,6548.24521509,924.09596488,924.09903008,0.06330054,1077.39520174,0.01998525,0.01998524,30520,93,0
6548.45995287,6548.45980093,930.87526144,930.88006298,0.02861741,1077.62955562,0.01998525,0.01998524,30519,93,0
6548.67461274,6548.67440083,937.65905147,937.66575228,0.05057456,1077.86323552,0.01998525,0.01998524,30518,93,0
6548.88926003,6548.88901479,944.44766521,944.45542501,0.04853302,1078.09621671,0.01998525,0.01998524,30517,93,0
6549.10341579,6549.10364283,951.24149545,951.23430635,0.05717501,1078.32799349,0.01998524,0.01998524,30516,93,0
6549.31877939,6549.31828492,958.04093689,958.05660682,0.06419524,1078.56041335,0.01998525,0.01998524,30515,93,0
6549.53330029,6549.53294109,964.84638569,964.85777843,0.02144055,1078.79127322,0.01998525,0.01998524,30514,93,0
6549.74753520,6549.74761133,971.65806200,971.65564526,0.04414893,1079.02118265,0.01998525,0.01998524,30513,93,0
6549.96315315,6549.96229564,978.47573387,978.50297636,0.04250576,1079.25191782,0.01998525,0.01998524,30512,93,0
6550.17701222,6550.17699402,985.29909713,985.29967573,0.03904511,1079.48010601,0.01998525,0.01998525,30511,93,0
6550.39277661,6550.39170648,992.12784612,992.16189256,0.05519426,1079.70964400,0.01998525,0.01998525,30510,93,0
6550.60639628,6550.60643301,998.96167378,998.96050458,0.02113155,1079.93621239,0.01998525,0.01998525,30509,93,0
6550.82081623,6550.82117362,1005.80039501,1005.78900981,0.04837667,1080.16293336,0.01998525,0.01998525,30508,93,0
6551.03551750,6551.03592830,1012.64418069,1012.63108477,0.04437560,1080.38925687,0.01998525,0.01998525,30507,93,0
6551.25021779,6551.25069707,1019.49326657,1019.47797658,0.04311518,1080.61489002,0.01998525,0.01998525,30506,93,0
6551.46556957,6551.46547992,1026.34788959,1026.35075186,0.04627008,1080.84052133,0.01998525,0.01998525,30505,93,0
6551.68076142,6551.68027685,1033.20828777,1033.22377068,0.05473488,1081.06530419,0.01998525,0.01998525,30504,93,0
6551.89594594,6551.89508786,1040.07462039,1040.10205944,0.06731424,1081.28940200,0.01998525,0.01998525,30503,93,0
6552.10943496,6552.10991296,1046.94680032,1046.93150347,0.02134376,1081.51105982,0.01998525,0.01998525,30502,93,0
6552.32452561,6552.32475215,1053.82469240,1053.81743734,0.05567613,1081.73369502,0.01998525,0.01998525,30501,93,0
6552.53936401,6552.53960542,1060.70816075,1060.70042349,0.04675862,1081.95537588,0.01998525,0.01998525,30500,93,0
6552.75519257,6552.75447279,1067.59706886,1067.62015426,0.03737223,1082.17737447,0.01998525,0.01998525,30499,93,0
6552.96925415,6552.96935424,1074.49132175,1074.48810935,0.04795453,1082.39685373,0.01998525,0.01998525,30498,93,0
6553.18489551,6553.18424979,1081.39095547,1081.41169509,0.04086193,1082.61724533,0.01998525,0.01998525,30497,93,0
6553.39979636,6553.39915943,1088.29603177,1088.31650398,0.03893882,1082.83617385,0.01998525,0.01998525,30496,93,0
6553.61395976,6553.61408316,1095.20661270,1095.20264327,0.05800880,1083.05364975,0.01998525,0.01998525,30495,93,0
6553.82874824,6553.82902100,1102.12276063,1102.11398070,0.06285358,1083.27105723,0.01998525,0.01998525,30494,93,0
6554.04462741,6554.04397293,1109.04457681,1109.06566035,0.06653348,1083.48886037,0.01998525,0.01998525,30493,93,0
6554.25881405,6554.25893895,1115.97227676,1115.96824979,0.02399083,1083.70425885,0.01998525,0.01998525,30492,93,0
6554.47352324,6554.47391908,1122.90609798,1122.89332535,0.06271469,1083.91949125,0.01998524,0.01998525,30491,93,0
6554.68889572,6554.68891331,1129.84627912,1129.84571095,0.05429303,1084.13469816,0.01998525,0.01998525,30490,93,0
6554.90423842,6554.90392165,1136.79305975,1136.80329909,0.05338922,1084.34918913,0.01998525,0.01998525,30489,93,0
6555.11915422,6555.11894409,1143.74652919,1143.75332735,0.04602448,1084.56257118,0.01998525,0.01998525,30488,93,0
6555.33313991,6555.33398063,1150.70637820,1150.67915637,0.04565754,1084.77433947,0.01998524,0.01998525,30487,93,0
6555.54934722,6555.54903129,1157.67223103,1157.68246863,0.03942669,1084.98759304,0.01998525,0.01998525,30486,93,0
6555.76384119,6555.76409605,1164.64371000,1164.63544580,0.04474458,1085.19843466,0.01998525,0.01998525,30485,93,0
6555.97909066,6555.97917492,1171.62043658,1171.61770230,0.04320222,1085.40928256,0.01998525,0.01998525,30484,93,0
6556.19439269,6556.19426790,1178.60225452,1178.60630627,0.04809959,1085.61943752,0.01998525,0.01998525,30483,93,0
6556.40920728,6556.40937500,1185.58950522,1185.58405507,0.04758174,1085.82838312,0.01998525,0.01998525,30482,93,0
6556.62412018,6556.62449621,1192.58259905,1192.57037020,0.03050791,1086.03670137,0.01998525,0.01998525,30481,93,0
6556.83966234,6556.83963154,1199.58194843,1199.58295087,0.04065120,1086.24491344,0.01998525,0.01998525,30480,93,0
6557.05461042,6557.05478098,1206.58796534,1206.58240876,0.04347862,1086.45184736,0.01998525,0.01998525,30479,93,0
6557.27004975,6557.26994455,1213.60083417,1213.60426452,0.04156713,1086.65855152,0.01998525,0.01998525,30478,93,0
6557.48447426,6557.48512223,1220.62033102,1220.59918395,0.03788250,1086.86357454,0.01998524,0.01998525,30477,93,0
6557.70067018,6557.70031403,1227.64618866,1227.65782137,0.04268337,1087.06956651,0.01998525,0.01998525,30476,93,0
6557.91564237,6557.91551996,1234.67813840,1234.68213958,0.04626265,1087.27366084,0.01998525,0.01998525,30475,93,0
6558.13072128,6558.13074001,1241.71591420,1241.71530159,0.04881135,1087.47711653,0.01998525,0.01998525,30474,93,0
6558.34305956,6558.34597419,0.00000000,1248.67097539,0.08038828,1087.67744924,0.01998524,0.01998525,30473,93,1
6558.56110358,6558.56122249,1255.80879708,1255.80490105,0.05649975,1087.88200538,0.01998525,0.01998525,30472,93,0
6558.77578050,6558.77648492,1262.86419875,1262.84110136,0.05708908,1088.08285626,0.01998525,0.01998525,30471,93,0
6558.99182961,6558.99176149,1269.92578270,1269.92801826,0.05229260,1088.28424827,0.01998525,0.01998525,30470,93,0
6559.20680748,6559.20705218,1276.99370214,1276.98566547,0.06884034,1088.48390431,0.01998525,0.01998525,30469,93,0
6559.42277966,6559.42235700,1284.06801157,1284.08190483,0.05645980,1088.68374238,0.01998525,0.01998525,30468,93,0
6559.63808830,6559.63767596,1291.14866755,1291.16223279,0.04554849,1088.88222325,0.01998525,0.01998525,30467,93,0
6559.85330396,6559.85300906,1298.23562224,1298.24533193,0.05099127,1089.07987319,0.01998525,0.01998525,30466,93,0
6560.06820405,6560.06835629,1305.32882750,1305.32381101,0.04276026,1089.27648632,0.01998525,0.01998525,30465,93,0
6560.28396754,6560.28371766,1312.42823424,1312.43647495,0.03973153,1089.47313481,0.01998525,0.01998525,30464,93,0
6560.49857937,6560.49909317,1319.53378443,1319.51682693,0.04365402,1089.66797984,0.01998525,0.01998525,30463,93,0
6560.71461410,6560.71448281,1326.64541380,1326.64975020,0.04260413,1089.86335342,0.01998525,0.01998525,30462,93,0
6560.92984102,6560.92988661,1333.76305764,1333.76155068,0.04541155,1090.05723099,0.01998525,0.01998525,30461,93,0
6561.14502297,6561.14530454,1340.88665087,1340.87733604,0.04558220,1090.25030035,0.01998525,0.01998525,30460,93,0
6561.36113593,6561.36073662,1348.01615500,1348.02937479,0.06804135,1090.44342925,0.01998525,0.01998525,30459,93,0
6561.57662095,6561.57618285,1355.15172399,1355.16623993,0.04983215,1090.63522491,0.01998525,0.01998525,30458,93,0
6561.79158422,6561.79164322,1362.29359639,1362.29163976,0.04629321,1090.82579217,0.01998525,0.01998525,30457,93,0
6562.00669545,6562.00711775,1369.44201240,1369.42799657,0.03619626,1091.01573083,0.01998525,0.01998525,30456,93,0
6562.22286437,6562.22260642,1376.59721345,1376.60578242,0.03794277,1091.20584176,0.01998525,0.01998525,30455,93,0
6562.43801041,6562.43810925,1383.75937033,1383.75608421,0.04543830,1091.39429704,0.01998525,0.01998525,30454,93,0
6562.65377294,6562.65362623,1390.92836228,1390.93324479,0.05726131,1091.58252906,0.01998525,0.01998525,30453,93,0
6562.86941701,6562.86915736,1398.10399358,1398.11264163,0.05843231,1091.76988643,0.01998525,0.01998525,30452,93,0
6563.08472967,6563.08470265,1405.28606741,1405.28696798,0.04713970,1091.95617901,0.01998525,0.01998525,30451,93,0
6563.30031810,6563.30026210,1412.47438615,1412.47625435,0.03355883,1092.14192503,0.01998525,0.01998525,30450,93,0
6563.51557494,6563.51583570,1419.66881468,1419.66010866,0.04546607,1092.32659576,0.01998525,0.01998525,30449,93,0
6563.73185204,6563.73142347,1426.86935915,1426.88367891,0.05531706,1092.51134512,0.01998525,0.01998525,30448,93,0
6563.94700421,6563.94702540,1434.07604506,1434.07533662,0.05789979,1092.69433962,0.01998525,0.01998525,30447,93,0
6564.16333256,6564.16264149,1441.28889800,1441.31202486,0.03831905,1092.87753456,0.01998525,0.01998525,30446,93,0
6564.37810000,6564.37827175,1448.50794836,1448.50219595,0.03320321,1093.05861272,0.01998525,0.01998525,30445,93,0
6564.59325409,6564.59391617,1455.73338497,1455.71119168,0.03984027,1093.23922511,0.01998525,0.01998525,30444,93,0
6564.80968105,6564.80957476,1462.96559043,1462.96915649,0.05371300,1093.42011370,0.01998525,0.01998525,30443,93,0
6565.02516958,6565.02524752,1470.20496109,1470.20234360,0.03851253,1093.59943576,0.01998525,0.01998525,30442,93,0
6565.24071377,6565.24093445,1477.45189547,1477.44447720,0.03683874,1093.77803049,0.01998525,0.01998525,30441,93,0
6565.45660716,6565.45663555,1484.70674288,1484.70578762,0.04114870,1093.95614466,0.01998525,0.01998525,30440,93,0
6565.67227851,6565.67235082,1491.96926577,1491.96683009,0.06055836,1094.13329758,0.01998525,0.01998525,30439,93,0
6565.88828892,6565.88808027,1499.23884928,1499.24588333,0.04133612,1094.30993172,0.01998525,0.01998525,30438,93,0
6566.10356593,6566.10382389,1506.51486904,1506.50616577,0.03719963,1094.48515470,0.01998525,0.01998525,30437,93,0
6566.31925070,6566.31958169,1513.79669719,1513.78552239,0.04401881,1094.65987983,0.01998525,0.01998525,30436,93,0
6566.53523789,6566.53535367,1521.08386690,1521.07995521,0.05412471,1094.83400440,0.01998525,0.01998525,30435,93,0
6566.75110483,6566.75113983,1528.37670350,1528.37552010,0.02814636,1095.00719237,0.01998525,0.01998525,30434,93,0
6566.96715167,6566.96694017,1535.67577379,1535.68293037,0.03460192,1095.17969548,0.01998525,0.01998525,30433,93,0
6567.18258614,6567.18275469,1542.98164775,1542.97593922,0.05976749,1095.35089466,0.01998525,0.01998525,30432,93,0
6567.39827652,6567.39858340,1550.29489689,1550.28449314,0.03969336,1095.52149266,0.01998525,0.01998525,30431,93,0
6567.61481545,6567.61442629,1557.61583210,1557.62903785,0.03659389,1095.69195649,0.01998525,0.01998525,30430,93,0
6567.83001665,6567.83028337,1564.94421644,1564.93515720,0.05974474,1095.86055949,0.01998525,0.01998525,30429,93,0
6568.04600540,6568.04615464,1572.27974298,1572.27466960,0.03763132,1096.02896001,0.01998525,0.01998525,30428,93,0
6568.26158549,6568.26204009,1579.62210304,1579.60663531,0.03696186,1096.19621358,0.01998525,0.01998525,30427,93,0
6568.47793056,6568.47793974,1586.97099968,1586.97068689,0.05926652,1096.36321939,0.01998525,0.01998525,30426,93,0
6568.69380748,6568.69385358,1594.32640225,1594.32483108,0.03445143,1096.52902067,0.01998525,0.01998525,30425,93,0
6568.90980650,6568.90978162,1601.68852600,1601.68937466,0.03905868,1096.69407515,0.01998525,0.01998525,30424,93,0
6569.12472755,6569.12572385,1609.05759650,1609.02358247,0.05754365,1096.85747387,0.01998525,0.01998525,30423,93,0
6569.34194075,6569.34168027,1616.43384060,1616.44274155,0.03175556,1097.02177437,0.01998525,0.01998525,30422,93,0
6569.55733708,6569.55765090,1623.81744782,1623.80671397,0.04342373,1097.18386727,0.01998525,0.01998525,30421,93,0
6569.77365336,6569.77363572,1631.20837371,1631.20897750,0.05975533,1097.34581358,0.01998525,0.01998525,30420,93,0
6569.98921256,6569.98963474,1638.60648504,1638.59201855,0.03146839,1097.50635120,0.01998525,0.01998525,30419,93,0
6570.20563266,6570.20564797,1646.01164766,1646.01112265,0.04734770,1097.66667887,0.01998525,0.01998525,30418,93,0
6570.42128688,6570.42167540,1653.42372712,1653.41039094,0.02898836,1097.82558536,0.01998525,0.01998525,30417,93,0
6570.63825589,6570.63771704,1660.84268420,1660.86119692,0.06083847,1097.98459711,0.01998525,0.01998525,30416,93,0
6570.85401572,6570.85377288,1668.26868723,1668.27703763,0.03687388,1098.14186466,0.01998525,0.01998525,30415,93,0
6571.06954065,6571.06984293,1675.70193267,1675.69152872,0.03925645,1098.29810822,0.01998525,0.01998525,30414,93,0
6571.28592278,6571.28592719,1683.14261808,1683.14246624,0.06023160,1098.45411720,0.01998525,0.01998525,30413,93,0
6571.50165755,6571.50202566,1690.59092900,1690.57823528,0.03206799,1098.60880656,0.01998525,0.01998525,30412,93,0
6571.71849380,6571.71813834,1698.04683941,1698.05910848,0.05856215,1098.76342414,0.01998525,0.01998525,30411,93,0
6571.93390781,6571.93426523,1705.51015098,1705.49780294,0.02921076,1098.91616534,0.01998525,0.01998525,30410,93,0
6572.15060781,6572.15040634,1712.98065925,1712.98762551,0.05030247,1099.06894424,0.01998525,0.01998525,30409,93,0
6572.36675337,6572.36656167,1720.45815857,1720.46479278,0.02953583,1099.22045199,0.01998525,0.01998525,30408,93,0
6572.58284634,6572.58273121,1727.94250483,1727.94649244,0.05543770,1099.37103849,0.01998525,0.01998525,30407,93,0
6572.79883643,6572.79891498,1735.43382672,1735.43110351,0.02771336,1099.52066962,0.01998525,0.01998525,30406,93,0
6573.01505632,6573.01511296,1742.93232809,1742.93036263,0.04886494,1099.66957643,0.01998525,0.01998525,30405,93,0
6573.23142690,6573.23132517,1750.43821403,1750.44174742,0.03057377,1099.81770340,0.01998525,0.01998525,30404,93,0
6573.44775716,6573.44755160,1757.95168833,1757.95883468,0.04905335,1099.96492021,0.01998525,0.01998525,30403,93,0
6573.66403257,6573.66379225,1765.47285116,1765.48121398,0.02940426,1100.11121658,0.01998525,0.01998525,30402,93,0
6573.88008779,6573.88004713,1773.00166078,1773.00307699,0.04777089,1100.25647857,0.01998525,0.01998525,30401,93,0
6574.09594980,6574.09631624,1780.53806502,1780.52528981,0.02792562,1100.40072295,0.01998525,0.01998525,30400,93,0
6574.31249169,6574.31259957,1788.08201136,1788.07824658,0.04978344,1100.54452618,0.01998525,0.01998525,30399,93,0
6574.52867669,6574.52889714,1795.63344788,1795.62574799,0.02972029,1100.68719386,0.01998525,0.01998525,30398,93,0
6574.74525636,6574.74520893,1803.19232888,1803.19398701,0.05535753,1100.82921799,0.01998525,0.01998525,30397,93,0
6574.96180994,6574.96153497,1810.75861119,1810.76823318,0.05422502,1100.97031662,0.01998525,0.01998525,30396,93,0
6575.17752605,6575.17787523,1818.33225134,1818.32002185,0.03734428,1101.10996288,0.01998525,0.01998525,30395,93,0
6575.39441753,6575.39422973,1825.91320617,1825.91978941,0.05482191,1101.24945400,0.01998525,0.01998525,30394,93,0
6575.60990399,6575.61059847,1833.50148883,1833.47712168,0.02909885,1101.38712933,0.01998525,0.01998525,30393,93,0
6575.82718207,6575.82698145,1841.09721730,1841.10426308,0.04988991,1101.52502802,0.01998525,0.01998525,30392,93,0
6576.04338706,6576.04337867,1848.70052161,1848.70081664,0.05501640,1101.66132679,0.01998525,0.01998525,30391,93,0
6576.25998514,6576.25979013,1856.31153254,1856.31839434,0.03048566,1101.79695365,0.01998525,0.01998525,30390,93,0
6576.47585179,6576.47621583,1863.93038229,1863.91756093,0.04989272,1101.93120594,0.01998525,0.01998525,30389,93,0
6576.69193133,6576.69265577,1871.55720967,1871.53166947,0.03316961,1102.06467360,0.01998525,0.01998525,30388,93,0
6576.90892718,6576.90910997,1879.19215736,1879.18570671,0.05322222,1102.19778325,0.01998525,0.01998525,30387,93,0
6577.12566647,6577.12557840,1886.83536895,1886.83847995,0.05707923,1102.32981051,0.01998525,0.01998525,30386,93,0
6577.34200824,6577.34206109,1894.48698769,1894.48511861,0.03426324,1102.46067285,0.01998525,0.01998525,30385,93,0
6577.55848594,6577.55855803,1902.14699656,1902.14444449,0.04745548,1102.59069104,0.01998525,0.01998525,30384,93,0
6577.77534643,6577.77506922,1909.81505217,1909.82487481,0.05422932,1102.72000091,0.01998525,0.01998525,30383,93,0
6577.99130331,6577.99159466,1917.49076960,1917.48043680,0.03242066,1102.84782922,0.01998525,0.01998525,30382,93,0
6578.20803277,6578.20813436,1925.17376155,1925.17015578,0.04414925,1102.97515960,0.01998525,0.01998525,30381,93,0
6578.42466235,6578.42468831,1932.86370209,1932.86278001,0.05177861,1103.10146684,0.01998525,0.01998525,30380,93,0
6578.64088315,6578.64125652,1940.56081911,1940.54754327,0.03274351,1103.22657517,0.01998525,0.01998525,30379,93,0
6578.85724243,6578.85783898,1948.26562845,1948.24439595,0.05245832,1103.35080850,0.01998525,0.01998525,30378,93,0
6579.07399079,6579.07443571,1955.97865145,1955.96279945,0.04919015,1103.47431251,0.01998525,0.01998525,30377,93,0
6579.29076973,6579.29104670,1963.70040877,1963.69052997,0.05439519,1103.59688510,0.01998525,0.01998525,30376,93,0
6579.50779700,6579.50767195,1971.43107902,1971.43554405,0.03072050,1103.71864689,0.01998526,0.01998525,30375,93,0
6579.72404793,6579.72431146,1979.17023223,1979.16081309,0.05239761,1103.83901624,0.01998525,0.01998525,30374,93,0
6579.94117437,6579.94096524,1986.91737348,1986.92485488,0.05766545,1103.95890092,0.01998526,0.01998525,30373,93,0
6580.15772206,6580.15763329,1994.67200471,1994.67518325,0.05140002,1104.07748520,0.01998526,0.01998525,30372,93,0
6580.37409966,6580.37431561,2002.43370123,2002.42596266,0.02818698,1104.19498859,0.01998525,0.01998525,30371,93,0
6580.59096348,6580.59101219,2010.20253250,2010.20078528,0.04486177,1104.31176356,0.01998525,0.01998525,30370,93,0
6580.80725930,6580.80772305,2017.97876685,2017.96211884,0.04632518,1104.42724417,0.01998525,0.01998525,30369,93,0
6581.02425133,6581.02444818,2025.76267479,2025.75560162,0.04505678,1104.54210550,0.01998525,0.01998526,30368,93,0
6581.24136137,6581.24118758,2033.55452885,2033.56077992,0.03041086,1104.65603682,0.01998526,0.01998526,30367,93,0
6581.45753742,6581.45794126,2041.35461507,2041.34007519,0.05453667,1104.76849258,0.01998525,0.01998526,30366,93,0
6581.67437433,6581.67470921,2049.16323596,2049.15116641,0.05039329,1104.88030531,0.01998525,0.01998526,30365,93,0
6581.89137123,6581.89149144,2056.98069682,2056.97635948,0.04844419,1104.99121198,0.01998525,0.01998526,30364,93,0
6582.10891384,6582.10828795,2064.80730489,2064.82991296,0.04649540,1105.10140563,0.01998526,0.01998526,30363,93,0
6582.32505275,6582.32509875,2072.64327499,2072.64161179,0.05049664,1105.20990391,0.01998525,0.01998526,30362,93,0
6582.54213075,6582.54192382,2080.48846195,2080.49595313,0.02926677,1105.31788025,0.01998525,0.01998526,30361,93,0
6582.75847063,6582.75876318,2088.34263315,2088.33203111,0.05701551,1105.42449213,0.01998525,0.01998526,30360,93,0
6582.97528029,6582.97561683,2096.20555441,2096.19334556,0.05269911,1105.53032988,0.01998525,0.01998526,30359,93,0
6583.19236770,6583.19248476,2104.07699881,2104.07274793,0.04399050,1105.63528799,0.01998525,0.01998526,30358,93,0
6583.40925596,6583.40936698,2111.95685376,2111.95281841,0.04315425,1105.73913039,0.01998525,0.01998526,30357,93,0
6583.62617708,6583.62626348,2119.84508784,2119.84194389,0.04741969,1105.84196549,0.01998525,0.01998526,30356,93,0
6583.84294215,6583.84317428,2127.74167112,2127.73321614,0.04315955,1105.94370083,0.01998525,0.01998526,30355,93,0
6584.06061356,6584.06009937,2135.64657431,2135.66532072,0.05444029,1106.04482588,0.01998526,0.01998526,30354,93,0
6584.27740112,6584.27703876,2143.55985517,2143.57307978,0.05773670,1106.14450615,0.01998526,0.01998526,30353,93,0
6584.49356604,6584.49399244,2151.48173199,2151.46615439,0.02973162,1106.24287179,0.01998525,0.01998526,30352,93,0
6584.71005606,6584.71096042,2159.41244163,2159.37936761,0.05657715,1106.34035557,0.01998525,0.01998526,30351,93,0
6584.92786263,6584.92794269,2167.35222247,2167.34929150,0.05361041,1106.43739145,0.01998526,0.01998526,30350,93,0
6585.14440434,6585.14493926,2175.30126459,2175.28165847,0.05083299,1106.53282756,0.01998525,0.01998526,30349,93,0
6585.36150224,6585.36195014,2183.25951293,2183.24307880,0.04420551,1106.62746710,0.01998525,0.01998526,30348,93,0
6585.57897371,6585.57897531,2191.22683603,2191.22677708,0.04755984,1106.72121841,0.01998526,0.01998526,30347,93,0
6585.79625887,6585.79601479,2199.20310153,2199.21207602,0.04658628,1106.81383347,0.01998526,0.01998526,30346,93,0
6586.01269917,6586.01306858,2207.18817530,2207.17457825,0.04673821,1106.90503390,0.01998526,0.01998526,30345,93,0
6586.22974966,6586.23013667,2215.18191042,2215.16765141,0.04167917,1106.99542923,0.01998526,0.01998526,30344,93,0
6586.44696920,6586.44721907,2223.18415002,2223.17493476,0.04748573,1107.08482470,0.01998526,0.01998526,30343,93,0
6586.66399706,6586.66431578,2231.19473593,2231.18296999,0.04857944,1107.17306677,0.01998526,0.01998526,30342,93,0
6586.88121305,6586.88142680,2239.21351145,2239.20561312,0.03708912,1107.26030474,0.01998526,0.01998526,30341,93,0
6587.09843578,6587.09855213,2247.24050242,2247.23619895,0.04632093,1107.34646120,0.01998526,0.01998526,30340,93,0
6587.31561247,6587.31569177,2255.27603827,2255.27310191,0.04310870,1107.43151557,0.01998526,0.01998526,30339,93,0
6587.53280705,6587.53284573,2263.32047905,2263.31904532,0.04776243,1107.51549328,0.01998526,0.01998526,30338,93,0
6587.74975050,6587.75001401,2271.37418719,2271.36440953,0.04761799,1107.59829205,0.01998526,0.01998526,30337,93,0
6587.96681344,6587.96719660,2279.43744955,2279.42321628,0.05125160,1107.68005334,0.01998526,0.01998526,30336,93,0
6588.18423387,6588.18439351,2287.51026998,2287.50433310,0.05072730,1107.76085924,0.01998526,0.01998526,30335,93,0
6588.40192887,6588.40160474,2295.59258726,2295.60465456,0.05255322,1107.84066957,0.01998526,0.01998526,30334,93,0
6588.61857131,6588.61883030,2303.68433972,2303.67468706,0.04718277,1107.91899907,0.01998526,0.01998526,30333,93,0
6588.83612872,6588.83607018,2311.78545451,2311.78763893,0.04834611,1107.99655550,0.01998526,0.01998526,30332,93,0
6589.05334387,6589.05332438,2319.89577140,2319.89649931,0.04162491,1108.07288089,0.01998526,0.01998526,30331,93,0
6589.26995769,6589.27059291,2328.01508687,2327.99133676,0.04262584,1108.14788570,0.01998526,0.01998526,30330,93,0
6589.48804701,6589.48787577,2336.14319571,2336.14960472,0.04492726,1108.22227667,0.01998526,0.01998526,30329,93,0
6589.70484470,6589.70517295,2344.27990991,2344.26761256,0.04743723,1108.29510314,0.01998526,0.01998526,30328,93,0
6589.92260272,6589.92248447,2352.42540820,2352.42984295,0.05712829,1108.36712208,0.01998526,0.01998526,30327,93,0
6590.14009009,6590.13981031,2360.58020763,2360.59071175,0.05474831,1108.43792177,0.01998526,0.01998526,30326,93,0
6590.35787717,6590.35715049,2368.74484125,2368.77215587,0.04552270,1108.50768820,0.01998526,0.01998526,30325,93,0
6590.57451289,6590.57450501,2376.91984079,2376.92013746,0.03947705,1108.57596339,0.01998526,0.01998526,30324,93,0
6590.79182813,6590.79187386,2385.10540281,2385.10367975,0.04290422,1108.64332523,0.01998526,0.01998526,30323,93,0
6591.00879495,6591.00925705,2393.30117539,2393.28374339,0.04584397,1108.70944519,0.01998526,0.01998526,30322,93,0
6591.22691018,6591.22665458,2401.50675383,2401.51640668,0.05486630,1108.77476556,0.01998526,0.01998526,30321,93,0
6591.44355722,6591.44406645,2409.72173068,2409.70247925,0.04146004,1108.83849797,0.01998526,0.01998526,30320,93,0
6591.66153816,6591.66149266,2417.94582309,2417.94754523,0.03362046,1108.90146161,0.01998526,0.01998526,30319,93,0
6591.87893143,6591.87893321,2426.17910414,2426.17903682,0.03825252,1108.96309213,0.01998526,0.01998526,30318,93,0
6592.09619232,6592.09638811,2434.42170975,2434.41428427,0.04502201,1109.02352144,0.01998526,0.01998526,30317,93,0
6592.31391608,6592.31385735,2442.67377674,2442.67600621,0.05151281,1109.08290942,0.01998526,0.01998526,30316,93,0
6592.53183948,6592.53134094,2450.93547909,2450.95442786,0.04579204,1109.14117608,0.01998526,0.01998526,30315,93,0
6592.74847816,6592.74883889,2459.20716364,2459.19343694,0.03900359,1109.19793152,0.01998526,0.01998526,30314,93,0
6592.96612014,6592.96635118,2467.48923058,2467.48042807,0.05381418,1109.25377581,0.01998526,0.01998526,30313,93,0
6593.18439320,6593.18387782,2475.78208291,2475.80174348,0.04129076,1109.30859832,0.01998526,0.01998526,30312,93,0
6593.40140504,6593.40141881,2484.08603809,2484.08551189,0.03808008,1109.36192623,0.01998526,0.01998526,30311,93,0
6593.61934146,6593.61897416,2492.40073589,2492.41478176,0.05007627,1109.41429233,0.01998526,0.01998526,30310,93,0
6593.83683195,6593.83654387,2500.72549774,2500.73652649,0.03824503,1109.46535461,0.01998526,0.01998526,30309,93,0
6594.05429947,6594.05412793,2509.05963841,2509.06621221,0.03313243,1109.51520783,0.01998526,0.01998526,30308,93,0
6594.27152107,6594.27172635,2517.40252529,2517.39465071,0.05181070,1109.56379542,0.01998526,0.01998526,30307,93,0
6594.48925459,6594.48933914,2525.75422712,2525.75098064,0.03831963,1109.61128129,0.01998526,0.01998526,30306,93,0
6594.70657683,6594.70696628,2534.11528635,2534.10031577,0.03764552,1109.65746240,0.01998526,0.01998526,30305,93,0
6594.92493650,6594.92460779,2542.48625807,2542.49890835,0.05067421,1109.70264021,0.01998526,0.01998526,30304,93,0
6595.14239186,6595.14226366,2550.86768178,2550.87262137,0.04044147,1109.74641031,0.01998526,0.01998526,30303,93,0
6595.35930868,6595.35993390,2559.25972177,2559.23560310,0.03778130,1109.78885473,0.01998526,0.01998526,30302,93,0
6595.57750729,6595.57761850,2567.66219979,2567.65790469,0.05385330,1109.83031786,0.01998526,0.01998526,30301,93,0
6595.79530133,6595.79531747,2576.07492386,2576.07429974,0.03972284,1109.87046632,0.01998526,0.01998526,30300,93,0
6596.01279380,6596.01303082,2584.49770568,2584.48853092,0.05136599,1109.90931975,0.01998526,0.01998526,30299,93,0
6596.23068215,6596.23075853,2592.93051292,2592.92755296,0.02738005,1109.94699738,0.01998526,0.01998526,30298,93,0
6596.44836888,6596.44850062,2601.37349533,2601.36838417,0.04932014,1109.98339044,0.01998526,0.01998526,30297,93,0
6596.66686328,6596.66625708,2609.82681391,2609.85036022,0.03723229,1110.01865860,0.01998526,0.01998526,30296,93,0
6596.88417177,6596.88402792,2618.29063096,2618.29622522,0.05257635,1110.05247940,0.01998526,0.01998526,30295,93,0
6597.10173738,6597.10181314,2626.76511757,2626.76216781,0.03524159,1110.08508147,0.01998526,0.01998526,30294,93,0
6597.31965200,6597.31961273,2635.25045676,2635.25198753,0.05115840,1110.11646927,0.01998526,0.01998526,30293,93,0
6597.53686518,6597.53742671,2643.74683370,2643.72491642,0.04185780,1110.14649040,0.01998526,0.01998526,30292,93,0
6597.75476802,6597.75525506,2652.25443303,2652.23539909,0.03649852,1110.17533293,0.01998526,0.01998526,30291,93,0
6597.97324405,6597.97309780,2660.77331707,2660.77903998,0.04741865,1110.20296551,0.01998526,0.01998526,30290,93,0
6598.19144665,6598.19095492,2669.30334845,2669.32261366,0.05006469,1110.22927293,0.01998526,0.01998526,30289,93,0
6598.40919639,6598.40882643,2677.84437046,2677.85888237,0.03428426,1110.25423457,0.01998526,0.01998526,30288,93,0
6598.62688263,6598.62671233,2686.39622650,2686.40291461,0.05723825,1110.27789431,0.01998526,0.01998526,30287,93,0
6598.84434912,6598.84461261,2694.95887981,2694.94851924,0.03518912,1110.30023278,0.01998526,0.01998526,30286,93,0
6599.06240114,6599.06252729,2703.53250697,2703.52754060,0.05323853,1110.32132499,0.01998526,0.01998526,30285,93,0
6599.28037371,6599.28045636,2712.11730773,2712.11404997,0.04059766,1110.34109758,0.01998526,0.01998526,30284,93,0
6599.49831248,6599.49839982,2720.71348141,2720.71003437,0.04239883,1110.35955110,0.01998526,0.01998526,30283,93,0
6599.71642357,6599.71635767,2729.32104921,2729.32365347,0.05148953,1110.37669664,0.01998526,0.01998526,30282,93,0
6599.93438233,6599.93432992,2737.93970482,2737.94177836,0.03202806,1110.39250281,0.01998526,0.01998526,30281,93,0
6600.15256241,6600.15231657,2746.56910467,2746.57884225,0.05015523,1110.40699051,0.01998526,0.01998526,30280,93,0
6600.37031488,6600.37031761,2755.20890560,2755.20879716,0.04861986,1110.42011319,0.01998526,0.01998526,30279,93,0
6600.58833973,6600.58833306,2763.85904374,2763.85930873,0.03090102,1110.43190968,0.01998526,0.01998526,30278,93,0
6600.80645914,6600.80636291,2772.51995703,2772.52378212,0.04352574,1110.44236279,0.01998526,0.01998526,30277,93,0
6601.02472113,6601.02440716,2781.19213863,2781.20463405,0.05066098,1110.45146818,0.01998526,0.01998526,30276,93,0
6601.24209395,6601.24246581,2789.87608239,2789.86126390,0.03815679,1110.45918507,0.01998526,0.01998526,30275,93,0
6601.46042609,6601.46053887,2798.57206550,2798.56756546,0.04483207,1110.46557321,0.01998526,0.01998526,30274,93,0
6601.67879825,6601.67862634,2807.28000425,2807.28687301,0.04421614,1110.47059078,0.01998526,0.01998526,30273,93,0
6601.89665551,6601.89672821,2815.99978040,2815.99687164,0.02918941,1110.47422400,0.01998526,0.01998526,30272,93,0
6602.11480187,6602.11484450,2824.73127547,2824.72956781,0.04768193,1110.47648294,0.01998526,0.01998526,30271,93,0
6602.33296476,6602.33297520,2833.47441030,2833.47399172,0.04634163,1110.47735650,0.01998526,0.01998526,30270,93,0
6602.55162745,6602.55112031,2842.22916313,2842.24952888,0.04758865,1110.47683632,0.01998526,0.01998526,30269,93,0
6602.76961078,6602.76927983,2850.99551649,2851.00882351,0.02611444,1110.47492157,0.01998526,0.01998526,30268,93,0
6602.98698184,6602.98745377,2859.77345082,2859.75445125,0.04912624,1110.47161876,0.01998526,0.01998526,30267,93,0
6603.20575549,6603.20564213,2868.56288496,2868.56745450,0.04180389,1110.46688434,0.01998526,0.01998526,30266,93,0
6603.42385445,6603.42384491,2877.36366353,2877.36404855,0.03960486,1110.46075104,0.01998526,0.01998526,30265,93,0
6603.64224895,6603.64206210,2886.17562546,2886.18317514,0.05284923,1110.45319016,0.01998526,0.01998526,30264,93,0
6603.86052229,6603.86029372,2894.99862403,2895.00787042,0.03305341,1110.44420938,0.01998526,0.01998526,30263,93,0
6604.07846224,6604.07853976,2903.83283832,2903.82969853,0.05358723,1110.43381658,0.01998526,0.01998526,30262,93,0
6604.29642519,6604.29680023,2912.67875824,2912.66354841,0.04450518,1110.42199190,0.01998526,0.01998526,30261,93,0
6604.51475770,6604.51507512,2921.53688970,2921.52399927,0.04536519,1110.40870645,0.01998526,0.01998526,30260,93,0
6604.73385983,6604.73336444,2930.40770584,2930.42785148,0.04376816,1110.39391801,0.01998526,0.01998526,30259,93,0
6604.95157531,6604.95166818,2939.29119765,2939.28741584,0.04292476,1110.37777234,0.01998526,0.01998526,30258,93,0
6605.17047615,6605.16998636,2948.18701261,2948.20698285,0.05296593,1110.36007550,0.01998526,0.01998526,30257,93,0
6605.38816074,6605.38831897,2957.09478801,2957.08832833,0.02962054,1110.34101697,0.01998526,0.01998526,30256,93,0
6605.60567014,6605.60666601,2966.01421834,2965.97351203,0.05787775,1110.32051477,0.01998526,0.01998526,30255,93,0
6605.82420195,6605.82502749,2974.94549578,2974.91170863,0.04664088,1110.29844151,0.01998526,0.01998526,30254,93,0
6606.04304037,6606.04340340,2983.88906183,2983.87418422,0.05230334,1110.27484924,0.01998526,0.01998526,30253,93,0
6606.26167180,6606.26179375,2992.84536332,2992.84035870,0.04097623,1110.24978519,0.01998526,0.01998526,30252,93,0
6606.47993014,6606.48019853,3001.81477390,3001.80374386,0.04466221,1110.22326718,0.01998526,0.01998526,30251,93,0
6606.69812348,6606.69861776,3010.79727484,3010.77693348,0.04918131,1110.19525613,0.01998526,0.01998526,30250,93,0
6606.91685841,6606.91705143,3019.79272033,3019.78476623,0.04797036,1110.16566352,0.01998526,0.01998526,30249,93,0
6607.13499124,6607.13549954,3028.80096321,3028.77998796,0.04289653,1110.13463907,0.01998526,0.01998526,30248,93,0
6607.35375790,6607.35396210,3037.82193838,3037.81350080,0.04672871,1110.10200080,0.01998526,0.01998526,30247,93,0
6607.57172795,6607.57243910,3046.85583591,3046.82641017,0.04432676,1110.06795705,0.01998526,0.01998526,30246,93,0
6607.79063463,6607.79093055,3055.90289635,3055.89063490,0.04789140,1110.03222847,0.01998526,0.01998526,30245,93,0
6608.00934407,6608.00943644,3064.96335892,3064.95952573,0.05833261,1109.99498502,0.01998526,0.01998526,30244,93,0
6608.22820520,6608.22795679,3074.03717206,3074.04749378,0.05066236,1109.95616152,0.01998526,0.01998526,30243,93,0
6608.44690566,6608.44649159,3083.12376264,3083.14099053,0.05016786,1109.91580963,0.01998527,0.01998526,30242,93,0
6608.66495796,6608.66504084,3092.22249882,3092.21904589,0.04872586,1109.87402476,0.01998526,0.01998526,30241,93,0
6608.88330998,6608.88360455,3101.33277468,3101.32048876,0.04576497,1109.83062610,0.01998526,0.01998526,30240,93,0
6609.10225204,6609.10218271,3110.45471656,3110.45761175,0.04185392,1109.78554024,0.01998526,0.01998526,30239,93,0
6609.32045047,6609.32077533,3119.58919820,3119.57561368,0.04389017,1109.73903334,0.01998526,0.01998526,30238,93,0
6609.53957619,6609.53938241,3128.73713391,3128.74524873,0.04363476,1109.69073629,0.01998526,0.01998526,30237,93,0
6609.75775359,6609.75800395,3137.89935561,3137.88885532,0.05630805,1109.64105163,0.01998526,0.01998526,30236,93,0
6609.97665644,6609.97663995,3147.07586064,3147.07655310,0.05344103,1109.58959370,0.01998526,0.01998526,30235,93,0
6610.19500175,6610.19529041,3156.26618778,3156.25404615,0.05110059,1109.53665798,0.01998526,0.01998526,30234,93,0
6610.41359773,6610.41395534,3165.46986710,3165.45480504,0.03695465,1109.48204802,0.01998526,0.01998526,30233,93,0
6610.63268746,6610.63263473,3174.68655827,3174.68878185,0.04117822,1109.42569042,0.01998526,0.01998526,30232,93,0
6610.85098450,6610.85132860,3183.91647965,3183.90194704,0.06075754,1109.36791170,0.01998526,0.01998526,30231,93,0
6611.07005213,6611.07003693,3193.15999881,3193.16064168,0.04866114,1109.30828944,0.01998526,0.01998526,30230,93,0
6611.28837982,6611.28875972,3202.41748456,3202.40139305,0.04105920,1109.24722530,0.01998526,0.01998526,30229,93,0
6611.50719029,6611.50749700,3211.68909592,3211.67608625,0.03607730,1109.18437223,0.01998526,0.01998526,30228,93,0
6611.72642042,6611.72624874,3220.97458945,3220.98188208,0.05746130,1109.11973286,0.01998527,0.01998526,30227,93,0
6611.94520777,6611.94501496,3230.27367436,3230.28187559,0.05157865,1109.05355698,0.01998527,0.01998527,30226,93,0
6612.16395008,6612.16379565,3239.58607701,3239.59265465,0.03763257,1108.98572515,0.01998527,0.01998527,30225,93,0
6612.38228497,6612.38259083,3248.91187905,3248.89883312,0.05357992,1108.91634777,0.01998526,0.01998527,30224,93,0
6612.60110893,6612.60140048,3258.25147361,3258.23902059,0.04146479,1108.84512936,0.01998526,0.01998527,30223,93,0
6612.82042496,6612.82022461,3267.60526756,3267.61383831,0.02858715,1108.77204754,0.01998527,0.01998527,30222,93,0
6613.03873542,6613.03906322,3276.97361824,3276.95957468,0.04506929,1108.69759739,0.01998526,0.01998527,30221,93,0
6613.25798793,6613.25791632,3286.35657091,3286.35964345,0.03286649,1108.62110783,0.01998527,0.01998527,30220,93,0
6613.47672188,6613.47678390,3295.75405530,3295.75139053,0.03464995,1108.54307674,0.01998526,0.01998527,30219,93,0
6613.69543448,6613.69566596,3305.16600026,3305.15603918,0.05216412,1108.46332646,0.01998526,0.01998527,30218,93,0
6613.91409810,6613.91456252,3314.59234276,3314.57232911,0.03698893,1108.38186121,0.01998526,0.01998527,30217,93,0
6614.13337306,6614.13347356,3324.03303855,3324.02870130,0.05565017,1108.29842147,0.01998526,0.01998527,30216,93,0
6614.35203724,6614.35239909,3333.48804546,3333.47240641,0.03314789,1108.21346545,0.01998526,0.01998527,30215,93,0
6614.57094731,6614.57133912,3342.95733544,3342.94037721,0.04627069,1108.12665775,0.01998526,0.01998527,30214,93,0
6614.78993656,6614.79029363,3352.44113486,3352.42565712,0.02712636,1108.03805123,0.01998526,0.01998527,30213,93,0
6615.00909758,6615.00926265,3361.93988861,3361.93272281,0.05417098,1107.94759377,0.01998526,0.01998527,30212,93,0
6615.22767961,6615.22824615,3371.45405249,3371.42941840,0.03518353,1107.85558820,0.01998526,0.01998527,30211,93,0
6615.44722921,6615.44724416,3380.98397193,3380.98332079,0.04896849,1107.76136749,0.01998527,0.01998527,30210,93,0
6615.66600920,6615.66625667,3390.52944602,3390.51865206,0.03533002,1107.66566870,0.01998526,0.01998527,30209,93,0
6615.88489555,6615.88528367,3400.09010720,3400.07315276,0.04444317,1107.56811276,0.01998526,0.01998527,30208,93,0
6616.10400142,6616.10432518,3409.66558794,3409.65142462,0.02972206,1107.46864128,0.01998526,0.01998527,30207,93,0
6616.32341789,6616.32338119,3419.25573095,3419.25733911,0.05434036,1107.36720042,0.01998527,0.01998527,30206,93,0
6616.54229905,6616.54245170,3428.86070590,3428.85400788,0.05529712,1107.26417472,0.01998527,0.01998527,30205,93,0
6616.76134114,6616.76153672,3438.48071183,3438.47211743,0.03156171,1107.15923137,0.01998527,0.01998527,30204,93,0
6616.98072467,6616.98063625,3448.11595327,3448.11984448,0.04273360,1107.05226754,0.01998527,0.01998527,30203,93,0
6617.19963599,6617.19975029,3457.76666822,3457.76163029,0.04832832,1106.94367105,0.01998527,0.01998527,30202,93,0
6617.41875554,6617.41887884,3467.43311291,3467.42766954,0.02301888,1106.83309681,0.01998527,0.01998527,30201,93,0
6617.63807126,6617.63802190,3477.11554544,3477.11772843,0.04442544,1106.72053452,0.01998527,0.01998527,30200,93,0
6617.85740167,6617.85717947,3486.81408490,3486.82392600,0.05183594,1106.60606490,0.01998527,0.01998527,30199,93,0
6618.07673569,6618.07635156,3496.52852919,3496.54556861,0.05475625,1106.48968756,0.01998527,0.01998527,30198,93,0
6618.29530002,6618.29553816,3506.25862952,3506.24804981,0.03548000,1106.37181758,0.01998527,0.01998527,30197,93,0
6618.51444426,6618.51473928,3516.00413415,3515.99100780,0.04847914,1106.25172460,0.01998527,0.01998527,30196,93,0
6618.73348445,6618.73395492,3525.76478470,3525.74382154,0.04482992,1106.12977244,0.01998527,0.01998527,30195,93,0
6618.95283422,6618.95318508,3535.54031742,3535.52466119,0.03689185,1106.00572358,0.01998527,0.01998527,30194,93,0
6619.17219788,6619.17242977,3545.33046634,3545.32010444,0.04382462,1105.87973664,0.01998527,0.01998527,30193,93,0
6619.39123256,6619.39168897,3555.13536298,3555.11493738,0.04030937,1105.75200336,0.01998527,0.01998527,30192,93,0
6619.61061746,6619.61096271,3564.95623033,3564.94075470,0.04333767,1105.62210337,0.01998527,0.01998527,30191,93,0
6619.83099628,6619.83025096,3574.79448742,3574.82795578,0.04827023,1105.48960965,0.01998527,0.01998527,30190,93,0
6620.04983142,6620.04955375,3584.65144402,3584.66393610,0.04837635,1105.35602824,0.01998527,0.01998527,30189,93,0
6620.26903864,6620.26887106,3594.52677614,3594.53432822,0.03196232,1105.22020052,0.01998527,0.01998527,30188,93,0
6620.47390420,nan,0.00000000,3603.79160992,0.42746910,1105.09119025,0.01998522,0.01998527,30187,93,1
6620.70788540,6620.70754929,3614.32652022,3614.34171246,0.05583047,1104.94225149,0.01998527,0.01998527,30186,93,0
6620.92670587,6620.92691020,3624.24870847,3624.23945926,0.04169230,1104.80067060,0.01998527,0.01998527,30185,93,0
6621.14554063,6621.14628564,3634.18711110,3634.15333105,0.04764721,1104.65706191,0.01998526,0.01998527,30184,93,0
6621.36623832,6621.36567562,3644.14366749,3644.16922858,0.05038955,1104.51014866,0.01998527,0.01998527,30183,93,0
6621.58482304,6621.58508014,3654.12013714,3654.10843506,0.04881179,1104.36254512,0.01998527,0.01998527,30182,93,0
6621.80395974,6621.80449920,3664.11615246,3664.09155435,0.04324761,1104.21246903,0.01998527,0.01998527,30181,93,0
6622.02401149,6622.02393280,3674.13003600,3674.13362977,0.04106272,1104.05966582,0.01998527,0.01998527,30180,93,0
6622.24294085,6622.24338095,3684.16008226,3684.13995276,0.04635062,1103.90557000,0.01998527,0.01998527,30179,93,0
6622.46314023,6622.46284363,3694.20553761,3694.21912406,0.04963148,1103.74849871,0.01998527,0.01998527,30178,93,0
6622.68273816,6622.68232086,3704.26753149,3704.28667838,0.04530960,1103.58975110,0.01998527,0.01998527,30177,93,0
6622.90179465,6622.90181264,3714.34742321,3714.34659646,0.05468633,1103.42926951,0.01998527,0.01998527,30176,93,0
6623.12110606,6623.12131897,3724.44636581,3724.43656173,0.05786824,1103.26644637,0.01998527,0.01998527,30175,93,0
6623.34180000,6623.34083984,3734.56403984,3734.60833177,0.05269416,1103.10041517,0.01998527,0.01998527,30174,93,0
6623.56065313,6623.56037527,3744.69950928,3744.71234815,0.04228267,1102.93361298,0.01998527,0.01998527,30173,93,0
6623.78015739,6623.77992524,3754.85184517,3754.86258847,0.04394886,1102.76416397,0.01998527,0.01998527,30172,93,0
6624.00649060,nan,0.00000000,3765.34387811,0.07459280,1102.58720676,0.01998529,0.01998527,30171,93,1
6624.21827531,6624.21906886,3775.20660574,3775.16976420,0.07565712,1102.41948608,0.01998527,0.01998527,30170,93,0
6624.43832992,6624.43866250,3785.40994428,3785.39447786,0.04825698,1102.24307854,0.01998527,0.01998527,30169,93,0
6624.65805528,6624.65827071,3795.63117211,3795.62113698,0.04942039,1102.06472012,0.01998527,0.01998527,30168,93,0
6624.87734445,6624.87789347,3805.87050067,3805.84488231,0.03710061,1101.88449559,0.01998527,0.01998527,30167,93,0
6625.09780203,6625.09753079,3816.12809711,3816.14077555,0.04207940,1101.70106200,0.01998527,0.01998527,30166,93,0
6625.31671703,6625.31718267,3826.40411864,3826.38231552,0.05156360,1101.51666785,0.01998527,0.01998527,30165,93,0
6625.53714722,6625.53684912,3836.69860163,3836.71258366,0.03749551,1101.32872707,0.01998527,0.01998527,30164,93,0
6625.75580212,6625.75653014,3847.01150893,3846.97730296,0.03634143,1101.14003962,0.01998527,0.01998527,30163,93,0
6625.97675455,6625.97622572,3857.34280946,3857.36769963,0.05188754,1100.94707303,0.01998527,0.01998527,30162,93,0
6626.19558224,6626.19593586,3867.69286929,3867.67619563,0.03948558,1100.75366967,0.01998527,0.01998527,30161,93,0
6626.41621411,6626.41566058,3878.06264173,3878.08878984,0.05709699,1100.55633331,0.01998527,0.01998527,30160,93,0
6626.63550200,6626.63539987,3888.45313693,3888.45797105,0.02703064,1100.35784196,0.01998527,0.01998527,30159,93,0
6626.85468476,6626.85515373,3898.86493821,3898.84269721,0.04723844,1100.15707474,0.01998527,0.01998527,30158,93,0
6627.07450406,6627.07492217,3909.29706345,3909.27719837,0.03950882,1099.95335092,0.01998527,0.01998527,30157,93,0
6627.29508905,6627.29470518,3919.74816661,3919.76643571,0.04535881,1099.74654332,0.01998527,0.01998527,30156,93,0
6627.51383338,6627.51450277,3930.21711271,3930.18520330,0.03475300,1099.53912477,0.01998527,0.01998527,30155,93,0
6627.73358126,6627.73431494,3940.70480226,3940.66976468,0.04635748,1099.32838361,0.01998527,0.01998527,30154,93,0
6627.95359314,6627.95414168,3951.21323521,3951.18698658,0.04839350,1099.11495712,0.01998527,0.01998527,30153,93,0
6628.17335273,6628.17398301,3961.74436639,3961.71414153,0.06509682,1098.89929390,0.01998527,0.01998527,30152,93,0
6628.39356121,6628.39383892,3972.29801381,3972.28467030,0.05081077,1098.68069309,0.01998527,0.01998527,30151,93,0
6628.61432014,6628.61370941,3982.87160073,3982.90099484,0.03759683,1098.45907835,0.01998527,0.01998527,30150,93,0
6628.83313441,6628.83359449,3993.46240497,3993.44022927,0.04080388,1098.23702374,0.01998527,0.01998527,30149,93,0
6629.05279015,6629.05349416,4004.06938761,4004.03540192,0.04063538,1098.01173232,0.01998527,0.01998527,30148,93,0
6629.27282129,6629.27340842,4014.69528687,4014.66689080,0.05666685,1097.78359409,0.01998527,0.01998527,30147,93,0
6629.49283741,6629.49333726,4025.34337946,4025.31915189,0.04403269,1097.55292558,0.01998527,0.01998527,30146,93,0
6629.71243863,6629.71328070,4036.01612579,4035.97521953,0.05656812,1097.32008665,0.01998527,0.01998527,30145,93,0
6629.93313410,6629.93323873,4046.71223602,4046.70714301,0.03470612,1097.08347923,0.01998527,0.01998527,30144,93,0
6630.15328372,6630.15321135,4057.42936035,4057.43288912,0.04550265,1096.84489100,0.01998527,0.01998527,30143,93,0
6630.37383387,6630.37319857,4068.16536512,4068.19639537,0.03331919,1096.60333494,0.01998527,0.01998527,30142,93,0
6630.59303541,6630.59320039,4078.92021837,4078.91214633,0.04732188,1096.36073284,0.01998527,0.01998527,30141,93,0
nan,nan,0.00000000,-1.00000000,0.00000000,1096.10748169,nan,0.00000000,-2147483648,93,1
nan,nan,0.00000000,-1.00000000,0.00000000,1090.94902374,nan,0.00000000,-2147483648,92,1
nan,nan,0.00000000,-1.00000000,0.00000000,1091.25732537,nan,0.00000000,-2147483648,92,1
6588.83664437,6588.83607018,13.38163268,13.39797267,0.06292662,1091.58535967,0.01998526,0.01998526,30332,92,0
6589.05377687,6589.05332438,19.56601592,19.57890063,0.03669068,1091.90156335,0.01998526,0.01998526,30331,92,0
6589.27169305,6589.27059291,25.75465361,25.78599980,0.07853906,1092.21841124,0.01998526,0.01998526,30330,92,0
6589.48738043,6589.48787577,31.94760453,31.93348215,0.02326763,1092.53152980,0.01998526,0.01998526,30329,92,0
6589.70537694,6589.70517295,38.14492260,38.15074216,0.04507968,1092.84750796,0.01998526,0.01998526,30328,92,0
6589.92043545,6589.92248447,44.34655611,44.28806340,0.05602033,1093.15873842,0.01998525,0.01998526,30327,92,0
6590.13948636,6590.13981031,50.55235320,50.54309999,0.05407070,1093.47523811,0.01998526,0.01998526,30326,92,0
6590.35788591,6590.35715049,56.76215747,56.78317563,0.07348036,1093.79027641,0.01998526,0.01998526,30325,92,0
6590.57443435,6590.57450501,62.97581191,62.97379125,0.02909732,1094.10212247,0.01998526,0.01998526,30324,92,0
6590.79007673,6590.79187386,69.19315886,69.14174289,0.03840543,1094.41213824,0.01998525,0.01998526,30323,92,0
6591.00802370,6591.00925705,75.41409355,75.37878912,0.05919952,1094.72492792,0.01998526,0.01998526,30322,92,0
6591.22584170,6591.22665458,81.63873806,81.61545689,0.07323359,1095.03699585,0.01998526,0.01998526,30321,92,0
6591.44325102,6591.44406645,87.86727532,87.84390768,0.03998990,1095.34795127,0.01998526,0.01998526,30320,92,0
6591.66213746,6591.66149266,94.09988896,94.11837811,0.06107134,1095.66049553,0.01998526,0.01998526,30319,92,0
6591.88149312,6591.87893321,0.00000000,100.40414914,0.06466662,1095.97288949,0.01998527,0.01998526,30318,92,1
6592.09703243,6592.09638811,106.57808000,106.59657928,0.06257887,1096.27994651,0.01998526,0.01998526,30317,92,0
6592.31465158,6592.31385735,112.82391800,112.84673605,0.02209179,1096.58916343,0.01998526,0.01998526,30316,92,0
6592.53245087,6592.53134094,119.07424201,119.10615088,0.04467639,1096.89813104,0.01998526,0.01998526,30315,92,0
6592.74713937,6592.74883889,125.32901051,125.28012062,0.04088487,1097.20218759,0.01998525,0.01998526,30314,92,0
6592.96486479,6592.96635118,131.58818180,131.54539582,0.06688476,1097.51003675,0.01998526,0.01998526,30313,92,0
6593.18321698,6593.18387782,137.85171401,137.83267982,0.02754670,1097.81825440,0.01998526,0.01998526,30312,92,0
6593.40153403,6593.40141881,144.11956139,144.12288197,0.03707101,1098.12590043,0.01998526,0.01998526,30311,92,0
6593.61860566,6593.61897416,150.39166120,150.38103400,0.04746192,1098.43126954,0.01998526,0.01998526,30310,92,0
6593.83777242,6593.83654387,156.66794566,156.70339644,0.06693648,1098.73905333,0.01998526,0.01998526,30309,92,0
6594.05158650,6594.05412793,0.00000000,162.87110683,0.04243253,1099.03861251,0.01998525,0.01998526,30308,92,1
6594.27339430,6594.27172635,169.23279600,169.28098165,0.05227307,1099.34920509,0.01998527,0.01998526,30307,92,0
6594.48927693,6594.48933914,175.52122931,175.51943117,0.06526008,1099.65077842,0.01998526,0.01998526,30306,92,0
6594.70683603,6594.70696628,181.81369482,181.80992769,0.03382904,1099.95415583,0.01998526,0.01998526,30305,92,0
6594.92387080,6594.92460779,188.11036045,188.08903176,0.04439470,1100.25627086,0.01998526,0.01998526,30304,92,0
6595.14326512,6595.14226366,194.41140060,194.44040182,0.06904946,1100.56113827,0.01998526,0.01998526,30303,92,0
6595.35932314,6595.35993390,200.71699035,200.69929181,0.05380086,1100.86085367,0.01998526,0.01998526,30302,92,0
6595.57799755,6595.57761850,207.02730552,207.03829740,0.05118845,1101.16368415,0.01998526,0.01998526,30301,92,0
6595.79537004,6595.79531747,213.34246022,213.34398554,0.07497173,1101.46420273,0.01998526,0.01998526,30300,92,0
6596.01346928,6596.01303082,219.66233213,219.67506434,0.05143925,1101.76520871,0.01998526,0.01998526,30299,92,0
6596.23097644,6596.23075853,225.98674219,225.99307382,0.02841967,1102.06487143,0.01998526,0.01998526,30298,92,0
6596.44950874,6596.44850062,232.31551063,232.34482094,0.04802262,1102.36540740,0.01998526,0.01998526,30297,92,0
6596.66624800,6596.66625708,238.64845687,238.64819266,0.06271021,1102.66293390,0.01998526,0.01998526,30296,92,0
6596.88395881,6596.88402792,244.98541002,244.98339824,0.02150776,1102.96123976,0.01998526,0.01998526,30295,92,0
6597.10220890,6597.10181314,251.32636825,251.33789441,0.06931802,1103.25972558,0.01998526,0.01998526,30294,92,0
6597.32045726,6597.31961273,257.67146825,257.69607905,0.03654909,1103.55765453,0.01998526,0.01998526,30293,92,0
6597.53741747,6597.53742671,264.02085130,264.02058201,0.05060458,1103.85328070,0.01998526,0.01998526,30292,92,0
6597.75532803,6597.75525506,270.37465926,270.37678846,0.05547602,1104.14966074,0.01998526,0.01998526,30291,92,0
6597.97268811,6597.97309780,276.73303449,276.72107263,0.03920204,1104.44475704,0.01998526,0.01998526,30290,92,0
6598.19117853,6598.19095492,283.09608060,283.10261373,0.03650700,1104.74085274,0.01998526,0.01998526,30289,92,0
6598.40991671,6598.40882643,289.46380317,289.49567942,0.05525305,1105.03674549,0.01998526,0.01998526,30288,92,0
6598.62687383,6598.62671233,295.83619263,295.84091743,0.04315656,1105.32969452,0.01998526,0.01998526,30287,92,0
6598.84494400,6598.84461261,302.21323936,302.22294090,0.03315596,1105.62360819,0.01998526,0.01998526,30286,92,0
6599.06323616,6599.06252729,308.59493369,308.61569996,0.05608497,1105.91727861,0.01998526,0.01998526,30285,92,0
6599.27990020,6599.28045636,314.98126795,314.96496455,0.05857133,1106.20822022,0.01998526,0.01998526,30284,92,0
6599.49981772,6599.49839982,321.37225167,321.41384419,0.06331096,1106.50298099,0.01998526,0.01998526,30283,92,0
6599.71671884,6599.71635767,327.76790300,327.77850459,0.04410383,1106.79315569,0.01998526,0.01998526,30282,92,0
6599.93450970,6599.93432992,334.16824023,334.17352097,0.03757619,1107.08397733,0.01998526,0.01998526,30281,92,0
6600.15136045,6600.15231657,340.57328171,340.54517916,0.04459838,1107.37300198,0.01998526,0.01998526,30280,92,0
6600.36984583,6600.37031761,346.98304502,346.96916891,0.01761283,1107.66365797,0.01998526,0.01998526,30279,92,0
6600.58791728,6600.58833306,353.39751025,353.38527324,0.05598003,1107.95321307,0.01998526,0.01998526,30278,92,0
6600.80605849,6600.80636291,359.81660643,359.80764112,0.05244616,1108.24230608,0.01998526,0.01998526,30277,92,0
6601.02474758,6601.02440716,366.24025864,366.25029099,0.06967783,1108.53156340,0.01998526,0.01998526,30276,92,0
6601.24285623,6601.24246581,372.66839161,372.67990452,0.03938518,1108.81948788,0.01998526,0.01998526,30275,92,0
6601.46036548,6601.46053887,379.10092977,379.09581383,0.04487033,1109.10605426,0.01998526,0.01998526,30274,92,0
6601.67820198,6601.67862634,385.53782737,385.52529839,0.04979647,1109.39248101,0.01998526,0.01998526,30273,92,0
6601.89712990,6601.89672821,391.97915034,391.99101729,0.03665059,1109.67976887,0.01998526,0.01998526,30272,92,0
6602.11554038,6602.11484450,398.42499079,398.44556229,0.03654481,1109.96580700,0.01998526,0.01998526,30271,92,0
6602.33211909,6602.33297520,404.87544124,404.85011671,0.05369107,1110.24888590,0.01998526,0.01998526,30270,92,0
6602.55059013,6602.55112031,411.33059456,411.31490077,0.05820869,1110.53387547,0.01998526,0.01998526,30269,92,0
6602.77057410,6602.76927983,417.79053815,417.82887580,0.03172383,1110.82026992,0.01998527,0.01998526,30268,92,0
6602.98643407,6602.98745377,424.25529650,424.22507135,0.06315005,1111.10074023,0.01998526,0.01998526,30267,92,0
6603.20479767,6603.20564213,430.72485567,430.69980782,0.03737460,1111.38390181,0.01998526,0.01998526,30266,92,0
6603.42439001,6603.42384491,437.19920112,437.21538036,0.04253549,1111.66808481,0.01998526,0.01998526,30265,92,0
6603.64172797,6603.64206210,443.67831822,443.66839418,0.06342235,1111.94878339,0.01998526,0.01998526,30264,92,0
6603.86156646,6603.86029372,450.16219246,450.20001936,0.02046115,1112.23213545,0.01998527,0.01998526,30263,92,0
6604.07750487,6604.07853976,456.65081675,456.62003840,0.05730529,1112.50989484,0.01998526,0.01998526,30262,92,0
6604.29673081,6604.29680023,463.14419450,463.14212868,0.02969575,1112.79130791,0.01998526,0.01998526,30261,92,0
6604.51467872,6604.51507512,469.64232992,469.63052492,0.06206261,1113.07050470,0.01998526,0.01998526,30260,92,0
6604.73327828,6604.73336444,476.14522720,476.14265958,0.03333710,1113.34995829,0.01998526,0.01998526,30259,92,0
6604.95065128,6604.95166818,482.65289056,482.62256639,0.05987461,1113.62726852,0.01998526,0.01998526,30258,92,0
6605.17005714,6605.16998636,489.16530149,489.16741368,0.03351364,1113.90658797,0.01998526,0.01998526,30257,92,0
6605.38907133,6605.38831897,495.68236901,495.70483350,0.05799064,1114.18481798,0.01998527,0.01998526,30256,92,0
6605.60608622,6605.60666601,502.20398731,502.18666479,0.03613347,1114.45991996,0.01998526,0.01998526,30255,92,0
6605.82501761,6605.82502749,508.73005014,508.72975496,0.05889995,1114.73685217,0.01998526,0.01998526,30254,92,0
6606.04322641,6606.04340340,515.26045075,515.25515647,0.05518336,1115.01226550,0.01998526,0.01998526,30253,92,0
6606.26251667,6606.26179375,521.79511818,521.81675616,0.02968416,1115.28843103,0.01998527,0.01998526,30252,92,0
6606.48135309,6606.48019853,528.33424846,528.36882769,0.05883613,1115.56341951,0.01998527,0.01998526,30251,92,0
6606.69898108,6606.69861776,534.87815800,534.88904710,0.03355742,1115.83630134,0.01998527,0.01998526,30250,92,0
6606.91827096,6606.91705143,541.42716516,541.46374260,0.05132173,1116.11068548,0.01998527,0.01998526,30249,92,0
6607.13591539,6607.13549954,547.98158973,547.99407198,0.02956699,1116.38244513,0.01998527,0.01998526,30248,92,0
6607.35405085,6607.35396210,554.54173390,554.54439999,0.04400334,1116.65426315,0.01998526,0.01998526,30247,92,0
6607.57237142,6607.57243910,561.10754578,561.10551110,0.03961128,1116.92575168,0.01998526,0.01998526,30246,92,0
6607.79133546,6607.79093055,567.67865795,567.69083984,0.05558205,1117.19746037,0.01998527,0.01998526,30245,92,0
6608.00886668,6608.00943644,574.25469039,574.23753743,0.04860116,1117.46679868,0.01998526,0.01998526,30244,92,0
6608.22896870,6608.22795679,580.83526137,580.86574324,0.05847088,1117.73870161,0.01998527,0.01998526,30243,92,0
6608.44673318,6608.44649159,587.41999128,587.42727273,0.04264371,1118.00708770,0.01998527,0.01998526,30242,92,0
6608.66572488,6608.66504084,594.00876940,594.02939764,0.02913465,1118.27634932,0.01998527,0.01998526,30241,92,0
6608.88259368,6608.88360455,600.60192929,600.57142589,0.04805946,1118.54238333,0.01998526,0.01998526,30240,92,0
6609.10336378,6609.10218271,607.19984740,607.23551089,0.05598422,1118.81258597,0.01998527,0.01998526,30239,92,0
6609.32050509,6609.32077533,613.80290184,613.79473539,0.04239747,1119.07775356,0.01998526,0.01998526,30238,92,0
6609.53994374,6609.53938241,620.41147235,620.42844827,0.04799980,1119.34514204,0.01998527,0.01998526,30237,92,0
6609.75805691,6609.75800395,627.02578462,627.02738752,0.02550927,1119.61034021,0.01998527,0.01998526,30236,92,0
6609.97652886,6609.97663995,633.64559922,633.64223440,0.04901705,1119.87538826,0.01998526,0.01998526,30235,92,0
6610.19573189,6610.19529041,640.27058885,640.28396980,0.05250945,1120.14071848,0.01998527,0.01998526,30234,92,0
6610.41416850,6610.41395534,646.90042466,646.90688972,0.02036068,1120.40450361,0.01998527,0.01998526,30233,92,0
6610.62634266,nan,0.00000000,653.33754337,0.06277240,1120.65987280,0.01998525,0.01998526,30232,92,1
6610.85177424,6610.85132860,660.17339948,660.18693152,0.05546891,1120.93104893,0.01998527,0.01998526,30231,92,0
6611.07044897,6611.07003693,666.81651602,666.82903554,0.02080795,1121.19320908,0.01998527,0.01998526,30230,92,0
6611.28917243,6611.28875972,673.46450426,673.47705262,0.03552206,1121.45480465,0.01998527,0.01998526,30229,92,0
6611.50826827,6611.50749700,680.11774433,680.14121284,0.06702908,1121.71623421,0.01998527,0.01998526,30228,92,0
6611.72726728,6611.72624874,686.77661811,686.80763540,0.04383199,1121.97694991,0.01998527,0.01998526,30227,92,0
6611.94451210,6611.94501496,693.44146049,693.42613417,0.04824341,1122.23499725,0.01998526,0.01998527,30226,92,0
6612.16345411,6612.16379565,700.11215604,700.10173814,0.02106702,1122.49446955,0.01998526,0.01998527,30225,92,0
6612.38217434,6612.38259083,706.78834383,706.77563098,0.06288260,1122.75307069,0.01998526,0.01998527,30224,92,0
6612.60162352,6612.60140048,713.46965880,713.47647172,0.04210038,1123.01190658,0.01998527,0.01998527,30223,92,0
6612.81963179,6612.82022461,720.15573422,720.13761538,0.06003673,1123.26840523,0.01998526,0.01998527,30222,92,0
6613.03892953,6613.03906322,726.84622366,726.84213507,0.02745996,1123.52576482,0.01998527,0.01998527,30221,92,0
6613.25776405,6613.25791632,733.54113820,733.53647868,0.04721012,1123.78192370,0.01998527,0.01998527,30220,92,0
6613.47678815,6613.47678390,740.24078129,740.24091159,0.06119083,1124.03765733,0.01998527,0.01998527,30219,92,0
6613.69540199,6613.69566596,746.94546628,746.93737764,0.02121750,1124.29227661,0.01998526,0.01998527,30218,92,0
6613.91464745,6613.91456252,753.65550798,753.65811246,0.04372104,1124.54700426,0.01998527,0.01998527,30217,92,0
6614.13387197,6614.13347356,760.37121577,760.38344313,0.04550543,1124.80108938,0.01998527,0.01998527,30216,92,0
6614.35201168,6614.35239909,767.09269384,767.08079473,0.01862446,1125.05330556,0.01998526,0.01998527,30215,92,0
6614.57119693,6614.57133912,773.81980948,773.81543898,0.06635170,1125.30610915,0.01998526,0.01998527,30214,92,0
6614.78963663,6614.79029363,780.55241621,780.53220680,0.04872204,1125.55742572,0.01998526,0.01998527,30213,92,0
6615.00933312,6615.00926265,787.29036688,787.29253616,0.04919513,1125.80954934,0.01998527,0.01998527,30212,92,0
6615.22783092,6615.22824615,794.03351503,794.02072418,0.02739823,1126.05965463,0.01998526,0.01998527,30211,92,0
6615.44661273,6615.44724416,800.78179741,800.76233344,0.05011813,1126.30943870,0.01998526,0.01998527,30210,92,0
6615.66619194,6615.66625667,807.53527982,807.53328338,0.04368627,1126.55948357,0.01998527,0.01998527,30209,92,0
6615.88544423,6615.88528367,814.29403943,814.29899582,0.04985819,1126.80850787,0.01998527,0.01998527,30208,92,0
6616.10424165,6616.10432518,821.05815373,821.05557344,0.02121495,1127.05637080,0.01998527,0.01998527,30207,92,0
6616.32338650,6616.32338119,827.82770037,827.82786466,0.05339324,1127.30398271,0.01998527,0.01998527,30206,92,0
6616.54191645,6616.54245170,834.60272989,834.58617056,0.04694695,1127.55025741,0.01998526,0.01998527,30205,92,0
6616.76201258,6616.76153672,841.38323880,841.39797153,0.04392608,1127.79764665,0.01998527,0.01998527,30204,92,0
6616.98098794,6616.98063625,848.16921726,848.18011393,0.05315589,1128.04312610,0.01998527,0.01998527,30203,92,0
6617.19926196,6617.19975029,854.96065539,854.94551416,0.02639772,1128.28717180,0.01998526,0.01998527,30202,92,0
6617.41809480,6617.41887884,861.75754337,861.73321526,0.04419951,1128.53119111,0.01998526,0.01998527,30201,92,0
6617.63717871,6617.63802190,868.55992196,868.53373896,0.04097282,1128.77483683,0.01998526,0.01998527,30200,92,0
6617.85752182,6617.85717947,875.36795364,875.37859286,0.05113614,1129.01922726,0.01998527,0.01998527,30199,92,0
6618.07724798,6618.07635156,882.18181951,882.20969982,0.05454145,1129.26228313,0.01998527,0.01998527,30198,92,0
6618.29551293,6618.29553816,889.00170155,889.00091624,0.03869436,1129.50308415,0.01998527,0.01998527,30197,92,0
6618.51326998,6618.51473928,895.82778244,895.78200785,0.06485840,1129.74269496,0.01998526,0.01998527,30196,92,0
6618.73326847,6618.73395492,902.66011349,902.63871003,0.04133063,1129.98413296,0.01998526,0.01998527,30195,92,0
6618.95336149,6618.95318508,909.49837976,909.50388438,0.04059110,1130.22501849,0.01998527,0.01998527,30194,92,0
6619.17231472,6619.17242977,916.34220182,916.33860934,0.04924396,1130.46398996,0.01998527,0.01998527,30193,92,0
6619.39215806,6619.39168897,923.19119834,923.20585605,0.05869356,1130.70324872,0.01998527,0.01998527,30192,92,0
6619.61042833,6619.61096271,930.04498625,930.02827857,0.02528901,1130.94010228,0.01998527,0.01998527,30191,92,0
6619.82983786,6619.83025096,936.90335280,936.89042883,0.06389142,1131.17748697,0.01998527,0.01998527,30190,92,0
6620.04961293,6620.04955375,943.76660442,943.76845714,0.05903880,1131.41456742,0.01998527,0.01998527,30189,92,0
6620.26932199,6620.26887106,950.63514689,950.64927425,0.04973157,1131.65088898,0.01998527,0.01998527,30188,92,0
6620.48792378,6620.48820291,957.50938796,957.50063597,0.04145400,1131.88534918,0.01998527,0.01998527,30187,92,0
6620.70826710,6620.70754929,964.38973732,964.41226300,0.04404478,1132.12101261,0.01998527,0.01998527,30186,92,0
6620.92749145,6620.92691020,971.27645221,971.29470816,0.04961448,1132.35482362,0.01998527,0.01998527,30185,92,0
6621.14699398,6621.14628564,978.16931206,978.19157706,0.05176297,1132.58826634,0.01998527,0.01998527,30184,92,0
6621.36625913,6621.36567562,985.06800255,985.08635764,0.06106121,1132.82077958,0.01998527,0.01998527,30183,92,0
6621.58421543,6621.58508014,991.97220781,991.94498760,0.02515865,1133.05122179,0.01998527,0.01998527,30182,92,0
6621.80516657,6621.80449920,998.88161046,998.90263239,0.06016646,1133.28412260,0.01998527,0.01998527,30181,92,0
6622.02369278,6622.02393280,1005.79601497,1005.78844925,0.05578285,1133.51375813,0.01998527,0.01998527,30180,92,0
6622.24375924,6622.24338095,1012.71559504,1012.72752761,0.04702875,1133.74430347,0.01998527,0.01998527,30179,92,0
6622.46269289,6622.46284363,1019.64059436,1019.63583620,0.03784746,1133.97296256,0.01998527,0.01998527,30178,92,0
6622.68228017,6622.68232086,1026.57125782,1026.56997232,0.04355571,1134.20160962,0.01998527,0.01998527,30177,92,0
6622.90186281,6622.90181264,1033.50783138,1033.50941748,0.03622754,1134.42956225,0.01998527,0.01998527,30176,92,0
6623.12144831,6623.12131897,1040.45046995,1040.45456245,0.03447205,1134.65683121,0.01998527,0.01998527,30175,92,0
6623.34076931,6623.34083984,1047.39907697,1047.39684347,0.04139846,1134.88313572,0.01998527,0.01998527,30174,92,0
6623.56044499,6623.56037527,1054.35351268,1054.35572226,0.03462560,1135.10910761,0.01998527,0.01998527,30173,92,0
6623.78035575,6623.77992524,1061.31363659,1061.32728933,0.04222527,1135.33461442,0.01998527,0.01998527,30172,92,0
6623.99956421,6623.99948977,1068.27930772,1068.28167009,0.04823710,1135.55869064,0.01998527,0.01998527,30171,92,0
6624.22251968,6624.21906886,0.00000000,1075.35313269,0.06331601,1135.78564357,0.01998528,0.01998527,30170,92,1
6624.43161096,nan,0.00000000,1081.99727587,0.04132562,1135.99805900,0.01998525,0.01998527,30169,92,1
6624.65837404,6624.65827071,1089.20928679,1089.21257351,0.04771575,1136.22783128,0.01998527,0.01998527,30168,92,0
6624.87818904,6624.87789347,1096.19712913,1096.20653690,0.06152344,1136.44965760,0.01998527,0.01998527,30167,92,0
6625.09763252,6625.09753079,1103.19067047,1103.19391081,0.04929304,1136.67039260,0.01998527,0.01998527,30166,92,0
6625.31771146,6625.31718267,1110.19003300,1110.20688966,0.05092068,1136.89104973,0.01998527,0.01998527,30165,92,0
6625.53693665,6625.53684912,1117.19544881,1117.19824132,0.05198732,1137.11014211,0.01998527,0.01998527,30164,92,0
6625.75667961,6625.75653014,1124.20716356,1124.21193655,0.04558048,1137.32904754,0.01998527,0.01998527,30163,92,0
6625.97669916,6625.97622572,1131.22542414,1131.24055511,0.05796934,1137.54752735,0.01998527,0.01998527,30162,92,0
6626.19579675,6626.19593586,1138.25047426,1138.24602432,0.05281432,1137.76439964,0.01998527,0.01998527,30161,92,0
6626.41551781,6626.41566058,1145.28231723,1145.27774618,0.04693170,1137.98119318,0.01998527,0.01998527,30160,92,0
6626.63552946,6626.63539987,1152.32059559,1152.32474789,0.04615577,1138.19756176,0.01998527,0.01998527,30159,92,0
6626.85552690,6626.85515373,1159.36492051,1159.37688693,0.04525881,1138.41319008,0.01998527,0.01998527,30158,92,0
6627.07465289,6627.07492217,1166.41490116,1166.40625978,0.03651782,1138.62722831,0.01998527,0.01998527,30157,92,0
6627.29500473,6627.29470518,1173.47015806,1173.47977704,0.03625730,1138.84170973,0.01998527,0.01998527,30156,92,0
6627.51416463,6627.51450277,1180.53068132,1180.51981560,0.03741244,1139.05427863,0.01998527,0.01998527,30155,92,0
6627.73430025,6627.73431494,1187.59687229,1187.59640012,0.03808275,1139.26704878,0.01998527,0.01998527,30154,92,0
6627.95436169,6627.95414168,1194.66915568,1194.67623690,0.03930245,1139.47901152,0.01998527,0.01998527,30153,92,0
6628.17432022,6628.17398301,1201.74795840,1201.75882138,0.04539480,1139.69015058,0.01998527,0.01998527,30152,92,0
6628.39284155,6628.39383892,1208.83368470,1208.80152585,0.05492341,1139.89920231,0.01998527,0.01998527,30151,92,0
6628.61390658,6628.61370941,1215.92636206,1215.93272505,0.05640837,1140.10996798,0.01998527,0.01998527,30150,92,0
6628.83344578,6628.83359449,1223.02572298,1223.02091954,0.06524794,1140.31855232,0.01998527,0.01998527,30149,92,0
6629.05317505,6629.05349416,1230.13149072,1230.12117502,0.04929788,1140.52658170,0.01998527,0.01998527,30148,92,0
6629.27381006,6629.27340842,1237.24338710,1237.25638118,0.04888886,1140.73471773,0.01998527,0.01998527,30147,92,0
6629.49358866,6629.49333726,1244.36116355,1244.36930274,0.04412219,1140.94128838,0.01998527,0.01998527,30146,92,0
6629.71386976,6629.71328070,1251.48484045,1251.50392687,0.04044066,1141.14757122,0.01998527,0.01998527,30145,92,0
6629.93296811,6629.93323873,1258.61457740,1258.60580190,0.03777393,1141.35199402,0.01998527,0.01998527,30144,92,0
6630.15292367,6630.15321135,1265.75053596,1265.74119963,0.04337071,1141.55646422,0.01998527,0.01998527,30143,92,0
6630.37287535,6630.37319857,1272.89287851,1272.88238011,0.05684361,1141.76017933,0.01998527,0.01998527,30142,92,0
6630.59261011,6630.59320039,1280.04174014,1280.02255118,0.06258683,1141.96294466,0.01998527,0.01998527,30141,92,0
6630.81309324,6630.81321681,1287.19711561,1287.19309526,0.05280227,1142.16564570,0.01998527,0.01998527,30140,92,0
6631.03368559,6631.03324782,1294.35895562,1294.37321047,0.04146348,1142.36768668,0.01998527,0.01998527,30139,92,0
6631.25366548,6631.25329344,1301.52721057,1301.53933528,0.03529883,1142.56840543,0.01998527,0.01998527,30138,92,0
6631.47288986,6631.47335366,1308.70183059,1308.68670312,0.04378895,1142.76767482,0.01998527,0.01998527,30137,92,0
6631.69287786,6631.69342848,1315.88276180,1315.86478812,0.06418986,1142.96687187,0.01998527,0.01998527,30136,92,0
6631.91361320,6631.91351792,1323.06993964,1323.07305247,0.05312017,1143.16596979,0.01998527,0.01998527,30135,92,0
6632.13398740,6632.13362195,1330.26329741,1330.27524558,0.05408696,1143.36396263,0.01998527,0.01998527,30134,92,0
6632.35356295,6632.35374060,1337.46276800,1337.45695535,0.03854049,1143.56045935,0.01998527,0.01998527,30133,92,0
6632.57368027,6632.57387386,1344.66828598,1344.66194696,0.04293097,1143.75665686,0.01998527,0.01998527,30132,92,0
6632.79435744,6632.79402173,1351.87990265,1351.89090433,0.05930816,1143.95256456,0.01998527,0.01998527,30131,92,0
6633.01414077,6633.01418421,1359.09784918,1359.09642442,0.05579704,1144.14689769,0.01998527,0.01998527,30130,92,0
6633.23414018,6633.23436131,1366.32237321,1366.31511448,0.03330098,1144.34064557,0.01998527,0.01998527,30129,92,0
6633.45424885,6633.45455302,1373.55372369,1373.54373007,0.02823731,1144.53371659,0.01998527,0.01998527,30128,92,0
6633.67460856,6633.67475935,1380.79213660,1380.78717786,0.04836398,1144.72623695,0.01998527,0.01998527,30127,92,0
6633.89546362,6633.89498030,1388.03761170,1388.05352041,0.05722846,1144.91841354,0.01998527,0.01998527,30126,92,0
6634.11562564,6634.11521587,1395.28995291,1395.30345244,0.04037903,1145.10920556,0.01998527,0.01998527,30125,92,0
6634.33585818,6634.33546606,1402.54895726,1402.56188599,0.03282120,1145.29927014,0.01998527,0.01998527,30124,92,0
6634.55530170,6634.55573088,1409.81442065,1409.80025842,0.04954384,1145.48786164,0.01998527,0.01998527,30123,92,0
6634.77579400,6634.77601032,1417.08616008,1417.07901634,0.06044332,1145.67655096,0.01998527,0.01998527,30122,92,0
6634.99627858,6634.99630438,1424.36414067,1424.36328772,0.03371015,1145.86442505,0.01998527,0.01998527,30121,92,0
6635.21632324,6635.21661308,1431.64838850,1431.63880159,0.03770229,1146.05111649,0.01998527,0.01998527,30120,92,0
6635.43706264,6635.43693640,1438.93892997,1438.94310877,0.05829242,1146.23758487,0.01998527,0.01998527,30119,92,0
6635.65732512,6635.65727436,1446.23579170,1446.23747339,0.03855209,1146.42283760,0.01998527,0.01998527,30118,92,0
6635.87716421,6635.87762694,1453.53908635,1453.52374338,0.04086963,1146.60692518,0.01998527,0.01998527,30117,92,0
6636.09813465,6636.09799416,1460.84917608,1460.85383835,0.05268901,1146.79115227,0.01998527,0.01998527,30116,92,0
6636.31846319,6636.31837602,1468.16646987,1468.16936552,0.04746040,1146.97404549,0.01998527,0.01998527,30115,92,0
6636.53914914,6636.53877251,1475.49137896,1475.50390267,0.03590992,1147.15644344,0.01998527,0.01998527,30114,92,0
6636.75844281,6636.75918364,1482.82430498,1482.79964517,0.03819908,1147.33691251,0.01998527,0.01998527,30113,92,0
6636.97941180,6636.97960941,1490.16520908,1490.15862491,0.05360201,1147.51797173,0.01998527,0.01998527,30112,92,0
6637.19999230,6637.20004982,1497.51348698,1497.51156900,0.03219401,1147.69790536,0.01998527,0.01998527,30111,92,0
6637.42019034,6637.42050487,1504.86849424,1504.85799648,0.06087500,1147.87670412,0.01998527,0.01998527,30110,92,0
6637.64154895,6637.64097456,1512.22958277,1512.24876735,0.04108101,1148.05559830,0.01998527,0.01998527,30109,92,0
6637.86176588,6637.86145890,1519.59617961,1519.60643949,0.03417524,1148.23271115,0.01998527,0.01998527,30108,92,0
6638.08147220,6638.08195789,1526.96845391,1526.95220893,0.05538950,1148.40856190,0.01998527,0.01998527,30107,92,0
6638.30228528,6638.30247153,1534.34698664,1534.34075192,0.03876950,1148.58445326,0.01998527,0.01998527,30106,92,0
6638.52259396,6638.52299981,1541.73236626,1541.71876834,0.04147642,1148.75910993,0.01998527,0.01998527,30105,92,0
6638.74357146,6638.74354275,1549.12518456,1549.12614755,0.05644055,1148.93347243,0.01998527,0.01998527,30104,92,0
6638.96406556,6638.96410034,1556.52585340,1556.52468585,0.03462576,1149.10663736,0.01998527,0.01998527,30103,92,0
6639.18472291,6639.18467258,1563.93418173,1563.93587273,0.05792069,1149.27910691,0.01998527,0.01998527,30102,92,0
6639.40547118,6639.40525948,1571.34985258,1571.35697272,0.03037455,1149.45081291,0.01998527,0.01998527,30101,92,0
6639.62582804,6639.62586104,1578.77254713,1578.77143653,0.05768960,1149.62137176,0.01998527,0.01998527,30100,92,0
6639.84663672,6639.84647725,1586.20195178,1586.20732427,0.04038067,1149.79142599,0.01998527,0.01998527,30099,92,0
6640.06716303,6640.06710812,1593.63798960,1593.63984091,0.03775571,1149.96040490,0.01998527,0.01998527,30098,92,0
6640.28726049,6640.28775366,1601.08087470,1601.06423187,0.05009419,1150.12820271,0.01998527,0.01998527,30097,92,0
6640.50823126,6640.50841386,1608.53084008,1608.52467262,0.03501591,1150.29581218,0.01998527,0.01998527,30096,92,0
6640.72926423,6640.72908872,1615.98812009,1615.99405406,0.05192008,1150.46261520,0.01998527,0.01998527,30095,92,0
6640.94951866,6640.94977825,1623.45291805,1623.44413356,0.03841003,1150.62798314,0.01998527,0.01998527,30094,92,0
6641.17033980,6641.17048244,1630.92520192,1630.92037031,0.04811227,1150.79292367,0.01998527,0.01998527,30093,92,0
6641.39106281,6641.39120130,1638.40483435,1638.40013910,0.03261841,1150.95693161,0.01998527,0.01998527,30092,92,0
6641.61217746,6641.61193484,1645.89167669,1645.89990956,0.05072203,1151.12036331,0.01998527,0.01998527,30091,92,0
6641.83264399,6641.83268304,1653.38558995,1653.38426379,0.03112696,1151.28244603,0.01998527,0.01998527,30090,92,0
6642.05316863,6642.05344592,1660.88653190,1660.87710606,0.05620119,1151.44369885,0.01998527,0.01998527,30089,92,0
6642.27414034,6642.27422347,1668.39467573,1668.39184749,0.03329821,1151.60440421,0.01998527,0.01998527,30088,92,0
6642.49508865,6642.49501570,1675.91022449,1675.91270868,0.05336639,1151.76421895,0.01998527,0.01998527,30087,92,0
6642.71580087,6642.71582261,1683.43338237,1683.43264143,0.03067899,1151.92299224,0.01998527,0.01998527,30086,92,0
6642.93616037,6642.93664419,1690.96433790,1690.94782958,0.05235137,1152.08064466,0.01998527,0.01998527,30085,92,0
6643.15707997,6643.15748045,1698.50305089,1698.48937317,0.02886212,1152.23782421,0.01998527,0.01998527,30084,92,0
6643.37794243,6643.37833140,1706.04931488,1706.03601805,0.05188856,1152.39408149,0.01998527,0.01998528,30083,92,0
6643.59876787,6643.59919703,1713.60291847,1713.58823464,0.03569397,1152.54942405,0.01998527,0.01998528,30082,92,0
6643.82007991,6643.82007734,1721.16364902,1721.16373679,0.05050958,1152.70421033,0.01998527,0.01998528,30081,92,0
6644.04117186,6644.04097235,1728.73137805,1728.73821624,0.05463702,1152.85793908,0.01998528,0.01998528,30080,92,0
6644.26197248,6644.26188203,1736.30625769,1736.30936043,0.03714664,1153.01056426,0.01998528,0.01998528,30079,92,0
6644.48266729,6644.48280641,1743.88849878,1743.88372182,0.05310707,1153.16221799,0.01998527,0.01998528,30078,92,0
6644.70317094,6644.70374548,1751.47831340,1751.45856728,0.03719512,1153.31284476,0.01998527,0.01998528,30077,92,0
6644.92420321,6644.92469924,1759.07590831,1759.05884385,0.05377925,1153.46293533,0.01998527,0.01998528,30076,92,0
6645.14510632,6645.14566769,1766.68135837,1766.66202747,0.03619136,1153.61203905,0.01998527,0.01998528,30075,92,0
6645.36623589,6645.36665084,1774.29461463,1774.28031199,0.05348584,1153.76039134,0.01998527,0.01998528,30074,92,0
6645.58755684,6645.58764868,1781.91562312,1781.91245430,0.04739091,1153.90796201,0.01998528,0.01998528,30073,92,0
6645.80901881,6645.80866123,1789.54432948,1789.55667807,0.03020177,1154.05471133,0.01998528,0.01998528,30072,92,0
6646.02983131,6646.02968847,1797.18068084,1797.18561831,0.05049269,1154.20011463,0.01998528,0.01998528,30071,92,0
6646.25077364,6646.25073041,1804.82463109,1804.82612657,0.04433330,1154.34468445,0.01998528,0.01998528,30070,92,0
6646.47179283,6646.47178706,1812.47613554,1812.47633553,0.03154163,1154.48838105,0.01998528,0.01998528,30069,92,0
6646.69296161,6646.69285840,1820.13514921,1820.13872628,0.04752633,1154.63124649,0.01998528,0.01998528,30068,92,0
6646.91418796,6646.91394446,1827.80163080,1827.81007858,0.05397636,1154.77321633,0.01998528,0.01998528,30067,92,0
6647.13518532,6647.13504522,1835.47562579,1835.48049055,0.03032129,1154.91410564,0.01998528,0.01998528,30066,92,0
6647.35593654,6647.35616069,1843.15726449,1843.14947397,0.05074346,1155.05390596,0.01998528,0.01998528,30065,92,0
6647.57717918,6647.57729087,1850.84668147,1850.84279580,0.04619611,1155.19308221,0.01998528,0.01998528,30064,92,0
6647.79800441,6647.79843575,1858.54401211,1858.52899126,0.03389155,1155.33106160,0.01998527,0.01998528,30063,92,0
6648.01905223,6648.01959536,1866.24939441,1866.23046198,0.04719265,1155.46824457,0.01998527,0.01998528,30062,92,0
6648.24098975,6648.24076967,1873.96297377,1873.97065311,0.04442508,1155.60503744,0.01998528,0.01998528,30061,92,0
6648.46215161,6648.46195870,1881.68489796,1881.69163583,0.06107888,1155.74041235,0.01998528,0.01998528,30060,92,0
6648.68300337,6648.68316245,1889.41531563,1889.40975317,0.03854577,1155.87466046,0.01998528,0.01998528,30059,92,0
6648.90436803,6648.90438092,1897.15435883,1897.15390782,0.05212962,1156.00827964,0.01998528,0.01998528,30058,92,0
6649.12549599,6649.12561410,1904.90187370,1904.89773520,0.04488431,1156.14080961,0.01998528,0.01998528,30057,92,0
6649.34712598,6649.34686201,1912.65747084,1912.66672846,0.05273490,1156.27268142,0.01998528,0.01998528,30056,92,0
6649.56768701,6649.56812464,1920.42075154,1920.40538994,0.03355506,1156.40295413,0.01998528,0.01998528,30055,92,0
6649.78955574,6649.78940200,1928.19131501,1928.19671614,0.04849247,1156.53302021,0.01998528,0.01998528,30054,92,0
6650.01039405,6650.01069408,1935.96898840,1935.95843871,0.04482505,1156.66150142,0.01998528,0.01998528,30053,92,0
6650.23206842,6650.23200089,1943.75420654,1943.75658336,0.04494355,1156.78948927,0.01998528,0.01998528,30052,92,0
6650.45339866,6650.45332242,1951.54750628,1951.55019200,0.02537522,1156.91630478,0.01998528,0.01998528,30051,92,0
6650.67441808,6650.67465869,1959.34942785,1959.34094209,0.05390781,1157.04197681,0.01998528,0.01998528,30050,92,0
6650.89802337,6650.89600969,0.00000000,1967.23420871,0.04972568,1157.16818401,0.01998528,0.01998528,30049,92,1
6651.11229247,6651.11737542,0.00000000,1974.80228259,0.10853591,1157.28813441,0.01998526,0.01998528,30048,92,1
6651.33859125,6651.33875589,1982.80881271,1982.80298824,0.04750891,1157.41381639,0.01998528,0.01998528,30047,92,0
6651.56060044,6651.56015109,1990.64513838,1990.66105055,0.05090066,1157.53613166,0.01998528,0.01998528,30046,92,0
6651.78144919,6651.78156103,1998.48887702,1998.48491349,0.02988774,1157.65680603,0.01998528,0.01998528,30045,92,0
6652.00276252,6652.00298571,2006.33980712,2006.33189017,0.05574649,1157.77672584,0.01998528,0.01998528,30044,92,0
6652.22433562,6652.22442512,2014.19816572,2014.19498796,0.05159521,1157.89577589,0.01998528,0.01998528,30043,92,0
6652.44555483,6652.44587929,2022.06423151,2022.05270141,0.03526965,1158.01362828,0.01998528,0.01998528,30042,92,0
6652.66711447,6652.66734819,2029.93828497,2029.92997127,0.04364296,1158.13065404,0.01998528,0.01998528,30041,92,0
6652.88923071,6652.88883184,2037.82061246,2037.83481513,0.04751445,1158.24696222,0.01998528,0.01998528,30040,92,0
6653.11082147,6653.11033023,2045.71152121,2045.72903075,0.04955526,1158.36198710,0.01998528,0.01998528,30039,92,0
6653.33166639,6653.33184338,2053.61132586,2053.60501059,0.02586011,1158.47562398,0.01998528,0.01998528,30038,92,0
6653.55269244,6653.55337127,2061.52034304,2061.49609387,0.05910223,1158.58835457,0.01998527,0.01998528,30037,92,0
6653.77458567,6653.77491391,2069.43887132,2069.42713234,0.05197209,1158.70052209,0.01998528,0.01998528,30036,92,0
6653.99627646,6653.99647131,2077.36690964,2077.35993353,0.05053282,1158.81157744,0.01998528,0.01998528,30035,92,0
6654.21768660,6654.21804346,2085.30422419,2085.29143359,0.05013999,1158.92147760,0.01998528,0.01998528,30034,92,0
6654.43959124,6654.43963036,2093.25057356,2093.24916984,0.04991666,1159.03059877,0.01998528,0.01998528,30033,92,0
6654.66099753,6654.66123202,2101.20571544,2101.19729307,0.04611450,1159.13844578,0.01998528,0.01998528,30032,92,0
6654.88281897,6654.88284844,2109.16947575,2109.16841596,0.03879359,1159.24545824,0.01998528,0.01998528,30031,92,0
6655.10435714,6655.10447962,2117.14180971,2117.13740151,0.04815910,1159.35129418,0.01998528,0.01998528,30030,92,0
6655.32534655,6655.32612556,2125.12268644,2125.09462248,0.04618587,1159.45582873,0.01998528,0.01998528,30029,92,0
6655.54753610,6655.54778626,2133.11207483,2133.10305366,0.03748438,1159.55988066,0.01998528,0.01998528,30028,92,0
6655.76919438,6655.76946173,2141.10998284,2141.10033203,0.04369062,1159.66263101,0.01998528,0.01998528,30027,92,0
6655.99092199,6655.99115196,2149.11660070,2149.10829053,0.03832098,1159.76436040,0.01998528,0.01998528,30026,92,0
6656.21250537,6656.21285696,2157.13217272,2157.11945446,0.04591842,1159.86497085,0.01998528,0.01998528,30025,92,0
6656.43406551,6656.43457673,2165.15694477,2165.13843192,0.04647227,1159.96451782,0.01998528,0.01998528,30024,92,0
6656.65578034,6656.65631127,2173.19114616,2173.17189824,0.03870134,1160.06307933,0.01998528,0.01998528,30023,92,0
6656.87767273,6656.87806057,2181.23478871,2181.22071247,0.04373589,1160.16065941,0.01998528,0.01998528,30022,92,0
6657.09925566,6657.09982466,2189.28773935,2189.26706628,0.03739274,1160.25703934,0.01998528,0.01998528,30021,92,0
6657.32132422,6657.32160351,2197.34986150,2197.33970318,0.04851687,1160.35255819,0.01998528,0.01998528,30020,92,0
6657.54306604,6657.54339714,2205.42101741,2205.40896226,0.05273716,1160.44686001,0.01998528,0.01998528,30019,92,0
6657.76531976,6657.76520555,2213.50105923,2213.50522156,0.05946125,1160.54029460,0.01998528,0.01998528,30018,92,0
6657.98679681,6657.98702874,2221.58982573,2221.58136426,0.05656366,1160.63231672,0.01998528,0.01998528,30017,92,0
6658.20844284,6658.20886671,2229.68715367,2229.67167448,0.05258612,1160.72331829,0.01998528,0.01998528,30016,92,0
6658.43044312,6658.43071946,2237.79287884,2237.78277751,0.03628923,1160.81336616,0.01998528,0.01998528,30015,92,0
6658.65225398,6658.65258699,2245.90696421,2245.89477953,0.04832562,1160.90223471,0.01998528,0.01998528,30014,92,0
6658.87413173,6658.87446931,2254.02972077,2254.01735635,0.04038177,1160.99002738,0.01998528,0.01998528,30013,92,0
6659.09578150,6659.09636641,2262.16152023,2262.14007362,0.04542822,1161.07662905,0.01998528,0.01998528,30012,92,0
6659.31835423,6659.31827830,2270.30273675,2270.30552375,0.03986280,1161.16248434,0.01998528,0.01998528,30011,92,0
6659.53989796,6659.54020498,2278.45369359,2278.44241075,0.05298201,1161.24684047,0.01998528,0.01998528,30010,92,0
6659.76187338,6659.76214645,2286.61442563,2286.60437894,0.04679643,1161.33025436,0.01998528,0.01998528,30009,92,0
6659.98355512,6659.98410272,2294.78486973,2294.76470102,0.04149778,1161.41244765,0.01998528,0.01998528,30008,92,0
6660.20625726,6660.20607377,2302.96496220,2302.97172788,0.04129770,1161.49389736,0.01998528,0.01998528,30007,92,0
6660.42736463,6660.42805963,2311.15463105,2311.12897684,0.04540407,1161.57364662,0.01998528,0.01998528,30006,92,0
6660.64989122,6660.65006027,2319.35371934,2319.34747227,0.04405148,1161.65277830,0.01998528,0.01998528,30005,92,0
6660.87184667,6660.87207572,2327.56201732,2327.55354439,0.05837476,1161.73057223,0.01998528,0.01998528,30004,92,0
6661.09393657,6661.09410597,2335.77931298,2335.77304039,0.04087446,1161.80727319,0.01998528,0.01998528,30003,92,0
6661.31587335,6661.31615101,2344.00540813,2343.99511642,0.02881511,1161.88277642,0.01998528,0.01998528,30002,92,0
6661.53740943,6661.53821086,2352.24046516,2352.21072856,0.04415315,1161.95699973,0.01998528,0.01998528,30001,92,0
6661.75993263,6661.76028551,2360.48501481,2360.47190655,0.05404630,1162.03040444,0.01998528,0.01998528,30000,92,0
6661.98241013,6661.98237497,2368.73960787,2368.74091532,0.04599942,1162.10264329,0.01998528,0.01998528,29999,92,0
6662.20406256,6662.20447924,2377.00479347,2376.98927812,0.03919967,1162.17347038,0.01998528,0.01998528,29998,92,0
6662.42644716,6662.42659831,2385.28076997,2385.27513478,0.04033590,1162.24338114,0.01998528,0.01998528,29997,92,0
6662.64863869,6662.64873219,2393.56717208,2393.56368190,0.05314640,1162.31207291,0.01998528,0.01998528,29996,92,0
6662.87091523,6662.87088089,2401.86358148,2401.86486468,0.03800454,1162.37962464,0.01998528,0.01998528,29995,92,0
6663.09255572,6663.09304440,2410.16957728,2410.15129770,0.04612347,1162.44581396,0.01998528,0.01998528,29994,92,0
6663.31520216,6663.31522272,2418.48488560,2418.48411601,0.04550255,1162.51112204,0.01998528,0.01998528,29993,92,0
6663.53759565,6663.53741585,2426.80959281,2426.81633262,0.03256535,1162.57517030,0.01998528,0.01998528,29992,92,0
6663.75929689,6663.75962381,2435.14383941,2435.13157108,0.03642752,1162.63783680,0.01998528,0.01998528,29991,92,0
6663.98141488,6663.98184658,2443.48776688,2443.47154856,0.04763965,1162.69943419,0.01998528,0.01998528,29990,92,0
6664.20400462,6664.20408417,2451.84156798,2451.83857602,0.04293437,1162.75996780,0.01998528,0.01998528,29989,92,0
6664.42576179,6664.42633659,2460.20561467,2460.18397020,0.04557646,1162.81908418,0.01998528,0.01998528,29988,92,0
6664.64819926,6664.64860383,2468.58032085,2468.56506781,0.04670303,1162.87718628,0.01998528,0.01998528,29987,92,0
6664.87084247,6664.87088589,2476.96610332,2476.96446402,0.02861393,1162.93414117,0.01998528,0.01998528,29986,92,0
6665.09342283,6665.09318278,2485.36323103,2485.37230463,0.05382447,1162.98987593,0.01998528,0.01998528,29985,92,0
6665.31574804,6665.31549450,2493.77123198,2493.78082699,0.03067770,1163.04433701,0.01998528,0.01998528,29984,92,0
6665.53773771,6665.53782104,2502.18940238,2502.18624535,0.03075871,1163.09750042,0.01998528,0.01998528,29983,92,0
6665.76029465,6665.76016242,2510.61703319,2510.62204771,0.05157789,1163.14957174,0.01998528,0.01998528,29982,92,0
6665.98254980,6665.98251863,2519.05353769,2519.05472123,0.02782359,1163.20033786,0.01998528,0.01998528,29981,92,0
6666.20433905,6666.20488967,2527.49915293,2527.47822953,0.04737592,1163.24976524,0.01998528,0.01998528,29980,92,0
6666.42711446,6666.42727554,2535.95444840,2535.94832047,0.03992773,1163.29817242,0.01998528,0.01998528,29979,92,0
6666.64983761,6666.64967626,2544.41999860,2544.42614402,0.05020002,1163.34532490,0.01998528,0.01998528,29978,92,0
6666.87179409,6666.87209181,2552.89632263,2552.88496972,0.03677079,1163.39107658,0.01998528,0.01998528,29977,92,0
6667.09429429,6667.09452220,2561.38345954,2561.37475827,0.04897785,1163.43569492,0.01998528,0.01998528,29976,92,0
6667.31730084,6667.31696743,2569.88121357,2569.89395785,0.03435009,1163.47915785,0.01998528,0.01998528,29975,92,0
6667.53908770,6667.53942750,2578.38938591,2578.37638258,0.04172408,1163.52112939,0.01998528,0.01998528,29974,92,0
6667.76071419,6667.76190242,2586.90779917,2586.86227704,0.05735521,1163.56181634,0.01998528,0.01998528,29973,92,0
6667.98448201,6667.98439218,2595.43649479,2595.43994007,0.05215858,1163.60162004,0.01998528,0.01998528,29972,92,0
6668.20695824,6668.20689680,2603.97563701,2603.97799663,0.03005495,1163.63991879,0.01998528,0.01998528,29971,92,0
6668.42904023,6668.42941625,2612.52539253,2612.51093620,0.04893974,1163.67687764,0.01998528,0.01998528,29970,92,0
6668.65196040,6668.65195056,2621.08593036,2621.08630921,0.03621288,1163.71269388,0.01998528,0.01998528,29969,92,0
6668.87484125,6668.87449972,2629.65743247,2629.67059473,0.05059318,1163.74721557,0.01998528,0.01998528,29968,92,0
6669.09720902,6669.09706373,2638.24008915,2638.24569526,0.04955201,1163.78036998,0.01998528,0.01998528,29967,92,0
6669.31910998,6669.31964260,2646.83409220,2646.81351412,0.03438961,1163.81216828,0.01998528,0.01998528,29966,92,0
6669.54348598,6669.54223632,2655.43961587,2655.48795895,0.03965396,1163.84301002,0.01998529,0.01998528,29965,92,0
6669.76381105,6669.76484490,2664.05662872,2664.01658418,0.03157484,1163.87200676,0.01998528,0.01998528,29964,92,0
6669.98691692,6669.98746834,2672.68497142,2672.66358656,0.04743948,1163.90006315,0.01998528,0.01998528,29963,92,0
6670.20967677,6670.21010664,2681.32448150,2681.30779036,0.04751612,1163.92675901,0.01998528,0.01998528,29962,92,0
6670.43284773,6670.43275980,2689.97501592,2689.97843403,0.03777027,1163.95217908,0.01998528,0.01998528,29961,92,0
6670.65545465,6670.65542783,2698.63664798,2698.63769204,0.04642973,1163.97620892,0.01998528,0.01998528,29960,92,0
6670.87791395,6670.87811071,2707.30958146,2707.30191313,0.05164343,1163.99889538,0.01998528,0.01998528,29959,92,0
6671.10077997,6671.10080847,2715.99402338,2715.99291146,0.03501192,1164.02028811,0.01998528,0.01998528,29958,92,0
6671.32326880,6671.32352109,2724.69014629,2724.68028906,0.05183273,1164.04030681,0.01998528,0.01998528,29957,92,0
6671.54625211,6671.54624858,2733.39778544,2733.39792353,0.05455560,1164.05902325,0.01998528,0.01998528,29956,92,0
6671.76920909,6671.76899095,2742.11658914,2742.12513313,0.06108136,1164.07638359,0.01998528,0.01998528,29955,92,0
6671.99159368,6671.99174818,2750.84620098,2750.84014270,0.03407131,1164.09234513,0.01998528,0.01998528,29954,92,0
6672.21497795,6672.21452029,2759.58633012,2759.60429595,0.03781295,1164.10701144,0.01998529,0.01998528,29953,92,0
6672.43743670,6672.43730727,2768.33722405,2768.34231108,0.04828966,1164.12025108,0.01998528,0.01998528,29952,92,0
6672.65979223,6672.66010913,2777.09938893,2777.08691821,0.03130994,1164.13211826,0.01998528,0.01998528,29951,92,0
6672.88269694,6672.88292587,2785.87333642,2785.86431598,0.04772443,1164.14263916,0.01998528,0.01998528,29950,92,0
6673.10517159,6673.10575749,2794.65951613,2794.63639909,0.04231605,1164.15176156,0.01998528,0.01998528,29949,92,0
6673.32854281,6673.32860399,2803.45796681,2803.45554980,0.04817793,1164.15952997,0.01998528,0.01998528,29948,92,0
6673.55163712,6673.55146537,2812.26856702,2812.27536150,0.04569670,1164.16589208,0.01998528,0.01998528,29947,92,0
6673.77432348,6673.77434163,2821.09119395,2821.09047499,0.03262249,1164.17084498,0.01998528,0.01998528,29946,92,0
6673.99715425,6673.99723279,2829.92573875,2829.92262409,0.05786562,1164.17439792,0.01998528,0.01998528,29945,92,0
6674.22009742,6674.22013882,2838.77216281,2838.77051862,0.05412873,1164.17654250,0.01998528,0.01998528,29944,92,0
6674.44309134,6674.44305975,2847.63044812,2847.63170435,0.04866956,1164.17727113,0.01998529,0.01998528,29943,92,0
6674.66567543,6674.66599557,2856.50057646,2856.48783074,0.04173876,1164.17658033,0.01998528,0.01998528,29942,92,0
6674.88903795,6674.88894628,2865.38250069,2865.38615503,0.03747449,1164.17445743,0.01998529,0.01998528,29941,92,0
6675.11160282,6675.11191188,2874.27607646,2874.26374133,0.05501225,1164.17091227,0.01998528,0.01998529,29940,92,0
6675.33494014,6675.33489237,2883.18113779,2883.18304682,0.05240781,1164.16591482,0.01998529,0.01998529,29939,92,0
6675.55801811,6675.55788776,2892.09751811,2892.10273287,0.04625386,1164.15947806,0.01998529,0.01998529,29938,92,0
6675.78088806,6675.78089805,2901.02523932,2901.02483881,0.05348041,1164.15159981,0.01998529,0.01998529,29937,92,0
6676.00373107,6676.00392324,2909.96475854,2909.95705079,0.03149635,1164.14227025,0.01998528,0.01998529,29936,92,0
6676.22663238,6676.22696333,2918.91659727,2918.90330526,0.05458482,1164.13147937,0.01998528,0.01998529,29935,92,0
6676.44939977,6676.45001832,2927.88127509,2927.85639781,0.05365931,1164.11923080,0.01998528,0.01998529,29934,92,0
6676.67296283,6676.67308822,2936.85897509,2936.85392554,0.04748169,1164.10546059,0.01998529,0.01998529,29933,92,0
6676.89583816,6676.89617302,2945.84936851,2945.83586482,0.04992469,1164.09025356,0.01998528,0.01998529,29932,92,0
6677.11974939,6677.11927272,2954.85208137,2954.87132843,0.04910900,1164.07348342,0.01998529,0.01998529,29931,92,0
6677.34255347,6677.34238733,2963.86675586,2963.87347275,0.05195189,1164.05530639,0.01998529,0.01998529,29930,92,0
6677.56520100,6677.56551686,2972.89344147,2972.88065528,0.05036916,1164.03565192,0.01998528,0.01998529,29929,92,0
6677.78829933,6677.78866129,2981.93257984,2981.91790760,0.04993058,1164.01445678,0.01998528,0.01998529,29928,92,0
6678.01148762,6678.01182064,2990.98463185,2990.97111407,0.05535214,1163.99174276,0.01998528,0.01998529,29927,92,0
6678.23440417,6678.23499490,3000.05002494,3000.02601237,0.04960904,1163.96754131,0.01998528,0.01998529,29926,92,0
6678.45764386,6678.45818407,3009.12882134,3009.10683160,0.04718759,1163.94178085,0.01998528,0.01998529,29925,92,0
6678.68128696,6678.68138817,3018.22087297,3018.21674761,0.04698020,1163.91443880,0.01998529,0.01998529,29924,92,0
6678.90449178,6678.90460718,3027.32602795,3027.32131771,0.04567107,1163.88561263,0.01998529,0.01998529,29923,92,0
6679.12748491,6679.12784111,3036.44418611,3036.42962698,0.04339205,1163.85527397,0.01998528,0.01998529,29922,92,0
6679.35038061,6679.35108996,3045.57551165,3045.54647757,0.03822699,1163.82340376,0.01998528,0.01998529,29921,92,0
6679.57378754,6679.57435374,3054.72025278,3054.69704522,0.03891244,1163.78990351,0.01998528,0.01998529,29920,92,0
6679.79744569,6679.79763244,3063.87865916,3063.87099381,0.05191663,1163.75479686,0.01998529,0.01998529,29919,92,0
6680.02079695,6680.02092606,3073.05075053,3073.04544331,0.05440060,1163.71816540,0.01998529,0.01998529,29918,92,0
6680.24454617,6680.24423461,3082.23596817,3082.24879158,0.04295923,1163.67988839,0.01998529,0.01998529,29917,92,0
6680.46722668,6680.46755810,3091.43365972,3091.42000182,0.04018026,1163.64022049,0.01998529,0.01998529,29916,92,0
6680.69105038,6680.69089651,3100.64318620,3100.64953497,0.03977649,1163.59876385,0.01998529,0.01998529,29915,92,0
6680.91381101,6680.91424985,3109.86458256,3109.84645299,0.04922476,1163.55592051,0.01998529,0.01998529,29914,92,0
6681.13722938,6681.13761813,3119.09873219,3119.08265000,0.05323637,1163.51135386,0.01998529,0.01998529,29913,92,0
6681.36121993,6681.36100134,3128.34657939,3128.35563523,0.03837465,1163.46505683,0.01998529,0.01998529,29912,92,0
6681.58457748,6681.58439949,3137.60899766,3137.61638313,0.03960509,1163.41726799,0.01998529,0.01998529,29911,92,0
6681.80785492,6681.80781258,3146.88602394,3146.88778333,0.05438507,1163.36786961,0.01998529,0.01998529,29910,92,0
6682.03133041,6682.03124060,3156.17718409,3156.18092113,0.04263298,1163.31679444,0.01998529,0.01998529,29909,92,0
6682.25465539,6682.25468357,3165.48199254,3165.48081825,0.04651766,1163.26411759,0.01998529,0.01998529,29908,92,0
6682.47840631,6682.47814148,3174.80009820,3174.81114911,0.05037903,1163.20969555,0.01998529,0.01998529,29907,92,0
6682.70159001,6682.70161433,3184.13172739,3184.13071105,0.04801319,1163.15376365,0.01998529,0.01998529,29906,92,0
6682.92542414,6682.92510213,3193.47725994,3193.49073498,0.03396984,1163.09600686,0.01998529,0.01998529,29905,92,0
6683.14809149,6683.14860488,3202.83707590,3202.81556037,0.04896977,1163.03689071,0.01998529,0.01998529,29904,92,0
6683.37193710,6683.37212257,3212.21131948,3212.20353520,0.04335679,1162.97578457,0.01998529,0.01998529,29903,92,0
6683.59564327,6683.59565521,3221.59973154,3221.59922936,0.03906886,1162.91303119,0.01998529,0.01998529,29902,92,0
6683.81915499,6683.81920281,3231.00201141,3230.99999867,0.04773524,1162.84864494,0.01998529,0.01998529,29901,92,0
6684.04267761,6684.04276536,3240.41788661,3240.41418864,0.03916595,1162.78256391,0.01998529,0.01998529,29900,92,0
6684.26653627,6684.26634286,3249.84748535,3249.85564836,0.04984923,1162.71468046,0.01998529,0.01998529,29899,92,0
6684.48985759,6684.48993532,3259.29121899,3259.28793368,0.03840198,1162.64525197,0.01998529,0.01998529,29898,92,0
6684.71312789,6684.71354273,3268.74950833,3268.73194784,0.03622685,1162.57412389,0.01998529,0.01998529,29897,92,0
6684.93662046,6684.93716510,3278.22269646,3278.19960641,0.05435429,1162.50119738,0.01998529,0.01998529,29896,92,0
6685.16090021,6685.16080244,3287.71079584,3287.71494715,0.03655112,1162.42626891,0.01998529,0.01998529,29895,92,0
6685.38487965,6685.38445474,3297.21373357,3297.23180162,0.05641142,1162.34968932,0.01998529,0.01998529,29894,92,0
6685.60804432,6685.60812199,3306.73143617,3306.72812835,0.04995094,1162.27164084,0.01998529,0.01998529,29893,92,0
6685.83235966,6685.83180422,3316.26384199,3316.28753001,0.04319441,1162.19142534,0.01998529,0.01998529,29892,92,0
6686.05563788,6686.05550141,3325.81090651,3325.81673501,0.05335542,1162.10981695,0.01998529,0.01998529,29891,92,0
6686.27950229,6686.27921357,3335.37258602,3335.38493524,0.03840716,1162.02622079,0.01998529,0.01998529,29890,92,0
6686.50320371,6686.50294070,3344.94887415,3344.96014032,0.05270710,1161.94090441,0.01998529,0.01998529,29889,92,0
6686.72638834,6686.72668279,3354.54007889,3354.52744678,0.03898860,1161.85400078,0.01998529,0.01998529,29888,92,0
6686.95020534,6686.95043987,3364.14666674,3364.13659013,0.04749176,1161.76504930,0.01998529,0.01998529,29887,92,0
6687.17444707,6687.17421191,3373.76910878,3373.77922895,0.05208487,1161.67410749,0.01998529,0.01998529,29886,92,0
6687.39838952,6687.39799893,3383.40764897,3383.42448513,0.03905968,1161.58145710,0.01998529,0.01998529,29885,92,0
6687.62150645,6687.62180093,3393.06198801,3393.04927502,0.03994655,1161.48732450,0.01998529,0.01998529,29884,92,0
6687.84597925,6687.84561790,3402.73174506,3402.74736821,0.05240905,1161.39077873,0.01998529,0.01998529,29883,92,0
6688.06955458,6688.06944986,3412.41655873,3412.42109329,0.02954518,1161.29277924,0.01998529,0.01998529,29882,92,0
6688.29333283,6688.29329680,3422.11638906,3422.11795171,0.04633558,1161.19284512,0.01998529,0.01998529,29881,92,0
6688.51735567,6688.51715872,3431.83143492,3431.83998854,0.04756371,1161.09094253,0.01998529,0.01998529,29880,92,0
6688.74132170,6688.74103562,3441.56190251,3441.57434597,0.05764461,1160.98719633,0.01998529,0.01998529,29879,92,0
6688.96491439,6688.96492751,3451.30801088,3451.30743939,0.03982044,1160.88174833,0.01998529,0.01998529,29878,92,0
6689.18844467,6689.18883439,3461.07001628,3461.05301165,0.04973456,1160.77444665,0.01998529,0.01998529,29877,92,0
6689.41340938,6689.41275625,3470.84818438,3470.87672793,0.04660551,1160.66454423,0.01998529,0.01998529,29876,92,0
6689.63727895,6689.63669311,3480.64276870,3480.66841281,0.06042751,1160.55326137,0.01998529,0.01998529,29875,92,0
6689.86084044,6689.86064496,3490.45375701,3490.46232750,0.02896960,1160.44021658,0.01998529,0.01998529,29874,92,0
6690.08436307,6690.08461180,3500.28090168,3500.26997966,0.05015780,1160.32527276,0.01998529,0.01998529,29873,92,0
6690.30850608,6690.30859364,3510.12394457,3510.12009402,0.04002224,1160.20807824,0.01998529,0.01998529,29872,92,0
6690.53283484,6690.53259047,3519.98262341,3519.99338688,0.04801949,1160.08884488,0.01998529,0.01998529,29871,92,0
6690.75639403,6690.75660230,3529.85666826,3529.84748112,0.04530055,1159.96808333,0.01998529,0.01998529,29870,92,0
6690.98061817,6690.98062913,3539.74580532,3539.74532112,0.04419152,1159.84501560,0.01998529,0.01998529,29869,92,0
6691.20463305,6691.20467096,3549.64980980,3549.64813254,0.04733225,1159.72011068,0.01998529,0.01998529,29868,92,0
6691.42793366,6691.42872780,3559.56935139,3559.53416513,0.02998889,1159.59364606,0.01998529,0.01998529,29867,92,0
6691.65265811,6691.65279964,3569.50586477,3569.49958337,0.06014816,1159.46437467,0.01998529,0.01998529,29866,92,0
6691.87632147,6691.87688648,3579.46082220,3579.43569835,0.05040168,1159.33369289,0.01998529,0.01998529,29865,92,0
6692.10124566,6692.10098833,3589.43502922,3589.44649255,0.05142783,1159.20022078,0.01998529,0.01998529,29864,92,0
6692.32471222,6692.32510519,3599.42728350,3599.40974870,0.05045686,1159.06558047,0.01998529,0.01998529,29863,92,0
6692.56006480,nan,0.00000000,3609.93773702,0.24076205,1158.92135503,0.01998532,0.01998529,29862,92,1
6692.77247098,6692.77338394,3619.45974648,3619.41889057,0.04198157,1158.78975253,0.01998529,0.01998529,29861,92,0
6692.99724534,6692.99754583,3629.49913522,3629.48566662,0.05428887,1158.64823933,0.01998529,0.01998529,29860,92,0
6693.22220105,6693.22172274,3639.55613623,3639.57761389,0.05792208,1158.50452996,0.01998529,0.01998529,29859,92,0
6693.44621715,6693.44591466,3649.63275580,3649.64636531,0.04817429,1158.35931260,0.01998529,0.01998529,29858,92,0
6693.66994432,6693.67012160,3659.72986053,3659.72186914,0.05223633,1158.21215978,0.01998529,0.01998529,29857,92,0
6693.89474487,6693.89434356,3669.84598483,3669.86410580,0.04672218,1158.06217529,0.01998529,0.01998529,29856,92,0
6694.11874386,6694.11858054,3679.97936616,3679.98675231,0.03769106,1157.91062270,0.01998529,0.01998529,29855,92,0
6694.34282005,6694.34283255,3690.12853149,3690.12796542,0.04421888,1157.75693098,0.01998529,0.01998529,29854,92,0
6694.56668509,6694.56709957,3700.29403783,3700.27523493,0.04289407,1157.60128291,0.01998529,0.01998529,29853,92,0
6694.79116046,6694.79138162,3710.47728148,3710.46723094,0.05135506,1157.44307126,0.01998529,0.01998529,29852,92,0
6695.01556719,6695.01567870,3720.67963900,3720.67456201,0.04799028,1157.28273564,0.01998529,0.01998529,29851,92,0
6695.24038130,6695.23999081,3730.90142715,3730.91923760,0.04367150,1157.11991565,0.01998529,0.01998529,29850,92,0
6695.46373893,6695.46431794,3741.14174577,3741.11529217,0.04822201,1156.95598065,0.01998529,0.01998529,29849,92,0
6695.68844654,6695.68866011,3751.39961918,3751.38984605,0.05327210,1156.78887841,0.01998529,0.01998529,29848,92,0
6695.91280627,6695.91301731,3761.67438028,3761.66470769,0.03404597,1156.61985863,0.01998529,0.01998529,29847,92,0
6696.13750739,6696.13738954,3771.96633433,3771.97174418,0.03334623,1156.44838798,0.01998529,0.01998529,29846,92,0
6696.36185249,6696.36177681,3782.27597698,3782.27945714,0.05400890,1156.27498123,0.01998529,0.01998529,29845,92,0
6696.58612636,6696.58617912,3792.60378572,3792.60135536,0.05028830,1156.09940694,0.01998529,0.01998529,29844,92,0
6696.81063523,6696.81059646,3802.95003753,3802.95182616,0.04126124,1155.92140832,0.01998529,0.01998529,29843,92,0
6697.03499755,6697.03502885,3813.31490546,3813.31345859,0.05244533,1155.74127359,0.01998529,0.01998529,29842,92,0
6697.25995212,6697.25947628,3823.69856062,3823.72059392,0.03834530,1155.55838971,0.01998529,0.01998529,29841,92,0
6697.48352754,6697.48393874,3834.10108289,3834.08200932,0.04660321,1155.37435975,0.01998529,0.01998529,29840,92,0
6697.70894915,6697.70841626,3844.52243974,3844.54720080,0.05405519,1155.18651203,0.01998529,0.01998529,29839,92,0
6697.93308582,6697.93290882,3854.96259154,3854.97083028,0.04067786,1154.99743768,0.01998529,0.01998529,29838,92,0
6698.15738711,6698.15741643,3865.42174887,3865.42038160,0.05366624,1154.80591700,0.01998529,0.01998529,29837,92,0
6698.38183167,6698.38193909,3875.90082253,3875.89580446,0.03719089,1154.61193616,0.01998529,0.01998529,29836,92,0
6698.60676619,6698.60647679,3886.40085377,3886.41440043,0.05795891,1154.41515506,0.01998529,0.01998529,29835,92,0
6698.83164984,6698.83102956,3896.92265378,3896.95174694,0.03201599,1154.21601285,0.01998529,0.01998529,29834,92,0
6699.05517302,6699.05559737,3907.46547265,3907.44553234,0.05084620,1154.01569420,0.01998529,0.01998529,29833,92,0
6699.28340467,6699.28018024,0.00000000,3918.19513153,0.09618620,1153.80842309,0.01998530,0.01998529,29832,92,1
6699.50469516,6699.50477817,3928.60871648,3928.60480298,0.04470406,1153.60571054,0.01998529,0.01998529,29831,92,0
6699.73028203,6699.72939115,3939.20837876,3939.25045904,0.04637224,1153.39637143,0.01998529,0.01998529,29830,92,0
6699.95361879,6699.95401920,3949.82894105,3949.80999058,0.03687867,1153.18669684,0.01998529,0.01998529,29829,92,0
6700.17868818,6700.17866230,3960.47246878,3960.47369620,0.04526839,1152.97290284,0.01998529,0.01998529,29828,92,0
6700.40347794,6700.40332047,3971.13922220,3971.14670628,0.04330153,1152.75685862,0.01998529,0.01998529,29827,92,0
6700.62863350,6700.62799370,3981.82665217,3981.85711212,0.03792545,1152.53798192,0.01998530,0.01998529,29826,92,0
6700.85188506,6700.85268200,3992.53194216,3992.49394481,0.05333594,1152.31855095,0.01998529,0.01998529,29825,92,0
6701.07803361,6701.07738537,4003.25367117,4003.28462713,0.05116132,1152.09385070,0.01998530,0.01998529,29824,92,0
6701.30242745,6701.30210380,4013.99447128,4014.00995559,0.05879476,1151.86841991,0.01998529,0.01998529,29823,92,0
6701.52655153,6701.52683731,4024.75772519,4024.74402311,0.04421231,1151.64071776,0.01998529,0.01998529,29822,92,0
6701.75118773,6701.75158589,4035.54611234,4035.52697885,0.04686428,1151.40987567,0.01998529,0.01998529,29821,92,0
6701.97622188,6701.97634954,4046.35847562,4046.35232830,0.04663567,1151.17600587,0.01998529,0.01998529,29820,92,0
6702.20121431,6702.20112826,4057.19238880,4057.19653951,0.04487179,1150.93959867,0.01998529,0.01998529,29819,92,0
6702.42676678,6702.42592207,4068.04562926,4068.08644684,0.03537108,1150.70004997,0.01998530,0.01998529,29818,92,0
6702.65131196,6702.65073095,4078.91811669,4078.94624111,0.05894399,1150.45902270,0.01998530,0.01998529,29817,92,0
nan,nan,0.00000000,-1.00000000,0.00000000,1150.21149482,nan,0.00000000,-2147483648,92,1
nan,nan,0.00000000,-1.00000000,0.00000000,1145.33838307,nan,0.00000000,-2147483648,91,1
6661.09375276,6661.09410597,9.09998628,9.09004613,0.05708176,1145.65197285,0.01998528,0.01998528,30003,91,0
6661.31809710,6661.31615101,15.35083461,15.40563646,0.06442867,1145.97646886,0.01998529,0.01998528,30002,91,0
6661.53699562,6661.53821086,21.60599138,21.57174892,0.06927263,1146.29258963,0.01998528,0.01998528,30001,91,0
6661.75877854,6661.76028551,27.86551718,27.82302732,0.06565695,1146.61237564,0.01998528,0.01998528,30000,91,0
6661.98210181,6661.98237497,34.12947288,34.12176598,0.04158169,1146.93387562,0.01998528,0.01998528,29999,91,0
6662.20520729,6662.20447924,40.39789472,40.41844903,0.08405859,1147.25455445,0.01998528,0.01998528,29998,91,0
6662.42578582,6662.42659831,46.67067428,46.64772194,0.05117915,1147.57109554,0.01998528,0.01998528,29997,91,0
6662.64663468,6662.64873219,52.94765032,52.88836240,0.02143065,1147.88751148,0.01998528,0.01998528,29996,91,0
6662.86995879,6662.87088089,59.22866088,59.20258239,0.05875866,1148.20694217,0.01998528,0.01998528,29995,91,0
6663.09132955,6663.09304440,65.51354333,65.46501846,0.05956437,1148.52304186,0.01998528,0.01998528,29994,91,0
6663.31647006,6663.31522272,71.80213801,71.83745214,0.06689419,1148.84396661,0.01998529,0.01998528,29993,91,0
6663.53823389,6663.53741585,78.09442972,78.11760193,0.02772841,1149.15952619,0.01998529,0.01998528,29992,91,0
6663.75974749,6663.75962381,84.39059421,84.39409980,0.05544732,1149.47419051,0.01998528,0.01998528,29991,91,0
6663.98249214,6663.98184658,90.69082094,90.70912867,0.06108053,1149.79006840,0.01998528,0.01998528,29990,91,0
6664.20416043,6664.20408417,96.99530013,96.99746390,0.00622974,1150.10389532,0.01998528,0.01998528,29989,91,0
6664.42648338,6664.42633659,103.30422279,103.30839106,0.07456852,1150.41813160,0.01998528,0.01998528,29988,91,0
6664.64827194,6664.64860383,109.61774866,109.60831812,0.06576839,1150.73110263,0.01998528,0.01998528,29987,91,0
6664.87054970,6664.87088589,115.93588223,115.92632322,0.01589631,1151.04425178,0.01998528,0.01998528,29986,91,0
6665.09404376,6665.09318278,122.25858065,122.28307726,0.04721066,1151.35859382,0.01998529,0.01998528,29985,91,0
6665.31630402,6665.31549450,128.58580091,128.60884822,0.06423322,1151.67067919,0.01998529,0.01998528,29984,91,0
6665.53743311,6665.53782104,134.91749979,134.90644840,0.05415090,1151.98065675,0.01998528,0.01998528,29983,91,0
6665.76098086,6665.76016242,141.25363338,141.27696407,0.05125913,1152.29349445,0.01998529,0.01998528,29982,91,0
6665.98268267,6665.98251863,147.59414510,147.59882427,0.06478686,1152.60321812,0.01998528,0.01998528,29981,91,0
6666.20535833,6666.20488967,153.93896558,153.95234183,0.03990962,1152.91376542,0.01998528,0.01998528,29980,91,0
6666.42652224,6666.42727554,160.28802456,160.26651145,0.05148277,1153.22166706,0.01998528,0.01998528,29979,91,0
6666.65007185,6666.64967626,166.64125150,166.65255546,0.06358118,1153.53234104,0.01998528,0.01998528,29978,91,0
6666.87356731,6666.87209181,172.99857557,173.04076203,0.01173205,1153.84238319,0.01998529,0.01998528,29977,91,0
6667.09536432,6667.09452220,179.35997753,179.38406900,0.05401954,1154.14951679,0.01998529,0.01998528,29976,91,0
6667.31571556,6667.31696743,185.72560378,185.68976863,0.06075025,1154.45410911,0.01998528,0.01998528,29975,91,0
6667.54061058,6667.53942750,192.09563437,192.12952203,0.05479410,1154.76443548,0.01998529,0.01998528,29974,91,0
6667.76137145,6667.76190242,198.47025006,198.45503093,0.05253152,1155.06852720,0.01998528,0.01998528,29973,91,0
6667.98404682,6667.98439218,204.84963238,204.83972636,0.02258266,1155.37473130,0.01998528,0.01998528,29972,91,0
6668.20667910,6668.20689680,211.23394465,211.22769606,0.03833736,1155.68035549,0.01998528,0.01998528,29971,91,0
6668.42861498,6668.42941625,217.62313814,217.60012333,0.04804182,1155.98450164,0.01998528,0.01998528,29970,91,0
6668.65121987,6668.65195056,224.01703003,223.99602883,0.04583832,1156.28903076,0.01998528,0.01998528,29969,91,0
6668.87388557,6668.87449972,230.41543465,230.39777210,0.03885667,1156.59309785,0.01998528,0.01998528,29968,91,0
6669.09781184,6669.09706373,236.81816555,236.83969354,0.05148264,1156.89832601,0.01998529,0.01998528,29967,91,0
6669.32016769,6669.31964260,243.22503692,243.24015571,0.05979203,1157.20084735,0.01998529,0.01998528,29966,91,0
6669.54114927,6669.54223632,249.63597773,249.60466038,0.05956313,1157.50093533,0.01998528,0.01998528,29965,91,0
6669.76435588,6669.76484490,256.05111405,256.03701708,0.03084540,1157.80347907,0.01998528,0.01998528,29964,91,0
6669.98779358,6669.98746834,262.47059180,262.47997321,0.06604397,1158.10577208,0.01998528,0.01998528,29963,91,0
6670.21069137,6670.21010664,268.89455752,268.91143461,0.02525418,1158.40677789,0.01998529,0.01998528,29962,91,0
6670.43470884,6670.43275980,275.32315836,275.37945147,0.06557571,1158.70874097,0.01998529,0.01998528,29961,91,0
6670.65539577,6670.65542783,281.75652031,281.75559375,0.03915018,1159.00567511,0.01998528,0.01998528,29960,91,0
6670.87769744,6670.87811071,288.19466495,288.18271245,0.03848868,1159.30423995,0.01998528,0.01998528,29959,91,0
6671.09799967,6671.10080847,0.00000000,294.56246774,0.05725074,1159.59986658,0.01998528,0.01998528,29958,91,1
6671.32401927,6671.32352109,301.08526270,301.09969008,0.05417640,1159.90202725,0.01998528,0.01998528,29957,91,0
6671.54701054,6671.54624858,307.53769588,307.55977718,0.05181481,1160.19986421,0.01998529,0.01998528,29956,91,0
6671.76881780,6671.76899095,313.99487293,313.98985190,0.04213041,1160.49556881,0.01998528,0.01998528,29955,91,0
6671.99146540,6671.99174818,320.45680036,320.44859443,0.06997003,1160.79183987,0.01998528,0.01998528,29954,91,0
6672.21425919,6672.21452029,326.92349669,326.91591498,0.02431025,1161.08774933,0.01998528,0.01998528,29953,91,0
6672.43748376,6672.43730727,333.39498082,333.40010910,0.05177919,1161.38367227,0.01998528,0.01998528,29952,91,0
6672.66044923,6672.66010913,339.87127172,339.88116080,0.04351583,1161.67869281,0.01998529,0.01998528,29951,91,0
6672.88280751,6672.88292587,346.35238807,346.34894420,0.04657108,1161.97235289,0.01998528,0.01998528,29950,91,0
6673.10592993,6673.10575749,352.83831634,352.84333739,0.01955563,1162.26646077,0.01998528,0.01998528,29949,91,0
6673.32734008,6673.32860399,359.32898533,359.29216048,0.05901360,1162.55775101,0.01998528,0.01998528,29948,91,0
6673.55230155,6673.55146537,365.82431761,365.84869607,0.03736320,1162.85313636,0.01998529,0.01998528,29947,91,0
6673.77477114,6673.77434163,372.32423537,372.33676533,0.06493091,1163.14467268,0.01998529,0.01998528,29946,91,0
6673.99712005,6673.99723279,378.82866047,378.82536970,0.02439867,1163.43547250,0.01998528,0.01998528,29945,91,0
6674.22054597,6674.22013882,385.33754194,385.34943443,0.06662104,1163.72709471,0.01998529,0.01998528,29944,91,0
6674.44206372,6674.44305975,391.85094433,391.82183259,0.04015225,1164.01564764,0.01998528,0.01998528,29943,91,0
6674.66575225,6674.66599557,398.36896286,398.36184669,0.06088591,1164.30644634,0.01998528,0.01998528,29942,91,0
6674.88944299,6674.88894628,404.89169318,404.90623018,0.02648328,1164.59666585,0.01998529,0.01998528,29941,91,0
6675.11137984,6675.11191188,411.41923132,411.40365014,0.05638707,1164.88403729,0.01998528,0.01998529,29940,91,0
6675.33514659,6675.33489237,417.95166720,417.95911739,0.02032830,1165.17320316,0.01998529,0.01998529,29939,91,0
6675.55741252,6675.55788776,424.48902476,424.47508770,0.03163769,1165.45985746,0.01998528,0.01998529,29938,91,0
6675.78125285,6675.78089805,431.03128952,431.04170151,0.03097112,1165.74796370,0.01998529,0.01998529,29937,91,0
6676.00439425,6676.00392324,437.57844642,437.59227806,0.04425125,1166.03459019,0.01998529,0.01998529,29936,91,0
6676.22791205,6676.22696333,444.13048034,444.15835953,0.03596018,1166.32111715,0.01998529,0.01998529,29935,91,0
6676.44946809,6676.45001832,450.68737637,450.67119643,0.06156018,1166.60455125,0.01998528,0.01998529,29934,91,0
6676.67299721,6676.67308822,457.24912831,457.24645055,0.05502542,1166.88992435,0.01998529,0.01998529,29933,91,0
6676.89682205,6676.89617302,463.81573993,463.83485096,0.02791926,1167.17508464,0.01998529,0.01998529,29932,91,0
6677.11891904,6677.11927272,470.38721556,470.37679422,0.05155502,1167.45745826,0.01998529,0.01998529,29931,91,0
6677.34241303,6677.34238733,476.96355955,476.96431733,0.03739580,1167.74101802,0.01998529,0.01998529,29930,91,0
6677.56501199,6677.56551686,483.54477608,483.52988005,0.04903472,1168.02285245,0.01998529,0.01998529,29929,91,0
6677.78856627,6677.78866129,490.13083655,490.12803120,0.03966700,1168.30530123,0.01998529,0.01998529,29928,91,0
6678.01203182,6678.01182064,496.72164121,496.72788025,0.05343606,1168.58703589,0.01998529,0.01998529,29927,91,0
6678.23557698,6678.23499490,503.31708060,503.33428815,0.06099949,1168.86826246,0.01998529,0.01998529,29926,91,0
6678.45782757,6678.45818407,509.91704476,509.90649928,0.02528631,1169.14725096,0.01998529,0.01998529,29925,91,0
6678.68148404,6678.68138817,516.52142322,516.52426076,0.03929726,1169.42738462,0.01998529,0.01998529,29924,91,0
6678.90480413,6678.90460718,523.13017671,523.13600962,0.03252949,1169.70647366,0.01998529,0.01998529,29923,91,0
6679.12818751,6679.12784111,529.74355779,529.75382358,0.04726864,1169.98502788,0.01998529,0.01998529,29922,91,0
6679.35081580,6679.35108996,536.36189449,536.35376378,0.04839017,1170.26204179,0.01998529,0.01998529,29921,91,0
6679.57476801,6679.57435374,542.98551633,542.99781127,0.02366096,1170.54011216,0.01998529,0.01998529,29920,91,0
6679.79730932,6679.79763244,549.61475428,549.60515690,0.05363576,1170.81585558,0.01998529,0.01998529,29919,91,0
6680.02170927,6680.02092606,556.24987964,556.27316192,0.05945014,1171.09333092,0.01998529,0.01998529,29918,91,0
6680.24477278,6680.24423461,562.89070869,562.90671895,0.02915738,1171.36857576,0.01998529,0.01998529,29917,91,0
6680.46699849,6680.46755810,569.53685080,569.52019113,0.04321338,1171.64219587,0.01998529,0.01998529,29916,91,0
6680.69203135,6680.69089651,576.18791254,576.22171896,0.06401632,1171.91865313,0.01998529,0.01998529,29915,91,0
6680.91423410,6680.91424985,582.84349870,582.84302899,0.03976346,1172.19100436,0.01998529,0.01998529,29914,91,0
6681.13793795,6681.13761813,589.50324361,589.51278153,0.05853818,1172.46454743,0.01998529,0.01998529,29913,91,0
6681.35323981,nan,0.00000000,595.92562691,0.15330808,1172.72679628,0.01998526,0.01998529,29912,91,1
6681.58327323,6681.58439949,602.83578654,602.80215570,0.06567644,1173.00718170,0.01998528,0.01998529,29911,91,0
6681.80781021,6681.80781258,609.50935530,609.50928467,0.04130474,1173.27983703,0.01998529,0.01998529,29910,91,0
6682.03091672,6682.03124060,616.18831044,616.17862483,0.05448595,1173.55015037,0.01998529,0.01998529,29909,91,0
6682.25526774,6682.25468357,622.87303308,622.89051675,0.02369204,1173.82137711,0.01998529,0.01998529,29908,91,0
6682.47693190,6682.47814148,629.56357131,629.52734146,0.04173407,1174.08877017,0.01998528,0.01998529,29907,91,0
6682.70206132,6682.70161433,636.25960630,636.27300443,0.04326320,1174.35973285,0.01998529,0.01998529,29906,91,0
6682.92517019,6682.92510213,642.96079901,642.96284037,0.03848755,1174.62764118,0.01998529,0.01998529,29905,91,0
6683.14778920,6683.14860488,649.66680879,649.64232764,0.04606544,1174.89432848,0.01998529,0.01998529,29904,91,0
6683.37098214,6683.37212257,656.37729779,656.34304984,0.05189712,1175.16105378,0.01998529,0.01998529,29903,91,0
6683.59577026,6683.59565521,663.09219634,663.09565341,0.03933509,1175.42902369,0.01998529,0.01998529,29902,91,0
6683.81963739,6683.81920281,669.81185783,669.82492560,0.05311699,1175.69524827,0.01998529,0.01998529,29901,91,0
6684.04191761,6684.04276536,676.53667433,676.51116467,0.05231650,1175.95896016,0.01998529,0.01998529,29900,91,0
6684.26674351,6684.26634286,683.26703969,683.27910542,0.05462070,1176.22507198,0.01998529,0.01998529,29899,91,0
6684.48879057,6684.48993532,690.00334837,689.96884522,0.02783779,1176.48729581,0.01998528,0.01998529,29898,91,0
6684.71309619,6684.71354273,696.74577155,696.73230156,0.05467508,1176.75158732,0.01998529,0.01998529,29897,91,0
6684.93754775,6684.93716510,703.49399693,703.50554838,0.04700507,1177.01543326,0.01998529,0.01998529,29896,91,0
6685.16110195,6685.16080244,710.24764795,710.25669623,0.05908807,1177.27759365,0.01998529,0.01998529,29895,91,0
6685.38504175,6685.38445474,717.00634626,717.02409149,0.03449418,1177.53955865,0.01998529,0.01998529,29894,91,0
6685.60778561,6685.60812199,723.76971192,723.75953719,0.06691798,1177.79946542,0.01998529,0.01998529,29893,91,0
6685.83123219,6685.83180422,730.53752651,730.52021358,0.03656458,1178.05952167,0.01998529,0.01998529,29892,91,0
6686.05555827,6686.05550141,737.31003150,737.31175351,0.04455382,1178.31993379,0.01998529,0.01998529,29891,91,0
6686.27944066,6686.27921357,744.08755022,744.09443258,0.06602300,1178.57917457,0.01998529,0.01998529,29890,91,0
6686.50224467,6686.50294070,750.87040752,750.84929772,0.03067400,1178.83652634,0.01998529,0.01998529,29889,91,0
6686.72648265,6686.72668279,757.65892977,757.65285464,0.04283583,1179.09490003,0.01998529,0.01998529,29888,91,0
6686.95057121,6686.95043987,764.45335428,764.45734405,0.03844323,1179.35247281,0.01998529,0.01998529,29887,91,0
6687.17419056,6687.17421191,771.25360049,771.25295146,0.05532823,1179.60887463,0.01998529,0.01998529,29886,91,0
6687.39794993,6687.39799893,778.05951722,778.05802653,0.01919369,1179.86479773,0.01998529,0.01998529,29885,91,0
6687.62151649,6687.62180093,784.87095259,784.86229263,0.05427602,1180.11985404,0.01998529,0.01998529,29884,91,0
6687.84648612,6687.84561790,791.68775396,791.71420669,0.05139180,1180.37585130,0.01998529,0.01998529,29883,91,0
6688.06949531,6688.06944986,798.50980545,798.51119117,0.03511052,1180.62895841,0.01998529,0.01998529,29882,91,0
6688.29358396,6688.29329680,805.33714617,805.34590771,0.04211419,1180.88262912,0.01998529,0.01998529,29881,91,0
6688.51782637,6688.51715872,812.16985576,812.19024117,0.05372153,1181.13581116,0.01998529,0.01998529,29880,91,0
6688.74102947,6688.74103562,819.00801423,819.00782645,0.02385763,1181.38716253,0.01998529,0.01998529,29879,91,0
6688.96477353,6688.96492751,825.85170199,825.84699348,0.05329645,1181.63846601,0.01998529,0.01998529,29878,91,0
6689.18915958,6689.18883439,832.70098663,832.71093807,0.05073179,1181.88983045,0.01998529,0.01998529,29877,91,0
6689.41276116,6689.41275625,839.55587540,839.55602566,0.04237912,1182.13965681,0.01998529,0.01998529,29876,91,0
6689.63706012,6689.63669311,846.41635815,846.42760592,0.03997059,1182.38959880,0.01998529,0.01998529,29875,91,0
6689.86084993,6689.86064496,853.28242465,853.28871111,0.03896158,1182.63830882,0.01998529,0.01998529,29874,91,0
6690.08455204,6690.08461180,860.15406460,860.15223031,0.05819175,1182.88625560,0.01998529,0.01998529,29873,91,0
6690.30858429,6690.30859364,867.03129478,867.03100768,0.06977934,1183.13389984,0.01998529,0.01998529,29872,91,0
6690.53318962,6690.53259047,873.91426237,873.93268033,0.03574605,1183.38150939,0.01998529,0.01998529,29871,91,0
6690.75531903,6690.75660230,880.80315444,880.76367484,0.05862601,1183.62573603,0.01998529,0.01998529,29870,91,0
6690.98075887,6690.98062913,887.69815896,887.70215372,0.04209017,1183.87294270,0.01998529,0.01998529,29869,91,0
6691.20492823,6691.20467096,894.59946479,894.60739311,0.04657032,1184.11810176,0.01998529,0.01998529,29868,91,0
6691.42845239,6691.42872780,901.50718011,901.49868567,0.04080120,1184.36190703,0.01998529,0.01998529,29867,91,0
6691.65295689,6691.65279964,908.42102804,908.42588209,0.03745857,1184.60611805,0.01998529,0.01998529,29866,91,0
6691.87723398,6691.87688648,915.34061657,915.35135088,0.04031821,1184.84940176,0.01998529,0.01998529,29865,91,0
6692.10157891,6692.10098833,922.26555172,922.28380717,0.04206909,1185.09206334,0.01998529,0.01998529,29864,91,0
6692.32539507,6692.32510519,929.19543757,929.20440358,0.05467025,1185.33344397,0.01998529,0.01998529,29863,91,0
6692.54953492,6692.54923706,936.13000082,936.13921938,0.05539220,1185.57445283,0.01998529,0.01998529,29862,91,0
6692.77331543,6692.77338394,943.06951098,943.06738932,0.02445268,1185.81436336,0.01998529,0.01998529,29861,91,0
6692.99749934,6692.99754583,950.01438738,950.01294649,0.06399900,1186.05400578,0.01998529,0.01998529,29860,91,0
6693.22219759,6693.22172274,956.96505141,956.97978036,0.06342645,1186.29350700,0.01998529,0.01998529,29859,91,0
6693.44614603,6693.44591466,963.92192656,963.92910932,0.03340103,1186.53153313,0.01998529,0.01998529,29858,91,0
6693.66967024,6693.67012160,970.88530670,970.87128236,0.05814779,1186.76844328,0.01998529,0.01998529,29857,91,0
6693.89431407,6693.89434356,977.85498680,977.85406966,0.04793313,1187.00586136,0.01998529,0.01998529,29856,91,0
6694.11830450,6694.11858054,984.83064194,984.82205149,0.05500413,1187.24189821,0.01998529,0.01998529,29855,91,0
6694.34257356,6694.34283255,991.81194560,991.80387995,0.05027668,1187.47752461,0.01998529,0.01998529,29854,91,0
6694.56658316,6694.56709957,998.79856963,998.78247653,0.05762136,1187.71216217,0.01998529,0.01998529,29853,91,0
6694.79120581,6694.79138162,1005.79030749,1005.78482468,0.05282947,1187.94671426,0.01998529,0.01998529,29852,91,0
6695.01582401,6695.01567870,1012.78733567,1012.79187024,0.04787175,1188.18053727,0.01998529,0.01998529,29851,91,0
6695.23939859,6695.23999081,1019.78990613,1019.77141132,0.04458698,1188.41256094,0.01998529,0.01998529,29850,91,0
6695.46445821,6695.46431794,1026.79827209,1026.80265585,0.05245287,1188.64541385,0.01998529,0.01998529,29849,91,0
6695.68878938,6695.68866011,1033.81268770,1033.81673110,0.05125423,1188.87680858,0.01998529,0.01998529,29848,91,0
6695.91333446,6695.91301731,1040.83330260,1040.84323101,0.05544730,1189.10772236,0.01998529,0.01998529,29847,91,0
6696.13759129,6696.13738954,1047.86001086,1047.86633163,0.05543779,1189.33763344,0.01998529,0.01998529,29846,91,0
6696.36159057,6696.36177681,1054.89266794,1054.88682869,0.05577747,1189.56656903,0.01998529,0.01998529,29845,91,0
6696.58616162,6696.58617912,1061.93112852,1061.93057940,0.06112349,1189.79536840,0.01998529,0.01998529,29844,91,0
6696.81040725,6696.81059646,1068.97524731,1068.96930610,0.06625978,1190.02310954,0.01998529,0.01998529,29843,91,0
6697.03497786,6697.03502885,1076.02494927,1076.02334711,0.06485547,1190.25044856,0.01998529,0.01998529,29842,91,0
6697.25985871,6697.25947628,1083.08028685,1083.09231298,0.05575221,1190.47736714,0.01998529,0.01998529,29841,91,0
6697.48397622,6697.48393874,1090.14132608,1090.14250538,0.05084440,1190.70278428,0.01998529,0.01998529,29840,91,0
6697.70874213,6697.70841626,1097.20813335,1097.21839594,0.04676982,1190.92812056,0.01998529,0.01998529,29839,91,0
6697.93282688,6697.93290882,1104.28077741,1104.27819493,0.04385407,1191.15204334,0.01998529,0.01998529,29838,91,0
6698.15803911,6698.15741643,1111.35940477,1111.37904538,0.04750662,1191.37636029,0.01998529,0.01998529,29837,91,0
6698.38186153,6698.38193909,1118.44426190,1118.44181350,0.03941804,1191.59857102,0.01998529,0.01998529,29836,91,0
6698.60669245,6698.60647679,1125.53560300,1125.54241675,0.04136125,1191.82106411,0.01998529,0.01998529,29835,91,0
6698.83104098,6698.83102956,1132.63368358,1132.63404502,0.03126497,1192.04236726,0.01998529,0.01998529,29834,91,0
6699.05544590,6699.05559737,1139.73874191,1139.73394750,0.04055018,1192.26301891,0.01998529,0.01998529,29833,91,0
6699.27908824,6699.28018024,1146.85068101,1146.81608536,0.05527947,1192.48221164,0.01998529,0.01998529,29832,91,0
6699.50500537,6699.50477817,1153.96911022,1153.97631426,0.06605972,1192.70290058,0.01998529,0.01998529,29831,91,0
6699.72925624,6699.72939115,1161.09362708,1161.08934611,0.06456762,1192.92121823,0.01998529,0.01998529,29830,91,0
6699.95447194,6699.95401920,1168.22382696,1168.23820311,0.03593946,1193.13971495,0.01998529,0.01998529,29829,91,0
6700.17877189,6700.17866230,1175.35935590,1175.36283795,0.04089333,1193.35655324,0.01998529,0.01998529,29828,91,0
6700.40392373,6700.40332047,1182.50036487,1182.51954714,0.03906173,1193.57344497,0.01998529,0.01998529,29827,91,0
6700.62798532,6700.62799370,1189.64728831,1189.64702154,0.03944031,1193.78853157,0.01998529,0.01998529,29826,91,0
6700.85257334,6700.85268200,1196.80056598,1196.79710505,0.05096002,1194.00337882,0.01998529,0.01998529,29825,91,0
6701.07721500,6701.07738537,1203.96063993,1203.95520884,0.05838304,1194.21754244,0.01998529,0.01998529,29824,91,0
6701.30247645,6701.30210380,1211.12786311,1211.13975374,0.05371979,1194.43156690,0.01998529,0.01998529,29823,91,0
6701.52713058,6701.52683731,1218.30210901,1218.31147526,0.03857759,1194.64427987,0.01998529,0.01998529,29822,91,0
6701.75122012,6701.75158589,1225.48309262,1225.47140101,0.03825714,1194.85571664,0.01998529,0.01998529,29821,91,0
6701.97644334,6701.97634954,1232.67052730,1232.67352810,0.03838027,1195.06746587,0.01998529,0.01998529,29820,91,0
6702.20088340,6702.20112826,1239.86412501,1239.85628560,0.05125609,1195.27771288,0.01998529,0.01998529,29819,91,0
6702.42563049,6702.42592207,1247.06370179,1247.05435962,0.05707791,1195.48747378,0.01998529,0.01998529,29818,91,0
6702.65076273,6702.65073095,1254.26937120,1254.27039032,0.03738007,1195.69681903,0.01998529,0.01998529,29817,91,0
6702.87613948,6702.87555491,1261.48129975,1261.50005946,0.03887838,1195.90561718,0.01998530,0.01998529,29816,91,0
6703.09995327,6703.10039395,1268.69965480,1268.68550097,0.03900424,1196.11220302,0.01998529,0.01998529,29815,91,0
6703.32502146,6703.32524807,1275.92460308,1275.91731841,0.05273542,1196.31918103,0.01998529,0.01998529,29814,91,0
6703.55045049,6703.55011728,1283.15622873,1283.16694904,0.04411760,1196.52572121,0.01998529,0.01998529,29813,91,0
6703.77515005,6703.77500157,1290.39449115,1290.39927216,0.02712172,1196.73082287,0.01998529,0.01998529,29812,91,0
6704.00010225,6703.99990095,1297.63933921,1297.64582631,0.03385947,1196.93538103,0.01998529,0.01998529,29811,91,0
6704.22522795,6704.22481542,1304.89072149,1304.90402701,0.05636932,1197.13931769,0.01998530,0.01998529,29810,91,0
6704.44977483,6704.44974498,1312.14858572,1312.14954936,0.04325962,1197.34194958,0.01998529,0.01998529,29809,91,0
6704.67498360,6704.67468963,1319.41287051,1319.42236771,0.03815560,1197.54439178,0.01998530,0.01998529,29808,91,0
6704.89974737,6704.89964938,1326.68350726,1326.68667551,0.03657868,1197.74564393,0.01998529,0.01998529,29807,91,0
6705.12447005,6705.12462422,1333.96042679,1333.95543842,0.05665428,1197.94606603,0.01998529,0.01998529,29806,91,0
6705.34936259,6705.34961415,1341.24355953,1341.23541307,0.03734769,1198.14584132,0.01998529,0.01998529,29805,91,0
6705.57425672,6705.57461918,1348.53287039,1348.52112340,0.03771946,1198.34481620,0.01998529,0.01998529,29804,91,0
6705.79941129,6705.79963931,1355.82853486,1355.82113887,0.04569879,1198.54322076,0.01998529,0.01998529,29803,91,0
6706.02443471,6706.02467455,1363.13080818,1363.12302231,0.05602983,1198.74071378,0.01998529,0.01998529,29802,91,0
6706.24993514,6706.24972488,1370.43994715,1370.44677881,0.03802240,1198.93783167,0.01998530,0.01998529,29801,91,0
6706.47473101,6706.47479032,1377.75620964,1377.75428082,0.03842596,1199.13354713,0.01998529,0.01998529,29800,91,0
6706.69982303,6706.69987086,1385.07973630,1385.07817906,0.05950608,1199.32873462,0.01998529,0.01998529,29799,91,0
6706.92466448,6706.92496652,1392.41036609,1392.40052539,0.03579134,1199.52291287,0.01998529,0.01998530,29798,91,0
6707.14996505,6707.15007728,1399.74788962,1399.74422992,0.04221154,1199.71668552,0.01998529,0.01998530,29797,91,0
6707.37543015,6707.37520314,1407.09209631,1407.09950477,0.06126529,1199.90978778,0.01998530,0.01998530,29796,91,0
6707.60042918,6707.60034412,1414.44277836,1414.44555646,0.03646692,1200.10167328,0.01998530,0.01998530,29795,91,0
6707.82577403,6707.82550022,1421.79983640,1421.80878686,0.04780514,1200.29303009,0.01998530,0.01998530,29794,91,0
6708.05110017,6708.05067143,1429.16329136,1429.17731756,0.06066168,1200.48354506,0.01998530,0.01998530,29793,91,0
6708.27534185,6708.27585775,1436.53317047,1436.51627938,0.03593951,1200.67232149,0.01998529,0.01998530,29792,91,0
6708.50127101,6708.50105919,1443.90950112,1443.91644196,0.05934464,1200.86168789,0.01998530,0.01998530,29791,91,0
6708.72651228,6708.72627575,1451.29234337,1451.30010027,0.03733420,1201.04964693,0.01998530,0.01998530,29790,91,0
6708.95152927,6708.95150743,1458.68200413,1458.68272092,0.03679086,1201.23659585,0.01998530,0.01998530,29789,91,0
6709.17662593,6709.17675424,1466.07890495,1466.07468954,0.05147143,1201.42279599,0.01998529,0.01998530,29788,91,0
6709.40204742,6709.40201616,1473.48347033,1473.48449846,0.03170158,1201.60845586,0.01998530,0.01998530,29787,91,0
6709.62712355,6709.62729321,1480.89612658,1480.89054102,0.05340705,1201.79303127,0.01998529,0.01998530,29786,91,0
6709.85256642,6709.85258539,1488.31703318,1488.31640788,0.03277843,1201.97710694,0.01998530,0.01998530,29785,91,0
6710.07849600,6710.07789270,1495.74564278,1495.76554343,0.03507047,1202.16075961,0.01998530,0.01998530,29784,91,0
6710.30354738,6710.30321513,1503.18128999,1503.19225853,0.05298314,1202.34286269,0.01998530,0.01998530,29783,91,0
6710.52805985,6710.52855270,1510.62330564,1510.60702265,0.03216810,1202.52367982,0.01998529,0.01998530,29782,91,0
6710.75354003,6710.75390540,1518.07104550,1518.05896629,0.05489951,1202.70440406,0.01998530,0.01998530,29781,91,0
6710.97936412,6710.97927324,1525.52448547,1525.52749225,0.03639487,1202.88452504,0.01998530,0.01998530,29780,91,0
6711.20439005,6711.20465621,1532.98420527,1532.97539251,0.05223907,1203.06314626,0.01998530,0.01998530,29779,91,0
6711.43000362,6711.43005431,1540.45081271,1540.44913260,0.03409984,1203.24138104,0.01998530,0.01998530,29778,91,0
6711.65526567,6711.65546756,1547.92491900,1547.91822163,0.05477757,1203.41849798,0.01998530,0.01998530,29777,91,0
6711.88162361,6711.88089595,1555.40702306,1555.43118664,0.03021692,1203.59563988,0.01998530,0.01998530,29776,91,0
6712.10655333,6712.10633947,1562.89700557,1562.90411386,0.04614705,1203.77082744,0.01998530,0.01998530,29775,91,0
6712.33185701,6712.33179815,1570.39453922,1570.39649776,0.02962594,1203.94545958,0.01998530,0.01998530,29774,91,0
6712.55719632,6712.55727196,1577.89929466,1577.89677581,0.04917227,1204.11926129,0.01998530,0.01998530,29773,91,0
6712.78298751,6712.78276093,1585.41094353,1585.41849489,0.03812750,1204.29254054,0.01998530,0.01998530,29772,91,0
6713.00808318,6713.00826504,1592.92936039,1592.92329457,0.05433385,1204.46441270,0.01998530,0.01998530,29771,91,0
6713.23361650,6713.23378430,1600.45475391,1600.44915225,0.03106246,1204.63574671,0.01998530,0.01998530,29770,91,0
6713.45913940,6713.45931871,1607.98736485,1607.98137340,0.05349617,1204.80620246,0.01998530,0.01998530,29769,91,0
6713.68505947,6713.68486827,1615.52743540,1615.53383011,0.03697705,1204.97608848,0.01998530,0.01998530,29768,91,0
6713.91009062,6713.91043299,1623.07518249,1623.06372063,0.05455874,1205.14444246,0.01998530,0.01998530,29767,91,0
6714.13619205,6714.13601286,1630.63058831,1630.63659248,0.03350077,1205.31272578,0.01998530,0.01998530,29766,91,0
6714.36169841,6714.36160790,1638.19351148,1638.19654746,0.05480181,1205.47969014,0.01998530,0.01998530,29765,91,0
6714.58674754,6714.58721808,1645.76380868,1645.74801252,0.05514400,1205.64543772,0.01998530,0.01998530,29764,91,0
6714.81290399,6714.81284343,1653.34133615,1653.34337065,0.03163012,1205.81111105,0.01998530,0.01998530,29763,91,0
6715.03891123,6715.03848395,1660.92604836,1660.94041768,0.05019996,1205.97578020,0.01998530,0.01998530,29762,91,0
6715.26400465,6715.26413962,1668.51812342,1668.51358033,0.02867472,1206.13889546,0.01998530,0.01998530,29761,91,0
6715.48972380,6715.48981046,1676.11777128,1676.11485154,0.05119061,1206.30157583,0.01998530,0.01998530,29760,91,0
6715.71570222,6715.71549647,1683.72520306,1683.73214207,0.05547695,1206.46355352,0.01998530,0.01998530,29759,91,0
6715.94160659,6715.94119764,1691.34060990,1691.35441531,0.03852362,1206.62458955,0.01998530,0.01998530,29758,91,0
6716.16689303,6716.16691398,1698.96393694,1698.96322884,0.05089361,1206.78429604,0.01998530,0.01998530,29757,91,0
6716.39259771,6716.39264550,1706.59496950,1706.59335322,0.02705508,1206.94340122,0.01998530,0.01998530,29756,91,0
6716.61848856,6716.61839218,1714.23348891,1714.23675149,0.04983660,1207.10173039,0.01998530,0.01998530,29755,91,0
6716.84409842,6716.84415404,1721.87927548,1721.87739095,0.04376248,1207.25894929,0.01998530,0.01998530,29754,91,0
6717.07022856,6717.06993108,1729.53222067,1729.54230860,0.02597409,1207.41560981,0.01998530,0.01998530,29753,91,0
6717.29573673,6717.29572329,1737.19249786,1737.19295405,0.04809011,1207.57092199,0.01998530,0.01998530,29752,91,0
6717.52157054,6717.52153068,1744.86032519,1744.86167936,0.04841012,1207.72554182,0.01998530,0.01998530,29751,91,0
6717.74730105,6717.74735325,1752.53592204,1752.53414692,0.02913302,1207.87917573,0.01998530,0.01998530,29750,91,0
6717.97285364,6717.97319100,1760.21949522,1760.20801181,0.04474353,1208.03177571,0.01998530,0.01998530,29749,91,0
6718.19882218,6718.19904394,1767.91109293,1767.90353697,0.05273942,1208.18373993,0.01998530,0.01998530,29748,91,0
6718.42510284,6718.42491206,1775.61066128,1775.61716789,0.05718795,1208.33498995,0.01998530,0.01998530,29747,91,0
6718.65076698,6718.65079537,1783.31814439,1783.31717517,0.03016536,1208.48490271,0.01998530,0.01998530,29746,91,0
6718.87675990,6718.87669386,1791.03348600,1791.03574269,0.04858293,1208.63410380,0.01998530,0.01998530,29745,91,0
6719.10299615,6719.10260754,1798.75663263,1798.76992373,0.05606991,1208.78252913,0.01998530,0.01998530,29744,91,0
6719.32811527,6719.32853642,1806.48753738,1806.47311987,0.02703096,1208.92928768,0.01998530,0.01998530,29743,91,0
6719.55416856,6719.55448048,1814.22615399,1814.21546563,0.04977471,1209.07571395,0.01998530,0.01998530,29742,91,0
6719.78030161,6719.78043974,1821.97243587,1821.96769835,0.04759492,1209.22124428,0.01998530,0.01998530,29741,91,0
6720.00663828,6720.00641420,1829.72634932,1829.73404174,0.04846026,1209.36595295,0.01998530,0.01998530,29740,91,0
6720.23220020,6720.23240385,1837.48797400,1837.48097614,0.02889180,1209.50921653,0.01998530,0.01998530,29739,91,0
6720.45843541,6720.45840870,1845.25744796,1845.25836662,0.04952948,1209.65195487,0.01998530,0.01998530,29738,91,0
6720.68412968,6720.68442875,1853.03491055,1853.02461419,0.04445057,1209.79340049,0.01998530,0.01998530,29737,91,0
6720.91039955,6720.91046401,1860.82050200,1860.81828078,0.04492953,1209.93425230,0.01998530,0.01998530,29736,91,0
6721.13645410,6721.13651446,1868.61436714,1868.61228497,0.03292246,1210.07401505,0.01998530,0.01998530,29735,91,0
6721.36258645,6721.36258012,1876.41665755,1876.41687614,0.05739646,1210.21287027,0.01998530,0.01998530,29734,91,0
6721.58843848,6721.58866099,1884.22752628,1884.21983489,0.04888594,1210.35059868,0.01998530,0.01998530,29733,91,0
6721.81443823,6721.81475706,1892.04712730,1892.03609469,0.04149294,1210.48746144,0.01998530,0.01998530,29732,91,0
6722.04070779,6722.04086835,1899.87554276,1899.86998124,0.03755775,1210.62352777,0.01998530,0.01998530,29731,91,0
6722.26758423,6722.26699484,1907.71248285,1907.73291952,0.04890200,1210.75898625,0.01998530,0.01998530,29730,91,0
6722.49309475,6722.49313654,1915.55753706,1915.55608638,0.02825761,1210.89265353,0.01998530,0.01998530,29729,91,0
6722.71870473,6722.71929346,1923.41029222,1923.38984095,0.05409074,1211.02539627,0.01998530,0.01998530,29728,91,0
6722.94530222,6722.94546560,1931.27035670,1931.26467632,0.04621613,1211.15772023,0.01998530,0.01998530,29727,91,0
6723.17126259,6723.17165295,1939.13781988,1939.12423593,0.04722538,1211.28867298,0.01998530,0.01998530,29726,91,0
6723.39796370,6723.39785552,1947.01321813,1947.01698635,0.04927562,1211.41905827,0.01998530,0.01998530,29725,91,0
6723.62412088,6723.62407331,1954.89710789,1954.89876666,0.05116113,1211.54814186,0.01998530,0.01998530,29724,91,0
6723.84984421,6723.85030632,1962.79004833,1962.77391683,0.04641207,1211.67599862,0.01998530,0.01998530,29723,91,0
6724.07647881,6724.07655456,1970.69231899,1970.68967189,0.05108159,1211.80338821,0.01998530,0.01998530,29722,91,0
6724.30257503,6724.30281801,1978.60350050,1978.59500027,0.05117884,1211.92948294,0.01998530,0.01998530,29721,91,0
6724.52932523,6724.52909670,1986.52306433,1986.53106645,0.05881780,1212.05493511,0.01998530,0.01998530,29720,91,0
6724.75498772,6724.75539061,1994.45047851,1994.43635828,0.02641848,1212.17877237,0.01998530,0.01998530,29719,91,0
6724.98207686,6724.98169975,2002.38528243,2002.39851014,0.05534847,1212.30236195,0.01998530,0.01998530,29718,91,0
6725.20799449,6725.20802413,2010.32753741,2010.32649689,0.04866934,1212.42428613,0.01998530,0.01998530,29717,91,0
6725.43398687,6725.43436373,2018.27752983,2018.26428693,0.05265104,1212.54522633,0.01998530,0.01998530,29716,91,0
6725.66063914,6725.66071857,2026.23554874,2026.23275500,0.04834858,1212.66549196,0.01998530,0.01998530,29715,91,0
6725.88699108,6725.88708864,2034.20188562,2034.19845046,0.04593286,1212.78457218,0.01998530,0.01998530,29714,91,0
6726.11326376,6726.11347395,2042.17684781,2042.16943953,0.04487176,1212.90258705,0.01998530,0.01998530,29713,91,0
6726.33929719,6726.33987450,2050.16075898,2050.14038932,0.04256000,1213.01945652,0.01998530,0.01998530,29712,91,0
6726.56600526,6726.56629029,2058.15394557,2058.14387767,0.03826226,1213.13565127,0.01998530,0.01998530,29711,91,0
6726.79235903,6726.79272132,2066.15673551,2066.14392359,0.03622370,1213.25064267,0.01998530,0.01998530,29710,91,0
6727.01886120,6727.01916759,2074.16930147,2074.15845414,0.04629106,1213.36468603,0.01998530,0.01998530,29709,91,0
6727.24519480,6727.24562911,2082.19144858,2082.17605535,0.04691218,1213.47761519,0.01998530,0.01998530,29708,91,0
6727.47190240,6727.47210587,2090.22292792,2090.21570829,0.04582797,1213.58969206,0.01998530,0.01998530,29707,91,0
6727.69862867,6727.69859788,2098.26348891,2098.26458259,0.04754944,1213.70073104,0.01998530,0.01998530,29706,91,0
6727.92477666,6727.92510514,2106.31290594,2106.30122675,0.04788377,1213.81043687,0.01998530,0.01998530,29705,91,0
6728.15102389,6728.15162765,2114.37109798,2114.34960905,0.04464775,1213.91913687,0.01998530,0.01998530,29704,91,0
6728.37757516,6728.37816541,2122.43803315,2122.41700373,0.05131784,1214.02692264,0.01998530,0.01998530,29703,91,0
6728.60484710,6728.60471843,2130.51367936,2130.51826829,0.05624374,1214.13398117,0.01998530,0.01998530,29702,91,0
6728.83140415,6728.83128670,2138.59801608,2138.60220891,0.05096966,1214.23963237,0.01998530,0.01998530,29701,91,0
6729.05777065,6729.05787023,2146.69118003,2146.68762142,0.04768592,1214.34412537,0.01998530,0.01998530,29700,91,0
6729.28414573,6729.28446902,2154.79342086,2154.78185510,0.04129582,1214.44755294,0.01998530,0.01998530,29699,91,0
6729.51087918,6729.51108307,2162.90499229,2162.89769010,0.04332294,1214.55007176,0.01998530,0.01998530,29698,91,0
6729.73764213,6729.73771237,2171.02614593,2171.02362746,0.03797313,1214.65152967,0.01998530,0.01998530,29697,91,0
6729.96394369,6729.96435694,2179.15697453,2179.14214083,0.04352363,1214.75170728,0.01998530,0.01998530,29696,91,0
6730.19005049,6730.19101678,2187.29735355,2187.26263070,0.03997270,1214.85072182,0.01998530,0.01998530,29695,91,0
6730.41737789,6730.41769188,2195.44714202,2195.43584672,0.05552260,1214.94918010,0.01998530,0.01998530,29694,91,0
6730.64399875,6730.64438225,2203.60619794,2203.59238781,0.04771037,1215.04623818,0.01998530,0.01998530,29693,91,0
6730.87111386,6730.87108789,2211.77437237,2211.77530844,0.04070885,1215.14240628,0.01998530,0.01998530,29692,91,0
6731.09773388,6731.09780880,2219.95150026,2219.94879679,0.03921597,1215.23725983,0.01998530,0.01998530,29691,91,0
6731.32407700,6731.32454498,2228.13741307,2228.12050925,0.04356867,1215.33089018,0.01998530,0.01998530,29690,91,0
6731.55131624,6731.55129643,2236.33194109,2236.33265710,0.04808906,1215.42377249,0.01998530,0.01998530,29689,91,0
6731.77774568,6731.77806317,2244.53499279,2244.52350249,0.04898828,1215.51520426,0.01998530,0.01998530,29688,91,0
6732.00476038,6732.00484517,2252.74684377,2252.74377194,0.03792782,1215.60575000,0.01998530,0.01998530,29687,91,0
6732.23131242,6732.23164246,2260.96787784,2260.95590821,0.04109621,1215.69499132,0.01998530,0.01998530,29686,91,0
6732.45809712,6732.45845502,2269.19848141,2269.18548635,0.04369481,1215.78320412,0.01998530,0.01998530,29685,91,0
6732.68490852,6732.68528287,2277.43900936,2277.42540167,0.05282264,1215.87030612,0.01998530,0.01998530,29684,91,0
6732.91184571,6732.91212600,2285.68953635,2285.67933592,0.04949735,1215.95633084,0.01998530,0.01998530,29683,91,0
6733.13899828,6733.13898442,2293.94999804,2293.95050303,0.04507072,1216.04130486,0.01998530,0.01998530,29682,91,0
6733.36586821,6733.36585812,2302.22032861,2302.22069683,0.03766676,1216.12503755,0.01998530,0.01998530,29681,91,0
6733.59252533,6733.59274710,2310.50045637,2310.49235849,0.05235311,1216.20755356,0.01998530,0.01998530,29680,91,0
6733.82019240,6733.81965138,2318.79022854,2318.81000508,0.04012748,1216.28928639,0.01998530,0.01998530,29679,91,0
6734.04645886,6734.04657095,2327.08942919,2327.08532742,0.03374287,1216.36936750,0.01998530,0.01998530,29678,91,0
6734.27395259,6734.27350581,2335.39783924,2335.41420480,0.05530003,1216.44872225,0.01998530,0.01998530,29677,91,0
6734.50059335,6734.50045596,2343.71525029,2343.72028796,0.03998902,1216.52661635,0.01998530,0.01998530,29676,91,0
6734.72745851,6734.72742141,2352.04180650,2352.04316812,0.03914831,1216.60342248,0.01998530,0.01998530,29675,91,0
6734.95471589,6734.95440216,2360.37805205,2360.38958101,0.05146903,1216.67919378,0.01998530,0.01998530,29674,91,0
6735.18118902,6735.18139821,2368.72455626,2368.71685979,0.04099679,1216.75354194,0.01998530,0.01998530,29673,91,0
6735.40864993,6735.40840955,2377.08188650,2377.09074152,0.04223876,1216.82704775,0.01998530,0.01998530,29672,91,0
6735.63566461,6735.63543620,2385.45024370,2385.45866831,0.05009310,1216.89924073,0.01998530,0.01998530,29671,91,0
6735.86242085,6735.86247815,2393.82924891,2393.82713292,0.03308221,1216.97017815,0.01998530,0.01998530,29670,91,0
6736.08913907,6736.08953540,2402.21846950,2402.20381778,0.04085071,1217.03992320,0.01998530,0.01998530,29669,91,0
6736.31675283,6736.31660796,2410.61747086,2410.62283207,0.05424356,1217.10874848,0.01998530,0.01998530,29668,91,0
6736.54362047,6736.54369583,2419.02598949,2419.02319755,0.03795869,1217.17615017,0.01998530,0.01998530,29667,91,0
6736.77068100,6736.77079901,2427.44412434,2427.43974762,0.04689089,1217.24240836,0.01998530,0.01998530,29666,91,0
6736.99793158,6736.99791750,2435.87202072,2435.87254347,0.03795351,1217.30751622,0.01998530,0.01998530,29665,91,0
6737.22490842,6737.22505130,2444.30982508,2444.30451438,0.04932825,1217.37133848,0.01998530,0.01998530,29664,91,0
6737.45272841,6737.45220041,2452.75775233,2452.77740048,0.03778502,1217.43418198,0.01998531,0.01998530,29663,91,0
6737.67905969,6737.67936485,2461.21619834,2461.20482907,0.03999192,1217.49540718,0.01998530,0.01998530,29662,91,0
6737.90656561,6737.90654459,2469.68559131,2469.68637522,0.05298170,1217.55573556,0.01998530,0.01998530,29661,91,0
6738.13332788,6738.13373966,2478.16636243,2478.15098143,0.03030641,1217.61465325,0.01998530,0.01998530,29660,91,0
6738.36065334,6738.36095004,2486.65870743,2486.64761078,0.05471869,1217.67249767,0.01998530,0.01998530,29659,91,0
6738.58850617,6738.58817575,2495.16205604,2495.17442849,0.04046692,1217.72924209,0.01998531,0.01998530,29658,91,0
6738.81541103,6738.81541678,2503.67567977,2503.67546419,0.04984702,1217.78451310,0.01998531,0.01998530,29657,91,0
6739.04279917,6739.04267314,2512.19884468,2512.20357386,0.04968516,1217.83865408,0.01998531,0.01998530,29656,91,0
6739.26974860,6739.26994482,2520.73105234,2520.72368227,0.03675867,1217.89143804,0.01998530,0.01998531,29655,91,0
6739.49727277,6739.49723183,2529.27268679,2529.27422618,0.04744677,1217.94309797,0.01998531,0.01998531,29654,91,0
6739.72438308,6739.72453417,2537.82433848,2537.81865073,0.03600039,1217.99340748,0.01998530,0.01998531,29653,91,0
6739.95193454,6739.95185184,2546.38660225,2546.38971911,0.05185034,1218.04255479,0.01998531,0.01998531,29652,91,0
6740.17928007,6740.17918484,2554.95994162,2554.96353499,0.03883911,1218.09039613,0.01998531,0.01998531,29651,91,0
6740.40642318,6740.40653318,2563.54428594,2563.54012996,0.04729408,1218.13693045,0.01998531,0.01998531,29650,91,0
6740.63389919,6740.63389685,2572.13943082,2572.13951933,0.03460275,1218.18226048,0.01998531,0.01998531,29649,91,0
6740.86088066,6740.86127586,2580.74517030,2580.73020439,0.05070904,1218.22621697,0.01998530,0.01998531,29648,91,0
6741.08872185,6741.08867021,2589.36135970,2589.36331741,0.04954722,1218.26905377,0.01998531,0.01998531,29647,91,0
6741.31604388,6741.31607990,2597.98810619,2597.98673910,0.03153714,1218.31050472,0.01998531,0.01998531,29646,91,0
6741.54317345,6741.54350493,2606.62558120,2606.61298444,0.04983183,1218.35063162,0.01998530,0.01998531,29645,91,0
6741.77086451,6741.77094530,2615.27395745,2615.27088336,0.04972191,1218.38956061,0.01998530,0.01998531,29644,91,0
6741.99783987,6741.99840102,2623.93341248,2623.91203586,0.03413423,1218.42707063,0.01998530,0.01998531,29643,91,0
6742.22548415,6742.22587209,2632.60413886,2632.58934225,0.04845006,1218.46338686,0.01998530,0.01998531,29642,91,0
6742.45299013,6742.45335850,2641.28633391,2641.27226594,0.05208782,1218.49837177,0.01998530,0.01998531,29641,91,0
6742.68112664,6742.68086026,2649.98019636,2649.99038226,0.03442225,1218.53213502,0.01998531,0.01998531,29640,91,0
6742.90791715,6742.90837738,2658.68585580,2658.66823453,0.04437690,1218.56438563,0.01998530,0.01998531,29639,91,0
6743.13622438,6743.13590984,2667.40319867,2667.41525676,0.04639892,1218.59552357,0.01998531,0.01998531,29638,91,0
6743.36360965,6743.36345766,2676.13205783,2676.13789152,0.05086592,1218.62520531,0.01998531,0.01998531,29637,91,0
6743.59121177,6743.59102084,2684.87226484,2684.87960242,0.03935658,1218.65358007,0.01998531,0.01998531,29636,91,0
6743.81870910,6743.81859938,2693.62373548,2693.62795749,0.04364517,1218.68060150,0.01998531,0.01998531,29635,91,0
6744.04650817,6744.04619327,2702.38663581,2702.39876798,0.04423875,1218.70631161,0.01998531,0.01998531,29634,91,0
6744.27382969,6744.27380252,2711.16117893,2711.16222692,0.05179377,1218.73061954,0.01998531,0.01998531,29633,91,0
6744.50164441,6744.50142714,2719.94757896,2719.95597140,0.03407744,1218.75362430,0.01998531,0.01998531,29632,91,0
6744.72889717,6744.72906712,2728.74589482,2728.73932219,0.04985535,1218.77521483,0.01998531,0.01998531,29631,91,0
6744.95641892,6744.95672246,2737.55581552,2737.54406178,0.03816137,1218.79546671,0.01998531,0.01998531,29630,91,0
6745.18467307,6745.18439317,2746.37697415,2746.38782543,0.04806423,1218.81440621,0.01998531,0.01998531,29629,91,0
6745.41212355,6745.41207925,2755.20900396,2755.21072332,0.05194792,1218.83190083,0.01998531,0.01998531,29628,91,0
6745.63990581,6745.63978070,2764.05183286,2764.05669467,0.02883171,1218.84803721,0.01998531,0.01998531,29627,91,0
6745.86768823,6745.86749752,2772.90592728,2772.91334716,0.05544035,1218.86278478,0.01998531,0.01998531,29626,91,0
6746.09573831,6746.09522971,2781.77181414,2781.79162748,0.05133475,1218.87615411,0.01998531,0.01998531,29625,91,0
6746.32259263,6746.32297728,2790.65001789,2790.63501320,0.04645311,1218.88806331,0.01998531,0.01998531,29624,91,0
6746.55062805,6746.55074022,2799.54079617,2799.53641460,0.04134518,1218.89863204,0.01998531,0.01998531,29623,91,0
6746.77860806,6746.77851854,2808.44404827,2808.44754959,0.04549851,1218.90778682,0.01998531,0.01998531,29622,91,0
6747.00630951,6747.00631224,2817.35964766,2817.35954060,0.04142408,1218.91551605,0.01998531,0.01998531,29621,91,0
6747.23417542,6747.23412132,2826.28746944,2826.28959077,0.04553446,1218.92183016,0.01998531,0.01998531,29620,91,0
6747.46274036,6747.46194578,2835.22744254,2835.25864228,0.04493776,1218.92673029,0.01998531,0.01998531,29619,91,0
6747.69009868,6747.68978563,2844.17954649,2844.19185446,0.04416401,1218.93017487,0.01998531,0.01998531,29618,91,0
6747.91803339,6747.91764086,2853.14376252,2853.15921517,0.05073541,1218.93219134,0.01998531,0.01998531,29617,91,0
6748.14530244,6748.14551148,2862.12006364,2862.11182383,0.04521939,1218.93276410,0.01998531,0.01998531,29616,91,0
6748.37312157,6748.37339749,2871.10833487,2871.09744523,0.04845024,1218.93189186,0.01998531,0.01998531,29615,91,0
6748.60206436,6748.60129888,2880.10840593,2880.13865392,0.05383171,1218.92955104,0.01998531,0.01998531,29614,91,0
6748.82945259,6748.82921567,2889.12010430,2889.12947752,0.04756799,1218.92576788,0.01998531,0.01998531,29613,91,0
6749.05669467,6749.05714785,2898.14333074,2898.12537939,0.04839184,1218.92053011,0.01998531,0.01998531,29612,91,0
6749.28487503,6749.28509543,2907.17844503,2907.16970350,0.05157282,1218.91379956,0.01998531,0.01998531,29611,91,0
6749.51306205,6749.51305840,2916.22598452,2916.22612937,0.04769873,1218.90558863,0.01998531,0.01998531,29610,91,0
6749.74084941,6749.74103677,2925.28649129,2925.27903959,0.04175853,1218.89590945,0.01998531,0.01998531,29609,91,0
6749.96893098,6749.96903054,2934.36032977,2934.35636451,0.03744575,1218.88472712,0.01998531,0.01998531,29608,91,0
6750.19689739,6750.19703971,2943.44724799,2943.44157205,0.03652090,1218.87205420,0.01998531,0.01998531,29607,91,0
6750.42500514,6750.42506429,2952.54686021,2952.54449815,0.03541724,1218.85787076,0.01998531,0.01998531,29606,91,0
6750.65290717,6750.65310426,2961.65878020,2961.65089978,0.04314409,1218.84219390,0.01998531,0.01998531,29605,91,0
6750.88070846,6750.88115965,2970.78290248,2970.76483962,0.04444713,1218.82501397,0.01998531,0.01998531,29604,91,0
6751.10957959,6751.10923044,2979.91964300,2979.93363992,0.05421221,1218.80622652,0.01998531,0.01998531,29603,91,0
6751.33698916,6751.33731664,2989.06947729,2989.05633125,0.05603188,1218.78603636,0.01998531,0.01998531,29602,91,0
6751.56553057,6751.56541824,2998.23287099,2998.23738661,0.04527671,1218.76420933,0.01998531,0.01998531,29601,91,0
6751.79363268,6751.79353526,3007.40998461,3007.41390633,0.04304899,1218.74088176,0.01998531,0.01998531,29600,91,0
6752.02190488,6752.02166770,3016.60067557,3016.61023757,0.04074461,1218.71598808,0.01998531,0.01998531,29599,91,0
6752.24960148,6752.24981555,3025.80478707,3025.79614491,0.04724527,1218.68960787,0.01998531,0.01998531,29598,91,0
6752.47778857,6752.47797881,3035.02219147,3035.01450064,0.04803809,1218.66161263,0.01998531,0.01998531,29597,91,0
6752.70653416,6752.70615750,3044.25301561,3044.26826411,0.04001999,1218.63197663,0.01998531,0.01998531,29596,91,0
6752.93460920,6752.93435160,3053.49751483,3053.50795800,0.04707333,1218.60085310,0.01998531,0.01998531,29595,91,0
6753.16195549,6753.16256112,3062.75594752,3062.73135906,0.04451606,1218.56825714,0.01998531,0.01998531,29594,91,0
6753.39075792,6753.39078607,3072.02840101,3072.02725656,0.05076623,1218.53386106,0.01998531,0.01998531,29593,91,0
6753.61927287,6753.61902644,3081.31434449,3081.32437719,0.03974257,1218.49791028,0.01998531,0.01998531,29592,91,0
6753.84737078,6753.84728224,3090.61310418,3090.61671332,0.03352751,1218.46042898,0.01998531,0.01998531,29591,91,0
6754.07549665,6754.07555346,3099.92401058,3099.92169186,0.05654165,1218.42134501,0.01998531,0.01998531,29590,91,0
6754.30396240,6754.30384012,3109.24700101,3109.25199808,0.03862503,1218.38059564,0.01998531,0.01998531,29589,91,0
6754.53162647,6754.53214220,3118.58296173,3118.56185727,0.03578992,1218.33837965,0.01998531,0.01998531,29588,91,0
6754.76031616,6754.76045972,3127.93286835,3127.92698491,0.05300183,1218.29434505,0.01998531,0.01998531,29587,91,0
6754.98902249,6754.98879267,3137.29763697,3137.30706995,0.04346068,1218.24866380,0.01998531,0.01998531,29586,91,0
6755.21693060,6755.21714105,3146.67734938,3146.66869838,0.03885029,1218.20149960,0.01998531,0.01998531,29585,91,0
6755.44578380,6755.44550488,3156.07151882,3156.08300121,0.04387332,1218.15248553,0.01998531,0.01998531,29584,91,0
6755.67376862,6755.67388414,3165.47964338,3165.47488141,0.03590862,1218.10200501,0.01998531,0.01998531,29583,91,0
6755.90270566,6755.90227884,3174.90136012,3174.91897962,0.05324595,1218.04964942,0.01998531,0.01998531,29582,91,0
6756.13100949,6756.13068898,3184.33690291,3184.35015246,0.04088287,1217.99577000,0.01998531,0.01998531,29581,91,0
6756.35946625,6756.35911456,3193.78666442,3193.80122401,0.05199493,1217.94017757,0.01998531,0.01998531,29580,91,0
6756.58751936,6756.58755559,3203.25103609,3203.24953382,0.03529736,1217.88300116,0.01998531,0.01998531,29579,91,0
6756.81590392,6756.81601207,3212.73014650,3212.72565582,0.05791560,1217.82404945,0.01998531,0.01998531,29578,91,0
6757.04463421,6757.04448399,3222.22372107,3222.22996762,0.03886937,1217.76330593,0.01998531,0.01998531,29577,91,0
6757.27314121,6757.27297136,3231.73144877,3231.73852139,0.04898016,1217.70091546,0.01998531,0.01998531,29576,91,0
6757.50116142,6757.50147419,3241.25306150,3241.24001963,0.03926158,1217.63695299,0.01998531,0.01998531,29575,91,0
6757.73051467,6757.72999246,3250.78873490,3250.81054154,0.05583969,1217.57089058,0.01998531,0.01998531,29574,91,0
6757.95925550,6757.95852619,3260.33889766,3260.36939711,0.03719348,1217.50327059,0.01998531,0.01998531,29573,91,0
6758.18728752,6758.18707538,3269.90398500,3269.91287007,0.05387725,1217.43412636,0.01998531,0.01998531,29572,91,0
6758.41593227,6758.41564002,3279.48431772,3279.49657674,0.02522331,1217.36304864,0.01998531,0.01998531,29571,91,0
6758.64408940,6758.64422013,3289.07988078,3289.07438897,0.03750758,1217.29037081,0.01998531,0.01998531,29570,91,0
6758.87313526,6758.87281569,3298.69059863,3298.70404422,0.05379601,1217.21564300,0.01998531,0.01998531,29569,91,0
6759.10162378,6759.10142671,3308.31639573,3308.32469963,0.03359307,1217.13932639,0.01998531,0.01998531,29568,91,0
6759.32936218,6759.33005320,3317.95721213,3317.92805125,0.04745469,1217.06149374,0.01998531,0.01998531,29567,91,0
6759.55857172,6759.55869515,3327.61300250,3327.60778612,0.03466187,1216.98137057,0.01998531,0.01998531,29566,91,0
6759.78671334,6759.78735257,3337.28372150,3337.25666659,0.05096141,1216.89983281,0.01998531,0.01998531,29565,91,0
6760.01592947,6760.01602546,3346.96940192,3346.96533321,0.05089927,1216.81610709,0.01998531,0.01998531,29564,91,0
6760.24446072,6760.24471381,3356.67042705,3356.65968232,0.03678276,1216.73082074,0.01998531,0.01998531,29563,91,0
6760.47315137,6760.47341764,3366.38728115,3366.37595918,0.05615348,1216.64365300,0.01998531,0.01998531,29562,91,0
6760.70195349,6760.70213694,3376.12044206,3376.11262886,0.04158182,1216.55460672,0.01998531,0.01998531,29561,91,0
6760.93081264,6760.93087172,3385.87001345,3385.86749333,0.04181876,1216.46369200,0.01998531,0.01998531,29560,91,0
6761.15908289,6761.15962197,3395.63563303,3395.61260143,0.05121006,1216.37116724,0.01998531,0.01998531,29559,91,0
6761.38930516,6761.38838770,3405.41690607,3405.45616330,0.03289721,1216.27598185,0.01998531,0.01998531,29558,91,0
6761.61688360,6761.61716890,3415.21350727,3415.20128134,0.04117532,1216.18003991,0.01998531,0.01998531,29557,91,0
6761.84643160,6761.84596559,3425.02551047,3425.04551055,0.04675115,1216.08139637,0.01998531,0.01998531,29556,91,0
6762.07535652,6762.07477776,3434.85312733,3434.87800428,0.04690308,1215.98113909,0.01998531,0.01998531,29555,91,0
6762.30367595,6762.30360542,3444.69657206,3444.69960858,0.04757529,1215.87926551,0.01998531,0.01998531,29554,91,0
6762.53242357,6762.53244856,3454.55608337,3454.55500596,0.04824713,1215.77530623,0.01998531,0.01998531,29553,91,0
6762.76125443,6762.76130719,3464.43193210,3464.42965383,0.03306063,1215.66940074,0.01998531,0.01998531,29552,91,0
6762.99004844,6762.99018130,3474.32439367,3474.31864648,0.04772863,1215.56159285,0.01998531,0.01998531,29551,91,0
6763.21886406,6763.21907091,3484.23367861,3484.22471646,0.05338397,1215.45184455,0.01998531,0.01998531,29550,91,0
6763.44797914,6763.44797600,3494.15964159,3494.15977793,0.03898925,1215.34001171,0.01998531,0.01998531,29549,91,0
6763.67683606,6763.67689659,3504.10201754,3504.09938636,0.04933817,1215.22636066,0.01998531,0.01998531,29548,91,0
6763.90599284,6763.90583268,3514.06053837,3514.06751061,0.04238419,1215.11060863,0.01998531,0.01998531,29547,91,0
6764.13468344,6764.13478426,3524.03492981,3524.03053438,0.04428857,1214.99313983,0.01998531,0.01998531,29546,91,0
6764.36341429,6764.36375134,3534.02491077,3534.01019420,0.04021426,1214.87369502,0.01998531,0.01998531,29545,91,0
6764.59250984,6764.59273392,3544.03019693,3544.02039866,0.03783804,1214.75209520,0.01998531,0.01998531,29544,91,0
6764.82148264,6764.82173200,3554.05079663,3554.03987691,0.04001267,1214.62858820,0.01998531,0.01998531,29543,91,0
6765.05051654,6765.05074558,3564.08791102,3564.07786442,0.04037763,1214.50305283,0.01998531,0.01998531,29542,91,0
6765.27967091,6765.27977467,3574.14305410,3574.13849434,0.04370855,1214.37542642,0.01998531,0.01998531,29541,91,0
6765.50880695,6765.50881926,3584.21765600,3584.21711406,0.05397177,1214.24575718,0.01998531,0.01998531,29540,91,0
6765.73771524,6765.73787936,3594.31150286,3594.30426448,0.04943195,1214.11415974,0.01998531,0.01998531,29539,91,0
6765.95171133,nan,0.00000000,3603.76758190,0.47199432,1213.98904704,0.01998527,0.01998531,29538,91,1
6766.19661310,6766.19604609,3614.55051820,3614.57560170,0.04754805,1213.84419797,0.01998531,0.01998531,29537,91,0
6766.42497051,6766.42515272,3624.69335686,3624.68528375,0.05419805,1213.70681795,0.01998531,0.01998531,29536,91,0
6766.65438026,6766.65427487,3634.85321744,3634.85789474,0.04337198,1213.56673886,0.01998531,0.01998531,29535,91,0
6766.88284384,6766.88341253,3645.03217231,3645.00688493,0.04192360,1213.42514194,0.01998531,0.01998531,29534,91,0
6767.11250040,6767.11256571,3655.23200258,3655.22909297,0.04193980,1213.28066271,0.01998531,0.01998531,29533,91,0
6767.34191117,6767.34173440,3665.45206082,3665.45995111,0.05091099,1213.13419151,0.01998531,0.01998531,29532,91,0
6767.57088933,6767.57091862,3675.69054018,3675.68923079,0.05186433,1212.98587297,0.01998531,0.01998531,29531,91,0
6767.80014772,6767.80011836,3685.94564778,3685.94696246,0.04013896,1212.83526441,0.01998531,0.01998531,29530,91,0
6768.02938230,6768.02933362,3696.21697582,3696.21915888,0.04914089,1212.68255956,0.01998531,0.01998531,29529,91,0
6768.25826505,6768.25856441,3706.50585633,3706.49240818,0.05109612,1212.52795364,0.01998531,0.01998531,29528,91,0
6768.48741176,6768.48781072,3716.81374399,3716.79578837,0.03746391,1212.37100061,0.01998531,0.01998531,29527,91,0
6768.71730793,6768.71707256,3727.14160095,3727.15221368,0.04784178,1212.21132855,0.01998531,0.01998531,29526,91,0
6768.94630645,6768.94634993,3737.48876003,3737.48679634,0.04902730,1212.05008357,0.01998531,0.01998531,29525,91,0
6769.17561946,6769.17564283,3747.85421642,3747.85315910,0.03128935,1211.88642640,0.01998531,0.01998531,29524,91,0
6769.40553488,6769.40495126,3758.23706076,3758.26350766,0.04823909,1211.72014344,0.01998532,0.01998531,29523,91,0
6769.63398899,6769.63427523,3768.63731155,3768.62431978,0.05245329,1211.55273019,0.01998531,0.01998531,29522,91,0
6769.86342325,6769.86361473,3779.05547522,3779.04676954,0.04244907,1211.38238704,0.01998531,0.01998531,29521,91,0
6770.09234634,6770.09296977,3789.49206267,3789.46366954,0.04623713,1211.21019661,0.01998531,0.01998531,29520,91,0
6770.32245706,6770.32234035,3799.94743677,3799.95276145,0.03843488,1211.03485535,0.01998532,0.01998531,29519,91,0
6770.55115560,6770.55172647,3810.42178489,3810.39569470,0.05088960,1210.85833452,0.01998531,0.01998531,29518,91,0
6770.78172047,6770.78112813,3820.91528605,3820.94240562,0.04529954,1210.67808366,0.01998532,0.01998531,29517,91,0
6771.01088521,6771.01054533,3831.42806431,3831.44365260,0.03956779,1210.49663718,0.01998532,0.01998531,29516,91,0
6771.23955579,6771.23997808,3841.96010134,3841.94069916,0.03526389,1210.31329622,0.01998531,0.01998531,29515,91,0
6771.46923665,6771.46942638,3852.51135593,3852.50262346,0.04303492,1210.12683735,0.01998531,0.01998531,29514,91,0
6771.69880458,6771.69889023,3863.08191574,3863.07796650,0.03265134,1209.93814705,0.01998531,0.01998531,29513,91,0
6771.92801016,6771.92836962,3873.67259349,3873.65598845,0.05124112,1209.74741256,0.01998531,0.01998532,29512,91,0
6772.15748358,6772.15786457,3884.28446254,3884.26682812,0.05427888,1209.55408053,0.01998531,0.01998532,29511,91,0
6772.38698672,6772.38737507,3894.91849660,3894.90048485,0.03856847,1209.35831753,0.01998531,0.01998532,29510,91,0
6772.61713629,6772.61690113,3905.57426255,3905.58519027,0.05562431,1209.15958297,0.01998532,0.01998532,29509,91,0
6772.84613420,6772.84644274,3916.25034761,3916.23598500,0.03812374,1208.95945233,0.01998531,0.01998532,29508,91,0
6773.07623790,6773.07599991,3926.94534703,3926.95644417,0.05187453,1208.75596937,0.01998532,0.01998532,29507,91,0
6773.30531243,6773.30557263,3937.65937339,3937.64721889,0.03866868,1208.55100854,0.01998531,0.01998532,29506,91,0
6773.53492509,6773.53516092,3948.39444798,3948.38340984,0.05133350,1208.34312568,0.01998531,0.01998532,29505,91,0
6773.76522232,6773.76476477,3959.15272652,3959.17418881,0.05132095,1208.13211463,0.01998532,0.01998532,29504,91,0
6773.99426920,6773.99438419,3969.93492153,3969.92951655,0.03308576,1207.91973076,0.01998531,0.01998532,29503,91,0
6774.22465864,6774.22401917,3980.73856982,3980.76868124,0.04945396,1207.70360469,0.01998532,0.01998532,29502,91,0
6774.45340262,6774.45366972,3991.56076223,3991.54816576,0.04626250,1207.48659127,0.01998532,0.01998532,29501,91,0
6774.68389926,6774.68333584,4002.39970392,4002.42631525,0.04264728,1207.26549156,0.01998532,0.01998532,29500,91,0
6774.91251515,6774.91301753,4013.25786127,4013.23408857,0.05888488,1207.04373332,0.01998531,0.01998532,29499,91,0
6775.14329427,6775.14271479,4024.13872748,4024.16620862,0.05525758,1206.81730564,0.01998532,0.01998532,29498,91,0
6775.37160102,6775.37242762,4035.04520183,4035.00591136,0.03188683,1206.59068907,0.01998531,0.01998532,29497,91,0
6775.60223253,6775.60215603,4045.97629127,4045.97993468,0.04932871,1206.35913135,0.01998532,0.01998532,29496,91,0
6775.83140599,6775.83190002,4056.92949150,4056.90591726,0.05055510,1206.12645541,0.01998532,0.01998532,29495,91,0
6776.06159284,6776.06165959,4067.90248590,4067.89929543,0.05950761,1205.89019747,0.01998532,0.01998532,29494,91,0
6776.29147268,6776.29143473,4078.89513702,4078.89695420,0.05059263,1205.65169308,0.01998532,0.01998532,29493,91,0
nan,nan,0.00000000,-1.00000000,0.00000000,1205.40871744,nan,0.00000000,-2147483648,91,1
nan,nan,0.00000000,-1.00000000,0.00000000,1200.81669022,nan,0.00000000,-2147483648,90,1
6735.17985218,6735.18139821,11.04610197,11.00305305,0.07234668,1201.12671114,0.01998530,0.01998530,29673,90,0
6735.40989957,6735.40840955,17.36920892,17.41072459,0.05972732,1201.45690779,0.01998531,0.01998530,29672,90,0
6735.63583553,6735.63543620,23.69674134,23.70787472,0.07609153,1201.78068443,0.01998531,0.01998530,29671,90,0
6735.86404489,6735.86247815,30.02876202,30.07247150,0.03911573,1202.10719897,0.01998531,0.01998530,29670,90,0
6736.08970587,6736.08953540,36.36533348,36.37009219,0.06393366,1202.42955523,0.01998531,0.01998530,29669,90,0
6736.31565283,6736.31660796,42.70644924,42.67976817,0.05636768,1202.75180802,0.01998530,0.01998530,29668,90,0
6736.54267444,6736.54369583,49.05196029,49.02341088,0.05502512,1203.07506853,0.01998530,0.01998530,29667,90,0
6736.77112534,6736.77079901,55.40169953,55.41082615,0.06193681,1203.39982303,0.01998531,0.01998530,29666,90,0
6736.99763948,6736.99791750,61.75549916,61.74771925,0.04317797,1203.72127849,0.01998531,0.01998530,29665,90,0
6737.22493438,6737.22505130,68.11319068,68.10991704,0.03070579,1204.04328577,0.01998531,0.01998530,29664,90,0
6737.45189628,6737.45220041,74.47463731,74.46611755,0.07347586,1204.36425729,0.01998531,0.01998530,29663,90,0
6737.67943149,6737.67936485,80.83993310,80.84180107,0.04142905,1204.68547740,0.01998531,0.01998530,29662,90,0
6737.90641570,6737.90654459,87.20927317,87.20565850,0.03972438,1205.00536735,0.01998531,0.01998530,29661,90,0
6738.13385200,6738.13373966,93.58285386,93.58600626,0.04396748,1205.32534973,0.01998531,0.01998530,29660,90,0
6738.36007743,6738.36095004,99.96087230,99.93636932,0.04266608,1205.64309608,0.01998530,0.01998530,29659,90,0
6738.58856900,6738.58817575,106.34352359,106.35457344,0.03018861,1205.96349466,0.01998531,0.01998530,29658,90,0
6738.81544478,6738.81541678,112.73090086,112.73168794,0.05781828,1206.28110297,0.01998531,0.01998530,29657,90,0
6739.04191397,6739.04267314,119.12296808,119.10160775,0.03203505,1206.59761751,0.01998530,0.01998530,29656,90,0
6739.26913348,6739.26994482,125.51968086,125.49683756,0.06714333,1206.91465028,0.01998530,0.01998531,29655,90,0
6739.49842906,6739.49723183,131.92099458,131.95472419,0.04624905,1207.23403736,0.01998531,0.01998531,29654,90,0
6739.72426702,6739.72453417,138.32686445,138.31933322,0.06409701,1207.54807207,0.01998531,0.01998531,29653,90,0
6739.95253800,6739.95185184,144.73724050,144.75659629,0.04297675,1207.86494519,0.01998531,0.01998531,29652,90,0
6740.17756443,6740.17918484,151.15205456,151.10631624,0.04104008,1208.17677364,0.01998530,0.01998531,29651,90,0
6740.40599631,6740.40653318,157.57123412,157.55607113,0.04492871,1208.49276703,0.01998530,0.01998531,29650,90,0
6740.63549589,6740.63389685,163.99470633,164.03989586,0.04205390,1208.80967009,0.01998531,0.01998531,29649,90,0
6740.86125068,6740.86127586,170.42239803,170.42168606,0.05658156,1209.12084249,0.01998531,0.01998531,29648,90,0
6741.08838681,6741.08867021,176.85424898,176.84623066,0.03914141,1209.43335443,0.01998531,0.01998531,29647,90,0
6741.31634219,6741.31607990,183.29034847,183.29777402,0.06028413,1209.74642733,0.01998531,0.01998531,29646,90,0
6741.54330567,6741.54350493,189.73088094,189.72523615,0.04045864,1210.05758195,0.01998531,0.01998531,29645,90,0
6741.77287729,6741.77094530,196.17603308,196.23079966,0.07026496,1210.37175547,0.01998531,0.01998531,29644,90,0
6741.99919474,6741.99840102,202.62599236,202.64850758,0.04269839,1210.68093505,0.01998531,0.01998531,29643,90,0
6742.22552931,6742.22587209,209.08094467,209.07121429,0.03093360,1210.98960857,0.01998531,0.01998531,29642,90,0
6742.45319005,6742.45335850,215.54093535,215.53615022,0.05260548,1211.29955705,0.01998531,0.01998531,29641,90,0
6742.68124926,6742.68086026,222.00579198,222.01684975,0.04567500,1211.60950150,0.01998531,0.01998531,29640,90,0
6742.90890757,6742.90837738,228.47532275,228.49040372,0.05364796,1211.91834475,0.01998531,0.01998531,29639,90,0
6743.13630417,6743.13590984,234.94933505,234.96055830,0.02957020,1212.22626739,0.01998531,0.01998531,29638,90,0
6743.36344857,6743.36345766,241.42763543,241.42737640,0.05942538,1212.53327360,0.01998531,0.01998531,29637,90,0
6743.59087352,6743.59102084,247.91009000,247.90589226,0.02368994,1212.84007567,0.01998531,0.01998531,29636,90,0
6743.81784927,6743.81859938,254.39679440,254.37540747,0.05413584,1213.14569290,0.01998530,0.01998531,29635,90,0
6744.04668522,6744.04619327,260.88789937,260.90193457,0.03870017,1213.45323524,0.01998531,0.01998531,29634,90,0
6744.27404408,6744.27380252,267.38355634,267.39045236,0.04558524,1213.75822178,0.01998531,0.01998531,29633,90,0
6744.50269584,6744.50142714,273.88391737,273.92016039,0.02477223,1214.06437465,0.01998531,0.01998531,29632,90,0
6744.72919158,6744.72906712,280.38912506,280.39268317,0.03893564,1214.36708424,0.01998531,0.01998531,29631,90,0
6744.95743678,6744.95672246,286.89922471,286.91965851,0.02153454,1214.67157215,0.01998531,0.01998531,29630,90,0
6745.18461444,6745.18439317,293.41420670,293.42054066,0.05308220,1214.97407589,0.01998531,0.01998531,29629,90,0
6745.41129348,6745.41207925,299.93406077,299.91155251,0.03622195,1215.27535669,0.01998530,0.01998531,29628,90,0
6745.64053957,6745.63978070,306.45877658,306.48052929,0.05399216,1215.57947940,0.01998531,0.01998531,29627,90,0
6745.86722733,6745.86749752,312.98834417,312.98059420,0.04430454,1215.87964248,0.01998531,0.01998531,29626,90,0
6746.09506499,6746.09522971,319.52276669,319.51803869,0.05136454,1216.18075993,0.01998531,0.01998531,29625,90,0
6746.32329918,6746.32297728,326.06206272,326.07130865,0.03940049,1216.48182951,0.01998531,0.01998531,29624,90,0
6746.55154467,6746.55074022,332.60625178,332.62937366,0.06884853,1216.78234082,0.01998531,0.01998531,29623,90,0
6746.77860312,6746.77851854,339.15535350,339.15778619,0.03909535,1217.08071978,0.01998531,0.01998531,29622,90,0
6747.00539227,6747.00631224,345.70938746,345.68290925,0.05319642,1217.37817717,0.01998530,0.01998531,29621,90,0
6747.23404895,6747.23412132,352.26834645,352.26626200,0.05348251,1217.67750768,0.01998531,0.01998531,29620,90,0
6747.46181122,6747.46194578,358.83215986,358.82828181,0.03788630,1217.97508719,0.01998531,0.01998531,29619,90,0
6747.68927295,6747.68978563,365.40074758,365.38596233,0.05048253,1218.27169094,0.01998531,0.01998531,29618,90,0
6747.91793302,6747.91764086,371.97402917,371.98246023,0.03010278,1218.56926477,0.01998531,0.01998531,29617,90,0
6748.14497810,6748.14551148,378.55192382,378.53652213,0.04582539,1218.86414391,0.01998531,0.01998531,29616,90,0
6748.37386042,6748.37339749,385.13437534,385.14775120,0.02197011,1219.16080707,0.01998531,0.01998531,29615,90,0
6748.60169135,6748.60129888,391.72144646,391.73279376,0.05584281,1219.45550843,0.01998531,0.01998531,29614,90,0
6748.82956742,6748.82921567,398.31323565,398.32341213,0.05089747,1219.74967313,0.01998531,0.01998531,29613,90,0
6749.05639502,6749.05714785,404.90984184,404.88804658,0.03872379,1220.04189622,0.01998531,0.01998531,29612,90,0
6749.28467036,6749.28509543,411.51136436,411.49904965,0.04285269,1220.33539481,0.01998531,0.01998531,29611,90,0
6749.51359093,6749.51305840,418.11789571,418.13333410,0.03831329,1220.62913145,0.01998531,0.01998531,29610,90,0
6749.74054514,6749.74103677,424.72945925,424.71519657,0.05387547,1220.91975957,0.01998531,0.01998531,29609,90,0
6749.96883616,6749.96903054,431.34603990,431.34039677,0.05393089,1221.21150917,0.01998531,0.01998531,29608,90,0
6750.19632619,6750.19703971,437.96762209,437.94689357,0.03645982,1221.50164378,0.01998531,0.01998531,29607,90,0
6750.42529539,6750.42506429,444.59419017,444.60090836,0.05794473,1221.79306645,0.01998531,0.01998531,29606,90,0
6750.65424186,6750.65310426,451.22572890,451.25882224,0.05390728,1222.08385755,0.01998531,0.01998531,29605,90,0
6750.88077483,6750.88115965,457.86223299,457.85103089,0.04377594,1222.37098819,0.01998531,0.01998531,29604,90,0
6751.10950626,6751.10923044,464.50370656,464.51174137,0.05399054,1222.66030341,0.01998531,0.01998531,29603,90,0
6751.33780215,6751.33731664,471.15015409,471.16430687,0.06070058,1222.94846312,0.01998531,0.01998531,29602,90,0
6751.56562853,6751.56541824,477.80158006,477.80771411,0.01730130,1223.23542655,0.01998531,0.01998531,29601,90,0
6751.79384309,6751.79353526,484.45798819,484.46697366,0.04225111,1223.52227285,0.01998531,0.01998531,29600,90,0
6752.02189022,6752.02166770,491.11933783,491.12583752,0.02015283,1223.80829936,0.01998531,0.01998531,29599,90,0
6752.24973485,6752.24981555,497.78552162,497.78316305,0.06694899,1224.09345736,0.01998531,0.01998531,29598,90,0
6752.47776876,6752.47797881,504.45642627,504.45028284,0.03395334,1224.37823078,0.01998531,0.01998531,29597,90,0
6752.70620784,6752.70615750,511.13193794,511.13341110,0.02672586,1224.66288040,0.01998531,0.01998531,29596,90,0
6752.93423364,6752.93435160,517.81194277,517.80848856,0.05984341,1224.94638004,0.01998531,0.01998531,29595,90,0
6753.16329952,6753.16256112,524.49645074,524.51808608,0.05609162,1225.23053295,0.01998531,0.01998531,29594,90,0
6753.39077963,6753.39078607,531.18575957,531.18557067,0.06063379,1225.51209511,0.01998531,0.01998531,29593,90,0
6753.61954391,6753.61902644,537.88020888,537.89539218,0.02426737,1225.79463272,0.01998531,0.01998531,29592,90,0
6753.84746096,6753.84728224,544.58013984,544.58538776,0.03711075,1226.07552415,0.01998531,0.01998531,29591,90,0
6754.07599384,6754.07555346,551.28589515,551.29883726,0.04499833,1226.35658595,0.01998531,0.01998531,29590,90,0
6754.30450715,6754.30384012,557.99767510,558.01729428,0.02519247,1226.63704067,0.01998531,0.01998531,29589,90,0
6754.53125209,6754.53214220,564.71518303,564.68898299,0.06301632,1226.91473461,0.01998531,0.01998531,29588,90,0
6754.76037545,6754.76045972,571.43801335,571.43553116,0.05260745,1227.19472512,0.01998531,0.01998531,29587,90,0
6754.98918288,6754.98879267,578.16575859,578.17725968,0.06689809,1227.47369268,0.01998531,0.01998531,29586,90,0
6755.21721668,6755.21714105,584.89800941,584.90023958,0.04374515,1227.75106522,0.01998531,0.01998531,29585,90,0
6755.44552315,6755.44550488,591.63446367,591.63500299,0.05487680,1228.02810372,0.01998531,0.01998531,29584,90,0
6755.67470521,6755.67388414,598.37535636,598.39959897,0.04696471,1228.30554302,0.01998531,0.01998531,29583,90,0
6755.90307031,6755.90227884,605.12108938,605.14447408,0.05866513,1228.58134895,0.01998531,0.01998531,29582,90,0
6756.13030610,6756.13068898,611.87206656,611.86074589,0.03055686,1228.85516714,0.01998531,0.01998531,29581,90,0
6756.35857833,6756.35911456,618.62869355,618.61282574,0.04900080,1229.12962231,0.01998531,0.01998531,29580,90,0
6756.58704553,6756.58755559,625.39130522,625.37619948,0.05260428,1229.40370940,0.01998531,0.01998531,29579,90,0
6756.81603724,6756.81601207,632.15975224,632.16049838,0.06547005,1229.67781282,0.01998531,0.01998531,29578,90,0
6757.04429976,6757.04448399,638.93368550,638.92822125,0.02783814,1229.95041664,0.01998531,0.01998531,29577,90,0
6757.27243711,6757.27297136,645.71275367,645.69689745,0.05048445,1230.22222984,0.01998531,0.01998531,29576,90,0
6757.50077761,6757.50147419,652.49660375,652.47591722,0.04281268,1230.49362744,0.01998531,0.01998531,29575,90,0
6757.73042345,6757.72999246,659.28493519,659.29774191,0.04511596,1230.76589926,0.01998531,0.01998531,29574,90,0
6757.95830919,6757.95852619,666.07791203,666.07145975,0.03401397,1231.03541782,0.01998531,0.01998531,29573,90,0
6758.18684190,6758.18707538,672.87593685,672.86898960,0.06619893,1231.30504920,0.01998531,0.01998531,29572,90,0
6758.41445776,6758.41564002,679.67941600,679.64421095,0.04667869,1231.57296371,0.01998531,0.01998531,29571,90,0
6758.64372829,6758.64422013,686.48875774,686.47410004,0.03786226,1231.84219930,0.01998531,0.01998531,29570,90,0
6758.87348238,6758.87281569,693.30432751,693.32421348,0.05240840,1232.11138435,0.01998531,0.01998531,29569,90,0
6759.10138988,6759.10142671,700.12602226,700.12492289,0.05801878,1232.37778815,0.01998531,0.01998531,29568,90,0
6759.33068402,6759.33005320,706.95345717,706.97230229,0.03403424,1232.64517471,0.01998531,0.01998531,29567,90,0
6759.55817565,6759.55869515,713.78624180,713.77071158,0.06723290,1232.90980980,0.01998531,0.01998531,29566,90,0
6759.78719611,6759.78735257,720.62398384,720.61930376,0.04512806,1233.17555283,0.01998531,0.01998531,29565,90,0
6760.01570952,6760.01602546,727.46632354,727.45686735,0.03673664,1233.44002141,0.01998531,0.01998531,29564,90,0
6760.24523238,6760.24471381,734.31331436,734.32884542,0.05890484,1233.70496888,0.01998531,0.01998531,29563,90,0
6760.47355755,6760.47341764,741.16528514,741.16947826,0.06315388,1233.96785934,0.01998531,0.01998531,29562,90,0
6760.70279594,6760.70213694,748.02257120,748.04233621,0.02878965,1234.23113571,0.01998531,0.01998531,29561,90,0
6760.93035342,6760.93087172,754.88550944,754.86995251,0.06112504,1234.49183292,0.01998531,0.01998531,29560,90,0
6761.15874917,6761.15962197,761.75441685,761.72819774,0.04754562,1234.75285067,0.01998531,0.01998531,29559,90,0
6761.38833335,6761.38838770,768.62933434,768.62770038,0.04351888,1235.01458009,0.01998531,0.01998531,29558,90,0
6761.61690476,6761.61716890,775.51010973,775.50216232,0.04029020,1235.27450319,0.01998531,0.01998531,29557,90,0
6761.84574375,6761.84596559,782.39658620,782.38990660,0.03856938,1235.53407117,0.01998531,0.01998531,29556,90,0
6762.07544658,6762.07477776,789.28860615,789.30875877,0.05015140,1235.79394754,0.01998531,0.01998531,29555,90,0
6762.30390365,6762.30360542,796.18602176,796.19501445,0.05992182,1236.05173979,0.01998531,0.01998531,29554,90,0
6762.53289390,6762.53244856,803.08881975,803.10225790,0.06178799,1236.30945610,0.01998531,0.01998531,29553,90,0
6762.76057027,6762.76130719,809.99708051,809.97482810,0.02498907,1236.56502228,0.01998531,0.01998531,29552,90,0
6762.99028223,6762.99018130,816.91088666,816.91393661,0.06280245,1236.82219607,0.01998531,0.01998531,29551,90,0
6763.21876897,6763.21907091,823.83032124,823.82119022,0.04972477,1237.07732440,0.01998531,0.01998531,29550,90,0
6763.44706630,6763.44797600,830.75546309,830.72793113,0.04784199,1237.33157101,0.01998531,0.01998531,29549,90,0
6763.67633953,6763.67689659,837.68633751,837.66946539,0.05305782,1237.58622918,0.01998531,0.01998531,29548,90,0
6763.90539083,6763.90583268,844.62293459,844.60954194,0.03765766,1237.83996273,0.01998531,0.01998531,29547,90,0
6764.13478100,6764.13478426,851.56524377,851.56514491,0.04266136,1238.09338998,0.01998531,0.01998531,29546,90,0
6764.36320791,6764.36375134,858.51325441,858.49675789,0.04544713,1238.34507279,0.01998531,0.01998531,29545,90,0
6764.59260470,6764.59273392,865.46696761,865.46304207,0.04163469,1238.59713910,0.01998531,0.01998531,29544,90,0
6764.82067645,6764.82173200,872.42650483,872.39441293,0.03651789,1238.84707117,0.01998531,0.01998531,29543,90,0
6765.05102183,6765.05074558,879.39205845,879.40046396,0.04269313,1239.09881321,0.01998531,0.01998531,29542,90,0
6765.27968319,6765.27977467,886.36382269,886.36103687,0.04747811,1239.34804221,0.01998531,0.01998531,29541,90,0
6765.50899467,6765.50881926,893.34199270,893.34733909,0.04781339,1239.59731158,0.01998531,0.01998531,29540,90,0
6765.73781906,6765.73787936,900.32671976,900.32488006,0.04271513,1239.84538749,0.01998531,0.01998531,29539,90,0
6765.96692726,6765.96695497,907.31778449,907.31693829,0.03853433,1240.09309654,0.01998531,0.01998531,29538,90,0
6766.19635296,6766.19604609,914.31478304,914.32415894,0.04567681,1240.34045595,0.01998531,0.01998531,29537,90,0
6766.42614952,6766.42515272,921.31730821,921.34778526,0.04731647,1240.58750366,0.01998532,0.01998531,29536,90,0
6766.65474294,6766.65427487,928.32495077,928.33927107,0.04124808,1240.83253511,0.01998532,0.01998531,29535,90,0
6766.88368779,6766.88341253,935.33738502,935.34581169,0.04366901,1241.07720765,0.01998531,0.01998531,29534,90,0
6767.11318006,6767.11256571,942.35482885,942.37364884,0.03847355,1241.32173234,0.01998532,0.01998531,29533,90,0
6767.34160939,6767.34173440,949.37771526,949.37388260,0.04285824,1241.56440900,0.01998531,0.01998531,29532,90,0
6767.57144101,6767.57091862,956.40647989,956.42250744,0.04163931,1241.80786820,0.01998532,0.01998531,29531,90,0
6767.80117231,6767.80011836,963.44156056,963.47392493,0.03971367,1242.05052523,0.01998532,0.01998531,29530,90,0
6768.02883125,6768.02933362,970.48328676,970.46784677,0.04137430,1242.29031587,0.01998531,0.01998531,29529,90,0
6768.25824813,6768.25856441,977.53147383,977.52174542,0.03818270,1242.53126728,0.01998531,0.01998531,29528,90,0
6768.48732250,6768.48781072,984.58578580,984.57075666,0.03906110,1242.77115333,0.01998531,0.01998531,29527,90,0
6768.71667370,6768.71707256,991.64588500,991.63359787,0.04243390,1243.01060928,0.01998531,0.01998531,29526,90,0
6768.94580306,6768.94634993,998.71143205,998.69457383,0.04482221,1243.24910077,0.01998531,0.01998531,29525,90,0
6769.17519218,6769.17564283,1005.78220880,1005.76830737,0.04854362,1243.48711962,0.01998531,0.01998531,29524,90,0
6769.40455297,6769.40495126,1012.85839437,1012.84609922,0.05144725,1243.72436993,0.01998531,0.01998531,29523,90,0
6769.63343378,6769.63427523,1019.94024939,1019.91425449,0.05782476,1243.96039374,0.01998531,0.01998531,29522,90,0
6769.86330040,6769.86361473,1027.02803577,1027.01831750,0.06041563,1244.19670686,0.01998531,0.01998531,29521,90,0
6770.09287847,6770.09296977,1034.12201609,1034.11919096,0.05494027,1244.43200249,0.01998532,0.01998531,29520,90,0
6770.32290142,6770.32234035,1041.22233387,1041.23970945,0.04832707,1244.66703414,0.01998532,0.01998531,29519,90,0
6770.55193469,6770.55172647,1048.32887390,1048.33532728,0.04550085,1244.90033249,0.01998532,0.01998531,29518,90,0
6770.78128917,6770.78112813,1055.44148661,1055.44648177,0.03782858,1245.13322893,0.01998532,0.01998531,29517,90,0
6771.01033014,6771.01054533,1062.56002163,1062.55334178,0.03972280,1245.36507183,0.01998532,0.01998531,29516,90,0
6771.23920963,6771.23997808,1069.68432976,1069.66045915,0.04282981,1245.59601049,0.01998531,0.01998531,29515,90,0
6771.46936863,6771.46942638,1076.81434858,1076.81255330,0.05149802,1245.82748933,0.01998532,0.01998531,29514,90,0
6771.69890377,6771.69889023,1083.95013717,1083.95055841,0.05752355,1246.05759071,0.01998532,0.01998531,29513,90,0
6771.92807752,6771.92836962,1091.09176386,1091.08266975,0.05936938,1246.28658273,0.01998531,0.01998532,29512,90,0
6772.15786911,6772.15786457,1098.23929735,1098.23943881,0.05084286,1246.51544271,0.01998532,0.01998532,29511,90,0
6772.38837812,6772.38737507,1105.39281216,1105.42408816,0.03967230,1246.74426353,0.01998532,0.01998532,29510,90,0
6772.61658206,6772.61690113,1112.55248151,1112.54252476,0.03722985,1246.97005593,0.01998531,0.01998532,29509,90,0
6772.84590552,6772.84644274,1119.71856441,1119.70178604,0.03993136,1247.19622002,0.01998531,0.01998532,29508,90,0
6773.07608981,6773.07599991,1126.89132403,1126.89413432,0.05698307,1247.42249707,0.01998532,0.01998532,29507,90,0
6773.30590095,6773.30557263,1134.07102489,1134.08129738,0.05030947,1247.64767759,0.01998532,0.01998532,29506,90,0
6773.53545818,6773.53516092,1141.25788345,1141.26719297,0.04807447,1247.87188563,0.01998532,0.01998532,29505,90,0
6773.76465524,6773.76476477,1148.45169869,1148.44826526,0.03431819,1248.09501145,0.01998531,0.01998532,29504,90,0
6773.99427396,6773.99438419,1155.65205759,1155.64859976,0.03945193,1248.31780066,0.01998532,0.01998532,29503,90,0
6774.22361112,6774.22401917,1162.85854336,1162.84573304,0.05712430,1248.53955508,0.01998531,0.01998532,29502,90,0
6774.45326119,6774.45366972,1170.07073697,1170.05790255,0.05673588,1248.76083438,0.01998531,0.01998532,29501,90,0
6774.68349473,6774.68333584,1177.28835429,1177.29334949,0.04339736,1248.98188395,0.01998532,0.01998532,29500,90,0
6774.91305825,6774.91301753,1184.51169217,1184.51297326,0.03345762,1249.20150780,0.01998532,0.01998532,29499,90,0
6775.14189394,6775.14271479,1191.74120376,1191.71535759,0.04514750,1249.41966935,0.01998531,0.01998532,29498,90,0
6775.37197748,6775.37242762,1198.97734457,1198.96315837,0.06398374,1249.63826098,0.01998531,0.01998532,29497,90,0
6775.60228508,6775.60215603,1206.22057115,1206.22464188,0.04164746,1249.85631405,0.01998532,0.01998532,29496,90,0
6775.83184983,6775.83190002,1213.47111824,1213.46953340,0.02934173,1250.07292006,0.01998532,0.01998532,29495,90,0
6776.06131265,6776.06165959,1220.72875107,1220.71778728,0.03589236,1250.28867824,0.01998531,0.01998532,29494,90,0
6776.29092696,6776.29143473,1227.99317422,1227.97711402,0.06654354,1250.50381529,0.01998531,0.01998532,29493,90,0
6776.52123273,6776.52122546,1235.26409068,1235.26432079,0.04601140,1250.71882169,0.01998532,0.01998532,29492,90,0
6776.75099224,6776.75103177,1242.54121074,1242.53995862,0.03487318,1250.93253034,0.01998532,0.01998532,29491,90,0
6776.98152161,6776.98085366,1249.82446455,1249.84564091,0.05506503,1251.14615993,0.01998532,0.01998532,29490,90,0
6777.21177142,6777.21069114,1257.11401300,1257.14828932,0.04314298,1251.35873791,0.01998532,0.01998532,29489,90,0
6777.44076077,6777.44054421,1264.41002864,1264.41690547,0.03463078,1251.56936928,0.01998532,0.01998532,29488,90,0
6777.67024423,6777.67041287,1271.71268493,1271.70732529,0.03728161,1251.77967451,0.01998532,0.01998532,29487,90,0
6777.90052624,6777.90029712,1279.02213922,1279.02942754,0.05422177,1251.98992805,0.01998532,0.01998532,29486,90,0
6778.13054589,6778.13019696,1286.33840871,1286.34951775,0.03749263,1252.19915652,0.01998532,0.01998532,29485,90,0
6778.35963023,6778.36011240,1293.66144120,1293.64607722,0.03574333,1252.40674995,0.01998532,0.01998532,29484,90,0
6778.59029124,6778.59004343,1300.99118365,1300.99908691,0.05822113,1252.61497739,0.01998532,0.01998532,29483,90,0
6778.82015546,6778.81999006,1308.32758276,1308.33286197,0.04175694,1252.82168819,0.01998532,0.01998532,29482,90,0
6779.04971422,6779.04995228,1315.67058143,1315.66297662,0.03347325,1253.02732593,0.01998532,0.01998532,29481,90,0
6779.27979099,6779.27993011,1323.02011103,1323.01566307,0.05684936,1253.23262278,0.01998532,0.01998532,29480,90,0
6779.50981785,6779.50992354,1330.37610019,1330.37271821,0.03366167,1253.43706519,0.01998532,0.01998532,29479,90,0
6779.73984701,6779.73993258,1337.73847716,1337.73573719,0.04060453,1253.64069545,0.01998532,0.01998532,29478,90,0
6779.97034930,6779.96995722,1345.10717309,1345.11973799,0.05933663,1253.84392357,0.01998532,0.01998532,29477,90,0
6780.20009312,6780.19999747,1352.48225559,1352.48532336,0.03352034,1254.04566475,0.01998532,0.01998532,29476,90,0
6780.42971693,6780.43005332,1359.86397548,1359.85317705,0.05487465,1254.24648878,0.01998532,0.01998532,29475,90,0
6780.66031249,6780.66012479,1367.25259770,1367.25862831,0.04038248,1254.44735070,0.01998532,0.01998532,29474,90,0
6780.89021612,6780.89021187,1374.64838861,1374.64852536,0.03270210,1254.64680447,0.01998532,0.01998532,29473,90,0
6781.12067635,6781.12031456,1382.05158443,1382.06323014,0.05108160,1254.84593766,0.01998532,0.01998532,29472,90,0
6781.35008470,6781.35043286,1389.46212969,1389.45091274,0.03028826,1255.04335878,0.01998532,0.01998532,29471,90,0
6781.58020598,6781.58056678,1396.87980984,1396.86817524,0.05642817,1255.24057993,0.01998532,0.01998532,29470,90,0
6781.81058701,6781.81071633,1404.30440758,1404.30023413,0.03683686,1255.43719917,0.01998532,0.01998532,29469,90,0
6782.04139845,6782.04088149,1411.73570437,1411.75240219,0.05418103,1255.63335007,0.01998532,0.01998532,29468,90,0
6782.27169826,6782.27106227,1419.17353453,1419.19409387,0.04452635,1255.82822569,0.01998532,0.01998532,29467,90,0
6782.50059837,6782.50125867,1426.61789528,1426.59653303,0.03942562,1256.02108250,0.01998532,0.01998532,29466,90,0
6782.73095924,6782.73147070,1434.06881475,1434.05225440,0.05736391,1256.21432855,0.01998532,0.01998532,29465,90,0
6782.96141599,6782.96169835,1441.52632121,1441.51717120,0.03617952,1256.40680862,0.01998532,0.01998532,29464,90,0
6783.19232483,6783.19194163,1448.99045032,1449.00287813,0.04932799,1256.59881564,0.01998532,0.01998532,29463,90,0
6783.42241883,6783.42220055,1456.46142615,1456.46851185,0.03384268,1256.78930139,0.01998532,0.01998532,29462,90,0
6783.65237104,6783.65247509,1463.93967482,1463.93629440,0.05403690,1256.97883652,0.01998532,0.01998532,29461,90,0
6783.88294283,6783.88276526,1471.42563464,1471.43140966,0.04122004,1257.16805431,0.01998532,0.01998532,29460,90,0
6784.11315618,6784.11307107,1478.91974638,1478.92251736,0.05440673,1257.35615886,0.01998532,0.01998532,29459,90,0
6784.34334930,6784.34339251,1486.42232624,1486.42091780,0.02935060,1257.54343331,0.01998532,0.01998532,29458,90,0
6784.57388716,6784.57372959,1493.93295498,1493.93809517,0.05065985,1257.73015924,0.01998532,0.01998532,29457,90,0
6784.80455338,6784.80408231,1501.45094575,1501.46632651,0.03243889,1257.91613880,0.01998532,0.01998532,29456,90,0
6785.03424048,6785.03445067,1508.97560737,1508.96873921,0.05038949,1258.10046412,0.01998532,0.01998532,29455,90,0
6785.26473787,6785.26483467,1516.50625060,1516.50308519,0.02889675,1258.28455291,0.01998532,0.01998532,29454,90,0
6785.49508828,6785.49523432,1524.04264271,1524.03786389,0.05345811,1258.46762895,0.01998532,0.01998532,29453,90,0
6785.72545997,6785.72564961,1531.58533238,1531.57912192,0.02935526,1258.64983781,0.01998532,0.01998532,29452,90,0
6785.95607856,6785.95608055,1539.13494752,1539.13488251,0.05257400,1258.83136911,0.01998532,0.01998532,29451,90,0
6786.18640888,6786.18652713,1546.69211965,1546.68823975,0.05578608,1259.01181425,0.01998532,0.01998532,29450,90,0
6786.41665062,6786.41698937,1554.25741771,1554.24629213,0.04212063,1259.19134240,0.01998532,0.01998532,29449,90,0
6786.64739827,6786.64746725,1561.83081992,1561.82855196,0.05125615,1259.37041117,0.01998532,0.01998532,29448,90,0
6786.87789526,6786.87796079,1569.41199070,1569.40983419,0.03362712,1259.54842106,0.01998532,0.01998532,29447,90,0
6787.10860785,6787.10846999,1577.00058966,1577.00513035,0.05265349,1259.72572145,0.01998532,0.01998532,29446,90,0
6787.33887821,6787.33899484,1584.59627524,1584.59243079,0.03503345,1259.90179739,0.01998532,0.01998532,29445,90,0
6787.56953394,6787.56953535,1592.19887255,1592.19882600,0.05338940,1260.07727531,0.01998532,0.01998532,29444,90,0
6787.80039863,6787.80009151,1599.80857925,1599.81872039,0.04835274,1260.25201949,0.01998532,0.01998532,29443,90,0
6788.03028325,6788.03066334,1607.42564423,1607.41308188,0.03108139,1260.42513733,0.01998532,0.01998532,29442,90,0
6788.26137607,6788.26125083,1615.05031783,1615.05446086,0.05180266,1260.59827830,0.01998532,0.01998532,29441,90,0
6788.49196711,6788.49185399,1622.68283042,1622.68657626,0.03615424,1260.77015944,0.01998532,0.01998532,29440,90,0
6788.72257402,6788.72247281,1630.32318034,1630.32653508,0.05590166,1260.94116635,0.01998532,0.01998532,29439,90,0
6788.95304890,6788.95310730,1637.97122235,1637.96928497,0.05262403,1261.11118379,0.01998532,0.01998532,29438,90,0
6789.18352924,6789.18375746,1645.62680825,1645.61922991,0.03067538,1261.28030775,0.01998532,0.01998532,29437,90,0
6789.41465583,6789.41442329,1653.28978932,1653.29751828,0.05659453,1261.44899844,0.01998532,0.01998532,29436,90,0
6789.64533939,6789.64510479,1660.96011632,1660.96792072,0.04899690,1261.61645575,0.01998532,0.01998532,29435,90,0
6789.87623426,6789.87580196,1668.63797242,1668.65236665,0.05593740,1261.78315721,0.01998532,0.01998532,29434,90,0
6790.10647939,6790.10651481,1676.32357472,1676.32239430,0.03401204,1261.94848551,0.01998532,0.01998532,29433,90,0
6790.33736227,6790.33724334,1684.01714162,1684.02110928,0.04533555,1262.11336689,0.01998532,0.01998532,29432,90,0
6790.56807791,6790.56798754,1691.71886645,1691.72188409,0.05024280,1262.27722475,0.01998532,0.01998532,29431,90,0
6790.79909892,6790.79874743,1699.42867922,1699.44042842,0.02917508,1262.44038929,0.01998532,0.01998532,29430,90,0
6791.02978711,6791.02952299,1707.14635692,1707.15519381,0.05045684,1262.60240212,0.01998532,0.01998532,29429,90,0
6791.26005634,6791.26031424,1714.87167329,1714.86303650,0.04517146,1262.76319953,0.01998532,0.01998532,29428,90,0
6791.49134559,6791.49112118,1722.60440189,1722.61192353,0.02965862,1262.92377511,0.01998532,0.01998532,29427,90,0
6791.72175123,6791.72194380,1730.34445795,1730.33799766,0.04831320,1263.08280184,0.01998532,0.01998532,29426,90,0
6791.95260272,6791.95278211,1738.09203411,1738.08601051,0.04265091,1263.24120109,0.01998532,0.01998532,29425,90,0
6792.18336766,6792.18363611,1745.84735607,1745.83833337,0.04003600,1263.39860702,0.01998532,0.01998532,29424,90,0
6792.41447563,6792.41450580,1753.61065093,1753.60963579,0.02410139,1263.55531269,0.01998532,0.01998532,29423,90,0
6792.64514845,6792.64539119,1761.38212150,1761.37394715,0.05298097,1263.71079193,0.01998532,0.01998532,29422,90,0
6792.87626374,6792.87629227,1769.16178956,1769.16082791,0.04569698,1263.86563350,0.01998532,0.01998532,29421,90,0
6793.10694263,6793.10720904,1776.94959794,1776.94060864,0.04526828,1264.01924422,0.01998532,0.01998532,29420,90,0
6793.33854437,6793.33814151,1784.74548873,1784.75909524,0.04559180,1264.17252194,0.01998532,0.01998532,29419,90,0
6793.56895123,6793.56908968,1792.54940381,1792.54472303,0.02861335,1264.32406249,0.01998532,0.01998532,29418,90,0
6793.79991079,6793.80005356,1800.36128930,1800.35645812,0.05640315,1264.47501509,0.01998532,0.01998532,29417,90,0
6794.03140148,6794.03103313,1808.18109717,1808.19357362,0.04540927,1264.62535489,0.01998532,0.01998532,29416,90,0
6794.26208319,6794.26202841,1816.00877950,1816.01063651,0.04731138,1264.77420928,0.01998532,0.01998532,29415,90,0
6794.49294795,6794.49303940,1823.84428801,1823.84118489,0.04704748,1264.92221837,0.01998532,0.01998532,29414,90,0
6794.72377998,6794.72406609,1831.68760556,1831.67788754,0.05078417,1265.06923948,0.01998532,0.01998532,29413,90,0
6794.95481087,6794.95510849,1839.53884256,1839.52872393,0.02761500,1265.21541810,0.01998532,0.01998532,29412,90,0
6795.18549142,6795.18616660,1847.39814247,1847.37516555,0.05414426,1265.36040722,0.01998532,0.01998532,29411,90,0
6795.41642972,6795.41724043,1855.26564962,1855.23803352,0.04853486,1265.50458911,0.01998532,0.01998532,29410,90,0
6795.64838257,6795.64832996,1863.14150964,1863.14330353,0.03959144,1265.64842766,0.01998532,0.01998532,29409,90,0
6795.87893140,6795.87943522,1871.02587483,1871.00867779,0.04182927,1265.79042496,0.01998532,0.01998532,29408,90,0
6796.11020601,6796.11055619,1878.91890269,1878.90693744,0.04679859,1265.93189653,0.01998532,0.01998532,29407,90,0
6796.34160511,6796.34169288,1886.82075181,1886.81774970,0.04848269,1266.07246856,0.01998532,0.01998532,29406,90,0
6796.57231921,6796.57284529,1894.73158003,1894.71356632,0.04629496,1266.21165213,0.01998532,0.01998532,29405,90,0
6796.80441892,6796.80401342,1902.65135921,1902.66525888,0.05141164,1266.35068785,0.01998532,0.01998532,29404,90,0
6797.03541951,6797.03519727,1910.57970593,1910.58733120,0.04788029,1266.48807527,0.01998532,0.01998532,29403,90,0
6797.26615546,6797.26639685,1918.51619457,1918.50790441,0.02910410,1266.62430882,0.01998532,0.01998532,29402,90,0
6797.49672208,6797.49761215,1926.46039680,1926.42980204,0.05489961,1266.75943715,0.01998532,0.01998532,29401,90,0
6797.72815227,6797.72884319,1934.41201170,1934.38824188,0.05388233,1266.89405297,0.01998532,0.01998532,29400,90,0
6797.95955783,6797.96008995,1942.37139961,1942.35307571,0.05124565,1267.02763718,0.01998532,0.01998532,29399,90,0
6798.19111274,6798.19135245,1950.33913375,1950.33087075,0.04881079,1267.16029586,0.01998532,0.01998532,29398,90,0
6798.42236085,6798.42263067,1958.31579114,1958.30647983,0.04652195,1267.29177487,0.01998532,0.01998532,29397,90,0
6798.65403693,6798.65392464,1966.30191156,1966.30579108,0.04728971,1267.42249642,0.01998532,0.01998532,29396,90,0
6798.88507883,6798.88523433,1974.29742970,1974.29205178,0.05273142,1267.55185771,0.01998532,0.01998532,29395,90,0
6799.11623764,6799.11655977,1982.30181270,1982.29066085,0.04996255,1267.68027035,0.01998532,0.01998532,29394,90,0
6799.34741210,6799.34790095,1990.31451228,1990.29757303,0.04744951,1267.80766502,0.01998532,0.01998532,29393,90,0
6799.57962917,6799.57925786,1998.33498053,1998.34785808,0.04987811,1267.93458862,0.01998532,0.01998532,29392,90,0
6799.81038137,6799.81063052,2006.36296454,2006.35431598,0.04712211,1268.05966649,0.01998532,0.01998532,29391,90,0
6800.04157289,6800.04201893,2014.39871247,2014.38321535,0.04772505,1268.18393858,0.01998532,0.01998532,29390,90,0
6800.27302971,6800.27342307,2022.44252232,2022.42884224,0.05142062,1268.30730805,0.01998532,0.01998532,29389,90,0
6800.50523909,6800.50484297,2030.49469400,2030.50848355,0.05462346,1268.43002905,0.01998532,0.01998532,29388,90,0
6800.73625125,6800.73627862,2038.55553485,2038.55458122,0.02429710,1268.55107542,0.01998532,0.01998532,29387,90,0
6800.96766780,6800.96773001,2046.62537459,2046.62320438,0.05669009,1268.67129312,0.01998532,0.01998532,29386,90,0
6801.19948467,6801.19919716,2054.70454983,2054.71459086,0.04700501,1268.79067595,0.01998532,0.01998532,29385,90,0
6801.43044003,6801.43068006,2062.79339937,2062.78500683,0.04543340,1268.90857832,0.01998532,0.01998532,29384,90,0
6801.66234459,6801.66217872,2070.89221946,2070.89802556,0.03718899,1269.02592435,0.01998532,0.01998532,29383,90,0
6801.89398285,6801.89369314,2079.00093802,2079.01109074,0.04183810,1269.14208929,0.01998532,0.01998532,29382,90,0
6802.12519423,6802.12522331,2087.11929957,2087.11827922,0.03661247,1269.25698968,0.01998532,0.01998532,29381,90,0
6802.35655758,6802.35676924,2095.24704563,2095.23961198,0.04594822,1269.37090753,0.01998532,0.01998532,29380,90,0
6802.58826964,6802.58833094,2103.38392152,2103.38176629,0.04731328,1269.48392895,0.01998532,0.01998532,29379,90,0
6802.81928567,6802.81990840,2111.52978489,2111.50786893,0.05374479,1269.59554114,0.01998532,0.01998532,29378,90,0
6803.05213781,6803.05150162,2119.68459884,2119.70701173,0.04223252,1269.70695533,0.01998533,0.01998532,29377,90,0
6803.28305977,6803.28311061,2127.84833026,2127.84653723,0.03981757,1269.81636604,0.01998532,0.01998532,29376,90,0
6803.51454309,6803.51473537,2136.02094721,2136.01415913,0.03177081,1269.92495932,0.01998532,0.01998532,29375,90,0
6803.74614015,6803.74637590,2144.20252109,2144.19418996,0.04523022,1270.03251779,0.01998532,0.01998532,29374,90,0
6803.97820013,6803.97803220,2152.39329592,2152.39923667,0.04997859,1270.13919905,0.01998532,0.01998532,29373,90,0
6804.20972451,6804.20970428,2160.59353354,2160.59424996,0.04610639,1270.24454417,0.01998532,0.01998532,29372,90,0
6804.44141001,6804.44139212,2168.80349743,2168.80413166,0.03914249,1270.34887228,0.01998532,0.01998532,29371,90,0
6804.67313386,6804.67309575,2177.02335981,2177.02471264,0.03293597,1270.45212483,0.01998532,0.01998532,29370,90,0
6804.90459079,6804.90481515,2185.25302438,2185.24505156,0.03840823,1270.55416217,0.01998532,0.01998532,29369,90,0
6805.13600662,6805.13655033,2193.49234560,2193.47300346,0.05528963,1270.65508025,0.01998532,0.01998533,29368,90,0
6805.36822654,6805.36830130,2201.74117690,2201.73851471,0.04489231,1270.75523646,0.01998532,0.01998533,29367,90,0
6805.60027426,6805.60006805,2209.99936739,2210.00671883,0.03602088,1270.85419945,0.01998533,0.01998533,29366,90,0
6805.83161888,6805.83185058,2218.26674918,2218.25848058,0.04022689,1270.95174333,0.01998532,0.01998533,29365,90,0
6806.06327965,6806.06364889,2226.54314819,2226.52995762,0.05335094,1271.04829489,0.01998532,0.01998533,29364,90,0
6806.29566005,6806.29546300,2234.82838913,2234.83543558,0.03812008,1271.14400900,0.01998533,0.01998533,29363,90,0
6806.52721967,6806.52729289,2243.12233910,2243.11971835,0.03749770,1271.23824682,0.01998533,0.01998533,29362,90,0
6806.75891214,6806.75913858,2251.42521919,2251.41710592,0.05399966,1271.33140040,0.01998533,0.01998533,29361,90,0
6806.99125852,6806.99100005,2259.73742471,2259.74669578,0.04207767,1271.42367415,0.01998533,0.01998533,29360,90,0
6807.22272516,6807.22287732,2268.05935488,2268.05389068,0.03238395,1271.51446112,0.01998533,0.01998533,29359,90,0
6807.45454685,6807.45477039,2276.39139181,2276.38335520,0.04428688,1271.60424958,0.01998533,0.01998533,29358,90,0
6807.68610581,6807.68667925,2284.73365743,2284.71301763,0.05128745,1271.69279666,0.01998532,0.01998533,29357,90,0
6807.91854834,6807.91860392,2293.08608816,2293.08408541,0.03505699,1271.78053116,0.01998533,0.01998533,29356,90,0
6808.15039927,6808.15054438,2301.44861597,2301.44338105,0.05263876,1271.86688921,0.01998533,0.01998533,29355,90,0
6808.38266154,6808.38250065,2309.82116886,2309.82697949,0.03735644,1271.95224074,0.01998533,0.01998533,29354,90,0
6808.61421537,6808.61447272,2318.20359901,2318.19429463,0.03880407,1272.03617086,0.01998533,0.01998533,29353,90,0
6808.84616980,6808.84646059,2326.59568453,2326.58515983,0.04943112,1272.11907759,0.01998533,0.01998533,29352,90,0
6809.07815488,6809.07846427,2334.99719895,2334.98598930,0.03368267,1272.20081922,0.01998533,0.01998533,29351,90,0
6809.31058147,6809.31048376,2343.40792365,2343.41146719,0.04969264,1272.28153092,0.01998533,0.01998533,29350,90,0
6809.54240164,6809.54251906,2351.82798253,2351.82371916,0.03842288,1272.36084738,0.01998533,0.01998533,29349,90,0
6809.77429522,6809.77457018,2360.25793283,2360.24793859,0.05256997,1272.43900654,0.01998533,0.01998533,29348,90,0
6810.00645720,6810.00663710,2368.69836324,2368.69181622,0.04236717,1272.51607267,0.01998533,0.01998533,29347,90,0
6810.23826512,6810.23871984,2377.14986019,2377.13329066,0.03998383,1272.59184063,0.01998532,0.01998533,29346,90,0
6810.47044651,6810.47081840,2385.61262819,2385.59906013,0.04955485,1272.66654518,0.01998533,0.01998533,29345,90,0
6810.70293414,6810.70293278,2394.08627424,2394.08632405,0.03287065,1272.74015130,0.01998533,0.01998533,29344,90,0
6810.93482454,6810.93506297,2402.57035087,2402.56163166,0.05255410,1272.81236680,0.01998533,0.01998533,29343,90,0
6811.16722705,6811.16720899,2411.06440941,2411.06507048,0.03531497,1272.88352969,0.01998533,0.01998533,29342,90,0
6811.39926786,6811.39937083,2419.56819801,2419.56442420,0.04911824,1272.95336497,0.01998533,0.01998533,29341,90,0
6811.63141566,6811.63154850,2428.08182755,2428.07695399,0.03730294,1273.02201250,0.01998533,0.01998533,29340,90,0
6811.86308563,6811.86374199,2436.60544836,2436.58134083,0.04605271,1273.08929931,0.01998532,0.01998533,29339,90,0
6812.09571752,6812.09595131,2445.13921245,2445.13061586,0.03664684,1273.15563668,0.01998533,0.01998533,29338,90,0
6812.32775260,6812.32817646,2453.68335994,2453.66775602,0.05351863,1273.22057476,0.01998533,0.01998533,29337,90,0
6812.56068441,6812.56041744,2462.23830953,2462.24815009,0.05407573,1273.28452781,0.01998533,0.01998533,29336,90,0
6812.79254070,6812.79267425,2470.80450440,2470.79957567,0.03799635,1273.34695438,0.01998533,0.01998533,29335,90,0
6813.02502769,6813.02494690,2479.38238898,2479.38537459,0.05239780,1273.40831571,0.01998533,0.01998533,29334,90,0
6813.25687325,6813.25723538,2487.97206111,2487.95866175,0.03342985,1273.46827183,0.01998533,0.01998533,29333,90,0
6813.48937613,6813.48953970,2496.57286854,2496.56680883,0.04870693,1273.52714897,0.01998533,0.01998533,29332,90,0
6813.72151347,6813.72185986,2505.18405695,2505.17121063,0.03893560,1273.58467601,0.01998533,0.01998533,29331,90,0
6813.95405864,6813.95419586,2513.80486861,2513.79977452,0.04999819,1273.64103495,0.01998533,0.01998533,29330,90,0
6814.18636296,6814.18654771,2522.43494143,2522.42807578,0.04620711,1273.69606082,0.01998533,0.01998533,29329,90,0
6814.41885750,6814.41891540,2531.07477186,2531.07261778,0.03161027,1273.74985530,0.01998533,0.01998533,29328,90,0
6814.65051464,6814.65129893,2539.72497144,2539.69575993,0.04929375,1273.80218544,0.01998533,0.01998533,29327,90,0
6814.88336147,6814.88369831,2548.38615449,2548.37359306,0.04659016,1273.85350541,0.01998533,0.01998533,29326,90,0
6815.11549208,6815.11611354,2557.05868595,2557.03548204,0.03868242,1273.90338861,0.01998533,0.01998533,29325,90,0
6815.34795925,6815.34854462,2565.74241772,2565.72053456,0.05030048,1273.95205867,0.01998533,0.01998533,29324,90,0
6815.58070857,6815.58099156,2574.43713799,2574.42654660,0.04507000,1273.99949311,0.01998533,0.01998533,29323,90,0
6815.81322690,6815.81345435,2583.14263465,2583.13411201,0.03367500,1274.04558105,0.01998533,0.01998533,29322,90,0
6816.04539653,6816.04593299,2591.85882364,2591.83869869,0.05212175,1274.09029895,0.01998533,0.01998533,29321,90,0
6816.27821533,6816.27842749,2600.58585648,2600.57788821,0.04613089,1274.13383262,0.01998533,0.01998533,29320,90,0
6816.51082912,6816.51093785,2609.32391083,2609.31982221,0.04691742,1274.17601474,0.01998533,0.01998533,29319,90,0
6816.74363206,6816.74346407,2618.07316581,2618.07949086,0.05194378,1274.21691295,0.01998533,0.01998533,29318,90,0
6816.97630328,6816.97600615,2626.83380973,2626.84501058,0.03292204,1274.25646636,0.01998533,0.01998533,29317,90,0
6817.20835989,6817.20856409,2635.60604457,2635.59833708,0.05014089,1274.29459517,0.01998533,0.01998533,29316,90,0
6817.44156030,6817.44113790,2644.39007486,2644.40603854,0.04402598,1274.33157954,0.01998533,0.01998533,29315,90,0
6817.67354047,6817.67372758,2653.18610219,2653.17902172,0.04978239,1274.36704087,0.01998533,0.01998533,29314,90,0
6817.90640015,6817.90633312,2661.99416894,2661.99670864,0.02637496,1274.40129796,0.01998533,0.01998533,29313,90,0
6818.13853691,6818.13895454,2670.81411584,2670.79827137,0.04801574,1274.43410787,0.01998533,0.01998533,29312,90,0
6818.37150332,6818.37159183,2679.64576945,2679.64240727,0.04365629,1274.46568331,0.01998533,0.01998533,29311,90,0
6818.60431527,6818.60424499,2688.48896381,2688.49163707,0.04399174,1274.49587931,0.01998533,0.01998533,29310,90,0
6818.83652487,6818.83691402,2697.34372402,2697.32890466,0.05151782,1274.52463943,0.01998533,0.01998533,29309,90,0
6819.06992114,6819.06959893,2706.21026188,2706.22254748,0.04969211,1274.55217567,0.01998533,0.01998533,29308,90,0
6819.30226723,6819.30229972,2715.08879845,2715.08755806,0.04999960,1274.57821836,0.01998533,0.01998533,29307,90,0
6819.53511994,6819.53501639,2723.97953127,2723.98348965,0.05282140,1274.60294205,0.01998533,0.01998533,29306,90,0
6819.76786551,6819.76774894,2732.88232540,2732.88678741,0.03175708,1274.62627230,0.01998533,0.01998533,29305,90,0
6820.00016497,6820.00049738,2741.79680800,2741.78406853,0.04552694,1274.64817386,0.01998533,0.01998533,29304,90,0
6820.23296527,6820.23326170,2750.72259815,2750.71122424,0.05172045,1274.66872951,0.01998533,0.01998533,29303,90,0
6820.46630744,6820.46604190,2759.65938246,2759.66958261,0.03917918,1274.68792786,0.01998533,0.01998533,29302,90,0
6820.69925342,6820.69883800,2768.60741987,2768.62339746,0.04694058,1274.70568606,0.01998533,0.01998533,29301,90,0
6820.93146061,6820.93164998,2777.56725134,2777.55995853,0.03749684,1274.72198425,0.01998533,0.01998533,29300,90,0
6821.16408090,6821.16447785,2786.53942397,2786.52411664,0.04333407,1274.73690191,0.01998533,0.01998533,29299,90,0
6821.39712251,6821.39732162,2795.52439758,2795.51670893,0.04486751,1274.75042711,0.01998533,0.01998533,29298,90,0
6821.62964685,6821.63018128,2804.52218201,2804.50151730,0.04426377,1274.76250058,0.01998533,0.01998533,29297,90,0
6821.86299353,6821.86305684,2813.53264693,2813.53019580,0.03848196,1274.77318317,0.01998533,0.01998533,29296,90,0
6822.09564481,6822.09594830,2822.55566088,2822.54389493,0.04148836,1274.78239844,0.01998533,0.01998533,29295,90,0
6822.32885209,6822.32885565,2831.59111708,2831.59097876,0.04432327,1274.79019153,0.01998533,0.01998533,29294,90,0
6822.56165622,6822.56177891,2840.63898298,2840.63421400,0.04330631,1274.79652338,0.01998533,0.01998533,29293,90,0
6822.79446893,6822.79471807,2849.69923925,2849.68954277,0.04089806,1274.80140330,0.01998533,0.01998533,29292,90,0
6823.02793635,6823.02767313,2858.77186556,2858.78212348,0.04364099,1274.80483304,0.01998533,0.01998533,29291,90,0
6823.26088199,6823.26064410,2867.85678643,2867.86606920,0.04983682,1274.80678851,0.01998533,0.01998533,29290,90,0
6823.49336258,6823.49363097,2876.95383409,2876.94334828,0.05392175,1274.80727398,0.01998533,0.01998533,29289,90,0
6823.72607041,6823.72663376,2886.06283065,2886.04079377,0.05871244,1274.80628776,0.01998533,0.01998533,29288,90,0
6823.96009366,6823.95965245,2895.18361432,2895.20089470,0.04544226,1274.80380524,0.01998533,0.01998533,29287,90,0
6824.19268411,6824.19268706,2904.31638467,2904.31626881,0.04102619,1274.79985130,0.01998533,0.01998533,29286,90,0
6824.42578085,6824.42573758,2913.46168322,2913.46338231,0.04462093,1274.79439609,0.01998533,0.01998533,29285,90,0
6824.65872468,6824.65880402,2922.62006913,2922.61694936,0.03961196,1274.78744553,0.01998533,0.01998533,29284,90,0
6824.89194013,6824.89188638,2931.79203478,2931.79415167,0.04712429,1274.77897936,0.01998533,0.01998533,29283,90,0
6825.12475034,6825.12498465,2940.97748132,2940.96824175,0.05408761,1274.76901739,0.01998533,0.01998533,29282,90,0
6825.35824309,6825.35809884,2950.17601290,2950.18170864,0.04314271,1274.75750474,0.01998533,0.01998533,29281,90,0
6825.59078417,6825.59122896,2959.38722804,2959.36964287,0.04322562,1274.74451928,0.01998533,0.01998533,29280,90,0
6825.82432650,6825.82437500,2968.61088038,2968.60896027,0.03891073,1274.72994610,0.01998533,0.01998533,29279,90,0
6826.05732848,6826.05753697,2977.84731761,2977.83905294,0.05056616,1274.71387059,0.01998533,0.01998533,29278,90,0
6826.29087534,6826.29071486,2987.09703049,2987.10340098,0.04773908,1274.69621101,0.01998533,0.01998533,29277,90,0
6826.52391745,6826.52390868,2996.36051098,2996.36085973,0.03141452,1274.67703918,0.01998533,0.01998533,29276,90,0
6826.75705953,6826.75711843,3005.63802548,3005.63568043,0.04291302,1274.65630247,0.01998533,0.01998533,29275,90,0
6826.99017540,6826.99034411,3014.92945139,3014.92272510,0.05105157,1274.63400521,0.01998533,0.01998533,29274,90,0
6827.22361250,6827.22358573,3024.23462683,3024.23569553,0.04132681,1274.61010521,0.01998533,0.01998533,29273,90,0
6827.45652946,6827.45684328,3033.55340355,3033.54085747,0.03796452,1274.58468471,0.01998533,0.01998533,29272,90,0
6827.69032948,6827.69011677,3042.88586187,3042.89437774,0.04751352,1274.55758035,0.01998533,0.01998533,29271,90,0
6827.92308978,6827.92340620,3052.23226175,3052.21957567,0.03475950,1274.52900954,0.01998533,0.01998533,29270,90,0
6828.15709054,6828.15671157,3061.59287005,3061.60808621,0.03177542,1274.49868295,0.01998533,0.01998533,29269,90,0
6828.39004509,6828.39003288,3070.96783382,3070.96832485,0.05588107,1274.46688784,0.01998533,0.01998533,29268,90,0
6828.62325984,6828.62337013,3080.35666694,3080.35222638,0.03668958,1274.43344914,0.01998533,0.01998533,29267,90,0
6828.85674581,6828.85672333,3089.75867343,3089.75957984,0.04019835,1274.39835598,0.01998533,0.01998533,29266,90,0
6829.08997305,6829.09009247,3099.17315540,3099.16833501,0.05127621,1274.36168457,0.01998533,0.01998533,29265,90,0
6829.32334980,6829.32347756,3108.59994780,3108.59478410,0.04036818,1274.32336679,0.01998533,0.01998533,29264,90,0
6829.55636832,6829.55687860,3118.03993089,3118.01927791,0.04931329,1274.28347875,0.01998533,0.01998533,29263,90,0
6829.79021080,6829.79029560,3127.49411293,3127.49067579,0.03427293,1274.24180252,0.01998533,0.01998533,29262,90,0
6830.02319602,6830.02372855,3136.96345368,3136.94183467,0.05043832,1274.19862702,0.01998533,0.01998533,29261,90,0
6830.25702336,6830.25717745,3146.44808540,3146.44182048,0.03804827,1274.15362971,0.01998533,0.01998533,29260,90,0
6830.49047856,6830.49064230,3155.94750934,3155.94084194,0.05513985,1274.10703451,0.01998533,0.01998533,29259,90,0
6830.72353703,6830.72412312,3165.46120653,3165.43730846,0.03963066,1274.05885031,0.01998533,0.01998533,29258,90,0
6830.95800988,6830.95761990,3174.98880088,3175.00472472,0.05168760,1274.00868700,0.01998533,0.01998533,29257,90,0
6831.19084754,6831.19113263,3184.53053336,3184.51887564,0.03854563,1273.95719156,0.01998533,0.01998533,29256,90,0
6831.42418000,6831.42466133,3194.08681003,3194.06709853,0.05721736,1273.90389633,0.01998533,0.01998533,29255,90,0
6831.65873702,6831.65820600,3203.65803388,3203.67981274,0.04862104,1273.84860664,0.01998533,0.01998533,29254,90,0
6831.89208416,6831.89176663,3213.24431725,3213.25735974,0.03538052,1273.79188842,0.01998533,0.01998533,29253,90,0
6832.12499186,6832.12534323,3222.84537024,3222.83091711,0.04937147,1273.73356722,0.01998533,0.01998533,29252,90,0
6832.35918933,6832.35893580,3232.46087102,3232.47131481,0.03481022,1273.67319568,0.01998533,0.01998533,29251,90,0
6832.59216280,6832.59254434,3242.09055954,3242.07482114,0.05022065,1273.61141597,0.01998533,0.01998533,29250,90,0
6832.82600781,6832.82616885,3251.73465901,3251.72800647,0.04282027,1273.54766808,0.01998533,0.01998533,29249,90,0
6833.05989198,6833.05980933,3261.39361486,3261.39703399,0.03578734,1273.48215887,0.01998533,0.01998533,29248,90,0
6833.29311163,6833.29346580,3271.06787653,3271.05320159,0.04662577,1273.41508223,0.01998533,0.01998533,29247,90,0
6833.52717710,6833.52713824,3280.75773535,3280.75934811,0.04835704,1273.34599230,0.01998533,0.01998533,29246,90,0
6833.76038686,6833.76082666,3290.46315399,3290.44487483,0.03485506,1273.27538426,0.01998533,0.01998533,29245,90,0
6833.99447530,6833.99453106,3300.18405416,3300.18173332,0.04588319,1273.20272586,0.01998533,0.01998533,29244,90,0
6834.22801450,6834.22825144,3309.92035859,3309.91048056,0.04671382,1273.12844972,0.01998533,0.01998533,29243,90,0
6834.46248188,6834.46198781,3319.67200913,3319.69263771,0.04999661,1273.05207460,0.01998533,0.01998533,29242,90,0
6834.69565362,6834.69574016,3329.43895917,3329.43534059,0.03164519,1272.97432215,0.01998533,0.01998533,29241,90,0
6834.92953121,6834.92950850,3339.22116209,3339.22211295,0.04465798,1272.89452481,0.01998533,0.01998533,29240,90,0
6835.16274415,6835.16329283,3349.01871171,3348.99569972,0.04444804,1272.81314163,0.01998533,0.01998533,29239,90,0
6835.39683579,6835.39709315,3358.83205233,3358.82124163,0.04557636,1272.72962030,0.01998533,0.01998533,29238,90,0
6835.63091849,6835.63090946,3368.66168567,3368.66206555,0.04728465,1272.64425525,0.01998533,0.01998533,29237,90,0
6835.86406461,6835.86474177,3378.50807478,3378.47953697,0.02663519,1272.55738395,0.01998533,0.01998533,29236,90,0
6836.09874411,6836.09859007,3388.37116582,3388.37766795,0.05148168,1272.46807126,0.01998533,0.01998533,29235,90,0
6836.33308285,6836.33245437,3398.25055969,3398.27713000,0.04653664,1272.37701170,0.01998534,0.01998533,29234,90,0
6836.56641033,6836.56633467,3408.14584765,3408.14905099,0.03400966,1272.28447796,0.01998533,0.01998533,29233,90,0
6836.80043896,6836.80023097,3418.05678490,3418.06560470,0.04019922,1272.18978926,0.01998533,0.01998533,29232,90,0
6837.03460324,6837.03414327,3427.98352961,3428.00306456,0.04166533,1272.09315514,0.01998534,0.01998533,29231,90,0
6837.26829195,6837.26807158,3437.92630129,3437.93567531,0.03911201,1271.99482206,0.01998533,0.01998533,29230,90,0
6837.50281480,6837.50201589,3447.88532483,3447.91936166,0.04186187,1271.89422437,0.01998534,0.01998533,29229,90,0
6837.73575040,6837.73597621,3457.86086097,3457.85122517,0.05029184,1271.79239934,0.01998533,0.01998533,29228,90,0
6837.96958222,6837.96995254,3467.85319245,3467.83736448,0.04582152,1271.68825879,0.01998533,0.01998533,29227,90,0
6838.20433873,6838.20394487,3477.86260328,3477.87946498,0.04241941,1271.58175617,0.01998534,0.01998533,29226,90,0
6838.43840441,6838.43795322,3487.88919907,3487.90854702,0.04903588,1271.47361189,0.01998534,0.01998533,29225,90,0
6838.67166549,6838.67197759,3497.93274486,3497.91933980,0.04537500,1271.36389135,0.01998533,0.01998533,29224,90,0
6838.90554471,6838.90601797,3507.99296535,3507.97260645,0.03863544,1271.25192238,0.01998533,0.01998534,29223,90,0
6839.14026981,6839.14007436,3518.06958153,3518.07800256,0.03835562,1271.13757245,0.01998534,0.01998534,29222,90,0
6839.37391158,6839.37414678,3528.16230633,3528.15215764,0.04315158,1271.02177964,0.01998533,0.01998534,29221,90,0
6839.60809947,6839.60823521,3538.27084759,3538.26498169,0.04707275,1270.90373865,0.01998533,0.01998534,29220,90,0
6839.84210827,6839.84233967,3548.39493418,3548.38491981,0.05150577,1270.78380580,0.01998533,0.01998534,29219,90,0
6840.07637519,6840.07646015,3558.53509336,3558.53141082,0.05089970,1270.66174193,0.01998533,0.01998534,29218,90,0
6840.31028096,6840.31059665,3568.69282479,3568.67911665,0.04892093,1270.53784466,0.01998533,0.01998534,29217,90,0
6840.54405184,6840.54474919,3578.86970103,3578.83936350,0.04886748,1270.41197226,0.01998533,0.01998534,29216,90,0
6840.77873386,6840.77891775,3589.06669367,3589.05867859,0.04603832,1270.28352928,0.01998533,0.01998534,29215,90,0
6841.01257190,6841.01310234,3599.28260275,3599.25944388,0.05158675,1270.15348059,0.01998533,0.01998534,29214,90,0
6841.25297241,6841.24730296,0.00000000,3609.78116657,0.30324357,1270.01741551,0.01998535,0.01998534,29213,90,1
6841.48126265,6841.48151962,3619.76457120,3619.75331849,0.04328541,1269.88665376,0.01998533,0.01998534,29212,90,0
6841.71585280,6841.71575231,3630.02980960,3630.03421719,0.04413512,1269.75000616,0.01998533,0.01998534,29211,90,0
6841.94996899,6841.95000104,3640.31355930,3640.31215113,0.05390237,1269.61153368,0.01998533,0.01998534,29210,90,0
6842.18462999,6842.18426581,3650.61795127,3650.63398667,0.04807724,1269.47059402,0.01998534,0.01998534,29209,90,0
6842.41855218,6842.41854661,3660.94365656,3660.94390215,0.04116572,1269.32794096,0.01998533,0.01998534,29208,90,0
6842.65319055,6842.65284346,3671.28901287,3671.30435156,0.05486483,1269.18270006,0.01998534,0.01998534,29207,90,0
6842.88773776,6842.88715636,3681.65213371,3681.67786756,0.03967399,1269.03537945,0.01998534,0.01998534,29206,90,0
6843.12160053,6843.12148529,3692.03167819,3692.03678670,0.03676880,1268.88637269,0.01998534,0.01998534,29205,90,0
6843.35647993,6843.35583028,3702.42856394,3702.45741067,0.05283096,1268.73456957,0.01998534,0.01998534,29204,90,0
6843.58984788,6843.59019131,3712.84428886,3712.82901192,0.03728526,1268.58157993,0.01998534,0.01998534,29203,90,0
6843.82423098,6843.82456839,3723.28022624,3723.26518826,0.04581575,1268.42572410,0.01998534,0.01998534,29202,90,0
6844.05945225,6844.05896152,3733.73626369,3733.75817412,0.04236361,1268.26708488,0.01998534,0.01998534,29201,90,0
6844.29346204,6844.29337071,3744.21137886,3744.21546343,0.05103438,1268.10705527,0.01998534,0.01998534,29200,90,0
6844.52784598,6844.52779595,3754.70454259,3754.70678386,0.04689228,1267.94456899,0.01998534,0.01998534,29199,90,0
6844.76176846,6844.76223725,3765.21537489,3765.19434025,0.03111092,1267.78020330,0.01998534,0.01998534,29198,90,0
6844.99695372,6844.99669461,3775.74434567,3775.75599178,0.05183291,1267.61271873,0.01998534,0.01998534,29197,90,0
6845.23131051,6845.23116802,3786.29198638,3786.29840167,0.05514237,1267.44358043,0.01998534,0.01998534,29196,90,0
6845.46593479,6845.46565750,3796.85874754,3796.87125394,0.03803382,1267.27198849,0.01998534,0.01998534,29195,90,0
6845.70038637,6845.70016304,3807.44485062,3807.45494094,0.04572350,1267.09824989,0.01998534,0.01998534,29194,90,0
6845.93476894,6845.93468465,3818.05048023,3818.05429582,0.02824537,1266.92227822,0.01998534,0.01998534,29193,90,0
6846.16900221,6846.16922232,3828.67579637,3828.66581584,0.05160793,1266.74412415,0.01998534,0.01998534,29192,90,0
6846.40266422,6846.40377606,3839.32080994,3839.27030532,0.03528414,1266.56410882,0.01998533,0.01998534,29191,90,0
6846.63796029,6846.63834587,3849.98547853,3849.96793283,0.05089260,1266.38050797,0.01998534,0.01998534,29190,90,0
6846.87324832,6846.87293175,3860.66981220,3860.68424368,0.04776229,1266.19456829,0.01998534,0.01998534,29189,90,0
6847.10746019,6847.10753370,3871.37446974,3871.37111239,0.05081594,1266.00712816,0.01998534,0.01998534,29188,90,0
6847.34208540,6847.34215173,3882.10055063,3882.09751494,0.05702017,1265.81697527,0.01998534,0.01998534,29187,90,0
6847.57619284,6847.57678584,3892.84913658,3892.82194330,0.04012438,1265.62483516,0.01998533,0.01998534,29186,90,0
6847.81161009,6847.81143602,3903.62016547,3903.62816334,0.04681073,1265.42918479,0.01998534,0.01998534,29185,90,0
6848.04609088,6848.04610228,3914.41223419,3914.41170932,0.05032910,1265.23189908,0.01998534,0.01998534,29184,90,0
6848.28084573,6848.28078463,3925.22385834,3925.22667561,0.04929530,1265.03198622,0.01998534,0.01998534,29183,90,0
6848.51539395,6848.51548305,3936.05471745,3936.05060193,0.05110816,1264.82985022,0.01998534,0.01998534,29182,90,0
6848.75041304,6848.75019756,3946.90676336,3946.91673597,0.03572983,1264.62485591,0.01998534,0.01998534,29181,90,0
6848.98452617,6848.98492816,3957.78222894,3957.76358329,0.04088770,1264.41815721,0.01998534,0.01998534,29180,90,0
6849.21971779,6849.21967485,3968.68226677,3968.68426260,0.05191384,1264.20796436,0.01998534,0.01998534,29179,90,0
6849.45469320,6849.45443762,3979.60457715,3979.61647834,0.05130941,1263.99545221,0.01998534,0.01998534,29178,90,0
6849.68958566,6849.68921649,3990.54615597,3990.56337362,0.04219456,1263.78055248,0.01998534,0.01998534,29177,90,0
6849.92376571,6849.92401145,4001.50485595,4001.49337729,0.03668201,1263.56388593,0.01998534,0.01998534,29176,90,0
6850.15890301,6850.15882250,4012.48290497,4012.48667266,0.04329184,1263.34385006,0.01998534,0.01998534,29175,90,0
6850.39416018,6850.39364965,4023.48391113,4023.50785499,0.04598641,1263.12112752,0.01998534,0.01998534,29174,90,0
6850.62824273,6850.62849290,4034.51099348,4034.49923327,0.03838965,1262.89688508,0.01998534,0.01998534,29173,90,0
6850.86417581,6850.86335225,4045.56335713,4045.60215385,0.04645873,1262.66821568,0.01998534,0.01998534,29172,90,0
6851.09854190,6851.09822769,4056.63841939,4056.65324881,0.03894803,1262.43846695,0.01998534,0.01998534,29171,90,0
6851.33312350,6851.33311924,4067.73376439,4067.73396539,0.04983978,1262.20595249,0.01998534,0.01998534,29170,90,0
6851.56817594,6851.56802690,4078.84918760,4078.85624610,0.04616000,1261.97040133,0.01998534,0.01998534,29169,90,0
nan,nan,0.00000000,-1.00000000,0.00000000,1261.73222091,nan,0.00000000,-2147483648,90,1
nan,nan,0.00000000,-1.00000000,0.00000000,1257.16323322,nan,0.00000000,-2147483648,89,1
nan,nan,0.00000000,-1.00000000,0.00000000,1257.47382807,nan,0.00000000,-2147483648,89,1
6810.93532685,6810.93506297,13.04010762,13.04737678,0.05123942,1257.78622051,0.01998533,0.01998533,29343,89,0
6811.16759476,6811.16720899,19.43712569,19.44775950,0.06100082,1258.11613220,0.01998533,0.01998533,29342,89,0
6811.39810485,6811.39937083,25.83869101,25.80377200,0.03864391,1258.44302795,0.01998532,0.01998533,29341,89,0
6811.63186023,6811.63154850,32.24486861,32.25347267,0.06352282,1258.77399973,0.01998533,0.01998533,29340,89,0
6811.86391463,6811.86374199,38.65571591,38.66048421,0.05484998,1259.10204038,0.01998533,0.01998533,29339,89,0
6812.09612499,6812.09595131,45.07116460,45.07596469,0.01748583,1259.42977516,0.01998533,0.01998533,29338,89,0
6812.32730540,6812.32817646,51.49104505,51.46695732,0.04563682,1259.75552321,0.01998533,0.01998533,29337,89,0
6812.56156328,6812.56041744,57.91518406,57.94688893,0.05156311,1260.08505471,0.01998533,0.01998533,29336,89,0
6812.79311111,6812.79267425,64.34340772,64.35550226,0.03983603,1260.41021684,0.01998533,0.01998533,29335,89,0
6813.02474929,6813.02494690,70.77554210,70.77006863,0.06249000,1260.73494157,0.01998533,0.01998533,29334,89,0
6813.25759197,6813.25723538,77.21152579,77.22140843,0.03196365,1261.06078169,0.01998533,0.01998533,29333,89,0
6813.48736717,6813.48953970,83.65153165,83.59128702,0.04946499,1261.38177322,0.01998532,0.01998533,29332,89,0
6813.72135793,6813.72185986,90.09576237,90.08183525,0.03669893,1261.70809513,0.01998533,0.01998533,29331,89,0
6813.95415730,6813.95419586,96.54442146,96.54335075,0.06578395,1262.03220500,0.01998533,0.01998533,29330,89,0
6814.18667058,6814.18654771,102.99771331,103.00112705,0.05110746,1262.35537725,0.01998533,0.01998533,29329,89,0
6814.41880919,6814.41891540,109.45581364,109.45286077,0.07542139,1262.67749832,0.01998533,0.01998533,29328,89,0
6814.65038952,6814.65129893,115.91873397,115.89343350,0.03733504,1262.99831565,0.01998533,0.01998533,29327,89,0
6814.88503520,6814.88369831,122.38642847,122.42364660,0.04390901,1263.32283662,0.01998533,0.01998533,29326,89,0
6815.11468521,6815.11611354,128.85885110,128.81906109,0.04210305,1263.63991554,0.01998532,0.01998533,29325,89,0
6815.34862400,6815.34854462,135.33595558,135.33816817,0.06125970,1263.96237011,0.01998533,0.01998533,29324,89,0
6815.58064698,6815.58099156,141.81769457,141.80808296,0.02591667,1264.28163592,0.01998533,0.01998533,29323,89,0
6815.81250612,6815.81345435,148.30400595,148.27753961,0.04259948,1264.60012650,0.01998533,0.01998533,29322,89,0
6816.04584202,6816.04593299,154.79481515,154.79227444,0.06945096,1264.92008561,0.01998533,0.01998533,29321,89,0
6816.27902729,6816.27842749,161.29004695,161.30680869,0.05974550,1265.23927173,0.01998533,0.01998533,29320,89,0
6816.51161233,6816.51093785,167.78962577,167.80848583,0.02075120,1265.55706703,0.01998533,0.01998533,29319,89,0
6816.74460103,6816.74346407,174.29347663,174.32528736,0.07294830,1265.87483881,0.01998533,0.01998533,29318,89,0
6816.97602151,6816.97600615,180.80161281,180.80204298,0.03415634,1266.18990123,0.01998533,0.01998533,29317,89,0
6817.20816304,6817.20856409,187.31420922,187.30297462,0.05354995,1266.50538114,0.01998533,0.01998533,29316,89,0
6817.44102121,6817.44113790,193.83145877,193.82818773,0.03983829,1266.82127516,0.01998533,0.01998533,29315,89,0
6817.67498956,6817.67372758,200.35355513,200.38895502,0.05856196,1267.13811847,0.01998533,0.01998533,29314,89,0
6817.90663465,6817.90633312,206.88069283,206.88915697,0.04028683,1267.45127352,0.01998533,0.01998533,29313,89,0
6818.13849337,6818.13895454,213.41300270,213.40004795,0.04170331,1267.76418183,0.01998533,0.01998533,29312,89,0
6818.37044512,6818.37159183,219.95035380,219.91811926,0.03289250,1268.07667165,0.01998533,0.01998533,29311,89,0
6818.60483246,6818.60424499,226.49254795,226.50907295,0.04235768,1268.39187873,0.01998533,0.01998533,29310,89,0
6818.83682684,6818.83691402,233.03938609,233.03693212,0.02914670,1268.70329836,0.01998533,0.01998533,29309,89,0
6819.06956396,6819.06959893,239.59066830,239.58968327,0.06413726,1269.01513479,0.01998533,0.01998533,29308,89,0
6819.30292464,6819.30229972,246.14621752,246.16382742,0.03659043,1269.32721334,0.01998533,0.01998533,29307,89,0
6819.53456724,6819.53501639,252.70607244,252.69340793,0.06067132,1269.63640708,0.01998533,0.01998533,29306,89,0
6819.76749825,6819.76774894,259.27038780,259.26331465,0.04557173,1269.94673654,0.01998533,0.01998533,29305,89,0
6820.00096942,6820.00049738,265.83932012,265.85264710,0.04193108,1270.25720390,0.01998533,0.01998533,29304,89,0
6820.23330993,6820.23326170,272.41302655,272.41438920,0.04464199,1270.56559535,0.01998533,0.01998533,29303,89,0
6820.46658870,6820.46604190,278.99166149,279.00711999,0.02497302,1270.87466343,0.01998533,0.01998533,29302,89,0
6820.69813209,6820.69883800,285.57529910,285.55532878,0.05565880,1271.18087057,0.01998533,0.01998533,29301,89,0
6820.93190345,6820.93164998,292.16393238,292.17110797,0.06325170,1271.48945433,0.01998533,0.01998533,29300,89,0
6821.16500684,6821.16447785,298.75755072,298.77253652,0.04658229,1271.79658416,0.01998533,0.01998533,29299,89,0
6821.39743849,6821.39732162,305.35614342,305.35945659,0.04629021,1272.10225785,0.01998533,0.01998533,29298,89,0
6821.62979846,6821.63018128,311.95969987,311.94883988,0.03098852,1272.40726514,0.01998533,0.01998533,29297,89,0
6821.86295772,6821.86305684,318.56821970,318.56540594,0.04482593,1272.71274495,0.01998533,0.01998533,29296,89,0
6822.09565684,6822.09594830,325.18172111,325.17344178,0.05929220,1273.01704512,0.01998533,0.01998533,29295,89,0
6822.32954360,6822.32885565,331.80022428,331.81978039,0.05120412,1273.32231701,0.01998533,0.01998533,29294,89,0
6822.56158064,6822.56177891,338.42374949,338.41810958,0.06082665,1273.62459793,0.01998533,0.01998533,29293,89,0
6822.79465024,6822.79471807,345.05231710,345.05038627,0.02448991,1273.92764500,0.01998533,0.01998533,29292,89,0
6823.02678738,6823.02767313,351.68592602,351.66069495,0.05309995,1274.22890114,0.01998533,0.01998533,29291,89,0
6823.26085710,6823.26064410,358.32450711,358.33057872,0.04573687,1274.53207583,0.01998533,0.01998533,29290,89,0
6823.49385889,6823.49363097,364.96797754,364.97447852,0.01948839,1274.83327404,0.01998533,0.01998533,29289,89,0
6823.72608220,6823.72663376,371.61625407,371.60051143,0.05726668,1275.13287159,0.01998533,0.01998533,29288,89,0
6823.95945962,6823.95965245,378.26925312,378.26374568,0.05226951,1275.43335495,0.01998533,0.01998533,29287,89,0
6824.19178164,6824.19268706,384.92691325,384.90103777,0.02278790,1275.73187460,0.01998533,0.01998533,29286,89,0
6824.42584650,6824.42573758,391.58929493,391.59240950,0.03225223,1276.03202455,0.01998533,0.01998533,29285,89,0
6824.65915821,6824.65880402,398.25650002,398.26663549,0.04655712,1276.33060325,0.01998533,0.01998533,29284,89,0
6824.89256411,6824.89188638,404.92863085,404.94803804,0.03738470,1276.62870057,0.01998533,0.01998533,29283,89,0
6825.12428189,6825.12498465,411.60579022,411.58565265,0.04256889,1276.92404927,0.01998533,0.01998533,29282,89,0
6825.35856987,6825.35809884,418.28807328,418.30158028,0.05852886,1277.22207616,0.01998533,0.01998533,29281,89,0
6825.59053147,6825.59122896,424.97550276,424.95548794,0.03340018,1277.51655086,0.01998533,0.01998533,29280,89,0
6825.82382052,6825.82437500,431.66806299,431.65214099,0.04876167,1277.81211334,0.01998533,0.01998533,29279,89,0
6826.05826247,6826.05753697,438.36573783,438.38658563,0.05194420,1278.10853042,0.01998533,0.01998533,29278,89,0
6826.28967833,6826.29071486,445.06851109,445.03870547,0.02770973,1278.40052321,0.01998533,0.01998533,29277,89,0
6826.52381080,6826.52390868,451.77636724,451.77355080,0.05379554,1278.69533646,0.01998533,0.01998533,29276,89,0
6826.75679396,6826.75711843,458.48930200,458.47995877,0.03806039,1278.98809428,0.01998533,0.01998533,29275,89,0
6826.99010267,6826.99034411,465.20731976,465.20036263,0.06043857,1279.28065165,0.01998533,0.01998533,29274,89,0
6827.22388990,6827.22358573,471.93042517,471.93919582,0.02948444,1279.57319570,0.01998533,0.01998533,29273,89,0
6827.45633994,6827.45684328,478.65862288,478.64409919,0.04033936,1279.86345623,0.01998533,0.01998533,29272,89,0
6827.68990851,6827.69011677,485.39191529,485.38590177,0.05978809,1280.15449895,0.01998533,0.01998533,29271,89,0
6827.92317054,6827.92340620,492.13024825,492.12343913,0.06234046,1280.44454087,0.01998533,0.01998533,29270,89,0
6828.15768479,6828.15671157,498.87350779,498.90164614,0.03451566,1280.73550974,0.01998534,0.01998533,29269,89,0
6828.38989577,6828.39003288,505.62157657,505.61760987,0.05225949,1281.02299174,0.01998533,0.01998533,29268,89,0
6828.62387912,6828.62337013,512.37433671,512.38907148,0.04477195,1281.31202810,0.01998533,0.01998533,29267,89,0
6828.85691604,6828.85672333,519.13167408,519.13725643,0.06917416,1281.59925051,0.01998533,0.01998533,29266,89,0
6829.09020152,6829.09009247,525.89366230,525.89682302,0.03869172,1281.88613629,0.01998533,0.01998533,29265,89,0
6829.32347719,6829.32347756,532.66063303,532.66062213,0.05196726,1282.17237917,0.01998533,0.01998533,29264,89,0
6829.55613554,6829.55687860,539.43293802,539.41136941,0.05395754,1282.45724930,0.01998533,0.01998533,29263,89,0
6829.79054547,6829.79029560,546.21093064,546.21818937,0.06231072,1282.74365576,0.01998533,0.01998533,29262,89,0
6830.02334177,6830.02372855,552.99496241,552.98371718,0.02086088,1283.02749907,0.01998533,0.01998533,29261,89,0
6830.25664364,6830.25717745,559.78511651,559.76958375,0.04830434,1283.31136877,0.01998533,0.01998533,29260,89,0
6830.49012929,6830.49064230,566.58101884,566.56608002,0.04780137,1283.59485303,0.01998533,0.01998533,29259,89,0
6830.72492243,6830.72412312,573.38224918,573.40554083,0.03090759,1283.87929072,0.01998534,0.01998533,29258,89,0
6830.95840492,6830.95761990,580.18838536,580.21127482,0.06037217,1284.16149071,0.01998534,0.01998533,29257,89,0
6831.19093067,6831.19113263,586.99900516,586.99311316,0.03376016,1284.44187125,0.01998533,0.01998533,29256,89,0
6831.42430866,6831.42466133,593.81394377,593.80364882,0.05250376,1284.72260579,0.01998533,0.01998533,29255,89,0
6831.65847074,6831.65820600,600.63355432,600.64128735,0.04812942,1285.00361837,0.01998533,0.01998533,29254,89,0
6831.89178037,6831.89176663,607.45825337,607.45865509,0.03936525,1285.28296076,0.01998533,0.01998533,29253,89,0
6832.12498275,6832.12534323,614.28845940,614.27791416,0.04460665,1285.56154446,0.01998533,0.01998533,29252,89,0
6832.35968426,6832.35893580,621.12459182,621.14650500,0.06038453,1285.84129808,0.01998534,0.01998533,29251,89,0
6832.59267991,6832.59254434,627.96685097,627.97082334,0.02468204,1286.11840824,0.01998533,0.01998533,29250,89,0
6832.82583646,6832.82616885,634.81494304,634.80519644,0.05491848,1286.39508730,0.01998533,0.01998533,29249,89,0
6833.05884473,6833.05980933,641.66850552,641.64020031,0.03943226,1286.67095176,0.01998533,0.01998533,29248,89,0
6833.29372257,6833.29346580,648.52717418,648.53471383,0.04255354,1286.94836690,0.01998534,0.01998533,29247,89,0
6833.52653128,6833.52713824,655.39058379,655.37275103,0.03663531,1287.22266521,0.01998533,0.01998533,29246,89,0
6833.76073537,6833.76082666,662.25857844,662.25589476,0.05925590,1287.49792368,0.01998533,0.01998533,29245,89,0
6833.99449592,6833.99453106,669.13150300,669.13046928,0.06020243,1287.77198901,0.01998533,0.01998533,29244,89,0
6834.22740526,6834.22825144,676.00977685,675.98486496,0.03575275,1288.04440373,0.01998533,0.01998533,29243,89,0
6834.46168465,6834.46198781,682.89382133,682.88488924,0.05420277,1288.31777849,0.01998533,0.01998533,29242,89,0
6834.69509556,6834.69574016,689.78405906,689.76505009,0.05644951,1288.58951376,0.01998533,0.01998533,29241,89,0
6834.92899953,6834.92950850,696.68069301,696.66567124,0.05095016,1288.86120205,0.01998533,0.01998533,29240,89,0
6835.16300228,6835.16329283,703.58339877,703.57481660,0.04799377,1289.13236802,0.01998533,0.01998533,29239,89,0
6835.39688716,6835.39709315,710.49177329,710.48568443,0.03674628,1289.40274282,0.01998533,0.01998533,29238,89,0
6835.63130888,6835.63090946,717.40541159,717.41722560,0.03311891,1289.67306370,0.01998534,0.01998533,29237,89,0
6835.86462401,6835.86474177,724.32390767,724.32042249,0.04464406,1289.94142046,0.01998533,0.01998533,29236,89,0
6836.09898454,6836.09859007,731.24706452,731.25874663,0.04756206,1290.21027925,0.01998534,0.01998533,29235,89,0
6836.33322224,6836.33245437,738.17516145,738.19791679,0.04697180,1290.47830496,0.01998534,0.01998533,29234,89,0
6836.56667796,6836.56633467,745.10854467,745.11872520,0.06180169,1290.74475899,0.01998534,0.01998533,29233,89,0
6836.79994784,6836.80023097,752.04756207,752.03915909,0.03440404,1291.01033734,0.01998533,0.01998533,29232,89,0
6837.03464882,6837.03414327,758.99256211,759.00757826,0.06057835,1291.27688697,0.01998534,0.01998533,29231,89,0
6837.26792196,6837.26807158,765.94373866,765.93929093,0.02974594,1291.54116622,0.01998533,0.01998533,29230,89,0
6837.50254016,6837.50201589,772.90096890,772.91656634,0.05975296,1291.80631004,0.01998534,0.01998533,29229,89,0
6837.73526321,6837.73597621,779.86409086,779.84286242,0.05700514,1292.06865075,0.01998533,0.01998533,29228,89,0
6837.96986657,6837.96995254,786.83294176,786.83038036,0.06264664,1292.33243617,0.01998533,0.01998533,29227,89,0
6838.20328680,6838.20394487,793.80735907,793.78773751,0.05826466,1292.59421069,0.01998533,0.01998533,29226,89,0
6838.43753965,6838.43795322,800.78726503,800.77492475,0.04341131,1292.85623158,0.01998533,0.01998533,29225,89,0
6838.67233192,6838.67197759,807.77272989,807.78331052,0.05035100,1293.11816555,0.01998534,0.01998533,29224,89,0
6838.90658423,6838.90601797,814.76383902,814.78076059,0.03923632,1293.37880967,0.01998534,0.01998534,29223,89,0
6839.14009922,6839.14007436,821.76067818,821.76142162,0.05414006,1293.63795114,0.01998533,0.01998534,29222,89,0
6839.37370603,6839.37414678,828.76333274,828.75014210,0.05347784,1293.89651407,0.01998533,0.01998534,29221,89,0
6839.60741270,6839.60823521,835.77184992,835.74721469,0.04664666,1294.15450620,0.01998533,0.01998534,29220,89,0
6839.84287928,6839.84233967,842.78622291,842.80239732,0.05237958,1294.41374961,0.01998534,0.01998534,29219,89,0
6840.07547473,6840.07646015,849.80644080,849.77688129,0.05663270,1294.66914803,0.01998533,0.01998534,29218,89,0
6840.31007044,6840.31059665,856.83249260,856.81669563,0.05409591,1294.92605182,0.01998533,0.01998534,29217,89,0
6840.54417810,6840.54474919,863.86437084,863.84721379,0.05372521,1295.18172704,0.01998533,0.01998534,29216,89,0
6840.77843797,6840.77891775,870.90216452,870.88773939,0.05075581,1295.43687557,0.01998533,0.01998534,29215,89,0
6841.01283146,6841.01310234,877.94606815,877.93791703,0.07058136,1295.69148080,0.01998533,0.01998534,29214,89,0
6841.24765497,6841.24730296,884.99628246,885.00688362,0.05779081,1295.94586730,0.01998534,0.01998534,29213,89,0
6841.48166530,6841.48151962,892.05300918,892.05740027,0.05965572,1296.19869492,0.01998534,0.01998534,29212,89,0
6841.71558032,6841.71575231,899.11643026,899.11124138,0.04931007,1296.45074736,0.01998533,0.01998534,29211,89,0
6841.95046250,6841.95000104,906.18639885,906.20033216,0.05041942,1296.70315805,0.01998534,0.01998534,29210,89,0
6842.18459892,6842.18426581,913.26250343,913.27256919,0.03734057,1296.95406833,0.01998534,0.01998534,29209,89,0
6842.41877842,6842.41854661,920.34432299,920.35133253,0.03920133,1297.20430967,0.01998534,0.01998534,29208,89,0
6842.65324319,6842.65284346,927.43143440,927.44352948,0.03535834,1297.45412243,0.01998534,0.01998534,29207,89,0
6842.88666041,6842.88715636,934.52346740,934.50845170,0.04188783,1297.70207538,0.01998534,0.01998534,29206,89,0
6843.12150793,6843.12148529,941.62057495,941.62126085,0.04311745,1297.95080249,0.01998534,0.01998534,29205,89,0
6843.35549500,6843.35583028,948.72320225,948.71303685,0.04294904,1298.19788856,0.01998534,0.01998534,29204,89,0
6843.58958542,6843.59019131,955.83179984,955.81341470,0.05082327,1298.44436852,0.01998534,0.01998534,29203,89,0
6843.82460422,6843.82456839,962.94682051,962.94790870,0.05206514,1298.69111988,0.01998534,0.01998534,29202,89,0
6844.05942288,6844.05896152,970.06862817,970.08265227,0.06370341,1298.93696474,0.01998534,0.01998534,29201,89,0
6844.29361785,6844.29337071,977.19706370,977.20458234,0.04328499,1299.18145542,0.01998534,0.01998534,29200,89,0
6844.52822948,6844.52779595,984.33177980,984.34497936,0.03455092,1299.42566468,0.01998534,0.01998534,29199,89,0
6844.76159567,6844.76223725,991.47242713,991.45287865,0.03438359,1299.66785216,0.01998534,0.01998534,29198,89,0
6844.99688311,6844.99669461,998.61865459,998.62440221,0.03714994,1299.91128707,0.01998534,0.01998534,29197,89,0
6845.23099381,6845.23116802,1005.77023165,1005.76491610,0.04577454,1300.15275081,0.01998534,0.01998534,29196,89,0
6845.46567864,6845.46565750,1012.92733993,1012.92798545,0.06245660,1300.39405638,0.01998534,0.01998534,29195,89,0
6845.70050343,6845.70016304,1020.09024907,1020.10065029,0.05223078,1300.63476101,0.01998534,0.01998534,29194,89,0
6845.93528022,6845.93468465,1027.25923010,1027.27744309,0.04314191,1300.87467857,0.01998534,0.01998534,29193,89,0
6846.16980192,6846.16922232,1034.43455424,1034.45229359,0.04125995,1301.11360572,0.01998534,0.01998534,29192,89,0
6846.40320573,6846.40377606,1041.61635810,1041.59888799,0.03964191,1301.35067205,0.01998534,0.01998534,29191,89,0
6846.63811200,6846.63834587,1048.80451724,1048.79734766,0.04133041,1301.58853077,0.01998534,0.01998534,29190,89,0
6846.87256764,6846.87293175,1055.99887684,1055.98770575,0.06451995,1301.82519196,0.01998534,0.01998534,29189,89,0
6847.10784084,6847.10753370,1063.19928126,1063.20871150,0.04504548,1302.06192661,0.01998534,0.01998534,29188,89,0
6847.34226172,6847.34215173,1070.40557801,1070.40895753,0.03502337,1302.29704749,0.01998534,0.01998534,29187,89,0
6847.57664723,6847.57678584,1077.61771867,1077.61345650,0.03406182,1302.53137458,0.01998534,0.01998534,29186,89,0
6847.81104991,6847.81143602,1084.83576801,1084.82388637,0.04746315,1302.76496050,0.01998534,0.01998534,29185,89,0
6848.04629263,6848.04610228,1092.05979680,1092.06565880,0.05685560,1302.99862124,0.01998534,0.01998534,29184,89,0
6848.28120222,6848.28078463,1099.28987613,1099.30274644,0.03749329,1303.23118915,0.01998534,0.01998534,29183,89,0
6848.51591633,6848.51548305,1106.52608913,1106.53945322,0.03659722,1303.46280357,0.01998534,0.01998534,29182,89,0
6848.75006416,6848.75019756,1113.76863687,1113.76451872,0.04570497,1303.69310644,0.01998534,0.01998534,29181,89,0
6848.98571309,6848.98492816,1121.01778961,1121.04204088,0.05692029,1303.92413297,0.01998534,0.01998534,29180,89,0
6849.21989734,6849.21967485,1128.27381988,1128.28070029,0.03792913,1304.15298157,0.01998534,0.01998534,29179,89,0
6849.45467640,6849.45443762,1135.53700162,1135.54439246,0.03749270,1304.38167499,0.01998534,0.01998534,29178,89,0
6849.68902297,6849.68921649,1142.80750558,1142.80151007,0.04350154,1304.60921450,0.01998534,0.01998534,29177,89,0
6849.92368006,6849.92401145,1150.08503493,1150.07475915,0.05812188,1304.83631017,0.01998534,0.01998534,29176,89,0
6850.15917333,6850.15882250,1157.36916017,1157.38004777,0.03860395,1305.06344928,0.01998534,0.01998534,29175,89,0
6850.39325824,6850.39364965,1164.65944952,1164.64729352,0.03748512,1305.28845398,0.01998534,0.01998534,29174,89,0
6850.62812939,6850.62849290,1171.95547091,1171.94417359,0.05663562,1305.51342132,0.01998534,0.01998534,29173,89,0
6850.86403149,6850.86335225,1179.25706809,1179.27819295,0.04015275,1305.73856958,0.01998534,0.01998534,29172,89,0
6851.09820322,6851.09822769,1186.56464184,1186.56388006,0.03447640,1305.96127706,0.01998534,0.01998534,29171,89,0
6851.33326218,6851.33311924,1193.87866166,1193.88311427,0.06076661,1306.18404957,0.01998534,0.01998534,29170,89,0
6851.56844078,6851.56802690,1201.19959959,1201.21250434,0.04135218,1306.40616656,0.01998534,0.01998534,29169,89,0
6851.80313161,6851.80295066,1208.52791032,1208.53355753,0.03803333,1306.62706728,0.01998534,0.01998534,29168,89,0
6852.03805628,6852.03789053,1215.86365995,1215.86883776,0.05405206,1306.84743139,0.01998534,0.01998534,29167,89,0
6852.27315482,6852.27284651,1223.20655702,1223.21619673,0.04561428,1307.06718919,0.01998534,0.01998534,29166,89,0
6852.50733536,6852.50781860,1230.55629533,1230.54117368,0.03040779,1307.28531201,0.01998534,0.01998534,29165,89,0
6852.74306657,6852.74280680,1237.91256697,1237.92070235,0.05188061,1307.50408444,0.01998534,0.01998534,29164,89,0
6852.97794059,6852.97781112,1245.27511229,1245.27917033,0.04185724,1307.72125824,0.01998534,0.01998534,29163,89,0
6853.21269740,6853.21283155,1252.64398572,1252.63977808,0.02681474,1307.93752193,0.01998534,0.01998534,29162,89,0
6853.44785645,6853.44786810,1260.01936496,1260.01899926,0.05374060,1308.15335543,0.01998534,0.01998534,29161,89,0
6853.68303617,6853.68292077,1267.40142888,1267.40505466,0.03235509,1308.36840915,0.01998534,0.01998534,29160,89,0
6853.91864069,6853.91798956,1274.79035711,1274.81083327,0.05507906,1308.58305312,0.01998534,0.01998534,29159,89,0
6854.15318916,6854.15307447,1282.18626584,1282.18987576,0.04097476,1308.79594221,0.01998534,0.01998534,29158,89,0
6854.38785655,6854.38817551,1289.58912190,1289.57907415,0.03378770,1309.00814408,0.01998534,0.01998534,29157,89,0
6854.62266963,6854.62329267,1296.99887061,1296.97922713,0.05758832,1309.21967749,0.01998534,0.01998534,29156,89,0
6854.85886711,6854.85842596,1304.41545696,1304.42937766,0.03403903,1309.43164634,0.01998534,0.01998534,29155,89,0
6855.09341379,6855.09357538,1311.83882516,1311.83372181,0.05269337,1309.64132402,0.01998534,0.01998534,29154,89,0
6855.32870439,6855.32874093,1319.26891026,1319.26775510,0.04022290,1309.85085169,0.01998534,0.01998534,29153,89,0
6855.56418138,6855.56392262,1326.70563892,1326.71382458,0.05751364,1310.05972345,0.01998534,0.01998534,29152,89,0
6855.79982768,6855.79912043,1334.14893711,1334.17132823,0.04859790,1310.26791775,0.01998534,0.01998534,29151,89,0
6856.03402852,6856.03433439,1341.59873036,1341.58903905,0.03853945,1310.47401016,0.01998534,0.01998534,29150,89,0
6856.26963798,6856.26956448,1349.05498803,1349.05731873,0.05610414,1310.68050913,0.01998534,0.01998534,29149,89,0
6856.50456219,6856.50481071,1356.51790849,1356.51002109,0.03407403,1310.88557871,0.01998534,0.01998534,29148,89,0
6856.74007307,6856.74007308,1363.98776511,1363.98776478,0.05435682,1311.09033469,0.01998534,0.01998534,29147,89,0
6856.97530594,6856.97535159,1371.46483282,1371.46338112,0.03132132,1311.29402856,0.01998534,0.01998534,29146,89,0
6857.21078124,6857.21064625,1378.94938558,1378.95368133,0.05351431,1311.49711586,0.01998534,0.01998534,29145,89,0
6857.44600120,6857.44595706,1386.44152126,1386.44292741,0.03267682,1311.69916716,0.01998534,0.01998534,29144,89,0
6857.68110716,6857.68128401,1393.94104421,1393.93540573,0.05133400,1311.90029770,0.01998534,0.01998534,29143,89,0
6857.91681850,6857.91662711,1401.44773008,1401.45383748,0.02962598,1312.10111152,0.01998534,0.01998534,29142,89,0
6858.15158941,6858.15198636,1408.96135324,1408.94867575,0.05424998,1312.30028481,0.01998534,0.01998534,29141,89,0
6858.38773192,6858.38736176,1416.48170299,1416.49353458,0.03294826,1312.49976851,0.01998534,0.01998534,29140,89,0
6858.62301186,6858.62275332,1424.00872209,1424.01699271,0.04635498,1312.69766848,0.01998534,0.01998534,29139,89,0
6858.85833398,6858.85816104,1431.54243869,1431.54797555,0.03653553,1312.89474844,0.01998534,0.01998534,29138,89,0
6859.09410342,6859.09358491,1439.08288198,1439.09949639,0.05031127,1313.09134325,0.01998534,0.01998534,29137,89,0
6859.32885934,6859.32902494,1446.63008154,1446.62477092,0.03213499,1313.28623614,0.01998534,0.01998534,29136,89,0
6859.56435610,6859.56448113,1454.18417458,1454.18016156,0.05153780,1313.48088603,0.01998534,0.01998534,29135,89,0
6859.79998461,6859.79995348,1461.74556959,1461.74656975,0.05452909,1313.67479256,0.01998534,0.01998534,29134,89,0
6860.03588532,6860.03544200,1469.31471929,1469.32897583,0.02897504,1313.86807788,0.01998534,0.01998534,29133,89,0
6860.27131284,6860.27094668,1476.89207897,1476.90386612,0.05275023,1314.06014088,0.01998534,0.01998534,29132,89,0
6860.50601993,6860.50646754,1484.47806206,1484.46363736,0.03835799,1314.25079343,0.01998534,0.01998534,29131,89,0
6860.74218043,6860.74200456,1492.07244748,1492.07812099,0.05418123,1314.44178857,0.01998534,0.01998534,29130,89,0
6860.97744674,6860.97755775,1499.67453661,1499.67095237,0.02972403,1314.63120412,0.01998534,0.01998534,29129,89,0
6861.21347825,6861.21312711,1507.28361533,1507.29496184,0.05579711,1314.82035607,0.01998534,0.01998534,29128,89,0
6861.44865225,6861.44871265,1514.89896547,1514.89701244,0.05555746,1315.00792425,0.01998534,0.01998534,29127,89,0
6861.68439070,6861.68431436,1522.52015576,1522.52262612,0.03281995,1315.19503153,0.01998534,0.01998534,29126,89,0
6861.91988149,6861.91993225,1530.14765711,1530.14601323,0.04857832,1315.38104077,0.01998534,0.01998534,29125,89,0
6862.15531087,6862.15556632,1537.78211844,1537.77383834,0.05938797,1315.56611416,0.01998534,0.01998534,29124,89,0
6862.39187906,6862.39121657,1545.42419245,1545.44568739,0.03157690,1315.75120223,0.01998534,0.01998534,29123,89,0
6862.62657245,6862.62688300,1553.07450310,1553.06441665,0.05349783,1315.93396322,0.01998534,0.01998534,29122,89,0
6862.86222398,6862.86256562,1560.73314632,1560.72203889,0.05919073,1316.11660734,0.01998534,0.01998534,29121,89,0
6863.09875563,6863.09826442,1568.39978489,1568.41576989,0.02973497,1316.29905275,0.01998534,0.01998534,29120,89,0
6863.33421900,6863.33397942,1576.07406690,1576.08187081,0.04828345,1316.47978624,0.01998534,0.01998534,29119,89,0
6863.56973412,6863.56971059,1583.75563844,1583.75640529,0.05311424,1316.65966206,0.01998534,0.01998534,29118,89,0
6863.80489730,6863.80545796,1591.44427601,1591.42598282,0.03526341,1316.83836565,0.01998534,0.01998534,29117,89,0
6864.04103276,6864.04122153,1599.14015913,1599.13399462,0.05092241,1317.01690116,0.01998534,0.01998534,29116,89,0
6864.27708419,6864.27700128,1606.84354516,1606.84625523,0.04531481,1317.19446796,0.01998534,0.01998534,29115,89,0
6864.51288360,6864.51279724,1614.55469296,1614.55751878,0.02963123,1317.37094462,0.01998534,0.01998534,29114,89,0
6864.74886589,6864.74860939,1622.27384617,1622.28224666,0.05334719,1317.54665955,0.01998534,0.01998534,29113,89,0
6864.98416546,6864.98443774,1630.00102123,1629.99209543,0.04916428,1317.72096834,0.01998534,0.01998534,29112,89,0
6865.22070106,6865.22028229,1637.73606941,1637.74981045,0.05061330,1317.89528274,0.01998534,0.01998534,29111,89,0
6865.45589527,6865.45614304,1645.47883740,1645.47069987,0.03303573,1318.06769748,0.01998534,0.01998534,29110,89,0
6865.69162110,6865.69201999,1653.22917129,1653.21605888,0.04526198,1318.23958395,0.01998534,0.01998534,29109,89,0
6865.92758944,6865.92791316,1660.98701769,1660.97636683,0.04878087,1318.41072267,0.01998534,0.01998534,29108,89,0
6866.16392282,6866.16382253,1668.75256484,1668.75586798,0.05075721,1318.58120016,0.01998534,0.01998534,29107,89,0
6866.39974419,6866.39974810,1676.52603738,1676.52590833,0.02723484,1318.75038650,0.01998534,0.01998534,29106,89,0
6866.63563636,6866.63568989,1684.30766129,1684.30589495,0.04974686,1318.91870419,0.01998534,0.01998534,29105,89,0
6866.87151896,6866.87164790,1692.09763164,1692.09337281,0.04207714,1319.08609651,0.01998534,0.01998534,29104,89,0
6867.10761297,6867.10762211,1699.89586299,1699.89556074,0.05355755,1319.25271399,0.01998534,0.01998534,29103,89,0
6867.34366004,6867.34361254,1707.70212383,1707.70369572,0.05565109,1319.41836522,0.01998534,0.01998534,29102,89,0
6867.57983921,6867.57961919,1715.51617997,1715.52346786,0.02815741,1319.58316724,0.01998534,0.01998534,29101,89,0
6867.81576262,6867.81564206,1723.33779888,1723.34179595,0.05271221,1319.74684227,0.01998534,0.01998534,29100,89,0
6868.05123171,6868.05168115,1731.16692293,1731.15200883,0.04254723,1319.90925268,0.01998534,0.01998534,29099,89,0
6868.28727691,6868.28773646,1739.00376213,1738.98849833,0.05003093,1320.07110986,0.01998534,0.01998534,29098,89,0
6868.52323045,6868.52380800,1746.84855015,1746.82934854,0.04481309,1320.23195473,0.01998534,0.01998534,29097,89,0
6868.75965466,6868.75989576,1754.70152209,1754.69349845,0.04778491,1320.39217001,0.01998534,0.01998534,29096,89,0
6868.99631321,6868.99599975,1762.56287164,1762.57331390,0.05371845,1320.55159195,0.01998534,0.01998534,29095,89,0
6869.23194454,6869.23211997,1770.43259618,1770.42674645,0.02770706,1320.70937216,0.01998534,0.01998534,29094,89,0
6869.46841921,6869.46825642,1778.31063615,1778.31607015,0.04858242,1320.86675978,0.01998534,0.01998534,29093,89,0
6869.70422838,6869.70440910,1786.19693160,1786.19089376,0.04487872,1321.02274504,0.01998534,0.01998534,29092,89,0
6869.94030050,6869.94057801,1794.09142255,1794.08214156,0.04532968,1321.17794013,0.01998534,0.01998534,29091,89,0
6870.17660401,6870.17676316,1801.99405487,1801.98872715,0.04740740,1321.33231697,0.01998534,0.01998534,29090,89,0
6870.41256755,6870.41296455,1809.90477908,1809.89147648,0.04803930,1321.48549880,0.01998534,0.01998534,29089,89,0
6870.64899004,6870.64918218,1817.82354550,1817.81710128,0.05095069,1321.63799935,0.01998534,0.01998534,29088,89,0
6870.88523484,6870.88541605,1825.75030455,1825.74422120,0.04451133,1321.78940210,0.01998534,0.01998534,29087,89,0
6871.12187250,6871.12166616,1833.68506685,1833.69200028,0.04736852,1321.94006838,0.01998534,0.01998534,29086,89,0
6871.35837861,6871.35793252,1841.62796547,1841.64296958,0.05335911,1322.08966197,0.01998535,0.01998534,29085,89,0
6871.59397995,6871.59421512,1849.57914907,1849.57123159,0.04884331,1322.23769984,0.01998534,0.01998534,29084,89,0
6871.83048019,6871.83051397,1857.53876722,1857.53762870,0.02441433,1322.38531479,0.01998534,0.01998534,29083,89,0
6872.06681045,6872.06682907,1865.50697174,1865.50634357,0.05542566,1322.53183452,0.01998534,0.01998534,29082,89,0
6872.30288976,6872.30316042,1873.48392263,1873.47478243,0.05824738,1322.67721096,0.01998534,0.01998534,29081,89,0
6872.53944702,6872.53950802,1881.46978324,1881.46772092,0.05178872,1322.82189096,0.01998534,0.01998534,29080,89,0
6872.77593573,6872.77587187,1889.46471791,1889.46687882,0.05208923,1322.96553706,0.01998534,0.01998534,29079,89,0
6873.01220513,6873.01225199,1897.46887062,1897.46728324,0.04774179,1323.10805842,0.01998534,0.01998535,29078,89,0
6873.24902934,6873.24864836,1905.48206203,1905.49498310,0.05291828,1323.24991297,0.01998535,0.01998535,29077,89,0
6873.48496414,6873.48506099,1913.50386017,1913.50057235,0.05654095,1323.39022661,0.01998534,0.01998535,29076,89,0
6873.72170390,6873.72148988,1921.53382368,1921.54109612,0.04819439,1323.52999644,0.01998535,0.01998535,29075,89,0
6873.95842418,6873.95793503,1929.57151335,1929.58814859,0.05318334,1323.66871977,0.01998535,0.01998535,29074,89,0
6874.19412939,6874.19439645,1937.61685403,1937.60776342,0.04334817,1323.80581562,0.01998534,0.01998535,29073,89,0
6874.43072640,6874.43087413,1945.67037950,1945.66534601,0.05133941,1323.94239986,0.01998535,0.01998535,29072,89,0
6874.66753513,6874.66736808,1953.73268446,1953.73838235,0.04355271,1324.07807936,0.01998535,0.01998535,29071,89,0
6874.90372864,6874.90387830,1961.80436745,1961.79925677,0.04416450,1324.21238932,0.01998535,0.01998535,29070,89,0
6875.14069958,6875.14040479,1969.88581346,1969.89589136,0.04098604,1324.34612314,0.01998535,0.01998535,29069,89,0
6875.37691355,6875.37694755,1977.97663323,1977.97546957,0.03597373,1324.47840444,0.01998535,0.01998535,29068,89,0
6875.61374192,6875.61350659,1986.07626152,1986.08432301,0.04105910,1324.60998914,0.01998535,0.01998535,29067,89,0
6875.84982042,6875.85008191,1994.18412935,1994.17516366,0.04276195,1324.74010751,0.01998535,0.01998535,29066,89,0
6876.08698850,6876.08667350,2002.29973587,2002.31054582,0.04414284,1324.86975980,0.01998535,0.01998535,29065,89,0
6876.32291460,6876.32328137,2010.42313002,2010.41053222,0.05259129,1324.99767014,0.01998535,0.01998535,29064,89,0
6876.56033531,6876.55990552,2018.55461768,2018.56939420,0.05603717,1325.12532213,0.01998535,0.01998535,29063,89,0
6876.79684491,6876.79654596,2026.69450818,2026.70479651,0.04839035,1325.25141986,0.01998535,0.01998535,29062,89,0
6877.03320219,6877.03320268,2034.84311375,2034.84309714,0.04310703,1325.37637645,0.01998535,0.01998535,29061,89,0
6877.26987313,6877.26987568,2043.00076496,2043.00067698,0.04374085,1325.50043860,0.01998535,0.01998535,29060,89,0
6877.50633382,6877.50656498,2051.16780857,2051.15982819,0.03802811,1325.62333250,0.01998534,0.01998535,29059,89,0
6877.74366328,6877.74327056,2059.34459406,2059.35816808,0.05242933,1325.74561584,0.01998535,0.01998535,29058,89,0
6877.97976321,6877.97999243,2067.53146895,2067.52353668,0.04635056,1325.86621101,0.01998534,0.01998535,29057,89,0
6878.21726046,6878.21673060,2075.72854802,2075.74690524,0.04338852,1325.98645610,0.01998535,0.01998535,29056,89,0
6878.45333762,6878.45348506,2083.93559502,2083.93048127,0.03777122,1326.10491722,0.01998534,0.01998535,29055,89,0
6878.69011609,6878.69025582,2092.15234322,2092.14749138,0.04156669,1326.22265580,0.01998535,0.01998535,29054,89,0
6878.92716286,6878.92704287,2100.37852421,2100.38269472,0.05767881,1326.33944214,0.01998535,0.01998535,29053,89,0
6879.16411463,6879.16384623,2108.61392832,2108.62326734,0.04509903,1326.45508921,0.01998535,0.01998535,29052,89,0
6879.40102467,6879.40066589,2116.85849791,2116.87099516,0.03674155,1326.56961937,0.01998535,0.01998535,29051,89,0
6879.63755134,6879.63750185,2125.11219880,2125.11392444,0.04083928,1326.68286616,0.01998535,0.01998535,29050,89,0
6879.87380822,6879.87435411,2133.37499655,2133.35594291,0.04288078,1326.79488431,0.01998534,0.01998535,29049,89,0
6880.11103150,6880.11122268,2141.64690464,2141.64022487,0.05229094,1326.90625150,0.01998535,0.01998535,29048,89,0
6880.34753689,6880.34810756,2149.92813893,2149.90817814,0.03533250,1327.01617437,0.01998534,0.01998535,29047,89,0
6880.58468441,6880.58500875,2158.21896975,2158.20761267,0.03687754,1327.12528522,0.01998535,0.01998535,29046,89,0
6880.82172373,6880.82192624,2166.51966926,2166.51256986,0.05640469,1327.23323463,0.01998535,0.01998535,29045,89,0
6881.05906016,6881.05886006,2174.83047051,2174.83749329,0.03711188,1327.34020470,0.01998535,0.01998535,29044,89,0
6881.29529235,6881.29581018,2183.15133540,2183.13314074,0.04019262,1327.44556483,0.01998535,0.01998535,29043,89,0
6881.53249653,6881.53277663,2191.48211393,2191.47226131,0.05016063,1327.55023588,0.01998535,0.01998535,29042,89,0
6881.76929887,6881.76975939,2199.82265473,2199.80643818,0.03678513,1327.65360158,0.01998535,0.01998535,29041,89,0
6882.00689607,6882.00675847,2208.17280385,2208.17765443,0.03677272,1327.75617550,0.01998535,0.01998535,29040,89,0
6882.24359205,6882.24377387,2216.53239152,2216.52597523,0.05080225,1327.85722014,0.01998535,0.01998535,29039,89,0
6882.48071879,6882.48080560,2224.90123804,2224.89817148,0.03712526,1327.95730143,0.01998535,0.01998535,29038,89,0
6882.71820947,6882.71785365,2233.27916230,2233.29174435,0.05515253,1328.05637941,0.01998535,0.01998535,29037,89,0
6882.95505828,6882.95491803,2241.66600199,2241.67096636,0.04742871,1328.15403083,0.01998535,0.01998535,29036,89,0
6883.19234852,6883.19199873,2250.06190870,2250.07430246,0.04265038,1328.25070182,0.01998535,0.01998535,29035,89,0
6883.42925273,6883.42909577,2258.46728530,2258.47285294,0.05219934,1328.34605563,0.01998535,0.01998535,29034,89,0
6883.66623976,6883.66620913,2266.88254431,2266.88363171,0.03842519,1328.44028383,0.01998535,0.01998535,29033,89,0
6883.90295169,6883.90333883,2275.30809122,2275.29432728,0.05058098,1328.53324580,0.01998535,0.01998535,29032,89,0
6884.14045668,6884.14048487,2283.74410121,2283.74309770,0.04175457,1328.62535478,0.01998535,0.01998535,29031,89,0
6884.37734106,6884.37764724,2292.19051488,2292.17960413,0.03892435,1328.71605621,0.01998535,0.01998535,29030,89,0
6884.61449143,6884.61482595,2300.64726190,2300.63532755,0.05408324,1328.80568703,0.01998535,0.01998535,29029,89,0
6884.85226029,6884.85202100,2309.11426938,2309.12281605,0.03297003,1328.89436874,0.01998535,0.01998535,29028,89,0
6885.08964854,6885.08923239,2317.59139511,2317.60627489,0.04541108,1328.98172111,0.01998535,0.01998535,29027,89,0
6885.32663438,6885.32646013,2326.07841168,2326.08464921,0.03134958,1329.06773542,0.01998535,0.01998535,29026,89,0
6885.56318208,6885.56370421,2334.57508487,2334.55637544,0.04717502,1329.15239854,0.01998535,0.01998535,29025,89,0
6885.80039914,6885.80096463,2343.08118583,2343.06090160,0.03404774,1329.23609882,0.01998535,0.01998535,29024,89,0
6886.03835430,6886.03824141,2351.59681604,2351.60086973,0.04963942,1329.31884676,0.01998535,0.01998535,29023,89,0
6886.27551511,6886.27553453,2360.12254518,2360.12184670,0.03482871,1329.40011126,0.01998535,0.01998535,29022,89,0
6886.51245737,6886.51284401,2368.65898216,2368.64506538,0.05063739,1329.48009870,0.01998535,0.01998535,29021,89,0
6886.74992232,6886.75016984,2377.20673345,2377.19781269,0.03035588,1329.55905797,0.01998535,0.01998535,29020,89,0
6886.98741882,6886.98751203,2385.76600834,2385.76264471,0.05171499,1329.63681856,0.01998535,0.01998535,29019,89,0
6887.22512654,6887.22487057,2394.33639949,2394.34564727,0.04780021,1329.71342885,0.01998535,0.01998535,29018,89,0
6887.46193848,6887.46224547,2402.91744389,2402.90633993,0.02949831,1329.78852855,0.01998535,0.01998535,29017,89,0
6887.69952124,6887.69963673,2411.50867857,2411.50449665,0.04415004,1329.86263862,0.01998535,0.01998535,29016,89,0
6887.93693713,6887.93704436,2420.10986440,2420.10597743,0.03558187,1329.93545548,0.01998535,0.01998535,29015,89,0
6888.17422682,6888.17446834,2428.72112359,2428.71235867,0.04817938,1330.00699066,0.01998535,0.01998535,29014,89,0
6888.41195832,6888.41190870,2437.34261173,2437.34441474,0.04711786,1330.07740984,0.01998535,0.01998535,29013,89,0
6888.64916919,6888.64936542,2445.97448725,2445.96735022,0.03699379,1330.14642543,0.01998535,0.01998535,29012,89,0
6888.88681825,6888.88683850,2454.61701818,2454.61628051,0.04087123,1330.21431465,0.01998535,0.01998535,29011,89,0
6889.12426653,6889.12432796,2463.27064516,2463.26840517,0.04824561,1330.28089185,0.01998535,0.01998535,29010,89,0
6889.36165927,6889.36183379,2471.93582705,2471.92945568,0.03845154,1330.34619840,0.01998535,0.01998535,29009,89,0
6889.59913800,6889.59935600,2480.61301692,2480.60504758,0.04441934,1330.41027128,0.01998535,0.01998535,29008,89,0
6889.83680453,6889.83689458,2489.30219509,2489.29889892,0.04718520,1330.47313039,0.01998535,0.01998535,29007,89,0
6890.07454989,6890.07444953,2498.00264168,2498.00631953,0.03366675,1330.53473450,0.01998535,0.01998535,29006,89,0
6890.31206181,6890.31202087,2506.71357538,2506.71507745,0.04840822,1330.59499368,0.01998535,0.01998535,29005,89,0
6890.54965996,6890.54960859,2515.43422392,2515.43611057,0.04473122,1330.65398050,0.01998535,0.01998535,29004,89,0
6890.78760994,6890.78721268,2524.16439794,2524.17900172,0.05326090,1330.71175190,0.01998535,0.01998535,29003,89,0
6891.02496791,6891.02483317,2532.90467501,2532.90963406,0.03027652,1330.76808028,0.01998535,0.01998535,29002,89,0
6891.26269151,6891.26247004,2541.65568876,2541.66384965,0.05080101,1330.82319430,0.01998535,0.01998535,29001,89,0
6891.49999477,6891.50012329,2550.41806328,2550.41332171,0.04261511,1330.87691132,0.01998535,0.01998535,29000,89,0
6891.73809595,6891.73779294,2559.19203423,2559.20322758,0.04747609,1330.92950039,0.01998535,0.01998535,28999,89,0
6891.97564859,6891.97547897,2567.97740587,2567.98367919,0.02804942,1330.98065586,0.01998535,0.01998535,28998,89,0
6892.21290713,6892.21318140,2576.77395864,2576.76380286,0.04952888,1331.03043328,0.01998535,0.01998535,28997,89,0
6892.45098859,6892.45090022,2585.58148233,2585.58475825,0.04566769,1331.07905654,0.01998535,0.01998535,28996,89,0
6892.68890610,6892.68863544,2594.39997131,2594.41001722,0.04117129,1331.12631375,0.01998535,0.01998535,28995,89,0
6892.92673656,6892.92638705,2603.22960218,2603.24258994,0.05088847,1331.17221837,0.01998535,0.01998535,28994,89,0
6893.16443522,6893.16415507,2612.07055913,2612.08098251,0.05050333,1331.21675961,0.01998535,0.01998535,28993,89,0
6893.40189465,6893.40193948,2620.92302872,2620.92135859,0.03096023,1331.25991638,0.01998535,0.01998535,28992,89,0
6893.63984566,6893.63974030,2629.78721143,2629.79114115,0.04619315,1331.30181522,0.01998535,0.01998535,28991,89,0
6893.87730830,6893.87755752,2638.66331760,2638.65400994,0.04550714,1331.34227931,0.01998535,0.01998535,28990,89,0
6894.11555767,6894.11539115,2647.55155935,2647.55778674,0.04131813,1331.38151901,0.01998535,0.01998535,28989,89,0
6894.35294924,6894.35324119,2656.45211990,2656.44118803,0.04476521,1331.41925944,0.01998535,0.01998535,28988,89,0
6894.59177246,6894.59110763,2665.36493949,2665.38986661,0.04672638,1331.45585387,0.01998535,0.01998535,28987,89,0
6894.82847358,6894.82899049,2674.28984036,2674.27043467,0.04652982,1331.49075762,0.01998535,0.01998535,28986,89,0
6895.06656562,6895.06688976,2683.22664251,2683.21445852,0.04589207,1331.52448898,0.01998535,0.01998535,28985,89,0
6895.30531081,6895.30480544,2692.17521722,2692.19423752,0.04662235,1331.55691987,0.01998535,0.01998535,28984,89,0
6895.54256957,6895.54273754,2701.13570483,2701.12937528,0.05241116,1331.58776216,0.01998535,0.01998535,28983,89,0
6895.78067852,6895.78068606,2710.10833297,2710.10804880,0.04985169,1331.61732057,0.01998535,0.01998535,28982,89,0
6896.01891202,6896.01865099,2719.09333101,2719.10319319,0.05147732,1331.64549172,0.01998535,0.01998535,28981,89,0
6896.25690121,6896.25663235,2728.09079943,2728.10097087,0.04919305,1331.67222777,0.01998535,0.01998535,28980,89,0
6896.49524934,6896.49463013,2737.10042888,2737.12388446,0.04836486,1331.69758900,0.01998535,0.01998535,28979,89,0
6896.73290117,6896.73264434,2746.12182697,2746.13156750,0.05032044,1331.72145966,0.01998535,0.01998535,28978,89,0
6896.97100169,6896.97067497,2755.15460101,2755.16700679,0.04762465,1331.74395075,0.01998535,0.01998535,28977,89,0
6897.20911696,6897.20872203,2764.19866576,2764.21367948,0.04614336,1331.76501182,0.01998535,0.01998535,28976,89,0
6897.44653352,6897.44678552,2773.25451712,2773.24492508,0.03916682,1331.78458194,0.01998535,0.01998535,28975,89,0
6897.68493898,6897.68486544,2782.32271886,2782.32552178,0.04287068,1331.80279336,0.01998535,0.01998535,28974,89,0
6897.92297303,6897.92296179,2791.40382738,2791.40425616,0.03979082,1331.81953197,0.01998535,0.01998535,28973,89,0
6898.16099987,6898.16107458,2800.49807933,2800.49522389,0.03980763,1331.83482134,0.01998535,0.01998535,28972,89,0
6898.39932295,6898.39920381,2809.60535827,2809.60991812,0.03633778,1331.84867218,0.01998535,0.01998535,28971,89,0
6898.63710156,6898.63734947,2818.72552865,2818.71602832,0.03915641,1331.86103181,0.01998535,0.01998535,28970,89,0
6898.87524672,6898.87551158,2827.85846014,2827.84829672,0.04839152,1331.87194320,0.01998535,0.01998535,28969,89,0
6899.11381450,6899.11369012,2837.00409050,2837.00886967,0.05553825,1331.88139574,0.01998535,0.01998535,28968,89,0
6899.35180057,6899.35188511,2846.16239918,2846.15914674,0.04637456,1331.88934530,0.01998535,0.01998535,28967,89,0
6899.58955477,6899.59009654,2855.33336603,2855.31249465,0.04350135,1331.89580539,0.01998535,0.01998535,28966,89,0
6899.82850949,6899.82832442,2864.51694910,2864.52408788,0.03733759,1331.90080002,0.01998535,0.01998535,28965,89,0
6900.06606025,6900.06656875,2873.71299933,2873.69335911,0.03921565,1331.90427087,0.01998535,0.01998535,28964,89,0
6900.30513873,6900.30482953,2882.92133322,2882.93329076,0.05442999,1331.90625386,0.01998535,0.01998535,28963,89,0
6900.54328971,6900.54310676,2892.14176654,2892.14885015,0.04139672,1331.90671732,0.01998535,0.01998535,28962,89,0
6900.78143669,6900.78140045,2901.37432269,2901.37572783,0.04473410,1331.90566639,0.01998535,0.01998535,28961,89,0
6901.01972072,6901.01971059,2910.61950687,2910.61990030,0.03738732,1331.90309343,0.01998535,0.01998535,28960,89,0
6901.25814014,6901.25803718,2919.87789597,2919.88189846,0.05339173,1331.89898976,0.01998535,0.01998535,28959,89,0
6901.49618572,6901.49638024,2929.15005446,2929.14248164,0.04405794,1331.89335996,0.01998535,0.01998535,28958,89,0
6901.73442298,6901.73473976,2938.43609260,2938.42374302,0.04342556,1331.88618595,0.01998535,0.01998535,28957,89,0
6901.97249679,6901.97311573,2947.73562426,2947.71146170,0.04350404,1331.87747213,0.01998535,0.01998535,28956,89,0
6902.21096728,6902.21150817,2957.04823509,2957.02709183,0.05427145,1331.86718995,0.01998535,0.01998535,28955,89,0
6902.44985328,6902.44991708,2966.37357739,2966.37108016,0.03394029,1331.85532506,0.01998535,0.01998535,28954,89,0
6902.68796961,6902.68834246,2975.71187404,2975.69726125,0.03936878,1331.84193356,0.01998535,0.01998535,28953,89,0
6902.92670100,6902.92678430,2985.06362980,2985.06036062,0.05704100,1331.82693225,0.01998535,0.01998535,28952,89,0
6903.16555832,6903.16524261,2994.42935556,2994.44176453,0.04210189,1331.81033728,0.01998535,0.01998535,28951,89,0
6903.40393622,6903.40371740,3003.80941949,3003.81803273,0.05217614,1331.79218693,0.01998535,0.01998535,28950,89,0
6903.64256938,6903.64220866,3013.20374153,3013.21796090,0.03961893,1331.77242097,0.01998535,0.01998535,28949,89,0
6903.88051061,6903.88071639,3022.61215448,3022.60403129,0.04003572,1331.75111596,0.01998535,0.01998535,28948,89,0
6904.11907454,6904.11924061,3032.03449539,3032.02793072,0.04979563,1331.72814868,0.01998535,0.01998535,28947,89,0
6904.35792893,6904.35778130,3041.47079187,3041.47663608,0.03910032,1331.70353527,0.01998535,0.01998535,28946,89,0
6904.59585523,6904.59633847,3050.92130358,3050.90214574,0.05190954,1331.67740050,0.01998535,0.01998535,28945,89,0
6904.83492150,6904.83491213,3060.38630621,3060.38667819,0.03445367,1331.64950750,0.01998535,0.01998535,28944,89,0
6905.07369961,6905.07350227,3069.86599702,3069.87384346,0.05403000,1331.62000666,0.01998535,0.01998535,28943,89,0
6905.31249745,6905.31210889,3079.35995199,3079.37542299,0.03421706,1331.58885718,0.01998536,0.01998535,28942,89,0
6905.55055193,6905.55073201,3088.86745330,3088.86027388,0.04814225,1331.55616188,0.01998535,0.01998535,28941,89,0
6905.78984592,6905.78937161,3098.38777634,3098.40671019,0.04190557,1331.52163955,0.01998536,0.01998535,28940,89,0
6906.02760244,6906.02802770,3107.92065076,3107.90365295,0.04764805,1331.48568897,0.01998535,0.01998535,28939,89,0
6906.26652414,6906.26670029,3117.46693942,3117.45988872,0.03520514,1331.44789597,0.01998535,0.01998535,28938,89,0
6906.50504276,6906.50538937,3127.02768468,3127.01379071,0.04874312,1331.40848993,0.01998535,0.01998535,28937,89,0
6906.74402760,6906.74409495,3136.60389093,3136.60118688,0.05284811,1331.36731528,0.01998535,0.01998535,28936,89,0
6906.98296305,6906.98281702,3146.19574709,3146.20161879,0.04046536,1331.32444813,0.01998535,0.01998535,28935,89,0
6907.22153783,6907.22155560,3155.80274340,3155.80202786,0.04485458,1331.27994362,0.01998535,0.01998535,28934,89,0
6907.46001713,6907.46031067,3165.42434310,3165.41250513,0.03749145,1331.23375254,0.01998535,0.01998535,28933,89,0
6907.69924377,6907.69908225,3175.06015543,3175.06667804,0.04667238,1331.18569963,0.01998536,0.01998535,28932,89,0
6907.93859558,6907.93787034,3184.71042783,3184.73975908,0.04557881,1331.13589232,0.01998536,0.01998536,28931,89,0
6908.17678788,6908.17667493,3194.37558040,3194.38015550,0.03677608,1331.08459996,0.01998536,0.01998536,28930,89,0
6908.41570109,6908.41549603,3204.05602783,3204.06434636,0.04867084,1331.03141293,0.01998536,0.01998536,28929,89,0
6908.65430563,6908.65433363,3213.75186574,3213.75072784,0.05339019,1330.97654803,0.01998535,0.01998536,28928,89,0
6908.89356662,6908.89318775,3223.46278907,3223.47820376,0.03303738,1330.91977388,0.01998536,0.01998536,28927,89,0
6909.13243762,6909.13205839,3233.18846466,3233.20391621,0.04557948,1330.86133059,0.01998536,0.01998536,28926,89,0
6909.37084415,6909.37094554,3242.92864469,3242.92450776,0.04332391,1330.80124029,0.01998535,0.01998536,28925,89,0
6909.60951312,6909.60984920,3252.68359923,3252.66986604,0.04692571,1330.73931326,0.01998535,0.01998536,28924,89,0
6909.84873447,6909.84876938,3262.45379023,3262.45236123,0.03568299,1330.67545501,0.01998536,0.01998536,28923,89,0
6910.08766168,6910.08770609,3272.23968026,3272.23785998,0.04517245,1330.60987806,0.01998535,0.01998536,28922,89,0
6910.32673258,6910.32665931,3282.04152545,3282.04453300,0.04163759,1330.54245451,0.01998536,0.01998536,28921,89,0
6910.56596410,6910.56562906,3291.85927080,3291.87304596,0.04402117,1330.47316870,0.01998536,0.01998536,28920,89,0
6910.80470434,6910.80461534,3301.69283520,3301.69650026,0.04587245,1330.40220604,0.01998536,0.01998536,28919,89,0
6911.04358000,6911.04361814,3311.54214014,3311.54056730,0.03388095,1330.32937718,0.01998536,0.01998536,28918,89,0
6911.28292951,6911.28263747,3321.40712908,3321.41919165,0.05070056,1330.25456467,0.01998536,0.01998536,28917,89,0
6911.52202076,6911.52167333,3331.28775383,3331.30212606,0.04508062,1330.17798752,0.01998536,0.01998536,28916,89,0
6911.76073138,6911.76072572,3341.18396995,3341.18420462,0.04645541,1330.09968503,0.01998536,0.01998536,28915,89,0
6911.99966888,6911.99979465,3351.09595061,3351.09073216,0.04750270,1330.01945066,0.01998536,0.01998536,28914,89,0
6912.23918492,6912.23888011,3361.02418647,3361.03685405,0.03944686,1329.93714502,0.01998536,0.01998536,28913,89,0
6912.47802220,6912.47798211,3370.96919754,3370.97086644,0.04080384,1329.85318889,0.01998536,0.01998536,28912,89,0
6912.71704440,6912.71710064,3380.93139630,3380.92905095,0.04055587,1329.76727263,0.01998536,0.01998536,28911,89,0
6912.95624339,6912.95623572,3390.91057805,3390.91089818,0.04580768,1329.67938813,0.01998536,0.01998536,28910,89,0
6913.19506115,6913.19538734,3400.90632275,3400.89267823,0.03829617,1329.58973826,0.01998536,0.01998536,28909,89,0
6913.43466933,6913.43455551,3410.91821566,3410.92298417,0.04147259,1329.49787386,0.01998536,0.01998536,28908,89,0
6913.67404293,6913.67374022,3420.94612993,3420.95883077,0.03852673,1329.40417443,0.01998536,0.01998536,28907,89,0
6913.91291436,6913.91294148,3430.99027281,3430.98913336,0.04463513,1329.30874362,0.01998536,0.01998536,28906,89,0
6914.15212203,6914.15215929,3441.05087194,3441.04930401,0.04329554,1329.21123822,0.01998536,0.01998536,28905,89,0
6914.39142769,6914.39139365,3451.12816751,3451.12960274,0.04237486,1329.11173945,0.01998536,0.01998536,28904,89,0
6914.62997429,6914.63064456,3461.22244121,3461.19413865,0.05008718,1329.01060059,0.01998535,0.01998536,28903,89,0
6914.87029775,6914.86991202,3471.33398664,3471.35030115,0.04878520,1328.90672232,0.01998536,0.01998536,28902,89,0
6915.10994506,6915.10919605,3481.46307784,3481.49481082,0.05479965,1328.80113967,0.01998536,0.01998536,28901,89,0
6915.34858926,6915.34849663,3491.60967411,3491.61360518,0.04728206,1328.69400925,0.01998536,0.01998536,28900,89,0
6915.58741585,6915.58781377,3501.77349808,3501.75658492,0.04288503,1328.58480337,0.01998536,0.01998536,28899,89,0
6915.82739822,6915.82714747,3511.95426377,3511.96493885,0.04345118,1328.47305459,0.01998536,0.01998536,28898,89,0
6916.06612841,6916.06649773,3522.15167965,3522.13593288,0.04245167,1328.35988015,0.01998536,0.01998536,28897,89,0
6916.30555295,6916.30586456,3532.36544599,3532.35213977,0.05647635,1328.24435931,0.01998536,0.01998536,28896,89,0
6916.54514646,6916.54524795,3542.59525915,3542.59091878,0.04550869,1328.12672993,0.01998536,0.01998536,28895,89,0
6916.78429467,6916.78464792,3552.84101305,3552.82588322,0.03450180,1328.00729024,0.01998536,0.01998536,28894,89,0
6917.02428196,6917.02406445,3563.10384000,3563.11317171,0.03808922,1327.88537214,0.01998536,0.01998536,28893,89,0
6917.26344563,6917.26349755,3573.38535657,3573.38312496,0.04795923,1327.76179184,0.01998536,0.01998536,28892,89,0
6917.50261540,6917.50294723,3583.68712267,3583.67283241,0.04921107,1327.63610259,0.01998536,0.01998536,28891,89,0
6917.74259956,6917.74241349,3594.00907139,3594.01709900,0.03552442,1327.50785914,0.01998536,0.01998536,28890,89,0
6917.96804024,nan,0.00000000,3603.76815226,0.42629225,1327.38523722,0.01998532,0.01998536,28889,89,1
6918.22106751,6918.22139572,3614.70672841,3614.69252468,0.03995318,1327.24586333,0.01998536,0.01998536,28888,89,0
6918.46070979,6918.46091171,3625.07997467,3625.07122270,0.04165924,1327.11149639,0.01998536,0.01998536,28887,89,0
6918.70003431,6918.70044428,3635.47109495,3635.45329390,0.05192556,1326.97518033,0.01998536,0.01998536,28886,89,0
6918.94006546,6918.93999344,3645.88230683,3645.88544031,0.03328674,1326.83628744,0.01998536,0.01998536,28885,89,0
6919.17967044,6919.17955918,3656.31539335,3656.32024359,0.04988554,1326.69543470,0.01998536,0.01998536,28884,89,0
6919.41917302,6919.41914150,3666.76942943,3666.77080592,0.03235332,1326.55244038,0.01998536,0.01998536,28883,89,0
6919.65866099,6919.65874042,3677.24247445,3677.23899979,0.04123960,1326.40726982,0.01998536,0.01998536,28882,89,0
6919.89815656,6919.89835592,3687.73267869,3687.72394411,0.04731883,1326.25992594,0.01998536,0.01998536,28881,89,0
6920.13778088,6920.13798802,3698.24002795,3698.23093765,0.05210074,1326.11032370,0.01998536,0.01998536,28880,89,0
6920.37772665,6920.37763671,3708.76602129,3708.76997530,0.03735980,1325.95830596,0.01998536,0.01998536,28879,89,0
6920.61755467,6920.61730200,3719.31220514,3719.32333445,0.04843353,1325.80411565,0.01998536,0.01998536,28878,89,0
6920.85717519,6920.85698389,3729.87920788,3729.88764999,0.03603481,1325.64779510,0.01998536,0.01998536,28877,89,0
6921.09686609,6921.09668237,3740.46610884,3740.47423042,0.05144723,1325.48916792,0.01998536,0.01998536,28876,89,0
6921.33646881,6921.33639745,3751.07183002,3751.07498937,0.03405256,1325.32834527,0.01998536,0.01998536,28875,89,0
6921.57607853,6921.57612914,3761.69560289,3761.69335825,0.04738643,1325.16526643,0.01998536,0.01998536,28874,89,0
6921.81624352,6921.81587743,3772.33774098,3772.35400501,0.05059497,1324.99953592,0.01998536,0.01998536,28873,89,0
6922.05547498,6922.05564233,3782.99879214,3782.99134425,0.04418228,1324.83216824,0.01998536,0.01998536,28872,89,0
6922.29528195,6922.29542384,3793.67927560,3793.67294984,0.05527174,1324.66209451,0.01998536,0.01998536,28871,89,0
6922.53482208,6922.53522195,3804.37947883,3804.36162008,0.05174766,1324.48989280,0.01998536,0.01998536,28870,89,0
6922.77481828,6922.77503668,3815.09959252,3815.08982106,0.04573370,1324.31502712,0.01998536,0.01998536,28869,89,0
6923.01468035,6923.01486802,3825.83979992,3825.83138811,0.04701760,1324.13790920,0.01998536,0.01998536,28868,89,0
6923.25492083,6923.25471597,3836.60015645,3836.60935534,0.04043973,1323.95814531,0.01998536,0.01998536,28867,89,0
6923.49482101,6923.49458054,3847.38062064,3847.39143800,0.03767315,1323.77626265,0.01998536,0.01998536,28866,89,0
6923.73457063,6923.73446173,3858.18116217,3858.18606963,0.04611655,1323.59211445,0.01998536,0.01998536,28865,89,0
6923.97456416,6923.97435954,3869.00225312,3869.01149162,0.02477500,1323.40537741,0.01998536,0.01998536,28864,89,0
6924.21386113,6924.21427397,3879.84499712,3879.82632071,0.04073246,1323.21675987,0.01998536,0.01998536,28863,89,0
6924.45380936,6924.45420502,3890.71054306,3890.69260647,0.05399434,1323.02516820,0.01998536,0.01998536,28862,89,0
6924.69404030,6924.69415270,3901.59921684,3901.59411106,0.04865399,1322.83086408,0.01998536,0.01998536,28861,89,0
6924.93359119,6924.93411701,3912.50968757,3912.48575840,0.04669549,1322.63464390,0.01998536,0.01998536,28860,89,0
6925.17406962,6925.17409794,3923.44041306,3923.43912193,0.04903098,1322.43520352,0.01998536,0.01998536,28859,89,0
6925.41381864,6925.41409550,3934.39065652,3934.37801278,0.04509990,1322.23391684,0.01998536,0.01998536,28858,89,0
6925.65352299,6925.65410970,3945.36221421,3945.33536782,0.04861088,1322.03017690,0.01998536,0.01998536,28857,89,0
6925.89441742,6925.89414053,3956.35739215,3956.37008980,0.03835060,1321.82286095,0.01998536,0.01998536,28856,89,0
6926.13422612,6926.13418799,3967.37774354,3967.37949579,0.04533732,1321.61388332,0.01998536,0.01998536,28855,89,0
6926.37460111,6926.37425209,3978.42123244,3978.43730294,0.04842244,1321.40183829,0.01998536,0.01998536,28854,89,0
6926.61380741,6926.61433283,3989.48475579,3989.46052402,0.04196836,1321.18831348,0.01998536,0.01998536,28853,89,0
6926.85406332,6926.85443021,4000.56584132,4000.54889479,0.04329242,1320.97136833,0.01998536,0.01998536,28852,89,0
6927.09458092,6927.09454424,4011.66640004,4011.66809733,0.03766744,1320.75164649,0.01998536,0.01998536,28851,89,0
6927.33480599,6927.33467490,4022.79015567,4022.79623467,0.04838292,1320.52956930,0.01998536,0.01998536,28850,89,0
6927.57442744,6927.57482222,4033.94044622,4033.92209504,0.04891413,1320.30535884,0.01998536,0.01998536,28849,89,0
6927.81485253,6927.81498618,4045.11671183,4045.11048591,0.04223971,1320.07769166,0.01998536,0.01998536,28848,89,0
6928.05560205,6928.05516679,4056.31629291,4056.33660803,0.04598055,1319.84704313,0.01998536,0.01998536,28847,89,0
6928.29556103,6928.29536405,4067.53666898,4067.54587876,0.04669145,1319.61452880,0.01998536,0.01998536,28846,89,0
6928.53568292,6928.53557796,4078.77755694,4078.78247307,0.04772395,1319.37922957,0.01998536,0.01998536,28845,89,0
nan,nan,0.00000000,-1.00000000,0.00000000,1319.14211476,nan,0.00000000,-2147483648,89,1
nan,nan,0.00000000,-1.00000000,0.00000000,1314.93057572,nan,0.00000000,-2147483648,88,1
6888.17440182,6888.17446834,8.61377698,8.61196550,0.04564787,1315.27350034,0.01998535,0.01998535,29014,88,0
6888.41341973,6888.41190870,15.08180902,15.12298394,0.04731131,1315.61041775,0.01998536,0.01998535,29013,88,0
6888.64813906,6888.64936542,21.55444791,21.52100876,0.06553174,1315.94074240,0.01998535,0.01998535,29012,88,0
6888.88743711,6888.88683850,28.03176081,28.04809381,0.03554907,1316.27696857,0.01998535,0.01998535,29011,88,0
6889.12349443,6889.12432796,34.51381513,34.49105700,0.03663954,1316.60810696,0.01998535,0.01998535,29010,88,0
6889.36274257,6889.36183379,41.00064461,41.02547366,0.03148590,1316.94318009,0.01998535,0.01998535,29009,88,0
6889.59930908,6889.59935600,47.49211997,47.49083733,0.05006802,1317.27395363,0.01998535,0.01998535,29008,88,0
6889.83819171,6889.83689458,53.98806237,54.02354567,0.02977444,1317.60740618,0.01998536,0.01998535,29007,88,0
6890.07474476,6890.07444953,60.48829226,60.49637282,0.03950121,1317.93704245,0.01998535,0.01998535,29006,88,0
6890.31357372,6890.31202087,66.99262929,67.03515561,0.03193840,1318.26926982,0.01998536,0.01998535,29005,88,0
6890.55000868,6890.54960859,73.50090966,73.51187254,0.04471044,1318.59758308,0.01998535,0.01998535,29004,88,0
6890.78677608,6890.78721268,80.01318849,80.00121859,0.05752670,1318.92577738,0.01998535,0.01998535,29003,88,0
6891.02541924,6891.02483317,86.52967213,86.54574936,0.06067695,1319.25599309,0.01998535,0.01998535,29002,88,0
6891.26272716,6891.26247004,93.05057077,93.05762858,0.02875292,1319.58379437,0.01998535,0.01998535,29001,88,0
6891.50034039,6891.50012329,99.57609550,99.58205870,0.04882169,1319.91146029,0.01998535,0.01998535,29000,88,0
6891.73698344,6891.73779294,106.10645613,106.08420637,0.03145147,1320.23724326,0.01998535,0.01998535,28999,88,0
6891.97572540,6891.97547897,112.64176112,112.64853920,0.05397700,1320.56536847,0.01998535,0.01998535,28998,88,0
6892.21357895,6892.21318140,119.18197412,119.19291608,0.03992546,1320.89172260,0.01998535,0.01998535,28997,88,0
6892.44952662,6892.45090022,125.72704755,125.68921582,0.05716475,1321.21491542,0.01998535,0.01998535,28996,88,0
6892.68958491,6892.68863544,132.27693361,132.30310126,0.05697311,1321.54317645,0.01998535,0.01998535,28995,88,0
6892.92732138,6892.92638705,138.83158429,138.85735161,0.04282819,1321.86769966,0.01998535,0.01998535,28994,88,0
6893.16452179,6893.16415507,145.39094482,145.40106486,0.04739043,1322.19092860,0.01998535,0.01998535,28993,88,0
6893.40228394,6893.40193948,151.95494119,151.96445293,0.03606703,1322.51435405,0.01998535,0.01998535,28992,88,0
6893.64012376,6893.63974030,158.52349566,158.53409075,0.04492266,1322.83730993,0.01998535,0.01998535,28991,88,0
6893.87815309,6893.87755752,165.09653016,165.11299592,0.03065543,1323.15994191,0.01998535,0.01998535,28990,88,0
6894.11535622,6894.11539115,171.67396626,171.67299984,0.04546721,1323.48087036,0.01998535,0.01998535,28989,88,0
6894.35178404,6894.35324119,178.25575586,178.21542164,0.04538360,1323.80016638,0.01998535,0.01998535,28988,88,0
6894.59131282,6894.59110763,184.84203149,184.84771481,0.05830019,1324.12306132,0.01998535,0.01998535,28987,88,0
6894.82874557,6894.82899049,191.43299239,191.42620432,0.04040205,1324.44255399,0.01998535,0.01998535,28986,88,0
6895.06648028,6895.06688976,198.02883875,198.01748208,0.01320010,1324.76188590,0.01998535,0.01998535,28985,88,0
6895.30479217,6895.30480544,204.62977160,204.62940329,0.04007626,1325.08143172,0.01998535,0.01998535,28984,88,0
6895.54328342,6895.54273754,211.23597389,211.25113597,0.05430654,1325.40066261,0.01998535,0.01998535,28983,88,0
6895.78080035,6895.78068606,217.84739815,217.85057491,0.02822123,1325.71803308,0.01998535,0.01998535,28982,88,0
6896.01855073,6896.01865099,224.46384234,224.46105356,0.04301281,1326.03514823,0.01998535,0.01998535,28981,88,0
6896.25577390,6896.25663235,231.08510067,231.06120875,0.02404203,1326.35098319,0.01998535,0.01998535,28980,88,0
6896.49521549,6896.49463013,237.71096646,237.72726793,0.05990916,1326.66917577,0.01998535,0.01998535,28979,88,0
6896.73330846,6896.73264434,244.34123796,244.35974353,0.04794481,1326.98497138,0.01998535,0.01998535,28978,88,0
6896.97026712,6896.97067497,250.97587920,250.96450784,0.05268480,1327.29866069,0.01998535,0.01998535,28977,88,0
6897.20847663,6897.20872203,257.61504139,257.60819510,0.04728256,1327.61340650,0.01998535,0.01998535,28976,88,0
6897.44594373,6897.44678552,264.25888636,264.23538617,0.05387085,1327.92657939,0.01998535,0.01998535,28975,88,0
6897.68592940,6897.68486544,270.90757663,270.93729922,0.04555028,1328.24247954,0.01998536,0.01998535,28974,88,0
6897.92292184,6897.92296179,277.56127480,277.56015800,0.04065911,1328.55385944,0.01998535,0.01998535,28973,88,0
6898.16192078,6898.16107458,284.22008587,284.24375802,0.05743719,1328.86729507,0.01998535,0.01998535,28972,88,0
6898.39886077,6898.39920381,290.88400992,290.87440679,0.02779848,1329.17745336,0.01998535,0.01998535,28971,88,0
6898.63670481,6898.63734947,297.55303596,297.53497656,0.05055858,1329.48821497,0.01998535,0.01998535,28970,88,0
6898.87595203,6898.87551158,304.22715294,304.23950034,0.06101609,1329.80022145,0.01998535,0.01998535,28969,88,0
6899.11402672,6899.11369012,310.90634975,310.91579213,0.04087528,1330.11011071,0.01998535,0.01998535,28968,88,0
6899.35147920,6899.35188511,317.59062265,317.57922810,0.03560777,1330.41860395,0.01998535,0.01998535,28967,88,0
6899.58987141,6899.59009654,324.27998880,324.27366448,0.06104829,1330.72772835,0.01998535,0.01998535,28966,88,0
6899.82887538,6899.82832442,330.97446909,330.98995691,0.04637608,1331.03705220,0.01998535,0.01998535,28965,88,0
6900.06657594,6900.06656875,337.67408449,337.67428676,0.05363610,1331.34409872,0.01998535,0.01998535,28964,88,0
6900.30478453,6900.30482953,344.37885606,344.37758915,0.04561923,1331.65121005,0.01998535,0.01998535,28963,88,0
6900.54329404,6900.54310676,351.08878834,351.09406407,0.06409147,1331.95811473,0.01998535,0.01998535,28962,88,0
6900.78062229,6900.78140045,357.80381490,357.78187915,0.04459120,1332.26290413,0.01998535,0.01998535,28961,88,0
6901.01870875,6901.01971059,364.52385000,364.49559015,0.03818786,1332.56806512,0.01998535,0.01998535,28960,88,0
6901.25798887,6901.25803718,371.24880752,371.24744367,0.04778863,1332.87414284,0.01998535,0.01998535,28959,88,0
6901.49630520,6901.49638024,377.97860095,377.97648135,0.03563816,1333.17837117,0.01998535,0.01998535,28958,88,0
6901.73317611,6901.73473976,384.71316360,384.66897054,0.05000835,1333.48014008,0.01998535,0.01998535,28957,88,0
6901.97267716,6901.97311573,391.45255314,391.44014975,0.04570464,1333.78463817,0.01998535,0.01998535,28956,88,0
6902.21318021,6902.21150817,398.19687493,398.24419436,0.08082587,1334.08978448,0.01998536,0.01998535,28955,88,0
6902.45021966,6902.44991708,404.94623492,404.95480387,0.03900220,1334.38992582,0.01998535,0.01998535,28954,88,0
6902.68720290,6902.68834246,411.70073948,411.66844509,0.06173473,1334.68939329,0.01998535,0.01998535,28953,88,0
6902.92590136,6902.92678430,418.46048653,418.43544669,0.03980771,1334.99042169,0.01998535,0.01998535,28952,88,0
6903.16532092,6903.16524261,425.22549814,425.22772054,0.04863521,1335.29174727,0.01998535,0.01998535,28951,88,0
6903.40408522,6903.40371740,431.99575801,432.00620417,0.02626575,1335.59163508,0.01998536,0.01998535,28950,88,0
6903.64137995,6903.64220866,438.77124945,438.74769773,0.06992093,1335.88906806,0.01998535,0.01998535,28949,88,0
6903.88081714,6903.88071639,445.55195566,445.55482097,0.03357039,1336.18856861,0.01998536,0.01998535,28948,88,0
6904.11927391,6904.11924061,452.33786091,452.33880869,0.05208459,1336.48622353,0.01998535,0.01998535,28947,88,0
6904.35803160,6904.35778130,459.12896196,459.13609023,0.06080572,1336.78363307,0.01998536,0.01998535,28946,88,0
6904.59594215,6904.59633847,465.92526347,465.91396872,0.03313211,1337.07936780,0.01998535,0.01998535,28945,88,0
6904.83476442,6904.83491213,472.72677024,472.72255775,0.06491215,1337.37561227,0.01998535,0.01998535,28944,88,0
6905.07266955,6905.07350227,479.53348706,479.50972216,0.04401492,1337.67009644,0.01998535,0.01998535,28943,88,0
6905.31256696,6905.31210889,486.34541391,486.35849579,0.05171678,1337.96641571,0.01998536,0.01998535,28942,88,0
6905.55008908,6905.55073201,493.16248211,493.14410854,0.06264359,1338.25917212,0.01998535,0.01998535,28941,88,0
6905.79025239,6905.78937161,499.98457187,500.00975924,0.02419051,1338.55454075,0.01998536,0.01998535,28940,88,0
6906.02711206,6906.02802770,506.81156165,506.78536055,0.05744793,1338.84520615,0.01998535,0.01998535,28939,88,0
6906.26611287,6906.26670029,513.64332931,513.62650975,0.04514235,1339.13784783,0.01998535,0.01998535,28938,88,0
6906.50597846,6906.50538937,520.47976739,520.49664514,0.03916221,1339.43088448,0.01998536,0.01998535,28937,88,0
6906.74423701,6906.74409495,527.32102187,527.32509482,0.04670959,1339.72130410,0.01998536,0.01998535,28936,88,0
6906.98305301,6906.98281702,534.16744928,534.17421971,0.04916609,1340.01176288,0.01998536,0.01998535,28935,88,0
6907.22187738,6907.22155560,541.01941409,541.02865315,0.03036248,1340.30160443,0.01998536,0.01998535,28934,88,0
6907.46062690,6907.46031067,547.87728247,547.88636941,0.06637734,1340.59074158,0.01998536,0.01998535,28933,88,0
6907.69865446,6907.69908225,554.74139992,554.72909661,0.05102838,1340.87840616,0.01998535,0.01998535,28932,88,0
6907.93775437,6907.93787034,561.61170401,561.60836625,0.04539526,1341.16676062,0.01998536,0.01998536,28931,88,0
6908.17692061,6908.17667493,568.48777332,568.49485014,0.04974704,1341.45456760,0.01998536,0.01998536,28930,88,0
6908.41550911,6908.41549603,575.36917234,575.36954936,0.03672604,1341.74103399,0.01998536,0.01998536,28929,88,0
6908.65565546,6908.65433363,582.25546347,582.29358639,0.05051533,1342.02869984,0.01998536,0.01998536,28928,88,0
6908.89339561,6908.89318775,589.14623098,589.15222921,0.05621388,1342.31280154,0.01998536,0.01998536,28927,88,0
6909.13206063,6909.13205839,596.04150035,596.04156514,0.03046860,1342.59732575,0.01998536,0.01998536,28926,88,0
6909.37095390,6909.37094554,602.94168806,602.94192970,0.06498002,1342.88145269,0.01998536,0.01998536,28925,88,0
6909.60938599,6909.60984920,609.84722594,609.83383184,0.03991040,1343.16437938,0.01998536,0.01998536,28924,88,0
6909.84905789,6909.84876938,616.75854787,616.76689681,0.04758231,1343.44813704,0.01998536,0.01998536,28923,88,0
6910.08724901,6910.08770609,623.67606533,623.66282681,0.04550951,1343.72952038,0.01998536,0.01998536,28922,88,0
6910.32746452,6910.32665931,630.59977066,630.62311091,0.04298854,1344.01266560,0.01998536,0.01998536,28921,88,0
6910.56555101,6910.56562906,637.52930080,637.52703672,0.04325263,1344.29266068,0.01998536,0.01998536,28920,88,0
6910.80241498,6910.80461534,644.46427981,644.40040777,0.04296394,1344.57056829,0.01998535,0.01998536,28919,88,0
6911.04398273,6911.04361814,651.40432995,651.41492018,0.04283349,1344.85331003,0.01998536,0.01998536,28918,88,0
6911.28276221,6911.28263747,658.34910117,658.35272660,0.04622350,1345.13209291,0.01998536,0.01998536,28917,88,0
6911.52148119,6911.52167333,665.29868081,665.29309275,0.04734135,1345.41011601,0.01998536,0.01998536,28916,88,0
6911.76107871,6911.76072572,672.25349328,672.26376659,0.04773484,1345.68848481,0.01998536,0.01998536,28915,88,0
6911.99981754,6911.99979465,679.21397358,679.21464053,0.04668758,1345.96519641,0.01998536,0.01998536,28914,88,0
6912.23924267,6912.23888011,686.18055881,686.19112782,0.04897265,1346.24205765,0.01998536,0.01998536,28913,88,0
6912.47823212,6912.47798211,693.15364756,693.16094206,0.04688699,1346.51778376,0.01998536,0.01998536,28912,88,0
6912.71695621,6912.71710064,700.13315237,700.12893486,0.05133632,1346.79256835,0.01998536,0.01998536,28911,88,0
6912.95621100,6912.95623572,707.11866276,707.11794026,0.06282435,1347.06730832,0.01998536,0.01998536,28910,88,0
6913.19566326,6913.19538734,714.10976052,714.11782927,0.05456487,1347.34159958,0.01998536,0.01998536,28909,88,0
6913.43431803,6913.43455551,721.10602538,721.09907643,0.05428750,1347.61428670,0.01998536,0.01998536,28908,88,0
6913.67417253,6913.67374022,728.10708637,728.11974420,0.05288101,1347.88763374,0.01998536,0.01998536,28907,88,0
6913.91340638,6913.91294148,735.11304329,735.12666430,0.06202791,1348.15956585,0.01998536,0.01998536,28906,88,0
6914.15251796,6914.15215929,742.12425129,742.13476743,0.05932639,1348.43066489,0.01998536,0.01998536,28905,88,0
6914.39167652,6914.39139365,749.14106970,749.14936963,0.05601805,1348.70113514,0.01998536,0.01998536,28904,88,0
6914.63079233,6914.63064456,756.16385963,756.16819902,0.05540519,1348.97088701,0.01998536,0.01998536,28903,88,0
6914.87030404,6914.86991202,763.19293355,763.20445474,0.04619874,1349.24042378,0.01998536,0.01998536,28902,88,0
6915.10932266,6915.10919605,770.22826543,770.23198947,0.04731741,1349.50874223,0.01998536,0.01998536,28901,88,0
6915.34830454,6915.34849663,777.26968839,777.26403396,0.04557177,1349.77634838,0.01998536,0.01998536,28900,88,0
6915.58811277,6915.58781377,784.31703424,784.32584248,0.04511957,1350.04419687,0.01998536,0.01998536,28899,88,0
6915.82723593,6915.82714747,791.37013397,791.37274192,0.04543352,1350.31059053,0.01998536,0.01998536,28898,88,0
6916.06652432,6916.06649773,798.42885385,798.42963822,0.03650380,1350.57647188,0.01998536,0.01998536,28897,88,0
6916.30527889,6916.30586456,805.49323107,805.47594007,0.03711603,1350.84106525,0.01998536,0.01998536,28896,88,0
6916.54500429,6916.54524795,812.56335384,812.55615455,0.02851417,1351.10603757,0.01998536,0.01998536,28895,88,0
6916.78398526,6916.78464792,819.63931079,819.61971706,0.03980320,1351.36949328,0.01998535,0.01998536,28894,88,0
6917.02371822,6917.02406445,826.72119099,826.71094558,0.04888629,1351.63308329,0.01998536,0.01998536,28893,88,0
6917.26331163,6917.26349755,833.80906289,833.80355683,0.04725689,1351.89582518,0.01998536,0.01998536,28892,88,0
6917.50257445,6917.50294723,840.90292845,840.89188030,0.05946875,1352.15750948,0.01998536,0.01998536,28891,88,0
6917.74242314,6917.74241349,848.00277636,848.00306283,0.06968156,1352.41913491,0.01998536,0.01998536,28890,88,0
6917.98222665,6917.98189632,855.10859528,855.11840075,0.04801744,1352.68000826,0.01998536,0.01998536,28889,88,0
6918.22160219,6918.22139572,862.22037422,862.22650751,0.04435593,1352.93971270,0.01998536,0.01998536,28888,88,0
6918.46091815,6918.46091171,869.33816809,869.33835953,0.04034848,1353.19864999,0.01998536,0.01998536,28887,88,0
6918.70027490,6918.70044428,876.46216702,876.45712727,0.03155659,1353.45693359,0.01998536,0.01998536,28886,88,0
6918.93989354,6918.93999344,883.59257855,883.58960367,0.04413388,1353.71480607,0.01998536,0.01998536,28885,88,0
6919.17902571,6919.17955918,890.72961128,890.71371153,0.05117024,1353.97146827,0.01998536,0.01998536,28884,88,0
6919.41870297,6919.41914150,897.87346774,897.86038565,0.04939836,1354.22803202,0.01998536,0.01998536,28883,88,0
6919.65811804,6919.65874042,905.02408264,905.00550066,0.05824396,1354.48362728,0.01998536,0.01998536,28882,88,0
6919.89835661,6919.89835592,912.18104528,912.18106578,0.04666978,1354.73939357,0.01998536,0.01998536,28881,88,0
6920.13826609,6920.13798802,919.34392024,919.35223493,0.03938545,1354.99408390,0.01998536,0.01998536,28880,88,0
6920.37770889,6920.37763671,926.51226986,926.51442953,0.03869147,1355.24753827,0.01998536,0.01998536,28879,88,0
6920.61712918,6920.61730200,933.68568644,933.68051228,0.04781601,1355.50021291,0.01998536,0.01998536,28878,88,0
6920.85641214,6920.85698389,940.86424666,940.84711689,0.04797579,1355.75198831,0.01998536,0.01998536,28877,88,0
6921.09677957,6921.09668237,948.04840447,948.05131877,0.05705960,1356.00415973,0.01998536,0.01998536,28876,88,0
6921.33621544,6921.33639745,955.23862597,955.23316436,0.04815801,1356.25462569,0.01998536,0.01998536,28875,88,0
6921.57556522,6921.57612914,962.43537964,962.41844320,0.03694273,1356.50428932,0.01998536,0.01998536,28874,88,0
6921.81636617,6921.81587743,969.63906265,969.65375403,0.04085851,1356.75475948,0.01998536,0.01998536,28873,88,0
6922.05582243,6922.05564233,976.84954678,976.85496508,0.05850941,1357.00312070,0.01998536,0.01998536,28872,88,0
6922.29531699,6922.29542384,984.06647332,984.06325606,0.05758462,1357.25079849,0.01998536,0.01998536,28871,88,0
6922.53491171,6922.53522195,991.28948075,991.28013245,0.03797440,1357.49784161,0.01998536,0.01998536,28870,88,0
6922.77518343,6922.77503668,998.51820570,998.52263074,0.03040662,1357.74482667,0.01998536,0.01998536,28869,88,0
6923.01510560,6923.01486802,1005.75240448,1005.75957325,0.03921783,1357.99068660,0.01998536,0.01998536,28868,88,0
6923.25446751,6923.25471597,1012.99226082,1012.98475822,0.05539673,1358.23521412,0.01998536,0.01998536,28867,88,0
6923.49470844,6923.49458054,1020.23805382,1020.24191879,0.04421925,1358.47988545,0.01998536,0.01998536,28866,88,0
6923.73411863,6923.73446173,1027.49006404,1027.47968727,0.03053800,1358.72296636,0.01998536,0.01998536,28865,88,0
6923.97455368,6923.97435954,1034.74857159,1034.75444813,0.03922991,1358.96634717,0.01998536,0.01998536,28864,88,0
6924.21450580,6924.21427397,1042.01370538,1042.02072858,0.05261326,1359.20850105,0.01998536,0.01998536,28863,88,0
6924.45532190,6924.45420502,1049.28533186,1049.31919510,0.04148105,1359.45077868,0.01998536,0.01998536,28862,88,0
6924.69443227,6924.69415270,1056.56329075,1056.57177394,0.03781261,1359.69059106,0.01998536,0.01998536,28861,88,0
6924.93368408,6924.93411701,1063.84742087,1063.83427446,0.05324441,1359.92979062,0.01998536,0.01998536,28860,88,0
6925.17447810,6925.17409794,1071.13756730,1071.14912003,0.04795425,1360.16976255,0.01998536,0.01998536,28859,88,0
6925.41425326,6925.41409550,1078.43369665,1078.43849456,0.03748187,1360.40794879,0.01998536,0.01998536,28858,88,0
6925.65373612,6925.65410970,1085.73587860,1085.72450856,0.04146891,1360.64507751,0.01998536,0.01998536,28857,88,0
6925.89429105,6925.89414053,1093.04418643,1093.04877111,0.05464398,1360.88249614,0.01998536,0.01998536,28856,88,0
6926.13391664,6926.13418799,1100.35869378,1100.35042226,0.03615105,1361.11822886,0.01998536,0.01998536,28855,88,0
6926.37441969,6926.37425209,1107.67949611,1107.68460915,0.03466002,1361.35405419,0.01998536,0.01998536,28854,88,0
6926.61392975,6926.61433283,1115.00682215,1114.99451469,0.05527267,1361.58814366,0.01998536,0.01998536,28853,88,0
6926.85462583,6926.85443021,1122.34095265,1122.34693067,0.03793295,1361.82263264,0.01998536,0.01998536,28852,88,0
6927.09376490,6927.09454424,1129.68216993,1129.65833177,0.04194629,1362.05485703,0.01998536,0.01998536,28851,88,0
6927.33421579,6927.33467490,1137.03075726,1137.01670057,0.05115256,1362.28761020,0.01998536,0.01998536,28850,88,0
6927.57459028,6927.57482222,1144.38680904,1144.37970115,0.03373167,1362.51954293,0.01998536,0.01998536,28849,88,0
6927.81419611,6927.81498618,1151.74995264,1151.72571976,0.04235939,1362.74997685,0.01998536,0.01998536,28848,88,0
6928.05546299,6928.05516679,1159.11974297,1159.12883524,0.06311590,1362.98122786,0.01998536,0.01998536,28847,88,0
6928.29565829,6928.29536405,1166.49573254,1166.50477157,0.03466589,1363.21065756,0.01998536,0.01998536,28846,88,0
6928.53600523,6928.53557796,1173.87749045,1173.89062483,0.06179140,1363.43942327,0.01998536,0.01998536,28845,88,0
6928.77627761,6928.77580853,1181.26502973,1181.27946039,0.03963598,1363.66730772,0.01998536,0.01998536,28844,88,0
6929.01607074,6929.01605575,1188.65881461,1188.65927592,0.03521216,1363.89394196,0.01998536,0.01998536,28843,88,0
6929.25562031,6929.25631963,1196.05933179,1196.03778212,0.05980374,1364.11956487,0.01998536,0.01998536,28842,88,0
6929.49644779,6929.49660017,1203.46707060,1203.46237044,0.03817558,1364.34561679,0.01998536,0.01998536,28841,88,0
6929.73691332,6929.73689738,1210.88244154,1210.88293388,0.05462252,1364.57056384,0.01998536,0.01998536,28840,88,0
6929.97765590,6929.97721124,1218.30533559,1218.31907649,0.04104038,1364.79499806,0.01998536,0.01998536,28839,88,0
6930.21809943,6930.21754177,1225.73543747,1225.75268556,0.05904409,1365.01837021,0.01998536,0.01998536,28838,88,0
6930.45778544,6930.45788897,1233.17242962,1233.16922482,0.04510418,1365.24024744,0.01998536,0.01998536,28837,88,0
6930.69786129,6930.69825283,1240.61599357,1240.60386362,0.03452137,1365.46168173,0.01998536,0.01998536,28836,88,0
6930.93805751,6930.93863337,1248.06595667,1248.04810229,0.04908774,1365.68241444,0.01998536,0.01998536,28835,88,0
6931.17863066,6931.17903058,1255.52246182,1255.51005223,0.03427382,1365.90268071,0.01998536,0.01998536,28834,88,0
6931.41928964,6931.41944446,1262.98569357,1262.98088556,0.05223452,1366.12221467,0.01998536,0.01998536,28833,88,0
6931.66004095,6931.65987501,1270.45583748,1270.46099554,0.03292023,1366.34102430,0.01998536,0.01998536,28832,88,0
6931.89978510,6931.90032224,1277.93307120,1277.91636004,0.04497104,1366.55811749,0.01998536,0.01998536,28831,88,0
6932.14092177,6932.14078615,1285.41744144,1285.42166427,0.03581520,1366.77566400,0.01998536,0.01998536,28830,88,0
6932.38114746,6932.38126674,1292.90889430,1292.90517674,0.05250916,1366.99157907,0.01998536,0.01998536,28829,88,0
6932.62118085,6932.62176402,1300.40737304,1300.38918269,0.03463093,1367.20650996,0.01998536,0.01998536,28828,88,0
6932.86243985,6932.86227798,1307.91282057,1307.91787402,0.04957716,1367.42171679,0.01998536,0.01998536,28827,88,0
6933.10227356,6933.10280862,1315.42517632,1315.40845818,0.03444941,1367.63483166,0.01998536,0.01998536,28826,88,0
6933.34338248,6933.34335595,1322.94436724,1322.94519694,0.05272876,1367.84825033,0.01998536,0.01998536,28825,88,0
6933.58376801,6933.58391997,1330.47031692,1330.46556092,0.03497055,1368.06019618,0.01998536,0.01998536,28824,88,0
6933.82452966,6933.82450068,1338.00294851,1338.00385631,0.05059476,1368.27163579,0.01998536,0.01998536,28823,88,0
6934.06436300,6934.06509808,1345.54218973,1345.51914642,0.03193660,1368.48142201,0.01998536,0.01998536,28822,88,0
6934.30585381,6934.30571218,1353.08812604,1353.09256985,0.05166645,1368.69181272,0.01998536,0.01998536,28821,88,0
6934.54619275,6934.54634297,1360.64102913,1360.63631214,0.03443903,1368.90036272,0.01998536,0.01998536,28820,88,0
6934.78728770,6934.78699046,1368.20118285,1368.21052540,0.05555122,1369.10873483,0.01998536,0.01998536,28819,88,0
6935.02755057,6935.02765465,1375.76887264,1375.76559839,0.04827482,1369.31556194,0.01998536,0.01998536,28818,88,0
6935.26824378,6935.26833554,1383.34432542,1383.34143602,0.03917656,1369.52193619,0.01998536,0.01998536,28817,88,0
6935.50926535,6935.50903313,1390.92742965,1390.93474910,0.04870309,1369.72776028,0.01998536,0.01998536,28816,88,0
6935.74940336,6935.74974743,1398.51795377,1398.50709926,0.02964017,1369.93199303,0.01998536,0.01998536,28815,88,0
6935.99023346,6935.99047844,1406.11566474,1406.10792967,0.05135118,1370.13596647,0.01998536,0.01998536,28814,88,0
6936.23113552,6936.23122615,1413.72033014,1413.71746626,0.03065833,1370.33914243,0.01998536,0.01998536,28813,88,0
6936.47218689,6936.47199057,1421.33181821,1421.33802719,0.05207691,1370.54157884,0.01998536,0.01998536,28812,88,0
6936.71289911,6936.71277171,1428.95014694,1428.95417972,0.04944635,1370.74286440,0.01998536,0.01998536,28811,88,0
6936.95345886,6936.95356955,1436.57534648,1436.57183982,0.03328460,1370.94315609,0.01998536,0.01998536,28810,88,0
6937.19422273,6937.19438412,1444.20744712,1444.20233010,0.05363684,1371.14274874,0.01998536,0.01998536,28809,88,0
6937.43519515,6937.43521540,1451.84652200,1451.84587939,0.05223333,1371.34164306,0.01998536,0.01998536,28808,88,0
6937.67609159,6937.67606340,1459.49292414,1459.49381965,0.03447366,1371.53960999,0.01998536,0.01998536,28807,88,0
6937.91765740,6937.91692812,1467.14712098,1467.17030782,0.05391329,1371.73726810,0.01998536,0.01998536,28806,88,0
6938.15761978,6938.15780956,1474.80958301,1474.80354312,0.04790558,1371.93277167,0.01998536,0.01998536,28805,88,0
6938.39883517,6938.39870772,1482.48077516,1482.48483588,0.02831375,1372.12845840,0.01998536,0.01998536,28804,88,0
6938.63960297,6938.63962261,1490.16070843,1490.16008197,0.04541292,1372.32294137,0.01998536,0.01998536,28803,88,0
6938.88069034,6938.88055423,1497.84870564,1497.85305093,0.04673162,1372.51682051,0.01998536,0.01998536,28802,88,0
6939.12164321,6939.12150258,1505.54402870,1505.54852195,0.02471213,1372.70970808,0.01998536,0.01998536,28801,88,0
6939.36245347,6939.36246765,1513.24593513,1513.24548176,0.04745746,1372.90157791,0.01998536,0.01998536,28800,88,0
6939.60335298,6939.60344946,1520.95383343,1520.95074622,0.04343705,1373.09259789,0.01998536,0.01998536,28799,88,0
6939.84396153,6939.84444801,1528.66805203,1528.65247395,0.05493856,1373.28247353,0.01998536,0.01998536,28798,88,0
6940.08556050,6940.08546329,1536.38926129,1536.39237694,0.02790712,1373.47222606,0.01998536,0.01998536,28797,88,0
6940.32623284,6940.32649530,1544.11813601,1544.10971579,0.04260701,1373.66036318,0.01998536,0.01998536,28796,88,0
6940.56779511,6940.56754406,1551.85534260,1551.86340491,0.05172656,1373.84831832,0.01998536,0.01998536,28795,88,0
6940.80844437,6940.80860956,1559.60110813,1559.59579760,0.03072558,1374.03469099,0.01998536,0.01998536,28794,88,0
6941.04967860,6941.04969180,1567.35510573,1567.35468105,0.05049935,1374.22063194,0.01998536,0.01998536,28793,88,0
6941.29115056,6941.29079079,1575.11697148,1575.12855934,0.05343479,1374.40585711,0.01998536,0.01998536,28792,88,0
6941.53226121,6941.53190652,1582.88633926,1582.89777337,0.05047930,1374.58989596,0.01998537,0.01998536,28791,88,0
6941.77317071,6941.77303900,1590.66293984,1590.66718944,0.05320405,1374.77286471,0.01998536,0.01998536,28790,88,0
6942.01412778,6942.01418823,1598.44692557,1598.44497355,0.02800942,1374.95495391,0.01998536,0.01998536,28789,88,0
6942.25571579,6942.25535421,1606.23856268,1606.25025002,0.05289293,1375.13660386,0.01998537,0.01998536,28788,88,0
6942.49685556,6942.49653695,1614.03811896,1614.04842731,0.04892705,1375.31700529,0.01998537,0.01998536,28787,88,0
6942.73793637,6942.73773644,1621.84585111,1621.85232607,0.04533507,1375.49645509,0.01998536,0.01998536,28786,88,0
6942.97912547,6942.97895269,1629.66179576,1629.66739702,0.05008109,1375.67507511,0.01998536,0.01998536,28785,88,0
6943.22051503,6943.22018569,1637.48580118,1637.49648779,0.03051268,1375.85292518,0.01998537,0.01998536,28784,88,0
6943.46167221,6943.46143546,1645.31770872,1645.32539811,0.04770061,1376.02967986,0.01998537,0.01998537,28783,88,0
6943.70212813,6943.70270199,1653.15735904,1653.13870362,0.04773192,1376.20499421,0.01998536,0.01998537,28782,88,0
6943.94389097,6943.94398528,1661.00469406,1661.00162538,0.04531823,1376.38032456,0.01998536,0.01998537,28781,88,0
6944.18520157,6944.18528534,1668.85990712,1668.85717863,0.05121544,1376.55439141,0.01998536,0.01998537,28780,88,0
6944.42621888,6944.42660217,1676.72323072,1676.71073517,0.04882649,1376.72731577,0.01998536,0.01998537,28779,88,0
6944.66783302,6944.66793576,1684.59489875,1684.59154572,0.03089390,1376.89973642,0.01998536,0.01998537,28778,88,0
6944.90894498,6944.90928613,1692.47510763,1692.46396350,0.05561150,1377.07086950,0.01998536,0.01998537,28777,88,0
6945.15086968,6945.15065327,1700.36375621,1700.37083291,0.04676144,1377.24164091,0.01998537,0.01998537,28776,88,0
6945.39166397,6945.39203718,1708.26060428,1708.24838905,0.04945995,1377.41067238,0.01998536,0.01998537,28775,88,0
6945.63376707,6945.63343787,1716.16540935,1716.17619431,0.05187467,1377.57966672,0.01998537,0.01998537,28774,88,0
6945.87498688,6945.87485534,1724.07793386,1724.08224713,0.04421808,1377.74708309,0.01998537,0.01998537,28773,88,0
6946.11633684,6946.11628958,1731.99815015,1731.99970121,0.04511694,1377.91362573,0.01998537,0.01998537,28772,88,0
6946.35763628,6946.35774061,1739.92628388,1739.92285667,0.04590350,1378.07917116,0.01998537,0.01998537,28771,88,0
6946.59883795,6946.59920842,1747.86257707,1747.85039477,0.04090616,1378.24368969,0.01998536,0.01998537,28770,88,0
6946.84118146,6946.84069302,1755.80727318,1755.82335090,0.04680853,1378.40802238,0.01998537,0.01998537,28769,88,0
6947.08245093,6947.08219440,1763.76055049,1763.76900287,0.04546749,1378.57066649,0.01998537,0.01998537,28768,88,0
6947.32406689,6947.32371257,1771.72238582,1771.73407200,0.04569659,1378.73258006,0.01998537,0.01998537,28767,88,0
6947.56560772,6947.56524753,1779.69271742,1779.70460922,0.05221225,1378.89347428,0.01998537,0.01998537,28766,88,0
6947.80725046,6947.80679928,1787.67148317,1787.68639338,0.04903308,1379.05346223,0.01998537,0.01998537,28765,88,0
6948.04857692,6948.04836783,1795.65862147,1795.66553810,0.04951194,1379.21226375,0.01998537,0.01998537,28764,88,0
6948.29017109,6948.28995317,1803.65407779,1803.66129353,0.05196324,1379.37025899,0.01998537,0.01998537,28763,88,0
6948.53184369,6948.53155531,1811.65780100,1811.66735887,0.05010864,1379.52731770,0.01998537,0.01998537,28762,88,0
6948.77356548,6948.77317425,1819.66973960,1819.68271885,0.05125851,1379.68341578,0.01998537,0.01998537,28761,88,0
6949.01525547,6949.01480999,1827.68984538,1827.70463825,0.04697600,1379.83849657,0.01998537,0.01998537,28760,88,0
6949.25676589,6949.25646253,1835.71816475,1835.72824822,0.04746175,1379.99246419,0.01998537,0.01998537,28759,88,0
6949.49798139,6949.49813187,1843.75484594,1843.74983914,0.04397806,1380.14524753,0.01998537,0.01998537,28758,88,0
6949.73941276,6949.73981802,1851.80004304,1851.78654615,0.04260875,1380.29717014,0.01998537,0.01998537,28757,88,0
6949.98107808,6949.98152098,1859.85391109,1859.83914540,0.03558457,1380.44824004,0.01998537,0.01998537,28756,88,0
6950.22349413,6950.22324075,1867.91660929,1867.92506544,0.04092786,1380.59877362,0.01998537,0.01998537,28755,88,0
6950.46487879,6950.46497733,1875.98830499,1875.98501302,0.03882089,1380.74766545,0.01998537,0.01998537,28754,88,0
6950.70682327,6950.70673072,1884.06916756,1884.07226305,0.03661986,1380.89589939,0.01998537,0.01998537,28753,88,0
6950.94798925,6950.94850092,1892.15936743,1892.14223618,0.04439330,1381.04265616,0.01998537,0.01998537,28752,88,0
6951.19040816,6951.19028795,1900.25899110,1900.26302040,0.04351976,1381.18916674,0.01998537,0.01998537,28751,88,0
6951.43176988,6951.43209179,1908.36771163,1908.35691137,0.04932991,1381.33402406,0.01998537,0.01998537,28750,88,0
6951.67369162,6951.67391245,1916.48507414,1916.47765785,0.05099647,1381.47819007,0.01998537,0.01998537,28749,88,0
6951.91595243,6951.91574993,1924.61062073,1924.61742766,0.05098624,1381.62151578,0.01998537,0.01998537,28748,88,0
6952.15730018,6952.15760423,1932.74395038,1932.73372060,0.04415820,1381.76325381,0.01998537,0.01998537,28747,88,0
6952.39935415,6952.39947537,1940.88529094,1940.88120877,0.04116393,1381.90435724,0.01998537,0.01998537,28746,88,0
6952.64103118,6952.64136332,1949.03525045,1949.02405363,0.03983288,1382.04419962,0.01998537,0.01998537,28745,88,0
6952.88314752,6952.88326811,1957.19444605,1957.19037659,0.04400428,1382.18325979,0.01998537,0.01998537,28744,88,0
6953.12558969,6953.12518973,1965.36347758,1965.37699120,0.05400754,1382.32147394,0.01998537,0.01998537,28743,88,0
6953.36662505,6953.36712817,1973.54239058,1973.52537283,0.04927309,1382.45785791,0.01998537,0.01998537,28742,88,0
6953.60931332,6953.60908346,1981.73063147,1981.73841460,0.04887783,1382.59412810,0.01998537,0.01998537,28741,88,0
6953.85098915,6953.85105558,1989.92761345,1989.92536218,0.03806613,1382.72877029,0.01998537,0.01998537,28740,88,0
6954.09279414,6954.09304453,1998.13274884,1998.12425500,0.03988890,1382.86241315,0.01998537,0.01998537,28739,88,0
6954.33472971,6954.33505033,2006.34574669,2006.33486080,0.04857689,1382.99504771,0.01998537,0.01998537,28738,88,0
6954.57686102,6954.57707296,2014.56686542,2014.55966255,0.05046220,1383.12670839,0.01998537,0.01998537,28737,88,0
6954.81978892,6954.81911244,2022.79642410,2022.81943636,0.04137406,1383.25771696,0.01998537,0.01998537,28736,88,0
6955.06110687,6955.06116876,2031.03474392,2031.03263639,0.03764236,1383.38678254,0.01998537,0.01998537,28735,88,0
6955.30302327,6955.30324193,2039.28215525,2039.27470139,0.04535330,1383.51509450,0.01998537,0.01998537,28734,88,0
6955.54569650,6955.54533195,2047.53901223,2047.55145253,0.05095280,1383.64272946,0.01998537,0.01998537,28733,88,0
6955.78736303,6955.78743882,2055.80567552,2055.80308626,0.04153009,1383.76876306,0.01998537,0.01998537,28732,88,0
6956.02970581,6956.02956254,2064.08250816,2064.08740882,0.04296243,1383.89407655,0.01998537,0.01998537,28731,88,0
6956.27166835,6956.27170311,2072.36979064,2072.36860041,0.05323591,1384.01812154,0.01998537,0.01998537,28730,88,0
6956.51385268,6956.51386053,2080.66738098,2080.66711156,0.03988277,1384.14120121,0.01998537,0.01998537,28729,88,0
6956.75586965,6956.75603482,2088.97500392,2088.96933483,0.03170241,1384.26310906,0.01998537,0.01998537,28728,88,0
6956.99822455,6956.99822596,2097.29238222,2097.29233381,0.05320572,1384.38409020,0.01998537,0.01998537,28727,88,0
6957.24020579,6957.24043396,2105.61925644,2105.61140815,0.04930628,1384.50378184,0.01998537,0.01998537,28726,88,0
6957.48250946,6957.48265883,2113.95551926,2113.95037604,0.03910131,1384.62252308,0.01998537,0.01998537,28725,88,0
6957.72472058,6957.72490055,2122.30113498,2122.29493124,0.04650995,1384.74010453,0.01998537,0.01998537,28724,88,0
6957.96731247,6957.96715915,2130.65606803,2130.66135845,0.05186809,1384.85674951,0.01998537,0.01998537,28723,88,0
6958.20987796,6958.20943461,2139.02029755,2139.03561165,0.03958267,1384.97225552,0.01998537,0.01998537,28722,88,0
6958.45209891,6958.45172694,2147.39398166,2147.40684417,0.04806261,1385.08647188,0.01998537,0.01998537,28721,88,0
6958.69366522,6958.69403614,2155.77739749,2155.76455733,0.04184068,1385.19925899,0.01998537,0.01998537,28720,88,0
6958.93619169,6958.93636221,2164.17082612,2164.16491625,0.03991907,1385.31136828,0.01998537,0.01998537,28719,88,0
6959.17838504,6959.17870516,2172.57453801,2172.56343061,0.04489150,1385.42219682,0.01998537,0.01998537,28718,88,0
6959.42083720,6959.42106498,2180.98857974,2180.98066710,0.03828596,1385.53201220,0.01998537,0.01998537,28717,88,0
6959.66327822,6959.66344169,2189.41280246,2189.40711778,0.05077511,1385.64068407,0.01998537,0.01998537,28716,88,0
6959.90572165,6959.90583527,2197.84704975,2197.84309414,0.03452513,1385.74821220,0.01998537,0.01998537,28715,88,0
6960.14847156,6960.14824573,2206.29116360,2206.29903439,0.05266547,1385.85472295,0.01998537,0.01998537,28714,88,0
6960.39126645,6960.39067308,2214.74497294,2214.76567589,0.03649218,1385.96009272,0.01998537,0.01998537,28713,88,0
6960.63291200,6960.63311731,2223.20829261,2223.20112191,0.04028011,1386.06380467,0.01998537,0.01998537,28712,88,0
6960.87540221,6960.87557843,2231.68093541,2231.67477462,0.05000813,1386.16671048,0.01998537,0.01998537,28711,88,0
6961.11801001,6961.11805643,2240.16271958,2240.16109502,0.03801901,1386.26848845,0.01998537,0.01998537,28710,88,0
6961.36075708,6961.36055133,2248.65371797,2248.66092619,0.04697397,1386.36914274,0.01998537,0.01998537,28709,88,0
6961.60333397,6961.60306312,2257.15433264,2257.16383187,0.04230672,1386.46854595,0.01998537,0.01998537,28708,88,0
6961.84525397,6961.84559180,2265.66499004,2265.65312829,0.04973177,1386.56650541,0.01998537,0.01998537,28707,88,0
6962.08828680,6962.08813738,2274.18611576,2274.19136850,0.03237185,1386.66373485,0.01998537,0.01998537,28706,88,0
6962.33057538,6962.33069985,2282.71794235,2282.71356142,0.05064449,1386.75948667,0.01998537,0.01998537,28705,88,0
6962.57318957,6962.57327923,2291.26041977,2291.25726066,0.05431803,1386.85418151,0.01998537,0.01998537,28704,88,0
6962.81642521,6962.81587550,2299.81347528,2299.83286708,0.04140168,1386.94792243,0.01998537,0.01998537,28703,88,0
6963.05864686,6963.05848868,2308.37703455,2308.38262095,0.05027126,1387.04007661,0.01998537,0.01998537,28702,88,0
6963.30175115,6963.30111876,2316.95096149,2316.97332109,0.03828907,1387.13136057,0.01998537,0.01998537,28701,88,0
6963.54401805,6963.54376575,2325.53502379,2325.54395432,0.04402604,1387.22112114,0.01998537,0.01998537,28700,88,0
6963.78688271,6963.78642964,2334.12897914,2334.14503287,0.05422023,1387.30988494,0.01998537,0.01998537,28699,88,0
6964.02952094,6964.02911045,2342.73258843,2342.74714874,0.04137164,1387.39734119,0.01998537,0.01998537,28698,88,0
6964.27196784,6964.27180817,2351.34592844,2351.35159831,0.04843563,1387.48350225,0.01998537,0.01998537,28697,88,0
6964.51436706,6964.51452280,2359.96958036,2359.96404392,0.03708202,1387.56842241,0.01998537,0.01998537,28696,88,0
6964.75713980,6964.75725434,2368.60417425,2368.60009704,0.04482467,1387.65224827,0.01998537,0.01998537,28695,88,0
6965.00020877,6965.00000280,2377.25033761,2377.25767842,0.05328917,1387.73494918,0.01998537,0.01998537,28694,88,0
6965.24269464,6965.24276818,2385.90828603,2385.90566160,0.03058049,1387.81622500,0.01998537,0.01998537,28693,88,0
6965.48564123,6965.48555048,2394.57759760,2394.58083990,0.04302196,1387.89641741,0.01998537,0.01998537,28692,88,0
6965.72856403,6965.72834971,2403.25779302,2403.26545940,0.05537869,1387.97535375,0.01998537,0.01998537,28691,88,0
6965.97102905,6965.97116585,2411.94839484,2411.94349573,0.03515730,1388.05288766,0.01998537,0.01998537,28690,88,0
6966.21393642,6966.21399893,2420.64917747,2420.64693679,0.04776839,1388.12930051,0.01998537,0.01998537,28689,88,0
6966.45711072,6966.45684892,2429.36027391,2429.36966993,0.04625248,1388.20452818,0.01998537,0.01998537,28688,88,0
6966.69991477,6966.69971585,2438.08184524,2438.08899272,0.05661933,1388.27837112,0.01998537,0.01998537,28687,88,0
6966.94252389,6966.94259971,2446.81405749,2446.81133008,0.04022078,1388.35088378,0.01998537,0.01998537,28686,88,0
6967.18523640,6967.18550050,2455.55720890,2455.54769691,0.04209728,1388.42215370,0.01998537,0.01998537,28685,88,0
6967.42820388,6967.42841823,2464.31176136,2464.30403156,0.04483543,1388.49222133,0.01998537,0.01998537,28684,88,0
6967.67101704,6967.67135289,2473.07819010,2473.06606275,0.02899615,1388.56096640,0.01998537,0.01998537,28683,88,0
6967.91403342,6967.91430449,2481.85694859,2481.84714714,0.04995859,1388.62848785,0.01998537,0.01998537,28682,88,0
6968.15691946,6968.15727303,2490.64788559,2490.63508500,0.03817910,1388.69468572,0.01998537,0.01998537,28681,88,0
6968.40007020,6968.40025851,2499.45022570,2499.44339994,0.04548529,1388.75965542,0.01998537,0.01998537,28680,88,0
6968.64328157,6968.64326094,2508.26315933,2508.26390816,0.04713127,1388.82332885,0.01998537,0.01998537,28679,88,0
6968.88651939,6968.88628031,2517.08591877,2517.09460294,0.03070890,1388.88568619,0.01998537,0.01998537,28678,88,0
6969.12874885,6969.12931662,2525.91850816,2525.89786258,0.05191962,1388.94646577,0.01998537,0.01998537,28677,88,0
6969.37240351,6969.37236989,2534.76156136,2534.76278536,0.04984231,1389.00627459,0.01998537,0.01998537,28676,88,0
6969.61513029,6969.61544010,2543.61573512,2543.60444264,0.04273196,1389.06453053,0.01998537,0.01998537,28675,88,0
6969.85818394,6969.85852727,2552.48164219,2552.46911209,0.04231666,1389.12153848,0.01998537,0.01998537,28674,88,0
6970.10187528,6970.10163139,2561.35937709,2561.36828883,0.04553883,1389.17735866,0.01998537,0.01998537,28673,88,0
6970.34482725,6970.34475247,2570.24871832,2570.25145435,0.04688816,1389.23166973,0.01998537,0.01998537,28672,88,0
6970.58755261,6970.58789050,2579.14943818,2579.13706118,0.05062961,1389.28458764,0.01998537,0.01998537,28671,88,0
6970.83120731,6970.83104550,2588.06134561,2588.06727962,0.05342464,1389.33635228,0.01998537,0.01998537,28670,88,0
6971.07405634,6971.07421745,2596.98451565,2596.97860003,0.03785501,1389.38658930,0.01998537,0.01998537,28669,88,0
6971.31740887,6971.31740637,2605.91913746,2605.91922942,0.04870376,1389.43556789,0.01998537,0.01998537,28668,88,0
6971.56017401,6971.56061225,2614.86540207,2614.84927154,0.04625522,1389.48306495,0.01998537,0.01998537,28667,88,0
6971.80381512,6971.80383510,2623.82350538,2623.82276898,0.04822994,1389.52935998,0.01998537,0.01998537,28666,88,0
6972.04711661,6972.04707492,2632.79365997,2632.79519837,0.04737896,1389.57421302,0.01998537,0.01998537,28665,88,0
6972.29039191,6972.29033170,2641.77608424,2641.77830872,0.04931794,1389.61768042,0.01998537,0.01998537,28664,88,0
6972.53332396,6972.53360546,2650.77099806,2650.76058290,0.04602823,1389.65970400,0.01998537,0.01998537,28663,88,0
6972.77677453,6972.77689619,2659.77852450,2659.77401715,0.04463212,1389.70042608,0.01998537,0.01998537,28662,88,0
6973.01974312,6973.02020390,2668.79852327,2668.78143002,0.04280389,1389.73967253,0.01998537,0.01998537,28661,88,0
6973.26320260,6973.26352858,2677.83080901,2677.81870088,0.04480814,1389.77759383,0.01998537,0.01998537,28660,88,0
6973.50640456,6973.50687024,2686.87519718,2686.85787811,0.04874139,1389.81406494,0.01998537,0.01998537,28659,88,0
6973.75015913,6973.75022889,2695.93165540,2695.92905770,0.05679537,1389.84919897,0.01998537,0.01998537,28658,88,0
6973.99346389,6973.99360451,2705.00039640,2704.99515327,0.05278727,1389.88284568,0.01998537,0.01998537,28657,88,0
6974.23716409,6974.23699712,2714.08165653,2714.08789068,0.04776692,1389.91511746,0.01998537,0.01998537,28656,88,0
6974.48057094,6974.48040671,2723.17565813,2723.18179797,0.03906476,1389.94591706,0.01998537,0.01998537,28655,88,0
6974.72372372,6974.72383330,2732.28230557,2732.27820381,0.04457972,1389.97524799,0.01998537,0.01998537,28654,88,0
6974.96734710,6974.96727687,2741.40120569,2741.40383823,0.03982748,1390.00318861,0.01998537,0.01998537,28653,88,0
6975.21084918,6975.21073743,2750.53195081,2750.53614452,0.04007836,1390.02966097,0.01998537,0.01998537,28652,88,0
6975.45450181,6975.45421499,2759.67420094,2759.68497709,0.04250007,1390.05468789,0.01998537,0.01998537,28651,88,0
6975.69782860,6975.69770954,2768.82822269,2768.83270180,0.05871223,1390.07821723,0.01998537,0.01998537,28650,88,0
6975.94129352,6975.94122108,2777.99459479,2777.99732314,0.05334989,1390.10029134,0.01998537,0.01998537,28649,88,0
6976.18491588,6976.18474963,2787.17390307,2787.18017391,0.04629406,1390.12090469,0.01998537,0.01998537,28648,88,0
6976.42842374,6976.42829517,2796.36661593,2796.37147200,0.03955313,1390.14002867,0.01998537,0.01998537,28647,88,0
6976.67253063,6976.67185772,2805.57271628,2805.59816807,0.04222018,1390.15770843,0.01998538,0.01998537,28646,88,0
6976.91524179,6976.91543727,2814.79206438,2814.78466051,0.04290223,1390.17380019,0.01998537,0.01998537,28645,88,0
6977.15941769,6977.15903383,2824.02451959,2824.03907789,0.05298185,1390.18848638,0.01998538,0.01998537,28644,88,0
6977.40289962,6977.40264739,2833.26997988,2833.27955861,0.04009760,1390.20162365,0.01998538,0.01998537,28643,88,0
6977.64645706,6977.64627796,2842.52841661,2842.53522733,0.04238581,1390.21325296,0.01998538,0.01998537,28642,88,0
6977.88995613,6977.88992554,2851.79980899,2851.80097371,0.04120866,1390.22336153,0.01998537,0.01998537,28641,88,0
6978.13355906,6978.13359014,2861.08413136,2861.08294619,0.05562238,1390.23194940,0.01998537,0.01998537,28640,88,0
6978.37725775,6978.37727175,2870.38127285,2870.38073823,0.03866787,1390.23900811,0.01998538,0.01998537,28639,88,0
6978.62075744,6978.62097038,2879.69104672,2879.68290690,0.03915426,1390.24452383,0.01998537,0.01998537,28638,88,0
6978.86456392,6978.86468602,2889.01326197,2889.00858869,0.04886432,1390.24850080,0.01998537,0.01998537,28637,88,0
6979.10845513,6979.10841868,2898.34780678,2898.34920346,0.03938110,1390.25092565,0.01998538,0.01998537,28636,88,0
6979.35240197,6979.35216837,2907.69507612,2907.70404033,0.04201005,1390.25179077,0.01998538,0.01998537,28635,88,0
6979.59524747,6979.59593507,2917.05566497,2917.02924276,0.05254342,1390.25109582,0.01998537,0.01998538,28634,88,0
6979.84017025,6979.83971881,2926.43017281,2926.44754525,0.03930344,1390.24881560,0.01998538,0.01998538,28633,88,0
6980.08351122,6980.08351957,2935.81892912,2935.81860749,0.05144778,1390.24497242,0.01998538,0.01998538,28632,88,0
6980.32743902,6980.32733736,2945.22160599,2945.22552946,0.03988676,1390.23953494,0.01998538,0.01998538,28631,88,0
6980.57108339,6980.57117217,2954.63777564,2954.63434498,0.03775291,1390.23251315,0.01998537,0.01998538,28630,88,0
6980.81476892,6980.81502402,2964.06702845,2964.05715769,0.05048660,1390.22389386,0.01998537,0.01998538,28629,88,0
6981.05877858,6981.05889291,2973.50941988,2973.50499027,0.03634723,1390.21365699,0.01998537,0.01998538,28628,88,0
6981.30262690,6981.30277883,2982.96545524,2982.95956032,0.04449295,1390.20181417,0.01998537,0.01998538,28627,88,0
6981.54703755,6981.54668179,2992.43566225,2992.44948581,0.03969032,1390.18831871,0.01998538,0.01998538,28626,88,0
6981.79022682,6981.79060178,3001.92049332,3001.90590211,0.04667482,1390.17326794,0.01998537,0.01998538,28625,88,0
6982.03477051,6982.03453882,3011.41994226,3011.42897144,0.03483401,1390.15649384,0.01998538,0.01998538,28624,88,0
6982.27871584,6982.27849290,3020.93383657,3020.94253701,0.04997935,1390.13811586,0.01998538,0.01998538,28623,88,0
6982.52196183,6982.52246403,3030.46200317,3030.44237606,0.03719714,1390.11814794,0.01998537,0.01998538,28622,88,0
6982.76630489,6982.76645220,3040.00441453,3039.99864918,0.04696580,1390.09643152,0.01998538,0.01998538,28621,88,0
6983.01129140,6983.01045742,3049.56132217,3049.59401043,0.03920782,1390.07298139,0.01998538,0.01998538,28620,88,0
6983.25436777,6983.25447969,3059.13301100,3059.12861788,0.04690457,1390.04804695,0.01998538,0.01998538,28619,88,0
6983.49875981,6983.49851901,3068.71971939,3068.72918583,0.05063849,1390.02129534,0.01998538,0.01998538,28618,88,0
6983.74237656,6983.74257539,3078.32110093,3078.31327362,0.03830757,1389.99294339,0.01998538,0.01998538,28617,88,0
6983.98697124,6983.98664882,3087.93641866,3087.94912892,0.04735427,1389.96277995,0.01998538,0.01998538,28616,88,0
6984.23067196,6984.23073930,3097.56492214,3097.56226385,0.03498585,1389.93103053,0.01998538,0.01998538,28615,88,0
6984.47460584,6984.47484685,3107.20623539,3107.19671016,0.05010653,1389.89754990,0.01998538,0.01998538,28614,88,0
6984.71914116,6984.71897146,3116.86118930,3116.86790580,0.04759447,1389.86226922,0.01998538,0.01998538,28613,88,0
6984.96287867,6984.96311313,3126.53086188,3126.52156887,0.03990235,1389.82538135,0.01998538,0.01998538,28612,88,0
6985.20734316,6985.20727186,3136.21630304,3136.21913360,0.05002321,1389.78664452,0.01998538,0.01998538,28611,88,0
6985.45141021,6985.45144766,3145.91776514,3145.91627595,0.04662284,1389.74622430,0.01998538,0.01998538,28610,88,0
6985.69542027,6985.69564053,3155.63472884,3155.62595792,0.03526985,1389.70406332,0.01998538,0.01998538,28609,88,0
6985.93955618,6985.93985046,3165.36663874,3165.35490280,0.04970474,1389.66012392,0.01998538,0.01998538,28608,88,0
6986.18434347,6986.18407747,3175.11308781,3175.12371054,0.04945197,1389.61429740,0.01998538,0.01998538,28607,88,0
6986.42820948,6986.42832156,3184.87432912,3184.86984671,0.04427529,1389.56687242,0.01998538,0.01998538,28606,88,0
6986.67256484,6986.67258271,3194.65079740,3194.65008158,0.05281423,1389.51756958,0.01998538,0.01998538,28605,88,0
6986.91727614,6986.91686095,3204.44291928,3204.45957580,0.03582747,1389.46639640,0.01998538,0.01998538,28604,88,0
6987.16032869,6987.16115626,3214.25077346,3214.21752348,0.04743346,1389.41378011,0.01998537,0.01998538,28603,88,0
6987.40570696,6987.40546865,3224.07403970,3224.08362878,0.04472947,1389.35884444,0.01998538,0.01998538,28602,88,0
6987.64998881,6987.64979813,3233.91237303,3233.92005673,0.04372769,1389.30233594,0.01998538,0.01998538,28601,88,0
6987.89438180,6987.89414468,3243.76554241,3243.77511098,0.04116538,1389.24397984,0.01998538,0.01998538,28600,88,0
6988.13893523,6988.13850833,3253.63386328,3253.65111605,0.04801648,1389.18375170,0.01998538,0.01998538,28599,88,0
6988.38240966,6988.38288906,3263.51781433,3263.49841003,0.03462566,1389.12195623,0.01998538,0.01998538,28598,88,0
6988.62674621,6988.62728688,3273.41786917,3273.39595023,0.04816517,1389.05809203,0.01998538,0.01998538,28597,88,0
6988.87131123,6988.87170179,3283.33424453,3283.31838626,0.04910853,1388.99230246,0.01998538,0.01998538,28596,88,0
6989.11636309,6989.11613380,3293.26687181,3293.27619632,0.04199884,1388.92450174,0.01998538,0.01998538,28595,88,0
6989.36025907,6989.36058290,3303.21566689,3303.20247736,0.04753915,1388.85514416,0.01998538,0.01998538,28594,88,0
6989.60481435,6989.60504910,3313.18055077,3313.17097494,0.04608465,1388.78371137,0.01998538,0.01998538,28593,88,0
6989.84906078,6989.84953239,3323.16146801,3323.14219982,0.04690304,1388.71047409,0.01998538,0.01998538,28592,88,0
6990.09413849,6990.09403278,3333.15836860,3333.16269387,0.04732904,1388.63507625,0.01998538,0.01998538,28591,88,0
6990.33886252,6990.33855028,3343.17121836,3343.18401414,0.04261543,1388.55786866,0.01998538,0.01998538,28590,88,0
6990.58311397,6990.58308488,3353.20028078,3353.20147473,0.04490808,1388.47888801,0.01998538,0.01998538,28589,88,0
6990.82739674,6990.82763659,3363.24608137,3363.23622072,0.04343875,1388.39796373,0.01998538,0.01998538,28588,88,0
6991.07150053,6991.07220540,3373.30915898,3373.28013192,0.04665977,1388.31515394,0.01998538,0.01998538,28587,88,0
6991.31677485,6991.31679132,3383.38982530,3383.38914599,0.04202977,1388.22997707,0.01998538,0.01998538,28586,88,0
6991.56098475,6991.56139435,3393.48775641,3393.47083297,0.05381000,1388.14320144,0.01998538,0.01998538,28585,88,0
6991.80603817,6991.80601450,3403.60251630,3403.60349589,0.03350217,1388.05414638,0.01998538,0.01998538,28584,88,0
6992.05064859,6992.05065176,3413.73370663,3413.73357508,0.05740483,1387.96326920,0.01998538,0.01998538,28583,88,0
6992.29506765,6992.29530614,3423.88133156,3423.87143199,0.04402088,1387.87047529,0.01998538,0.01998538,28582,88,0
6992.54029737,6992.53997763,3434.04562258,3434.05891606,0.04707748,1387.77536562,0.01998538,0.01998538,28581,88,0
6992.78433013,6992.78466624,3444.22681624,3444.21281955,0.04438616,1387.67871239,0.01998538,0.01998538,28580,88,0
6993.02891048,6993.02937198,3454.42517383,3454.40592488,0.05816318,1387.57982100,0.01998538,0.01998538,28579,88,0
6993.27432353,6993.27409484,3464.64099417,3464.65054887,0.04572191,1387.47854674,0.01998538,0.01998538,28578,88,0
6993.51896248,6993.51883482,3474.87458198,3474.87992426,0.03518762,1387.37553939,0.01998538,0.01998538,28577,88,0
6993.76354732,6993.76359193,3485.12615530,3485.12428499,0.04365453,1387.27049432,0.01998538,0.01998538,28576,88,0
6994.00799367,6994.00836617,3495.39553393,3495.37989284,0.05138064,1387.16344235,0.01998538,0.01998538,28575,88,0
6994.25285882,6994.25315754,3505.68242390,3505.66986035,0.05334191,1387.05412932,0.01998538,0.01998538,28574,88,0
6994.49779776,6994.49796605,3515.98652772,3515.97943882,0.04318587,1386.94269667,0.01998538,0.01998538,28573,88,0
6994.74272193,6994.74279168,3526.30754002,3526.30459708,0.05614284,1386.82917791,0.01998538,0.01998538,28572,88,0
6994.98738338,6994.98763446,3536.64514867,3536.63454002,0.04324615,1386.71368576,0.01998538,0.01998538,28571,88,0
6995.23238914,6995.23249437,3546.99904559,3546.99459298,0.03969964,1386.59592707,0.01998538,0.01998538,28570,88,0
6995.47686325,6995.47737142,3557.36958751,3557.34804936,0.05308117,1386.47631221,0.01998538,0.01998538,28569,88,0
6995.72248955,6995.72226561,3567.75831847,3567.76782677,0.04101567,1386.35398175,0.01998538,0.01998538,28568,88,0
6995.96717176,6995.96717694,3578.16691990,3578.16669960,0.04586254,1386.22994668,0.01998538,0.01998538,28567,88,0
6996.21199688,6996.21210542,3588.59655192,3588.59192577,0.04514922,1386.10364150,0.01998538,0.01998538,28566,88,0
6996.45678383,6996.45705105,3599.04604820,3599.03463884,0.04591127,1385.97516100,0.01998538,0.01998538,28565,88,0
6996.70825308,6996.70201382,0.00000000,3609.79712685,0.28885355,1385.84068960,0.01998540,0.01998538,28564,88,1
6996.94741527,6996.94699375,3619.99757866,3620.01563153,0.03655041,1385.71108267,0.01998538,0.01998538,28563,88,0
6997.19219197,6997.19199083,3630.49876195,3630.50739082,0.05283535,1385.57605123,0.01998538,0.01998538,28562,88,0
6997.43724110,6997.43700506,3641.01940646,3641.02955150,0.04152883,1385.43863508,0.01998538,0.01998538,28561,88,0
6997.68216453,6997.68203644,3651.56177018,3651.56728652,0.04993747,1385.29901446,0.01998538,0.01998538,28560,88,0
6997.92719438,6997.92708499,3662.12631217,3662.13103263,0.03973329,1385.15703892,0.01998538,0.01998538,28559,88,0
6998.17274289,6998.17215069,3672.71118025,3672.73678039,0.05580598,1385.01247378,0.01998538,0.01998538,28558,88,0
6998.41768677,6998.41723356,3683.31435468,3683.33397750,0.04817828,1384.86599821,0.01998538,0.01998538,28557,88,0
6998.66229777,6998.66233359,3693.93472224,3693.93316889,0.04286545,1384.71746802,0.01998538,0.01998538,28556,88,0
6998.90811308,6998.90745078,3704.57350947,3704.60228057,0.04786151,1384.56591032,0.01998538,0.01998538,28555,88,0
6999.15280930,6999.15258514,3715.23232281,3715.24207887,0.03342595,1384.41272275,0.01998538,0.01998538,28554,88,0
6999.39718633,6999.39773667,3725.91242893,3725.88843037,0.04580345,1384.25739514,0.01998538,0.01998538,28553,88,0
6999.64252696,6999.64290537,3736.61329626,3736.59676499,0.04903197,1384.09909865,0.01998538,0.01998538,28552,88,0
6999.88758920,6999.88809124,3747.33381405,3747.31184428,0.04909350,1383.93862960,0.01998538,0.01998538,28551,88,0
7000.13312286,7000.13329428,3758.07295855,3758.06544461,0.05317399,1383.77549862,0.01998538,0.01998538,28550,88,0
7000.37882145,7000.37851450,3768.83070284,3768.84418012,0.04258748,1383.60988987,0.01998538,0.01998538,28549,88,0
7000.62378940,7000.62375190,3779.60760463,3779.60925396,0.04913923,1383.44239575,0.01998538,0.01998538,28548,88,0
7000.86918744,7000.86900647,3790.40422637,3790.41220021,0.04083147,1383.27220700,0.01998538,0.01998538,28547,88,0
7001.11435933,7001.11427823,3801.22094964,3801.22452936,0.04557842,1383.09975825,0.01998538,0.01998538,28546,88,0
7001.35909336,7001.35956717,3812.05797820,3812.03702585,0.03549141,1382.92519333,0.01998538,0.01998538,28545,88,0
7001.60389866,7001.60487330,3822.91550880,3822.87233102,0.05178754,1382.74813958,0.01998538,0.01998538,28544,88,0
7001.84956139,7001.85019661,3833.79364880,3833.76545646,0.05446041,1382.56800081,0.01998538,0.01998538,28543,88,0
7002.09564789,7002.09553711,3844.69236502,3844.69729079,0.04465793,1382.38506418,0.01998538,0.01998538,28542,88,0
7002.34058681,7002.34089480,3855.61161259,3855.59789401,0.04200413,1382.20049748,0.01998538,0.01998538,28541,88,0
7002.58632589,7002.58626968,3866.55167352,3866.55418238,0.04256631,1382.01282143,0.01998538,0.01998538,28540,88,0
7002.83217938,7002.83166175,3877.51361409,3877.53676009,0.03786496,1381.82251482,0.01998538,0.01998538,28539,88,0
7003.07711488,7003.07707102,3888.49862666,3888.50059195,0.04819817,1381.63035538,0.01998538,0.01998538,28538,88,0
7003.32259000,7003.32249749,3899.50739669,3899.51155067,0.04236029,1381.43517971,0.01998538,0.01998538,28537,88,0
7003.56776880,7003.56794116,3910.53875968,3910.53100597,0.03859827,1381.23765554,0.01998538,0.01998538,28536,88,0
7003.81333464,7003.81340202,3921.59112287,3921.58808633,0.05040604,1381.03724652,0.01998538,0.01998538,28535,88,0
7004.05886046,7004.05888009,3932.66339032,3932.66250378,0.03795941,1380.83430345,0.01998538,0.01998538,28534,88,0
7004.30423830,7004.30437537,3943.75708699,3943.75088701,0.03914159,1380.62887828,0.01998538,0.01998538,28533,88,0
7004.55028872,7004.54988785,3954.87459432,3954.89276731,0.05552011,1380.42021786,0.01998538,0.01998538,28532,88,0
7004.79610778,7004.79541754,3966.01780799,3966.04916848,0.04787806,1380.20903112,0.01998538,0.01998538,28531,88,0
7005.04048409,7005.04096444,3977.18506813,3977.16320178,0.04283665,1379.99640294,0.01998538,0.01998538,28530,88,0
7005.28642484,7005.28652855,3988.37317374,3988.36844521,0.04493284,1379.77976252,0.01998538,0.01998538,28529,88,0
7005.53218728,7005.53210987,3999.57935606,3999.58289117,0.04413313,1379.56066441,0.01998538,0.01998538,28528,88,0
7005.77721403,7005.77770841,4010.80513143,4010.78251278,0.03994623,1379.33957929,0.01998538,0.01998538,28527,88,0
7006.02330708,7006.02332417,4022.05433315,4022.05354960,0.05244397,1379.11478702,0.01998538,0.01998538,28526,88,0
7006.26997328,7006.26895714,4033.33051644,4033.37721962,0.04278715,1378.88662370,0.01998539,0.01998538,28525,88,0
7006.51456798,7006.51460734,4044.63339593,4044.63158297,0.04431708,1378.65755097,0.01998538,0.01998538,28524,88,0
7006.76001442,7006.76027476,4055.96023903,4055.94822475,0.04771917,1378.42489225,0.01998538,0.01998538,28523,88,0
7007.00576876,7007.00595940,4067.30841527,4067.29960180,0.04355605,1378.18918344,0.01998538,0.01998538,28522,88,0
7007.25172179,7007.25166127,4078.67754984,4078.68035280,0.04597524,1377.95051557,0.01998538,0.01998538,28521,88,0
nan,nan,0.00000000,-1.00000000,0.00000000,1377.71079540,nan,0.00000000,-2147483648,88,1
nan,nan,0.00000000,-1.00000000,0.00000000,1373.97927740,nan,0.00000000,-2147483648,87,1
6967.42703962,6967.42841823,10.62562787,10.58849653,0.04729794,1374.32110782,0.01998537,0.01998537,28684,87,0
6967.67269732,6967.67135289,17.17092216,17.20715649,0.06481231,1374.66372464,0.01998538,0.01998537,28683,87,0
6967.91632280,6967.91430449,23.72095281,23.77538508,0.04708600,1375.00295942,0.01998538,0.01998537,28682,87,0
6968.15630612,6968.15727303,30.27578946,30.24969530,0.03127771,1375.33659142,0.01998537,0.01998537,28681,87,0
6968.40064892,6968.40025851,36.83550094,36.84604414,0.05951077,1375.67574432,0.01998537,0.01998537,28680,87,0
6968.64373458,6968.64326094,43.40006874,43.41286800,0.04303581,1376.01260926,0.01998537,0.01998537,28679,87,0
6968.88702486,6968.88628031,49.96932310,49.98945593,0.02441871,1376.34920516,0.01998538,0.01998537,28678,87,0
6969.12820271,6969.12931662,56.54307853,56.51294001,0.04745644,1376.68232195,0.01998537,0.01998537,28677,87,0
6969.37265586,6969.37236989,63.12114878,63.12889046,0.03148838,1377.01938614,0.01998537,0.01998537,28676,87,0
6969.61492763,6969.61544010,69.70334678,69.68946566,0.05079068,1377.35285911,0.01998537,0.01998537,28675,87,0
6969.85759092,6969.85852727,76.28956465,76.26418818,0.05559640,1377.68628192,0.01998537,0.01998537,28674,87,0
6970.10182586,6970.10163139,82.87996259,82.88523597,0.02158835,1378.02127574,0.01998537,0.01998537,28673,87,0
6970.34358792,6970.34475247,89.47475775,89.44315907,0.04563813,1378.35230588,0.01998537,0.01998537,28672,87,0
6970.58856527,6970.58789050,96.07416819,96.09248920,0.02854162,1378.68716776,0.01998538,0.01998537,28671,87,0
6970.83072493,6970.83104550,102.67841291,102.66970301,0.04121760,1379.01762291,0.01998537,0.01998537,28670,87,0
6971.07412701,6971.07421745,109.28768487,109.28522590,0.05921956,1379.34922532,0.01998537,0.01998537,28669,87,0
6971.31771715,6971.31740637,115.90200398,115.91045958,0.03764473,1379.68053302,0.01998537,0.01998537,28668,87,0
6971.56041608,6971.56061225,122.52132123,122.51598012,0.04500494,1380.01007637,0.01998537,0.01998537,28667,87,0
6971.80397080,6971.80383510,129.14558726,129.14928421,0.07936130,1380.34022351,0.01998537,0.01998537,28666,87,0
6972.04786562,6972.04707492,135.77475243,135.79630906,0.05493844,1380.67026714,0.01998538,0.01998537,28665,87,0
6972.29111216,6972.29033170,142.40876558,142.43005691,0.05958693,1380.99886667,0.01998538,0.01998537,28664,87,0
6972.53310205,6972.53360546,149.04755837,149.03381610,0.03547906,1381.32520195,0.01998537,0.01998537,28663,87,0
6972.77718283,6972.77689619,155.69105068,155.69888046,0.04815177,1381.65377885,0.01998537,0.01998537,28662,87,0
6973.02048412,6973.02020390,162.33916181,162.34682084,0.04865106,1381.98072308,0.01998537,0.01998537,28661,87,0
6973.26360489,6973.26352858,168.99181069,168.99389752,0.04651165,1382.30683751,0.01998537,0.01998537,28660,87,0
6973.50641043,6973.50687024,175.64892088,175.63633805,0.04214759,1382.63193804,0.01998537,0.01998537,28659,87,0
6973.75054726,6973.75022889,182.31054799,182.31926579,0.04855988,1382.95822674,0.01998537,0.01998537,28658,87,0
6973.99322434,6973.99360451,188.97689098,188.96647430,0.03501195,1383.28198204,0.01998537,0.01998537,28657,87,0
6974.23618201,6974.23699712,195.64815680,195.62580750,0.04959945,1383.60553839,0.01998537,0.01998537,28656,87,0
6974.47996448,6974.48040671,202.32455333,202.31241919,0.04947066,1383.92962505,0.01998537,0.01998537,28655,87,0
6974.72264342,6974.72383330,209.00628717,208.97361456,0.04693912,1384.25168765,0.01998537,0.01998537,28654,87,0
6974.96691177,6974.96727687,215.69341542,215.68338308,0.04973623,1384.57529938,0.01998537,0.01998537,28653,87,0
6975.21101438,6975.21073743,222.38574897,222.39336450,0.04661653,1384.89811908,0.01998537,0.01998537,28652,87,0
6975.45473713,6975.45421499,229.08307502,229.09744228,0.04038787,1385.21985351,0.01998538,0.01998537,28651,87,0
6975.69725247,6975.69770954,235.78517983,235.77259542,0.05662245,1385.53940408,0.01998537,0.01998537,28650,87,0
6975.94128047,6975.94122108,242.49184906,242.49348526,0.04952391,1385.86034195,0.01998537,0.01998537,28649,87,0
6976.18521441,6976.18474963,249.20296943,249.21578167,0.05158004,1386.18054179,0.01998538,0.01998537,28648,87,0
6976.42823861,6976.42829517,255.91867183,255.91711154,0.04317769,1386.49894141,0.01998537,0.01998537,28647,87,0
6976.67209535,6976.67185772,262.63912363,262.64568251,0.05011038,1386.81783017,0.01998537,0.01998537,28646,87,0
6976.91443422,6976.91543727,269.36449297,269.33678877,0.03583341,1387.13414327,0.01998537,0.01998537,28645,87,0
6977.15882866,6977.15903383,276.09494868,276.08927809,0.06949735,1387.45254930,0.01998537,0.01998537,28644,87,0
6977.40310178,6977.40264739,282.83062477,282.84319254,0.02485281,1387.77020971,0.01998538,0.01998537,28643,87,0
6977.64637200,6977.64627796,289.57153531,289.57413810,0.04755066,1388.08598104,0.01998537,0.01998537,28642,87,0
6977.89007771,6977.88992554,296.31766892,296.32188359,0.05071120,1388.40173007,0.01998537,0.01998537,28641,87,0
6978.13356760,6978.13359014,303.06901418,303.06838939,0.03300213,1388.71660987,0.01998537,0.01998537,28640,87,0
6978.37681979,6978.37727175,309.82555958,309.81302382,0.06209767,1389.03059151,0.01998537,0.01998537,28639,87,0
6978.62092265,6978.62097038,316.58729840,316.58597377,0.04240062,1389.34507550,0.01998537,0.01998537,28638,87,0
6978.86498291,6978.86468602,323.35424590,323.36249226,0.04944218,1389.65890698,0.01998538,0.01998537,28637,87,0
6979.10893311,6979.10841868,330.12642372,330.14072232,0.06332715,1389.97199902,0.01998538,0.01998537,28636,87,0
6979.35270579,6979.35216837,336.90385355,336.91880182,0.02510363,1390.28426530,0.01998538,0.01998537,28635,87,0
6979.59501164,6979.59593507,343.68655718,343.66085395,0.04638571,1390.59405951,0.01998537,0.01998538,28634,87,0
6979.84080044,6979.83971881,350.47454414,350.50467197,0.03395992,1390.90770126,0.01998538,0.01998538,28633,87,0
6980.08402118,6980.08351957,357.26775200,357.28173358,0.04934179,1391.21746107,0.01998538,0.01998538,28632,87,0
6980.32749495,6980.32733736,364.06609204,364.07048769,0.03291842,1391.52693462,0.01998538,0.01998538,28631,87,0
6980.57062361,6980.57117217,370.86947511,370.85416426,0.05383847,1391.83535622,0.01998537,0.01998538,28630,87,0
6980.81517452,6980.81502402,377.67781164,377.68201493,0.04053001,1392.14495800,0.01998538,0.01998538,28629,87,0
6981.05879317,6981.05889291,384.49102962,384.48824233,0.04787818,1392.45275233,0.01998538,0.01998538,28628,87,0
6981.30343601,6981.30277883,391.30918340,391.32756185,0.04193271,1392.76121148,0.01998538,0.01998538,28627,87,0
6981.54714454,6981.54668179,398.13238194,398.14533186,0.06347666,1393.06786895,0.01998538,0.01998538,28626,87,0
6981.78994454,6981.79060178,404.96073493,404.94232959,0.06750643,1393.37276742,0.01998537,0.01998538,28625,87,0
6982.03533873,6982.03453882,411.79435254,411.81676899,0.04281603,1393.68030219,0.01998538,0.01998538,28624,87,0
6982.27762290,6982.27849290,418.63333552,418.60893723,0.05104780,1393.98332924,0.01998537,0.01998538,28623,87,0
6982.52192666,6982.52246403,425.47770530,425.46262450,0.03336438,1394.28826742,0.01998537,0.01998538,28622,87,0
6982.76675801,6982.76645220,432.32744494,432.33603342,0.04219831,1394.59324221,0.01998538,0.01998538,28621,87,0
6983.01136673,6983.01045742,439.18253713,439.20809240,0.06250127,1394.89731528,0.01998538,0.01998538,28620,87,0
6983.25496994,6983.25447969,446.04296449,446.05675221,0.06157405,1395.19951554,0.01998538,0.01998538,28619,87,0
6983.49840316,6983.49851901,452.90871113,452.90545074,0.02172964,1395.50088146,0.01998538,0.01998538,28618,87,0
6983.74261223,6983.74257539,459.77977489,459.78081256,0.05318603,1395.80257974,0.01998538,0.01998538,28617,87,0
6983.98576260,6983.98664882,466.65616065,466.63118409,0.04230258,1396.10234342,0.01998537,0.01998538,28616,87,0
6984.23035801,6984.23073930,473.53787340,473.52711962,0.04371027,1396.40325611,0.01998538,0.01998538,28615,87,0
6984.47493376,6984.47484685,480.42491808,480.42737088,0.05840699,1396.70350870,0.01998538,0.01998538,28614,87,0
6984.71973721,6984.71897146,487.31729062,487.33891776,0.04500663,1397.00340201,0.01998538,0.01998538,28613,87,0
6984.96301950,6984.96311313,494.21490743,494.21226129,0.05620799,1397.30079324,0.01998538,0.01998538,28612,87,0
6985.20811014,6985.20727186,501.11764349,501.14135079,0.06078352,1397.59974408,0.01998538,0.01998538,28611,87,0
6985.45156739,6985.45144766,508.02537282,508.02876121,0.07259173,1397.89604859,0.01998538,0.01998538,28610,87,0
6985.69500129,6985.69564053,514.93796886,514.91986781,0.03827876,1398.19166588,0.01998538,0.01998538,28609,87,0
6985.93964644,6985.93985046,521.85534198,521.84956097,0.05682188,1398.48808488,0.01998538,0.01998538,28608,87,0
6986.18411153,6986.18407747,528.77771272,528.77867828,0.05340275,1398.78362338,0.01998538,0.01998538,28607,87,0
6986.42739452,6986.42832156,535.70545603,535.67915186,0.04357236,1399.07708964,0.01998538,0.01998538,28606,87,0
6986.67232988,6986.67258271,542.63894971,542.63177017,0.04189565,1399.37191510,0.01998538,0.01998538,28605,87,0
6986.91593465,6986.91686095,549.57857333,549.55224722,0.03800462,1399.66452192,0.01998538,0.01998538,28604,87,0
6987.16104315,6987.16115626,556.52463702,556.52141976,0.04283069,1399.95832491,0.01998538,0.01998538,28603,87,0
6987.40488778,6987.40546865,563.47692785,563.46039171,0.03407437,1400.24999455,0.01998538,0.01998538,28602,87,0
6987.64978676,6987.64979813,570.43499746,570.43467378,0.04504213,1400.54228355,0.01998538,0.01998538,28601,87,0
6987.89479735,6987.89414468,577.39839425,577.41699998,0.03343208,1400.83404113,0.01998538,0.01998538,28600,87,0
6988.13906289,6988.13850833,584.36666448,584.38248286,0.04515662,1401.12422899,0.01998538,0.01998538,28599,87,0
6988.38330224,6988.38288906,591.33944664,591.35123903,0.04264837,1401.41368774,0.01998538,0.01998538,28598,87,0
6988.62670992,6988.62728688,598.31696175,598.30048422,0.04580428,1401.70147402,0.01998538,0.01998538,28597,87,0
6988.87214491,6988.87170179,605.29965511,605.31231903,0.04866321,1401.99097978,0.01998538,0.01998538,28596,87,0
6989.11657558,6989.11613380,612.28797460,612.30061019,0.03975663,1402.27864145,0.01998538,0.01998538,28595,87,0
6989.36089421,6989.36058290,619.28237022,619.29128140,0.04134509,1402.56553010,0.01998538,0.01998538,28594,87,0
6989.60598928,6989.60504910,626.28318112,626.31011659,0.05032150,1402.85269814,0.01998538,0.01998538,28593,87,0
6989.84918030,6989.84953239,633.29019136,633.28009631,0.04960006,1403.13699827,0.01998538,0.01998538,28592,87,0
6990.09444472,6990.09403278,640.30301285,640.31483225,0.04179488,1403.42306165,0.01998538,0.01998538,28591,87,0
6990.33851823,6990.33855028,647.32125556,647.32033530,0.03725923,1403.70705961,0.01998538,0.01998538,28590,87,0
6990.58286833,6990.58308488,654.34452757,654.33830623,0.03980872,1403.99068582,0.01998538,0.01998538,28589,87,0
6990.82784777,6990.82763659,661.37258614,661.37865717,0.04629453,1404.27433432,0.01998538,0.01998538,28588,87,0
6991.07254665,6991.07220540,668.40574868,668.41556571,0.03815041,1404.55696119,0.01998538,0.01998538,28587,87,0
6991.31703815,6991.31679132,675.44446445,675.45157026,0.03745979,1404.83866920,0.01998538,0.01998538,28586,87,0
6991.56143083,6991.56139435,682.48918487,682.49023569,0.04130664,1405.11960075,0.01998538,0.01998538,28585,87,0
6991.80645750,6991.80601450,689.54036318,689.55313828,0.04513125,1405.40061193,0.01998538,0.01998538,28584,87,0
6992.05035987,6992.05065176,696.59823847,696.58981365,0.03397578,1405.67969531,0.01998538,0.01998538,28583,87,0
6992.29505204,6992.29530614,703.66247516,703.65513537,0.04279609,1405.95902676,0.01998538,0.01998538,28582,87,0
6992.54026154,6992.53997763,710.73264124,710.74084838,0.04764617,1406.23827067,0.01998538,0.01998538,28581,87,0
6992.78422093,6992.78466624,717.80830255,717.79542104,0.05848649,1406.51539823,0.01998538,0.01998538,28580,87,0
6993.02855095,6993.02937198,724.88902548,724.86526110,0.05795477,1406.79223550,0.01998538,0.01998538,28579,87,0
6993.27311133,6993.27409484,731.97464004,731.94615461,0.06133310,1407.06861249,0.01998538,0.01998538,28578,87,0
6993.51905518,6993.51883482,739.06546362,739.07185026,0.05198913,1407.34583587,0.01998538,0.01998538,28577,87,0
6993.76368477,6993.76359193,746.16186752,746.16456027,0.04872739,1407.62087709,0.01998538,0.01998538,28576,87,0
6994.00807817,6994.00836617,753.26422486,753.25586479,0.04390632,1407.89496728,0.01998538,0.01998538,28575,87,0
6994.25325273,6994.25315754,760.37290367,760.37566917,0.03088567,1408.16925719,0.01998538,0.01998538,28574,87,0
6994.49732339,6994.49796605,767.48803751,767.46935179,0.03036591,1408.44164208,0.01998538,0.01998538,28573,87,0
6994.74236455,6994.74279168,774.60947105,774.59704164,0.03790898,1408.71442930,0.01998538,0.01998538,28572,87,0
6994.98719389,6994.98763446,781.73703045,781.72420025,0.04371530,1408.98629063,0.01998538,0.01998538,28571,87,0
6995.23206302,6995.23249437,788.87054102,788.85796984,0.05277534,1409.25749736,0.01998538,0.01998538,28570,87,0
6995.47695141,6995.47737142,796.00983650,795.99758684,0.06765885,1409.52801808,0.01998538,0.01998538,28569,87,0
6995.72294167,6995.72226561,803.15489305,803.17462521,0.04663467,1409.79904086,0.01998538,0.01998538,28568,87,0
6995.96730124,6995.96717694,810.30579889,810.30942961,0.03855067,1410.06755864,0.01998538,0.01998538,28567,87,0
6996.21253093,6996.21210542,817.46264565,817.47508376,0.03339931,1410.33632409,0.01998538,0.01998538,28566,87,0
6996.45680760,6996.45705105,824.62552542,824.61840364,0.04176707,1410.60334079,0.01998538,0.01998538,28565,87,0
6996.70136349,6996.70201382,831.79452232,831.77548247,0.04913902,1410.86995955,0.01998538,0.01998538,28564,87,0
6996.94696876,6996.94699375,838.96965546,838.96892325,0.06547596,1411.13701279,0.01998538,0.01998538,28563,87,0
6997.19210100,6997.19199083,846.15091332,846.15414393,0.05481168,1411.40284001,0.01998538,0.01998538,28562,87,0
6997.43741352,6997.43700506,853.33828415,853.35027085,0.03321486,1411.66814830,0.01998538,0.01998538,28561,87,0
6997.68215814,6997.68203644,860.53175613,860.53533004,0.03446043,1411.93212757,0.01998538,0.01998538,28560,87,0
6997.93014044,6997.92708499,0.00000000,867.83362562,0.05392988,1412.19932499,0.01998539,0.01998538,28559,87,1
6998.16958826,6998.17215069,0.00000000,874.87428438,0.07744332,1412.45619027,0.01998537,0.01998538,28558,87,1
6998.41091446,nan,0.00000000,881.97559587,0.07705804,1412.71437325,0.01998536,0.01998538,28557,87,1
6998.66263853,6998.66233359,889.36881862,889.37780445,0.03646466,1412.98253908,0.01998538,0.01998538,28556,87,0
6998.90729250,6998.90745078,896.59491469,896.59024635,0.03722187,1413.24289060,0.01998538,0.01998538,28555,87,0
6999.15177677,6999.15258514,903.82797692,903.80411447,0.03892654,1413.50236603,0.01998538,0.01998538,28554,87,0
6999.39757893,6999.39773667,911.06760893,911.06294900,0.05669607,1413.76252251,0.01998538,0.01998538,28553,87,0
6999.64302092,6999.64290537,918.31336022,918.31677642,0.03655525,1414.02156125,0.01998538,0.01998538,28552,87,0
6999.88807711,6999.88809124,925.56477793,925.56435990,0.03845873,1414.27944028,0.01998538,0.01998538,28551,87,0
7000.13268665,7000.13329428,932.82142328,932.80343511,0.04802436,1414.53608188,0.01998538,0.01998538,28550,87,0
7000.37840635,7000.37851450,940.08328757,940.08008381,0.05964130,1414.79311413,0.01998538,0.01998538,28549,87,0
7000.62385499,7000.62375190,947.35082780,947.35388421,0.03771091,1415.04910246,0.01998538,0.01998538,28548,87,0
7000.86879413,7000.86900647,954.62452635,954.61822599,0.03039418,1415.30381664,0.01998538,0.01998538,28547,87,0
7001.11412919,7001.11427823,961.90486808,961.90044230,0.05983043,1415.55821344,0.01998538,0.01998538,28546,87,0
7001.35958373,7001.35956717,969.19228233,969.19277452,0.04164899,1415.81201637,0.01998538,0.01998538,28545,87,0
7001.60485145,7001.60487330,976.48667724,976.48602747,0.03864299,1416.06490325,0.01998538,0.01998538,28544,87,0
7001.85002268,7001.85019661,983.78768303,983.78250488,0.05019893,1416.31695316,0.01998538,0.01998538,28543,87,0
7002.09561790,7002.09553711,991.09492545,991.09733283,0.05655848,1416.56868441,0.01998538,0.01998538,28542,87,0
7002.34117519,7002.34089480,998.40802826,998.41638859,0.03317990,1416.81960657,0.01998538,0.01998538,28541,87,0
7002.58619410,7002.58626968,1005.72673364,1005.72447855,0.04385878,1417.06920007,0.01998538,0.01998538,28540,87,0
7002.83144695,7002.83166175,1013.05122700,1013.04481313,0.06212692,1417.31825739,0.01998538,0.01998538,28539,87,0
7003.07743465,7003.07707102,1020.38179735,1020.39266351,0.03769643,1417.56729029,0.01998538,0.01998538,28538,87,0
7003.32297963,7003.32249749,1027.71873520,1027.73315454,0.03848540,1417.81511285,0.01998538,0.01998538,28537,87,0
7003.56802194,7003.56794116,1035.06232974,1035.06474777,0.04535457,1418.06167632,0.01998538,0.01998538,28536,87,0
7003.81362090,7003.81340202,1042.41270161,1042.41925876,0.03449417,1418.30804792,0.01998538,0.01998538,28535,87,0
7004.05854386,7004.05888009,1049.76970822,1049.75962729,0.05263943,1418.55298444,0.01998538,0.01998538,28534,87,0
7004.30505523,7004.30437537,1057.13318354,1057.15358383,0.04841564,1418.79873819,0.01998538,0.01998538,28533,87,0
7004.54980029,7004.54988785,1064.50296060,1064.50033142,0.03261330,1419.04195770,0.01998538,0.01998538,28532,87,0
7004.79554015,7004.79541754,1071.87888322,1071.88256789,0.05450725,1419.28538307,0.01998538,0.01998538,28531,87,0
7005.04085930,7005.04096444,1079.26093365,1079.25777157,0.04440292,1419.52760657,0.01998538,0.01998538,28530,87,0
7005.28582981,7005.28652855,1086.64918582,1086.62815490,0.03444941,1419.76870321,0.01998538,0.01998538,28529,87,0
7005.53174946,7005.53210987,1094.04371565,1094.03285927,0.05706553,1420.00994754,0.01998538,0.01998538,28528,87,0
7005.77758947,7005.77770841,1101.44459943,1101.44101403,0.02795895,1420.25032635,0.01998538,0.01998538,28527,87,0
7006.02337527,7006.02332417,1108.85194970,1108.85349159,0.05171726,1420.48986641,0.01998538,0.01998538,28526,87,0
7006.26900512,7006.26895714,1116.26602120,1116.26747014,0.04022763,1420.72847538,0.01998538,0.01998538,28525,87,0
7006.51446983,7006.51460734,1123.68710498,1123.68294899,0.03828537,1420.96615266,0.01998538,0.01998538,28524,87,0
7006.76041107,7006.76027476,1131.11549364,1131.11961725,0.05185048,1421.20352481,0.01998538,0.01998538,28523,87,0
7007.00599876,7007.00595940,1138.55147507,1138.55266683,0.03727043,1421.43979649,0.01998538,0.01998538,28522,87,0
7007.25208055,7007.25166127,1145.99504144,1146.00774936,0.05567643,1421.67577945,0.01998538,0.01998538,28521,87,0
7007.49727485,7007.49738037,1153.44576532,1153.44256438,0.03534958,1421.91013434,0.01998538,0.01998538,28520,87,0
7007.74316494,7007.74311669,1160.90318529,1160.90464992,0.05158016,1422.14435825,0.01998538,0.01998538,28519,87,0
7007.98900290,7007.98887025,1168.36683735,1168.37086727,0.03662072,1422.37771863,0.01998538,0.01998538,28518,87,0
7008.23488871,7008.23464104,1175.83632381,1175.84385352,0.06087272,1422.61029575,0.01998538,0.01998538,28517,87,0
7008.48070683,7008.48042907,1183.31183909,1183.32029038,0.03644660,1422.84198429,0.01998538,0.01998538,28516,87,0
7008.72629308,7008.72623434,1190.79388275,1190.79567151,0.05347055,1423.07264413,0.01998538,0.01998538,28515,87,0
7008.97290065,7008.97205684,1198.28295951,1198.30867849,0.03818042,1423.30346153,0.01998538,0.01998538,28514,87,0
7009.21850460,7009.21789658,1205.77957630,1205.79812618,0.05023228,1423.53255393,0.01998538,0.01998538,28513,87,0
7009.46422614,7009.46375357,1213.28402950,1213.29846096,0.03491562,1423.76097753,0.01998538,0.01998538,28512,87,0
7009.70920267,7009.70962780,1220.79607700,1220.78308240,0.05108273,1423.98792320,0.01998538,0.01998538,28511,87,0
7009.95541032,7009.95551928,1228.31539120,1228.31205799,0.03738881,1424.21520655,0.01998538,0.01998538,28510,87,0
7010.20113900,7010.20142800,1235.84164267,1235.83279383,0.04928433,1424.44123263,0.01998538,0.01998538,28509,87,0
7010.44764242,7010.44735398,1243.37451698,1243.38335561,0.03204137,1424.66714113,0.01998538,0.01998538,28508,87,0
7010.69346863,7010.69329720,1250.91397345,1250.91923067,0.05628565,1424.89159721,0.01998538,0.01998538,28507,87,0
7010.93915710,7010.93925768,1258.46019601,1258.45710888,0.03515292,1425.11510056,0.01998538,0.01998538,28506,87,0
7011.18499617,7011.18523542,1266.01337615,1266.00602633,0.04897899,1425.33791647,0.01998538,0.01998538,28505,87,0
7011.43117477,7011.43123041,1273.57370642,1273.57199570,0.03261511,1425.56021676,0.01998538,0.01998538,28504,87,0
7011.67717978,7011.67724266,1281.14133576,1281.13940064,0.05215367,1425.78153887,0.01998538,0.01998538,28503,87,0
7011.92332248,7011.92327217,1288.71624541,1288.71779500,0.03737221,1426.00215971,0.01998538,0.01998538,28502,87,0
7012.16899905,7012.16931894,1296.29837681,1296.28851472,0.05815217,1426.22153530,0.01998538,0.01998538,28501,87,0
7012.41522904,7012.41538298,1303.88767103,1303.88292093,0.05239945,1426.44057112,0.01998538,0.01998538,28500,87,0
7012.66236177,7012.66146429,1311.48406842,1311.51178537,0.03358309,1426.65956608,0.01998539,0.01998538,28499,87,0
7012.90760657,7012.90756286,1319.08750022,1319.08885120,0.04529907,1426.87604759,0.01998538,0.01998538,28498,87,0
7013.15391370,7013.15367870,1326.69788796,1326.70515771,0.05546055,1427.09261929,0.01998538,0.01998538,28497,87,0
7013.39979466,7013.39981181,1334.31515228,1334.31462132,0.03266401,1427.30796419,0.01998538,0.01998538,28496,87,0
7013.64590241,7013.64596220,1341.93921335,1341.93736085,0.04854839,1427.52265037,0.01998538,0.01998538,28495,87,0
7013.89210492,7013.89212986,1349.57004595,1349.56927247,0.03151622,1427.73655767,0.01998538,0.01998538,28494,87,0
7014.13824148,7014.13831480,1357.20787236,1357.20559670,0.05250188,1427.94954994,0.01998538,0.01998538,28493,87,0
7014.38456844,7014.38451702,1364.85298572,1364.85458318,0.04360250,1428.16185381,0.01998538,0.01998538,28492,87,0
7014.63035258,7014.63073651,1372.50568083,1372.49374235,0.03273038,1428.37284449,0.01998538,0.01998538,28491,87,0
7014.87712073,7014.87697329,1380.16624538,1380.17083435,0.05604824,1428.58383538,0.01998538,0.01998538,28490,87,0
7015.12326637,7015.12322736,1387.83472449,1387.83593984,0.04971554,1428.79344921,0.01998538,0.01998538,28489,87,0
7015.36927960,7015.36949871,1395.51089281,1395.50406021,0.03088979,1429.00209810,0.01998538,0.01998538,28488,87,0
7015.61586185,7015.61578735,1403.19450959,1403.19683498,0.05111255,1429.21036518,0.01998538,0.01998538,28487,87,0
7015.86230727,7015.86209328,1410.88533270,1410.89201742,0.04757350,1429.41764262,0.01998539,0.01998538,28486,87,0
7016.10852297,7016.10841650,1418.58316181,1418.58649066,0.02466674,1429.62384613,0.01998539,0.01998538,28485,87,0
7016.35449449,7016.35475701,1426.28797931,1426.27976494,0.05002221,1429.82896299,0.01998538,0.01998538,28484,87,0
7016.60126949,7016.60111482,1433.99981635,1434.00466016,0.05297664,1430.03386200,0.01998539,0.01998538,28483,87,0
7016.84758318,7016.84748992,1441.71870425,1441.72162718,0.04504965,1430.23748927,0.01998538,0.01998539,28482,87,0
7017.09417655,7017.09388233,1449.44468489,1449.45391467,0.03373209,1430.44045674,0.01998539,0.01998539,28481,87,0
7017.34051779,7017.34029203,1457.17802115,1457.18510968,0.04599264,1430.64233067,0.01998539,0.01998539,28480,87,0
7017.58664194,7017.58671904,1464.91918815,1464.91676500,0.04343020,1430.84315174,0.01998538,0.01998539,28479,87,0
7017.83264920,7017.83316335,1472.66867218,1472.65249630,0.05536864,1431.04301296,0.01998538,0.01998539,28478,87,0
7018.07953650,7018.07962497,1480.42696228,1480.42417577,0.02975215,1431.24272950,0.01998538,0.01998539,28477,87,0
7018.32576681,7018.32610390,1488.19429098,1488.18366278,0.04940385,1431.44105934,0.01998538,0.01998539,28476,87,0
7018.57269133,7018.57260013,1495.97006373,1495.97294208,0.04968213,1431.63907196,0.01998539,0.01998539,28475,87,0
7018.81900877,7018.81911368,1503.75351740,1503.75020376,0.04960622,1431.83570083,0.01998539,0.01998539,28474,87,0
7019.06590203,7019.06564454,1511.54388427,1511.55202420,0.02334054,1432.03186810,0.01998539,0.01998539,28473,87,0
7019.31190012,7019.31219271,1519.34046009,1519.33120425,0.05204015,1432.22638661,0.01998538,0.01998539,28472,87,0
7019.55817151,7019.55875821,1527.14336923,1527.12479498,0.05213547,1432.42018457,0.01998538,0.01998539,28471,87,0
7019.80498891,7019.80534102,1534.95329530,1534.94213831,0.04211101,1432.61348634,0.01998538,0.01998539,28470,87,0
7020.05229144,7020.05194115,1542.77093619,1542.78204642,0.04300701,1432.80625289,0.01998539,0.01998539,28469,87,0
7020.29831317,7020.29855860,1550.59699123,1550.58919865,0.05459897,1432.99712616,0.01998538,0.01998539,28468,87,0
7020.54543088,7020.54519338,1558.43182374,1558.43937229,0.02702825,1433.18795666,0.01998539,0.01998539,28467,87,0
7020.79180421,7020.79184549,1566.27513567,1566.27382224,0.04310945,1433.37731066,0.01998539,0.01998539,28466,87,0
7021.03860544,7021.03851492,1574.12655052,1574.12943314,0.04566599,1433.56607851,0.01998539,0.01998539,28465,87,0
7021.28538688,7021.28520169,1581.98568950,1581.99159219,0.04724267,1433.75390329,0.01998539,0.01998539,28464,87,0
7021.53145053,7021.53190578,1589.85224218,1589.83771948,0.04979208,1433.94024757,0.01998538,0.01998539,28463,87,0
7021.77902944,7021.77862721,1597.72632341,1597.73916658,0.05505001,1434.12679770,0.01998539,0.01998539,28462,87,0
7022.02491660,7022.02536597,1605.60820840,1605.59384678,0.05934638,1434.31114169,0.01998538,0.01998539,28461,87,0
7022.27179124,7022.27212207,1613.49817429,1613.48759098,0.03199062,1434.49529556,0.01998538,0.01998539,28460,87,0
7022.51950208,7022.51889551,1621.39649068,1621.41591438,0.05121566,1434.67913918,0.01998539,0.01998539,28459,87,0
7022.76376439,7022.76568629,1629.30321645,1629.24161239,0.07154407,1434.85950537,0.01998538,0.01998539,28458,87,0
7023.01327963,7023.01249441,1637.21819765,1637.24339111,0.04405386,1435.04280222,0.01998539,0.01998539,28457,87,0
7023.25919063,7023.25931988,1645.14127004,1645.13711904,0.04191119,1435.22250678,0.01998539,0.01998539,28456,87,0
7023.50600714,7023.50616269,1653.07226857,1653.06726840,0.04578339,1435.40192324,0.01998539,0.01998539,28455,87,0
7023.75332035,7023.75302286,1661.01112988,1661.02070172,0.04467062,1435.58074176,0.01998539,0.01998539,28454,87,0
7023.99978882,7023.99990037,1668.95805232,1668.95446008,0.04976723,1435.75799573,0.01998539,0.01998539,28453,87,0
7024.24699698,7024.24679523,1676.91327663,1676.91978044,0.04492578,1435.93482739,0.01998539,0.01998539,28452,87,0
7024.49411110,7024.49370745,1684.87704501,1684.89007106,0.04381580,1436.11063864,0.01998539,0.01998539,28451,87,0
7024.74079891,7024.74063702,1692.84955477,1692.85478434,0.04638867,1436.28519699,0.01998539,0.01998539,28450,87,0
7024.98817636,7024.98758395,1700.83068893,1700.84984473,0.04663934,1436.45928450,0.01998539,0.01998539,28449,87,0
7025.23471255,7025.23454824,1708.82019832,1708.82551662,0.04724944,1436.63181591,0.01998539,0.01998539,28448,87,0
7025.48146512,7025.48152988,1716.81783176,1716.81573356,0.03932057,1436.80352633,0.01998539,0.01998539,28447,87,0
7025.72898786,7025.72852890,1724.82334817,1724.83823028,0.04077252,1436.97478692,0.01998539,0.01998539,28446,87,0
7025.97602719,7025.97554527,1732.83675199,1732.85239310,0.04166022,1437.14472556,0.01998539,0.01998539,28445,87,0
7026.22273728,7026.22257902,1740.85828312,1740.86342453,0.03832274,1437.31345505,0.01998539,0.01998539,28444,87,0
7026.46976734,7026.46963013,1748.88819232,1748.89265452,0.04570008,1437.48142145,0.01998539,0.01998539,28443,87,0
7026.71655808,7026.71669861,1756.92673121,1756.92215678,0.04339064,1437.64824583,0.01998539,0.01998539,28442,87,0
7026.96379164,7026.96378446,1764.97405674,1764.97429080,0.04139893,1437.81438783,0.01998539,0.01998539,28441,87,0
7027.21097554,7027.21088769,1773.03012938,1773.03299516,0.04421011,1437.97950982,0.01998539,0.01998539,28440,87,0
7027.45790223,7027.45800829,1781.09488516,1781.09142214,0.04376979,1438.14347015,0.01998539,0.01998539,28439,87,0
7027.70506423,7027.70514627,1789.16825963,1789.16557824,0.04526719,1438.30659120,0.01998539,0.01998539,28438,87,0
7027.95254220,7027.95230163,1797.25018981,1797.25806036,0.04270219,1438.46891812,0.01998539,0.01998539,28437,87,0
7028.19902944,7028.19947437,1805.34062066,1805.32605041,0.04277422,1438.62959338,0.01998539,0.01998539,28436,87,0
7028.44641310,7028.44666449,1813.43949915,1813.43125884,0.05110675,1438.78984323,0.01998539,0.01998539,28435,87,0
7028.69405307,7028.69387200,1821.54677185,1821.55271299,0.05157102,1438.94924148,0.01998539,0.01998539,28434,87,0
7028.94098895,7028.94109689,1829.66239775,1829.65885268,0.04900245,1439.10716854,0.01998539,0.01998539,28433,87,0
7029.18844415,7029.18833917,1837.78646202,1837.78991324,0.04455816,1439.26440622,0.01998539,0.01998539,28432,87,0
7029.43555614,7029.43559884,1845.91912263,1845.91771741,0.04454042,1439.42040498,0.01998539,0.01998539,28431,87,0
7029.68295126,7029.68287591,1854.06053936,1854.06302153,0.04827844,1439.57556013,0.01998539,0.01998539,28430,87,0
7029.93022645,7029.93017036,1862.21087322,1862.21272272,0.04678629,1439.72961735,0.01998539,0.01998539,28429,87,0
7030.17735927,7030.17748222,1870.37029173,1870.36623328,0.04792430,1439.88256377,0.01998539,0.01998539,28428,87,0
7030.42455822,7030.42481147,1878.53896922,1878.53060045,0.05320609,1440.03452843,0.01998539,0.01998539,28427,87,0
7030.67243731,7030.67215812,1886.71708137,1886.72631736,0.03892017,1440.18588359,0.01998539,0.01998539,28426,87,0
7030.91951748,7030.91952217,1894.90480285,1894.90464734,0.03808440,1440.33572618,0.01998539,0.01998539,28425,87,0
7031.16692747,7031.16690363,1903.10209686,1903.10288734,0.04375000,1440.48473904,0.01998539,0.01998539,28424,87,0
7031.41404573,7031.41430249,1911.30853595,1911.30001502,0.04959969,1440.63253598,0.01998539,0.01998539,28423,87,0
7031.66157956,7031.66171875,1919.52364801,1919.51902407,0.05531678,1440.77952707,0.01998539,0.01998539,28422,87,0
7031.90917896,7031.90915243,1927.74695784,1927.74784008,0.04431128,1440.92548944,0.01998539,0.01998539,28421,87,0
7032.15628877,7032.15660351,1935.97821969,1935.96774532,0.04408113,1441.07009093,0.01998539,0.01998539,28420,87,0
7032.40417085,7032.40407201,1944.21792176,1944.22121441,0.03873805,1441.21407333,0.01998539,0.01998539,28419,87,0
7032.65167510,7032.65155792,1952.46670053,1952.47060835,0.05152056,1441.35677359,0.01998539,0.01998539,28418,87,0
7032.89920124,7032.89906125,1960.72519667,1960.72987060,0.04141932,1441.49843165,0.01998539,0.01998539,28417,87,0
7033.14665503,7033.14658199,1968.99389989,1968.99634127,0.03298578,1441.63899818,0.01998539,0.01998539,28416,87,0
7033.39406119,7033.39412016,1977.27247944,1977.27050627,0.04990032,1441.77847816,0.01998539,0.01998539,28415,87,0
7033.64187375,7033.64167574,1985.56033016,1985.56696238,0.04600990,1441.91711109,0.01998539,0.01998539,28414,87,0
7033.88906488,7033.88924875,1993.85684260,1993.85067804,0.03829040,1442.05430950,0.01998539,0.01998539,28413,87,0
7034.13667558,7034.13683918,2002.16147052,2002.15598057,0.03751488,1442.19064001,0.01998539,0.01998539,28412,87,0
7034.38441078,7034.38444705,2010.47424426,2010.47302614,0.05244253,1442.32593370,0.01998539,0.01998539,28411,87,0
7034.63239418,7034.63207234,2018.79549074,2018.80631123,0.04707843,1442.46025753,0.01998539,0.01998539,28410,87,0
7034.87952772,7034.87971506,2027.12554142,2027.11923674,0.04123440,1442.59302251,0.01998539,0.01998539,28409,87,0
7035.12737429,7035.12737521,2035.46473131,2035.46470048,0.05407892,1442.72507080,0.01998539,0.01998539,28408,87,0
7035.37511770,7035.37505280,2043.81341634,2043.81560528,0.04279951,1442.85596523,0.01998539,0.01998539,28407,87,0
7035.62312765,7035.62274782,2052.17196844,2052.18479334,0.03811085,1442.98590186,0.01998539,0.01998539,28406,87,0
7035.87018538,7035.87046028,2060.54076237,2060.53146970,0.05054101,1443.11424828,0.01998539,0.01998539,28405,87,0
7036.11807797,7036.11819018,2068.92016122,2068.91636334,0.03666032,1443.24193485,0.01998539,0.01998539,28404,87,0
7036.36575828,7036.36593752,2077.31021051,2077.30413699,0.04647043,1443.36841432,0.01998539,0.01998539,28403,87,0
7036.61352713,7036.61370231,2085.71063939,2085.70469660,0.05063761,1443.49383259,0.01998539,0.01998539,28402,87,0
7036.86123282,7036.86148454,2094.12116160,2094.11261279,0.03684818,1443.61810413,0.01998539,0.01998539,28401,87,0
7037.10916306,7037.10928422,2102.54149178,2102.53737241,0.04678492,1443.74136375,0.01998539,0.01998539,28400,87,0
7037.35684549,7037.35710135,2110.97144979,2110.96274191,0.03224325,1443.86337008,0.01998539,0.01998539,28399,87,0
7037.60458119,7037.60493592,2119.41099047,2119.39890429,0.05270704,1443.98426805,0.01998539,0.01998539,28398,87,0
7037.85291037,7037.85278795,2127.86007707,2127.86425227,0.04302244,1444.10431228,0.01998539,0.01998539,28397,87,0
7038.10063909,7038.10065744,2136.31867457,2136.31804790,0.05466389,1444.22292115,0.01998539,0.01998539,28396,87,0
7038.34837742,7038.34854438,2144.78686787,2144.78116109,0.04194180,1444.34038801,0.01998539,0.01998539,28395,87,0
7038.59655779,7038.59644878,2153.26492938,2153.26865943,0.05456559,1444.45691443,0.01998539,0.01998539,28394,87,0
7038.84453579,7038.84437064,2161.75314952,2161.75880714,0.04684365,1444.57219592,0.01998539,0.01998539,28393,87,0
7039.09175649,7039.09230996,2170.25181911,2170.23283657,0.03846393,1444.68598074,0.01998539,0.01998539,28392,87,0
7039.34011910,7039.34026675,2178.76107968,2178.75600968,0.04986424,1444.79913775,0.01998539,0.01998539,28391,87,0
7039.58822000,7039.58824100,2187.28079951,2187.28007778,0.04841641,1444.91101508,0.01998539,0.01998539,28390,87,0
7039.83645396,7039.83623272,2195.81081692,2195.81843103,0.03578335,1445.02178506,0.01998539,0.01998539,28389,87,0
7040.08447154,7040.08424191,2204.35096899,2204.35888063,0.04804859,1445.13128587,0.01998539,0.01998539,28388,87,0
7040.33218023,7040.33226856,2212.90108341,2212.89803672,0.03356608,1445.23947393,0.01998539,0.01998539,28387,87,0
7040.57992630,7040.58031270,2221.46097003,2221.44762853,0.04364988,1445.34649579,0.01998539,0.01998539,28386,87,0
7040.82861879,7040.82837430,2230.03043535,2230.03888579,0.03601448,1445.45273054,0.01998539,0.01998539,28385,87,0
7041.07608757,7041.07645339,2238.60928553,2238.59662897,0.04596664,1445.55724673,0.01998539,0.01998539,28384,87,0
7041.32463790,7041.32454995,2247.19751240,2247.20055844,0.04893059,1445.66101489,0.01998539,0.01998539,28383,87,0
7041.57275562,7041.57266399,2255.79550378,2255.79868085,0.04028093,1445.76339876,0.01998539,0.01998539,28382,87,0
7041.82108389,7041.82079551,2264.40370067,2264.41371073,0.05151664,1445.86466631,0.01998539,0.01998539,28381,87,0
7042.06892876,7042.06894452,2273.02254630,2273.02199850,0.03321881,1445.96453727,0.01998539,0.01998539,28380,87,0
7042.31719593,7042.31711102,2281.65233231,2281.65528682,0.04568291,1446.06337576,0.01998539,0.01998539,28379,87,0
7042.56512734,7042.56529500,2290.29302530,2290.28718467,0.04317960,1446.16087426,0.01998539,0.01998539,28378,87,0
7042.81363923,7042.81349647,2298.94455002,2298.94952928,0.03312019,1446.25738573,0.01998539,0.01998539,28377,87,0
7043.06233429,7043.06171543,2307.60683022,2307.62843959,0.04292239,1446.35274471,0.01998539,0.01998539,28376,87,0
7043.30996861,7043.30995189,2316.27973621,2316.28032077,0.05155805,1446.44647468,0.01998539,0.01998539,28375,87,0
7043.55830752,7043.55820584,2324.96303163,2324.96658996,0.03206069,1446.53923935,0.01998539,0.01998539,28374,87,0
7043.80674205,7043.80647729,2333.65646573,2333.66574158,0.04493947,1446.63079816,0.01998539,0.01998539,28373,87,0
7044.05492898,7044.05476624,2342.35978913,2342.36549671,0.04531180,1446.72101881,0.01998539,0.01998539,28372,87,0
7044.30293633,7044.30307268,2351.07305158,2351.06826414,0.03768097,1446.80992548,0.01998539,0.01998539,28371,87,0
7044.55127755,7044.55139663,2359.79684443,2359.79265842,0.05075407,1446.89770268,0.01998539,0.01998539,28370,87,0
7044.80001722,7044.79973809,2368.53181986,2368.54164396,0.04940022,1446.98436954,0.01998539,0.01998539,28369,87,0
7045.04767576,7045.04809705,2377.27862751,2377.26378060,0.04589100,1447.06941708,0.01998539,0.01998539,28368,87,0
7045.29633401,7045.29647352,2386.03749110,2386.03256830,0.03314222,1447.15355741,0.01998539,0.01998539,28367,87,0
7045.54523424,7045.54486750,2394.80797392,2394.82093125,0.04747254,1447.23651532,0.01998539,0.01998539,28366,87,0
7045.79311653,7045.79327899,2403.58957963,2403.58383321,0.04494240,1447.31786714,0.01998539,0.01998539,28365,87,0
7046.04213709,7046.04170799,2412.38181608,2412.39701089,0.04712214,1447.39831020,0.01998539,0.01998539,28364,87,0
7046.29042438,7046.29015451,2421.18447187,2421.19403903,0.04845477,1447.47723029,0.01998539,0.01998539,28363,87,0
7046.53868919,7046.53861855,2429.99769029,2430.00019748,0.03579630,1447.55485588,0.01998539,0.01998539,28362,87,0
7046.78669061,7046.78710010,2438.82163817,2438.80708804,0.04952563,1447.63111070,0.01998539,0.01998539,28361,87,0
7047.03549157,7047.03559918,2447.65649061,2447.65266236,0.04839445,1447.70631414,0.01998539,0.01998539,28360,87,0
7047.28403044,7047.28411578,2456.50257795,2456.49953830,0.03824083,1447.78013904,0.01998539,0.01998539,28359,87,0
7047.53264603,7047.53264990,2465.36038282,2465.36024464,0.04725159,1447.85268645,0.01998539,0.01998539,28358,87,0
7047.78107423,7047.78120156,2474.23039766,2474.22585083,0.05059333,1447.92387887,0.01998539,0.01998539,28357,87,0
7048.02973132,7048.02977074,2483.11306408,2483.11165457,0.03320780,1447.99383328,0.01998539,0.01998539,28356,87,0
7048.27802176,7048.27835745,2492.00809131,2491.99607226,0.05498752,1448.06237538,0.01998539,0.01998539,28355,87,0
7048.52673109,7048.52696169,2500.91465803,2500.90639162,0.03599560,1448.12970995,0.01998539,0.01998539,28354,87,0
7048.77514457,7048.77558346,2509.83192496,2509.81617487,0.05296024,1448.19563123,0.01998539,0.01998539,28353,87,0
7049.02410383,7049.02422278,2518.75915862,2518.75488578,0.04780088,1448.26035054,0.01998539,0.01998539,28352,87,0
7049.27277833,7049.27287962,2527.69656051,2527.69291760,0.04634489,1448.32364687,0.01998539,0.01998539,28351,87,0
7049.52115149,7049.52155401,2536.64480302,2536.63031017,0.04441257,1448.38552088,0.01998539,0.01998539,28350,87,0
7049.77030377,7049.77024594,2545.60456711,2545.60665187,0.04964358,1448.44623756,0.01998539,0.01998539,28349,87,0
7050.01827897,7050.01895542,2554.57642071,2554.55200333,0.03926295,1448.50532201,0.01998539,0.01998539,28348,87,0
7050.26739818,7050.26768244,2563.56032597,2563.55005214,0.03794831,1448.56332187,0.01998539,0.01998539,28347,87,0
7050.51612227,7050.51642700,2572.55604866,2572.54502135,0.03947812,1448.61986581,0.01998539,0.01998539,28346,87,0
7050.76530661,7050.76518912,2581.56335258,2581.56760930,0.04976782,1448.67514100,0.01998539,0.01998539,28345,87,0
7051.01421916,7051.01396878,2590.58209306,2590.59117529,0.04166587,1448.72897742,0.01998539,0.01998539,28344,87,0
7051.26288124,7051.26276600,2599.61241096,2599.61659619,0.04370287,1448.78137969,0.01998539,0.01998539,28343,87,0
7051.51169104,7051.51158077,2608.65450297,2608.65851267,0.04427132,1448.83242848,0.01998539,0.01998539,28342,87,0
7051.76049849,7051.76041310,2617.70856735,2617.71167636,0.04565286,1448.88208755,0.01998539,0.01998539,28341,87,0
7052.00858822,7052.00926299,2626.77481183,2626.75021249,0.04813774,1448.93021584,0.01998539,0.01998539,28340,87,0
7052.25864525,7052.25813044,2635.85345990,2635.87225272,0.05710483,1448.97731932,0.01998539,0.01998539,28339,87,0
7052.50722604,7052.50701544,2644.94473819,2644.95243615,0.05317935,1449.02274069,0.01998539,0.01998539,28338,87,0
7052.75634586,7052.75591802,2654.04886668,2654.06452637,0.04861871,1449.06685140,0.01998539,0.01998539,28337,87,0
7053.00504544,7053.00483815,2663.16586694,2663.17346390,0.04468868,1449.10947484,0.01998539,0.01998539,28336,87,0
7053.25430702,7053.25377586,2672.29555711,2672.31504998,0.04793073,1449.15077144,0.01998540,0.01998539,28335,87,0
7053.50253015,7053.50273113,2681.43774466,2681.43035922,0.04041469,1449.19047355,0.01998539,0.01998539,28334,87,0
7053.75177786,7053.75170398,2690.59226320,2690.59498137,0.03350702,1449.22890486,0.01998539,0.01998539,28333,87,0
7054.00036100,7054.00069440,2699.75920851,2699.74692595,0.04427314,1449.26579658,0.01998539,0.01998539,28332,87,0
7054.24993036,7054.24970239,2708.93882264,2708.94723213,0.05520039,1449.30138613,0.01998539,0.01998539,28331,87,0
7054.49872529,7054.49872796,2718.13135107,2718.13125254,0.04864950,1449.33541568,0.01998539,0.01998539,28330,87,0
7054.74806868,7054.74777111,2727.33693849,2727.34794513,0.04129088,1449.36806269,0.01998540,0.01998539,28329,87,0
7054.99676661,7054.99683184,2736.55528697,2736.55287104,0.03961472,1449.39916472,0.01998539,0.01998540,28328,87,0
7055.24574733,7055.24591015,2745.78597632,2745.77993868,0.04255952,1449.42883386,0.01998539,0.01998540,28327,87,0
7055.49513873,7055.49500605,2755.02858525,2755.03351123,0.05564982,1449.45707229,0.01998540,0.01998540,28326,87,0
7055.74462047,7055.74411953,2764.28300860,2764.30163007,0.04234571,1449.48383349,0.01998540,0.01998540,28325,87,0
7055.99316965,7055.99325060,2773.54977203,2773.54675926,0.03667919,1449.50901123,0.01998539,0.01998540,28324,87,0
7056.24225241,7056.24239926,2782.82947965,2782.82400669,0.04447148,1449.53275343,0.01998539,0.01998540,28323,87,0
7056.49137758,7056.49156551,2792.12272143,2792.11570724,0.05308574,1449.55500347,0.01998539,0.01998540,28322,87,0
7056.74068056,7056.74074935,2801.42971312,2801.42714190,0.03892342,1449.57576562,0.01998539,0.01998540,28321,87,0
7056.98983747,7056.98995079,2810.75032348,2810.74608216,0.04442001,1449.59500598,0.01998539,0.01998540,28320,87,0
7057.23940177,7057.23916983,2820.08440706,2820.09309997,0.05130709,1449.61275826,0.01998540,0.01998540,28319,87,0
7057.48854832,7057.48840646,2829.43182967,2829.43715342,0.03836138,1449.62895736,0.01998540,0.01998540,28318,87,0
7057.73745974,7057.73766070,2838.79253756,2838.78498546,0.04343159,1449.64361485,0.01998540,0.01998540,28317,87,0
7057.98671980,7057.98693254,2848.16650920,2848.15850379,0.05170114,1449.65675784,0.01998540,0.01998540,28316,87,0
7058.23591778,7058.23622198,2857.55372272,2857.54226028,0.04029369,1449.66835581,0.01998540,0.01998540,28315,87,0
7058.48572697,7058.48552903,2866.95411083,2866.96157914,0.04620880,1449.67842870,0.01998540,0.01998540,28314,87,0
7058.73510346,7058.73485369,2876.36749472,2876.37693111,0.03676699,1449.68692645,0.01998540,0.01998540,28313,87,0
7058.98408294,7058.98419596,2885.79367728,2885.78940195,0.04226197,1449.69385181,0.01998540,0.01998540,28312,87,0
7059.23361216,7059.23355584,2895.23247781,2895.23461118,0.05465390,1449.69922362,0.01998540,0.01998540,28311,87,0
7059.48291232,7059.48293333,2904.68410986,2904.68331270,0.03915583,1449.70301624,0.01998540,0.01998540,28310,87,0
7059.73244359,7059.73232845,2914.14917246,2914.15354548,0.04748821,1449.70523072,0.01998540,0.01998540,28309,87,0
7059.98172610,7059.98174117,2923.62828553,2923.62771239,0.03841572,1449.70585662,0.01998540,0.01998540,28308,87,0
7060.23150911,7060.23117152,2933.12195409,2933.13481246,0.04901274,1449.70488667,0.01998540,0.01998540,28307,87,0
7060.48073022,7060.48061949,2942.62998961,2942.63421334,0.03542457,1449.70231873,0.01998540,0.01998540,28306,87,0
7060.73055881,7060.73008508,2952.15195060,2952.17004477,0.05102708,1449.69813372,0.01998540,0.01998540,28305,87,0
7060.97948200,7060.97956830,2961.68739423,2961.68409351,0.03902474,1449.69235356,0.01998540,0.01998540,28304,87,0
7061.22892696,7061.22906915,2971.23619336,2971.23074782,0.05176926,1449.68494256,0.01998540,0.01998540,28303,87,0
7061.47883070,7061.47858762,2980.79882234,2980.80814493,0.04751910,1449.67588621,0.01998540,0.01998540,28302,87,0
7061.72855538,7061.72812372,2990.37582635,2990.39240528,0.03540569,1449.66519762,0.01998540,0.01998540,28301,87,0
7061.97783105,7061.97767746,2999.96771951,2999.97362736,0.04734102,1449.65288696,0.01998540,0.01998540,28300,87,0
7062.22725441,7062.22724883,3009.57460017,3009.57481483,0.03679807,1449.63892046,0.01998540,0.01998540,28299,87,0
7062.47631861,7062.47683784,3019.19629440,3019.17626336,0.05395607,1449.62332173,0.01998540,0.01998540,28298,87,0
7062.72674377,7062.72644449,3028.83262201,3028.84418459,0.04509314,1449.60596623,0.01998540,0.01998540,28297,87,0
7062.97652230,7062.97606877,3038.48350244,3038.50104924,0.03665731,1449.58697907,0.01998540,0.01998540,28296,87,0
7063.22547238,7063.22571070,3048.14916781,3048.13993352,0.04871146,1449.56638140,0.01998540,0.01998540,28295,87,0
7063.47527054,7063.47537027,3057.82991263,3057.82604240,0.05247794,1449.54402649,0.01998540,0.01998540,28294,87,0
7063.72513570,7063.72504749,3067.52600786,3067.52943613,0.03985299,1449.51996696,0.01998540,0.01998540,28293,87,0
7063.97450162,7063.97474236,3077.23719772,3077.22782836,0.04936258,1449.49425501,0.01998540,0.01998540,28292,87,0
7064.22482574,7064.22445487,3086.96273160,3086.97718551,0.05122670,1449.46673052,0.01998540,0.01998540,28291,87,0
7064.47436456,7064.47418504,3096.70183319,3096.70883893,0.04755934,1449.43757887,0.01998540,0.01998540,28290,87,0
7064.72379441,7064.72393286,3106.45402382,3106.44861423,0.03882417,1449.40672528,0.01998540,0.01998540,28289,87,0
7064.97362229,7064.97369833,3116.22008416,3116.21710866,0.04730890,1449.37409509,0.01998540,0.01998540,28288,87,0
7065.22321619,7065.22348146,3126.00112945,3125.99073410,0.04478833,1449.33975843,0.01998540,0.01998540,28287,87,0
7065.47389737,7065.47328225,3135.79825599,3135.82240035,0.04398624,1449.30351310,0.01998540,0.01998540,28286,87,0
7065.72333763,7065.72310070,3145.61178677,3145.62110116,0.03617752,1449.26568821,0.01998540,0.01998540,28285,87,0
7065.97235309,7065.97293682,3155.44119491,3155.41821180,0.05034255,1449.22617173,0.01998540,0.01998540,28284,87,0
7066.22306017,7066.22279059,3165.28590555,3165.29653509,0.04622531,1449.18460905,0.01998540,0.01998540,28283,87,0
7066.47248785,7066.47266204,3175.14549350,3175.13861552,0.04220248,1449.14148273,0.01998540,0.01998540,28282,87,0
7066.72275155,7066.72255115,3185.02021645,3185.02814149,0.04553246,1449.09642324,0.01998540,0.01998540,28281,87,0
7066.97256678,7066.97245793,3194.91052443,3194.91483545,0.04625390,1449.04964810,0.01998540,0.01998540,28280,87,0
7067.22276783,7067.22238238,3204.81685627,3204.83214638,0.04443144,1449.00099186,0.01998540,0.01998540,28279,87,0
7067.47260480,7067.47232451,3214.73927369,3214.75040934,0.05143889,1448.95059191,0.01998540,0.01998540,28278,87,0
7067.72216169,7067.72228432,3224.67744127,3224.67256228,0.04585629,1448.89843214,0.01998540,0.01998540,28277,87,0
7067.97233953,7067.97226180,3234.63100164,3234.63409890,0.04940816,1448.84431470,0.01998540,0.01998540,28276,87,0
7068.22285457,7068.22225696,3244.59974552,3244.62359324,0.04674602,1448.78828399,0.01998540,0.01998540,28275,87,0
7068.47261762,7068.47226980,3254.58403153,3254.59793246,0.05044488,1448.73057857,0.01998540,0.01998540,28274,87,0
7068.72254127,7068.72230032,3264.58435561,3264.59400016,0.05314124,1448.67098344,0.01998540,0.01998540,28273,87,0
7068.97230489,7068.97234853,3274.60119942,3274.59944970,0.04519493,1448.60956409,0.01998540,0.01998540,28272,87,0
7069.22236360,7069.22241443,3284.63473768,3284.63269650,0.05006512,1448.54619772,0.01998540,0.01998540,28271,87,0
7069.47267762,7069.47249801,3294.68489155,3294.69211523,0.04689863,1448.48088038,0.01998540,0.01998540,28270,87,0
7069.72282319,7069.72259929,3304.75157379,3304.76059301,0.04455523,1448.41371392,0.01998540,0.01998540,28269,87,0
7069.97277536,7069.97271826,3314.83470571,3314.83700929,0.03945974,1448.34470140,0.01998540,0.01998540,28268,87,0
7070.22305012,7070.22285492,3324.93423223,3324.94211957,0.03877922,1448.27369103,0.01998540,0.01998540,28267,87,0
7070.47281185,7070.47300928,3335.05010143,3335.04211132,0.03992173,1448.20091422,0.01998540,0.01998540,28266,87,0
7070.72290380,7070.72318134,3345.18230233,3345.17105322,0.04490857,1448.12611923,0.01998540,0.01998540,28265,87,0
7070.97292364,7070.97337109,3355.33119176,3355.31302635,0.04862432,1448.04941249,0.01998540,0.01998540,28264,87,0
7071.22348007,7071.22357855,3365.49732201,3365.49331717,0.05366211,1447.97058907,0.01998540,0.01998540,28263,87,0
7071.47319975,7071.47380372,3375.68124458,3375.65664282,0.04010444,1447.89007140,0.01998540,0.01998540,28262,87,0
7071.72400619,7071.72404659,3385.88312390,3385.88147561,0.04108921,1447.80722590,0.01998540,0.01998540,28261,87,0
7071.97450210,7071.97430716,3396.10255630,3396.11052320,0.03826980,1447.72249915,0.01998540,0.01998540,28260,87,0
7072.22489878,7072.22458545,3406.33908920,3406.35191459,0.04620412,1447.63581948,0.01998540,0.01998540,28259,87,0
7072.47524755,7072.47488144,3416.59237893,3416.60738823,0.04632657,1447.54716513,0.01998540,0.01998540,28258,87,0
7072.72494786,7072.72519515,3426.86254659,3426.85239239,0.04481685,1447.45674751,0.01998540,0.01998540,28257,87,0
7072.97554383,7072.97552658,3437.14983500,3437.15054466,0.04614018,1447.36399369,0.01998540,0.01998540,28256,87,0
7073.22595945,7073.22587572,3447.45449204,3447.45794112,0.05146970,1447.26928228,0.01998540,0.01998540,28255,87,0
7073.47644111,7073.47624258,3457.77680339,3457.78499521,0.04347556,1447.17250983,0.01998540,0.01998540,28254,87,0
7073.72656313,7073.72662716,3468.11708191,3468.11443538,0.03888738,1447.07383231,0.01998540,0.01998540,28253,87,0
7073.97680712,7073.97702947,3478.47564089,3478.46643513,0.04783508,1446.97305034,0.01998540,0.01998540,28252,87,0
7074.22782794,7074.22744950,3488.85257523,3488.86827053,0.03667005,1446.86987866,0.01998540,0.01998540,28251,87,0
7074.47764982,7074.47788725,3499.24761626,3499.23775277,0.04583954,1446.76512780,0.01998540,0.01998540,28250,87,0
7074.72832080,7074.72834273,3509.66045840,3509.65954576,0.05136373,1446.65793719,0.01998540,0.01998540,28249,87,0
7074.97902979,7074.97881595,3520.09079122,3520.09970333,0.05081399,1446.54863663,0.01998540,0.01998540,28248,87,0
7075.22969155,7075.22930689,3530.53829506,3530.55435089,0.04423313,1446.43725777,0.01998540,0.01998540,28247,87,0
7075.48011643,7075.47981557,3541.00264522,3541.01522217,0.05991803,1446.32388311,0.01998540,0.01998540,28246,87,0
7075.73060362,7075.73034199,3551.48363484,3551.49458902,0.04531686,1446.20837295,0.01998540,0.01998540,28245,87,0
7075.98074941,7075.98088614,3561.98227247,3561.97653810,0.03822013,1446.09089701,0.01998540,0.01998540,28244,87,0
7076.23176159,7076.23144803,3572.50028014,3572.51345500,0.04067951,1445.97085238,0.01998540,0.01998540,28243,87,0
7076.48228403,7076.48202767,3583.03935650,3583.05014946,0.03381266,1445.84885273,0.01998540,0.01998540,28242,87,0
7076.73277131,7076.73262504,3593.59962705,3593.60579643,0.04627577,1445.72467100,0.01998540,0.01998540,28241,87,0
7076.96977149,nan,0.00000000,3603.62665883,0.40593648,1445.60496324,0.01998536,0.01998540,28240,87,1
7077.23396683,7077.23387303,3614.77659251,3614.78056146,0.04958344,1445.46963871,0.01998540,0.01998540,28239,87,0
7077.48436650,7077.48452365,3625.39065778,3625.38399751,0.04634226,1445.33895953,0.01998540,0.01998540,28238,87,0
7077.73519406,7077.73519202,3636.02349344,3636.02358027,0.03178606,1445.20584315,0.01998540,0.01998540,28237,87,0
7077.98600118,7077.98587814,3646.67747582,3646.68271011,0.04849207,1445.07048177,0.01998540,0.01998540,28236,87,0
7078.23688209,7078.23658202,3657.35437298,3657.36716552,0.05306358,1444.93278954,0.01998540,0.01998540,28235,87,0
7078.48743351,7078.48730365,3668.05299089,3668.05853738,0.03500677,1444.79299477,0.01998540,0.01998540,28234,87,0
7078.73779778,7078.73804304,3678.77124664,3678.76075424,0.05045247,1444.65104125,0.01998540,0.01998540,28233,87,0
7078.98877097,7078.98880019,3689.50727915,3689.50602715,0.04738622,1444.50648665,0.01998540,0.01998540,28232,87,0
7079.23969528,7079.23957510,3700.26148728,3700.26664520,0.05157559,1444.35968736,0.01998540,0.01998540,28231,87,0
7079.49075000,7079.49036778,3711.03551433,3711.05194974,0.06209785,1444.21050475,0.01998540,0.01998540,28230,87,0
7079.74105473,7079.74117822,3721.83096230,3721.82564179,0.04102713,1444.05943736,0.01998540,0.01998540,28229,87,0
7079.99212768,7079.99200643,3732.64803280,3732.65326653,0.04678111,1443.90555424,0.01998540,0.01998540,28228,87,0
7080.24291604,7080.24285241,3743.48562816,3743.48837932,0.04330487,1443.74949811,0.01998540,0.01998540,28227,87,0
7080.49387658,7080.49371617,3754.34260314,3754.34955131,0.05106399,1443.59099206,0.01998540,0.01998540,28226,87,0
7080.74490922,7080.74459769,3765.21847661,3765.23199316,0.03925143,1443.43009262,0.01998540,0.01998540,28225,87,0
7080.99565212,7080.99549699,3776.11375317,3776.12049539,0.05220859,1443.26701698,0.01998540,0.01998540,28224,87,0
7081.24618769,7081.24641407,3787.02902118,3787.01916442,0.04804181,1443.10169918,0.01998540,0.01998540,28223,87,0
7081.49750325,7081.49734893,3797.96476393,3797.97149550,0.03049919,1442.93346125,0.01998540,0.01998540,28222,87,0
7081.74800246,7081.74830157,3808.92121807,3808.90814727,0.04647024,1442.76335758,0.01998540,0.01998540,28221,87,0
7081.99912815,7081.99927199,3819.89858820,3819.89229109,0.04592717,1442.59039661,0.01998540,0.01998540,28220,87,0
7082.25003223,7082.25026019,3830.89703097,3830.88703243,0.05421159,1442.41514268,0.01998540,0.01998540,28219,87,0
7082.50135817,7082.50126619,3841.91653520,3841.92057710,0.05019166,1442.23713205,0.01998540,0.01998540,28218,87,0
7082.75234283,7082.75228997,3852.95705342,3852.95938041,0.03385855,1442.05689331,0.01998540,0.01998540,28217,87,0
7083.00344254,7083.00333154,3864.01870955,3864.02360507,0.04897260,1441.87408848,0.01998540,0.01998540,28216,87,0
7083.25447576,7083.25439090,3875.10246806,3875.10621800,0.05113558,1441.68882121,0.01998540,0.01998540,28215,87,0
7083.50578654,7083.50546806,3886.20955996,3886.22366349,0.04348291,1441.50080123,0.01998540,0.01998540,28214,87,0
7083.75705762,7083.75656301,3897.34095321,3897.36290287,0.04529485,1441.31023265,0.01998540,0.01998540,28213,87,0
7084.00747601,7084.00767577,3908.49577471,3908.48689277,0.04321130,1441.11774751,0.01998540,0.01998540,28212,87,0
7084.25916965,7084.25880632,3919.67238164,3919.68856631,0.04639960,1440.92171957,0.01998540,0.01998540,28211,87,0
7084.51011365,7084.50995467,3930.86939751,3930.87649177,0.03984020,1440.72373025,0.01998540,0.01998540,28210,87,0
7084.76064058,7084.76112083,3942.08795321,3942.06648095,0.05071520,1440.52350340,0.01998540,0.01998540,28209,87,0
7085.01270918,7085.01230479,3953.33049880,3953.34861861,0.05292976,1440.31939945,0.01998540,0.01998540,28208,87,0
7085.26357349,7085.26350656,3964.59921455,3964.60222031,0.04190248,1440.11358305,0.01998540,0.01998540,28207,87,0
7085.51489176,7085.51472614,3975.89291926,3975.90037169,0.05395734,1439.90471301,0.01998540,0.01998540,28206,87,0
7085.76645832,7085.76596353,3987.20832884,3987.23063158,0.03926427,1439.69299673,0.01998540,0.01998540,28205,87,0
7086.01752963,7086.01721874,3998.54240731,3998.55644256,0.04514271,1439.47910931,0.01998540,0.01998540,28204,87,0
7086.26852420,7086.26849176,4009.89620130,4009.89766856,0.04353831,1439.26267256,0.01998540,0.01998540,28203,87,0
7086.52025869,7086.51978259,4021.27363884,4021.29521862,0.05504075,1439.04288455,0.01998540,0.01998540,28202,87,0
7086.77072484,7086.77109125,4032.67848959,4032.66184121,0.05574653,1438.82142043,0.01998540,0.01998540,28201,87,0
7087.02197166,7087.02241773,4044.11078425,4044.09047153,0.04510351,1438.59646040,0.01998540,0.01998540,28200,87,0
7087.27333967,7087.27376202,4055.56772430,4055.54845375,0.04288798,1438.36862000,0.01998540,0.01998540,28199,87,0
7087.52480077,7087.52512415,4067.04656387,4067.03178336,0.05068989,1438.13796259,0.01998540,0.01998540,28198,87,0
7087.77596426,7087.77650410,4078.54682173,4078.52210207,0.04174231,1437.90484741,0.01998540,0.01998540,28197,87,0
nan,nan,0.00000000,-1.00000000,0.00000000,1437.66967011,nan,0.00000000,-2147483648,87,1
nan,nan,0.00000000,-1.00000000,0.00000000,1434.30059640,nan,0.00000000,-2147483648,86,1
7048.52716267,7048.52696169,12.68294065,12.68829388,0.04516725,1434.64799286,0.01998540,0.01998539,28354,86,0
7048.77644435,7048.77558346,19.30732777,19.33027329,0.04944405,1434.99219536,0.01998540,0.01998539,28353,86,0
7049.02485609,7049.02422278,25.93658615,25.95347725,0.03492176,1435.33464263,0.01998540,0.01998539,28352,86,0
7049.27259255,7049.27287962,32.57078801,32.56312616,0.04650659,1435.67561035,0.01998539,0.01998539,28351,86,0
7049.52081604,7049.52155401,39.20999393,39.19028448,0.05998548,1436.01670036,0.01998539,0.01998539,28350,86,0
7049.76909256,7049.77024594,45.85411573,45.82329169,0.05044823,1436.35730842,0.01998539,0.01998539,28349,86,0
7050.01943620,7050.01895542,52.50296369,52.51582052,0.04221723,1436.70017908,0.01998540,0.01998539,28348,86,0
7050.26866660,7050.26768244,59.15634535,59.18267934,0.02062157,1437.04094181,0.01998540,0.01998539,28347,86,0
7050.51506439,7050.51642700,65.81406740,65.77758656,0.06598300,1437.37724841,0.01998539,0.01998539,28346,86,0
7050.76554422,7050.76518912,72.47594317,72.48545537,0.05888805,1437.71852126,0.01998540,0.01998539,28345,86,0
7051.01358241,7051.01396878,79.14197922,79.13162345,0.03716576,1438.05586509,0.01998539,0.01998539,28344,86,0
7051.26120521,7051.26276600,85.81238983,85.77053144,0.05394286,1438.39205547,0.01998539,0.01998539,28343,86,0
7051.51209245,7051.51158077,92.48740040,92.50113161,0.03799625,1438.73208830,0.01998540,0.01998539,28342,86,0
7051.76095089,7051.76041310,99.16723725,99.18167884,0.05976978,1439.06879516,0.01998540,0.01998539,28341,86,0
7052.00949821,7052.00926299,105.85212617,105.85844704,0.03836017,1439.40451795,0.01998540,0.01998539,28340,86,0
7052.25833920,7052.25813044,112.54219290,112.54780680,0.04478189,1439.74007831,0.01998540,0.01998539,28339,86,0
7052.50744395,7052.50701544,119.23740124,119.24893239,0.06262017,1440.07543048,0.01998540,0.01998539,28338,86,0
7052.75615434,7052.75591802,125.93770012,125.94406389,0.03109913,1440.40968470,0.01998540,0.01998539,28337,86,0
7053.00535010,7053.00483815,132.64303827,132.65683353,0.05179691,1440.74401876,0.01998540,0.01998539,28336,86,0
7053.25390207,7053.25377586,139.35336413,139.35676734,0.05965058,1441.07691406,0.01998540,0.01998539,28335,86,0
7053.50334887,7053.50273113,146.06861746,146.08528554,0.03041765,1441.41042583,0.01998540,0.01998539,28334,86,0
7053.75083836,7053.75170398,152.78871797,152.76534626,0.05276566,1441.74073894,0.01998539,0.01998539,28333,86,0
7054.00005673,7054.00069440,159.51358223,159.49635442,0.03780311,1442.07276832,0.01998539,0.01998539,28332,86,0
7054.24995251,7054.24970239,166.24312641,166.24988807,0.04868851,1442.40509881,0.01998540,0.01998539,28331,86,0
7054.49827382,7054.49872796,172.97726633,172.96498183,0.01719830,1442.73473330,0.01998539,0.01998539,28330,86,0
7054.74793139,7054.74777111,179.71597787,179.72031623,0.05353382,1443.06553383,0.01998540,0.01998539,28329,86,0
7054.99695390,7054.99683184,186.45943412,186.46273999,0.03421358,1443.39489275,0.01998540,0.01998540,28328,86,0
7055.24672624,7055.24591015,193.20784913,193.22996738,0.06148644,1443.72465027,0.01998540,0.01998540,28327,86,0
7055.49612423,7055.49500605,199.96143788,199.99176548,0.07064976,1444.05332971,0.01998540,0.01998540,28326,86,0
7055.74377678,7055.74411953,206.72041629,206.71111323,0.03385582,1444.37914020,0.01998539,0.01998540,28325,86,0
7055.99294446,7055.99325060,213.48493456,213.47661928,0.03706778,1444.70637760,0.01998539,0.01998540,28324,86,0
7056.24168301,7056.24239926,220.25485259,220.23538366,0.04936595,1445.03247616,0.01998539,0.01998540,28323,86,0
7056.49244684,7056.49156551,227.02995024,227.05392264,0.03569381,1445.36063561,0.01998540,0.01998540,28322,86,0
7056.74058877,7056.74074935,233.81000638,233.80563569,0.05586740,1445.68476431,0.01998540,0.01998540,28321,86,0
7056.98997284,7056.98995079,240.59479890,240.59539944,0.04490057,1446.00990228,0.01998540,0.01998540,28320,86,0
7057.23917249,7057.23916983,247.38415175,247.38422427,0.04769346,1446.33417578,0.01998540,0.01998540,28319,86,0
7057.48854907,7057.48840646,254.17814828,254.18203677,0.05036522,1446.65805754,0.01998540,0.01998540,28318,86,0
7057.73771211,7057.73766070,260.97696158,260.97836431,0.03158427,1446.98104727,0.01998540,0.01998540,28317,86,0
7057.98665899,7057.98693254,267.78076564,267.77329672,0.05244604,1447.30314979,0.01998540,0.01998540,28316,86,0
7058.23637513,7058.23622198,274.58973518,274.59391962,0.04836311,1447.62564467,0.01998540,0.01998540,28315,86,0
7058.48557927,7058.48552903,281.40402752,281.40540117,0.04777708,1447.94688203,0.01998540,0.01998540,28314,86,0
7058.73453971,7058.73485369,288.22368001,288.21508886,0.05009916,1448.26721040,0.01998539,0.01998540,28313,86,0
7058.98492242,7058.98419596,295.04868103,295.06857293,0.03555467,1448.58876673,0.01998540,0.01998540,28312,86,0
7059.23285496,7059.23355584,301.87901872,301.85981391,0.06253883,1448.90657918,0.01998539,0.01998540,28311,86,0
7059.48345518,7059.48293333,308.71468120,308.72899054,0.05215150,1449.22720494,0.01998540,0.01998540,28310,86,0
7059.73212495,7059.73232845,315.55565936,315.55007543,0.04621380,1449.54475615,0.01998540,0.01998540,28309,86,0
7059.98228533,7059.98174117,322.40196564,322.41690783,0.03977775,1449.86360189,0.01998540,0.01998540,28308,86,0
7060.23167208,7060.23117152,329.25362237,329.26737733,0.05652007,1450.18085288,0.01998540,0.01998540,28307,86,0
7060.48103905,7060.48061949,336.11065202,336.12218938,0.05632383,1450.49747024,0.01998540,0.01998540,28306,86,0
7060.73030303,7060.73008508,342.97307715,342.97907472,0.04057606,1450.81334802,0.01998540,0.01998540,28305,86,0
7060.97931778,7060.97956830,349.84091161,349.83401274,0.06515714,1451.12830101,0.01998540,0.01998540,28304,86,0
7061.22904599,7061.22906915,356.71409824,356.71346016,0.04890927,1451.44354068,0.01998540,0.01998540,28303,86,0
7061.47822223,7061.47858762,363.59254539,363.58246932,0.04014918,1451.75746307,0.01998540,0.01998540,28302,86,0
7061.72818252,7061.72812372,370.47616071,370.47778311,0.04239568,1452.07174450,0.01998540,0.01998540,28301,86,0
7061.97749659,7061.97767746,377.36485143,377.35985699,0.04012149,1452.38458021,0.01998540,0.01998540,28300,86,0
7062.22772029,7062.22724883,384.25854018,384.27156717,0.04732698,1452.69791622,0.01998540,0.01998540,28299,86,0
7062.47670302,7062.47683784,391.15727731,391.15354949,0.05251365,1453.00906137,0.01998540,0.01998540,28298,86,0
7062.72691760,7062.72644449,398.06117552,398.07426592,0.06098863,1453.32110931,0.01998540,0.01998540,28297,86,0
7062.97624122,7062.97606877,404.97034841,404.97512315,0.01759510,1453.63141468,0.01998540,0.01998540,28296,86,0
7063.22508246,7063.22571070,411.88491010,411.86750274,0.06386582,1453.94049452,0.01998540,0.01998540,28295,86,0
7063.47541305,7063.47537027,418.80496433,418.80615042,0.06256975,1454.25079690,0.01998540,0.01998540,28294,86,0
7063.72436965,7063.72504749,425.73053190,425.71172322,0.05195119,1454.55877114,0.01998540,0.01998540,28293,86,0
7063.97452962,7063.97474236,432.66159519,432.65568793,0.04436153,1454.86760357,0.01998540,0.01998540,28292,86,0
7064.22444605,7064.22445487,439.59813627,439.59789110,0.04167043,1455.17550163,0.01998540,0.01998540,28291,86,0
7064.47374645,7064.47418504,446.54013712,446.52794082,0.04073181,1455.48200703,0.01998540,0.01998540,28290,86,0
7064.72436884,7064.72393286,453.48758181,453.49971432,0.04660225,1455.78949723,0.01998540,0.01998540,28289,86,0
7064.97348128,7064.97369833,460.44046925,460.43442496,0.03700360,1456.09449652,0.01998540,0.01998540,28288,86,0
7065.22364377,7065.22348146,467.39880455,467.40332762,0.04695101,1456.40013937,0.01998540,0.01998540,28287,86,0
7065.47353952,7065.47328225,474.36259284,474.36976725,0.04995721,1456.70481230,0.01998540,0.01998540,28286,86,0
7065.72400169,7065.72310070,481.33183928,481.35698337,0.04085071,1457.00952831,0.01998540,0.01998540,28285,86,0
7065.97354155,7065.97293682,488.30653364,488.32342192,0.03906973,1457.31247525,0.01998540,0.01998540,28284,86,0
7066.22346776,7066.22279059,495.28657770,495.30550196,0.04419697,1457.61523784,0.01998540,0.01998540,28283,86,0
7066.47337388,7066.47266204,502.27184152,502.29174789,0.03823755,1457.91731481,0.01998540,0.01998540,28282,86,0
7066.72297133,7066.72255115,509.26219450,509.27395236,0.04749060,1458.21835131,0.01998540,0.01998540,28281,86,0
7066.97213592,7066.97245793,516.25750541,516.24848893,0.04669378,1458.51819318,0.01998540,0.01998540,28280,86,0
7067.22313004,7067.22238238,523.25771835,523.27866653,0.04360221,1458.81955324,0.01998540,0.01998540,28279,86,0
7067.47271393,7067.47232451,530.26312327,530.27404176,0.04701475,1459.11855062,0.01998540,0.01998540,28278,86,0
7067.72180362,7067.72228432,537.27411009,537.26062225,0.04766374,1459.41630511,0.01998540,0.01998540,28277,86,0
7067.97201356,7067.97226180,544.29107057,544.28409968,0.04361051,1459.71475880,0.01998540,0.01998540,28276,86,0
7068.22234490,7068.22225696,551.31439834,551.31687000,0.03936924,1460.01273008,0.01998540,0.01998540,28275,86,0
7068.47280353,7068.47226980,558.34432258,558.35933648,0.04355499,1460.31023253,0.01998540,0.01998540,28274,86,0
7068.72241964,7068.72230032,565.38050164,565.38386081,0.04134533,1460.60610015,0.01998540,0.01998540,28273,86,0
7068.97218563,7068.97234853,572.42246933,572.41788006,0.04230182,1460.90149021,0.01998540,0.01998540,28272,86,0
7069.22256355,7069.22241443,579.46975720,579.47396103,0.03700869,1461.19692454,0.01998540,0.01998540,28271,86,0
7069.47203158,7069.47249801,586.52189522,586.50873842,0.03330781,1461.49058735,0.01998540,0.01998540,28270,86,0
7069.72232127,7069.72259929,593.57865375,593.57080679,0.04261696,1461.78450612,0.01998540,0.01998540,28269,86,0
7069.97284698,7069.97271826,600.64040228,600.64403768,0.03743213,1462.07800237,0.01998540,0.01998540,28268,86,0
7070.22309332,7070.22285492,607.70760327,607.71434122,0.04386037,1462.37048997,0.01998540,0.01998540,28267,86,0
7070.47249637,7070.47300928,614.78072143,614.76621313,0.05322507,1462.66133155,0.01998540,0.01998540,28266,86,0
7070.72307278,7070.72318134,621.86021995,621.85714652,0.05453344,1462.95289448,0.01998540,0.01998540,28265,86,0
7070.97404696,7070.97337109,628.94626353,628.96541362,0.06086204,1463.24427475,0.01998540,0.01998540,28264,86,0
7071.22366486,7071.22357855,636.03850178,636.04094896,0.06083083,1463.53342302,0.01998540,0.01998540,28263,86,0
7071.47403260,7071.47380372,643.13653186,643.14302680,0.05094305,1463.82276280,0.01998540,0.01998540,28262,86,0
7071.72451367,7071.72404659,650.23994895,650.25321186,0.04478585,1464.11153651,0.01998540,0.01998540,28261,86,0
7071.97450680,7071.97430716,657.34835921,657.35403162,0.04554079,1464.39903479,0.01998540,0.01998540,28260,86,0
7072.22448675,7072.22458545,664.46175565,664.45894947,0.04363421,1464.68580377,0.01998540,0.01998540,28259,86,0
7072.47422788,7072.47488144,671.58057788,671.56198254,0.04721474,1464.97160159,0.01998540,0.01998540,28258,86,0
7072.72465684,7072.72519515,678.70529228,678.68996412,0.04268950,1465.25750357,0.01998540,0.01998540,28257,86,0
7072.97507460,7072.97552658,685.83636754,685.82348661,0.05128545,1465.54272554,0.01998540,0.01998540,28256,86,0
7073.22592860,7073.22587572,692.97423858,692.97574678,0.06339411,1465.82779055,0.01998540,0.01998540,28255,86,0
7073.47645794,7073.47624258,700.11883862,700.12498666,0.05268620,1466.11182845,0.01998540,0.01998540,28254,86,0
7073.72692940,7073.72662716,707.26972977,707.27836486,0.04746404,1466.39512347,0.01998540,0.01998540,28253,86,0
7073.97681675,7073.97702947,714.42646340,714.42038161,0.03752831,1466.67706318,0.01998540,0.01998540,28252,86,0
7074.22722392,7074.22744950,721.58858860,721.58213495,0.03469375,1466.95887364,0.01998540,0.01998540,28251,86,0
7074.47780307,7074.47788725,728.75572556,728.75331556,0.04161926,1467.24014366,0.01998540,0.01998540,28250,86,0
7074.72749029,7074.72834273,735.92802298,735.90360316,0.05387336,1467.51968622,0.01998540,0.01998540,28249,86,0
7074.97849230,7074.97881595,743.10586364,743.09658534,0.06081771,1467.79998317,0.01998540,0.01998540,28248,86,0
7075.22932723,7075.22930689,750.28963322,750.29021672,0.04704012,1468.07938784,0.01998540,0.01998540,28247,86,0
7075.47950398,7075.47981557,757.47971933,757.47077229,0.04238961,1468.35736953,0.01998540,0.01998540,28246,86,0
7075.73029093,7075.73034199,764.67641208,764.67494474,0.04179259,1468.63534675,0.01998540,0.01998540,28245,86,0
7075.98075418,7075.98088614,771.87962297,771.87582739,0.06292065,1468.91227743,0.01998540,0.01998540,28244,86,0
7076.23205340,7076.23144803,779.08917229,779.10659765,0.04982084,1469.18943242,0.01998540,0.01998540,28243,86,0
7076.48241194,7076.48202767,786.30487941,786.31594917,0.04564666,1469.46484356,0.01998540,0.01998540,28242,86,0
7076.73287711,7076.73262504,793.52656343,793.53383014,0.03332141,1469.73965744,0.01998540,0.01998540,28241,86,0
7076.98249506,7076.98324016,800.75412864,800.73263240,0.04958521,1470.01282494,0.01998540,0.01998540,28240,86,0
7077.23416269,7077.23387303,807.98764938,807.99601241,0.04769569,1470.28751179,0.01998540,0.01998540,28239,86,0
7077.48460567,7077.48452365,815.22722042,815.22959021,0.04912812,1470.56014208,0.01998540,0.01998540,28238,86,0
7077.73501764,7077.73519202,822.47293700,822.46789437,0.03672721,1470.83202202,0.01998540,0.01998540,28237,86,0
7077.98547782,7077.98587814,829.72489271,829.71330749,0.03847546,1471.10323887,0.01998540,0.01998540,28236,86,0
7078.23701402,7078.23658202,836.98313034,836.99564246,0.06070185,1471.37490012,0.01998540,0.01998540,28235,86,0
7078.48757737,7078.48730365,844.24764019,844.25557427,0.04149402,1471.64478994,0.01998540,0.01998540,28234,86,0
7078.73798855,7078.73804304,851.51841010,851.51682957,0.03561747,1471.91379448,0.01998540,0.01998540,28233,86,0
7078.98837430,7078.98880019,858.79542785,858.78306357,0.04730618,1472.18204795,0.01998540,0.01998540,28232,86,0
7079.23875401,7079.23957510,866.07869791,866.05484137,0.06743018,1472.44956921,0.01998540,0.01998540,28231,86,0
7079.49027668,7079.49036778,873.36836830,873.36571924,0.04420020,1472.71758414,0.01998540,0.01998540,28230,86,0
7079.74037294,7079.74117822,880.66466060,880.64122408,0.03773760,1472.98336189,0.01998540,0.01998540,28229,86,0
7079.99151601,7079.99200643,887.96779807,887.95351243,0.05549845,1473.24953811,0.01998540,0.01998540,28228,86,0
7080.24233025,7080.24285241,895.27800511,895.26278120,0.03772646,1473.51465740,0.01998540,0.01998540,28227,86,0
7080.49310320,7080.49371617,902.59537770,902.57749049,0.03028513,1473.77902618,0.01998540,0.01998540,28226,86,0
7080.74527048,7080.74459769,909.91955312,909.93920226,0.05531544,1474.04413640,0.01998540,0.01998540,28225,86,0
7080.99584805,7080.99549699,917.25006507,917.26032567,0.04260571,1474.30683250,0.01998540,0.01998540,28224,86,0
7081.24626795,7081.24641407,924.58644481,924.58217097,0.03865437,1474.56860457,0.01998540,0.01998540,28223,86,0
7081.49741498,7081.49734893,931.92822778,931.93016095,0.05630324,1474.83035632,0.01998540,0.01998540,28222,86,0
7081.74826790,7081.74830157,939.27531386,939.27432793,0.04421249,1475.09101592,0.01998540,0.01998540,28221,86,0
7081.99880349,7081.99927199,946.62815452,946.61442336,0.04091523,1475.35057610,0.01998540,0.01998540,28220,86,0
7082.24998515,7082.25026019,953.98724920,953.97918155,0.05752976,1475.61004897,0.01998540,0.01998540,28219,86,0
7082.50086313,7082.50126619,961.35309990,961.34126690,0.03381768,1475.86846717,0.01998540,0.01998540,28218,86,0
7082.75213739,7082.75228997,968.72616703,968.72168356,0.04047076,1476.12656494,0.01998540,0.01998540,28217,86,0
7083.00326928,7083.00333154,976.10640069,976.10456956,0.05553338,1476.38378351,0.01998540,0.01998540,28216,86,0
7083.25443876,7083.25439090,983.49342077,983.49482958,0.03525514,1476.64029186,0.01998540,0.01998540,28215,86,0
7083.50542147,7083.50546806,990.88683967,990.88546721,0.05879701,1476.89584565,0.01998540,0.01998540,28214,86,0
7083.75649868,7083.75656301,998.28626771,998.28437126,0.03692431,1477.15071599,0.01998540,0.01998540,28213,86,0
7084.00758624,7084.00767577,1005.69143185,1005.68879083,0.03512613,1477.40480543,0.01998540,0.01998540,28212,86,0
7084.25867705,7084.25880632,1013.10251858,1013.09870225,0.05093908,1477.65811102,0.01998540,0.01998540,28211,86,0
7084.50962161,7084.50995467,1020.51982728,1020.50998693,0.03348047,1477.91049063,0.01998540,0.01998540,28210,86,0
7084.76104356,7084.76112083,1027.94365889,1027.94137412,0.04854120,1478.16257785,0.01998540,0.01998540,28209,86,0
7085.01231771,7085.01230479,1035.37431190,1035.37469429,0.03509449,1478.41375201,0.01998540,0.01998540,28208,86,0
7085.26324083,7085.26350656,1042.81189810,1042.80402695,0.05314597,1478.66381348,0.01998540,0.01998540,28207,86,0
7085.51502876,7085.51472614,1050.25626598,1050.26523701,0.03861176,1478.91396394,0.01998540,0.01998540,28206,86,0
7085.76605998,7085.76596353,1057.70724346,1057.71010493,0.04107801,1479.16258368,0.01998540,0.01998540,28205,86,0
7086.01748015,7086.01721874,1065.16465753,1065.17241934,0.05396787,1479.41080089,0.01998540,0.01998540,28204,86,0
7086.26797834,7086.26849176,1072.62835215,1072.61309604,0.03843681,1479.65731635,0.01998540,0.01998540,28203,86,0
7086.52005064,7086.51978259,1080.09832547,1080.10629668,0.05494128,1479.90458100,0.01998540,0.01998540,28202,86,0
7086.77050737,7086.77109125,1087.57465512,1087.55727801,0.03146079,1480.14946643,0.01998540,0.01998540,28201,86,0
7087.02205150,7087.02241773,1095.05741978,1095.04651174,0.05162955,1480.39461825,0.01998540,0.01998540,28200,86,0
7087.27369289,7087.27376202,1102.54669867,1102.54463799,0.03580718,1480.63906605,0.01998540,0.01998540,28199,86,0
7087.52488842,7087.52512415,1110.04262685,1110.03559435,0.05329909,1480.88228585,0.01998540,0.01998540,28198,86,0
7087.77662949,7087.77650410,1117.54548214,1117.54922623,0.03447268,1481.12524362,0.01998540,0.01998540,28197,86,0
7088.02788208,7088.02790187,1125.05556631,1125.05497461,0.04782487,1481.36694829,0.01998540,0.01998540,28196,86,0
7088.27886295,7088.27931748,1132.57318274,1132.55958529,0.03775338,1481.60761890,0.01998540,0.01998540,28195,86,0
7088.53026031,7088.53075092,1140.09861236,1140.08392105,0.05219156,1481.84792085,0.01998540,0.01998540,28194,86,0
7088.78216485,7088.78220220,1147.63172999,1147.63061051,0.03983063,1482.08792967,0.01998540,0.01998540,28193,86,0
7089.03352984,7089.03367131,1155.17207000,1155.16782622,0.05204554,1482.32663061,0.01998540,0.01998540,28192,86,0
7089.28470731,7089.28515825,1162.71915380,1162.70561583,0.03755997,1482.56434366,0.01998540,0.01998540,28191,86,0
7089.53734427,7089.53666304,1170.27250014,1170.29296658,0.05303137,1482.80260367,0.01998541,0.01998540,28190,86,0
7089.78824144,7089.78818567,1177.83179626,1177.83347293,0.04843853,1483.03838275,0.01998540,0.01998540,28189,86,0
7090.03970323,7090.03972614,1185.39739727,1185.39670774,0.03496588,1483.27386119,0.01998540,0.01998540,28188,86,0
7090.29109028,7090.29128446,1192.96982392,1192.96397606,0.04844375,1483.50845158,0.01998540,0.01998540,28187,86,0
7090.54244262,7090.54286063,1200.54959983,1200.53699976,0.03627126,1483.74220535,0.01998540,0.01998540,28186,86,0
7090.79445296,7090.79445464,1208.13723705,1208.13718626,0.05045439,1483.97577667,0.01998540,0.01998540,28185,86,0
7091.04627020,7091.04606651,1215.73285413,1215.73900612,0.05659434,1484.20837517,0.01998540,0.01998540,28184,86,0
7091.29766679,7091.29769622,1223.33613512,1223.33524545,0.03524901,1484.43978095,0.01998540,0.01998540,28183,86,0
7091.54912300,7091.54934380,1230.94674003,1230.94005961,0.05564178,1484.67042462,0.01998540,0.01998540,28182,86,0
7091.80106538,7091.80100923,1238.56432695,1238.56602737,0.04062577,1484.90068170,0.01998540,0.01998540,28181,86,0
7092.05255881,7092.05269252,1246.18862715,1246.18457511,0.05049907,1485.12968669,0.01998540,0.01998540,28180,86,0
7092.30427956,7092.30439366,1253.81973022,1253.81626933,0.05046211,1485.35805664,0.01998540,0.01998540,28179,86,0
7092.55579710,7092.55611268,1261.45783380,1261.44825376,0.03322960,1485.58540414,0.01998540,0.01998540,28178,86,0
7092.80768897,7092.80784955,1269.10313668,1269.09825745,0.04670750,1485.81225363,0.01998540,0.01998540,28177,86,0
7093.05981477,7093.05960429,1276.75583515,1276.76223585,0.05061192,1486.03847868,0.01998540,0.01998540,28176,86,0
7093.31138752,7093.31137691,1284.41601194,1284.41633496,0.02829559,1486.26337436,0.01998540,0.01998540,28175,86,0
7093.56274459,7093.56316739,1292.08361440,1292.07073362,0.04478925,1486.48724172,0.01998540,0.01998540,28174,86,0
7093.81475027,7093.81497574,1299.75858169,1299.75170663,0.04854686,1486.71084375,0.01998540,0.01998540,28173,86,0
7094.06707613,7094.06680196,1307.44085258,1307.44922011,0.03203829,1486.93387959,0.01998541,0.01998540,28172,86,0
7094.31885466,7094.31864607,1315.13036271,1315.13673444,0.04723798,1487.15557893,0.01998541,0.01998541,28171,86,0
7094.57014866,7094.57050805,1322.82703436,1322.81604724,0.04709810,1487.37599734,0.01998540,0.01998541,28170,86,0
7094.82197914,7094.82238791,1330.53078556,1330.51827816,0.03480760,1487.59602507,0.01998540,0.01998541,28169,86,0
7095.07407920,7095.07428565,1338.24153387,1338.23521169,0.04951393,1487.81541973,0.01998540,0.01998541,28168,86,0
7095.32606407,7095.32620127,1345.95920354,1345.95499840,0.04682949,1488.03384087,0.01998540,0.01998541,28167,86,0
7095.57777415,7095.57813478,1353.68389887,1353.67283648,0.05177440,1488.25115246,0.01998540,0.01998541,28166,86,0
7095.82944525,7095.83008618,1361.41591382,1361.39623574,0.02779806,1488.46756523,0.01998540,0.01998541,28165,86,0
7096.08249436,7096.08205546,1369.15555298,1369.16904068,0.04567704,1488.68429644,0.01998541,0.01998541,28164,86,0
7096.33432299,7096.33404264,1376.90312266,1376.91174659,0.04690540,1488.89912528,0.01998541,0.01998541,28163,86,0
7096.58612504,7096.58604771,1384.65882820,1384.66120930,0.05067123,1489.11307918,0.01998541,0.01998541,28162,86,0
7096.83769115,7096.83807067,1392.42250539,1392.41080837,0.02923069,1489.32597394,0.01998540,0.01998541,28161,86,0
7097.08977813,7097.09011154,1400.19390546,1400.18362051,0.04411017,1489.53843873,0.01998540,0.01998541,28160,86,0
7097.34144930,7097.34217030,1407.97277816,1407.95051752,0.05056858,1489.74967379,0.01998540,0.01998541,28159,86,0
7097.59401696,7097.59424696,1415.75888233,1415.75177529,0.04628234,1489.96076865,0.01998541,0.01998541,28158,86,0
7097.84637407,7097.84634152,1423.55213029,1423.55313705,0.03373800,1490.17078922,0.01998541,0.01998541,28157,86,0
7098.09792875,7098.09845399,1431.35255134,1431.33629336,0.04863099,1490.37924637,0.01998540,0.01998541,28156,86,0
7098.35058666,7098.35058436,1439.16017784,1439.16024902,0.04907015,1490.58771575,0.01998541,0.01998541,28155,86,0
7098.60288386,7098.60273264,1446.97504291,1446.97973153,0.04252209,1490.79498357,0.01998541,0.01998541,28154,86,0
7098.85449621,7098.85489883,1454.79731050,1454.78481540,0.04906005,1491.00079065,0.01998540,0.01998541,28153,86,0
7099.10712910,7099.10708294,1462.62744032,1462.62887437,0.03073171,1491.20653929,0.01998541,0.01998541,28152,86,0
7099.35924583,7099.35928496,1470.46593521,1470.46471846,0.05351756,1491.41098531,0.01998541,0.01998541,28151,86,0
7099.61184260,7099.61150489,1478.31330096,1478.32381417,0.05440570,1491.61494659,0.01998541,0.01998541,28150,86,0
7099.86356748,7099.86374274,1486.16993334,1486.16447149,0.04810004,1491.81734020,0.01998541,0.01998541,28149,86,0
7100.11595512,7100.11599851,1494.03540960,1494.03405594,0.04375207,1492.01938661,0.01998541,0.01998541,28148,86,0
7100.36868215,7100.36827220,1501.90894202,1501.92174215,0.04132776,1492.22079809,0.01998541,0.01998541,28147,86,0
7100.62150586,7100.62056382,1509.78973653,1509.81917456,0.04856388,1492.42135545,0.01998541,0.01998541,28146,86,0
7100.87292315,7100.87287336,1517.67701500,1517.67857217,0.04843036,1492.61985122,0.01998541,0.01998541,28145,86,0
7101.12494878,7101.12520083,1525.57065961,1525.56277150,0.05395499,1492.81787516,0.01998541,0.01998541,28144,86,0
7101.37705818,7101.37754622,1533.47134241,1533.45605548,0.03193604,1493.01502544,0.01998541,0.01998541,28143,86,0
7101.62957074,7101.62990955,1541.37978546,1541.36916288,0.04833593,1493.21156422,0.01998541,0.01998541,28142,86,0
7101.88194940,7101.88229081,1549.29671512,1549.28599974,0.04902808,1493.40708686,0.01998541,0.01998541,28141,86,0
7102.13493513,7102.13469001,1557.22262603,1557.23032742,0.04885671,1493.60217362,0.01998541,0.01998541,28140,86,0
7102.38678378,7102.38710714,1565.15727500,1565.14710504,0.04537152,1493.79547289,0.01998541,0.01998541,28139,86,0
7102.63919572,7102.63954222,1573.10027238,1573.08936467,0.04285193,1493.98827999,0.01998541,0.01998541,28138,86,0
7102.89243759,7102.89199523,1581.05122613,1581.06516459,0.04149626,1494.18077809,0.01998541,0.01998541,28137,86,0
7103.14473312,7103.14446618,1589.00978930,1589.01820753,0.04246945,1494.37160618,0.01998541,0.01998541,28136,86,0
7103.39696669,7103.39695508,1596.97602923,1596.97639570,0.04173600,1494.56143748,0.01998541,0.01998541,28135,86,0
7103.64930073,7103.64946193,1604.95022928,1604.94513621,0.04543911,1494.75039765,0.01998541,0.01998541,28134,86,0
7103.90219061,7103.90198672,1612.93267637,1612.93912442,0.04945331,1494.93882760,0.01998541,0.01998541,28133,86,0
7104.15415089,7104.15452947,1620.92365286,1620.91166783,0.04403900,1495.12562592,0.01998541,0.01998541,28132,86,0
7104.40694372,7104.40709016,1628.92324200,1628.91860133,0.04392105,1495.31209809,0.01998541,0.01998541,28131,86,0
7104.66006574,7104.65966881,1636.93128860,1636.94387945,0.05072156,1495.49785923,0.01998541,0.01998541,28130,86,0
7104.91213285,7104.91226542,1644.94762256,1644.94341354,0.04859033,1495.68189042,0.01998541,0.01998541,28129,86,0
7105.16471565,7105.16487998,1652.97207289,1652.96685041,0.04244812,1495.86533417,0.01998541,0.01998541,28128,86,0
7105.41733999,7105.41751251,1661.00457023,1660.99908251,0.04359412,1496.04783813,0.01998541,0.01998541,28127,86,0
7105.67016510,7105.67016299,1669.04531782,1669.04538497,0.04025240,1496.22951729,0.01998541,0.01998541,28126,86,0
7105.92276796,7105.92283144,1677.09456502,1677.09254181,0.04623348,1496.41007005,0.01998541,0.01998541,28125,86,0
7106.17530861,7106.17551785,1685.15256273,1685.14588660,0.04125835,1496.58961459,0.01998541,0.01998541,28124,86,0
7106.42842852,7106.42822224,1693.21950876,1693.22609728,0.04291821,1496.76860484,0.01998541,0.01998541,28123,86,0
7106.68082212,7106.68094459,1701.29527025,1701.29135496,0.04784758,1496.94611190,0.01998541,0.01998541,28122,86,0
7106.93371297,7106.93368491,1709.37958878,1709.38048691,0.04549679,1497.12298841,0.01998541,0.01998541,28121,86,0
7107.18630445,7107.18644320,1717.47220405,1717.46775956,0.05326936,1497.29866694,0.01998541,0.01998541,28120,86,0
7107.43973447,7107.43921948,1725.57287334,1725.58938478,0.04549273,1497.47392716,0.01998541,0.01998541,28119,86,0
7107.69247314,7107.69201372,1733.68163475,1733.69637819,0.04741420,1497.64770776,0.01998541,0.01998541,28118,86,0
7107.94500619,7107.94482595,1741.79874126,1741.80453128,0.04197091,1497.82035015,0.01998541,0.01998541,28117,86,0
7108.19768676,7108.19765616,1749.92445275,1749.92543672,0.04460019,1497.99209817,0.01998541,0.01998541,28116,86,0
7108.45012078,7108.45050435,1758.05902802,1758.04668161,0.04363222,1498.16268649,0.01998541,0.01998541,28115,86,0
7108.70356998,7108.70337052,1766.20259795,1766.20902477,0.04281955,1498.33296231,0.01998541,0.01998541,28114,86,0
7108.95595666,7108.95625468,1774.35511049,1774.34549794,0.04712214,1498.50152530,0.01998541,0.01998541,28113,86,0
7109.20897480,7109.20915683,1782.51649928,1782.51062197,0.05415492,1498.66950438,0.01998541,0.01998541,28112,86,0
7109.46215198,7109.46207697,1790.68669750,1790.68912173,0.04220241,1498.83657619,0.01998541,0.01998541,28111,86,0
7109.71492905,7109.71501510,1798.86564114,1798.86285712,0.04278635,1499.00236829,0.01998541,0.01998541,28110,86,0
7109.96761418,7109.96797123,1807.05327420,1807.04171143,0.04194419,1499.16708107,0.01998541,0.01998541,28109,86,0
7110.22059346,7110.22094535,1815.24954165,1815.23813472,0.04229690,1499.33096033,0.01998541,0.01998541,28108,86,0
7110.47373396,7110.47393747,1823.45438806,1823.44778449,0.05118237,1499.49391256,0.01998541,0.01998541,28107,86,0
7110.72741729,7110.72694760,1831.66778882,1831.68304397,0.04363174,1499.65617508,0.01998541,0.01998541,28106,86,0
7110.98003027,7110.97997572,1839.88986519,1839.89163883,0.04317015,1499.81671814,0.01998541,0.01998541,28105,86,0
7111.23282540,7111.23302184,1848.12078190,1848.11438874,0.04418235,1499.97634281,0.01998541,0.01998541,28104,86,0
7111.48621343,7111.48608598,1856.36070471,1856.36485690,0.05430734,1500.13530325,0.01998541,0.01998541,28103,86,0
7111.73976274,7111.73916812,1864.60980138,1864.62919307,0.04648104,1500.29332349,0.01998541,0.01998541,28102,86,0
7111.99220968,7111.99226827,1872.86824822,1872.86633571,0.03811439,1500.44962134,0.01998541,0.01998541,28101,86,0
7112.24552821,7112.24538643,1881.13622638,1881.14086021,0.03758162,1500.60541984,0.01998541,0.01998541,28100,86,0
7112.49889835,7112.49852260,1889.41391820,1889.42621216,0.05305862,1500.76020846,0.01998541,0.01998541,28099,86,0
7112.75170552,7112.75167679,1897.70148246,1897.70242341,0.04833108,1500.91361374,0.01998541,0.01998541,28098,86,0
7113.00470835,7113.00484900,1905.99871629,1905.99410420,0.03952906,1501.06609048,0.01998541,0.01998541,28097,86,0
7113.25755054,7113.25803923,1914.30513959,1914.28909929,0.05277711,1501.21741101,0.01998541,0.01998541,28096,86,0
7113.51142907,7113.51124747,1922.62026216,1922.62622851,0.04134122,1501.36827347,0.01998541,0.01998541,28095,86,0
7113.76447668,7113.76447374,1930.94360943,1930.94370606,0.04092898,1501.51755486,0.01998541,0.01998541,28094,86,0
7114.01772346,7114.01771804,1939.27522825,1939.27540669,0.04314240,1501.66586436,0.01998541,0.01998541,28093,86,0
7114.27074213,7114.27098036,1947.61574551,1947.60789577,0.04862946,1501.81295950,0.01998541,0.01998541,28092,86,0
7114.52408664,7114.52426071,1955.96582220,1955.96008025,0.03372285,1501.95916951,0.01998541,0.01998541,28091,86,0
7114.77762144,7114.77755910,1964.32611542,1964.32817451,0.04983606,1502.10442022,0.01998541,0.01998541,28090,86,0
7115.03085091,7115.03087551,1972.69680271,1972.69598933,0.04075824,1502.24842715,0.01998541,0.01998541,28089,86,0
7115.28416293,7115.28420996,1981.07732168,1981.07576495,0.03385378,1502.39139834,0.01998541,0.01998541,28088,86,0
7115.53766918,7115.53756245,1989.46704338,1989.47057956,0.04923656,1502.53338030,0.01998541,0.01998541,28087,86,0
7115.79093367,7115.79093297,1997.86533662,1997.86535989,0.03901835,1502.67411474,0.01998541,0.01998541,28086,86,0
7116.04401585,7116.04432154,2006.27186387,2006.26171749,0.04311839,1502.81362833,0.01998541,0.01998541,28085,86,0
7116.29746085,7116.29772814,2014.68689179,2014.67801127,0.04606258,1502.95222132,0.01998541,0.01998541,28084,86,0
7116.55122771,7116.55115279,2023.11076257,2023.11325393,0.03630275,1503.08986874,0.01998541,0.01998541,28083,86,0
7116.80519245,7116.80459549,2031.54382070,2031.56369437,0.04864470,1503.22650174,0.01998541,0.01998541,28082,86,0
7117.05855815,7117.05805624,2039.98642180,2040.00314917,0.03572144,1503.36169601,0.01998541,0.01998541,28081,86,0
7117.31150478,7117.31153503,2048.43894662,2048.43793712,0.04514200,1503.49555626,0.01998541,0.01998541,28080,86,0
7117.56508167,7117.56503188,2056.90178214,2056.90344519,0.04131267,1503.62863824,0.01998541,0.01998541,28079,86,0
7117.81893873,7117.81854678,2065.37531792,2065.38842645,0.04606617,1503.76075385,0.01998541,0.01998541,28078,86,0
7118.07235166,7118.07207974,2073.85980181,2073.86890708,0.03891972,1503.89152643,0.01998541,0.01998541,28077,86,0
7118.32585191,7118.32563075,2082.35502884,2082.36244316,0.04980335,1504.02122477,0.01998541,0.01998541,28076,86,0
7118.57956739,7118.57919983,2090.86070334,2090.87303982,0.03640992,1504.14990321,0.01998541,0.01998541,28075,86,0
7118.83286879,7118.83278696,2099.37652754,2099.37927689,0.05196094,1504.27723500,0.01998541,0.01998541,28074,86,0
7119.08617661,7119.08639216,2107.90225001,2107.89499971,0.03448505,1504.40342624,0.01998541,0.01998541,28073,86,0
7119.34037740,7119.34001543,2116.43779348,2116.44998208,0.04835108,1504.52890708,0.01998541,0.01998541,28072,86,0
7119.59359733,7119.59365676,2124.98311999,2124.98111668,0.04082167,1504.65274839,0.01998541,0.01998541,28071,86,0
7119.84730758,7119.84731616,2133.53819129,2133.53790153,0.04527710,1504.77566827,0.01998541,0.01998541,28070,86,0
7120.10078800,7120.10099364,2142.10302555,2142.09607896,0.03484913,1504.89731211,0.01998541,0.01998541,28069,86,0
7120.35412774,7120.35468918,2150.67786571,2150.65887846,0.04673911,1505.01772442,0.01998541,0.01998541,28068,86,0
7120.60858144,7120.60840280,2159.26301190,2159.26905999,0.05184461,1505.13749465,0.01998541,0.01998541,28067,86,0
7120.86249827,7120.86213450,2167.85876636,2167.87109709,0.03921863,1505.25584145,0.01998541,0.01998541,28066,86,0
7121.11598255,7121.11588428,2176.46535613,2176.46869116,0.04681517,1505.37281859,0.01998541,0.01998541,28065,86,0
7121.36948053,7121.36965214,2185.08269494,2185.07686435,0.05757922,1505.48862905,0.01998541,0.01998541,28064,86,0
7121.62342713,7121.62343808,2193.71061567,2193.71024319,0.03610347,1505.60346141,0.01998541,0.01998541,28063,86,0
7121.87758234,7121.87724210,2202.34894992,2202.36053666,0.04398729,1505.71719571,0.01998541,0.01998541,28062,86,0
7122.13122855,7122.13106421,2210.99752338,2211.00312602,0.03523937,1505.82950613,0.01998541,0.01998541,28061,86,0
7122.38492729,7122.38490442,2219.65614196,2219.65692271,0.04748029,1505.94063762,0.01998541,0.01998541,28060,86,0
7122.63881718,7122.63876271,2228.32460553,2228.32646655,0.05079231,1506.05064224,0.01998541,0.01998541,28059,86,0
7122.89238088,7122.89263909,2237.00271247,2236.99388160,0.03166947,1506.15929004,0.01998541,0.01998541,28058,86,0
7123.14644074,7123.14653357,2245.69037978,2245.68720161,0.04610924,1506.26692691,0.01998541,0.01998541,28057,86,0
7123.40063981,7123.40044614,2254.38796153,2254.39459897,0.04271173,1506.37339717,0.01998541,0.01998541,28056,86,0
7123.65407569,7123.65437682,2263.09591392,2263.08558155,0.03467587,1506.47832850,0.01998541,0.01998541,28055,86,0
7123.90817313,7123.90832559,2271.81469642,2271.80945904,0.04909670,1506.58231240,0.01998541,0.01998541,28054,86,0
7124.16220805,7124.16229246,2280.54465844,2280.54175481,0.04491547,1506.68504754,0.01998541,0.01998541,28053,86,0
7124.41611113,7124.41627744,2289.28579307,2289.28006595,0.04795276,1506.78650229,0.01998541,0.01998541,28052,86,0
7124.67065806,7124.67028053,2298.03802241,2298.05103889,0.05406921,1506.88697701,0.01998541,0.01998541,28051,86,0
7124.92436234,7124.92430172,2306.80126786,2306.80336014,0.03975723,1506.98588060,0.01998541,0.01998541,28050,86,0
7125.17811794,7125.17834103,2315.57540614,2315.56769680,0.03821221,1507.08356113,0.01998541,0.01998541,28049,86,0
7125.43228603,7125.43239844,2324.36019804,2324.35630880,0.04414185,1507.18014677,0.01998541,0.01998541,28048,86,0
7125.68690640,7125.68647397,2333.15538397,2333.17036121,0.05265612,1507.27563869,0.01998541,0.01998541,28047,86,0
7125.94069177,7125.94056761,2341.96070428,2341.96500902,0.03740399,1507.36954959,0.01998541,0.01998541,28046,86,0
7126.19468587,7126.19467938,2350.77617932,2350.77640483,0.05163853,1507.46226612,0.01998541,0.01998541,28045,86,0
7126.44856831,7126.44880926,2359.60240883,2359.59403534,0.04567024,1507.55367226,0.01998541,0.01998541,28044,86,0
7126.70294614,7126.70295726,2368.44006815,2368.43968125,0.04432477,1507.64398572,0.01998541,0.01998541,28043,86,0
7126.95705611,7126.95712339,2377.28983022,2377.28748625,0.04516304,1507.73293541,0.01998541,0.01998541,28042,86,0
7127.21132499,7127.21130764,2386.15192902,2386.15253450,0.05077694,1507.82066838,0.01998541,0.01998541,28041,86,0
7127.46622543,7127.46551002,2395.02591285,2395.05090279,0.05150283,1507.90733180,0.01998542,0.01998541,28040,86,0
7127.71984504,7127.71973053,2403.91126755,2403.91527222,0.03335906,1507.99227016,0.01998541,0.01998541,28039,86,0
7127.97403724,7127.97396917,2412.80748608,2412.80986936,0.04814350,1508.07609973,0.01998541,0.01998541,28038,86,0
7128.22776526,7128.22822594,2421.71437160,2421.69822428,0.04863508,1508.15847112,0.01998541,0.01998541,28037,86,0
7128.48250860,7128.48250085,2430.63207732,2430.63234927,0.04889190,1508.23985694,0.01998541,0.01998541,28036,86,0
7128.73678950,7128.73679389,2439.56077610,2439.56062192,0.04041451,1508.31977745,0.01998541,0.01998541,28035,86,0
7128.99109009,7128.99110508,2448.50065383,2448.50012683,0.04608552,1508.39838429,0.01998541,0.01998541,28034,86,0
7129.24547532,7129.24543440,2457.45207448,2457.45351546,0.03806813,1508.47569475,0.01998541,0.01998541,28033,86,0
7129.49976843,7129.49978187,2466.41554114,2466.41506721,0.03837436,1508.55165418,0.01998541,0.01998541,28032,86,0
7129.75454768,7129.75414748,2475.39156428,2475.40569615,0.04273382,1508.62643093,0.01998541,0.01998541,28031,86,0
7130.00858318,7130.00853124,2484.38055737,2484.38239398,0.04206825,1508.69966365,0.01998541,0.01998541,28030,86,0
7130.26307525,7130.26293315,2493.38208847,2493.38711986,0.04100650,1508.77169124,0.01998541,0.01998541,28029,86,0
7130.51731207,7130.51735320,2502.39529716,2502.39383908,0.04111313,1508.84229825,0.01998541,0.01998541,28028,86,0
7130.77190866,7130.77179142,2511.41931308,2511.42347362,0.04249741,1508.91164268,0.01998542,0.01998541,28027,86,0
7131.02660142,7131.02624778,2520.45347785,2520.46603994,0.03792048,1508.97963922,0.01998542,0.01998541,28026,86,0
7131.28078840,7131.28072230,2529.49817599,2529.50052678,0.03799632,1509.04612869,0.01998541,0.01998541,28025,86,0
7131.53543480,7131.53521498,2538.55410839,2538.56193525,0.04508103,1509.11136410,0.01998542,0.01998541,28024,86,0
7131.78936916,7131.78972582,2547.62198105,2547.60926552,0.04780350,1509.17504716,0.01998541,0.01998541,28023,86,0
7132.04431563,7132.04425482,2556.70227130,2556.70444201,0.04641246,1509.23760557,0.01998541,0.01998541,28022,86,0
7132.29837445,7132.29880199,2565.79483897,2565.77955742,0.05040607,1509.29856551,0.01998541,0.01998541,28021,86,0
7132.55342681,7132.55336732,2574.89944083,2574.90156982,0.05095062,1509.35837023,0.01998541,0.01998541,28020,86,0
7132.80747945,7132.80795083,2584.01583510,2583.99894546,0.04778769,1509.41654531,0.01998541,0.01998541,28019,86,0
7133.06277848,7133.06255250,2593.14395194,2593.15205896,0.05064463,1509.47359715,0.01998542,0.01998541,28018,86,0
7133.31711273,7133.31717234,2602.28397414,2602.28183311,0.04773889,1509.52902496,0.01998541,0.01998541,28017,86,0
7133.57136223,7133.57181036,2611.43610584,2611.41998931,0.04015982,1509.58302490,0.01998541,0.01998541,28016,86,0
7133.82626348,7133.82646655,2620.60055359,2620.59324102,0.03520962,1509.63574422,0.01998541,0.01998541,28015,86,0
7134.08113514,7134.08114092,2629.77753868,2629.77733026,0.04296160,1509.68703228,0.01998541,0.01998541,28014,86,0
7134.33567544,7134.33583347,2638.96729433,2638.96158853,0.05039021,1509.73682676,0.01998541,0.01998541,28013,86,0
7134.59051651,7134.59054420,2648.17005589,2648.16905487,0.04370385,1509.78524681,0.01998541,0.01998542,28012,86,0
7134.84495022,7134.84527312,2657.38601592,2657.37432590,0.03852171,1509.83215366,0.01998541,0.01998542,28011,86,0
7135.09995985,7135.10002022,2666.61508678,2666.61289819,0.04018043,1509.87772052,0.01998541,0.01998542,28010,86,0
7135.35464524,7135.35478551,2675.85707034,2675.85197848,0.05891749,1509.92177729,0.01998541,0.01998542,28009,86,0
7135.60960913,7135.60956898,2685.11176666,2685.11322600,0.05177730,1509.96442165,0.01998541,0.01998542,28008,86,0
7135.86355258,7135.86437065,2694.37908111,2694.34930796,0.04277132,1510.00543632,0.01998541,0.01998542,28007,86,0
7135.86355258,7135.86437065,2694.37908111,2694.34930796,0.04277132,1510.00543632,0.01998541,0.01998542,28007,86,0
7136.11939705,7136.11919052,2703.65921436,2703.66674106,0.03403579,1510.04528042,0.01998542,0.01998542,28006,86,0
7136.37334083,7136.37402858,2712.95241950,2712.92732233,0.05136321,1510.08335685,0.01998541,0.01998542,28005,86,0
7136.62952849,7136.62888483,2722.25894317,2722.28246363,0.04508023,1510.12027879,0.01998542,0.01998542,28004,86,0
7136.88339621,7136.88375929,2731.57873974,2731.56545476,0.04012127,1510.15538268,0.01998541,0.01998542,28003,86,0
7137.13858936,7137.13865194,2740.91139839,2740.90910542,0.05157389,1510.18917355,0.01998542,0.01998542,28002,86,0
7137.39351454,7137.39356280,2750.25648220,2750.25471202,0.04185366,1510.22142351,0.01998542,0.01998542,28001,86,0
7137.64870404,7137.64849186,2759.61361971,2759.62141255,0.03698175,1510.25219282,0.01998542,0.01998542,28000,86,0
7137.90355248,7137.90343913,2768.98307929,2768.98724743,0.05325120,1510.28140425,0.01998542,0.01998542,27999,86,0
7138.15795647,7138.15840461,2778.36548061,2778.34897835,0.04097824,1510.30904887,0.01998541,0.01998542,27998,86,0
7138.41288582,7138.41338831,2787.76145191,2787.74292250,0.04419768,1510.33522688,0.01998541,0.01998542,27997,86,0
7138.66820756,7138.66839021,2797.17146959,2797.16472484,0.05349860,1510.35991106,0.01998542,0.01998542,27996,86,0
7138.92290188,7138.92341033,2806.59549225,2806.57668980,0.03642750,1510.38299808,0.01998541,0.01998542,27995,86,0
7139.17864753,7139.17844866,2816.03336986,2816.04073430,0.04960578,1510.40462918,0.01998542,0.01998542,27994,86,0
7139.43367296,7139.43350522,2825.48495255,2825.49117287,0.03541915,1510.42464449,0.01998542,0.01998542,27993,86,0
7139.68869468,7139.68857999,2834.95014476,2834.95440351,0.04784201,1510.44310006,0.01998542,0.01998542,27992,86,0
7139.94366804,7139.94367299,2844.42891993,2844.42873593,0.03210281,1510.45998651,0.01998542,0.01998542,27991,86,0
7140.19854386,7140.19878421,2853.92125565,2853.91230636,0.04758997,1510.47529535,0.01998542,0.01998542,27990,86,0
7140.45364432,7140.45391366,2863.42711495,2863.41707291,0.03887623,1510.48903812,0.01998542,0.01998542,27989,86,0
7140.70910533,7140.70906134,2872.94634870,2872.94799096,0.04576605,1510.50120994,0.01998542,0.01998542,27988,86,0
7140.96466793,7140.96422724,2882.47875368,2882.49522753,0.03655841,1510.51178743,0.01998542,0.01998542,27987,86,0
7141.21970249,7141.21941138,2892.02412522,2892.03502139,0.05166285,1510.52074195,0.01998542,0.01998542,27986,86,0
7141.47451797,7141.47461376,2901.58247906,2901.57888895,0.03622531,1510.52808508,0.01998542,0.01998542,27985,86,0
7141.72982943,7141.72983437,2911.15437043,2911.15418518,0.05058259,1510.53382878,0.01998542,0.01998542,27984,86,0
7141.98523188,7141.98507322,2920.74043955,2920.74640277,0.05014573,1510.53795196,0.01998542,0.01998542,27983,86,0
7142.23994067,7142.24033030,2930.34129668,2930.32663050,0.03609365,1510.54044088,0.01998542,0.01998542,27982,86,0
7142.49570140,7142.49560564,2939.95697489,2939.96058467,0.04819562,1510.54130186,0.01998542,0.01998542,27981,86,0
7142.75088783,7142.75089921,2949.58703156,2949.58660205,0.03585098,1510.54051761,0.01998542,0.01998542,27980,86,0
7143.00624834,7143.00621103,2959.23100609,2959.23241625,0.05302466,1510.53808274,0.01998542,0.01998542,27979,86,0
7143.26136311,7143.26154110,2968.88860670,2968.88186980,0.04996442,1510.53399526,0.01998542,0.01998542,27978,86,0
7143.51665579,7143.51688942,2978.56022391,2978.55136876,0.04249705,1510.52824204,0.01998542,0.01998542,27977,86,0
7143.77194721,7143.77225599,2988.24642117,2988.23470048,0.05156812,1510.52081800,0.01998542,0.01998542,27976,86,0
7144.02779101,7144.02764081,2997.94775543,2997.95346543,0.05007863,1510.51169377,0.01998542,0.01998542,27975,86,0
7144.28319999,7144.28304389,3007.66444947,3007.67039251,0.05662782,1510.50089560,0.01998542,0.01998542,27974,86,0
7144.53809901,7144.53846523,3017.39633980,3017.38237599,0.04018174,1510.48842861,0.01998542,0.01998542,27973,86,0
7144.79378967,7144.79390483,3027.14324005,3027.13884260,0.04763891,1510.47421903,0.01998542,0.01998542,27972,86,0
7145.04895222,7145.04936269,3036.90502432,3036.88932763,0.04794911,1510.45833028,0.01998542,0.01998542,27971,86,0
7145.30461148,7145.30483881,3046.68189004,3046.67318359,0.04230331,1510.44069105,0.01998542,0.01998542,27970,86,0
7145.56021849,7145.56033320,3056.47414172,3056.46974173,0.05538234,1510.42132652,0.01998542,0.01998542,27969,86,0
7145.81557885,7145.81584586,3066.28207529,3066.27181812,0.04676742,1510.40024604,0.01998542,0.01998542,27968,86,0
7146.07171013,7146.07137679,3076.10553515,3076.11835949,0.03987752,1510.37735272,0.01998542,0.01998542,27967,86,0
7146.32667672,7146.32692598,3085.94376601,3085.93416322,0.04635611,1510.35281771,0.01998542,0.01998542,27966,86,0
7146.58281105,7146.58249345,3095.79596464,3095.80821589,0.04584620,1510.32641129,0.01998542,0.01998542,27965,86,0
7146.83821755,7146.83807920,3105.66155600,3105.66689992,0.04635584,1510.29831900,0.01998542,0.01998542,27964,86,0
7147.09391609,7147.09368323,3115.54124880,3115.55025594,0.03845684,1510.26842421,0.01998542,0.01998542,27963,86,0
7147.34758295,7147.34930553,3125.43619685,3125.36946577,0.05216855,1510.23700583,0.01998541,0.01998542,27962,86,0
7147.60495151,7147.60494611,3135.34754366,3135.34775314,0.03346383,1510.20332452,0.01998542,0.01998542,27961,86,0
7147.86088585,7147.86060498,3145.27569035,3145.28660632,0.04703493,1510.16801865,0.01998542,0.01998542,27960,86,0
7148.11568906,7148.11628213,3155.22010532,3155.19702062,0.04503108,1510.13106704,0.01998542,0.01998542,27959,86,0
7148.37151780,7148.37197757,3165.18019334,3165.16227057,0.04385133,1510.09215212,0.01998542,0.01998542,27958,86,0
7148.62780577,7148.62769130,3175.15550908,3175.15997786,0.04406056,1510.05133803,0.01998542,0.01998542,27957,86,0
7148.88327954,7148.88342332,3185.14631354,3185.14069209,0.04513617,1510.00882241,0.01998542,0.01998542,27956,86,0
7149.13900702,7149.13917364,3195.15307278,3195.14654840,0.04208622,1509.96442351,0.01998542,0.01998542,27955,86,0
7149.39475245,7149.39494224,3205.17623814,3205.16879445,0.04059988,1509.91816900,0.01998542,0.01998542,27954,86,0
7149.65065375,7149.65072915,3215.21585453,3215.21289276,0.04371932,1509.87002336,0.01998542,0.01998542,27953,86,0
7149.90666336,7149.90653435,3225.27157120,3225.27664619,0.04797811,1509.81998588,0.01998542,0.01998542,27952,86,0
7150.16192388,7150.16235786,3235.34301795,3235.32592039,0.04604498,1509.76822481,0.01998542,0.01998542,27951,86,0
7150.41792889,7150.41819967,3245.43001217,3245.41932843,0.05292736,1509.71443018,0.01998542,0.01998542,27950,86,0
7150.67413063,7150.67405978,3255.53295318,3255.53575288,0.04388113,1509.65869637,0.01998542,0.01998542,27949,86,0
7150.93051157,7150.92993820,3265.65235497,3265.67504849,0.03975674,1509.60101171,0.01998542,0.01998542,27948,86,0
7151.18540317,7151.18583493,3275.78870325,3275.77158688,0.04706582,1509.54175481,0.01998542,0.01998542,27947,86,0
7151.44133268,7151.44174997,3285.94212974,3285.92556041,0.04327804,1509.48033358,0.01998542,0.01998542,27946,86,0
7151.69754746,7151.69768332,3296.11254801,3296.10714469,0.04385832,1509.41690529,0.01998542,0.01998542,27945,86,0
7151.95386396,7151.95363499,3306.29986771,3306.30898845,0.05355406,1509.35150265,0.01998542,0.01998542,27944,86,0
7152.20936060,7152.20960497,3316.50401111,3316.49426196,0.04631021,1509.28436065,0.01998542,0.01998542,27943,86,0
7152.46577498,7152.46559327,3326.72492276,3326.73218377,0.03942883,1509.21501305,0.01998542,0.01998542,27942,86,0
7152.72226694,7152.72159989,3336.96254873,3336.98924442,0.04049836,1509.14366714,0.01998542,0.01998542,27941,86,0
7152.97725691,7152.97762484,3347.21691946,3347.20217161,0.04681434,1509.07076973,0.01998542,0.01998542,27940,86,0
7153.23384856,7153.23366811,3357.48847961,3357.49572467,0.04912243,1508.99542021,0.01998542,0.01998542,27939,86,0
7153.48983398,7153.48972970,3367.77780389,3367.78199767,0.04248971,1508.91824186,0.01998542,0.01998542,27938,86,0
7153.74532451,7153.74580963,3378.08543724,3378.06589359,0.04632807,1508.83920041,0.01998542,0.01998542,27937,86,0
7154.00184071,7154.00190788,3388.41137175,3388.40866116,0.05388079,1508.75780946,0.01998542,0.01998542,27936,86,0
7154.25800986,7154.25802447,3398.75515453,3398.75456418,0.04245357,1508.67449042,0.01998542,0.01998542,27935,86,0
7154.51405796,7154.51415939,3409.11631766,3409.11221134,0.03714264,1508.58916970,0.01998542,0.01998542,27934,86,0
7154.77047406,7154.77031265,3419.49462144,3419.50116627,0.05189189,1508.50167413,0.01998542,0.01998542,27933,86,0
7155.02643138,7155.02648424,3429.89026654,3429.88811968,0.04327040,1508.41227599,0.01998542,0.01998542,27932,86,0
7155.28276499,7155.28267418,3440.30350506,3440.30719938,0.04069232,1508.32067304,0.01998542,0.01998542,27931,86,0
7155.53907444,7155.53888246,3450.73460079,3450.74242356,0.05846417,1508.22699226,0.01998542,0.01998542,27930,86,0
7155.79513244,7155.79510908,3461.18386350,3461.18481720,0.05083414,1508.13130759,0.01998542,0.01998542,27929,86,0
7156.05144451,7156.05135405,3471.65161868,3471.65531748,0.03980000,1508.03341720,0.01998542,0.01998542,27928,86,0
7156.30748355,7156.30761736,3482.13816458,3482.13268415,0.05161521,1507.93350976,0.01998542,0.01998542,27927,86,0
7156.56422303,7156.56389903,3492.64343540,3492.65672797,0.04384757,1507.83119052,0.01998542,0.01998542,27926,86,0
7156.82013834,7156.82019905,3503.16712116,3503.16462630,0.04031689,1507.72706155,0.01998542,0.01998542,27925,86,0
7157.07617664,7157.07651742,3513.70890395,3513.69487691,0.04568108,1507.62073949,0.01998542,0.01998542,27924,86,0
7157.33219721,7157.33285415,3524.26845867,3524.24137535,0.03962163,1507.51227497,0.01998542,0.01998542,27923,86,0
7157.58898514,7157.58920924,3534.84545161,3534.83619838,0.05057717,1507.40131973,0.01998542,0.01998542,27922,86,0
7157.84500501,7157.84558268,3545.43954575,3545.41565654,0.04639178,1507.28853133,0.01998542,0.01998542,27921,86,0
7158.10177557,7158.10197449,3556.05090808,3556.04266851,0.03974445,1507.17322972,0.01998542,0.01998542,27920,86,0
7158.35822625,7158.35838466,3566.68108935,3566.67451585,0.03825477,1507.05586338,0.01998542,0.01998542,27919,86,0
7158.61513381,7158.61481320,3577.33188984,3577.34521944,0.04333469,1506.93604418,0.01998542,0.01998542,27918,86,0
7158.87149351,7158.87126011,3588.00467899,3588.01440208,0.03946058,1506.81421471,0.01998542,0.01998542,27917,86,0
7159.12707975,7159.12772538,3598.69837017,3598.67142590,0.05400384,1506.69050020,0.01998542,0.01998542,27916,86,0
7159.38974195,7159.38420903,0.00000000,3609.65779484,0.29180791,1506.56084477,0.01998544,0.01998542,27915,86,1
7159.64071386,7159.64071105,3620.14089814,3620.14101561,0.05620611,1506.43512265,0.01998542,0.01998542,27914,86,0
7159.89688437,7159.89723145,3630.88881369,3630.87425897,0.03055453,1506.30437372,0.01998542,0.01998542,27913,86,0
7160.15381966,7160.15377022,3641.65719164,3641.65926887,0.04353487,1506.17092689,0.01998542,0.01998542,27912,86,0
7160.41017634,7160.41032737,3652.44842017,3652.44206058,0.04478485,1506.03543570,0.01998542,0.01998542,27911,86,0
7160.66727326,7160.66690291,3663.26274024,3663.27836538,0.04926831,1505.89718489,0.01998542,0.01998542,27910,86,0
7160.92420216,7160.92349683,3674.09811235,3674.12792278,0.05436254,1505.75666862,0.01998542,0.01998542,27909,86,0
7161.17965844,7161.18010913,3684.95238400,3684.93330573,0.02999856,1505.61463941,0.01998542,0.01998542,27908,86,0
7161.43648309,7161.43673983,3695.82474716,3695.81386126,0.04823859,1505.46951938,0.01998542,0.01998542,27907,86,0
7161.69301189,7161.69338891,3706.71668953,3706.70067447,0.04532602,1505.32220387,0.01998542,0.01998542,27906,86,0
7161.94976339,7161.95005638,3717.62993520,3717.61746513,0.04896776,1505.17236117,0.01998542,0.01998542,27905,86,0
7162.20651220,7162.20674225,3728.56550242,3728.55569244,0.04543546,1505.02009333,0.01998542,0.01998542,27904,86,0
7162.46328750,7162.46344651,3739.52251588,3739.51572251,0.04352926,1504.86538242,0.01998542,0.01998542,27903,86,0
7162.72023375,7162.72016917,3750.49978098,3750.50254473,0.04752905,1504.70814358,0.01998542,0.01998542,27902,86,0
7162.97667661,7162.97691023,3761.49639416,3761.48637960,0.04820103,1504.54879582,0.01998542,0.01998542,27901,86,0
7163.23357890,7163.23366969,3772.51265684,3772.50875832,0.04560017,1504.38672597,0.01998542,0.01998542,27900,86,0
7163.49042921,7163.49044755,3783.54917649,3783.54838743,0.04626659,1504.22223051,0.01998542,0.01998542,27899,86,0
7163.74671710,7163.74724382,3794.60652074,3794.58381986,0.04054004,1504.05562494,0.01998542,0.01998542,27898,86,0
7164.00389876,7164.00405850,3805.68499408,3805.67809697,0.04243988,1503.88594115,0.01998542,0.01998542,27897,86,0
7164.26038768,7164.26089158,3816.78480778,3816.76300964,0.04958743,1503.71420752,0.01998542,0.01998542,27896,86,0
7164.51793751,7164.51774308,3827.90615467,3827.91458109,0.04474827,1503.53922902,0.01998542,0.01998542,27895,86,0
7164.77445019,7164.77461299,3839.04906525,3839.04199634,0.04400593,1503.36241777,0.01998542,0.01998542,27894,86,0
7165.03128724,7165.03150132,3850.21349102,3850.20417841,0.05206442,1503.18283413,0.01998542,0.01998542,27893,86,0
7165.28839006,7165.28840806,3861.39945384,3861.39866954,0.04371919,1503.00049738,0.01998542,0.01998542,27892,86,0
7165.54508028,7165.54533322,3872.60774342,3872.59669790,0.04255331,1502.81586522,0.01998542,0.01998542,27891,86,0
7165.80244272,7165.80227680,3883.83962465,3883.84688497,0.05341969,1502.62811905,0.01998542,0.01998542,27890,86,0
7166.05954587,7166.05923881,3895.09626303,3895.10972846,0.04703858,1502.43789838,0.01998542,0.01998542,27889,86,0
7166.31722208,7166.31621924,3906.37718733,3906.42125369,0.03743728,1502.24457603,0.01998542,0.01998542,27888,86,0
7166.57343612,7166.57321810,3917.68072432,3917.69032234,0.04143394,1502.04970751,0.01998542,0.01998542,27887,86,0
7166.83029557,7166.83023539,3929.00528933,3929.00794330,0.04681210,1501.85171700,0.01998542,0.01998542,27886,86,0
7167.08726873,7167.08727111,3940.35152117,3940.35141614,0.04027001,1501.65097887,0.01998542,0.01998542,27885,86,0
7167.34409630,7167.34432526,3951.72190932,3951.71177042,0.05712486,1501.44763863,0.01998542,0.01998542,27884,86,0
7167.60192278,7167.60139784,3963.11886425,3963.14216328,0.03993349,1501.24071810,0.01998542,0.01998542,27883,86,0
7167.85816723,7167.85848887,3974.54176969,3974.52746456,0.03429101,1501.03229359,0.01998542,0.01998542,27882,86,0
7168.11563125,7168.11559833,3985.98729139,3985.98875813,0.04896966,1500.82013879,0.01998542,0.01998542,27881,86,0
7168.37252637,7168.37272623,3997.45215541,3997.44323675,0.03504311,1500.60576506,0.01998542,0.01998542,27880,86,0
7168.62958561,7168.62987258,4008.93686915,4008.92404057,0.04567059,1500.38854595,0.01998542,0.01998542,27879,86,0
7168.88679534,7168.88703737,4020.44542941,4020.43458612,0.03612836,1500.16839930,0.01998542,0.01998542,27878,86,0
7169.14423539,7169.14422061,4031.98181662,4031.98248036,0.05021349,1499.94515869,0.01998542,0.01998542,27877,86,0
7169.40147309,7169.40142230,4043.54642027,4043.54870640,0.03956403,1499.71917425,0.01998542,0.01998542,27876,86,0
7169.65830577,7169.65864244,4055.13638721,4055.12120269,0.04972255,1499.49067377,0.01998542,0.01998542,27875,86,0
7169.91638155,7169.91588103,4066.74885084,4066.77146583,0.05191653,1499.25821914,0.01998543,0.01998542,27874,86,0
7170.17338916,7170.17313807,4078.38320717,4078.39457314,0.04104892,1499.02388784,0.01998543,0.01998542,27873,86,0
nan,nan,0.00000000,-1.00000000,0.00000000,1498.78750256,nan,0.00000000,-2147483648,86,1
nan,nan,0.00000000,-1.00000000,0.00000000,1495.53258869,nan,0.00000000,-2147483648,85,1
7131.28013798,7131.28072230,8.08536046,8.06998107,0.06814081,1495.90134445,0.01998541,0.01998541,28025,85,0
7131.53654035,7131.53521498,14.78580147,14.82070818,0.04264516,1496.25262203,0.01998542,0.01998541,28024,85,0
7131.78989665,7131.78972582,21.49117966,21.49568170,0.04345680,1496.59916383,0.01998542,0.01998541,28023,85,0
7132.04472077,7132.04425482,28.20156966,28.21385790,0.05686375,1496.94715149,0.01998542,0.01998541,28022,85,0
7132.29904897,7132.29880199,34.91704643,34.92356459,0.02740756,1497.29390230,0.01998542,0.01998541,28021,85,0
7132.55441787,7132.55336732,41.63763949,41.66538359,0.04233754,1497.64150929,0.01998542,0.01998541,28020,85,0
7132.80926845,7132.80795083,48.36319603,48.39801626,0.03455993,1497.98783903,0.01998542,0.01998541,28019,85,0
7133.06204958,7133.06255250,55.09351714,55.08021858,0.07279899,1498.33078055,0.01998541,0.01998541,28018,85,0
7133.31630408,7133.31717234,61.82840300,61.80543027,0.04142758,1498.67513068,0.01998541,0.01998541,28017,85,0
7133.57195011,7133.57181036,68.56765294,68.57135270,0.04413090,1499.02075677,0.01998542,0.01998541,28016,85,0
7133.82626460,7133.82646655,75.31111626,75.30576708,0.03489234,1499.36396801,0.01998542,0.01998541,28015,85,0
7134.08191668,7134.08114092,82.05892627,82.07948693,0.04240579,1499.70837193,0.01998542,0.01998541,28014,85,0
7134.33633260,7134.33583347,88.81131590,88.82455302,0.05698875,1500.05051131,0.01998542,0.01998541,28013,85,0
7134.58955737,7134.59054420,95.56851914,95.54233096,0.04838999,1500.39046547,0.01998541,0.01998542,28012,85,0
7134.84407165,7134.84527312,102.33077103,102.29886480,0.03963838,1500.73157452,0.01998541,0.01998542,28011,85,0
7135.09984102,7135.10002022,109.09828331,109.09352104,0.03926619,1501.07379269,0.01998542,0.01998542,28010,85,0
7135.35471408,7135.35478551,115.87108628,115.86918681,0.05675594,1501.41424003,0.01998542,0.01998542,28009,85,0
7135.60942012,7135.60956898,122.64912756,122.64516601,0.05302140,1501.75388985,0.01998542,0.01998542,28008,85,0
7135.86415715,7135.86437065,129.43235411,129.42666840,0.04137338,1502.09300224,0.01998542,0.01998542,28007,85,0
7136.11987347,7136.11919052,136.22071266,136.23891260,0.04734347,1502.43283176,0.01998542,0.01998542,28006,85,0
7136.37429265,7136.37402858,143.01414767,143.02118967,0.03440714,1502.77034980,0.01998542,0.01998542,28005,85,0
7136.62837881,7136.62888483,149.81258405,149.79908133,0.05630065,1503.10683564,0.01998542,0.01998542,28004,85,0
7136.88312599,7136.88375929,156.61593560,156.59902563,0.03603282,1503.44359862,0.01998541,0.01998542,28003,85,0
7137.13770180,7137.13865194,163.42411563,163.39872947,0.04470574,1503.77953076,0.01998541,0.01998542,28002,85,0
7137.39376564,7137.39356280,170.23703703,170.24246004,0.05507331,1504.11681112,0.01998542,0.01998542,28001,85,0
7137.64820526,7137.64849186,177.05462746,177.04696042,0.06201515,1504.45133569,0.01998542,0.01998542,28000,85,0
7137.90324171,7137.90343913,183.87699131,183.87170657,0.04679861,1504.78603189,0.01998542,0.01998542,27999,85,0
7138.15783239,7138.15840461,190.70434810,190.68902015,0.04982694,1505.11954002,0.01998541,0.01998542,27998,85,0
7138.41259230,7138.41338831,197.53692027,197.51558276,0.04899384,1505.45267586,0.01998541,0.01998542,27997,85,0
7138.66894130,7138.66839021,204.37493124,204.38971462,0.04232604,1505.78729911,0.01998542,0.01998542,27996,85,0
7138.92484532,7138.92341033,211.21858667,211.25711031,0.05600148,1506.12075883,0.01998542,0.01998542,27995,85,0
7139.17959295,7139.17844866,218.06784213,218.09858416,0.05991703,1506.45212940,0.01998542,0.01998542,27994,85,0
7139.43273855,7139.43350522,224.92247366,224.90186236,0.02900745,1506.78082798,0.01998541,0.01998542,27993,85,0
7139.68762374,7139.68857999,231.78225240,231.75652737,0.06797528,1507.11118035,0.01998541,0.01998542,27992,85,0
7139.94379083,7139.94367299,238.64694849,238.65012057,0.04624169,1507.44256966,0.01998542,0.01998542,27991,85,0
7140.19833297,7140.19878421,245.51634658,245.50419241,0.04825050,1507.77122480,0.01998542,0.01998542,27990,85,0
7140.45394986,7140.45391366,252.39045423,252.39142996,0.04753379,1508.10063231,0.01998542,0.01998542,27989,85,0
7140.70912518,7140.70906134,259.26944670,259.27116859,0.05186817,1508.42884258,0.01998542,0.01998542,27988,85,0
7140.96456364,7140.96422724,266.15350408,266.16258271,0.05377169,1508.75676961,0.01998542,0.01998542,27987,85,0
7141.21932452,7141.21941138,273.04280723,273.04046135,0.02500415,1509.08321410,0.01998542,0.01998542,27986,85,0
7141.47372633,7141.47461376,279.93753044,279.91354643,0.05963623,1509.40859432,0.01998541,0.01998542,27985,85,0
7141.72952235,7141.72983437,286.83774249,286.82930375,0.05548472,1509.73515046,0.01998542,0.01998542,27984,85,0
7141.98462327,7141.98507322,293.74343307,293.73125495,0.04767893,1510.06021036,0.01998542,0.01998542,27983,85,0
7142.23983784,7142.24033030,300.65458992,300.64125151,0.04455506,1510.38480425,0.01998542,0.01998542,27982,85,0
7142.49620509,7142.49560564,307.57120072,307.58744859,0.04214626,1510.71024657,0.01998542,0.01998542,27981,85,0
7142.75068771,7142.75089921,314.49325457,314.48751783,0.04256916,1511.03268194,0.01998542,0.01998542,27980,85,0
7143.00583174,7143.00621103,321.42076029,321.41046521,0.04204436,1511.35533923,0.01998542,0.01998542,27979,85,0
7143.26247473,7143.26154110,328.35374075,328.37910079,0.04676140,1511.67926895,0.01998542,0.01998542,27978,85,0
7143.51756537,7143.51688942,335.29221923,335.31059315,0.03828296,1512.00061920,0.01998542,0.01998542,27977,85,0
7143.77204381,7143.77225599,342.23621909,342.23044722,0.04803462,1512.32058142,0.01998542,0.01998542,27976,85,0
7144.02743407,7144.02764081,349.18575784,349.18012977,0.04955528,1512.64106963,0.01998542,0.01998542,27975,85,0
7144.28393257,7144.28304389,356.14078487,356.16499351,0.05989495,1512.96231868,0.01998542,0.01998542,27974,85,0
7144.53899297,7144.53846523,363.10120565,363.11559193,0.06071530,1513.28113443,0.01998542,0.01998542,27973,85,0
7144.79385748,7144.79390483,370.06692454,370.06563295,0.05221715,1513.59906945,0.01998542,0.01998542,27972,85,0
7145.05020039,7145.04936269,377.03784541,377.06071212,0.05455221,1513.91820136,0.01998542,0.01998542,27971,85,0
7145.30506234,7145.30483881,384.01388544,384.01999116,0.06599313,1514.23484041,0.01998542,0.01998542,27970,85,0
7145.55977462,7145.56033320,390.99509032,390.97982213,0.02795347,1514.55064713,0.01998542,0.01998542,27969,85,0
7145.81501234,7145.81584586,397.98157651,397.95877769,0.06194322,1514.86646063,0.01998542,0.01998542,27968,85,0
7146.07035410,7146.07137679,404.97346176,404.94546893,0.05984351,1515.18176057,0.01998542,0.01998542,27967,85,0
7146.32631473,7146.32692598,411.97086431,411.95412095,0.05289159,1515.49718343,0.01998542,0.01998542,27966,85,0
7146.58178497,7146.58249345,418.97389103,418.95447006,0.06070434,1515.81136466,0.01998542,0.01998542,27965,85,0
7146.83809010,7146.83807920,425.98256214,425.98286100,0.06361257,1516.12593178,0.01998542,0.01998542,27964,85,0
7147.09366031,7147.09368323,432.99685930,432.99623014,0.06024077,1516.43895500,0.01998542,0.01998542,27963,85,0
7147.34960402,7147.34930553,440.01676395,440.02496400,0.05934797,1516.75179050,0.01998542,0.01998542,27962,85,0
7147.60456022,7147.60494611,447.04225738,447.03164852,0.05712471,1517.06277429,0.01998542,0.01998542,27961,85,0
7147.86112153,7147.86060498,454.07332375,454.08753478,0.05502715,1517.37506374,0.01998542,0.01998542,27960,85,0
7148.11592208,7148.11628213,461.10996302,461.10005023,0.04778647,1517.68456054,0.01998542,0.01998542,27959,85,0
7148.37191642,7148.37197757,468.15218048,468.15049574,0.05673785,1517.99485395,0.01998542,0.01998542,27958,85,0
7148.62849387,7148.62769130,475.19998146,475.22210919,0.04837582,1518.30519522,0.01998542,0.01998542,27957,85,0
7148.88305469,7148.88342332,482.25337129,482.24320024,0.04264956,1518.61244368,0.01998542,0.01998542,27956,85,0
7149.13932913,7149.13917364,489.31233110,489.31662447,0.03390868,1518.92110005,0.01998542,0.01998542,27955,85,0
7149.39472451,7149.39494224,496.37674895,496.37073286,0.04135143,1519.22803169,0.01998542,0.01998542,27954,85,0
7149.65105880,7149.65072915,503.44649004,503.45560435,0.04334811,1519.53541544,0.01998542,0.01998542,27953,85,0
7149.90660308,7149.90653435,510.52141891,510.52332034,0.03093305,1519.84116978,0.01998542,0.01998542,27952,85,0
7150.16211447,7150.16235786,517.60139974,517.59466183,0.03997027,1520.14619626,0.01998542,0.01998542,27951,85,0
7150.41721404,7150.41819967,524.68643051,524.65912637,0.03686666,1520.45004247,0.01998542,0.01998542,27950,85,0
7150.67430612,7150.67405978,531.77685822,531.78368733,0.04901058,1520.75557898,0.01998542,0.01998542,27949,85,0
7150.92991351,7150.92993820,538.87308733,538.87240238,0.05498344,1521.05868674,0.01998542,0.01998542,27948,85,0
7151.18512629,7151.18583493,545.97552427,545.95584783,0.06469333,1521.36068095,0.01998542,0.01998542,27947,85,0
7151.44228042,7151.44174997,553.08457347,553.09931556,0.04753137,1521.66433493,0.01998542,0.01998542,27946,85,0
7151.69806747,7151.69768332,560.20033131,560.21101631,0.04564903,1521.96574158,0.01998542,0.01998542,27945,85,0
7151.95427805,7151.95363499,567.32236742,567.34026806,0.04032663,1522.26699380,0.01998542,0.01998542,27944,85,0
7152.20897488,7152.20960497,574.45019802,574.43264630,0.03660681,1522.56579550,0.01998542,0.01998542,27943,85,0
7152.46556925,7152.46559327,581.58333699,581.58266742,0.03900302,1522.86612473,0.01998542,0.01998542,27942,85,0
7152.72218059,7152.72159989,588.72131253,588.73750813,0.04680912,1523.16575089,0.01998542,0.01998542,27941,85,0
7152.97795305,7152.97762484,595.86409612,595.87325574,0.06126846,1523.46367532,0.01998542,0.01998542,27940,85,0
7153.23435621,7153.23366811,603.01214148,603.03135840,0.05436488,1523.76162790,0.01998542,0.01998542,27939,85,0
7153.48958372,7153.48972970,610.16592866,610.16184874,0.05767903,1524.05752977,0.01998542,0.01998542,27938,85,0
7153.74562034,7153.74580963,617.32594003,617.32064523,0.03925559,1524.35370134,0.01998542,0.01998542,27937,85,0
7154.00232771,7154.00190788,624.49261720,624.50437082,0.03461538,1524.64999278,0.01998542,0.01998542,27936,85,0
7154.25809741,7154.25802447,631.66588904,631.66793286,0.04331260,1524.94454336,0.01998542,0.01998542,27935,85,0
7154.51346095,7154.51415939,638.84534525,638.82576064,0.04604505,1525.23795134,0.01998542,0.01998542,27934,85,0
7154.77070937,7154.77031265,646.03056754,646.04169966,0.05772928,1525.53282384,0.01998542,0.01998542,27933,85,0
7155.02589821,7155.02648424,653.22113554,653.20468075,0.05142467,1525.82462116,0.01998542,0.01998542,27932,85,0
7155.28292055,7155.28267418,660.41672539,660.42364753,0.03304625,1526.11778076,0.01998542,0.01998542,27931,85,0
7155.53871843,7155.53888246,667.61760001,667.61298823,0.03873056,1526.40882096,0.01998542,0.01998542,27930,85,0
7155.79498877,7155.79510908,674.82424108,674.82085593,0.04800061,1526.69969325,0.01998542,0.01998542,27929,85,0
7156.05162844,7156.05135405,682.03713299,682.04485984,0.06172690,1526.99029451,0.01998542,0.01998542,27928,85,0
7156.30777417,7156.30761736,689.25676238,689.26118206,0.04393010,1527.27966503,0.01998542,0.01998542,27927,85,0
7156.56356143,7156.56389903,696.48341021,696.47388631,0.03876956,1527.56796993,0.01998542,0.01998542,27926,85,0
7156.82019206,7156.82019905,703.71673197,703.71653454,0.03809822,1527.85654572,0.01998542,0.01998542,27925,85,0
7157.07642876,7157.07651742,710.95626388,710.95375867,0.06059991,1528.14397849,0.01998542,0.01998542,27924,85,0
7157.33334410,7157.33285415,718.20153981,718.21539274,0.04172716,1528.43144950,0.01998542,0.01998542,27923,85,0
7157.58931445,7157.58920924,725.45209703,725.45507382,0.03104958,1528.71712289,0.01998542,0.01998542,27922,85,0
7157.84541234,7157.84558268,732.70779702,732.70297459,0.04454312,1529.00219191,0.01998542,0.01998542,27921,85,0
7158.10207877,7158.10197449,739.96899553,739.97194980,0.05195492,1529.28715653,0.01998542,0.01998542,27920,85,0
7158.35835073,7158.35838466,747.23609136,747.23512934,0.04585134,1529.57096044,0.01998542,0.01998542,27919,85,0
7158.61532456,7158.61481320,754.50948535,754.52399566,0.03676987,1529.85482996,0.01998542,0.01998542,27918,85,0
7158.87090540,7158.87126011,761.78955831,761.77948452,0.03680192,1530.13646631,0.01998542,0.01998542,27917,85,0
7159.12732350,7159.12772538,769.07637239,769.06494924,0.06023524,1530.41832934,0.01998542,0.01998542,27916,85,0
7159.38418292,7159.38420903,776.36974766,776.36900491,0.04337340,1530.69996921,0.01998542,0.01998542,27915,85,0
7159.64041720,7159.64071105,783.66949729,783.66113131,0.04359355,1530.98020782,0.01998542,0.01998542,27914,85,0
7159.89735504,7159.89723145,790.97543347,790.97895497,0.05978595,1531.26048850,0.01998542,0.01998542,27913,85,0
7160.15384691,7160.15377022,798.28740132,798.28958807,0.04679176,1531.53954804,0.01998542,0.01998542,27912,85,0
7160.41033018,7160.41032737,805.60543356,805.60551348,0.03606609,1531.81786332,0.01998542,0.01998542,27911,85,0
7160.66638628,7160.66690291,812.92962818,812.91487483,0.05891572,1532.09498355,0.01998542,0.01998542,27910,85,0
7160.92320666,7160.92349683,820.26008371,820.25179078,0.03397965,1532.37219822,0.01998542,0.01998542,27909,85,0
7161.18006509,7161.18010913,827.59689905,827.59563939,0.02830921,1532.64872147,0.01998542,0.01998542,27908,85,0
7161.43674901,7161.43673983,834.94014224,834.94040505,0.05288127,1532.92432526,0.01998542,0.01998542,27907,85,0
7161.69351618,7161.69338891,842.28981054,842.29345671,0.04200855,1533.19928433,0.01998542,0.01998542,27906,85,0
7161.94957372,7161.95005638,849.64589137,849.63205268,0.04430496,1533.47274949,0.01998542,0.01998542,27905,85,0
7162.20667063,7162.20674225,857.00837206,857.00631705,0.05379999,1533.74658445,0.01998542,0.01998542,27904,85,0
7162.46332360,7162.46344651,864.37724542,864.37371591,0.04007363,1534.01920415,0.01998542,0.01998542,27903,85,0
7162.71941591,7162.72016917,871.75262258,871.73097319,0.04640082,1534.29049070,0.01998542,0.01998542,27902,85,0
7162.97668736,7162.97691023,879.13472893,879.12831801,0.05900839,1534.56229037,0.01998542,0.01998542,27901,85,0
7163.23351282,7163.23366969,886.52379557,886.51927918,0.03222960,1534.83288908,0.01998542,0.01998542,27900,85,0
7163.49082213,7163.49044755,893.92005483,893.93084916,0.05615319,1535.10327232,0.01998542,0.01998542,27899,85,0
7163.74726342,7163.74724382,901.32366529,901.32423047,0.03849323,1535.37202425,0.01998542,0.01998542,27898,85,0
7164.00369805,7164.00405850,908.73432304,908.72391744,0.04159068,1535.64003758,0.01998542,0.01998542,27897,85,0
7164.26080140,7164.26089158,916.15154561,916.14893998,0.05495677,1535.90799537,0.01998542,0.01998542,27896,85,0
7164.51742769,7164.51774308,923.57484763,923.56572926,0.03531714,1536.17468282,0.01998542,0.01998542,27895,85,0
7164.77443968,7164.77461299,931.00374286,930.99872880,0.05326926,1536.44097731,0.01998542,0.01998542,27894,85,0
7165.03147413,7165.03150132,938.43803730,938.43725017,0.03026804,1536.70649163,0.01998542,0.01998542,27893,85,0
7165.28843618,7165.28840806,945.87816509,945.87897966,0.05048920,1536.97114150,0.01998542,0.01998542,27892,85,0
7165.54536339,7165.54533322,953.32464349,953.32551834,0.03597385,1537.23498228,0.01998542,0.01998542,27891,85,0
7165.80236772,7165.80227680,960.77799248,960.78063082,0.05953326,1537.49814473,0.01998542,0.01998542,27890,85,0
7166.05930357,7166.05923881,968.23870242,968.24058353,0.04226871,1537.76049443,0.01998542,0.01998542,27889,85,0
7166.31589890,7166.31621924,975.70677105,975.69745768,0.03940763,1538.02175254,0.01998542,0.01998542,27888,85,0
7166.57297132,7166.57321810,983.18180916,983.17462837,0.05238895,1538.28273465,0.01998542,0.01998542,27887,85,0
7166.82990710,7166.83023539,990.66341518,990.65385534,0.03703486,1538.54279969,0.01998542,0.01998542,27886,85,0
7167.08732742,7167.08727111,998.15118534,998.15282652,0.05604449,1538.80255837,0.01998542,0.01998542,27885,85,0
7167.34405927,7167.34432526,1005.64483024,1005.63707331,0.03663468,1539.06081575,0.01998542,0.01998542,27884,85,0
7167.60139010,7167.60139784,1013.14453665,1013.14431058,0.05222146,1539.31887163,0.01998542,0.01998542,27883,85,0
7167.85809458,7167.85848887,1020.65061480,1020.63909836,0.03543134,1539.57550569,0.01998542,0.01998542,27882,85,0
7168.11581454,7168.11559833,1028.16337657,1028.16969697,0.05092140,1539.83236581,0.01998542,0.01998542,27881,85,0
7168.37252516,7168.37272623,1035.68312995,1035.67724694,0.03760873,1540.08744185,0.01998542,0.01998542,27880,85,0
7168.62982657,7168.62987258,1043.20997749,1043.20863020,0.05515562,1540.34232650,0.01998542,0.01998542,27879,85,0
7168.88745862,7168.88703737,1050.74375878,1050.75610451,0.05341899,1540.59674980,0.01998543,0.01998542,27878,85,0
7169.14457735,7169.14422061,1058.28429541,1058.29475911,0.03363533,1540.84987057,0.01998543,0.01998542,27877,85,0
7169.40177464,7169.40142230,1065.83140804,1065.84175097,0.04948115,1541.10226499,0.01998543,0.01998542,27876,85,0
7169.65866534,7169.65864244,1073.38494246,1073.38561529,0.03661683,1541.35354862,0.01998542,0.01998542,27875,85,0
7169.91566540,7169.91588103,1080.94491254,1080.93857306,0.05186470,1541.60412736,0.01998542,0.01998542,27874,85,0
7170.17283460,7170.17313807,1088.51139926,1088.50246999,0.03144575,1541.85405843,0.01998542,0.01998542,27873,85,0
7170.43035558,7170.43041358,1096.08448419,1096.08277631,0.04546128,1542.10351713,0.01998542,0.01998542,27872,85,0
7170.68734584,7170.68770754,1103.66425034,1103.65359066,0.03640571,1542.35164968,0.01998542,0.01998542,27871,85,0
7170.94501366,7170.94501996,1111.25086005,1111.25067410,0.05545511,1542.59962481,0.01998542,0.01998542,27870,85,0
7171.20248290,7171.20235085,1118.84461144,1118.84851003,0.04462593,1542.84660420,0.01998542,0.01998542,27869,85,0
7171.45979557,7171.45970020,1126.44581751,1126.44863583,0.03100817,1543.09263723,0.01998542,0.01998542,27868,85,0
7171.71733968,7171.71706801,1134.05479294,1134.06282859,0.05673185,1543.33810188,0.01998542,0.01998542,27867,85,0
7171.97412291,7171.97445430,1141.67179264,1141.66198089,0.03753490,1543.58205998,0.01998542,0.01998542,27866,85,0
7172.23108606,7172.23185905,1149.29657084,1149.27366292,0.05114634,1543.82539716,0.01998542,0.01998542,27865,85,0
7172.48995294,7172.48928228,1156.92863535,1156.94852733,0.04940053,1544.06971743,0.01998543,0.01998542,27864,85,0
7172.74682517,7172.74672399,1164.56748959,1164.57049305,0.03762859,1544.31132342,0.01998542,0.01998542,27863,85,0
7173.00391635,7173.00418417,1172.21263727,1172.20468158,0.05283460,1544.55228765,0.01998542,0.01998542,27862,85,0
7173.26135262,7173.26166283,1179.86391485,1179.85469327,0.04918299,1544.79271809,0.01998542,0.01998542,27861,85,0
7173.51905037,7173.51915997,1187.52179018,1187.51852930,0.03443989,1545.03254594,0.01998542,0.01998542,27860,85,0
7173.77642574,7173.77667559,1195.18680375,1195.17936348,0.05110124,1545.27124246,0.01998542,0.01998542,27859,85,0
7174.03449749,7174.03420970,1202.85949898,1202.86807749,0.05380221,1545.50976481,0.01998542,0.01998542,27858,85,0
7174.29126829,7174.29176229,1210.54035356,1210.52561389,0.03333268,1545.74628158,0.01998542,0.01998542,27857,85,0
7174.54877842,7174.54933337,1218.22928963,1218.21271552,0.05132143,1545.98266926,0.01998542,0.01998542,27856,85,0
7174.80705594,7174.80692295,1225.92595797,1225.92993348,0.05125483,1546.21893266,0.01998542,0.01998542,27855,85,0
7175.06424132,7175.06453101,1233.63000559,1233.62133821,0.05923394,1546.45335861,0.01998542,0.01998542,27854,85,0
7175.32231747,7175.32215757,1241.34108001,1241.34586785,0.03177396,1546.68774202,0.01998542,0.01998542,27853,85,0
7175.57998951,7175.57980263,1249.05902280,1249.06462309,0.04836306,1546.92089700,0.01998542,0.01998542,27852,85,0
7175.83733982,7175.83746619,1256.78400623,1256.78021590,0.05389298,1547.15290429,0.01998542,0.01998542,27851,85,0
7176.09518409,7176.09514824,1264.51623559,1264.51731160,0.03067220,1547.38450182,0.01998542,0.01998542,27850,85,0
7176.35289306,7176.35284880,1272.25591730,1272.25724699,0.05522044,1547.61512599,0.01998542,0.01998543,27849,85,0
7176.61106081,7176.61056787,1280.00323128,1280.01805663,0.04959560,1547.84530929,0.01998543,0.01998543,27848,85,0
7176.86802064,7176.86830544,1287.75818320,1287.74961016,0.04692485,1548.07356662,0.01998542,0.01998543,27847,85,0
7177.12629468,7177.12606151,1295.52071036,1295.52773547,0.03969574,1548.30213309,0.01998543,0.01998543,27846,85,0
7177.38321629,7177.38383610,1303.29074954,1303.27205831,0.06267062,1548.52864422,0.01998542,0.01998543,27845,85,0
7177.64188707,7177.64162920,1311.06823687,1311.07601998,0.04538311,1548.75582773,0.01998543,0.01998543,27844,85,0
7177.89969671,7177.89944082,1318.85309951,1318.86082955,0.04844998,1548.98138160,0.01998543,0.01998543,27843,85,0
7178.15712711,7178.15727095,1326.64525344,1326.64090432,0.04895493,1549.20572848,0.01998543,0.01998543,27842,85,0
7178.41514698,7178.41511961,1334.44461346,1334.44544193,0.02820172,1549.42970627,0.01998543,0.01998543,27841,85,0
7178.67312924,7178.67298678,1342.25109386,1342.25540836,0.04677448,1549.65276256,0.01998543,0.01998543,27840,85,0
7178.93075902,7178.93087247,1350.06467539,1350.06123647,0.05271681,1549.87462384,0.01998543,0.01998543,27839,85,0
7179.18922719,7179.18877669,1357.88560516,1357.89927263,0.04629474,1550.09631739,0.01998543,0.01998543,27838,85,0
7179.44675209,7179.44669944,1365.71419793,1365.71579700,0.05403479,1550.31632156,0.01998543,0.01998543,27837,85,0
7179.70450216,7179.70464071,1373.55077032,1373.54655887,0.03556299,1550.53564408,0.01998543,0.01998543,27836,85,0
7179.96250426,7179.96260051,1381.39561929,1381.39269078,0.05096556,1550.75431054,0.01998543,0.01998543,27835,85,0
7180.22085623,7180.22057885,1389.24873052,1389.25717838,0.04992149,1550.97239716,0.01998543,0.01998543,27834,85,0
7180.47857661,7180.47857572,1397.10985265,1397.10987978,0.04442869,1551.18906672,0.01998543,0.01998543,27833,85,0
7180.73661247,7180.73659113,1404.97872696,1404.97937808,0.04047075,1551.40510685,0.01998543,0.01998543,27832,85,0
7180.99491996,7180.99462508,1412.85509376,1412.86409896,0.05000028,1551.62046768,0.01998543,0.01998543,27831,85,0
7181.25320531,7181.25267756,1420.73878132,1420.75491127,0.04797144,1551.83489536,0.01998543,0.01998543,27830,85,0
7181.51070136,7181.51074859,1428.62980053,1428.62835577,0.04740740,1552.04775478,0.01998543,0.01998543,27829,85,0
7181.76889829,7181.76883816,1436.52818485,1436.53002562,0.05385298,1552.26027629,0.01998543,0.01998543,27828,85,0
7182.02741736,7182.02694628,1444.43396793,1444.44840325,0.03293380,1552.47214073,0.01998543,0.01998543,27827,85,0
7182.28459608,7182.28507295,1452.34723709,1452.33261120,0.04804356,1552.68199050,0.01998542,0.01998543,27826,85,0
7182.54290102,7182.54321817,1460.26839504,1460.25865841,0.04239611,1552.89184709,0.01998542,0.01998543,27825,85,0
7182.80133809,7182.80138194,1468.19796175,1468.19661402,0.04327169,1553.10090676,0.01998543,0.01998543,27824,85,0
7183.05928588,7183.05956427,1476.13646042,1476.12789579,0.04358065,1553.30867905,0.01998543,0.01998543,27823,85,0
7183.31745226,7183.31776515,1484.08438331,1484.07474655,0.04321340,1553.51574477,0.01998543,0.01998543,27822,85,0
7183.57626896,7183.57598459,1492.04155331,1492.05032067,0.04478552,1553.72243737,0.01998543,0.01998543,27821,85,0
7183.83433965,7183.83422259,1500.00717634,1500.01078865,0.04293868,1553.92761811,0.01998543,0.01998543,27820,85,0
7184.09286436,7184.09247916,1507.98043075,1507.99232810,0.04608786,1554.13221824,0.01998543,0.01998543,27819,85,0
7184.35043892,7184.35075429,1515.96049246,1515.95074487,0.04726539,1554.33510531,0.01998543,0.01998543,27818,85,0
7184.60897210,7184.60904798,1523.94699214,1523.94464499,0.04508476,1554.53777079,0.01998543,0.01998543,27817,85,0
7184.86759382,7184.86736024,1531.94054562,1531.94777687,0.04705337,1554.73953970,0.01998543,0.01998543,27816,85,0
7185.12588079,7185.12569108,1539.94190026,1539.94777918,0.04656838,1554.94009912,0.01998543,0.01998543,27815,85,0
7185.38373135,7185.38404048,1547.95180797,1547.94221859,0.03840344,1555.13938990,0.01998543,0.01998543,27814,85,0
7185.64217274,7185.64240846,1555.97087797,1555.96355777,0.04475132,1555.33821678,0.01998543,0.01998543,27813,85,0
7185.90078232,7185.90079502,1563.99895657,1563.99856184,0.04802546,1555.53624310,0.01998543,0.01998543,27812,85,0
7186.15884695,7186.15920015,1572.03564049,1572.02465026,0.04611497,1555.73291136,0.01998543,0.01998543,27811,85,0
7186.41750721,7186.41762387,1580.08052381,1580.07689040,0.04355958,1555.92907718,0.01998543,0.01998543,27810,85,0
7186.67600084,7186.67606617,1588.13322755,1588.13119107,0.04771286,1556.12414767,0.01998543,0.01998543,27809,85,0
7186.93426691,7186.93452705,1596.19376243,1596.18564579,0.04348929,1556.31807620,0.01998543,0.01998543,27808,85,0
7187.19258028,7187.19300652,1604.26241788,1604.24910598,0.04401645,1556.51107394,0.01998543,0.01998543,27807,85,0
7187.45133846,7187.45150458,1612.33949100,1612.33429787,0.04575664,1556.70343893,0.01998543,0.01998543,27806,85,0
7187.71042102,7187.71002123,1620.42527682,1620.43778792,0.05498764,1556.89508094,0.01998543,0.01998543,27805,85,0
7187.96876859,7187.96855647,1628.51988498,1628.52652986,0.05055205,1557.08521769,0.01998543,0.01998543,27804,85,0
7188.22716630,7188.22711030,1636.62316043,1636.62491643,0.04742546,1557.27442368,0.01998543,0.01998543,27803,85,0
7188.48567285,7188.48568273,1644.73492692,1644.73461676,0.04523136,1557.46273342,0.01998543,0.01998543,27802,85,0
7188.74337270,7188.74427376,1652.85500724,1652.82669940,0.03993242,1557.64947648,0.01998542,0.01998543,27801,85,0
7189.00281110,7189.00288339,1660.98332523,1660.98105179,0.03983920,1557.83648686,0.01998543,0.01998543,27800,85,0
7189.26191480,7189.26151163,1669.12008886,1669.13277944,0.04616911,1558.02226345,0.01998543,0.01998543,27799,85,0
7189.52013616,7189.52015846,1677.26555651,1677.26485370,0.04188017,1558.20642299,0.01998543,0.01998543,27798,85,0
7189.77909697,7189.77882391,1685.41998817,1685.42860095,0.05308771,1558.39012523,0.01998543,0.01998543,27797,85,0
7190.03798793,7190.03750796,1693.58358183,1693.59873667,0.04417335,1558.57279303,0.01998543,0.01998543,27796,85,0
7190.29649121,7190.29621062,1701.75618873,1701.76505705,0.04300501,1558.75419770,0.01998543,0.01998543,27795,85,0
7190.55489103,7190.55493190,1709.93754087,1709.93624775,0.03971720,1558.93453196,0.01998543,0.01998543,27794,85,0
7190.81389628,7190.81367179,1718.12736839,1718.13447756,0.04468351,1559.11427819,0.01998543,0.01998543,27793,85,0
7191.07225368,7191.07243030,1726.32542923,1726.31983100,0.04530451,1559.29255816,0.01998543,0.01998543,27792,85,0
7191.33138314,7191.33120742,1734.53179607,1734.53737101,0.05390203,1559.47034920,0.01998543,0.01998543,27791,85,0
7191.59040824,7191.59000317,1742.74673403,1742.75959870,0.04558845,1559.64704835,0.01998543,0.01998543,27790,85,0
7191.84901080,7191.84881754,1750.97051260,1750.97665675,0.03846349,1559.82244388,0.01998543,0.01998543,27789,85,0
7192.10779272,7192.10765053,1759.20339578,1759.20792083,0.04653205,1559.99694743,0.01998543,0.01998543,27788,85,0
7192.36652229,7192.36650215,1767.44548512,1767.44612693,0.05605201,1560.17040041,0.01998543,0.01998543,27787,85,0
7192.62520510,7192.62537240,1775.69671926,1775.69138423,0.04358500,1560.34280208,0.01998543,0.01998543,27786,85,0
7192.88438751,7192.88426128,1783.95702933,1783.96105920,0.04406381,1560.51450869,0.01998543,0.01998543,27785,85,0
7193.14310570,7193.14316879,1792.22634609,1792.22433023,0.04210287,1560.68487636,0.01998543,0.01998543,27784,85,0
7193.40190647,7193.40209493,1800.50460480,1800.49857621,0.05282602,1560.85426241,0.01998543,0.01998543,27783,85,0
7193.66088549,7193.66103972,1808.79174807,1808.78680988,0.04006834,1561.02272307,0.01998543,0.01998543,27782,85,0
7193.91993163,7193.92000314,1817.08771877,1817.08542676,0.04080264,1561.19017973,0.01998543,0.01998543,27781,85,0
7194.17945466,7194.17898520,1825.39245960,1825.40752106,0.05000111,1561.35688919,0.01998543,0.01998543,27780,85,0
7194.43836719,7194.43798590,1833.70597459,1833.71821935,0.03987465,1561.52215023,0.01998543,0.01998543,27779,85,0
7194.69729371,7194.69700525,1842.02841294,1842.03768603,0.03823871,1561.68636440,0.01998543,0.01998543,27778,85,0
7194.95664405,7194.95604325,1850.35994559,1850.37927941,0.05055470,1561.84978860,0.01998543,0.01998543,27777,85,0
7195.21476875,7195.21509989,1858.70074460,1858.69007728,0.04220495,1562.01138791,0.01998543,0.01998543,27776,85,0
7195.47420741,7195.47417519,1867.05098557,1867.05202471,0.03891049,1562.17275125,0.01998543,0.01998543,27775,85,0
7195.73357897,7195.73326914,1875.41085357,1875.42085594,0.04162956,1562.33301159,0.01998543,0.01998543,27774,85,0
7195.99247097,7195.99238174,1883.78053669,1883.78342053,0.03795160,1562.49191699,0.01998543,0.01998543,27773,85,0
7196.25138975,7196.25151300,1892.16022424,1892.15623630,0.04198609,1562.64978044,0.01998543,0.01998543,27772,85,0
7196.51039006,7196.51066292,1900.55001154,1900.54117306,0.05066459,1562.80663226,0.01998543,0.01998543,27771,85,0
7196.77000549,7196.76983150,1908.94953427,1908.95517635,0.03637044,1562.96278029,0.01998543,0.01998543,27770,85,0
7197.02918007,7197.02901874,1917.35828668,1917.36352333,0.04991495,1563.11757497,0.01998543,0.01998543,27769,85,0
7197.28866769,7197.28822465,1925.77575958,1925.79015351,0.04068489,1563.27145420,0.01998543,0.01998543,27768,85,0
7197.54724507,7197.54744922,1934.20155955,1934.19492070,0.03494012,1563.42368569,0.01998543,0.01998543,27767,85,0
7197.80630558,7197.80669246,1942.63606001,1942.62346635,0.05091647,1563.57509571,0.01998543,0.01998543,27766,85,0
7198.06588151,7198.06595438,1951.07994239,1951.07756779,0.04124290,1563.72570520,0.01998543,0.01998543,27765,85,0
7198.32543572,7198.32523496,1959.53389349,1959.54044301,0.05181486,1563.87520750,0.01998543,0.01998543,27764,85,0
7198.58463064,7198.58453422,1967.99850350,1968.00165271,0.03539455,1564.02341665,0.01998543,0.01998543,27763,85,0
7198.84371817,7198.84385216,1976.47353541,1976.46915377,0.04674881,1564.17047098,0.01998543,0.01998543,27762,85,0
7199.10350397,7199.10318878,1984.95834272,1984.96866008,0.04066064,1564.31680849,0.01998543,0.01998543,27761,85,0
7199.36257702,7199.36254408,1993.45227165,1993.45335120,0.04970809,1564.46161922,0.01998543,0.01998543,27760,85,0
7199.62217865,7199.62191806,2001.95472479,2001.96327119,0.03844213,1564.60558428,0.01998543,0.01998543,27759,85,0
7199.88106300,7199.88131072,2010.46570521,2010.45757326,0.05115248,1564.74801052,0.01998543,0.01998543,27758,85,0
7200.14073680,7200.14072208,2018.98556221,2018.98604604,0.03630113,1564.88972858,0.01998543,0.01998543,27757,85,0
7200.40025692,7200.40015212,2027.51465155,2027.51809877,0.05012694,1565.03022164,0.01998543,0.01998543,27756,85,0
7200.65922041,7200.65960085,2036.05333327,2036.04080575,0.03485651,1565.16927817,0.01998543,0.01998543,27755,85,0
7200.91945420,7200.91906828,2044.60199091,2044.61471311,0.04983317,1565.30787661,0.01998543,0.01998543,27754,85,0
7201.17858221,7201.17855440,2053.16102399,2053.16194178,0.03759925,1565.44475248,0.01998543,0.01998543,27753,85,0
7201.43769970,7201.43805922,2061.73083500,2061.71895533,0.04867372,1565.58049356,0.01998543,0.01998543,27752,85,0
7201.69788245,7201.69758273,2070.31179587,2070.32171182,0.04827564,1565.71565768,0.01998543,0.01998543,27751,85,0
7201.95734210,7201.95712495,2078.90387615,2078.91106896,0.03759374,1565.84930827,0.01998543,0.01998543,27750,85,0
7202.21685825,7202.21668587,2087.50677522,2087.51249176,0.04288528,1565.98184190,0.01998543,0.01998543,27749,85,0
7202.47675054,7202.47626550,2096.12018538,2096.13628891,0.05265193,1566.11340958,0.01998543,0.01998543,27748,85,0
7202.73620520,7202.73586384,2104.74380950,2104.75515564,0.03841821,1566.24359076,0.01998543,0.01998543,27747,85,0
7202.99591411,7202.99548088,2113.37750383,2113.39191892,0.04539736,1566.37272729,0.01998543,0.01998543,27746,85,0
7203.25514127,7203.25511663,2122.02122729,2122.02204809,0.03533674,1566.50044984,0.01998543,0.01998543,27745,85,0
7203.51480952,7203.51477110,2130.67494030,2130.67622146,0.04866486,1566.62720845,0.01998543,0.01998543,27744,85,0
7203.77466141,7203.77444428,2139.33862074,2139.34586897,0.04378697,1566.75286857,0.01998543,0.01998543,27743,85,0
7204.03422654,7204.03413618,2148.01244778,2148.01546727,0.03606384,1566.87720169,0.01998543,0.01998543,27742,85,0
7204.29366016,7204.29384680,2156.69672972,2156.69048493,0.04870865,1567.00028500,0.01998543,0.01998543,27741,85,0
7204.55324581,7204.55357614,2165.39177905,2165.38071392,0.04512874,1567.12225272,0.01998543,0.01998543,27740,85,0
7204.81331752,7204.81332421,2174.09788121,2174.09765689,0.04841683,1567.24325665,0.01998543,0.01998543,27739,85,0
7205.07354853,7205.07309100,2182.81503244,2182.83039517,0.03478231,1567.36313545,0.01998543,0.01998543,27738,85,0
7205.33239099,7205.33287652,2191.54306185,2191.52674010,0.04698417,1567.48117745,0.01998543,0.01998543,27737,85,0
7205.59302895,7205.59268076,2200.28179527,2200.29351356,0.04593520,1567.59882477,0.01998543,0.01998543,27736,85,0
7205.85245146,7205.85250374,2209.03105507,2209.02929368,0.03307699,1567.71470728,0.01998543,0.01998543,27735,85,0
7206.11245644,7206.11234545,2217.79064449,2217.79438803,0.05275954,1567.82962537,0.01998543,0.01998543,27734,85,0
7206.37174958,7206.37220590,2226.56035655,2226.54494855,0.05009420,1567.94300075,0.01998543,0.01998543,27733,85,0
7206.63238198,7206.63208508,2235.33998264,2235.35001810,0.04763832,1568.05571869,0.01998543,0.01998543,27732,85,0
7206.89192316,7206.89198301,2244.12938024,2244.12735527,0.05331113,1568.16672018,0.01998543,0.01998543,27731,85,0
7207.15200796,7207.15189967,2252.92884418,2252.93251217,0.03323163,1568.27670775,0.01998543,0.01998543,27730,85,0
7207.41164874,7207.41183508,2261.73884612,2261.73252689,0.04966058,1568.38526439,0.01998543,0.01998543,27729,85,0
7207.67205112,7207.67178924,2270.55986164,2270.56875352,0.04462884,1568.49289303,0.01998543,0.01998543,27728,85,0
7207.93245692,7207.93176214,2279.39229299,2279.41591249,0.04316727,1568.59927474,0.01998543,0.01998543,27727,85,0
7208.19182759,7208.19175379,2288.23617250,2288.23868431,0.04540882,1568.70398799,0.01998543,0.01998543,27726,85,0
7208.45230617,7208.45176419,2297.09141954,2297.10988885,0.05330963,1568.80789143,0.01998543,0.01998543,27725,85,0
7208.71170930,7208.71179335,2305.95795280,2305.95508504,0.05402457,1568.91010795,0.01998543,0.01998543,27724,85,0
7208.97178548,7208.97184127,2314.83565503,2314.83374960,0.03427187,1569.01132312,0.01998543,0.01998543,27723,85,0
7209.23168643,7209.23190794,2323.72428576,2323.71671064,0.04721255,1569.11119556,0.01998543,0.01998543,27722,85,0
7209.49211034,7209.49199337,2332.62357616,2332.62758090,0.04475925,1569.20998317,0.01998543,0.01998543,27721,85,0
7209.75197399,7209.75209756,2341.53325626,2341.52902126,0.04603797,1569.30726767,0.01998543,0.01998543,27720,85,0
7210.01212682,7210.01222052,2350.45331476,2350.45010000,0.04453985,1569.40336436,0.01998543,0.01998543,27719,85,0
7210.27253981,7210.27236224,2359.38435743,2359.39045724,0.04316543,1569.49826020,0.01998543,0.01998543,27718,85,0
7210.53307161,7210.53252273,2368.32708389,2368.34596312,0.04501677,1569.59190322,0.01998543,0.01998543,27717,85,0
7210.79305838,7210.79270199,2377.28219161,2377.29446636,0.04568213,1569.68405988,0.01998543,0.01998543,27716,85,0
7211.05292897,7211.05290002,2386.24992724,2386.25092539,0.04551664,1569.77488402,0.01998543,0.01998543,27715,85,0
7211.31371531,7211.31311683,2395.22982404,2395.25049010,0.04701438,1569.86471999,0.01998543,0.01998543,27714,85,0
7211.57360524,7211.57335241,2404.22134917,2404.23009002,0.04459941,1569.95293271,0.01998543,0.01998543,27713,85,0
7211.83372732,7211.83360677,2413.22398044,2413.22815286,0.04449028,1570.03990006,0.01998543,0.01998543,27712,85,0
7212.09382290,7212.09387991,2422.23753581,2422.23556034,0.04148772,1570.12552732,0.01998543,0.01998543,27711,85,0
7212.35402080,7212.35417184,2431.26217807,2431.25693845,0.04356567,1570.20985290,0.01998543,0.01998543,27710,85,0
7212.61453784,7212.61448254,2440.29808640,2440.30000709,0.04589911,1570.29294048,0.01998543,0.01998543,27709,85,0
7212.87496131,7212.87481204,2449.34545954,2449.35065041,0.04265975,1570.37465337,0.01998543,0.01998543,27708,85,0
7213.13527743,7213.13516032,2458.40469619,2458.40877381,0.04094806,1570.45498713,0.01998543,0.01998543,27707,85,0
7213.39600704,7213.39552739,2467.47631988,2467.49304275,0.04074329,1570.53409925,0.01998543,0.01998543,27706,85,0
7213.65594924,7213.65591326,2476.56085996,2476.56211611,0.03814052,1570.61162709,0.01998543,0.01998543,27705,85,0
7213.91542200,7213.91631791,2485.65868122,2485.62735917,0.03012822,1570.68767240,0.01998543,0.01998543,27704,85,0
7214.17639124,7214.17674137,2494.76921553,2494.75695894,0.03928058,1570.76279263,0.01998543,0.01998543,27703,85,0
7214.43731977,7214.43718362,2503.89156734,2503.89633881,0.05194487,1570.83652085,0.01998543,0.01998543,27702,85,0
7214.69812448,7214.69764468,2513.02483411,2513.04166783,0.05053076,1570.90882238,0.01998544,0.01998543,27701,85,0
7214.95827531,7214.95812453,2522.16848422,2522.17377987,0.04303778,1570.97954747,0.01998544,0.01998543,27700,85,0
7215.21851081,7215.21862319,2531.32305261,2531.31910098,0.04119947,1571.04890078,0.01998543,0.01998543,27699,85,0
7215.47944086,7215.47914066,2540.48926666,2540.49983567,0.04043183,1571.11703897,0.01998544,0.01998543,27698,85,0
7215.73931832,7215.73967694,2549.66785174,2549.65520956,0.04374846,1571.18350853,0.01998543,0.01998543,27697,85,0
7216.00016468,7216.00023202,2558.85915371,2558.85677644,0.04681741,1571.24882393,0.01998543,0.01998543,27696,85,0
7216.26075615,7216.26080592,2568.06296508,2568.06120590,0.05230634,1571.31266567,0.01998543,0.01998543,27695,85,0
7216.52163321,7216.52139864,2577.27903333,2577.28733427,0.04175703,1571.37515845,0.01998544,0.01998543,27694,85,0
7216.78184491,7216.78201017,2586.50712259,2586.50126720,0.03917182,1571.43607038,0.01998543,0.01998543,27693,85,0
7217.04238464,7217.04264052,2595.74725234,2595.73817500,0.04330707,1571.49563135,0.01998543,0.01998543,27692,85,0
7217.30332464,7217.30328969,2604.99962875,2605.00087030,0.04924748,1571.55384760,0.01998543,0.01998543,27691,85,0
7217.56392615,7217.56395768,2614.26446380,2614.26334232,0.03952790,1571.61054939,0.01998543,0.01998543,27690,85,0
7217.82476188,7217.82464450,2623.54197422,2623.54615452,0.04062192,1571.66585771,0.01998543,0.01998543,27689,85,0
7218.08527889,7218.08535014,2632.83239514,2632.82985437,0.05043673,1571.71965145,0.01998543,0.01998543,27688,85,0
7218.34576884,7218.34607462,2642.13596909,2642.12505043,0.05127406,1571.77198906,0.01998543,0.01998543,27687,85,0
7218.60683074,7218.60681792,2651.45293990,2651.45339801,0.03940742,1571.82298150,0.01998543,0.01998543,27686,85,0
7218.86740438,7218.86758006,2660.78342449,2660.77713391,0.04206563,1571.87241532,0.01998543,0.01998543,27685,85,0
7219.12832739,7219.12836103,2670.12725615,2670.12605001,0.05380570,1571.92044342,0.01998543,0.01998543,27684,85,0
7219.38897763,7219.38916084,2679.48422865,2679.47765106,0.04127704,1571.96694336,0.01998543,0.01998544,27683,85,0
7219.65063281,7219.64997949,2688.85414514,2688.87763090,0.04567506,1572.01212972,0.01998544,0.01998544,27682,85,0
7219.91076369,7219.91081698,2698.23703898,2698.23512047,0.04946972,1572.05556423,0.01998543,0.01998544,27681,85,0
7220.17155456,7220.17167332,2707.63316265,2707.62888191,0.03911690,1572.09761404,0.01998543,0.01998544,27680,85,0
7220.43232882,7220.43254850,2717.04277922,2717.03485029,0.04752472,1572.13815942,0.01998543,0.01998544,27679,85,0
7220.69367903,7220.69344252,2726.46607823,2726.47462659,0.04052314,1572.17728202,0.01998544,0.01998544,27678,85,0
7220.95425943,7220.95435540,2735.90278722,2735.89931410,0.04963586,1572.21477456,0.01998543,0.01998544,27677,85,0
7221.21522111,7221.21528713,2745.35245582,2745.35006356,0.03844599,1572.25079801,0.01998544,0.01998544,27676,85,0
7221.47633898,7221.47623771,2754.81463132,2754.81830583,0.05288459,1572.28530884,0.01998544,0.01998544,27675,85,0
7221.73728305,7221.73720714,2764.28917982,2764.29193742,0.03969931,1572.31825722,0.01998544,0.01998544,27674,85,0
7221.99822090,7221.99819544,2773.77665615,2773.77758255,0.04228203,1572.34966184,0.01998544,0.01998544,27673,85,0
7222.25948105,7222.25920259,2783.27770857,2783.28785223,0.03885672,1572.37955528,0.01998544,0.01998544,27672,85,0
7222.52039368,7222.52022860,2792.79296289,2792.79898485,0.04955678,1572.40785645,0.01998544,0.01998544,27671,85,0
7222.78176739,7222.78127348,2802.32261552,2802.34065888,0.03716873,1572.43464578,0.01998544,0.01998544,27670,85,0
7223.04251932,7223.04233723,2811.86652088,2811.87318255,0.04916419,1572.45980644,0.01998544,0.01998544,27669,85,0
7223.30345544,7223.30341984,2821.42452273,2821.42582701,0.03830614,1572.48341295,0.01998544,0.01998544,27668,85,0
7223.56429858,7223.56452132,2830.99648494,2830.98831376,0.04811126,1572.50543235,0.01998544,0.01998544,27667,85,0
7223.82517912,7223.82564167,2840.58236103,2840.56536868,0.03894236,1572.52586937,0.01998543,0.01998544,27666,85,0
7224.08715564,7224.08678090,2850.18212784,2850.19591326,0.04849122,1572.54478981,0.01998544,0.01998544,27665,85,0
7224.34798156,7224.34793900,2859.79576002,2859.79732780,0.04895247,1572.56202519,0.01998544,0.01998544,27664,85,0
7224.60892396,7224.60911598,2869.42315557,2869.41607247,0.03170586,1572.57766193,0.01998544,0.01998544,27663,85,0
7224.87043081,7224.87031185,2879.06411109,2879.06850492,0.04489937,1572.59171365,0.01998544,0.01998544,27662,85,0
7225.13183813,7225.13152659,2888.71841447,2888.72993612,0.04926566,1572.60413352,0.01998544,0.01998544,27661,85,0
7225.39271061,7225.39276022,2898.38593367,2898.38409663,0.03705812,1572.61490022,0.01998544,0.01998544,27660,85,0
7225.65409990,7225.65401273,2908.06709338,2908.07032577,0.04380342,1572.62405129,0.01998544,0.01998544,27659,85,0
7225.91537608,7225.91528413,2917.76255428,2917.76596881,0.05114541,1572.63155473,0.01998544,0.01998544,27658,85,0
7226.17640590,7226.17657442,2927.47297963,2927.46671200,0.03516989,1572.63740349,0.01998544,0.01998544,27657,85,0
7226.43761277,7226.43788361,2937.19865752,2937.18856972,0.04869526,1572.64160051,0.01998544,0.01998544,27656,85,0
7226.69930150,7226.69921169,2946.93918836,2946.94253843,0.04339764,1572.64413687,0.01998544,0.01998544,27655,85,0
7226.96049856,7226.96055866,2956.69409613,2956.69185115,0.04958310,1572.64499595,0.01998544,0.01998544,27654,85,0
7227.22160586,7227.22192453,2966.46297332,2966.45105444,0.03465860,1572.64417769,0.01998544,0.01998544,27653,85,0
7227.48284615,7227.48330931,2976.24605739,2976.22871025,0.05228228,1572.64167408,0.01998544,0.01998544,27652,85,0
7227.74494263,7227.74471298,2986.04392785,2986.05254161,0.04983690,1572.63746130,0.01998544,0.01998544,27651,85,0
7228.00609298,7228.00613556,2995.85717078,2995.85557116,0.04281125,1572.63156152,0.01998544,0.01998544,27650,85,0
7228.26791636,7228.26757705,3005.68613955,3005.69890552,0.05089889,1572.62393291,0.01998544,0.01998544,27649,85,0
7228.52929311,7228.52903745,3015.53070261,3015.54033597,0.03475234,1572.61459822,0.01998544,0.01998544,27648,85,0
7228.79051242,7228.79051675,3025.39066720,3025.39050365,0.05752056,1572.60354559,0.01998544,0.01998544,27647,85,0
7229.05179020,7229.05201497,3035.26587252,3035.25737809,0.03879955,1572.59075946,0.01998544,0.01998544,27646,85,0
7229.31357665,7229.31353211,3045.15646527,3045.15815127,0.05034599,1572.57620436,0.01998544,0.01998544,27645,85,0
7229.57502380,7229.57506816,3055.06275899,3055.06107739,0.04010994,1572.55991754,0.01998544,0.01998544,27644,85,0
7229.83666344,7229.83662313,3064.98506822,3064.98659852,0.04518483,1572.54185892,0.01998544,0.01998544,27643,85,0
7230.09879894,7230.09819702,3074.92334259,3074.94622893,0.04242894,1572.52199268,0.01998544,0.01998544,27642,85,0
7230.36053990,7230.35978984,3084.87683530,3084.90539496,0.04565775,1572.50037893,0.01998544,0.01998544,27641,85,0
7230.62165970,7230.62140158,3094.84471502,3094.85455638,0.03835477,1572.47704116,0.01998544,0.01998544,27640,85,0
7230.88296395,7230.88303224,3104.82631756,3104.82371044,0.04678506,1572.45190639,0.01998544,0.01998544,27639,85,0
7231.14448358,7231.14468184,3114.82225716,3114.81467777,0.04557257,1572.42495902,0.01998544,0.01998544,27638,85,0
7231.40657230,7231.40635036,3124.83372614,3124.84222407,0.04178100,1572.39614381,0.01998544,0.01998544,27637,85,0
7231.66791875,7231.66803782,3134.86191591,3134.85734912,0.04567512,1572.36559519,0.01998544,0.01998544,27636,85,0
7231.92945573,7231.92974422,3144.90731349,3144.89623119,0.04765477,1572.33319980,0.01998544,0.01998544,27635,85,0
7232.19151630,7232.19146955,3154.96938633,3154.97118509,0.04648731,1572.29890205,0.01998544,0.01998544,27634,85,0
7232.45346550,7232.45321383,3165.04751788,3165.05721566,0.04279980,1572.26277448,0.01998544,0.01998544,27633,85,0
7232.71501917,7232.71497704,3175.14124050,3175.14286618,0.04383205,1572.22485530,0.01998544,0.01998544,27632,85,0
7232.97645858,7232.97675920,3185.25081693,3185.23919866,0.04471316,1572.18510019,0.01998544,0.01998544,27631,85,0
7233.23815583,7233.23856030,3195.37673002,3195.36107376,0.04815781,1572.14344096,0.01998544,0.01998544,27630,85,0
7233.50010530,7233.50038035,3205.51944403,3205.50878043,0.05380087,1572.09986270,0.01998544,0.01998544,27629,85,0
7233.76257540,7233.76221935,3215.67898738,3215.69281303,0.04555987,1572.05430367,0.01998544,0.01998544,27628,85,0
7234.02358558,7234.02407730,3225.85499382,3225.83587064,0.04569238,1572.00711095,0.01998544,0.01998544,27627,85,0
7234.28606725,7234.28595421,3236.04708004,3236.05148276,0.04266653,1571.95774783,0.01998544,0.01998544,27626,85,0
7234.54809293,7234.54785007,3246.25509457,3246.26456776,0.04324933,1571.90655826,0.01998544,0.01998544,27625,85,0
7234.80994573,7234.80976489,3256.47947512,3256.48653997,0.05563605,1571.85348333,0.01998544,0.01998544,27624,85,0
7235.07137060,7235.07169867,3266.72075463,3266.70791718,0.04748938,1571.79857005,0.01998544,0.01998544,27623,85,0
7235.33324747,7235.33365141,3276.97941790,3276.96358573,0.03872624,1571.74162189,0.01998544,0.01998544,27622,85,0
7235.59583997,7235.59562312,3287.25555425,3287.26406721,0.03953498,1571.68255898,0.01998544,0.01998544,27621,85,0
7235.85734254,7235.85761379,3297.54907166,3297.53840562,0.04979991,1571.62178314,0.01998544,0.01998544,27620,85,0
7236.12031870,7236.11962343,3307.85987674,3307.88725933,0.03206599,1571.55868577,0.01998544,0.01998544,27619,85,0
7236.38176209,7236.38165204,3318.18789317,3318.19223405,0.05335741,1571.49398038,0.01998544,0.01998544,27618,85,0
7236.64427142,7236.64369963,3328.53306451,3328.55565581,0.04766645,1571.42702051,0.01998544,0.01998544,27617,85,0
7236.90593854,7236.90576619,3338.89533490,3338.90215515,0.04529338,1571.35828178,0.01998544,0.01998544,27616,85,0
7237.16831062,7237.16785172,3349.27479939,3349.29298800,0.04381380,1571.28734975,0.01998544,0.01998544,27615,85,0
7237.43002069,7237.42995623,3359.67197643,3359.67453543,0.05018266,1571.21458083,0.01998544,0.01998544,27614,85,0
7237.69197471,7237.69207973,3370.08746262,3370.08328640,0.04370587,1571.13971435,0.01998544,0.01998544,27613,85,0
7237.95389316,7237.95422220,3380.52176285,3380.50865435,0.04527546,1571.06281442,0.01998544,0.01998544,27612,85,0
7238.21628971,7238.21638366,3390.97469560,3390.97094651,0.03970504,1570.98371649,0.01998544,0.01998544,27611,85,0
7238.47854043,7238.47856411,3401.44577892,3401.44483250,0.05080249,1570.90259868,0.01998544,0.01998544,27610,85,0
7238.74097698,7238.74076355,3411.93454255,3411.94308749,0.04182162,1570.81935209,0.01998544,0.01998544,27609,85,0
7239.00298212,7239.00298197,3422.44088348,3422.44088947,0.05265233,1570.73416694,0.01998544,0.01998544,27608,85,0
7239.26567667,7239.26521939,3432.96504758,3432.98341406,0.04082693,1570.64666437,0.01998544,0.01998544,27607,85,0
7239.52715462,7239.52747581,3443.50729689,3443.49437483,0.05055200,1570.55747389,0.01998544,0.01998544,27606,85,0
7239.79008364,7239.78975122,3454.06791745,3454.08131385,0.03819962,1570.46567059,0.01998544,0.01998544,27605,85,0
7240.05202871,7240.05204563,3464.64723947,3464.64655629,0.04662371,1570.37208632,0.01998544,0.01998544,27604,85,0
7240.31451901,7240.31435905,3475.24560119,3475.25207003,0.05182345,1570.27616701,0.01998544,0.01998544,27603,85,0
7240.57711523,7240.57669146,3485.86323302,3485.88039944,0.04447638,1570.17805285,0.01998544,0.01998544,27602,85,0
7240.83985961,7240.83904288,3496.49992203,3496.53306344,0.05361608,1570.07771660,0.01998544,0.01998544,27601,85,0
7241.10108668,7241.10141331,3507.15534124,3507.14206483,0.04052707,1569.97580415,0.01998544,0.01998544,27600,85,0
7241.36406489,7241.36380275,3517.82915926,3517.83983154,0.04775074,1569.87103070,0.01998544,0.01998544,27599,85,0
7241.62669555,7241.62621120,3528.52103517,3528.54078580,0.04604387,1569.76420846,0.01998544,0.01998544,27598,85,0
7241.88931846,7241.88863866,3539.23062131,3539.25838551,0.04051237,1569.65519749,0.01998544,0.01998544,27597,85,0
7242.15131505,7242.15108514,3549.95762700,3549.96703157,0.03283156,1569.54425601,0.01998544,0.01998544,27596,85,0
7242.41351977,7242.41355064,3560.70287906,3560.70161421,0.04477213,1569.43101774,0.01998544,0.01998544,27595,85,0
7242.67605933,7242.67603516,3571.46819822,3571.46919056,0.04599505,1569.31539155,0.01998544,0.01998544,27594,85,0
7242.93858273,7242.93853869,3582.25542975,3582.25724115,0.05102169,1569.19749665,0.01998544,0.01998544,27593,85,0
7243.20141414,7243.20106126,3593.06494467,3593.07948865,0.05585301,1569.07716752,0.01998544,0.01998544,27592,85,0
7243.45216516,nan,0.00000000,3603.43772641,0.40434466,1568.96006462,0.01998541,0.01998544,27591,85,1
7243.72628739,7243.72616346,3614.74332477,3614.74844912,0.05004640,1568.83003424,0.01998544,0.01998544,27590,85,0
7243.98843306,7243.98874311,3625.60934762,3625.59650648,0.04680964,1568.70320494,0.01998544,0.01998544,27589,85,0
7244.25125271,7244.25134179,3636.49508125,3636.49138540,0.05105816,1568.57374118,0.01998544,0.01998544,27588,85,0
7244.51354496,7244.51395950,3647.40307591,3647.38583965,0.04593011,1568.44219108,0.01998544,0.01998544,27587,85,0
7244.77672112,7244.77659625,3658.33507321,3658.34027603,0.05058385,1568.30780805,0.01998544,0.01998544,27586,85,0
7245.03892913,7245.03925204,3669.28962251,3669.27614281,0.03980866,1568.17154378,0.01998544,0.01998544,27585,85,0
7245.30202993,7245.30192686,3680.26448633,3680.26879608,0.04917895,1568.03244824,0.01998544,0.01998544,27584,85,0
7245.56484883,7245.56462074,3691.25785015,3691.26740355,0.04407916,1567.89114645,0.01998544,0.01998544,27583,85,0
7245.82807671,7245.82733365,3702.27051956,3702.30169588,0.04609691,1567.74724435,0.01998544,0.01998544,27582,85,0
7246.09037656,7246.09006561,3713.30427253,3713.31734370,0.04119962,1567.60144553,0.01998544,0.01998544,27581,85,0
7246.35282518,7246.35281662,3724.36069486,3724.36105541,0.04212110,1567.45312904,0.01998544,0.01998544,27580,85,0
7246.61552749,7246.61558668,3735.43952693,3735.43702865,0.04745194,1567.30222090,0.01998544,0.01998544,27579,85,0
7246.87862915,7246.87837580,3746.53954438,3746.55025498,0.04221541,1567.14863276,0.01998544,0.01998544,27578,85,0
7247.14112387,7247.14118397,3757.65958488,3757.65703971,0.04025486,1566.99295948,0.01998544,0.01998544,27577,85,0
7247.40356791,7247.40401120,3768.79953562,3768.78073033,0.04834261,1566.83487075,0.01998544,0.01998544,27576,85,0
7247.66725374,7247.66685748,3779.96000957,3779.97684979,0.04963833,1566.67355119,0.01998544,0.01998544,27575,85,0
7247.92963420,7247.92972283,3791.14162826,3791.13785476,0.04696876,1566.51053935,0.01998544,0.01998544,27574,85,0
7248.19262854,7248.19260724,3802.34480007,3802.34570868,0.04580606,1566.34463465,0.01998544,0.01998544,27573,85,0
7248.45508339,7248.45551071,3813.56974898,3813.55148674,0.04082437,1566.17654808,0.01998544,0.01998544,27572,85,0
7248.71864638,7248.71843326,3824.81668985,3824.82581540,0.05293268,1566.00520052,0.01998544,0.01998544,27571,85,0
7248.98136710,7248.98137487,3836.08571004,3836.08537662,0.05063620,1565.83184227,0.01998544,0.01998544,27570,85,0
7249.24467100,7249.24433555,3847.37676490,3847.39118203,0.04630099,1565.65552459,0.01998544,0.01998544,27569,85,0
7249.50704689,7249.50731531,3858.68982255,3858.67826472,0.04549603,1565.47725246,0.01998544,0.01998544,27568,85,0
7249.76991969,7249.77031414,3870.02545165,3870.00843333,0.04860854,1565.29604238,0.01998544,0.01998544,27567,85,0
7250.03314672,7250.03333205,3881.38492675,3881.37691410,0.03808610,1565.11194636,0.01998544,0.01998544,27566,85,0
7250.29627405,7250.29636904,3892.76954065,3892.76542482,0.04218305,1564.92524292,0.01998544,0.01998544,27565,85,0
7250.55997491,7250.55942512,3904.17929185,3904.20316304,0.05029880,1564.73543257,0.01998544,0.01998544,27564,85,0
7250.82246006,7250.82250027,3915.61252784,3915.61077837,0.04271503,1564.54382637,0.01998544,0.01998544,27563,85,0
7251.08563681,7251.08559452,3927.06751751,3927.06936080,0.05381917,1564.34905603,0.01998544,0.01998544,27562,85,0
7251.34827706,7251.34870785,3938.54434366,3938.52553441,0.04753682,1564.15201414,0.01998544,0.01998544,27561,85,0
7251.61179172,7251.61184027,3950.04547795,3950.04335379,0.05158792,1563.95158102,0.01998544,0.01998544,27560,85,0
7251.87501924,7251.87499178,3961.57351238,3961.57471673,0.04084201,1563.74857093,0.01998544,0.01998544,27559,85,0
7252.13830414,7252.13816239,3973.12845942,3973.13468989,0.05166897,1563.54270575,0.01998544,0.01998544,27558,85,0
7252.40138789,7252.40135209,3984.70698996,3984.70856629,0.05028626,1563.33423444,0.01998544,0.01998544,27557,85,0
7252.66476953,7252.66456089,3996.30562026,3996.31482111,0.03151213,1563.12281006,0.01998544,0.01998544,27556,85,0
7252.92784966,7252.92778880,4007.92425807,4007.92694711,0.05009541,1562.90890376,0.01998544,0.01998544,27555,85,0
7253.19100881,7253.19103580,4019.56692893,4019.56573362,0.03850710,1562.69212260,0.01998544,0.01998544,27554,85,0
7253.45385653,7253.45430191,4031.23781952,4031.21805079,0.05016910,1562.47269880,0.01998544,0.01998544,27553,85,0
7253.71794966,7253.71758713,4042.93772131,4042.95384954,0.04842679,1562.24928519,0.01998544,0.01998544,27552,85,0
7253.98128260,7253.98089146,4054.66374304,4054.68117947,0.05358176,1562.02360903,0.01998544,0.01998544,27551,85,0
7254.24407601,7254.24421490,4066.41289223,4066.40668999,0.04357054,1561.79554557,0.01998544,0.01998544,27550,85,0
7254.50788305,7254.50755745,4078.18442412,4078.19899249,0.04888224,1561.56374013,0.01998544,0.01998544,27549,85,0
nan,nan,0.00000000,-1.00000000,0.00000000,1561.32931107,nan,0.00000000,-2147483648,85,1
nan,nan,0.00000000,-1.00000000,0.00000000,1558.49294751,nan,0.00000000,-2147483648,84,1
7216.26174879,7216.26080592,10.15111086,10.17564557,0.04443992,1558.86820907,0.01998544,0.01998543,27695,84,0
7216.52178364,7216.52139864,16.93436812,16.94439316,0.03073898,1559.22135119,0.01998544,0.01998543,27694,84,0
7216.78120253,7216.78201017,23.72270621,23.70166183,0.06501574,1559.57308101,0.01998543,0.01998543,27693,84,0
7217.04193795,7217.04264052,30.51620262,30.49788335,0.04521423,1559.92601870,0.01998543,0.01998543,27692,84,0
7217.30375986,7217.30328969,37.31493308,37.32720125,0.02894035,1560.27984716,0.01998544,0.01998543,27691,84,0
7217.56570992,7217.56395768,44.11886471,44.16461687,0.05931699,1560.63326376,0.01998544,0.01998543,27690,84,0
7217.82300851,7217.82464450,50.92780456,50.88506004,0.02732778,1560.97982362,0.01998543,0.01998543,27689,84,0
7218.08556185,7218.08535014,57.74154601,57.74708081,0.04284096,1561.33285528,0.01998544,0.01998543,27688,84,0
7218.34512212,7218.34607462,64.55988155,64.53496519,0.04464773,1561.68124869,0.01998543,0.01998543,27687,84,0
7218.60614806,7218.60681792,71.38260484,71.36507217,0.03768678,1562.03098197,0.01998543,0.01998543,27686,84,0
7218.86694534,7218.86758006,78.20966627,78.19304377,0.06050440,1562.37977657,0.01998543,0.01998543,27685,84,0
7219.12791237,7219.12836103,85.04128147,85.02952437,0.05504195,1562.72817516,0.01998544,0.01998543,27684,84,0
7219.39025893,7219.38916084,91.87769248,91.90648620,0.04097732,1563.07779821,0.01998544,0.01998544,27683,84,0
7219.65037258,7219.64997949,98.71914238,98.72945693,0.06135645,1563.42384532,0.01998544,0.01998544,27682,84,0
7219.91038380,7219.91081698,105.56587435,105.55449963,0.03826131,1563.76916945,0.01998544,0.01998544,27681,84,0
7220.17214595,7220.17167332,112.41803394,112.43045342,0.03604690,1564.11623209,0.01998544,0.01998544,27680,84,0
7220.43274467,7220.43254850,119.27558590,119.28074454,0.04897680,1564.46116367,0.01998544,0.01998544,27679,84,0
7220.69376389,7220.69344252,126.13847539,126.14693186,0.05518642,1564.80605865,0.01998544,0.01998544,27678,84,0
7220.95509057,7220.95435540,133.00664726,133.02600630,0.06946004,1565.15076070,0.01998544,0.01998544,27677,84,0
7221.21623752,7221.21528713,139.88004607,139.90508978,0.02836245,1565.49462221,0.01998544,0.01998544,27676,84,0
7221.47572741,7221.47623771,146.75860541,146.74514958,0.04944337,1565.83569930,0.01998543,0.01998544,27675,84,0
7221.73716541,7221.73720714,153.64223826,153.64113701,0.04032251,1566.17872365,0.01998544,0.01998544,27674,84,0
7221.99828181,7221.99819544,160.53085489,160.53313549,0.04555166,1566.52070542,0.01998544,0.01998544,27673,84,0
7222.25954986,7222.25920259,167.42436518,167.43353993,0.03932310,1566.86225890,0.01998544,0.01998544,27672,84,0
7222.52054467,7222.52022860,174.32267953,174.33103513,0.04477416,1567.20282308,0.01998544,0.01998544,27671,84,0
7222.78196507,7222.78127348,181.22581123,181.24410552,0.05607575,1567.54330839,0.01998544,0.01998544,27670,84,0
7223.04315464,7223.04233723,188.13396806,188.15560551,0.05831306,1567.88286785,0.01998544,0.01998544,27669,84,0
7223.30449183,7223.30341984,195.04738027,195.07577646,0.05047381,1568.22200338,0.01998544,0.01998544,27668,84,0
7223.56444885,7223.56452132,201.96627910,201.96435805,0.03157456,1568.55874625,0.01998544,0.01998544,27667,84,0
7223.82504025,7223.82564167,208.89089503,208.87493974,0.06031759,1568.89571796,0.01998543,0.01998544,27666,84,0
7224.08576840,7224.08678090,215.82130079,215.79441991,0.05434878,1569.23227407,0.01998543,0.01998544,27665,84,0
7224.34704862,7224.34793900,222.75728903,222.73363339,0.05320982,1569.56893634,0.01998543,0.01998544,27664,84,0
7224.60867670,7224.60911598,229.69862281,229.68694387,0.04101941,1569.90542517,0.01998544,0.01998544,27663,84,0
7224.87050014,7224.87031185,236.64506412,236.65007345,0.04445530,1570.24152917,0.01998544,0.01998544,27662,84,0
7225.13155539,7225.13152659,243.59637635,243.59714311,0.03942812,1570.57600041,0.01998544,0.01998544,27661,84,0
7225.39249366,7225.39276022,250.55247789,250.54537787,0.04177183,1570.90967105,0.01998544,0.01998544,27660,84,0
7225.65417926,7225.65401273,257.51353285,257.51797152,0.04449291,1571.24365023,0.01998544,0.01998544,27659,84,0
7225.91623161,7225.91528413,264.47972771,264.50499874,0.04128699,1571.57745545,0.01998544,0.01998544,27658,84,0
7226.17619255,7226.17657442,271.45124980,271.44105752,0.04200071,1571.90796894,0.01998544,0.01998544,27657,84,0
7226.43796551,7226.43788361,278.42828533,278.43047304,0.04321927,1572.24016160,0.01998544,0.01998544,27656,84,0
7226.69935673,7226.69921169,285.41093915,285.41481617,0.04064712,1572.57124753,0.01998544,0.01998544,27655,84,0
7226.96065718,7226.96055866,292.39920632,292.40184178,0.04778712,1572.90159485,0.01998544,0.01998544,27654,84,0
7227.22216847,7227.22192453,299.39307414,299.39960390,0.04741487,1573.23158194,0.01998544,0.01998544,27653,84,0
7227.48298079,7227.48330931,306.39252982,306.38372948,0.04258026,1573.56006006,0.01998544,0.01998544,27652,84,0
7227.74465791,7227.74471298,313.39756115,313.39608468,0.04269947,1573.88899564,0.01998544,0.01998544,27651,84,0
7228.00638500,7228.00613556,320.40817279,320.41486436,0.03599098,1574.21735945,0.01998544,0.01998544,27650,84,0
7228.26789636,7228.26757705,327.42438780,327.43296023,0.03576462,1574.54481793,0.01998544,0.01998544,27649,84,0
7228.52983134,7228.52903745,334.44623029,334.46755906,0.04400932,1574.87217013,0.01998544,0.01998544,27648,84,0
7228.78981755,7228.79051675,341.47372448,341.45492594,0.04013302,1575.19645597,0.01998544,0.01998544,27647,84,0
7229.05213092,7229.05201497,348.50689096,348.51001048,0.03865619,1575.52300654,0.01998544,0.01998544,27646,84,0
7229.31315724,7229.31353211,355.54568667,355.53559338,0.03823595,1575.84731490,0.01998544,0.01998544,27645,84,0
7229.57543588,7229.57506816,362.59001462,362.59992243,0.03162575,1576.17252978,0.01998544,0.01998544,27644,84,0
7229.83700320,7229.83662313,369.63977564,369.65002339,0.03603768,1576.49620792,0.01998544,0.01998544,27643,84,0
7230.09826245,7230.09819702,376.69487013,376.69663538,0.04046401,1576.81884577,0.01998544,0.01998544,27642,84,0
7230.35905547,7230.35978984,383.75520971,383.73538282,0.04374885,1577.14024517,0.01998544,0.01998544,27641,84,0
7230.62121423,7230.62140158,390.82083465,390.81577316,0.05742060,1577.46266045,0.01998544,0.01998544,27640,84,0
7230.88284962,7230.88303224,397.89186526,397.88692793,0.06554846,1577.78376877,0.01998544,0.01998544,27639,84,0
7231.14409071,7231.14468184,404.96842357,404.95243031,0.03089595,1578.10373572,0.01998544,0.01998544,27638,84,0
7231.40645632,7231.40635036,412.05063219,412.05350111,0.05743206,1578.42442246,0.01998544,0.01998544,27637,84,0
7231.66838105,7231.66803782,419.13860127,419.14790128,0.05009113,1578.74391608,0.01998544,0.01998544,27636,84,0
7231.92962423,7231.92974422,426.23235049,426.22909694,0.04720281,1579.06192616,0.01998544,0.01998544,27635,84,0
7232.19148686,7232.19146955,433.33186082,433.33233046,0.03809877,1579.38003379,0.01998544,0.01998544,27634,84,0
7232.45365528,7232.45321383,440.43711298,440.44910108,0.04082279,1579.69785165,0.01998544,0.01998544,27633,84,0
7232.71567098,7232.71497704,447.54808758,447.56694596,0.03666646,1580.01482049,0.01998544,0.01998544,27632,84,0
7232.97617082,7232.97675920,454.66476897,454.64876779,0.03673814,1580.32929496,0.01998544,0.01998544,27631,84,0
7233.23790483,7233.23856030,461.78715812,461.76931941,0.04700340,1580.64459410,0.01998544,0.01998544,27630,84,0
7233.49964715,7233.50038035,468.91526051,468.89529177,0.05600879,1580.95923470,0.01998544,0.01998544,27629,84,0
7233.76248778,7233.76221935,476.04908167,476.05639777,0.05627076,1581.27452110,0.01998544,0.01998544,27628,84,0
7234.02393023,7234.02407730,483.18862704,483.18461552,0.04857815,1581.58745809,0.01998544,0.01998544,27627,84,0
7234.28610939,7234.28595421,490.33386625,490.33810195,0.03924165,1581.90060035,0.01998544,0.01998544,27626,84,0
7234.54790056,7234.54785007,497.48467515,497.48605415,0.02962071,1582.21259582,0.01998544,0.01998544,27625,84,0
7234.81010961,7234.80976489,504.64091386,504.65033583,0.03408501,1582.52439682,0.01998544,0.01998544,27624,84,0
7235.07069671,7235.07169867,511.80244185,511.77503828,0.05110054,1582.83357460,0.01998544,0.01998544,27623,84,0
7235.33340882,7235.33365141,518.96912138,518.96248215,0.05590966,1583.14456504,0.01998544,0.01998544,27622,84,0
7235.59600296,7235.59562312,526.14102220,526.15142461,0.04297403,1583.45470611,0.01998544,0.01998544,27621,84,0
7235.85783292,7235.85761379,533.31853488,533.32454030,0.04214597,1583.76325317,0.01998544,0.01998544,27620,84,0
7236.11996768,7236.11962343,540.50207920,540.51152117,0.03550460,1584.07148383,0.01998544,0.01998544,27619,84,0
7236.38163927,7236.38165204,547.69207698,547.69172623,0.03828973,1584.37851158,0.01998544,0.01998544,27618,84,0
7236.64341686,7236.64369963,554.88892702,554.88115766,0.05376581,1584.68502027,0.01998544,0.01998544,27617,84,0
7236.90603530,7236.90576619,562.09256075,562.09996128,0.04998799,1584.99186149,0.01998544,0.01998544,27616,84,0
7237.16880425,7237.16785172,569.30249279,569.32870679,0.03442614,1585.29820188,0.01998544,0.01998544,27615,84,0
7237.42987202,7237.42995623,576.51822090,576.51590178,0.04011283,1585.60186540,0.01998544,0.01998544,27614,84,0
7237.69166810,7237.69207973,583.73924038,583.72789742,0.05177384,1585.90565869,0.01998544,0.01998544,27613,84,0
7237.95429858,7237.95422220,590.96512175,590.96722766,0.05550033,1586.20967860,0.01998544,0.01998544,27612,84,0
7238.21624681,7238.21638366,598.19605770,598.19228174,0.05210250,1586.51217522,0.01998544,0.01998544,27611,84,0
7238.47897609,7238.47856411,605.43254235,605.44391767,0.03643524,1586.81485688,0.01998544,0.01998544,27610,84,0
7238.74016017,7238.74076355,612.67507420,612.65840094,0.04293420,1587.11506542,0.01998544,0.01998544,27609,84,0
7239.00334741,7239.00298197,619.92415418,619.93426114,0.06005537,1587.41689624,0.01998544,0.01998544,27608,84,0
7239.26517176,7239.26521939,627.18011935,627.17880082,0.04639774,1587.71649820,0.01998544,0.01998544,27607,84,0
7239.52775174,7239.52747581,634.44268489,634.45032928,0.03697810,1588.01628360,0.01998544,0.01998544,27606,84,0
7239.78961336,7239.78975122,641.71141845,641.70759622,0.04150188,1588.31454943,0.01998544,0.01998544,27605,84,0
7240.05150413,7240.05204563,648.98588552,648.97086242,0.05358945,1588.61213003,0.01998544,0.01998544,27604,84,0
7240.31465978,7240.31435905,656.26565310,656.27400168,0.04306634,1588.91040446,0.01998544,0.01998544,27603,84,0
7240.57629054,7240.57669146,663.55060491,663.53946748,0.03179038,1589.20620521,0.01998544,0.01998544,27602,84,0
7240.83959649,7240.83904288,670.84118301,670.85657327,0.06076942,1589.50316588,0.01998544,0.01998544,27601,84,0
7241.10162705,7241.10141331,678.13788822,678.14383480,0.04425631,1589.79797533,0.01998544,0.01998544,27600,84,0
7241.36439852,7241.36380275,685.44122386,685.45781379,0.03276049,1590.09292247,0.01998544,0.01998544,27599,84,0
7241.62617267,7241.62621120,692.75166491,692.75059117,0.04255939,1590.38607388,0.01998544,0.01998544,27598,84,0
7241.88843372,7241.88863866,700.06917248,700.06345549,0.05510990,1590.67908954,0.01998544,0.01998544,27597,84,0
7242.15120521,7242.15108514,707.39327974,707.39663180,0.03098619,1590.97197070,0.01998544,0.01998544,27596,84,0
7242.41357845,7242.41355064,714.72350464,714.72428157,0.04315648,1591.26368258,0.01998544,0.01998544,27595,84,0
7242.67664195,7242.67603516,722.05936266,722.07632671,0.04620987,1591.55541278,0.01998544,0.01998544,27594,84,0
7242.93920173,7242.93853869,729.40046745,729.41901579,0.03571796,1591.84581916,0.01998544,0.01998544,27593,84,0
7243.20055659,7243.20106126,736.74701792,736.73289009,0.03970223,1592.13413960,0.01998544,0.01998544,27592,84,0
7243.46370435,7243.46360284,744.09942632,744.10227001,0.05720170,1592.42369297,0.01998544,0.01998544,27591,84,0
7243.72663036,7243.72616346,751.45810731,751.47119827,0.03339503,1592.71226998,0.01998544,0.01998544,27590,84,0
7243.98842315,7243.98874311,758.82347684,758.81449811,0.05232951,1592.99888982,0.01998544,0.01998544,27589,84,0
7244.25150331,7244.25134179,766.19578092,766.20031761,0.04020827,1593.28620917,0.01998544,0.01998544,27588,84,0
7244.51380344,7244.51395950,773.57487979,773.57049287,0.03559291,1593.57196019,0.01998544,0.01998544,27587,84,0
7244.77690255,7244.77659625,780.96058014,780.96919719,0.05939363,1593.85785309,0.01998544,0.01998544,27586,84,0
7245.03952911,7245.03925204,788.35268763,788.36048845,0.03908880,1594.14249495,0.01998544,0.01998544,27585,84,0
7245.30229133,7245.30192686,795.75101463,795.76128390,0.04714157,1594.42653692,0.01998544,0.01998544,27584,84,0
7245.56501256,7245.56462074,803.15552224,803.16657076,0.05357300,1594.70978393,0.01998544,0.01998544,27583,84,0
7245.82717505,7245.82733365,810.56630705,810.56183153,0.03511946,1594.99168183,0.01998544,0.01998544,27582,84,0
7246.08999708,7246.09006561,817.98347105,817.98153554,0.04983718,1595.27354179,0.01998544,0.01998544,27581,84,0
7246.35313856,7246.35281662,825.40711674,825.41621633,0.03822457,1595.55499652,0.01998544,0.01998544,27580,84,0
7246.61512819,7246.61558668,832.83733312,832.82436328,0.05962063,1595.83447689,0.01998544,0.01998544,27579,84,0
7246.87886634,7246.87837580,840.27413314,840.28802070,0.03808054,1596.11507246,0.01998544,0.01998544,27578,84,0
7247.14089448,7247.14118397,847.71750377,847.70930135,0.03998283,1596.39310064,0.01998544,0.01998544,27577,84,0
7247.40406450,7247.40401120,855.16743192,855.16894344,0.05007350,1596.67158703,0.01998544,0.01998544,27576,84,0
7247.66677649,7247.66685748,862.62390524,862.62160680,0.03806306,1596.94883286,0.01998544,0.01998544,27575,84,0
7247.93023242,7247.92972283,870.08699451,870.10146866,0.05678342,1597.22610562,0.01998544,0.01998544,27574,84,0
7248.19236097,7248.19260724,877.55692192,877.54992100,0.03759994,1597.50123363,0.01998544,0.01998544,27573,84,0
7248.45543298,7248.45551071,885.03392682,885.03171513,0.06061839,1597.77660834,0.01998544,0.01998544,27572,84,0
7248.71835668,7248.71843326,892.51824977,892.51606885,0.03019236,1598.05108974,0.01998544,0.01998544,27571,84,0
7248.98149410,7248.98137487,900.01009526,900.01349402,0.05439236,1598.32506031,0.01998544,0.01998544,27570,84,0
7249.24419250,7249.24433555,907.50924141,907.50515995,0.03655241,1598.59783053,0.01998544,0.01998544,27569,84,0
7249.50691096,7249.50731531,915.01519248,915.00364698,0.05312623,1598.86985832,0.01998544,0.01998544,27568,84,0
7249.77055913,7249.77031414,922.52744570,922.53444587,0.03136050,1599.14206070,0.01998544,0.01998544,27567,84,0
7250.03341740,7250.03333205,930.04549567,930.04793596,0.05282780,1599.41264120,0.01998544,0.01998544,27566,84,0
7250.29601378,7250.29636904,937.56905663,937.55889173,0.03620683,1599.68213589,0.01998544,0.01998544,27565,84,0
7250.55919109,7250.55942512,945.09852958,945.09182850,0.05446982,1599.95142057,0.01998544,0.01998544,27564,84,0
7250.82236047,7250.82250027,952.63445046,952.63044402,0.03428655,1600.21990704,0.01998544,0.01998544,27563,84,0
7251.08494286,7251.08559452,960.17735807,960.15866680,0.05486478,1600.48702389,0.01998544,0.01998544,27562,84,0
7251.34880067,7251.34870785,967.72777167,967.73043661,0.05370891,1600.75467848,0.01998544,0.01998544,27561,84,0
7251.61223520,7251.61184027,975.28574221,975.29709083,0.03817102,1601.02114299,0.01998544,0.01998544,27560,84,0
7251.87495061,7251.87499178,982.85087334,982.84968928,0.05393067,1601.28610650,0.01998544,0.01998544,27559,84,0
7252.13821301,7252.13816239,990.42274882,990.42420601,0.03672658,1601.55082953,0.01998544,0.01998544,27558,84,0
7252.40142205,7252.40135209,998.00095014,998.00296533,0.05474632,1601.81468916,0.01998544,0.01998544,27557,84,0
7252.66463130,7252.66456089,1005.58517025,1005.58719966,0.03468058,1602.07772640,0.01998544,0.01998544,27556,84,0
7252.92766693,7252.92778880,1013.17559521,1013.17207965,0.04789763,1602.33977260,0.01998544,0.01998544,27555,84,0
7253.19034847,7253.19103580,1020.77254664,1020.75270313,0.05718817,1602.60065915,0.01998544,0.01998544,27554,84,0
7253.45349423,7253.45430191,1028.37634788,1028.35300995,0.04283192,1602.86120693,0.01998544,0.01998544,27553,84,0
7253.71769780,7253.71758713,1035.98731663,1035.99051710,0.04397884,1603.12200504,0.01998544,0.01998544,27552,84,0
7253.98059206,7253.98089146,1043.60554592,1043.59687950,0.03211509,1603.38071854,0.01998544,0.01998544,27551,84,0
7254.24398591,7254.24421490,1051.23086643,1051.22423268,0.04908949,1603.63912281,0.01998544,0.01998544,27550,84,0
7254.50742580,7254.50755745,1058.86309314,1058.85927635,0.05225648,1603.89676153,0.01998544,0.01998544,27549,84,0
7254.77093916,7254.77091911,1066.50204003,1066.50262165,0.03555456,1604.15365214,0.01998544,0.01998544,27548,84,0
7255.03403440,7255.03429989,1074.14755675,1074.13984699,0.05265801,1604.40930956,0.01998544,0.01998544,27547,84,0
7255.29797501,7255.29769980,1081.79967225,1081.80767066,0.05004364,1604.66495804,0.01998544,0.01998544,27546,84,0
7255.56084910,7255.56111882,1089.45847066,1089.45062564,0.03286113,1604.91874717,0.01998544,0.01998544,27545,84,0
7255.82467303,7255.82455697,1097.12403662,1097.12741532,0.04833384,1605.17262449,0.01998544,0.01998544,27544,84,0
7256.08820875,7256.08801424,1104.79645856,1104.80212538,0.05565891,1605.42539590,0.01998544,0.01998544,27543,84,0
7256.35136090,7256.35149064,1112.47592973,1112.47214656,0.03368760,1605.67697688,0.01998544,0.01998544,27542,84,0
7256.61494208,7256.61498617,1120.16276626,1120.16147960,0.05065619,1605.92815176,0.01998544,0.01998544,27541,84,0
7256.87868224,7256.87850083,1127.85729292,1127.86259259,0.04935716,1606.17866824,0.01998544,0.01998544,27540,84,0
7257.14213729,7257.14203463,1135.55983626,1135.56283849,0.03230761,1606.42811276,0.01998544,0.01998544,27539,84,0
7257.40536701,7257.40558756,1143.27059787,1143.26414231,0.05711562,1606.67654767,0.01998544,0.01998544,27538,84,0
7257.66871703,7257.66915963,1150.98922127,1150.97625410,0.04748029,1606.92428514,0.01998544,0.01998544,27537,84,0
7257.93266792,7257.93275084,1158.71519390,1158.71276244,0.04880289,1607.17175456,0.01998544,0.01998544,27536,84,0
7258.19602069,7258.19636119,1166.44800025,1166.43800812,0.03328541,1607.41781265,0.01998544,0.01998544,27535,84,0
7258.45957217,7258.45999068,1174.18714621,1174.17485585,0.04406017,1607.66318767,0.01998544,0.01998544,27534,84,0
7258.72402111,7258.72363933,1181.93266059,1181.94388111,0.04824065,1607.90852327,0.01998544,0.01998544,27533,84,0
7258.98761581,7258.98730712,1189.68508077,1189.69416095,0.05433565,1608.15220866,0.01998544,0.01998544,27532,84,0
7259.25087522,7259.25099406,1197.44496790,1197.44146888,0.03233847,1608.39474429,0.01998544,0.01998544,27531,84,0
7259.51413500,7259.51470015,1205.21288623,1205.19623018,0.05151750,1608.63645567,0.01998544,0.01998544,27530,84,0
7259.77849817,7259.77842540,1212.98920928,1212.99135612,0.04677656,1608.87835886,0.01998544,0.01998544,27529,84,0
7260.04169618,7260.04216981,1220.77369609,1220.75971021,0.04646130,1609.11836771,0.01998544,0.01998544,27528,84,0
7260.30588783,7260.30593337,1228.56598213,1228.56463593,0.02870506,1609.35843728,0.01998544,0.01998544,27527,84,0
7260.56969469,7260.56971610,1236.36570071,1236.36506746,0.05546572,1609.59729790,0.01998544,0.01998544,27526,84,0
7260.83331800,7260.83351799,1244.17251095,1244.16659016,0.04755458,1609.83512134,0.01998544,0.01998544,27525,84,0
7261.09723982,7261.09733904,1251.98640256,1251.98346257,0.04663674,1610.07233893,0.01998544,0.01998544,27524,84,0
7261.36086620,7261.36117926,1259.80758383,1259.79829950,0.04472899,1610.30842037,0.01998544,0.01998544,27523,84,0
7261.62496659,7261.62503865,1267.63626801,1267.63412908,0.05037043,1610.54405747,0.01998544,0.01998544,27522,84,0
7261.88852818,7261.88891721,1275.47266874,1275.46111012,0.03214568,1610.77835038,0.01998544,0.01998544,27521,84,0
7262.15310210,7262.15281495,1283.31691015,1283.32544939,0.05219978,1611.01267641,0.01998545,0.01998544,27520,84,0
7262.41596073,7262.41673186,1291.16894611,1291.14599292,0.04171213,1611.24461886,0.01998544,0.01998544,27519,84,0
7262.68048002,7262.68066795,1299.02871130,1299.02311230,0.04735673,1611.47715196,0.01998544,0.01998544,27518,84,0
7262.94423815,7262.94462322,1306.89613997,1306.88465754,0.05049971,1611.70813739,0.01998544,0.01998544,27517,84,0
7263.20814070,7263.20859767,1314.77116358,1314.75752509,0.04643282,1611.93836634,0.01998544,0.01998544,27516,84,0
7263.47259256,7263.47259130,1322.65369947,1322.65373699,0.04644361,1612.16818320,0.01998544,0.01998544,27515,84,0
7263.73627209,7263.73660412,1330.54365959,1330.53373261,0.05123686,1612.39643514,0.01998544,0.01998544,27514,84,0
7264.00079661,7264.00063613,1338.44095534,1338.44575738,0.02667709,1612.62451639,0.01998545,0.01998544,27513,84,0
7264.26404667,7264.26468733,1346.34550729,1346.32632075,0.04508222,1612.85059661,0.01998544,0.01998545,27512,84,0
7264.52843949,7264.52875772,1354.25743909,1354.24790035,0.04711982,1613.07675312,0.01998544,0.01998545,27511,84,0
7264.79283512,7264.79284730,1362.17706858,1362.17670316,0.04543079,1613.30201112,0.01998544,0.01998545,27510,84,0
7265.05664741,7265.05695608,1370.10472312,1370.09545319,0.04721247,1613.52588043,0.01998544,0.01998545,27509,84,0
7265.32104437,7265.32108406,1378.04073142,1378.03953827,0.04472730,1613.74935833,0.01998544,0.01998545,27508,84,0
7265.58548887,7265.58523125,1385.98526377,1385.99301587,0.04629933,1613.97198912,0.01998545,0.01998545,27507,84,0
7265.84947288,7265.84939763,1393.93810952,1393.94037596,0.04539264,1614.19333799,0.01998545,0.01998545,27506,84,0
7266.11352428,7266.11358322,1401.89900110,1401.89722428,0.04134873,1614.41383893,0.01998545,0.01998545,27505,84,0
7266.37794315,7266.37778801,1409.86766932,1409.87235059,0.04507193,1614.63372972,0.01998545,0.01998545,27504,84,0
7266.64169939,7266.64201202,1417.84387506,1417.83443350,0.04420984,1614.85214572,0.01998544,0.01998545,27503,84,0
7266.90637126,7266.90625523,1425.82757640,1425.83108338,0.04550988,1615.07038847,0.01998545,0.01998545,27502,84,0
7267.17097835,7267.17051766,1433.81880777,1433.83274507,0.04411763,1615.28764307,0.01998545,0.01998545,27501,84,0
7267.43447598,7267.43479931,1441.81760400,1441.80781378,0.05189933,1615.50305600,0.01998544,0.01998545,27500,84,0
7267.69904024,7267.69910017,1449.82401375,1449.82219745,0.04388253,1615.71840484,0.01998545,0.01998545,27499,84,0
7267.96378022,7267.96342025,1457.83834052,1457.84926035,0.04262951,1615.93296293,0.01998545,0.01998545,27498,84,0
7268.22765371,7268.22775955,1465.86111478,1465.85790082,0.04696460,1616.14590021,0.01998544,0.01998545,27497,84,0
7268.49211899,7268.49211808,1473.89287797,1473.89290569,0.03934773,1616.35840583,0.01998545,0.01998545,27496,84,0
7268.75661157,7268.75649583,1481.93417070,1481.93769301,0.04107924,1616.57003364,0.01998545,0.01998545,27495,84,0
7269.02047192,7269.02089281,1489.98508825,1489.97226542,0.03623242,1616.78025770,0.01998544,0.01998545,27494,84,0
7269.28590687,7269.28530902,1498.04487890,1498.06311110,0.04230250,1616.99080793,0.01998545,0.01998545,27493,84,0
7269.55034584,7269.54974446,1506.11269216,1506.13104767,0.04643475,1617.19961668,0.01998545,0.01998545,27492,84,0
7269.81392431,7269.81419914,1514.18767226,1514.17927735,0.04790232,1617.40677594,0.01998545,0.01998545,27491,84,0
7270.07807782,7270.07867305,1522.26922405,1522.25102849,0.04703192,1617.61339759,0.01998544,0.01998545,27490,84,0
7270.34320808,7270.34316620,1530.35783891,1530.35912021,0.04832075,1617.81979709,0.01998545,0.01998545,27489,84,0
7270.60745367,7270.60767859,1538.45429064,1538.44740269,0.05214992,1618.02454159,0.01998545,0.01998545,27488,84,0
7270.87294752,7270.87221023,1546.55935783,1546.58195995,0.04902117,1618.22929830,0.01998545,0.01998545,27487,84,0
7271.13647590,7271.13676111,1554.67374178,1554.66498916,0.04829923,1618.43160655,0.01998545,0.01998545,27486,84,0
7271.40145755,7271.40133123,1562.79741453,1562.80129530,0.04689846,1618.63408915,0.01998545,0.01998545,27485,84,0
7271.66578618,7271.66592061,1570.92996167,1570.92582774,0.04474934,1618.83511837,0.01998545,0.01998545,27484,84,0
7271.93078537,7271.93052923,1579.07096275,1579.07884684,0.04267479,1619.03568684,0.01998545,0.01998545,27483,84,0
7272.19504898,7272.19515711,1587.22001093,1587.21667973,0.04068990,1619.23471737,0.01998545,0.01998545,27482,84,0
7272.46009466,7272.45980424,1595.37705248,1595.38600806,0.04903482,1619.43334819,0.01998545,0.01998545,27481,84,0
7272.72434064,7272.72447063,1603.54237915,1603.53836675,0.04756390,1619.63039783,0.01998545,0.01998545,27480,84,0
7272.98868102,7272.98915628,1611.71629876,1611.70161436,0.04581915,1619.82654097,0.01998545,0.01998545,27479,84,0
7273.25398090,7273.25386120,1619.89911885,1619.90282116,0.03860755,1620.02241758,0.01998545,0.01998545,27478,84,0
7273.51875812,7273.51858537,1628.09097744,1628.09632577,0.03664477,1620.21693057,0.01998545,0.01998545,27477,84,0
7273.78298687,7273.78332881,1636.29172135,1636.28112406,0.04411651,1620.41005967,0.01998545,0.01998545,27476,84,0
7274.04771285,7274.04809152,1644.50116792,1644.48942081,0.05278178,1620.60256163,0.01998545,0.01998545,27475,84,0
7274.31296618,7274.31287350,1652.71913342,1652.72201120,0.04058142,1620.79444479,0.01998545,0.01998545,27474,84,0
7274.57791999,7274.57767475,1660.94553402,1660.95315655,0.04065850,1620.98510430,0.01998545,0.01998545,27473,84,0
7274.84258929,7274.84249527,1669.18058210,1669.18350704,0.04004926,1621.17455574,0.01998545,0.01998545,27472,84,0
7275.10704536,7275.10733508,1677.42454553,1677.41552264,0.05270269,1621.36285558,0.01998545,0.01998545,27471,84,0
7275.37205531,7275.37219415,1685.67769385,1685.67336513,0.04559393,1621.55055053,0.01998545,0.01998545,27470,84,0
7275.63715251,7275.63707251,1693.94022488,1693.94272146,0.04472739,1621.73730719,0.01998545,0.01998545,27469,84,0
7275.90215920,7275.90197016,1702.21197410,1702.21788038,0.03933946,1621.92299282,0.01998545,0.01998545,27468,84,0
7276.16647020,7276.16688708,1710.49266349,1710.47962617,0.04895184,1622.10717793,0.01998545,0.01998545,27467,84,0
7276.43202592,7276.43182330,1718.78201317,1718.78835587,0.04525480,1622.29120167,0.01998545,0.01998545,27466,84,0
7276.69688952,7276.69677880,1727.07978443,1727.08325350,0.04238351,1622.47370988,0.01998545,0.01998545,27465,84,0
7276.96193141,7276.96175359,1735.38608480,1735.39166177,0.04944499,1622.65530425,0.01998545,0.01998545,27464,84,0
7277.22671881,7277.22674768,1743.70119096,1743.70028477,0.04209452,1622.83569119,0.01998545,0.01998545,27463,84,0
7277.49138935,7277.49176106,1752.02538244,1752.01370092,0.03981201,1623.01496902,0.01998545,0.01998545,27462,84,0
7277.75695978,7277.75679374,1760.35892552,1760.36414916,0.05301493,1623.19382383,0.01998545,0.01998545,27461,84,0
7278.02222505,7278.02184571,1768.70189069,1768.71383733,0.04316507,1623.37143822,0.01998545,0.01998545,27460,84,0
7278.28676935,7278.28691699,1777.05420985,1777.04955523,0.03961856,1623.54753442,0.01998545,0.01998545,27459,84,0
7278.55197967,7278.55200758,1785.41581152,1785.41493084,0.04643670,1623.72303068,0.01998545,0.01998545,27458,84,0
7278.81694956,7278.81711746,1793.78662404,1793.78131972,0.03983581,1623.89731933,0.01998545,0.01998545,27457,84,0
7279.08184636,7279.08224666,1802.16658210,1802.15392325,0.03880773,1624.07050715,0.01998545,0.01998545,27456,84,0
7279.34732740,7279.34739517,1810.55562654,1810.55348134,0.05190487,1624.24301584,0.01998545,0.01998545,27455,84,0
7279.61248087,7279.61256299,1818.95369805,1818.95109617,0.04596815,1624.41424639,0.01998545,0.01998545,27454,84,0
7279.87792613,7279.87775012,1827.36073965,1827.36632229,0.05292012,1624.58459407,0.01998545,0.01998545,27453,84,0
7280.14343905,7280.14295657,1835.77679405,1835.79211282,0.03828875,1624.75391001,0.01998545,0.01998545,27452,84,0
7280.40795094,7280.40818233,1844.20202969,1844.19467555,0.04525415,1624.92151798,0.01998545,0.01998545,27451,84,0
7280.67389716,7280.67342742,1852.63662410,1852.65156942,0.04617694,1625.08895816,0.01998545,0.01998545,27450,84,0
7280.93897283,7280.93869183,1861.08075598,1861.08970588,0.04028398,1625.25477558,0.01998545,0.01998545,27449,84,0
7281.20370516,7281.20397556,1869.53461007,1869.52598822,0.04920878,1625.41930699,0.01998545,0.01998545,27448,84,0
7281.46935586,7281.46927862,1877.99837978,1878.00084507,0.03834129,1625.58333270,0.01998545,0.01998545,27447,84,0
7281.73459603,7281.73460101,1886.47226045,1886.47210103,0.04670576,1625.74602867,0.01998545,0.01998545,27446,84,0
7281.99981584,7281.99994273,1894.95644643,1894.95238657,0.03365019,1625.90763625,0.01998545,0.01998545,27445,84,0
7282.26536203,7282.26530379,1903.45089837,1903.45276365,0.04575311,1626.06835977,0.01998545,0.01998545,27444,84,0
7282.53068604,7282.53068418,1911.95514120,1911.95520077,0.03567190,1626.22785333,0.01998545,0.01998545,27443,84,0
7282.79609348,7282.79608390,1920.46864937,1920.46895679,0.04399678,1626.38628764,0.01998545,0.01998545,27442,84,0
7283.06162489,7283.06150297,1928.99089593,1928.99481252,0.03604407,1626.54367197,0.01998545,0.01998545,27441,84,0
7283.32696601,7283.32694138,1937.52171797,1937.52250995,0.04397615,1626.69981386,0.01998545,0.01998545,27440,84,0
7283.59206796,7283.59239913,1946.06172316,1946.05106352,0.03225429,1626.85469465,0.01998545,0.01998545,27439,84,0
7283.85769252,7283.85787623,1954.61162057,1954.60570084,0.04659930,1627.00876643,0.01998545,0.01998545,27438,84,0
7284.12345289,7284.12337267,1963.17212241,1963.17471063,0.04153235,1627.16180918,0.01998545,0.01998545,27437,84,0
7284.38861665,7284.38888846,1971.74355648,1971.73477656,0.04828504,1627.31340525,0.01998545,0.01998545,27436,84,0
7284.65430212,7284.65442361,1980.32537246,1980.32144377,0.04838836,1627.46418014,0.01998545,0.01998545,27435,84,0
7284.91991099,7284.91997811,1988.91689517,1988.91472244,0.03971811,1627.61377536,0.01998545,0.01998545,27434,84,0
7285.18522754,7285.18555197,1997.51744588,1997.50693450,0.04444617,1627.76205598,0.01998545,0.01998545,27433,84,0
7285.45124695,7285.45114519,2006.12663004,2006.12993043,0.05453290,1627.90956494,0.01998545,0.01998545,27432,84,0
7285.71650208,7285.71675776,2014.74471900,2014.73641905,0.03902076,1628.05549002,0.01998545,0.01998545,27431,84,0
7285.98261573,7285.98238970,2023.37208029,2023.37942517,0.04898773,1628.20072573,0.01998545,0.01998545,27430,84,0
7286.24807723,7286.24804100,2032.00908400,2032.01026236,0.03887142,1628.34444841,0.01998545,0.01998545,27429,84,0
7286.51339174,7286.51371167,2040.65611341,2040.64569448,0.04709782,1628.48693894,0.01998545,0.01998545,27428,84,0
7286.77974368,7286.77940171,2049.31357832,2049.32472767,0.04907279,1628.62882997,0.01998545,0.01998545,27427,84,0
7287.04501462,7287.04511112,2057.98189464,2057.97874454,0.03794944,1628.76899546,0.01998545,0.01998545,27426,84,0
7287.31066280,7287.31083991,2066.66147974,2066.65569105,0.04358052,1628.90821244,0.01998545,0.01998545,27425,84,0
7287.57691457,7287.57658807,2075.35253233,2075.36321680,0.04804988,1629.04659141,0.01998545,0.01998545,27424,84,0
7287.84248761,7287.84235561,2084.05479328,2084.05911822,0.04263715,1629.18345733,0.01998545,0.01998545,27423,84,0
7288.10777543,7288.10814252,2092.76794453,2092.75590352,0.04713613,1629.31900954,0.01998545,0.01998545,27422,84,0
7288.37402028,7288.37394882,2101.49166669,2101.49401324,0.04830654,1629.45386865,0.01998545,0.01998545,27421,84,0
7288.63993145,7288.63977450,2110.22573199,2110.23089150,0.04765416,1629.58736869,0.01998545,0.01998545,27420,84,0
7288.90561041,7288.90561957,2118.97008189,2118.96978045,0.03453254,1629.71955899,0.01998545,0.01998545,27419,84,0
7289.17088763,7289.17148403,2127.72467550,2127.70502626,0.04957199,1629.85035441,0.01998545,0.01998545,27418,84,0
7289.43749832,7289.43736787,2136.48947394,2136.49377631,0.04649348,1629.98059912,0.01998545,0.01998545,27417,84,0
7289.70347378,7289.70327111,2145.26457372,2145.27126578,0.04395297,1630.10932358,0.01998545,0.01998545,27416,84,0
7289.96946470,7289.96919374,2154.05027857,2154.05923580,0.05162166,1630.23684680,0.01998545,0.01998545,27415,84,0
7290.23509297,7290.23513577,2162.84691168,2162.84549488,0.03595264,1630.36298984,0.01998545,0.01998545,27414,84,0
7290.50120678,7290.50109720,2171.65479210,2171.65842328,0.04715456,1630.48815434,0.01998545,0.01998545,27413,84,0
7290.76710791,7290.76707803,2180.47402246,2180.47501362,0.04168719,1630.61200650,0.01998545,0.01998545,27412,84,0
7291.03331649,7291.03307826,2189.30443990,2189.31235308,0.04639063,1630.73478068,0.01998545,0.01998545,27411,84,0
7291.29896058,7291.29909790,2198.14586422,2198.14129766,0.05272606,1630.85606909,0.01998545,0.01998545,27410,84,0
7291.56513847,7291.56513695,2206.99811311,2206.99816397,0.03601716,1630.97636608,0.01998545,0.01998545,27409,84,0
7291.83151845,7291.83119540,2215.86098807,2215.87175559,0.04371252,1631.09550915,0.01998545,0.01998545,27408,84,0
7292.09726250,7292.09727326,2224.73427534,2224.73391609,0.04239078,1631.21311900,0.01998545,0.01998545,27407,84,0
7292.36293993,7292.36337054,2233.61775901,2233.60337564,0.04856020,1631.32944515,0.01998545,0.01998545,27406,84,0
7292.62966308,7292.62948724,2242.51125378,2242.51713347,0.04400108,1631.44496076,0.01998545,0.01998545,27405,84,0
7292.89543186,7292.89562335,2251.41497228,2251.40856248,0.04427943,1631.55879724,0.01998545,0.01998545,27404,84,0
7293.16206556,7293.16177888,2260.32939824,2260.33900582,0.04546168,1631.67173602,0.01998545,0.01998545,27403,84,0
7293.42770707,7293.42795383,2269.25502402,2269.24674439,0.04504018,1631.78299272,0.01998545,0.01998545,27402,84,0
7293.69450617,7293.69414821,2278.19229766,2278.20432317,0.04700512,1631.89346702,0.01998545,0.01998545,27401,84,0
7293.96022620,7293.96036202,2287.14130462,2287.13673607,0.05062615,1632.00222803,0.01998545,0.01998545,27400,84,0
7294.22693486,7294.22659525,2296.10196226,2296.11339959,0.05115709,1632.11011645,0.01998545,0.01998545,27399,84,0
7294.49318482,7294.49284791,2305.07418636,2305.08554623,0.05128146,1632.21653675,0.01998545,0.01998545,27398,84,0
7294.75948017,7294.75912001,2314.05786485,2314.07002356,0.05084728,1632.32168688,0.01998545,0.01998545,27397,84,0
7295.02589687,7295.02541154,2323.05275801,2323.06916098,0.05587528,1632.42558770,0.01998545,0.01998545,27396,84,0
7295.29199155,7295.29172251,2332.05858736,2332.06769076,0.05080344,1632.52805957,0.01998545,0.01998545,27395,84,0
7295.55818291,7295.55805291,2341.07507253,2341.07947579,0.04999793,1632.62925734,0.01998545,0.01998545,27394,84,0
7295.82440896,7295.82440276,2350.10216852,2350.10237874,0.05205841,1632.72915117,0.01998545,0.01998545,27393,84,0
7296.09104129,7296.09077205,2359.14048406,2359.14962512,0.04723670,1632.82787905,0.01998545,0.01998545,27392,84,0
7296.35748590,7296.35716079,2368.19074418,2368.20179652,0.04476177,1632.92522205,0.01998545,0.01998545,27391,84,0
7296.62368592,7296.62356897,2377.25367222,2377.25765316,0.04559980,1633.02116477,0.01998545,0.01998545,27390,84,0
7296.89041448,7296.88999661,2386.32953032,2386.34377449,0.04217929,1633.11598066,0.01998545,0.01998545,27389,84,0
7297.15658449,7297.15644369,2395.41783667,2395.42264228,0.04047903,1633.20927267,0.01998545,0.01998545,27388,84,0
7297.42297526,7297.42291023,2404.51803884,2404.52026094,0.04002989,1633.30130524,0.01998545,0.01998545,27387,84,0
7297.68940484,7297.68939623,2413.62959927,2413.62989391,0.03897717,1633.39200280,0.01998545,0.01998545,27386,84,0
7297.95583192,7297.95590168,2422.75235068,2422.74996113,0.03924050,1633.48134420,0.01998545,0.01998545,27385,84,0
7298.22204526,7298.22242660,2431.88646520,2431.87338873,0.04662298,1633.56925680,0.01998545,0.01998545,27384,84,0
7298.48844631,7298.48897097,2441.03212863,2441.01411551,0.05570112,1633.65586989,0.01998545,0.01998545,27383,84,0
7298.75487608,7298.75553482,2450.18955491,2450.16691100,0.04189066,1633.74112681,0.01998545,0.01998545,27382,84,0
7299.02233623,7299.02211812,2459.35917815,2459.36668505,0.04531588,1633.82533844,0.01998545,0.01998545,27381,84,0
7299.28856867,7299.28872090,2468.54154255,2468.53629588,0.04538813,1633.90779455,0.01998545,0.01998545,27380,84,0
7299.55498980,7299.55534315,2477.73719725,2477.72500197,0.04479382,1633.98894070,0.01998545,0.01998545,27379,84,0
7299.82226971,7299.82198487,2486.94643344,2486.95627808,0.04807475,1634.06896924,0.01998545,0.01998545,27378,84,0
7300.08900116,7300.08864606,2496.16855869,2496.18084694,0.04644454,1634.14744419,0.01998545,0.01998545,27377,84,0
7300.35511848,7300.35532674,2505.40264327,2505.39542780,0.03731745,1634.22434168,0.01998545,0.01998545,27376,84,0
7300.62143506,7300.62202689,2514.64775692,2514.62723027,0.04156355,1634.29988695,0.01998545,0.01998545,27375,84,0
7300.88838728,7300.88874653,2523.90354218,2523.89106843,0.04607041,1634.37418920,0.01998545,0.01998545,27374,84,0
7301.15540514,7301.15548564,2533.17064801,2533.16784956,0.04852563,1634.44708426,0.01998545,0.01998545,27373,84,0
7301.42216542,7301.42224425,2542.44982953,2542.44708574,0.03878478,1634.51848592,0.01998545,0.01998545,27372,84,0
7301.68886866,7301.68902234,2551.74181458,2551.73645838,0.03963012,1634.58845015,0.01998545,0.01998545,27371,84,0
7301.95569369,7301.95581992,2561.04679509,2561.04238952,0.05320930,1634.65701872,0.01998545,0.01998545,27370,84,0
7302.22275596,7302.22263700,2570.36452360,2570.36868059,0.04293698,1634.72421054,0.01998545,0.01998545,27369,84,0
7302.48898529,7302.48947357,2579.69473779,2579.67765408,0.04048249,1634.78975335,0.01998545,0.01998545,27368,84,0
7302.75635227,7302.75632963,2589.03722919,2589.03802214,0.05235991,1634.85412250,0.01998545,0.01998545,27367,84,0
7303.02307133,7303.02320520,2598.39210429,2598.38740897,0.03945055,1634.91687905,0.01998545,0.01998545,27366,84,0
7303.29046042,7303.29010026,2607.75958142,2607.77223031,0.04977644,1634.97832845,0.01998545,0.01998545,27365,84,0
7303.55693269,7303.55701483,2617.13988083,2617.13699225,0.04478136,1635.03810349,0.01998545,0.01998545,27364,84,0
7303.82394700,7303.82394891,2626.53323210,2626.53316501,0.03636858,1635.09652984,0.01998545,0.01998545,27363,84,0
7304.09100793,7304.09090249,2635.93988314,2635.94360129,0.05159572,1635.15348951,0.01998545,0.01998545,27362,84,0
7304.35803324,7304.35787558,2645.36008598,2645.36565310,0.03767738,1635.20895997,0.01998545,0.01998545,27361,84,0
7304.62480709,7304.62486818,2654.79408130,2654.79192115,0.03634947,1635.26289367,0.01998545,0.01998545,27360,84,0
7304.89179607,7304.89188029,2664.24187142,2664.23888933,0.04755165,1635.31537867,0.01998545,0.01998545,27359,84,0
7305.15861882,7305.15891193,2673.70325054,2673.69285822,0.05305065,1635.36633189,0.01998545,0.01998545,27358,84,0
7305.42621561,7305.42596307,2683.17800416,2683.18696984,0.04503579,1635.41592012,0.01998545,0.01998545,27357,84,0
7305.69355426,7305.69303374,2692.66597869,2692.68448299,0.04368796,1635.46394049,0.01998545,0.01998545,27356,84,0
7305.95980803,7305.96012394,2702.16734120,2702.15609565,0.04731209,1635.51025042,0.01998545,0.01998545,27355,84,0
7306.22737410,7306.22723365,2711.68236301,2711.68736945,0.05130776,1635.55525971,0.01998545,0.01998545,27354,84,0
7306.49436090,7306.49436289,2721.21131443,2721.21124328,0.04313957,1635.59863850,0.01998545,0.01998545,27353,84,0
7306.76134856,7306.76151166,2730.75421073,2730.74838061,0.04898157,1635.64047935,0.01998545,0.01998545,27352,84,0
7307.02886912,7307.02867997,2740.31062924,2740.31739941,0.03977855,1635.68085252,0.01998545,0.01998545,27351,84,0
7307.29598501,7307.29586780,2749.88010094,2749.88430142,0.05202927,1635.71960697,0.01998545,0.01998545,27350,84,0
7307.56313471,7307.56307517,2759.46221742,2759.46435394,0.04001644,1635.75680168,0.01998545,0.01998545,27349,84,0
7307.83076812,7307.83030208,2769.05724040,2769.07398495,0.04624342,1635.79248954,0.01998546,0.01998545,27348,84,0
7308.09778266,7308.09754852,2778.66583379,2778.67425767,0.05177643,1635.82652077,0.01998545,0.01998545,27347,84,0
7308.36516130,7308.36481451,2788.28867218,2788.30116733,0.03849918,1635.85901848,0.01998546,0.01998545,27346,84,0
7308.63213137,7308.63210004,2797.92624126,2797.92737152,0.04920718,1635.88988372,0.01998545,0.01998545,27345,84,0
7308.89955804,7308.89940512,2807.57847784,2807.58400365,0.03544757,1635.91920866,0.01998545,0.01998545,27344,84,0
7309.16685050,7309.16672975,2817.24522061,2817.24959038,0.04839322,1635.94691797,0.01998545,0.01998545,27343,84,0
7309.43403867,7309.43407392,2826.92631069,2826.92503321,0.04592931,1635.97300937,0.01998545,0.01998545,27342,84,0
7309.70138797,7309.70143765,2836.62165986,2836.61985730,0.05017002,1635.99750097,0.01998545,0.01998545,27341,84,0
7309.96892030,7309.96882093,2846.33124217,2846.33485295,0.03984412,1636.02038456,0.01998546,0.01998545,27340,84,0
7310.23619354,7310.23622377,2856.05503339,2856.05393343,0.04947740,1636.04161593,0.01998546,0.01998545,27339,84,0
7310.50376002,7310.50364617,2865.79297637,2865.79712510,0.04113489,1636.06123151,0.01998546,0.01998545,27338,84,0
7310.77115753,7310.77108812,2875.54488514,2875.54741753,0.03927783,1636.07918892,0.01998546,0.01998545,27337,84,0
7311.03844985,7311.03854964,2885.31054056,2885.30689430,0.04897474,1636.09548772,0.01998546,0.01998545,27336,84,0
7311.30587172,7311.30603073,2895.08973809,2895.08392075,0.04713544,1636.11013488,0.01998546,0.01998546,27335,84,0
7311.57402231,7311.57353138,2904.88269320,2904.90067785,0.04526954,1636.12314874,0.01998546,0.01998546,27334,84,0
7311.84081688,7311.84105160,2914.69006843,2914.68145706,0.05081102,1636.13442786,0.01998545,0.01998546,27333,84,0
7312.10848416,7312.10859140,2924.51255342,2924.50861332,0.03826159,1636.14406441,0.01998546,0.01998546,27332,84,0
7312.37626926,7312.37615077,2934.35066232,2934.35502249,0.04857558,1636.15201467,0.01998546,0.01998546,27331,84,0
7312.64382660,7312.64372971,2944.20412156,2944.20769202,0.04203595,1636.15826142,0.01998546,0.01998546,27330,84,0
7312.91173322,7312.91132823,2954.07243897,2954.08738431,0.04495183,1636.16280904,0.01998546,0.01998546,27329,84,0
7313.17884401,7313.17894633,2963.95513830,2963.95135699,0.04374043,1636.16563481,0.01998546,0.01998546,27328,84,0
7313.44676366,7313.44658401,2973.85225448,2973.85890230,0.04155346,1636.16674832,0.01998546,0.01998546,27327,84,0
7313.71460121,7313.71424128,2983.76436448,2983.77770340,0.04913749,1636.16613149,0.01998546,0.01998546,27326,84,0
7313.98199713,7313.98191814,2993.69207612,2993.69500792,0.04879939,1636.16378245,0.01998546,0.01998546,27325,84,0
7314.24981560,7314.24961458,3003.63586270,3003.64333549,0.04621497,1636.15968564,0.01998546,0.01998546,27324,84,0
7314.51725854,7314.51733061,3013.59565769,3013.59297428,0.05253432,1636.15384467,0.01998546,0.01998546,27323,84,0
7314.78507978,7314.78506624,3023.57126168,3023.57176654,0.04891501,1636.14623506,0.01998546,0.01998546,27322,84,0
7315.05304390,7315.05282146,3033.56248845,3033.57079470,0.05111155,1636.13685049,0.01998546,0.01998546,27321,84,0
7315.32038576,7315.32059628,3043.56942144,3043.56154814,0.04651952,1636.12571441,0.01998546,0.01998546,27320,84,0
7315.58887545,7315.58839070,3053.59237912,3053.61053617,0.04907836,1636.11273935,0.01998546,0.01998546,27319,84,0
7315.85620352,7315.85620472,3063.63169015,3063.63164490,0.04364230,1636.09802834,0.01998546,0.01998546,27318,84,0
7316.12407590,7316.12403835,3073.68740851,3073.68881943,0.04915475,1636.08148519,0.01998546,0.01998546,27317,84,0
7316.39159016,7316.39189158,3083.75881432,3083.74747268,0.04292639,1636.06315670,0.01998546,0.01998546,27316,84,0
7316.65993257,7316.65976441,3093.84504682,3093.85138281,0.04389082,1636.04295052,0.01998546,0.01998546,27315,84,0
7316.92758793,7316.92765686,3103.94536040,3103.94275981,0.04592085,1636.02097336,0.01998546,0.01998546,27314,84,0
7317.19569747,7317.19556892,3114.06025232,3114.06510915,0.04780829,1635.99712541,0.01998546,0.01998546,27313,84,0
7317.46324692,7317.46350060,3124.19095124,3124.18135213,0.04216899,1635.97148723,0.01998546,0.01998546,27312,84,0
7317.73157531,7317.73145189,3134.33869720,3134.34337524,0.05290634,1635.94391656,0.01998546,0.01998546,27311,84,0
7317.99970379,7317.99942280,3144.50407098,3144.51473877,0.05243664,1635.91449732,0.01998546,0.01998546,27310,84,0
7318.26783392,7318.26741333,3154.68654404,3154.70253717,0.04793150,1635.88320191,0.01998546,0.01998546,27309,84,0
7318.53577371,7318.53542349,3164.88547748,3164.89881508,0.04109116,1635.85004791,0.01998546,0.01998546,27308,84,0
7318.80291121,7318.80345327,3175.10037907,3175.07970543,0.04015312,1635.81511463,0.01998546,0.01998546,27307,84,0
7319.07179832,7319.07150267,3185.33151136,3185.34280454,0.05086020,1635.77804900,0.01998546,0.01998546,27306,84,0
7319.33991367,7319.33957171,3195.57937475,3195.59245780,0.05131991,1635.73917770,0.01998546,0.01998546,27305,84,0
7319.60810398,7319.60766038,3205.84444697,3205.86144597,0.04555213,1635.69837467,0.01998546,0.01998546,27304,84,0
7319.87562791,7319.87576868,3216.12674049,3216.12133734,0.04182048,1635.65574993,0.01998546,0.01998546,27303,84,0
7320.14404846,7320.14389662,3226.42587325,3226.43171011,0.05105707,1635.61104456,0.01998546,0.01998546,27302,84,0
7320.41213762,7320.41204420,3236.74144888,3236.74504565,0.04804744,1635.56444986,0.01998546,0.01998546,27301,84,0
7320.68036255,7320.68021141,3247.07335080,3247.07917833,0.04421930,1635.51587861,0.01998546,0.01998546,27300,84,0
7320.94899159,7320.94839827,3257.42205320,3257.44496629,0.04973416,1635.46526525,0.01998546,0.01998546,27299,84,0
7321.21676529,7321.21660478,3267.78810884,3267.79431776,0.04035202,1635.41284027,0.01998546,0.01998546,27298,84,0
7321.48491588,7321.48483093,3278.17199576,3278.17528727,0.03942315,1635.35835590,0.01998546,0.01998546,27297,84,0
7321.75300070,7321.75307673,3288.57376312,3288.57081256,0.05283461,1635.30188885,0.01998546,0.01998546,27296,84,0
7322.02184398,7322.02134218,3298.99331452,3299.01282072,0.04140030,1635.24324868,0.01998546,0.01998546,27295,84,0
7322.28985791,7322.28962728,3309.43055381,3309.43953317,0.05207029,1635.18277356,0.01998546,0.01998546,27294,84,0
7322.55802526,7322.55793204,3319.88540626,3319.88904155,0.04152833,1635.12024029,0.01998546,0.01998546,27293,84,0
7322.82651994,7322.82625646,3330.35781390,3330.36810563,0.05327650,1635.05559374,0.01998546,0.01998546,27292,84,0
7323.09460742,7323.09460054,3340.84772169,3340.84799092,0.04474101,1634.98900258,0.01998546,0.01998546,27291,84,0
7323.36249790,7323.36296428,3351.35531037,3351.33703478,0.04890241,1634.92041086,0.01998546,0.01998546,27290,84,0
7323.63148339,7323.63134768,3361.88115647,3361.88648356,0.05667997,1634.84946393,0.01998546,0.01998546,27289,84,0
7323.89964207,7323.89975075,3372.42587957,3372.42160599,0.04773119,1634.77665130,0.01998546,0.01998546,27288,84,0
7324.16826219,7324.16817349,3382.98989561,3382.99338953,0.03955091,1634.70161415,0.01998546,0.01998546,27287,84,0
7324.43642240,7324.43661590,3393.57287399,3393.56523923,0.04674084,1634.62460175,0.01998546,0.01998546,27286,84,0
7324.70532657,7324.70507798,3404.17431262,3404.18413751,0.04806249,1634.54525842,0.01998546,0.01998546,27285,84,0
7324.97339415,7324.97355973,3414.79376731,3414.78721254,0.04024490,1634.46404496,0.01998546,0.01998546,27284,84,0
7325.24216149,7325.24206117,3425.43127827,3425.43525602,0.04856154,1634.38048732,0.01998546,0.01998546,27283,84,0
7325.51033339,7325.51058228,3436.08711368,3436.07722866,0.05415339,1634.29497486,0.01998546,0.01998546,27282,84,0
7325.77891773,7325.77912307,3446.76154765,3446.75337857,0.04390384,1634.20717601,0.01998546,0.01998546,27281,84,0
7326.04755868,7326.04768355,3457.45489292,3457.44991655,0.04774576,1634.11718852,0.01998546,0.01998546,27280,84,0
7326.31630288,7326.31626371,3468.16749662,3468.16906016,0.05140901,1634.02498131,0.01998546,0.01998546,27279,84,0
7326.58477438,7326.58486356,3478.89970583,3478.89613943,0.03831652,1633.93067168,0.01998546,0.01998546,27278,84,0
7326.85316670,7326.85348310,3489.65161171,3489.63893593,0.04453219,1633.83418426,0.01998546,0.01998546,27277,84,0
7327.12224356,7327.12212234,3500.42291061,3500.42777508,0.05249588,1633.73522883,0.01998546,0.01998546,27276,84,0
7327.39150610,7327.39078127,3511.21326220,3511.24239877,0.04765649,1633.63397044,0.01998546,0.01998546,27275,84,0
7327.65939458,7327.65945989,3522.02231981,3522.01969013,0.04357661,1633.53100311,0.01998546,0.01998546,27274,84,0
7327.92805377,7327.92815821,3532.84972655,3532.84551464,0.05416162,1633.42550305,0.01998546,0.01998546,27273,84,0
7328.19696997,7328.19687624,3543.69512038,3543.69890645,0.04101230,1633.31765247,0.01998546,0.01998546,27272,84,0
7328.46535744,7328.46561396,3554.55847813,3554.54810019,0.05277379,1633.20776008,0.01998546,0.01998546,27271,84,0
7328.73464132,7328.73437139,3565.44129409,3565.45223432,0.04843217,1633.09521195,0.01998546,0.01998546,27270,84,0
7329.00357513,7329.00314853,3576.34549855,3576.36282282,0.04275948,1632.98049056,0.01998546,0.01998546,27269,84,0
7329.27217081,7329.27194538,3587.27268849,3587.28186201,0.04394848,1632.86357035,0.01998546,0.01998546,27268,84,0
7329.54063616,7329.54076194,3598.22191886,3598.21679105,0.04707996,1632.74436434,0.01998546,0.01998546,27267,84,0
7329.81554075,7329.80959821,0.00000000,3609.44779075,0.30348809,1632.61972654,0.01998548,0.01998546,27266,84,1
7330.07807856,7330.07845421,3620.17838535,3620.16302205,0.04584706,1632.49873015,0.01998546,0.01998546,27265,84,0
7330.34787243,7330.34732991,3631.18457694,3631.20680425,0.04421451,1632.37189558,0.01998546,0.01998546,27264,84,0
7330.61629578,7330.61622534,3642.21228381,3642.21517531,0.04469218,1632.24331747,0.01998546,0.01998546,27263,84,0
7330.88545861,7330.88514049,3653.26403028,3653.27711835,0.04609439,1632.11195091,0.01998546,0.01998546,27262,84,0
7331.15418089,7331.15407537,3664.33984240,3664.34419251,0.04435645,1631.97835366,0.01998546,0.01998546,27261,84,0
7331.42307126,7331.42302997,3675.43749117,3675.43919619,0.04223808,1631.84224049,0.01998546,0.01998546,27260,84,0
7331.69248906,7331.69200430,3686.55470243,3686.57475454,0.03934396,1631.70343604,0.01998546,0.01998546,27259,84,0
7331.96120937,7331.96099837,3697.69102637,3697.69976961,0.04573289,1631.56256808,0.01998546,0.01998546,27258,84,0
7332.23030833,7332.23001216,3708.84817652,3708.86047139,0.05781712,1631.41904351,0.01998546,0.01998546,27257,84,0
7332.49890806,7332.49904569,3720.02798593,3720.02226057,0.04815051,1631.27329607,0.01998546,0.01998546,27256,84,0
7332.76834502,7332.76809896,3731.23109711,3731.24135245,0.04116062,1631.12457406,0.01998546,0.01998546,27255,84,0
7333.03737317,7333.03717197,3742.45637916,3742.46478037,0.05132212,1630.97356097,0.01998546,0.01998546,27254,84,0
7333.30599048,7333.30626472,3753.70255313,3753.69108170,0.04188656,1630.82027400,0.01998546,0.01998546,27253,84,0
7333.57535083,7333.57537722,3764.96898781,3764.96788211,0.05498968,1630.66404661,0.01998546,0.01998546,27252,84,0
7333.84512066,7333.84450946,3776.25621280,3776.28186910,0.04385179,1630.50503661,0.01998546,0.01998546,27251,84,0
7334.11384666,7334.11366145,3787.56488158,3787.57267069,0.04492871,1630.34408796,0.01998546,0.01998546,27250,84,0
7334.38262479,7334.38283319,3798.89551949,3798.88673848,0.04721532,1630.18053816,0.01998546,0.01998546,27249,84,0
7334.65199669,7334.65202469,3810.24838411,3810.24720212,0.05038546,1630.01403156,0.01998546,0.01998546,27248,84,0
7334.92129765,7334.92123594,3821.62370251,3821.62631252,0.04571200,1629.84495487,0.01998546,0.01998546,27247,84,0
7335.19073025,7335.19046694,3833.02162301,3833.03278069,0.05271442,1629.67316440,0.01998546,0.01998546,27246,84,0
7335.45968617,7335.45971771,3844.44211685,3844.44077787,0.04127208,1629.49904005,0.01998546,0.01998546,27245,84,0
7335.72879023,7335.72898824,3855.88513249,3855.87671004,0.04797199,1629.32216947,0.01998546,0.01998546,27244,84,0
7335.99861537,7335.99827853,3867.35100867,3867.36536501,0.04496657,1629.14214437,0.01998546,0.01998546,27243,84,0
7336.26774377,7336.26758859,3878.84098029,3878.84760821,0.04991159,1628.95987687,0.01998546,0.01998546,27242,84,0
7336.53760286,7336.53691841,3890.35641669,3890.38571314,0.04363355,1628.77436295,0.01998546,0.01998546,27241,84,0
7336.80609635,7336.80626801,3901.89780027,3901.89043734,0.04665369,1628.58703023,0.01998546,0.01998546,27240,84,0
7337.07594054,7337.07563738,3913.46358871,3913.47661808,0.03677675,1628.39599366,0.01998546,0.01998546,27239,84,0
7337.34504641,7337.34502652,3925.05195164,3925.05280813,0.04912662,1628.20273867,0.01998546,0.01998546,27238,84,0
7337.61483813,7337.61443544,3936.66239569,3936.67976700,0.04686581,1628.00623795,0.01998546,0.01998546,27237,84,0
7337.88437825,7337.88386414,3948.29728304,3948.31950876,0.03825413,1627.80711343,0.01998546,0.01998546,27236,84,0
7338.15286506,7338.15331262,3959.95934714,3959.93995316,0.04521220,1627.60591556,0.01998546,0.01998546,27235,84,0
7338.42310536,7338.42278088,3971.64926313,3971.66335463,0.04770300,1627.40050121,0.01998546,0.01998546,27234,84,0
7338.69289354,7338.69226893,3983.36379008,3983.39096658,0.03986333,1627.19256677,0.01998546,0.01998546,27233,84,0
7338.96193830,7338.96177676,3995.09926000,3995.10629953,0.05299979,1626.98240674,0.01998546,0.01998546,27232,84,0
7339.23191045,7339.23130439,4006.85493384,4006.88139232,0.05024218,1626.76871357,0.01998546,0.01998546,27231,84,0
7339.50092139,7339.50085181,4018.63480821,4018.63785247,0.03499237,1626.55289660,0.01998546,0.01998546,27230,84,0
7339.77032939,7339.77041902,4030.44327112,4030.43933975,0.05261575,1626.33377852,0.01998546,0.01998546,27229,84,0
7340.03957479,7340.04000603,4042.28155837,4042.26259992,0.05116377,1626.11176965,0.01998546,0.01998546,27228,84,0
7340.31013756,7340.30961284,4054.14676398,4054.16988003,0.05008779,1625.88566727,0.01998546,0.01998546,27227,84,0
7340.57956003,7340.57923945,4066.03576462,4066.04991330,0.03981098,1625.65756576,0.01998546,0.01998546,27226,84,0
7340.84924876,7340.84888586,4077.94765491,4077.96370169,0.04550508,1625.42629136,0.01998546,0.01998546,27225,84,0
nan,nan,0.00000000,-1.00000000,0.00000000,1625.19007084,nan,0.00000000,-2147483648,84,1
nan,nan,0.00000000,-1.00000000,0.00000000,1622.87354289,nan,0.00000000,-2147483648,83,1
7303.29148599,7303.29010026,12.26051156,12.29615618,0.05886553,1623.25550972,0.01998546,0.01998545,27365,83,0
7303.55878830,7303.55701483,19.12862087,19.17427053,0.04531645,1623.61473185,0.01998546,0.01998545,27364,83,0
7303.82378330,7303.82394891,26.00196078,25.99769497,0.02381372,1623.97027353,0.01998545,0.01998545,27363,83,0
7304.09098951,7304.09090249,32.88061179,32.88285506,0.05735118,1624.32820000,0.01998546,0.01998545,27362,83,0
7304.35792032,7304.35787558,39.76463753,39.76579173,0.04364053,1624.68517555,0.01998546,0.01998545,27361,83,0
7304.62482192,7304.62486818,46.65392754,46.65273350,0.04918672,1625.04152292,0.01998546,0.01998545,27360,83,0
7304.89160276,7304.89188029,53.54826935,53.54110114,0.03791913,1625.39710770,0.01998545,0.01998545,27359,83,0
7305.15900472,7305.15891193,60.44744831,60.44984662,0.02345828,1625.75290425,0.01998546,0.01998545,27358,83,0
7305.42712250,7305.42596307,67.35124881,67.38123081,0.04462175,1626.10902118,0.01998546,0.01998545,27357,83,0
7305.69394202,7305.69303374,74.25948275,74.28298362,0.06607561,1626.46277429,0.01998546,0.01998545,27356,83,0
7305.96064137,7305.96012394,81.17224037,81.18563653,0.05482936,1626.81573377,0.01998546,0.01998545,27355,83,0
7306.22836984,7306.22723365,88.08977029,88.11920449,0.05127726,1627.16942861,0.01998546,0.01998545,27354,83,0
7306.49533358,7306.49436289,95.01232404,95.03748758,0.05916905,1627.52149924,0.01998546,0.01998545,27353,83,0
7306.76207956,7306.76151166,101.94015427,101.95488648,0.04128151,1627.87268148,0.01998546,0.01998545,27352,83,0
7307.02882082,7307.02867997,108.87349337,108.87715010,0.05194927,1628.22326650,0.01998546,0.01998545,27351,83,0
7307.29576967,7307.29586780,115.81238474,115.80983532,0.04706277,1628.57353296,0.01998545,0.01998545,27350,83,0
7307.56213788,7307.56307517,122.75677246,122.73240485,0.05159240,1628.92244321,0.01998545,0.01998545,27349,83,0
7307.82978783,7307.83030208,129.70659950,129.69322058,0.04842025,1629.27242965,0.01998545,0.01998545,27348,83,0
7308.09712877,7308.09754852,136.66180853,136.65088053,0.04352401,1629.62140419,0.01998545,0.01998545,27347,83,0
7308.36523164,7308.36481451,143.62233911,143.63320625,0.03590320,1629.97075833,0.01998546,0.01998545,27346,83,0
7308.63129949,7308.63210004,150.58810880,150.56723840,0.04022739,1630.31684600,0.01998545,0.01998545,27345,83,0
7308.89950574,7308.89940512,157.55902478,157.56164964,0.03804362,1630.66508901,0.01998546,0.01998545,27344,83,0
7309.16690437,7309.16672975,164.53499374,164.53955216,0.03921660,1631.01165116,0.01998546,0.01998545,27343,83,0
7309.43351399,7309.43407392,171.51592194,171.50129644,0.02863034,1631.35655591,0.01998545,0.01998545,27342,83,0
7309.70191576,7309.70143765,178.50174996,178.51424629,0.03804550,1631.70313421,0.01998546,0.01998545,27341,83,0
7309.96808791,7309.96882093,185.49263318,185.47346142,0.03375607,1632.04620044,0.01998545,0.01998545,27340,83,0
7310.23602917,7310.23622377,192.48880981,192.48371663,0.03343593,1632.39092016,0.01998545,0.01998545,27339,83,0
7310.50382570,7310.50364617,199.49051932,199.49522159,0.03226633,1632.73483538,0.01998546,0.01998545,27338,83,0
7310.77092468,7310.77108812,206.49800225,206.49371818,0.03498435,1633.07724893,0.01998545,0.01998545,27337,83,0
7311.03893143,7311.03854964,213.51143279,213.52144778,0.03758165,1633.42022458,0.01998546,0.01998545,27336,83,0
7311.30561989,7311.30603073,220.53066283,220.51987762,0.03581909,1633.76090576,0.01998545,0.01998546,27335,83,0
7311.57385932,7311.57353138,227.55544700,227.56406185,0.04478151,1634.10294307,0.01998546,0.01998546,27334,83,0
7311.84041916,7311.84105160,234.58553877,234.56891352,0.02955285,1634.44220387,0.01998545,0.01998546,27333,83,0
7312.10900421,7312.10859140,241.62069048,241.63154905,0.03709903,1634.78338831,0.01998546,0.01998546,27332,83,0
7312.37565870,7312.37615077,248.66073677,248.64778541,0.03814183,1635.12146141,0.01998545,0.01998546,27331,83,0
7312.64330300,7312.64372971,255.70580552,255.69456705,0.03919247,1635.46013365,0.01998545,0.01998546,27330,83,0
7312.91069754,7312.91132823,262.75608993,262.73946776,0.05445800,1635.79784132,0.01998545,0.01998546,27329,83,0
7313.17868096,7313.17894633,269.81178409,269.80478520,0.05578828,1636.13564986,0.01998545,0.01998546,27328,83,0
7313.44639063,7313.44658401,276.87308280,276.86797858,0.05924818,1636.47247817,0.01998545,0.01998546,27327,83,0
7313.71398010,7313.71424128,283.94012742,283.93322876,0.06186280,1636.80852566,0.01998545,0.01998546,27326,83,0
7313.98224539,7313.98191814,291.01292522,291.02157544,0.06523520,1637.14478837,0.01998546,0.01998546,27325,83,0
7314.25006848,7314.24961458,298.09146306,298.10346969,0.05415312,1637.47986147,0.01998546,0.01998546,27324,83,0
7314.51767630,7314.51733061,305.17572768,305.18487863,0.04689458,1637.81402860,0.01998546,0.01998546,27323,83,0
7314.78541827,7314.78506624,312.26570595,312.27503146,0.03464448,1638.14772377,0.01998546,0.01998546,27322,83,0
7315.05340168,7315.05282146,319.36139805,319.37677987,0.04321376,1638.48107740,0.01998546,0.01998546,27321,83,0
7315.32049019,7315.32059628,326.46282670,326.46001215,0.03721547,1638.81267740,0.01998546,0.01998546,27320,83,0
7315.58839958,7315.58839070,333.57001688,333.57025264,0.03996359,1639.14465340,0.01998546,0.01998546,27319,83,0
7315.85603377,7315.85620472,340.68299367,340.67845171,0.04039737,1639.47564443,0.01998546,0.01998546,27318,83,0
7316.12393791,7316.12403835,347.80178022,347.79910975,0.03901079,1639.80632377,0.01998546,0.01998546,27317,83,0
7316.39181283,7316.39189158,354.92634195,354.92424668,0.05630261,1640.13631767,0.01998546,0.01998546,27316,83,0
7316.65980451,7316.65976441,362.05657988,362.05764741,0.05533785,1640.46579905,0.01998546,0.01998546,27315,83,0
7316.92897305,7316.92765686,369.19239122,369.22746250,0.05346587,1640.79605975,0.01998546,0.01998546,27314,83,0
7317.19596188,7317.19556892,376.33367266,376.34415076,0.03754107,1641.12297845,0.01998546,0.01998546,27313,83,0
7317.46289444,7317.46350060,383.48033023,383.46415644,0.03597730,1641.44915743,0.01998545,0.01998546,27312,83,0
7317.73078254,7317.73145189,390.63239794,390.61452565,0.03325351,1641.77582940,0.01998545,0.01998546,27311,83,0
7317.99882609,7317.99942280,397.78999990,397.77405593,0.04704918,1642.10201828,0.01998546,0.01998546,27310,83,0
7318.26756308,7318.26741333,404.95326268,404.95726681,0.06012573,1642.42837940,0.01998546,0.01998546,27309,83,0
7318.53630477,7318.53542349,412.12231344,412.14589582,0.05305055,1642.75407753,0.01998546,0.01998546,27308,83,0
7318.80405398,7318.80345327,419.29726583,419.31335268,0.05207599,1643.07791096,0.01998546,0.01998546,27307,83,0
7319.07152400,7319.07150267,426.47813907,426.47871059,0.04025630,1643.40074587,0.01998546,0.01998546,27306,83,0
7319.33901400,7319.33957171,433.66491341,433.64995595,0.03488348,1643.72294139,0.01998546,0.01998546,27305,83,0
7319.60818018,7319.60766038,440.85756882,440.87152005,0.05364905,1644.04648314,0.01998546,0.01998546,27304,83,0
7319.87545654,7319.87576868,448.05608520,448.04770126,0.06076006,1644.36708256,0.01998546,0.01998546,27303,83,0
7320.14405646,7320.14389662,455.26044722,455.26474346,0.04649690,1644.68859353,0.01998546,0.01998546,27302,83,0
7320.41234949,7320.41204420,462.47065679,462.47886882,0.04317629,1645.00905862,0.01998546,0.01998546,27301,83,0
7320.68068469,7320.68021141,469.68671960,469.69945950,0.04051979,1645.32889394,0.01998546,0.01998546,27300,83,0
7320.94834429,7320.94839827,476.90864137,476.90718707,0.05980710,1645.64724459,0.01998546,0.01998546,27299,83,0
7321.21704037,7321.21660478,484.13642732,484.14817019,0.04550697,1645.96614368,0.01998546,0.01998546,27298,83,0
7321.48531643,7321.48483093,491.37003304,491.38313103,0.03544219,1646.28385622,0.01998546,0.01998546,27297,83,0
7321.75251377,7321.75307673,498.60932360,498.59412553,0.04264066,1646.59959996,0.01998546,0.01998546,27296,83,0
7322.02170378,7322.02134218,505.85415383,505.86392255,0.06088566,1646.91699243,0.01998546,0.01998546,27295,83,0
7322.29022508,7322.28962728,513.10437781,513.12053819,0.04486578,1647.23288219,0.01998546,0.01998546,27294,83,0
7322.55808694,7322.55793204,520.35986278,520.36405289,0.04186821,1647.54727780,0.01998546,0.01998546,27293,83,0
7322.82659190,7322.82625646,527.62076174,527.62984197,0.03516005,1647.86171295,0.01998546,0.01998546,27292,83,0
7323.09454405,7323.09460054,534.88749801,534.88596770,0.05613127,1648.17480311,0.01998546,0.01998546,27291,83,0
7323.36292960,7323.36296428,542.16050743,542.15956726,0.04601694,1648.48771774,0.01998546,0.01998546,27290,83,0
7323.63157799,7323.63134768,549.44022799,549.44647767,0.03409609,1648.80027187,0.01998546,0.01998546,27289,83,0
7323.89927147,7323.89975075,556.72702057,556.71400287,0.04119771,1649.11106426,0.01998546,0.01998546,27288,83,0
7324.16764670,7324.16817349,564.02064544,564.00632560,0.04972776,1649.42198338,0.01998546,0.01998546,27287,83,0
7324.43709075,7324.43661590,571.32058500,571.33350296,0.03867176,1649.73344655,0.01998546,0.01998546,27286,83,0
7324.70499533,7324.70507798,578.62631762,578.62406789,0.04261072,1650.04241623,0.01998546,0.01998546,27285,83,0
7324.97363222,7324.97355973,585.93731914,585.93929362,0.05491268,1650.35149147,0.01998546,0.01998546,27284,83,0
7325.24270689,7325.24206117,593.25327980,593.27087978,0.03796585,1650.66031369,0.01998546,0.01998546,27283,83,0
7325.51079087,7325.51058228,600.57457680,600.58026607,0.03577433,1650.96725980,0.01998546,0.01998546,27282,83,0
7325.77923152,7325.77912307,607.90172546,607.90468549,0.05185016,1651.27389476,0.01998546,0.01998546,27281,83,0
7326.04828273,7326.04768355,615.23524365,615.25161229,0.04428073,1651.58052423,0.01998546,0.01998546,27280,83,0
7326.31653672,7326.31626371,622.57564278,622.58310742,0.03689430,1651.88556348,0.01998546,0.01998546,27279,83,0
7326.58476789,7326.58486356,629.92304550,629.92042737,0.06476933,1652.18989879,0.01998546,0.01998546,27278,83,0
7326.85393574,7326.85348310,637.27704268,637.28943938,0.04062787,1652.49459583,0.01998546,0.01998546,27277,83,0
7327.12151852,7327.12212234,644.63718502,644.62063579,0.03981927,1652.79678180,0.01998546,0.01998546,27276,83,0
7327.39000198,7327.39078127,652.00302092,651.98164829,0.05075611,1653.09924598,0.01998546,0.01998546,27275,83,0
7327.65981058,7327.65945989,659.37415351,659.38377784,0.03829520,1653.40243900,0.01998546,0.01998546,27274,83,0
7327.92771743,7327.92815821,666.75076067,666.73865539,0.04658020,1653.70274244,0.01998546,0.01998546,27273,83,0
7328.19671359,7328.19687624,674.13335627,674.12888606,0.05413756,1654.00353147,0.01998546,0.01998546,27272,83,0
7328.46609963,7328.46561396,681.52246090,681.53582029,0.03790874,1654.30403692,0.01998546,0.01998546,27271,83,0
7328.73405397,7328.73437139,688.91859777,688.90985821,0.05119582,1654.60224966,0.01998546,0.01998546,27270,83,0
7329.00324820,7329.00314853,696.32209666,696.32484322,0.04191369,1654.90115445,0.01998546,0.01998546,27269,83,0
7329.27184167,7329.27194538,703.73260828,703.72974801,0.04075023,1655.19868834,0.01998546,0.01998546,27268,83,0
7329.54076925,7329.54076194,711.14963391,711.14983575,0.04937595,1655.49586544,0.01998546,0.01998546,27267,83,0
7329.80980606,7329.80959821,718.57267225,718.57841315,0.03517338,1655.79241308,0.01998546,0.01998546,27266,83,0
7330.07773012,7330.07845421,726.00122995,725.98121681,0.04741485,1656.08696688,0.01998546,0.01998546,27265,83,0
7330.34751676,7330.34732991,733.43520294,733.44037070,0.03483867,1656.38278855,0.01998546,0.01998546,27264,83,0
7330.61612608,7330.61622534,740.87498590,740.87223838,0.05386832,1656.67655550,0.01998546,0.01998546,27263,83,0
7330.88549175,7330.88514049,748.32100792,748.33073788,0.04454149,1656.97039915,0.01998546,0.01998546,27262,83,0
7331.15460973,7331.15407537,755.77370029,755.78851474,0.05068615,1657.26323675,0.01998546,0.01998546,27261,83,0
7331.42336180,7331.42302997,763.23344514,763.24265279,0.04011882,1657.55495469,0.01998546,0.01998546,27260,83,0
7331.69177885,7331.69200430,770.70022890,770.69396770,0.03602461,1657.84558617,0.01998546,0.01998546,27259,83,0
7331.96081467,7331.96099837,778.17385251,778.16874659,0.06037440,1658.13615248,0.01998546,0.01998546,27258,83,0
7332.23007212,7332.23001216,785.65411479,785.65578277,0.05315137,1658.42621096,0.01998546,0.01998546,27257,83,0
7332.49901510,7332.49904569,793.14081384,793.13996211,0.05110195,1658.71517425,0.01998546,0.01998546,27256,83,0
7332.76871909,7332.76809896,800.63383064,800.65110747,0.03590405,1659.00418907,0.01998546,0.01998546,27255,83,0
7333.03681974,7333.03717197,808.13324226,808.12342130,0.05881129,1659.29072602,0.01998546,0.01998546,27254,83,0
7333.30573221,7333.30626472,815.63915431,815.62429480,0.03255372,1659.57737138,0.01998546,0.01998546,27253,83,0
7333.57470740,7333.57537722,823.15167291,823.13296672,0.05325250,1659.86332459,0.01998546,0.01998546,27252,83,0
7333.84451868,7333.84450946,830.67090043,830.67115795,0.03312430,1660.14940550,0.01998546,0.01998546,27251,83,0
7334.11361147,7334.11366145,838.19687479,838.19547668,0.05313088,1660.43396426,0.01998546,0.01998546,27250,83,0
7334.38281303,7334.38283319,845.72958378,845.72901917,0.05712710,1660.71787530,0.01998546,0.01998546,27249,83,0
7334.65210442,7334.65202469,853.26901383,853.27124781,0.04406130,1661.00111483,0.01998546,0.01998546,27248,83,0
7334.92097165,7334.92123594,860.81515127,860.80774008,0.04805385,1661.28314066,0.01998546,0.01998546,27247,83,0
7335.19094734,7335.19046694,868.36802998,868.38151253,0.03753158,1661.56555629,0.01998546,0.01998546,27246,83,0
7335.45964590,7335.45971771,875.92785740,875.92584022,0.04931959,1661.84587210,0.01998546,0.01998546,27245,83,0
7335.72923858,7335.72898824,883.49488147,883.50191962,0.03503953,1662.12636146,0.01998546,0.01998546,27244,83,0
7335.99820611,7335.99827853,891.06935142,891.06731343,0.04879918,1662.40544905,0.01998546,0.01998546,27243,83,0
7336.26792237,7336.26758859,898.65150330,898.66090503,0.05106011,1662.68456580,0.01998546,0.01998546,27242,83,0
7336.53756857,7336.53691841,906.24121358,906.25954300,0.04024139,1662.96285413,0.01998546,0.01998546,27241,83,0
7336.80609868,7336.80626801,913.83798157,913.83320385,0.05205323,1663.23921847,0.01998546,0.01998546,27240,83,0
7337.07572116,7337.07563738,921.44128625,921.44365219,0.03426877,1663.51591030,0.01998546,0.01998546,27239,83,0
7337.34565055,7337.34502652,929.05060373,929.06823629,0.05508932,1663.79209590,0.01998546,0.01998546,27238,83,0
7337.61419280,7337.61443544,936.66556406,936.65870348,0.03779008,1664.06603144,0.01998546,0.01998546,27237,83,0
7337.88363230,7337.88386414,944.28651463,944.27995458,0.05272405,1664.34005985,0.01998546,0.01998546,27236,83,0
7338.15332145,7338.15331262,951.91401095,951.91426114,0.05074978,1664.61353492,0.01998546,0.01998546,27235,83,0
7338.42267739,7338.42278088,959.54861156,959.54567802,0.03972658,1664.88588344,0.01998546,0.01998546,27234,83,0
7338.69181630,7338.69226893,967.19086356,967.17802163,0.05296901,1665.15724205,0.01998546,0.01998546,27233,83,0
7338.96189071,7338.96177676,974.84087661,974.84411240,0.04730021,1665.42877067,0.01998546,0.01998546,27232,83,0
7339.23119082,7339.23130439,982.49824993,982.49502198,0.03385982,1665.69873257,0.01998546,0.01998546,27231,83,0
7339.50077500,7339.50085181,990.16255195,990.16036715,0.05767637,1665.96817296,0.01998546,0.01998546,27230,83,0
7339.77076932,7339.77041902,997.83334868,997.84332039,0.04751685,1666.23719691,0.01998546,0.01998546,27229,83,0
7340.03955762,7340.04000603,1005.51031406,1005.49753995,0.02804980,1666.50418400,0.01998546,0.01998546,27228,83,0
7340.30943343,7340.30961284,1013.19363218,1013.18851727,0.05257460,1666.77141705,0.01998546,0.01998546,27227,83,0
7340.57936107,7340.57923945,1020.88363657,1020.88710671,0.04804489,1667.03787440,0.01998546,0.01998546,27226,83,0
7340.84860118,7340.84888586,1028.58066262,1028.57253308,0.03407177,1667.30283815,0.01998546,0.01998546,27225,83,0
7341.11838466,7341.11855208,1036.28503801,1036.28025279,0.05209639,1667.56752887,0.01998546,0.01998546,27224,83,0
7341.38825318,7341.38823810,1043.99684604,1043.99727750,0.05124342,1667.83149415,0.01998546,0.01998546,27223,83,0
7341.65773209,7341.65794393,1051.71590848,1051.70984295,0.04922020,1668.09426222,0.01998546,0.01998546,27222,83,0
7341.92767588,7341.92766958,1059.44203338,1059.44221396,0.03022697,1668.35665668,0.01998546,0.01998546,27221,83,0
7342.19764203,7342.19741504,1067.17502771,1067.18153766,0.04614279,1668.61823596,0.01998546,0.01998546,27220,83,0
7342.46712748,7342.46718031,1074.91474726,1074.91323081,0.04785139,1668.87850734,0.01998546,0.01998546,27219,83,0
7342.73619572,7342.73696541,1082.66123494,1082.63912566,0.03703234,1669.13753524,0.01998546,0.01998546,27218,83,0
7343.00727741,7343.00677032,1090.41457809,1090.42915622,0.04825637,1669.39765249,0.01998546,0.01998546,27217,83,0
7343.27648446,7343.27659506,1098.17486451,1098.17168241,0.04842443,1669.65512794,0.01998546,0.01998546,27216,83,0
7343.54634930,7343.54643962,1105.94219059,1105.93958972,0.04548695,1669.91238992,0.01998546,0.01998546,27215,83,0
7343.81629979,7343.81630400,1113.71678292,1113.71666137,0.05231959,1670.16889433,0.01998546,0.01998546,27214,83,0
7344.08634192,7344.08618822,1121.49897381,1121.50340777,0.02733331,1670.42465416,0.01998546,0.01998546,27213,83,0
7344.35663066,7344.35609227,1129.28910040,1129.30464729,0.05342974,1670.67982275,0.01998546,0.01998546,27212,83,0
7344.62637930,7344.62601615,1137.08750107,1137.09799806,0.04448000,1670.93366668,0.01998546,0.01998546,27211,83,0
7344.89585581,7344.89595987,1144.89428984,1144.89127882,0.04741720,1671.18644230,0.01998546,0.01998546,27210,83,0
7345.16588083,7345.16592343,1152.70902189,1152.70778836,0.05138054,1671.43890055,0.01998546,0.01998546,27209,83,0
7345.43559498,7345.43590682,1160.53116496,1160.52212638,0.02790623,1671.69021677,0.01998546,0.01998546,27208,83,0
7345.70625415,7345.70591006,1168.36018367,1168.37016482,0.04919107,1671.94153815,0.01998546,0.01998546,27207,83,0
7345.97586877,7345.97593314,1176.19562247,1176.19375383,0.05054381,1672.19100066,0.01998546,0.01998546,27206,83,0
7346.24551205,7346.24597607,1184.03771399,1184.02423326,0.04530357,1672.43960724,0.01998546,0.01998546,27205,83,0
7346.51560527,7346.51603885,1191.88703535,1191.87442786,0.05312976,1672.68775960,0.01998546,0.01998546,27204,83,0
7346.78618573,7346.78612148,1199.74416948,1199.74603956,0.04434436,1672.93550306,0.01998546,0.01998546,27203,83,0
7347.05670022,7347.05622396,1207.60969370,1207.62356993,0.04945665,1673.18234421,0.01998546,0.01998546,27202,83,0
7347.32626960,7347.32634630,1215.48379987,1215.48156303,0.02916766,1673.42748823,0.01998546,0.01998546,27201,83,0
7347.59670482,7347.59648849,1223.36614944,1223.37246458,0.05022855,1673.67256852,0.01998546,0.01998546,27200,83,0
7347.86624984,7347.86665055,1231.25636357,1231.24465553,0.04786800,1673.91597894,0.01998546,0.01998546,27199,83,0
7348.13688600,7348.13683246,1239.15406120,1239.15562671,0.04598336,1674.15949299,0.01998546,0.01998546,27198,83,0
7348.40688287,7348.40703424,1247.05896500,1247.05453466,0.04579288,1674.40154008,0.01998546,0.01998546,27197,83,0
7348.67683551,7348.67725589,1254.97119888,1254.95888461,0.04593450,1674.64265804,0.01998546,0.01998546,27196,83,0
7348.94729419,7348.94749741,1262.89098324,1262.88502508,0.05107003,1674.88333992,0.01998546,0.01998546,27195,83,0
7349.21780130,7349.21775879,1270.81853975,1270.81978714,0.04055227,1675.12317952,0.01998546,0.01998546,27194,83,0
7349.48787291,7349.48804005,1278.75407663,1278.74916692,0.04532183,1675.36175291,0.01998546,0.01998546,27193,83,0
7349.75790985,7349.75834119,1286.69763506,1286.68495298,0.04924917,1675.59941459,0.01998546,0.01998546,27192,83,0
7350.02814813,7350.02866220,1294.64914921,1294.63402093,0.04755349,1675.83636637,0.01998546,0.01998546,27191,83,0
7350.29939704,7350.29900309,1302.60855114,1302.62015498,0.04717613,1676.07330673,0.01998546,0.01998546,27190,83,0
7350.56931101,7350.56936386,1310.57577232,1310.57421402,0.02683958,1676.30818329,0.01998546,0.01998546,27189,83,0
7350.83935834,7350.83974452,1318.55073557,1318.53934010,0.05412686,1676.54227442,0.01998546,0.01998546,27188,83,0
7351.11064656,7351.11014506,1326.53335087,1326.54816214,0.05113575,1676.77652763,0.01998546,0.01998546,27187,83,0
7351.38084749,7351.38056549,1334.52352661,1334.53186250,0.04507236,1677.00892613,0.01998546,0.01998546,27186,83,0
7351.65122029,7351.65100582,1342.52117061,1342.52751601,0.04598842,1677.24055196,0.01998546,0.01998546,27185,83,0
7351.92180544,7351.92146603,1350.52626967,1350.53631991,0.05006959,1677.47143454,0.01998546,0.01998546,27184,83,0
7352.19204588,7352.19194614,1358.53909646,1358.54205250,0.05437899,1677.70110412,0.01998546,0.01998546,27183,83,0
7352.46266955,7352.46244614,1366.55998957,1366.56661730,0.04596371,1677.93018577,0.01998546,0.01998546,27182,83,0
7352.73314320,7352.73296605,1374.58928957,1374.59455016,0.04836892,1678.15823338,0.01998546,0.01998546,27181,83,0
7353.00385569,7353.00350586,1382.62729627,1382.63769559,0.04430792,1678.38557950,0.01998546,0.01998546,27180,83,0
7353.27420446,7353.27406557,1390.67393262,1390.67806543,0.04162353,1678.61171308,0.01998546,0.01998546,27179,83,0
7353.54463938,7353.54464518,1398.72892350,1398.72875077,0.04889978,1678.83700073,0.01998546,0.01998546,27178,83,0
7353.81549878,7353.81524471,1406.79199039,1406.79956448,0.04389325,1679.06171063,0.01998546,0.01998546,27177,83,0
7354.08598996,7354.08586414,1414.86285868,1414.86661271,0.04182591,1679.28517407,0.01998546,0.01998546,27176,83,0
7354.35666520,7354.35650349,1422.94139934,1422.94622855,0.04469583,1679.50784164,0.01998546,0.01998546,27175,83,0
7354.62693579,7354.62716275,1431.02764048,1431.02085697,0.04718826,1679.72922797,0.01998546,0.01998546,27174,83,0
7354.89831016,7354.89784193,1439.12161812,1439.13562571,0.04111934,1679.95056288,0.01998546,0.01998546,27173,83,0
7355.16886292,7355.16854102,1447.22336939,1447.23300784,0.04352738,1680.17027248,0.01998546,0.01998546,27172,83,0
7355.43901464,7355.43926004,1455.33308512,1455.32573038,0.04148841,1680.38870680,0.01998546,0.01998546,27171,83,0
7355.71000386,7355.70999898,1463.45128150,1463.45142794,0.04844532,1680.60687567,0.01998546,0.01998546,27170,83,0
7355.98132588,7355.98075785,1471.57851902,1471.59557872,0.04862473,1680.82437820,0.01998546,0.01998546,27169,83,0
7356.25161377,7356.25153664,1479.71536159,1479.71768046,0.05020902,1681.04013353,0.01998546,0.01998546,27168,83,0
7356.52210188,7356.52233537,1487.86214662,1487.85511849,0.04394412,1681.25513621,0.01998546,0.01998546,27167,83,0
7356.79316954,7356.79315402,1496.01824977,1496.01871727,0.04176804,1681.46966339,0.01998546,0.01998546,27166,83,0
7357.06393837,7357.06399261,1504.18279035,1504.18115428,0.04014714,1681.68299172,0.01998546,0.01998546,27165,83,0
7357.33510628,7357.33485114,1512.35488217,1512.36258298,0.04750292,1681.89564412,0.01998547,0.01998546,27164,83,0
7357.60534946,7357.60572961,1520.53376139,1520.52227890,0.04970149,1682.10656269,0.01998546,0.01998546,27163,83,0
7357.87659025,7357.87662802,1528.71970929,1528.71856759,0.04250116,1682.31725191,0.01998546,0.01998546,27162,83,0
7358.14762284,7358.14754637,1536.91352387,1536.91583777,0.04540302,1682.52678830,0.01998546,0.01998546,27161,83,0
7358.41820881,7358.41848466,1545.11601161,1545.10765585,0.03854919,1682.73500840,0.01998546,0.01998546,27160,83,0
7358.68942867,7358.68944291,1553.32794562,1553.32751389,0.04288204,1682.94275867,0.01998546,0.01998546,27159,83,0
7358.96020634,7358.96042110,1561.54945246,1561.54293327,0.05226502,1683.14921317,0.01998546,0.01998546,27158,83,0
7359.23132913,7359.23141924,1569.78011576,1569.77737739,0.03544039,1683.35495839,0.01998546,0.01998546,27157,83,0
7359.50256596,7359.50243734,1578.01949985,1578.02341194,0.03762574,1683.55980199,0.01998546,0.01998546,27156,83,0
7359.77376445,7359.77347540,1586.26717376,1586.27597367,0.04558992,1683.76361429,0.01998547,0.01998546,27155,83,0
7360.04451759,7360.04453341,1594.52301310,1594.52253099,0.04726323,1683.96608569,0.01998546,0.01998546,27154,83,0
7360.31597370,7360.31561139,1602.78730629,1602.79835740,0.04286197,1684.16807723,0.01998547,0.01998546,27153,83,0
7360.58632636,7360.58670933,1611.06037238,1611.04867957,0.03882136,1684.36825122,0.01998546,0.01998547,27152,83,0
7360.85781485,7360.85782723,1619.34253140,1619.34215316,0.05251433,1684.56826962,0.01998546,0.01998547,27151,83,0
7361.12905473,7361.12896510,1627.63395148,1627.63669369,0.04406336,1684.76710785,0.01998546,0.01998547,27150,83,0
7361.39986145,7361.40012294,1635.93448361,1635.92647496,0.04391095,1684.96462706,0.01998546,0.01998547,27149,83,0
7361.67093772,7361.67130075,1644.24393841,1644.23280879,0.03527021,1685.16133252,0.01998546,0.01998547,27148,83,0
7361.94235125,7361.94249854,1652.56212532,1652.55760550,0.04866452,1685.35726182,0.01998546,0.01998547,27147,83,0
7362.21368875,7362.21371630,1660.88895189,1660.88810558,0.04115140,1685.55210940,0.01998546,0.01998547,27146,83,0
7362.48478164,7362.48495404,1669.22463451,1669.21933360,0.04209320,1685.74575751,0.01998546,0.01998547,27145,83,0
7362.75635739,7362.75621176,1677.56945096,1677.57393341,0.04955336,1685.93872721,0.01998547,0.01998547,27144,83,0
7363.02747518,7363.02748947,1685.92368080,1685.92324057,0.04417811,1686.13035248,0.01998546,0.01998547,27143,83,0
7363.29873552,7363.29878715,1694.28752155,1694.28592890,0.05337138,1686.32106016,0.01998546,0.01998547,27142,83,0
7363.56990546,7363.57010483,1702.66079299,1702.65463686,0.04051658,1686.51067812,0.01998546,0.01998547,27141,83,0
7363.84125318,7363.84144250,1711.04320667,1711.03735535,0.03706702,1686.69938304,0.01998546,0.01998547,27140,83,0
7364.11270237,7364.11280015,1719.43447220,1719.43144710,0.05132571,1686.88710997,0.01998547,0.01998547,27139,83,0
7364.38422476,7364.38417781,1727.83435731,1727.83581124,0.04105454,1687.07382956,0.01998547,0.01998547,27138,83,0
7364.65506244,7364.65557545,1736.24300393,1736.22710137,0.04130254,1687.25902374,0.01998546,0.01998547,27137,83,0
7364.92647429,7364.92699310,1744.66070000,1744.64460156,0.05191625,1687.44355664,0.01998546,0.01998547,27136,83,0
7365.19854193,7365.19843074,1753.08773564,1753.09118937,0.04564726,1687.62747912,0.01998547,0.01998547,27135,83,0
7365.46978564,7365.46988839,1761.52437545,1761.52118019,0.05157154,1687.80979367,0.01998547,0.01998547,27134,83,0
7365.74115294,7365.74136605,1769.97065869,1769.96402506,0.04009365,1687.99113807,0.01998547,0.01998547,27133,83,0
7366.01284724,7366.01286371,1778.42651247,1778.42599929,0.04717877,1688.17164004,0.01998547,0.01998547,27132,83,0
7366.28452149,7366.28438138,1786.89186256,1786.89623331,0.03805254,1688.35106165,0.01998547,0.01998547,27131,83,0
7366.55590284,7366.55591906,1795.36663502,1795.36612858,0.04951894,1688.52921901,0.01998547,0.01998547,27130,83,0
7366.82766559,7366.82747675,1803.85076395,1803.85666666,0.03695186,1688.70654897,0.01998547,0.01998547,27129,83,0
7367.09903125,7367.09905447,1812.34418809,1812.34346159,0.05035020,1688.88253846,0.01998547,0.01998547,27128,83,0
7367.37044045,7367.37065220,1820.84684583,1820.84021365,0.04134972,1689.05747021,0.01998547,0.01998547,27127,83,0
7367.64199646,7367.64226995,1829.35868595,1829.35011128,0.05458871,1689.23140473,0.01998547,0.01998547,27126,83,0
7367.91356327,7367.91390772,1837.87979459,1837.86898376,0.03734081,1689.40425185,0.01998547,0.01998547,27125,83,0
7368.18585888,7368.18556552,1846.41035307,1846.41957016,0.04102300,1689.57646386,0.01998547,0.01998547,27124,83,0
7368.45736777,7368.45724334,1854.95054577,1854.95445927,0.03889024,1689.74708229,0.01998547,0.01998547,27123,83,0
7368.72925478,7368.72894119,1863.50055879,1863.51043248,0.04627746,1689.91684125,0.01998547,0.01998547,27122,83,0
7369.00087660,7369.00065908,1872.06058683,1872.06744326,0.04327537,1690.08533804,0.01998547,0.01998547,27121,83,0
7369.27246007,7369.27239700,1880.63083140,1880.63282172,0.04787959,1690.25271492,0.01998547,0.01998547,27120,83,0
7369.54423988,7369.54415495,1889.21149548,1889.21417846,0.05255643,1690.41911513,0.01998547,0.01998547,27119,83,0
7369.81601733,7369.81593294,1897.80275715,1897.80542633,0.03802526,1690.58441484,0.01998547,0.01998547,27118,83,0
7370.08803319,7370.08773098,1906.40439561,1906.41396488,0.04879575,1690.74875030,0.01998547,0.01998547,27117,83,0
7370.35962743,7370.35954905,1915.01587646,1915.01836091,0.03675715,1690.91170940,0.01998547,0.01998547,27116,83,0
7370.63165088,7370.63138717,1923.63665328,1923.64502007,0.04976714,1691.07378815,0.01998547,0.01998547,27115,83,0
7370.90322412,7370.90324534,1932.26622183,1932.26554786,0.04803698,1691.23444946,0.01998547,0.01998547,27114,83,0
7371.17565196,7371.17512356,1940.90476541,1940.92156312,0.04164499,1691.39446233,0.01998547,0.01998547,27113,83,0
7371.44685206,7371.44702182,1949.55300261,1949.54759981,0.04436560,1691.55261535,0.01998547,0.01998547,27112,83,0
7371.71930564,7371.71894015,1958.21167081,1958.22331627,0.04933628,1691.71036454,0.01998547,0.01998547,27111,83,0
7371.99094881,7371.99087852,1966.88145497,1966.88369726,0.03674000,1691.86651996,0.01998547,0.01998547,27110,83,0
7372.26301027,7372.26283696,1975.56225069,1975.56778585,0.04458751,1692.02178370,0.01998547,0.01998547,27109,83,0
7372.53468157,7372.53481545,1984.25337355,1984.24909286,0.04767145,1692.17567741,0.01998547,0.01998547,27108,83,0
7372.80706052,7372.80681401,1992.95412110,1992.96201024,0.03410273,1692.32880419,0.01998547,0.01998547,27107,83,0
7373.07877352,7373.07883263,2001.66383846,2001.66194463,0.04994519,1692.48037610,0.01998547,0.01998547,27106,83,0
7373.35100542,7373.35087132,2010.38248977,2010.38678966,0.04410282,1692.63105062,0.01998547,0.01998547,27105,83,0
7373.62361009,7373.62293008,2019.11044776,2019.13227428,0.05331943,1692.78074356,0.01998547,0.01998547,27104,83,0
7373.89543933,7373.89500891,2027.84809487,2027.86192482,0.03336609,1692.92882954,0.01998547,0.01998547,27103,83,0
7374.16759512,7374.16710782,2036.59581864,2036.61149361,0.04597262,1693.07591413,0.01998547,0.01998547,27102,83,0
7374.43961808,7374.43922680,2045.35403282,2045.36663368,0.05198084,1693.22175031,0.01998547,0.01998547,27101,83,0
7374.71111765,7374.71136585,2054.12316717,2054.11516451,0.03420793,1693.36613545,0.01998547,0.01998547,27100,83,0
7374.98315995,7374.98352499,2062.90365465,2062.89187023,0.05516537,1693.50963869,0.01998547,0.01998547,27099,83,0
7375.25575707,7375.25570421,2071.69586678,2071.69757526,0.04677625,1693.65226033,0.01998547,0.01998547,27098,83,0
7375.52812598,7375.52790352,2080.49969521,2080.50689490,0.04446499,1693.79358172,0.01998547,0.01998547,27097,83,0
7375.80036738,7375.80012291,2089.31481215,2089.32273342,0.04616326,1693.93364712,0.01998547,0.01998547,27096,83,0
7376.07253363,7376.07236239,2098.14088628,2098.14644114,0.04996572,1694.07247468,0.01998547,0.01998547,27095,83,0
7376.34466159,7376.34462196,2106.97761864,2106.97890551,0.03644767,1694.21007451,0.01998547,0.01998547,27094,83,0
7376.61692759,7376.61690163,2115.82490106,2115.82574518,0.05202193,1694.34652882,0.01998547,0.01998547,27093,83,0
7376.88913873,7376.88920139,2124.68269117,2124.68065180,0.04442055,1694.48173510,0.01998547,0.01998547,27092,83,0
7377.16134414,7377.16152125,2133.55094632,2133.54517559,0.04195469,1694.61571292,0.01998547,0.01998547,27091,83,0
7377.43370945,7377.43386121,2142.42968698,2142.42473656,0.05071068,1694.74853849,0.01998547,0.01998547,27090,83,0
7377.70635986,7377.70622127,2151.31918397,2151.32371004,0.04413900,1694.88026923,0.01998547,0.01998547,27089,83,0
7377.97859371,7377.97860144,2160.21977172,2160.21951908,0.04956508,1695.01056717,0.01998547,0.01998547,27088,83,0
7378.25118733,7378.25100171,2169.13178683,2169.13786357,0.05346486,1695.13980421,0.01998547,0.01998547,27087,83,0
7378.52359111,7378.52342209,2178.05544040,2178.06098021,0.04997023,1695.26771659,0.01998547,0.01998547,27086,83,0
7378.79635626,7378.79586259,2186.99060334,2187.00680388,0.05099474,1695.39455496,0.01998547,0.01998547,27085,83,0
7379.06857873,7379.06832320,2195.93708913,2195.94548464,0.03019784,1695.51989247,0.01998547,0.01998547,27084,83,0
7379.34094209,7379.34080392,2204.89470968,2204.89925447,0.04926484,1695.64403901,0.01998547,0.01998547,27083,83,0
7379.61298956,7379.61330476,2213.86326498,2213.85288515,0.04602810,1695.76677992,0.01998547,0.01998547,27082,83,0
7379.88528323,7379.88582572,2222.84253502,2222.82465050,0.04749960,1695.88836151,0.01998547,0.01998547,27081,83,0
7380.15819033,7380.15836681,2231.83229624,2231.82647196,0.05340456,1696.00893399,0.01998547,0.01998547,27080,83,0
7380.43084640,7380.43092802,2240.83233488,2240.82963849,0.05431307,1696.12810539,0.01998547,0.01998547,27079,83,0
7380.70329714,7380.70350935,2249.84276574,2249.83574686,0.03416776,1696.24589586,0.01998547,0.01998547,27078,83,0
7380.97610141,7380.97611082,2258.86407542,2258.86376395,0.05457685,1696.36254760,0.01998547,0.01998547,27077,83,0
7381.24851843,7381.24873242,2267.89677386,2267.88967945,0.03249094,1696.47774570,0.01998547,0.01998547,27076,83,0
7381.52133539,7381.52137415,2276.94134808,2276.94006167,0.05058826,1696.59182396,0.01998547,0.01998547,27075,83,0
7381.79454206,7381.79403601,2285.99794899,2286.01476829,0.05258042,1696.70476900,0.01998547,0.01998547,27074,83,0
7382.06644980,7382.06671802,2295.06649463,2295.05756907,0.05044767,1696.81588280,0.01998547,0.01998547,27073,83,0
7382.33938568,7382.33942016,2304.14689771,2304.14574873,0.04730329,1696.92611181,0.01998547,0.01998547,27072,83,0
7382.61243645,7382.61214245,2313.23905017,2313.24885749,0.04587156,1697.03507234,0.01998547,0.01998547,27071,83,0
7382.88476732,7382.88488488,2322.34271538,2322.33878914,0.04006122,1697.14242758,0.01998547,0.01998547,27070,83,0
7383.15819131,7383.15764746,2331.45760481,2331.47578911,0.04194251,1697.24888095,0.01998547,0.01998547,27069,83,0
7383.43035442,7383.43043019,2340.58342758,2340.58089142,0.04322571,1697.35350882,0.01998547,0.01998547,27068,83,0
7383.70335373,7383.70323307,2349.72010322,2349.72414688,0.04640696,1697.45711468,0.01998547,0.01998547,27067,83,0
7383.97596258,7383.97605610,2358.86823948,2358.86510167,0.04892080,1697.55923154,0.01998547,0.01998547,27066,83,0
7384.24910556,7384.24889929,2368.02858800,2368.03551778,0.05199696,1697.66020773,0.01998547,0.01998547,27065,83,0
7384.52197234,7384.52176264,2377.20189939,2377.20895414,0.04093708,1697.75974429,0.01998547,0.01998547,27064,83,0
7384.79472907,7384.79464615,2386.38845452,2386.39124806,0.04200339,1697.85790172,0.01998547,0.01998547,27063,83,0
7385.06763406,7385.06754982,2395.58775665,2395.59059829,0.04554115,1697.95476143,0.01998547,0.01998547,27062,83,0
7385.34025719,7385.34047365,2404.79923281,2404.79192263,0.04667047,1698.05016004,0.01998547,0.01998547,27061,83,0
7385.61379293,7385.61341765,2414.02232967,2414.03501804,0.05285043,1698.14449960,0.01998547,0.01998547,27060,83,0
7385.88698657,7385.88638183,2423.25689453,2423.27736556,0.04081324,1698.23733621,0.01998547,0.01998547,27059,83,0
7386.15875925,7386.15936617,2432.50310867,2432.48253940,0.03955584,1698.32831319,0.01998547,0.01998547,27058,83,0
7386.43250502,7386.43237069,2441.76116484,2441.76572302,0.04953725,1698.41855903,0.01998547,0.01998547,27057,83,0
7386.70525511,7386.70539538,2451.03129478,2451.02652912,0.05313658,1698.50708432,0.01998547,0.01998547,27056,83,0
7386.97831702,7386.97844025,2460.31396834,2460.30977621,0.04029285,1698.59431750,0.01998547,0.01998547,27055,83,0
7387.25140987,7387.25150530,2469.60975082,2469.60649975,0.03901119,1698.68016558,0.01998547,0.01998547,27054,83,0
7387.52442388,7387.52459054,2478.91921132,2478.91352570,0.05137079,1698.76459347,0.01998547,0.01998547,27053,83,0
7387.79764006,7387.79769596,2488.24254050,2488.24063091,0.04297310,1698.84768245,0.01998547,0.01998547,27052,83,0
7388.07065975,7388.07082157,2497.57893820,2497.57340338,0.03878875,1698.92929784,0.01998547,0.01998547,27051,83,0
7388.34377621,7388.34396736,2506.92743912,2506.92089299,0.04924687,1699.00951381,0.01998547,0.01998547,27050,83,0
7388.61705256,7388.61713335,2516.28709903,2516.28432947,0.03986287,1699.08833338,0.01998547,0.01998547,27049,83,0
7388.89015497,7388.89031953,2525.65776724,2525.65211928,0.04031008,1699.16565401,0.01998547,0.01998547,27048,83,0
7389.16373153,7389.16352591,2535.04017648,2535.04724203,0.04599762,1699.24165756,0.01998547,0.01998547,27047,83,0
7389.43670247,7389.43675249,2544.43511100,2544.43338995,0.04224308,1699.31604582,0.01998547,0.01998547,27046,83,0
7389.71009869,7389.70999926,2553.84327199,2553.84669770,0.04835982,1699.38910069,0.01998547,0.01998547,27045,83,0
7389.98296735,7389.98326625,2563.26469528,2563.25438358,0.03894867,1699.46056246,0.01998547,0.01998547,27044,83,0
7390.25691705,7390.25655343,2572.69911207,2572.71167296,0.05096799,1699.53083975,0.01998547,0.01998547,27043,83,0
7390.52996229,7390.52986082,2582.14625002,2582.14975952,0.04409350,1699.59941374,0.01998547,0.01998547,27042,83,0
7390.80276072,7390.80318843,2591.60595947,2591.59114763,0.04104579,1699.66645191,0.01998547,0.01998547,27041,83,0
7391.07665225,7391.07653624,2601.07841411,2601.08243703,0.05178126,1699.73227193,0.01998547,0.01998547,27040,83,0
7391.34991792,7391.34990427,2610.56384095,2610.56431488,0.03921869,1699.79645242,0.01998547,0.01998547,27039,83,0
7391.62327688,7391.62329251,2620.06246947,2620.06192602,0.04885639,1699.85916203,0.01998547,0.01998547,27038,83,0
7391.89656325,7391.89670098,2629.57454430,2629.56974942,0.03923387,1699.92035785,0.01998547,0.01998547,27037,83,0
7392.16989323,7392.17012966,2639.10032485,2639.09208218,0.05336684,1699.98006137,0.01998547,0.01998547,27036,83,0
7392.44321363,7392.44357857,2648.64007315,2648.62733277,0.05123358,1700.03825576,0.01998547,0.01998547,27035,83,0
7392.71731314,7392.71704770,2658.19399346,2658.20327332,0.04505084,1700.09509712,0.01998547,0.01998547,27034,83,0
7392.99050384,7392.99053706,2667.76197198,2667.76080914,0.04707459,1700.15022907,0.01998547,0.01998547,27033,83,0
7393.26409542,7393.26404665,2677.34378755,2677.34549713,0.03700935,1700.20391223,0.01998547,0.01998547,27032,83,0
7393.53743811,7393.53757647,2686.93921949,2686.93436243,0.04884267,1700.25601005,0.01998547,0.01998547,27031,83,0
7393.81149788,7393.81112653,2696.54822476,2696.56127816,0.03638598,1700.30669594,0.01998547,0.01998547,27030,83,0
7394.08419732,7394.08469682,2706.17105595,2706.15347394,0.05055337,1700.35558592,0.01998547,0.01998547,27029,83,0
7394.35870938,7394.35828735,2715.80799540,2715.82287160,0.04879703,1700.40323973,0.01998547,0.01998547,27028,83,0
7394.63170307,7394.63189812,2725.45927697,2725.45239172,0.03726212,1700.44907093,0.01998547,0.01998547,27027,83,0
7394.90528628,7394.90552914,2735.12467094,2735.11608672,0.04569407,1700.49343342,0.01998547,0.01998547,27026,83,0
7395.17908242,7395.17918040,2744.80369558,2744.80022783,0.05121190,1700.53625035,0.01998547,0.01998547,27025,83,0
7395.45329912,7395.45285191,2754.49586361,2754.51171168,0.05274204,1700.57754007,0.01998547,0.01998547,27024,83,0
7395.72677172,7395.72654367,2764.20100163,2764.20909365,0.03541034,1700.61712300,0.01998547,0.01998547,27023,83,0
7396.00016761,7396.00025568,2773.91969139,2773.91656214,0.04681049,1700.65509891,0.01998547,0.01998547,27022,83,0
7396.27392586,7396.27398794,2783.65262967,2783.65042051,0.04863951,1700.69152229,0.01998547,0.01998547,27021,83,0
7396.54763498,7396.54774047,2793.40048126,2793.39672246,0.03639735,1700.72633105,0.01998547,0.01998547,27020,83,0
7396.82151486,7396.82151325,2803.16342626,2803.16348397,0.04555210,1700.75954541,0.01998547,0.01998547,27019,83,0
7397.09507162,7397.09530629,2812.94130489,2812.93291804,0.04771160,1700.79109894,0.01998547,0.01998547,27018,83,0
7397.36936478,7397.36911959,2822.73394901,2822.74272402,0.05116648,1700.82110239,0.01998547,0.01998547,27017,83,0
7397.64263972,7397.64295317,2832.54122280,2832.52998894,0.05568779,1700.84935874,0.01998547,0.01998547,27016,83,0
7397.91668186,7397.91680701,2842.36308494,2842.35859334,0.03573467,1700.87604761,0.01998547,0.01998547,27015,83,0
7398.19047321,7398.19068111,2852.19951044,2852.19203822,0.05124451,1700.90105797,0.01998547,0.01998547,27014,83,0
7398.46479441,7398.46457550,2862.05046627,2862.05834530,0.04239561,1700.92445138,0.01998547,0.01998547,27013,83,0
7398.73840015,7398.73849015,2871.91580995,2871.91256599,0.04702593,1700.94611589,0.01998547,0.01998547,27012,83,0
7399.01333296,7399.01242509,2881.79531689,2881.82808154,0.04268053,1700.96620008,0.01998548,0.01998547,27011,83,0
7399.28651517,7399.28638030,2891.68875880,2891.69363266,0.04396675,1700.98447566,0.01998547,0.01998547,27010,83,0
7399.56062716,7399.56035580,2901.59612974,2901.60594942,0.05008520,1701.00112265,0.01998547,0.01998547,27009,83,0
7399.83455155,7399.83435157,2911.51803444,2911.52528133,0.05157833,1701.01606033,0.01998547,0.01998547,27008,83,0
7400.10857911,7400.10836764,2921.45518595,2921.46286067,0.03292234,1701.02929904,0.01998547,0.01998547,27007,83,0
7400.38216230,7400.38240399,2931.40824344,2931.39945839,0.04869273,1701.04080868,0.01998547,0.01998547,27006,83,0
7400.65596729,7400.65646063,2941.37716531,2941.35920632,0.04523171,1701.05061140,0.01998547,0.01998547,27005,83,0
7400.93049591,7400.93053757,2951.36145023,2951.35993172,0.04322624,1701.05870799,0.01998547,0.01998547,27004,83,0
7401.20458202,7401.20463480,2961.36058634,2961.35865979,0.04966431,1701.06505345,0.01998547,0.01998547,27003,83,0
7401.47876542,7401.47875233,2971.37439222,2971.37487095,0.04901046,1701.06965607,0.01998547,0.01998547,27002,83,0
7401.75320585,7401.75289015,2981.40340004,2981.41495807,0.05175557,1701.07250792,0.01998547,0.01998547,27001,83,0
7402.02646434,7402.02704828,2991.44823866,2991.42682735,0.04582260,1701.07359536,0.01998547,0.01998547,27000,83,0
7402.30089999,7402.30122672,3001.50947411,3001.49747513,0.03322486,1701.07291977,0.01998547,0.01998547,26999,83,0
7402.57527213,7402.57542545,3011.58714781,3011.58150813,0.05066096,1701.07046518,0.01998547,0.01998547,26998,83,0
7402.84996054,7402.84964450,3021.68105470,3021.69269671,0.04549059,1701.06621748,0.01998547,0.01998547,26997,83,0
7403.12324055,7403.12388386,3031.79099111,3031.76725736,0.04504226,1701.06020599,0.01998547,0.01998547,26996,83,0
7403.39812759,7403.39814353,3041.91696947,3041.91638055,0.04176567,1701.05235429,0.01998547,0.01998547,26995,83,0
7403.67261477,7403.67242352,3052.05930524,3052.06638274,0.04285040,1701.04269936,0.01998547,0.01998547,26994,83,0
7403.94682586,7403.94672382,3062.21833904,3062.22212108,0.04712361,1701.03123479,0.01998547,0.01998547,26993,83,0
7404.22092329,7404.22104445,3072.39422092,3072.38972317,0.05221916,1701.01794900,0.01998547,0.01998547,26992,83,0
7404.49531871,7404.49538539,3082.58628259,3082.58380347,0.04840224,1701.00281264,0.01998547,0.01998547,26991,83,0
7404.76969797,7404.76974666,3092.79363250,3092.79181981,0.04455671,1700.98583354,0.01998547,0.01998547,26990,83,0
7405.04413611,7405.04412826,3103.01545160,3103.01574423,0.04668174,1700.96700041,0.01998547,0.01998547,26989,83,0
7405.31912686,7405.31853019,3113.25209831,3113.27437375,0.05438419,1700.94626505,0.01998548,0.01998547,26988,83,0
7405.59246009,7405.59295244,3123.50483280,3123.48642355,0.05073966,1700.92379494,0.01998547,0.01998547,26987,83,0
7405.86727250,7405.86739503,3133.77494448,3133.77035535,0.04596916,1700.89932261,0.01998547,0.01998547,26986,83,0
7406.14203421,7406.14185796,3144.06311558,3144.06972783,0.04059220,1700.87295886,0.01998547,0.01998547,26985,83,0
7406.41670760,7406.41634122,3154.36882809,3154.38259516,0.04822703,1700.84470083,0.01998547,0.01998547,26984,83,0
7406.69096228,7406.69084483,3164.69141972,3164.69583998,0.03945305,1700.81458073,0.01998547,0.01998547,26983,83,0
7406.96538721,7406.96536877,3175.03037114,3175.03106622,0.04353384,1700.78252939,0.01998547,0.01998547,26982,83,0
7407.24011951,7407.23991306,3185.38594239,3185.39373547,0.04890843,1700.74851647,0.01998547,0.01998547,26981,83,0
7407.51464391,7407.51447770,3195.75865221,3195.76493647,0.04557505,1700.71259426,0.01998547,0.01998547,26980,83,0
7407.78939136,7407.78906269,3206.14899248,3206.16143973,0.05234484,1700.67469546,0.01998547,0.01998547,26979,83,0
7408.06324475,7408.06366802,3216.55696047,3216.54090512,0.04878011,1700.63497215,0.01998547,0.01998547,26978,83,0
7408.33808353,7408.33829371,3226.98215797,3226.97417271,0.04104194,1700.59314319,0.01998547,0.01998547,26977,83,0
7408.61287741,7408.61293976,3237.42417574,3237.42180322,0.04645490,1700.54934805,0.01998547,0.01998547,26976,83,0
7408.88744681,7408.88760617,3247.88293528,3247.87686269,0.04060699,1700.50360982,0.01998547,0.01998547,26975,83,0
7409.16200391,7409.16229293,3258.35894559,3258.34791407,0.04963093,1700.45588460,0.01998547,0.01998547,26974,83,0
7409.43732761,7409.43700006,3268.85278030,3268.86530310,0.04021001,1700.40601694,0.01998548,0.01998547,26973,83,0
7409.71185444,7409.71172756,3279.36490377,3279.36976273,0.05055638,1700.35427863,0.01998547,0.01998547,26972,83,0
7409.98629469,7409.98647542,3289.89532894,3289.88839626,0.03840345,1700.30053584,0.01998547,0.01998547,26971,83,0
7410.26157114,7410.26124365,3300.44395554,3300.45653881,0.04878170,1700.24459042,0.01998548,0.01998547,26970,83,0
7410.53581153,7410.53603225,3311.01068504,3311.00219058,0.04015713,1700.18681604,0.01998547,0.01998547,26969,83,0
7410.81089787,7410.81084123,3321.59544423,3321.59762779,0.05048651,1700.12680916,0.01998547,0.01998547,26968,83,0
7411.08573453,7411.08567058,3332.19817318,3332.20064234,0.04773006,1700.06479289,0.01998547,0.01998547,26967,83,0
7411.36057470,7411.36052031,3342.81882480,3342.82092806,0.04910181,1700.00070359,0.01998547,0.01998547,26966,83,0
7411.63529709,7411.63539042,3353.45767961,3353.45406420,0.04431240,1699.93455955,0.01998547,0.01998547,26965,83,0
7411.90994868,7411.91028092,3364.11535950,3364.10246740,0.05226444,1699.86633788,0.01998547,0.01998547,26964,83,0
7412.18557292,7412.18519180,3374.79250483,3374.80732018,0.03995848,1699.79575466,0.01998548,0.01998547,26963,83,0
7412.46012179,7412.46012307,3385.48938743,3385.48933782,0.04642126,1699.72332323,0.01998547,0.01998547,26962,83,0
7412.73588207,7412.73507472,3396.20556965,3396.23706247,0.04634700,1699.64843114,0.01998548,0.01998548,26961,83,0
7413.01046321,7413.01004677,3406.94052948,3406.95680068,0.04059967,1699.57172065,0.01998548,0.01998548,26960,83,0
7413.28489509,7413.28503922,3417.69389391,3417.68825320,0.04880686,1699.49291224,0.01998547,0.01998548,26959,83,0
7413.56064458,7413.56005206,3428.46582440,3428.48905208,0.04505755,1699.41155980,0.01998548,0.01998548,26958,83,0
7413.83515059,7413.83508530,3439.25660106,3439.25916472,0.04863957,1699.32840583,0.01998548,0.01998548,26957,83,0
7414.11009968,7414.11013894,3450.06651431,3450.06496993,0.05174117,1699.24293642,0.01998548,0.01998548,26956,83,0
7414.38528974,7414.38521299,3460.89590457,3460.89892889,0.03700062,1699.15519308,0.01998548,0.01998548,26955,83,0
7414.66032376,7414.66030744,3471.74513385,3471.74577809,0.04896121,1699.06528774,0.01998548,0.01998548,26954,83,0
7414.93545322,7414.93542230,3482.61453076,3482.61575352,0.05176712,1698.97312530,0.01998548,0.01998548,26953,83,0
7415.21098306,7415.21055756,3493.50401106,3493.52086650,0.04958681,1698.87858727,0.01998548,0.01998548,26952,83,0
7415.48592611,7415.48571325,3504.41322840,3504.42167530,0.04565996,1698.78200676,0.01998548,0.01998548,26951,83,0
7415.76102336,7415.76088934,3515.34182810,3515.34715525,0.04449554,1698.68312119,0.01998548,0.01998548,26950,83,0
7416.03659898,7416.03608586,3526.28944645,3526.30987586,0.04769144,1698.58179903,0.01998548,0.01998548,26949,83,0
7416.31135305,7416.31130279,3537.25571079,3537.25771525,0.04502403,1698.47851558,0.01998548,0.01998548,26948,83,0
7416.58649995,7416.58654014,3548.24026571,3548.23866033,0.05233234,1698.37281284,0.01998548,0.01998548,26947,83,0
7416.86204804,7416.86179792,3559.24370132,3559.25370850,0.04896926,1698.26466185,0.01998548,0.01998548,26946,83,0
7417.13702399,7417.13707613,3570.26791386,3570.26582410,0.04948600,1698.15441720,0.01998548,0.01998548,26945,83,0
7417.41248525,7417.41237476,3581.31490208,3581.31934058,0.05143479,1698.04162393,0.01998548,0.01998548,26944,83,0
7417.68787059,7417.68769382,3592.38534104,3592.39245567,0.04707737,1697.92648680,0.01998548,0.01998548,26943,83,0
7417.95456990,7417.96303332,0.00000000,3603.14961727,0.35481033,1697.81258011,0.01998545,0.01998548,26942,83,1
7418.23847820,7418.23839325,3614.58879673,3614.59222742,0.04504279,1697.68919249,0.01998548,0.01998548,26941,83,0
7418.51338714,7418.51377362,3625.71870275,3625.70306947,0.04483381,1697.56718967,0.01998547,0.01998548,26940,83,0
7418.78899934,7418.78917443,3636.86930301,3636.86220685,0.05090948,1697.44248195,0.01998547,0.01998548,26939,83,0
7419.06443158,7419.06459568,3648.04333833,3648.03667331,0.04935052,1697.31541910,0.01998547,0.01998548,26938,83,0
7419.34001741,7419.34003738,3659.24252238,3659.24170978,0.04618559,1697.18581433,0.01998548,0.01998548,26937,83,0
7419.61574477,7419.61549952,3670.46516053,3670.47516174,0.04424041,1697.05367520,0.01998548,0.01998548,26936,83,0
7419.89069966,7419.89098211,3681.70884554,3681.69730801,0.05556855,1696.91946388,0.01998548,0.01998548,26935,83,0
7420.16696803,7420.16648516,3692.97187627,3692.99163356,0.04427150,1696.78216393,0.01998548,0.01998548,26934,83,0
7420.44264713,7420.44200865,3704.25543644,3704.28160867,0.04247788,1696.64268561,0.01998548,0.01998548,26933,83,0
7420.71750848,7420.71755260,3715.56144163,3715.55962922,0.04375806,1696.50112767,0.01998548,0.01998548,26932,83,0
7420.99265187,7420.99311701,3726.89135480,3726.87221100,0.04922241,1696.35689952,0.01998548,0.01998548,26931,83,0
7421.26866610,7421.26870188,3738.24447958,3738.24300402,0.03685155,1696.20967205,0.01998548,0.01998548,26930,83,0
7421.54408742,7421.54430722,3749.61948794,3749.61040816,0.04469582,1696.06022650,0.01998548,0.01998548,26929,83,0
7421.82005645,7421.81993302,3761.01530250,3761.02041028,0.04852563,1695.90794653,0.01998548,0.01998548,26928,83,0
7422.09551000,7422.09557928,3772.43217498,3772.42930296,0.04268534,1695.75340304,0.01998548,0.01998548,26927,83,0
7422.37145054,7422.37124601,3783.87078110,3783.87927551,0.05218011,1695.59601251,0.01998548,0.01998548,26926,83,0
7422.64690353,7422.64693322,3795.33174668,3795.33051134,0.03593549,1695.43630954,0.01998548,0.01998548,26925,83,0
7422.92610784,7422.92264090,0.00000000,3806.95749963,0.06431166,1695.27180711,0.01998549,0.01998548,26924,83,1
7423.19662070,7423.19836906,0.00000000,3818.24843333,0.04262505,1695.10979462,0.01998547,0.01998548,26923,83,1
7423.47451281,7423.47411769,3829.85168586,3829.86822263,0.04348837,1694.94073349,0.01998548,0.01998548,26922,83,0
7423.74987215,7423.74988681,3841.40452224,3841.40390746,0.04733606,1694.77055824,0.01998548,0.01998548,26921,83,0
7424.02505126,7424.02567641,3852.98043579,3852.95417104,0.04958998,1694.59783417,0.01998548,0.01998548,26920,83,0
7424.30192809,7424.30148649,3864.57957229,3864.59816206,0.04294943,1694.42134473,0.01998548,0.01998548,26919,83,0
7424.57705850,7424.57731706,3876.20304775,3876.19214050,0.04927749,1694.24325526,0.01998548,0.01998548,26918,83,0
7424.85360372,7424.85316813,3887.85228212,3887.87069756,0.05112705,1694.06148778,0.01998548,0.01998548,26917,83,0
7425.12927381,7425.12903968,3899.52818910,3899.53810881,0.03711591,1693.87750967,0.01998548,0.01998548,26916,83,0
7425.40520485,7425.40493173,3911.22947238,3911.24106782,0.04857107,1693.69057713,0.01998548,0.01998548,26915,83,0
7425.68106388,7425.68084428,3922.95423027,3922.96357059,0.04994510,1693.50092883,0.01998548,0.01998548,26914,83,0
7425.95630711,7425.95677732,3934.70142841,3934.68139104,0.04615723,1693.30895210,0.01998548,0.01998548,26913,83,0
7426.23281666,7426.23273087,3946.47318608,3946.47684988,0.04642332,1693.11327572,0.01998548,0.01998548,26912,83,0
7426.50887143,7426.50870492,3958.27235016,3958.27947811,0.05254025,1692.91504245,0.01998548,0.01998548,26911,83,0
7426.78478522,7426.78469947,3970.10025325,3970.10393220,0.04599446,1692.71399710,0.01998548,0.01998548,26910,83,0
7427.06142945,7427.06071454,3981.95385975,3981.98459088,0.04550436,1692.50953086,0.01998548,0.01998548,26909,83,0
7427.33656520,7427.33675011,3993.82933848,3993.82137722,0.04571647,1692.30336217,0.01998548,0.01998548,26908,83,0
7427.61314372,7427.61280620,4005.72527520,4005.73983347,0.04824116,1692.09329256,0.01998548,0.01998548,26907,83,0
7427.88871748,7427.88888280,4017.64555804,4017.63841186,0.04643802,1691.88109253,0.01998548,0.01998548,26906,83,0
7428.16503829,7428.16497992,4029.59477130,4029.59730085,0.03254730,1691.66531931,0.01998548,0.01998548,26905,83,0
7428.44111167,7428.44109756,4041.57463504,4041.57524820,0.05363948,1691.44669225,0.01998548,0.01998548,26904,83,0
7428.71732399,7428.71723572,4053.58226063,4053.58610275,0.04980842,1691.22494219,0.01998548,0.01998548,26903,83,0
7428.99342562,7428.99339441,4065.61438914,4065.61575029,0.04288584,1691.00031337,0.01998548,0.01998548,26902,83,0
7429.26967382,7429.26957362,4077.66993292,4077.67431092,0.04728199,1690.77260168,0.01998548,0.01998548,26901,83,0
nan,nan,0.00000000,-1.00000000,0.00000000,1690.53721430,nan,0.00000000,-2147483648,83,1
nan,nan,0.00000000,-1.00000000,0.00000000,1688.39037081,nan,0.00000000,-2147483648,82,1
nan,nan,0.00000000,-1.00000000,0.00000000,1688.70593163,nan,0.00000000,-2147483648,82,1
7392.44434858,7392.44357857,14.41329055,14.43286725,0.02860438,1689.09596909,0.01998547,0.01998547,27035,82,0
7392.71789791,7392.71704770,21.36836506,21.38999587,0.04487361,1689.46015723,0.01998547,0.01998547,27034,82,0
7392.99038156,7392.99053706,28.32882642,28.32486746,0.04036264,1689.82232864,0.01998547,0.01998547,27033,82,0
7393.26447375,7393.26404665,35.29475824,35.30563987,0.05188543,1690.18603857,0.01998547,0.01998547,27032,82,0
7393.53828226,7393.53757647,42.26618476,42.28417952,0.04313703,1690.54877122,0.01998547,0.01998547,27031,82,0
7393.81139456,7393.81112653,49.24292759,49.24976596,0.05447600,1690.90997226,0.01998547,0.01998547,27030,82,0
7394.08525845,7394.08469682,56.22476459,56.23910250,0.05646497,1691.27154303,0.01998547,0.01998547,27029,82,0
7394.35872432,7394.35828735,63.21147262,63.22263482,0.05106163,1691.63195141,0.01998547,0.01998547,27028,82,0
7394.63223986,7394.63189812,70.20282771,70.21156244,0.04826235,1691.99177555,0.01998547,0.01998547,27027,82,0
7394.90645524,7394.90552914,77.19871977,77.22240429,0.04980629,1692.35186098,0.01998548,0.01998547,27026,82,0
7395.17923064,7395.17918040,84.19935438,84.20063995,0.06432296,1692.70940951,0.01998547,0.01998547,27025,82,0
7395.45348384,7395.45285191,91.20499188,91.22117391,0.04643913,1693.06825739,0.01998547,0.01998547,27024,82,0
7395.72693489,7395.72654367,98.21589381,98.22591882,0.05934703,1693.42543070,0.01998547,0.01998547,27023,82,0
7396.00010630,7396.00025568,105.23232231,105.22849181,0.04680133,1693.78162721,0.01998547,0.01998547,27022,82,0
7396.27397567,7396.27398794,112.25444594,112.25413093,0.04111894,1694.13812690,0.01998547,0.01998547,27021,82,0
7396.54751693,7396.54774047,119.28223175,119.27649096,0.04705465,1694.49358938,0.01998547,0.01998547,27020,82,0
7396.82244528,7396.82151325,126.31562068,126.33957369,0.04832703,1694.85023505,0.01998548,0.01998547,27019,82,0
7397.09594151,7397.09530629,133.35455340,133.37088999,0.04599513,1695.20440205,0.01998547,0.01998547,27018,82,0
7397.36925463,7397.36911959,140.39897007,140.40244546,0.04113140,1695.55770848,0.01998547,0.01998547,27017,82,0
7397.64180038,7397.64295317,147.44879750,147.41910894,0.03855463,1695.90939687,0.01998547,0.01998547,27016,82,0
7397.91681479,7397.91680701,154.50394135,154.50414204,0.03848587,1696.26363057,0.01998547,0.01998547,27015,82,0
7398.18977825,7398.19068111,161.56430500,161.54102188,0.03520960,1696.61458005,0.01998547,0.01998547,27014,82,0
7398.46545072,7398.46457550,168.62979137,168.65237625,0.05294838,1696.96835628,0.01998548,0.01998547,27013,82,0
7398.73732283,7398.73849015,175.70030814,175.67016652,0.04065734,1697.31660330,0.01998547,0.01998547,27012,82,0
7399.01163168,7399.01242509,182.77591670,182.75541665,0.05143663,1697.66731667,0.01998547,0.01998547,27011,82,0
7399.28607841,7399.28638030,189.85685446,189.84904875,0.05087476,1698.01755799,0.01998547,0.01998547,27010,82,0
7399.55970948,7399.56035580,196.94336948,196.92664599,0.06434985,1698.36612323,0.01998547,0.01998547,27009,82,0
7399.83508183,7399.83435157,204.03571096,204.05462076,0.05618977,1698.71627678,0.01998547,0.01998547,27008,82,0
7400.10940987,7400.10836764,211.13411157,211.16112124,0.05596966,1699.06448366,0.01998548,0.01998547,27007,82,0
7400.38308563,7400.38240399,218.23853453,218.25621281,0.05079852,1699.41124334,0.01998547,0.01998547,27006,82,0
7400.65646982,7400.65646063,225.34873119,225.34896964,0.03940530,1699.75700197,0.01998547,0.01998547,27005,82,0
7400.93026389,7400.93053757,232.46444610,232.45733832,0.03278404,1700.10263200,0.01998547,0.01998547,27004,82,0
7401.20441145,7401.20463480,239.58542263,239.57961831,0.03855554,1700.44804529,0.01998547,0.01998547,27003,82,0
7401.47881352,7401.47875233,246.71143597,246.71302722,0.04596373,1700.79310229,0.01998547,0.01998547,27002,82,0
7401.75305303,7401.75289015,253.84254226,253.84678048,0.04785897,1701.13727924,0.01998547,0.01998547,27001,82,0
7402.02555249,7402.02704828,260.97894063,260.93999141,0.05803235,1701.47861117,0.01998547,0.01998547,27000,82,0
7402.30108933,7402.30122672,268.12083222,268.11725223,0.05668389,1701.82308546,0.01998547,0.01998547,26999,82,0
7402.57683486,7402.57542545,275.26841913,275.30517197,0.04352173,1702.16716188,0.01998548,0.01998547,26998,82,0
7402.84995852,7402.84964450,282.42187458,282.43006940,0.04030599,1702.50732340,0.01998547,0.01998547,26997,82,0
7403.12342801,7403.12388386,289.58122836,289.56932335,0.04019497,1702.84727359,0.01998547,0.01998547,26996,82,0
7403.39790297,7403.39814353,296.74646683,296.74017975,0.04613004,1703.18782504,0.01998547,0.01998547,26995,82,0
7403.67192841,7403.67242352,303.91757626,303.90462678,0.06037482,1703.52716787,0.01998547,0.01998547,26994,82,0
7403.94692162,7403.94672382,311.09454287,311.09972013,0.05458660,1703.86705270,0.01998547,0.01998547,26993,82,0
7404.22079168,7404.22104445,318.27736241,318.27074143,0.03969447,1704.20489357,0.01998547,0.01998547,26992,82,0
7404.49594885,7404.49538539,325.46605641,325.48082655,0.03618126,1704.54366217,0.01998547,0.01998547,26991,82,0
7404.76935893,7404.76974666,332.66065078,332.65047947,0.04093059,1704.87962371,0.01998547,0.01998547,26990,82,0
7405.04360080,7405.04412826,339.86117153,339.84732427,0.05650054,1705.21594955,0.01998547,0.01998547,26989,82,0
7405.31919380,7405.31853019,347.06764382,347.08507852,0.05127926,1705.55326791,0.01998548,0.01998547,26988,82,0
7405.59332036,7405.59295244,354.28004230,354.28971561,0.04822294,1705.88812734,0.01998547,0.01998547,26987,82,0
7405.86724286,7405.86739503,361.49826679,361.49426300,0.03711901,1706.22206932,0.01998547,0.01998547,26986,82,0
7406.14136324,7406.14185796,368.72221067,368.70918491,0.04042017,1706.55557700,0.01998547,0.01998547,26985,82,0
7406.41689435,7406.41634122,375.95176676,375.96634067,0.06042738,1706.89011314,0.01998548,0.01998547,26984,82,0
7406.69141838,7406.69084483,383.18683544,383.20195770,0.03925934,1707.22273412,0.01998548,0.01998547,26983,82,0
7406.96554039,7406.96536877,390.42744347,390.43197144,0.04369421,1707.55417775,0.01998547,0.01998547,26982,82,0
7407.23983551,7407.23991306,397.67371877,397.67167103,0.04171267,1707.88514425,0.01998547,0.01998547,26981,82,0
7407.51393724,7407.51447770,404.92579264,404.91151224,0.05282827,1708.21519550,0.01998547,0.01998547,26980,82,0
7407.78913416,7407.78906269,412.18379705,412.18568698,0.04757899,1708.54588373,0.01998547,0.01998547,26979,82,0
7408.06352558,7408.06366802,419.44784932,419.44407978,0.03391591,1708.87492722,0.01998547,0.01998547,26978,82,0
7408.33847517,7408.33829371,426.71796839,426.72277397,0.04001475,1709.20396092,0.01998548,0.01998547,26977,82,0
7408.61260023,7408.61293976,433.99413371,433.98513512,0.05267351,1709.53132811,0.01998547,0.01998547,26976,82,0
7408.88778966,7408.88760617,441.27632452,441.28119117,0.04946377,1709.85928067,0.01998548,0.01998547,26975,82,0
7409.16232111,7409.16229293,448.56451991,448.56526771,0.03676726,1710.18576146,0.01998548,0.01998547,26974,82,0
7409.43696860,7409.43700006,455.85870507,455.85786935,0.04918942,1710.51169029,0.01998548,0.01998547,26973,82,0
7409.71228530,7409.71172756,463.15888275,463.17370896,0.05414824,1710.83771869,0.01998548,0.01998547,26972,82,0
7409.98613203,7409.98647542,470.46505885,470.45592384,0.03266132,1711.16131467,0.01998547,0.01998547,26971,82,0
7410.26064288,7410.26124365,477.77723931,477.76124571,0.04537798,1711.48500130,0.01998547,0.01998547,26970,82,0
7410.53634585,7410.53603225,485.09542837,485.10378321,0.05109123,1711.80939216,0.01998548,0.01998547,26969,82,0
7410.81086633,7410.81084123,492.41956563,492.42023484,0.03377057,1712.13168856,0.01998548,0.01998547,26968,82,0
7411.08550523,7411.08567058,499.74950658,499.74509501,0.05588706,1712.45341350,0.01998548,0.01998547,26967,82,0
7411.35995626,7411.36052031,507.08510047,507.07004108,0.05087833,1712.77419988,0.01998547,0.01998547,26966,82,0
7411.63657533,7411.63539042,514.42619576,514.45785207,0.04054362,1713.09678491,0.01998548,0.01998547,26965,82,0
7411.90997044,7411.91028092,521.77267595,521.76437570,0.04432632,1713.41487792,0.01998548,0.01998547,26964,82,0
7412.18545438,7412.18519180,529.12478189,529.13180687,0.05406918,1713.73467345,0.01998548,0.01998547,26963,82,0
7412.46049761,7412.46012307,536.48296163,536.49298982,0.03547485,1714.05324600,0.01998548,0.01998547,26962,82,0
7412.73486442,7412.73507472,543.84766789,543.84203236,0.05584821,1714.37034421,0.01998548,0.01998548,26961,82,0
7413.00995813,7413.01004677,551.21935567,551.21697814,0.04276678,1714.68760703,0.01998548,0.01998548,26960,82,0
7413.28492396,7413.28503922,558.59829812,558.59520405,0.04224906,1715.00405564,0.01998548,0.01998548,26959,82,0
7413.55991511,7413.56005206,565.98410703,565.98042771,0.05400676,1715.31984758,0.01998548,0.01998548,26958,82,0
7413.83510295,7413.83508530,573.37624311,573.37671773,0.02942861,1715.63515339,0.01998548,0.01998548,26957,82,0
7414.11011169,7414.11013894,580.77416431,580.77343123,0.05626804,1715.94951720,0.01998548,0.01998548,26956,82,0
7414.38548549,7414.38521299,588.17733571,588.18467190,0.04624094,1716.26353559,0.01998548,0.01998548,26955,82,0
7414.66018553,7414.66030744,595.58565307,595.58236905,0.03594344,1716.57601908,0.01998548,0.01998548,26954,82,0
7414.93557278,7414.93542230,602.99960645,603.00366317,0.06394488,1716.88853464,0.01998548,0.01998548,26953,82,0
7415.21065654,7415.21055756,610.41973137,610.42240162,0.03892135,1717.19997692,0.01998548,0.01998548,26952,82,0
7415.48582698,7415.48571325,617.84656615,617.84963748,0.05000394,1717.51080887,0.01998548,0.01998548,26951,82,0
7415.76099295,7415.76088934,625.28058331,625.28338367,0.03892434,1717.82094446,0.01998548,0.01998548,26950,82,0
7416.03618916,7416.03608586,632.72164476,632.72443925,0.05628145,1718.13041442,0.01998548,0.01998548,26949,82,0
7416.31136074,7416.31130279,640.16928862,640.17085735,0.04888430,1718.43913536,0.01998548,0.01998548,26948,82,0
7416.58592739,7416.58654014,647.62304776,647.60644783,0.04053154,1718.74643722,0.01998547,0.01998548,26947,82,0
7416.86197332,7416.86179792,655.08245292,655.08720761,0.05413768,1719.05462760,0.01998548,0.01998548,26946,82,0
7417.13726311,7417.13707613,662.54726894,662.55234124,0.03357554,1719.36119616,0.01998548,0.01998548,26945,82,0
7417.41201482,7417.41237476,670.01791844,670.00814720,0.04518970,1719.66640652,0.01998548,0.01998548,26944,82,0
7417.68794399,7417.68769382,677.49494007,677.50173680,0.03177167,1719.97218172,0.01998548,0.01998548,26943,82,0
7417.96221976,7417.96303332,684.97887525,684.95675216,0.05467304,1720.27540622,0.01998547,0.01998548,26942,82,0
7418.23821784,7418.23839325,692.47024315,692.46546859,0.03875676,1720.57983030,0.01998548,0.01998548,26941,82,0
7418.51401291,7418.51377362,699.96904259,699.97556137,0.05384595,1720.88332182,0.01998548,0.01998548,26940,82,0
7418.78915396,7418.78917443,707.47477683,707.47421883,0.02996448,1721.18536509,0.01998548,0.01998548,26939,82,0
7419.06481323,7419.06459568,714.98692703,714.99286280,0.05702463,1721.48722418,0.01998548,0.01998548,26938,82,0
7419.33982112,7419.34003738,722.50497163,722.49906716,0.03723705,1721.78759581,0.01998548,0.01998548,26937,82,0
7419.61513335,7419.61549952,730.02851951,730.01851501,0.05663115,1722.08750764,0.01998548,0.01998548,26936,82,0
7419.89101725,7419.89098211,737.55781997,737.55878064,0.03795170,1722.38725513,0.01998548,0.01998548,26935,82,0
7420.16659700,7420.16648516,745.09331721,745.09637766,0.04938175,1722.68590111,0.01998548,0.01998548,26934,82,0
7420.44188205,7420.44200865,752.63545772,752.63199067,0.05153057,1722.98347368,0.01998548,0.01998548,26933,82,0
7420.71782601,7420.71755260,760.18468468,760.19217876,0.04173853,1723.28101724,0.01998548,0.01998548,26932,82,0
7420.99295239,7420.99311701,767.74118207,767.73666585,0.05215565,1723.57694496,0.01998548,0.01998548,26931,82,0
7421.26871216,7421.26870188,775.30476967,775.30505174,0.04253202,1723.87280859,0.01998548,0.01998548,26930,82,0
7421.54480996,7421.54430722,782.87523917,782.88905455,0.04569551,1724.16827656,0.01998548,0.01998548,26929,82,0
7421.82049499,7421.81993302,790.45238113,790.46783634,0.03102253,1724.46253507,0.01998548,0.01998548,26928,82,0
7422.09557104,7422.09557928,798.03601510,798.03578822,0.05348174,1724.75536960,0.01998548,0.01998548,26927,82,0
7422.37109913,7422.37124601,805.62616467,805.62211872,0.03670838,1725.04790892,0.01998548,0.01998548,26926,82,0
7422.64697347,7422.64693322,813.22293890,813.22404849,0.05154668,1725.34003915,0.01998548,0.01998548,26925,82,0
7422.92231430,7422.92264090,820.82644775,820.81743690,0.05345749,1725.63083128,0.01998548,0.01998548,26924,82,0
7423.19839801,7423.19836906,828.43680117,828.43760059,0.03344937,1725.92163420,0.01998548,0.01998548,26923,82,0
7423.47397578,7423.47411769,836.05406624,836.05014436,0.04882915,1726.21113155,0.01998548,0.01998548,26922,82,0
7423.74954326,7423.74988681,843.67823620,843.66873427,0.04907369,1726.49984343,0.01998548,0.01998548,26921,82,0
7424.02578728,7424.02567641,851.30929696,851.31236618,0.04274257,1726.78848356,0.01998548,0.01998548,26920,82,0
7424.30115290,7424.30148649,858.94723436,858.93799260,0.05403447,1727.07542501,0.01998548,0.01998548,26919,82,0
7424.57737427,7424.57731706,866.59205607,866.59364210,0.03078513,1727.36247271,0.01998548,0.01998548,26918,82,0
7424.85308390,7424.85316813,874.24393899,874.24160152,0.05245687,1727.64820818,0.01998548,0.01998548,26917,82,0
7425.12842777,7425.12903968,881.90313965,881.88614316,0.05058931,1727.93279335,0.01998547,0.01998548,26916,82,0
7425.40473953,7425.40493173,889.56991636,889.56457270,0.03986550,1728.21761096,0.01998548,0.01998548,26915,82,0
7425.68064287,7425.68084428,897.24452543,897.23892066,0.05398320,1728.50124665,0.01998548,0.01998548,26914,82,0
7425.95679280,7425.95677732,904.92694940,904.92738051,0.04887359,1728.78437090,0.01998548,0.01998548,26913,82,0
7426.23295575,7426.23273087,912.61669752,912.62296667,0.05109362,1729.06672225,0.01998548,0.01998548,26912,82,0
7426.50916847,7426.50870492,920.31322962,920.32616250,0.03497017,1729.34831552,0.01998548,0.01998548,26911,82,0
7426.78438938,7426.78469947,928.01600255,928.00734511,0.05027125,1729.62807082,0.01998548,0.01998548,26910,82,0
7427.06057430,7427.06071454,935.72457361,935.72065586,0.05341145,1729.90795804,0.01998548,0.01998548,26909,82,0
7427.33675270,7427.33675011,943.43921350,943.43928592,0.03053085,1730.18699689,0.01998548,0.01998548,26908,82,0
7427.61259442,7427.61280620,951.16049719,951.15457135,0.04859397,1730.46487383,0.01998548,0.01998548,26907,82,0
7427.88878247,7427.88888280,958.88900391,958.88619399,0.04960739,1730.74229515,0.01998548,0.01998548,26906,82,0
7428.16493917,7428.16497992,966.62530769,966.62416538,0.04983630,1731.01889794,0.01998548,0.01998548,26905,82,0
7428.44174441,7428.44109756,974.36958202,974.38773276,0.03390979,1731.29536378,0.01998548,0.01998548,26904,82,0
7428.71735949,7428.71723572,982.12142554,982.12490167,0.05334965,1731.56984134,0.01998548,0.01998548,26903,82,0
7428.99360082,7428.99339441,989.88039056,989.88619244,0.04469994,1731.84412336,0.01998548,0.01998548,26902,82,0
7429.26993973,7429.26957362,997.64602687,997.65632521,0.04741511,1732.11766324,0.01998548,0.01998548,26901,82,0
7429.54570844,7429.54577336,1005.41798792,1005.41616054,0.03365757,1732.38978753,0.01998548,0.01998548,26900,82,0
7429.82194086,7429.82199363,1013.19645425,1013.19496760,0.05115568,1732.66152096,0.01998548,0.01998548,26899,82,0
7430.09763435,7430.09823444,1020.98177190,1020.96485272,0.04852031,1732.93188715,0.01998548,0.01998548,26898,82,0
7430.37493335,7430.37449578,1028.77428889,1028.78663699,0.04680178,1733.20299375,0.01998548,0.01998548,26897,82,0
7430.65059148,7430.65077766,1036.57434316,1036.56908448,0.04981263,1733.47167599,0.01998548,0.01998548,26896,82,0
7430.92743532,7430.92708008,1044.38200830,1044.39205108,0.03634663,1733.74069064,0.01998548,0.01998548,26895,82,0
7431.20344851,7431.20340304,1052.19709710,1052.19838376,0.04664846,1734.00806752,0.01998548,0.01998548,26894,82,0
7431.48006172,7431.47974654,1060.01941033,1060.02833559,0.04549412,1734.27518396,0.01998548,0.01998548,26893,82,0
7431.75568482,7431.75611060,1067.84874765,1067.83668065,0.04658142,1734.54049676,0.01998548,0.01998548,26892,82,0
7432.03226621,7432.03249520,1075.68497335,1075.67847822,0.05075634,1734.80587435,0.01998548,0.01998548,26891,82,0
7432.30878615,7432.30890036,1083.52814296,1083.52490100,0.03107084,1735.07033343,0.01998548,0.01998548,26890,82,0
7432.58550106,7432.58532606,1091.37834714,1091.38331878,0.05352587,1735.33411902,0.01998548,0.01998548,26889,82,0
7432.86171084,7432.86177233,1099.23567706,1099.23392870,0.04777638,1735.59656561,0.01998548,0.01998548,26888,82,0
7433.13820855,7433.13823915,1107.10024041,1107.09936939,0.04762026,1735.85842861,0.01998548,0.01998548,26887,82,0
7433.41460248,7433.41472654,1114.97229823,1114.96876459,0.04368484,1736.11934212,0.01998548,0.01998548,26886,82,0
7433.69103781,7433.69123448,1122.85219781,1122.84659032,0.04124113,1736.37945205,0.01998548,0.01998548,26885,82,0
7433.96744482,7433.96776300,1130.74028929,1130.73120861,0.04819903,1736.63870123,0.01998548,0.01998548,26884,82,0
7434.24458211,7434.24431208,1138.63691788,1138.64463227,0.04657271,1736.89780614,0.01998548,0.01998548,26883,82,0
7434.52001599,7434.52088173,1146.54208118,1146.51732383,0.04927797,1737.15449249,0.01998548,0.01998548,26882,82,0
7434.79744698,7434.79747195,1154.45526906,1154.45455417,0.03062676,1737.41218773,0.01998548,0.01998548,26881,82,0
7435.07398346,7435.07408275,1162.37592850,1162.37308423,0.04596695,1737.66817991,0.01998548,0.01998548,26880,82,0
7435.35074517,7435.35071413,1170.30350327,1170.30439329,0.05009796,1737.92348800,0.01998548,0.01998548,26879,82,0
7435.62712685,7435.62736608,1178.23763392,1178.23077048,0.04260353,1738.17754032,0.01998548,0.01998548,26878,82,0
7435.90350917,7435.90403862,1186.17873308,1186.16353040,0.04896510,1738.43069926,0.01998548,0.01998548,26877,82,0
7436.18050193,7436.18073173,1194.12740305,1194.12079826,0.04750154,1738.68353690,0.01998548,0.01998548,26876,82,0
7436.45710690,7436.45744544,1202.08424963,1202.07451000,0.04679121,1738.93515721,0.01998548,0.01998548,26875,82,0
7436.73382874,7436.73417973,1210.04982898,1210.03972073,0.04873567,1739.18603487,0.01998548,0.01998548,26874,82,0
7437.01017894,7437.01093462,1218.02411647,1218.00233194,0.04661376,1739.43572401,0.01998548,0.01998548,26873,82,0
7437.28806157,7437.28771010,1226.00672593,1226.01686774,0.04503150,1739.68592415,0.01998548,0.01998548,26872,82,0
7437.56359358,7437.56450617,1233.99726351,1233.97090732,0.04696308,1739.93312753,0.01998548,0.01998548,26871,82,0
7437.84160515,7437.84132284,1241.99533840,1242.00349862,0.04296283,1740.18165189,0.01998548,0.01998548,26870,82,0
7438.11755272,7438.11816011,1250.00080587,1249.98323391,0.04492526,1740.42742624,0.01998548,0.01998548,26869,82,0
7438.39480396,7438.39501798,1258.01386799,1258.00767078,0.04851592,1740.67345707,0.01998548,0.01998548,26868,82,0
7438.67185664,7438.67189646,1266.03475393,1266.03359997,0.04396276,1740.91840996,0.01998548,0.01998548,26867,82,0
7438.94896573,7438.94879554,1274.06369419,1274.06863116,0.04188566,1741.16251498,0.01998548,0.01998548,26866,82,0
7439.22593491,7439.22571524,1282.10085720,1282.10723598,0.04069741,1741.40560156,0.01998548,0.01998548,26865,82,0
7439.50269308,7439.50265554,1290.14621228,1290.14730342,0.04715944,1741.64760486,0.01998548,0.01998548,26864,82,0
7439.77910509,7439.77961646,1298.19968918,1298.18481257,0.04352483,1741.88840413,0.01998548,0.01998548,26863,82,0
7440.05614475,7440.05659799,1306.26121718,1306.24801961,0.04373691,1742.12884109,0.01998548,0.01998548,26862,82,0
7440.33293515,7440.33360014,1314.33072315,1314.31134199,0.04851849,1742.36814749,0.01998548,0.01998548,26861,82,0
7440.61067838,7440.61062292,1322.40811923,1322.40973722,0.05189037,1742.60735344,0.01998548,0.01998548,26860,82,0
7440.88773634,7440.88766631,1330.49331068,1330.49535536,0.04978158,1742.84504090,0.01998548,0.01998548,26859,82,0
7441.16459604,7441.16473033,1338.58620216,1338.58227769,0.04780289,1743.08162629,0.01998548,0.01998548,26858,82,0
7441.44192053,7441.44181498,1346.68671004,1346.68979700,0.04066205,1743.31766943,0.01998548,0.01998548,26857,82,0
7441.71902406,7441.71892026,1354.79497725,1354.79801594,0.04834167,1743.55258656,0.01998548,0.01998548,26856,82,0
7441.99593108,7441.99604617,1362.91134733,1362.90797485,0.04262239,1743.78640736,0.01998548,0.01998548,26855,82,0
7442.27299983,7442.27319272,1371.03617271,1371.03051527,0.04224774,1744.01944140,0.01998548,0.01998548,26854,82,0
7442.55020861,7442.55035990,1379.16980468,1379.16536286,0.04238061,1744.25167557,0.01998548,0.01998548,26853,82,0
7442.82708473,7442.82754772,1387.31236756,1387.29876009,0.04383147,1744.48271485,0.01998548,0.01998548,26852,82,0
7443.10454079,7443.10475618,1395.46360973,1395.45727332,0.05205338,1744.71330891,0.01998548,0.01998548,26851,82,0
7443.38195227,7443.38198529,1403.62324290,1403.62227081,0.04787483,1744.94292442,0.01998548,0.01998548,26850,82,0
7443.65893262,7443.65923504,1411.79097706,1411.78206400,0.04998438,1745.17123247,0.01998548,0.01998548,26849,82,0
7443.93646684,7443.93650544,1419.96659184,1419.96545342,0.04672376,1745.39903499,0.01998548,0.01998548,26848,82,0
7444.21376774,7444.21379649,1428.15008329,1428.14923469,0.04141210,1745.62568095,0.01998548,0.01998548,26847,82,0
7444.49065210,7444.49110819,1436.34148870,1436.32801031,0.05254481,1745.85102189,0.01998548,0.01998548,26846,82,0
7444.76862467,7444.76844055,1444.54084555,1444.54629170,0.04975886,1746.07627685,0.01998548,0.01998548,26845,82,0
7445.04525355,7445.04579356,1452.74825492,1452.73226741,0.04406391,1746.29947603,0.01998548,0.01998548,26844,82,0
7445.32283592,7445.32316724,1460.96417187,1460.95435316,0.04223314,1746.52248409,0.01998548,0.01998548,26843,82,0
7445.60064826,7445.60056158,1469.18917672,1469.19174829,0.04046051,1746.74472585,0.01998548,0.01998548,26842,82,0
7445.87812846,7445.87797658,1477.42385351,1477.42836459,0.04957985,1746.96576415,0.01998548,0.01998548,26841,82,0
7446.15556293,7446.15541225,1485.66870165,1485.67318221,0.04222938,1747.18583844,0.01998548,0.01998548,26840,82,0
7446.43277262,7446.43286858,1493.92333351,1493.92047719,0.03837244,1747.40479366,0.01998548,0.01998548,26839,82,0
7446.71088043,7446.71034559,1502.18684306,1502.20277842,0.03819315,1747.62348536,0.01998548,0.01998548,26838,82,0
7446.98788800,7446.98784327,1510.45831220,1510.45964603,0.05023901,1747.84031562,0.01998548,0.01998548,26837,82,0
7447.26554602,7447.26536163,1518.73686361,1518.74236624,0.03982735,1748.05663117,0.01998548,0.01998548,26836,82,0
7447.54309303,7447.54290067,1527.02250235,1527.02824751,0.03827379,1748.27183316,0.01998548,0.01998548,26835,82,0
7447.82090110,7447.82046039,1535.31603082,1535.32920579,0.04571099,1748.48622716,0.01998548,0.01998548,26834,82,0
7448.09826680,7448.09804079,1543.61828477,1543.62504830,0.04368969,1748.69928950,0.01998548,0.01998548,26833,82,0
7448.37581556,7448.37564187,1551.93009198,1551.93529548,0.03769355,1748.91151955,0.01998548,0.01998548,26832,82,0
7448.65287064,7448.65326364,1560.25175257,1560.23996596,0.04401743,1749.12240513,0.01998548,0.01998548,26831,82,0
7448.93136625,7448.93090611,1568.58286560,1568.59667993,0.05050421,1749.33339936,0.01998548,0.01998548,26830,82,0
7449.20854648,7449.20856926,1576.92297944,1576.92229501,0.03925699,1749.54239848,0.01998548,0.01998548,26829,82,0
7449.48612343,7449.48625311,1585.27164201,1585.26774130,0.04327669,1749.75068350,0.01998548,0.01998548,26828,82,0
7449.76344017,7449.76395765,1593.62865441,1593.61307444,0.04931783,1749.95775237,0.01998548,0.01998548,26827,82,0
7450.04150028,7450.04168290,1601.99429363,1601.98878997,0.03613878,1750.16435518,0.01998548,0.01998548,26826,82,0
7450.31965476,7450.31942884,1610.36889047,1610.37570589,0.04575180,1750.37000972,0.01998548,0.01998548,26825,82,0
7450.59701698,7450.59719549,1618.75277752,1618.74738648,0.03727957,1750.57406866,0.01998548,0.01998548,26824,82,0
7450.87488033,7450.87498285,1627.14615445,1627.14305520,0.03854700,1750.77748619,0.01998548,0.01998548,26823,82,0
7451.15279795,7451.15279091,1635.54887939,1635.54909227,0.05124687,1750.97992480,0.01998548,0.01998548,26822,82,0
7451.43039645,7451.43061969,1643.96075588,1643.95399362,0.03829530,1751.18110545,0.01998548,0.01998548,26821,82,0
7451.70861709,7451.70846918,1652.38158622,1652.38607121,0.04781191,1751.38170012,0.01998548,0.01998548,26820,82,0
7451.98583575,7451.98633938,1660.81126831,1660.79598227,0.03908299,1751.58053389,0.01998548,0.01998548,26819,82,0
7452.26408669,7452.26423030,1669.25002197,1669.24565868,0.04681756,1751.77906716,0.01998548,0.01998548,26818,82,0
7452.54191522,7452.54214194,1677.69813539,1677.69123989,0.04262673,1751.97626154,0.01998548,0.01998548,26817,82,0
7452.81943028,7452.82007430,1686.15589863,1686.13628990,0.03607311,1752.17220129,0.01998548,0.01998548,26816,82,0
7453.09813239,7453.09802739,1694.62350884,1694.62670952,0.04616425,1752.36794150,0.01998548,0.01998548,26815,82,0
7453.37675155,7453.37600120,1703.10077031,1703.12366548,0.05999820,1752.56257543,0.01998548,0.01998548,26814,82,0
7453.65424786,7453.65399574,1711.58738366,1711.59508428,0.04645687,1752.75537262,0.01998548,0.01998548,26813,82,0
7453.93187985,7453.93201102,1720.08304744,1720.07903729,0.03845582,1752.94720243,0.01998548,0.01998548,26812,82,0
7454.21022881,7454.21004703,1728.58753924,1728.59310237,0.04701834,1753.13845286,0.01998548,0.01998548,26811,82,0
7454.48830803,7454.48810377,1737.10103438,1737.10729142,0.03684765,1753.32844361,0.01998548,0.01998548,26810,82,0
7454.76631167,7454.76618125,1745.62383205,1745.62783134,0.04895356,1753.51731219,0.01998548,0.01998548,26809,82,0
7455.04403924,7455.04427948,1754.15623346,1754.14885872,0.03783768,1753.70492715,0.01998548,0.01998548,26808,82,0
7455.32219880,7455.32239844,1762.69849661,1762.69236151,0.05132191,1753.89176750,0.01998548,0.01998548,26807,82,0
7455.60070853,7455.60053815,1771.25063103,1771.25587254,0.04963271,1754.07776982,0.01998548,0.01998548,26806,82,0
7455.87844955,7455.87869861,1779.81256026,1779.80488984,0.04137867,1754.26218351,0.01998548,0.01998548,26805,82,0
7456.15702509,7456.15687982,1788.38420719,1788.38868575,0.04736194,1754.44606691,0.01998548,0.01998548,26804,82,0
7456.43529615,7456.43508178,1796.96549582,1796.97211148,0.03778971,1754.62865938,0.01998548,0.01998548,26803,82,0
7456.71306770,7456.71330450,1805.55635945,1805.54904373,0.04554116,1754.80983219,0.01998548,0.01998548,26802,82,0
7456.99160727,7456.99154797,1814.15673451,1814.15856842,0.05289736,1754.99040514,0.01998548,0.01998548,26801,82,0
7457.26991375,7457.26981220,1822.76655693,1822.76970041,0.03870232,1755.16972068,0.01998548,0.01998548,26800,82,0
7457.54811016,7457.54809720,1831.38579012,1831.38619188,0.04974708,1755.34785538,0.01998548,0.01998548,26799,82,0
7457.82608970,7457.82640296,1840.01456275,1840.00484530,0.03790479,1755.52474147,0.01998548,0.01998548,26798,82,0
7458.10419436,7458.10472948,1848.65306506,1848.63644735,0.04525243,1755.70059693,0.01998548,0.01998548,26797,82,0
7458.38351537,7458.38307677,1857.30148866,1857.31512347,0.04289998,1755.87610348,0.01998548,0.01998548,26796,82,0
7458.66125040,7458.66144484,1865.96002806,1865.95397672,0.03602867,1756.04950218,0.01998548,0.01998548,26795,82,0
7458.93929970,7458.93983368,1874.62888826,1874.61225129,0.04609951,1756.22198681,0.01998548,0.01998548,26794,82,0
7459.21802951,7459.21824329,1883.30827888,1883.30161044,0.04955252,1756.39377829,0.01998548,0.01998548,26793,82,0
7459.49710844,7459.49667368,1891.99841091,1892.01198825,0.05516141,1756.56466581,0.01998548,0.01998548,26792,82,0
7459.77517739,7459.77512485,1900.69939605,1900.70103867,0.03999749,1756.73381865,0.01998548,0.01998548,26791,82,0
7460.05410857,7460.05359680,1909.41083500,1909.42685327,0.04487497,1756.90236421,0.01998549,0.01998548,26790,82,0
7460.33207355,7460.33208954,1918.13216347,1918.13166253,0.05216723,1757.06918303,0.01998548,0.01998548,26789,82,0
7460.61073517,7460.61060307,1926.86281313,1926.86695625,0.03815160,1757.23525972,0.01998548,0.01998548,26788,82,0
7460.88896655,7460.88913738,1935.60241626,1935.59705357,0.04965811,1757.39991014,0.01998548,0.01998548,26787,82,0
7461.16772052,7461.16769249,1944.35149037,1944.35237123,0.04694827,1757.56370338,0.01998548,0.01998548,26786,82,0
7461.44671533,7461.44626839,1953.11079730,1953.12485863,0.05054703,1757.72647915,0.01998549,0.01998548,26785,82,0
7461.72473187,7461.72486509,1961.88110422,1961.87690796,0.03689537,1757.88754037,0.01998548,0.01998548,26784,82,0
7462.00303294,7462.00348258,1970.66290011,1970.64871918,0.04563603,1758.04762698,0.01998548,0.01998548,26783,82,0
7462.28155595,7462.28212088,1979.45568130,1979.43784440,0.04683071,1758.20668580,0.01998548,0.01998548,26782,82,0
7462.56104775,7462.56077998,1988.25872185,1988.26718538,0.04504615,1758.36511808,0.01998549,0.01998548,26781,82,0
7462.83968081,7462.83945989,1997.07129104,1997.07828060,0.04746522,1758.52186973,0.01998549,0.01998548,26780,82,0
7463.11840688,7463.11816060,2005.89292507,2005.90072413,0.03941248,1758.67746883,0.01998549,0.01998548,26779,82,0
7463.39669643,7463.39688213,2014.72389386,2014.71800727,0.04669183,1758.83162277,0.01998548,0.01998548,26778,82,0
7463.67572608,7463.67562446,2023.56459278,2023.56781737,0.04767123,1758.98498414,0.01998548,0.01998548,26777,82,0
7463.95445906,7463.95438762,2032.41542009,2032.41768982,0.04377137,1759.13698282,0.01998548,0.01998548,26776,82,0
7464.23350782,7464.23317159,2041.27678939,2041.28748302,0.04790222,1759.28795524,0.01998548,0.01998548,26775,82,0
7464.51223536,7464.51197638,2050.14914227,2050.15738862,0.05182259,1759.43755960,0.01998548,0.01998548,26774,82,0
7464.79075218,7464.79080199,2059.03292647,2059.03133862,0.05172354,1759.58586125,0.01998548,0.01998548,26773,82,0
7465.07000016,7465.06964843,2067.92858656,2067.93981451,0.05349676,1759.73336062,0.01998548,0.01998548,26772,82,0
7465.34834651,7465.34851569,2076.83625978,2076.83085236,0.03591294,1759.87919338,0.01998548,0.01998548,26771,82,0
7465.62711091,7465.62740378,2085.75563992,2085.74626759,0.04628745,1760.02404374,0.01998548,0.01998548,26770,82,0
7465.90651377,7465.90631271,2094.68638426,2094.69282596,0.04248210,1760.16800869,0.01998548,0.01998548,26769,82,0
7466.18487421,7466.18524247,2103.62815415,2103.61634200,0.04404327,1760.31021439,0.01998548,0.01998548,26768,82,0
7466.46403637,7466.46419306,2112.58075596,2112.57572427,0.04328876,1760.45159660,0.01998548,0.01998548,26767,82,0
7466.74317908,7466.74316449,2121.54413983,2121.54460874,0.04106230,1760.59172865,0.01998548,0.01998548,26766,82,0
7467.02220092,7467.02215677,2130.51826163,2130.51968266,0.04447897,1760.73055510,0.01998548,0.01998548,26765,82,0
7467.30111539,7467.30116988,2139.50309611,2139.50134034,0.04335182,1760.86807904,0.01998548,0.01998548,26764,82,0
7467.58020934,7467.58020384,2148.49884147,2148.49901859,0.04202616,1761.00443962,0.01998548,0.01998548,26763,82,0
7467.85947315,7467.85925865,2157.50584150,2157.51276900,0.04642322,1761.13963006,0.01998549,0.01998548,26762,82,0
7468.13834972,7468.13833431,2166.52444485,2166.52494317,0.04320125,1761.27338224,0.01998548,0.01998548,26761,82,0
7468.41785098,7468.41743083,2175.55494761,2175.56855066,0.04185133,1761.40617900,0.01998549,0.01998549,26760,82,0
7468.69631439,7468.69654819,2184.59729588,2184.58971704,0.04329558,1761.53722709,0.01998548,0.01998549,26759,82,0
7468.97549447,7468.97568642,2193.65129687,2193.64506716,0.04178461,1761.66734630,0.01998548,0.01998549,26758,82,0
7469.25485121,7469.25484550,2202.71675594,2202.71694160,0.04399656,1761.79627086,0.01998549,0.01998549,26757,82,0
7469.53403446,7469.53402545,2211.79347085,2211.79376410,0.04976081,1761.92383113,0.01998549,0.01998549,26756,82,0
7469.81297855,7469.81322626,2220.88121648,2220.87314935,0.05345399,1762.04999177,0.01998549,0.01998549,26755,82,0
7470.09230871,7470.09244793,2229.97976127,2229.97522223,0.05362547,1762.17502642,0.01998549,0.01998549,26754,82,0
7470.37174921,7470.37169048,2239.08887401,2239.09079090,0.05029601,1762.29880017,0.01998549,0.01998549,26753,82,0
7470.65081531,7470.65095389,2248.20856545,2248.20403718,0.04326107,1762.42109554,0.01998549,0.01998549,26752,82,0
7470.92995400,7470.93023818,2257.33930878,2257.33001244,0.04235202,1762.54211200,0.01998549,0.01998549,26751,82,0
7471.20924209,7471.20954335,2266.48163234,2266.47176541,0.04437092,1762.66188314,0.01998549,0.01998549,26750,82,0
7471.48847762,7471.48886939,2275.63605602,2275.62320814,0.04295495,1762.78032310,0.01998548,0.01998549,26749,82,0
7471.76757846,7471.76821632,2284.80280603,2284.78186148,0.04578192,1762.89739569,0.01998548,0.01998549,26748,82,0
7472.04697015,7472.04758412,2293.98180628,2293.96162063,0.05202124,1763.01327173,0.01998548,0.01998549,26747,82,0
7472.32680655,7472.32697281,2303.17296629,2303.16749311,0.04623933,1763.12800306,0.01998549,0.01998549,26746,82,0
7472.60624939,7472.60638239,2312.37618077,2312.37179703,0.04664408,1763.24123873,0.01998549,0.01998549,26745,82,0
7472.88558848,7472.88581286,2321.59121846,2321.58381448,0.03912878,1763.35309143,0.01998549,0.01998549,26744,82,0
7473.16491702,7473.16526423,2330.81778065,2330.80631039,0.04405168,1763.46359030,0.01998549,0.01998549,26743,82,0
7473.44393530,7473.44473648,2340.05556564,2340.02906839,0.04724024,1763.57261031,0.01998548,0.01998549,26742,82,0
7473.72452741,7473.72422964,2349.30445629,2349.31431600,0.03958277,1763.68087182,0.01998549,0.01998549,26741,82,0
7474.00373380,7474.00374369,2358.56505430,2358.56472662,0.04100962,1763.78723331,0.01998549,0.01998549,26740,82,0
7474.28273709,7474.28327864,2367.83813921,2367.82016240,0.05530674,1763.89216031,0.01998548,0.01998549,26739,82,0
7474.56235332,7474.56283450,2377.12449039,2377.10849533,0.04725776,1763.99595955,0.01998548,0.01998549,26738,82,0
7474.84253360,7474.84241126,2386.42441110,2386.42848331,0.04369370,1764.09860142,0.01998549,0.01998549,26737,82,0
7475.12200399,7475.12200894,2395.73738996,2395.73722503,0.05324778,1764.19960845,0.01998549,0.01998549,26736,82,0
7475.40152341,7475.40162752,2405.06283246,2405.05935823,0.04740757,1764.29924738,0.01998549,0.01998549,26735,82,0
7475.68146599,7475.68126702,2414.40016907,2414.40681674,0.04331785,1764.39763629,0.01998549,0.01998549,26734,82,0
7475.96082820,7475.96092743,2423.74926116,2423.74594171,0.04208597,1764.49441668,0.01998549,0.01998549,26733,82,0
7476.24023398,7476.24060876,2433.11029914,2433.09774732,0.05087523,1764.58980520,0.01998549,0.01998549,26732,82,0
7476.51987539,7476.52031101,2442.48348301,2442.46887558,0.04154561,1764.68386172,0.01998549,0.01998549,26731,82,0
7476.80009898,7476.80003419,2451.86906518,2451.87124065,0.05026391,1764.77669337,0.01998549,0.01998549,26730,82,0
7477.07980328,7477.07977829,2461.26755118,2461.26839132,0.04343141,1764.86793380,0.01998549,0.01998549,26729,82,0
7477.35929767,7477.35954331,2470.67952810,2470.67125837,0.03928326,1764.95768895,0.01998549,0.01998549,26728,82,0
7477.63939948,7477.63932927,2480.10558240,2480.10794961,0.04997457,1765.04621735,0.01998549,0.01998549,26727,82,0
7477.91935405,7477.91913616,2489.54578130,2489.55313774,0.03956568,1765.13327087,0.01998549,0.01998549,26726,82,0
7478.19882367,7478.19896398,2498.99923219,2498.99448912,0.04870694,1765.21873464,0.01998549,0.01998549,26725,82,0
7478.47866232,7478.47881274,2508.46493236,2508.45984148,0.03790886,1765.30285559,0.01998549,0.01998549,26724,82,0
7478.75857494,7478.75868244,2517.94194734,2517.93830536,0.04728361,1765.38552769,0.01998549,0.01998549,26723,82,0
7479.03850772,7479.03857308,2527.43034973,2527.42813287,0.03683901,1765.46672956,0.01998549,0.01998549,26722,82,0
7479.31917997,7479.31848466,2536.93093270,2536.95454735,0.04905491,1765.54666503,0.01998549,0.01998549,26721,82,0
7479.59814332,7479.59841719,2546.44451114,2546.43519726,0.04103386,1765.62464531,0.01998549,0.01998549,26720,82,0
7479.87869376,7479.87837067,2555.97171727,2555.98272007,0.04856517,1765.70159154,0.01998549,0.01998549,26719,82,0
7480.15853710,7480.15834510,2565.51245062,2565.51899776,0.04091116,1765.77686021,0.01998549,0.01998549,26718,82,0
7480.43819436,7480.43834048,2575.06643019,2575.06144117,0.05082887,1765.85058993,0.01998549,0.01998549,26717,82,0
7480.71821496,7480.71835682,2584.63337829,2584.62852840,0.03837820,1765.92291569,0.01998549,0.01998549,26716,82,0
7480.99825054,7480.99839412,2594.21323232,2594.20831769,0.05046746,1765.99373779,0.01998549,0.01998549,26715,82,0
7481.27879041,7481.27845237,2603.80620828,2603.81779465,0.05425074,1766.06317109,0.01998549,0.01998549,26714,82,0
7481.55880400,7481.55853159,2613.41254219,2613.42189172,0.03758390,1766.13095601,0.01998549,0.01998549,26713,82,0
7481.83823654,7481.83863178,2623.03247459,2623.01889119,0.04876758,1766.19708350,0.01998549,0.01998549,26712,82,0
7482.11901031,7482.11875293,2632.66626597,2632.67512396,0.05048379,1766.26199737,0.01998549,0.01998549,26711,82,0
7482.39893410,7482.39889505,2642.31418663,2642.31553265,0.03738198,1766.32518204,0.01998549,0.01998549,26710,82,0
7482.67924469,7482.67905814,2651.97650776,2651.98294610,0.04816482,1766.38691528,0.01998549,0.01998549,26709,82,0
7482.95959414,7482.95924221,2661.65334378,2661.66550730,0.05322466,1766.44711063,0.01998549,0.01998549,26708,82,0
7483.23925881,7483.23944725,2671.34450155,2671.33797955,0.04321341,1766.50560983,0.01998549,0.01998549,26707,82,0
7483.51953319,7483.51967328,2681.04975078,2681.04489562,0.04844401,1766.56267593,0.01998549,0.01998549,26706,82,0
7483.79959507,7483.79992028,2690.76888913,2690.75760312,0.04772569,1766.61813017,0.01998549,0.01998549,26705,82,0
7484.08076716,7484.08018827,2700.50202230,2700.52213983,0.05327148,1766.67222064,0.01998549,0.01998549,26704,82,0
7484.36085575,7484.36047725,2710.24943941,2710.26261156,0.03965181,1766.72451974,0.01998549,0.01998549,26703,82,0
7484.64077071,7484.64078721,2720.01143371,2720.01085863,0.04606812,1766.77520248,0.01998549,0.01998549,26702,82,0
7484.92136442,7484.92111816,2729.78809147,2729.79668567,0.05397747,1766.82441213,0.01998549,0.01998549,26701,82,0
7485.20142985,7485.20147011,2739.57898868,2739.57758165,0.03462922,1766.87192646,0.01998549,0.01998549,26700,82,0
7485.48150904,7485.48184305,2749.38362108,2749.37193325,0.04995129,1766.91783249,0.01998549,0.01998549,26699,82,0
7485.76170713,7485.76223700,2759.20153733,2759.18297237,0.04990230,1766.96213752,0.01998549,0.01998549,26698,82,0
7486.04283595,7486.04265194,2769.03298074,2769.03943682,0.04799511,1767.00495525,0.01998549,0.01998549,26697,82,0
7486.32255685,7486.32308788,2778.87866263,2778.86000577,0.04380800,1767.04592984,0.01998549,0.01998549,26696,82,0
7486.60367426,7486.60354483,2788.73930836,2788.74386232,0.04807659,1767.08546793,0.01998549,0.01998549,26695,82,0
7486.88387655,7486.88402279,2798.61541649,2798.61026356,0.04819659,1767.12323456,0.01998549,0.01998549,26694,82,0
7487.16433547,7487.16452175,2808.50690447,2808.50033049,0.03698510,1767.15938543,0.01998549,0.01998549,26693,82,0
7487.44537504,7487.44504173,2818.41359855,2818.42537808,0.05311957,1767.19394655,0.01998549,0.01998549,26692,82,0
7487.72605164,7487.72558272,2828.33533128,2828.35192702,0.03804626,1767.22679176,0.01998549,0.01998549,26691,82,0
7488.00606964,7488.00614473,2838.27202192,2838.26936048,0.04514421,1767.25788777,0.01998549,0.01998549,26690,82,0
7488.28648886,7488.28672776,2848.22364383,2848.21516436,0.04449939,1767.28734699,0.01998549,0.01998549,26689,82,0
7488.56717667,7488.56733181,2858.19017048,2858.18465603,0.04935537,1767.31514185,0.01998549,0.01998549,26688,82,0
7488.84758800,7488.84795689,2868.17151381,2868.15838390,0.04444835,1767.34121069,0.01998549,0.01998549,26687,82,0
7489.12873984,7489.12860299,2878.16745588,2878.17233352,0.04637040,1767.36563580,0.01998549,0.01998549,26686,82,0
7489.40917224,7489.40927012,2888.17776030,2888.17426714,0.04790705,1767.38828225,0.01998549,0.01998549,26685,82,0
7489.68967407,7489.68995828,2898.20226493,2898.19210768,0.04599046,1767.40921209,0.01998549,0.01998549,26684,82,0
7489.97033598,7489.97066747,2908.24141264,2908.22954875,0.04502744,1767.42842358,0.01998549,0.01998549,26683,82,0
7490.25128759,7490.25139770,2918.29593916,2918.29199237,0.05139659,1767.44591518,0.01998549,0.01998549,26682,82,0
7490.53170775,7490.53214897,2928.36657915,2928.35073999,0.04596202,1767.46163123,0.01998549,0.01998549,26681,82,0
7490.81270274,7490.81292128,2938.45358199,2938.44572474,0.05391603,1767.47562539,0.01998549,0.01998549,26680,82,0
7491.09413406,7491.09371463,2948.55647797,2948.57158013,0.05002935,1767.48787231,0.01998549,0.01998549,26679,82,0
7491.37446778,7491.37452903,2958.67473543,2958.67252697,0.04470130,1767.49830279,0.01998549,0.01998549,26678,82,0
7491.65505305,7491.65536447,2968.80798638,2968.79674144,0.03964333,1767.50696686,0.01998549,0.01998549,26677,82,0
7491.93626759,7491.93622096,2978.95664774,2978.95833390,0.04385800,1767.51386034,0.01998549,0.01998549,26676,82,0
7492.21743187,7492.21709851,2989.12137036,2989.13344393,0.04226579,1767.51895331,0.01998549,0.01998549,26675,82,0
7492.49792584,7492.49799711,2999.30278539,2999.30020027,0.04699093,1767.52223330,0.01998549,0.01998549,26674,82,0
7492.77900836,7492.77891677,3009.50107693,3009.50440458,0.05137159,1767.52370714,0.01998549,0.01998549,26673,82,0
7493.06033489,7493.05985748,3019.71604357,3019.73341538,0.04250191,1767.52335619,0.01998549,0.01998549,26672,82,0
7493.34074994,7493.34081926,3029.94747006,3029.94494374,0.04246158,1767.52117976,0.01998549,0.01998549,26671,82,0
7493.62168175,7493.62180211,3040.19529618,3040.19090313,0.04308537,1767.51716207,0.01998549,0.01998549,26670,82,0
7493.90316097,7493.90280601,3050.45982163,3050.47279765,0.04989070,1767.51128344,0.01998549,0.01998549,26669,82,0
7494.18377189,7494.18383099,3060.74139925,3060.73923524,0.04521321,1767.50356754,0.01998549,0.01998549,26668,82,0
7494.46478896,7494.46487704,3071.04025993,3071.03702962,0.04749134,1767.49397474,0.01998549,0.01998549,26667,82,0
7494.74591923,7494.74594417,3081.35581672,3081.35490095,0.05039938,1767.48250146,0.01998549,0.01998549,26666,82,0
7495.02657802,7495.02703236,3091.68714670,3091.67043590,0.04705969,1767.46916764,0.01998549,0.01998549,26665,82,0
7495.30780955,7495.30814164,3102.03336535,3102.02113469,0.03885647,1767.45391572,0.01998549,0.01998549,26664,82,0
7495.58941065,7495.58927200,3112.39467205,3112.39978582,0.05327387,1767.43673898,0.01998549,0.01998549,26663,82,0
7495.87049101,7495.87042344,3122.77235004,3122.77484624,0.04227292,1767.41768281,0.01998549,0.01998549,26662,82,0
7496.15158152,7496.15159597,3133.16773894,3133.16720419,0.05053389,1767.39670490,0.01998549,0.01998549,26661,82,0
7496.43308251,7496.43278958,3143.58162972,3143.59248734,0.04723979,1767.37375980,0.01998549,0.01998549,26660,82,0
7496.71411326,7496.71400429,3154.01352331,3154.01756886,0.04128165,1767.34891128,0.01998549,0.01998549,26659,82,0
7496.99505300,7496.99524008,3164.46273288,3164.45577667,0.04636571,1767.32212381,0.01998549,0.01998549,26658,82,0
7497.27629114,7497.27649698,3174.92870946,3174.92104420,0.04055048,1767.29335041,0.01998549,0.01998549,26657,82,0
7497.55784604,7497.55777496,3185.41170766,3185.41435851,0.04619793,1767.26257300,0.01998549,0.01998549,26656,82,0
7497.83937985,7497.83907405,3195.91226546,3195.92368977,0.04527947,1767.22981452,0.01998549,0.01998549,26655,82,0
7498.12053332,7498.12039424,3206.43088968,3206.43609404,0.04869294,1767.19510982,0.01998549,0.01998549,26654,82,0
7498.40178416,7498.40173554,3216.96756338,3216.96938584,0.03969820,1767.15839325,0.01998549,0.01998549,26653,82,0
7498.68323807,7498.68309794,3227.52187177,3227.52713241,0.05219290,1767.11963961,0.01998549,0.01998549,26652,82,0
7498.96456697,7498.96448145,3238.09339312,3238.09660850,0.03889319,1767.07888534,0.01998549,0.01998549,26651,82,0
7499.24586592,7499.24588608,3248.68208955,3248.68133034,0.04677500,1767.03610916,0.01998549,0.01998549,26650,82,0
7499.52734574,7499.52731181,3259.28850361,3259.28978312,0.04717938,1766.99126571,0.01998549,0.01998549,26649,82,0
7499.80912070,7499.80875867,3269.91323065,3269.92690911,0.03845625,1766.94431923,0.01998549,0.01998549,26648,82,0
7500.09056405,7500.09022664,3280.55671410,3280.56948392,0.04771809,1766.89536245,0.01998549,0.01998549,26647,82,0
7500.37167014,7500.37171573,3291.21893569,3291.21720728,0.05155739,1766.84439355,0.01998549,0.01998549,26646,82,0
7500.65307036,7500.65322595,3301.89979124,3301.89388319,0.03756264,1766.79128879,0.01998549,0.01998549,26645,82,0
7500.93450449,7500.93475729,3312.59918035,3312.58956499,0.04576647,1766.73608393,0.01998549,0.01998549,26644,82,0
7501.21618052,7501.21630976,3323.31703103,3323.31210726,0.04644587,1766.67872526,0.01998549,0.01998549,26643,82,0
7501.49765887,7501.49788336,3334.05328103,3334.04471418,0.04107415,1766.61929198,0.01998549,0.01998549,26642,82,0
7501.77920747,7501.77947810,3344.80790303,3344.79755870,0.05789945,1766.55771892,0.01998549,0.01998549,26641,82,0
7502.06104963,7502.06109396,3355.58128383,3355.57958622,0.04263876,1766.49394063,0.01998549,0.01998549,26640,82,0
7502.34288376,7502.34273097,3366.37408135,3366.37994180,0.04341768,1766.42800756,0.01998549,0.01998549,26639,82,0
7502.62485560,7502.62438912,3377.18694280,3377.20486725,0.05089277,1766.35986914,0.01998549,0.01998549,26638,82,0
7502.90586820,7502.90606841,3388.01995854,3388.01225220,0.03790141,1766.28978818,0.01998549,0.01998549,26637,82,0
7503.18749906,7503.18776884,3398.87262020,3398.86221791,0.05105893,1766.21736742,0.01998549,0.01998549,26636,82,0
7503.46952964,7503.46949042,3409.74438869,3409.74590345,0.04439990,1766.14264390,0.01998549,0.01998549,26635,82,0
7503.75131253,7503.75123315,3420.63501366,3420.63808453,0.04893005,1766.06577846,0.01998549,0.01998549,26634,82,0
7504.03273941,7504.03299704,3431.54473669,3431.53475300,0.05222571,1765.98679536,0.01998549,0.01998549,26633,82,0
7504.31445621,7504.31478208,3442.47384916,3442.46119946,0.05007457,1765.90550117,0.01998549,0.01998549,26632,82,0
7504.59651395,7504.59658827,3453.42266428,3453.41977438,0.04706648,1765.82186027,0.01998549,0.01998549,26631,82,0
7504.87829268,7504.87841562,3464.39154726,3464.38675787,0.04789719,1765.73604172,0.01998549,0.01998549,26630,82,0
7505.16058067,7505.16026414,3475.38087483,3475.39322763,0.04274319,1765.64778817,0.01998549,0.01998549,26629,82,0
7505.44241617,7505.44213382,3486.39089900,3486.40193786,0.04452572,1765.55738588,0.01998549,0.01998549,26628,82,0
7505.72397212,7505.72402466,3497.42137759,3497.41931989,0.04483680,1765.46477856,0.01998549,0.01998549,26627,82,0
7506.00617626,7506.00593667,3508.47194561,3508.48134530,0.04209407,1765.36964804,0.01998549,0.01998549,26626,82,0
7506.28819950,7506.28786986,3519.54223254,3519.55518715,0.04470906,1765.27225985,0.01998549,0.01998549,26625,82,0
7506.56941217,7506.56982422,3530.63185667,3530.61563687,0.04356451,1765.17283584,0.01998549,0.01998549,26624,82,0
7506.85127882,7506.85179975,3541.74042943,3541.71989075,0.05029677,1765.07085266,0.01998549,0.01998549,26623,82,0
7507.13383283,7507.13379646,3552.86776035,3552.86919660,0.03807934,1764.96627248,0.01998549,0.01998549,26622,82,0
7507.41636962,7507.41581435,3564.01519644,3564.03716506,0.05182203,1764.85932377,0.01998549,0.01998549,26621,82,0
7507.69754289,7507.69785343,3575.18480687,3575.17249597,0.04773320,1764.75050159,0.01998549,0.01998549,26620,82,0
7507.97986372,7507.97991369,3586.37843044,3586.37644529,0.03981599,1764.63880546,0.01998549,0.01998549,26619,82,0
7508.26191687,7508.26199514,3597.59534394,3597.59222859,0.03985894,1764.52477737,0.01998549,0.01998549,26618,82,0
7508.55149794,7508.54409778,0.00000000,3609.14082295,0.33368251,1764.40505060,0.01998551,0.01998549,26617,82,1
7508.82582393,7508.82622161,3620.09032961,3620.07444911,0.04988307,1764.28953437,0.01998549,0.01998549,26616,82,0
7509.10824248,7509.10836664,3631.36716535,3631.36219849,0.03759058,1764.16806726,0.01998549,0.01998549,26615,82,0
7509.38990739,7509.39053286,3642.66662030,3642.64154688,0.04246289,1764.04444801,0.01998549,0.01998549,26614,82,0
7509.66319187,7509.67272028,0.00000000,3653.62725064,0.12765708,1763.92189178,0.01998547,0.01998549,26613,82,1
7509.95441147,7509.95492891,3665.34122612,3665.32039527,0.04195726,1763.78910628,0.01998549,0.01998549,26612,82,0
7510.23766262,7510.23715874,3676.71377621,3676.73409844,0.05130199,1763.65716943,0.01998549,0.01998549,26611,82,0
7510.51964250,7510.51940977,3688.10663892,3688.11604057,0.04657297,1763.52331240,0.01998549,0.01998549,26610,82,0
7510.80151410,7510.80168202,3699.51975257,3699.51295708,0.04514638,1763.38699023,0.01998549,0.01998549,26609,82,0
7511.08398314,7511.08397547,3710.95503328,3710.95534428,0.05094507,1763.24781954,0.01998549,0.01998549,26608,82,0
7511.36594358,7511.36629015,3722.41438567,3722.40030392,0.04165520,1763.10630718,0.01998549,0.01998549,26607,82,0
7511.64808524,7511.64862603,3733.89799967,3733.87598219,0.04182025,1762.96209464,0.01998549,0.01998549,26606,82,0
7511.93126314,7511.93098314,3745.40455385,3745.41597480,0.04866863,1762.81473046,0.01998549,0.01998549,26605,82,0
7512.21310288,7512.21336147,3756.93272147,3756.92215529,0.04947464,1762.66545800,0.01998549,0.01998549,26604,82,0
7512.49614695,7512.49576102,3768.48224400,3768.49804192,0.04632722,1762.51292293,0.01998549,0.01998549,26603,82,0
7512.77869431,7512.77818179,3780.05378988,3780.07480865,0.04676708,1762.35801016,0.01998549,0.01998549,26602,82,0
7513.06058563,7513.06062380,3791.64804975,3791.64648116,0.04227555,1762.20080052,0.01998549,0.01998549,26601,82,0
7513.34258408,7513.34308704,3803.26547026,3803.24476432,0.05266741,1762.04085624,0.01998549,0.01998549,26600,82,0
7513.62554220,7513.62557151,3814.90629999,3814.90509131,0.04766770,1761.87766101,0.01998549,0.01998549,26599,82,0
7513.90781559,7513.90807721,3826.57077207,3826.55995951,0.03671299,1761.71214170,0.01998549,0.01998549,26598,82,0
7514.19053000,7514.19060415,3838.25895367,3838.25588283,0.04678113,1761.54362628,0.01998549,0.01998549,26597,82,0
7514.47294424,7514.47315234,3849.97079062,3849.96215673,0.05002967,1761.37254078,0.01998549,0.01998549,26596,82,0
7514.75586842,7514.75572176,3861.70630566,3861.71240271,0.05475799,1761.19837651,0.01998549,0.01998549,26595,82,0
7515.03860965,7515.03831243,3873.46640382,3873.47878550,0.04327803,1761.02152688,0.01998549,0.01998549,26594,82,0
7515.32117565,7515.32092435,3885.25254576,3885.26303786,0.04371597,1760.84195477,0.01998549,0.01998549,26593,82,0
7515.60380122,7515.60355752,3897.06596469,3897.07616219,0.05007749,1760.65947746,0.01998549,0.01998549,26592,82,0
7515.88675035,7515.88621194,3908.90577864,3908.92835449,0.04962613,1760.47391568,0.01998549,0.01998549,26591,82,0
7516.16923203,7516.16888761,3920.77002774,3920.78449687,0.05249959,1760.28580524,0.01998549,0.01998549,26590,82,0
7516.45185493,7516.45158455,3932.65723400,3932.66861437,0.05213337,1760.09475444,0.01998549,0.01998549,26589,82,0
7516.73466396,7516.73430274,3944.56909708,3944.58433296,0.05094016,1759.90068570,0.01998549,0.01998549,26588,82,0
7517.01750064,7517.01704219,3956.50856314,3956.52794590,0.05133285,1759.70364007,0.01998549,0.01998549,26587,82,0
7517.30189782,7517.29980291,0.00000000,3968.56905530,0.06225734,1759.50242891,0.01998550,0.01998549,26586,82,1
7517.58318461,7517.58258489,3980.47343627,3980.49890140,0.03850074,1759.30054454,0.01998550,0.01998549,26585,82,0
7517.86541366,7517.86538815,3992.49219159,3992.49327696,0.04046193,1759.09502646,0.01998549,0.01998549,26584,82,0
7518.14853885,7518.14821267,4004.53174067,4004.54563850,0.03725882,1758.88594724,0.01998549,0.01998549,26583,82,0
7518.43122894,7518.43105847,4016.59575642,4016.60303553,0.05011130,1758.67420475,0.01998549,0.01998549,26582,82,0
7518.71394379,7518.71392555,4028.68901503,4028.68979622,0.04809033,1758.45936020,0.01998549,0.01998549,26581,82,0
7518.99641796,7518.99681390,4040.81375594,4040.79676554,0.04130885,1758.24155986,0.01998549,0.01998549,26580,82,0
7519.28018217,7519.27972353,4052.96715072,4052.98687358,0.04927711,1758.01963775,0.01998550,0.01998549,26579,82,0
7519.56279370,7519.56265445,4065.14580041,4065.15179967,0.04915649,1757.79554659,0.01998550,0.01998549,26578,82,0
7519.84600203,7519.84560666,4077.34841183,4077.36547939,0.04847347,1757.56791618,0.01998550,0.01998549,26577,82,0
nan,nan,0.00000000,-1.00000000,0.00000000,1757.32965705,nan,0.00000000,-2147483648,82,1
nan,nan,0.00000000,-1.00000000,0.00000000,1755.73951552,nan,0.00000000,-2147483648,81,1
7483.51921078,7483.51967328,9.57047353,9.55886141,0.04001249,1756.08524200,0.01998549,0.01998549,26706,81,0
7483.79949918,7483.79992028,16.60924498,16.59866489,0.03612483,1756.45547304,0.01998549,0.01998549,26705,81,0
7484.08015427,7484.08018827,23.65347974,23.65262480,0.03734170,1756.82556957,0.01998549,0.01998549,26704,81,0
7484.36027332,7484.36047725,30.70326438,30.69813336,0.04709856,1757.19434451,0.01998549,0.01998549,26703,81,0
7484.63987822,7484.64078721,37.75868236,37.73579488,0.04816503,1757.56183267,0.01998549,0.01998549,26702,81,0
7484.91923634,7484.92111816,44.81968530,44.77226945,0.05041242,1757.92838363,0.01998548,0.01998549,26701,81,0
7485.20338514,7485.20147011,51.88605440,51.93433955,0.06634080,1758.30057866,0.01998549,0.01998549,26700,81,0
7485.48099353,7485.48184305,58.95755866,58.93612555,0.05615952,1758.66356793,0.01998549,0.01998549,26699,81,0
7485.76232562,7485.76223700,66.03396600,66.03620326,0.05414290,1759.03076842,0.01998549,0.01998549,26698,81,0
7486.04330735,7486.04265194,73.11505625,73.13161160,0.04625120,1759.39683779,0.01998549,0.01998549,26697,81,0
7486.32313486,7486.32308788,80.20086071,80.20204804,0.04656356,1759.76073430,0.01998549,0.01998549,26696,81,0
7486.60341649,7486.60354483,87.29164065,87.28839465,0.04576156,1760.12456386,0.01998549,0.01998549,26695,81,0
7486.88357369,7486.88402279,94.38766687,94.37630104,0.04513162,1760.48758654,0.01998549,0.01998549,26694,81,0
7487.16439914,7487.16452175,101.48921145,101.48610615,0.03147182,1760.85083977,0.01998549,0.01998549,26693,81,0
7487.44461155,7487.44504173,108.59652953,108.58562640,0.03834905,1761.21267719,0.01998549,0.01998549,26692,81,0
7487.72578635,7487.72558272,115.70968134,115.71484610,0.04203399,1761.57513311,0.01998549,0.01998549,26691,81,0
7488.00703640,7488.00614473,122.82860740,122.85124057,0.05189653,1761.93705555,0.01998549,0.01998549,26690,81,0
7488.28752676,7488.28672776,129.95324625,129.97354182,0.05040095,1762.29736734,0.01998549,0.01998549,26689,81,0
7488.56699502,7488.56733181,137.08353613,137.07497486,0.05093992,1762.65573244,0.01998549,0.01998549,26688,81,0
7488.84768748,7488.84795689,144.21941110,144.21255804,0.05367425,1763.01502548,0.01998549,0.01998549,26687,81,0
7489.12929998,7489.12860299,151.36078074,151.37852267,0.05339640,1763.37484334,0.01998549,0.01998549,26686,81,0
7489.40850341,7489.40927012,158.50754498,158.48801536,0.04869325,1763.73093078,0.01998549,0.01998549,26685,81,0
7489.68962788,7489.68995828,165.65960321,165.65118180,0.04208070,1764.08880524,0.01998549,0.01998549,26684,81,0
7489.96983795,7489.97066747,172.81685437,172.79569723,0.05656954,1764.44484688,0.01998549,0.01998549,26683,81,0
7490.25149542,7490.25139770,179.97926430,179.98175820,0.06080501,1764.80205132,0.01998549,0.01998549,26682,81,0
7490.53243603,7490.53214897,187.14703661,187.15436804,0.04589970,1765.15767959,0.01998549,0.01998549,26681,81,0
7490.81307810,7490.81292128,194.32042835,194.32443641,0.03849362,1765.51227579,0.01998549,0.01998549,26680,81,0
7491.09481166,7491.09371463,201.49969778,201.52775729,0.04361689,1765.86760440,0.01998549,0.01998549,26679,81,0
7491.37417247,7491.37452903,208.68510305,208.67597606,0.04247938,1766.21931130,0.01998549,0.01998549,26678,81,0
7491.65579062,7491.65536447,215.87673957,215.88765667,0.05593787,1766.57322860,0.01998549,0.01998549,26677,81,0
7491.93646825,7491.93622096,223.07438113,223.08072087,0.05400567,1766.92531989,0.01998549,0.01998549,26676,81,0
7492.21719405,7492.21709851,230.27776293,230.28021404,0.03288875,1767.27681356,0.01998549,0.01998549,26675,81,0
7492.49796904,7492.49799711,237.48661891,237.48589820,0.04035864,1767.62769571,0.01998549,0.01998549,26674,81,0
7492.77934228,7492.77891677,244.70068991,244.71162075,0.04327609,1767.97863577,0.01998549,0.01998549,26673,81,0
7493.06019164,7493.05985748,251.91993421,251.92852375,0.06004185,1768.32823016,0.01998549,0.01998549,26672,81,0
7493.34149849,7493.34081926,259.14454752,259.16201910,0.05205211,1768.67770850,0.01998549,0.01998549,26671,81,0
7493.62227852,7493.62180211,266.37473841,266.38700176,0.03739455,1769.02585645,0.01998549,0.01998549,26670,81,0
7493.90330357,7493.90280601,273.61071644,273.62353338,0.03887376,1769.37364026,0.01998549,0.01998549,26669,81,0
7494.18290373,7494.18383099,280.85267875,280.82877420,0.05928370,1769.71900496,0.01998549,0.01998549,26668,81,0
7494.46591019,7494.46487704,288.10068920,288.12734372,0.04795754,1770.06791213,0.01998549,0.01998549,26667,81,0
7494.74619271,7494.74594417,295.35473456,295.36115165,0.04162245,1770.41279895,0.01998549,0.01998549,26666,81,0
7495.02691279,7495.02703236,302.61480058,302.61171098,0.03344447,1770.75756104,0.01998549,0.01998549,26665,81,0
7495.30738009,7495.30814164,309.88087296,309.86118112,0.05733604,1771.10134721,0.01998549,0.01998549,26664,81,0
7495.59017279,7495.58927200,317.15294348,317.17625315,0.05316663,1771.44730785,0.01998549,0.01998549,26663,81,0
7495.87012746,7495.87042344,324.43103136,324.42336663,0.02949137,1771.78912691,0.01998549,0.01998549,26662,81,0
7496.15182105,7496.15159597,331.71516346,331.72099684,0.04396020,1772.13239589,0.01998549,0.01998549,26661,81,0
7496.43291457,7496.43278958,339.00536678,339.00860838,0.06031249,1772.47425965,0.01998549,0.01998549,26660,81,0
7496.71342960,7496.71400429,346.30166808,346.28675186,0.03878696,1772.81474789,0.01998549,0.01998549,26659,81,0
7496.99490988,7496.99524008,353.60405165,353.59547461,0.03556303,1773.15573018,0.01998549,0.01998549,26658,81,0
7497.27600072,7497.27649698,360.91241723,360.89951757,0.05311746,1773.49555668,0.01998549,0.01998549,26657,81,0
7497.55788709,7497.55777496,368.22665418,368.22957077,0.04862403,1773.83565128,0.01998549,0.01998549,26656,81,0
7497.83845825,7497.83907405,375.54665126,375.53062115,0.03411447,1774.17346223,0.01998549,0.01998549,26655,81,0
7498.11992643,7498.12039424,382.87230311,382.86011691,0.04882815,1774.51164780,0.01998549,0.01998549,26654,81,0
7498.40173335,7498.40173554,390.20362825,390.20357125,0.04721882,1774.84953151,0.01998549,0.01998549,26653,81,0
7498.68302897,7498.68309794,397.54075825,397.53895906,0.03355896,1775.18609894,0.01998549,0.01998549,26652,81,0
7498.96409865,7498.96448145,404.88382941,404.87383594,0.05858211,1775.52169853,0.01998549,0.01998549,26651,81,0
7499.24625973,7499.24588608,412.23297871,412.24274065,0.03428673,1775.85790421,0.01998549,0.01998549,26650,81,0
7499.52683903,7499.52731181,419.58832746,419.57596597,0.04024057,1776.19153603,0.01998549,0.01998549,26649,81,0
7499.80881554,7499.80875867,426.94989444,426.95138253,0.06387587,1776.52613565,0.01998549,0.01998549,26648,81,0
7500.09019760,7500.09022664,434.31765829,434.31689776,0.03414535,1776.85933364,0.01998549,0.01998549,26647,81,0
7500.37148151,7500.37171573,441.69159743,441.68545934,0.03595567,1777.19171719,0.01998549,0.01998549,26646,81,0
7500.65342881,7500.65322595,449.07169020,449.07701039,0.05506991,1777.52418095,0.01998549,0.01998549,26645,81,0
7500.93533878,7500.93475729,456.45792235,456.47318406,0.03580188,1777.85589357,0.01998549,0.01998549,26644,81,0
7501.21598737,7501.21630976,463.85029743,463.84182950,0.05771283,1778.18541766,0.01998549,0.01998549,26643,81,0
7501.49724981,7501.49788336,471.24882158,471.23216821,0.03936745,1778.51495566,0.01998549,0.01998549,26642,81,0
7501.77885817,7501.77947810,478.65350092,478.63719344,0.04220280,1778.84418817,0.01998549,0.01998549,26641,81,0
7502.06056264,7502.06109396,486.06433769,486.05035040,0.05108038,1779.17281945,0.01998549,0.01998549,26640,81,0
7502.34239493,7502.34273097,493.48125395,493.47240112,0.03341881,1779.50088006,0.01998549,0.01998549,26639,81,0
7502.62427618,7502.62438912,500.90409667,500.90111929,0.05038898,1779.82826870,0.01998549,0.01998549,26638,81,0
7502.90575251,7502.90606841,508.33270922,508.32437540,0.04061033,1780.15445067,0.01998549,0.01998549,26637,81,0
7503.18689506,7503.18776884,515.76693413,515.74386692,0.05099018,1780.47950249,0.01998549,0.01998549,26636,81,0
7503.46993546,7503.46949042,523.20668739,523.21844398,0.04354255,1780.80599250,0.01998549,0.01998549,26635,81,0
7503.75106839,7503.75123315,530.65229455,530.64793865,0.03339353,1781.12954350,0.01998549,0.01998549,26634,81,0
7504.03288725,7504.03299704,538.10422361,538.10131878,0.04620214,1781.45316328,0.01998549,0.01998549,26633,81,0
7504.31483212,7504.31478208,545.56294508,545.56427028,0.03781255,1781.77622391,0.01998549,0.01998549,26632,81,0
7504.59587950,7504.59658827,553.02892815,553.01014188,0.05498593,1782.09757327,0.01998549,0.01998549,26631,81,0
7504.87788161,7504.87841562,560.50230022,560.48813338,0.02987020,1782.41933189,0.01998549,0.01998549,26630,81,0
7505.16057714,7505.16026414,567.98256833,567.99087862,0.05622749,1782.74117178,0.01998549,0.01998549,26629,81,0
7505.44240153,7505.44213382,575.46917186,575.47628500,0.03344749,1783.06128597,0.01998549,0.01998549,26628,81,0
7505.72374494,7505.72402466,582.96154733,582.95411031,0.04884177,1783.38009678,0.01998549,0.01998549,26627,81,0
7506.00627439,7506.00593667,590.45918687,590.46817150,0.02995604,1783.69946676,0.01998549,0.01998549,26626,81,0
7506.28787725,7506.28786986,597.96223104,597.96242777,0.05650478,1784.01701091,0.01998549,0.01998549,26625,81,0
7506.56963109,7506.56982422,605.47122776,605.46608248,0.03492131,1784.33396878,0.01998549,0.01998549,26624,81,0
7506.85167619,7506.85179975,612.98673394,612.98343919,0.05548086,1784.65051771,0.01998549,0.01998549,26623,81,0
7507.13401429,7507.13379646,620.50930918,620.51512255,0.03215839,1784.96667859,0.01998549,0.01998549,26622,81,0
7507.41603219,7507.41581435,628.03928548,628.04510420,0.05124902,1785.28177621,0.01998549,0.01998549,26621,81,0
7507.69811980,7507.69785343,635.57630894,635.58343027,0.03597247,1785.59622974,0.01998549,0.01998549,26620,81,0
7507.98054608,7507.97991369,643.11989613,643.13681562,0.04733520,1785.91031478,0.01998549,0.01998549,26619,81,0
7508.26190227,7508.26199514,650.66956114,650.66707462,0.05298871,1786.22244520,0.01998549,0.01998549,26618,81,0
7508.54421032,7508.54409778,658.22484245,658.22785744,0.04531838,1786.53484344,0.01998549,0.01998549,26617,81,0
7508.82616424,7508.82622161,665.78580184,665.78426387,0.04715007,1786.84606242,0.01998549,0.01998549,26616,81,0
7509.10836532,7509.10836664,673.35297955,673.35294422,0.03556131,1787.15678645,0.01998549,0.01998549,26615,81,0
7509.39090753,7509.39053286,680.92693603,680.93699743,0.05130101,1787.46713737,0.01998549,0.01998549,26614,81,0
7509.67275150,7509.67272028,688.50823463,688.50907364,0.03311848,1787.77599541,0.01998549,0.01998549,26613,81,0
7509.95411876,7509.95492891,696.09726204,696.07546595,0.05145449,1788.08362088,0.01998549,0.01998549,26612,81,0
7510.23726574,7510.23715874,703.69367126,703.69655261,0.04799112,1788.39245893,0.01998549,0.01998549,26611,81,0
7510.51980310,7510.51940977,711.29692510,711.30752465,0.03805570,1788.69987446,0.01998549,0.01998549,26610,81,0
7510.80177186,7510.80168202,718.90648351,718.90890639,0.05617606,1789.00589268,0.01998549,0.01998549,26609,81,0
7511.08428517,7511.08397547,726.52182055,726.53017793,0.03073970,1789.31169845,0.01998549,0.01998549,26608,81,0
7511.36610777,7511.36629015,734.14286779,734.13794282,0.05164436,1789.61595058,0.01998549,0.01998549,26607,81,0
7511.64848261,7511.64862603,741.77005982,741.76618369,0.04872157,1789.92000681,0.01998549,0.01998549,26606,81,0
7511.93093536,7511.93098314,749.40385911,749.40256672,0.03606234,1790.22336991,0.01998549,0.01998549,26605,81,0
7512.21359895,7512.21336147,757.04473057,757.05115950,0.05547907,1790.52619752,0.01998549,0.01998549,26604,81,0
7512.49624513,7512.49576102,764.69304142,764.70615865,0.05349196,1790.82825623,0.01998549,0.01998549,26603,81,0
7512.77850715,7512.77818179,772.34870565,772.35752890,0.03664188,1791.12914961,0.01998549,0.01998549,26602,81,0
7513.06057832,7513.06062380,780.01150747,780.01027301,0.04339394,1791.42907495,0.01998549,0.01998549,26601,81,0
7513.34321127,7513.34308704,787.68122990,787.68460448,0.05108827,1791.72881994,0.01998549,0.01998549,26600,81,0
7513.62544881,7513.62557151,795.35766043,795.35432486,0.03363656,1792.02735803,0.01998549,0.01998549,26599,81,0
7513.90807423,7513.90807721,803.04073799,803.04065695,0.05587930,1792.32551298,0.01998549,0.01998549,26598,81,0
7514.19065872,7514.19060415,810.73056757,810.73205339,0.04789722,1792.62283262,0.01998549,0.01998549,26597,81,0
7514.47353631,7514.47315234,818.42726307,818.43772710,0.03220887,1792.91966927,0.01998549,0.01998549,26596,81,0
7514.75560483,7514.75572176,826.13093903,826.12774979,0.04740974,1793.21487044,0.01998549,0.01998549,26595,81,0
7515.03860157,7515.03831243,833.84168922,833.84958185,0.05564862,1793.51025483,0.01998549,0.01998549,26594,81,0
7515.32061558,7515.32092435,841.55952110,841.55108536,0.03281848,1793.80382581,0.01998549,0.01998549,26593,81,0
7515.60366264,7515.60355752,849.28442006,849.28729434,0.05111788,1794.09767839,0.01998549,0.01998549,26592,81,0
7515.88643134,7515.88621194,857.01637142,857.02237573,0.04797711,1794.39044480,0.01998549,0.01998549,26591,81,0
7516.16914968,7516.16888761,864.75536774,864.76254555,0.04428943,1794.68235960,0.01998549,0.01998549,26590,81,0
7516.45149211,7516.45158455,872.50154285,872.49900882,0.02965486,1794.97309091,0.01998549,0.01998549,26589,81,0
7516.73463506,7516.73430274,880.25515862,880.26427691,0.05081025,1795.26385551,0.01998549,0.01998549,26588,81,0
7517.01688880,7517.01704219,888.01648288,888.01227017,0.05089817,1795.55292574,0.01998549,0.01998549,26587,81,0
7517.29983131,7517.29980291,895.78578479,895.78656560,0.04674993,1795.84192567,0.01998549,0.01998549,26586,81,0
7517.58288363,7517.58258489,903.56315001,903.57136996,0.05091133,1796.13026083,0.01998549,0.01998549,26585,81,0
7517.86573811,7517.86538815,911.34812046,911.35775826,0.03330914,1796.41759830,0.01998549,0.01998549,26584,81,0
7518.14852144,7518.14821267,919.14013591,919.14864596,0.04902561,1796.70404450,0.01998549,0.01998549,26583,81,0
7518.43136791,7518.43105847,926.93863302,926.94716788,0.04824492,1796.98971233,0.01998549,0.01998549,26582,81,0
7518.71373097,7518.71392555,934.74310766,934.73773742,0.05573853,1797.27403099,0.01998549,0.01998549,26581,81,0
7518.99624872,7518.99681390,942.55373257,942.53812200,0.04885171,1797.55764861,0.01998549,0.01998549,26580,81,0
7519.27964299,7519.27972353,950.37109930,950.36887283,0.03537133,1797.84130433,0.01998549,0.01998549,26579,81,0
7519.56261164,7519.56265445,958.19580876,958.19462417,0.04904317,1798.12371199,0.01998549,0.01998549,26578,81,0
7519.84560575,7519.84560666,966.02846110,966.02843611,0.04981836,1798.40534235,0.01998549,0.01998549,26577,81,0
7520.12854043,7520.12858015,973.86929827,973.86819721,0.04652195,1798.68611673,0.01998549,0.01998549,26576,81,0
7520.41126621,7520.41157493,981.71792342,981.70935759,0.04622125,1798.96587077,0.01998549,0.01998549,26575,81,0
7520.69460348,7520.69459101,989.57387196,989.57421828,0.04903957,1799.24539506,0.01998549,0.01998549,26574,81,0
7520.97825220,7520.97762838,997.43667663,997.45401292,0.02807277,1799.52437018,0.01998550,0.01998549,26573,81,0
7521.26061191,7521.26068705,1005.30596884,1005.30387905,0.05100955,1799.80121101,0.01998549,0.01998549,26572,81,0
7521.54369574,7521.54376702,1013.18192368,1013.17993984,0.04208492,1800.07789769,0.01998549,0.01998549,26571,81,0
7521.82677260,7521.82686829,1021.06490028,1021.06223455,0.04769458,1800.35372243,0.01998549,0.01998549,26570,81,0
7522.10985095,7522.10999087,1028.95525991,1028.95135884,0.04913129,1800.62870346,0.01998549,0.01998549,26569,81,0
7522.39340331,7522.39313475,1036.85335115,1036.86084571,0.04553178,1800.90330698,0.01998550,0.01998549,26568,81,0
7522.67602488,7522.67629995,1044.75923799,1044.75155484,0.05035025,1801.17617386,0.01998549,0.01998549,26567,81,0
7522.95938192,7522.95948646,1052.67272416,1052.66980177,0.04927952,1801.44890399,0.01998549,0.01998549,26566,81,0
7523.24232940,7523.24269428,1060.59360276,1060.58339343,0.05106458,1801.72038393,0.01998549,0.01998549,26565,81,0
7523.52554578,7523.52592342,1068.52166601,1068.51109113,0.05263488,1801.99125540,0.01998549,0.01998549,26564,81,0
7523.80892735,7523.80917388,1076.45678881,1076.44987965,0.02902864,1802.26141025,0.01998549,0.01998549,26563,81,0
7524.09221902,7524.09244566,1084.39903801,1084.39268118,0.05151636,1802.53060460,0.01998549,0.01998549,26562,81,0
7524.37600725,7524.37573876,1092.34850777,1092.35604497,0.04737994,1802.79939430,0.01998550,0.01998549,26561,81,0
7524.65858234,7524.65905319,1100.30529279,1100.29206345,0.04937534,1803.06616381,0.01998549,0.01998549,26560,81,0
7524.94244752,7524.94238895,1108.26951633,1108.27116335,0.04566473,1803.33327733,0.01998549,0.01998549,26559,81,0
7525.22612463,7525.22574605,1116.24147370,1116.25212970,0.04551804,1803.59934586,0.01998550,0.01998549,26558,81,0
7525.50861047,7525.50912447,1124.22152650,1124.20704499,0.04879620,1803.86344382,0.01998549,0.01998549,26557,81,0
7525.79317061,7525.79252423,1132.21003855,1132.22826785,0.04681381,1804.12862913,0.01998550,0.01998549,26556,81,0
7526.07605639,7526.07594534,1140.20734976,1140.21048490,0.04228533,1804.39141448,0.01998549,0.01998549,26555,81,0
7526.35933505,7526.35938778,1148.21332381,1148.21183377,0.04942816,1804.65371807,0.01998549,0.01998549,26554,81,0
7526.64251674,7526.64285156,1156.22740347,1156.21793303,0.04590472,1804.91506353,0.01998549,0.01998549,26553,81,0
7526.92638744,7526.92633670,1164.24901391,1164.25045039,0.04616532,1805.17615174,0.01998549,0.01998549,26552,81,0
7527.20922731,7527.20984318,1172.27758037,1172.26013309,0.04879380,1805.43538111,0.01998549,0.01998549,26551,81,0
7527.49347258,7527.49337101,1180.31290980,1180.31578955,0.04835196,1805.69497383,0.01998549,0.01998549,26550,81,0
7527.77725273,7527.77692019,1188.35554271,1188.36497901,0.04679995,1805.95323180,0.01998550,0.01998549,26549,81,0
7528.06046194,7528.06049073,1196.40610528,1196.40528737,0.04824931,1806.21008085,0.01998549,0.01998549,26548,81,0
7528.34378541,7528.34408263,1204.46522738,1204.45677666,0.05209328,1806.46616146,0.01998549,0.01998550,26547,81,0
7528.62781415,7528.62769589,1212.53337834,1212.53674423,0.04983244,1806.72201552,0.01998549,0.01998550,26546,81,0
7528.91182605,7528.91133051,1220.61033582,1220.62445398,0.04670736,1806.97697887,0.01998550,0.01998550,26545,81,0
7529.19477602,7529.19498650,1228.69569261,1228.68969020,0.04378846,1807.23010215,0.01998549,0.01998550,26544,81,0
7529.47872839,7529.47866385,1236.78903907,1236.79088098,0.04428453,1807.48321632,0.01998549,0.01998550,26543,81,0
7529.76222757,7529.76236258,1244.89000435,1244.88614759,0.04523469,1807.73500665,0.01998549,0.01998550,26542,81,0
7530.04603055,7530.04608268,1252.99860686,1252.99711641,0.04985721,1807.98614381,0.01998549,0.01998550,26541,81,0
7530.32964170,7530.32982415,1261.11508136,1261.10986015,0.04534245,1808.23619296,0.01998549,0.01998550,26540,81,0
7530.61338184,7530.61358700,1269.23966628,1269.23378944,0.04293479,1808.48544146,0.01998549,0.01998550,26539,81,0
7530.89738191,7530.89737123,1277.37259544,1277.37290174,0.05121985,1808.73400647,0.01998550,0.01998550,26538,81,0
7531.18130716,7531.18117684,1285.51395635,1285.51769655,0.04994132,1808.98159347,0.01998550,0.01998550,26537,81,0
7531.46507209,7531.46500383,1293.66368342,1293.66564411,0.04812118,1809.22812376,0.01998550,0.01998550,26536,81,0
7531.74828160,7531.74885222,1301.82170351,1301.80529578,0.04065650,1809.47325210,0.01998549,0.01998550,26535,81,0
7532.03269700,7532.03272199,1309.98794292,1309.98722375,0.04115856,1809.71849433,0.01998550,0.01998550,26534,81,0
7532.31695801,7532.31661316,1318.16231988,1318.17225416,0.04202775,1809.96266669,0.01998550,0.01998550,26533,81,0
7532.60045086,7532.60052571,1326.34473790,1326.34257956,0.04485194,1810.20524048,0.01998550,0.01998550,26532,81,0
7532.88459553,7532.88445967,1334.53509832,1334.53901906,0.04830304,1810.44742523,0.01998550,0.01998550,26531,81,0
7533.16864375,7533.16841502,1342.73330185,1342.73990838,0.04679789,1810.68857438,0.01998550,0.01998550,26530,81,0
7533.45249429,7533.45239178,1350.93934054,1350.94230399,0.04211709,1810.92860015,0.01998550,0.01998550,26529,81,0
7533.73610915,7533.73638994,1359.15351337,1359.14538822,0.04574363,1811.16747820,0.01998549,0.01998550,26528,81,0
7534.02062259,7534.02040951,1367.37618514,1367.38235717,0.05220574,1811.40616789,0.01998550,0.01998550,26527,81,0
7534.30500869,7534.30445048,1375.60772286,1375.62390827,0.04325255,1811.64381193,0.01998550,0.01998550,26526,81,0
7534.58844685,7534.58851287,1383.84842112,1383.84650494,0.03972505,1811.87973476,0.01998550,0.01998550,26525,81,0
7534.87260220,7534.87259667,1392.09814033,1392.09830112,0.04677592,1812.11531589,0.01998550,0.01998550,26524,81,0
7535.15660261,7535.15670189,1400.35658223,1400.35369503,0.04503946,1812.34981742,0.01998550,0.01998550,26523,81,0
7535.44071580,7535.44082852,1408.62344645,1408.62016522,0.04967972,1812.58344871,0.01998550,0.01998550,26522,81,0
7535.72500235,7535.72497658,1416.89845101,1416.89920200,0.04282869,1812.81624682,0.01998550,0.01998550,26521,81,0
7536.00924633,7536.00914605,1425.18151584,1425.18444003,0.04588376,1813.04802880,0.01998550,0.01998550,26520,81,0
7536.29329153,7536.29333696,1433.47267814,1433.47135207,0.04600186,1813.27866634,0.01998550,0.01998550,26519,81,0
7536.57765056,7536.57754929,1441.77197676,1441.77493526,0.04081235,1813.50857294,0.01998550,0.01998550,26518,81,0
7536.86173872,7536.86178306,1450.07946694,1450.07817055,0.04010227,1813.73727390,0.01998550,0.01998550,26517,81,0
7537.14595209,7537.14603825,1458.39549228,1458.39297045,0.05137091,1813.96509496,0.01998550,0.01998550,26516,81,0
7537.43015767,7537.43031488,1466.72064612,1466.71603969,0.04095300,1814.19194160,0.01998550,0.01998550,26515,81,0
7537.71437898,7537.71461295,1475.05553355,1475.04867026,0.03268346,1814.41784522,0.01998550,0.01998550,26514,81,0
7537.99917914,7537.99893246,1483.40074334,1483.40798788,0.04827079,1814.64326229,0.01998550,0.01998550,26513,81,0
7538.28332737,7538.28327342,1491.75619516,1491.75778138,0.04325860,1814.86721267,0.01998550,0.01998550,26512,81,0
7538.56821091,7538.56763581,1500.12099228,1500.13791745,0.04533912,1815.09076114,0.01998550,0.01998550,26511,81,0
7538.85190026,7538.85201966,1508.49418320,1508.49066610,0.04601917,1815.31236711,0.01998550,0.01998550,26510,81,0
7539.13629802,7539.13642495,1516.87481968,1516.87107799,0.04208111,1815.53349109,0.01998550,0.01998550,26509,81,0
7539.42119022,7539.42085170,1525.26259870,1525.27258584,0.05055162,1815.75394923,0.01998550,0.01998550,26508,81,0
7539.70520199,7539.70529990,1533.65828290,1533.65539162,0.04791511,1815.97269674,0.01998550,0.01998550,26507,81,0
7539.98936880,7539.98976956,1542.06273867,1542.05089217,0.04299233,1816.19055426,0.01998550,0.01998550,26506,81,0
7540.27490152,7540.27426068,1550.47683567,1550.49579990,0.04518370,1816.40846091,0.01998550,0.01998550,26505,81,0
7540.55918337,7540.55877326,1558.90105406,1558.91320361,0.04101754,1816.62442739,0.01998550,0.01998550,26504,81,0
7540.84353000,7540.84330731,1567.33503570,1567.34163997,0.04830116,1816.83944608,0.01998550,0.01998550,26503,81,0
7541.12786581,7541.12786282,1575.77831226,1575.77840076,0.04369490,1817.05344369,0.01998550,0.01998550,26502,81,0
7541.41278704,7541.41243981,1584.23041268,1584.24073046,0.04256566,1817.26685022,0.01998550,0.01998550,26501,81,0
7541.69664564,7541.69703826,1592.69106270,1592.67938520,0.05411402,1817.47842345,0.01998550,0.01998550,26500,81,0
7541.98161371,7541.98165819,1601.16051676,1601.15919241,0.05482180,1817.68978490,0.01998550,0.01998550,26499,81,0
7542.26662919,7542.26629959,1609.63911804,1609.64894062,0.04392779,1817.90014541,0.01998550,0.01998550,26498,81,0
7542.55071679,7542.55096248,1618.12721184,1618.11988210,0.03880882,1818.10879466,0.01998550,0.01998550,26497,81,0
7542.83563189,7542.83564684,1626.62503037,1626.62458373,0.04816437,1818.31702416,0.01998550,0.01998550,26496,81,0
7543.11968074,7543.12035269,1635.13244260,1635.11235326,0.03952243,1818.52358908,0.01998550,0.01998550,26495,81,0
7543.40433395,7543.40508003,1643.64924470,1643.62691648,0.04746686,1818.72955141,0.01998549,0.01998550,26494,81,0
7543.68999771,7543.68982886,1652.17523144,1652.18028969,0.05167105,1818.93518733,0.01998550,0.01998550,26493,81,0
7543.97462448,7543.97459917,1660.71029002,1660.71104904,0.04105152,1819.13901655,0.01998550,0.01998550,26492,81,0
7544.25974927,7544.25939098,1669.25464287,1669.26539771,0.04876041,1819.34214284,0.01998550,0.01998550,26491,81,0
7544.54467952,7544.54420429,1677.80858914,1677.82286962,0.03872239,1819.54407431,0.01998550,0.01998550,26490,81,0
7544.82923182,7544.82903909,1686.37242992,1686.37822752,0.04779023,1819.74468718,0.01998550,0.01998550,26489,81,0
7545.11386925,7545.11389540,1694.94636206,1694.94557465,0.04080241,1819.94430999,0.01998550,0.01998550,26488,81,0
7545.39861336,7545.39877321,1703.53017460,1703.52535563,0.04855253,1820.14294768,0.01998550,0.01998550,26487,81,0
7545.68425205,7545.68367252,1712.12355664,1712.14104576,0.05049405,1820.34113298,0.01998550,0.01998550,26486,81,0
7545.96851897,7545.96859335,1720.72619517,1720.72394855,0.04227633,1820.53728501,0.01998550,0.01998550,26485,81,0
7546.25357785,7546.25353568,1729.33788132,1729.33915633,0.04513893,1820.73289149,0.01998550,0.01998550,26484,81,0
7546.53845444,7546.53849953,1737.95882217,1737.95745748,0.04041717,1820.92728130,0.01998550,0.01998550,26483,81,0
7546.82356348,7546.82348489,1746.58932850,1746.59170991,0.04431176,1821.12074019,0.01998550,0.01998550,26482,81,0
7547.10924865,7547.10849177,1755.22971317,1755.25267153,0.04855526,1821.31349965,0.01998550,0.01998550,26481,81,0
7547.39368186,7547.39352017,1763.88022149,1763.88513130,0.03951977,1821.50433131,0.01998550,0.01998550,26480,81,0
7547.67820925,7547.67857010,1772.54083659,1772.52986701,0.04299252,1821.69414029,0.01998550,0.01998550,26479,81,0
7547.96401271,7547.96364155,1781.21147888,1781.22277433,0.04637209,1821.88370115,0.01998550,0.01998550,26478,81,0
7548.24891727,7548.24873452,1789.89206823,1789.89763545,0.03865666,1822.07156314,0.01998550,0.01998550,26477,81,0
7548.53392065,7548.53384903,1798.58252689,1798.58471111,0.04413651,1822.25838291,0.01998550,0.01998550,26476,81,0
7548.81947578,7548.81898507,1807.28278702,1807.29776785,0.04642041,1822.44444791,0.01998550,0.01998550,26475,81,0
7549.10439089,7549.10414265,1815.99278249,1816.00036894,0.04061756,1822.62897654,0.01998550,0.01998550,26474,81,0
7549.38893060,7549.38932176,1824.71244674,1824.70048051,0.04652365,1822.81214065,0.01998550,0.01998550,26473,81,0
7549.67502283,7549.67452241,1833.44177031,1833.45709493,0.04424791,1822.99516998,0.01998550,0.01998550,26472,81,0
7549.95958716,7549.95974461,1842.18091736,1842.17609068,0.05112767,1823.17609294,0.01998550,0.01998550,26471,81,0
7550.24519405,7550.24498835,1850.93008577,1850.93639851,0.03925050,1823.35654654,0.01998550,0.01998550,26470,81,0
7550.52991108,7550.53025363,1859.68947476,1859.67895057,0.04624039,1823.53530871,0.01998550,0.01998550,26469,81,0
7550.81583938,7550.81554047,1868.45928866,1868.46848240,0.04285292,1823.71369647,0.01998550,0.01998550,26468,81,0
7551.10118131,7551.10084886,1877.23974254,1877.24997968,0.04488378,1823.89058438,0.01998550,0.01998550,26467,81,0
7551.38637993,7551.38617881,1886.03105440,1886.03725486,0.03487069,1824.06625121,0.01998550,0.01998550,26466,81,0
7551.67117667,7551.67153031,1894.83344176,1894.82252630,0.04920210,1824.24054052,0.01998550,0.01998550,26465,81,0
7551.95728587,7551.95690337,1903.64687368,1903.65869347,0.04651378,1824.41449060,0.01998550,0.01998550,26464,81,0
7552.24242868,7552.24229799,1912.47082473,1912.47486776,0.04758665,1824.58669883,0.01998550,0.01998550,26463,81,0
7552.52812406,7552.52771418,1921.30470767,1921.31740027,0.04704787,1824.75806915,0.01998550,0.01998550,26462,81,0
7552.81285184,7552.81315193,1930.14794053,1930.13863898,0.04998206,1824.92767688,0.01998550,0.01998550,26461,81,0
7553.09890004,7553.09861125,1939.00046007,1939.00942027,0.03970760,1825.09687750,0.01998550,0.01998550,26460,81,0
7553.38374818,7553.38409215,1947.86298921,1947.85230503,0.05177844,1825.26418896,0.01998550,0.01998550,26459,81,0
7553.66973081,7553.66959462,1956.73632093,1956.74055618,0.05468583,1825.43099341,0.01998550,0.01998550,26458,81,0
7553.95501409,7553.95511866,1965.62122796,1965.61797178,0.04241242,1825.59622813,0.01998550,0.01998550,26457,81,0
7554.24093911,7554.24066429,1974.51777922,1974.52634671,0.04276918,1825.76066639,0.01998550,0.01998550,26456,81,0
7554.52677501,7554.52623149,1983.42526392,1983.44222687,0.04299961,1825.92386635,0.01998550,0.01998550,26455,81,0
7554.81230298,7554.81182028,1992.34292611,1992.35800623,0.04150732,1826.08568705,0.01998550,0.01998550,26454,81,0
7555.09773963,7555.09743066,2001.27004682,2001.27970868,0.04817740,1826.24623646,0.01998550,0.01998550,26453,81,0
7555.38311231,7555.38306262,2010.20653576,2010.20809109,0.04651142,1826.40552526,0.01998550,0.01998550,26452,81,0
7555.66919407,7555.66871618,2019.15278941,2019.16776402,0.04852926,1826.56398369,0.01998550,0.01998550,26451,81,0
7555.95490421,7555.95439133,2028.10921958,2028.12530818,0.04813450,1826.72101391,0.01998550,0.01998550,26450,81,0
7556.24058105,7556.24008808,2037.07624407,2037.09172560,0.05409359,1826.87680718,0.01998550,0.01998550,26449,81,0
7556.52617999,7556.52580642,2046.05430959,2046.06605520,0.05165255,1827.03134289,0.01998550,0.01998550,26448,81,0
7556.81143580,7556.81154637,2055.04387923,2055.04039837,0.05035148,1827.18448314,0.01998550,0.01998550,26447,81,0
7557.09747929,7557.09730792,2064.04541951,2064.05082127,0.05148209,1827.33683492,0.01998550,0.01998550,26446,81,0
7557.38359881,7557.38309107,2073.05929041,2073.07531517,0.04745176,1827.48801435,0.01998550,0.01998550,26445,81,0
7557.66906415,7557.66889584,2082.08530815,2082.09062683,0.05084366,1827.63763069,0.01998550,0.01998550,26444,81,0
7557.95500712,7557.95472221,2091.12311812,2091.13213218,0.04755313,1827.78626703,0.01998550,0.01998550,26443,81,0
7558.24065033,7558.24057020,2100.17236309,2100.17490123,0.04846183,1827.93350706,0.01998550,0.01998550,26442,81,0
7558.52642508,7558.52643981,2109.23275670,2109.23228980,0.04456188,1828.07956448,0.01998550,0.01998550,26441,81,0
7558.81282211,7558.81233103,2118.30421768,2118.31980895,0.04403798,1828.22467883,0.01998550,0.01998550,26440,81,0
7559.09863616,7559.09824387,2127.38670035,2127.39916905,0.04582592,1828.36823348,0.01998550,0.01998550,26439,81,0
7559.38412420,7559.38417834,2136.48016095,2136.47843837,0.04392412,1828.51035789,0.01998550,0.01998550,26438,81,0
7559.66974888,7559.67013443,2145.58470333,2145.57242065,0.04177146,1828.65128032,0.01998550,0.01998550,26437,81,0
7559.95562609,7559.95611215,2154.70066550,2154.68516240,0.04347191,1828.79105552,0.01998550,0.01998550,26436,81,0
7560.24232239,7560.24211150,2163.82840851,2163.83514339,0.05072005,1828.92995362,0.01998550,0.01998550,26435,81,0
7560.52816611,7560.52813248,2172.96828010,2172.96935520,0.05193795,1829.06716480,0.01998550,0.01998550,26434,81,0
7560.81404932,7560.81417510,2182.12034069,2182.11631361,0.05377502,1829.20311810,0.01998550,0.01998550,26433,81,0
7561.10024328,7561.10023936,2191.28439859,2191.28452441,0.04462027,1829.33793180,0.01998550,0.01998550,26432,81,0
7561.38587497,7561.38632525,2200.46025219,2200.44580137,0.04104041,1829.47118798,0.01998550,0.01998550,26431,81,0
7561.67257436,7561.67243279,2209.64769543,2209.65224411,0.04646061,1829.60363530,0.01998550,0.01998550,26430,81,0
7561.95844446,7561.95856198,2218.84649970,2218.84271927,0.05367379,1829.73438722,0.01998550,0.01998550,26429,81,0
7562.24488751,7562.24471281,2228.05642508,2228.06205102,0.04842826,1829.86407834,0.01998550,0.01998550,26428,81,0
7562.53089767,7562.53088529,2237.27722974,2237.27762873,0.04101878,1829.99224383,0.01998550,0.01998550,26427,81,0
7562.81699227,7562.81707943,2246.50882601,2246.50601302,0.04274100,1830.11911180,0.01998550,0.01998550,26426,81,0
7563.10271887,7563.10329522,2255.75164869,2255.73302557,0.04609583,1830.24448452,0.01998550,0.01998550,26425,81,0
7563.38950626,7563.38953267,2265.00624544,2265.00539108,0.05386929,1830.36898623,0.01998550,0.01998550,26424,81,0
7563.67600886,7563.67579177,2274.27316386,2274.28019615,0.04371600,1830.49202917,0.01998550,0.01998550,26423,81,0
7563.96190823,7563.96207254,2283.55271202,2283.54738259,0.03775632,1830.61348108,0.01998550,0.01998550,26422,81,0
7564.24857134,7564.24837498,2292.84482803,2292.85120517,0.04759015,1830.73391487,0.01998550,0.01998550,26421,81,0
7564.53503377,7564.53469908,2302.14941807,2302.16030126,0.04897141,1830.85291439,0.01998550,0.01998550,26420,81,0
7564.82114989,7564.82104485,2311.46637832,2311.46979823,0.03914571,1830.97041588,0.01998550,0.01998550,26419,81,0
7565.10739546,7565.10741230,2320.79548510,2320.79493635,0.05044098,1831.08660777,0.01998550,0.01998550,26418,81,0
7565.39386269,7565.39380142,2330.13642963,2330.13842938,0.04247661,1831.20151554,0.01998550,0.01998550,26417,81,0
7565.68012397,7565.68021221,2339.48889895,2339.48601596,0.04100743,1831.31495828,0.01998550,0.01998550,26416,81,0
7565.96675401,7565.96664469,2348.85273878,2348.85631471,0.05288265,1831.42715534,0.01998550,0.01998550,26415,81,0
7566.25313405,7566.25309885,2358.22853835,2358.22969146,0.04024177,1831.53786527,0.01998550,0.01998550,26414,81,0
7566.53969944,7566.53957469,2367.61710653,2367.62119765,0.05183747,1831.64726059,0.01998550,0.01998550,26413,81,0
7566.82648633,7566.82607222,2377.01925295,2377.03285292,0.04768511,1831.75535540,0.01998550,0.01998550,26412,81,0
7567.11265703,7567.11259144,2386.43530736,2386.43746464,0.03766759,1831.86183408,0.01998550,0.01998550,26411,81,0
7567.39932343,7567.39913235,2395.86474430,2395.87103657,0.04914526,1831.96709882,0.01998550,0.01998550,26410,81,0
7567.68578249,7567.68569495,2405.30694663,2405.30983274,0.03917720,1832.07087628,0.01998550,0.01998550,26409,81,0
7567.97198331,7567.97227925,2414.76132802,2414.75155904,0.03710901,1832.17313915,0.01998550,0.01998550,26408,81,0
7568.25873230,7568.25888526,2424.22776328,2424.22270815,0.05520023,1832.27416633,0.01998550,0.01998550,26407,81,0
7568.54616590,7568.54551296,2433.70645190,2433.72805786,0.05131117,1832.37399300,0.01998550,0.01998550,26406,81,0
7568.83269109,7568.83216237,2443.19760156,2443.21511895,0.04283994,1832.47206387,0.01998550,0.01998550,26405,81,0
7569.11895866,7569.11883348,2452.70148835,2452.70564102,0.04705647,1832.56860736,0.01998550,0.01998550,26404,81,0
7569.40570560,7569.40552630,2462.21865316,2462.22460932,0.04129672,1832.66386964,0.01998550,0.01998550,26403,81,0
7569.69217172,7569.69224084,2471.74970578,2471.74740662,0.04985696,1832.75759626,0.01998550,0.01998550,26402,81,0
7569.97883201,7569.97897709,2481.29524429,2481.29041125,0.04383612,1832.84994235,0.01998550,0.01998550,26401,81,0
7570.26572492,7570.26573505,2490.85519461,2490.85485673,0.05024653,1832.94090939,0.01998550,0.01998550,26400,81,0
7570.55284353,7570.55251474,2500.42858462,2500.43956754,0.03674710,1833.03047571,0.01998550,0.01998550,26399,81,0
7570.83935711,7570.83931614,2510.01437232,2510.01574245,0.04899576,1833.11836914,0.01998550,0.01998550,26398,81,0
7571.12606744,7571.12613927,2519.61166702,2519.60926224,0.05297760,1833.20482490,0.01998550,0.01998550,26397,81,0
7571.41320053,7571.41298413,2529.22076435,2529.22801802,0.04329069,1833.28990336,0.01998550,0.01998550,26396,81,0
7571.69987656,7571.69985071,2538.84250192,2538.84336938,0.04918562,1833.37334561,0.01998550,0.01998550,26395,81,0
7571.98662441,7571.98673903,2548.47772483,2548.47387274,0.03913703,1833.45530962,0.01998550,0.01998550,26394,81,0
7572.27313541,7572.27364908,2558.12694599,2558.10965851,0.04833015,1833.53570615,0.01998550,0.01998550,26393,81,0
7572.56104799,7572.56058087,2567.78996588,2567.80570767,0.04374789,1833.61497732,0.01998550,0.01998550,26392,81,0
7572.84755275,7572.84753440,2577.46649224,2577.46711150,0.03645324,1833.69234062,0.01998550,0.01998550,26391,81,0
7573.13437318,7573.13450966,2587.15625609,2587.15164484,0.05230441,1833.76826145,0.01998550,0.01998550,26390,81,0
7573.42128292,7573.42150667,2596.85929454,2596.85172468,0.04902873,1833.84267049,0.01998550,0.01998550,26389,81,0
7573.70799178,7573.70852543,2606.57584763,2606.55776981,0.04135174,1833.91548867,0.01998550,0.01998550,26388,81,0
7573.99568933,7573.99556594,2616.30616085,2616.31034671,0.04820177,1833.98700690,0.01998550,0.01998550,26387,81,0
7574.28276039,7574.28262819,2626.05048856,2626.05497908,0.04827350,1834.05681576,0.01998550,0.01998550,26386,81,0
7574.56971532,7574.56971220,2635.80910639,2635.80921256,0.04398774,1834.12504038,0.01998550,0.01998550,26385,81,0
7574.85671775,7574.85681797,2645.58229560,2645.57888154,0.03730693,1834.19171507,0.01998550,0.01998550,26384,81,0
7575.14386446,7575.14394549,2655.37032152,2655.36755717,0.05013852,1834.25685528,0.01998550,0.01998550,26383,81,0
7575.43092799,7575.43109478,2665.17317159,2665.16747345,0.05090429,1834.32040146,0.01998550,0.01998550,26382,81,0
7575.71796801,7575.71826583,2674.99061391,2674.98042551,0.05004499,1834.38235890,0.01998550,0.01998550,26381,81,0
7576.00512456,7576.00545864,2684.82240869,2684.81096395,0.04751802,1834.44274834,0.01998550,0.01998550,26380,81,0
7576.29273892,7576.29267323,2694.66843052,2694.67068421,0.04911882,1834.50162887,0.01998550,0.01998550,26379,81,0
7576.57968368,7576.57990958,2704.52891197,2704.52115149,0.04665058,1834.55876568,0.01998550,0.01998550,26378,81,0
7576.86703900,7576.86716771,2714.40415656,2714.39972876,0.03644999,1834.61437048,0.01998550,0.01998550,26377,81,0
7577.15438959,7577.15444762,2724.29444066,2724.29244145,0.04836451,1834.66835357,0.01998550,0.01998550,26376,81,0
7577.44138939,7577.44174930,2734.19959756,2734.18718074,0.04647041,1834.72064453,0.01998550,0.01998550,26375,81,0
7577.72899833,7577.72907276,2744.11911523,2744.11654381,0.04546487,1834.77140600,0.01998550,0.01998550,26374,81,0
7578.01639629,7578.01641801,2754.05246856,2754.05171735,0.04183455,1834.82048003,0.01998550,0.01998550,26373,81,0
7578.30394294,7578.30378504,2763.99943172,2764.00490106,0.04712977,1834.86792053,0.01998550,0.01998550,26372,81,0
7578.59093212,7578.59117386,2773.96060861,2773.95222394,0.04787292,1834.91361040,0.01998550,0.01998550,26371,81,0
7578.87828140,7578.87858447,2783.93674939,2783.92622198,0.04623139,1834.95769349,0.01998550,0.01998550,26370,81,0
7579.16579624,7579.16601688,2793.92856234,2793.92088686,0.04428183,1835.00013074,0.01998550,0.01998550,26369,81,0
7579.45310828,7579.45347108,2803.93621594,2803.92357600,0.04396024,1835.04086079,0.01998550,0.01998550,26368,81,0
7579.74109584,7579.74094707,2813.95953592,2813.96472688,0.04561580,1835.07999526,0.01998550,0.01998550,26367,81,0
7580.02827922,7580.02844487,2823.99834133,2823.99255298,0.04447204,1835.11732552,0.01998550,0.01998550,26366,81,0
7580.31565865,7580.31596448,2834.05249818,2834.04179619,0.04303719,1835.15297861,0.01998550,0.01998550,26365,81,0
7580.60343598,7580.60350588,2844.12196838,2844.11951875,0.04158059,1835.18696628,0.01998550,0.01998550,26364,81,0
7580.89061840,7580.89106910,2854.20672488,2854.19090781,0.04698748,1835.21916510,0.01998550,0.01998550,26363,81,0
7581.17815765,7581.17865412,2864.30672033,2864.28927179,0.04911362,1835.24967592,0.01998550,0.01998550,26362,81,0
7581.46616784,7581.46626096,2874.42176981,2874.41849246,0.05104715,1835.27849501,0.01998550,0.01998550,26361,81,0
7581.75402244,7581.75388962,2884.55162904,2884.55631001,0.05020482,1835.30554837,0.01998550,0.01998550,26360,81,0
7582.04171474,7582.04154009,2894.69606395,2894.70222746,0.04871214,1835.33083006,0.01998550,0.01998550,26359,81,0
7582.32940438,7582.32921238,2904.85527280,2904.86205808,0.04394528,1835.35434851,0.01998550,0.01998550,26358,81,0
7582.61676818,7582.61690650,2915.02998662,2915.02509093,0.04218760,1835.37607416,0.01998550,0.01998550,26357,81,0
7582.90457529,7582.90462244,2925.22097541,2925.21930382,0.04682522,1835.39605746,0.01998550,0.01998550,26356,81,0
7583.19233793,7583.19236021,2935.42876609,2935.42797481,0.05109964,1835.41425323,0.01998550,0.01998550,26355,81,0
7583.48041018,7583.48011981,2945.65300680,2945.66333151,0.04167709,1835.43067208,0.01998550,0.01998550,26354,81,0
7583.76818509,7583.76790125,2955.89314723,2955.90325458,0.04040080,1835.44526991,0.01998550,0.01998550,26353,81,0
7584.05617629,7584.05570451,2966.14869567,2966.16551887,0.04283072,1835.45806462,0.01998550,0.01998550,26352,81,0
7584.34325109,7584.34352962,2976.41986965,2976.40992263,0.05117951,1835.46900466,0.01998550,0.01998550,26351,81,0
7584.63142852,7584.63137657,2986.70733629,2986.70919436,0.04314537,1835.47815750,0.01998550,0.01998550,26350,81,0
7584.91965669,7584.91924536,2997.01177025,2997.02650593,0.04113532,1835.48547056,0.01998550,0.01998550,26349,81,0
7585.20759108,7585.20713599,3007.33351630,3007.34984573,0.05113634,1835.49092856,0.01998550,0.01998550,26348,81,0
7585.49571603,7585.49504847,3017.67239809,3017.69638874,0.04835944,1835.49453244,0.01998551,0.01998550,26347,81,0
7585.78362410,7585.78298281,3028.02819195,3028.05127439,0.04289102,1835.49626823,0.01998551,0.01998550,26346,81,0
7586.07144236,7586.07093899,3038.40077110,3038.41891716,0.04710763,1835.49613068,0.01998551,0.01998550,26345,81,0
7586.35887485,7586.35891703,3048.79040103,3048.78887796,0.04928068,1835.49411559,0.01998550,0.01998550,26344,81,0
7586.64715520,7586.64691693,3059.19744733,3059.20606432,0.05487668,1835.49020048,0.01998550,0.01998550,26343,81,0
7586.93473069,7586.93493869,3069.62220587,3069.61467149,0.04119839,1835.48439555,0.01998550,0.01998550,26342,81,0
7587.22266681,7587.22298231,3080.06419878,3080.05275271,0.04318846,1835.47667358,0.01998550,0.01998550,26341,81,0
7587.51122912,7587.51104780,3090.52247484,3090.52906252,0.04635673,1835.46700930,0.01998551,0.01998550,26340,81,0
7587.79883872,7587.79913515,3100.99609179,3100.98530754,0.03966171,1835.45545123,0.01998550,0.01998550,26339,81,0
7588.08707217,7588.08724438,3111.48507237,3111.47879852,0.04847841,1835.44193103,0.01998550,0.01998550,26338,81,0
7588.37552134,7588.37537547,3121.99071010,3121.99603298,0.03934351,1835.42644903,0.01998550,0.01998550,26337,81,0
7588.66229592,7588.66352845,3132.51439584,3132.46934400,0.05412889,1835.40911010,0.01998550,0.01998550,26336,81,0
7588.95156991,7588.95170330,3143.05703563,3143.05215164,0.03994982,1835.38964187,0.01998550,0.01998550,26335,81,0
7589.23974438,7589.23990003,3153.61816010,3153.61245160,0.04851841,1835.36826282,0.01998550,0.01998550,26334,81,0
7589.52834653,7589.52811864,3164.19705670,3164.20542770,0.04559713,1835.34485811,0.01998551,0.01998550,26333,81,0
7589.81619481,7589.81635914,3174.79314412,3174.78709857,0.03538541,1835.31951868,0.01998550,0.01998550,26332,81,0
7590.10451999,7590.10462152,3185.40666819,3185.40292703,0.04712131,1835.29212900,0.01998550,0.01998550,26331,81,0
7590.39276471,7590.39290580,3196.03818692,3196.03297942,0.05326453,1835.26272672,0.01998550,0.01998550,26330,81,0
7590.68125407,7590.68121197,3206.68822311,3206.68977964,0.04244134,1835.23126543,0.01998550,0.01998550,26329,81,0
7590.96998534,7590.96954003,3217.35674680,3217.37323721,0.04963293,1835.19773014,0.01998551,0.01998550,26328,81,0
7591.25795035,7591.25788999,3228.04332608,3228.04556462,0.04458527,1835.16223479,0.01998550,0.01998550,26327,81,0
7591.54652061,7591.54626185,3238.74752728,3238.75713985,0.04411614,1835.12460359,0.01998551,0.01998550,26326,81,0
7591.83486646,7591.83465562,3249.46935513,3249.47720018,0.04795692,1835.08493088,0.01998551,0.01998550,26325,81,0
7592.12335855,7592.12307129,3260.20938474,3260.22009069,0.04293700,1835.04315439,0.01998551,0.01998550,26324,81,0
7592.41202419,7592.41150886,3270.96823359,3270.98747213,0.05081169,1834.99925397,0.01998551,0.01998550,26323,81,0
7592.70002072,7592.69996835,3281.74631774,3281.74827629,0.04174288,1834.95335088,0.01998550,0.01998550,26322,81,0
7592.98867391,7592.98844975,3292.54359260,3292.55198948,0.04608983,1834.90522337,0.01998551,0.01998550,26321,81,0
7593.27677320,7593.27695306,3303.35994979,3303.35320102,0.04616135,1834.85506192,0.01998550,0.01998550,26320,81,0
7593.56553804,7593.56547829,3314.19528779,3314.19753350,0.04591975,1834.80264273,0.01998550,0.01998550,26319,81,0
7593.85444898,7593.85402544,3325.04953521,3325.06548035,0.05233251,1834.74804072,0.01998551,0.01998551,26318,81,0
7594.14281609,7594.14259452,3335.92262726,3335.93098295,0.05240942,1834.69138038,0.01998551,0.01998551,26317,81,0
7594.43126412,7594.43118552,3346.81457313,3346.81754205,0.03915093,1834.63253346,0.01998550,0.01998551,26316,81,0
7594.71984320,7594.71979845,3357.72586441,3357.72755776,0.04834463,1834.57147386,0.01998550,0.01998551,26315,81,0
7595.00824354,7595.00843330,3368.65718928,3368.64999588,0.04871935,1834.50825264,0.01998550,0.01998551,26314,81,0
7595.29724931,7595.29709009,3379.60917410,3379.61522056,0.04361588,1834.44267778,0.01998551,0.01998551,26313,81,0
7595.58539452,7595.58576882,3390.58171329,3390.56747391,0.04543262,1834.37507372,0.01998550,0.01998551,26312,81,0
7595.87468731,7595.87446948,3401.57425405,3401.58255535,0.04584970,1834.30495778,0.01998551,0.01998551,26311,81,0
7596.16307690,7596.16319208,3412.58625651,3412.58185974,0.04530797,1834.23281629,0.01998550,0.01998551,26310,81,0
7596.45201847,7596.45193663,3423.61762348,3423.62075285,0.04770427,1834.15827879,0.01998551,0.01998551,26309,81,0
7596.74061607,7596.74070311,3434.66864262,3434.66530864,0.04216445,1834.08156081,0.01998551,0.01998551,26308,81,0
7597.02929370,7597.02949155,3445.73961816,3445.73202665,0.04415433,1834.00253919,0.01998550,0.01998551,26307,81,0
7597.31800827,7597.31830194,3456.83089211,3456.81960442,0.05204622,1833.92121027,0.01998550,0.01998551,26306,81,0
7597.60694806,7597.60713428,3467.94285037,3467.93567978,0.05048554,1833.83750315,0.01998551,0.01998551,26305,81,0
7597.89626158,7597.89598857,3479.07587989,3479.08641173,0.04562309,1833.75135251,0.01998551,0.01998551,26304,81,0
7598.18505001,7598.18486483,3490.23008018,3490.23723709,0.04745735,1833.66301473,0.01998551,0.01998551,26303,81,0
7598.47389951,7598.47376304,3501.40511136,3501.41039490,0.04257401,1833.57230657,0.01998551,0.01998551,26302,81,0
7598.76260919,7598.76268321,3512.60059296,3512.59772201,0.04516650,1833.47928309,0.01998551,0.01998551,26301,81,0
7599.05138631,7599.05162535,3523.81613651,3523.80684993,0.05273340,1833.38386975,0.01998551,0.01998551,26300,81,0
7599.34051257,7599.34058946,3535.05134232,3535.04835009,0.05374936,1833.28596006,0.01998551,0.01998551,26299,81,0
7599.62969593,7599.62957554,3546.30580860,3546.31050116,0.04474046,1833.18563991,0.01998551,0.01998551,26298,81,0
7599.91828207,7599.91858359,3557.57984736,3557.56807493,0.04526420,1833.08312878,0.01998550,0.01998551,26297,81,0
7600.20713931,7600.20761361,3568.87538048,3568.85682625,0.05141553,1832.97809267,0.01998550,0.01998551,26296,81,0
7600.49662420,7600.49666562,3580.19456661,3580.19294311,0.04381389,1832.87035703,0.01998551,0.01998551,26295,81,0
7600.78580262,7600.78573960,3591.53844422,3591.54091953,0.04326722,1832.76024110,0.01998551,0.01998551,26294,81,0
7601.06796382,7601.07483557,0.00000000,3602.64675733,0.30491113,1832.65027761,0.01998549,0.01998551,26293,81,1
7601.36428990,7601.36395352,3614.29235495,3614.30561416,0.04378945,1832.53249942,0.01998551,0.01998551,26292,81,0
7601.65333369,7601.65309346,3625.69894209,3625.70842770,0.05015253,1832.41498976,0.01998551,0.01998551,26291,81,0
7601.94252645,7601.94225538,3637.12724796,3637.13797164,0.04380405,1832.29490374,0.01998551,0.01998551,26290,81,0
7602.23164917,7602.23143931,3648.58022217,3648.58854307,0.04984926,1832.17228631,0.01998551,0.01998551,26289,81,0
7602.52037917,7602.52064522,3660.05956359,3660.04899212,0.05081765,1832.04724699,0.01998550,0.01998551,26288,81,0
7602.81020977,7602.80987314,3671.56334372,3671.57674595,0.04239323,1831.91913521,0.01998551,0.01998551,26287,81,0
7603.09889613,7603.09912305,3683.08896991,3683.07992033,0.05083961,1831.78895856,0.01998551,0.01998551,26286,81,0
7603.38881330,7603.38839497,3694.63492040,3694.65163221,0.04997939,1831.65564930,0.01998551,0.01998551,26285,81,0
7603.67765683,7603.67768889,3706.20271597,3706.20143268,0.03987498,1831.52023460,0.01998551,0.01998551,26284,81,0
7603.96732849,7603.96700482,3717.79442043,3717.80740229,0.05277884,1831.38178794,0.01998551,0.01998551,26283,81,0
7604.25620835,7604.25634276,3729.41124048,3729.40583868,0.04004174,1831.24105370,0.01998551,0.01998551,26282,81,0
7604.54582896,7604.54570271,3741.05211849,3741.05720222,0.04482926,1831.09728372,0.01998551,0.01998551,26281,81,0
7604.83543032,7604.83508468,3752.71562317,3752.72956690,0.03960798,1830.95084852,0.01998551,0.01998551,26280,81,0
7605.12454892,7605.12448866,3764.40091052,3764.40334564,0.05090739,1830.80198630,0.01998551,0.01998551,26279,81,0
7605.41383868,7605.41391467,3776.10851132,3776.10543452,0.04790926,1830.65034427,0.01998551,0.01998551,26278,81,0
7605.70390103,7605.70336270,3787.83915423,3787.86099259,0.04836218,1830.49557038,0.01998551,0.01998551,26277,81,0
7605.99279428,7605.99283275,3799.59342032,3799.59185682,0.03981841,1830.33868415,0.01998551,0.01998551,26276,81,0
7606.28235654,7606.28232483,3811.37159487,3811.37288631,0.05222909,1830.17867584,0.01998551,0.01998551,26275,81,0
7606.57160951,7606.57183894,3823.17392985,3823.16456733,0.05213293,1830.01606250,0.01998551,0.01998551,26274,81,0
7606.86137191,7606.86137509,3835.00056356,3835.00043346,0.04726531,1829.85036385,0.01998551,0.01998551,26273,81,0
7607.15088734,7607.15093327,3846.85145302,3846.84957157,0.05192398,1829.68199394,0.01998551,0.01998551,26272,81,0
7607.44047728,7607.44051349,3858.72655842,3858.72507215,0.04963811,1829.51075364,0.01998551,0.01998551,26271,81,0
7607.72961800,7607.73011574,3870.62651631,3870.60604231,0.05332743,1829.33693350,0.01998551,0.01998551,26270,81,0
7608.01988096,7608.01974004,3882.55279664,3882.55860590,0.04547926,1829.15954105,0.01998551,0.01998551,26269,81,0
7608.30909585,7608.30938639,3894.50684476,3894.49484027,0.03554702,1828.97986298,0.01998551,0.01998551,26268,81,0
7608.59844263,7608.59905478,3906.48832260,3906.46297555,0.04083542,1828.79716762,0.01998551,0.01998551,26267,81,0
7608.88840705,7608.88874523,3918.49525207,3918.48122207,0.04936180,1828.61115016,0.01998551,0.01998551,26266,81,0
7609.17859015,7609.17845773,3930.52582460,3930.53132899,0.04716499,1828.42206617,0.01998551,0.01998551,26265,81,0
7609.46866812,7609.46819228,3942.58115321,3942.60097349,0.04699875,1828.23009180,0.01998551,0.01998551,26264,81,0
7609.75799416,7609.75794889,3954.66426016,3954.66615017,0.04862181,1828.03560330,0.01998551,0.01998551,26263,81,0
7610.04840963,7610.04772756,3966.77758423,3966.80612953,0.04679757,1827.83729944,0.01998551,0.01998551,26262,81,0
7610.33737581,7610.33752830,3978.91900470,3978.91260964,0.04635985,1827.63693525,0.01998551,0.01998551,26261,81,0
7610.62713099,7610.62735110,3991.08440441,3991.07515767,0.03928836,1827.43302032,0.01998551,0.01998551,26260,81,0
7610.91715647,7610.91719596,4003.27104519,4003.26938306,0.04203263,1827.22593437,0.01998551,0.01998551,26259,81,0
7611.20644726,7611.20706290,4015.48224496,4015.45628130,0.04883039,1827.01633110,0.01998551,0.01998551,26258,81,0
7611.49695557,7611.49695191,4027.72296881,4027.72312331,0.04844336,1826.80268509,0.01998551,0.01998551,26257,81,0
7611.78707432,7611.78686300,4039.99600258,4040.00495927,0.04357615,1826.58609572,0.01998551,0.01998551,26256,81,0
7612.07628321,7612.07679617,4052.29863449,4052.27684530,0.04356690,1826.36700042,0.01998551,0.01998551,26255,81,0
7612.36689740,7612.36675141,4064.62732132,4064.63353468,0.04632294,1826.14368209,0.01998551,0.01998551,26254,81,0
7612.65692335,7612.65672874,4076.98053995,4076.98883870,0.04550660,1825.91767012,0.01998551,0.01998551,26253,81,0
nan,nan,0.00000000,-1.00000000,0.00000000,1825.69534665,nan,0.00000000,-2147483648,81,1
nan,nan,0.00000000,-1.00000000,0.00000000,1824.68355357,nan,0.00000000,-2147483648,80,1
7577.15445811,7577.15444762,11.71835584,11.71861610,0.04560685,1825.03746858,0.01998550,0.01998550,26376,80,0
7577.44093524,7577.44174930,18.84840252,18.82819272,0.05958562,1825.41113412,0.01998550,0.01998550,26375,80,0
7577.72937298,7577.72907276,25.98407924,25.99153778,0.06136631,1825.78674778,0.01998550,0.01998550,26374,80,0
7578.01677543,7578.01641801,33.12547605,33.13436237,0.05272658,1826.16040794,0.01998550,0.01998550,26373,80,0
7578.30395968,7578.30378504,40.27266019,40.27700528,0.04157005,1826.53318227,0.01998550,0.01998550,26372,80,0
7578.59138501,7578.59117386,47.42549766,47.43075480,0.04398023,1826.90565779,0.01998550,0.01998550,26371,80,0
7578.87849140,7578.87858447,54.58375008,54.58143127,0.03999062,1827.27709460,0.01998550,0.01998550,26370,80,0
7579.16607645,7579.16601688,61.74717708,61.74866232,0.04158500,1827.64850964,0.01998550,0.01998550,26369,80,0
7579.45335213,7579.45347108,68.91553719,68.91257004,0.06831903,1828.01887026,0.01998550,0.01998550,26368,80,0
7579.74142111,7579.74094707,76.08866113,76.10049289,0.05402184,1828.38958586,0.01998551,0.01998550,26367,80,0
7580.02912011,7580.02844487,83.26672600,83.28359031,0.04420932,1828.75916533,0.01998551,0.01998550,26366,80,0
7580.31561830,7580.31596448,90.45001232,90.44136071,0.03767523,1829.12655930,0.01998550,0.01998550,26365,80,0
7580.60325307,7580.60350588,97.63880193,97.63247913,0.03943274,1829.49477784,0.01998550,0.01998550,26364,80,0
7580.89043389,7580.89106910,104.83337776,104.81747955,0.06049357,1829.86179496,0.01998550,0.01998550,26363,80,0
7581.17884589,7581.17865412,112.03393525,112.03873842,0.05679688,1830.22976958,0.01998550,0.01998550,26362,80,0
7581.46657632,7581.46626096,119.24044590,119.24835070,0.04505076,1830.59625590,0.01998550,0.01998550,26361,80,0
7581.75366507,7581.75388962,126.45284601,126.44721330,0.03951133,1830.96130357,0.01998550,0.01998550,26360,80,0
7582.04044608,7582.04154009,133.67107158,133.64360893,0.04305458,1831.32533494,0.01998550,0.01998550,26359,80,0
7582.32890537,7582.32921238,140.89505793,140.88734546,0.05616229,1831.69086109,0.01998550,0.01998550,26358,80,0
7582.61753936,7582.61690650,148.12472440,148.14063341,0.04105023,1832.05596440,0.01998551,0.01998550,26357,80,0
7582.90319828,7582.90462244,155.35996874,155.32414295,0.03044781,1832.41666281,0.01998550,0.01998550,26356,80,0
7583.19324352,7583.19236021,162.60068667,162.62292192,0.03640679,1832.78223934,0.01998551,0.01998550,26355,80,0
7583.47970393,7583.48011981,169.84677345,169.83629773,0.05378019,1833.14263714,0.01998550,0.01998550,26354,80,0
7583.76895386,7583.76790125,177.09813940,177.12467148,0.04379466,1833.50587207,0.01998551,0.01998550,26353,80,0
7584.05577658,7584.05570451,184.35490097,184.35671878,0.04526693,1833.86539564,0.01998550,0.01998550,26352,80,0
7584.34397335,7584.34352962,191.61732160,191.62852200,0.04363612,1834.22598735,0.01998551,0.01998550,26351,80,0
7584.63110753,7584.63137657,198.88566902,198.87887310,0.05919428,1834.58460851,0.01998550,0.01998550,26350,80,0
7584.92041258,7584.91924536,206.16021227,206.18972023,0.04705210,1834.94530502,0.01998551,0.01998550,26349,80,0
7585.20752142,7585.20713599,213.44115627,213.45090793,0.02996111,1835.30263998,0.01998550,0.01998550,26348,80,0
7585.49458122,7585.49504847,220.72834915,220.71651829,0.04851046,1835.65928326,0.01998550,0.01998550,26347,80,0
7585.78438907,7585.78298281,228.02151639,228.05714887,0.05803440,1836.01868518,0.01998551,0.01998550,26346,80,0
7586.07129212,7586.07093899,235.32038209,235.32933596,0.04227590,1836.37382030,0.01998550,0.01998550,26345,80,0
7586.35922597,7586.35891703,242.62466944,242.63250789,0.04106602,1836.72955116,0.01998550,0.01998550,26344,80,0
7586.64723483,7586.64691693,249.93423335,249.94230441,0.05699915,1837.08468398,0.01998550,0.01998550,26343,80,0
7586.93507184,7586.93493869,257.24924361,257.25262641,0.04377098,1837.43892099,0.01998550,0.01998550,26342,80,0
7587.22303605,7587.22298231,264.56991656,264.57128295,0.04095237,1837.79263882,0.01998550,0.01998550,26341,80,0
7587.51072948,7587.51104780,271.89646958,271.88837067,0.05897310,1838.14535744,0.01998550,0.01998550,26340,80,0
7587.79970026,7587.79913515,279.22911681,279.24350610,0.04043664,1838.49897953,0.01998551,0.01998550,26339,80,0
7588.08756004,7588.08724438,286.56796420,286.57600790,0.03980016,1838.85058462,0.01998550,0.01998550,26338,80,0
7588.37484596,7588.37537547,293.91300255,293.89949892,0.05531636,1839.20083183,0.01998550,0.01998550,26337,80,0
7588.66310611,7588.66352845,301.26421710,301.25343863,0.04326998,1839.55160416,0.01998550,0.01998550,26336,80,0
7588.95177333,7588.95170330,308.62159298,308.62338162,0.04117713,1839.90220363,0.01998550,0.01998550,26335,80,0
7589.23936944,7589.23990003,315.98511884,315.97155706,0.05548879,1840.25083443,0.01998550,0.01998550,26334,80,0
7589.52844145,7589.52811864,323.35481022,323.36306753,0.03731477,1840.60058110,0.01998550,0.01998550,26333,80,0
7589.81630968,7589.81635914,330.73069495,330.72942877,0.03761588,1840.94819957,0.01998550,0.01998550,26332,80,0
7590.10492530,7590.10462152,338.11280102,338.12058340,0.05703629,1841.29604661,0.01998550,0.01998550,26331,80,0
7590.39298803,7590.39290580,345.50115652,345.50326479,0.03125509,1841.64255337,0.01998550,0.01998550,26330,80,0
7590.68101672,7590.68121197,352.89575543,352.89074569,0.05338384,1841.98834342,0.01998550,0.01998550,26329,80,0
7590.96993377,7590.96954003,360.29649892,360.30660908,0.04573774,1842.33451416,0.01998551,0.01998550,26328,80,0
7591.25766968,7591.25788999,367.70327209,367.69761105,0.05281273,1842.67857940,0.01998550,0.01998550,26327,80,0
7591.54634059,7591.54626185,375.11595947,375.11798414,0.05364353,1843.02306280,0.01998551,0.01998550,26326,80,0
7591.83455574,7591.83465562,382.53444990,382.53187970,0.03595543,1843.36629564,0.01998550,0.01998550,26325,80,0
7592.12281032,7592.12307129,389.95875253,389.95203250,0.05411953,1843.70886742,0.01998550,0.01998550,26324,80,0
7592.41203862,7592.41150886,397.38900239,397.40265426,0.03807473,1844.05188878,0.01998551,0.01998550,26323,80,0
7592.69972923,7592.69996835,404.82534103,404.81917430,0.05597824,1844.39238752,0.01998550,0.01998550,26322,80,0
7592.98931144,7592.98844975,412.26791068,412.29015020,0.04426787,1844.73442538,0.01998551,0.01998550,26321,80,0
7593.27670452,7593.27695306,419.71683695,419.71041725,0.05404699,1845.07318685,0.01998550,0.01998550,26320,80,0
7593.56580704,7593.56547829,427.17213865,427.18063646,0.03720048,1845.41326754,0.01998551,0.01998550,26319,80,0
7593.85351942,7593.85402544,434.63379358,434.62070306,0.04366824,1845.75101674,0.01998550,0.01998551,26318,80,0
7594.14347477,7594.14259452,442.10177931,442.12456846,0.05654629,1846.09069288,0.01998551,0.01998551,26317,80,0
7594.43151969,7594.43118552,449.57607337,449.58473139,0.03303058,1846.42742571,0.01998551,0.01998551,26316,80,0
7594.72031607,7594.71979845,457.05666222,457.07008384,0.05743865,1846.76432835,0.01998551,0.01998551,26315,80,0
7595.00877065,7595.00843330,464.54355013,464.55230394,0.03099883,1847.10012171,0.01998551,0.01998551,26314,80,0
7595.30652369,nan,0.00000000,472.27568247,0.04231294,1847.44572248,0.01998553,0.01998551,26313,80,1
7595.58575558,7595.58576882,479.53624858,479.53590448,0.02974375,1847.76965745,0.01998551,0.01998551,26312,80,0
7595.87440240,7595.87446948,487.04206419,487.04031950,0.05222461,1848.10352949,0.01998551,0.01998551,26311,80,0
7596.16281235,7596.16319208,494.55409394,494.54421033,0.03685981,1848.43640408,0.01998551,0.01998551,26310,80,0
7596.45216754,7596.45193663,502.07217703,502.07819145,0.05135649,1848.76963344,0.01998551,0.01998551,26309,80,0
7596.74007249,7596.74070311,509.59615063,509.57971380,0.03855499,1849.10045137,0.01998550,0.01998551,26308,80,0
7597.02997102,7597.02949155,517.12585112,517.13835678,0.05436864,1849.43280343,0.01998551,0.01998551,26307,80,0
7597.31784080,7597.31830194,524.66124821,524.64921223,0.03885258,1849.76207490,0.01998551,0.01998551,26306,80,0
7597.60705382,7597.60713428,532.20274088,532.20063931,0.05285376,1850.09214074,0.01998551,0.01998551,26305,80,0
7597.89523760,7597.89598857,539.75081583,539.73118378,0.04996858,1850.42031088,0.01998550,0.01998551,26304,80,0
7598.18547730,7598.18486483,547.30596224,547.32198790,0.03325845,1850.75011357,0.01998551,0.01998551,26303,80,0
7598.47381070,7598.47376304,554.86864709,554.86989537,0.04882048,1851.07706342,0.01998551,0.01998551,26302,80,0
7598.76296114,7598.76268321,562.43881412,562.44609935,0.03439514,1851.40424706,0.01998551,0.01998551,26301,80,0
7599.05146726,7599.05162535,570.01590336,570.01175593,0.05263501,1851.72998341,0.01998551,0.01998551,26300,80,0
7599.34003367,7599.34058946,577.59933175,577.58474067,0.03300555,1852.05504264,0.01998551,0.01998551,26299,80,0
7599.63004157,7599.62957554,585.18851320,585.20075580,0.04956055,1852.38094720,0.01998551,0.01998551,26298,80,0
7599.91840829,7599.91858359,592.78303933,592.77843123,0.05168958,1852.70421410,0.01998551,0.01998551,26297,80,0
7600.20728429,7600.20761361,600.38327614,600.37461306,0.03639313,1853.02727225,0.01998551,0.01998551,26296,80,0
7600.49681399,7600.49666562,607.98980001,607.99370616,0.05314600,1853.35030071,0.01998551,0.01998551,26295,80,0
7600.78540211,7600.78573960,615.60319034,615.59429789,0.03386429,1853.67154276,0.01998551,0.01998551,26294,80,0
7601.07518273,7601.07483557,623.22401260,623.23316846,0.04929427,1853.99339422,0.01998551,0.01998551,26293,80,0
7601.36452257,7601.36395352,630.85234687,630.86736780,0.05209390,1854.31403872,0.01998551,0.01998551,26292,80,0
7601.65298540,7601.65309346,638.48772208,638.48486762,0.03631407,1854.63297522,0.01998551,0.01998551,26291,80,0
7601.94241150,7601.94225538,646.12963518,646.13376245,0.04875263,1854.95221438,0.01998551,0.01998551,26290,80,0
7602.23162701,7602.23143931,653.77758042,653.78254635,0.04328318,1855.27043495,0.01998551,0.01998551,26289,80,0
7602.52048364,7602.52064522,661.43120422,661.42692668,0.03463129,1855.58745917,0.01998551,0.01998551,26288,80,0
7602.80988408,7602.80987314,669.09087411,669.09116405,0.04693991,1855.90428999,0.01998551,0.01998551,26287,80,0
7603.09932290,7603.09912305,676.75717043,676.76246948,0.04891708,1856.22039330,0.01998551,0.01998551,26286,80,0
7603.38827717,7603.38839497,684.43067659,684.42755048,0.03457299,1856.53522112,0.01998551,0.01998551,26285,80,0
7603.67827271,7603.67768889,692.11196032,692.12746929,0.05123642,1856.85045420,0.01998551,0.01998551,26284,80,0
7603.96715425,7603.96700482,699.80107132,699.80504464,0.04903680,1857.16374897,0.01998551,0.01998551,26283,80,0
7604.25608940,7604.25634276,707.49748288,707.49074067,0.03376933,1857.47635135,0.01998551,0.01998551,26282,80,0
7604.54616560,7604.54570271,715.20063562,715.21296291,0.04793305,1857.78940765,0.01998551,0.01998551,26281,80,0
7604.83524790,7604.83508468,722.90996714,722.91431699,0.05335636,1858.10058791,0.01998551,0.01998551,26280,80,0
7605.12483358,7605.12448866,730.62508188,730.63428003,0.04932381,1858.41148763,0.01998551,0.01998551,26279,80,0
7605.41399367,7605.41391467,738.34627881,738.34838727,0.04039084,1858.72111891,0.01998551,0.01998551,26278,80,0
7605.70405367,7605.70336270,746.07403709,746.09249249,0.05317323,1859.03091594,0.01998551,0.01998551,26277,80,0
7605.99221369,7605.99283275,753.80883843,753.79228969,0.04977767,1859.33790897,0.01998550,0.01998551,26276,80,0
7606.28218665,7606.28232483,761.55114848,761.54745120,0.03510310,1859.64606965,0.01998551,0.01998551,26275,80,0
7606.57198103,7606.57183894,769.30107727,769.30488244,0.04805308,1859.95327653,0.01998551,0.01998551,26274,80,0
7606.86157722,7606.86137509,777.05841265,777.06383063,0.04367866,1860.25949896,0.01998551,0.01998551,26273,80,0
7607.15098073,7607.15093327,784.82292972,784.82420296,0.04915912,1860.56473261,0.01998551,0.01998551,26272,80,0
7607.43982433,7607.44051349,792.59440245,792.57590025,0.03317934,1860.86858165,0.01998550,0.01998551,26271,80,0
7607.73022017,7607.73011574,800.37268118,800.37548708,0.04280989,1861.17325528,0.01998551,0.01998551,26270,80,0
7608.02007343,7608.01974004,808.15784239,808.16680754,0.05072926,1861.47655179,0.01998551,0.01998551,26269,80,0
7608.30953309,7608.30938639,815.95000417,815.95395246,0.04787394,1861.77863289,0.01998551,0.01998551,26268,80,0
7608.59855279,7608.59905478,823.74928527,823.73576346,0.04123356,1862.07945550,0.01998550,0.01998551,26267,80,0
7608.88937822,7608.88874523,831.55579764,831.57286263,0.02914351,1862.38135288,0.01998551,0.01998551,26266,80,0
7609.17834966,7609.17845773,839.36957472,839.36665871,0.05125394,1862.68052463,0.01998551,0.01998551,26265,80,0
7609.46823578,7609.46819228,847.19060205,847.19177684,0.04945517,1862.97983767,0.01998551,0.01998551,26264,80,0
7609.75811437,7609.75794889,855.01886439,855.02333713,0.05164709,1863.27833259,0.01998551,0.01998551,26263,80,0
7610.04782599,7610.04772756,862.85434759,862.85701021,0.05588574,1863.57584257,0.01998551,0.01998551,26262,80,0
7610.33727200,7610.33752830,870.69713703,870.69019794,0.04742047,1863.87226854,0.01998551,0.01998551,26261,80,0
7610.62788383,7610.62735110,878.54749180,878.56192833,0.05026629,1864.16907956,0.01998551,0.01998551,26260,80,0
7610.91799727,7610.91719596,886.40568974,886.42742480,0.03129586,1864.46458061,0.01998551,0.01998551,26259,80,0
7611.20692128,7611.20706290,894.27201018,894.26816495,0.05050924,1864.75808211,0.01998551,0.01998551,26258,80,0
7611.49697146,7611.49695191,902.14662600,902.14715726,0.04576682,1865.05193980,0.01998551,0.01998551,26257,80,0
7611.78669659,7611.78686300,910.02914379,910.02461719,0.04625091,1865.34466229,0.01998551,0.01998551,26256,80,0
7612.07652347,7612.07679617,917.91898237,917.91155851,0.04921772,1865.63665715,0.01998551,0.01998551,26255,80,0
7612.36737126,7612.36675141,925.81555718,925.83244413,0.04371188,1865.92882107,0.01998551,0.01998551,26254,80,0
7612.65600859,7612.65672874,933.71831330,933.69868039,0.04774080,1866.21789043,0.01998551,0.01998551,26253,80,0
7612.94656154,7612.94672816,941.62730736,941.62276173,0.04860625,1866.50799849,0.01998551,0.01998551,26252,80,0
7613.23680246,7613.23674966,949.54314089,949.54458254,0.05402843,1866.79693321,0.01998551,0.01998551,26251,80,0
7613.52636954,7613.52679325,957.46643758,957.45485760,0.03460354,1867.08435872,0.01998551,0.01998551,26250,80,0
7613.81612515,7613.81685894,965.39782314,965.37774902,0.04675819,1867.37115269,0.01998551,0.01998551,26249,80,0
7614.10684992,7614.10694672,973.33761162,973.33496096,0.04752740,1867.65809101,0.01998551,0.01998551,26248,80,0
7614.39702743,7614.39705660,981.28541746,981.28461783,0.04545501,1867.94365804,0.01998551,0.01998551,26247,80,0
7614.68699439,7614.68718858,989.24075830,989.23543130,0.04198134,1868.22816799,0.01998551,0.01998551,26246,80,0
7614.97723627,7614.97734267,997.20314899,997.20022797,0.04529529,1868.51207666,0.01998551,0.01998551,26245,80,0
7615.26783646,7615.26751886,1005.17219726,1005.18092282,0.04443400,1868.79544604,0.01998551,0.01998551,26244,80,0
7615.55781262,7615.55771716,1013.14807048,1013.15069513,0.04581420,1869.07732272,0.01998551,0.01998551,26243,80,0
7615.84777225,7615.84793757,1021.13114144,1021.12659197,0.04901910,1869.35831059,0.01998551,0.01998551,26242,80,0
7616.13813063,7616.13818009,1029.12178533,1029.12042283,0.04583333,1869.63882061,0.01998551,0.01998551,26241,80,0
7616.42900985,7616.42844473,1037.12036181,1037.13594151,0.04598695,1869.91897622,0.01998551,0.01998551,26240,80,0
7616.71871341,7616.71873149,1045.12692557,1045.12642657,0.04632808,1870.19714505,0.01998551,0.01998551,26239,80,0
7617.00878012,7617.00904037,1053.14127110,1053.13408329,0.04647134,1870.47479798,0.01998551,0.01998551,26238,80,0
7617.29925631,7617.29937138,1061.16318343,1061.16000268,0.04702102,1870.75196539,0.01998551,0.01998551,26237,80,0
7617.59032648,7617.58972450,1069.19244740,1069.20910097,0.04408340,1871.02880833,0.01998551,0.01998551,26236,80,0
7617.87996031,7617.88009976,1077.22895028,1077.22508929,0.04493861,1871.30339282,0.01998551,0.01998551,26235,80,0
7618.17041370,7618.17049715,1085.27276908,1085.27045648,0.04367880,1871.57786012,0.01998551,0.01998551,26234,80,0
7618.46055777,7618.46091667,1093.32400167,1093.31404759,0.04793101,1871.85114156,0.01998551,0.01998551,26233,80,0
7618.75155580,7618.75135833,1101.38274642,1101.38822797,0.05526150,1872.12433065,0.01998551,0.01998551,26232,80,0
7619.04165018,7619.04182213,1109.44914747,1109.44437016,0.05470706,1872.39577940,0.01998551,0.01998551,26231,80,0
7619.33258994,7619.33230807,1117.52353265,1117.53137120,0.04404205,1872.66713264,0.01998551,0.01998551,26230,80,0
7619.62333035,7619.62281615,1125.60627797,1125.62059146,0.04603420,1872.93742238,0.01998551,0.01998551,26229,80,0
7619.91340164,7619.91334638,1133.69776161,1133.69930143,0.04631893,1873.20622498,0.01998551,0.01998551,26228,80,0
7620.20360765,7620.20389876,1141.79829838,1141.79017822,0.04489656,1873.47429459,0.01998551,0.01998551,26227,80,0
7620.49455772,7620.49447329,1149.90761279,1149.90997019,0.04618535,1873.74217741,0.01998551,0.01998551,26226,80,0
7620.78474595,7620.78506997,1158.02511350,1158.01605841,0.03876724,1874.00846412,0.01998551,0.01998551,26225,80,0
7621.07625972,7621.07568881,1166.15020276,1166.16617064,0.03907248,1874.27504462,0.01998551,0.01998551,26224,80,0
7621.36597348,7621.36632981,1174.28230534,1174.27233163,0.04708713,1874.53904131,0.01998551,0.01998551,26223,80,0
7621.65745123,7621.65699297,1182.42144245,1182.43428015,0.05202662,1874.80369985,0.01998551,0.01998551,26222,80,0
7621.94784616,7621.94767829,1190.56823566,1190.57294248,0.04769120,1875.06644928,0.01998551,0.01998551,26221,80,0
7622.23789017,7622.23838578,1198.72333632,1198.70942626,0.04400371,1875.32797643,0.01998551,0.01998551,26220,80,0
7622.52957540,7622.52911544,1206.88739575,1206.90031880,0.04107007,1875.59008899,0.01998551,0.01998551,26219,80,0
7622.81927516,7622.81986727,1215.06070792,1215.04405464,0.04241676,1875.84953525,0.01998551,0.01998551,26218,80,0
7623.11020189,7623.11064128,1223.24291906,1223.23054896,0.04317045,1876.10918067,0.01998551,0.01998551,26217,80,0
7623.40157959,7623.40143746,1231.43360546,1231.43761060,0.04617392,1876.36830787,0.01998551,0.01998551,26216,80,0
7623.69231905,7623.69225582,1239.63234086,1239.63412432,0.04504183,1876.62593227,0.01998551,0.01998551,26215,80,0
7623.98295512,7623.98309636,1247.83883606,1247.83484900,0.04312699,1876.88251907,0.01998551,0.01998551,26214,80,0
7624.27409967,7624.27395909,1256.05324747,1256.05721945,0.04391799,1877.13860821,0.01998551,0.01998551,26213,80,0
7624.56463914,7624.56484401,1264.27582174,1264.27002810,0.04255505,1877.39322511,0.01998551,0.01998551,26212,80,0
7624.85552068,7624.85575111,1272.50680703,1272.50028396,0.05051121,1877.64720538,0.01998551,0.01998551,26211,80,0
7625.14649294,7625.14668041,1280.74641483,1280.74110301,0.04185005,1877.90033056,0.01998551,0.01998551,26210,80,0
7625.43756296,7625.43763190,1288.99464399,1288.99268870,0.03932966,1878.15260228,0.01998551,0.01998551,26209,80,0
7625.72810366,7625.72860558,1297.25141890,1297.23716933,0.04193959,1878.40347335,0.01998551,0.01998551,26208,80,0
7626.01928317,7626.01960147,1305.51666336,1305.50761824,0.05022552,1878.65394606,0.01998551,0.01998551,26207,80,0
7626.31017895,7626.31061956,1313.79029916,1313.77776691,0.04401627,1878.90321931,0.01998551,0.01998551,26206,80,0
7626.60191600,7626.60165985,1322.07223301,1322.07952531,0.04079668,1879.15224812,0.01998551,0.01998551,26205,80,0
7626.89240418,7626.89272235,1330.36236286,1330.35329648,0.04925507,1879.39924395,0.01998551,0.01998551,26204,80,0
7627.18340293,7627.18380706,1338.66058591,1338.64905969,0.04664394,1879.64570010,0.01998551,0.01998551,26203,80,0
7627.47479441,7627.47491399,1346.96681349,1346.96339994,0.04171559,1879.89150632,0.01998551,0.01998551,26202,80,0
7627.76635247,7627.76604313,1355.28120691,1355.29004579,0.03884059,1880.13647048,0.01998551,0.01998551,26201,80,0
7628.05717459,7628.05719448,1363.60413754,1363.60356864,0.04940832,1880.37984465,0.01998551,0.01998551,26200,80,0
7628.34805231,7628.34836806,1371.93598546,1371.92694582,0.04369740,1880.62230218,0.01998551,0.01998551,26199,80,0
7628.63944399,7628.63956385,1380.27712347,1380.27368830,0.04337876,1880.86422939,0.01998551,0.01998551,26198,80,0
7628.93051449,7628.93078188,1388.62762223,1388.61995112,0.04945388,1881.10493017,0.01998551,0.01998551,26197,80,0
7629.22195566,7629.22202213,1396.98719318,1396.98528437,0.04202286,1881.34496424,0.01998551,0.01998551,26196,80,0
7629.51306918,7629.51328461,1405.35552517,1405.34933284,0.05036636,1881.58374366,0.01998551,0.01998551,26195,80,0
7629.80430310,7629.80456932,1413.73230706,1413.72464780,0.04125611,1881.82162455,0.01998551,0.01998551,26194,80,0
7630.09606724,7630.09587627,1422.11735475,1422.12285427,0.03963636,1882.05892962,0.01998551,0.01998551,26193,80,0
7630.38744137,7630.38720545,1430.51068977,1430.51748987,0.04740379,1882.29490687,0.01998551,0.01998551,26192,80,0
7630.67812324,7630.67855688,1438.91235236,1438.89984187,0.03969901,1882.52931487,0.01998551,0.01998551,26191,80,0
7630.96992410,7630.96993055,1447.32238407,1447.32219799,0.04990885,1882.76360972,0.01998551,0.01998551,26190,80,0
7631.26146119,7631.26132646,1455.74099976,1455.74489399,0.04191388,1882.99667918,0.01998551,0.01998551,26189,80,0
7631.55287919,7631.55274462,1464.16877756,1464.17267124,0.03756011,1883.22865326,0.01998551,0.01998551,26188,80,0
7631.84437113,7631.84418503,1472.60634465,1472.61173547,0.04926552,1883.45969916,0.01998551,0.01998551,26187,80,0
7632.13511855,7632.13564770,1481.05433139,1481.03898496,0.04019284,1883.68918451,0.01998551,0.01998551,26186,80,0
7632.42744282,7632.42713262,1489.51297224,1489.52197898,0.04539968,1883.91893936,0.01998551,0.01998551,26185,80,0
7632.71891160,7632.71863980,1497.98145546,1497.98935537,0.04569887,1884.14702206,0.01998551,0.01998551,26184,80,0
7633.01012792,7633.01016924,1506.45879454,1506.45759259,0.04874445,1884.37387974,0.01998551,0.01998551,26183,80,0
7633.30187469,7633.30172094,1514.94399674,1514.94847303,0.03892903,1884.60009076,0.01998551,0.01998551,26182,80,0
7633.59357452,7633.59329491,1523.43646194,1523.44460941,0.04802020,1884.82518571,0.01998551,0.01998551,26181,80,0
7633.88434109,7633.88489115,1531.93683916,1531.92079701,0.03520575,1885.04850007,0.01998551,0.01998551,26180,80,0
7634.17605238,7634.17650965,1540.44602699,1540.43267736,0.04595936,1885.27149631,0.01998551,0.01998551,26179,80,0
7634.46804253,7634.46815043,1548.96492978,1548.96177613,0.04023638,1885.49367869,0.01998551,0.01998551,26178,80,0
7634.75967556,7634.75981349,1557.49419816,1557.49016244,0.05026885,1885.71457645,0.01998551,0.01998551,26177,80,0
7635.05161770,7635.05149883,1566.03355650,1566.03703855,0.03887601,1885.93468300,0.01998551,0.01998551,26176,80,0
7635.34343843,7635.34320644,1574.58251890,1574.58932107,0.04627507,1886.15365609,0.01998551,0.01998551,26175,80,0
7635.63500571,7635.63493634,1583.14059627,1583.14263205,0.05061268,1886.37138221,0.01998551,0.01998551,26174,80,0
7635.92721467,7635.92668853,1591.70744201,1591.72289866,0.03812529,1886.58851510,0.01998551,0.01998551,26173,80,0
7636.21856111,7636.21846300,1600.28327337,1600.28615839,0.04626976,1886.80394002,0.01998551,0.01998551,26172,80,0
7636.51000122,7636.51025977,1608.86844647,1608.86083553,0.04252036,1887.01837333,0.01998551,0.01998551,26171,80,0
7636.80226015,7636.80207883,1617.46331972,1617.46866297,0.04401768,1887.23234853,0.01998551,0.01998551,26170,80,0
7637.09397842,7637.09392019,1626.06815816,1626.06987612,0.04273765,1887.44487123,0.01998551,0.01998551,26169,80,0
7637.38555542,7637.38578384,1634.68284636,1634.67610062,0.05061806,1887.65622904,0.01998551,0.01998551,26168,80,0
7637.67785273,7637.67766980,1643.30717269,1643.31258046,0.04868595,1887.86703404,0.01998551,0.01998551,26167,80,0
7637.96997571,7637.96957806,1651.94092408,1651.95269118,0.03851249,1888.07662873,0.01998551,0.01998551,26166,80,0
7638.26146477,7638.26150862,1660.58397583,1660.58267692,0.04693393,1888.28468092,0.01998551,0.01998551,26165,80,0
7638.55368519,7638.55346150,1669.23655207,1669.24318508,0.04919036,1888.49216595,0.01998551,0.01998551,26164,80,0
7638.84535102,7638.84543669,1677.89896340,1677.89642051,0.03882917,1888.69817314,0.01998551,0.01998551,26163,80,0
7639.13688612,7639.13743419,1686.57152250,1686.55523530,0.04546267,1888.90300885,0.01998551,0.01998551,26162,80,0
7639.42978007,7639.42945401,1695.25442623,1695.26412661,0.04701654,1889.10771316,0.01998551,0.01998551,26161,80,0
7639.72170302,7639.72149615,1703.94744856,1703.95360959,0.03758408,1889.31064590,0.01998551,0.01998551,26160,80,0
7640.01333145,7640.01356061,1712.65026650,1712.64343455,0.04338618,1889.51227266,0.01998551,0.01998551,26159,80,0
7640.30557826,7640.30564739,1721.36255489,1721.36049179,0.04683599,1889.71321116,0.01998551,0.01998551,26158,80,0
7640.59805249,7640.59775651,1730.08412232,1730.09296416,0.04831592,1889.91317932,0.01998551,0.01998551,26157,80,0
7640.88966050,7640.88988795,1738.81520554,1738.80840421,0.03879528,1890.11143453,0.01998551,0.01998551,26156,80,0
7641.18203357,7641.18204172,1747.55612750,1747.55588364,0.04517667,1890.30908967,0.01998551,0.01998551,26155,80,0
7641.47392461,7641.47421783,1756.30721313,1756.29842611,0.04776931,1890.50530309,0.01998551,0.01998551,26154,80,0
7641.76675169,7641.76641627,1765.06868855,1765.07875162,0.05263374,1890.70102613,0.01998551,0.01998551,26153,80,0
7642.05843440,7642.05863706,1773.84051482,1773.83442806,0.03946669,1890.89486414,0.01998551,0.01998551,26152,80,0
7642.35088543,7642.35088019,1782.62260923,1782.62276687,0.04852605,1891.08808412,0.01998551,0.01998551,26151,80,0
7642.64359437,7642.64314566,1791.41488844,1791.42839445,0.04420884,1891.28033667,0.01998551,0.01998551,26150,80,0
7642.93561060,7642.93543348,1800.21727334,1800.22261031,0.04611158,1891.47099388,0.01998551,0.01998551,26149,80,0
7643.22803479,7643.22774365,1809.02969440,1809.03847623,0.05001732,1891.66077021,0.01998551,0.01998551,26148,80,0
7643.51998757,7643.52007617,1817.85208285,1817.84940736,0.03977454,1891.84908960,0.01998551,0.01998551,26147,80,0
7643.81215582,7643.81243105,1826.68437086,1826.67605146,0.04608608,1892.03639092,0.01998551,0.01998551,26146,80,0
7644.10488531,7644.10480829,1835.52658860,1835.52891935,0.04399402,1892.22288761,0.01998551,0.01998551,26145,80,0
7644.39722355,7644.39720788,1844.37892604,1844.37940073,0.04470460,1892.40797152,0.01998551,0.01998551,26144,80,0
7644.69006403,7644.68962984,1853.24158900,1853.25475543,0.03935099,1892.59220757,0.01998551,0.01998551,26143,80,0
7644.98209618,7644.98207417,1862.11478489,1862.11545324,0.04947707,1892.77477289,0.01998551,0.01998551,26142,80,0
7645.27464655,7645.27454086,1870.99872917,1871.00194147,0.05589946,1892.95649832,0.01998551,0.01998551,26141,80,0
7645.56658900,7645.56702992,1879.89364662,1879.88022970,0.03792750,1893.13668477,0.01998551,0.01998551,26140,80,0
7645.85988595,7645.85954136,1888.79976407,1888.81026217,0.04849729,1893.31653878,0.01998551,0.01998551,26139,80,0
7646.15231250,7646.15207517,1897.71728493,1897.72452396,0.04958480,1893.49469228,0.01998551,0.01998551,26138,80,0
7646.44488261,7646.44463136,1906.64598164,1906.65365386,0.04210125,1893.67175787,0.01998551,0.01998551,26137,80,0
7646.73732442,7646.73720993,1915.58525870,1915.58875867,0.04338630,1893.84755442,0.01998551,0.01998551,26136,80,0
7647.02990990,7647.02981089,1924.53450475,1924.53753460,0.04581090,1894.02222883,0.01998551,0.01998551,26135,80,0
7647.32230063,7647.32243423,1933.49319106,1933.48909904,0.04090115,1894.19556492,0.01998551,0.01998551,26134,80,0
7647.61536812,7647.61507996,1942.46164213,1942.47047810,0.04043098,1894.36807847,0.01998551,0.01998551,26133,80,0
7647.90823240,7647.90774808,1951.44067229,1951.45553997,0.04273354,1894.53925978,0.01998551,0.01998551,26132,80,0
7648.20038905,7648.20043859,1960.43110732,1960.42958447,0.03955206,1894.70883059,0.01998551,0.01998551,26131,80,0
7648.49289197,7648.49315150,1969.43359475,1969.42560780,0.04316677,1894.87741189,0.01998551,0.01998551,26130,80,0
7648.78579993,7648.78588681,1978.44773151,1978.44505477,0.04496132,1895.04502019,0.01998551,0.01998551,26129,80,0
7649.07872659,7649.07864452,1987.47273617,1987.47526751,0.03922505,1895.21141231,0.01998551,0.01998551,26128,80,0
7649.37145453,7649.37142464,1996.50782122,1996.50874426,0.04313086,1895.37644681,0.01998551,0.01998551,26127,80,0
7649.66397458,7649.66422716,2005.55243990,2005.54463384,0.03991174,1895.54010689,0.01998551,0.01998551,26126,80,0
7649.95728663,7649.95705209,2014.60685071,2014.61410666,0.04238971,1895.70294871,0.01998551,0.01998551,26125,80,0
7650.24951028,7650.24989943,2023.67147970,2023.65942777,0.04456562,1895.86393352,0.01998551,0.01998551,26124,80,0
7650.54287151,7650.54276919,2032.74675618,2032.74992862,0.04655601,1896.02429036,0.01998551,0.01998551,26123,80,0
7650.83596781,7650.83566136,2041.83312694,2041.84263965,0.05163117,1896.18325013,0.01998551,0.01998551,26122,80,0
7651.12873700,7651.12857595,2050.93106850,2050.93607389,0.05313579,1896.34078625,0.01998551,0.01998551,26121,80,0
7651.42180915,7651.42151297,2060.04106369,2060.05028059,0.05131441,1896.49724105,0.01998551,0.01998551,26120,80,0
7651.71467770,7651.71447240,2069.16358211,2069.16997902,0.04585563,1896.65234608,0.01998551,0.01998551,26119,80,0
7652.00700193,7652.00745427,2078.29869150,2078.28457865,0.04157241,1896.80592124,0.01998551,0.01998551,26118,80,0
7652.30042910,7652.30045857,2087.44604359,2087.44512306,0.04297308,1896.95881695,0.01998551,0.01998551,26117,80,0
7652.59329437,7652.59348529,2096.60526842,2096.59929700,0.04120003,1897.11015073,0.01998551,0.01998551,26116,80,0
7652.88695400,7652.88653446,2105.77601439,2105.78915137,0.04336857,1897.26061085,0.01998551,0.01998551,26115,80,0
7653.17918876,7653.17960606,2114.95812567,2114.94504394,0.05238723,1897.40905680,0.01998551,0.01998551,26114,80,0
7653.47316936,7653.47270010,2124.15155385,2124.16628148,0.04698981,1897.55709125,0.01998551,0.01998551,26113,80,0
7653.76596185,7653.76581658,2133.35625118,2133.36081562,0.03970750,1897.70322737,0.01998551,0.01998551,26112,80,0
7654.05925296,7654.05895551,2142.57223610,2142.58159310,0.04427965,1897.84830690,0.01998551,0.01998551,26111,80,0
7654.35185133,7654.35211688,2151.79980692,2151.79144311,0.04690752,1897.99174144,0.01998551,0.01998551,26110,80,0
7654.64518985,7654.64530071,2161.03933768,2161.03584189,0.05099032,1898.13423368,0.01998551,0.01998551,26109,80,0
7654.93858551,7654.93850699,2170.29120353,2170.29368263,0.04137596,1898.27544688,0.01998551,0.01998551,26108,80,0
7655.23146694,7655.23173572,2179.55559429,2179.54709698,0.04469163,1898.41510642,0.01998551,0.01998551,26107,80,0
7655.52477615,7655.52498692,2188.83234258,2188.82567087,0.04934887,1898.55365397,0.01998551,0.01998551,26106,80,0
7655.81806087,7655.81826057,2198.12123946,2198.11491038,0.04504497,1898.69086458,0.01998551,0.01998551,26105,80,0
7656.11187302,7656.11155669,2207.42207335,2207.43211082,0.03943243,1898.82698452,0.01998551,0.01998551,26104,80,0
7656.40480669,7656.40487527,2216.73461340,2216.73243479,0.04252105,1898.96135617,0.01998551,0.01998551,26103,80,0
7656.69830303,7656.69821632,2226.05861139,2226.06136907,0.04903141,1899.09463403,0.01998551,0.01998551,26102,80,0
7656.99175996,7656.99157984,2235.39381659,2235.39955146,0.03503531,1899.22653242,0.01998551,0.01998551,26101,80,0
7657.28529637,7657.28496584,2244.74006210,2244.75059765,0.04295164,1899.35709718,0.01998552,0.01998551,26100,80,0
7657.57851412,7657.57837431,2254.09771019,2254.10217169,0.05589556,1899.48615297,0.01998551,0.01998551,26099,80,0
7657.87234655,7657.87180526,2263.46732833,2263.48462333,0.03930816,1899.61411111,0.01998552,0.01998551,26098,80,0
7658.16580996,7658.16525869,2272.84948811,2272.86712447,0.05058621,1899.74054377,0.01998552,0.01998551,26097,80,0
7658.45860788,7658.45873460,2282.24458161,2282.24052206,0.04278524,1899.86532997,0.01998551,0.01998551,26096,80,0
7658.75238011,7658.75223301,2291.65257333,2291.65729182,0.04050433,1899.98916010,0.01998551,0.01998551,26095,80,0
7659.04600388,7659.04575390,2301.07336593,2301.08139463,0.05237936,1900.11154799,0.01998551,0.01998551,26094,80,0
7659.33978708,7659.33929728,2310.50685582,2310.52260647,0.03757318,1900.23261477,0.01998552,0.01998551,26093,80,0
7659.63283955,7659.63286315,2319.95282879,2319.95206870,0.04719721,1900.35198921,0.01998551,0.01998551,26092,80,0
7659.92661830,7659.92645153,2329.41096656,2329.41634230,0.04181238,1900.47025527,0.01998551,0.01998551,26091,80,0
7660.21997678,7660.22006240,2338.88094432,2338.87818113,0.04895311,1900.58693972,0.01998551,0.01998551,26090,80,0
7660.51386884,7660.51369577,2348.36257069,2348.36816250,0.03602057,1900.70241349,0.01998551,0.01998551,26089,80,0
7660.80758046,7660.80735165,2357.85641509,2357.86381721,0.05160658,1900.81639499,0.01998551,0.01998551,26088,80,0
7661.10125977,7661.10103004,2367.36331688,2367.37075867,0.03955049,1900.92894761,0.01998551,0.01998551,26087,80,0
7661.39485524,7661.39473094,2376.88411761,2376.88815000,0.05206024,1901.04005623,0.01998551,0.01998551,26086,80,0
7661.68847844,7661.68845434,2386.41917805,2386.41996086,0.03889592,1901.14976122,0.01998551,0.01998551,26085,80,0
7661.98223899,7661.98220027,2395.96795946,2395.96921895,0.04912061,1901.25808972,0.01998551,0.01998551,26084,80,0
7662.27602052,7662.27596871,2405.52982092,2405.53150836,0.05333328,1901.36498426,0.01998551,0.01998551,26083,80,0
7662.56994750,7662.56975967,2415.10415854,2415.11028352,0.04090077,1901.47047629,0.01998552,0.01998551,26082,80,0
7662.86336036,7662.86357315,2424.69085976,2424.68391256,0.04751174,1901.57432496,0.01998551,0.01998551,26081,80,0
7663.15733018,7663.15740916,2434.29013322,2434.28755133,0.04214407,1901.67690562,0.01998551,0.01998551,26080,80,0
7663.45108591,7663.45126770,2443.90219471,2443.89624480,0.04888465,1901.77794316,0.01998551,0.01998551,26079,80,0
7663.74491805,7663.74514876,2453.52734714,2453.51978585,0.03766404,1901.87753578,0.01998551,0.01998551,26078,80,0
7664.03901719,7664.03905236,2463.16616622,2463.16501202,0.04894927,1901.97574532,0.01998551,0.01998551,26077,80,0
7664.33254272,7664.33297850,2472.81928563,2472.80496354,0.04759710,1902.07229336,0.01998551,0.01998551,26076,80,0
7664.62659537,7664.62692717,2482.48730610,2482.47638496,0.03637608,1902.16754156,0.01998551,0.01998551,26075,80,0
7664.92098403,7664.92089839,2492.16999953,2492.17282238,0.05011674,1902.26141239,0.01998552,0.01998551,26074,80,0
7665.21480544,7665.21489214,2501.86632484,2501.86346356,0.04678517,1902.35360293,0.01998552,0.01998551,26073,80,0
7665.50917448,7665.50890845,2511.57519867,2511.58398852,0.04754023,1902.44444677,0.01998552,0.01998551,26072,80,0
7665.80292729,7665.80294730,2521.29581905,2521.29515715,0.03880360,1902.53357223,0.01998552,0.01998551,26071,80,0
7666.09685238,7666.09700870,2531.02868680,2531.02350967,0.05258660,1902.62122114,0.01998552,0.01998551,26070,80,0
7666.39092898,7666.39109266,2540.77467562,2540.76924780,0.04790327,1902.70738680,0.01998552,0.01998551,26069,80,0
7666.68507940,7666.68519917,2550.53465104,2550.53067374,0.05146670,1902.79204608,0.01998552,0.01998551,26068,80,0
7666.97958608,7666.97932825,2560.30896967,2560.31754391,0.03733000,1902.87527341,0.01998552,0.01998552,26067,80,0
7667.27310041,7667.27347988,2570.09736701,2570.08473097,0.04781687,1902.95668378,0.01998551,0.01998552,26066,80,0
7667.56790247,7667.56765408,2579.89953889,2579.90782086,0.04526295,1903.03689826,0.01998552,0.01998552,26065,80,0
7667.86210528,7667.86185084,2589.71524947,2589.72374405,0.04539165,1903.11538968,0.01998552,0.01998552,26064,80,0
7668.15601151,7668.15607018,2599.54463085,2599.54266971,0.05027866,1903.19224066,0.01998552,0.01998552,26063,80,0
7668.45060405,7668.45031208,2609.38793639,2609.39771026,0.03973081,1903.26770064,0.01998552,0.01998552,26062,80,0
7668.74446632,7668.74457656,2619.24542193,2619.24172639,0.04942305,1903.34140252,0.01998551,0.01998552,26061,80,0
7669.03870074,7669.03886362,2629.11735841,2629.11189078,0.04935669,1903.41362100,0.01998551,0.01998552,26060,80,0
7669.33314265,7669.33317326,2639.00403520,2639.00300611,0.05037472,1903.48430626,0.01998551,0.01998552,26059,80,0
7669.62761678,7669.62750548,2648.90574510,2648.90949219,0.04417779,1903.55340939,0.01998551,0.01998552,26058,80,0
7669.92225339,7669.92186028,2658.82270949,2658.83596320,0.04356300,1903.62095376,0.01998552,0.01998552,26057,80,0
7670.21594204,7670.21623767,2668.75479155,2668.74480983,0.04605807,1903.68668310,0.01998551,0.01998552,26056,80,0
7670.51047120,7670.51063766,2678.70174366,2678.69611575,0.04279328,1903.75098987,0.01998551,0.01998552,26055,80,0
7670.80481523,7670.80506023,2688.66332578,2688.65503060,0.04356153,1903.81363624,0.01998551,0.01998552,26054,80,0
7671.09958669,7671.09950540,2698.63955669,2698.64231290,0.04931199,1903.87474379,0.01998552,0.01998552,26053,80,0
7671.39372260,7671.39397317,2708.63073615,2708.62222836,0.04193624,1903.93408873,0.01998551,0.01998552,26052,80,0
7671.68881616,7671.68846354,2718.63718036,2718.64917077,0.04645759,1903.99198454,0.01998552,0.01998552,26051,80,0
7671.98288481,7671.98297651,2728.65905309,2728.65593051,0.04767379,1904.04803647,0.01998552,0.01998552,26050,80,0
7672.27772994,7672.27751209,2738.69594703,2738.70337610,0.04657650,1904.10258046,0.01998552,0.01998552,26049,80,0
7672.57248368,7672.57207027,2748.74731914,2748.76143549,0.05066735,1904.15544022,0.01998552,0.01998552,26048,80,0
7672.86623687,7672.86665107,2758.81266905,2758.79850714,0.04784443,1904.20645266,0.01998551,0.01998552,26047,80,0
7673.16167711,7673.16125448,2768.89220580,2768.90667578,0.04426426,1904.25607305,0.01998552,0.01998552,26046,80,0
7673.45577270,7673.45588051,2778.98669077,2778.98299440,0.04666928,1904.30378611,0.01998552,0.01998552,26045,80,0
7673.75019296,7673.75052915,2789.09690519,2789.08536088,0.04295701,1904.34986780,0.01998551,0.01998552,26044,80,0
7674.04524653,7674.04520042,2799.22336658,2799.22495252,0.04898559,1904.39435292,0.01998552,0.01998552,26043,80,0
7674.34010142,7674.33989431,2809.36597544,2809.37310908,0.05069208,1904.43710405,0.01998552,0.01998552,26042,80,0
7674.63468439,7674.63461082,2819.52454428,2819.52708194,0.04968926,1904.47810615,0.01998552,0.01998552,26041,80,0
7674.92979707,7674.92934997,2829.69889764,2829.71434301,0.04886884,1904.51746021,0.01998552,0.01998552,26040,80,0
7675.22430918,7675.22411175,2839.88896154,2839.89579187,0.04533539,1904.55500830,0.01998552,0.01998552,26039,80,0
7675.51904144,7675.51889616,2850.09470780,2850.09974123,0.04058961,1904.59085077,0.01998552,0.01998552,26038,80,0
7675.81349962,7675.81370321,2860.31610527,2860.30904161,0.04544745,1904.62492037,0.01998552,0.01998552,26037,80,0
7676.10848765,7676.10853290,2870.55302663,2870.55145443,0.05313342,1904.65729994,0.01998552,0.01998552,26036,80,0
7676.40362552,7676.40338523,2880.80522599,2880.81358699,0.04593169,1904.68793353,0.01998552,0.01998552,26035,80,0
7676.69857196,7676.69826020,2891.07244796,2891.08331062,0.04506590,1904.71677805,0.01998552,0.01998552,26034,80,0
7676.99325678,7676.99315782,2901.35464604,2901.35809885,0.04542758,1904.74382340,0.01998552,0.01998552,26033,80,0
7677.28818520,7677.28807810,2911.65246853,2911.65621120,0.04825107,1904.76911047,0.01998552,0.01998552,26032,80,0
7677.58307935,7677.58302102,2921.96671248,2921.96875380,0.04232736,1904.79260775,0.01998552,0.01998552,26031,80,0
7677.87856298,7677.87798660,2932.29809440,2932.31829850,0.04963785,1904.81435336,0.01998552,0.01998552,26030,80,0
7678.17327000,7678.17297484,2942.64650712,2942.65686938,0.04610675,1904.83423992,0.01998552,0.01998552,26029,80,0
7678.46807257,7678.46798574,2953.01138554,2953.01443861,0.05567684,1904.85232332,0.01998552,0.01998552,26028,80,0
7678.76318544,7678.76301930,2963.39216833,2963.39801818,0.05048298,1904.86860415,0.01998552,0.01998552,26027,80,0
7679.05810378,7679.05807553,2973.78882242,2973.78981857,0.04294799,1904.88304576,0.01998552,0.01998552,26026,80,0
7679.35320995,7679.35315442,2984.20200108,2984.20396204,0.04112373,1904.89565996,0.01998552,0.01998552,26025,80,0
7679.64794067,7679.64825599,2994.63240878,2994.62125457,0.04762070,1904.90641707,0.01998552,0.01998552,26024,80,0
7679.94326377,7679.94338023,3005.08054779,3005.07642140,0.05048211,1904.91534232,0.01998552,0.01998552,26023,80,0
7680.23859693,7680.23852715,3015.54630296,3015.54877952,0.04630225,1904.92240365,0.01998552,0.01998552,26022,80,0
7680.53361589,7680.53369674,3026.02944252,3026.02656865,0.03931272,1904.92758743,0.01998552,0.01998552,26021,80,0
7680.82868813,7680.82888902,3036.52978700,3036.52263559,0.04956190,1904.93089402,0.01998552,0.01998552,26020,80,0
7681.12415070,7681.12410398,3047.04754417,3047.04921005,0.05510850,1904.93231453,0.01998552,0.01998552,26019,80,0
7681.41922959,7681.41934162,3057.58309230,3057.57909104,0.04009160,1904.93183655,0.01998552,0.01998552,26018,80,0
7681.71454853,7681.71460196,3068.13677726,3068.13486605,0.04130192,1904.92945156,0.01998552,0.01998552,26017,80,0
7682.01008497,7682.00988499,3078.70825338,3078.71541841,0.05195485,1904.92514649,0.01998552,0.01998552,26016,80,0
7682.30498702,7682.30519071,3089.29654935,3089.28924060,0.04693724,1904.91892969,0.01998552,0.01998552,26015,80,0
7682.60041052,7682.60051913,3099.90067212,3099.89676977,0.04260777,1904.91077049,0.01998552,0.01998552,26014,80,0
7682.89579951,7682.89587024,3110.52045447,3110.51790906,0.05121516,1904.90067189,0.01998552,0.01998552,26013,80,0
7683.19102245,7683.19124407,3121.15718167,3121.14919484,0.05275118,1904.88863115,0.01998552,0.01998552,26012,80,0
7683.48621648,7683.48664059,3131.81229728,3131.79698621,0.03773661,1904.87463424,0.01998552,0.01998552,26011,80,0
7683.78163277,7683.78205982,3142.48682724,3142.47138293,0.04532348,1904.85865655,0.01998552,0.01998552,26010,80,0
7684.07782568,7684.07750177,3153.18034552,3153.19207941,0.04847051,1904.84064909,0.01998552,0.01998552,26009,80,0
7684.37353749,7684.37296642,3163.89211255,3163.91283245,0.04084845,1904.82067727,0.01998552,0.01998552,26008,80,0
7684.66828053,7684.66845379,3174.62151202,3174.61521578,0.04450150,1904.79878091,0.01998552,0.01998552,26007,80,0
7684.96427370,7684.96396388,3185.36877694,3185.38005374,0.04713457,1904.77478299,0.01998552,0.01998552,26006,80,0
7685.25943486,7685.25949669,3196.13448620,3196.13223184,0.04707023,1904.74883774,0.01998552,0.01998552,26005,80,0
7685.55491491,7685.55505222,3206.91917977,3206.91416518,0.05109700,1904.72083858,0.01998552,0.01998552,26004,80,0
7685.85070751,7685.85063048,3217.72281607,3217.72563390,0.04339564,1904.69077019,0.01998552,0.01998552,26003,80,0
7686.14605107,7686.14623147,3228.54494549,3228.53833572,0.04683032,1904.65870326,0.01998552,0.01998552,26002,80,0
7686.44173191,7686.44185519,3239.38512299,3239.38059902,0.04924301,1904.62454575,0.01998552,0.01998552,26001,80,0
7686.73713482,7686.73750164,3250.24339743,3250.22991433,0.05059065,1904.58835892,0.01998552,0.01998552,26000,80,0
7687.03339356,7687.03317082,3261.12037583,3261.12857672,0.05073135,1904.54998655,0.01998552,0.01998552,25999,80,0
7687.32917110,7687.32886275,3272.01669761,3272.02807021,0.04748737,1904.50958598,0.01998552,0.01998552,25998,80,0
7687.62522748,7687.62457742,3282.93274624,3282.95676352,0.05405486,1904.46704421,0.01998552,0.01998552,25997,80,0
7687.92020148,7687.92031483,3293.86845503,3293.86425987,0.05423531,1904.42255572,0.01998552,0.01998552,25996,80,0
7688.21594261,7688.21607499,3304.82371128,3304.81880355,0.03721740,1904.37583546,0.01998552,0.01998552,25995,80,0
7688.51177454,7688.51185790,3315.79841304,3315.79531753,0.05238492,1904.32697161,0.01998552,0.01998552,25994,80,0
7688.80729312,7688.80766356,3326.79248875,3326.77870920,0.03839938,1904.27602383,0.01998552,0.01998552,25993,80,0
7689.10328048,7689.10349197,3337.80587096,3337.79799085,0.04552352,1904.22284609,0.01998552,0.01998552,25992,80,0
7689.39957666,7689.39934314,3348.83862721,3348.84734272,0.04758369,1904.16744846,0.01998552,0.01998552,25991,80,0
7689.69481808,7689.69521708,3359.89134412,3359.87642610,0.04874402,1904.11008113,0.01998552,0.01998552,25990,80,0
7689.99102214,7689.99111377,3370.96473808,3370.96130585,0.05053740,1904.05033901,0.01998552,0.01998552,25989,80,0
7690.28709398,7690.28703323,3382.05937220,3382.06165213,0.04738315,1903.98841990,0.01998552,0.01998552,25988,80,0
7690.58304025,7690.58297546,3393.17495488,3393.17739083,0.04460909,1903.92431606,0.01998552,0.01998552,25987,80,0
7690.87912970,7690.87894045,3404.31090450,3404.31803115,0.04174679,1903.85796181,0.01998552,0.01998552,25986,80,0
7691.17471985,7691.17492822,3415.46671254,3415.45885207,0.04295129,1903.78949789,0.01998552,0.01998552,25985,80,0
7691.47088248,7691.47093877,3426.64243879,3426.64031156,0.04929600,1903.71866464,0.01998552,0.01998552,25984,80,0
7691.76670851,7691.76697209,3437.83839455,3437.82841703,0.05108121,1903.64566458,0.01998552,0.01998552,25983,80,0
7692.06271923,7692.06302820,3449.05490071,3449.04318462,0.04546190,1903.57035822,0.01998552,0.01998552,25982,80,0
7692.35953037,7692.35910709,3460.29233064,3460.30841051,0.04829090,1903.49256436,0.01998552,0.01998552,25981,80,0
7692.65565421,7692.65520876,3471.55108831,3471.56804136,0.04519807,1903.41265787,0.01998552,0.01998552,25980,80,0
7692.95092666,7692.95133323,3482.83154163,3482.81603988,0.05383076,1903.33068717,0.01998552,0.01998552,25979,80,0
7693.24784904,7693.24748048,3494.13359940,3494.14767750,0.04629248,1903.24593795,0.01998552,0.01998552,25978,80,0
7693.54348342,7693.54365053,3505.45687426,3505.45047972,0.04588895,1903.15923631,0.01998552,0.01998552,25977,80,0
7693.83987492,7693.83984338,3516.80096904,3516.80217801,0.05392311,1903.06998086,0.01998552,0.01998552,25976,80,0
7694.13631265,7694.13605902,3528.16547550,3528.17521445,0.04601278,1902.97836872,0.01998552,0.01998552,25975,80,0
7694.43269658,7694.43229747,3539.54997607,3539.56532668,0.04521761,1902.88442380,0.01998552,0.01998552,25974,80,0
7694.72887737,7694.72855872,3550.95414531,3550.96642175,0.04816237,1902.78818890,0.01998552,0.01998552,25973,80,0
7695.02508013,7695.02484278,3562.37908400,3562.38824500,0.04218939,1902.68957329,0.01998552,0.01998552,25972,80,0
7695.32139783,7695.32114965,3573.82699466,3573.83659316,0.05155978,1902.58851390,0.01998552,0.01998552,25971,80,0
7695.61747750,7695.61747933,3585.29996627,3585.29989525,0.04550349,1902.48510154,0.01998552,0.01998552,25970,80,0
7695.91344150,7695.91383182,3596.79759626,3596.78243813,0.04896415,1902.37928830,0.01998552,0.01998552,25969,80,0
7696.21862350,nan,0.00000000,3608.65598204,0.36929379,1902.26752836,0.01998554,0.01998552,25968,80,1
7696.50683953,7696.50660527,3619.85750861,3619.86663663,0.04939277,1902.15982162,0.01998552,0.01998552,25967,80,0
7696.80304244,7696.80302623,3631.41827691,3631.41890976,0.04206272,1902.04661197,0.01998552,0.01998552,25966,80,0
7697.09985299,7697.09947001,3643.00281839,3643.01780058,0.04947250,1901.93067843,0.01998552,0.01998552,25965,80,0
7697.39630538,7697.39593662,3654.61396933,3654.62842822,0.05396541,1901.81235327,0.01998552,0.01998552,25964,80,0
7697.69263827,7697.69242606,3666.25137466,3666.25971248,0.04294981,1901.69153682,0.01998552,0.01998552,25963,80,0
7697.98937505,7697.98893834,3677.91240260,3677.92959286,0.04923521,1901.56802608,0.01998552,0.01998552,25962,80,0
7698.28570771,7698.28547345,3689.59459562,3689.60383247,0.05367863,1901.44217149,0.01998552,0.01998552,25961,80,0
7698.58239727,7698.58203140,3701.29829043,3701.31274299,0.04390141,1901.31363554,0.01998552,0.01998552,25960,80,0
7698.87912792,7698.87861219,3713.02559429,3713.04600789,0.04929400,1901.18251482,0.01998552,0.01998552,25959,80,0
7699.17529285,7699.17521583,3724.77841911,3724.78147442,0.04467936,1901.04904981,0.01998552,0.01998552,25958,80,0
7699.47225484,7699.47184231,3736.55647458,3736.57287101,0.04712056,1900.91261303,0.01998552,0.01998552,25957,80,0
7699.76852934,7699.76849164,3748.35828955,3748.35979058,0.04246327,1900.77388897,0.01998552,0.01998552,25956,80,0
7700.06558206,7700.06516382,3760.18257222,3760.19925651,0.03985453,1900.63219301,0.01998552,0.01998552,25955,80,0
7700.36204382,7700.36185886,3772.02946045,3772.03685264,0.04601943,1900.48816214,0.01998552,0.01998552,25954,80,0
7700.65851426,7700.65857676,3783.89970674,3783.89720412,0.04753949,1900.34149134,0.01998552,0.01998552,25953,80,0
7700.95523675,7700.95531751,3795.79400885,3795.79076837,0.04680986,1900.19203542,0.01998552,0.01998552,25952,80,0
7701.25200916,7701.25208113,3807.71273388,3807.70984030,0.04777942,1900.03987446,0.01998552,0.01998552,25951,80,0
7701.54903475,7701.54886761,3819.65614440,3819.66287701,0.04673461,1899.88488351,0.01998552,0.01998552,25950,80,0
7701.84571137,7701.84567697,3831.62444586,3831.62583449,0.05021581,1899.72736203,0.01998552,0.01998552,25949,80,0
7702.14254966,7702.14250919,3843.61762681,3843.61926361,0.05333018,1899.56702816,0.01998552,0.01998552,25948,80,0
7702.43930309,7702.43936428,3855.63562652,3855.63314683,0.05091038,1899.40400134,0.01998552,0.01998552,25947,80,0
7702.73681296,7702.73624225,3867.67880558,3867.70198102,0.04807975,1899.23779156,0.01998552,0.01998552,25946,80,0
7703.03269343,7703.03314310,3879.74857827,3879.73027789,0.04520710,1899.06971045,0.01998552,0.01998552,25945,80,0
7703.33051861,7703.33006683,3891.84651797,3891.86494686,0.04640671,1898.89768608,0.01998552,0.01998552,25944,80,0
7703.62726688,7703.62701344,3903.97289368,3903.98325452,0.04329244,1898.72343194,0.01998552,0.01998552,25943,80,0
7703.92448673,7703.92398294,3916.12579734,3916.14643438,0.04431326,1898.54605980,0.01998552,0.01998552,25942,80,0
7704.22074489,7704.22097533,3928.30318909,3928.29373132,0.05460216,1898.36644778,0.01998552,0.01998552,25941,80,0
7704.51806541,7704.51799061,3940.50547520,3940.50855145,0.04440692,1898.18334782,0.01998552,0.01998552,25940,80,0
7704.81532558,7704.81502879,3952.73569310,3952.74792784,0.04629374,1897.99737681,0.01998552,0.01998552,25939,80,0
7705.11247480,7705.11208986,3964.99668594,3965.01259357,0.04545600,1897.80850932,0.01998552,0.01998552,25938,80,0
7705.40917106,7705.40917383,3977.28705355,3977.28693871,0.04980541,1897.61697601,0.01998552,0.01998552,25937,80,0
7705.70670946,7705.70628070,3989.60256965,3989.62035784,0.04512675,1897.42198597,0.01998552,0.01998552,25936,80,0
7706.00292514,7706.00341048,4001.93991442,4001.91974424,0.04269367,1897.22500452,0.01998552,0.01998552,25935,80,0
7706.30092936,7706.30056316,4014.30188279,4014.31713363,0.04864921,1897.02389834,0.01998552,0.01998552,25934,80,0
7706.59762208,7706.59773876,4026.69362432,4026.68875269,0.04485735,1896.82065396,0.01998552,0.01998552,25933,80,0
7706.89507457,7706.89493727,4039.11848653,4039.12423365,0.04712321,1896.61378815,0.01998552,0.01998552,25932,80,0
7707.19227951,7707.19215869,4051.57394730,4051.57901584,0.04492835,1896.40401743,0.01998552,0.01998552,25931,80,0
7707.48918665,7707.48940303,4064.05631525,4064.04721996,0.04397271,1896.19143177,0.01998552,0.01998552,25930,80,0
7707.78611175,7707.78667030,4076.56381206,4076.54028801,0.04933935,1895.97582524,0.01998552,0.01998552,25929,80,0
nan,nan,0.00000000,-1.00000000,0.00000000,1895.75820641,nan,0.00000000,-2147483648,80,1
nan,nan,0.00000000,-1.00000000,0.00000000,1894.90758190,nan,0.00000000,-2147483648,79,1
nan,nan,0.00000000,-1.00000000,0.00000000,1895.22566158,nan,0.00000000,-2147483648,79,1
7673.16136161,7673.16125448,13.90725594,13.90988156,0.08090520,1895.59119560,0.01998552,0.01998552,26046,79,0
7673.45575509,7673.45588051,21.13094303,21.12786691,0.04896648,1895.97213518,0.01998552,0.01998552,26045,79,0
7673.75150583,7673.75052915,28.36043428,28.38440697,0.04542701,1896.35418967,0.01998552,0.01998552,26044,79,0
7674.04496188,7674.04520042,35.59582334,35.58996416,0.03575173,1896.73264744,0.01998552,0.01998552,26043,79,0
7674.34034713,7674.33989431,42.83712964,42.84826070,0.05833168,1897.11295611,0.01998552,0.01998552,26042,79,0
7674.63512258,7674.63461082,50.08414746,50.09673584,0.04048491,1897.49182969,0.01998552,0.01998552,26041,79,0
7674.93055134,7674.92934997,57.33662775,57.36619887,0.04103374,1897.87087658,0.01998552,0.01998552,26040,79,0
7675.22435596,7675.22411175,64.59432031,64.60033513,0.03732003,1898.24716326,0.01998552,0.01998552,26039,79,0
7675.51961601,7675.51889616,71.85697763,71.87471808,0.05320716,1898.62461991,0.01998552,0.01998552,26038,79,0
7675.81367385,7675.81370321,79.12455822,79.12383415,0.04886925,1898.99984442,0.01998552,0.01998552,26037,79,0
7676.10912621,7676.10853290,86.39732801,86.41196861,0.03884953,1899.37616180,0.01998552,0.01998552,26036,79,0
7676.40215658,7676.40338523,93.67557911,93.64524008,0.04387450,1899.74872770,0.01998551,0.01998552,26035,79,0
7676.69860692,7676.69826020,100.95960498,100.96817277,0.05957714,1900.12497965,0.01998552,0.01998552,26034,79,0
7676.99288019,7676.99315782,108.24968593,108.24281997,0.03713638,1900.49782220,0.01998552,0.01998552,26033,79,0
7677.28841854,7677.28807810,115.54590392,115.55432958,0.03606050,1900.87162168,0.01998552,0.01998552,26032,79,0
7677.58356695,7677.58302102,122.84819618,122.86171762,0.05312882,1901.24427668,0.01998552,0.01998552,26031,79,0
7677.87869112,7677.87798660,130.15649635,130.17395838,0.05252989,1901.61624484,0.01998552,0.01998552,26030,79,0
7678.17279509,7678.17297484,137.47073776,137.46627910,0.03813038,1901.98626902,0.01998552,0.01998552,26029,79,0
7678.46825240,7678.46798574,144.79084833,144.79746738,0.05915622,1902.35732868,0.01998552,0.01998552,26028,79,0
7678.76318130,7678.76301930,152.11672906,152.12075291,0.05216696,1902.72705081,0.01998552,0.01998552,26027,79,0
7679.05835418,7679.05807553,159.44827186,159.45519813,0.04196321,1903.09639730,0.01998552,0.01998552,26026,79,0
7679.35263165,7679.35315442,166.78536808,166.77236499,0.05013242,1903.46393736,0.01998552,0.01998552,26025,79,0
7679.64851580,7679.64825599,174.12790924,174.13437583,0.05278012,1903.83278623,0.01998552,0.01998552,26024,79,0
7679.94379558,7679.94338023,181.47590021,181.48624524,0.04052612,1904.20018250,0.01998552,0.01998552,26023,79,0
7680.23861209,7680.23852715,188.82958688,188.83170397,0.05506012,1904.56631594,0.01998552,0.01998552,26022,79,0
7680.53423399,7680.53369674,196.18924697,196.20264764,0.04850363,1904.93277282,0.01998552,0.01998552,26021,79,0
7680.82878225,7680.82888902,203.55515952,203.55249441,0.02906603,1905.29723656,0.01998552,0.01998552,26020,79,0
7681.12387931,7681.12410398,210.92758972,210.92197685,0.04999380,1905.66172741,0.01998552,0.01998552,26019,79,0
7681.41921839,7681.41934162,218.30651740,218.30343610,0.03694913,1906.02586060,0.01998552,0.01998552,26018,79,0
7681.71386553,7681.71460196,225.69166659,225.67324010,0.04352318,1906.38847040,0.01998551,0.01998552,26017,79,0
7682.01038321,7682.00988499,233.08275102,233.09522624,0.05586923,1906.75269005,0.01998552,0.01998552,26016,79,0
7682.30435380,7682.30519071,240.47948300,240.45851359,0.03431048,1907.11307967,0.01998551,0.01998552,26015,79,0
7682.60071791,7682.60051913,247.88163308,247.88661714,0.05514798,1907.47568352,0.01998552,0.01998552,26014,79,0
7682.89611055,7682.89587024,255.28930719,255.29533639,0.03932936,1907.83638269,0.01998552,0.01998552,26013,79,0
7683.19109831,7683.19124407,262.70272972,262.69907029,0.04997888,1908.19588306,0.01998552,0.01998552,26012,79,0
7683.48674663,7683.48664059,270.12212629,270.12479063,0.04856362,1908.55549112,0.01998552,0.01998552,26011,79,0
7683.78262029,7683.78205982,277.54772296,277.56181610,0.03839089,1908.91468325,0.01998552,0.01998552,26010,79,0
7684.07774938,7684.07750177,284.97967075,284.98590192,0.05412726,1909.27228895,0.01998552,0.01998552,26009,79,0
7684.37293581,7684.37296642,292.41797174,292.41720080,0.03366663,1909.62928018,0.01998552,0.01998552,26008,79,0
7684.66836683,7684.66845379,299.86261059,299.86041869,0.05335092,1909.98587940,0.01998552,0.01998552,26007,79,0
7684.96454964,7684.96396388,307.31357185,307.32834673,0.03884335,1910.34269244,0.01998552,0.01998552,26006,79,0
7685.25967073,7685.25949669,314.77084180,314.77523498,0.05618263,1910.69753279,0.01998552,0.01998552,26005,79,0
7685.55469692,7685.55505222,322.23443117,322.22545531,0.03601676,1911.05156535,0.01998552,0.01998552,26004,79,0
7685.85084546,7685.85063048,329.70436853,329.70980376,0.03567250,1911.40624636,0.01998552,0.01998552,26003,79,0
7686.14586387,7686.14623147,337.18068293,337.17138200,0.05463665,1911.75887733,0.01998552,0.01998552,26002,79,0
7686.44168785,7686.44185519,344.66340360,344.65916631,0.04050859,1912.11177231,0.01998552,0.01998552,26001,79,0
7686.73784020,7686.73750164,352.15253381,352.16111333,0.05322185,1912.46435595,0.01998552,0.01998552,26000,79,0
7687.03308587,7687.03317082,359.64797811,359.64582366,0.05060658,1912.81515323,0.01998552,0.01998552,25999,79,0
7687.32920171,7687.32886275,367.14961716,367.15821969,0.04859194,1913.16626768,0.01998552,0.01998552,25998,79,0
7687.62398938,7687.62457742,374.65733101,374.64239618,0.05808536,1913.51508662,0.01998552,0.01998552,25997,79,0
7687.92040728,7687.92031483,382.17100265,382.17335237,0.03397556,1913.86510207,0.01998552,0.01998552,25996,79,0
7688.21620571,7688.21607499,389.69063071,389.69395536,0.05236958,1914.21365165,0.01998552,0.01998552,25995,79,0
7688.51185079,7688.51185790,397.21635334,397.21617256,0.03945849,1914.56129185,0.01998552,0.01998552,25994,79,0
7688.80721617,7688.80766356,404.74831757,404.73692165,0.05770614,1914.90788030,0.01998552,0.01998552,25993,79,0
7689.10427614,7689.10349197,412.28667120,412.30666135,0.04312525,1915.25573314,0.01998552,0.01998552,25992,79,0
7689.39925905,7689.39934314,419.83154446,419.82939893,0.04869810,1915.60043894,0.01998552,0.01998552,25991,79,0
7689.69497283,7689.69521708,427.38295643,427.37672025,0.03868132,1915.94528243,0.01998552,0.01998552,25990,79,0
7689.99016423,7689.99111377,434.94088402,434.91662109,0.05011837,1916.28879806,0.01998552,0.01998552,25989,79,0
7690.28717661,7690.28703323,442.50530393,442.50897052,0.03288241,1916.63370469,0.01998552,0.01998552,25988,79,0
7690.58305270,7690.58297546,450.07619285,450.07816958,0.05230200,1916.97656234,0.01998552,0.01998552,25987,79,0
7690.87871775,7690.87894045,457.65353804,457.64783418,0.05374970,1917.31844532,0.01998552,0.01998552,25986,79,0
7691.17524048,7691.17492822,465.23734442,465.24534826,0.03650674,1917.66058496,0.01998552,0.01998552,25985,79,0
7691.47017048,7691.47093877,472.82761860,472.80791064,0.05001071,1918.00015464,0.01998552,0.01998552,25984,79,0
7691.76707165,7691.76697209,480.42436719,480.42692287,0.02936883,1918.34125429,0.01998552,0.01998552,25983,79,0
7692.06330445,7692.06302820,488.02758347,488.03468065,0.05381988,1918.68084399,0.01998552,0.01998552,25982,79,0
7692.35917528,7692.35910709,495.63715239,495.63890554,0.05277329,1919.01927146,0.01998552,0.01998552,25981,79,0
7692.65594799,7692.65520876,503.25290584,503.27192577,0.04177546,1919.35797059,0.01998552,0.01998552,25980,79,0
7692.95125054,7692.95133323,510.87467449,510.87254553,0.04832528,1919.69422676,0.01998552,0.01998552,25979,79,0
7693.24758102,7693.24748048,518.50228996,518.50488030,0.02637018,1920.03087675,0.01998552,0.01998552,25978,79,0
7693.54390270,7693.54365053,526.13579751,526.14229941,0.04622203,1920.36673873,0.01998552,0.01998552,25977,79,0
7693.83978034,7693.83984338,533.77565439,533.77402766,0.05224570,1920.70133909,0.01998552,0.01998552,25976,79,0
7694.13584141,7694.13605902,541.42236684,541.41674694,0.03104260,1921.03540828,0.01998552,0.01998552,25975,79,0
7694.43290749,7694.43229747,549.07644372,549.09221251,0.04714851,1921.36988865,0.01998552,0.01998552,25974,79,0
7694.72854962,7694.72855872,556.73831680,556.73808134,0.05088281,1921.70206290,0.01998552,0.01998552,25973,79,0
7695.02534723,7695.02484278,564.40773535,564.42079883,0.02934348,1922.03481643,0.01998552,0.01998552,25972,79,0
7695.32179999,7695.32114965,572.08409858,572.10095338,0.05095578,1922.36643550,0.01998552,0.01998552,25971,79,0
7695.61814069,7695.61747933,579.76679979,579.78395232,0.04245782,1922.69715367,0.01998552,0.01998552,25970,79,0
7695.91397826,7695.91383182,587.45523312,587.45903329,0.03379244,1923.02650879,0.01998552,0.01998552,25969,79,0
7696.21042074,7696.21020714,595.14918814,595.15473508,0.04487396,1923.35572309,0.01998552,0.01998552,25968,79,0
7696.50691724,7696.50660527,602.84918392,602.85729142,0.04988572,1923.68420230,0.01998552,0.01998552,25967,79,0
7696.80319059,7696.80302623,610.55582036,610.56009541,0.03266384,1924.01166333,0.01998552,0.01998552,25966,79,0
7697.09987624,7697.09947001,618.26970052,618.28027612,0.05199706,1924.33883097,0.01998552,0.01998552,25965,79,0
7697.39573863,7697.39593662,625.99133212,625.98617290,0.05462542,1924.66436298,0.01998552,0.01998552,25964,79,0
7697.69226040,7697.69242606,633.72051139,633.71619078,0.05523974,1924.98987990,0.01998552,0.01998552,25963,79,0
7697.98929205,7697.98893834,641.45671867,641.46595075,0.03529152,1925.31518862,0.01998552,0.01998552,25962,79,0
7698.28554616,7698.28547345,649.19943017,649.20132940,0.04839852,1925.63885581,0.01998552,0.01998552,25961,79,0
7698.58221402,7698.58203140,656.94812793,656.95290113,0.04921727,1925.96216050,0.01998552,0.01998552,25960,79,0
7698.87826413,7698.87861219,664.70272899,664.69362509,0.04787540,1926.28397390,0.01998552,0.01998552,25959,79,0
7699.17550698,7699.17521583,672.46378497,672.47140640,0.03362206,1926.60628246,0.01998552,0.01998552,25958,79,0
7699.47141476,7699.47184231,680.23190029,680.22069854,0.04511843,1926.92636833,0.01998552,0.01998552,25957,79,0
7699.76790437,7699.76849164,688.00768259,687.99228158,0.05076055,1927.24633035,0.01998552,0.01998552,25956,79,0
7700.06524463,7700.06516382,695.79158413,695.79370526,0.04339461,1927.56646893,0.01998552,0.01998552,25955,79,0
7700.36229477,7700.36185886,703.58327146,703.59472399,0.05232340,1927.88553706,0.01998552,0.01998552,25954,79,0
7700.65905826,7700.65857676,711.38216497,711.39482568,0.03250218,1928.20351417,0.01998552,0.01998552,25953,79,0
7700.95528124,7700.95531751,719.18768185,719.18672748,0.05294803,1928.52010533,0.01998552,0.01998552,25952,79,0
7701.25182417,7701.25208113,726.99926088,726.99249459,0.05144226,1928.83620603,0.01998552,0.01998552,25951,79,0
7701.54839440,7701.54886761,734.81686829,734.80439880,0.05189207,1929.15149935,0.01998552,0.01998552,25950,79,0
7701.84605762,7701.84567697,742.64098024,742.65101866,0.05034662,1929.46713056,0.01998552,0.01998552,25949,79,0
7702.14238713,7702.14250919,750.47209606,750.46887463,0.03384567,1929.78054507,0.01998552,0.01998552,25948,79,0
7702.43934575,7702.43936428,758.31071758,758.31022796,0.04741132,1930.09383921,0.01998552,0.01998552,25947,79,0
7702.73599876,7702.73624225,766.15717726,766.15073881,0.04750156,1930.40603598,0.01998552,0.01998552,25946,79,0
7703.03263348,7703.03314310,774.01132672,773.99783928,0.04863320,1930.71743026,0.01998552,0.01998552,25945,79,0
7703.32997353,7703.33006683,781.87293280,781.87046144,0.04753680,1931.02876688,0.01998552,0.01998552,25944,79,0
7703.62689353,7703.62701344,789.74176104,789.73858206,0.04527978,1931.33885434,0.01998552,0.01998552,25943,79,0
7703.92445862,7703.92398294,797.61760012,797.63022051,0.04240221,1931.64879311,0.01998552,0.01998552,25942,79,0
7704.22144399,7704.22097533,805.50045636,805.51290069,0.05261998,1931.95730485,0.01998552,0.01998552,25941,79,0
7704.51843012,7704.51799061,813.39045122,813.40213129,0.03307931,1932.26499712,0.01998552,0.01998552,25940,79,0
7704.81503031,7704.81502879,821.28770784,821.28774830,0.05159550,1932.57147301,0.01998552,0.01998552,25939,79,0
7705.11234695,7705.11208986,829.19234872,829.19919286,0.04459778,1932.87787231,0.01998552,0.01998552,25938,79,0
7705.40951565,7705.40917383,837.10444045,837.11354807,0.04504315,1933.18330170,0.01998552,0.01998552,25937,79,0
7705.70614313,7705.70628070,845.02397281,845.02030430,0.04412326,1933.48735664,0.01998552,0.01998552,25936,79,0
7706.00367236,7706.00341048,852.95093001,852.95791947,0.04455621,1933.79151136,0.01998552,0.01998552,25935,79,0
7706.30010346,7706.30056316,860.88529611,860.87301623,0.04715142,1934.09371893,0.01998552,0.01998552,25934,79,0
7706.59726473,7706.59773876,868.82711168,868.81443803,0.04771959,1934.39584356,0.01998552,0.01998552,25933,79,0
7706.89520773,7706.89493727,876.77661887,876.78385648,0.04507568,1934.69793776,0.01998552,0.01998552,25932,79,0
7707.19237209,7707.19215869,884.73410602,884.73982190,0.05236410,1934.99842742,0.01998552,0.01998552,25931,79,0
7707.48902429,7707.48940303,892.69986302,892.68970823,0.04909471,1935.29759515,0.01998552,0.01998552,25930,79,0
7707.78634538,7707.78667030,900.67412722,900.66540696,0.04889035,1935.59663712,0.01998552,0.01998552,25929,79,0
7708.08369886,7708.08396048,908.65660379,908.64957576,0.04284497,1935.89489612,0.01998552,0.01998552,25928,79,0
7708.38103229,7708.38127359,916.64669281,916.64020521,0.04815186,1936.19229407,0.01998552,0.01998552,25927,79,0
7708.67858668,7708.67860963,924.64378744,924.64316981,0.04124453,1936.48904583,0.01998552,0.01998552,25926,79,0
7708.97629616,7708.97596861,932.64729140,932.65611072,0.04058046,1936.78505940,0.01998552,0.01998552,25925,79,0
7709.27299605,7709.27335051,940.65713152,940.64758068,0.04421275,1937.07917552,0.01998552,0.01998552,25924,79,0
7709.57104756,7709.57075536,948.67390803,948.68178807,0.04664985,1937.37375300,0.01998552,0.01998552,25923,79,0
7709.86850637,7709.86818314,956.69826859,956.70699312,0.04507335,1937.66688785,0.01998552,0.01998552,25922,79,0
7710.16531094,7710.16563386,964.73086422,964.72213957,0.04396484,1937.95854555,0.01998552,0.01998552,25921,79,0
7710.46326117,7710.46310753,972.77208345,972.77623868,0.04409302,1938.25050362,0.01998552,0.01998552,25920,79,0
7710.76096279,7710.76060414,980.82156076,980.83126930,0.04064693,1938.54137560,0.01998552,0.01998552,25919,79,0
7711.05878886,7711.05812371,988.87879510,988.89681584,0.04359253,1938.83150527,0.01998552,0.01998552,25918,79,0
7711.35558622,7711.35566623,996.94328250,996.94111316,0.04383334,1939.11975234,0.01998552,0.01998552,25917,79,0
7711.65302919,7711.65323170,1005.01460541,1005.00911037,0.04427335,1939.40772702,0.01998552,0.01998552,25916,79,0
7711.95107804,7711.95082013,1013.09292071,1013.09992464,0.04433521,1939.69538817,0.01998552,0.01998552,25915,79,0
7712.24887344,7712.24843152,1021.17861543,1021.19062701,0.04562632,1939.98191592,0.01998552,0.01998552,25914,79,0
7712.54601900,7712.54606588,1029.27207940,1029.27080416,0.04495098,1940.26694379,0.01998552,0.01998552,25913,79,0
7712.84386429,7712.84372320,1037.37368392,1037.37752596,0.05430067,1940.55177615,0.01998552,0.01998552,25912,79,0
7713.14129228,7713.14140349,1045.48347475,1045.48044371,0.04176647,1940.83534201,0.01998552,0.01998552,25911,79,0
7713.43939505,7713.43910675,1053.60123697,1053.60910199,0.04710797,1941.11867079,0.01998552,0.01998552,25910,79,0
7713.73703283,7713.73683298,1061.72674714,1061.73220366,0.04451195,1941.40066745,0.01998552,0.01998552,25909,79,0
7714.03501611,7714.03458219,1069.85978283,1069.87164033,0.04437881,1941.68208979,0.01998552,0.01998552,25908,79,0
7714.33230198,7714.33235438,1078.00024520,1077.99881213,0.04135949,1941.96194818,0.01998552,0.01998552,25907,79,0
7714.63061430,7714.63014955,1086.14822042,1086.16094180,0.04888397,1942.24186404,0.01998552,0.01998552,25906,79,0
7714.92710434,7714.92796771,1094.30381022,1094.28015700,0.04881444,1942.51916853,0.01998552,0.01998552,25905,79,0
7715.22580019,7715.22580885,1102.46711697,1102.46687957,0.04811776,1942.79762792,0.01998552,0.01998552,25904,79,0
7715.52359342,7715.52367298,1110.63831160,1110.63612791,0.04517712,1943.07434119,0.01998552,0.01998552,25903,79,0
7715.82108073,7715.82156011,1118.81775163,1118.80458232,0.04031058,1943.34987730,0.01998552,0.01998552,25902,79,0
7716.11928528,7716.11947023,1127.00582808,1127.00074215,0.04682083,1943.62519197,0.01998552,0.01998552,25901,79,0
7716.41710207,7716.41740335,1135.20293429,1135.19464088,0.05041375,1943.89927330,0.01998552,0.01998552,25900,79,0
7716.71530639,7716.71535947,1143.40933189,1143.40786926,0.04853851,1944.17283994,0.01998552,0.01998552,25899,79,0
7717.01282397,7717.01333859,1151.62461418,1151.61041930,0.04548978,1944.44489062,0.01998552,0.01998552,25898,79,0
7717.31130038,7717.31134071,1159.84816306,1159.84704954,0.04401629,1944.71690496,0.01998552,0.01998552,25897,79,0
7717.60973717,7717.60936585,1168.07935661,1168.08961615,0.03961995,1944.98794505,0.01998552,0.01998552,25896,79,0
7717.90711700,7717.90741400,1176.31765724,1176.30944475,0.04542324,1945.25707166,0.01998552,0.01998552,25895,79,0
7718.20482318,7718.20548516,1184.56331526,1184.54499488,0.05057420,1945.52554556,0.01998552,0.01998552,25894,79,0
7718.50372787,7718.50357933,1192.81700074,1192.82111536,0.03890442,1945.79416489,0.01998552,0.01998552,25893,79,0
7718.80184760,7718.80169653,1201.07939152,1201.08358057,0.04181029,1946.06116398,0.01998552,0.01998552,25892,79,0
7719.09945783,7719.09983675,1209.35113436,1209.34061595,0.04751347,1946.32681276,0.01998552,0.01998552,25891,79,0
7719.39819864,7719.39799999,1217.63229177,1217.63781187,0.03957792,1946.59257066,0.01998552,0.01998552,25890,79,0
7719.69580773,7719.69618626,1225.92243985,1225.91191104,0.03718454,1946.85640795,0.01998552,0.01998552,25889,79,0
7719.99403190,7719.99439555,1234.22113748,1234.21101289,0.04392244,1947.11985807,0.01998552,0.01998552,25888,79,0
7720.29233757,7720.29262788,1242.52794962,1242.51985993,0.04880862,1947.38242930,0.01998552,0.01998552,25887,79,0
7720.59040406,7720.59088325,1250.84274012,1250.82937527,0.04099426,1947.64383263,0.01998552,0.01998552,25886,79,0
7720.88904756,7720.88916165,1259.16574184,1259.16255666,0.04956033,1947.90478637,0.01998552,0.01998552,25885,79,0
7721.18751629,7721.18746310,1267.49721164,1267.49869789,0.04841057,1948.16463645,0.01998552,0.01998552,25884,79,0
7721.48570431,7721.48578758,1275.83740658,1275.83507731,0.05504734,1948.42329741,0.01998552,0.01998552,25883,79,0
7721.78131454,7721.78413512,0.00000000,1284.11422917,0.04874199,1948.67899851,0.01998551,0.01998552,25882,79,1
7722.08265156,7722.08250570,1292.54434260,1292.54843054,0.04712620,1948.93827488,0.01998552,0.01998552,25881,79,0
7722.38119469,7722.38089933,1300.91094662,1300.91923211,0.03916678,1949.19439145,0.01998552,0.01998552,25880,79,0
7722.67947716,7722.67931602,1309.28620225,1309.29072714,0.04894841,1949.44932288,0.01998552,0.01998552,25879,79,0
7722.97775609,7722.97775576,1317.67002283,1317.67003219,0.04377803,1949.70328413,0.01998552,0.01998552,25878,79,0
7723.27580017,7723.27621856,1326.06230495,1326.05053503,0.04308189,1949.95607288,0.01998552,0.01998552,25877,79,0
7723.57480142,7723.57470442,1334.46294215,1334.46567334,0.04687991,1950.20869007,0.01998552,0.01998552,25876,79,0
7723.87296064,7723.87321335,1342.87182730,1342.86470534,0.04133867,1950.45960849,0.01998552,0.01998552,25875,79,0
7724.17144185,7724.17174534,1351.28895601,1351.28039494,0.05173438,1950.70980690,0.01998552,0.01998552,25874,79,0
7724.47031536,7724.47030041,1359.71465418,1359.71507642,0.04232675,1950.95934701,0.01998552,0.01998552,25873,79,0
7724.76887986,7724.76887854,1368.14931555,1368.14935283,0.03985385,1951.20765097,0.01998552,0.01998552,25872,79,0
7725.06737404,7725.06747976,1376.59333634,1376.59034514,0.04515696,1951.45492712,0.01998552,0.01998552,25871,79,0
7725.36642525,7725.36610404,1385.04699683,1385.05609450,0.04281695,1951.70169715,0.01998552,0.01998552,25870,79,0
7725.66475708,7725.66475141,1393.51009803,1393.51025857,0.04758296,1951.94689889,0.01998552,0.01998552,25869,79,0
7725.96325578,7725.96342187,1401.98231752,1401.97760395,0.04028660,1952.19125039,0.01998552,0.01998552,25868,79,0
7726.26260631,7726.26211541,1410.46333079,1410.47727578,0.04576152,1952.43529423,0.01998552,0.01998552,25867,79,0
7726.56121734,7726.56083203,1418.95286115,1418.96381671,0.03896808,1952.67772108,0.01998552,0.01998552,25866,79,0
7726.85964487,7726.85957175,1427.45087534,1427.45295634,0.04707723,1952.91898264,0.01998552,0.01998552,25865,79,0
7727.15801682,7727.15833456,1435.95741505,1435.94836382,0.03810017,1953.15918129,0.01998552,0.01998552,25864,79,0
7727.45700979,7727.45712047,1444.47252223,1444.46936656,0.04555452,1953.39885657,0.01998552,0.01998552,25863,79,0
7727.75577642,7727.75592948,1452.99630911,1452.99194069,0.03697199,1953.63732681,0.01998552,0.01998552,25862,79,0
7728.05479054,7728.05476159,1461.52928400,1461.53011101,0.04577334,1953.87498072,0.01998552,0.01998552,25861,79,0
7728.35346123,7728.35361680,1470.07209708,1470.06764752,0.03595582,1954.11136331,0.01998552,0.01998552,25860,79,0
7728.65262464,7728.65249512,1478.62540285,1478.62911154,0.05045606,1954.34714952,0.01998552,0.01998552,25859,79,0
7728.95147119,7728.95139656,1487.18968315,1487.19182301,0.04990496,1954.58170923,0.01998552,0.01998552,25858,79,0
7729.25045188,7729.25032110,1495.76433380,1495.76808714,0.03756404,1954.81537630,0.01998552,0.01998552,25857,79,0
7729.54937534,7729.54926876,1504.34833234,1504.35139423,0.04644235,1955.04796885,0.01998552,0.01998552,25856,79,0
7729.84835547,7729.84823953,1512.94064882,1512.94398208,0.04016013,1955.27954395,0.01998552,0.01998552,25855,79,0
7730.14690147,7730.14723343,1521.54044630,1521.53089432,0.04756408,1955.50969777,0.01998552,0.01998552,25854,79,0
7730.44656948,7730.44625045,1530.14815420,1530.15734207,0.04976012,1955.73963462,0.01998552,0.01998552,25853,79,0
7730.74573045,7730.74529060,1538.76470369,1538.77738409,0.04166069,1955.96812263,0.01998552,0.01998552,25852,79,0
7731.04479343,7731.04435387,1547.39103317,1547.40371911,0.04950637,1956.19549845,0.01998552,0.01998552,25851,79,0
7731.34387501,7731.34344028,1556.02793647,1556.04049774,0.04346001,1956.42186782,0.01998552,0.01998552,25850,79,0
7731.64241647,7731.64254982,1564.67527264,1564.67141540,0.05016141,1956.64680241,0.01998552,0.01998552,25849,79,0
7731.94156776,7731.94168250,1573.33253815,1573.32921579,0.04493783,1956.87115092,0.01998552,0.01998552,25848,79,0
7732.24069036,7732.24083832,1581.99922531,1581.99493701,0.03917343,1957.09441427,0.01998552,0.01998552,25847,79,0
7732.53968287,7732.54001727,1590.67492258,1590.66522075,0.04571227,1957.31650317,0.01998552,0.01998552,25846,79,0
7732.83982084,7732.83921938,1599.35979167,1599.37725891,0.04763834,1957.53835996,0.01998552,0.01998552,25845,79,0
7733.13819478,7733.13844463,1608.05420204,1608.04693858,0.05449173,1957.75784283,0.01998552,0.01998552,25844,79,0
7733.43795695,7733.43769303,1616.75852583,1616.76620683,0.03960341,1957.97727793,0.01998552,0.01998552,25843,79,0
7733.73663291,7733.73696458,1625.47306042,1625.46339719,0.04498399,1958.19485553,0.01998552,0.01998552,25842,79,0
7734.03655565,7734.03625929,1634.19771171,1634.20635537,0.04795593,1958.41226761,0.01998552,0.01998552,25841,79,0
7734.33572125,7734.33557716,1642.93225996,1642.93646698,0.03579720,1958.62804924,0.01998552,0.01998552,25840,79,0
7734.63449117,7734.63491819,1651.67648385,1651.66400360,0.05024889,1958.84245780,0.01998552,0.01998552,25839,79,0
7734.93411379,7734.93428238,1660.43024568,1660.42531328,0.04592266,1959.05637924,0.01998552,0.01998552,25838,79,0
7735.23344348,7735.23366974,1669.19376994,1669.18714365,0.04967204,1959.26899395,0.01998552,0.01998552,25837,79,0
7735.53296934,7735.53308027,1677.96737933,1677.96412714,0.03703188,1959.48065347,0.01998552,0.01998552,25836,79,0
7735.83243213,7735.83251396,1686.75139868,1686.74899665,0.04620813,1959.69117738,0.01998552,0.01998552,25835,79,0
7736.13198742,7736.13197084,1695.54602534,1695.54651259,0.04523357,1959.90067512,0.01998552,0.01998552,25834,79,0
7736.43171506,7736.43145089,1704.35101839,1704.35878958,0.04187595,1960.10919085,0.01998552,0.01998552,25833,79,0
7736.73148679,7736.73095412,1713.16604214,1713.18172804,0.05317020,1960.31662183,0.01998552,0.01998552,25832,79,0
7737.03015571,7737.03048053,1721.99075892,1721.98118420,0.05147035,1960.52216824,0.01998552,0.01998552,25831,79,0
7737.33011608,7737.33003012,1730.82499817,1730.82753458,0.03725140,1960.72746870,0.01998552,0.01998552,25830,79,0
7737.62962182,7737.62960291,1739.66902449,1739.66958321,0.04938693,1960.93132541,0.01998552,0.01998552,25829,79,0
7737.92894205,7737.92919888,1748.52317363,1748.51557919,0.04045981,1961.13392867,0.01998552,0.01998552,25828,79,0
7738.22890732,7738.22881805,1757.38778233,1757.39042505,0.04357561,1961.33584134,0.01998552,0.01998552,25827,79,0
7738.52867866,7738.52846042,1766.26305196,1766.26951977,0.05030497,1961.53649617,0.01998552,0.01998552,25826,79,0
7738.82776118,7738.82812598,1775.14892568,1775.13810235,0.04451717,1961.73556104,0.01998552,0.01998552,25825,79,0
7739.12780521,7739.12781474,1784.04531741,1784.04503417,0.04880076,1961.93412633,0.01998552,0.01998552,25824,79,0
7739.42731268,7739.42752671,1792.95214061,1792.94577676,0.03580669,1962.13119177,0.01998552,0.01998552,25823,79,0
7739.72704555,7739.72726188,1801.86931499,1801.86287564,0.04812086,1962.32725418,0.01998552,0.01998552,25822,79,0
7740.02658058,7740.02702027,1810.79676891,1810.78366715,0.04745736,1962.52203055,0.01998552,0.01998552,25821,79,0
7740.32640502,7740.32680186,1819.73443078,1819.72259312,0.04899686,1962.71583117,0.01998552,0.01998552,25820,79,0
7740.62616653,7740.62660667,1828.68223579,1828.66909278,0.04028987,1962.90842117,0.01998552,0.01998552,25819,79,0
7740.92595294,7740.92643470,1837.64026144,1837.62586007,0.04116113,1963.09985442,0.01998552,0.01998552,25818,79,0
7741.22598797,7741.22628595,1846.60871575,1846.59979839,0.04696779,1963.29027215,0.01998552,0.01998552,25817,79,0
7741.52571557,7741.52616042,1855.58781289,1855.57448544,0.04107471,1963.47932174,0.01998552,0.01998552,25816,79,0
7741.82619861,7741.82605811,1864.57776942,1864.58198342,0.04586451,1963.66767081,0.01998552,0.01998552,25815,79,0
7742.12563947,7742.12597903,1873.57881270,1873.56861584,0.04321302,1963.85419420,0.01998552,0.01998552,25814,79,0
7742.42581452,7742.42592319,1882.59117713,1882.58791014,0.04145016,1964.04000017,0.01998552,0.01998552,25813,79,0
7742.72577607,7742.72589058,1891.61509883,1891.61165200,0.04452500,1964.22449884,0.01998552,0.01998552,25812,79,0
7743.02560690,7743.02588120,1900.65071664,1900.64244992,0.04523024,1964.40774089,0.01998552,0.01998552,25811,79,0
7743.32560164,7743.32589506,1909.69760346,1909.68875029,0.04258873,1964.58989242,0.01998552,0.01998552,25810,79,0
7743.62589922,7743.62593217,1918.75512736,1918.75413216,0.04442205,1964.77101744,0.01998552,0.01998552,25809,79,0
7743.92557097,7743.92599252,1927.82265167,1927.80990652,0.04730807,1964.95054051,0.01998552,0.01998552,25808,79,0
7744.22590138,7744.22607612,1936.89984778,1936.89455938,0.05117447,1965.12922009,0.01998552,0.01998552,25807,79,0
7744.52596412,7744.52618296,1945.98737113,1945.98074076,0.05178233,1965.30651111,0.01998552,0.01998552,25806,79,0
7744.82605404,7744.82631306,1955.08607589,1955.07821875,0.04750665,1965.48260116,0.01998552,0.01998552,25805,79,0
7745.12705903,7745.12646641,1964.19681521,1964.21481498,0.04764218,1965.65801690,0.01998553,0.01998552,25804,79,0
7745.42653499,7745.42664302,1973.31986892,1973.31658360,0.04042277,1965.83133760,0.01998552,0.01998552,25803,79,0
7745.72655911,7745.72684290,1982.45452508,1982.44588513,0.04349683,1966.00375246,0.01998552,0.01998552,25802,79,0
7746.02692612,7746.02706603,1991.59996874,1991.59570457,0.04451878,1966.17511768,0.01998552,0.01998552,25801,79,0
7746.32740688,7746.32731243,2000.75541026,2000.75829163,0.04609526,1966.34528023,0.01998553,0.01998552,25800,79,0
7746.62766691,7746.62758210,2009.92068519,2009.92327503,0.05130649,1966.51404390,0.01998553,0.01998552,25799,79,0
7746.92824477,7746.92787504,2019.09621261,2019.10751587,0.04859054,1966.68171402,0.01998553,0.01998552,25798,79,0
7747.22843589,7747.22819126,2028.28243676,2028.28992401,0.04394605,1966.84790143,0.01998553,0.01998552,25797,79,0
7747.52857312,7747.52853075,2037.47980873,2037.48110693,0.04067585,1967.01279643,0.01998552,0.01998552,25796,79,0
7747.82862753,7747.82889352,2046.68881132,2046.68065132,0.04568532,1967.17638753,0.01998552,0.01998552,25795,79,0
7748.12949471,7748.12927957,2055.90994438,2055.91655261,0.05501586,1967.33916189,0.01998552,0.01998552,25794,79,0
7748.42962212,7748.42968891,2065.14371151,2065.14165724,0.04850768,1967.50028238,0.01998552,0.01998552,25793,79,0
7748.73043176,7748.73012154,2074.39044892,2074.40000316,0.04368274,1967.66051277,0.01998552,0.01998552,25792,79,0
7749.03008762,7749.03057745,2083.64990339,2083.63479817,0.04734786,1967.81886782,0.01998552,0.01998552,25791,79,0
7749.33145629,7749.33105666,2092.92169178,2092.93403061,0.04929335,1967.97684654,0.01998552,0.01998552,25790,79,0
7749.63170287,7749.63155917,2102.20543009,2102.20987218,0.04414717,1968.13294702,0.01998552,0.01998552,25789,79,0
7749.93223961,7749.93208497,2111.50085832,2111.50564407,0.04235078,1968.28789908,0.01998552,0.01998552,25788,79,0
7750.23245782,7750.23263408,2120.80791075,2120.80244945,0.05316416,1968.44138267,0.01998552,0.01998552,25787,79,0
7750.53352355,7750.53320648,2130.12653792,2130.13637350,0.04473038,1968.59398434,0.01998553,0.01998552,25786,79,0
7750.83381618,7750.83380220,2139.45670877,2139.45714303,0.04296591,1968.74487635,0.01998552,0.01998552,25785,79,0
7751.13431592,7751.13442122,2148.79863582,2148.79536138,0.04883038,1968.89455307,0.01998552,0.01998552,25784,79,0
7751.43515231,7751.43506356,2158.15270325,2158.15546632,0.05044923,1969.04307610,0.01998552,0.01998553,25783,79,0
7751.73559870,7751.73572921,2167.51930162,2167.51523312,0.04094050,1969.19008754,0.01998552,0.01998553,25782,79,0
7752.03630589,7752.03641818,2176.89873481,2176.89522979,0.04814313,1969.33590559,0.01998552,0.01998553,25781,79,0
7752.33682328,7752.33713047,2186.29090233,2186.28130178,0.04248970,1969.48030380,0.01998552,0.01998553,25780,79,0
7752.63782925,7752.63786608,2195.69558758,2195.69443521,0.05088140,1969.62359695,0.01998553,0.01998553,25779,79,0
7752.93819658,7752.93862501,2205.11257199,2205.09914936,0.04562139,1969.76524034,0.01998552,0.01998553,25778,79,0
7753.23915798,7753.23940728,2214.54162284,2214.53380313,0.04164167,1969.90580642,0.01998553,0.01998553,25777,79,0
7753.54048621,7753.54021287,2223.98248426,2223.99106784,0.04669649,1970.04517314,0.01998553,0.01998553,25776,79,0
7753.84137439,7753.84104180,2233.43489620,2233.44535248,0.04188234,1970.18295855,0.01998553,0.01998553,25775,79,0
7754.14164350,7754.14189407,2242.89863571,2242.89074938,0.04728216,1970.31907937,0.01998553,0.01998553,25774,79,0
7754.44306676,7754.44276967,2252.37396005,2252.38332174,0.04436214,1970.45433415,0.01998553,0.01998553,25773,79,0
7754.74317211,7754.74366862,2261.86145236,2261.84578741,0.05111262,1970.58761748,0.01998552,0.01998553,25772,79,0
7755.04463663,7755.04459091,2271.36170638,2271.36315088,0.03897183,1970.72012057,0.01998553,0.01998553,25771,79,0
7755.34515064,7755.34553655,2280.87519460,2280.86298710,0.04753427,1970.85082586,0.01998552,0.01998553,25770,79,0
7755.64643305,7755.64650554,2290.40192489,2290.39962907,0.03988033,1970.98047611,0.01998553,0.01998553,25769,79,0
7755.94750249,7755.94749788,2299.94179620,2299.94194258,0.04538678,1971.10863753,0.01998553,0.01998553,25768,79,0
7756.24855392,7756.24851357,2309.49470389,2309.49598519,0.03945818,1971.23538712,0.01998553,0.01998553,25767,79,0
7756.54950016,7756.54955263,2319.06044484,2319.05877651,0.04913618,1971.36068022,0.01998553,0.01998553,25766,79,0
7756.85040097,7756.85061504,2328.63869226,2328.63187746,0.04879009,1971.48453248,0.01998553,0.01998553,25765,79,0
7757.15246543,7757.15170082,2338.22910891,2338.25347810,0.03968409,1971.60742337,0.01998553,0.01998553,25764,79,0
7757.45290568,7757.45280996,2347.83146671,2347.83452075,0.04672905,1971.72821336,0.01998553,0.01998553,25763,79,0
7757.75410511,7757.75394248,2357.44630704,2357.45150294,0.03477667,1971.84786792,0.01998553,0.01998553,25762,79,0
7758.05504730,7758.05509836,2367.07450073,2367.07286699,0.04985690,1971.96598434,0.01998553,0.01998553,25761,79,0
7758.35617807,7758.35627762,2376.71692286,2376.71373339,0.04008174,1972.08274220,0.01998553,0.01998553,25760,79,0
7758.65733418,7758.65748026,2386.37397024,2386.36928352,0.04841222,1972.19807456,0.01998553,0.01998553,25759,79,0
7758.95843945,7758.95870628,2396.04509198,2396.03651943,0.04997827,1972.31193893,0.01998553,0.01998553,25758,79,0
7759.26011785,7759.25995568,2405.72962217,2405.73483892,0.04958478,1972.42455303,0.01998553,0.01998553,25757,79,0
7759.56200030,7759.56122846,2415.42693845,2415.45179748,0.04017525,1972.53575979,0.01998553,0.01998553,25756,79,0
7759.86268629,7759.86252463,2425.13693982,2425.14215271,0.04869730,1972.64504334,0.01998553,0.01998553,25755,79,0
7760.16380623,7760.16384420,2434.85984427,2434.85861852,0.04520640,1972.75299818,0.01998553,0.01998553,25754,79,0
7760.46548432,7760.46518715,2444.59587624,2444.60548350,0.04868181,1972.85965767,0.01998553,0.01998553,25753,79,0
7760.76637211,7760.76655351,2454.34536846,2454.33949627,0.03970138,1972.96454400,0.01998553,0.01998553,25752,79,0
7761.06785886,7761.06794326,2464.10893103,2464.10619515,0.04721980,1973.06814274,0.01998553,0.01998553,25751,79,0
7761.36896723,7761.36935641,2473.88722276,2473.87458797,0.04477884,1973.17011640,0.01998553,0.01998553,25750,79,0
7761.67104696,7761.67079297,2483.68083497,2483.68909335,0.05019039,1973.27091644,0.01998553,0.01998553,25749,79,0
7761.97201662,7761.97225293,2493.48937793,2493.48168374,0.03761959,1973.36983798,0.01998553,0.01998553,25748,79,0
7762.27291376,7762.27373631,2503.31174970,2503.28493418,0.04654187,1973.46721279,0.01998552,0.01998553,25747,79,0
7762.57520784,7762.57524309,2513.14682397,2513.14567339,0.04738675,1973.56348862,0.01998553,0.01998553,25746,79,0
7762.87656609,7762.87677330,2522.99394198,2522.98717110,0.04742271,1973.65790646,0.01998553,0.01998553,25745,79,0
7763.17786945,7763.17832692,2532.85377518,2532.83880804,0.04786891,1973.75075038,0.01998553,0.01998553,25744,79,0
7763.47971940,7763.47990396,2542.72723266,2542.72118633,0.04414460,1973.84220400,0.01998553,0.01998553,25743,79,0
7763.78194802,7763.78150442,2552.61517897,2552.62973258,0.04613421,1973.93221033,0.01998553,0.01998553,25742,79,0
7764.08318851,7764.08312831,2562.51779647,2562.51977435,0.04771635,1974.02036148,0.01998553,0.01998553,25741,79,0
7764.38471478,7764.38477563,2572.43478147,2572.43277949,0.04944792,1974.10702580,0.01998553,0.01998553,25740,79,0
7764.68619648,7764.68644638,2582.36581770,2582.35758566,0.03862325,1974.19209664,0.01998553,0.01998553,25739,79,0
7764.98784286,7764.98814057,2592.31073672,2592.30091668,0.04930140,1974.27562373,0.01998553,0.01998553,25738,79,0
7765.29010171,7765.28985819,2602.26974335,2602.27778691,0.04297660,1974.35771964,0.01998553,0.01998553,25737,79,0
7765.59130675,7765.59159925,2612.24310140,2612.23342677,0.04552412,1974.43793040,0.01998553,0.01998553,25736,79,0
7765.89367632,7765.89336376,2622.23107877,2622.24143153,0.05246077,1974.51684075,0.01998553,0.01998553,25735,79,0
7766.19561487,7766.19515171,2632.23396445,2632.24932708,0.04165131,1974.59402332,0.01998553,0.01998553,25734,79,0
7766.49689162,7766.49696310,2642.25206073,2642.24968640,0.04701767,1974.66942263,0.01998553,0.01998553,25733,79,0
7766.79878918,7766.79879795,2652.28567069,2652.28537889,0.04632734,1974.74335456,0.01998553,0.01998553,25732,79,0
7767.10057824,7767.10065625,2662.33491395,2662.33231482,0.04677250,1974.81562940,0.01998553,0.01998553,25731,79,0
7767.40160820,7767.40253801,2672.39957074,2672.36854884,0.04784963,1974.88608899,0.01998552,0.01998553,25730,79,0
7767.70387123,7767.70444323,2682.47938289,2682.46027190,0.04543210,1974.95518619,0.01998552,0.01998553,25729,79,0
7768.00650985,7768.00637191,2692.57415063,2692.57876575,0.04559043,1975.02270275,0.01998553,0.01998553,25728,79,0
7768.30827742,7768.30832405,2702.68405243,2702.68249019,0.04656557,1975.08835818,0.01998553,0.01998553,25727,79,0
7768.61065570,7768.61029966,2712.80941475,2712.82136164,0.04682286,1975.15247134,0.01998553,0.01998553,25726,79,0
7768.91188145,7768.91229874,2722.95055349,2722.93653058,0.04121043,1975.21466691,0.01998553,0.01998553,25725,79,0
7769.21406721,7769.21432129,2733.10738681,2733.09883594,0.04442159,1975.27537415,0.01998553,0.01998553,25724,79,0
7769.51669953,7769.51636732,2743.27937770,2743.29057328,0.05066249,1975.33446697,0.01998553,0.01998553,25723,79,0
7769.81868343,7769.81843683,2753.46595970,2753.47428131,0.05153144,1975.39172235,0.01998553,0.01998553,25722,79,0
7770.12067798,7770.12052981,2763.66684029,2763.67184701,0.04871029,1975.44726162,0.01998553,0.01998553,25721,79,0
7770.42254698,7770.42264628,2773.88263676,2773.87927634,0.04353495,1975.50105656,0.01998553,0.01998553,25720,79,0
7770.72486803,7770.72478624,2784.11415816,2784.11693003,0.04889601,1975.55320370,0.01998553,0.01998553,25719,79,0
7771.02701979,7771.02694969,2794.36216235,2794.36454196,0.04732810,1975.60358895,0.01998553,0.01998553,25718,79,0
7771.32889139,7771.32913662,2804.62681263,2804.61847624,0.04953693,1975.65218992,0.01998553,0.01998553,25717,79,0
7771.63134117,7771.63134705,2814.90791957,2814.90771920,0.04127887,1975.69913272,0.01998553,0.01998553,25716,79,0
7771.93337940,7771.93358098,2825.20528857,2825.19841549,0.04801259,1975.74425291,0.01998553,0.01998553,25715,79,0
7772.23616473,7772.23583841,2835.51878822,2835.52993088,0.05063119,1975.78771158,0.01998553,0.01998553,25714,79,0
7772.53831944,7772.53811934,2845.84838193,2845.85522458,0.04404656,1975.82930141,0.01998553,0.01998553,25713,79,0
7772.84088441,7772.84042378,2856.19404040,2856.20981587,0.04943225,1975.86915906,0.01998553,0.01998553,25712,79,0
7773.14286919,7773.14275173,2866.55569302,2866.55972173,0.04517100,1975.90714692,0.01998553,0.01998553,25711,79,0
7773.44482948,7773.44510318,2876.93311406,2876.92371330,0.04344445,1975.94333112,0.01998553,0.01998553,25710,79,0
7773.74725468,7773.74747815,2887.32603909,2887.31835284,0.05160677,1975.97775725,0.01998553,0.01998553,25709,79,0
7774.04975446,7774.04987664,2897.73426463,2897.73005654,0.04273563,1976.01036724,0.01998553,0.01998553,25708,79,0
7774.35237298,7774.35229864,2908.15823093,2908.16079509,0.04972143,1976.04115727,0.01998553,0.01998553,25707,79,0
7774.65495534,7774.65474417,2918.59875869,2918.60605404,0.04751275,1976.07010471,0.01998553,0.01998553,25706,79,0
7774.95755670,7774.95721322,2929.05666490,2929.06855029,0.04827647,1976.09720825,0.01998553,0.01998553,25705,79,0
7775.26006131,7775.25970580,2939.53217320,2939.54449437,0.05080762,1976.12244949,0.01998553,0.01998553,25704,79,0
7775.56231414,7775.56222191,2950.02474270,2950.02794390,0.04490215,1976.14580818,0.01998553,0.01998553,25703,79,0
7775.86445459,7775.86476155,2960.53377779,2960.52310750,0.04663868,1976.16728823,0.01998553,0.01998553,25702,79,0
7776.16746073,7776.16732473,2971.05899221,2971.06372665,0.04309041,1976.18694284,0.01998553,0.01998553,25701,79,0
7776.47000249,7776.46991145,2981.60096319,2981.60413759,0.04729918,1976.20467425,0.01998553,0.01998553,25700,79,0
7776.77215098,7776.77252170,2992.16042091,2992.14747409,0.04327163,1976.22048674,0.01998553,0.01998553,25699,79,0
7777.07497355,7777.07515550,3002.73799685,3002.73163217,0.04606175,1976.23442487,0.01998553,0.01998553,25698,79,0
7777.37815842,7777.37781285,3013.33368993,3013.34579758,0.04651841,1976.24645469,0.01998553,0.01998553,25697,79,0
7777.68037011,7777.68049375,3023.94726027,3023.94292155,0.03873618,1976.25651902,0.01998553,0.01998553,25696,79,0
7777.98276811,7777.98319820,3034.57849020,3034.56337338,0.05023266,1976.26465421,0.01998553,0.01998553,25695,79,0
7778.28575584,7778.28592620,3045.22750926,3045.22151161,0.04935359,1976.27085413,0.01998553,0.01998553,25694,79,0
7778.58831636,7778.58867776,3055.89470458,3055.88196040,0.04408826,1976.27508685,0.01998553,0.01998553,25693,79,0
7778.89094841,7778.89145288,3066.58045870,3066.56263970,0.04750299,1976.27735295,0.01998553,0.01998553,25692,79,0
7779.19412668,7779.19425157,3077.28457468,3077.28015618,0.04753089,1976.27763983,0.01998553,0.01998553,25691,79,0
7779.49684461,7779.49707382,3088.00607580,3087.99795463,0.05348486,1976.27593586,0.01998553,0.01998553,25690,79,0
7779.79944177,7779.79991964,3098.74392378,3098.72696845,0.04328929,1976.27223582,0.01998553,0.01998553,25689,79,0
7780.10240232,7780.10278903,3109.49775414,3109.48401344,0.04671882,1976.26652265,0.01998553,0.01998553,25688,79,0
7780.40579716,7780.40568199,3120.26881837,3120.27291727,0.04729038,1976.25877725,0.01998553,0.01998553,25687,79,0
7780.70904814,7780.70859853,3131.05861478,3131.07464385,0.05248149,1976.24900044,0.01998553,0.01998553,25686,79,0
7781.01172557,7781.01153865,3141.86829178,3141.87496745,0.03968582,1976.23720158,0.01998553,0.01998553,25685,79,0
7781.31439141,7781.31450236,3152.69748388,3152.69351505,0.04951223,1976.22335418,0.01998553,0.01998553,25684,79,0
7781.61785440,7781.61748964,3163.54542317,3163.55849322,0.04606838,1976.20740359,0.01998553,0.01998553,25683,79,0
7781.92081845,7781.92050052,3174.41145562,3174.42286556,0.04550214,1976.18940559,0.01998553,0.01998553,25682,79,0
7782.22380822,7782.22353499,3185.29579668,3185.30561881,0.05086085,1976.16932337,0.01998553,0.01998553,25681,79,0
7782.52677802,7782.52659305,3196.19904696,3196.20570739,0.04680946,1976.14714840,0.01998553,0.01998553,25680,79,0
7782.83022807,7782.82967470,3207.12176497,3207.14172500,0.04845035,1976.12282739,0.01998553,0.01998553,25679,79,0
7783.13269290,7783.13277996,3218.06389917,3218.06075365,0.04850250,1976.09647229,0.01998553,0.01998553,25678,79,0
7783.43570351,7783.43590881,3229.02498159,3229.01755185,0.04615459,1976.06794466,0.01998553,0.01998553,25677,79,0
7783.73882576,7783.73906127,3240.00455644,3239.99601994,0.04261709,1976.03726911,0.01998553,0.01998553,25676,79,0
7784.04192628,7784.04223734,3251.00271771,3250.99142415,0.05181307,1976.00444746,0.01998553,0.01998553,25675,79,0
7784.34565647,7784.34543702,3262.02010406,3262.02808503,0.04772288,1975.96939005,0.01998553,0.01998553,25674,79,0
7784.64883635,7784.64866031,3273.05737604,3273.06378945,0.05010794,1975.93221903,0.01998553,0.01998553,25673,79,0
7784.95236698,7784.95190722,3284.11488052,3284.13166006,0.04440405,1975.89281346,0.01998553,0.01998553,25672,79,0
7785.25553658,7785.25517774,3295.19253239,3295.20565130,0.04538575,1975.85125467,0.01998553,0.01998553,25671,79,0
7785.55789084,7785.55847188,3306.29021450,3306.26893560,0.04752201,1975.80760673,0.01998553,0.01998553,25670,79,0
7785.86172570,7785.86178965,3317.40782510,3317.40547904,0.04015291,1975.76151989,0.01998553,0.01998553,25669,79,0
7786.16511552,7786.16513105,3328.54529170,3328.54472111,0.04827733,1975.71326375,0.01998553,0.01998553,25668,79,0
7786.46835750,7786.46849607,3339.70254489,3339.69744405,0.04704355,1975.66278647,0.01998553,0.01998553,25667,79,0
7786.77244841,7786.77188473,3350.87973528,3350.90052014,0.04945853,1975.60990217,0.01998553,0.01998553,25666,79,0
7787.07591270,7787.07529702,3362.07752858,3362.10027163,0.04785088,1975.55485010,0.01998553,0.01998553,25665,79,0
7787.37870657,7787.37873294,3373.29667010,3373.29569420,0.04762250,1975.49763701,0.01998553,0.01998553,25664,79,0
7787.68217875,7787.68219251,3384.53760254,3384.53709230,0.04082956,1975.43799321,0.01998553,0.01998553,25663,79,0
7787.98559382,7787.98567572,3395.79988338,3395.79684127,0.04828555,1975.37604598,0.01998553,0.01998553,25662,79,0
7788.28926901,7788.28918258,3407.08290663,3407.08612238,0.04849225,1975.31171927,0.01998553,0.01998553,25661,79,0
7788.59272997,7788.59271309,3418.38624432,3418.38687351,0.04626658,1975.24510348,0.01998553,0.01998553,25660,79,0
7788.89630283,7788.89626724,3429.71008815,3429.71141690,0.04513673,1975.17611510,0.01998553,0.01998553,25659,79,0
7789.19990112,7789.19984505,3441.05476338,3441.05686045,0.04972530,1975.10475809,0.01998553,0.01998553,25658,79,0
7789.50344946,7789.50344652,3452.42061359,3452.42072369,0.04015013,1975.03103591,0.01998553,0.01998553,25657,79,0
7789.80687614,7789.80707165,3463.80804230,3463.80070305,0.05025949,1974.95495280,0.01998553,0.01998553,25656,79,0
7790.11084907,7790.11072044,3475.21747069,3475.22230863,0.04432437,1974.87632052,0.01998553,0.01998553,25655,79,0
7790.41453008,7790.41439289,3486.64918667,3486.65435612,0.05237193,1974.79533776,0.01998553,0.01998553,25654,79,0
7790.71826028,7790.71808901,3498.10292496,3498.10939022,0.04532018,1974.71190517,0.01998553,0.01998553,25653,79,0
7791.02205609,7791.02180881,3509.57827660,3509.58762794,0.04447223,1974.62600682,0.01998553,0.01998553,25652,79,0
7791.32572434,7791.32555227,3521.07482571,3521.08134427,0.04788862,1974.53768842,0.01998553,0.01998553,25651,79,0
7791.62871681,7791.62931941,3532.59214361,3532.56927668,0.04011748,1974.44710995,0.01998553,0.01998553,25650,79,0
7791.93272404,7791.93311023,3544.12979433,3544.11511512,0.04985840,1974.35375300,0.01998553,0.01998553,25649,79,0
7792.23744720,7792.23692474,3555.68780258,3555.70769639,0.05182235,1974.25767570,0.01998553,0.01998553,25648,79,0
7792.54105411,7792.54076292,3567.26802407,3567.27913300,0.04162495,1974.15943241,0.01998553,0.01998553,25647,79,0
7792.84424935,7792.84462480,3578.87278571,3578.85843153,0.04945141,1974.05878036,0.01998553,0.01998553,25646,79,0
7793.14863097,7793.14851036,3590.50353868,3590.50815947,0.04033636,1973.95515136,0.01998553,0.01998553,25645,79,0
7793.44779508,7793.45241962,0.00000000,3601.99183053,0.25212381,1973.85067752,0.01998552,0.01998553,25644,79,1
7793.75635602,7793.75635257,3613.83518347,3613.83531600,0.04923034,1973.74051491,0.01998553,0.01998553,25643,79,0
7794.05989336,7794.06030922,3625.53221752,3625.51619963,0.04157155,1973.62946187,0.01998553,0.01998553,25642,79,0
7794.36391936,7794.36428958,3637.25203350,3637.23774533,0.04649519,1973.51562295,0.01998553,0.01998553,25641,79,0
7794.66772270,7794.66829363,3648.99781064,3648.97572625,0.04689508,1973.39921532,0.01998553,0.01998553,25640,79,0
7794.97252374,7794.97232139,3660.77126122,3660.77910547,0.04471554,1973.27972759,0.01998553,0.01998553,25639,79,0
7795.27656909,7795.27637287,3672.57023053,3672.57785259,0.05273108,1973.15784932,0.01998553,0.01998553,25638,79,0
7795.58070781,7795.58044805,3684.39192850,3684.40203611,0.03611275,1973.03326285,0.01998553,0.01998553,25637,79,0
7795.88397949,7795.88454695,3696.23505962,3696.21293980,0.05441751,1972.90637177,0.01998553,0.01998553,25636,79,0
7796.18891738,7796.18866956,3708.10144879,3708.11112770,0.04258661,1972.77607203,0.01998553,0.01998553,25635,79,0
7796.49289070,7796.49281590,3719.99330500,3719.99623256,0.04793799,1972.64343902,0.01998553,0.01998553,25634,79,0
7796.79707086,7796.79698596,3731.91146657,3731.91479661,0.04400482,1972.50794637,0.01998553,0.01998553,25633,79,0
7797.10142785,7797.10117975,3743.85459087,3743.86434112,0.04956710,1972.36960142,0.01998553,0.01998553,25632,79,0
7797.40563380,7797.40539726,3755.82116179,3755.83047451,0.05035882,1972.22855523,0.01998553,0.01998553,25631,79,0
7797.70969612,7797.70963851,3767.81069148,3767.81296408,0.04427069,1972.08479952,0.01998553,0.01998553,25630,79,0
7798.01434134,7798.01390349,3779.82389421,3779.84119856,0.04458517,1971.93796147,0.01998553,0.01998553,25629,79,0
7798.31786706,7798.31819221,3791.86154260,3791.84866688,0.04926648,1971.78884448,0.01998553,0.01998553,25628,79,0
7798.62235285,7798.62250467,3803.92413771,3803.91811391,0.05248385,1971.63640725,0.01998553,0.01998553,25627,79,0
7798.92690685,7798.92684087,3816.01195771,3816.01458098,0.04792157,1971.48106237,0.01998553,0.01998553,25626,79,0
7799.23086403,7799.23120081,3828.12525523,3828.11183781,0.04529238,1971.32313716,0.01998553,0.01998553,25625,79,0
7799.53567560,7799.53558451,3840.26407949,3840.26771589,0.04410182,1971.16185700,0.01998553,0.01998553,25624,79,0
7799.83983915,7799.83999195,3852.42836752,3852.42225516,0.04915790,1970.99799838,0.01998553,0.01998553,25623,79,0
7800.14488346,7800.14442315,3864.61825793,3864.63670878,0.04798387,1970.83071605,0.01998553,0.01998553,25622,79,0
7800.44922896,7800.44887811,3876.83500458,3876.84909859,0.04310977,1970.66083949,0.01998553,0.01998553,25621,79,0
7800.75355617,7800.75335682,3889.08025535,3889.08828217,0.04597975,1970.48795859,0.01998553,0.01998553,25620,79,0
7801.05782516,7801.05785930,3901.35486500,3901.35348737,0.04615644,1970.31206648,0.01998553,0.01998553,25619,79,0
7801.36260296,7801.36238554,3913.65714310,3913.66593536,0.04594555,1970.13283434,0.01998553,0.01998553,25618,79,0
7801.66703267,7801.66693555,3925.98489758,3925.98883250,0.04591109,1969.95077830,0.01998553,0.01998553,25617,79,0
7801.97134687,7801.97150933,3938.33777032,3938.33117431,0.04540006,1969.76575497,0.01998553,0.01998553,25616,79,0
7802.27649836,7802.27610688,3950.71870352,3950.73463480,0.04600829,1969.57711255,0.01998553,0.01998553,25615,79,0
7802.58067128,7802.58072821,3963.13085263,3963.12852981,0.04576763,1969.38590841,0.01998553,0.01998553,25614,79,0
7802.88583520,7802.88537332,3975.57367330,3975.59255856,0.04435568,1969.19089235,0.01998553,0.01998553,25613,79,0
7803.19092507,7803.19004221,3988.04289204,3988.07905773,0.06493751,1968.99277882,0.01998553,0.01998553,25612,79,0
7803.49514311,7803.49473488,4000.53467905,4000.55143047,0.04619508,1968.79214492,0.01998553,0.01998553,25611,79,0
7803.79930719,7803.79945134,4013.05113923,4013.04521149,0.04705411,1968.58841581,0.01998553,0.01998553,25610,79,0
7804.10406737,7804.10419159,4025.59758978,4025.59246851,0.04056246,1968.38104296,0.01998553,0.01998553,25609,79,0
7804.40917498,7804.40895564,4038.17793864,4038.18700453,0.04655887,1968.17009450,0.01998553,0.01998553,25608,79,0
7804.71386008,7804.71374348,4050.78994699,4050.79477751,0.04590803,1967.95611958,0.01998553,0.01998553,25607,79,0
7805.01872017,7805.01855511,4063.42977148,4063.43662251,0.05187454,1967.73874793,0.01998553,0.01998553,25606,79,0
7805.32369409,7805.32339055,4076.09535309,4076.10797744,0.04333240,1967.51803582,0.01998553,0.01998553,25605,79,0
nan,nan,0.00000000,-1.00000000,0.00000000,1967.29056828,nan,0.00000000,-2147483648,79,1
nan,nan,0.00000000,-1.00000000,0.00000000,1967.10449325,nan,0.00000000,-2147483648,78,1
7771.32857139,7771.32913662,8.82332941,8.80965502,0.05700062,1967.46635035,0.01998553,0.01998553,25717,78,0
7771.63150647,7771.63134705,16.13722749,16.14108700,0.05264393,1967.85502975,0.01998553,0.01998553,25716,78,0
7771.93363001,7771.93358098,23.45701456,23.45820231,0.03993069,1968.24201534,0.01998553,0.01998553,25715,78,0
7772.23600928,7772.23583841,30.78278772,30.78693067,0.04886489,1968.62867915,0.01998553,0.01998553,25714,78,0
7772.53895690,7772.53811934,38.11463955,38.13496217,0.04826765,1969.01542111,0.01998553,0.01998553,25713,78,0
7772.84032066,7772.84042378,45.45250694,45.45000293,0.03065397,1969.39949165,0.01998553,0.01998553,25712,78,0
7773.14215207,7773.14275173,52.79614229,52.78157156,0.04876677,1969.78349400,0.01998553,0.01998553,25711,78,0
7773.44491993,7773.44510318,60.14528624,60.14083062,0.04706938,1970.16800448,0.01998553,0.01998553,25710,78,0
7773.74730559,7773.74747815,67.49967819,67.49547974,0.03782714,1970.55133113,0.01998553,0.01998553,25709,78,0
7774.04898167,7774.04987664,74.85909649,74.83730927,0.05270289,1970.93304956,0.01998553,0.01998553,25708,78,0
7774.35375488,7774.35229864,82.22366497,82.25913872,0.03909322,1971.31797286,0.01998553,0.01998553,25707,78,0
7774.65362655,7774.65474417,89.59368508,89.56644153,0.03730352,1971.69601893,0.01998553,0.01998553,25706,78,0
7774.95709217,7774.95721322,96.96946111,96.96650808,0.05449371,1972.07791636,0.01998553,0.01998553,25705,78,0
7775.26007095,7775.25970580,104.35129876,104.36021298,0.04426201,1972.45853306,0.01998553,0.01998553,25704,78,0
7775.56187618,7775.56222191,111.73942485,111.73097805,0.04230296,1972.83702140,0.01998553,0.01998553,25703,78,0
7775.86491943,7775.86476155,119.13381864,119.13767875,0.04935688,1973.21640225,0.01998553,0.01998553,25702,78,0
7776.16811782,7776.16732473,126.53441131,126.55381740,0.03548910,1973.59530975,0.01998553,0.01998553,25701,78,0
7776.46927559,7776.46991145,133.94113371,133.92556354,0.05661602,1973.97100045,0.01998553,0.01998553,25700,78,0
7776.77265703,7776.77252170,141.35391576,141.35723200,0.03344165,1974.34878775,0.01998553,0.01998553,25699,78,0
7777.07474283,7777.07515550,148.77266868,148.76254888,0.04973240,1974.72427958,0.01998553,0.01998553,25698,78,0
7777.37871390,7777.37781285,156.19728155,156.21939330,0.04096428,1975.10142011,0.01998553,0.01998553,25697,78,0
7777.68024979,7777.68049375,163.62764169,163.62165084,0.03990596,1975.47484317,0.01998553,0.01998553,25696,78,0
7777.98263601,7777.98319820,171.06363582,171.04982101,0.05659456,1975.84861543,0.01998553,0.01998553,25695,78,0
7778.28575211,7778.28592620,178.50518495,178.50090405,0.03141772,1976.22257663,0.01998553,0.01998553,25694,78,0
7778.58786527,7778.58867776,185.95246352,185.93247025,0.05268892,1976.59459672,0.01998553,0.01998553,25693,78,0
7778.89127810,7778.89145288,193.40575920,193.40145514,0.04021983,1976.96752255,0.01998553,0.01998553,25692,78,0
7779.19285070,7779.19425157,200.86536158,200.83083675,0.04992839,1977.33750894,0.01998552,0.01998553,25691,78,0
7779.49790248,7779.49707382,208.33156094,208.35200054,0.03942771,1977.71108894,0.01998553,0.01998553,25690,78,0
7779.80020371,7779.79991964,215.80448656,215.81149910,0.05674149,1978.08063498,0.01998553,0.01998553,25689,78,0
7780.10309084,7780.10278903,223.28389479,223.29135105,0.03772491,1978.45021851,0.01998553,0.01998553,25688,78,0
7780.40549157,7780.40568199,230.76948847,230.76478085,0.05209898,1978.81851393,0.01998553,0.01998553,25687,78,0
7780.70949133,7780.70859853,238.26096899,238.28305640,0.04421186,1979.18804041,0.01998553,0.01998553,25686,78,0
7781.01132575,7781.01153865,245.75805469,245.75278411,0.05331463,1979.55420844,0.01998553,0.01998553,25685,78,0
7781.31506916,7781.31450236,253.26074795,253.27478935,0.04020635,1979.92195994,0.01998553,0.01998553,25684,78,0
7781.61674953,7781.61748964,260.76927584,260.75092804,0.03948500,1980.28649549,0.01998553,0.01998553,25683,78,0
7781.92006448,7781.92050052,268.28387258,268.27305486,0.05344378,1980.65229403,0.01998553,0.01998553,25682,78,0
7782.22392572,7782.22353499,275.80477355,275.81447493,0.04994968,1981.01804475,0.01998553,0.01998553,25681,78,0
7782.52701724,7782.52659305,283.33217163,283.34271191,0.03938088,1981.38217152,0.01998553,0.01998553,25680,78,0
7782.82958614,7782.82967470,290.86609162,290.86388917,0.04920614,1981.74497462,0.01998553,0.01998553,25679,78,0
7783.13289653,7783.13277996,298.40651758,298.40941868,0.03739783,1982.10796600,0.01998553,0.01998553,25678,78,0
7783.43550848,7783.43590881,305.95343348,305.94346272,0.05091760,1982.46941925,0.01998553,0.01998553,25677,78,0
7783.73884685,7783.73906127,313.50682388,313.50147925,0.03347535,1982.83103317,0.01998553,0.01998553,25676,78,0
7784.04211083,7784.04223734,321.06669389,321.06353811,0.05046240,1983.19184882,0.01998553,0.01998553,25675,78,0
7784.34495299,7784.34543702,328.63307229,328.62098850,0.03580269,1983.55145368,0.01998553,0.01998553,25674,78,0
7784.64879041,7784.64866031,336.20598929,336.20923986,0.05049561,1983.91152759,0.01998553,0.01998553,25673,78,0
7784.95135272,7784.95190722,343.78547521,343.77161055,0.05636654,1984.26938009,0.01998553,0.01998553,25672,78,0
7785.25602115,7785.25517774,351.37154170,351.39264725,0.03431140,1984.62900560,0.01998553,0.01998553,25671,78,0
7785.55767837,7785.55847188,358.96409914,358.94422710,0.05692036,1984.98436044,0.01998553,0.01998553,25670,78,0
7785.86125290,7785.86178965,366.56302353,366.54957149,0.03203406,1985.34124626,0.01998553,0.01998553,25669,78,0
7786.16546489,7786.16513105,374.16819022,374.17656319,0.04778851,1985.69814117,0.01998553,0.01998553,25668,78,0
7786.46793382,7786.46849607,381.77947633,381.76536459,0.05106577,1986.05224856,0.01998553,0.01998553,25667,78,0
7786.77220706,7786.77188473,389.39686873,389.40496467,0.03388857,1986.40771844,0.01998553,0.01998553,25666,78,0
7787.07536907,7787.07529702,397.02050817,397.02231934,0.04775727,1986.76114655,0.01998553,0.01998553,25665,78,0
7787.37847695,7787.37873294,404.65054750,404.64410779,0.04734936,1987.11377440,0.01998553,0.01998553,25664,78,0
7787.68241908,7787.68219251,412.28714033,412.29284406,0.04305348,1987.46663752,0.01998553,0.01998553,25663,78,0
7787.98602939,7787.98567572,419.93042193,419.93933261,0.05274816,1987.81838425,0.01998553,0.01998553,25662,78,0
7788.28856714,7788.28918258,427.58041192,427.56489341,0.04735048,1988.16815999,0.01998553,0.01998553,25661,78,0
7788.59317222,7788.59271309,435.23708629,435.24867280,0.04197213,1988.51958782,0.01998553,0.01998553,25660,78,0
7788.89666988,7788.89626724,442.90042078,442.91058959,0.05149672,1988.86899802,0.01998553,0.01998553,25659,78,0
7789.19994069,7789.19984505,450.57039127,450.57280849,0.03103802,1989.21740577,0.01998553,0.01998553,25658,78,0
7789.50349180,7789.50344652,458.24698588,458.24813131,0.05257538,1989.56539066,0.01998553,0.01998553,25657,78,0
7789.80728923,7789.80707165,465.93021013,465.93571834,0.04315794,1989.91290968,0.01998553,0.01998553,25656,78,0
7790.11046273,7790.11072044,473.62007088,473.61354185,0.04687673,1990.25896667,0.01998553,0.01998553,25655,78,0
7790.41478720,7790.41439289,481.31657501,481.32657265,0.04330007,1990.60558363,0.01998553,0.01998553,25654,78,0
7790.71804305,7790.71808901,489.01970805,489.01854175,0.05344537,1990.95022915,0.01998553,0.01998553,25653,78,0
7791.02158870,7791.02180881,496.72933659,496.72374740,0.05185189,1991.29444171,0.01998553,0.01998553,25652,78,0
7791.32563825,7791.32555227,504.44528542,504.44747030,0.03562072,1991.63845096,0.01998553,0.01998553,25651,78,0
7791.62934400,7791.62931941,512.16737833,512.16800348,0.05142159,1991.98128714,0.01998553,0.01998553,25650,78,0
7791.93324041,7791.93311023,519.89544760,519.89876028,0.04917392,1992.32354460,0.01998553,0.01998553,25649,78,0
7792.23641605,7792.23692474,527.62962982,527.61667533,0.04871240,1992.66420283,0.01998553,0.01998553,25648,78,0
7792.54139850,7792.54076292,535.37042770,535.38662667,0.03512345,1993.00611770,0.01998553,0.01998553,25647,78,0
7792.84490227,7792.84462480,543.11836810,543.12544625,0.05505621,1993.34562535,0.01998553,0.01998553,25646,78,0
7793.14850217,7793.14851036,550.87398059,550.87377148,0.04392104,1993.68451303,0.01998553,0.01998553,25645,78,0
7793.45219787,7793.45241962,558.63761061,558.63194324,0.04913296,1994.02279189,0.01998553,0.01998553,25644,78,0
7793.75646415,7793.75635257,566.40883204,566.41168604,0.03330421,1994.36096693,0.01998553,0.01998553,25643,78,0
7794.06059413,7794.06030922,574.18701661,574.19430996,0.05033103,1994.69822094,0.01998553,0.01998553,25642,78,0
7794.36393665,7794.36428958,581.97153268,581.96249154,0.04855966,1995.03380565,0.01998553,0.01998553,25641,78,0
7794.66791835,7794.66829363,589.76178288,589.75216300,0.04349782,1995.36927202,0.01998553,0.01998553,25640,78,0
7794.97276715,7794.97232139,597.55781881,597.56925321,0.04704937,1995.70486564,0.01998553,0.01998553,25639,78,0
7795.27656633,7795.27637287,605.36024455,605.36521106,0.03925953,1996.03850100,0.01998553,0.01998553,25638,78,0
7795.58158107,7795.58044805,613.16968481,613.19879635,0.05110003,1996.37268957,0.01998553,0.01998553,25637,78,0
7795.88454400,7795.88454695,620.98676686,620.98669091,0.04620941,1996.70387866,0.01998553,0.01998553,25636,78,0
7796.18833083,7796.18866956,628.81182221,628.80310266,0.05060739,1997.03522762,0.01998553,0.01998553,25635,78,0
7796.49273965,7796.49281590,636.64442805,636.64246366,0.05033183,1997.36649013,0.01998553,0.01998553,25634,78,0
7796.79731161,7796.79698596,644.48404163,644.49243811,0.03280832,1997.69713823,0.01998553,0.01998553,25633,78,0
7797.10113657,7797.10117975,652.33011728,652.32900322,0.05088085,1998.02616072,0.01998553,0.01998553,25632,78,0
7797.40586680,7797.40539726,660.18219425,660.19431764,0.04421710,1998.35532467,0.01998553,0.01998553,25631,78,0
7797.70971366,7797.70963851,668.04053623,668.04247807,0.04219280,1998.68270677,0.01998553,0.01998553,25630,78,0
7798.01385360,7798.01390349,675.90576713,675.90447700,0.04302146,1999.00960064,0.01998553,0.01998553,25629,78,0
7798.31786912,7798.31819221,683.77851674,683.77015368,0.04987951,1999.33558036,0.01998553,0.01998553,25628,78,0
7798.62200488,7798.62250467,691.65940582,691.64645625,0.04438567,1999.66093108,0.01998553,0.01998553,25627,78,0
7798.92725084,7798.92684087,699.54855151,699.55918392,0.05021905,1999.98670902,0.01998553,0.01998553,25626,78,0
7799.23175907,7799.23120081,707.44539898,707.45988946,0.03397444,2000.31091466,0.01998553,0.01998553,25625,78,0
7799.53595661,7799.53558451,715.34934401,715.35901027,0.04789069,2000.63397918,0.01998553,0.01998553,25624,78,0
7799.84057080,7799.83999195,723.25977904,723.27482651,0.05364650,2000.95664726,0.01998553,0.01998553,25623,78,0
7800.14461942,7800.14442315,731.17630241,731.18140815,0.04267243,2001.27786049,0.01998553,0.01998553,25622,78,0
7800.44899413,7800.44887811,739.09926147,739.10228190,0.05067834,2001.59857375,0.01998553,0.01998553,25621,78,0
7800.75318732,7800.75335682,747.02917406,747.02475762,0.04407352,2001.91827007,0.01998553,0.01998553,25620,78,0
7801.05693290,7801.05785930,754.96656082,754.94240178,0.04422122,2002.23669061,0.01998553,0.01998553,25619,78,0
7801.36013024,7801.36238554,762.91190184,762.85303177,0.06402744,2002.55375012,0.01998552,0.01998553,25618,78,0
7801.66698630,7801.66693555,770.86522753,770.86655350,0.04723884,2002.87383406,0.01998553,0.01998553,25617,78,0
7801.97126938,7801.97150933,778.82629953,778.82002495,0.04719491,2003.19042534,0.01998553,0.01998553,25616,78,0
7802.27584244,7802.27610688,786.79487464,786.78795359,0.04919690,2003.50649925,0.01998553,0.01998553,25615,78,0
7802.58054178,7802.58072821,794.77071155,794.76582818,0.04707505,2003.82187193,0.01998553,0.01998553,25614,78,0
7802.88518915,7802.88537332,802.75371654,802.74888860,0.04221281,2004.13635220,0.01998553,0.01998553,25613,78,0
7803.19059193,7803.19004221,810.74400165,810.75842474,0.04708697,2004.45077230,0.01998553,0.01998553,25612,78,0
7803.49488422,7803.49473488,818.74169464,818.74561608,0.04499724,2004.76321500,0.01998553,0.01998553,25611,78,0
7803.79919351,7803.79945134,826.74692398,826.74014757,0.04974701,2005.07484471,0.01998553,0.01998553,25610,78,0
7804.10370088,7804.10419159,834.75978890,834.74688027,0.03950384,2005.38584699,0.01998553,0.01998553,25609,78,0
7804.40894954,7804.40895564,842.78029249,842.78013199,0.04655770,2005.69677008,0.01998553,0.01998553,25608,78,0
7804.71390960,7804.71374348,850.80841833,850.81279592,0.04954898,2006.00655953,0.01998553,0.01998553,25607,78,0
7805.01847463,7805.01855511,858.84414989,858.84202716,0.04474072,2006.31510657,0.01998553,0.01998553,25606,78,0
7805.32287320,7805.32339055,866.88749586,866.87383900,0.04746991,2006.62264255,0.01998553,0.01998553,25605,78,0
7805.62855059,7805.62824980,874.93866179,874.94660937,0.04500294,2006.93062802,0.01998553,0.01998553,25604,78,0
7805.93339015,7805.93313284,882.99794647,883.00475122,0.04411718,2007.23693688,0.01998553,0.01998553,25603,78,0
7806.23877978,7806.23803970,891.06565091,891.08524273,0.04291084,2007.54297326,0.01998553,0.01998553,25602,78,0
7806.54331574,7806.54297037,899.14205664,899.15120862,0.04391760,2007.84733902,0.01998553,0.01998553,25601,78,0
7806.84737913,7806.84792486,907.22699263,907.21251747,0.05035949,2008.15041066,0.01998553,0.01998553,25600,78,0
7807.15329639,7807.15290316,915.31984984,915.33028888,0.04728076,2008.45447530,0.01998553,0.01998553,25599,78,0
7807.45852853,7807.45790529,923.41999801,923.43655619,0.05121335,2008.75697784,0.01998553,0.01998553,25598,78,0
7807.76315665,7807.76293123,931.52680719,931.53280021,0.05142473,2009.05797814,0.01998553,0.01998553,25597,78,0
7808.06766016,7808.06798101,939.64006664,939.63153000,0.04615990,2009.35794294,0.01998553,0.01998553,25596,78,0
7808.37307234,7808.37305461,947.76035830,947.76083039,0.04600894,2009.65790564,0.01998553,0.01998553,25595,78,0
7808.67834104,7808.67815204,955.88835498,955.89339226,0.04537972,2009.95685155,0.01998553,0.01998553,25594,78,0
7808.98333867,7808.98327331,964.02473336,964.02647709,0.04190865,2010.25467932,0.01998553,0.01998553,25593,78,0
7809.28886215,7809.28841842,972.16995695,972.18180722,0.04142539,2010.55217973,0.01998553,0.01998553,25592,78,0
7809.59334478,7809.59358737,980.32369147,980.31720678,0.04432443,2010.84781382,0.01998553,0.01998553,25591,78,0
7809.89924058,7809.89878016,988.48541626,988.49773468,0.04781635,2011.14394058,0.01998553,0.01998553,25590,78,0
7810.20376487,7810.20399679,996.65460756,996.64839770,0.04615511,2011.43784223,0.01998553,0.01998553,25589,78,0
7810.50925591,7810.50923727,1004.83082084,1004.83132011,0.04137676,2011.73175845,0.01998553,0.01998553,25588,78,0
7810.81487795,7810.81450161,1013.01419925,1013.02429218,0.04290604,2012.02488269,0.01998553,0.01998553,25587,78,0
7811.11926757,7811.11978980,1021.20514462,1021.19112696,0.04457069,2012.31592374,0.01998553,0.01998553,25586,78,0
7811.42543519,7811.42510184,1029.40406222,1029.41301814,0.04814658,2012.60776910,0.01998553,0.01998553,25585,78,0
7811.73028078,7811.73043775,1037.61133558,1037.60711438,0.04268989,2012.89747218,0.01998553,0.01998553,25584,78,0
7812.03592496,7812.03579752,1045.82700213,1045.83043264,0.04418229,2013.18704861,0.01998553,0.01998553,25583,78,0
7812.34082550,7812.34118115,1054.05083729,1054.04125562,0.04506760,2013.47502591,0.01998553,0.01998553,25582,78,0
7812.64664770,7812.64658865,1062.28260871,1062.28420096,0.04184077,2013.76296487,0.01998553,0.01998553,25581,78,0
7812.95180913,7812.95202002,1070.52208700,1070.51639549,0.04894868,2014.04936342,0.01998553,0.01998553,25580,78,0
7813.25742094,7813.25747527,1078.76918836,1078.76772085,0.04730074,2014.33525945,0.01998553,0.01998553,25579,78,0
7813.56271584,7813.56295439,1087.02400725,1087.01755827,0.03995249,2014.61993489,0.01998553,0.01998553,25578,78,0
7813.86807186,7813.86845739,1095.28664947,1095.27621768,0.04456491,2014.90374402,0.01998553,0.01998553,25577,78,0
7814.17398902,7814.17398428,1103.55722227,1103.55735070,0.05131120,2015.18714941,0.01998553,0.01998553,25576,78,0
7814.47942988,7814.47953504,1111.83592864,1111.83307786,0.04293974,2015.46919339,0.01998553,0.01998553,25575,78,0
7814.78489617,7814.78510970,1120.12315304,1120.11735929,0.03969034,2015.75035113,0.01998553,0.01998553,25574,78,0
7815.09084417,7815.09070825,1128.41930234,1128.42299429,0.04991470,2016.03105073,0.01998553,0.01998553,25573,78,0
7815.39578282,7815.39633069,1136.72478556,1136.70988882,0.03809573,2016.30993668,0.01998553,0.01998553,25572,78,0
7815.70176081,7815.70197702,1145.03977513,1145.03389013,0.03737622,2016.58888460,0.01998553,0.01998553,25571,78,0
7816.00776558,7816.00764726,1153.36375450,1153.36697828,0.04922290,2016.86694572,0.01998553,0.01998553,25570,78,0
7816.31353654,7816.31334139,1161.69608026,1161.70140181,0.04159611,2017.14385920,0.01998553,0.01998553,25569,78,0
7816.61903882,7816.61905943,1170.03610503,1170.03554237,0.03719091,2017.41957115,0.01998553,0.01998553,25568,78,0
7816.92545984,7816.92480138,1178.38338859,1178.40137290,0.04364092,2017.69513262,0.01998553,0.01998553,25567,78,0
7817.23063501,7817.23056724,1186.73838926,1186.74024182,0.03996010,2017.96861076,0.01998553,0.01998553,25566,78,0
7817.53590333,7817.53635701,1195.10180857,1195.08939426,0.03466445,2018.24123071,0.01998553,0.01998553,25565,78,0
7817.84164809,7817.84217070,1203.47435230,1203.46003677,0.05047882,2018.51335162,0.01998553,0.01998553,25564,78,0
7818.14809194,7818.14800830,1211.85660492,1211.85889844,0.04075697,2018.78518163,0.01998553,0.01998553,25563,78,0
7818.45378379,7818.45386983,1220.24839516,1220.24603336,0.05035855,2019.05542438,0.01998553,0.01998553,25562,78,0
7818.75908220,7818.75975528,1228.64926685,1228.63077239,0.04027861,2019.32438366,0.01998553,0.01998553,25561,78,0
7819.06585669,7819.06566466,1237.05876049,1237.06404187,0.04042044,2019.59368314,0.01998553,0.01998553,25560,78,0
7819.37167029,7819.37159796,1245.47646860,1245.47845952,0.04743570,2019.86116475,0.01998553,0.01998553,25559,78,0
7819.67771860,7819.67755520,1253.90243314,1253.90693498,0.04128071,2020.12787575,0.01998553,0.01998553,25558,78,0
7819.98378922,7819.98353638,1262.33691857,1262.34389167,0.04994861,2020.39363486,0.01998553,0.01998553,25557,78,0
7820.28943088,7820.28954149,1270.78019251,1270.77713902,0.03877040,2020.65805711,0.01998553,0.01998553,25556,78,0
7820.59543101,7820.59557054,1279.23250517,1279.22864925,0.05052186,2020.92182836,0.01998553,0.01998553,25555,78,0
7820.90149753,7820.90162354,1287.69390230,1287.69041663,0.04493555,2021.18469262,0.01998553,0.01998553,25554,78,0
7821.20763840,7821.20770049,1296.16430399,1296.16258498,0.03964349,2021.44664991,0.01998553,0.01998553,25553,78,0
7821.51384125,7821.51380138,1304.64362800,1304.64473289,0.04861072,2021.70768284,0.01998553,0.01998553,25552,78,0
7821.81923923,7821.81992623,1313.13179047,1313.11273255,0.03791696,2021.96704987,0.01998553,0.01998553,25551,78,0
7822.12591525,7822.12607503,1321.62869247,1321.62425594,0.04754062,2022.22651108,0.01998553,0.01998553,25550,78,0
7822.43178920,7822.43224779,1330.13422393,1330.12147837,0.04596745,2022.48429747,0.01998553,0.01998553,25549,78,0
7822.73768711,7822.73844450,1338.64827382,1338.62720428,0.04997794,2022.74110219,0.01998553,0.01998553,25548,78,0
7823.04466627,7823.04466519,1347.17074717,1347.17077726,0.04512621,2022.99780110,0.01998553,0.01998553,25547,78,0
7823.35041216,7823.35090984,1355.70182184,1355.68795131,0.04330078,2023.25246143,0.01998553,0.01998553,25546,78,0
7823.65755298,7823.65717845,1364.24189949,1364.25234826,0.05156267,2023.50727994,0.01998553,0.01998553,25545,78,0
7823.96368299,7823.96347104,1372.79139079,1372.79731004,0.04309703,2023.76026728,0.01998553,0.01998553,25544,78,0
7824.27018701,7824.26978761,1381.35068811,1381.36185456,0.04914606,2024.01257868,0.01998553,0.01998553,25543,78,0
7824.57598968,7824.57612815,1389.91980376,1389.91592845,0.03935678,2024.26332682,0.01998553,0.01998553,25542,78,0
7824.88186647,7824.88249267,1398.49841476,1398.48087161,0.04583486,2024.51313721,0.01998553,0.01998553,25541,78,0
7825.18874686,7825.18888118,1407.08618466,1407.08241821,0.03778606,2024.76275002,0.01998553,0.01998553,25540,78,0
7825.49560302,7825.49529367,1415.68278489,1415.69146806,0.04697169,2025.01131110,0.01998553,0.01998553,25539,78,0
7825.80154547,7825.80173015,1424.28807856,1424.28289019,0.04829557,2025.25809715,0.01998553,0.01998553,25538,78,0
7826.10811086,7826.10819062,1432.90210271,1432.89985996,0.04130658,2025.50434669,0.01998553,0.01998553,25537,78,0
7826.41434834,7826.41467508,1441.52490084,1441.51570369,0.04294613,2025.74929210,0.01998553,0.01998553,25536,78,0
7826.72122707,7826.72118355,1450.15653374,1450.15776008,0.03687294,2025.99370510,0.01998553,0.01998553,25535,78,0
7827.02691082,7827.02771601,1458.79738114,1458.77467203,0.05601069,2026.23613303,0.01998553,0.01998553,25534,78,0
7827.33429715,7827.33427247,1467.44810792,1467.44880466,0.04762448,2026.47888608,0.01998553,0.01998553,25533,78,0
7827.64011910,7827.64085295,1476.10939307,1476.08864870,0.03854393,2026.71939825,0.01998553,0.01998553,25532,78,0
7827.94755581,7827.94745742,1484.78186622,1484.78465082,0.04694248,2026.96018251,0.01998553,0.01998553,25531,78,0
7828.25398894,7828.25408592,1493.46525038,1493.46250267,0.04668491,2027.19917293,0.01998553,0.01998553,25530,78,0
7828.56056998,7828.56073842,1502.15850686,1502.15372938,0.05555266,2027.43723883,0.01998553,0.01998553,25529,78,0
7828.86739551,7828.86741494,1510.86056679,1510.86001518,0.03950865,2027.67442004,0.01998553,0.01998553,25528,78,0
7829.17360179,7829.17411548,1519.57043187,1519.55583780,0.03925823,2027.91002029,0.01998553,0.01998553,25527,78,0
7829.48033298,7829.48084005,1528.28821272,1528.27379425,0.04262906,2028.14492017,0.01998553,0.01998553,25526,78,0
7829.78754746,7829.78758864,1537.01485702,1537.01368500,0.05588016,2028.37910449,0.01998553,0.01998553,25525,78,0
7830.09409737,7830.09436126,1545.75133891,1545.74381953,0.04217969,2028.61172141,0.01998553,0.01998553,25524,78,0
7830.40098465,7830.40115790,1554.49856391,1554.49362135,0.04315413,2028.84355276,0.01998553,0.01998553,25523,78,0
7830.70823002,7830.70797859,1563.25657529,1563.26375642,0.04904743,2029.07460721,0.01998553,0.01998553,25522,78,0
7831.01495085,7831.01482331,1572.02485853,1572.02850498,0.05220797,2029.30420386,0.01998553,0.01998553,25521,78,0
7831.32202710,7831.32169207,1580.80288643,1580.81247485,0.03858562,2029.53298423,0.01998553,0.01998553,25520,78,0
7831.62854135,7831.62858487,1589.59019100,1589.58894443,0.04606806,2029.76024976,0.01998553,0.01998553,25519,78,0
7831.93573782,7831.93550171,1598.38686001,1598.39363049,0.04437276,2029.98692067,0.01998553,0.01998553,25518,78,0
7832.24191925,7832.24244261,1607.19327492,1607.17825146,0.04819823,2030.21175220,0.01998553,0.01998553,25517,78,0
7832.54984818,7832.54940755,1616.00982230,1616.02248499,0.05123316,2030.43677467,0.01998553,0.01998553,25516,78,0
7832.85643202,7832.85639655,1624.83683103,1624.83785152,0.04002546,2030.65972999,0.01998553,0.01998553,25515,78,0
7833.16321778,7833.16340960,1633.67423469,1633.66871000,0.04832027,2030.88174314,0.01998553,0.01998553,25514,78,0
7833.47023337,7833.47044672,1642.52180534,1642.51565424,0.04278631,2031.10282192,0.01998553,0.01998553,25513,78,0
7833.77711919,7833.77750789,1651.37931298,1651.36809475,0.04409582,2031.32269683,0.01998553,0.01998553,25512,78,0
7834.08481257,7834.08459314,1660.24660583,1660.25294540,0.04956683,2031.54202776,0.01998553,0.01998553,25511,78,0
7834.39207950,7834.39170244,1669.12390709,1669.13481197,0.05006807,2031.75993429,0.01998553,0.01998553,25510,78,0
7834.69927786,7834.69883582,1678.01155218,1678.02435070,0.05521755,2031.97667681,0.01998553,0.01998553,25509,78,0
7835.00603355,7835.00599328,1686.90987870,1686.91104593,0.03643338,2032.19199787,0.01998553,0.01998553,25508,78,0
7835.31265554,7835.31317481,1695.81908523,1695.80401650,0.05079877,2032.40611766,0.01998553,0.01998553,25507,78,0
7835.61960637,7835.62038041,1704.73891613,1704.71642939,0.05052605,2032.61934733,0.01998553,0.01998553,25506,78,0
7835.92746186,7835.92761010,1713.66902235,1713.66471120,0.04450185,2032.83206727,0.01998553,0.01998553,25505,78,0
7836.23520429,7836.23486388,1722.60905354,1722.61896324,0.04139354,2033.04355714,0.01998553,0.01998553,25504,78,0
7836.54169941,7836.54214174,1731.55886285,1731.54597273,0.04744038,2033.25303739,0.01998553,0.01998553,25503,78,0
7836.84927890,7836.84944369,1740.51874118,1740.51393382,0.04352612,2033.46210512,0.01998553,0.01998553,25502,78,0
7837.15693341,7837.15676974,1749.48903771,1749.49381773,0.04370707,2033.67007146,0.01998553,0.01998553,25501,78,0
7837.46354380,7837.46411988,1758.47010005,1758.45325680,0.04130416,2033.87618877,0.01998553,0.01998553,25500,78,0
7837.77160745,7837.77149412,1767.46210050,1767.46541781,0.04304153,2034.08213288,0.01998553,0.01998553,25499,78,0
7838.07915226,7838.07889246,1776.46496788,1776.47258096,0.03928742,2034.28657378,0.01998553,0.01998553,25498,78,0
7838.38591079,7838.38631491,1785.47861260,1785.46675730,0.04712145,2034.48933431,0.01998553,0.01998553,25497,78,0
7838.69432841,7838.69376147,1794.50294491,1794.51959537,0.04524130,2034.69201912,0.01998554,0.01998553,25496,78,0
7839.00126079,7839.00123213,1803.53788342,1803.53872611,0.04267402,2034.89255438,0.01998553,0.01998553,25495,78,0
7839.30843369,7839.30872691,1812.58335394,1812.57472385,0.04167593,2035.09206851,0.01998553,0.01998553,25494,78,0
7839.61581770,7839.61624580,1821.63928193,1821.62666845,0.04445832,2035.29053358,0.01998553,0.01998553,25493,78,0
7839.92344241,7839.92378881,1830.70561329,1830.69539597,0.04626452,2035.48796032,0.01998553,0.01998553,25492,78,0
7840.23118103,7840.23135595,1839.78247499,1839.77731000,0.04898089,2035.68426348,0.01998553,0.01998553,25491,78,0
7840.53921937,7840.53894721,1848.87008772,1848.87813316,0.05270476,2035.87955925,0.01998553,0.01998553,25490,78,0
7840.84696905,7840.84656259,1857.96867448,1857.98070348,0.04862544,2036.07347456,0.01998553,0.01998553,25489,78,0
7841.15430727,7841.15420211,1867.07846229,1867.08157811,0.04786076,2036.26593603,0.01998553,0.01998553,25488,78,0
7841.46171472,7841.46186575,1876.19969064,1876.19521044,0.04254418,2036.45724675,0.01998553,0.01998553,25487,78,0
7841.76954377,7841.76955354,1885.33260373,1885.33231376,0.04017620,2036.64762311,0.01998553,0.01998553,25486,78,0
7842.07713311,7842.07726546,1894.47744636,1894.47351073,0.03853203,2036.83665493,0.01998553,0.01998553,25485,78,0
7842.38456824,7842.38500152,1903.63421275,1903.62131276,0.04350769,2037.02439162,0.01998553,0.01998553,25484,78,0
7842.69281062,7842.69276173,1912.80232673,1912.80378389,0.04575649,2037.21139942,0.01998553,0.01998553,25483,78,0
7843.00126863,7843.00054609,1921.98112955,1922.00268842,0.05303746,2037.39729491,0.01998554,0.01998553,25482,78,0
7843.30859702,7843.30835459,1931.16998005,1931.17722073,0.04291594,2037.58125533,0.01998554,0.01998553,25481,78,0
7843.61598294,7843.61618725,1940.36891942,1940.36281085,0.04069744,2037.76399423,0.01998553,0.01998553,25480,78,0
7843.92374459,7843.92404407,1949.57878716,1949.56982276,0.04277896,2037.94571012,0.01998553,0.01998553,25479,78,0
7844.23160683,7844.23192504,1958.80047366,1958.79093652,0.05081731,2038.12625013,0.01998553,0.01998553,25478,78,0
7844.53983215,7844.53983017,1968.03477290,1968.03483217,0.04729526,2038.30577544,0.01998553,0.01998553,25477,78,0
7844.84756836,7844.84775947,1977.28144927,1977.27570723,0.04366498,2038.48378027,0.01998553,0.01998553,25476,78,0
7845.15525928,7845.15571293,1986.53966645,1986.52602058,0.04393013,2038.66050305,0.01998553,0.01998553,25475,78,0
7845.46342073,7845.46369057,1995.80857452,1995.80044931,0.04721344,2038.83621620,0.01998553,0.01998553,25474,78,0
7845.77167303,7845.77169237,2005.08753002,2005.08694690,0.05051208,2039.01068286,0.01998553,0.01998553,25473,78,0
7846.07958756,7846.07971836,2014.37676411,2014.37281758,0.04210791,2039.18366176,0.01998553,0.01998553,25472,78,0
7846.38796728,7846.38776852,2023.67673676,2023.68274073,0.05552844,2039.35560703,0.01998553,0.01998553,25471,78,0
7846.69582706,7846.69584286,2032.98791157,2032.98743373,0.05026080,2039.52597332,0.01998553,0.01998553,25470,78,0
7847.00392848,7847.00394139,2042.31077170,2042.31038110,0.04243175,2039.69518750,0.01998553,0.01998553,25469,78,0
7847.31217827,7847.31206410,2051.64583210,2051.64929343,0.04186484,2039.86319978,0.01998553,0.01998553,25468,78,0
7847.62048756,7847.62021100,2060.99361444,2061.00200964,0.04942837,2040.02996414,0.01998553,0.01998553,25467,78,0
7847.92809987,7847.92838210,2070.35461021,2070.34603143,0.04224283,2040.19507816,0.01998553,0.01998553,25466,78,0
7848.23647089,7848.23657739,2079.72881347,2079.72557196,0.04226055,2040.35931662,0.01998553,0.01998553,25465,78,0
7848.54505540,7848.54479688,2089.11583673,2089.12371505,0.04927828,2040.52237027,0.01998553,0.01998553,25464,78,0
7848.85317351,7848.85304057,2098.51527990,2098.51933629,0.03612722,2040.68386870,0.01998553,0.01998553,25463,78,0
7849.16147446,7849.16130846,2107.92678864,2107.93185960,0.04956559,2040.84414227,0.01998553,0.01998553,25462,78,0
7849.46964176,7849.46960056,2117.35024167,2117.35150178,0.04145258,2041.00301855,0.01998553,0.01998553,25461,78,0
7849.77791004,7849.77791687,2126.78558770,2126.78537832,0.04935215,2041.16061236,0.01998553,0.01998553,25460,78,0
7850.08649734,7850.08625740,2136.23277682,2136.24013266,0.04515182,2041.31702612,0.01998553,0.01998553,25459,78,0
7850.39446529,7850.39462213,2145.69191304,2145.68709903,0.05241228,2041.47178239,0.01998553,0.01998553,25458,78,0
7850.70337280,7850.70301109,2155.16337117,2155.17448722,0.04535550,2041.62566295,0.01998554,0.01998553,25457,78,0
7851.01134274,7851.01142427,2164.64755617,2164.64504749,0.05211815,2041.77773345,0.01998553,0.01998553,25456,78,0
7851.31968804,7851.31986167,2174.14484616,2174.13949613,0.04149379,2041.92864591,0.01998553,0.01998553,25455,78,0
7851.62847956,7851.62832330,2183.65526065,2183.66008161,0.04976429,2042.07842383,0.01998554,0.01998553,25454,78,0
7851.93667658,7851.93680916,2193.17857922,2193.17448392,0.03863218,2042.22655383,0.01998553,0.01998553,25453,78,0
7852.24556901,7852.24531925,2202.71457536,2202.72230022,0.05106467,2042.37364567,0.01998554,0.01998553,25452,78,0
7852.55345987,7852.55385358,2212.26301366,2212.25082201,0.04285867,2042.51888383,0.01998553,0.01998553,25451,78,0
7852.86249088,7852.86241214,2221.82363194,2221.82607309,0.04839529,2042.66326789,0.01998554,0.01998553,25450,78,0
7853.17051589,7853.17099495,2231.39616039,2231.38129117,0.04000816,2042.80578455,0.01998553,0.01998553,25449,78,0
7853.47949671,7853.47960200,2240.98033983,2240.97706833,0.04901026,2042.94733242,0.01998554,0.01998553,25448,78,0
7853.78847254,7853.78823329,2250.57630067,2250.58374388,0.03822641,2043.08746124,0.01998554,0.01998553,25447,78,0
7854.09701164,7854.09688884,2260.18462906,2260.18845432,0.04821278,2043.22598112,0.01998554,0.01998553,25446,78,0
7854.40528316,7854.40556864,2269.80594122,2269.79703718,0.04681363,2043.36297572,0.01998553,0.01998553,25445,78,0
7854.71395188,7854.71427269,2279.44078020,2279.43076069,0.04178517,2043.49874101,0.01998553,0.01998553,25444,78,0
7855.02311619,7855.02300100,2289.08921900,2289.09282141,0.04905553,2043.63330876,0.01998554,0.01998554,25443,78,0
7855.33191271,7855.33175357,2298.75115301,2298.75613624,0.04602155,2043.76629435,0.01998554,0.01998554,25442,78,0
7855.64081523,7855.64053041,2308.42647533,2308.43540557,0.03887379,2043.89789573,0.01998554,0.01998554,25441,78,0
7855.94954043,7855.94933152,2318.11499506,2318.12155369,0.04644143,2044.02798377,0.01998554,0.01998554,25440,78,0
7856.25876085,7856.25815689,2327.81637849,2327.83536300,0.04598753,2044.15682888,0.01998554,0.01998554,25439,78,0
7856.56719918,7856.56700653,2337.53027531,2337.53633792,0.05167505,2044.28389017,0.01998554,0.01998554,25438,78,0
7856.87625694,7856.87588046,2347.25642153,2347.26828372,0.04070554,2044.40973678,0.01998554,0.01998554,25437,78,0
7857.18463895,7857.18477865,2356.99532149,2356.99091407,0.04965309,2044.53384225,0.01998553,0.01998554,25436,78,0
7857.49408410,7857.49370114,2366.74787793,2366.75997628,0.04809865,2044.65690880,0.01998554,0.01998554,25435,78,0
7857.80245788,7857.80264790,2376.51500120,2376.50898960,0.05145736,2044.77809225,0.01998553,0.01998554,25434,78,0
7858.11153878,7858.11161895,2386.29712960,2386.29458969,0.03667779,2044.89809234,0.01998553,0.01998554,25433,78,0
7858.42050238,7858.42061429,2396.09370172,2396.09015111,0.04717940,2045.01657079,0.01998554,0.01998554,25432,78,0
7858.72953170,7858.72963393,2405.90402538,2405.90077812,0.04822912,2045.13358292,0.01998554,0.01998554,25431,78,0
7859.03861156,7859.03867785,2415.72745857,2415.72535014,0.04466323,2045.24910798,0.01998554,0.01998554,25430,78,0
7859.34785685,7859.34774608,2425.56391066,2425.56743823,0.04802628,2045.36317989,0.01998554,0.01998554,25429,78,0
7859.65658442,7859.65683861,2435.41360917,2435.40550375,0.03825418,2045.47554552,0.01998553,0.01998554,25428,78,0
7859.96575739,7859.96595544,2445.27678794,2445.27046435,0.04542487,2045.58655209,0.01998554,0.01998554,25427,78,0
7860.27502332,7860.27509658,2455.15381216,2455.15146974,0.04747016,2045.69606651,0.01998554,0.01998554,25426,78,0
7860.58413686,7860.58426203,2465.04532620,2465.04131856,0.04270968,2045.80400255,0.01998554,0.01998554,25425,78,0
7860.89340938,7860.89345179,2474.95201532,2474.95065557,0.04453698,2045.91046906,0.01998554,0.01998554,25424,78,0
7861.20257375,7861.20266587,2484.87444623,2484.87148798,0.04321719,2046.01537216,0.01998554,0.01998554,25423,78,0
7861.51147424,7861.51190426,2494.81206511,2494.79823642,0.04417539,2046.11864830,0.01998553,0.01998554,25422,78,0
7861.82129567,7861.82116698,2504.76371479,2504.76785836,0.04731566,2046.22066938,0.01998554,0.01998554,25421,78,0
7862.13048510,7862.13045402,2514.72823008,2514.72923209,0.04655313,2046.32090328,0.01998554,0.01998554,25420,78,0
7862.44001770,7862.43976539,2524.70514427,2524.71328766,0.04560024,2046.41965742,0.01998554,0.01998554,25419,78,0
7862.74947527,7862.74910108,2534.69526315,2534.70735556,0.04106457,2046.51679794,0.01998554,0.01998554,25418,78,0
7863.05845323,7863.05846111,2544.69953304,2544.69927798,0.04760243,2046.61220454,0.01998554,0.01998554,25417,78,0
7863.36780944,7863.36784548,2554.71878382,2554.71761595,0.04457367,2046.70614355,0.01998554,0.01998554,25416,78,0
7863.67749721,7863.67725418,2564.75302607,2564.76091290,0.04955801,2046.79858794,0.01998554,0.01998554,25415,78,0
7863.98716694,7863.98668723,2574.80193385,2574.81752313,0.04600671,2046.88942050,0.01998554,0.01998554,25414,78,0
7864.29609647,7864.29614462,2584.86518416,2584.86361760,0.04700508,2046.97842513,0.01998554,0.01998554,25413,78,0
7864.60558754,7864.60562635,2594.94270542,2594.94144070,0.04152906,2047.06597048,0.01998554,0.01998554,25412,78,0
7864.91524047,7864.91513244,2605.03474933,2605.03827436,0.04294886,2047.15193277,0.01998554,0.01998554,25411,78,0
7865.22450232,7865.22466288,2615.14159068,2615.13634434,0.04532926,2047.23615526,0.01998554,0.01998554,25410,78,0
7865.53396880,7865.53421767,2625.26351206,2625.25536855,0.04463560,2047.31879651,0.01998553,0.01998554,25409,78,0
7865.84398974,7865.84379682,2635.40082046,2635.40714209,0.05064016,2047.39993868,0.01998554,0.01998554,25408,78,0
7866.15341529,7866.15340034,2645.55383099,2645.55432166,0.04748514,2047.47927581,0.01998554,0.01998554,25407,78,0
7866.46333298,7866.46302822,2655.72283969,2655.73285655,0.04595502,2047.55708179,0.01998554,0.01998554,25406,78,0
7866.77225302,7866.77268046,2665.90782698,2665.89375729,0.04472377,2047.63297842,0.01998553,0.01998554,25405,78,0
7867.08232110,7867.08235708,2676.10853201,2676.10734607,0.04364517,2047.70748160,0.01998554,0.01998554,25404,78,0
7867.39204172,7867.39205807,2686.32468677,2686.32414728,0.05110103,2047.78021559,0.01998554,0.01998554,25403,78,0
7867.70144629,7867.70178343,2696.55620570,2696.54506068,0.04506612,2047.85118469,0.01998553,0.01998554,25402,78,0
7868.01176089,7868.01153317,2706.80338080,2706.81091966,0.04204670,2047.92065935,0.01998554,0.01998554,25401,78,0
7868.32134450,7868.32130730,2717.06655285,2717.06778631,0.05243548,2047.98826485,0.01998554,0.01998554,25400,78,0
7868.63102899,7868.63110581,2727.34596260,2727.34341185,0.05236377,2048.05418136,0.01998554,0.01998554,25399,78,0
7868.94093347,7868.94092870,2737.64124798,2737.64140662,0.04526930,2048.11842097,0.01998554,0.01998554,25398,78,0
7869.25083201,7869.25077599,2747.95182348,2747.95368886,0.04551317,2048.18092337,0.01998554,0.01998554,25397,78,0
7869.56070230,7869.56064767,2758.27713381,2758.27895559,0.04189801,2048.24167321,0.01998554,0.01998554,25396,78,0
7869.87062515,7869.87054374,2768.61733345,2768.62005164,0.04944292,2048.30067939,0.01998554,0.01998554,25395,78,0
7870.18027985,7870.18046422,2778.97323518,2778.96707007,0.04376925,2048.35787940,0.01998554,0.01998554,25394,78,0
7870.49027575,7870.49040909,2789.34568195,2789.34121594,0.04699407,2048.41338143,0.01998554,0.01998554,25393,78,0
7870.80018624,7870.80037837,2799.73521921,2799.72877417,0.04873770,2048.46710108,0.01998554,0.01998554,25392,78,0
7871.10997125,7871.11037206,2810.14173291,2810.12826739,0.04028219,2048.51902372,0.01998554,0.01998554,25391,78,0
7871.42030945,7871.42039016,2820.56502039,2820.56230485,0.04799668,2048.56924957,0.01998554,0.01998554,25390,78,0
7871.73050237,7871.73043267,2831.00489865,2831.00724758,0.04042810,2048.61765239,0.01998554,0.01998554,25389,78,0
7872.04055525,7872.04049960,2841.46129919,2841.46317737,0.05032355,2048.66422647,0.01998554,0.01998554,25388,78,0
7872.35061313,7872.35059094,2851.93419168,2851.93494148,0.04143686,2048.70898595,0.01998554,0.01998554,25387,78,0
7872.66101593,7872.66070671,2862.42353612,2862.43400304,0.05204560,2048.75196795,0.01998554,0.01998554,25386,78,0
7872.97084485,7872.97084690,2872.92916062,2872.92909121,0.05581610,2048.79303792,0.01998554,0.01998554,25385,78,0
7873.28114624,7873.28101152,2883.45079369,2883.45536679,0.04968868,2048.83232586,0.01998554,0.01998554,25384,78,0
7873.59108133,7873.59120057,2893.98816621,2893.98411266,0.03713079,2048.86971522,0.01998554,0.01998554,25383,78,0
7873.90114085,7873.90141406,2904.54143141,2904.53213015,0.05049716,2048.90525953,0.01998554,0.01998554,25382,78,0
7874.21249787,7874.21165198,2915.11139059,2915.14023316,0.05182245,2048.93907445,0.01998554,0.01998554,25381,78,0
7874.52208783,7874.52191434,2925.69890668,2925.70483182,0.04305364,2048.97082501,0.01998554,0.01998554,25380,78,0
7874.83182615,7874.83220114,2936.30453426,2936.29170685,0.04974467,2049.00071447,0.01998554,0.01998554,25379,78,0
7875.14219220,7875.14251238,2946.92785010,2946.91688027,0.04179795,2049.02877126,0.01998554,0.01998554,25378,78,0
7875.45254843,7875.45284808,2957.56823648,2957.55795499,0.04533427,2049.05492113,0.01998554,0.01998554,25377,78,0
7875.76265261,7875.76320822,2968.22520932,2968.20611686,0.05085208,2049.07913584,0.01998554,0.01998554,25376,78,0
7876.07336969,7876.07359282,2978.89917103,2978.89149181,0.04190741,2049.10147146,0.01998554,0.01998554,25375,78,0
7876.38398709,7876.38400188,2989.59087780,2989.59036809,0.04559228,2049.12186416,0.01998554,0.01998554,25374,78,0
7876.69442478,7876.69443539,3000.30105219,3000.30068588,0.04586969,2049.14030288,0.01998554,0.01998554,25373,78,0
7877.00533943,7877.00489337,3011.02985892,3011.04528650,0.04884167,2049.15681400,0.01998554,0.01998554,25372,78,0
7877.31532952,7877.31537581,3021.77705760,3021.77545397,0.04077919,2049.17131688,0.01998554,0.01998554,25371,78,0
7877.62602776,7877.62588272,3032.54240466,3032.54743739,0.04772646,2049.18387968,0.01998554,0.01998554,25370,78,0
7877.93615047,7877.93641410,3043.32593781,3043.31677545,0.04425465,2049.19443937,0.01998554,0.01998554,25369,78,0
7878.24671293,7878.24696995,3054.12804355,3054.11909590,0.05088582,2049.20302214,0.01998554,0.01998554,25368,78,0
7878.55803076,7878.55755028,3064.94913025,3064.96588513,0.05165608,2049.20961520,0.01998554,0.01998554,25367,78,0
7878.86807026,7878.86815509,3075.78915734,3075.78619415,0.04359942,2049.21417008,0.01998554,0.01998554,25366,78,0
7879.17897917,7879.17878439,3086.64716555,3086.65397920,0.04629783,2049.21671175,0.01998554,0.01998554,25365,78,0
7879.48944970,7879.48943817,3097.52207473,3097.52247892,0.05113355,2049.21721544,0.01998554,0.01998554,25364,78,0
7879.79984719,7879.80011643,3108.41332408,3108.40387852,0.04914352,2049.21567759,0.01998554,0.01998554,25363,78,0
7880.11100271,7880.11081919,3119.32209695,3119.32854542,0.04922192,2049.21207775,0.01998554,0.01998554,25362,78,0
7880.42167297,7880.42154644,3130.24994907,3130.25440294,0.04717960,2049.20641694,0.01998554,0.01998554,25361,78,0
7880.73216756,7880.73229819,3141.19815164,3141.19354512,0.04946111,2049.19868448,0.01998554,0.01998554,25360,78,0
7881.04302659,7881.04307444,3152.16642052,3152.16473035,0.04365870,2049.18885395,0.01998554,0.01998554,25359,78,0
7881.35388754,7881.35387519,3163.15395827,3163.15439506,0.04502138,2049.17692282,0.01998554,0.01998554,25358,78,0
7881.66441515,7881.66470045,3174.16007050,3174.14996022,0.04533284,2049.16289750,0.01998554,0.01998554,25357,78,0
7881.97566391,7881.97555022,3185.18494954,3185.18898539,0.04921031,2049.14671567,0.01998554,0.01998554,25356,78,0
7882.28649633,7882.28642449,3196.22921846,3196.23177287,0.05019101,2049.12842168,0.01998554,0.01998554,25355,78,0
7882.59760080,7882.59732328,3207.29345589,3207.30334063,0.04517915,2049.10796445,0.01998554,0.01998554,25354,78,0
7882.90829966,7882.90824659,3218.37760231,3218.37949574,0.04619821,2049.08537875,0.01998554,0.01998554,25353,78,0
7883.21958115,7883.21919442,3229.48117070,3229.49499164,0.04370295,2049.06058075,0.01998554,0.01998554,25352,78,0
7883.53015612,7883.53016677,3240.60369503,3240.60331358,0.04333606,2049.03366461,0.01998554,0.01998554,25351,78,0
7883.84168943,7883.84116365,3251.74531503,3251.76416704,0.04792814,2049.00447220,0.01998554,0.01998554,25350,78,0
7884.15204209,7884.15218506,3262.90670098,3262.90156582,0.05289391,2048.97319353,0.01998554,0.01998554,25349,78,0
7884.46347389,7884.46323100,3274.08853328,3274.09727280,0.04950398,2048.93958850,0.01998554,0.01998554,25348,78,0
7884.77458743,7884.77430147,3285.29111932,3285.30142674,0.04363787,2048.90378703,0.01998554,0.01998554,25347,78,0
7885.08507966,7885.08539648,3296.51435869,3296.50291895,0.04694894,2048.86582258,0.01998554,0.01998554,25346,78,0
7885.39683399,7885.39651603,3307.75812980,3307.76963082,0.05285492,2048.82544646,0.01998554,0.01998554,25345,78,0
7885.70795964,7885.70766013,3319.02233148,3319.03318403,0.05342577,2048.78288522,0.01998554,0.01998554,25344,78,0
7886.01855078,7886.01882877,3330.30688966,3330.29679973,0.04241168,2048.73812720,0.01998554,0.01998554,25343,78,0
7886.33065867,7886.33002196,3341.61173719,3341.63488718,0.05199611,2048.69085448,0.01998554,0.01998554,25342,78,0
7886.64161950,7886.64123970,3352.93712743,3352.95096083,0.04683999,2048.64145352,0.01998554,0.01998554,25341,78,0
7886.95256780,7886.95248200,3364.28379081,3364.28692165,0.04609217,2048.58974163,0.01998554,0.01998554,25340,78,0
7887.26486407,7887.26374885,3375.65249615,3375.69326721,0.04456704,2048.53546140,0.01998554,0.01998554,25339,78,0
7887.57535763,7887.57504027,3387.04351186,3387.05513590,0.04844607,2048.47915136,0.01998554,0.01998554,25338,78,0
7887.88657938,7887.88635625,3398.45628747,3398.46447491,0.04446485,2048.42035452,0.01998554,0.01998554,25337,78,0
7888.19834948,7888.19769679,3409.89019588,3409.91418678,0.04791264,2048.35908095,0.01998554,0.01998554,25336,78,0
7888.50895501,7888.50906191,3421.34494416,3421.34100804,0.04327409,2048.29566359,0.01998554,0.01998554,25335,78,0
7888.82027301,7888.82045159,3432.82081271,3432.81422536,0.04929207,2048.22971046,0.01998554,0.01998554,25334,78,0
7889.13191181,7889.13186586,3444.31814087,3444.31983907,0.04182894,2048.16127809,0.01998554,0.01998554,25333,78,0
7889.44339991,7889.44330470,3455.83730227,3455.84082709,0.05239056,2048.09045297,0.01998554,0.01998554,25332,78,0
7889.75458838,7889.75476812,3467.37872635,3467.37205990,0.04184327,2048.01725850,0.01998554,0.01998554,25331,78,0
7890.06682598,7890.06625613,3478.94284747,3478.96402352,0.04761125,2047.94135241,0.01998554,0.01998554,25330,78,0
7890.37771328,7890.37776872,3490.52979199,3490.52772791,0.05097928,2047.86330719,0.01998554,0.01998554,25329,78,0
7890.68919107,7890.68930590,3502.13918334,3502.13490024,0.04104473,2047.78263366,0.01998554,0.01998554,25328,78,0
7891.00076227,7891.00086768,3513.77059454,3513.76665589,0.04959071,2047.69944205,0.01998554,0.01998554,25327,78,0
7891.31244759,7891.31245405,3525.42358871,3525.42334684,0.04543083,2047.61371433,0.01998554,0.01998554,25326,78,0
7891.62425275,7891.62406502,3537.09771667,3537.10475567,0.04993326,2047.52543652,0.01998554,0.01998554,25325,78,0
7891.93538699,7891.93570059,3548.79255471,3548.78077607,0.04879505,2047.43482977,0.01998554,0.01998554,25324,78,0
7892.24791418,7892.24736077,3560.50886547,3560.52968961,0.05089885,2047.34126550,0.01998554,0.01998554,25323,78,0
7892.55917159,7892.55904555,3572.24895143,3572.25370367,0.04087768,2047.24550733,0.01998554,0.01998554,25322,78,0
7892.87142669,7892.87075494,3584.01515357,3584.04053833,0.04629623,2047.14682662,0.01998554,0.01998554,25321,78,0
7893.18290542,7893.18248895,3595.80750381,3595.82327376,0.04615190,2047.04576510,0.01998554,0.01998554,25320,78,0
7893.50943069,nan,0.00000000,3608.20950559,0.38459484,2046.93692336,0.01998558,0.01998554,25319,78,1
7893.80584102,7893.80603082,3619.46074873,3619.45353672,0.04516912,2046.83580682,0.01998554,0.01998554,25318,78,0
7894.11764405,7894.11783868,3631.31974751,3631.31233818,0.04417678,2046.72677751,0.01998554,0.01998554,25317,78,0
7894.42967685,7894.42967117,3643.20372182,3643.20393862,0.04624255,2046.61498830,0.01998554,0.01998554,25316,78,0
7894.74164206,7894.74152828,3655.11569939,3655.12005031,0.04666679,2046.50049874,0.01998554,0.01998554,25315,78,0
7895.05316802,7895.05341003,3667.05517818,3667.04590409,0.05061429,2046.38343951,0.01998554,0.01998554,25314,78,0
7895.36510478,7895.36531641,3679.01930492,3679.01117974,0.04847811,2046.26350338,0.01998554,0.01998554,25313,78,0
7895.67744051,7895.67724743,3691.00556406,3691.01298993,0.04426432,2046.14069494,0.01998554,0.01998554,25312,78,0
7895.98854535,7895.98920308,3703.01468579,3702.98934075,0.04522515,2046.01564450,0.01998554,0.01998554,25311,78,0
7896.30085269,7896.30118338,3715.04896786,3715.03619802,0.04873645,2045.88733528,0.01998554,0.01998554,25310,78,0
7896.61281233,7896.61318832,3727.11024148,3727.09569099,0.04617190,2045.75635690,0.01998554,0.01998554,25309,78,0
7896.92529216,7896.92521792,3739.19775333,3739.20063228,0.04780174,2045.62233403,0.01998554,0.01998554,25308,78,0
7897.23749981,7897.23727216,3751.30990011,3751.31874452,0.04982893,2045.48560485,0.01998554,0.01998554,25307,78,0
7897.54971215,7897.54935106,3763.44555413,3763.45960902,0.03944888,2045.34604923,0.01998554,0.01998554,25306,78,0
7897.86194677,7897.86145461,3775.60519592,3775.62438925,0.04668073,2045.20363833,0.01998554,0.01998554,25305,78,0
7898.17378024,7898.17358282,3787.78964146,3787.79735571,0.04950854,2045.05854541,0.01998554,0.01998554,25304,78,0
7898.48565958,7898.48573570,3799.99954657,3799.99656607,0.04243142,2044.91054361,0.01998554,0.01998554,25303,78,0
7898.79788437,7898.79791324,3812.23523282,3812.23410014,0.04186724,2044.75946507,0.01998554,0.01998554,25302,78,0
7899.10957949,7899.11011545,3824.49698003,3824.47590836,0.04999380,2044.60571582,0.01998554,0.01998554,25301,78,0
7899.42255003,7899.42234233,3836.78491825,3836.79310067,0.04853050,2044.44837649,0.01998554,0.01998554,25300,78,0
7899.73414650,7899.73459389,3849.09899227,3849.08133079,0.04390271,2044.28876434,0.01998554,0.01998554,25299,78,0
7900.04679775,7900.04687012,3861.43920733,3861.43634445,0.03735704,2044.12562282,0.01998554,0.01998554,25298,78,0
7900.35892437,7900.35917104,3873.80654504,3873.79676589,0.05008590,2043.95973829,0.01998554,0.01998554,25297,78,0
7900.67170038,7900.67149664,3886.20269810,3886.21079404,0.04573558,2043.79044402,0.01998554,0.01998554,25296,78,0
7900.98436401,7900.98384692,3898.62898643,3898.64958176,0.04826786,2043.61810715,0.01998554,0.01998554,25295,78,0
7901.29631248,7901.29622189,3911.08415037,3911.08776616,0.04270422,2043.44307048,0.01998554,0.01998554,25294,78,0
7901.60877924,7901.60862156,3923.56589939,3923.57220576,0.04708420,2043.26465890,0.01998554,0.01998554,25293,78,0
7901.92116809,7901.92104592,3936.07313398,3936.07803007,0.04576134,2043.08320491,0.01998554,0.01998554,25292,78,0
7902.23360519,7902.23349497,3948.60852966,3948.61295662,0.04903656,2042.89857917,0.01998554,0.01998554,25291,78,0
7902.54587552,7902.54596873,3961.17547514,3961.17172179,0.04646495,2042.71084101,0.01998554,0.01998554,25290,78,0
7902.85841019,7902.85846719,3973.77436929,3973.77206852,0.04819486,2042.51970279,0.01998554,0.01998554,25289,78,0
7903.17054477,7903.17099036,3986.40099802,3986.38297842,0.04951418,2042.32561697,0.01998554,0.01998554,25288,78,0
7903.48370429,7903.48353824,3999.05109374,3999.05782037,0.04583860,2042.12773665,0.01998554,0.01998554,25287,78,0
7903.79605928,7903.79611083,4011.72591655,4011.72382398,0.04437484,2041.92717877,0.01998554,0.01998554,25286,78,0
7904.10931368,7904.10870813,4024.43091521,4024.45555849,0.04510013,2041.72274273,0.01998554,0.01998554,25285,78,0
7904.42189207,7904.42133016,4037.17053923,4037.19346738,0.04983227,2041.51535996,0.01998554,0.01998554,25284,78,0
7904.73456380,7904.73397690,4049.94294750,4049.96695106,0.04340529,2041.30453691,0.01998554,0.01998554,25283,78,0
7905.04693826,7905.04664837,4062.74414234,4062.75602250,0.04210336,2041.09058541,0.01998554,0.01998554,25282,78,0
7905.35978060,7905.35934457,4075.57175907,4075.58966433,0.04421932,2040.87299945,0.01998554,0.01998554,25281,78,0
7905.67275890,7905.67206550,4088.42712263,4088.45565832,0.04993793,2040.65195927,0.01998554,0.01998554,25280,78,0
nan,nan,0.00000000,-1.00000000,0.00000000,2041.16340134,nan,0.00000000,-2147483648,77,1
7872.35155416,7872.35059094,10.99562069,11.01863510,0.04885744,2041.53544912,0.01998554,0.01998554,25387,77,0
7872.66153231,7872.66070671,18.40799162,18.42773235,0.03620671,2041.92730589,0.01998554,0.01998554,25386,77,0
7872.97045632,7872.97084690,25.82643767,25.81709153,0.05550709,2042.31720917,0.01998554,0.01998554,25385,77,0
7873.28159679,7873.28101152,33.25105995,33.26507537,0.04426064,2042.70928634,0.01998554,0.01998554,25384,77,0
7873.59164717,7873.59120057,40.68193120,40.69263390,0.04550844,2043.09936865,0.01998554,0.01998554,25383,77,0
7873.90129959,7873.90141406,48.11889413,48.11614907,0.05662433,2043.48832071,0.01998554,0.01998554,25382,77,0
7874.21211162,7874.21165198,55.56168045,55.57271136,0.03591450,2043.87808016,0.01998554,0.01998554,25381,77,0
7874.52233836,7874.52191434,63.01001990,63.02020245,0.05430700,2044.26644072,0.01998554,0.01998554,25380,77,0
7874.83122203,7874.83220114,70.46364127,70.44011436,0.03141513,2044.65244376,0.01998554,0.01998554,25379,77,0
7875.14207357,7875.14251238,77.92242105,77.91187014,0.05457761,2045.04021628,0.01998554,0.01998554,25378,77,0
7875.45243902,7875.45284808,85.38661427,85.37677218,0.02941459,2045.42670328,0.01998554,0.01998554,25377,77,0
7875.76311024,7875.76320822,92.85653659,92.85417748,0.05275887,2045.81290559,0.01998554,0.01998554,25376,77,0
7876.07377337,7876.07359282,100.33250517,100.33685550,0.03876675,2046.19844614,0.01998554,0.01998554,25375,77,0
7876.38386488,7876.38400188,107.81482794,107.81152433,0.05347450,2046.58264083,0.01998554,0.01998554,25374,77,0
7876.69476044,7876.69443539,115.30361502,115.31145954,0.04445153,2046.96719645,0.01998554,0.01998554,25373,77,0
7877.00533930,7877.00489337,122.79880102,122.80957108,0.05499308,2047.35071931,0.01998554,0.01998554,25372,77,0
7877.31498409,7877.31537581,130.30031417,130.29084632,0.04105938,2047.73244472,0.01998554,0.01998554,25371,77,0
7877.62570637,7877.62588272,137.80808237,137.80381679,0.05129342,2048.11484588,0.01998554,0.01998554,25370,77,0
7877.93585373,7877.93641410,145.32202674,145.30846254,0.02827993,2048.49588115,0.01998554,0.01998554,25369,77,0
7878.24741601,7878.24696995,152.84203903,152.85284409,0.04524376,2048.87798450,0.01998554,0.01998554,25368,77,0
7878.55653418,7878.55755028,160.36800228,160.34337154,0.03922243,2049.25641822,0.01998553,0.01998554,25367,77,0
7878.86764135,7878.86815509,167.89979893,167.88733701,0.04533791,2049.63660267,0.01998554,0.01998554,25366,77,0
7879.17922310,7879.17878439,175.43731489,175.44796388,0.03152328,2050.01667093,0.01998554,0.01998554,25365,77,0
7879.48951488,7879.48943817,182.98060507,182.98246851,0.05605661,2050.39447379,0.01998554,0.01998554,25364,77,0
7879.80034700,7879.80011643,190.52995268,190.53555737,0.03366721,2050.77225413,0.01998554,0.01998554,25363,77,0
7880.11141515,7880.11081919,198.08565836,198.10015679,0.05476353,2051.14965213,0.01998554,0.01998554,25362,77,0
7880.42201400,7880.42154644,205.64802419,205.65940809,0.03734143,2051.52582527,0.01998554,0.01998554,25361,77,0
7880.73277557,7880.73229819,213.21729492,213.22892762,0.04927843,2051.90154946,0.01998554,0.01998554,25360,77,0
7881.04266141,7881.04307444,220.79332387,220.78325126,0.05139341,2052.27556139,0.01998554,0.01998554,25359,77,0
7881.35426663,7881.35387519,228.37580295,228.38535625,0.03988299,2052.65097257,0.01998554,0.01998554,25358,77,0
7881.66415526,7881.66470045,235.96442205,235.95110679,0.05470204,2053.02362569,0.01998554,0.01998554,25357,77,0
7881.97475013,7881.97555022,243.55887186,243.53931826,0.05273241,2053.39642011,0.01998554,0.01998554,25356,77,0
7882.28724792,7882.28642449,251.15903303,251.17917090,0.04583531,2053.77077492,0.01998554,0.01998554,25355,77,0
7882.59677614,7882.59732328,258.76511531,258.75172465,0.05129677,2054.14086476,0.01998554,0.01998554,25354,77,0
7882.90815271,7882.90824659,266.37736198,266.37506255,0.03629267,2054.51246353,0.01998554,0.01998554,25353,77,0
7883.21935537,7883.21919442,273.99601759,273.99996247,0.05962882,2054.88316161,0.01998554,0.01998554,25352,77,0
7883.52956803,7883.53016677,281.62130749,281.60661993,0.05578646,2055.25199908,0.01998554,0.01998554,25351,77,0
7883.84181484,7883.84116365,289.25329436,289.26928117,0.04027927,2055.62256851,0.01998554,0.01998554,25350,77,0
7884.15206749,7884.15218506,296.89196214,296.88907358,0.05012435,2055.99008558,0.01998554,0.01998554,25349,77,0
7884.46331631,7884.46323100,304.53729417,304.53939205,0.04864774,2056.35809238,0.01998554,0.01998554,25348,77,0
7884.77470159,7884.77430147,312.18927383,312.19912020,0.05177886,2056.72556516,0.01998554,0.01998554,25347,77,0
7885.08519450,7885.08539648,319.84790023,319.84292577,0.05563841,2057.09128960,0.01998554,0.01998554,25346,77,0
7885.39648705,7885.39651603,327.51320149,327.51248718,0.04439121,2057.45725767,0.01998554,0.01998554,25345,77,0
7885.70803111,7885.70766013,335.18520901,335.19436006,0.04974215,2057.82282021,0.01998554,0.01998554,25344,77,0
7886.01890688,7886.01882877,342.86395432,342.86588263,0.04787868,2058.18689814,0.01998554,0.01998554,25343,77,0
7886.33023558,7886.33002196,350.54945625,350.55473421,0.05411942,2058.55080346,0.01998554,0.01998554,25342,77,0
7886.64130248,7886.64123970,358.24163361,358.24318603,0.04121119,2058.91369352,0.01998554,0.01998554,25341,77,0
7886.95263720,7886.95248200,365.94035773,365.94419819,0.04775591,2059.27617742,0.01998554,0.01998554,25340,77,0
7887.26393773,7887.26374885,373.64549900,373.65017641,0.05513523,2059.63789400,0.01998554,0.01998554,25339,77,0
7887.57491839,7887.57504027,381.35692863,381.35390834,0.03397710,2059.99850393,0.01998554,0.01998554,25338,77,0
7887.88663219,7887.88635625,389.07462049,389.08146396,0.05425213,2060.35922307,0.01998554,0.01998554,25337,77,0
7888.19826306,7888.19769679,396.79871723,396.81277128,0.04643703,2060.71910880,0.01998554,0.01998554,25336,77,0
7888.50890223,7888.50906191,404.52937779,404.52541182,0.04539422,2061.07712023,0.01998554,0.01998554,25335,77,0
7888.82064038,7888.82045159,412.26676194,412.27145485,0.03866743,2061.43567121,0.01998554,0.01998554,25334,77,0
7889.13264863,7889.13186586,420.01101041,420.03048437,0.05071462,2061.79380734,0.01998554,0.01998554,25333,77,0
7889.44267291,7889.44330470,427.76214370,427.74641324,0.05256827,2062.14894546,0.01998554,0.01998554,25332,77,0
7889.75468537,7889.75476812,435.52013682,435.51807474,0.04631193,2062.50563179,0.01998554,0.01998554,25331,77,0
7890.06690869,7890.06625613,443.28496454,443.30123837,0.04230723,2062.86182284,0.01998554,0.01998554,25330,77,0
7890.37806419,7890.37776872,451.05660190,451.06397630,0.05259850,2063.21605898,0.01998554,0.01998554,25329,77,0
7890.68850935,7890.68930590,458.83503792,458.81514174,0.05511728,2063.56875024,0.01998554,0.01998554,25328,77,0
7891.00045065,7891.00086768,466.62027868,466.60985400,0.04615956,2063.92239810,0.01998554,0.01998554,25327,77,0
7891.31238053,7891.31245405,474.41233131,474.41049204,0.05293698,2064.27528565,0.01998554,0.01998554,25326,77,0
7891.62519527,7891.62406502,482.21120296,482.23950162,0.03845758,2064.62842125,0.01998554,0.01998554,25325,77,0
7891.93498023,7891.93570059,490.01686872,489.99881847,0.05217921,2064.97738954,0.01998554,0.01998554,25324,77,0
7892.24812878,7892.24736077,497.82917775,497.84843671,0.04879099,2065.32938177,0.01998554,0.01998554,25323,77,0
7892.55881512,7892.55904555,505.64794763,505.64216503,0.04703950,2065.67783537,0.01998554,0.01998554,25322,77,0
7892.87109529,7892.87075494,513.47299495,513.48154199,0.05045870,2066.02729187,0.01998554,0.01998554,25321,77,0
7893.18321394,7893.18248895,521.30416230,521.32238156,0.03568731,2066.37577196,0.01998554,0.01998554,25320,77,0
7893.49470136,7893.49424757,529.14168666,529.15309909,0.04994373,2066.72276225,0.01998554,0.01998554,25319,77,0
7893.80625589,7893.80603082,536.98610628,536.99177160,0.04532349,2067.06906395,0.01998554,0.01998554,25318,77,0
7894.11739274,7894.11783868,544.83796972,544.82673513,0.04875440,2067.41416067,0.01998554,0.01998554,25317,77,0
7894.42910317,7894.42967117,552.69782626,552.68350267,0.04771816,2067.75917229,0.01998554,0.01998554,25316,77,0
7894.74204380,7894.74152828,560.56587075,560.57888308,0.04481923,2068.10482462,0.01998554,0.01998554,25315,77,0
7895.05398943,7895.05341003,568.44154690,568.45618413,0.03291152,2068.44863135,0.01998554,0.01998554,25314,77,0
7895.36537299,7895.36531641,576.32420033,576.32563083,0.04638397,2068.79104373,0.01998554,0.01998554,25313,77,0
7895.67722728,7895.67724743,584.21317311,584.21266344,0.05263349,2069.13316651,0.01998554,0.01998554,25312,77,0
7895.98889291,7895.98920308,592.10793951,592.10008726,0.04950719,2069.47424997,0.01998554,0.01998554,25311,77,0
7896.30093784,7896.30118338,600.00881823,600.00259752,0.04982326,2069.81492625,0.01998554,0.01998554,25310,77,0
7896.61280617,7896.61318832,607.91645596,607.90676643,0.05011763,2070.15461287,0.01998554,0.01998554,25309,77,0
7896.92477704,7896.92521792,615.83150359,615.82031516,0.04731789,2070.49363920,0.01998554,0.01998554,25308,77,0
7897.23714801,7897.23727216,623.75458957,623.75143593,0.04785349,2070.83235052,0.01998554,0.01998554,25307,77,0
7897.54976393,7897.54935106,631.68575851,631.69625611,0.04409271,2071.17057490,0.01998554,0.01998554,25306,77,0
7897.86148276,7897.86145461,639.62447265,639.62518910,0.04688204,2071.50705299,0.01998554,0.01998554,25305,77,0
7898.17459668,7898.17358282,647.57016633,647.59598542,0.04577569,2071.84423005,0.01998554,0.01998554,25304,77,0
7898.48573541,7898.48573570,655.52227177,655.52226441,0.04857830,2072.17845234,0.01998554,0.01998554,25303,77,0
7898.79814521,7898.79791324,663.48054044,663.48645626,0.04947146,2072.51319675,0.01998554,0.01998554,25302,77,0
7899.11042702,7899.11011545,671.44550578,671.45345787,0.02694336,2072.84697938,0.01998554,0.01998554,25301,77,0
7899.42290362,7899.42234233,679.41782084,679.43215907,0.04471384,2073.18016948,0.01998554,0.01998554,25300,77,0
7899.73524974,7899.73459389,687.39814221,687.41491214,0.03075490,2073.51244426,0.01998554,0.01998554,25299,77,0
7900.04708102,7900.04687012,695.38699668,695.39239449,0.05027909,2073.84341569,0.01998554,0.01998554,25298,77,0
7900.35979732,7900.35917104,703.38408084,703.40012532,0.05696104,2074.17455209,0.01998554,0.01998554,25297,77,0
7900.67212038,7900.67149664,711.38876866,711.40476138,0.05028623,2074.50446888,0.01998554,0.01998554,25296,77,0
7900.98407779,7900.98384692,719.40042997,719.40635385,0.04993830,2074.83316919,0.01998554,0.01998554,25295,77,0
7901.29612637,7901.29622189,727.41846438,727.41601165,0.05179750,2075.16110813,0.01998554,0.01998554,25294,77,0
7901.60863524,7901.60862156,735.44286962,735.44322125,0.04855768,2075.48866864,0.01998554,0.01998554,25293,77,0
7901.92154882,7901.92104592,743.47416566,743.48709877,0.04923134,2075.81580742,0.01998554,0.01998554,25292,77,0
7902.23313615,7902.23349497,751.51289268,751.50365664,0.04898712,2076.14073748,0.01998554,0.01998554,25291,77,0
7902.54587536,7902.54596873,759.55959119,759.55718563,0.04694948,2076.46606250,0.01998554,0.01998554,25290,77,0
7902.85833812,7902.85846719,767.61454144,767.61121282,0.04713342,2076.79030120,0.01998554,0.01998554,25289,77,0
7903.17110440,7903.17099036,775.67754355,775.68048700,0.04451748,2077.11404390,0.01998554,0.01998554,25288,77,0
7903.48363038,7903.48353824,783.74834509,783.75072555,0.04299490,2077.43671401,0.01998554,0.01998554,25287,77,0
7903.79629776,7903.79611083,791.82669222,791.83152556,0.04698408,2077.75869265,0.01998554,0.01998554,25286,77,0
7904.10926118,7904.10870813,799.91239569,799.92670679,0.04086442,2078.08012666,0.01998554,0.01998554,25285,77,0
7904.42165597,7904.42133016,808.00552427,808.01396255,0.05001790,2078.40012877,0.01998554,0.01998554,25284,77,0
7904.73427976,7904.73397690,816.10621060,816.11406107,0.04302826,2078.71951951,0.01998554,0.01998554,25283,77,0
7905.04659640,7905.04664837,824.21458806,824.21323971,0.04621896,2079.03775355,0.01998554,0.01998554,25282,77,0
7905.35969466,7905.35934457,832.33077970,832.33987063,0.05116508,2079.35593998,0.01998554,0.01998554,25281,77,0
7905.67250213,7905.67206550,840.45481572,840.46616392,0.04544195,2079.67298488,0.01998554,0.01998554,25280,77,0
7905.98516895,7905.98481116,848.58667943,848.59598686,0.04546335,2079.98903826,0.01998554,0.01998554,25279,77,0
7906.29790870,7906.29758155,856.72635367,856.73487130,0.04567153,2080.30431236,0.01998554,0.01998554,25278,77,0
7906.61036973,7906.61037669,864.87382915,864.87364802,0.04674864,2080.61844993,0.01998554,0.01998554,25277,77,0
7906.92340297,7906.92319656,873.02925892,873.03464259,0.04172057,2080.93230787,0.01998554,0.01998554,25276,77,0
7907.23615401,7907.23604118,881.19294814,881.19589366,0.04439679,2081.24503669,0.01998554,0.01998554,25275,77,0
7907.54866074,7907.54891055,889.36520947,889.35868095,0.04906829,2081.55668485,0.01998554,0.01998554,25274,77,0
7907.86241601,7907.86180467,897.54635240,897.56234513,0.04387092,2081.86874526,0.01998554,0.01998554,25273,77,0
7908.17505123,7908.17472354,905.73634291,905.74492342,0.04566717,2082.17885657,0.01998554,0.01998554,25272,77,0
7908.48774722,7908.48766717,913.93458187,913.93667990,0.04027953,2082.48816806,0.01998554,0.01998554,25271,77,0
7908.80092508,7908.80063556,922.14041441,922.14800838,0.03876640,2082.79706595,0.01998554,0.01998554,25270,77,0
7909.11362384,7909.11362871,930.35318220,930.35305435,0.04455227,2083.10457467,0.01998554,0.01998554,25269,77,0
7909.42650346,7909.42664663,938.57253691,938.56877619,0.04895050,2083.41132865,0.01998554,0.01998554,25268,77,0
7909.73974177,7909.73968931,946.79901805,946.80039707,0.04527163,2083.71751713,0.01998554,0.01998554,25267,77,0
7910.05239804,7910.05275677,955.03332490,955.02388527,0.04562066,2084.02224439,0.01998554,0.01998554,25266,77,0
7910.36617355,7910.36584900,963.27616082,963.28470961,0.04814167,2084.32718895,0.01998554,0.01998554,25265,77,0
7910.67896241,7910.67896600,971.52806237,971.52796772,0.04844777,2084.63031975,0.01998554,0.01998554,25264,77,0
7910.99181962,7910.99210779,979.78874076,979.78113525,0.04121444,2084.93264860,0.01998554,0.01998554,25263,77,0
7911.30502246,7911.30527436,988.05765471,988.05100061,0.03966457,2085.23441834,0.01998554,0.01998554,25262,77,0
7911.61877621,7911.61846572,996.33425965,996.34246829,0.04525587,2085.53579964,0.01998554,0.01998554,25261,77,0
7911.93125958,7911.93168186,1004.61808237,1004.60690964,0.04655967,2085.83502589,0.01998554,0.01998554,25260,77,0
7912.24523520,7912.24492280,1012.90924849,1012.91752090,0.04697510,2086.13474303,0.01998554,0.01998554,25259,77,0
7912.55844377,7912.55818853,1021.20817515,1021.21493994,0.05194878,2086.43280300,0.01998554,0.01998554,25258,77,0
7912.87165930,7912.87147906,1029.51528380,1029.52006540,0.04530145,2086.72995752,0.01998554,0.01998554,25257,77,0
7913.18488145,7913.18479438,1037.83097103,1037.83328294,0.04017615,2087.02621685,0.01998554,0.01998554,25256,77,0
7913.49892700,7913.49813452,1046.15526672,1046.17632989,0.04052725,2087.32234735,0.01998554,0.01998554,25255,77,0
7913.81149873,7913.81149946,1054.48793631,1054.48791700,0.04734580,2087.61617381,0.01998554,0.01998554,25254,77,0
7914.12535311,7914.12488920,1062.82873808,1062.84109029,0.04535398,2087.91027617,0.01998554,0.01998554,25253,77,0
7914.43848235,7914.43830377,1071.17743610,1071.18219522,0.04145370,2088.20275884,0.01998554,0.01998554,25252,77,0
7914.75098760,7914.75174314,1079.53396246,1079.51381043,0.04578703,2088.49371672,0.01998554,0.01998554,25251,77,0
7915.06472788,7915.06520734,1087.89841918,1087.88561992,0.04290285,2088.78487811,0.01998554,0.01998554,25250,77,0
7915.37861209,7915.37869635,1096.27091634,1096.26866504,0.05201710,2089.07522466,0.01998554,0.01998554,25249,77,0
7915.69254117,7915.69221019,1104.65156763,1104.66041909,0.04437643,2089.36466438,0.01998554,0.01998554,25248,77,0
7916.00620356,7916.00574886,1113.04061236,1113.05278432,0.04144613,2089.65291581,0.01998554,0.01998554,25247,77,0
7916.31929159,7916.31931235,1121.43845972,1121.43790332,0.04699469,2089.93971036,0.01998554,0.01998554,25246,77,0
7916.63363770,7916.63290068,1129.84553322,1129.86530260,0.03584409,2090.22673425,0.01998554,0.01998554,25245,77,0
7916.94670550,7916.94651385,1138.26225446,1138.26740078,0.05005587,2090.51168193,0.01998554,0.01998554,25244,77,0
7917.25974324,7917.26015185,1146.68867271,1146.67768913,0.04139972,2090.79569279,0.01998554,0.01998554,25243,77,0
7917.57390926,7917.57381470,1155.12418665,1155.12673086,0.04084479,2091.07978861,0.01998554,0.01998554,25242,77,0
7917.88725293,7917.88750239,1163.56812623,1163.56140836,0.04913419,2091.36217788,0.01998554,0.01998554,25241,77,0
7918.20293657,7918.20121493,1172.01981950,1172.06622045,0.03619277,2091.64567729,0.01998554,0.01998554,25240,77,0
7918.51476905,7918.51495232,1180.47900002,1180.47405658,0.04438980,2091.92472207,0.01998554,0.01998554,25239,77,0
7918.82882314,7918.82871456,1188.94628057,1188.94921217,0.04074105,2092.20477132,0.01998554,0.01998554,25238,77,0
7919.14251282,7919.14250166,1197.42239194,1197.42269351,0.04724399,2092.48353078,0.01998554,0.01998554,25237,77,0
7919.45622800,7919.45631362,1205.90806868,1205.90575229,0.04342613,2092.76136877,0.01998554,0.01998554,25236,77,0
7919.76973621,7919.77015044,1214.40374263,1214.39252322,0.04540847,2093.03809013,0.01998554,0.01998554,25235,77,0
7920.08385536,7920.08401213,1222.90906356,1222.90481310,0.04041833,2093.31439939,0.01998554,0.01998554,25234,77,0
7920.39763003,7920.39789868,1231.42355560,1231.41626472,0.04418617,2093.58943543,0.01998554,0.01998554,25233,77,0
7920.71156354,7920.71181011,1239.94674003,1239.94004230,0.04196978,2093.86362101,0.01998554,0.01998554,25232,77,0
7921.02567485,7921.02574641,1248.47830695,1248.47636143,0.04387642,2094.13695745,0.01998554,0.01998554,25231,77,0
7921.33974582,7921.33970759,1257.01844272,1257.01948317,0.04122454,2094.40925663,0.01998554,0.01998554,25230,77,0
7921.65358045,7921.65369365,1265.56742458,1265.56434114,0.04684958,2094.68035505,0.01998554,0.01998554,25229,77,0
7921.96756606,7921.96770459,1274.12553147,1274.12175406,0.04404961,2094.95059268,0.01998554,0.01998554,25228,77,0
7922.28147898,7922.28174042,1282.69296681,1282.68583067,0.04980119,2095.21977913,0.01998554,0.01998554,25227,77,0
7922.59594718,7922.59580113,1291.26969300,1291.27368353,0.04932143,2095.48844544,0.01998554,0.01998554,25226,77,0
7922.90935590,7922.90988674,1299.85562483,1299.84110653,0.04118598,2095.75520778,0.01998554,0.01998554,25225,77,0
7923.22446810,7923.22399725,1308.45067650,1308.46356694,0.04429484,2096.02240819,0.01998554,0.01998554,25224,77,0
7923.53787233,7923.53813265,1317.05475601,1317.04762262,0.04155240,2096.28714719,0.01998554,0.01998554,25223,77,0
7923.85166600,7923.85229295,1325.66775268,1325.65055607,0.04733528,2096.55119567,0.01998554,0.01998554,25222,77,0
7924.16660104,7924.16647816,1334.28955141,1334.29292520,0.04738185,2096.81517153,0.01998554,0.01998554,25221,77,0
7924.48031666,7924.48068827,1342.92003640,1342.90982467,0.04157675,2097.07708908,0.01998554,0.01998554,25220,77,0
7924.79458587,7924.79492329,1351.55920399,1351.54992289,0.04806536,2097.33842803,0.01998554,0.01998554,25219,77,0
7925.10911653,7925.10918323,1360.20740740,1360.20557104,0.04797243,2097.59894829,0.01998554,0.01998554,25218,77,0
7925.42366013,7925.42346808,1368.86507244,1368.87036574,0.04237175,2097.85845151,0.01998554,0.01998554,25217,77,0
7925.73793968,7925.73777785,1377.53262750,1377.53709250,0.04681075,2098.11671907,0.01998554,0.01998554,25216,77,0
7926.05182621,7926.05211254,1386.21032969,1386.20242065,0.04993615,2098.37365148,0.01998554,0.01998554,25215,77,0
7926.36606301,7926.36647216,1394.89792551,1394.88661245,0.03879385,2098.62984555,0.01998554,0.01998554,25214,77,0
7926.68085138,7926.68085670,1403.59506601,1403.59491872,0.04706382,2098.88544645,0.01998554,0.01998554,25213,77,0
7926.99564221,7926.99526618,1412.30140010,1412.31181773,0.04566498,2099.13999116,0.01998554,0.01998554,25212,77,0
7927.31015853,7927.30970059,1421.01667360,1421.02937251,0.04950267,2099.39324574,0.01998554,0.01998554,25211,77,0
7927.62406484,7927.62415993,1429.74088986,1429.73825047,0.04120069,2099.64494080,0.01998554,0.01998554,25210,77,0
7927.93898675,7927.93864422,1438.47409402,1438.48361064,0.04199553,2099.89637513,0.01998554,0.01998554,25209,77,0
7928.25352019,7928.25315344,1447.21633238,1447.22653144,0.05637303,2100.14642196,0.01998554,0.01998554,25208,77,0
7928.56767216,7928.56768761,1455.96783729,1455.96740703,0.03786869,2100.39509351,0.01998554,0.01998554,25207,77,0
7928.88228250,7928.88224673,1464.72925402,1464.73025081,0.04680174,2100.64306836,0.01998554,0.01998554,25206,77,0
7929.19626193,7929.19683081,1473.50128728,1473.48541508,0.04635780,2100.88950424,0.01998554,0.01998554,25205,77,0
7929.51161353,7929.51143983,1482.28463989,1482.28949222,0.04609217,2101.13598465,0.01998554,0.01998554,25204,77,0
7929.82625645,7929.82607381,1491.07941319,1491.08452121,0.05118629,2101.38087780,0.01998554,0.01998554,25203,77,0
7930.14084657,7930.14073276,1499.88461821,1499.88780469,0.04039739,2101.62466559,0.01998554,0.01998554,25202,77,0
7930.45531091,7930.45541666,1508.69914526,1508.69618172,0.04703911,2101.86725739,0.01998554,0.01998554,25201,77,0
7930.76996283,7930.77012554,1517.52189522,1517.51733201,0.04638454,2102.10886059,0.01998554,0.01998554,25200,77,0
7931.08501840,7931.08485938,1526.35260333,1526.35706699,0.04415012,2102.34962714,0.01998554,0.01998554,25199,77,0
7931.40006325,7931.39961819,1535.19218640,1535.20469144,0.04767283,2102.58925965,0.01998554,0.01998554,25198,77,0
7931.71460620,7931.71440198,1544.04165613,1544.04740044,0.05194645,2102.82741057,0.01998554,0.01998554,25197,77,0
7932.02933278,7932.02921075,1552.90200216,1552.90543880,0.03830677,2103.06462272,0.01998554,0.01998554,25196,77,0
7932.34422763,7932.34404449,1561.77348841,1561.77865179,0.04702839,2103.30088491,0.01998554,0.01998554,25195,77,0
7932.65849078,7932.65890323,1570.65560759,1570.64396621,0.04382823,2103.53558108,0.01998554,0.01998554,25194,77,0
7932.97371118,7932.97378694,1579.54781196,1579.54567135,0.04782052,2103.76987714,0.01998554,0.01998554,25193,77,0
7933.28829775,7933.28869565,1588.44958536,1588.43833217,0.04426863,2104.00257092,0.01998554,0.01998554,25192,77,0
7933.60332868,7933.60362935,1597.36092505,1597.35241292,0.04779622,2104.23445669,0.01998554,0.01998554,25191,77,0
7933.91876698,7933.91858805,1606.28222037,1606.28729127,0.04935988,2104.46550848,0.01998554,0.01998554,25190,77,0
7934.23412298,7934.23357175,1615.21387307,1615.22951253,0.04855037,2104.69537186,0.01998554,0.01998554,25189,77,0
7934.54859366,7934.54858044,1624.15624252,1624.15661802,0.04772273,2104.92347128,0.01998554,0.01998554,25188,77,0
7934.86405841,7934.86361415,1633.10929665,1633.12192924,0.04807315,2105.15116381,0.01998554,0.01998554,25187,77,0
7935.17896072,7935.17867286,1642.07279974,1642.08099380,0.05101215,2105.37731308,0.01998554,0.01998554,25186,77,0
7935.49355191,7935.49375658,1651.04651264,1651.04068062,0.05206842,2105.60209376,0.01998554,0.01998554,25185,77,0
7935.80851264,7935.80886531,1660.03026833,1660.02020825,0.04910565,2105.82598326,0.01998554,0.01998554,25184,77,0
7936.12411793,7936.12399906,1669.02428682,1669.02768101,0.05699310,2106.04917252,0.01998554,0.01998554,25183,77,0
7936.43902540,7936.43915784,1678.02891680,1678.02513091,0.05575335,2106.27071660,0.01998554,0.01998554,25182,77,0
7936.75449378,7936.75434163,1687.04450936,1687.04886396,0.04886201,2106.49150565,0.01998554,0.01998554,25181,77,0
7937.06953619,7937.06955045,1696.07126527,1696.07085675,0.04797760,2106.71084831,0.01998554,0.01998554,25180,77,0
7937.38482596,7937.38478430,1705.10891438,1705.11010954,0.04822793,2106.92920286,0.01998554,0.01998554,25179,77,0
7937.70011769,7937.70004318,1714.15709356,1714.15923338,0.04743509,2107.14638449,0.01998554,0.01998554,25178,77,0
7938.01546059,7938.01532709,1723.21543976,1723.21927716,0.04774101,2107.36241352,0.01998554,0.01998554,25177,77,0
7938.33055318,7938.33063604,1732.28383221,1732.28144790,0.04355631,2107.57707724,0.01998554,0.01998554,25176,77,0
7938.64635085,7938.64597003,1741.36258676,1741.37355691,0.04165163,2107.79102692,0.01998554,0.01998554,25175,77,0
7938.96077327,7938.96132907,1750.45206677,1750.43603810,0.04255574,2108.00286085,0.01998554,0.01998554,25174,77,0
7939.27662872,7939.27671315,1759.55262897,1759.55019134,0.04283314,2108.21447422,0.01998554,0.01998554,25173,77,0
7939.59154472,7939.59212228,1768.66441360,1768.64771910,0.04383687,2108.42427309,0.01998554,0.01998554,25172,77,0
7939.90732244,7939.90755647,1777.78733813,1777.78056569,0.05169383,2108.63345097,0.01998554,0.01998554,25171,77,0
7940.22285162,7940.22301571,1786.92130927,1786.91655546,0.03359209,2108.84126185,0.01998554,0.01998554,25170,77,0
7940.53848941,7940.53850000,1796.06623418,1796.06592705,0.05118377,2109.04793476,0.01998554,0.01998554,25169,77,0
7940.85384814,7940.85400936,1805.22203026,1805.21734925,0.04584402,2109.25321014,0.01998554,0.01998554,25168,77,0
7941.16975747,7941.16954379,1814.38862040,1814.39483137,0.04353529,2109.45761990,0.01998554,0.01998554,25167,77,0
7941.48466781,7941.48510328,1823.56592698,1823.55325570,0.04062665,2109.66015753,0.01998554,0.01998554,25166,77,0
7941.80068501,7941.80068784,1832.75391788,1832.75383560,0.04784160,2109.86217132,0.01998554,0.01998554,25165,77,0
7942.11679757,7942.11629747,1841.95276572,1841.96734971,0.05115561,2110.06300662,0.01998554,0.01998554,25164,77,0
7942.43267807,7942.43193218,1851.16270115,1851.18447778,0.04335154,2110.26245638,0.01998554,0.01998554,25163,77,0
7942.74813258,7942.74759198,1860.38395650,1860.39975830,0.04318334,2110.46040205,0.01998554,0.01998554,25162,77,0
7943.06335274,7943.06327685,1869.61677087,1869.61899193,0.04332993,2110.65696780,0.01998554,0.01998554,25161,77,0
7943.37859368,7943.37898681,1878.86139562,1878.84987718,0.05255244,2110.85231410,0.01998554,0.01998554,25160,77,0
7943.69491108,7943.69472185,1888.11808520,1888.12363643,0.04475454,2111.04708872,0.01998554,0.01998554,25159,77,0
7944.01060902,7944.01048199,1897.38707554,1897.39080678,0.03946909,2111.24024420,0.01998554,0.01998554,25158,77,0
7944.32592767,7944.32626722,1906.66815092,1906.65816545,0.04115259,2111.43192339,0.01998554,0.01998554,25157,77,0
7944.64156159,7944.64207755,1915.96064825,1915.94545813,0.04830530,2111.62252997,0.01998554,0.01998554,25156,77,0
7944.95811540,7944.95791298,1925.26388068,1925.26984619,0.04184371,2111.81240250,0.01998554,0.01998554,25155,77,0
7945.27327193,7945.27377351,1934.57729542,1934.56249830,0.04564687,2112.00013819,0.01998554,0.01998554,25154,77,0
7945.58922807,7945.58965915,1943.90135519,1943.88862367,0.05113266,2112.18705408,0.01998554,0.01998554,25153,77,0
7945.90563383,7945.90556990,1953.23697973,1953.23887024,0.04567334,2112.37294897,0.01998554,0.01998554,25152,77,0
7946.22170610,7946.22150576,1962.58509720,1962.59102895,0.04247704,2112.55737510,0.01998554,0.01998554,25151,77,0
7946.53795655,7946.53746673,1971.94622440,1971.96074562,0.05212686,2112.74063642,0.01998554,0.01998554,25150,77,0
7946.85349197,7946.85345283,1981.31969530,1981.32085701,0.04049597,2112.92219981,0.01998554,0.01998554,25149,77,0
7947.16958396,7947.16946404,1990.70462976,1990.70819307,0.05011327,2113.10277554,0.01998554,0.01998554,25148,77,0
7947.48616046,7947.48550038,2000.10016123,2000.11979489,0.04503236,2113.28229429,0.01998554,0.01998554,25147,77,0
7947.80184936,7947.80156185,2009.50602674,2009.51458752,0.04282733,2113.45997090,0.01998554,0.01998554,25146,77,0
7948.11761832,7948.11764844,2018.92266421,2018.92176641,0.04597705,2113.63635872,0.01998554,0.01998554,25145,77,0
7948.43378578,7948.43376017,2028.35055368,2028.35131785,0.04110386,2113.81163667,0.01998554,0.01998554,25144,77,0
7948.74989168,7948.74989704,2037.79018296,2037.79002278,0.04886991,2113.98555147,0.01998554,0.01998554,25143,77,0
7949.06677227,7949.06605904,2047.24207442,2047.26341034,0.04153316,2114.15856295,0.01998554,0.01998554,25142,77,0
7949.38179510,7949.38224619,2056.70676859,2056.69325698,0.04360856,2114.32924482,0.01998554,0.01998554,25141,77,0
7949.69821443,7949.69845848,2066.18480949,2066.17748941,0.04721865,2114.49936706,0.01998554,0.01998554,25140,77,0
7950.01530693,7950.01469592,2075.67649915,2075.69485042,0.05106677,2114.66852708,0.01998554,0.01998554,25139,77,0
7950.33157122,7950.33095851,2085.18152155,2085.19994785,0.04314928,2114.83591314,0.01998554,0.01998554,25138,77,0
7950.64750090,7950.64724626,2094.69946198,2094.70712940,0.05010385,2115.00178053,0.01998554,0.01998554,25137,77,0
7950.96378177,7950.96355916,2104.22991201,2104.23662317,0.04285544,2115.16647633,0.01998554,0.01998554,25136,77,0
7951.28017312,7951.27989723,2113.77264590,2113.78097364,0.05112808,2115.32986272,0.01998554,0.01998554,25135,77,0
7951.59640553,7951.59626045,2123.32760446,2123.33198878,0.04100741,2115.49179431,0.01998554,0.01998554,25134,77,0
7951.91248319,7951.91264884,2132.89473406,2132.88972207,0.04489284,2115.65226888,0.01998554,0.01998554,25133,77,0
7952.22895927,7952.22906241,2142.47404502,2142.47092067,0.03989641,2115.81156034,0.01998554,0.01998554,25132,77,0
7952.54539241,7952.54550114,2152.06586024,2152.06256236,0.04867869,2115.96944398,0.01998554,0.01998554,25131,77,0
7952.86202740,7952.86196505,2161.67059974,2161.67249323,0.05087241,2116.12604202,0.01998554,0.01998554,25130,77,0
7953.17876088,7953.17845414,2171.28868204,2171.29801006,0.04260043,2116.28130221,0.01998554,0.01998554,25129,77,0
7953.49489518,7953.49496840,2180.92027638,2180.91804673,0.05025196,2116.43488242,0.01998554,0.01998554,25128,77,0
7953.81146150,7953.81150786,2190.56517954,2190.56376621,0.04000985,2116.58727534,0.01998554,0.01998554,25127,77,0
7954.12799307,7954.12807250,2200.22315645,2200.22073164,0.04995445,2116.73824390,0.01998554,0.01998554,25126,77,0
7954.44464050,7954.44466233,2209.89396699,2209.89330000,0.04602882,2116.88784972,0.01998554,0.01998554,25125,77,0
7954.76126568,7954.76127735,2219.57734477,2219.57698779,0.05135307,2117.03601701,0.01998554,0.01998554,25124,77,0
7955.07762739,7955.07791757,2229.27300981,2229.26411926,0.03640005,2117.18262489,0.01998554,0.01998554,25123,77,0
7955.39458498,7955.39458299,2238.98068161,2238.98074274,0.04385652,2117.32805959,0.01998554,0.01998554,25122,77,0
7955.71090438,7955.71127361,2248.70035608,2248.68901719,0.04933176,2117.47174963,0.01998554,0.01998554,25121,77,0
7956.02806702,7956.02798943,2258.43259895,2258.43498461,0.03879116,2117.61436936,0.01998554,0.01998554,25120,77,0
7956.34523149,7956.34473047,2268.17805012,2268.19347581,0.05103648,2117.75553809,0.01998554,0.01998554,25119,77,0
7956.66125037,7956.66149671,2277.93731167,2277.92971691,0.04871966,2117.89475545,0.01998554,0.01998554,25118,77,0
7956.97854588,7956.97828817,2287.71054300,2287.71849883,0.04681144,2118.03308349,0.01998554,0.01998554,25117,77,0
7957.29484544,7957.29510485,2297.49763860,2297.48961939,0.03938758,2118.16952164,0.01998554,0.01998554,25116,77,0
7957.61126888,7957.61194675,2307.29848823,2307.27750588,0.05310690,2118.30455110,0.01998554,0.01998554,25115,77,0
7957.92874891,7957.92881387,2317.11291361,2317.11090042,0.04752326,2118.43855293,0.01998554,0.01998554,25114,77,0
7958.24564309,7958.24570622,2326.94057648,2326.93861750,0.04695870,2118.57081981,0.01998554,0.01998554,25113,77,0
7958.56190849,7958.56262379,2336.78111283,2336.75888876,0.04130180,2118.70133154,0.01998554,0.01998554,25112,77,0
7958.87949869,7958.87956660,2346.63422390,2346.63211139,0.05194076,2118.83087953,0.01998554,0.01998554,25111,77,0
7959.19682458,7959.19653465,2356.50036722,2356.50939759,0.04889947,2118.95880815,0.01998554,0.01998554,25110,77,0
7959.51338814,7959.51352793,2366.38047732,2366.37611735,0.03759253,2119.08492984,0.01998554,0.01998554,25109,77,0
7959.83063938,7959.83054645,2376.27550152,2376.27840411,0.04446544,2119.20982824,0.01998554,0.01998554,25108,77,0
7960.14723797,7960.14759022,2386.18592559,2386.17490665,0.04737735,2119.33297451,0.01998554,0.01998554,25107,77,0
7960.46473678,7960.46465924,2396.11117982,2396.11360890,0.04894124,2119.45495674,0.01998554,0.01998554,25106,77,0
7960.78184977,7960.78175351,2406.05054439,2406.05356391,0.04702030,2119.57526159,0.01998554,0.01998554,25105,77,0
7961.09923140,7961.09887303,2416.00335621,2416.01461086,0.03999831,2119.69412379,0.01998554,0.01998554,25104,77,0
7961.41573713,7961.41601780,2425.96953356,2425.96070794,0.04610690,2119.81111199,0.01998554,0.01998554,25103,77,0
7961.73293912,7961.73318784,2435.94931378,2435.94148262,0.04521816,2119.92680520,0.01998554,0.01998554,25102,77,0
7962.04992143,7962.05038314,2445.94294103,2445.92838487,0.04609094,2120.04086235,0.01998554,0.01998554,25101,77,0
7962.36722939,7962.36760370,2455.95081529,2455.93899804,0.04499299,2120.15347694,0.01998554,0.01998554,25100,77,0
7962.68480609,7962.68484953,2465.97361531,2465.97224191,0.04574942,2120.26462523,0.01998554,0.01998554,25099,77,0
7963.00181510,7963.00212064,2476.01205421,2476.00237977,0.04703476,2120.37401744,0.01998554,0.01998554,25098,77,0
7963.31901497,7963.31941702,2486.06665584,2486.05390600,0.04757878,2120.48191635,0.01998554,0.01998554,25097,77,0
7963.63619414,7963.63673867,2496.13670498,2496.11941254,0.04885646,2120.58823368,0.01998554,0.01998554,25096,77,0
7963.95429384,7963.95408561,2506.22099233,2506.22761347,0.04969928,2120.69325843,0.01998554,0.01998554,25095,77,0
7964.27155806,7964.27145783,2516.31832638,2516.32151715,0.05172504,2120.79639148,0.01998554,0.01998554,25094,77,0
7964.58926035,7964.58885534,2526.42846747,2526.44137638,0.04863731,2120.89804145,0.01998554,0.01998554,25093,77,0
7964.90617761,7964.90627814,2536.55232556,2536.54911715,0.04957245,2120.99782271,0.01998554,0.01998554,25092,77,0
7965.22352301,7965.22372623,2546.69088622,2546.68439115,0.04626256,2121.09612308,0.01998554,0.01998554,25091,77,0
7965.54148278,7965.54119961,2556.84489785,2556.85396108,0.04563184,2121.19299247,0.01998554,0.01998554,25090,77,0
7965.85868238,7965.85869830,2567.01422342,2567.01371334,0.04302514,2121.28800471,0.01998554,0.01998554,25089,77,0
7966.17624393,7966.17622228,2577.19852227,2577.19921689,0.04256466,2121.38148871,0.01998554,0.01998554,25088,77,0
7966.49350661,7966.49377157,2587.39747954,2587.38896361,0.05128055,2121.47323964,0.01998554,0.01998554,25087,77,0
7966.81153249,7966.81134617,2597.61113416,2597.61713033,0.04644371,2121.56355451,0.01998554,0.01998554,25086,77,0
7967.12909278,7967.12894608,2607.83976565,2607.84449336,0.04323581,2121.65207758,0.01998554,0.01998554,25085,77,0
7967.44666961,7967.44657131,2618.08366054,2618.08683315,0.04468019,2121.73894215,0.01998554,0.01998554,25084,77,0
7967.76454291,7967.76422185,2628.34311941,2628.35349644,0.05153610,2121.82421763,0.01998554,0.01998554,25083,77,0
7968.08214452,7968.08189771,2638.61846590,2638.62645513,0.04655359,2121.90774669,0.01998554,0.01998554,25082,77,0
7968.39968021,7968.39959889,2648.91002856,2648.91266453,0.04192187,2121.98958119,0.01998554,0.01998554,25081,77,0
7968.71715622,7968.71732540,2659.21805502,2659.21256187,0.05064831,2122.06971800,0.01998554,0.01998554,25080,77,0
7969.03524055,7969.03507724,2669.54239049,2669.54770054,0.04505509,2122.14831237,0.01998554,0.01998554,25079,77,0
7969.35291033,7969.35285441,2679.88275666,2679.88457731,0.04578476,2122.22510026,0.01998554,0.01998554,25078,77,0
7969.67082821,7969.67065692,2690.23889606,2690.24448170,0.04880896,2122.30023376,0.01998554,0.01998554,25077,77,0
7969.98866694,7969.98848477,2700.61089310,2700.61684263,0.04509120,2122.37362729,0.01998554,0.01998554,25076,77,0
7970.30626267,7970.30633795,2710.99909387,2710.99663162,0.04377586,2122.44524051,0.01998554,0.01998554,25075,77,0
7970.62433442,7970.62421648,2721.40384995,2721.40771327,0.04823563,2122.51522831,0.01998554,0.01998554,25074,77,0
7970.94207325,7970.94212036,2731.82518541,2731.82363988,0.04350249,2122.58340381,0.01998554,0.01998554,25073,77,0
7971.26006084,7971.26004959,2742.26255089,2742.26292066,0.04942272,2122.64988118,0.01998554,0.01998554,25072,77,0
7971.57894022,7971.57800417,2752.71533462,2752.74612846,0.04783042,2122.71477404,0.01998555,0.01998554,25071,77,0
7971.89638664,7971.89598410,2763.18316287,2763.19642334,0.05377824,2122.77760432,0.01998554,0.01998554,25070,77,0
7972.21377530,7972.21398940,2773.66665137,2773.65958814,0.03847654,2122.83865319,0.01998554,0.01998554,25069,77,0
7972.53195307,7972.53202006,2784.16667421,2784.16446080,0.05032199,2122.89807487,0.01998554,0.01998554,25068,77,0
7972.84997056,7972.85007608,2794.68404693,2794.68055463,0.04351210,2122.95568333,0.01998554,0.01998554,25067,77,0
7973.16795920,7973.16815748,2805.21893610,2805.21236395,0.04710498,2123.01149653,0.01998554,0.01998554,25066,77,0
7973.48668320,7973.48626424,2815.77113625,2815.78504460,0.04454501,2123.06563319,0.01998554,0.01998554,25065,77,0
7973.80412150,7973.80439638,2826.34043826,2826.33129881,0.04650085,2123.11774540,0.01998554,0.01998554,25064,77,0
7974.12264592,7974.12255390,2836.92671318,2836.92977738,0.03979936,2123.16821547,0.01998554,0.01998554,25063,77,0
7974.44074128,7974.44073679,2847.52992459,2847.53007430,0.04969608,2123.21678940,0.01998554,0.01998554,25062,77,0
7974.75826472,7974.75894508,2858.15004030,2858.12731650,0.04272069,2123.26344581,0.01998554,0.01998554,25061,77,0
7975.07653626,7975.07717874,2868.78695644,2868.76546550,0.05222372,2123.30836865,0.01998554,0.01998554,25060,77,0
7975.39501637,7975.39543780,2879.44041032,2879.42629291,0.04673721,2123.35146440,0.01998554,0.01998554,25059,77,0
7975.71362991,7975.71372225,2890.11011542,2890.10701756,0.05215469,2123.39271090,0.01998554,0.01998554,25058,77,0
7976.03133104,7976.03203210,2900.79596316,2900.77241101,0.04271995,2123.43197153,0.01998554,0.01998554,25057,77,0
7976.35042134,7976.35036734,2911.49862871,2911.50044540,0.04610273,2123.46952112,0.01998554,0.01998554,25056,77,0
7976.66880634,7976.66872799,2922.21900660,2922.22164696,0.04868430,2123.50510200,0.01998554,0.01998554,25055,77,0
7976.98717020,7976.98711404,2932.95788673,2932.95978243,0.03943243,2123.53879096,0.01998554,0.01998554,25054,77,0
7977.30549503,7977.30552550,2943.71511243,2943.71408230,0.04879775,2123.57057726,0.01998554,0.01998554,25053,77,0
7977.62387872,7977.62396237,2954.49004679,2954.48721405,0.04701499,2123.60045993,0.01998554,0.01998554,25052,77,0
7977.94289416,7977.94242466,2965.28208572,2965.29800825,0.04472815,2123.62847646,0.01998555,0.01998554,25051,77,0
7978.26116718,7978.26091236,2976.09136284,2976.10001822,0.04720223,2123.65449929,0.01998554,0.01998554,25050,77,0
7978.57963052,7978.57942548,2986.91864354,2986.92561903,0.04353951,2123.67860308,0.01998554,0.01998554,25049,77,0
7978.89760646,7978.89796403,2997.76471056,2997.75252532,0.04993718,2123.70073211,0.01998554,0.01998554,25048,77,0
7979.21620197,7979.21652800,3008.62992494,3008.61879584,0.04861530,2123.72095375,0.01998554,0.01998554,25047,77,0
7979.53503326,7979.53511740,3019.51406912,3019.51119233,0.04763353,2123.73922611,0.01998554,0.01998554,25046,77,0
7979.85354265,7979.85373223,3030.41688299,3030.41039016,0.04393794,2123.75550846,0.01998554,0.01998554,25045,77,0
7980.17206549,7980.17237250,3041.33830771,3041.32777602,0.04779240,2123.76981170,0.01998554,0.01998554,25044,77,0
7980.49100056,7980.49103821,3052.27871271,3052.27741902,0.04664566,2123.78214111,0.01998554,0.01998554,25043,77,0
7980.80986410,7980.80972936,3063.23852509,3063.24316274,0.04827976,2123.79246591,0.01998554,0.01998554,25042,77,0
7981.12825950,7981.12844595,3074.21785629,3074.21142811,0.04788176,2123.80076897,0.01998554,0.01998554,25041,77,0
7981.44770038,7981.44718799,3085.21579750,3085.23349081,0.04645386,2123.80707429,0.01998555,0.01998554,25040,77,0
7981.76591419,7981.76595549,3096.23122697,3096.22979897,0.04809071,2123.81132939,0.01998554,0.01998554,25039,77,0
7982.08438755,7982.08474843,3107.26339939,3107.25090156,0.04650231,2123.81355495,0.01998554,0.01998554,25038,77,0
7982.40321802,7982.40356683,3118.31338494,3118.30128548,0.04633583,2123.81373766,0.01998554,0.01998554,25037,77,0
7982.72228403,7982.72241069,3129.38279960,3129.37839835,0.04414122,2123.81186274,0.01998554,0.01998554,25036,77,0
7983.04111093,7983.04128002,3140.47303649,3140.46715038,0.04521432,2123.80792291,0.01998554,0.01998554,25035,77,0
7983.36009005,7983.36017481,3151.58391598,3151.58096034,0.05399457,2123.80190402,0.01998554,0.01998554,25034,77,0
7983.67928938,7983.67909507,3162.71461086,3162.72139801,0.03935276,2123.79379165,0.01998554,0.01998554,25033,77,0
7983.99749799,7983.99804080,3173.86438376,3173.84539272,0.05259977,2123.78361520,0.01998554,0.01998554,25032,77,0
7984.31706441,7984.31701201,3185.03339747,3185.03523386,0.05123603,2123.77128645,0.01998554,0.01998554,25031,77,0
7984.63605875,7984.63600869,3196.22229811,3196.22405540,0.04488718,2123.75686179,0.01998554,0.01998554,25030,77,0
7984.95545255,7984.95503086,3207.43168629,3207.44651607,0.04721468,2123.74028829,0.01998555,0.01998554,25029,77,0
7985.27368835,7985.27407851,3218.66149676,3218.64775212,0.05500990,2123.72164442,0.01998554,0.01998554,25028,77,0
7985.59325710,7985.59315165,3229.91122269,3229.91494379,0.05365982,2123.70077342,0.01998554,0.01998554,25027,77,0
7985.91204266,7985.91225027,3241.18038831,3241.17305024,0.04769223,2123.67779921,0.01998554,0.01998554,25026,77,0
7986.23132536,7986.23137439,3252.46917924,3252.46744332,0.04090711,2123.65262250,0.01998554,0.01998554,25025,77,0
7986.54990946,7986.55052401,3263.77829764,3263.75650162,0.04982794,2123.62532829,0.01998554,0.01998554,25024,77,0
7986.86986115,7986.86969913,3275.10844203,3275.11419877,0.05010705,2123.59572080,0.01998554,0.01998554,25023,77,0
7987.18950954,7987.18889975,3286.45987856,3286.48158349,0.04767374,2123.56393248,0.01998555,0.01998554,25022,77,0
7987.50849767,7987.50812587,3297.83249409,3297.84575145,0.05044965,2123.52999861,0.01998554,0.01998554,25021,77,0
7987.82737366,7987.82737751,3309.22616266,3309.22602523,0.04537225,2123.49385887,0.01998554,0.01998554,25020,77,0
7988.14652807,7988.14665465,3320.64078392,3320.63625428,0.05262778,2123.45545720,0.01998554,0.01998554,25019,77,0
7988.46622554,7988.46595731,3332.07628159,3332.08589625,0.04791161,2123.41474306,0.01998554,0.01998554,25018,77,0
7988.78553841,7988.78528549,3343.53259915,3343.54168073,0.04984164,2123.37182282,0.01998554,0.01998554,25017,77,0
7989.10514344,7989.10463919,3355.01010581,3355.02824479,0.04843753,2123.32659471,0.01998555,0.01998554,25016,77,0
7989.42339100,7989.42401841,3366.50958531,3366.48697378,0.04220301,2123.27928977,0.01998554,0.01998554,25015,77,0
7989.74318226,7989.74342316,3378.03181203,3378.02311320,0.04952030,2123.22946044,0.01998554,0.01998554,25014,77,0
7990.06308170,7990.06285344,3389.57684667,3389.58510399,0.05191551,2123.17730089,0.01998554,0.01998554,25013,77,0
7990.38248441,7990.38230926,3401.14406508,3401.15041298,0.04339723,2123.12290554,0.01998554,0.01998554,25012,77,0
7990.70196406,7990.70179061,3412.73283582,3412.73913301,0.04727087,2123.06617335,0.01998554,0.01998554,25011,77,0
7991.02134455,7991.02129749,3424.34303402,3424.34474547,0.04577804,2123.00712578,0.01998554,0.01998554,25010,77,0
7991.34093253,7991.34082993,3435.97499323,3435.97873165,0.04658962,2122.94569254,0.01998554,0.01998554,25009,77,0
7991.66104238,7991.66038790,3447.62906982,3447.65296006,0.04666551,2122.88179232,0.01998555,0.01998554,25008,77,0
7991.97977529,7991.97997143,3459.30567222,3459.29849920,0.04359698,2122.81580029,0.01998554,0.01998554,25007,77,0
7992.29991486,7992.29958050,3471.00525235,3471.01750344,0.04644155,2122.74712582,0.01998555,0.01998554,25006,77,0
7992.61908233,7992.61921513,3482.72822927,3482.72335374,0.04869165,2122.67626026,0.01998554,0.01998554,25005,77,0
7992.93891382,7992.93887532,3494.47452260,3494.47593862,0.04218237,2122.60283256,0.01998554,0.01998554,25004,77,0
7993.25912494,7993.25856107,3506.24369903,3506.26447670,0.04713977,2122.52688727,0.01998555,0.01998554,25003,77,0
7993.57907433,7993.57827239,3518.03531198,3518.06491585,0.04880066,2122.44856668,0.01998555,0.01998554,25002,77,0
7993.89807962,7993.89800927,3529.84890176,3529.85150364,0.05099595,2122.36804360,0.01998555,0.01998554,25001,77,0
7994.21755588,7994.21777172,3541.68399859,3541.67600330,0.04874453,2122.28495869,0.01998554,0.01998554,25000,77,0
7994.53762920,7994.53755974,3553.54037945,3553.54295693,0.04677297,2122.19925787,0.01998554,0.01998554,24999,77,0
7994.85761925,7994.85737334,3565.41968969,3565.42883315,0.04157164,2122.11109446,0.01998554,0.01998554,24998,77,0
7995.17722593,7995.17721252,3577.32443475,3577.32493468,0.04170822,2122.02052580,0.01998554,0.01998554,24997,77,0
7995.49729658,7995.49707728,3589.25650304,3589.26469257,0.04436783,2121.92728290,0.01998554,0.01998554,24996,77,0
7995.81764881,7995.81696762,3601.21434200,3601.23983024,0.04263017,2121.83140856,0.01998555,0.01998554,24995,77,0
7996.13734808,7996.13688356,3613.19523230,3613.21264334,0.05169912,2121.73319632,0.01998555,0.01998554,24994,77,0
7996.45665728,7996.45682508,3625.19754007,3625.19123928,0.04350168,2121.63258011,0.01998554,0.01998554,24993,77,0
7996.77686409,7996.77679220,3637.22372776,3637.22643251,0.05086804,2121.52911613,0.01998554,0.01998554,24992,77,0
7997.09628080,7997.09678492,3649.27722842,3649.25821682,0.04397031,2121.42330600,0.01998554,0.01998554,24991,77,0
7997.41678012,7997.41680324,3661.35981285,3661.35893898,0.04019548,2121.31449556,0.01998554,0.01998554,24990,77,0
7997.73673229,7997.73684716,3673.46910704,3673.46475660,0.05057350,2121.20323842,0.01998554,0.01998554,24989,77,0
7998.05658520,7998.05691669,3685.60211351,3685.58953684,0.04620863,2121.08940153,0.01998554,0.01998554,24988,77,0
7998.37733843,7998.37701183,3697.75778788,3697.77020266,0.05040923,2120.97261748,0.01998555,0.01998554,24987,77,0
7998.69722125,7998.69713258,3709.93823783,3709.94161544,0.04833445,2120.85349848,0.01998555,0.01998554,24986,77,0
7999.01723994,7999.01727894,3722.14579460,3722.14430583,0.05148305,2120.73164289,0.01998554,0.01998554,24985,77,0
7999.33752534,7999.33745093,3734.38085782,3734.38370411,0.05206320,2120.60697776,0.01998555,0.01998554,24984,77,0
7999.65758673,7999.65764854,3746.64185435,3746.63948518,0.04621723,2120.47969587,0.01998555,0.01998554,24983,77,0
7999.97760215,7999.97787177,3758.92724104,3758.91688720,0.04312048,2120.34973307,0.01998554,0.01998554,24982,77,0
8000.29792835,8000.29812064,3771.23694214,3771.22954382,0.05035067,2120.21692964,0.01998555,0.01998554,24981,77,0
8000.61881593,8000.61839513,3783.57179065,3783.58801336,0.05197803,2120.08114901,0.01998555,0.01998554,24980,77,0
8000.93856496,8000.93869526,3795.93257449,3795.92754112,0.04082777,2119.94309626,0.01998555,0.01998554,24979,77,0
8001.25888967,8001.25902102,3808.31971313,3808.31462841,0.04502022,2119.80202051,0.01998555,0.01998554,24978,77,0
8001.57954696,8001.57937243,3820.73350103,3820.74027138,0.04680575,2119.65800004,0.01998555,0.01998554,24977,77,0
8001.89986562,8001.89974948,3833.17415075,3833.17866541,0.04536602,2119.51132021,0.01998555,0.01998554,24976,77,0
8002.22088181,8002.22015218,3845.64163558,3845.67005647,0.04341301,2119.36148832,0.01998555,0.01998554,24975,77,0
8002.54037870,8002.54058052,3858.13589931,3858.12802181,0.04731274,2119.20953687,0.01998554,0.01998554,24974,77,0
8002.86071790,8002.86103452,3870.65759098,3870.64520547,0.04824952,2119.05432990,0.01998554,0.01998554,24973,77,0
8003.18184485,8003.18151418,3883.20839941,3883.22136438,0.03964930,2118.89583635,0.01998555,0.01998554,24972,77,0
8003.50132660,8003.50201949,3895.78995699,3895.76272507,0.04227671,2118.73523256,0.01998554,0.01998554,24971,77,0
8003.82283374,8003.82255047,3908.40163601,3908.41279397,0.03526598,2118.57066014,0.01998555,0.01998554,24970,77,0
8004.14371141,8004.14310711,3921.04109887,3921.06495004,0.04226676,2118.40347428,0.01998555,0.01998554,24969,77,0
8004.46423270,8004.46368942,3933.70662665,3933.72811277,0.04716169,2118.23355507,0.01998555,0.01998554,24968,77,0
8004.78446052,8004.78429740,3946.40038598,3946.40685189,0.04749294,2118.06083506,0.01998555,0.01998554,24967,77,0
8005.10488096,8005.10493106,3959.12593789,3959.12394708,0.04465170,2117.88498938,0.01998554,0.01998554,24966,77,0
8005.42582577,8005.42559039,3971.88464701,3971.89402346,0.04655527,2117.70578979,0.01998555,0.01998554,24965,77,0
8005.74671432,8005.74627541,3984.67252134,3984.69004092,0.04192177,2117.52359348,0.01998555,0.01998555,24964,77,0
8006.06692557,8006.06698611,3997.48492515,3997.48250480,0.04514861,2117.33881561,0.01998555,0.01998555,24963,77,0
8006.38730601,8006.38772249,4010.32214054,4010.30545346,0.05212889,2117.15095835,0.01998554,0.01998555,24962,77,0
8006.70838653,8006.70848457,4023.18968196,4023.18574421,0.04408404,2116.95960322,0.01998555,0.01998555,24961,77,0
8007.02954722,8007.02927233,4036.09251431,4036.10358538,0.04202169,2116.76501705,0.01998555,0.01998555,24960,77,0
8007.35010893,8007.35008580,4049.02931729,4049.03025114,0.04218200,2116.56762035,0.01998555,0.01998555,24959,77,0
8007.67103161,8007.67092496,4061.99594365,4062.00025832,0.04539758,2116.36687206,0.01998555,0.01998555,24958,77,0
8007.99155759,8007.99178983,4074.98969975,4074.98028550,0.04253899,2116.16327358,0.01998555,0.01998555,24957,77,0
8008.31274797,8008.31268040,4088.01183695,4088.01458188,0.03796350,2115.95611311,0.01998555,0.01998555,24956,77,0
nan,nan,0.00000000,-1.00000000,0.00000000,2116.98144878,nan,0.00000000,-2147483648,76,1
7976.03228776,7976.03203210,13.20574523,13.21177733,0.04877978,2117.36646433,0.01998554,0.01998554,25057,76,0
7976.35093050,7976.35036734,20.71924560,20.73254257,0.04110695,2117.76701815,0.01998555,0.01998554,25056,76,0
7976.66856823,7976.66872799,28.23901569,28.23524067,0.04201855,2118.16563559,0.01998554,0.01998554,25055,76,0
7976.98680369,7976.98711404,35.76516081,35.75782176,0.04633342,2118.56433271,0.01998554,0.01998554,25054,76,0
7977.30515073,7977.30552550,43.29769852,43.28882933,0.04255259,2118.96249692,0.01998554,0.01998554,25053,76,0
7977.62283697,7977.62396237,50.83639429,50.80974208,0.05387385,2119.35914947,0.01998554,0.01998554,25052,76,0
7977.94220258,7977.94242466,58.38096772,58.37570481,0.04148545,2119.75719198,0.01998554,0.01998554,25051,76,0
7978.26067335,7978.26091236,65.93113704,65.92546920,0.04876342,2120.15339669,0.01998554,0.01998554,25050,76,0
7978.58007186,7978.57942548,73.48663622,73.50197379,0.03185833,2120.55001504,0.01998555,0.01998554,25049,76,0
7978.89788249,7978.89796403,81.04751037,81.04557435,0.05473575,2120.94392608,0.01998554,0.01998554,25048,76,0
7979.21547697,7979.21652800,88.61407793,88.58910503,0.03040344,2121.33685094,0.01998554,0.01998554,25047,76,0
7979.53554424,7979.53511740,96.18666807,96.19681741,0.05033696,2121.73212387,0.01998555,0.01998554,25046,76,0
7979.85356117,7979.85373223,103.76561155,103.76154083,0.05312171,2122.12417262,0.01998554,0.01998554,25045,76,0
7980.17259583,7980.17237250,111.35117137,111.35649000,0.04150677,2122.51679423,0.01998554,0.01998554,25044,76,0
7980.49053463,7980.49103821,118.94333980,118.93133734,0.05678428,2122.90738516,0.01998554,0.01998554,25043,76,0
7980.80921526,7980.80972936,126.54204234,126.52977965,0.02913658,2123.29819804,0.01998554,0.01998554,25042,76,0
7981.12852390,7981.12844595,134.14720412,134.14906472,0.04976220,2123.68908270,0.01998554,0.01998554,25041,76,0
7981.44801347,7981.44718799,141.75874907,141.77846872,0.05150726,2124.07948302,0.01998555,0.01998554,25040,76,0
7981.76611319,7981.76595549,149.37657962,149.38034978,0.03565928,2124.46747640,0.01998554,0.01998554,25039,76,0
7982.08465413,7982.08474843,157.00057539,156.99831926,0.04624829,2124.85529111,0.01998554,0.01998554,25038,76,0
7982.40293438,7982.40356683,164.63061430,164.61547301,0.04686951,2125.24206371,0.01998554,0.01998554,25037,76,0
7982.72273683,7982.72241069,172.26657368,172.27438696,0.03424446,2125.62994810,0.01998555,0.01998554,25036,76,0
7983.04078788,7983.04128002,179.90839569,179.89659729,0.05353039,2126.01496963,0.01998554,0.01998554,25035,76,0
7983.36048727,7983.36017481,187.55631156,187.56380793,0.04440262,2126.40125391,0.01998554,0.01998554,25034,76,0
7983.67980280,7983.67909507,195.21063351,195.22762635,0.04908900,2126.78635474,0.01998555,0.01998554,25033,76,0
7983.99716035,7983.99804080,202.87167535,202.85051843,0.05482072,2127.16839496,0.01998554,0.01998554,25032,76,0
7984.31713499,7984.31701201,210.53974122,210.54269890,0.04891066,2127.55289276,0.01998554,0.01998554,25031,76,0
7984.63636410,7984.63600869,218.21484250,218.22339701,0.04382519,2127.93579945,0.01998554,0.01998554,25030,76,0
7984.95509919,7984.95503086,225.89667415,225.89832007,0.04490745,2128.31740311,0.01998554,0.01998554,25029,76,0
7985.27370558,7985.27407851,233.58491396,233.57592401,0.04683081,2128.69812492,0.01998554,0.01998554,25028,76,0
7985.59350772,7985.59315165,241.27923808,241.28782769,0.03865204,2129.07952558,0.01998554,0.01998554,25027,76,0
7985.91152194,7985.91225027,248.97941584,248.96183438,0.05419021,2129.45803537,0.01998554,0.01998554,25026,76,0
7986.23083780,7986.23137439,256.68560125,256.67263893,0.04937176,2129.83733886,0.01998554,0.01998554,25025,76,0
7986.55035800,7986.55052401,264.39804715,264.39403394,0.03275061,2130.21613756,0.01998554,0.01998554,25024,76,0
7986.87024430,7986.86969913,272.11700767,272.13019723,0.05125856,2130.59463150,0.01998554,0.01998554,25023,76,0
7987.18817447,7987.18889975,279.84273128,279.82517004,0.04588637,2130.97008828,0.01998554,0.01998554,25022,76,0
7987.50826957,7987.50812587,287.57533054,287.57881283,0.04737696,2131.34737696,0.01998554,0.01998554,25021,76,0
7987.82742058,7987.82737751,295.31479286,295.31583748,0.04139455,2131.72282580,0.01998554,0.01998554,25020,76,0
7988.14598555,7988.14665465,303.06110090,303.04486051,0.04663083,2132.09685796,0.01998554,0.01998554,25019,76,0
7988.46576646,7988.46595731,310.81423723,310.80960120,0.05149014,2132.47158375,0.01998554,0.01998554,25018,76,0
7988.78470478,7988.78528549,318.57419510,318.56007755,0.05077031,2132.84458687,0.01998554,0.01998554,25017,76,0
7989.10522519,7989.10463919,326.34100070,326.35525815,0.03519273,2133.21869929,0.01998554,0.01998554,25016,76,0
7989.42340272,7989.42401841,334.11468666,334.09969459,0.05129721,2133.58934151,0.01998554,0.01998554,25015,76,0
7989.74394961,7989.74342316,341.89528576,341.90811504,0.04868123,2133.96200179,0.01998554,0.01998554,25014,76,0
7990.06216745,7990.06285344,349.68282290,349.66609212,0.04720244,2134.33121643,0.01998554,0.01998554,25013,76,0
7990.38269403,7990.38230926,357.47722774,357.48661953,0.03037461,2134.70236068,0.01998554,0.01998554,25012,76,0
7990.70159265,7990.70179061,365.27836725,365.27353169,0.04730874,2135.07086505,0.01998554,0.01998554,25011,76,0
7991.02087834,7991.02129749,373.08610659,373.07585990,0.05499295,2135.43905366,0.01998554,0.01998554,25010,76,0
7991.34089664,7991.34082993,380.90031103,380.90194319,0.05063020,2135.80731227,0.01998554,0.01998554,25009,76,0
7991.66026474,7991.66038790,388.72094019,388.71792475,0.05087012,2136.17404509,0.01998554,0.01998554,25008,76,0
7991.98047357,7991.97997143,396.54813763,396.56044076,0.04504807,2136.54096794,0.01998555,0.01998554,25007,76,0
7992.29978330,7992.29958050,404.38206874,404.38704143,0.03524935,2136.90609273,0.01998554,0.01998554,25006,76,0
7992.61943939,7992.61921513,412.22289974,412.22840322,0.04350824,2137.27085091,0.01998555,0.01998554,25005,76,0
7992.93902476,7992.93887532,420.07077735,420.07444754,0.04505028,2137.63476986,0.01998554,0.01998554,25004,76,0
7993.25908476,7993.25856107,427.92572334,427.93859603,0.04640612,2137.99846761,0.01998555,0.01998554,25003,76,0
7993.57836022,7993.57827239,435.78771170,435.78987237,0.04434956,2138.36051065,0.01998554,0.01998554,25002,76,0
7993.89782531,7993.89800927,443.65671616,443.65218698,0.05218807,2138.72200203,0.01998554,0.01998554,25001,76,0
7994.21838183,7994.21777172,451.53271093,451.54774456,0.04997219,2139.08395382,0.01998555,0.01998554,25000,76,0
7994.53782029,7994.53755974,459.41568596,459.42211118,0.05117457,2139.44386831,0.01998555,0.01998554,24999,76,0
7994.85749890,7994.85737334,467.30564785,467.30874668,0.03507795,2139.80327678,0.01998555,0.01998554,24998,76,0
7995.17742800,7995.17721252,475.20260400,475.20792648,0.04875839,2140.16218686,0.01998555,0.01998554,24997,76,0
7995.49720368,7995.49707728,483.10656182,483.10968653,0.04875049,2140.52014287,0.01998555,0.01998554,24996,76,0
7995.81753655,7995.81696762,491.01748294,491.03155813,0.04347001,2140.87793449,0.01998555,0.01998554,24995,76,0
7996.13747552,7996.13688356,498.93520059,498.94985687,0.04778059,2141.23448875,0.01998555,0.01998554,24994,76,0
7996.45644134,7996.45682508,506.85952476,506.85001671,0.04728685,2141.58915430,0.01998554,0.01998554,24993,76,0
7996.77667079,7996.77679220,514.79026443,514.78725395,0.05565821,2141.94440624,0.01998555,0.01998554,24992,76,0
7997.09640116,7997.09678492,522.72728681,522.71776467,0.04354075,2142.29827795,0.01998554,0.01998554,24991,76,0
7997.41669473,7997.41680324,530.67093101,530.66823656,0.04701792,2142.65195768,0.01998555,0.01998554,24990,76,0
7997.73608374,7997.73684716,538.62176403,538.60279023,0.04791797,2143.00384862,0.01998554,0.01998554,24989,76,0
7998.05654338,7998.05691669,546.58035736,546.57107064,0.04024880,2143.35614894,0.01998554,0.01998554,24988,76,0
7998.37733336,7998.37701183,554.54726643,554.55527303,0.04678858,2143.70806141,0.01998555,0.01998554,24987,76,0
7998.69754292,7998.69713258,562.52248785,562.53271544,0.04943469,2144.05858452,0.01998555,0.01998554,24986,76,0
7999.01724775,7999.01727894,570.50537800,570.50459991,0.04848958,2144.40777373,0.01998555,0.01998554,24985,76,0
7999.33796188,7999.33745093,578.49525492,578.50801031,0.04630235,2144.75724819,0.01998555,0.01998554,24984,76,0
7999.65763170,7999.65764854,586.49143357,586.49101298,0.04708368,2145.10473802,0.01998555,0.01998554,24983,76,0
7999.97832043,7999.97787177,594.49355950,594.50477508,0.03210616,2145.45246844,0.01998555,0.01998554,24982,76,0
8000.29860931,8000.29812064,602.50216026,602.51438559,0.04704980,2145.79891924,0.01998555,0.01998554,24981,76,0
8000.61878597,8000.61839513,610.51791068,610.52769687,0.04637442,2146.14443028,0.01998555,0.01998554,24980,76,0
8000.93891367,8000.93869526,618.54148926,618.54696320,0.04504999,2146.48909688,0.01998555,0.01998554,24979,76,0
8001.25937346,8001.25902102,626.57344943,626.58229070,0.04894247,2146.83334898,0.01998555,0.01998554,24978,76,0
8001.57931775,8001.57937243,634.61352807,634.61215528,0.05330975,2147.17626235,0.01998555,0.01998554,24977,76,0
8001.89947525,8001.89974948,642.66113932,642.65424807,0.04729359,2147.51859120,0.01998554,0.01998554,24976,76,0
8002.21995236,8002.22015218,650.71569329,650.71066839,0.04626681,2147.86041953,0.01998554,0.01998554,24975,76,0
8002.54051290,8002.54058052,658.77663636,658.77493456,0.04412673,2148.20146784,0.01998555,0.01998554,24974,76,0
8002.86103316,8002.86103452,666.84407659,666.84404224,0.04181679,2148.54160656,0.01998555,0.01998554,24973,76,0
8003.18188942,8003.18151418,674.91867478,674.92813334,0.04336473,2148.88125920,0.01998555,0.01998554,24972,76,0
8003.50192212,8003.50201949,683.00111210,682.99865533,0.04506034,2149.21922595,0.01998554,0.01998554,24971,76,0
8003.82244194,8003.82255047,691.09206673,691.08932592,0.04250363,2149.55691753,0.01998554,0.01998554,24970,76,0
8004.14360258,8004.14310711,699.19174344,699.20426871,0.04801324,2149.89449694,0.01998555,0.01998554,24969,76,0
8004.46411842,8004.46368942,707.29956440,707.31041880,0.04882318,2150.23058558,0.01998555,0.01998554,24968,76,0
8004.78484250,8004.78429740,715.41487567,715.42867873,0.04611737,2150.56604951,0.01998555,0.01998554,24967,76,0
8005.10542664,8005.10493106,723.53701969,723.54957798,0.04449238,2150.90049441,0.01998555,0.01998554,24966,76,0
8005.42525790,8005.42559039,731.66558391,731.65715221,0.04200070,2151.23326517,0.01998554,0.01998554,24965,76,0
8005.74638785,8005.74627541,739.80096254,739.80381633,0.04487548,2151.56650784,0.01998554,0.01998555,24964,76,0
8006.06658026,8006.06698611,747.94371627,747.93340746,0.04565040,2151.89792059,0.01998554,0.01998555,24963,76,0
8006.38696667,8006.38772249,756.09440897,756.07519260,0.04347713,2152.22869763,0.01998554,0.01998555,24962,76,0
8006.70915501,8006.70848457,764.25352448,764.27058648,0.04943230,2152.56050789,0.01998555,0.01998555,24961,76,0
8007.02987860,8007.02927233,772.42101386,772.43645686,0.04990141,2152.88998059,0.01998555,0.01998555,24960,76,0
8007.35027959,8007.35008580,780.59661554,780.60155633,0.04810961,2153.21828230,0.01998554,0.01998555,24959,76,0
8007.67099637,8007.67092496,788.78006594,788.78188815,0.04784872,2153.54605355,0.01998554,0.01998555,24958,76,0
8007.99172607,8007.99178983,796.97111715,796.96948879,0.04639372,2153.87297064,0.01998554,0.01998555,24957,76,0
8008.31268281,8008.31268040,805.16974533,805.16980686,0.04502521,2154.19924703,0.01998554,0.01998555,24956,76,0
8008.63384220,8008.63359668,813.37608494,813.38236595,0.05300732,2154.52485863,0.01998554,0.01998555,24955,76,0
8008.95446070,8008.95453867,821.59027452,821.58827814,0.04438378,2154.84905548,0.01998554,0.01998555,24954,76,0
8009.27564553,8009.27550638,829.81245108,829.81601728,0.04446177,2155.17295944,0.01998554,0.01998555,24953,76,0
8009.59727133,8009.59649980,838.04268241,838.06247316,0.04312840,2155.49643962,0.01998555,0.01998555,24952,76,0
8009.91806067,8009.91751895,846.28095536,846.29486384,0.04866614,2155.81820921,0.01998555,0.01998555,24951,76,0
8010.23914763,8010.23856381,854.52725209,854.54225462,0.04630337,2156.13940416,0.01998555,0.01998555,24950,76,0
8010.56092586,8010.55963441,862.78155571,862.81477207,0.03972525,2156.46041047,0.01998555,0.01998555,24949,76,0
8010.88086873,8010.88073074,871.04396039,871.04751280,0.04123915,2156.77871282,0.01998554,0.01998555,24948,76,0
8011.20180391,8011.20185280,879.31476698,879.31350724,0.05296695,2157.09713627,0.01998554,0.01998555,24947,76,0
8011.52299653,8011.52300059,887.59430038,887.59419577,0.03871546,2157.41495583,0.01998554,0.01998555,24946,76,0
8011.84443001,8011.84417413,895.88288718,895.88949438,0.04026913,2157.73216215,0.01998555,0.01998555,24945,76,0
8012.16564221,8012.16537340,904.18062817,904.18757585,0.04011108,2158.04829936,0.01998555,0.01998555,24944,76,0
8012.48674978,8012.48659843,912.48696481,912.49088028,0.04581310,2158.36345884,0.01998555,0.01998555,24943,76,0
8012.80799806,8012.80784920,920.80121633,920.80507053,0.04149678,2158.67785219,0.01998555,0.01998555,24942,76,0
8013.12891613,8013.12912572,929.12269794,929.11726724,0.04063630,2158.99099060,0.01998555,0.01998555,24941,76,0
8013.45000679,8013.45042800,937.45093402,937.44001215,0.04897181,2159.30334481,0.01998554,0.01998555,24940,76,0
8013.77196278,8013.77175604,945.78638864,945.79175392,0.04368635,2159.61559887,0.01998555,0.01998555,24939,76,0
8014.09284131,8014.09310983,954.12978893,954.12281396,0.04164868,2159.92589374,0.01998555,0.01998555,24938,76,0
8014.41440840,8014.41448939,962.48186632,962.47976043,0.04474475,2160.23596283,0.01998555,0.01998555,24937,76,0
8014.73548504,8014.73589472,970.84322719,970.83256395,0.03835332,2160.54468744,0.01998554,0.01998555,24936,76,0
8015.05731730,8015.05732582,979.21364415,979.21342204,0.05006496,2160.85325256,0.01998555,0.01998555,24935,76,0
8015.37873231,8015.37878270,987.59255496,987.59124115,0.04642223,2161.16050813,0.01998555,0.01998555,24934,76,0
8015.70003339,8015.70026534,995.97939314,995.97333931,0.04146425,2161.46672239,0.01998555,0.01998555,24933,76,0
8016.02155876,8016.02177377,1004.37365516,1004.36803900,0.04654418,2161.77219582,0.01998555,0.01998555,24932,76,0
8016.34301560,8016.34330799,1012.77544464,1012.76780120,0.04207053,2162.07665040,0.01998555,0.01998555,24931,76,0
8016.66492176,8016.66486798,1021.18519438,1021.18660155,0.03912040,2162.38058759,0.01998555,0.01998555,24930,76,0
8016.98546669,8016.98645377,1029.60334296,1029.57749191,0.04631318,2162.68231447,0.01998554,0.01998555,24929,76,0
8017.30780503,8017.30806535,1038.03030089,1038.02347672,0.04031843,2162.98481000,0.01998555,0.01998555,24928,76,0
8017.62943586,8017.62970272,1046.46609149,1046.45908896,0.04409930,2163.28571994,0.01998555,0.01998555,24927,76,0
8017.95131170,8017.95136590,1054.91046991,1054.90904644,0.04185947,2163.58592522,0.01998555,0.01998555,24926,76,0
8018.27300480,8018.27305487,1063.36318451,1063.36186822,0.04742591,2163.88501434,0.01998555,0.01998555,24925,76,0
8018.59448727,8018.59476965,1071.82399335,1071.81656381,0.04073285,2164.18295130,0.01998555,0.01998555,24924,76,0
8018.91635491,8018.91651023,1080.29284495,1080.28875485,0.05172716,2164.48028252,0.01998555,0.01998555,24923,76,0
8019.23806512,8019.23827663,1088.76984833,1088.76427345,0.04050660,2164.77650634,0.01998555,0.01998555,24922,76,0
8019.55971520,8019.56006884,1097.25511808,1097.24578872,0.03810168,2165.07171412,0.01998554,0.01998555,24921,76,0
8019.88187074,8019.88188687,1105.74877660,1105.74835081,0.04993575,2165.36642391,0.01998555,0.01998555,24920,76,0
8020.20390234,8020.20373072,1114.25110269,1114.25563891,0.04903179,2165.66006451,0.01998555,0.01998555,24919,76,0
8020.52623531,8020.52560039,1122.76252857,1122.77932681,0.04266348,2165.95303434,0.01998555,0.01998555,24918,76,0
8020.84736557,8020.84749588,1131.28349535,1131.28004385,0.04806333,2166.24398170,0.01998554,0.01998555,24917,76,0
8021.16896682,8021.16941721,1139.81442721,1139.80248540,0.03796732,2166.53443669,0.01998554,0.01998555,24916,76,0
8021.49105932,8021.49136437,1148.35522712,1148.34713040,0.04558758,2166.82440617,0.01998554,0.01998555,24915,76,0
8021.81277313,8021.81333736,1156.90522947,1156.89023931,0.03625013,2167.11308008,0.01998554,0.01998555,24914,76,0
8022.13506177,8022.13533620,1165.46373611,1165.45643882,0.04690347,2167.40128594,0.01998554,0.01998555,24913,76,0
8022.45726345,8022.45736087,1174.03006599,1174.02747327,0.04298488,2167.68840352,0.01998555,0.01998555,24912,76,0
8022.77932000,8022.77941139,1182.60418403,1182.60174974,0.04286279,2167.97437778,0.01998555,0.01998555,24911,76,0
8023.10150647,8023.10148776,1191.18680571,1191.18730456,0.04442707,2168.25947364,0.01998555,0.01998555,24910,76,0
8023.42358865,8023.42358998,1199.77869267,1199.77865723,0.03795495,2168.54350547,0.01998554,0.01998555,24909,76,0
8023.74583759,8023.74571805,1208.38059361,1208.38378754,0.04714131,2168.82673285,0.01998555,0.01998555,24908,76,0
8024.06731032,8024.06787198,1216.99270598,1216.97768310,0.04089580,2169.10833206,0.01998554,0.01998555,24907,76,0
8024.39013071,8024.39005177,1225.61457401,1225.61668747,0.04706878,2169.39014195,0.01998555,0.01998555,24906,76,0
8024.71189833,8024.71225743,1234.24570150,1234.23607740,0.04848355,2169.67004568,0.01998554,0.01998555,24905,76,0
8025.03383727,8025.03448895,1242.88560088,1242.86811960,0.04255445,2169.94909268,0.01998554,0.01998555,24904,76,0
8025.35660221,8025.35674634,1251.53413371,1251.53026364,0.04395207,2170.22783769,0.01998555,0.01998555,24903,76,0
8025.67904332,8025.67902961,1260.19156520,1260.19193371,0.04915250,2170.50529032,0.01998555,0.01998555,24902,76,0
8026.00089540,8026.00133875,1268.85818449,1268.84625725,0.03946606,2170.78123224,0.01998554,0.01998555,24901,76,0
8026.32351267,8026.32367377,1277.53427580,1277.52993749,0.04351270,2171.05682892,0.01998555,0.01998555,24900,76,0
8026.64649538,8026.64603467,1286.21994863,1286.23236830,0.04453643,2171.33173318,0.01998555,0.01998555,24899,76,0
8026.96842952,8026.96842146,1294.91512385,1294.91534141,0.03808769,2171.60473827,0.01998555,0.01998555,24898,76,0
8027.29067909,8027.29083413,1303.61971253,1303.61552448,0.04492322,2171.87699765,0.01998555,0.01998555,24897,76,0
8027.61359470,8027.61327270,1312.33362445,1312.34233086,0.04423929,2172.14879622,0.01998555,0.01998555,24896,76,0
8027.93584080,8027.93573716,1321.05675486,1321.05955968,0.05213269,2172.41900280,0.01998555,0.01998555,24895,76,0
8028.25820693,8028.25822752,1329.78898497,1329.78842706,0.04296254,2172.68827462,0.01998555,0.01998555,24894,76,0
8028.58055052,8028.58074379,1338.53019463,1338.52495398,0.04233196,2172.95648471,0.01998555,0.01998555,24893,76,0
8028.90353421,8028.90328595,1347.28028079,1347.28701880,0.04537538,2173.22417459,0.01998555,0.01998555,24892,76,0
8029.22522128,8029.22585403,1356.03943489,1356.02224465,0.05435482,2173.48974448,0.01998554,0.01998555,24891,76,0
8029.54829048,8029.54844801,1364.80809157,1364.80380731,0.04621508,2173.75541477,0.01998555,0.01998555,24890,76,0
8029.87059437,8029.87106791,1373.58669537,1373.57380327,0.04319252,2174.01942599,0.01998554,0.01998555,24889,76,0
8030.19391798,8030.19371372,1382.37565611,1382.38122330,0.04411080,2174.28324724,0.01998555,0.01998555,24888,76,0
8030.51629786,8030.51638545,1391.17492593,1391.17253614,0.04764627,2174.54527031,0.01998555,0.01998555,24887,76,0
8030.83897373,8030.83908311,1399.98414836,1399.98116097,0.05366962,2174.80649104,0.01998555,0.01998555,24886,76,0
8031.16175843,8031.16180669,1408.80295886,1408.80163946,0.04344281,2175.06674107,0.01998555,0.01998555,24885,76,0
8031.48384803,8031.48455620,1417.63101929,1417.61163972,0.04674325,2175.32536126,0.01998554,0.01998555,24884,76,0
8031.80758718,8031.80733165,1426.46824358,1426.47524303,0.04570161,2175.58422308,0.01998555,0.01998555,24883,76,0
8032.12988369,8032.13013303,1435.31467747,1435.30784099,0.04457259,2175.84085052,0.01998555,0.01998555,24882,76,0
8032.45339262,8032.45296034,1444.17036808,1444.18223199,0.04789863,2176.09735633,0.01998555,0.01998555,24881,76,0
8032.77516936,8032.77581360,1453.03543394,1453.01773517,0.04015475,2176.35140790,0.01998554,0.01998555,24880,76,0
8033.09859242,8033.09869281,1461.91043453,1461.90767362,0.05070404,2176.60568516,0.01998555,0.01998555,24879,76,0
8033.42094533,8033.42159796,1470.79610124,1470.77813184,0.04731970,2176.85806607,0.01998554,0.01998555,24878,76,0
8033.74407683,8033.74452906,1479.69317066,1479.68070336,0.04741851,2177.11001576,0.01998554,0.01998555,24877,76,0
8034.06719319,8034.06748612,1488.60208467,1488.59399921,0.04839356,2177.36091925,0.01998554,0.01998555,24876,76,0
8034.39012013,8034.39046913,1497.52202765,1497.51238401,0.04784731,2177.61061437,0.01998555,0.01998555,24875,76,0
8034.71334093,8034.71347811,1506.45184699,1506.44805276,0.04263878,2177.85943752,0.01998555,0.01998555,24874,76,0
8035.03729870,8035.03651305,1515.39038297,1515.41213125,0.04244506,2178.10768816,0.01998555,0.01998555,24873,76,0
8035.36002370,8035.35957395,1524.33699409,1524.34945448,0.04633439,2178.35383823,0.01998555,0.01998555,24872,76,0
8035.68261485,8035.68266083,1533.29248002,1533.29120487,0.04706546,2178.59875170,0.01998555,0.01998555,24871,76,0
8036.00630546,8036.00577368,1542.25789195,1542.27265556,0.04591870,2178.84338468,0.01998555,0.01998555,24870,76,0
8036.32908318,8036.32891250,1551.23428174,1551.23902586,0.04601268,2179.08623951,0.01998555,0.01998555,24869,76,0
8036.65253210,8036.65207730,1560.22215289,1560.23480905,0.04484267,2179.32851806,0.01998555,0.01998555,24868,76,0
8036.97536471,8036.97526809,1569.22103795,1569.22372983,0.04359335,2179.56923824,0.01998555,0.01998555,24867,76,0
8037.29937900,8037.29848486,1578.23036761,1578.25530380,0.04359230,2179.80971789,0.01998555,0.01998555,24866,76,0
8037.62157335,8037.62172762,1587.24958521,1587.24527853,0.04412809,2180.04771348,0.01998555,0.01998555,24865,76,0
8037.94444454,8037.94499637,1596.27858373,1596.26316302,0.04202532,2180.28506834,0.01998554,0.01998555,24864,76,0
8038.26822522,8038.26829112,1605.31775283,1605.31590930,0.04507558,2180.52195107,0.01998555,0.01998555,24863,76,0
8038.59176469,8038.59161186,1614.36751021,1614.37179014,0.04581502,2180.75752276,0.01998555,0.01998555,24862,76,0
8038.91511362,8038.91495861,1623.42824448,1623.43259070,0.04237497,2180.99182804,0.01998555,0.01998555,24861,76,0
8039.23864914,8039.23833136,1632.49996490,1632.50888484,0.04693776,2181.22513567,0.01998555,0.01998555,24860,76,0
8039.56164904,8039.56173012,1641.58242890,1641.58015069,0.04456574,2181.45691576,0.01998555,0.01998555,24859,76,0
8039.88493155,8039.88515488,1650.67538777,1650.66910556,0.04380641,2181.68774588,0.01998555,0.01998555,24858,76,0
8040.20829731,8040.20860567,1659.77865815,1659.76997496,0.05659136,2181.91747255,0.01998555,0.01998555,24857,76,0
8040.53231460,8040.53208247,1668.89245445,1668.89899834,0.05452980,2182.14649646,0.01998555,0.01998555,24856,76,0
8040.85538716,8040.85558528,1678.01713929,1678.01154783,0.05254536,2182.37369533,0.01998555,0.01998555,24855,76,0
8041.17887273,8041.17911413,1687.15307793,1687.14625737,0.04907590,2182.60003113,0.01998555,0.01998555,24854,76,0
8041.50266898,8041.50266899,1696.30047462,1696.30047413,0.04572443,2182.82542846,0.01998555,0.01998555,24853,76,0
8041.82644242,8041.82624989,1705.45904489,1705.46449711,0.04059066,2183.04964167,0.01998555,0.01998555,24852,76,0
8042.14931412,8042.14985682,1714.62841077,1714.61302508,0.04339667,2183.27205309,0.01998555,0.01998555,24851,76,0
8042.47337533,8042.47348979,1723.80819662,1723.80494827,0.04899551,2183.49408794,0.01998555,0.01998555,24850,76,0
8042.79722999,8042.79714879,1732.99830961,1733.00061637,0.05015590,2183.71477746,0.01998555,0.01998555,24849,76,0
8043.12132039,8043.12083384,1742.19908947,1742.21292725,0.04726795,2183.93442644,0.01998555,0.01998555,24848,76,0
8043.44462120,8043.44454493,1751.41091451,1751.41308608,0.04307275,2184.15234731,0.01998555,0.01998555,24847,76,0
8043.76857172,8043.76828207,1760.63414818,1760.64240494,0.04101497,2184.36951466,0.01998555,0.01998555,24846,76,0
8044.09209975,8044.09204526,1769.86889687,1769.87045189,0.05084615,2184.58520591,0.01998555,0.01998555,24845,76,0
8044.41563058,8044.41583451,1779.11506915,1779.10924242,0.04669617,2184.79969971,0.01998555,0.01998555,24844,76,0
8044.73991242,8044.73964981,1788.37256783,1788.38007981,0.04556233,2185.01348059,0.01998555,0.01998555,24843,76,0
8045.06379315,8045.06349118,1797.64129714,1797.64994470,0.04171756,2185.22577985,0.01998555,0.01998555,24842,76,0
8045.38741439,8045.38735861,1806.92117301,1806.92277230,0.05070848,2185.43668718,0.01998555,0.01998555,24841,76,0
8045.71102400,8045.71125210,1816.21211515,1816.20556830,0.04620635,2185.64635889,0.01998555,0.01998555,24840,76,0
8046.03503428,8046.03517167,1825.51404291,1825.51009546,0.04172361,2185.85505319,0.01998555,0.01998555,24839,76,0
8046.35916286,8046.35911731,1834.82696051,1834.82827083,0.04898296,2186.06258044,0.01998555,0.01998555,24838,76,0
8046.68332704,8046.68308902,1844.15107687,1844.15793089,0.04707397,2186.26888651,0.01998555,0.01998555,24837,76,0
8047.00702652,8047.00708682,1853.48663238,1853.48489395,0.04220642,2186.47365574,0.01998555,0.01998555,24836,76,0
8047.33114875,8047.33111070,1862.83386949,1862.83496782,0.05104004,2186.67744991,0.01998555,0.01998555,24835,76,0
8047.65490043,8047.65516066,1872.19304074,1872.18552006,0.04057299,2186.87977011,0.01998555,0.01998555,24834,76,0
8047.97878888,8047.97923672,1881.56440912,1881.55145092,0.04199912,2187.08093500,0.01998555,0.01998555,24833,76,0
8048.30289990,8048.30333887,1890.94823993,1890.93552236,0.04901222,2187.28099592,0.01998555,0.01998555,24832,76,0
8048.62708914,8048.62746711,1900.34471243,1900.33374825,0.04152143,2187.47986020,0.01998555,0.01998555,24831,76,0
8048.95153627,8048.95162145,1909.75338686,1909.75091320,0.05054404,2187.67762116,0.01998555,0.01998555,24830,76,0
8049.27588298,8049.27580189,1919.17355312,1919.17591064,0.04515245,2187.87403917,0.01998555,0.01998555,24829,76,0
8049.59941527,8049.60000844,1928.60449585,1928.58723220,0.03699885,2188.06866742,0.01998555,0.01998555,24828,76,0
8049.92360269,8049.92424110,1938.04592605,1938.02732610,0.04974938,2188.26238012,0.01998555,0.01998555,24827,76,0
8050.24819515,8050.24849986,1947.49863330,1947.48974507,0.04192969,2188.45503272,0.01998555,0.01998555,24826,76,0
8050.57263934,8050.57278474,1956.96357939,1956.95933274,0.05148445,2188.64630954,0.01998555,0.01998555,24825,76,0
8050.89785832,8050.89709574,1966.44168885,1966.46399047,0.03786435,2188.83676397,0.01998555,0.01998555,24824,76,0
8051.22145973,8051.22143286,1975.93296398,1975.93375078,0.05278252,2189.02499398,0.01998555,0.01998555,24823,76,0
8051.54539346,8051.54579611,1985.43652729,1985.42472326,0.04219644,2189.21211818,0.01998555,0.01998555,24822,76,0
8051.87000212,8051.87018548,1994.95145991,1994.94607879,0.05276572,2189.39830489,0.01998555,0.01998555,24821,76,0
8052.19452011,8052.19460098,2004.47700903,2004.47463326,0.03966852,2189.58309168,0.01998555,0.01998555,24820,76,0
8052.51866847,8052.51904261,2014.01335428,2014.00235094,0.04925671,2189.76632116,0.01998555,0.01998555,24819,76,0
8052.84340518,8052.84351038,2023.56099294,2023.55789559,0.04028920,2189.94853803,0.01998555,0.01998555,24818,76,0
8053.16764604,8053.16800430,2033.12042657,2033.10986631,0.04868976,2190.12913760,0.01998555,0.01998555,24817,76,0
8053.49259892,8053.49252435,2042.69217818,2042.69437911,0.04875750,2190.30879565,0.01998555,0.01998555,24816,76,0
8053.81738821,8053.81707055,2052.27680519,2052.28619252,0.04262268,2190.48702935,0.01998555,0.01998555,24815,76,0
8054.14136418,8054.14164290,2061.87487229,2061.86662460,0.04818043,2190.66349252,0.01998555,0.01998555,24814,76,0
8054.46634637,8054.46624140,2071.48688963,2071.49000028,0.04088126,2190.83917808,0.01998555,0.01998555,24813,76,0
8054.79072661,8054.79086606,2081.11277681,2081.10863913,0.04793011,2191.01320622,0.01998555,0.01998555,24812,76,0
8055.11582469,8055.11551687,2090.75210798,2090.76125352,0.04667031,2191.18627016,0.01998555,0.01998555,24811,76,0
8055.44056155,8055.44019385,2100.40444974,2100.41538800,0.04089985,2191.35777930,0.01998555,0.01998555,24810,76,0
8055.76466416,8055.76489699,2110.06945839,2110.06252391,0.04577408,2191.52758362,0.01998555,0.01998555,24809,76,0
8056.08949669,8056.08962630,2119.74703759,2119.74317260,0.04799127,2191.69638966,0.01998555,0.01998555,24808,76,0
8056.41436295,8056.41438178,2129.43713171,2129.43656959,0.03656764,2191.86382394,0.01998555,0.01998555,24807,76,0
8056.73881607,8056.73916344,2139.13970057,2139.12931700,0.04768925,2192.02965202,0.01998555,0.01998555,24806,76,0
8057.06433034,8057.06397127,2148.85496246,2148.86570936,0.05009501,2192.19462109,0.01998555,0.01998555,24805,76,0
8057.38814260,8057.38880529,2158.58334726,2158.56348785,0.04468542,2192.35733613,0.01998555,0.01998555,24804,76,0
8057.71302661,8057.71366549,2168.32529427,2168.30612285,0.03921801,2192.51919608,0.01998555,0.01998555,24803,76,0
8058.03846468,8058.03855187,2178.08111645,2178.07849642,0.04692375,2192.67993128,0.01998555,0.01998555,24802,76,0
8058.36265474,8058.36346445,2187.85067173,2187.82630942,0.04845963,2192.83864730,0.01998555,0.01998555,24801,76,0
8058.69658847,nan,0.00000000,2197.88077651,0.07950682,2193.00066621,0.01998557,0.01998555,24800,76,1
8059.01299117,8059.01336818,2207.43000247,2207.41863014,0.03852388,2193.15277405,0.01998555,0.01998555,24799,76,0
8059.33854756,8059.33835935,2217.23926188,2217.24494620,0.04940704,2193.30786698,0.01998555,0.01998555,24798,76,0
8059.66323062,8059.66337672,2227.06120420,2227.05678662,0.04720332,2193.46109569,0.01998555,0.01998555,24797,76,0
8059.98828479,8059.98842029,2236.89553614,2236.89143411,0.04583507,2193.61304032,0.01998555,0.01998555,24796,76,0
8060.31357527,8060.31349008,2246.74212954,2246.74471157,0.04641178,2193.76362592,0.01998555,0.01998555,24795,76,0
8060.63882092,8060.63858608,2256.60149319,2256.60861988,0.04834332,2193.91272288,0.01998555,0.01998555,24794,76,0
8060.96357001,8060.96370829,2266.47429184,2266.47008992,0.03818621,2194.06013155,0.01998555,0.01998555,24793,76,0
8061.28947324,8061.28885672,2276.36117613,2276.37993564,0.05134930,2194.20659991,0.01998555,0.01998555,24792,76,0
8061.61437187,8061.61403137,2286.26240908,2286.27278401,0.04270936,2194.35115381,0.01998555,0.01998555,24791,76,0
8061.93905207,8061.93923225,2296.17789108,2296.17239352,0.04646651,2194.49414294,0.01998555,0.01998555,24790,76,0
8062.26438631,8062.26445936,2306.10750780,2306.10527601,0.04299130,2194.63594011,0.01998555,0.01998555,24789,76,0
8062.58977217,8062.58971270,2316.05109292,2316.05291216,0.04562196,2194.77626875,0.01998555,0.01998555,24788,76,0
8062.91477971,8062.91499227,2326.00830700,2326.00179602,0.04830272,2194.91493424,0.01998555,0.01998555,24787,76,0
8063.24027192,8063.24029808,2335.97877159,2335.97796932,0.04414184,2195.05229227,0.01998555,0.01998555,24786,76,0
8063.56559989,8063.56563014,2345.96215476,2345.96122601,0.04535274,2195.18805586,0.01998555,0.01998555,24785,76,0
8063.89153468,8063.89098843,2355.95885698,2355.97565150,0.04658669,2195.32254276,0.01998555,0.01998555,24784,76,0
8064.21616322,8064.21637298,2365.96984345,2365.96338552,0.04562069,2195.45497476,0.01998555,0.01998555,24783,76,0
8064.54190133,8064.54178377,2375.99610030,2375.99972508,0.04701053,2195.58634462,0.01998555,0.01998555,24782,76,0
8064.86689820,8064.86722082,2386.03816702,2386.02820462,0.04611157,2195.71590278,0.01998555,0.01998555,24781,76,0
8065.19194846,8065.19268413,2396.09546861,2396.07271970,0.04527690,2195.84395581,0.01998555,0.01998555,24780,76,0
8065.51808899,8065.51817369,2406.16725611,2406.16463331,0.05465084,2195.97088724,0.01998555,0.01998555,24779,76,0
8065.84444856,8065.84368952,2416.25284371,2416.27637639,0.05167366,2196.09633299,0.01998555,0.01998555,24778,76,0
8066.16907797,8066.16923162,2426.35215692,2426.34738722,0.04057141,2196.21954705,0.01998555,0.01998555,24777,76,0
8066.49510406,8066.49479998,2436.46544323,2436.47489516,0.05239780,2196.34171485,0.01998555,0.01998555,24776,76,0
8066.82041174,8066.82039462,2446.59295817,2446.59349107,0.04569217,2196.46203505,0.01998555,0.01998555,24775,76,0
8067.14555195,8067.14601553,2456.73513862,2456.72068918,0.04567035,2196.58071592,0.01998555,0.01998555,24774,76,0
8067.47154552,8067.47166273,2466.89269806,2466.88903948,0.04234194,2196.69812601,0.01998555,0.01998555,24773,76,0
8067.79718102,8067.79733620,2477.06637896,2477.06152745,0.04341547,2196.81382613,0.01998555,0.01998555,24772,76,0
8068.12289568,8068.12303596,2487.25664114,2487.25224893,0.05308587,2196.92797072,0.01998555,0.01998555,24771,76,0
8068.44857521,8068.44876201,2497.46261551,2497.45675844,0.04850915,2197.04050161,0.01998555,0.01998555,24770,76,0
8068.77459938,8068.77451435,2507.68304126,2507.68571064,0.04631952,2197.15152627,0.01998555,0.01998555,24769,76,0
8069.10022742,8069.10029299,2517.91672181,2517.91466079,0.04250719,2197.26077294,0.01998555,0.01998555,24768,76,0
8069.42554667,8069.42609793,2528.16366550,2528.14631677,0.04599572,2197.36826975,0.01998555,0.01998555,24767,76,0
8069.75142500,8069.75192916,2538.42486258,2538.40897442,0.05177180,2197.47430511,0.01998555,0.01998555,24766,76,0
8070.07759104,8070.07778671,2548.70133732,2548.69516225,0.03991459,2197.57878747,0.01998555,0.01998555,24765,76,0
8070.40397442,8070.40367056,2558.99370422,2559.00330814,0.04097608,2197.68168887,0.01998555,0.01998555,24764,76,0
8070.72986218,8070.72958072,2569.30171751,2569.31062597,0.05199769,2197.78277618,0.01998555,0.01998555,24763,76,0
8071.05586950,8071.05551719,2579.62502201,2579.63618820,0.04328185,2197.88223181,0.01998555,0.01998555,24762,76,0
8071.38130572,8071.38147998,2589.96333629,2589.95780565,0.04512931,2197.97983817,0.01998555,0.01998555,24761,76,0
8071.70736081,8071.70746910,2600.31680609,2600.31336438,0.05180771,2198.07594553,0.01998555,0.01998555,24760,76,0
8072.03365851,8072.03348453,2610.68572733,2610.69126462,0.04681845,2198.17043128,0.01998555,0.01998555,24759,76,0
8072.35916196,8072.35952630,2621.07039972,2621.05878704,0.05073745,2198.26299428,0.01998555,0.01998555,24758,76,0
8072.68572061,8072.68559439,2631.47114421,2631.47517330,0.04922468,2198.35415315,0.01998555,0.01998555,24757,76,0
8073.01154376,8073.01168882,2641.88830002,2641.88366268,0.04544584,2198.44340019,0.01998555,0.01998555,24756,76,0
8073.33763452,8073.33780958,2652.32220791,2652.31660277,0.05282641,2198.53100824,0.01998555,0.01998555,24755,76,0
8073.66374063,8073.66395668,2662.77300529,2662.76607686,0.04311209,2198.61689983,0.01998555,0.01998555,24754,76,0
8073.99001271,8073.99013013,2673.24044598,2673.23667505,0.04833696,2198.70110254,0.01998555,0.01998555,24753,76,0
8074.31597409,8074.31632992,2683.72423937,2683.71279469,0.04699381,2198.78348367,0.01998555,0.01998555,24752,76,0
8074.64201056,8074.64255607,2694.22419486,2694.20662418,0.05132069,2198.86413274,0.01998555,0.01998555,24751,76,0
8074.96901717,8074.96880856,2704.74056041,2704.74728981,0.03834948,2198.94325618,0.01998555,0.01998555,24750,76,0
8075.29519412,8075.29508741,2715.27370398,2715.27715133,0.05045089,2199.02041153,0.01998555,0.01998555,24749,76,0
8075.62118596,8075.62139262,2725.82393777,2725.81725093,0.04119929,2199.09575300,0.01998555,0.01998555,24748,76,0
8075.94756889,8075.94772419,2736.39098104,2736.38594857,0.04853615,2199.16940126,0.01998555,0.01998555,24747,76,0
8076.27417130,8076.27408213,2746.97420483,2746.97709853,0.04435301,2199.24129959,0.01998555,0.01998555,24746,76,0
8076.60043731,8076.60046643,2757.57299383,2757.57204730,0.04841577,2199.31131414,0.01998555,0.01998555,24745,76,0
8076.92704852,8076.92687711,2768.18742234,2768.19300024,0.05139081,2199.37958345,0.01998555,0.01998555,24744,76,0
8077.25380424,8077.25331416,2778.81835332,2778.83432580,0.04449645,2199.44605862,0.01998555,0.01998555,24743,76,0
8077.57964640,8077.57977759,2789.46669835,2789.46241569,0.04911782,2199.51052764,0.01998555,0.01998555,24742,76,0
8077.90650225,8077.90626740,2800.13304291,2800.14072124,0.04855002,2199.57336520,0.01998555,0.01998555,24741,76,0
8078.23245114,8078.23278360,2810.81726136,2810.80637399,0.05190543,2199.63419099,0.01998555,0.01998555,24740,76,0
8078.55949934,8078.55932618,2821.51913426,2821.52481360,0.04534255,2199.69336710,0.01998555,0.01998555,24739,76,0
8078.88576192,8078.88589516,2832.23847121,2832.23409433,0.04937200,2199.75053949,0.01998555,0.01998555,24738,76,0
8079.21269220,8079.21249053,2842.97520752,2842.98184270,0.05350693,2199.80595422,0.01998555,0.01998555,24737,76,0
8079.53888282,8079.53911229,2853.72931024,2853.72174908,0.04047028,2199.85936399,0.01998555,0.01998555,24736,76,0
8079.86675230,8079.86576046,2864.50072455,2864.53345583,0.04628238,2199.91114712,0.01998555,0.01998555,24735,76,0
8080.19215651,8080.19243503,2875.28923160,2875.28002645,0.04956939,2199.96064575,0.01998555,0.01998555,24734,76,0
8080.51895077,8080.51913601,2886.09453484,2886.08840385,0.05010346,2200.00844534,0.01998555,0.01998555,24733,76,0
8080.84614855,8080.84586339,2896.91637884,2896.92583056,0.04948955,2200.05437581,0.01998555,0.01998555,24732,76,0
8081.17268762,8081.17261719,2907.75516739,2907.75750537,0.04092105,2200.09828303,0.01998555,0.01998555,24731,76,0
8081.49971921,8081.49939741,2918.61181521,2918.62251487,0.04561134,2200.14031766,0.01998555,0.01998555,24730,76,0
8081.82597511,8081.82620405,2929.48723730,2929.47961234,0.04652363,2200.18031289,0.01998555,0.01998555,24729,76,0
8082.15286724,8082.15303711,2940.38165640,2940.37598948,0.04801953,2200.21843367,0.01998555,0.01998555,24728,76,0
8082.47964698,8082.47989659,2951.29445726,2951.28611694,0.04611747,2200.25457576,0.01998555,0.01998555,24727,76,0
8082.80661039,8082.80678251,2962.22497411,2962.21921453,0.04743073,2200.28875928,0.01998555,0.01998555,24726,76,0
8083.13392225,8083.13369486,2973.17303161,2973.18065273,0.04972617,2200.32098650,0.01998555,0.01998555,24725,76,0
8083.46053508,8083.46063364,2984.13935093,2984.13604219,0.04635219,2200.35114987,0.01998555,0.01998555,24724,76,0
8083.78747007,8083.78759886,2995.12475421,2995.12042333,0.04708081,2200.37933926,0.01998555,0.01998555,24723,76,0
8084.11465638,8084.11459053,3006.12980156,3006.13201988,0.05102200,2200.40553413,0.01998555,0.01998555,24722,76,0
8084.44185444,8084.44160864,3017.15434114,3017.16263475,0.04592097,2200.42970177,0.01998555,0.01998555,24721,76,0
8084.76906230,8084.76865320,3028.19810162,3028.21192763,0.04733695,2200.45183060,0.01998555,0.01998555,24720,76,0
8085.09507321,8085.09572421,3039.26093457,3039.23889720,0.04826772,2200.47183933,0.01998555,0.01998555,24719,76,0
8085.42315277,8085.42282167,3050.34316724,3050.35439464,0.04505964,2200.48991016,0.01998555,0.01998555,24718,76,0
8085.74970475,8085.74994560,3061.44524325,3061.43706233,0.04523618,2200.50582981,0.01998555,0.01998555,24717,76,0
8086.07718153,8086.07709598,3072.56740664,3072.57031745,0.04464082,2200.51971284,0.01998555,0.01998555,24716,76,0
8086.40400698,8086.40427283,3083.70884408,3083.69978378,0.04504684,2200.53147791,0.01998555,0.01998555,24715,76,0
8086.73167363,8086.73147615,3094.86839034,3094.87513049,0.05159401,2200.54116532,0.01998555,0.01998555,24714,76,0
8087.05840054,8087.05870594,3106.04513534,3106.03469653,0.04956354,2200.54871279,0.01998555,0.01998555,24713,76,0
8087.38598676,8087.38596220,3117.23998462,3117.24082561,0.04274753,2200.55415346,0.01998555,0.01998555,24712,76,0
8087.71269740,8087.71324494,3128.45461517,3128.43583666,0.04717747,2200.55744893,0.01998555,0.01998555,24711,76,0
8088.04029455,8088.04055416,3139.69054016,3139.68161995,0.04589504,2200.55860581,0.01998555,0.01998555,24710,76,0
8088.36755599,8088.36788987,3150.94770924,3150.93621724,0.05175541,2200.55760241,0.01998555,0.01998555,24709,76,0
8088.69517478,8088.69525206,3162.22526671,3162.22260211,0.04734367,2200.55442473,0.01998555,0.01998555,24708,76,0
8089.02229008,8089.02264074,3173.52242979,3173.51031950,0.04611853,2200.54907154,0.01998555,0.01998555,24707,76,0
8089.35031314,8089.35005592,3184.83932441,3184.84822288,0.05206952,2200.54150450,0.01998555,0.01998555,24706,76,0
8089.67734861,8089.67749759,3196.17662013,3196.17145732,0.04514569,2200.53175635,0.01998555,0.01998555,24705,76,0
8090.00504509,8090.00496576,3207.53494156,3207.53769559,0.04547745,2200.51976896,0.01998555,0.01998555,24704,76,0
8090.33240917,8090.33246044,3218.91422036,3218.91243728,0.04656906,2200.50556345,0.01998555,0.01998555,24703,76,0
8090.65992978,8090.65998162,3230.31392905,3230.31212300,0.04337440,2200.48910930,0.01998555,0.01998555,24702,76,0
8090.98753706,8090.98752931,3241.73358243,3241.73385282,0.05213235,2200.47039667,0.01998555,0.01998555,24701,76,0
8091.31543184,8091.31510352,3253.17341189,3253.18488760,0.04125178,2200.44939838,0.01998555,0.01998555,24700,76,0
8091.64301400,8091.64270424,3264.63415209,3264.64499824,0.05515681,2200.42613998,0.01998555,0.01998555,24699,76,0
8091.96970941,8091.97033148,3276.11651750,3276.09469602,0.04762631,2200.40066113,0.01998555,0.01998555,24698,76,0
8092.29736464,8092.29798524,3287.62073218,3287.59892260,0.04997440,2200.37280407,0.01998555,0.01998555,24697,76,0
8092.29736464,8092.29798524,3287.62073218,3287.59892260,0.04997440,2200.37280407,0.01998555,0.01998555,24697,76,0
8092.62587229,8092.62566553,3299.14667236,3299.15395131,0.04842185,2200.34254645,0.01998555,0.01998555,24696,76,0
8092.95385002,8092.95337235,3310.69420791,3310.71105475,0.05193998,2200.30999994,0.01998555,0.01998555,24695,76,0
8093.28106365,8093.28110570,3322.26323925,3322.26175341,0.04634250,2200.27518940,0.01998555,0.01998555,24694,76,0
8093.60827296,8093.60886559,3333.85368740,3333.83271195,0.04897062,2200.23803005,0.01998555,0.01998555,24693,76,0
8093.93658728,8093.93665201,3345.46551910,3345.46322398,0.04080700,2200.19837169,0.01998555,0.01998555,24692,76,0
8094.26442600,8094.26446498,3357.09922573,3357.09784110,0.05106225,2200.15638410,0.01998555,0.01998555,24691,76,0
8094.59250451,8094.59230449,3368.75563609,3368.76275480,0.05009454,2200.11196217,0.01998555,0.01998555,24690,76,0
8094.91995642,8094.92017055,3380.43549867,3380.42786322,0.04556840,2200.06521109,0.01998555,0.01998555,24689,76,0
8095.24755170,8095.24806316,3392.13865513,3392.12038296,0.04650218,2200.01601319,0.01998555,0.01998555,24688,76,0
8095.57602482,8095.57598233,3403.86443212,3403.86595311,0.05202469,2199.96423608,0.01998555,0.01998555,24687,76,0
8095.90396222,8095.90392805,3415.61222648,3415.61345175,0.04998596,2199.91008823,0.01998555,0.01998555,24686,76,0
8096.23239892,8096.23190034,3427.38208801,3427.39999688,0.03943618,2199.85338583,0.01998555,0.01998555,24685,76,0
8096.56032496,8096.55989918,3439.17437948,3439.18970130,0.04164608,2199.79428842,0.01998555,0.01998555,24684,76,0
8096.88848487,8096.88792460,3450.98947949,3451.00967870,0.04644043,2199.73264962,0.01998555,0.01998555,24683,76,0
8097.21490291,8097.21597659,3462.82783238,3462.78904971,0.05040656,2199.66884181,0.01998555,0.01998555,24682,76,0
8097.54422441,8097.54405515,3474.68991083,3474.69603630,0.04912191,2199.60192693,0.01998555,0.01998555,24681,76,0
8097.87276633,8097.87216029,3486.57605771,3486.59803363,0.04775669,2199.53261245,0.01998555,0.01998555,24680,76,0
8098.20032429,8098.20029201,3498.48599621,3498.48716873,0.04406882,2199.46094932,0.01998555,0.01998555,24679,76,0
8098.52861969,8098.52845032,3510.41926625,3510.42543090,0.03889963,2199.38655239,0.01998555,0.01998555,24678,76,0
8098.85660610,8098.85663521,3522.37539928,3522.37433792,0.03691840,2199.30964278,0.01998555,0.01998555,24677,76,0
8099.18465176,8099.18484669,3534.35391211,3534.34679164,0.05574882,2199.23012654,0.01998555,0.01998555,24676,76,0
8099.51311890,8099.51308477,3546.35431721,3546.35556633,0.04205493,2199.14790002,0.01998555,0.01998555,24675,76,0
8099.84157733,8099.84134944,3558.37697577,3558.38533027,0.04663729,2199.06305008,0.01998555,0.01998555,24674,76,0
8100.16981933,8100.16964071,3570.42421039,3570.43077194,0.04189674,2198.97560245,0.01998555,0.01998555,24673,76,0
8100.49800248,8100.49795859,3582.49860996,3582.50022614,0.04747154,2198.88548391,0.01998555,0.01998555,24672,76,0
8100.82608686,8100.82630307,3594.60076193,3594.59278463,0.04984598,2198.79268619,0.01998555,0.01998555,24671,76,0
8101.15404199,8101.15467416,3606.72812095,3606.70475245,0.04294356,2198.69722399,0.01998555,0.01998555,24670,76,0
8101.48343145,8101.48307186,3618.87797183,3618.89128678,0.04647242,2198.59863281,0.01998555,0.01998555,24669,76,0
8101.81141247,8101.81149618,3631.05062762,3631.04752162,0.05036685,2198.49774675,0.01998555,0.01998555,24668,76,0
8102.14029644,8102.13994712,3643.24950661,3643.26249516,0.04440192,2198.39381751,0.01998555,0.01998555,24667,76,0
8102.46814051,8102.46842469,3655.47786446,3655.46727282,0.03897758,2198.28741593,0.01998555,0.01998555,24666,76,0
8102.79663752,8102.79692888,3667.73509665,3667.72421400,0.04893833,2198.17798468,0.01998555,0.01998555,24665,76,0
8103.12502995,8103.12545969,3680.01811031,3680.00202843,0.04793890,2198.06577962,0.01998555,0.01998555,24664,76,0
8103.45380471,8103.45401714,3692.32434881,3692.31638486,0.04762855,2197.95063893,0.01998555,0.01998555,24663,76,0
8103.78280236,8103.78260123,3704.65492017,3704.66247568,0.05144731,2197.83258542,0.01998555,0.01998555,24662,76,0
8104.11134764,8104.11121195,3717.01232082,3717.01742880,0.04682981,2197.71182439,0.01998555,0.01998555,24661,76,0
8104.43921558,8104.43984932,3729.39819548,3729.37428470,0.04392793,2197.58841996,0.01998555,0.01998555,24660,76,0
8104.76884695,8104.76851333,3741.81138285,3741.82399601,0.05064498,2197.46143306,0.01998555,0.01998555,24659,76,0
8105.09696305,8105.09720399,3754.25015570,3754.24102900,0.04017045,2197.33212437,0.01998555,0.01998555,24658,76,0
8105.42607748,8105.42592131,3766.71369054,3766.71961763,0.04949885,2197.19950278,0.01998555,0.01998555,24657,76,0
8105.75439245,8105.75466527,3779.20271492,3779.19233977,0.04613976,2197.06426643,0.01998555,0.01998555,24656,76,0
8106.08352018,8106.08343590,3791.71809943,3791.72131109,0.04937694,2196.92572508,0.01998555,0.01998555,24655,76,0
8106.41209548,8106.41223319,3804.26042164,3804.25516298,0.04460555,2196.78442647,0.01998555,0.01998555,24654,76,0
8106.74097432,8106.74105714,3816.82999583,3816.82682658,0.05447976,2196.63998500,0.01998555,0.01998555,24653,76,0
8107.07028253,8107.06990776,3829.42709727,3829.44146842,0.03447000,2196.49231453,0.01998555,0.01998555,24652,76,0
8107.39846144,8107.39878505,3842.05176143,3842.03932602,0.04112620,2196.34210560,0.01998555,0.01998555,24651,76,0
8107.72799132,8107.72768902,3854.70391640,3854.71555734,0.04265016,2196.18820296,0.01998555,0.01998555,24650,76,0
8108.05687587,8108.05661966,3867.38388849,3867.39377579,0.04714759,2196.03150719,0.01998555,0.01998555,24649,76,0
8108.38566217,8108.38557699,3880.09326780,3880.09656260,0.04388324,2195.87172991,0.01998555,0.01998555,24648,76,0
8108.71464965,8108.71456100,3892.83387510,3892.83731255,0.04381813,2195.70868154,0.01998555,0.01998555,24647,76,0
8109.04361054,8109.04357169,3905.60583016,3905.60733980,0.04869835,2195.54245051,0.01998555,0.01998555,24646,76,0
8109.37218113,8109.37260908,3918.40684378,3918.39017740,0.04813678,2195.37323667,0.01998555,0.01998555,24645,76,0
8109.70201346,8109.70167316,3931.23474381,3931.24802321,0.04135605,2195.20018701,0.01998555,0.01998555,24644,76,0
8110.03073849,8110.03076394,3944.09094086,3944.08994528,0.04278436,2195.02450511,0.01998555,0.01998555,24643,76,0
8110.35986241,8110.35988142,3956.97910635,3956.97836103,0.04289538,2194.84532631,0.01998555,0.01998555,24642,76,0
8110.68873162,8110.68902560,3969.90150723,3969.88995140,0.04007144,2194.66295094,0.01998555,0.01998555,24641,76,0
8111.01831261,8111.01819649,3982.85460516,3982.85917887,0.04642529,2194.47686454,0.01998555,0.01998555,24640,76,0
8111.34755568,8111.34739409,3995.83345954,3995.83983577,0.04416924,2194.28770630,0.01998555,0.01998555,24639,76,0
8111.67612663,8111.67661841,4008.83727543,4008.81783044,0.04234383,2194.09567799,0.01998555,0.01998555,24638,76,0
8112.00608860,8112.00586944,4021.87152822,4021.88021544,0.04195179,2193.89946332,0.01998555,0.01998555,24637,76,0
8112.33521699,8112.33514719,4034.94166739,4034.94444196,0.04275318,2193.70027250,0.01998555,0.01998555,24636,76,0
8112.66475305,8112.66445166,4048.04701882,4048.05902745,0.03823391,2193.49734740,0.01998555,0.01998555,24635,76,0
8112.99399242,8112.99378286,4061.18330124,4061.19166867,0.04335654,2193.29116393,0.01998555,0.01998555,24634,76,0
8113.32308063,8113.32314079,4074.34747238,4074.34506496,0.04143941,2193.08166579,0.01998555,0.01998555,24633,76,0
8113.65286758,8113.65252546,4087.54067393,4087.55439261,0.04594721,2192.86826583,0.01998555,0.01998555,24632,76,0
nan,nan,0.00000000,-1.00000000,0.00000000,2194.38821179,nan,0.00000000,-2147483648,75,1
8082.15237107,8082.15303711,7.84292339,7.82742028,0.05056635,2194.75380877,0.01998555,0.01998555,24728,75,0
8082.47919730,8082.47989659,15.45396178,15.43767241,0.05238098,2195.16039414,0.01998555,0.01998555,24727,75,0
8082.80753018,8082.80678251,23.07136410,23.08879376,0.04963156,2195.56817359,0.01998555,0.01998555,24726,75,0
8083.13402573,8083.13369486,30.69523974,30.70295910,0.04189055,2195.97299852,0.01998555,0.01998555,24725,75,0
8083.46084458,8083.46063364,38.32569264,38.33061763,0.03796369,2196.37755569,0.01998555,0.01998555,24724,75,0
8083.78756028,8083.78759886,45.96264845,45.96174684,0.05571946,2196.78131023,0.01998555,0.01998555,24723,75,0
8084.11426067,8084.11459053,53.60582735,53.59811444,0.05488225,2197.18435394,0.01998555,0.01998555,24722,75,0
8084.44137014,8084.44160864,61.25493683,61.24935642,0.04119901,2197.58719147,0.01998555,0.01998555,24721,75,0
8084.76852821,8084.76865320,68.90968295,68.90675666,0.05150716,2197.98935981,0.01998555,0.01998555,24720,75,0
8085.09531669,8085.09572421,76.56986039,76.56031315,0.03100890,2198.39033316,0.01998555,0.01998555,24719,75,0
8085.42315885,8085.42282167,84.23568579,84.24359063,0.05277515,2198.79186494,0.01998555,0.01998555,24718,75,0
8085.74962859,8085.74994560,91.90750091,91.90006360,0.04889516,2199.19100050,0.01998555,0.01998555,24717,75,0
8086.07598391,8086.07709598,99.58564921,99.55953901,0.05320933,2199.58929830,0.01998555,0.01998555,24716,75,0
8086.40408642,8086.40427283,107.27046881,107.26608862,0.04279639,2199.98904030,0.01998555,0.01998555,24715,75,0
8086.73137035,8086.73147615,114.96210604,114.95961802,0.05189085,2200.38710271,0.01998555,0.01998555,24714,75,0
8087.05916932,8087.05870594,122.66049448,122.67140042,0.04064546,2200.78510254,0.01998555,0.01998555,24713,75,0
8087.38495709,8087.38596220,130.36555638,130.34188238,0.03829511,2201.17997078,0.01998555,0.01998555,24712,75,0
8087.71428312,8087.71324494,138.07721356,138.10168532,0.04995749,2201.57842221,0.01998555,0.01998555,24711,75,0
8088.03939392,8088.04055416,145.79537973,145.76801028,0.04483478,2201.97107125,0.01998555,0.01998555,24710,75,0
8088.36659236,8088.36788987,153.51993666,153.48930645,0.03528229,2202.36552860,0.01998555,0.01998555,24709,75,0
8088.69517097,8088.69525206,161.25075755,161.24884188,0.05056351,2202.76092117,0.01998555,0.01998555,24708,75,0
8089.02291594,8089.02264074,168.98771492,168.99422077,0.04714668,2203.15457432,0.01998555,0.01998555,24707,75,0
8089.34960968,8089.35005592,176.73069279,176.72013616,0.04565114,2203.54622493,0.01998555,0.01998555,24706,75,0
8089.67720222,8089.67749759,184.47980359,184.47281099,0.02901146,2203.93821473,0.01998555,0.01998555,24705,75,0
8090.00548298,8090.00496576,192.23536467,192.24761888,0.04601004,2204.33030013,0.01998555,0.01998555,24704,75,0
8090.33227224,8090.33246044,199.99770212,199.99323957,0.05101430,2204.71989440,0.01998555,0.01998555,24703,75,0
8090.66003188,8090.65998162,207.76714351,207.76833634,0.04647716,2205.10994816,0.01998555,0.01998555,24702,75,0
8090.98781072,8090.98752931,215.54386765,215.55055174,0.04576758,2205.49933253,0.01998555,0.01998555,24701,75,0
8091.31537748,8091.31510352,223.32761913,223.33413150,0.03651613,2205.88775791,0.01998555,0.01998555,24700,75,0
8091.64295670,8091.64270424,231.11806302,231.12406883,0.04743053,2206.27547190,0.01998555,0.01998555,24699,75,0
8091.96970707,8091.97033148,238.91486265,238.89999773,0.05093227,2206.66146238,0.01998555,0.01998555,24698,75,0
8092.29849952,8092.29798524,246.71771284,246.72996430,0.04603878,2207.04909912,0.01998555,0.01998555,24697,75,0
8092.62530976,8092.62566553,254.52666001,254.51817850,0.03419692,2207.43363741,0.01998555,0.01998555,24696,75,0
8092.95414417,8092.95337235,262.34196414,262.36037772,0.04877982,2207.81980176,0.01998555,0.01998555,24695,75,0
8093.28098307,8093.28110570,270.16388945,270.16096152,0.04736862,2208.20288215,0.01998555,0.01998555,24694,75,0
8093.60830968,8093.60886559,277.99270037,277.97941664,0.04889475,2208.58580463,0.01998555,0.01998555,24693,75,0
8093.93709550,8093.93665201,285.82856507,285.83917122,0.04786685,2208.96970482,0.01998555,0.01998555,24692,75,0
8094.26416594,8094.26446498,293.67148259,293.66432526,0.04309616,2209.35087414,0.01998555,0.01998555,24691,75,0
8094.59274630,8094.59230449,301.52143491,301.53201820,0.05142717,2209.73306848,0.01998555,0.01998555,24690,75,0
8094.92025012,8094.92017055,309.37840389,309.38031154,0.03511805,2210.11327439,0.01998555,0.01998555,24689,75,0
8095.24768355,8095.24806316,317.24237773,317.23326980,0.04977313,2210.49266057,0.01998555,0.01998555,24688,75,0
8095.57641610,8095.57598233,325.11337889,325.12379486,0.05193540,2210.87280809,0.01998555,0.01998555,24687,75,0
8095.90408663,8095.90392805,332.99144131,332.99525232,0.05187385,2211.25098470,0.01998555,0.01998555,24686,75,0
8096.23204792,8096.23190034,340.87659908,340.88014885,0.04806138,2211.62875326,0.01998555,0.01998555,24685,75,0
8096.55959639,8096.55989918,348.76888200,348.76159327,0.04641304,2212.00530249,0.01998555,0.01998555,24684,75,0
8096.88885365,8096.88792460,356.66823281,356.69061457,0.04510108,2212.38306149,0.01998555,0.01998555,24683,75,0
8097.21558909,8097.21597659,364.57451480,364.56517215,0.04073659,2212.75717015,0.01998555,0.01998555,24682,75,0
8097.54484510,8097.54405515,372.48758764,372.50664798,0.04661214,2213.13339261,0.01998555,0.01998555,24681,75,0
8097.87320564,8097.87216029,380.40731061,380.43255229,0.03389355,2213.50781062,0.01998555,0.01998555,24680,75,0
8098.20033481,8098.20029201,388.33362792,388.33466219,0.05110933,2213.88004365,0.01998555,0.01998555,24679,75,0
8098.52888361,8098.52845032,396.26668275,396.27716149,0.04971937,2214.25311174,0.01998555,0.01998555,24678,75,0
8098.85681952,8098.85663521,404.20664725,404.21110820,0.04261255,2214.62470958,0.01998555,0.01998555,24677,75,0
8099.18480324,8099.18484669,412.15369447,412.15264192,0.04563140,2214.99559328,0.01998555,0.01998555,24676,75,0
8099.51287365,8099.51308477,420.10797765,420.10285956,0.04840214,2215.36581076,0.01998555,0.01998555,24675,75,0
8099.84212785,8099.84134944,428.06952031,428.08840738,0.04895641,2215.73659391,0.01998555,0.01998555,24674,75,0
8100.16970664,8100.16964071,436.03829537,436.03989625,0.04869771,2216.10472060,0.01998555,0.01998555,24673,75,0
8100.49760145,8100.49795859,444.01427546,444.00559579,0.05410599,2216.47242955,0.01998555,0.01998555,24672,75,0
8100.82625889,8100.82630307,451.99743396,451.99635935,0.04401445,2216.84021378,0.01998555,0.01998555,24671,75,0
8101.15436169,8101.15467416,459.98776176,459.98015520,0.05078047,2217.20659531,0.01998555,0.01998555,24670,75,0
8101.48324298,8101.48307186,467.98526593,467.98943476,0.04555699,2217.57305956,0.01998555,0.01998555,24669,75,0
8101.81163721,8101.81149618,475.98995421,475.99339271,0.04887887,2217.93819292,0.01998555,0.01998555,24668,75,0
8102.13994083,8102.13994712,484.00183391,484.00168036,0.04627967,2218.30243584,0.01998555,0.01998555,24667,75,0
8102.46875072,8102.46842469,492.02085063,492.02881309,0.04955524,2218.66644380,0.01998555,0.01998555,24666,75,0
8102.79639416,8102.79692888,500.04682292,500.03375373,0.04438500,2219.02835654,0.01998555,0.01998555,24665,75,0
8103.12547863,8103.12545969,508.07955282,508.08001590,0.04920804,2219.39104166,0.01998555,0.01998555,24664,75,0
8103.45348651,8103.45401714,516.11884123,516.10585283,0.04352459,2219.75171163,0.01998555,0.01998555,24663,75,0
8103.78253059,8103.78260123,524.16459916,524.16286883,0.04830826,2220.11268326,0.01998555,0.01998555,24662,75,0
8104.11125340,8104.11121195,532.21726190,532.21827798,0.04977197,2220.47248160,0.01998555,0.01998555,24661,75,0
8104.43958968,8104.43984932,540.27742186,540.27105113,0.04717612,2220.83106154,0.01998555,0.01998555,24660,75,0
8104.76915308,8104.76851333,548.34567472,548.36138717,0.05080851,2221.19020589,0.01998555,0.01998555,24659,75,0
8105.09726796,8105.09720399,556.42255199,556.42412455,0.04826044,2221.54701996,0.01998555,0.01998555,24658,75,0
8105.42530407,8105.42592131,564.50783132,564.49264266,0.04529227,2221.90298540,0.01998555,0.01998555,24657,75,0
8105.75484871,8105.75466527,572.60081290,572.60533042,0.04746119,2222.25978556,0.01998555,0.01998555,24656,75,0
8106.08316794,8106.08343590,580.70078569,580.69418155,0.04259929,2222.61442529,0.01998555,0.01998555,24655,75,0
8106.41175880,8106.41223319,588.80705273,588.79535320,0.04545026,2222.96849218,0.01998555,0.01998555,24654,75,0
8106.74058571,8106.74105714,596.91952414,596.90788919,0.05170271,2223.32193954,0.01998555,0.01998555,24653,75,0
8107.07021028,8107.06990776,605.03885491,605.04632712,0.04962200,2223.67539303,0.01998555,0.01998555,24652,75,0
8107.39909970,8107.39878505,613.16574887,613.17352775,0.05465876,2224.02723665,0.01998555,0.01998555,24651,75,0
8107.72814914,8107.72768902,621.30091222,621.31229863,0.05027397,2224.37845768,0.01998555,0.01998555,24650,75,0
8108.05693748,8108.05661966,629.44469102,629.45256325,0.05460686,2224.72861857,0.01998555,0.01998555,24649,75,0
8108.38565097,8108.38557699,637.59659384,637.59842793,0.04647084,2225.07789448,0.01998555,0.01998555,24648,75,0
8108.71424655,8108.71456100,645.75600865,645.74820664,0.04773116,2225.42621111,0.01998555,0.01998555,24647,75,0
8109.04335953,8109.04357169,653.92231995,653.91705193,0.04620269,2225.77421130,0.01998555,0.01998555,24646,75,0
8109.37251209,8109.37260908,662.09511007,662.09270001,0.04425385,2226.12136721,0.01998555,0.01998555,24645,75,0
8109.70204323,8109.70167316,670.27484154,670.28404430,0.05248659,2226.46805176,0.01998555,0.01998555,24644,75,0
8110.03118029,8110.03076394,678.46222133,678.47258418,0.04844693,2226.81347926,0.01998555,0.01998555,24643,75,0
8110.35951401,8110.35988142,686.65796037,686.64880653,0.04428318,2227.15725154,0.01998555,0.01998555,24642,75,0
8110.68846305,8110.68902560,694.86266861,694.84863854,0.04470651,2227.50087680,0.01998555,0.01998555,24641,75,0
8111.01858783,8111.01819649,703.07609590,703.08586497,0.04729576,2227.84491995,0.01998555,0.01998555,24640,75,0
8111.34833884,8111.34739409,711.29756627,711.32117049,0.05009554,2228.18773148,0.01998555,0.01998555,24639,75,0
8111.67692375,8111.67661841,719.52639698,719.53403169,0.04449815,2228.52846214,0.01998555,0.01998555,24638,75,0
8112.00631510,8112.00586944,727.76194301,727.77309432,0.04620933,2228.86912934,0.01998555,0.01998555,24637,75,0
8112.33542227,8112.33514719,736.00422751,736.01111579,0.04482221,2229.20860135,0.01998555,0.01998555,24636,75,0
8112.66435842,8112.66445166,744.25381725,744.25148028,0.05243493,2229.54701736,0.01998555,0.01998555,24635,75,0
8112.99415406,8112.99378286,752.51129778,752.52060933,0.04852030,2229.88545589,0.01998555,0.01998555,24634,75,0
8113.32246924,8113.32314079,760.77724792,760.76038556,0.04418825,2230.22153843,0.01998555,0.01998555,24633,75,0
8113.65314991,8113.65252546,769.05188399,769.06757850,0.04050369,2230.55920398,0.01998555,0.01998555,24632,75,0
8113.98215932,8113.98193686,777.33496292,777.34055944,0.04969178,2230.89431459,0.01998555,0.01998555,24631,75,0
8114.31111447,8114.31137500,785.62621090,785.61965100,0.04083255,2231.22850950,0.01998555,0.01998555,24630,75,0
8114.64048466,8114.64083988,793.92535372,793.91640201,0.04068393,2231.56224988,0.01998555,0.01998555,24629,75,0
8114.97107824,8114.97033151,802.23225082,802.25108509,0.05067177,2231.89633944,0.01998555,0.01998555,24628,75,0
8115.30037870,8115.29984988,810.54701696,810.56036639,0.04318033,2232.22823682,0.01998555,0.01998555,24627,75,0
8115.62926478,8115.62939501,818.86979608,818.86650542,0.04081979,2232.55883717,0.01998555,0.01998555,24626,75,0
8115.95958985,8115.95896690,827.20073287,827.21648690,0.04382919,2232.89000194,0.01998555,0.01998555,24625,75,0
8116.28837189,8116.28856555,835.53993418,835.53503223,0.04822954,2233.21874290,0.01998555,0.01998555,24624,75,0
8116.61757816,8116.61819095,843.88739998,843.87187451,0.04246941,2233.54702823,0.01998555,0.01998555,24623,75,0
8116.94766001,8116.94784313,852.24311174,852.23846811,0.05450504,2233.87529876,0.01998555,0.01998555,24622,75,0
8117.27780677,8117.27752207,860.60705078,860.61427693,0.04344794,2234.20274044,0.01998555,0.01998555,24621,75,0
8117.60649471,8117.60722778,868.97925805,868.96063452,0.04511075,2234.52784595,0.01998555,0.01998555,24620,75,0
8117.93698960,8117.93696027,877.36001127,877.36075717,0.04591514,2234.85385153,0.01998555,0.01998555,24619,75,0
8118.26672370,8118.26671954,885.74964826,885.74975403,0.04883601,2235.17822967,0.01998555,0.01998555,24618,75,0
8118.59343456,8118.59650559,0.00000000,894.08291320,0.05520329,2235.49926577,0.01998554,0.01998555,24617,75,1
8118.92594094,8118.92631843,902.55680709,902.54717852,0.04618845,2235.82414578,0.01998555,0.01998555,24616,75,0
8119.25628381,8119.25615805,910.97406951,910.97728036,0.04369300,2236.14650544,0.01998555,0.01998555,24615,75,0
8119.58588499,8119.58602446,919.39958822,919.39602411,0.04237733,2236.46722660,0.01998555,0.01998555,24614,75,0
8119.91609589,8119.91591768,927.83265094,927.83720842,0.03819935,2236.78759446,0.01998555,0.01998555,24613,75,0
8120.24594743,8120.24583768,936.27267381,936.27548243,0.05274445,2237.10664268,0.01998555,0.01998555,24612,75,0
8120.57497505,8120.57578449,944.72000627,944.69927405,0.04580019,2237.42393746,0.01998555,0.01998555,24611,75,0
8120.90558437,8120.90575811,953.17540322,953.17094917,0.05638177,2237.74182071,0.01998555,0.01998555,24610,75,0
8121.23622943,8121.23575853,961.63962566,961.65171002,0.04408399,2238.05882435,0.01998555,0.01998555,24609,75,0
8121.56557740,8121.56578577,970.11334598,970.10799310,0.04272661,2238.37369711,0.01998555,0.01998555,24608,75,0
8121.89533990,8121.89583982,978.59641466,978.58355952,0.04995390,2238.68806956,0.01998555,0.01998555,24607,75,0
8122.22622860,8122.22592068,987.08824943,987.09617474,0.04137516,2239.00258849,0.01998555,0.01998555,24606,75,0
8122.55556499,8122.55602837,995.58826070,995.57632406,0.04391020,2239.31468451,0.01998555,0.01998555,24605,75,0
8122.88649797,8122.88616288,1004.09591307,1004.10455188,0.05259713,2239.62731852,0.01998555,0.01998555,24604,75,0
8123.21649281,8123.21632422,1012.61128312,1012.61563308,0.04476722,2239.93809275,0.01998555,0.01998555,24603,75,0
8123.54657115,8123.54651240,1021.13481957,1021.13633700,0.05188433,2240.24798628,0.01998555,0.01998555,24602,75,0
8123.87712212,8123.87672740,1029.66697900,1029.67718276,0.03882515,2240.55737522,0.01998555,0.01998555,24601,75,0
8124.20746508,8124.20696924,1038.20818696,1038.22101723,0.04889367,2240.86563318,0.01998555,0.01998555,24600,75,0
8124.53761310,8124.53723793,1046.75846130,1046.76817883,0.04077079,2241.17277098,0.01998555,0.01998555,24599,75,0
8124.86716415,8124.86753346,1055.31754649,1055.30797214,0.04401378,2241.47840517,0.01998555,0.01998555,24598,75,0
8125.19771853,8125.19785583,1063.88518045,1063.88161756,0.03870012,2241.78400524,0.01998555,0.01998555,24597,75,0
8125.52853782,8125.52820506,1072.46111580,1072.46975814,0.04505680,2242.08887066,0.01998555,0.01998555,24596,75,0
8125.85893008,8125.85858114,1081.04531781,1081.05438860,0.05149331,2242.39235988,0.01998555,0.01998555,24595,75,0
8126.18855168,8126.18898407,1089.63790205,1089.62665196,0.04627036,2242.69416325,0.01998555,0.01998555,24594,75,0
8126.51952055,8126.51941387,1098.23898789,1098.24176610,0.05008068,2242.99621814,0.01998555,0.01998555,24593,75,0
8126.84962420,8126.84987053,1106.84870942,1106.84228858,0.03967881,2243.29650439,0.01998555,0.01998555,24592,75,0
8127.18021380,8127.18035406,1115.46738710,1115.46372750,0.04324621,2243.59626037,0.01998555,0.01998555,24591,75,0
8127.51103141,8127.51086446,1124.09547499,1124.09983562,0.03937736,2243.89526104,0.01998555,0.01998555,24590,75,0
8127.84119481,8127.84140173,1132.73343281,1132.72802232,0.04821327,2244.19272281,0.01998555,0.01998555,24589,75,0
8128.17136344,8128.17196588,1141.38167023,1141.36590061,0.04192162,2244.48925248,0.01998555,0.01998555,24588,75,0
8128.50291701,8128.50255690,1150.03993205,1150.04936806,0.05582753,2244.78607022,0.01998555,0.01998555,24587,75,0
8128.83296463,8128.83317482,1158.70750384,1158.70199094,0.04155864,2245.08056013,0.01998555,0.01998555,24586,75,0
8129.16413157,8129.16381961,1167.38365778,1167.39184690,0.04403766,2245.37503779,0.01998555,0.01998555,24585,75,0
8129.49395337,8129.49449130,1176.06773903,1176.05360592,0.05327594,2245.66728732,0.01998555,0.01998555,24584,75,0
8129.82509346,8129.82518988,1184.75996905,1184.75743328,0.04442591,2245.95967302,0.01998555,0.01998555,24583,75,0
8130.15583479,8130.15591536,1193.46112832,1193.45900754,0.04503033,2246.25069720,0.01998555,0.01998555,24582,75,0
8130.48652209,8130.48666774,1202.17201111,1202.16817319,0.04793248,2246.54068793,0.01998555,0.01998555,24581,75,0
8130.81717450,8130.81744702,1210.89333481,1210.88614546,0.04007494,2246.82968204,0.01998555,0.01998555,24580,75,0
8131.14713939,8131.14825321,1219.62503189,1219.59561670,0.04620727,2247.11710573,0.01998555,0.01998555,24579,75,0
8131.47896011,8131.47908631,1228.36659283,1228.36325681,0.04803108,2247.40514816,0.01998555,0.01998555,24578,75,0
8131.80986631,8131.80994632,1237.11749997,1237.11538279,0.05201319,2247.69137911,0.01998555,0.01998555,24577,75,0
8132.14066943,8132.14083324,1245.87729805,1245.87295945,0.04206847,2247.97648649,0.01998555,0.01998555,24576,75,0
8132.47138528,8132.47174709,1254.64604310,1254.63645124,0.04646499,2248.26048287,0.01998555,0.01998555,24575,75,0
8132.80271506,8132.80268786,1263.42403353,1263.42475556,0.04242221,2248.54397382,0.01998555,0.01998555,24574,75,0
8133.13363540,8133.13365555,1272.21157107,1272.21103574,0.04567876,2248.82608853,0.01998555,0.01998555,24573,75,0
8133.46443793,8133.46465017,1281.00891695,1281.00327294,0.04883073,2249.10708241,0.01998555,0.01998555,24572,75,0
8133.79532629,8133.79567173,1289.81607612,1289.80688074,0.04005651,2249.38712459,0.01998555,0.01998555,24571,75,0
8134.12588829,8134.12672022,1298.63295648,1298.61078834,0.04918765,2249.66586031,0.01998555,0.01998555,24570,75,0
8134.45684896,8134.45779565,1307.45946517,1307.43421361,0.04330674,2249.94389356,0.01998555,0.01998555,24569,75,0
8134.78843479,8134.78889803,1316.29550430,1316.28313602,0.04967698,2250.22140266,0.01998555,0.01998555,24568,75,0
8135.11989944,8135.12002735,1325.14095563,1325.13753723,0.04646394,2250.49775285,0.01998555,0.01998555,24567,75,0
8135.45089924,8135.45118362,1333.99569452,1333.98808714,0.05167423,2250.77265256,0.01998555,0.01998555,24566,75,0
8135.78177749,8135.78236684,1342.85959548,1342.84381462,0.03698018,2251.04638196,0.01998555,0.01998555,24565,75,0
8136.11339005,8136.11357701,1351.73265159,1351.72764033,0.04774522,2251.31964200,0.01998555,0.01998555,24564,75,0
8136.44468001,8136.44481415,1360.61524330,1360.61164434,0.04371212,2251.59156752,0.01998555,0.01998555,24563,75,0
8136.77555672,8136.77607825,1369.50783202,1369.49382438,0.04308968,2251.86209760,0.01998555,0.01998555,24562,75,0
8137.10744816,8137.10736931,1378.41088104,1378.41300115,0.04876116,2252.13240667,0.01998555,0.01998555,24561,75,0
8137.43843804,8137.43868734,1387.32461831,1387.31790747,0.04690806,2252.40093587,0.01998555,0.01998555,24560,75,0
8137.77038949,8137.77003235,1396.24873983,1396.25836384,0.04604084,2252.66918271,0.01998555,0.01998555,24559,75,0
8138.10118541,8138.10140433,1405.18286715,1405.17696200,0.04551615,2252.93542164,0.01998555,0.01998555,24558,75,0
8138.43307283,8138.43280328,1414.12662219,1414.13390006,0.05294948,2253.20144595,0.01998555,0.01998555,24557,75,0
8138.76422330,8138.76422923,1423.07978824,1423.07962811,0.05221491,2253.46577783,0.01998555,0.01998555,24556,75,0
8139.09540413,8139.09568215,1432.04239374,1432.03487224,0.04981300,2253.72903009,0.01998555,0.01998555,24555,75,0
8139.42755622,8139.42716207,1441.01448763,1441.02516138,0.04924949,2253.99194305,0.01998555,0.01998555,24554,75,0
8139.75848508,8139.75866897,1449.99613450,1449.99114982,0.05133889,2254.25277874,0.01998555,0.01998555,24553,75,0
8140.09081374,8140.09020287,1458.98774141,1459.00431785,0.05068777,2254.51361143,0.01998555,0.01998555,24552,75,0
8140.42163314,8140.42176377,1467.99005441,1467.98650544,0.05038912,2254.77217554,0.01998555,0.01998555,24551,75,0
8140.75292518,8140.75335168,1477.00383874,1476.99223783,0.04976496,2255.03004236,0.01998555,0.01998555,24550,75,0
8141.08516283,8141.08496658,1486.02975915,1486.03510408,0.04788819,2255.28758710,0.01998555,0.01998555,24549,75,0
8141.41695782,8141.41660850,1495.06733636,1495.07686100,0.04812384,2255.54371231,0.01998555,0.01998555,24548,75,0
8141.74825320,8141.74827742,1504.11538279,1504.11472158,0.05057494,2255.79834020,0.01998555,0.01998555,24547,75,0
8142.08015716,8142.07997337,1513.17269239,1513.17771333,0.04747690,2256.05228370,0.01998555,0.01998555,24546,75,0
8142.41190589,8142.41169633,1522.23831362,1522.24404317,0.04484147,2256.30492563,0.01998555,0.01998555,24545,75,0
8142.74355923,8142.74344631,1531.31279722,1531.31588745,0.04268286,2256.55632460,0.01998555,0.01998555,24544,75,0
8143.07523392,8143.07522332,1540.39723526,1540.39752583,0.04139663,2256.80659570,0.01998555,0.01998555,24543,75,0
8143.40677780,8143.40702735,1549.49272777,1549.48588281,0.04158085,2257.05565036,0.01998555,0.01998555,24542,75,0
8143.73876990,8143.73885842,1558.60001359,1558.59758279,0.04370475,2257.30393722,0.01998555,0.01998555,24541,75,0
8144.07075876,8144.07071652,1567.71871562,1567.71987689,0.05290684,2257.55110103,0.01998555,0.01998555,24540,75,0
8144.40264355,8144.40260166,1576.84824182,1576.84939482,0.05118319,2257.79704634,0.01998555,0.01998555,24539,75,0
8144.73485717,8144.73451384,1585.98800167,1585.99746075,0.05171987,2258.04207226,0.01998555,0.01998555,24538,75,0
8145.06667333,8145.06645306,1595.13777449,1595.14384911,0.04776527,2258.28563315,0.01998555,0.01998555,24537,75,0
8145.39864998,8145.39841934,1604.29793812,1604.30430581,0.04539125,2258.52814544,0.01998555,0.01998555,24536,75,0
8145.73045424,8145.73041266,1613.46892707,1613.47007628,0.04038928,2258.76937286,0.01998555,0.01998555,24535,75,0
8146.06231283,8146.06243304,1622.65115782,1622.64783146,0.04457421,2259.00948697,0.01998555,0.01998555,24534,75,0
8146.39412539,8146.39448048,1631.84468777,1631.83485082,0.04811495,2259.24841165,0.01998555,0.01998555,24533,75,0
8146.72627379,8146.72655498,1641.04926942,1641.04147104,0.05004819,2259.48640898,0.01998555,0.01998555,24532,75,0
8147.05895362,8147.05865654,1650.26464390,1650.27289177,0.04305836,2259.72360300,0.01998555,0.01998555,24531,75,0
8147.39083460,8147.39078517,1659.49061060,1659.49198430,0.03935930,2259.95903681,0.01998555,0.01998555,24530,75,0
8147.72267481,8147.72294088,1668.72737555,1668.71997255,0.04712355,2260.19325324,0.01998555,0.01998555,24529,75,0
8148.05462971,8148.05512365,1677.97531589,1677.96155655,0.05274178,2260.42636634,0.01998555,0.01998555,24528,75,0
8148.38678704,8148.38733351,1687.23481181,1687.21957125,0.04690464,2260.65844056,0.01998555,0.01998555,24527,75,0
8148.71937444,8148.71957044,1696.50607250,1696.50059963,0.03969735,2260.88963165,0.01998555,0.01998555,24526,75,0
8149.05229582,8149.05183446,1705.78879938,1705.80169586,0.04714021,2261.11985608,0.01998555,0.01998555,24525,75,0
8149.38461335,8149.38412557,1715.08259887,1715.09624885,0.04768530,2261.34845199,0.01998555,0.01998555,24524,75,0
8149.71650225,8149.71644377,1724.38708283,1724.38872102,0.03817128,2261.57553119,0.01998555,0.01998555,24523,75,0
8150.04898520,8150.04878906,1733.70218790,1733.70768816,0.05238239,2261.80178624,0.01998555,0.01998555,24522,75,0
8150.38098390,8150.38116146,1743.02827695,1743.02329202,0.04307236,2262.02648675,0.01998555,0.01998555,24521,75,0
8150.71425875,8150.71356095,1752.36574404,1752.38535762,0.03968580,2262.25082433,0.01998555,0.01998555,24520,75,0
8151.04609502,8151.04598754,1761.71495620,1761.71798078,0.05087548,2262.47297614,0.01998555,0.01998555,24519,75,0
8151.37868879,8151.37844125,1771.07598541,1771.08295964,0.04503188,2262.69441252,0.01998555,0.01998555,24518,75,0
8151.71106536,8151.71092206,1780.44873316,1780.45277509,0.03623686,2262.91447395,0.01998555,0.01998555,24517,75,0
8152.04294789,8152.04342999,1789.83309817,1789.81948394,0.04791197,2263.13297351,0.01998555,0.01998555,24516,75,0
8152.37568695,8152.37596504,1799.22898200,1799.22112001,0.04541293,2263.35079085,0.01998555,0.01998555,24515,75,0
8152.70876138,8152.70852721,1808.63629868,1808.64292662,0.05241679,2263.56757093,0.01998555,0.01998555,24514,75,0
8153.04100108,8153.04111650,1818.05496448,1818.05169408,0.04668465,2263.78254799,0.01998555,0.01998555,24513,75,0
8153.37366810,8153.37373292,1827.48489808,1827.48305941,0.04121613,2263.99653402,0.01998555,0.01998555,24512,75,0
8153.70642548,8153.70637647,1836.92615181,1836.92754354,0.04969505,2264.20930541,0.01998555,0.01998555,24511,75,0
8154.03886532,8154.03904716,1846.37896146,1846.37379156,0.04209652,2264.42060281,0.01998555,0.01998555,24510,75,0
8154.37184143,8154.37174498,1855.84357771,1855.84632318,0.05120002,2264.63096797,0.01998555,0.01998555,24509,75,0
8154.70454538,8154.70446994,1865.32025429,1865.32240431,0.04230662,2264.83988887,0.01998555,0.01998555,24508,75,0
8155.03670819,8155.03722205,1874.80925804,1874.79459543,0.04871128,2265.04720160,0.01998555,0.01998555,24507,75,0
8155.37001448,8155.37000130,1884.31086362,1884.31123992,0.04484679,2265.25395447,0.01998555,0.01998555,24506,75,0
8155.70284807,8155.70280771,1893.82534749,1893.82650208,0.05272465,2265.45914130,0.01998555,0.01998555,24505,75,0
8156.03549643,8156.03564127,1903.35275178,1903.34860310,0.03950981,2265.66293809,0.01998555,0.01998555,24504,75,0
8156.36871432,8156.36850199,1912.89245485,1912.89854389,0.05093353,2265.86578593,0.01998555,0.01998555,24503,75,0
8156.70133990,8156.70138986,1922.44371451,1922.44228012,0.03980475,2266.06695650,0.01998555,0.01998555,24502,75,0
8157.03383460,8157.03430491,1932.00582222,1931.99230677,0.04780527,2266.26671319,0.01998555,0.01998555,24501,75,0
8157.36698049,8157.36724712,1941.57891596,1941.57124527,0.05296760,2266.46552063,0.01998555,0.01998555,24500,75,0
8157.69984418,8157.70021650,1951.16395889,1951.15323459,0.04408357,2266.66283437,0.01998555,0.01998555,24499,75,0
8158.03334145,8158.03321305,1960.76195519,1960.76565850,0.04733420,2266.85921015,0.01998555,0.01998555,24498,75,0
8158.36576981,8158.36623678,1970.37365909,1970.36017241,0.03951928,2267.05365731,0.01998555,0.01998555,24497,75,0
8158.69884308,8158.69928770,1979.99853134,1979.98567447,0.04886442,2267.24716368,0.01998555,0.01998555,24496,75,0
8159.03199528,8159.03236579,1989.63561974,1989.62489361,0.05007656,2267.43937117,0.01998555,0.01998555,24495,75,0
8159.36496527,8159.36547108,1999.28397504,1999.26931677,0.03791297,2267.63010542,0.01998555,0.01998555,24494,75,0
8159.69873737,8159.69860355,2008.94320731,2008.94708941,0.04931288,2267.81991362,0.01998555,0.01998555,24493,75,0
8160.03201228,8160.03176322,2018.61376476,2018.62099815,0.04665803,2268.00805873,0.01998555,0.01998555,24492,75,0
8160.36526475,8160.36495009,2028.29616722,2028.30531684,0.04294527,2268.19481677,0.01998555,0.01998555,24491,75,0
8160.69851154,8160.69816415,2037.99094295,2038.00105626,0.04795318,2268.38020192,0.01998555,0.01998555,24490,75,0
8161.03099048,8161.03140542,2047.69865783,2047.68656224,0.04822219,2268.56379988,0.01998555,0.01998555,24489,75,0
8161.36483375,8161.36467390,2057.41989747,2057.42456326,0.04127593,2268.74678935,0.01998555,0.01998555,24488,75,0
8161.69802521,8161.69796959,2067.15524931,2067.15687511,0.04993400,2268.92806545,0.01998555,0.01998555,24487,75,0
8162.03140684,8162.03129249,2076.90497488,2076.90832183,0.04498166,2269.10808728,0.01998555,0.01998555,24486,75,0
8162.36470023,8162.36464262,2086.66870009,2086.67038865,0.04595313,2269.28669031,0.01998555,0.01998555,24485,75,0
8162.69831934,8162.69801996,2096.44597514,2096.45476097,0.05121337,2269.46408022,0.01998555,0.01998555,24484,75,0
8163.03175219,8163.03142452,2106.23637237,2106.24600036,0.03904435,2269.63996989,0.01998555,0.01998555,24483,75,0
8163.36478076,8163.36485631,2116.03970236,2116.03747961,0.04764753,2269.81423856,0.01998555,0.01998555,24482,75,0
8163.69808448,8163.69831534,2125.85590605,2125.84910591,0.04492220,2269.98723551,0.01998555,0.01998555,24481,75,0
8164.03168207,8164.03180160,2135.68492608,2135.68140121,0.04775299,2270.15895981,0.01998555,0.01998555,24480,75,0
8164.36537442,8164.36531509,2145.52685598,2145.52860802,0.04983206,2270.32930206,0.01998555,0.01998555,24479,75,0
8164.69869388,8164.69885583,2155.38210839,2155.37732032,0.04256609,2270.49802631,0.01998555,0.01998555,24478,75,0
8165.03240226,8165.03242381,2165.25113943,2165.25050151,0.04620242,2270.66551950,0.01998555,0.01998555,24477,75,0
8165.36628386,8165.36601903,2175.13436230,2175.14221364,0.04731678,2270.83167015,0.01998555,0.01998555,24476,75,0
8165.69948482,8165.69964151,2185.03176103,2185.02710940,0.04919418,2270.99604963,0.01998555,0.01998555,24475,75,0
8166.03331620,8166.03329124,2194.94308447,2194.94382636,0.04624754,2271.15929421,0.01998555,0.01998555,24474,75,0
8166.36637733,8166.36696823,2204.86807689,2204.85048961,0.04379356,2271.32070915,0.01998555,0.01998555,24473,75,0
8166.70042325,8166.70067248,2214.80646695,2214.79903978,0.04284078,2271.48113278,0.01998555,0.01998555,24472,75,0
8167.03484064,8167.03440400,2224.75795534,2224.77098349,0.04653318,2271.64025043,0.01998555,0.01998555,24471,75,0
8167.36828622,8167.36816278,2234.72223733,2234.72592479,0.04851704,2271.79741598,0.01998555,0.01998555,24470,75,0
8167.70163258,8167.70194883,2244.69909009,2244.68963174,0.04761235,2271.95303839,0.01998555,0.01998555,24469,75,0
8168.03535692,8168.03576216,2254.68891698,2254.67678218,0.04814402,2272.10733881,0.01998555,0.01998555,24468,75,0
8168.36932874,8168.36960276,2264.69240753,2264.68419110,0.04645507,2272.26025700,0.01998555,0.01998555,24467,75,0
8168.70361724,8168.70347065,2274.71025205,2274.71465379,0.04556226,2272.41182473,0.01998555,0.01998555,24466,75,0
8169.03684951,8169.03736582,2284.74282867,2284.72730461,0.04718154,2272.56142320,0.01998555,0.01998555,24465,75,0
8169.37129808,8169.37128827,2294.79005575,2294.79035093,0.04670369,2272.71006327,0.01998555,0.01998555,24464,75,0
8169.70484327,8169.70523802,2304.85181444,2304.83991266,0.04675887,2272.85679200,0.01998555,0.01998555,24463,75,0
8170.03952966,8170.03921506,2314.92794838,2314.93744614,0.04772725,2273.00249794,0.01998555,0.01998555,24462,75,0
8170.37333049,8170.37321940,2325.01812151,2325.02147969,0.04555687,2273.14628529,0.01998555,0.01998555,24461,75,0
8170.70634702,8170.70725104,2335.12194018,2335.09457815,0.04698120,2273.28819697,0.01998555,0.01998555,24460,75,0
8171.04103256,8171.04130999,2345.23904121,2345.23063417,0.04448940,2273.42926070,0.01998555,0.01998555,24459,75,0
8171.37520989,8171.37539624,2355.36975774,2355.36410320,0.04972743,2273.56854885,0.01998555,0.01998555,24458,75,0
8171.70977969,8171.70950980,2365.51508332,2365.52328426,0.05002202,2273.70644452,0.01998555,0.01998555,24457,75,0
8172.04310276,8172.04365068,2375.67604476,2375.65937029,0.04659683,2273.84228462,0.01998555,0.01998555,24456,75,0
8172.37784573,8172.37781888,2385.85324162,2385.85406013,0.04250829,2273.97715495,0.01998555,0.01998555,24455,75,0
8172.71161205,8172.71201439,2396.04609740,2396.03381753,0.04180162,2274.11007146,0.01998555,0.01998555,24454,75,0
8173.04625633,8173.04623723,2406.25383249,2406.25441614,0.05199353,2274.24175574,0.01998555,0.01998555,24453,75,0
8173.38079516,8173.38048740,2416.47573637,2416.48515434,0.04583222,2274.37179908,0.01998555,0.01998555,24452,75,0
8173.71489591,8173.71476490,2426.71174006,2426.71575450,0.04327110,2274.50006831,0.01998555,0.01998555,24451,75,0
8174.04953010,8174.04906973,2436.96210162,2436.97622675,0.04236802,2274.62693205,0.01998555,0.01998555,24450,75,0
8174.38323844,8174.38340191,2447.22708904,2447.22206669,0.04778538,2274.75183614,0.01998555,0.01998555,24449,75,0
8174.71753893,8174.71776142,2457.50717811,2457.50033275,0.04856939,2274.87534969,0.01998555,0.01998555,24448,75,0
8175.05188476,8175.05214827,2467.80311763,2467.79499769,0.04875783,2274.99726745,0.01998555,0.01998555,24447,75,0
8175.38657866,8175.38656248,2478.11568098,2478.11618023,0.04286305,2275.11769811,0.01998555,0.01998555,24446,75,0
8175.72132338,8175.72100404,2488.44523992,2488.45511065,0.04974348,2275.23652783,0.01998555,0.01998555,24445,75,0
8176.05552493,8176.05547295,2498.79078333,2498.79239242,0.04360715,2275.35352953,0.01998555,0.01998555,24444,75,0
8176.38912726,8176.38996922,2509.15099716,2509.12490346,0.05053161,2275.46866964,0.01998555,0.01998555,24443,75,0
8176.72438253,8176.72449285,2519.52471012,2519.52128724,0.04461249,2275.58269764,0.01998555,0.01998555,24442,75,0
8177.05885053,8177.05904384,2529.91218511,2529.90617904,0.04395813,2275.69477321,0.01998555,0.01998555,24441,75,0
8177.39380029,8177.39362220,2540.31447558,2540.32001642,0.04763064,2275.80532825,0.01998555,0.01998555,24440,75,0
8177.72806553,8177.72822794,2550.73263443,2550.72757387,0.04331117,2275.91398289,0.01998555,0.01998555,24439,75,0
8178.06254274,8178.06286105,2561.16710370,2561.15717101,0.04229252,2276.02102872,0.01998555,0.01998555,24438,75,0
8178.39676371,8178.39752153,2571.61756324,2571.59388187,0.04943758,2276.12630491,0.01998555,0.01998555,24437,75,0
8178.73193993,8178.73220940,2582.08364274,2582.07521027,0.05315588,2276.23017614,0.01998555,0.01998555,24436,75,0
8179.06710335,8179.06692465,2592.56513005,2592.57072975,0.04731873,2276.33232535,0.01998555,0.01998555,24435,75,0
8179.40132252,8179.40166729,2603.06225607,2603.05143671,0.05063327,2276.43247050,0.01998555,0.01998555,24434,75,0
8179.73630509,8179.73643733,2613.57532966,2613.57117385,0.04529425,2276.53111972,0.01998555,0.01998555,24433,75,0
8180.07126526,8180.07123475,2624.10466617,2624.10562626,0.05509703,2276.62803076,0.01998555,0.01998555,24432,75,0
8180.40645421,8180.40605958,2634.65060776,2634.66304684,0.04465913,2276.72326955,0.01998555,0.01998555,24431,75,0
8180.74084657,8180.74091181,2645.21350892,2645.21144940,0.05015802,2276.81654390,0.01998555,0.01998555,24430,75,0
8181.07569349,8181.07579144,2655.79370479,2655.79060766,0.05609110,2276.90819981,0.01998555,0.01998555,24429,75,0
8181.41093193,8181.41069848,2666.39118142,2666.39857403,0.04637806,2276.99820449,0.01998555,0.01998555,24428,75,0
8181.74585219,8181.74563293,2677.00564568,2677.01259949,0.05102421,2277.08635566,0.01998555,0.01998555,24427,75,0
8182.08032622,8182.08059480,2687.63679870,2687.62826799,0.04333155,2277.17261468,0.01998555,0.01998555,24426,75,0
8182.41584533,8182.41558409,2698.28459913,2698.29290913,0.05024585,2277.25735257,0.01998555,0.01998555,24425,75,0
8182.74999606,8182.75060079,2708.94939600,2708.93013024,0.05390042,2277.33995663,0.01998555,0.01998555,24424,75,0
8183.08562342,8183.08564493,2719.63157337,2719.63088711,0.04329219,2277.42112353,0.01998555,0.01998555,24423,75,0
8183.42008705,8183.42071649,2730.33127632,2730.31116145,0.04622373,2277.50020441,0.01998555,0.01998555,24422,75,0
8183.75619221,8183.75581548,2741.04796777,2741.06002467,0.04927881,2277.57784585,0.01998555,0.01998555,24421,75,0
8184.09087718,8184.09094191,2751.78098583,2751.77891115,0.05460627,2277.65332549,0.01998555,0.01998555,24420,75,0
8184.42595044,8184.42609578,2762.52986296,2762.52519849,0.04660880,2277.72704819,0.01998555,0.01998555,24419,75,0
8184.76123852,8184.76127709,2773.29518947,2773.29394973,0.04844306,2277.79896659,0.01998555,0.01998555,24418,75,0
8185.09658115,8185.09648584,2784.07791135,2784.08097962,0.04639271,2277.86904175,0.01998555,0.01998555,24417,75,0
8185.43200521,8185.43172205,2794.87891182,2794.88804245,0.05625149,2277.93727470,0.01998555,0.01998555,24416,75,0
8185.76654275,8185.76698570,2805.69837179,2805.68406551,0.04262155,2278.00346689,0.01998555,0.01998555,24415,75,0
8186.10251863,8186.10227681,2816.53606854,2816.54389103,0.04770572,2278.06806285,0.01998555,0.01998555,24414,75,0
8186.43703323,8186.43759538,2827.39177743,2827.37356402,0.04902282,2278.13049460,0.01998555,0.01998555,24413,75,0
8186.77296165,8186.77294141,2838.26537123,2838.26602793,0.04494184,2278.19128907,0.01998555,0.01998555,24412,75,0
8187.10841740,8187.10831491,2849.15681249,2849.16014332,0.04894762,2278.25008740,0.01998555,0.01998555,24411,75,0
8187.44377641,8187.44371588,2860.06606422,2860.06803446,0.04818567,2278.30695087,0.01998555,0.01998555,24410,75,0
8187.77943000,8187.77914432,2870.99298130,2871.00229486,0.04943879,2278.36193417,0.01998555,0.01998555,24409,75,0
8188.11467773,8188.11460023,2881.93726688,2881.93979726,0.05249564,2278.41491292,0.01998555,0.01998555,24408,75,0
8188.44986605,8188.45008363,2892.89861237,2892.89149810,0.03840426,2278.46593549,0.01998555,0.01998555,24407,75,0
8188.78578428,8188.78559450,2903.87708967,2903.88330430,0.05388998,2278.51510761,0.01998555,0.01998555,24406,75,0
8189.12157425,8189.12113287,2914.87356377,2914.88804060,0.05363490,2278.56229309,0.01998555,0.01998555,24405,75,0
8189.45620898,8189.45669872,2925.88900590,2925.87291604,0.05003975,2278.60735340,0.01998555,0.01998555,24404,75,0
8189.79223613,8189.79229206,2936.92402682,2936.92218607,0.05081294,2278.65062185,0.01998555,0.01998555,24403,75,0
8190.12798912,8190.12791290,2947.97813990,2947.98065220,0.04441726,2278.69186186,0.01998555,0.01998555,24402,75,0
8190.46394054,8190.46356124,2959.05064875,2959.06317077,0.05026222,2278.73111965,0.01998555,0.01998555,24401,75,0
8190.79914163,8190.79923709,2970.14109875,2970.13794254,0.04753567,2278.76827815,0.01998555,0.01998555,24400,75,0
8191.13493008,8191.13494044,2981.25006804,2981.24972496,0.04684337,2278.80347944,0.01998555,0.01998555,24399,75,0
8191.47068595,8191.47067129,2992.37841063,2992.37889682,0.04281054,2278.83664620,0.01998555,0.01998555,24398,75,0
8191.80617145,8191.80642967,3003.52685365,3003.51827269,0.04724052,2278.86774939,0.01998555,0.01998555,24397,75,0
8192.14154483,8192.14221555,3014.69537711,3014.67304949,0.04534406,2278.89679645,0.01998555,0.01998555,24396,75,0
8192.47806185,8192.47802896,3025.88369949,3025.88479618,0.05071415,2278.92387528,0.01998555,0.01998555,24395,75,0
8192.81411400,8192.81386989,3037.09160213,3037.09975563,0.04584796,2278.94883915,0.01998555,0.01998555,24394,75,0
8193.14932844,8193.14973835,3048.31933693,3048.30562251,0.04245328,2278.97166248,0.01998555,0.01998555,24393,75,0
8193.48579500,8193.48563433,3059.56736392,3059.57274887,0.04423527,2278.99247388,0.01998555,0.01998555,24392,75,0
8193.82163872,8193.82155785,3070.83603211,3070.83874710,0.05368938,2279.01114114,0.01998555,0.01998555,24391,75,0
8194.15781981,8194.15750891,3082.12467191,3082.13512713,0.04593638,2279.02770829,0.01998555,0.01998555,24390,75,0
8194.49300398,8194.49348751,3093.43207649,3093.41579100,0.04284182,2279.04210368,0.01998555,0.01998555,24389,75,0
8194.83009039,8194.82949365,3104.75719210,3104.77732050,0.05121279,2279.05443207,0.01998555,0.01998555,24388,75,0
8195.16549060,8195.16552734,3116.10071000,3116.09946899,0.04586599,2279.06455124,0.01998555,0.01998555,24387,75,0
8195.50130609,8195.50158857,3127.46436326,3127.45480283,0.04312313,2279.07252799,0.01998555,0.01998555,24386,75,0
8195.83755402,8195.83767736,3138.84978215,3138.84559969,0.05192210,2279.07834437,0.01998555,0.01998555,24385,75,0
8196.17381579,8196.17379371,3150.25707141,3150.25782143,0.04557424,2279.08197696,0.01998555,0.01998555,24384,75,0
8196.50908964,8196.50993762,3161.68535016,3161.65649601,0.04880155,2279.08341255,0.01998555,0.01998555,24383,75,0
8196.84634686,8196.84610909,3173.13378797,3173.14189196,0.04323861,2279.08264275,0.01998555,0.01998555,24382,75,0
8197.18223258,8197.18230813,3184.60246590,3184.59988646,0.05128083,2279.07965822,0.01998555,0.01998555,24381,75,0
8197.51879488,8197.51853474,3196.09207707,3196.10097465,0.04730803,2279.07443620,0.01998555,0.01998555,24380,75,0
8197.85479020,8197.85478892,3207.60327225,3207.60331607,0.05128910,2279.06698298,0.01998555,0.01998555,24379,75,0
8198.19161774,8198.19107068,3219.13598286,3219.15476060,0.04816129,2279.05725306,0.01998555,0.01998555,24378,75,0
8198.52781867,8198.52738002,3230.68965986,3230.70474204,0.04594400,2279.04527531,0.01998555,0.01998555,24377,75,0
8198.86397815,8198.86371695,3242.26380881,3242.27280492,0.05117522,2279.03102479,0.01998555,0.01998555,24376,75,0
8199.20085125,8199.20008146,3253.85870670,3253.88526542,0.04692431,2279.01445098,0.01998555,0.01998555,24375,75,0
8199.53660951,8199.53647357,3265.47512147,3265.47982010,0.04289742,2278.99563521,0.01998555,0.01998555,24374,75,0
8199.87247930,8199.87289327,3277.11378107,3277.09944650,0.04959971,2278.97450582,0.01998555,0.01998555,24373,75,0
8200.20925067,8200.20934056,3288.77486746,3288.77174898,0.04670197,2278.95098995,0.01998555,0.01998555,24372,75,0
8200.54563848,8200.54581546,3300.45824774,3300.45209705,0.04370127,2278.92515981,0.01998555,0.01998555,24371,75,0
8200.88243024,8200.88231796,3312.16378793,3312.16769707,0.04504508,2278.89694263,0.01998555,0.01998555,24370,75,0
8201.21944758,8201.21884807,3323.89138904,3323.91229985,0.04820102,2278.86633465,0.01998555,0.01998555,24369,75,0
8201.55481023,8201.55540579,3335.64096890,3335.62015889,0.05213705,2278.83350969,0.01998555,0.01998555,24368,75,0
8201.89209287,8201.89199112,3347.41253467,3347.41609646,0.04303694,2278.79810275,0.01998555,0.01998555,24367,75,0
8202.22877711,8202.22860408,3359.20669932,3359.21276763,0.04868990,2278.76034980,0.01998555,0.01998555,24366,75,0
8202.56511676,8202.56524465,3371.02433175,3371.01983770,0.04654496,2278.72021679,0.01998555,0.01998555,24365,75,0
8202.90203489,8202.90191285,3382.86610856,3382.87040537,0.05122979,2278.67757534,0.01998555,0.01998555,24364,75,0
8203.23858149,8203.23860868,3394.73166437,3394.73070540,0.04993337,2278.63253123,0.01998555,0.01998555,24363,75,0
8203.57495093,8203.57533214,3406.62029081,3406.60681943,0.04786724,2278.58505391,0.01998555,0.01998555,24362,75,0
8203.91216814,8203.91208323,3418.53146270,3418.53446858,0.04404429,2278.53498058,0.01998555,0.01998555,24361,75,0
8204.24848926,8204.24886197,3430.46538285,3430.45216377,0.04023016,2278.48255709,0.01998555,0.01998555,24360,75,0
8204.58584011,8204.58566834,3442.42243177,3442.42853527,0.03788690,2278.42746706,0.01998555,0.01998555,24359,75,0
8204.92253270,8204.92250236,3454.40301793,3454.40409795,0.04484925,2278.36996687,0.01998555,0.01998555,24358,75,0
8205.25948423,8205.25936403,3466.40761874,3466.41190630,0.04225106,2278.30988853,0.01998555,0.01998555,24357,75,0
8205.59623860,8205.59625335,3478.43672474,3478.43619752,0.04118610,2278.24729635,0.01998555,0.01998555,24356,75,0
8205.93328422,8205.93317033,3490.49051511,3490.49459364,0.03905322,2278.18208347,0.01998555,0.01998555,24355,75,0
8206.27101215,8206.27011497,3502.56857891,3502.60076988,0.04978548,2278.11415124,0.01998555,0.01998555,24354,75,0
8206.60755121,8206.60708726,3514.67043496,3514.68711250,0.05139397,2278.04387077,0.01998555,0.01998555,24353,75,0
8206.94383764,8206.94408723,3526.79559012,3526.78660176,0.04561578,2277.97105255,0.01998555,0.01998555,24352,75,0
8207.28134333,8207.28111486,3538.94353764,3538.95177994,0.05272204,2277.89535651,0.01998555,0.01998555,24351,75,0
8207.61854158,8207.61817017,3551.11386799,3551.12729112,0.04565459,2277.81710403,0.01998555,0.01998555,24350,75,0
8207.95528399,8207.95525315,3563.30785972,3563.30897675,0.03765514,2277.73631702,0.01998555,0.01998555,24349,75,0
8208.29239657,8208.29236381,3575.52818439,3575.52937330,0.04790633,2277.65276612,0.01998555,0.01998555,24348,75,0
8208.62893940,8208.62950215,3587.77716740,3587.75669860,0.04341086,2277.56665484,0.01998555,0.01998555,24347,75,0
8208.96643080,8208.96666818,3600.05364997,3600.04499832,0.04662464,2277.47758183,0.01998555,0.01998555,24346,75,0
8209.30392301,8209.30386190,3612.35470321,3612.35693458,0.04630699,2277.38579179,0.01998555,0.01998555,24345,75,0
8209.64091997,8209.64108331,3624.67833275,3624.67235803,0.04640893,2277.29142680,0.01998555,0.01998555,24344,75,0
8209.97863074,8209.97833242,3637.02697137,3637.03790615,0.05030003,2277.19411309,0.01998555,0.01998555,24343,75,0
8210.31525005,8210.31560923,3649.40433417,3649.39113727,0.05161785,2277.09433055,0.01998555,0.01998555,24342,75,0
8210.65276516,8210.65291374,3661.81231173,3661.80684003,0.04821177,2276.99145970,0.01998555,0.01998555,24341,75,0
8210.98961203,8210.99024596,3674.24831822,3674.22492459,0.04239610,2276.88597843,0.01998555,0.01998555,24340,75,0
8211.32769146,8211.32760589,3686.70913734,3686.71230095,0.04847181,2276.77729618,0.01998555,0.01998555,24339,75,0
8211.66469334,8211.66499353,3699.19398284,3699.18286353,0.04617228,2276.66614616,0.01998555,0.01998555,24338,75,0
8212.00241273,8212.00240889,3711.70523513,3711.70537774,0.04528527,2276.55190469,0.01998555,0.01998555,24337,75,0
8212.33995724,8212.33985197,3724.24530877,3724.24922535,0.04761397,2276.43482827,0.01998555,0.01998555,24336,75,0
8212.67769379,8212.67732277,3736.81412997,3736.82796275,0.04177371,2276.31477288,0.01998555,0.01998555,24335,75,0
8213.01449328,8213.01482130,3749.40992870,3749.39767451,0.04804831,2276.19214977,0.01998555,0.01998555,24334,75,0
8213.35271435,8213.35234756,3762.03123152,3762.04496037,0.04355388,2276.06609265,0.01998555,0.01998555,24333,75,0
8213.68996037,8213.68990156,3774.67836547,3774.68057141,0.04671432,2275.93747044,0.01998555,0.01998555,24332,75,0
8214.02818323,8214.02748329,3787.35224815,3787.37855370,0.03907410,2275.80551353,0.01998555,0.01998555,24331,75,0
8214.36471169,8214.36509276,3800.05363512,3800.03928350,0.04702578,2275.67124950,0.01998555,0.01998555,24330,75,0
8214.70265807,8214.70272998,3812.78289628,3812.78018224,0.04470317,2275.53341970,0.01998555,0.01998555,24329,75,0
8215.04067739,8215.04039494,3825.54034367,3825.55102623,0.04378162,2275.39253248,0.01998555,0.01998555,24328,75,0
8215.37805892,8215.37808766,3838.32610396,3838.32501473,0.04398640,2275.24887319,0.01998555,0.01998555,24327,75,0
8215.71568859,8215.71580813,3851.14011071,3851.13557045,0.04408570,2275.10205348,0.01998555,0.01998555,24326,75,0
8216.05317035,8216.05355636,3863.98245761,3863.96776412,0.04258382,2274.95222602,0.01998555,0.01998555,24325,75,0
8216.39104529,8216.39133235,3876.85449223,3876.84354031,0.04453515,2274.79911384,0.01998555,0.01998555,24324,75,0
8216.72887771,8216.72913610,3889.75813789,3889.74825567,0.04174013,2274.64286790,0.01998555,0.01998555,24323,75,0
8217.06644259,8217.06696762,3902.69426463,3902.67413684,0.04455382,2274.48356640,0.01998555,0.01998555,24322,75,0
8217.40467624,8217.40482692,3915.66080514,3915.65501632,0.04130338,2274.32076792,0.01998555,0.01998555,24321,75,0
8217.74254550,8217.74271399,3928.65528025,3928.64879383,0.04812447,2274.15497866,0.01998555,0.01998555,24320,75,0
8218.08016529,8218.08062884,3941.67816962,3941.66028477,0.04637299,2273.98612750,0.01998555,0.01998555,24319,75,0
8218.41879291,8218.41857147,3954.73316393,3954.74172943,0.04656719,2273.81350815,0.01998555,0.01998555,24318,75,0
8218.75664615,8218.75654188,3967.82327839,3967.82732206,0.04389308,2273.63796499,0.01998555,0.01998555,24317,75,0
8219.09404035,8219.09454009,3980.94572344,3980.92630132,0.04589244,2273.45936867,0.01998555,0.01998555,24316,75,0
8219.43285727,8219.43256608,3994.09531156,3994.10664884,0.04579271,2273.27676139,0.01998555,0.01998555,24315,75,0
8219.77058432,8219.77061987,4007.27012130,4007.26873438,0.04510563,2273.09150301,0.01998555,0.01998555,24314,75,0
8220.10892367,8220.10870147,4020.47543573,4020.48412600,0.04568730,2272.90257493,0.01998555,0.01998555,24313,75,0
8220.44673337,8220.44681086,4033.71715455,4033.71411565,0.05160772,2272.71050839,0.01998555,0.01998555,24312,75,0
8220.78475539,8220.78494806,4046.99537231,4046.98779716,0.04318828,2272.51486200,0.01998555,0.01998555,24311,75,0
8221.12245932,8221.12311307,4060.30570314,4060.27994435,0.05040033,2272.31598723,0.01998555,0.01998555,24310,75,0
8221.46148782,8221.46130589,4073.64474244,4073.65192574,0.04669764,2272.11293343,0.01998555,0.01998555,24309,75,0
8221.79991593,8221.79952653,4087.01347702,4087.02888608,0.04325370,2271.90680924,0.01998555,0.01998555,24308,75,0
nan,nan,0.00000000,-1.00000000,0.00000000,2274.10737763,nan,0.00000000,-2147483648,74,1
8191.47038427,8191.47067129,10.02412331,10.01752848,0.05643099,2274.53757544,0.01998555,0.01998555,24398,74,0
8191.80584209,8191.80642967,17.74174873,17.72823776,0.05876919,2274.95029210,0.01998555,0.01998555,24397,74,0
8192.14174317,8192.14221555,25.46594650,25.45507588,0.04071007,2275.36287061,0.01998555,0.01998555,24396,74,0
8192.47803216,8192.47802896,33.19683076,33.19690453,0.04468149,2275.77524407,0.01998555,0.01998555,24395,74,0
8192.81412249,8192.81386989,40.93448335,40.94030548,0.05490648,2276.18669444,0.01998555,0.01998555,24394,74,0
8193.14869563,8193.14973835,48.67872612,48.65467488,0.05380127,2276.59560085,0.01998555,0.01998555,24393,74,0
8193.48585032,8193.48563433,56.42925607,56.43424162,0.03603989,2277.00695085,0.01998555,0.01998555,24392,74,0
8193.82158555,8193.82155785,64.18576791,64.18640754,0.04954303,2277.41584080,0.01998555,0.01998555,24391,74,0
8194.15680532,8194.15750891,71.94795913,71.93169751,0.05863311,2277.82335992,0.01998555,0.01998555,24390,74,0
8194.49242899,8194.49348751,79.71577388,79.69129293,0.04863523,2278.23062116,0.01998555,0.01998555,24389,74,0
8194.82932238,8194.82949365,87.48953537,87.48557155,0.03331179,2278.63868438,0.01998555,0.01998555,24388,74,0
8195.16631399,8195.16552734,95.26960039,95.28782049,0.04786473,2279.04614261,0.01998555,0.01998555,24387,74,0
8195.50154028,8195.50158857,103.05632751,103.05520806,0.05297442,2279.45076425,0.01998555,0.01998555,24386,74,0
8195.83748714,8195.83767736,110.85002051,110.84560759,0.04909495,2279.85556632,0.01998555,0.01998555,24385,74,0
8196.17363007,8196.17379371,118.65069257,118.64689324,0.04632782,2280.25991203,0.01998555,0.01998555,24384,74,0
8196.50947536,8196.50993762,126.45826294,126.44752183,0.04589533,2280.66320099,0.01998555,0.01998555,24383,74,0
8196.84679528,8196.84610909,134.27265039,134.28860728,0.03654095,2281.06755089,0.01998555,0.01998555,24382,74,0
8197.18223334,8197.18230813,142.09377220,142.09203160,0.05183637,2281.46893269,0.01998555,0.01998555,24381,74,0
8197.51774243,8197.51853474,149.92152140,149.90306855,0.05460124,2281.86968098,0.01998555,0.01998555,24380,74,0
8197.85507451,8197.85478892,157.75576715,157.76242330,0.04845192,2282.27187307,0.01998555,0.01998555,24379,74,0
8198.19150477,8198.19107068,165.59637696,165.60650165,0.04256486,2282.67224799,0.01998555,0.01998555,24378,74,0
8198.52799336,8198.52738002,173.44321777,173.45753333,0.05401218,2283.07194199,0.01998555,0.01998555,24377,74,0
8198.86404017,8198.86371695,181.29626504,181.30381450,0.03708073,2283.47035871,0.01998555,0.01998555,24376,74,0
8199.20044013,8199.20008146,189.15580239,189.16418621,0.04590647,2283.86845294,0.01998555,0.01998555,24375,74,0
8199.53653770,8199.53647357,197.02216885,197.02366918,0.04998117,2284.26546337,0.01998555,0.01998555,24374,74,0
8199.87262207,8199.87289327,204.89570518,204.88935548,0.05212076,2284.66174712,0.01998555,0.01998555,24373,74,0
8200.20906572,8200.20934056,212.77670653,212.77026593,0.04881813,2285.05775436,0.01998555,0.01998555,24372,74,0
8200.54508253,8200.54581546,220.66504820,220.64785842,0.04558138,2285.45255093,0.01998555,0.01998555,24371,74,0
8200.88201906,8200.88231796,228.56038379,228.55336802,0.04594731,2285.84769727,0.01998555,0.01998555,24370,74,0
8201.21960162,8201.21884807,236.46236318,236.48006369,0.04725155,2286.24284707,0.01998555,0.01998555,24369,74,0
8201.55545053,8201.55540579,244.37064037,244.37169194,0.03205106,2286.63519877,0.01998555,0.01998555,24368,74,0
8201.89234035,8201.89199112,252.28512184,252.29333658,0.05188001,2287.02798913,0.01998555,0.01998555,24367,74,0
8202.22907471,8202.22860408,260.20605689,260.21713568,0.04657309,2287.41983013,0.01998555,0.01998555,24366,74,0
8202.56605002,8202.56524465,268.13372040,268.15269376,0.05040840,2287.81119388,0.01998555,0.01998555,24365,74,0
8202.90200745,8202.90191285,276.06838870,276.07061908,0.04904638,2288.20063197,0.01998555,0.01998555,24364,74,0
8203.23862413,8203.23860868,284.01028311,284.01064759,0.05158659,2288.59009781,0.01998555,0.01998555,24363,74,0
8203.57559020,8203.57533214,291.95942816,291.96552271,0.05025217,2288.97922800,0.01998555,0.01998555,24362,74,0
8203.91173867,8203.91208323,299.91580509,299.90766084,0.04903903,2289.36667274,0.01998555,0.01998555,24361,74,0
8204.24863420,8204.24886197,307.87939502,307.87400692,0.05303769,2289.75423197,0.01998555,0.01998555,24360,74,0
8204.58574624,8204.58566834,315.85018231,315.85202659,0.05003595,2290.14128863,0.01998555,0.01998555,24359,74,0
8204.92237277,8204.92250236,323.82818376,323.82511313,0.04974604,2290.52703560,0.01998555,0.01998555,24358,74,0
8205.25986310,8205.25936403,331.81343449,331.82526972,0.04750165,2290.91301672,0.01998555,0.01998555,24357,74,0
8205.59615234,8205.59625335,339.80597000,339.80357259,0.04946172,2291.29687046,0.01998555,0.01998555,24356,74,0
8205.93309264,8205.93317033,347.80582389,347.80397848,0.04856146,2291.68071157,0.01998555,0.01998555,24355,74,0
8206.27010040,8206.27011497,355.81295376,355.81260742,0.05158605,2292.06386793,0.01998555,0.01998555,24354,74,0
8206.60691561,8206.60708726,363.82722046,363.82313635,0.04946932,2292.44603493,0.01998555,0.01998555,24353,74,0
8206.94455077,8206.94408723,371.84847788,371.85951547,0.04846459,2292.82834949,0.01998555,0.01998555,24352,74,0
8207.28133948,8207.28111486,379.87657921,379.88193165,0.04545595,2293.20891513,0.01998555,0.01998555,24351,74,0
8207.61820725,8207.61817017,387.91145230,387.91233677,0.05298146,2293.58877434,0.01998555,0.01998555,24350,74,0
8207.95589637,8207.95525315,395.95323822,395.96858968,0.04787724,2293.96876496,0.01998555,0.01998555,24349,74,0
8208.29243775,8208.29236381,404.00211628,404.00388241,0.04753338,2294.34667814,0.01998555,0.01998555,24348,74,0
8208.62953983,8208.62950215,412.05826671,412.05916742,0.04514049,2294.72444008,0.01998555,0.01998555,24347,74,0
8208.96628766,8208.96666818,420.12184987,420.11274570,0.04578469,2295.10102941,0.01998555,0.01998555,24346,74,0
8209.30364313,8209.30386190,428.19289156,428.18765302,0.05742149,2295.47751922,0.01998555,0.01998555,24345,74,0
8209.64059218,8209.64108331,436.27136358,436.25959315,0.04602366,2295.85277293,0.01998555,0.01998555,24344,74,0
8209.97827137,8209.97833242,444.35723741,444.35577312,0.05235276,2296.22805094,0.01998555,0.01998555,24343,74,0
8210.31625597,8210.31560923,452.45048557,452.46601119,0.05075063,2296.60287342,0.01998555,0.01998555,24342,74,0
8210.65355170,8210.65291374,460.55109988,460.56642720,0.04173468,2296.97613579,0.01998555,0.01998555,24341,74,0
8210.98936590,8210.99024596,468.65908792,468.63792643,0.04473353,2297.34696606,0.01998555,0.01998555,24340,74,0
8211.32772127,8211.32760589,476.77445771,476.77723444,0.05036817,2297.71980007,0.01998555,0.01998555,24339,74,0
8211.66440914,8211.66499353,484.89721595,484.88314071,0.04893736,2298.08999461,0.01998555,0.01998555,24338,74,0
8212.00231255,8212.00240889,493.02728993,493.02496760,0.05165166,2298.46071504,0.01998555,0.01998555,24337,74,0
8212.34001525,8212.33985197,501.16448465,501.16842357,0.04211020,2298.83039220,0.01998555,0.01998555,24336,74,0
8212.67765422,8212.67732277,509.30859371,509.31659548,0.05061905,2299.19916485,0.01998555,0.01998555,24335,74,0
8213.01446943,8213.01482130,517.45940971,517.45090877,0.04966759,2299.56619417,0.01998555,0.01998555,24334,74,0
8213.35229643,8213.35234756,525.61691114,525.61567489,0.04153084,2299.93347606,0.01998555,0.01998555,24333,74,0
8213.68950312,8213.68990156,533.78161617,533.77197480,0.04698843,2300.29925522,0.01998555,0.01998555,24332,74,0
8214.02771255,8214.02748329,541.95414260,541.95969544,0.03999176,2300.66531562,0.01998555,0.01998555,24331,74,0
8214.36516458,8214.36509276,550.13511167,550.13685299,0.04713256,2301.02977587,0.01998555,0.01998555,24330,74,0
8214.70263723,8214.70272998,558.32498298,558.32273213,0.05154882,2301.39349583,0.01998555,0.01998555,24329,74,0
8215.04078388,8215.04039494,566.52332354,566.53277101,0.04695451,2301.75715458,0.01998555,0.01998555,24328,74,0
8215.37846187,8215.37808766,574.72939591,574.73849294,0.04686008,2302.11948660,0.01998555,0.01998555,24327,74,0
8215.71592225,8215.71580813,582.94245824,582.94523463,0.04827810,2302.48072817,0.01998555,0.01998555,24326,74,0
8216.05379203,8216.05355636,591.16185078,591.16758810,0.05053881,2302.84151809,0.01998555,0.01998555,24325,74,0
8216.39071733,8216.39133235,599.38778598,599.37280257,0.05045691,2303.20041955,0.01998555,0.01998555,24324,74,0
8216.72873450,8216.72913610,607.62098794,607.61119552,0.04338449,2303.55963008,0.01998555,0.01998555,24323,74,0
8217.06743166,8217.06696762,615.86219113,615.87351627,0.04155009,2303.91873438,0.01998555,0.01998555,24322,74,0
8217.40514845,8217.40482692,624.11210060,624.11995582,0.03897320,2304.27600051,0.01998555,0.01998555,24321,74,0
8217.74261186,8217.74271399,632.37074256,632.36824519,0.05091569,2304.63219953,0.01998555,0.01998555,24320,74,0
8218.08018387,8218.08062884,640.63750592,640.62661563,0.04030638,2304.98768434,0.01998555,0.01998555,24319,74,0
8218.41899037,8218.41857147,648.91175174,648.92201225,0.04501546,2305.34360491,0.01998555,0.01998555,24318,74,0
8218.75718014,8218.75654188,657.19284860,657.20849305,0.04034865,2305.69798413,0.01998555,0.01998555,24317,74,0
8219.09458451,8219.09454009,665.48070180,665.48179156,0.04597278,2306.05064412,0.01998555,0.01998555,24316,74,0
8219.43287998,8219.43256608,673.77598669,673.78369329,0.04267335,2306.40336275,0.01998555,0.01998555,24315,74,0
8219.77089436,8219.77061987,682.07944153,682.08618693,0.04571617,2306.75494376,0.01998555,0.01998555,24314,74,0
8220.10896525,8220.10870147,690.39180617,690.39829508,0.04616118,2307.10576701,0.01998555,0.01998555,24313,74,0
8220.44701068,8220.44681086,698.71339574,698.71831610,0.04097769,2307.45575695,0.01998555,0.01998555,24312,74,0
8220.78437652,8220.78494806,707.04361985,707.02953325,0.04510368,2307.80421053,0.01998555,0.01998555,24311,74,0
8221.12388290,8221.12311307,715.38176934,715.40075883,0.04782047,2308.15400188,0.01998555,0.01998555,24310,74,0
8221.46150399,8221.46130589,723.72713110,723.73202124,0.04424301,2308.50094944,0.01998555,0.01998555,24309,74,0
8221.80003169,8221.79952653,732.07927344,732.09175285,0.04021774,2308.84790537,0.01998555,0.01998555,24308,74,0
8222.13699962,8222.13777498,740.43863578,740.41946569,0.04802237,2309.19235994,0.01998555,0.01998555,24307,74,0
8222.47594522,8222.47605126,748.80582649,748.80320234,0.04178240,2309.53794969,0.01998555,0.01998555,24306,74,0
8222.81445789,8222.81435537,757.18145750,757.18399693,0.05180298,2309.88223266,0.01998555,0.01998555,24305,74,0
8223.15266721,8223.15268731,765.56600390,765.56550550,0.04481323,2310.22535947,0.01998555,0.01998555,24304,74,0
8223.49120181,8223.49104708,773.95934265,773.96318274,0.04363885,2310.56795919,0.01998555,0.01998555,24303,74,0
8223.82947840,8223.82943469,782.36118916,782.36227501,0.05195730,2310.90942614,0.01998555,0.01998555,24302,74,0
8224.16763316,8224.16785013,790.77125717,790.76586267,0.04537010,2311.24988424,0.01998555,0.01998555,24301,74,0
8224.50687417,8224.50629342,799.18930868,799.20375979,0.05185421,2311.59053305,0.01998555,0.01998555,24300,74,0
8224.84490592,8224.84476456,807.61539095,807.61891148,0.04175406,2311.92906669,0.01998555,0.01998555,24299,74,0
8225.18334638,8225.18326355,816.04965349,816.05171833,0.04829136,2312.26711148,0.01998555,0.01998555,24298,74,0
8225.52097293,8225.52179039,824.49224679,824.47185064,0.04420317,2312.60345049,0.01998555,0.01998555,24297,74,0
8225.86015419,8225.86034509,832.94330752,832.93853998,0.04359357,2312.94044242,0.01998555,0.01998555,24296,74,0
8226.19883923,8226.19892766,841.40286488,841.40065442,0.04647849,2313.27604308,0.01998555,0.01998555,24295,74,0
8226.53727241,8226.53753808,849.87089980,849.86425266,0.04363553,2313.61049339,0.01998555,0.01998555,24294,74,0
8226.87658040,8226.87617637,858.34739285,858.35751063,0.04423261,2313.94490002,0.01998555,0.01998555,24293,74,0
8227.21576135,8227.21484254,866.83234914,866.85537974,0.04286154,2314.27826933,0.01998555,0.01998555,24292,74,0
8227.55343476,8227.55353658,875.32599801,875.32344335,0.04944557,2314.60925653,0.01998555,0.01998555,24291,74,0
8227.89198846,8227.89225850,883.82868977,883.82190785,0.04203020,2314.94021473,0.01998555,0.01998555,24290,74,0
8228.23108984,8228.23100829,892.34077790,892.34282794,0.04687125,2315.27082308,0.01998555,0.01998555,24289,74,0
8228.56997857,8228.56978598,900.86255825,900.86740524,0.04272785,2315.60034655,0.01998555,0.01998555,24288,74,0
8228.90822573,8228.90859155,909.39368924,909.38447344,0.04567833,2315.92835428,0.01998555,0.01998555,24287,74,0
8229.24715537,8229.24742501,917.93343951,917.92664071,0.04777811,2316.25609825,0.01998555,0.01998555,24286,74,0
8229.58594777,8229.58628637,926.48106784,926.47252343,0.04994113,2316.58275174,0.01998555,0.01998555,24285,74,0
8229.92480722,8229.92517563,935.03590169,935.02659795,0.04504174,2316.90848324,0.01998555,0.01998555,24284,74,0
8230.26374598,8230.26409279,943.59814004,943.58937471,0.04718723,2317.23330848,0.01998555,0.01998555,24283,74,0
8230.60292787,8230.60303786,952.16856021,952.16577773,0.05629235,2317.55740938,0.01998555,0.01998555,24282,74,0
8230.94173962,8230.94201083,960.74795435,960.74108631,0.03771317,2317.88022688,0.01998555,0.01998555,24281,74,0
8231.28129224,8231.28101172,969.33705659,969.34416774,0.04550428,2318.20284186,0.01998555,0.01998555,24280,74,0
8231.62037269,8231.62004053,977.93581169,977.94424062,0.04508109,2318.52409459,0.01998555,0.01998555,24279,74,0
8231.95872386,8231.95909725,986.54361999,986.53413618,0.04277576,2318.84372012,0.01998555,0.01998555,24278,74,0
8232.29839114,8232.29818190,995.15986754,995.16518679,0.04974690,2319.16362171,0.01998555,0.01998555,24277,74,0
8232.63717269,8232.63729447,1003.78398567,1003.78088735,0.03964275,2319.48169938,0.01998555,0.01998555,24276,74,0
8232.97644396,8232.97643497,1012.41601835,1012.41624727,0.04424368,2319.79924466,0.01998555,0.01998555,24275,74,0
8233.31623564,8233.31560341,1021.05643020,1021.07254393,0.05467375,2320.11629561,0.01998555,0.01998555,24274,74,0
8233.65419695,8233.65479978,1029.70569681,1029.69031768,0.03808768,2320.43067822,0.01998555,0.01998555,24273,74,0
8233.99407202,8233.99402409,1038.36426000,1038.36548390,0.04579892,2320.74588739,0.01998555,0.01998555,24272,74,0
8234.33383214,8234.33327635,1047.03213335,1047.04634064,0.05200338,2321.06003069,0.01998555,0.01998555,24271,74,0
8234.67288982,8234.67255655,1055.70905022,1055.71757741,0.04138503,2321.37255488,0.01998555,0.01998555,24270,74,0
8235.01155483,8235.01186470,1064.39473751,1064.38680168,0.04243715,2321.68373668,0.01998555,0.01998555,24269,74,0
8235.35116035,8235.35120081,1073.08894307,1073.08790591,0.05078541,2321.99478606,0.01998555,0.01998555,24268,74,0
8235.69083201,8235.69056488,1081.79164899,1081.79850259,0.03926467,2322.30489355,0.01998555,0.01998555,24267,74,0
8236.03012353,8236.02995690,1090.50297713,1090.50725612,0.04516304,2322.61365388,0.01998555,0.01998555,24266,74,0
8236.36962016,8236.36937689,1099.22305192,1099.22930468,0.04873196,2322.92160120,0.01998555,0.01998555,24265,74,0
8236.70956855,8236.70882485,1107.95202287,1107.97115656,0.05927221,2323.22895795,0.01998555,0.01998555,24264,74,0
8237.04837202,8237.04830078,1116.69025319,1116.69208789,0.04029188,2323.53429253,0.01998555,0.01998555,24263,74,0
8237.38759192,8237.38780468,1125.43821827,1125.43273308,0.04264144,2323.83902787,0.01998555,0.01998555,24262,74,0
8237.72744363,8237.72733657,1134.19639741,1134.19916056,0.04949090,2324.14336541,0.01998555,0.01998555,24261,74,0
8238.06713742,8238.06689643,1142.96516109,1142.97138792,0.05420677,2324.44660441,0.01998555,0.01998555,24260,74,0
8238.40656700,8238.40648428,1151.74409597,1151.74623550,0.04125555,2324.74863306,0.01998555,0.01998555,24259,74,0
8238.74574959,8238.74610012,1160.53244899,1160.52337404,0.04540474,2325.04943891,0.01998555,0.01998555,24258,74,0
8239.08584588,8239.08574395,1169.32946091,1169.33210216,0.04050306,2325.35001849,0.01998555,0.01998555,24257,74,0
8239.42623950,8239.42541577,1178.13456001,1178.15592231,0.04625134,2325.64979842,0.01998555,0.01998555,24256,74,0
8239.76539156,8239.76511559,1186.94821437,1186.95537776,0.03725690,2325.94744025,0.01998555,0.01998555,24255,74,0
8240.10450615,8240.10484342,1195.77124719,1195.76248352,0.04454041,2326.24403059,0.01998555,0.01998555,24254,74,0
8240.44497561,8240.44459925,1204.60448722,1204.61427755,0.04710438,2326.54080502,0.01998555,0.01998555,24253,74,0
8240.78447173,8240.78438309,1213.44854056,1213.45084886,0.04482457,2326.83574828,0.01998555,0.01998555,24252,74,0
8241.12383049,8241.12419495,1222.30310200,1222.29360027,0.04339276,2327.12957675,0.01998555,0.01998555,24251,74,0
8241.46416748,8241.46403482,1231.16763472,1231.17109695,0.05003998,2327.42323040,0.01998555,0.01998555,24250,74,0
8241.80442393,8241.80390271,1240.04159856,1240.05521397,0.05076132,2327.71576958,0.01998555,0.01998555,24249,74,0
8242.14372742,8242.14379862,1248.92464705,1248.92278535,0.03452388,2328.00643369,0.01998555,0.01998555,24248,74,0
8242.48332779,8242.48372256,1257.81699267,1257.80666044,0.04667920,2328.29629950,0.01998555,0.01998555,24247,74,0
8242.82397080,8242.82367453,1266.71894845,1266.72671049,0.04445635,2328.58600353,0.01998555,0.01998555,24246,74,0
8243.16289534,8243.16365454,1275.63082837,1275.61091705,0.04477228,2328.87320669,0.01998555,0.01998555,24245,74,0
8243.50339645,8243.50366258,1284.55281872,1284.54583163,0.04468865,2329.16070359,0.01998555,0.01998555,24244,74,0
8243.84394341,8243.84369866,1293.48485305,1293.49128544,0.04702851,2329.44718785,0.01998555,0.01998555,24243,74,0
8244.18362263,8244.18376279,1302.42683495,1302.42314775,0.04508010,2329.73188735,0.01998555,0.01998555,24242,74,0
8244.52393634,8244.52385496,1311.37866706,1311.38081034,0.04160378,2330.01605489,0.01998555,0.01998555,24241,74,0
8244.86408885,8244.86397518,1320.34023860,1320.34323498,0.04520628,2330.29901613,0.01998555,0.01998555,24240,74,0
8245.20415137,8245.20412346,1329.31142131,1329.31215775,0.04548147,2330.58082330,0.01998555,0.01998555,24239,74,0
8245.54422047,8245.54429980,1338.29208491,1338.28998961,0.04613641,2330.86154863,0.01998555,0.01998555,24238,74,0
8245.88479083,8245.88450420,1347.28211617,1347.28969418,0.04055781,2331.14159046,0.01998555,0.01998555,24237,74,0
8246.22486945,8246.22473666,1356.28171579,1356.28523010,0.04834640,2331.42013442,0.01998555,0.01998555,24236,74,0
8246.56472350,8246.56499719,1365.29135433,1365.28410366,0.04606390,2331.69741311,0.01998555,0.01998555,24235,74,0
8246.90495905,8246.90528579,1374.31151405,1374.30284815,0.04477399,2331.97393067,0.01998555,0.01998555,24234,74,0
8247.24543230,8247.24560247,1383.34262039,1383.33810204,0.04171533,2332.24957568,0.01998555,0.01998555,24233,74,0
8247.58544314,8247.58594723,1392.38456552,1392.37116607,0.04527131,2332.52377440,0.01998555,0.01998555,24232,74,0
8247.92624739,8247.92632007,1401.43695882,1401.43502483,0.04150518,2332.79752150,0.01998555,0.01998555,24231,74,0
8248.26623794,8248.26672099,1410.49940452,1410.48653799,0.04655863,2333.06950982,0.01998555,0.01998555,24230,74,0
8248.60626697,8248.60715000,1419.57156663,1419.54802304,0.04163663,2333.34041050,0.01998555,0.01998555,24229,74,0
8248.94736617,8248.94760711,1428.65340662,1428.64697628,0.04678436,2333.61103466,0.01998555,0.01998555,24228,74,0
8249.28782087,8249.28809231,1437.74497533,1437.73772378,0.04587960,2333.88001709,0.01998555,0.01998555,24227,74,0
8249.62785946,8249.62860562,1446.84632437,1446.82637101,0.04526843,2334.14754083,0.01998555,0.01998555,24226,74,0
8249.96931937,8249.96914702,1455.95769270,1455.96230643,0.05388908,2334.41504917,0.01998555,0.01998555,24225,74,0
8250.30924311,8250.30971653,1465.07979639,1465.06710864,0.05257093,2334.68024214,0.01998555,0.01998555,24224,74,0
8250.64998508,8250.65031416,1474.21343081,1474.20460065,0.04508285,2334.94497832,0.01998555,0.01998555,24223,74,0
8250.99064930,8250.99093989,1483.35937732,1483.35156969,0.04605390,2335.20857542,0.01998555,0.01998555,24222,74,0
8251.33193932,8251.33159374,1492.51759332,1492.52688929,0.04114926,2335.47156855,0.01998555,0.01998555,24221,74,0
8251.67283362,8251.67227572,1501.68691281,1501.70193623,0.03906248,2335.73313075,0.01998555,0.01998555,24220,74,0
8252.01306690,8252.01298581,1510.86608182,1510.86826747,0.05285909,2335.99302342,0.01998555,0.01998555,24219,74,0
8252.35420072,8252.35372404,1520.05393839,1520.06679727,0.04793461,2336.25240113,0.01998555,0.01998555,24218,74,0
8252.69476776,8252.69449040,1529.25064927,1529.25813857,0.04675075,2336.51014744,0.01998555,0.01998555,24217,74,0
8253.03461847,8253.03528489,1538.45733093,1538.43931788,0.03964042,2336.76618299,0.01998555,0.01998555,24216,74,0
8253.37615926,8253.37610751,1547.67512775,1547.67652812,0.03878986,2337.02234302,0.01998555,0.01998555,24215,74,0
8253.71688218,8253.71695828,1556.90498097,1556.90291884,0.05172345,2337.27676311,0.01998555,0.01998555,24214,74,0
8254.05775211,8254.05783720,1566.14667511,1566.14436681,0.04473353,2337.53015582,0.01998555,0.01998555,24213,74,0
8254.39933671,8254.39874426,1575.39959455,1575.41568354,0.04162376,2337.78291675,0.01998555,0.01998555,24212,74,0
8254.73985491,8254.73967948,1584.66311987,1584.66788893,0.05024719,2338.03370806,0.01998555,0.01998555,24211,74,0
8255.08094710,8255.08064285,1593.93691332,1593.94519290,0.05230917,2338.28372669,0.01998555,0.01998555,24210,74,0
8255.42144728,8255.42163438,1603.22132323,1603.21622621,0.04461480,2338.53212284,0.01998555,0.01998555,24209,74,0
8255.76286515,8255.76265407,1612.51680181,1612.52255882,0.04396257,2338.78000347,0.01998555,0.01998555,24208,74,0
8256.10360296,8256.10370193,1621.82379196,1621.82108965,0.05317339,2339.02621407,0.01998555,0.01998555,24207,74,0
8256.44492544,8256.44477795,1631.14240573,1631.14643761,0.04164480,2339.27166681,0.01998555,0.01998555,24206,74,0
8256.78573475,8256.78588216,1640.47239357,1640.46835950,0.03957407,2339.51556015,0.01998555,0.01998555,24205,74,0
8257.12687752,8257.12701453,1649.81348595,1649.80973204,0.05578081,2339.75848885,0.01998555,0.01998555,24204,74,0
8257.46820505,8257.46817509,1659.16546412,1659.16628580,0.04252132,2340.00033367,0.01998555,0.01998555,24203,74,0
8257.80953485,8257.80936383,1668.52852262,1668.53321845,0.04941248,2340.24096445,0.01998555,0.01998555,24202,74,0
8258.15056721,8258.15058076,1677.90305363,1677.90268118,0.04808485,2340.48017650,0.01998555,0.01998555,24201,74,0
8258.49173388,8258.49182587,1687.28945311,1687.28692125,0.04056644,2340.71827840,0.01998555,0.01998555,24200,74,0
8258.83299704,8258.83309918,1696.68793683,1696.68512228,0.04913108,2340.95524262,0.01998555,0.01998555,24199,74,0
8259.17455481,8259.17440069,1706.09819230,1706.10244401,0.04920073,2341.19119138,0.01998555,0.01998555,24198,74,0
8259.51653801,8259.51573040,1715.51980941,1715.54211364,0.05197939,2341.42619566,0.01998555,0.01998555,24197,74,0
8259.85726763,8259.85708832,1724.95238782,1724.95734540,0.04920542,2341.65909122,0.01998555,0.01998555,24196,74,0
8260.19848104,8260.19847444,1734.39589482,1734.39607759,0.04167211,2341.89106411,0.01998555,0.01998555,24195,74,0
8260.53992451,8260.53988877,1743.85071590,1743.85170620,0.04973315,2342.12194238,0.01998555,0.01998555,24194,74,0
8260.88174968,8260.88133132,1753.31726180,1753.32886790,0.04222850,2342.35183004,0.01998555,0.01998555,24193,74,0
8261.22243444,8261.22280209,1762.79589924,1762.78568798,0.04850048,2342.57971108,0.01998555,0.01998555,24192,74,0
8261.56470637,8261.56430108,1772.28666636,1772.29793669,0.04481323,2342.80740291,0.01998555,0.01998555,24191,74,0
8261.90614666,8261.90582829,1781.78945889,1781.79832253,0.04658227,2343.03328435,0.01998555,0.01998555,24190,74,0
8262.24739382,8262.24738373,1791.30417118,1791.30445246,0.04092218,2343.25777551,0.01998555,0.01998555,24189,74,0
8262.58882715,8262.58896741,1800.83070249,1800.82678863,0.05072944,2343.48111820,0.01998555,0.01998555,24188,74,0
8262.93089726,8262.93057932,1810.36896435,1810.37784680,0.04252000,2343.70359514,0.01998555,0.01998555,24187,74,0
8263.27205011,8263.27221947,1819.91886939,1819.91413264,0.05046255,2343.92418985,0.01998555,0.01998555,24186,74,0
8263.61343022,8263.61388786,1829.48034115,1829.46752682,0.04221471,2344.14363927,0.01998555,0.01998555,24185,74,0
8263.95478944,8263.95558450,1839.05348679,1839.03119904,0.05076118,2344.36177989,0.01998555,0.01998555,24184,74,0
8264.29689611,8264.29730939,1848.63856182,1848.62696272,0.04999598,2344.57909901,0.01998555,0.01998555,24183,74,0
8264.63926974,8264.63906254,1858.23582777,1858.24164997,0.04124880,2344.79528604,0.01998555,0.01998555,24182,74,0
8264.98085182,8264.98084394,1867.84555124,1867.84577308,0.04358024,2345.00967594,0.01998555,0.01998555,24181,74,0
8265.32264411,8265.32265360,1877.46801363,1877.46774634,0.04871454,2345.22290126,0.01998555,0.01998555,24180,74,0
8265.66420712,8265.66449152,1887.10350166,1887.09547989,0.04580990,2345.43468834,0.01998555,0.01998555,24179,74,0
8266.00602882,8266.00635771,1896.75229100,1896.74300228,0.04526886,2345.64533960,0.01998555,0.01998555,24178,74,0
8266.34880313,8266.34825218,1906.41420591,1906.42978534,0.03996123,2345.85526577,0.01998555,0.01998555,24177,74,0
8266.69053403,8266.69017492,1916.08851133,1916.09867773,0.04927988,2346.06322310,0.01998555,0.01998555,24176,74,0
8267.03257009,8267.03212593,1925.77443219,1925.78701977,0.05139052,2346.27001436,0.01998555,0.01998555,24175,74,0
8267.37433539,8267.37410523,1935.47138264,1935.47791252,0.04946652,2346.47527350,0.01998555,0.01998555,24174,74,0
8267.71621814,8267.71611281,1945.17995523,1945.18294691,0.04156918,2346.67924194,0.01998555,0.01998555,24173,74,0
8268.05734407,8268.05814868,1954.90119014,1954.87830683,0.04755727,2346.88141811,0.01998555,0.01998555,24172,74,0
8268.40015123,8268.40021285,1964.63612502,1964.63437015,0.04699072,2347.08325705,0.01998555,0.01998555,24171,74,0
8268.74267241,8268.74230531,1974.38506296,1974.39553161,0.03899820,2347.28359217,0.01998555,0.01998555,24170,74,0
8269.08417499,8269.08442606,1984.14712207,1984.13995363,0.04901742,2347.48197821,0.01998555,0.01998555,24169,74,0
8269.42648249,8269.42657512,1993.92130700,1993.91865916,0.04653046,2347.67944964,0.01998555,0.01998555,24168,74,0
8269.76920891,8269.76875249,2003.70674504,2003.71980450,0.04721990,2347.87575329,0.01998555,0.01998555,24167,74,0
8270.11129700,8270.11095817,2013.50353149,2013.51323711,0.05012842,2348.07028164,0.01998555,0.01998555,24166,74,0
8270.45360894,8270.45319216,2023.31220345,2023.32415568,0.03926987,2348.26353283,0.01998555,0.01998555,24165,74,0
8270.79519378,8270.79545446,2033.13330456,2033.12581981,0.04997484,2348.45497815,0.01998555,0.01998555,24164,74,0
8271.13808163,8271.13774509,2042.96740168,2042.97707683,0.04513491,2348.64575701,0.01998555,0.01998555,24163,74,0
8271.47973966,8271.48006404,2052.81509919,2052.80576119,0.04674939,2348.83446519,0.01998555,0.01998555,24162,74,0
8271.82243404,8271.82241132,2062.67700962,2062.67766448,0.04663345,2349.02236075,0.01998555,0.01998555,24161,74,0
8272.16497742,8272.16478693,2072.55365912,2072.55915828,0.04847457,2349.20879051,0.01998555,0.01998555,24160,74,0
8272.50774022,8272.50719087,2082.44489416,2082.46077427,0.05032700,2349.39394576,0.01998555,0.01998555,24159,74,0
8272.84997190,8272.84962315,2092.35024937,2092.36034401,0.05034281,2349.57740751,0.01998555,0.01998555,24158,74,0
8273.19224095,8273.19208377,2102.26925625,2102.27381151,0.03780876,2349.75946831,0.01998555,0.01998555,24157,74,0
8273.53432245,8273.53457274,2112.20159313,2112.19433009,0.04457534,2349.93999722,0.01998555,0.01998555,24156,74,0
8273.87723736,8273.87709006,2122.14717827,2122.15145803,0.04633283,2350.11952120,0.01998555,0.01998555,24155,74,0
8274.21966790,8274.21963572,2132.10595117,2132.10688710,0.04750015,2350.29734085,0.01998555,0.01998555,24154,74,0
8274.56206077,8274.56220975,2142.07790699,2142.07356764,0.04639598,2350.47368512,0.01998555,0.01998555,24153,74,0
8274.90476648,8274.90481213,2152.06338586,2152.06205467,0.04597287,2350.64873248,0.01998555,0.01998555,24152,74,0
8275.24696697,8275.24744287,2162.06286132,2162.04896292,0.05116294,2350.82206807,0.01998555,0.01998555,24151,74,0
8275.58945017,8275.59010198,2172.07680203,2172.05774026,0.04771474,2350.99409378,0.01998555,0.01998555,24150,74,0
8275.93291622,8275.93278946,2182.10536345,2182.10907554,0.04713116,2351.16514892,0.01998555,0.01998555,24149,74,0
8276.27555401,8276.27550532,2192.14830685,2192.14973480,0.04406689,2351.33431952,0.01998555,0.01998555,24148,74,0
8276.61766151,8276.61824955,2202.20536659,2202.18810067,0.05392904,2351.50175019,0.01998555,0.01998555,24147,74,0
8276.96045312,8276.96102216,2212.27626768,2212.25953829,0.05233836,2351.66802302,0.01998555,0.01998555,24146,74,0
8277.30357812,8277.30382315,2222.36070356,2222.35349093,0.04844667,2351.83294962,0.01998555,0.01998555,24145,74,0
8277.64670019,8277.64665253,2232.45835744,2232.45976194,0.05086182,2351.99635458,0.01998555,0.01998555,24144,74,0
8277.98966549,8277.98951030,2242.56894305,2242.57352213,0.04578510,2352.15815480,0.01998555,0.01998555,24143,74,0
8278.33240086,8278.33239647,2252.69271733,2252.69284701,0.05075073,2352.31831626,0.01998555,0.01998555,24142,74,0
8278.67515503,8278.67531103,2262.83038570,2262.82577081,0.04613770,2352.47696126,0.01998555,0.01998555,24141,74,0
8279.01828165,8279.01825400,2272.98267167,2272.98349092,0.04388150,2352.63425535,0.01998555,0.01998555,24140,74,0
8279.36066074,8279.36122537,2283.15007215,2283.13332213,0.04399842,2352.78968813,0.01998555,0.01998555,24139,74,0
8279.70388979,8279.70422514,2293.33254213,2293.32257985,0.05272958,2352.94397615,0.01998555,0.01998555,24138,74,0
8280.04720575,8280.04725333,2303.52995795,2303.52854229,0.04685974,2353.09676096,0.01998555,0.01998555,24137,74,0
8280.39022464,8280.39030994,2313.74217048,2313.73962945,0.04293088,2353.24786367,0.01998555,0.01998555,24136,74,0
8280.73349194,8280.73339496,2323.96885202,2323.97174461,0.04590030,2353.39751294,0.01998555,0.01998555,24135,74,0
8281.07641012,8281.07650841,2334.20959324,2334.20665776,0.05254335,2353.54543605,0.01998555,0.01998555,24134,74,0
8281.41950239,8281.41965029,2344.46400197,2344.45957963,0.04697940,2353.69184756,0.01998555,0.01998555,24133,74,0
8281.76298196,8281.76282059,2354.73233404,2354.73716582,0.04187746,2353.83683151,0.01998555,0.01998555,24132,74,0
8282.10570265,8282.10601932,2365.01560750,2365.00611201,0.04441748,2353.97991402,0.01998555,0.01998555,24131,74,0
8282.44944065,8282.44924650,2375.31489179,2375.32072212,0.05247172,2354.12184220,0.01998555,0.01998555,24130,74,0
8282.79265082,8282.79250211,2385.63085278,2385.63532535,0.04361307,2354.26197582,0.01998555,0.01998555,24129,74,0
8283.13557401,8283.13578617,2395.96291731,2395.95652731,0.04700423,2354.40040299,0.01998555,0.01998555,24128,74,0
8283.47892874,8283.47909867,2406.31027339,2406.30514816,0.05167074,2354.53739417,0.01998555,0.01998555,24127,74,0
8283.82223603,8283.82243963,2416.67218372,2416.66603507,0.04596327,2354.67273848,0.01998555,0.01998555,24126,74,0
8284.16580516,8284.16580904,2427.04858289,2427.04846570,0.04438955,2354.80654836,0.01998555,0.01998555,24125,74,0
8284.50917879,8284.50920690,2437.43974003,2437.43888865,0.04843882,2354.93864152,0.01998555,0.01998555,24124,74,0
8284.85242542,8284.85263323,2447.84593685,2447.83963547,0.04545867,2355.06904287,0.01998555,0.01998555,24123,74,0
8285.19637876,8285.19608803,2458.26768991,2458.27651840,0.04852501,2355.19806393,0.01998555,0.01998555,24122,74,0
8285.53883052,8285.53957129,2468.70578419,2468.68325563,0.04479368,2355.32488385,0.01998555,0.01998555,24121,74,0
8285.88304402,8285.88308303,2479.16102448,2479.15983647,0.05224836,2355.45071075,0.01998555,0.01998555,24120,74,0
8286.22698872,8286.22662324,2489.63367079,2489.64482093,0.04648662,2355.57478616,0.01998555,0.01998555,24119,74,0
8286.57058885,8286.57019193,2500.12258277,2500.13470888,0.04863244,2355.69706524,0.01998555,0.01998555,24118,74,0
8286.91425568,8286.91378910,2510.62639017,2510.64066260,0.04387280,2355.81767267,0.01998555,0.01998555,24117,74,0
8287.25755642,8287.25741476,2521.14398684,2521.14832562,0.04955049,2355.93643902,0.01998555,0.01998555,24116,74,0
8287.60113032,8287.60106891,2531.67588230,2531.67776561,0.04417678,2356.05358500,0.01998555,0.01998555,24115,74,0
8287.94490127,8287.94475155,2542.22318271,2542.22778089,0.04887025,2356.16908608,0.01998555,0.01998555,24114,74,0
8288.28878305,8288.28846269,2552.78694842,2552.79680217,0.04181395,2356.28291466,0.01998555,0.01998555,24113,74,0
8288.63192946,8288.63220233,2563.36742828,2563.35902315,0.04808747,2356.39478967,0.01998555,0.01998555,24112,74,0
8288.97644031,8288.97597047,2573.96425419,2573.97874756,0.05445730,2356.50537878,0.01998555,0.01998555,24111,74,0
8289.31999102,8289.31976712,2584.57704489,2584.58396128,0.04693368,2356.61392068,0.01998555,0.01998555,24110,74,0
8289.66331842,8289.66359228,2595.20569120,2595.19721933,0.04712686,2356.72064808,0.01998555,0.01998555,24109,74,0
8290.00782601,8290.00744596,2605.85048175,2605.86225569,0.05372831,2356.82598485,0.01998555,0.01998555,24108,74,0
8290.35188758,8290.35132816,2616.51173894,2616.52909530,0.04929811,2356.92942309,0.01998555,0.01998555,24107,74,0
8290.69534318,8290.69523887,2627.18979723,2627.19303816,0.04729962,2357.03091768,0.01998555,0.01998555,24106,74,0
8291.03914996,8291.03917812,2637.88501925,2637.88414318,0.05098479,2357.13074829,0.01998555,0.01998555,24105,74,0
8291.38318753,8291.38314589,2648.59777522,2648.59907315,0.04847787,2357.22887013,0.01998555,0.01998555,24104,74,0
8291.72753989,8291.72714219,2659.32835208,2659.34076763,0.04810604,2357.32529657,0.01998555,0.01998555,24103,74,0
8292.07173125,8292.07116703,2670.07658545,2670.09422663,0.05178227,2357.41988265,0.01998555,0.01998555,24102,74,0
8292.41518245,8292.41522041,2680.84216118,2680.84097232,0.05304011,2357.51246463,0.01998555,0.01998555,24101,74,0
8292.75915436,8292.75930233,2691.62480474,2691.62016416,0.04585044,2357.60337301,0.01998555,0.01998555,24100,74,0
8293.10299909,8293.10341280,2702.42466538,2702.41167110,0.04743429,2357.69242598,0.01998555,0.01998555,24099,74,0
8293.44742052,8293.44755182,2713.24213830,2713.23800770,0.04986344,2357.77979665,0.01998555,0.01998555,24098,74,0
8293.79150642,8293.79171940,2724.07759867,2724.07088816,0.05246087,2357.86524558,0.01998555,0.01998555,24097,74,0
8294.13564657,8294.13591553,2734.93088533,2734.92239801,0.05042508,2357.94886139,0.01998555,0.01998555,24096,74,0
8294.48051397,8294.48014022,2745.80133177,2745.81314311,0.05039010,2358.03078715,0.01998555,0.01998555,24095,74,0
8294.82470923,8294.82439348,2756.68825859,2756.69825134,0.05711236,2358.11067625,0.01998555,0.01998555,24094,74,0
8295.16871032,8295.16867530,2767.59163087,2767.59274077,0.04483093,2358.18863804,0.01998555,0.01998555,24093,74,0
8295.51267684,8295.51298570,2778.51235604,2778.50255202,0.04544373,2358.26470841,0.01998555,0.01998555,24092,74,0
8295.85655451,8295.85732467,2789.45142220,2789.42693557,0.04618115,2358.33887407,0.01998555,0.01998555,24091,74,0
8296.20164657,8296.20169222,2800.40946978,2800.40801590,0.04914175,2358.41140150,0.01998555,0.01998555,24090,74,0
8296.54650677,8296.54608835,2811.38636517,2811.39971205,0.04916588,2358.48196790,0.01998555,0.01998555,24089,74,0
8296.89012741,8296.89051307,2822.38187023,2822.36954870,0.04429720,2358.55036808,0.01998555,0.01998555,24088,74,0
8297.23478931,8297.23496638,2833.39578696,2833.39012090,0.04380143,2358.61704684,0.01998555,0.01998555,24087,74,0
8297.57935358,8297.57944828,2844.42805262,2844.42501756,0.04520899,2358.68176600,0.01998555,0.01998555,24086,74,0
8297.92371340,8297.92395877,2855.47863133,2855.47075449,0.04758357,2358.74449831,0.01998555,0.01998555,24085,74,0
8298.26829618,8298.26849787,2866.54744584,2866.54096111,0.04352860,2358.80531152,0.01998555,0.01998555,24084,74,0
8298.61304332,8298.61306557,2877.63423027,2877.63351376,0.05267860,2358.86418108,0.01998555,0.01998555,24083,74,0
8298.95740413,8298.95766188,2888.73866187,2888.73034986,0.05505495,2358.92100388,0.01998555,0.01998555,24082,74,0
8299.30173704,8299.30228680,2899.86055081,2899.84279522,0.04180548,2358.97583253,0.01998555,0.01998555,24081,74,0
8299.64644644,8299.64694033,2911.00056423,2910.98458775,0.05147699,2359.02872242,0.01998555,0.01998555,24080,74,0
8299.99175577,8299.99162249,2922.15970966,2922.16402825,0.04862114,2359.07969432,0.01998555,0.01998555,24079,74,0
8300.33644915,8300.33633326,2933.33887561,2933.34263725,0.04473714,2359.12856263,0.01998555,0.01998555,24078,74,0
8300.68120947,8300.68107266,2944.53788016,2944.54232809,0.04628029,2359.17541764,0.01998555,0.01998555,24077,74,0
8301.02556760,8301.02584068,2955.75600408,2955.74711151,0.05412498,2359.22018528,0.01998555,0.01998555,24076,74,0
8301.37081944,8301.37063734,2966.99260681,2966.99854579,0.05078501,2359.26301717,0.01998555,0.01998555,24075,74,0
8301.71571386,8301.71546264,2978.24799271,2978.25619954,0.04579370,2359.30374463,0.01998555,0.01998555,24074,74,0
8302.06015124,8302.06031657,2989.52304105,2989.51763090,0.04610465,2359.34235621,0.01998555,0.01998555,24073,74,0
8302.40454359,8302.40519915,3000.81859570,3000.79710601,0.05365214,2359.37889485,0.01998555,0.01998555,24072,74,0
8302.74971398,8302.75011037,3012.13483784,3012.12182133,0.04413346,2359.41343088,0.01998555,0.01998555,24071,74,0
8303.09491598,8303.09505025,3023.47148402,3023.46706734,0.04222019,2359.44587041,0.01998555,0.01998555,24070,74,0
8303.43961927,8303.44001878,3034.82826624,3034.81510279,0.05115629,2359.47615627,0.01998555,0.01998555,24069,74,0
8303.78457135,8303.78501596,3046.20533223,3046.19065756,0.04629822,2359.50434605,0.01998555,0.01998555,24068,74,0
8304.12977738,8304.13004181,3057.60315286,3057.59440973,0.05330591,2359.53042567,0.01998555,0.01998555,24067,74,0
8304.47525648,8304.47509632,3069.02215565,3069.02746073,0.04625260,2359.55438140,0.01998555,0.01998555,24066,74,0
8304.81982858,8304.82017950,3080.46185501,3080.45021243,0.04414958,2359.57612504,0.01998555,0.01998555,24065,74,0
8305.16481708,8305.16529135,3091.92101286,3091.90525305,0.04755778,2359.59573155,0.01998555,0.01998555,24064,74,0
8305.51044436,8305.51043187,3103.39845310,3103.39886878,0.04508547,2359.61319153,0.01998555,0.01998555,24063,74,0
8305.85558827,8305.85560107,3114.89460770,3114.89418076,0.04769727,2359.62843754,0.01998555,0.01998555,24062,74,0
8306.20054573,8306.20079896,3126.41125338,3126.40279723,0.04441561,2359.64148090,0.01998555,0.01998555,24061,74,0
8306.54617693,8306.54602553,3137.95013379,3137.95519904,0.05046130,2359.65233986,0.01998555,0.01998555,24060,74,0
8306.89128402,8306.89128079,3149.51153458,3149.51164273,0.04567555,2359.66096343,0.01998555,0.01998555,24059,74,0
8307.23693728,8307.23656475,3161.09455579,3161.10706376,0.04397800,2359.66736542,0.01998555,0.01998555,24058,74,0
8307.58205704,8307.58187740,3172.69831740,3172.70435894,0.05210717,2359.67151372,0.01998555,0.01998555,24057,74,0
8307.92765044,8307.92721875,3184.32284694,3184.33739071,0.04298008,2359.67340971,0.01998555,0.01998555,24056,74,0
8308.27269837,8308.27258881,3195.96886073,3195.97255860,0.04728325,2359.67303713,0.01998555,0.01998555,24055,74,0
8308.61880786,8308.61798757,3207.63703808,3207.66477447,0.05183452,2359.67037715,0.01998555,0.01998555,24054,74,0
8308.96333060,8308.96341504,3219.32731316,3219.32445274,0.04446698,2359.66544324,0.01998555,0.01998555,24053,74,0
8309.30935881,8309.30887123,3231.03911449,3231.05565877,0.04297227,2359.65818017,0.01998555,0.01998555,24052,74,0
8309.65510508,8309.65435614,3242.77193838,3242.79739479,0.05415551,2359.64860185,0.01998555,0.01998555,24051,74,0
8309.99989645,8309.99986977,3254.52610719,3254.52701566,0.05290331,2359.63672750,0.01998555,0.01998555,24050,74,0
8310.34514878,8310.34541212,3266.30242332,3266.29344034,0.04428639,2359.62250061,0.01998555,0.01998555,24049,74,0
8310.69072857,8310.69098320,3278.10162527,3278.09292297,0.05125095,2359.60590533,0.01998555,0.01998555,24048,74,0
8311.03637541,8311.03658302,3289.92385356,3289.91674527,0.04804001,2359.58693724,0.01998555,0.01998555,24047,74,0
8311.38209433,8311.38221157,3301.76896726,3301.76494561,0.04873187,2359.56558208,0.01998555,0.01998555,24046,74,0
8311.72801681,8311.72786886,3313.63682895,3313.64191357,0.04835911,2359.54181645,0.01998555,0.01998555,24045,74,0
8312.07414888,8312.07355489,3325.52733981,3325.54778990,0.05179441,2359.51562316,0.01998555,0.01998555,24044,74,0
8312.41931999,8312.41926967,3337.44041413,3337.44214975,0.04131306,2359.48708628,0.01998555,0.01998555,24043,74,0
8312.76522376,8312.76501320,3349.37612138,3349.38339692,0.04213272,2359.45605542,0.01998555,0.01998555,24042,74,0
8313.11029542,8313.11078549,3361.33518838,3361.31822228,0.04257409,2359.42265731,0.01998555,0.01998555,24041,74,0
8313.45644045,8313.45658653,3373.31852219,3373.31345473,0.03910641,2359.38668907,0.01998555,0.01998555,24040,74,0
8313.80214860,8313.80241633,3385.32666694,3385.31736140,0.04659958,2359.34828538,0.01998555,0.01998555,24039,74,0
8314.14766118,8314.14827490,3397.35908606,3397.33771431,0.04342980,2359.30741415,0.01998555,0.01998555,24038,74,0
8314.49354704,8314.49416224,3409.41504251,3409.39358003,0.04055104,2359.26399520,0.01998555,0.01998555,24037,74,0
8314.83972067,8314.84007835,3421.49414900,3421.48164773,0.04168804,2359.21802032,0.01998555,0.01998555,24036,74,0
8315.18565459,8315.18602323,3433.59671749,3433.58380860,0.05080141,2359.16954470,0.01998555,0.01998555,24035,74,0
8315.53169091,8315.53199690,3445.72314641,3445.71241126,0.04665327,2359.11850693,0.01998555,0.01998555,24034,74,0
8315.87767889,8315.87799935,3457.87388145,3457.86261679,0.04848813,2359.06491310,0.01998555,0.01998555,24033,74,0
8316.22372386,8316.22403058,3470.04942882,3470.03862567,0.04837391,2359.00873061,0.01998555,0.01998555,24032,74,0
8316.56990613,8316.57009060,3482.25027224,3482.24376198,0.04277508,2358.94992772,0.01998555,0.01998555,24031,74,0
8316.91573183,8316.91617942,3494.47636868,3494.46054140,0.04333235,2358.88857656,0.01998555,0.01998555,24030,74,0
8317.26213582,8317.26229703,3506.72723439,3506.72152271,0.05153360,2358.82449689,0.01998555,0.01998555,24029,74,0
8317.60771071,8317.60844345,3519.00236511,3518.97635643,0.05187551,2358.75794054,0.01998555,0.01998555,24028,74,0
8317.95464223,8317.95461867,3531.30124126,3531.30207916,0.04300802,2358.68846960,0.01998555,0.01998555,24027,74,0
8318.30076511,8318.30082269,3543.62333209,3543.62128075,0.04850333,2358.61650093,0.01998555,0.01998555,24026,74,0
8318.64672012,8318.64705553,3555.96860041,3555.95662958,0.04247564,2358.54189950,0.01998555,0.01998555,24025,74,0
8318.99337400,8318.99331719,3568.33923640,3568.34126820,0.04647775,2358.46444506,0.01998555,0.01998555,24024,74,0
8319.33992100,8319.33960766,3580.73807086,3580.74930298,0.04690046,2358.38427741,0.01998555,0.01998555,24023,74,0
8319.68585369,8319.68592695,3593.16635231,3593.16372026,0.04348678,2358.30149764,0.01998555,0.01998555,24022,74,0
8320.03205170,8320.03227507,3605.62156952,3605.61352882,0.04793190,2358.21589974,0.01998555,0.01998555,24021,74,0
8320.37904061,8320.37865202,3618.10072791,3618.11473998,0.04292617,2358.12734698,0.01998555,0.01998555,24020,74,0
8320.72541252,8320.72505781,3630.60377636,3630.61659218,0.04656872,2358.03618311,0.01998555,0.01998555,24019,74,0
8321.07130875,8321.07149243,3643.13434114,3643.12768983,0.04694112,2357.94234270,0.01998555,0.01998555,24018,74,0
8321.41801176,8321.41795589,3655.69595082,3655.69797879,0.04857718,2357.84543012,0.01998555,0.01998555,24017,74,0
8321.76414964,8321.76444820,3668.28795207,3668.27709055,0.04894882,2357.74581278,0.01998555,0.01998555,24016,74,0
8322.11083189,8322.11096935,3680.90699094,3680.90198070,0.04564452,2357.64318127,0.01998555,0.01998555,24015,74,0
8322.45748207,8322.45751935,3693.55047920,3693.54911782,0.04692102,2357.53770586,0.01998555,0.01998555,24014,74,0
8322.80348417,8322.80409821,3706.21988509,3706.19741499,0.04796296,2357.42955548,0.01998555,0.01998555,24013,74,0
8323.15069929,8323.15070593,3718.91791212,3718.91766862,0.04685319,2357.31810209,0.01998555,0.01998555,24012,74,0
8323.49686967,8323.49734251,3731.64591895,3731.62853795,0.04207281,2357.20403899,0.01998555,0.01998555,24011,74,0
8323.84334338,8323.84400795,3744.40239713,3744.37791747,0.05184454,2357.08692760,0.01998555,0.01998555,24010,74,0
8324.19088859,8324.19070227,3757.18552493,3757.19240159,0.04416789,2356.96649109,0.01998555,0.01998555,24009,74,0
8324.53741451,8324.53742545,3769.99487455,3769.99446989,0.03890085,2356.84344169,0.01998555,0.01998555,24008,74,0
8324.88457065,8324.88417752,3782.83134692,3782.84591563,0.04627884,2356.71717412,0.01998555,0.01998555,24007,74,0
8325.23057945,8325.23095846,3795.69584224,3795.68176712,0.04730867,2356.58831640,0.01998555,0.01998555,24006,74,0
8325.57797981,8325.57776829,3808.58885406,3808.59672589,0.04612947,2356.45589793,0.01998555,0.01998555,24005,74,0
8325.92472849,8325.92460700,3821.51071412,3821.51524522,0.04234430,2356.32066722,0.01998555,0.01998555,24004,74,0
8326.27071694,8326.27147461,3834.46164746,3834.43332802,0.04535903,2356.18266560,0.01998555,0.01998555,24003,74,0
8326.61824395,8326.61837111,3847.44161508,3847.43685211,0.04938676,2356.04094872,0.01998555,0.01998555,24002,74,0
8326.96556172,8326.96529651,3860.45058585,3860.46054176,0.04298408,2355.89619432,0.01998555,0.01998555,24001,74,0
8327.31198101,8327.31225081,3873.48954343,3873.47939250,0.04772074,2355.74867585,0.01998555,0.01998555,24000,74,0
8327.65919624,8327.65923401,3886.56045016,3886.55902555,0.04695497,2355.59763211,0.01998555,0.01998555,23999,74,0
8328.00636824,8328.00624613,3899.66479075,3899.66940758,0.04759369,2355.44338064,0.01998555,0.01998555,23998,74,0
8328.35350607,8328.35328716,3912.80098510,3912.80928074,0.04507996,2355.28591711,0.01998555,0.01998555,23997,74,0
8328.70066755,8328.70035710,3925.96636195,3925.97815004,0.04398316,2355.12522886,0.01998555,0.01998555,23996,74,0
8329.04726011,8329.04745596,3939.16039432,3939.15294118,0.04781618,2354.96158656,0.01998555,0.01998555,23995,74,0
8329.39443810,8329.39458375,3952.38663340,3952.38107671,0.04056961,2354.79438227,0.01998555,0.01998555,23994,74,0
8329.74126884,8329.74174046,3965.64867393,3965.63063348,0.04092601,2354.62399548,0.01998555,0.01998555,23993,74,0
8330.08863464,8330.08892611,3978.94474675,3978.93357203,0.04127381,2354.44999107,0.01998555,0.01998555,23992,74,0
8330.43585188,8330.43614069,3992.26949766,3992.25840436,0.04792285,2354.27275658,0.01998555,0.01998555,23991,74,0
8330.78375532,8330.78338421,4005.61989607,4005.63417887,0.04752207,2354.09188208,0.01998555,0.01998555,23990,74,0
8331.13006816,8331.13065666,4019.00082006,4018.97811551,0.03796887,2353.90848122,0.01998555,0.01998555,23989,74,0
8331.47790887,8331.47795807,4032.41858369,4032.41668011,0.04075836,2353.72079555,0.01998555,0.01998555,23988,74,0
8331.82496326,8331.82528842,4045.87416370,4045.86155107,0.03942198,2353.53002554,0.01998555,0.01998555,23987,74,0
8332.17273613,8332.17264773,4059.36311672,4059.36655347,0.04019895,2353.33538585,0.01998555,0.01998555,23986,74,0
8332.51994755,8332.52003599,4072.88166978,4072.87822461,0.04146818,2353.13762525,0.01998555,0.01998555,23985,74,0
8332.86772803,8332.86745321,4086.43059936,4086.44132912,0.04193059,2352.93606966,0.01998555,0.01998555,23984,74,0
nan,nan,0.00000000,-1.00000000,0.00000000,2355.91242343,nan,0.00000000,-2147483648,73,1
8303.78467835,8303.78501596,12.24363909,12.23598308,0.04531959,2356.35692608,0.01998555,0.01998555,24068,73,0
8304.13066792,8304.13004181,20.07086319,20.08507270,0.05051426,2356.77946364,0.01998555,0.01998555,24067,73,0
8304.47522102,8304.47509632,27.90487797,27.90771026,0.05078335,2357.19952472,0.01998555,0.01998555,24066,73,0
8304.81971565,8304.82017950,35.74580247,35.73525868,0.04904302,2357.61879802,0.01998555,0.01998555,24065,73,0
8305.16516986,8305.16529135,43.59365835,43.59089460,0.05169914,2358.03851855,0.01998555,0.01998555,24064,73,0
8305.51064464,8305.51043187,51.44818156,51.45302534,0.04073500,2358.45752587,0.01998555,0.01998555,24063,73,0
8305.85557620,8305.85560107,59.30905488,59.30848825,0.04833365,2358.87511874,0.01998555,0.01998555,24062,73,0
8306.20059904,8306.20079896,67.17595949,67.17140195,0.04862360,2359.29204777,0.01998555,0.01998555,24061,73,0
8306.54637419,8306.54602553,75.04861940,75.05657295,0.05219590,2359.70909229,0.01998555,0.01998555,24060,73,0
8306.89117266,8306.89128079,82.92717422,82.92470589,0.04873135,2360.12417315,0.01998555,0.01998555,24059,73,0
8307.23613817,8307.23656475,90.81199249,90.80224772,0.04787937,2360.53868732,0.01998555,0.01998555,24058,73,0
8307.58207633,8307.58187740,98.70344690,98.70799481,0.04425311,2360.95361646,0.01998555,0.01998555,24057,73,0
8307.92714314,8307.92721875,106.60190828,106.60017813,0.04228173,2361.36676560,0.01998555,0.01998555,24056,73,0
8308.27229282,8308.27258881,114.50756861,114.50079067,0.05189438,2361.77928731,0.01998555,0.01998555,24055,73,0
8308.61917408,8308.61798757,122.42036345,122.44755645,0.04609695,2362.19314046,0.01998555,0.01998555,24054,73,0
8308.96369879,8308.96341504,130.34020838,130.34671655,0.03891228,2362.60344276,0.01998555,0.01998555,24053,73,0
8309.30934942,8309.30887123,138.26701848,138.27799534,0.05122775,2363.01433867,0.01998555,0.01998555,24052,73,0
8309.65480193,8309.65435614,146.20069939,146.21094050,0.04553167,2363.42424390,0.01998555,0.01998555,24051,73,0
8309.99945443,8309.99986977,154.14112206,154.13157340,0.06304903,2363.83243855,0.01998555,0.01998555,24050,73,0
8310.34529660,8310.34541212,162.08814872,162.08549091,0.04903782,2364.24126843,0.01998555,0.01998555,24049,73,0
8310.69154088,8310.69098320,170.04164086,170.05448067,0.04612498,2364.64978779,0.01998555,0.01998555,24048,73,0
8311.03616427,8311.03658302,178.00148597,177.99183794,0.04229706,2365.05560598,0.01998555,0.01998555,24047,73,0
8311.38210761,8311.38221157,185.96785847,185.96546138,0.04769670,2365.46219376,0.01998555,0.01998555,24046,73,0
8311.72800388,8311.72786886,193.94110855,193.94422426,0.04955181,2365.86795571,0.01998555,0.01998555,24045,73,0
8312.07308370,8312.07355489,201.92159072,201.91070816,0.04778619,2366.27200768,0.01998555,0.01998555,24044,73,0
8312.41935720,8312.41926967,209.90965497,209.91167822,0.05465788,2366.67671722,0.01998555,0.01998555,24043,73,0
8312.76492825,8312.76501320,217.90536641,217.90340084,0.04905473,2367.07986725,0.01998555,0.01998555,24042,73,0
8313.11011029,8313.11078549,225.90839185,225.89275791,0.04724250,2367.48180751,0.01998555,0.01998555,24041,73,0
8313.45656974,8313.45658653,233.91836696,233.91797783,0.04985988,2367.88445461,0.01998555,0.01998555,24040,73,0
8313.80261863,8313.80241633,241.93492551,241.93961649,0.04656124,2368.28582312,0.01998555,0.01998555,24039,73,0
8314.14717743,8314.14827490,249.95783516,249.93236793,0.04849641,2368.68465373,0.01998555,0.01998555,24038,73,0
8314.49371953,8314.49416224,257.98729502,257.97701395,0.04824427,2369.08497287,0.01998555,0.01998555,24037,73,0
8314.83997122,8314.84007835,266.02359121,266.02110133,0.04961011,2369.48416000,0.01998555,0.01998555,24036,73,0
8315.18554471,8315.18602323,274.06701135,274.05588084,0.04896695,2369.88178321,0.01998555,0.01998555,24035,73,0
8315.53160607,8315.53199690,282.11781863,282.10872009,0.04617332,2370.27919526,0.01998555,0.01998555,24034,73,0
8315.87769261,8315.87799935,290.17608245,290.16893570,0.04817872,2370.67586391,0.01998555,0.01998555,24033,73,0
8316.22474200,8316.22403058,298.24178374,298.25837330,0.05236391,2371.07285691,0.01998555,0.01998555,24032,73,0
8316.57087601,8316.57009060,306.31490282,306.33323298,0.04891246,2371.46802195,0.01998555,0.01998555,24031,73,0
8316.91712901,8316.91617942,314.39542131,314.41760171,0.05401094,2371.86253906,0.01998555,0.01998555,24030,73,0
8317.26218561,8317.26229703,322.48334884,322.48074398,0.04400486,2372.25491097,0.01998555,0.01998555,24029,73,0
8317.60747026,8317.60844345,330.57872123,330.55595165,0.04476157,2372.64675985,0.01998555,0.01998555,24028,73,0
8317.95438137,8317.95461867,338.68157544,338.67601866,0.04694179,2373.03966548,0.01998555,0.01998555,24027,73,0
8318.30035726,8318.30082269,346.79194792,346.78103975,0.04515176,2373.43072325,0.01998555,0.01998555,24026,73,0
8318.64657669,8318.64705553,354.90981229,354.89858055,0.04608428,2373.82126393,0.01998555,0.01998555,24025,73,0
8318.99334219,8318.99331719,363.03502890,363.03561581,0.03639295,2374.21161663,0.01998555,0.01998555,24024,73,0
8319.33967946,8319.33960766,371.16744550,371.16913239,0.04189066,2374.60067426,0.01998555,0.01998555,24023,73,0
8319.68652056,8319.68592695,379.30690903,379.32086576,0.04947056,2374.98947368,0.01998555,0.01998555,24022,73,0
8320.03215735,8320.03227507,387.45333038,387.45056032,0.04764544,2375.37609587,0.01998555,0.01998555,24021,73,0
8320.37899161,8320.37865202,395.60684626,395.61484319,0.04392319,2375.76323145,0.01998555,0.01998555,24020,73,0
8320.72418319,8320.72505781,403.76764354,403.74703039,0.04082380,2376.14771807,0.01998555,0.01998555,24019,73,0
8321.07128640,8321.07149243,411.93591005,411.93105019,0.04832049,2376.53351993,0.01998555,0.01998555,24018,73,0
8321.41812571,8321.41795589,420.11181389,420.11582299,0.04666225,2376.91821834,0.01998555,0.01998555,24017,73,0
8321.76494663,8321.76444820,428.29538372,428.30716092,0.05068233,2377.30208517,0.01998555,0.01998555,24016,73,0
8322.11144264,8322.11096935,436.48659018,436.49778273,0.04674347,2377.68477819,0.01998555,0.01998555,24015,73,0
8322.45788826,8322.45751935,444.68540353,444.69413495,0.05125252,2378.06659775,0.01998555,0.01998555,24014,73,0
8322.80308230,8322.80409821,452.89179542,452.86773041,0.04049786,2378.44622056,0.01998555,0.01998555,24013,73,0
8323.15159558,8323.15070593,461.10575863,461.12685062,0.04691385,2378.82866284,0.01998555,0.01998555,24012,73,0
8323.49734202,8323.49734251,469.32730117,469.32728953,0.04729091,2379.20724166,0.01998555,0.01998555,24011,73,0
8323.84338343,8323.84400795,477.55643141,477.54160023,0.04524861,2379.58531606,0.01998555,0.01998555,24010,73,0
8324.19079533,8324.19070227,485.79315455,485.79536645,0.04314419,2379.96405261,0.01998555,0.01998555,24009,73,0
8324.53739686,8324.53742545,494.03737776,494.03669762,0.04349289,2380.34106476,0.01998555,0.01998555,24008,73,0
8324.88488546,8324.88417752,502.28889333,502.30574663,0.04749873,2380.71818636,0.01998555,0.01998555,24007,73,0
8325.23090829,8325.23095846,510.54748595,510.54629071,0.04784777,2381.09285367,0.01998555,0.01998555,24006,73,0
8325.57732235,8325.57776829,518.81294194,518.80231015,0.04640613,2381.46706924,0.01998555,0.01998555,24005,73,0
8325.92432309,8325.92460700,527.08532954,527.07855521,0.04476064,2381.84104108,0.01998555,0.01998555,24004,73,0
8326.27172460,8326.27147461,535.36523496,535.37120513,0.04508582,2382.21458903,0.01998555,0.01998555,24003,73,0
8326.61801859,8326.61837111,543.65330286,543.64487647,0.04497809,2382.58611998,0.01998555,0.01998555,24002,73,0
8326.96553057,8326.96529651,551.95018108,551.95578167,0.04783146,2382.95815449,0.01998555,0.01998555,24001,73,0
8327.31301887,8327.31225081,560.25619093,560.27458722,0.04821164,2383.32937014,0.01998555,0.01998555,24000,73,0
8327.65897661,8327.65923401,568.57072760,568.56455680,0.04476711,2383.69813224,0.01998555,0.01998555,23999,73,0
8328.00607557,8328.00624613,576.89302110,576.88892911,0.04449450,2384.06725285,0.01998555,0.01998555,23998,73,0
8328.35350741,8328.35328716,585.22229701,585.22758519,0.05414062,2384.43582976,0.01998555,0.01998555,23997,73,0
8328.70056354,8328.70035710,593.55802008,593.56298002,0.04265785,2384.80308531,0.01998555,0.01998555,23996,73,0
8329.04793145,8329.04745596,601.90067928,601.91211248,0.04690062,2385.16976647,0.01998555,0.01998555,23995,73,0
8329.39478995,8329.39458375,610.25103722,610.25599960,0.05162808,2385.53503791,0.01998555,0.01998555,23994,73,0
8329.74150637,8329.74174046,618.60986083,618.60422161,0.04403923,2385.89931942,0.01998555,0.01998555,23993,73,0
8330.08893999,8330.08892611,626.97776828,626.97810293,0.04305306,2386.26353534,0.01998555,0.01998555,23992,73,0
8330.43575693,8330.43614069,635.35444918,635.34518673,0.04533825,2386.62627017,0.01998555,0.01998555,23991,73,0
8330.78382470,8330.78338421,643.73924058,643.74988152,0.04656392,2386.98944276,0.01998555,0.01998555,23990,73,0
8331.13057138,8331.13065666,652.13147505,652.12941318,0.05758952,2387.35033816,0.01998555,0.01998555,23989,73,0
8331.47828185,8331.47795807,660.53058537,660.53841865,0.04790191,2387.71130877,0.01998555,0.01998555,23988,73,0
8331.82577702,8331.82528842,668.93688609,668.94871645,0.04844429,2388.07113849,0.01998555,0.01998555,23987,73,0
8332.17256902,8332.17264773,677.35114074,677.34923339,0.04605066,2388.42935556,0.01998555,0.01998555,23986,73,0
8332.52004683,8332.52003599,685.77412067,685.77438358,0.03964576,2388.78742449,0.01998555,0.01998555,23985,73,0
8332.86777152,8332.86745321,694.20652622,694.21425612,0.05175625,2389.14491586,0.01998555,0.01998555,23984,73,0
8333.21487258,8333.21489940,702.64819032,702.64753847,0.04577528,2389.50092537,0.01998555,0.01998555,23983,73,0
8333.56272268,8333.56237455,711.09838514,711.10685502,0.04913854,2389.85682628,0.01998555,0.01998555,23982,73,0
8333.91052859,8333.90987867,719.55636943,719.57219414,0.04242490,2390.21176997,0.01998555,0.01998555,23981,73,0
8334.25770073,8334.25741177,728.02144633,728.02848748,0.04607596,2390.56512547,0.01998555,0.01998555,23980,73,0
8334.60439453,8334.60497384,736.49365622,736.47952923,0.04471805,2390.91705458,0.01998555,0.01998555,23979,73,0
8334.95215254,8334.95256490,744.97361644,744.96355201,0.04194401,2391.26914368,0.01998555,0.01998555,23978,73,0
8335.30021827,8335.30018494,753.46196310,753.46277729,0.04153110,2391.62064477,0.01998555,0.01998555,23977,73,0
8335.64744648,8335.64783397,761.95931139,761.94983562,0.04130183,2391.97042547,0.01998555,0.01998555,23976,73,0
8335.99538608,8335.99551199,770.46580661,770.46272450,0.04886908,2392.32004904,0.01998555,0.01998555,23975,73,0
8336.34330401,8336.34321901,778.98116805,778.98325056,0.04230690,2392.66876124,0.01998555,0.01998555,23974,73,0
8336.69069023,8336.69095503,787.50509799,787.49860417,0.04697170,2393.01603748,0.01998555,0.01998555,23973,73,0
8337.03858105,8337.03872005,796.03730647,796.03389460,0.04093450,2393.36289877,0.01998555,0.01998555,23972,73,0
8337.38620180,8337.38651408,804.57772080,804.57004919,0.04849464,2393.70856570,0.01998555,0.01998555,23971,73,0
8337.73418868,8337.73433712,813.12648713,813.12283716,0.05176220,2394.05367324,0.01998555,0.01998555,23970,73,0
8338.08201853,8338.08218917,821.68376199,821.67956218,0.04140480,2394.39770482,0.01998555,0.01998555,23969,73,0
8338.43094743,8338.43007024,830.24969963,830.27130904,0.04305890,2394.74190197,0.01998555,0.01998555,23968,73,0
8338.77806456,8338.77798033,838.82437225,838.82644919,0.03797396,2395.08339567,0.01998555,0.01998555,23967,73,0
8339.12546592,8339.12591945,847.40776404,847.39657046,0.04637197,2395.42425000,0.01998555,0.01998555,23966,73,0
8339.47345460,8339.47388760,855.99985478,855.98915827,0.05636570,2395.76475473,0.01998555,0.01998555,23965,73,0
8339.82218556,8339.82188478,864.60063069,864.60806810,0.04012112,2396.10505222,0.01998555,0.01998555,23964,73,0
8340.16953648,8340.16991099,873.21025459,873.20098521,0.04838952,2396.44307703,0.01998555,0.01998555,23963,73,0
8340.51812589,8340.51796625,881.82908258,881.83303778,0.03949314,2396.78138849,0.01998555,0.01998555,23962,73,0
8340.86608197,8340.86605054,890.45748260,890.45826200,0.04580624,2397.11817826,0.01998555,0.01998555,23961,73,0
8341.21431158,8341.21416389,899.09580430,899.09947130,0.05333542,2397.45433534,0.01998555,0.01998555,23960,73,0
8341.56216380,8341.56230628,907.74387138,907.74033031,0.03758597,2397.78922101,0.01998555,0.01998555,23959,73,0
8341.91095373,8341.91047773,916.40094394,916.41278469,0.04545652,2398.12406669,0.01998555,0.01998555,23958,73,0
8342.25916712,8342.25867824,925.06625023,925.07842127,0.05439381,2398.45738399,0.01998555,0.01998555,23957,73,0
8342.60709575,8342.60690781,933.73904714,933.74372953,0.04493326,2398.78942425,0.01998555,0.01998555,23956,73,0
8342.95578328,8342.95516644,942.41935438,942.43473541,0.04412289,2399.12117936,0.01998555,0.01998555,23955,73,0
8343.30334836,8343.30345415,951.10795888,951.10531865,0.05096755,2399.45088781,0.01998555,0.01998555,23954,73,0
8343.65150292,8343.65177092,959.80568568,959.79898999,0.04020292,2399.78020372,0.01998555,0.01998555,23953,73,0
8344.00019620,8344.00011677,968.51332615,968.51531266,0.04159955,2400.10910068,0.01998555,0.01998555,23952,73,0
8344.34874040,8344.34849170,977.23093494,977.23716127,0.04556551,2400.43692644,0.01998555,0.01998555,23951,73,0
8344.69689874,8344.69689572,985.95789998,985.95797566,0.05348842,2400.76343362,0.01998555,0.01998555,23950,73,0
8345.04520773,8345.04532882,994.69358159,994.69054444,0.04399278,2401.08909881,0.01998555,0.01998555,23949,73,0
8345.39341809,8345.39379101,1003.43737657,1003.42801510,0.04514738,2401.41366296,0.01998555,0.01998555,23948,73,0
8345.74249798,8345.74228230,1012.18929024,1012.19470913,0.04766535,2401.73802214,0.01998555,0.01998555,23947,73,0
8346.09062881,8346.09080268,1020.94980287,1020.94543035,0.05181067,2402.06050138,0.01998555,0.01998555,23946,73,0
8346.43956379,8346.43935217,1029.71941009,1029.72473716,0.03933190,2402.38274009,0.01998555,0.01998555,23945,73,0
8346.78816850,8346.78793076,1038.49857132,1038.50456188,0.04569499,2402.70370179,0.01998555,0.01998555,23944,73,0
8347.13675954,8347.13653846,1047.28729722,1047.29287362,0.04523795,2403.02367597,0.01998555,0.01998555,23943,73,0
8347.48565600,8347.48517527,1056.08530953,1056.09744676,0.04575307,2403.34294035,0.01998555,0.01998555,23942,73,0
8347.83394315,8347.83384120,1064.89232351,1064.89489967,0.05865704,2403.66064521,0.01998555,0.01998555,23941,73,0
8348.18234901,8348.18253625,1073.70808293,1073.70334700,0.04234484,2403.97744403,0.01998555,0.01998555,23940,73,0
8348.53087408,8348.53126043,1082.53258671,1082.52280571,0.04104398,2404.29333268,0.01998555,0.01998555,23939,73,0
8348.87997170,8348.88001372,1091.36596284,1091.36489780,0.04456647,2404.60872009,0.01998555,0.01998555,23938,73,0
8349.22917904,8349.22879616,1100.20834106,1100.21805254,0.04604124,2404.92318621,0.01998555,0.01998555,23937,73,0
8349.57769367,8349.57760772,1109.05989086,1109.06207307,0.05449381,2405.23601333,0.01998555,0.01998555,23936,73,0
8349.92691090,8349.92644842,1117.92101827,1117.93277190,0.05054526,2405.54846446,0.01998555,0.01998555,23935,73,0
8350.27537290,8350.27531827,1126.79222001,1126.79361004,0.04121413,2405.85924897,0.01998555,0.01998555,23934,73,0
8350.62428760,8350.62421726,1135.67399614,1135.67578791,0.04413704,2406.16945876,0.01998555,0.01998555,23933,73,0
8350.97292662,8350.97314540,1144.56664491,1144.56106601,0.04546470,2406.47845150,0.01998555,0.01998555,23932,73,0
8351.32204934,8351.32210269,1153.46960761,1153.46824588,0.04154162,2406.78687558,0.01998555,0.01998555,23931,73,0
8351.67138406,8351.67108914,1162.38209698,1162.38963207,0.04347029,2407.09445658,0.01998555,0.01998555,23930,73,0
8352.02052369,8352.02010475,1171.30332110,1171.31403418,0.04809439,2407.40080496,0.01998555,0.01998555,23929,73,0
8352.36972693,8352.36914952,1180.23287028,1180.24764860,0.04638947,2407.70613081,0.01998555,0.01998555,23928,73,0
8352.71848486,8352.71822346,1189.17141283,1189.17810964,0.04815864,2408.01001029,0.01998555,0.01998555,23927,73,0
8353.06785843,8353.06732657,1198.11980840,1198.13344848,0.04714217,2408.31339248,0.01998555,0.01998555,23926,73,0
8353.41704002,8353.41645886,1207.07891726,1207.09383928,0.04975388,2408.61559912,0.01998555,0.01998555,23925,73,0
8353.76582248,8353.76562032,1216.04913100,1216.05432754,0.04998839,2408.91646209,0.01998555,0.01998555,23924,73,0
8354.11489602,8354.11481097,1225.02998297,1225.03217159,0.04814339,2409.21655706,0.01998555,0.01998555,23923,73,0
8354.46400047,8354.46403080,1234.02091250,1234.02013112,0.05207435,2409.51563595,0.01998555,0.01998555,23922,73,0
8354.81391674,8354.81327982,1243.02136823,1243.03778998,0.05427799,2409.81434155,0.01998555,0.01998555,23921,73,0
8355.16280135,8355.16255804,1252.03119178,1252.03747117,0.05081224,2410.11109204,0.01998555,0.01998555,23920,73,0
8355.51221518,8355.51186545,1261.05068261,1261.05971750,0.05064720,2410.40722337,0.01998555,0.01998555,23919,73,0
8355.86148787,8355.86120206,1270.08016772,1270.08755912,0.04995116,2410.70217227,0.01998555,0.01998555,23918,73,0
8356.21018319,8356.21056788,1279.11995827,1279.10999909,0.04724363,2410.99557956,0.01998555,0.01998555,23917,73,0
8356.56023994,8356.55996290,1288.17012795,1288.17730758,0.04844815,2411.28907116,0.01998555,0.01998555,23916,73,0
8356.90965395,8356.90938714,1297.23058031,1297.23750221,0.04672729,2411.58095604,0.01998555,0.01998555,23915,73,0
8357.25833017,8357.25884059,1306.30121460,1306.28795901,0.04403434,2411.87115361,0.01998555,0.01998555,23914,73,0
8357.60867633,8357.60832326,1315.38192624,1315.39110493,0.04021298,2412.16165590,0.01998555,0.01998555,23913,73,0
8357.95785107,8357.95783515,1324.47258932,1324.47300356,0.04103432,2412.45009637,0.01998555,0.01998555,23912,73,0
8358.30733983,8358.30737626,1333.57306858,1333.57211944,0.04117338,2412.73769769,0.01998555,0.01998555,23911,73,0
8358.65688428,8358.65694661,1342.68322776,1342.68160267,0.04508128,2413.02423717,0.01998555,0.01998555,23910,73,0
8359.00677100,8359.00654619,1351.80305185,1351.80891920,0.04898765,2413.30994330,0.01998555,0.01998555,23909,73,0
8359.35613906,8359.35617501,1360.93294796,1360.93200881,0.04771192,2413.59412256,0.01998555,0.01998555,23908,73,0
8359.70564712,8359.70583307,1370.07341710,1370.06855350,0.04671923,2413.87732372,0.01998555,0.01998555,23907,73,0
8360.05569866,8360.05552037,1379.22496022,1379.22962883,0.04679802,2414.15988147,0.01998555,0.01998555,23906,73,0
8360.40506036,8360.40523692,1388.38777272,1388.38314400,0.04385408,2414.44080225,0.01998555,0.01998555,23905,73,0
8360.75468370,8360.75498272,1397.56150222,1397.55365481,0.04343356,2414.72083762,0.01998555,0.01998555,23904,73,0
8361.10448167,8361.10475778,1406.74573740,1406.73848377,0.05143080,2414.99989869,0.01998555,0.01998555,23903,73,0
8361.45444756,8361.45456210,1415.94007592,1415.93706376,0.05136332,2415.27796189,0.01998555,0.01998555,23902,73,0
8361.80428639,8361.80439568,1425.14434774,1425.14147078,0.04614363,2415.55478325,0.01998555,0.01998555,23901,73,0
8362.15418812,8362.15425852,1434.35859775,1434.35674262,0.04602578,2415.83051054,0.01998555,0.01998555,23900,73,0
8362.50440642,8362.50415064,1443.58287915,1443.58962571,0.05204913,2416.10533914,0.01998555,0.01998555,23899,73,0
8362.85441853,8362.85407203,1452.81731061,1452.82645949,0.05740501,2416.37885751,0.01998555,0.01998555,23898,73,0
8363.20373640,8363.20402270,1462.06249591,1462.05492800,0.04862211,2416.65070210,0.01998555,0.01998555,23897,73,0
8363.55404347,8363.55400265,1471.31926108,1471.32034156,0.04286960,2416.92220108,0.01998555,0.01998555,23896,73,0
8363.90393241,8363.90401188,1480.58843878,1480.58633282,0.03975243,2417.19228018,0.01998555,0.01998555,23895,73,0
8364.25412616,8364.25405041,1489.87041876,1489.87242884,0.04647288,2417.46150386,0.01998555,0.01998555,23894,73,0
8364.60421518,8364.60411822,1499.16418104,1499.16675652,0.04601060,2417.72952137,0.01998555,0.01998555,23893,73,0
8364.95462487,8364.95421533,1508.46842120,1508.47931037,0.04288672,2417.99661485,0.01998555,0.01998555,23892,73,0
8365.30458705,8365.30434174,1517.78184821,1517.78837628,0.05058334,2418.26215816,0.01998555,0.01998555,23891,73,0
8365.65440111,8365.65449746,1527.10416614,1527.10159980,0.04370512,2418.52636933,0.01998555,0.01998555,23890,73,0
8366.00496980,8366.00468248,1536.43645786,1536.44411896,0.04099520,2418.78995379,0.01998555,0.01998555,23889,73,0
8366.35443161,8366.35489681,1545.77991427,1545.76749578,0.04929630,2419.05154263,0.01998555,0.01998555,23888,73,0
8366.70558561,8366.70514045,1555.13563227,1555.14753084,0.04716012,2419.31325391,0.01998555,0.01998555,23887,73,0
8367.05514816,8367.05541342,1564.50363208,1564.49653375,0.04180572,2419.57263506,0.01998555,0.01998555,23886,73,0
8367.40555010,8367.40571570,1573.88328138,1573.87884490,0.05307534,2419.83147071,0.01998555,0.01998555,23885,73,0
8367.75624981,8367.75604731,1583.27393433,1583.27936502,0.04089010,2420.08933226,0.01998555,0.01998555,23884,73,0
8368.10614487,8368.10640825,1592.67514071,1592.66806957,0.05320052,2420.34539470,0.01998555,0.01998555,23883,73,0
8368.45673447,8368.45679853,1602.08719483,1602.08547337,0.04719604,2420.60075911,0.01998555,0.01998555,23882,73,0
8368.80734838,8368.80721813,1611.51056759,1611.51407213,0.04045732,2420.85494150,0.01998555,0.01998555,23881,73,0
8369.15803363,8369.15766708,1620.94572684,1620.95560135,0.04777137,2421.10798302,0.01998555,0.01998555,23880,73,0
8369.50825078,8369.50814538,1630.39284501,1630.39568777,0.04171777,2421.35949581,0.01998555,0.01998555,23879,73,0
8369.85885367,8369.85865302,1639.85167480,1639.85709267,0.05287898,2421.61008167,0.01998555,0.01998555,23878,73,0
8370.20871084,8370.20919001,1649.32193542,1649.30898284,0.04305971,2421.85892125,0.01998555,0.01998555,23877,73,0
8370.55923248,8370.55975636,1658.80338929,1658.78921268,0.05087761,2422.10700674,0.01998555,0.01998555,23876,73,0
8370.91018776,8370.91035206,1668.29621600,1668.29176486,0.04051830,2422.35416870,0.01998555,0.01998555,23875,73,0
8371.26074085,8371.26097713,1677.80082323,1677.79441444,0.04954601,2422.59982380,0.01998555,0.01998555,23874,73,0
8371.61205154,8371.61163156,1687.31762357,1687.32902875,0.04274443,2422.84478825,0.01998555,0.01998555,23873,73,0
8371.96173559,8371.96231537,1696.84684115,1696.83107717,0.04541184,2423.08740433,0.01998555,0.01998555,23872,73,0
8372.31284275,8372.31302854,1706.38814973,1706.38309210,0.04122637,2423.32977525,0.01998555,0.01998555,23871,73,0
8372.66322603,8372.66377110,1715.94112178,1715.92626783,0.04725635,2423.57039911,0.01998555,0.01998555,23870,73,0
8373.01366232,8373.01454303,1725.50534498,1725.48131833,0.05016484,2423.80979753,0.01998555,0.01998555,23869,73,0
8373.36539449,8373.36534435,1735.08081829,1735.08218776,0.04654089,2424.04880719,0.01998555,0.01998555,23868,73,0
8373.71595383,8373.71617506,1744.66794967,1744.66190072,0.04604280,2424.28575490,0.01998555,0.01998555,23867,73,0
8374.06709708,8374.06703516,1754.26716741,1754.26886246,0.04455833,2424.52183651,0.01998555,0.01998555,23866,73,0
8374.41775198,8374.41792465,1763.87883338,1763.87410061,0.05067416,2424.75633396,0.01998555,0.01998555,23865,73,0
8374.76887859,8374.76884355,1773.50295351,1773.50391519,0.04603705,2424.98988388,0.01998555,0.01998555,23864,73,0
8375.11962068,8375.11979184,1783.13941846,1783.13471569,0.04482134,2425.22190800,0.01998555,0.01998555,23863,73,0
8375.47034722,8375.47076955,1792.78811810,1792.77650106,0.04578005,2425.45264437,0.01998555,0.01998555,23862,73,0
8375.82183682,8375.82177666,1802.44894954,1802.45060615,0.04267264,2425.68259312,0.01998555,0.01998555,23861,73,0
8376.17273875,8376.17281319,1812.12182131,1812.11976906,0.04744462,2425.91086197,0.01998555,0.01998555,23860,73,0
8376.52391032,8376.52387914,1821.80664219,1821.80750304,0.04934462,2426.13800275,0.01998555,0.01998555,23859,73,0
8376.87511276,8376.87497450,1831.50334948,1831.50717014,0.05290098,2426.36385246,0.01998555,0.01998555,23858,73,0
8377.22642517,8377.22609930,1841.21210660,1841.22112248,0.04286663,2426.58845951,0.01998555,0.01998555,23857,73,0
8377.57729615,8377.57725352,1850.93318396,1850.93436481,0.04607259,2426.81147393,0.01998555,0.01998555,23856,73,0
8377.92859726,8377.92843717,1860.66685462,1860.67129440,0.04577338,2427.03345030,0.01998555,0.01998555,23855,73,0
8378.27981127,8378.27965026,1870.41339994,1870.41787097,0.03404709,2427.25406043,0.01998555,0.01998555,23854,73,0
8378.63094846,8378.63089279,1880.17311567,1880.17466339,0.04669645,2427.47331238,0.01998555,0.01998555,23853,73,0
8378.98212820,8378.98216477,1889.94630124,1889.94528332,0.04343384,2427.69128146,0.01998555,0.01998555,23852,73,0
8379.33390219,8379.33346619,1899.73318980,1899.74534419,0.04540610,2427.90830539,0.01998555,0.01998555,23851,73,0
8379.68516334,8379.68479706,1909.53335525,1909.54357875,0.04935337,2428.12368500,0.01998555,0.01998555,23850,73,0
8380.03620049,8380.03615739,1919.34599805,1919.34720260,0.05151058,2428.33757805,0.01998555,0.01998555,23849,73,0
8380.38760855,8380.38754717,1929.17031124,1929.17202822,0.04286129,2428.55032302,0.01998555,0.01998555,23848,73,0
8380.73813237,8380.73896642,1939.00603113,1938.98267407,0.04535676,2428.76115203,0.01998555,0.01998555,23847,73,0
8381.09026789,8381.09041514,1948.85408277,1948.84995427,0.04700821,2428.97157642,0.01998555,0.01998555,23846,73,0
8381.44158292,8381.44189332,1958.71555421,1958.70683952,0.04543113,2429.18015537,0.01998555,0.01998555,23845,73,0
8381.79352765,8381.79340098,1968.59141048,1968.59497189,0.04725249,2429.38776489,0.01998555,0.01998555,23844,73,0
8382.14513750,8382.14493811,1978.48134751,1978.48696064,0.05039877,2429.59382121,0.01998555,0.01998555,23843,73,0
8382.49667262,8382.49650473,1988.38434060,1988.38907264,0.05230411,2429.79845142,0.01998555,0.01998555,23842,73,0
8382.84841715,8382.84810083,1998.29935260,1998.30827763,0.03852576,2430.00179278,0.01998555,0.01998555,23841,73,0
8383.19907551,8383.19972641,2008.22583698,2008.20745165,0.04476716,2430.20308499,0.01998555,0.01998555,23840,73,0
8383.55170449,8383.55138149,2018.16423660,2018.17337032,0.04767260,2430.40408094,0.01998555,0.01998555,23839,73,0
8383.90325302,8383.90306607,2028.11511548,2028.12040827,0.04892689,2430.60304179,0.01998555,0.01998555,23838,73,0
8384.25502342,8384.25478014,2038.07904672,2038.08594305,0.04845383,2430.80071524,0.01998555,0.01998555,23837,73,0
8384.60684484,8384.60652372,2048.05664411,2048.06575892,0.04513890,2430.99700947,0.01998555,0.01998555,23836,73,0
8384.95805036,8384.95829681,2058.04854343,2058.04153823,0.04705117,2431.19156163,0.01998555,0.01998555,23835,73,0
8385.31021819,8385.31009940,2068.05537854,2068.05875975,0.04420374,2431.38524927,0.01998555,0.01998555,23834,73,0
8385.66144000,8385.66193151,2078.07736714,2078.06335656,0.04717079,2431.57701974,0.01998555,0.01998555,23833,73,0
8386.01433160,8386.01379314,2088.11407931,2088.12944901,0.04700545,2431.76828150,0.01998555,0.01998555,23832,73,0
8386.36547296,8386.36568429,2098.16502615,2098.15898618,0.05295632,2431.95716523,0.01998555,0.01998555,23831,73,0
8386.71777811,8386.71760496,2108.22976871,2108.23472362,0.05748862,2432.14522697,0.01998555,0.01998555,23830,73,0
8387.06906453,8387.06955517,2118.30815093,2118.29409219,0.05248811,2432.33129135,0.01998555,0.01998555,23829,73,0
8387.42205004,8387.42153491,2128.40010987,2128.41488904,0.05246686,2432.51678592,0.01998555,0.01998555,23828,73,0
8387.77355344,8387.77354418,2138.50559325,2138.50585925,0.04990992,2432.70003014,0.01998555,0.01998555,23827,73,0
8388.12516781,8388.12558299,2148.62481205,2148.61286999,0.04686579,2432.88186036,0.01998555,0.01998555,23826,73,0
8388.47801202,8388.47765135,2158.75824680,2158.76863476,0.04589008,2433.06284865,0.01998555,0.01998555,23825,73,0
8388.82993049,8388.82974926,2168.90639377,2168.91162096,0.04629253,2433.24188924,0.01998555,0.01998555,23824,73,0
8389.18151013,8389.18187671,2179.06958234,2179.05899448,0.04656367,2433.41928722,0.01998555,0.01998555,23823,73,0
8389.53397822,8389.53403372,2189.24763313,2189.24602777,0.05196810,2433.59564797,0.01998555,0.01998555,23822,73,0
8389.88608031,8389.88622030,2199.44026999,2199.43621587,0.04912437,2433.77032854,0.01998555,0.01998555,23821,73,0
8390.23847081,8390.23843643,2209.64721149,2209.64820838,0.04728428,2433.94364217,0.01998555,0.01998555,23820,73,0
8390.59061646,8390.59068213,2219.86814644,2219.86623979,0.04105547,2434.11531413,0.01998555,0.01998555,23819,73,0
8390.94281162,8390.94295740,2230.10274556,2230.09850755,0.05349885,2434.28547688,0.01998555,0.01998555,23818,73,0
8391.29540948,8391.29526224,2240.35068441,2240.35496974,0.05303904,2434.45428610,0.01998555,0.01998555,23817,73,0
8391.64730171,8391.64759667,2250.61205054,2250.60345488,0.04615536,2434.62120805,0.01998555,0.01998555,23816,73,0
8391.99975788,8391.99996067,2260.88754285,2260.88162512,0.04154639,2434.78685050,0.01998555,0.01998555,23815,73,0
8392.35227119,8392.35235426,2271.17791500,2271.17548755,0.04927351,2434.95097619,0.01998555,0.01998555,23814,73,0
8392.70488429,8392.70477743,2281.48377612,2281.48690319,0.04405285,2435.11360612,0.01998555,0.01998555,23813,73,0
8393.05700026,8393.05723020,2291.80514447,2291.79840587,0.04115889,2435.27446019,0.01998555,0.01998555,23812,73,0
8393.40917995,8393.40971257,2302.14189130,2302.12626104,0.05074814,2435.43378780,0.01998555,0.01998555,23811,73,0
8393.76251539,8393.76222453,2312.49387183,2312.50241911,0.04675489,2435.59206499,0.01998555,0.01998555,23810,73,0
8394.11417389,8394.11476610,2322.86077134,2322.84334519,0.04039458,2435.74801406,0.01998555,0.01998555,23809,73,0
8394.46746600,8394.46733728,2333.24216495,2333.24595748,0.04920953,2435.90308962,0.01998555,0.01998555,23808,73,0
8394.82043594,8394.81993807,2343.63763381,2343.65232160,0.04460346,2436.05641090,0.01998555,0.01998555,23807,73,0
8395.17251717,8395.17256847,2354.04734767,2354.04583233,0.05338469,2436.20773552,0.01998555,0.01998555,23806,73,0
8395.52562210,8395.52522849,2364.47234316,2364.48398724,0.04516668,2436.35789221,0.01998555,0.01998555,23805,73,0
8395.87811750,8395.87791813,2374.91373446,2374.91964118,0.04577622,2436.50619165,0.01998555,0.01998555,23804,73,0
8396.23064252,8396.23063740,2385.37225961,2385.37241133,0.04888606,2436.65290868,0.01998555,0.01998555,23803,73,0
8396.58325408,8396.58338630,2395.84735464,2395.84342547,0.04418763,2436.79804975,0.01998555,0.01998555,23802,73,0
8396.93611098,8396.93616484,2406.33817340,2406.33657064,0.04914211,2436.94165801,0.01998555,0.01998555,23801,73,0
8397.28888291,8397.28897301,2416.84394945,2416.84126491,0.04186507,2437.08357967,0.01998555,0.01998555,23800,73,0
8397.64187878,8397.64181082,2427.36461915,2427.36664702,0.04784923,2437.22392955,0.01998555,0.01998555,23799,73,0
8397.99490551,8397.99467827,2437.90046315,2437.90725262,0.05146060,2437.36262520,0.01998555,0.01998555,23798,73,0
8398.34723852,8398.34757538,2448.45177827,2448.44169944,0.04567989,2437.49938274,0.01998555,0.01998555,23797,73,0
8398.70100501,8398.70050214,2459.01912372,2459.03419207,0.04820953,2437.63502178,0.01998555,0.01998555,23796,73,0
8399.05405000,8399.05345855,2469.60332177,2469.62107172,0.04396420,2437.76871312,0.01998555,0.01998555,23795,73,0
8399.40596959,8399.40644462,2480.20520716,2480.19092795,0.04956950,2437.90031854,0.01998555,0.01998555,23794,73,0
8399.75948253,8399.75946036,2490.82490727,2490.82557483,0.04579847,2438.03084386,0.01998555,0.01998555,23793,73,0
8400.11228682,8400.11250576,2501.46116329,2501.45456275,0.04915030,2438.15940851,0.01998555,0.01998555,23792,73,0
8400.46530060,8400.46558084,2512.11254555,2512.10408613,0.04880758,2438.28632519,0.01998555,0.01998555,23791,73,0
8400.81874703,8400.81868559,2522.77806317,2522.77992023,0.05444664,2438.41165007,0.01998555,0.01998555,23790,73,0
8401.17253053,8401.17182001,2533.45844937,2533.47995338,0.04841993,2438.53534465,0.01998555,0.01998555,23789,73,0
8401.52537794,8401.52498412,2544.15485949,2544.16679599,0.05437864,2438.65697358,0.01998555,0.01998555,23788,73,0
8401.87799372,8401.87817792,2554.86832808,2554.86273655,0.05246380,2438.77679147,0.01998555,0.01998555,23787,73,0
8402.23198842,8402.23140141,2565.59890872,2565.61675497,0.04775022,2438.89532875,0.01998555,0.01998555,23786,73,0
8402.58464009,8402.58465458,2576.34620360,2576.34576239,0.04462145,2439.01166048,0.01998555,0.01998555,23785,73,0
8402.93843558,8402.93793746,2587.10983409,2587.12502122,0.05011604,2439.12659572,0.01998555,0.01998555,23784,73,0
8403.29127784,8403.29125004,2597.88981281,2597.89066168,0.05384355,2439.23944336,0.01998555,0.01998555,23783,73,0
8403.64655779,8403.64459232,2608.68646500,2608.74656629,0.04357561,2439.35127134,0.01998555,0.01998555,23782,73,0
8403.99694294,8403.99796431,2619.50012781,2619.46884880,0.04576301,2439.45978493,0.01998554,0.01998555,23781,73,0
8404.35139363,8404.35136601,2630.33115818,2630.33200509,0.04532631,2439.56775997,0.01998555,0.01998555,23780,73,0
8404.70491112,8404.70479743,2641.17993800,2641.18343046,0.04876624,2439.67364434,0.01998555,0.01998555,23779,73,0
8405.05812854,8405.05825857,2652.04685265,2652.04285179,0.04854402,2439.77763135,0.01998555,0.01998555,23778,73,0
8405.41187719,8405.41174943,2662.93207479,2662.93601198,0.05049718,2439.87995590,0.01998555,0.01998555,23777,73,0
8405.76510122,8405.76527002,2673.83533335,2673.83012312,0.05433042,2439.98030028,0.01998555,0.01998555,23776,73,0
8406.11886266,8406.11882034,2684.75629973,2684.75760788,0.04310090,2440.07895351,0.01998555,0.01998555,23775,73,0
8406.47236771,8406.47240040,2695.69479550,2695.69378341,0.04812956,2440.17568099,0.01998555,0.01998555,23774,73,0
8406.82574017,8406.82601019,2706.65113468,2706.64276165,0.04618076,2440.27051295,0.01998555,0.01998555,23773,73,0
8407.17912827,8407.17964973,2717.62573352,2717.60953789,0.04191425,2440.36348398,0.01998555,0.01998555,23772,73,0
8407.53316534,8407.53331901,2728.61885883,2728.61407832,0.05312639,2440.45474779,0.01998555,0.01998555,23771,73,0
8407.88696573,8407.88701804,2739.63002807,2739.62839829,0.05382589,2440.54405889,0.01998555,0.01998555,23770,73,0
8408.24106212,8408.24074683,2750.65852377,2750.66836080,0.04499221,2440.63153585,0.01998555,0.01998555,23769,73,0
8408.59411876,8408.59450537,2761.70377522,2761.69169554,0.05230040,2440.71684098,0.01998555,0.01998555,23768,73,0
8408.94823575,8408.94829368,2772.76631532,2772.76450269,0.05099945,2440.80047642,0.01998555,0.01998555,23767,73,0
8409.30190610,8409.30211174,2783.84716838,2783.84072276,0.05212041,2440.88207930,0.01998555,0.01998555,23766,73,0
8409.65593070,8409.65595958,2794.94729686,2794.94639011,0.04625507,2440.96183198,0.01998555,0.01998555,23765,73,0
8410.01001927,8410.00983719,2806.06690886,2806.07263498,0.04651857,2441.03965652,0.01998555,0.01998555,23764,73,0
8410.36350444,8410.36374458,2817.20576321,2817.19819888,0.04640537,2441.11539837,0.01998555,0.01998555,23763,73,0
8410.71724209,8410.71768174,2828.36361839,2828.34974722,0.04649675,2441.18923170,0.01998555,0.01998555,23762,73,0
8411.07115405,8411.07164869,2839.54034775,2839.52471662,0.04612471,2441.26112537,0.01998555,0.01998555,23761,73,0
8411.42565462,8411.42564543,2850.73591192,2850.73620277,0.05278503,2441.33114647,0.01998555,0.01998555,23760,73,0
8411.77970775,8411.77967196,2861.95026577,2861.95140047,0.04777809,2441.39907847,0.01998555,0.01998555,23759,73,0
8412.13375287,8412.13372828,2873.18321689,2873.18399754,0.04372895,2441.46499800,0.01998555,0.01998555,23758,73,0
8412.48747010,8412.48781440,2884.43443534,2884.42348682,0.04319526,2441.52883622,0.01998555,0.01998555,23757,73,0
8412.84201886,8412.84193032,2895.70360665,2895.70642620,0.05350715,2441.59078619,0.01998555,0.01998555,23756,73,0
8413.19588622,8413.19607605,2906.99105096,2906.98499558,0.04862478,2441.65057393,0.01998555,0.01998555,23755,73,0
8413.54999822,8413.55025159,2918.29778118,2918.28968573,0.04317813,2441.70835456,0.01998555,0.01998555,23754,73,0
8413.90434930,8413.90445695,2929.62483128,2929.62138588,0.05211447,2441.76411715,0.01998555,0.01998555,23753,73,0
8414.25817567,8414.25869212,2940.97245949,2940.95590144,0.04727908,2441.81773380,0.01998555,0.01998555,23752,73,0
8414.61323497,8414.61295711,2952.33997172,2952.34889464,0.04496844,2441.86944990,0.01998555,0.01998555,23751,73,0
8414.96752571,8414.96725193,2963.72662668,2963.73543272,0.04967230,2441.91895545,0.01998555,0.01998555,23750,73,0
8415.32200901,8415.32157658,2975.13237267,2975.14630424,0.05089401,2441.96637880,0.01998555,0.01998555,23749,73,0
8415.67591287,8415.67593106,2986.55807031,2986.55748337,0.04554504,2442.01161268,0.01998555,0.01998555,23748,73,0
8416.03018759,8416.03031537,2998.00463885,2998.00050776,0.04976914,2442.05477244,0.01998555,0.01998555,23747,73,0
8416.38448406,8416.38472953,3009.47250161,3009.46455187,0.04261364,2442.09580164,0.01998555,0.01998555,23746,73,0
8416.73900636,8416.73917353,3020.96140225,3020.95597896,0.04697175,2442.13470865,0.01998555,0.01998555,23745,73,0
8417.09359847,8417.09364738,3032.47104085,3032.46945146,0.04671000,2442.17146069,0.01998555,0.01998555,23744,73,0
8417.44780259,8417.44815108,3044.00144329,3043.99009888,0.05087560,2442.20600139,0.01998555,0.01998555,23743,73,0
8417.80294577,8417.80268463,3055.55307708,3055.56159336,0.04645786,2442.23844441,0.01998555,0.01998555,23742,73,0
8418.15744218,8418.15724804,3067.12642496,3067.13276737,0.04660760,2442.26863111,0.01998555,0.01998555,23741,73,0
8418.51175695,8418.51184132,3078.72121314,3078.71845206,0.04775936,2442.29659565,0.01998555,0.01998555,23740,73,0
8418.86711106,8418.86646446,3090.33619358,3090.35738828,0.04410531,2442.32241124,0.01998555,0.01998555,23739,73,0
8419.22072332,8419.22111748,3101.97008812,3101.95714878,0.04858421,2442.34586834,0.01998555,0.01998555,23738,73,0
8419.57576960,8419.57580036,3113.62303284,3113.62202114,0.04692664,2442.36716976,0.01998555,0.01998555,23737,73,0
8419.93057667,8419.93051313,3125.29682600,3125.29891894,0.04397467,2442.38619543,0.01998555,0.01998555,23736,73,0
8420.28515449,8420.28525578,3136.99332033,3136.98997742,0.04931009,2442.40294063,0.01998555,0.01998555,23735,73,0
8420.63990641,8420.64002831,3148.71300704,3148.70897652,0.04879999,2442.41741221,0.01998555,0.01998555,23734,73,0
8420.99434987,8420.99483073,3160.45497658,3160.43904887,0.04343680,2442.42957731,0.01998555,0.01998555,23733,73,0
8421.34917135,8421.34966305,3172.21829775,3172.20198320,0.04483005,2442.43944502,0.01998555,0.01998555,23732,73,0
8421.70412361,8421.70452526,3184.00293551,3183.98958559,0.04854205,2442.44699087,0.01998555,0.01998555,23731,73,0
8422.05967332,8422.05941737,3195.80962862,3195.81815159,0.04885147,2442.45220522,0.01998555,0.01998555,23730,73,0
8422.41455238,8422.41433939,3207.63908728,3207.64619271,0.04748521,2442.45505719,0.01998555,0.01998555,23729,73,0
8422.76933587,8422.76929131,3219.49125152,3219.49274086,0.04262145,2442.45554549,0.01998555,0.01998555,23728,73,0
8423.12412254,8423.12427315,3231.36552643,3231.36048421,0.04177060,2442.45365782,0.01998555,0.01998555,23727,73,0
8423.47978949,8423.47928490,3243.26139899,3243.27832163,0.03975341,2442.44936760,0.01998555,0.01998555,23726,73,0
8423.83414620,8423.83432657,3255.17923695,3255.17317686,0.04895174,2442.44269247,0.01998555,0.01998555,23725,73,0
8424.18925787,8424.18939817,3267.11987854,3267.11515601,0.05512612,2442.43358527,0.01998555,0.01998555,23724,73,0
8424.54455231,8424.54449969,3279.08406955,3279.08584395,0.04586953,2442.42203655,0.01998555,0.01998555,23723,73,0
8424.89940573,8424.89963115,3291.07191014,3291.06429390,0.04786637,2442.40805492,0.01998555,0.01998555,23722,73,0
8425.25456643,8425.25479254,3303.08325208,3303.07559822,0.04834476,2442.39159820,0.01998555,0.01998555,23721,73,0
8425.60995633,8425.60998386,3315.11795499,3315.11702141,0.05041648,2442.37265038,0.01998555,0.01998555,23720,73,0
8425.96549314,8425.96520513,3327.17591963,3327.18570519,0.04231167,2442.35119787,0.01998555,0.01998555,23719,73,0
8426.32034355,8426.32045635,3339.25705689,3339.25321759,0.04693313,2442.32728265,0.01998555,0.01998555,23718,73,0
8426.67570595,8426.67573751,3351.36152443,3351.36044796,0.04298884,2442.30081127,0.01998555,0.01998555,23717,73,0
8427.03116490,8427.03104863,3363.49014901,3363.49412162,0.03987477,2442.27179185,0.01998555,0.01998555,23716,73,0
8427.38652332,8427.38638971,3375.64387043,3375.64844487,0.04574754,2442.24022311,0.01998555,0.01998555,23715,73,0
8427.74170070,8427.74176075,3387.82304201,3387.82098200,0.04837228,2442.20609878,0.01998555,0.01998555,23714,73,0
8428.09754837,8428.09716175,3400.02699904,3400.04028774,0.04870691,2442.16931808,0.01998555,0.01998555,23713,73,0
8428.45328505,8428.45259272,3412.25498975,3412.27883033,0.04284647,2442.12994276,0.01998555,0.01998555,23712,73,0
8428.80839129,8428.80805366,3424.50680718,3424.51845534,0.04186402,2442.08802427,0.01998555,0.01998555,23711,73,0
8429.16302087,8429.16354459,3436.78283327,3436.76473088,0.04745529,2442.04354050,0.01998555,0.01998555,23710,73,0
8429.51910279,8429.51906549,3449.08348848,3449.08478035,0.04478962,2441.99622187,0.01998555,0.01998555,23709,73,0
8429.87442012,8429.87461637,3461.40925984,3461.40244987,0.04441360,2441.94633787,0.01998555,0.01998555,23708,73,0
8430.22950941,8430.23019724,3473.76067959,3473.73676311,0.04592338,2441.89380632,0.01998555,0.01998555,23707,73,0
8430.58608932,8430.58580811,3486.13816673,3486.14796452,0.04740787,2441.83834053,0.01998555,0.01998555,23706,73,0
8430.94143412,8430.94144897,3498.54145290,3498.54093437,0.03982511,2441.78034640,0.01998555,0.01998555,23705,73,0
8431.29726611,8431.29711983,3510.97001849,3510.97513500,0.04474471,2441.71953771,0.01998555,0.01998555,23704,73,0
8431.65300223,8431.65282069,3523.42333340,3523.42969507,0.04264014,2441.65599630,0.01998555,0.01998555,23703,73,0
8432.00838561,8432.00855156,3535.90085083,3535.89502485,0.04726754,2441.58976051,0.01998555,0.01998555,23702,73,0
8432.36434338,8432.36431244,3548.40203931,3548.40312758,0.04206061,2441.52064251,0.01998555,0.01998555,23701,73,0
8432.72004415,8432.72010333,3560.92768392,3560.92559840,0.04120014,2441.44878031,0.01998555,0.01998555,23700,73,0
8433.07584912,8433.07592425,3573.48055897,3573.47790567,0.03965898,2441.37407027,0.01998555,0.01998555,23699,73,0
8433.43178923,8433.43177518,3586.06340769,3586.06390509,0.04573499,2441.29646832,0.01998555,0.01998555,23698,73,0
8433.78700872,8433.78765614,3598.67566081,3598.65269251,0.04962812,2441.21615253,0.01998554,0.01998555,23697,73,0
8434.14294919,8434.14356713,3611.31419374,3611.29223060,0.04709415,2441.13279888,0.01998554,0.01998555,23696,73,0
8434.49942407,8434.49950815,3623.97659718,3623.97360324,0.04649027,2441.04643549,0.01998555,0.01998555,23695,73,0
8434.85569715,8434.85547921,3636.66517300,3636.67294976,0.04635044,2440.95720468,0.01998555,0.01998555,23694,73,0
8435.21118917,8435.21148032,3649.38394907,3649.37353428,0.04045595,2440.86521701,0.01998554,0.01998555,23693,73,0
8435.56737416,8435.56751146,3662.13500655,3662.13008347,0.04524929,2440.77005665,0.01998555,0.01998555,23692,73,0
8435.92349823,8435.92357266,3674.91555491,3674.91288066,0.04574696,2440.67191766,0.01998555,0.01998555,23691,73,0
8436.27977075,8436.27966391,3687.72214398,3687.72599026,0.04225379,2440.57074948,0.01998555,0.01998555,23690,73,0
8436.63525640,8436.63578521,3700.55424479,3700.53517086,0.04645121,2440.46681295,0.01998555,0.01998555,23689,73,0
8436.99137824,8436.99193657,3713.41451191,3713.39432821,0.04630114,2440.35965467,0.01998555,0.01998555,23688,73,0
8437.34830615,8437.34811800,3726.30539020,3726.31220758,0.04075995,2440.24916508,0.01998555,0.01998555,23687,73,0
8437.70422547,8437.70432950,3739.22632200,3739.22254454,0.04440569,2440.13589316,0.01998555,0.01998555,23686,73,0
8438.06029779,8438.06057107,3752.17535619,3752.16541312,0.04528087,2440.01947809,0.01998555,0.01998555,23685,73,0
8438.41667798,8438.41684271,3765.15122357,3765.14521806,0.03635348,2439.89985630,0.01998555,0.01998555,23684,73,0
8438.77280538,8438.77314443,3778.15458678,3778.14220002,0.04212187,2439.77719094,0.01998555,0.01998555,23683,73,0
8439.12963205,8439.12947624,3791.18643301,3791.19213760,0.04270872,2439.65111998,0.01998555,0.01998555,23682,73,0
8439.48575596,8439.48583813,3804.24744510,3804.24443035,0.04610141,2439.52211279,0.01998555,0.01998555,23681,73,0
8439.84224363,8439.84223011,3817.33798249,3817.33847969,0.04130118,2439.38976415,0.01998555,0.01998555,23680,73,0
8440.19800810,8440.19865219,3830.45834882,3830.43461322,0.04734092,2439.25445935,0.01998555,0.01998555,23679,73,0
8440.55565874,8440.55510436,3843.60857085,3843.62904523,0.04561753,2439.11516947,0.01998555,0.01998555,23678,73,0
8440.91187525,8440.91158664,3856.78857099,3856.79925311,0.04321015,2438.97316189,0.01998555,0.01998555,23677,73,0
8441.26881354,8441.26809902,3869.99892758,3870.02543408,0.03891145,2438.82756008,0.01998555,0.01998555,23676,73,0
8441.62495158,8441.62464152,3883.24155818,3883.25308852,0.04271476,2438.67894345,0.01998555,0.01998555,23675,73,0
8441.98103887,8441.98121412,3896.51835759,3896.51182415,0.04933712,2438.52696718,0.01998555,0.01998555,23674,73,0
8442.33770712,8442.33781685,3909.82850527,3909.82440520,0.04684663,2438.37134029,0.01998555,0.01998555,23673,73,0
8442.69442045,8442.69444969,3923.16924343,3923.16814837,0.03734048,2438.21229774,0.01998555,0.01998555,23672,73,0
8443.05115048,8443.05111266,3936.53909146,3936.54051056,0.04531056,2438.04984819,0.01998555,0.01998555,23671,73,0
8443.40809499,8443.40780576,3949.94121085,3949.95209182,0.03860685,2437.88383836,0.01998555,0.01998555,23670,73,0
8443.76418680,8443.76452899,3963.37962421,3963.36671590,0.04571402,2437.71470032,0.01998555,0.01998555,23669,73,0
8444.12105570,8444.12128236,3976.85378472,3976.84521435,0.04834436,2437.54164274,0.01998555,0.01998555,23668,73,0
8444.47834479,8444.47806587,3990.35828742,3990.36885470,0.04856430,2437.36486709,0.01998555,0.01998555,23667,73,0
8444.83484344,8444.83487952,4003.88909526,4003.88772559,0.04410875,2437.18501052,0.01998555,0.01998555,23666,73,0
8445.19124401,8445.19172332,4017.45040086,4017.43216258,0.04360154,2437.00166097,0.01998555,0.01998555,23665,73,0
8445.54834278,8445.54859727,4031.04889707,4031.03918578,0.03786276,2436.81428523,0.01998555,0.01998555,23664,73,0
8445.90550846,8445.90550138,4044.68653819,4044.68680893,0.04319147,2436.62314859,0.01998555,0.01998555,23663,73,0
8446.26197752,8446.26243565,4058.35889341,4058.34132563,0.04616855,2436.42870509,0.01998555,0.01998555,23662,73,0
8446.62008800,8446.61940008,4072.06182107,4072.08825691,0.03924025,2436.22970051,0.01998555,0.01998555,23661,73,0
8446.97610882,8446.97639467,4085.79582599,4085.78481625,0.04343069,2436.02818567,0.01998555,0.01998555,23660,73,0
nan,nan,0.00000000,-1.00000000,0.00000000,2439.97099097,nan,0.00000000,-2147483648,72,1
8419.22087262,8419.22111748,14.50477907,14.49929989,0.05432172,2440.37677754,0.01998555,0.01998555,23738,72,0
8419.57598264,8419.57580036,22.44475616,22.44883823,0.04208681,2440.80587523,0.01998555,0.01998555,23737,72,0
8419.93144708,8419.93051313,30.39175278,30.41268546,0.05021561,2441.23466076,0.01998555,0.01998555,23736,72,0
8420.28554367,8420.28525578,38.34588730,38.35234523,0.05501948,2441.66106370,0.01998555,0.01998555,23735,72,0
8420.64017481,8420.64002831,46.30708077,46.31036969,0.03475394,2442.08737079,0.01998555,0.01998555,23734,72,0
8420.99459231,8420.99483073,54.27501726,54.26966101,0.04734991,2442.51266236,0.01998555,0.01998555,23733,72,0
8421.34983687,8421.34966305,62.24936531,62.25327303,0.05086159,2442.93816529,0.01998555,0.01998555,23732,72,0
8421.70559849,8421.70452526,70.22979191,70.25393556,0.05197457,2443.36348392,0.01998555,0.01998555,23731,72,0
8422.06004432,8422.05941737,78.21612801,78.23024146,0.04645902,2443.78641876,0.01998555,0.01998555,23730,72,0
8422.41431129,8422.41433939,86.20867602,86.20804309,0.05742428,2444.20834556,0.01998555,0.01998555,23729,72,0
8422.76960440,8422.76929131,94.20782350,94.21488192,0.04129759,2444.63071494,0.01998555,0.01998555,23728,72,0
8423.12449215,8423.12427315,102.21396002,102.21890123,0.04886406,2445.05184131,0.01998555,0.01998555,23727,72,0
8423.47921856,8423.47928490,110.22743411,110.22593609,0.05404530,2445.47203189,0.01998555,0.01998555,23726,72,0
8423.83504415,8423.83432657,118.24829051,118.26450816,0.04350179,2445.89277662,0.01998555,0.01998555,23725,72,0
8424.18978394,8424.18939817,126.27644190,126.28516782,0.05041555,2446.31148472,0.01998555,0.01998555,23724,72,0
8424.54514318,8424.54449969,134.31179998,134.32636690,0.03304742,2446.73016324,0.01998555,0.01998555,23723,72,0
8424.89936464,8424.89963115,142.35427465,142.34823683,0.04009035,2447.14673637,0.01998555,0.01998555,23722,72,0
8425.25462942,8425.25479254,150.40374885,150.40005059,0.04335788,2447.56376091,0.01998555,0.01998555,23721,72,0
8425.61017838,8425.60998386,158.46008014,158.46449375,0.04261682,2447.98033161,0.01998555,0.01998555,23720,72,0
8425.96477071,8425.96520513,166.52312441,166.51325999,0.04414926,2448.39498718,0.01998555,0.01998555,23719,72,0
8426.32066431,8426.32045635,174.59273821,174.59746378,0.04693883,2448.81035712,0.01998555,0.01998555,23718,72,0
8426.67570559,8426.67573751,182.66894117,182.66821527,0.04389950,2449.22392516,0.01998555,0.01998555,23717,72,0
8427.03096756,8427.03104863,190.75206543,190.75022024,0.04580000,2449.63695801,0.01998555,0.01998555,23716,72,0
8427.38628587,8427.38638971,198.84247996,198.84011469,0.04776403,2450.04928006,0.01998555,0.01998555,23715,72,0
8427.74197139,8427.74176075,206.94055566,206.94535796,0.04603295,2450.46126695,0.01998555,0.01998555,23714,72,0
8428.09748931,8428.09716175,215.04653897,215.05401316,0.04288137,2450.87230831,0.01998555,0.01998555,23713,72,0
8428.45308028,8428.45259272,223.16017625,223.17131077,0.04556894,2451.28266702,0.01998555,0.01998555,23712,72,0
8428.80840253,8428.80805366,231.28108817,231.28906153,0.04900414,2451.69192748,0.01998555,0.01998555,23711,72,0
8429.16322793,8429.16354459,239.40889336,239.40165074,0.05089882,2452.09980784,0.01998555,0.01998555,23710,72,0
8429.51884932,8429.51906549,247.54325929,247.53831149,0.04554381,2452.50777419,0.01998555,0.01998555,23709,72,0
8429.87344500,8429.87461637,255.68427337,255.65744244,0.04209929,2452.91373958,0.01998554,0.01998555,23708,72,0
8430.22960602,8430.23019724,263.83223211,263.81867908,0.04174796,2453.32068100,0.01998554,0.01998555,23707,72,0
8430.58614331,8430.58580811,271.98743505,271.99512550,0.04789901,2453.72724568,0.01998555,0.01998555,23706,72,0
8430.94137111,8430.94144897,280.15017471,280.14838703,0.04782786,2454.13152640,0.01998555,0.01998555,23705,72,0
8431.29723332,8431.29711983,288.32058162,288.32318995,0.04749107,2454.53574152,0.01998555,0.01998555,23704,72,0
8431.65340252,8431.65282069,296.49864056,296.51202332,0.04406154,2454.93951249,0.01998555,0.01998555,23703,72,0
8432.00779633,8432.00855156,304.68433105,304.66694512,0.04460585,2455.34047979,0.01998554,0.01998555,23702,72,0
8432.36464169,8432.36431244,312.87763284,312.88521888,0.05012693,2455.74341986,0.01998555,0.01998555,23701,72,0
8432.71984871,8432.72010333,321.07854755,321.07267615,0.04798330,2456.14370912,0.01998555,0.01998555,23700,72,0
8433.07575739,8433.07592425,329.28711065,329.28325970,0.05028729,2456.54398671,0.01998555,0.01998555,23699,72,0
8433.43192797,8433.43177518,337.50336064,337.50688987,0.04460402,2456.94375391,0.01998555,0.01998555,23698,72,0
8433.78680628,8433.78765614,345.72733613,345.70768856,0.03955738,2457.34126892,0.01998554,0.01998555,23697,72,0
8434.14331340,8434.14356713,353.95902702,353.95315624,0.04523434,2457.73979935,0.01998555,0.01998555,23696,72,0
8434.50012339,8434.49950815,362.19829585,362.21254316,0.05071860,2458.13784693,0.01998555,0.01998555,23695,72,0
8434.85535729,8434.85547921,370.44498393,370.44215824,0.04744230,2458.53330962,0.01998555,0.01998555,23694,72,0
8435.21118220,8435.21148032,378.69893168,378.69201714,0.04419461,2458.92859308,0.01998555,0.01998555,23693,72,0
8435.56765688,8435.56751146,386.96003281,386.96340834,0.04096215,2459.32375054,0.01998555,0.01998555,23692,72,0
8435.92378010,8435.92357266,395.22841696,395.23323608,0.04898759,2459.71767466,0.01998555,0.01998555,23691,72,0
8436.27990423,8436.27966391,403.50427894,403.50986653,0.04498304,2460.11076311,0.01998555,0.01998555,23690,72,0
8436.63523622,8436.63578521,411.78781462,411.77503943,0.03695273,2460.50214986,0.01998555,0.01998555,23689,72,0
8436.99218463,8436.99193657,420.07920048,420.08497795,0.05828298,2460.89449052,0.01998555,0.01998555,23688,72,0
8437.35041636,8437.34811800,428.37846870,428.43204517,0.05100942,2461.28740748,0.01998555,0.01998555,23687,72,0
8437.70440661,8437.70432950,436.68558869,436.68738768,0.04662863,2461.67484705,0.01998555,0.01998555,23686,72,0
8438.06001208,8438.06057107,445.00052941,444.98747675,0.04198813,2462.06322423,0.01998555,0.01998555,23685,72,0
8438.41717777,8438.41684271,453.32326166,453.33109215,0.04673645,2462.45246358,0.01998555,0.01998555,23684,72,0
8438.77364870,8438.77314443,461.65377915,461.66557434,0.04177636,2462.84010144,0.01998555,0.01998555,23683,72,0
8439.12907087,8439.12947624,469.99209032,469.98260056,0.04616791,2463.22575657,0.01998555,0.01998555,23682,72,0
8439.48579601,8439.48583813,478.33820390,478.33721710,0.05092155,2463.61197741,0.01998555,0.01998555,23681,72,0
8439.84203793,8439.84223011,486.69212245,486.68761590,0.04245524,2463.99682443,0.01998555,0.01998555,23680,72,0
8440.19837110,8440.19865219,495.05373153,495.04713457,0.04405506,2464.38091150,0.01998555,0.01998555,23679,72,0
8440.55523918,8440.55510436,503.42281134,503.42597798,0.05048936,2464.76470171,0.01998555,0.01998555,23678,72,0
8440.91242812,8440.91158664,511.79913710,511.81891711,0.04468249,2465.14794869,0.01998555,0.01998555,23677,72,0
8441.26871807,8441.26809902,520.18249478,520.19705702,0.05576393,2465.52933339,0.01998555,0.01998555,23676,72,0
8441.62493293,8441.62464152,528.57305910,528.57991988,0.04569265,2465.90974686,0.01998555,0.01998555,23675,72,0
8441.98063524,8441.98121412,536.97147211,536.95783149,0.04583415,2466.28875035,0.01998555,0.01998555,23674,72,0
8442.33772530,8442.33781685,545.37840686,545.37624752,0.04456849,2466.66839290,0.01998555,0.01998555,23673,72,0
8442.69444228,8442.69444969,553.79453082,553.79435574,0.04017040,2467.04682568,0.01998555,0.01998555,23672,72,0
8443.05126268,8443.05111266,562.21996346,562.22350916,0.04801047,2467.42455700,0.01998555,0.01998555,23671,72,0
8443.40758188,8443.40780576,570.65397685,570.64868088,0.04284602,2467.80091220,0.01998555,0.01998555,23670,72,0
8443.76485406,8443.76452899,579.09576675,579.10346237,0.04771019,2468.17738656,0.01998555,0.01998555,23669,72,0
8444.12062214,8444.12128236,587.54452885,587.52888791,0.04330904,2468.55135465,0.01998555,0.01998555,23668,72,0
8444.47822589,8444.47806587,595.99996858,596.00376234,0.05412442,2468.92631020,0.01998555,0.01998555,23667,72,0
8444.83519233,8444.83487952,604.46276896,604.47019129,0.04728230,2469.29968322,0.01998555,0.01998555,23666,72,0
8445.19136824,8445.19172332,612.93372671,612.92529357,0.04866454,2469.67135113,0.01998555,0.01998555,23665,72,0
8445.54872136,8445.54859727,621.41364133,621.41659143,0.04611311,2470.04339778,0.01998555,0.01998555,23664,72,0
8445.90525219,8445.90550138,629.90289914,629.89696898,0.04747286,2470.41375362,0.01998555,0.01998555,23663,72,0
8446.26271773,8446.26243565,638.40094066,638.40765970,0.04547882,2470.78421544,0.01998555,0.01998555,23662,72,0
8446.61965200,8446.61940008,646.90707233,646.91307796,0.03998531,2471.15322908,0.01998555,0.01998555,23661,72,0
8446.97590639,8446.97639467,655.42059734,655.40894855,0.04480049,2471.52061248,0.01998555,0.01998555,23660,72,0
8447.33327322,8447.33341944,663.94118882,663.93769769,0.04402765,2471.88819544,0.01998555,0.01998555,23659,72,0
8447.69073881,8447.69047439,672.46948923,672.47580771,0.04932940,2472.25495552,0.01998555,0.01998555,23658,72,0
8448.04774150,8448.04755951,681.00630036,681.01065337,0.04184014,2472.62034928,0.01998555,0.01998555,23657,72,0
8448.40496513,8448.40467481,689.55242829,689.55937953,0.04368610,2472.98510867,0.01998555,0.01998555,23656,72,0
8448.76178979,8448.76182030,698.10832017,698.10758885,0.05259609,2473.34861670,0.01998555,0.01998555,23655,72,0
8449.11849571,8449.11899598,706.67339139,706.66138939,0.04458260,2473.71113224,0.01998554,0.01998555,23654,72,0
8449.47671899,8449.47620186,715.24687120,715.25928835,0.05101604,2474.07427674,0.01998555,0.01998555,23653,72,0
8449.83353302,8449.83343793,723.82798451,723.83026963,0.04106178,2474.43504721,0.01998555,0.01998555,23652,72,0
8450.19071453,8450.19070420,732.41626983,732.41651829,0.04567891,2474.79522205,0.01998555,0.01998555,23651,72,0
8450.54814619,8450.54800068,741.01221038,741.01571248,0.05546628,2475.15469797,0.01998555,0.01998555,23650,72,0
8450.90581046,8450.90532737,749.61646778,749.62810578,0.04359059,2475.51348012,0.01998555,0.01998555,23649,72,0
8451.26357562,8451.26268427,758.22970739,758.25120206,0.04647467,2475.87145953,0.01998555,0.01998555,23648,72,0
8451.62023412,8451.62007139,766.85238191,766.85631006,0.03890371,2476.22744690,0.01998555,0.01998555,23647,72,0
8451.97761793,8451.97748873,775.48430210,775.48742405,0.04240751,2476.58326071,0.01998555,0.01998555,23646,72,0
8452.33499092,8452.33493629,784.12515825,784.12647940,0.04874303,2476.93814908,0.01998555,0.01998555,23645,72,0
8452.69256648,8452.69241408,792.77463887,792.77832783,0.04256059,2477.29230703,0.01998555,0.01998555,23644,72,0
8453.04988988,8453.04992211,801.43254050,801.43175973,0.04542232,2477.64527275,0.01998554,0.01998555,23643,72,0
8453.40810534,8453.40746037,810.09897043,810.11461113,0.04944057,2477.99817511,0.01998555,0.01998555,23642,72,0
8453.76514101,8453.76502887,818.77409158,818.77681365,0.04375292,2478.34897742,0.01998555,0.01998555,23641,72,0
8454.12287828,8454.12262761,827.45806772,827.46415784,0.04254310,2478.69953335,0.01998555,0.01998555,23640,72,0
8454.48059378,8454.48025660,836.15101699,836.15921683,0.04786223,2479.04913270,0.01998555,0.01998555,23639,72,0
8454.83844514,8454.83791585,844.85293763,844.86582161,0.04168011,2479.39792547,0.01998555,0.01998555,23638,72,0
8455.19495328,8455.19560534,853.56380858,853.54792139,0.04094444,2479.74447050,0.01998554,0.01998555,23637,72,0
8455.55419844,8455.55332510,862.28360914,862.30490784,0.04701840,2480.09272414,0.01998555,0.01998555,23636,72,0
8455.91071057,8455.91107512,871.01243090,871.00353189,0.05074958,2480.43738382,0.01998554,0.01998555,23635,72,0
8456.26865230,8456.26885541,879.75062005,879.74565698,0.04361593,2480.78248908,0.01998554,0.01998555,23634,72,0
8456.62664676,8456.62666597,888.49855974,888.49809001,0.04599645,2481.12671796,0.01998554,0.01998555,23633,72,0
8456.98511590,8456.98450680,897.25663200,897.27154782,0.04892701,2481.47048524,0.01998555,0.01998555,23632,72,0
8457.34252263,8457.34237791,906.02483973,906.02838743,0.05280163,2481.81231521,0.01998555,0.01998555,23631,72,0
8457.70019609,8457.70027930,914.80246385,914.80042210,0.04224786,2482.15345022,0.01998555,0.01998555,23630,72,0
8458.05850036,8458.05821098,923.58870035,923.59580671,0.05143008,2482.49419909,0.01998555,0.01998555,23629,72,0
8458.41639893,8458.41617295,932.38275112,932.38830479,0.04584576,2482.83354106,0.01998555,0.01998555,23628,72,0
8458.77381583,8458.77416522,941.18443788,941.17584419,0.04342957,2483.17139807,0.01998555,0.01998555,23627,72,0
8459.13236807,8459.13218778,949.99453526,949.99897398,0.05353166,2483.50932255,0.01998555,0.01998555,23626,72,0
8459.49004438,8459.49024064,958.81390303,958.80906648,0.04378664,2483.84544725,0.01998555,0.01998555,23625,72,0
8459.84811976,8459.84832381,967.64338528,967.63835131,0.04831609,2484.18100063,0.01998555,0.01998555,23624,72,0
8460.20629800,8460.20643728,976.48316035,976.47972049,0.04477605,2484.51570581,0.01998555,0.01998555,23623,72,0
8460.56468222,8460.56458107,985.33261151,985.33511187,0.04059576,2484.84963054,0.01998555,0.01998555,23622,72,0
8460.92269907,8460.92275518,994.19107193,994.18968368,0.04571166,2485.18221241,0.01998555,0.01998555,23621,72,0
8461.28126128,8461.28095961,1003.05790283,1003.06537335,0.04944859,2485.51427106,0.01998555,0.01998555,23620,72,0
8461.63964761,8461.63919436,1011.93306468,1011.94429876,0.04943340,2485.84513225,0.01998555,0.01998555,23619,72,0
8461.99730430,8461.99745944,1020.81705267,1020.81320388,0.05522508,2486.17430370,0.01998555,0.01998555,23618,72,0
8462.35561432,8462.35575485,1029.71038367,1029.70689367,0.04294441,2486.50307409,0.01998555,0.01998555,23617,72,0
8462.71395754,8462.71408060,1038.61353613,1038.61047686,0.04706683,2486.83088538,0.01998555,0.01998555,23616,72,0
8463.07235039,8463.07243669,1047.52651902,1047.52437159,0.04648028,2487.15774864,0.01998555,0.01998555,23615,72,0
8463.43058794,8463.43082312,1056.44904194,1056.44318392,0.04472303,2487.48346284,0.01998555,0.01998555,23614,72,0
8463.78934179,8463.78923990,1065.38080783,1065.38334791,0.04247072,2487.80862245,0.01998555,0.01998555,23613,72,0
8464.14792163,8464.14768704,1074.32155718,1074.32741133,0.04039237,2488.13258724,0.01998555,0.01998555,23612,72,0
8464.50642396,8464.50616452,1083.27130565,1083.27778582,0.04706966,2488.45544245,0.01998555,0.01998555,23611,72,0
8464.86452696,8464.86467237,1092.23018732,1092.22655183,0.04507751,2488.77690151,0.01998555,0.01998555,23610,72,0
8465.22357792,8465.22321058,1101.19833759,1101.20753021,0.04330949,2489.09817264,0.01998555,0.01998555,23609,72,0
8465.58248726,8465.58177916,1110.17595126,1110.19368925,0.04663546,2489.41828061,0.01998555,0.01998555,23608,72,0
8465.94101367,8465.94037811,1119.16347634,1119.17941375,0.04809792,2489.73702450,0.01998555,0.01998555,23607,72,0
8466.29963728,8466.29900743,1128.16143148,1128.17724307,0.04181464,2490.05484663,0.01998555,0.01998555,23606,72,0
8466.65774534,8466.65766713,1137.17033788,1137.17230355,0.04346150,2490.37121971,0.01998555,0.01998555,23605,72,0
8467.01686316,8467.01635721,1146.19038185,1146.20311193,0.04677743,2490.68749116,0.01998555,0.01998555,23604,72,0
8467.37540501,8467.37507769,1155.22088301,1155.22912737,0.04560494,2491.00223434,0.01998555,0.01998555,23603,72,0
8467.73399205,8467.73382855,1164.26101926,1164.26514129,0.04516812,2491.31596404,0.01998555,0.01998555,23602,72,0
8468.09296376,8468.09260980,1173.30997455,1173.31890573,0.04678825,2491.62894328,0.01998555,0.01998555,23601,72,0
8468.45158346,8468.45142145,1182.36757641,1182.37166780,0.04387151,2491.94052016,0.01998555,0.01998555,23600,72,0
8468.81008715,8468.81026351,1191.43463537,1191.43017693,0.04180720,2492.25092605,0.01998554,0.01998555,23599,72,0
8469.16988522,8469.16913597,1200.51204940,1200.53101184,0.04199607,2492.56140364,0.01998555,0.01998555,23598,72,0
8469.52791778,8469.52803884,1209.60068136,1209.59761393,0.04581962,2492.86933941,0.01998554,0.01998555,23597,72,0
8469.88644343,8469.88697212,1218.70064060,1218.68722937,0.04701298,2493.17668037,0.01998554,0.01998555,23596,72,0
8470.24586001,8470.24593582,1227.81136785,1227.80944265,0.05116554,2493.48373808,0.01998554,0.01998555,23595,72,0
8470.60462874,8470.60492995,1236.93227716,1236.92462060,0.04968535,2493.78917281,0.01998554,0.01998555,23594,72,0
8470.96423540,8470.96395449,1246.06284989,1246.06999736,0.05034571,2494.09422705,0.01998555,0.01998555,23593,72,0
8471.32277381,8471.32300947,1255.20314227,1255.19714033,0.04610201,2494.39728271,0.01998554,0.01998555,23592,72,0
8471.68234048,8471.68209488,1264.35349204,1264.35975384,0.04534129,2494.70011918,0.01998555,0.01998555,23591,72,0
8472.04095440,8472.04121072,1273.51424100,1273.50769885,0.04446121,2495.00107466,0.01998554,0.01998555,23590,72,0
8472.39990741,8472.40035701,1282.68565604,1282.67416870,0.04507842,2495.30124045,0.01998554,0.01998555,23589,72,0
8472.75834049,8472.75953374,1291.86770568,1291.83718494,0.05448221,2495.59989353,0.01998554,0.01998555,23588,72,0
8473.11898882,8473.11874092,1301.06028526,1301.06663269,0.04638649,2495.89929734,0.01998555,0.01998555,23587,72,0
8473.47818553,8473.47797855,1310.26328924,1310.26859445,0.04568077,2496.19639640,0.01998555,0.01998555,23586,72,0
8473.83698482,8473.83724664,1319.47660047,1319.46988287,0.04208266,2496.49206300,0.01998554,0.01998555,23585,72,0
8474.19563189,8474.19654518,1328.70008059,1328.67662370,0.04433768,2496.78649301,0.01998554,0.01998555,23584,72,0
8474.55446552,8474.55587419,1337.93358803,1337.89737210,0.05044625,2497.07995569,0.01998554,0.01998555,23583,72,0
8474.91491048,8474.91523367,1347.17699705,1347.16867989,0.04341808,2497.37359958,0.01998554,0.01998555,23582,72,0
8475.27459828,8475.27462362,1356.43051258,1356.42985976,0.04328689,2497.66549334,0.01998554,0.01998555,23581,72,0
8475.63429516,8475.63404405,1365.69464429,1365.70112035,0.05092185,2497.95627407,0.01998555,0.01998555,23580,72,0
8475.99381868,8475.99349495,1374.96991649,1374.97827463,0.04956602,2498.24580686,0.01998555,0.01998555,23579,72,0
8476.35351704,8476.35297634,1384.25676901,1384.27074564,0.04280860,2498.53438100,0.01998555,0.01998555,23578,72,0
8476.71223730,8476.71248822,1393.55503462,1393.54854146,0.04820184,2498.82106509,0.01998554,0.01998555,23577,72,0
8477.07181944,8477.07203058,1402.86428656,1402.85881665,0.05417341,2499.10731218,0.01998554,0.01998555,23576,72,0
8477.43197511,8477.43160345,1412.18409428,1412.19373237,0.04555651,2499.39286812,0.01998555,0.01998555,23575,72,0
8477.79120090,8477.79120681,1421.51413930,1421.51398587,0.04488274,2499.67652842,0.01998554,0.01998554,23574,72,0
8478.15060033,8478.15084067,1430.85442162,1430.84817643,0.05096008,2499.95916378,0.01998554,0.01998554,23573,72,0
8478.51028917,8478.51050504,1440.20499655,1440.19938151,0.04311176,2500.24086029,0.01998554,0.01998554,23572,72,0
8478.87017047,8478.87019992,1449.56593116,1449.56516443,0.05053701,2500.52153727,0.01998554,0.01998554,23571,72,0
8479.23040526,8479.22992531,1458.93764638,1458.95015716,0.05149355,2500.80132576,0.01998555,0.01998554,23570,72,0
8479.59003232,8479.58968122,1468.32097946,1468.33014260,0.04145666,2501.07950057,0.01998554,0.01998554,23569,72,0
8479.94984423,8479.94946766,1477.71679695,1477.72663763,0.04763450,2501.35669722,0.01998554,0.01998554,23568,72,0
8480.30948300,8480.30928462,1487.12579921,1487.13099002,0.04176654,2501.63265486,0.01998554,0.01998554,23567,72,0
8480.66923599,8480.66913211,1496.54730586,1496.55002735,0.04892312,2501.90756865,0.01998554,0.01998554,23566,72,0
8481.02968581,8481.02901013,1505.97996350,1505.99768228,0.05187643,2502.18183516,0.01998555,0.01998554,23565,72,0
8481.38905782,8481.38891869,1515.42240552,1515.42605722,0.03824271,2502.45406182,0.01998555,0.01998554,23564,72,0
8481.74887505,8481.74885780,1524.87387042,1524.87432361,0.04956045,2502.72537959,0.01998554,0.01998554,23563,72,0
8482.10919351,8482.10882745,1534.33529779,1534.34492447,0.04181057,2502.99584876,0.01998555,0.01998554,23562,72,0
8482.46910451,8482.46882764,1543.80792752,1543.81521704,0.04527854,2503.26481757,0.01998555,0.01998554,23561,72,0
8482.82876324,8482.82885839,1553.29297088,1553.29046231,0.04472878,2503.53243445,0.01998554,0.01998554,23560,72,0
8483.18869411,8483.18891970,1562.79073756,1562.78478324,0.04756165,2503.79909268,0.01998554,0.01998554,23559,72,0
8483.54921296,8483.54901157,1572.30060232,1572.30592397,0.04245549,2504.06499898,0.01998554,0.01998554,23558,72,0
8483.90848594,8483.90913401,1581.82189247,1581.80474924,0.04908361,2504.32878012,0.01998554,0.01998554,23557,72,0
8484.26973250,8484.26928701,1591.35405896,1591.36585594,0.03962037,2504.59277594,0.01998555,0.01998554,23556,72,0
8484.62921875,8484.62947058,1600.89731081,1600.89063466,0.04569882,2504.85425760,0.01998554,0.01998554,23555,72,0
8484.98989432,8484.98968474,1610.45213819,1610.45770059,0.05304774,2505.11538197,0.01998554,0.01998554,23554,72,0
8485.35021407,8485.34992947,1620.01903273,1620.02659523,0.04799367,2505.37503434,0.01998554,0.01998554,23553,72,0
8485.70991860,8485.71020479,1629.59823153,1629.59061763,0.04943566,2505.63303369,0.01998554,0.01998554,23552,72,0
8486.07061969,8486.07051069,1639.18949551,1639.19239866,0.04495650,2505.89052224,0.01998554,0.01998554,23551,72,0
8486.43035535,8486.43084719,1648.79253197,1648.77941692,0.04900699,2506.14608612,0.01998554,0.01998554,23550,72,0
8486.79126373,8486.79121428,1658.40708397,1658.40840392,0.05273536,2506.40123118,0.01998554,0.01998554,23549,72,0
8487.15140353,8487.15161198,1668.03331261,1668.02774172,0.04736789,2506.65458201,0.01998554,0.01998554,23548,72,0
8487.51142581,8487.51204027,1677.67164129,1677.65519993,0.05114038,2506.90660705,0.01998554,0.01998554,23547,72,0
8487.87264288,8487.87249918,1687.32250025,1687.32635015,0.03871365,2507.15822509,0.01998554,0.01998554,23546,72,0
8488.23264538,8488.23298870,1696.98612371,1696.97691483,0.04731725,2507.40775830,0.01998554,0.01998554,23545,72,0
8488.59323733,8488.59350883,1706.66217176,1706.65488080,0.04883767,2507.65644588,0.01998554,0.01998554,23544,72,0
8488.95456866,8488.95405958,1716.35019842,1716.36388512,0.05252608,2507.90436727,0.01998555,0.01998554,23543,72,0
8489.31501707,8489.31464096,1726.04977973,1726.05990276,0.04501040,2508.15039395,0.01998555,0.01998554,23542,72,0
8489.67491262,8489.67525296,1735.76094742,1735.75177692,0.04801505,2508.39475451,0.01998554,0.01998554,23541,72,0
8490.03638664,8490.03589559,1745.48413195,1745.49737880,0.04602538,2508.63889610,0.01998555,0.01998554,23540,72,0
8490.39669788,8490.39656886,1755.21978022,1755.22326481,0.04499022,2508.88097066,0.01998554,0.01998554,23539,72,0
8490.75724061,8490.75727277,1764.96824373,1764.96737398,0.04924339,2509.12192290,0.01998554,0.01998554,23538,72,0
8491.11781621,8491.11800732,1774.72949889,1774.72432442,0.04617004,2509.36161222,0.01998554,0.01998554,23537,72,0
8491.47835350,8491.47877252,1784.50343149,1784.49207252,0.04868123,2509.59998272,0.01998554,0.01998554,23536,72,0
8491.84070158,8491.83956837,1794.28992682,1794.32068331,0.05658387,2509.83823874,0.01998555,0.01998554,23535,72,0
8492.20040970,8492.20039488,1804.08887989,1804.08928271,0.04411032,2510.07345000,0.01998554,0.01998554,23534,72,0
8492.56074044,8492.56125204,1813.90019573,1813.88627770,0.04755465,2510.30775293,0.01998554,0.01998554,23533,72,0
8492.92226101,8492.92213986,1823.72377904,1823.72707874,0.04731732,2510.54149849,0.01998554,0.01998554,23532,72,0
8493.28339292,8493.28305835,1833.55959366,1833.56871661,0.04715717,2510.77365514,0.01998555,0.01998554,23531,72,0
8493.64424547,8493.64400752,1843.40785488,1843.41435126,0.05026906,2511.00429626,0.01998554,0.01998554,23530,72,0
8494.00538916,8494.00498735,1853.26884575,1853.27982880,0.03841195,2511.23378723,0.01998555,0.01998554,23529,72,0
8494.36588622,8494.36599787,1863.14285188,1863.13979623,0.04501138,2511.46153479,0.01998554,0.01998554,23528,72,0
8494.72688565,8494.72703906,1873.03017094,1873.02596696,0.04858266,2511.68826639,0.01998554,0.01998554,23527,72,0
8495.08873132,8495.08811094,1882.93111298,1882.94813538,0.04658374,2511.91419135,0.01998555,0.01998554,23526,72,0
8495.44899074,8495.44921352,1892.84599088,1892.83987006,0.04627556,2512.13779569,0.01998554,0.01998554,23525,72,0
8495.81071078,8495.81034678,1902.77491893,1902.78493302,0.04563361,2512.36096720,0.01998555,0.01998554,23524,72,0
8496.17174173,8496.17151075,1912.71724520,1912.72360764,0.04660176,2512.58235423,0.01998555,0.01998554,23523,72,0
8496.53245504,8496.53270541,1922.67212960,1922.66522537,0.04554732,2512.80216549,0.01998554,0.01998554,23522,72,0
8496.89380948,8496.89393078,1932.63878184,1932.63543319,0.04651776,2513.02096023,0.01998554,0.01998554,23521,72,0
8497.25505758,8497.25518686,1942.61742130,1942.61384806,0.04679300,2513.23828201,0.01998554,0.01998554,23520,72,0
8497.61634126,8497.61647366,1952.60914822,1952.60548440,0.05018939,2513.45423471,0.01998554,0.01998554,23519,72,0
8497.97763533,8497.97779117,1962.61510004,1962.61078141,0.04627730,2513.66882113,0.01998554,0.01998554,23518,72,0
8498.33953619,8498.33913940,1972.63591636,1972.64692738,0.04882067,2513.88239879,0.01998555,0.01998554,23517,72,0
8498.70105947,8498.70051836,1982.67078390,1982.68581895,0.04459326,2514.09436124,0.01998555,0.01998554,23516,72,0
8499.06149603,8499.06192805,1992.71862217,1992.70660463,0.04629855,2514.30427202,0.01998554,0.01998554,23515,72,0
8499.42354447,8499.42336847,2002.77843111,2002.78333239,0.04690267,2514.51367279,0.01998555,0.01998554,23514,72,0
8499.78449949,8499.78483962,2012.85018214,2012.84069964,0.04558191,2514.72098952,0.01998554,0.01998554,23513,72,0
8500.14602627,8500.14634152,2022.93445204,2022.92565274,0.04776370,2514.92718785,0.01998554,0.01998554,23512,72,0
8500.50792959,8500.50787416,2033.03183136,2033.03338031,0.04729685,2515.13215672,0.01998554,0.01998554,23511,72,0
8500.86939745,8500.86943756,2043.14293529,2043.14181288,0.05201792,2515.33544267,0.01998554,0.01998554,23510,72,0
8501.23090512,8501.23103170,2053.26842040,2053.26487333,0.05453477,2515.53732180,0.01998554,0.01998554,23509,72,0
8501.59329708,8501.59265660,2063.40895256,2063.42692566,0.04713762,2515.73826640,0.01998554,0.01998554,23508,72,0
8501.95444466,8501.95431226,2073.56507190,2073.56879248,0.04576517,2515.93710153,0.01998554,0.01998554,23507,72,0
8502.31669739,8502.31599869,2083.73655302,2083.75621574,0.04568567,2516.13510959,0.01998554,0.01998554,23506,72,0
8502.67730829,8502.67771588,2093.92288830,2093.91140231,0.04656801,2516.33077516,0.01998554,0.01998554,23505,72,0
8503.03933445,8503.03946385,2104.12357443,2104.11992308,0.05315724,2516.52574157,0.01998554,0.01998554,23504,72,0
8503.40172173,8503.40124259,2114.33831902,2114.35185618,0.04999142,2516.71941780,0.01998554,0.01998554,23503,72,0
8503.76320053,8503.76305212,2124.56704691,2124.57124551,0.04739442,2516.91112043,0.01998554,0.01998554,23502,72,0
8504.12446561,8504.12489242,2134.80969233,2134.79760284,0.04616138,2517.10121684,0.01998554,0.01998554,23501,72,0
8504.48695341,8504.48676352,2145.06632604,2145.07171162,0.05299846,2517.29045113,0.01998554,0.01998554,23500,72,0
8504.84873095,8504.84866541,2155.33739634,2155.33925764,0.04802056,2517.47781230,0.01998554,0.01998554,23499,72,0
8505.21048635,8505.21059809,2165.62341941,2165.62024157,0.04679813,2517.66366351,0.01998554,0.01998554,23498,72,0
8505.57203021,8505.57256157,2175.92485216,2175.90971906,0.04130713,2517.84790968,0.01998554,0.01998554,23497,72,0
8505.93457504,8505.93455586,2186.24165030,2186.24219719,0.05057440,2518.03115540,0.01998554,0.01998554,23496,72,0
8506.29656671,8506.29658096,2196.57352803,2196.57312111,0.04923268,2518.21259977,0.01998554,0.01998554,23495,72,0
8506.65873171,8506.65863686,2206.92019482,2206.92290701,0.04387464,2518.39259682,0.01998554,0.01998554,23494,72,0
8507.02074668,8507.02072358,2217.28133643,2217.28199779,0.05018824,2518.57097298,0.01998554,0.01998554,23493,72,0
8507.38304642,8507.38284113,2227.65661139,2227.66249698,0.04365621,2518.74792864,0.01998554,0.01998554,23492,72,0
8507.74523269,8507.74498949,2238.04567419,2238.05265523,0.05118365,2518.92325538,0.01998555,0.01998554,23491,72,0
8508.10732350,8508.10716868,2248.44844343,2248.45289288,0.04537126,2519.09695509,0.01998554,0.01998554,23490,72,0
8508.46964214,8508.46937871,2258.86557255,2258.87315383,0.04288708,2519.26918594,0.01998554,0.01998554,23489,72,0
8508.83199792,8508.83161957,2269.29784614,2269.30875007,0.05032057,2519.43986115,0.01998554,0.01998554,23488,72,0
8509.19426301,8509.19389127,2279.74596850,2279.75669747,0.04400247,2519.60892460,0.01998554,0.01998554,23487,72,0
8509.55608554,8509.55619381,2290.21005468,2290.20692555,0.05052717,2519.77620941,0.01998554,0.01998554,23486,72,0
8509.91898558,8509.91852720,2300.68997144,2300.70323893,0.04421168,2519.94240406,0.01998555,0.01998554,23485,72,0
8510.28086114,8510.28089144,2311.18557545,2311.18469722,0.05127350,2520.10653537,0.01998554,0.01998554,23484,72,0
8510.64347803,8510.64328653,2321.69656880,2321.70212689,0.04109890,2520.26939358,0.01998554,0.01998554,23483,72,0
8511.00589030,8511.00571249,2332.22251207,2332.22767977,0.05237830,2520.43053579,0.01998554,0.01998554,23482,72,0
8511.36839045,8511.36816930,2342.76296197,2342.76939703,0.04798330,2520.59007860,0.01998554,0.01998554,23481,72,0
8511.73066077,8511.73065699,2353.31799520,2353.31810528,0.04998138,2520.74787695,0.01998554,0.01998554,23480,72,0
8512.09367546,8512.09317554,2363.88865883,2363.90324659,0.05521778,2520.90435969,0.01998554,0.01998554,23479,72,0
8512.45537135,8512.45572497,2374.47611412,2374.46577927,0.04687533,2521.05865020,0.01998554,0.01998554,23478,72,0
8512.81861281,8512.81830528,2385.08117625,2385.09017807,0.04906526,2521.21197190,0.01998554,0.01998554,23477,72,0
8513.18072392,8513.18091647,2395.70329732,2395.69765280,0.03972919,2521.36317575,0.01998554,0.01998554,23476,72,0
8513.54340010,8513.54355855,2406.34159508,2406.33694357,0.04824467,2521.51295238,0.01998554,0.01998554,23475,72,0
8513.90637194,8513.90623152,2416.99527156,2416.99939926,0.05141782,2521.66116527,0.01998554,0.01998554,23474,72,0
8514.26894477,8514.26893538,2427.66426316,2427.66453956,0.04208842,2521.80752267,0.01998554,0.01998554,23473,72,0
8514.63133232,8514.63167014,2438.34886269,2438.33890494,0.04922818,2521.95211102,0.01998554,0.01998554,23472,72,0
8514.99487427,8514.99443581,2449.04938353,2449.06232620,0.05480708,2522.09545410,0.01998554,0.01998554,23471,72,0
8515.35733790,8515.35723238,2459.76642959,2459.76954905,0.04142563,2522.23667068,0.01998554,0.01998554,23470,72,0
8515.72023018,8515.72005986,2470.50086181,2470.50590485,0.04738408,2522.37635500,0.01998554,0.01998554,23469,72,0
8516.08287850,8516.08291825,2481.25354132,2481.25236249,0.05097867,2522.51424874,0.01998554,0.01998554,23468,72,0
8516.44563187,8516.44580757,2492.02444425,2492.01922557,0.05200719,2522.65047575,0.01998554,0.01998554,23467,72,0
8516.80892905,8516.80872780,2502.81220200,2502.81818818,0.05116322,2522.78516964,0.01998554,0.01998554,23466,72,0
8517.17212501,8517.17167896,2513.61532370,2513.62860834,0.04546248,2522.91806102,0.01998555,0.01998554,23465,72,0
8517.53393909,8517.53466105,2524.43299059,2524.41146045,0.04829219,2523.04867429,0.01998554,0.01998554,23464,72,0
8517.89792292,8517.89767408,2535.26612585,2535.27355720,0.05077551,2523.17828910,0.01998554,0.01998554,23463,72,0
8518.26117770,8518.26071804,2546.11593600,2546.12968347,0.05030434,2523.30586854,0.01998554,0.01998554,23462,72,0
8518.62365535,8518.62379295,2556.98338311,2556.97926129,0.05126927,2523.43140900,0.01998554,0.01998554,23461,72,0
8518.98722057,8518.98689880,2567.86834345,2567.87799644,0.04818027,2523.55554324,0.01998554,0.01998554,23460,72,0
8519.34973236,8519.35003560,2578.77039896,2578.76128832,0.04498316,2523.67752609,0.01998554,0.01998554,23459,72,0
8519.71336284,8519.71320336,2589.68919784,2589.69399620,0.05318124,2523.79807502,0.01998554,0.01998554,23458,72,0
8520.07715794,8520.07640207,2600.62487683,2600.64765249,0.05777673,2523.91685665,0.01998554,0.01998554,23457,72,0
8520.43972548,8520.43963175,2611.57778385,2611.58061228,0.04528865,2524.03341909,0.01998554,0.01998554,23456,72,0
8520.80341465,8520.80289239,2622.54827293,2622.56405740,0.04847447,2524.14851283,0.01998554,0.01998554,23455,72,0
8521.16625940,8521.16618400,2633.53672563,2633.53900801,0.04766638,2524.26150806,0.01998554,0.01998554,23454,72,0
8521.52665528,8521.52950659,0.00000000,2644.46887605,0.05984396,2524.37204250,0.01998554,0.01998554,23453,72,1
8521.89298221,8521.89286015,2655.56910753,2655.57281444,0.05128935,2524.48229671,0.01998554,0.01998554,23452,72,0
8522.25701444,8522.25624469,2666.61342950,2666.63684304,0.05528238,2524.59010868,0.01998554,0.01998554,23451,72,0
8522.61976495,8522.61966022,2677.67617949,2677.67937007,0.05519088,2524.69567454,0.01998554,0.01998554,23450,72,0
8522.98333448,8522.98310674,2688.75702407,2688.76397277,0.05102185,2524.79959611,0.01998554,0.01998554,23449,72,0
8523.34728797,8523.34658425,2699.85596605,2699.87747114,0.05033838,2524.90172983,0.01998554,0.01998554,23448,72,0
8523.70990396,8523.71009276,2710.97341340,2710.96763434,0.05003218,2525.00159386,0.01998554,0.01998554,23447,72,0
8524.07432054,8524.07363228,2722.10979420,2722.13089530,0.05111875,2525.10004241,0.01998554,0.01998554,23446,72,0
8524.43701712,8524.43720279,2733.26510034,2733.25939878,0.04729593,2525.19611331,0.01998554,0.01998554,23445,72,0
8524.80100410,8524.80080432,2744.43864518,2744.44478917,0.04698646,2525.29059121,0.01998554,0.01998554,23444,72,0
8525.16449705,8525.16443686,2755.62968229,2755.63153613,0.05235401,2525.38299047,0.01998554,0.01998554,23443,72,0
8525.52875134,8525.52810042,2766.83803877,2766.85811569,0.05113650,2525.47361700,0.01998554,0.01998554,23442,72,0
8525.89199215,8525.89179500,2778.06465434,2778.07074499,0.04902424,2525.56202904,0.01998554,0.01998554,23441,72,0
8526.25522058,8526.25552060,2789.31060258,2789.30131841,0.04725470,2525.64847663,0.01998554,0.01998554,23440,72,0
8526.61918335,8526.61927723,2800.57659523,2800.57368517,0.04464121,2525.73312617,0.01998554,0.01998554,23439,72,0
8526.98337648,8526.98306490,2811.86249478,2811.87216908,0.04946837,2525.81584041,0.01998554,0.01998554,23438,72,0
8527.34703925,8527.34688361,2823.16804236,2823.17288293,0.04831832,2525.89643611,0.01998554,0.01998554,23437,72,0
8527.71081154,8527.71073335,2834.49303159,2834.49546728,0.04883601,2525.97504613,0.01998554,0.01998554,23436,72,0
8528.07466368,8528.07461414,2845.83740017,2845.83894579,0.04775085,2526.05165119,0.01998554,0.01998554,23435,72,0
8528.43780727,8528.43852598,2857.20110885,2857.17864786,0.04620976,2526.12607943,0.01998554,0.01998554,23434,72,0
8528.80195707,8528.80246887,2868.58404879,2868.56802841,0.05079738,2526.19866827,0.01998554,0.01998554,23433,72,0
8529.16629532,8529.16644282,2879.98590843,2879.98128425,0.04616689,2526.26923183,0.01998554,0.01998554,23432,72,0
8529.53001711,8529.53044784,2891.40633637,2891.39281238,0.04430597,2526.33760510,0.01998554,0.01998554,23431,72,0
8529.89476633,8529.89448391,2902.84528690,2902.85416817,0.04937194,2526.40408277,0.01998554,0.01998554,23430,72,0
8530.25786741,8530.25855106,2914.30366656,2914.28213204,0.04429046,2526.46817704,0.01998554,0.01998554,23429,72,0
8530.62232302,8530.62264928,2925.78257372,2925.77227864,0.05239765,2526.53041523,0.01998554,0.01998554,23428,72,0
8530.98696935,8530.98677857,2937.28271380,2937.28874437,0.04822568,2526.59057715,0.01998554,0.01998554,23427,72,0
8531.35001914,8531.35093895,2948.80354606,2948.77442215,0.05323686,2526.64836533,0.01998554,0.01998554,23426,72,0
8531.71463336,8531.71513041,2960.34428199,2960.32851874,0.04642730,2526.70426759,0.01998554,0.01998554,23425,72,0
8532.07946611,8532.07935296,2971.90451317,2971.90810736,0.04677581,2526.75804855,0.01998554,0.01998554,23424,72,0
8532.44343043,8532.44360660,2983.48498508,2983.47937942,0.04306679,2526.80954575,0.01998554,0.01998554,23423,72,0
8532.80776807,8532.80789135,2995.08666536,2995.08273583,0.04805403,2526.85893160,0.01998554,0.01998554,23422,72,0
8533.17201470,8533.17220719,3006.71022183,3006.70407499,0.05227919,2526.90613102,0.01998554,0.01998554,23421,72,0
8533.53628136,8533.53655413,3018.35548042,3018.34675439,0.04803929,2526.95114567,0.01998554,0.01998554,23420,72,0
8533.90082708,8533.90093219,3030.02212170,3030.01875348,0.04782502,2526.99399109,0.01998554,0.01998554,23419,72,0
8534.26529412,8534.26534136,3041.71004662,3041.70853032,0.04827377,2527.03461058,0.01998554,0.01998554,23418,72,0
8534.62929366,8534.62978164,3053.41969464,3053.40400150,0.04272808,2527.07295477,0.01998554,0.01998554,23417,72,0
8534.99437117,8534.99425305,3065.15158534,3065.15539109,0.04662422,2527.10916963,0.01998554,0.01998554,23416,72,0
8535.35923538,8535.35875558,3076.90566767,3076.92115305,0.05313082,2527.14310585,0.01998554,0.01998554,23415,72,0
8535.72330759,8535.72328924,3088.68071833,3088.68131166,0.04896141,2527.17470270,0.01998554,0.01998554,23414,72,0
8536.08784998,8536.08785403,3100.47537479,3100.47524338,0.04281263,2527.20405707,0.01998554,0.01998554,23413,72,0
8536.45168617,8536.45244996,3112.28945302,3112.26468324,0.04335567,2527.23106452,0.01998554,0.01998554,23412,72,0
8536.81711590,8536.81707704,3124.12473900,3124.12600152,0.04425076,2527.25587937,0.01998554,0.01998554,23411,72,0
8537.18153979,8537.18173525,3135.98319022,3135.97682774,0.04695192,2527.27831043,0.01998554,0.01998554,23410,72,0
8537.54652127,8537.54642462,3147.86552512,3147.86867744,0.04742394,2527.29844551,0.01998554,0.01998554,23409,72,0
8537.91081187,8537.91114513,3159.77083835,3159.75995002,0.04827745,2527.31620149,0.01998554,0.01998554,23408,72,0
8538.27566155,8538.27589681,3171.69814617,3171.69044655,0.05060190,2527.33162561,0.01998554,0.01998554,23407,72,0
8538.64069683,8538.64067964,3183.64734202,3183.64790563,0.05031333,2527.34468151,0.01998554,0.01998554,23406,72,0
8539.00558772,8539.00549364,3195.61918575,3195.62227591,0.04724047,2527.35534437,0.01998554,0.01998554,23405,72,0
8539.37049867,8539.37033881,3207.61442080,3207.61968152,0.04825008,2527.36360697,0.01998554,0.01998554,23404,72,0
8539.73535532,8539.73521515,3219.63299604,3219.63761699,0.04422848,2527.36945377,0.01998554,0.01998554,23403,72,0
8540.10016241,8540.10012267,3231.67429208,3231.67560449,0.05177385,2527.37287158,0.01998554,0.01998554,23402,72,0
8540.46564625,8540.46506137,3243.73778645,3243.75713740,0.04128631,2527.37384709,0.01998554,0.01998554,23401,72,0
8540.83051639,8540.83003126,3255.82389284,3255.83997302,0.04592368,2527.37236256,0.01998554,0.01998554,23400,72,0
8541.19505209,8541.19503233,3267.93348691,3267.93414311,0.04661240,2527.36841225,0.01998554,0.01998554,23399,72,0
8541.55991951,8541.56006460,3280.06731787,3280.06249066,0.04462140,2527.36197410,0.01998554,0.01998554,23398,72,0
8541.92488501,8541.92512806,3292.22544705,3292.21734469,0.04680081,2527.35303290,0.01998554,0.01998554,23397,72,0
8542.29039619,8542.29022272,3304.40771919,3304.41351274,0.04469118,2527.34155621,0.01998554,0.01998554,23396,72,0
8542.65484998,8542.65534859,3316.61399156,3316.59730728,0.04601476,2527.32758493,0.01998554,0.01998554,23395,72,0
8543.02136122,8543.02050567,3328.84416377,3328.87284542,0.04888470,2527.31097443,0.01998554,0.01998554,23394,72,0
8543.38587648,8543.38569396,3341.09814624,3341.10427642,0.04610561,2527.29189304,0.01998554,0.01998554,23393,72,0
8543.75128718,8543.75091347,3353.37620838,3353.38878418,0.03866442,2527.27018567,0.01998554,0.01998554,23392,72,0
8544.11640852,8544.11616420,3365.67926326,3365.68750128,0.04671211,2527.24589932,0.01998554,0.01998554,23391,72,0
8544.48174314,8544.48144615,3378.00826638,3378.01830059,0.04568944,2527.21898352,0.01998554,0.01998554,23390,72,0
8544.84634606,8544.84675933,3390.36333972,3390.34934868,0.04108814,2527.18949690,0.01998554,0.01998554,23389,72,0
8545.21224123,8545.21210375,3402.74372564,3402.74838904,0.05038498,2527.15725533,0.01998554,0.01998554,23388,72,0
8545.57642600,8545.57747940,3415.14868754,3415.11288980,0.04754262,2527.12251415,0.01998554,0.01998554,23387,72,0
8545.94291039,8545.94288629,3427.57821633,3427.57903694,0.04933050,2527.08486879,0.01998554,0.01998554,23386,72,0
8546.30779713,8546.30832443,3440.03273560,3440.01474726,0.04672169,2527.04469486,0.01998554,0.01998554,23385,72,0
8546.67395924,8546.67379382,3452.51269452,3452.51834901,0.03911702,2527.00166204,0.01998554,0.01998554,23384,72,0
8547.03914198,8547.03929446,3465.01862168,3465.01339911,0.04824311,2526.95601377,0.01998554,0.01998554,23383,72,0
8547.40415103,8547.40482635,3477.55107327,3477.52789553,0.03962389,2526.90764348,0.01998554,0.01998554,23382,72,0
8547.77045161,8547.77038951,3490.11031155,3490.11244722,0.04867289,2526.85632621,0.01998554,0.01998554,23381,72,0
8548.13597859,8548.13598394,3502.69589837,3502.69571415,0.04839957,2526.80233003,0.01998554,0.01998554,23380,72,0
8548.50217397,8548.50160963,3515.30728899,3515.32677341,0.03855878,2526.74542858,0.01998554,0.01998554,23379,72,0
8548.86745766,8548.86726659,3527.94392448,3527.95053375,0.04306040,2526.68585615,0.01998554,0.01998554,23378,72,0
8549.23317030,8549.23295484,3540.60523056,3540.61269738,0.04737080,2526.62338616,0.01998554,0.01998554,23377,72,0
8549.59900975,8549.59867436,3553.29085803,3553.30250266,0.04449606,2526.55804952,0.01998554,0.01998554,23376,72,0
8549.96473791,8549.96442517,3566.00264452,3566.01352550,0.04385451,2526.48986260,0.01998554,0.01998554,23375,72,0
8550.33118090,8550.33020727,3578.74365238,3578.77760648,0.04552395,2526.41862956,0.01998554,0.01998554,23374,72,0
8550.69645787,8550.69602066,3591.51584541,3591.53112781,0.04921041,2526.34469071,0.01998554,0.01998554,23373,72,0
8551.06170123,8551.06186534,3604.31691543,3604.31116719,0.04146045,2526.26782491,0.01998554,0.01998554,23372,72,0
8551.42738721,8551.42774133,3617.14356733,3617.13114159,0.04521997,2526.18792884,0.01998554,0.01998554,23371,72,0
8551.79360460,8551.79364863,3629.99527065,3629.99372268,0.04749975,2526.10495786,0.01998554,0.01998554,23370,72,0
8552.15957865,8552.15958723,3642.87583634,3642.87553383,0.04504428,2526.01904146,0.01998554,0.01998554,23369,72,0
8552.52605850,8552.52555715,3655.78911549,3655.80682790,0.04694545,2525.92995423,0.01998554,0.01998554,23368,72,0
8552.89199259,8552.89155838,3668.73446113,3668.74983567,0.04098163,2525.83793515,0.01998554,0.01998554,23367,72,0
8553.25770511,8553.25759094,3681.70823307,3681.71228378,0.04747680,2525.74291794,0.01998554,0.01998554,23366,72,0
8553.62397532,8553.62365482,3694.70781709,3694.71920999,0.04700592,2525.64469680,0.01998554,0.01998554,23365,72,0
8553.99014866,8553.98975003,3707.73503205,3707.74923241,0.04594926,2525.54340966,0.01998554,0.01998554,23364,72,0
8554.35660169,8554.35587657,3720.79278890,3720.81868062,0.04858993,2525.43890764,0.01998554,0.01998554,23363,72,0
8554.72172876,8554.72203446,3733.88208041,3733.87114012,0.03965922,2525.33163322,0.01998554,0.01998554,23362,72,0
8555.08787053,8555.08822368,3747.00109160,3746.98842650,0.04238867,2525.22089685,0.01998554,0.01998554,23361,72,0
8555.45438098,8555.45444425,3760.14796926,3760.14569595,0.04409027,2525.10687193,0.01998554,0.01998554,23360,72,0
8555.82054775,8555.82069616,3773.32272490,3773.31738070,0.04511352,2524.98976056,0.01998554,0.01998554,23359,72,0
8556.18728740,8556.18697944,3786.52638596,3786.53749926,0.04696518,2524.86923787,0.01998554,0.01998554,23358,72,0
8556.55326949,8556.55329406,3799.75983711,3799.75894831,0.04862546,2524.74571523,0.01998554,0.01998554,23357,72,0
8556.91932200,8556.91964005,3813.02351360,3813.01198550,0.04567596,2524.61889760,0.01998554,0.01998554,23356,72,0
8557.28608542,8557.28601741,3826.31776574,3826.32023615,0.04613486,2524.48852814,0.01998554,0.01998554,23355,72,0
8557.65217112,8557.65242614,3839.64272340,3839.63343914,0.04186531,2524.35507744,0.01998554,0.01998554,23354,72,0
8558.01906081,8558.01886624,3852.99830874,3853.00540824,0.04561310,2524.21798302,0.01998554,0.01998554,23353,72,0
8558.38459953,8558.38533771,3866.38475376,3866.35775865,0.04708639,2524.07803380,0.01998554,0.01998554,23352,72,0
8558.75251058,8558.75184057,3879.80378521,3879.82834673,0.04151369,2523.93374962,0.01998554,0.01998554,23351,72,0
8559.11802947,8559.11837482,3893.25754059,3893.24484813,0.04596368,2523.78695282,0.01998554,0.01998554,23350,72,0
8559.48455828,8559.48494045,3906.74611591,3906.73203642,0.04577349,2523.63627111,0.01998554,0.01998554,23349,72,0
8559.85120742,8559.85153748,3920.26680132,3920.25461520,0.04716250,2523.48206071,0.01998554,0.01998554,23348,72,0
8560.21819390,8560.21816591,3933.81735976,3933.81839553,0.04182762,2523.32422729,0.01998554,0.01998554,23347,72,0
8560.58559967,8560.58482574,3947.40022036,3947.42892666,0.04009796,2523.16267416,0.01998554,0.01998554,23346,72,0
8560.95128992,8560.95151697,3961.01970447,3961.01125986,0.04197176,2522.99828304,0.01998554,0.01998554,23345,72,0
8561.31841373,8561.31823961,3974.67659479,3974.68308671,0.04487873,2522.82960651,0.01998554,0.01998554,23344,72,0
8561.68477511,8561.68499367,3988.36561023,3988.35744427,0.04104410,2522.65768366,0.01998554,0.01998554,23343,72,0
8562.05194194,8562.05177915,4002.08186087,4002.08795454,0.04298715,2522.48181811,0.01998554,0.01998554,23342,72,0
8562.41858929,8562.41859605,4015.82854981,4015.82829622,0.03773474,2522.30257831,0.01998554,0.01998554,23341,72,0
8562.78515537,8562.78544437,4029.61269873,4029.60182382,0.04720506,2522.11964282,0.01998554,0.01998554,23340,72,0
8563.15213437,8563.15232413,4043.43730761,4043.43014777,0.04108822,2521.93269177,0.01998554,0.01998554,23339,72,0
8563.51910826,8563.51923532,4057.29805645,4057.29325107,0.04526531,2521.74196220,0.01998554,0.01998554,23338,72,0
8563.88583796,8563.88617795,4071.19043789,4071.17755223,0.04305943,2521.54761933,0.01998554,0.01998554,23337,72,0
8564.25317237,8564.25315202,4085.11462183,4085.11539509,0.03862083,2521.34918197,0.01998554,0.01998554,23336,72,0
nan,nan,0.00000000,-1.00000000,0.00000000,2525.80175442,nan,0.00000000,-2147483648,71,1
8537.54751067,8537.54642462,8.76360590,8.78756425,0.05185015,2526.22501783,0.01998555,0.01998554,23409,71,0
8537.91086909,8537.91114513,16.81250601,16.80641174,0.04624128,2526.65978244,0.01998554,0.01998554,23408,71,0
8538.27615827,8538.27589681,24.86853635,24.87431354,0.04951486,2527.09611188,0.01998554,0.01998554,23407,71,0
8538.64117150,8538.64067964,32.93182637,32.94270311,0.05199025,2527.53136963,0.01998554,0.01998554,23406,71,0
8539.00638881,8539.00549364,41.00247216,41.02228373,0.04370626,2527.96613084,0.01998555,0.01998554,23405,71,0
8539.37000715,8539.37033881,49.08027917,49.07293323,0.04668137,2528.39824031,0.01998554,0.01998554,23404,71,0
8539.73491437,8539.73521515,57.16490377,57.15823687,0.05720353,2528.83110990,0.01998554,0.01998554,23403,71,0
8540.10110148,8540.10012267,65.25599939,65.27770985,0.05239746,2529.26469971,0.01998555,0.01998554,23402,71,0
8540.46501572,8540.46506137,73.35323317,73.35221985,0.04704602,2529.69478634,0.01998554,0.01998554,23401,71,0
8540.83059477,8540.83003126,81.45663057,81.46914667,0.04571114,2530.12602473,0.01998554,0.01998554,23400,71,0
8541.19503192,8541.19503233,89.56657909,89.56656991,0.04742548,2530.55512060,0.01998554,0.01998554,23399,71,0
8541.55948114,8541.56006460,97.68348406,97.67050499,0.04832476,2530.98345536,0.01998554,0.01998554,23398,71,0
8541.92540052,8541.92512806,105.80775152,105.81381757,0.05441042,2531.41275687,0.01998554,0.01998554,23397,71,0
8542.29009911,8542.29022272,113.93962887,113.93687441,0.04802600,2531.83987759,0.01998554,0.01998554,23396,71,0
8542.65513822,8542.65534859,122.07905882,122.07436717,0.05315109,2532.26664298,0.01998554,0.01998554,23395,71,0
8543.02077756,8543.02050567,130.22594944,130.23201792,0.04514662,2532.69334617,0.01998554,0.01998554,23394,71,0
8543.38541410,8543.38569396,138.38020833,138.37395690,0.04776219,2533.11811015,0.01998554,0.01998554,23393,71,0
8543.75083596,8543.75091347,146.54173234,146.53999965,0.04629857,2533.54301051,0.01998554,0.01998554,23392,71,0
8544.11580278,8544.11616420,154.71038062,154.70229456,0.04707611,2533.96659400,0.01998554,0.01998554,23391,71,0
8544.48072756,8544.48144615,162.88600311,162.86991385,0.04539762,2534.38933125,0.01998554,0.01998554,23390,71,0
8544.84592650,8544.84675933,171.06844895,171.04978803,0.04474115,2534.81157749,0.01998554,0.01998554,23389,71,0
8545.21313390,8545.21210375,179.25761613,179.28071557,0.05348891,2535.23532254,0.01998554,0.01998554,23388,71,0
8545.57675430,8545.57747940,187.45374352,187.43747157,0.04581556,2535.65412451,0.01998554,0.01998554,23387,71,0
8545.94272129,8545.94288629,195.65721487,195.65350892,0.04172788,2536.07483864,0.01998554,0.01998554,23386,71,0
8546.30783185,8546.30832443,203.86841645,203.85734344,0.04482245,2536.49379489,0.01998554,0.01998554,23385,71,0
8546.67386897,8546.67379382,212.08770403,212.08939500,0.03966004,2536.91305426,0.01998554,0.01998554,23384,71,0
8547.03987791,8547.03929446,220.31500011,220.32813899,0.04593458,2537.33151341,0.01998554,0.01998554,23383,71,0
8547.40487965,8547.40482635,228.54991618,228.55111736,0.04312991,2537.74803367,0.01998554,0.01998554,23382,71,0
8547.77041950,8547.77038951,236.79205495,236.79273142,0.04328807,2538.16435713,0.01998554,0.01998554,23381,71,0
8548.13568268,8548.13598394,245.04102785,245.03422811,0.04491782,2538.57953278,0.01998554,0.01998554,23380,71,0
8548.50218157,8548.50160963,253.29676319,253.30968242,0.04736013,2538.99527030,0.01998554,0.01998554,23379,71,0
8548.86710049,8548.86726659,261.55955187,261.55579684,0.04365854,2539.40838896,0.01998554,0.01998554,23378,71,0
8549.23204874,8549.23295484,269.82970603,269.80920594,0.04524128,2539.82072882,0.01998554,0.01998554,23377,71,0
8549.59811504,8549.59867436,278.10753813,278.09487273,0.04398632,2540.23352895,0.01998554,0.01998554,23376,71,0
8549.96476238,8549.96442517,286.39324737,286.40088976,0.04816303,2540.64618527,0.01998554,0.01998554,23375,71,0
8550.32956814,8550.33020727,294.68683272,294.67233527,0.04605029,2541.05597228,0.01998554,0.01998554,23374,71,0
8550.69595070,8550.69602066,302.98827283,302.98668465,0.04476814,2541.46672671,0.01998554,0.01998554,23373,71,0
8551.06213342,8551.06186534,311.29754622,311.30363752,0.04842260,2541.87644820,0.01998554,0.01998554,23372,71,0
8551.42778478,8551.42774133,319.61464646,319.61563451,0.04583034,2542.28476500,0.01998554,0.01998554,23371,71,0
8551.79344968,8551.79364863,327.93960702,327.93507869,0.04401610,2542.69228601,0.01998554,0.01998554,23370,71,0
8552.16003585,8552.15958723,336.27246805,336.28268805,0.04879788,2543.10001875,0.01998554,0.01998554,23369,71,0
8552.52576275,8552.52555715,344.61326991,344.61795786,0.04423473,2543.50598163,0.01998554,0.01998554,23368,71,0
8552.89165745,8552.89155838,352.96201789,352.96427866,0.04866411,2543.91131426,0.01998554,0.01998554,23367,71,0
8553.25712877,8553.25759094,361.31858042,361.30802470,0.04720459,2544.31535329,0.01998554,0.01998554,23366,71,0
8553.62375850,8553.62365482,369.68279199,369.68516196,0.04668800,2544.71983399,0.01998554,0.01998554,23365,71,0
8553.98977588,8553.98975003,378.05448614,378.05507746,0.05546584,2545.12279005,0.01998554,0.01998554,23364,71,0
8554.35604012,8554.35587657,386.43353966,386.43728398,0.04846137,2545.52515993,0.01998554,0.01998554,23363,71,0
8554.72207493,8554.72203446,394.82007190,394.82099924,0.04551703,2545.92642331,0.01998554,0.01998554,23362,71,0
8555.08857061,8555.08822368,403.21428602,403.22224206,0.04947462,2546.32734298,0.01998554,0.01998554,23361,71,0
8555.45375427,8555.45444425,411.61638639,411.60054948,0.04238766,2546.72598928,0.01998554,0.01998554,23360,71,0
8555.82008230,8555.82069616,420.02655852,420.01245626,0.04623484,2547.12505006,0.01998554,0.01998554,23359,71,0
8556.18702549,8556.18697944,428.44483876,428.44589769,0.04634754,2547.52394144,0.01998554,0.01998554,23358,71,0
8556.55341501,8556.55329406,436.87119523,436.87397854,0.04419334,2547.92138803,0.01998554,0.01998554,23357,71,0
8556.91873123,8556.91964005,445.30559557,445.28466254,0.05241828,2548.31682719,0.01998554,0.01998554,23356,71,0
8557.28608542,8557.28601741,453.74800965,453.74957750,0.04584969,2548.71361891,0.01998554,0.01998554,23355,71,0
8557.65241708,8557.65242614,462.19843214,462.19822316,0.04695981,2549.10845059,0.01998554,0.01998554,23354,71,0
8558.01869497,8558.01886624,470.65687191,470.65291698,0.04346868,2549.50236749,0.01998554,0.01998554,23353,71,0
8558.38522040,8558.38533771,479.12333806,479.12062657,0.05259099,2549.89569033,0.01998554,0.01998554,23352,71,0
8558.75221675,8558.75184057,487.59782905,487.60653106,0.04701245,2550.28865318,0.01998554,0.01998554,23351,71,0
8559.11855420,8559.11837482,496.08020767,496.08436061,0.05067334,2550.68003752,0.01998554,0.01998554,23350,71,0
8559.48464032,8559.48494045,504.57024234,504.56328814,0.04698294,2551.07026844,0.01998554,0.01998554,23349,71,0
8559.85079098,8559.85153748,513.06769833,513.05038837,0.04578785,2551.45966971,0.01998554,0.01998554,23348,71,0
8560.21769999,8560.21816591,521.57237132,521.56155924,0.04379750,2551.84896400,0.01998554,0.01998554,23347,71,0
8560.58511662,8560.58482574,530.08455353,530.09130940,0.04992979,2552.23789116,0.01998554,0.01998554,23346,71,0
8560.95155697,8560.95151697,538.60493334,538.60586324,0.04256139,2552.62491056,0.01998554,0.01998554,23345,71,0
8561.31861197,8561.31823961,547.13421392,547.14287865,0.05404084,2553.01173246,0.01998554,0.01998554,23344,71,0
8561.68463468,8561.68499367,555.67305920,555.66469664,0.04068570,2553.39664907,0.01998554,0.01998554,23343,71,0
8562.05224117,8562.05177915,564.22134739,564.23212041,0.04647087,2553.78240038,0.01998554,0.01998554,23342,71,0
8562.41889048,8562.41859605,572.77826593,572.78513720,0.04544648,2554.16627775,0.01998554,0.01998554,23341,71,0
8562.78558816,8562.78544437,581.34297430,581.34633241,0.04935712,2554.54929631,0.01998554,0.01998554,23340,71,0
8563.15210226,8563.15232413,589.91466876,589.90948321,0.04523793,2554.93117562,0.01998554,0.01998554,23339,71,0
8563.51914088,8563.51923532,598.49337608,598.49116711,0.04395334,2555.31265069,0.01998554,0.01998554,23338,71,0
8563.88636973,8563.88617795,607.07989552,607.08438520,0.05222554,2555.69340406,0.01998554,0.01998554,23337,71,0
8564.25391823,8564.25315202,615.67505998,615.69301481,0.04327282,2556.07360185,0.01998554,0.01998554,23336,71,0
8564.62080364,8564.62015753,624.27966968,624.29482587,0.04797637,2556.45226056,0.01998554,0.01998554,23335,71,0
8564.98748176,8564.98719450,632.89375687,632.90050176,0.05352318,2556.82985124,0.01998554,0.01998554,23334,71,0
8565.35410984,8565.35426292,641.51662839,641.51303065,0.03996504,2557.20650281,0.01998554,0.01998554,23333,71,0
8565.72139629,8565.72136280,650.14755892,650.14834657,0.05251378,2557.58290585,0.01998554,0.01998554,23332,71,0
8566.08813322,8566.08849415,658.78585859,658.77736311,0.04490588,2557.95778908,0.01998554,0.01998554,23331,71,0
8566.45559419,8566.45565696,667.43161707,667.43013851,0.04553648,2558.33245470,0.01998554,0.01998554,23330,71,0
8566.82354905,8566.82285124,676.08564194,676.10209562,0.05187976,2558.70669534,0.01998554,0.01998554,23329,71,0
8567.18969445,8567.19007699,684.74877199,684.73974295,0.04224853,2559.07820598,0.01998554,0.01998554,23328,71,0
8567.55745687,8567.55733423,693.42180284,693.42470072,0.04225551,2559.45049445,0.01998554,0.01998554,23327,71,0
8567.92451695,8567.92462294,702.10468464,702.10217762,0.05342203,2559.82120354,0.01998554,0.01998554,23326,71,0
8568.29152891,8568.29194315,710.79663897,710.78683232,0.04149846,2560.19095969,0.01998554,0.01998554,23325,71,0
8568.65908999,8568.65929484,719.49685919,719.49200553,0.04487553,2560.56032498,0.01998554,0.01998554,23324,71,0
8569.02661524,8569.02667803,728.20458806,728.20309918,0.04751958,2560.92867437,0.01998554,0.01998554,23323,71,0
8569.39438469,8569.39409272,736.91987446,736.92680297,0.05800859,2561.29628681,0.01998554,0.01998554,23322,71,0
8569.76100996,8569.76153891,745.64339099,745.63082741,0.04270950,2561.66180332,0.01998554,0.01998554,23321,71,0
8570.12893345,8570.12901661,754.37583027,754.37385307,0.04415332,2562.02768401,0.01998554,0.01998554,23320,71,0
8570.49689769,8570.49652583,763.11784067,763.12669079,0.05135154,2562.39269683,0.01998554,0.01998554,23319,71,0
8570.86407921,8570.86406655,771.86949184,771.86979328,0.04947966,2562.75602672,0.01998554,0.01998554,23318,71,0
8571.23108811,8571.23163880,780.63046819,780.61733635,0.03995784,2563.11826404,0.01998554,0.01998554,23317,71,0
8571.59952439,8571.59924257,789.40044532,789.40717183,0.04441132,2563.48096614,0.01998554,0.01998554,23316,71,0
8571.96689644,8571.96687786,798.17912905,798.17957274,0.05162361,2563.84166310,0.01998554,0.01998554,23315,71,0
8572.33503450,8572.33454469,806.96652379,806.97823580,0.05228459,2564.20214979,0.01998554,0.01998554,23314,71,0
8572.70229031,8572.70224306,815.76279756,815.76392856,0.03629527,2564.56081605,0.01998554,0.01998554,23313,71,0
8573.06963128,8573.06997296,824.56812098,824.55993556,0.04110556,2564.91861314,0.01998554,0.01998554,23312,71,0
8573.43827170,8573.43773441,833.38264801,833.39553207,0.04641193,2565.27672102,0.01998554,0.01998554,23311,71,0
8573.80566625,8573.80552740,842.20640960,842.20974230,0.05196469,2565.63266444,0.01998554,0.01998554,23310,71,0
8574.17373134,8574.17335195,851.03938399,851.04849895,0.05105601,2565.98829772,0.01998554,0.01998554,23309,71,0
8574.54184160,8574.54120805,859.88154911,859.89678488,0.05413018,2566.34300923,0.01998554,0.01998554,23308,71,0
8574.90911325,8574.90909572,868.73293733,868.73335935,0.04352029,2566.69594805,0.01998554,0.01998554,23307,71,0
8575.27688598,8575.27701495,877.59385838,877.59075084,0.04456566,2567.04841152,0.01998554,0.01998554,23306,71,0
8575.64496438,8575.64496574,886.46471143,886.46467855,0.04250736,2567.40022112,0.01998554,0.01998554,23305,71,0
8576.01271805,8576.01294811,895.34589816,895.34034270,0.04424604,2567.75078618,0.01998554,0.01998554,23304,71,0
8576.38078618,8576.38096206,904.23758999,904.23333845,0.04647339,2568.10071854,0.01998554,0.01998554,23303,71,0
8576.74963256,8576.74900758,913.13913534,913.15425839,0.04868943,2568.45042508,0.01998554,0.01998554,23302,71,0
8577.11738262,8577.11708469,922.04969619,922.05691167,0.05209642,2568.79809304,0.01998554,0.01998554,23301,71,0
8577.48534328,8577.48519339,930.96843080,930.97206387,0.05300428,2569.14492528,0.01998554,0.01998554,23300,71,0
8577.85265067,8577.85333368,939.89495793,939.87838973,0.05736791,2569.49009148,0.01998554,0.01998554,23299,71,0
8578.22062437,8578.22150557,948.83000679,948.80861121,0.05318348,2569.83485653,0.01998554,0.01998554,23298,71,0
8578.58993266,8578.58970906,957.77447382,957.77990853,0.04046702,2570.17986931,0.01998554,0.01998554,23297,71,0
8578.95775048,8578.95794415,966.72925186,966.72453955,0.04981463,2570.52252152,0.01998554,0.01998554,23296,71,0
8579.32635045,8579.32621085,975.69465365,975.69805383,0.05941634,2570.86494079,0.01998554,0.01998554,23295,71,0
8579.69381925,8579.69450917,984.67006911,984.65324763,0.05161488,2571.20532361,0.01998554,0.01998554,23294,71,0
8580.06309914,8580.06283910,993.65480271,993.66114874,0.03917188,2571.54636213,0.01998554,0.01998554,23293,71,0
8580.43128837,8580.43120066,1002.64817917,1002.65032166,0.05141949,2571.88534428,0.01998554,0.01998554,23292,71,0
8580.79975465,8580.79959384,1011.65010790,1011.65403936,0.04453693,2572.22352585,0.01998554,0.01998554,23291,71,0
8581.16731907,8581.16801864,1020.66109796,1020.64397940,0.04812378,2572.55984297,0.01998554,0.01998554,23290,71,0
8581.53586252,8581.53647509,1029.68168863,1029.66668405,0.05152785,2572.89603265,0.01998554,0.01998554,23289,71,0
8581.90484239,8581.90496317,1038.71237888,1038.70941754,0.03900216,2573.23160857,0.01998554,0.01998554,23288,71,0
8582.27317501,8582.27348289,1047.75317719,1047.74562020,0.04735938,2573.56558217,0.01998554,0.01998554,23287,71,0
8582.64255257,8582.64203426,1056.80378037,1056.81651497,0.04976106,2573.89947076,0.01998554,0.01998554,23286,71,0
8583.01091125,8583.01061727,1065.86387833,1065.87110795,0.05452766,2574.23139329,0.01998554,0.01998554,23285,71,0
8583.37927373,8583.37923194,1074.93320923,1074.93423777,0.04998656,2574.56226214,0.01998554,0.01998554,23284,71,0
8583.74780413,8583.74787827,1084.01180532,1084.00997849,0.05089167,2574.89222138,0.01998554,0.01998554,23283,71,0
8584.11679673,8584.11655626,1093.09980691,1093.10573738,0.04831178,2575.22153301,0.01998554,0.01998554,23282,71,0
8584.48609151,8584.48526592,1102.19735538,1102.21773586,0.04265672,2575.55005211,0.01998554,0.01998554,23281,71,0
8584.85412702,8584.85400725,1111.30467711,1111.30763685,0.04377611,2575.87639793,0.01998554,0.01998554,23280,71,0
8585.22271175,8585.22278025,1120.42226032,1120.42056579,0.04092299,2576.20219047,0.01998554,0.01998554,23279,71,0
8585.59085409,8585.59158493,1129.55064669,1129.53254722,0.04585549,2576.52656766,0.01998554,0.01998554,23278,71,0
8585.96021644,8585.96042129,1138.69037414,1138.68529483,0.05373866,2576.85100551,0.01998554,0.01998554,23277,71,0
8586.32905997,8586.32928934,1147.84148194,1147.83578832,0.05403291,2577.17397041,0.01998554,0.01998554,23276,71,0
8586.69792750,8586.69818908,1157.00319149,1156.99669189,0.04717332,2577.49590757,0.01998554,0.01998554,23275,71,0
8587.06731297,8587.06712052,1166.17464379,1166.17943037,0.04790559,2577.81721123,0.01998554,0.01998554,23274,71,0
8587.43590134,8587.43608365,1175.35502667,1175.35048851,0.03962798,2578.13670646,0.01998554,0.01998554,23273,71,0
8587.80534077,8587.80507849,1184.54445109,1184.55098619,0.04015197,2578.45582180,0.01998554,0.01998554,23272,71,0
8588.17367398,8588.17410503,1193.74382394,1193.73307270,0.05198010,2578.77289515,0.01998554,0.01998554,23271,71,0
8588.54331721,8588.54316328,1202.95408382,1202.95792732,0.05057129,2579.09003365,0.01998554,0.01998554,23270,71,0
8588.91185490,8588.91225325,1212.17603261,1212.16607369,0.04487834,2579.40518669,0.01998554,0.01998554,23269,71,0
8589.28161005,8589.28137494,1221.40948529,1221.41536972,0.04283718,2579.72032896,0.01998554,0.01998554,23268,71,0
8589.65013818,8589.65052836,1230.65383479,1230.64405873,0.04427306,2580.03335166,0.01998554,0.01998554,23267,71,0
8590.02000469,8590.01971350,1239.90846851,1239.91577173,0.05126609,2580.34640798,0.01998554,0.01998554,23266,71,0
8590.38899117,8590.38893037,1249.17298245,1249.17450883,0.04136357,2580.65760027,0.01998554,0.01998554,23265,71,0
8590.75809297,8590.75817898,1258.44761026,1258.44544894,0.04081822,2580.96777509,0.01998554,0.01998554,23264,71,0
8591.12712241,8591.12745933,1267.73270707,1267.72423123,0.05020866,2581.27678200,0.01998554,0.01998554,23263,71,0
8591.49680872,8591.49677142,1277.02862587,1277.02956528,0.04665582,2581.58523621,0.01998554,0.01998554,23262,71,0
8591.86614648,8591.86611526,1286.33553115,1286.33631842,0.04186920,2581.89229823,0.01998554,0.01998554,23261,71,0
8592.23555730,8592.23549085,1295.65333205,1295.65500915,0.05029946,2582.19831210,0.01998554,0.01998554,23260,71,0
8592.60451593,8592.60489820,1304.98191900,1304.97226066,0.04640761,2582.50283621,0.01998554,0.01998554,23259,71,0
8592.97448191,8592.97433731,1314.32117967,1314.32483717,0.04494226,2582.80706437,0.01998554,0.01998554,23258,71,0
8593.34355392,8593.34380818,1323.67098036,1323.66454288,0.04924445,2583.10942368,0.01998554,0.01998554,23257,71,0
8593.71384978,8593.71331082,1333.03117406,1333.04483374,0.04378486,2583.41163835,0.01998554,0.01998554,23256,71,0
8594.08329503,8594.08284523,1342.40161251,1342.41302373,0.04318201,2583.71200437,0.01998554,0.01998554,23255,71,0
8594.45286143,8594.45241143,1351.78226784,1351.79369615,0.04462007,2584.01130994,0.01998554,0.01998554,23254,71,0
8594.82169565,8594.82200940,1361.17357292,1361.16559639,0.04423950,2584.30887613,0.01998554,0.01998554,23253,71,0
8595.19200778,8595.19163915,1370.57607305,1370.58545535,0.05076594,2584.60649512,0.01998554,0.01998554,23252,71,0
8595.56104766,8595.56130070,1379.99030978,1379.98386179,0.04590971,2584.90196775,0.01998554,0.01998554,23251,71,0
8595.93103939,8595.93099404,1389.41644338,1389.41760032,0.04207291,2585.19707607,0.01998554,0.01998554,23250,71,0
8596.30032748,8596.30071918,1398.85407314,1398.84406911,0.04904675,2585.49048093,0.01998554,0.01998554,23249,71,0
8596.67067786,8596.67047612,1408.30275096,1408.30790888,0.04378057,2585.78356478,0.01998554,0.01998554,23248,71,0
8597.03979545,8597.04026486,1417.76205614,1417.75004244,0.04904952,2586.07449449,0.01998554,0.01998554,23247,71,0
8597.40995244,8597.41008541,1427.23186992,1427.22846320,0.04457130,2586.36505359,0.01998554,0.01998554,23246,71,0
8597.77949409,8597.77993778,1436.71224782,1436.70086880,0.04983300,2586.65393825,0.01998554,0.01998554,23245,71,0
8598.15075171,8598.14982197,1446.20324782,1446.22711695,0.04206650,2586.94296278,0.01998554,0.01998554,23244,71,0
8598.52008847,8598.51973797,1455.70510360,1455.71411170,0.05049370,2587.22929928,0.01998554,0.01998554,23243,71,0
8598.89028414,8598.88968581,1465.21860305,1465.23399892,0.04194734,2587.51512685,0.01998554,0.01998554,23242,71,0
8599.25938779,8599.25966547,1474.74464828,1474.73749419,0.04742036,2587.79896195,0.01998554,0.01998554,23241,71,0
8599.62988838,8599.62967697,1484.28410874,1484.28956287,0.04246786,2588.08273729,0.01998554,0.01998554,23240,71,0
8599.99931694,8599.99972030,1493.83679602,1493.82637681,0.04625156,2588.36454884,0.01998554,0.01998554,23239,71,0
8600.37012272,8600.36979548,1503.40135515,1503.40981704,0.03956770,2588.64621779,0.01998554,0.01998554,23238,71,0
8600.74017245,8600.73990251,1512.97636204,1512.98334875,0.04829183,2588.92607383,0.01998554,0.01998554,23237,71,0
8601.11046184,8601.11004138,1522.56067810,1522.57157013,0.04462673,2589.20483498,0.01998554,0.01998554,23236,71,0
8601.48029672,8601.48021212,1532.15493091,1532.15712486,0.03982027,2589.48199384,0.01998554,0.01998554,23235,71,0
8601.85044980,8601.85041471,1541.76041106,1541.76132205,0.04761010,2589.75816279,0.01998554,0.01998554,23234,71,0
8602.22087685,8602.22064916,1551.37841202,1551.38433068,0.05047648,2590.03333784,0.01998554,0.01998554,23233,71,0
8602.59098630,8602.59091548,1561.00955884,1561.01140217,0.05157390,2590.30709182,0.01998554,0.01998554,23232,71,0
8602.96126244,8602.96121367,1570.65327824,1570.65454898,0.04868626,2590.57976157,0.01998554,0.01998554,23231,71,0
8603.33171468,8603.33154374,1580.30886915,1580.31332839,0.03702071,2590.85132704,0.01998554,0.01998554,23230,71,0
8603.70191731,8603.70190569,1589.97569984,1589.97600338,0.04695050,2591.12145362,0.01998554,0.01998554,23229,71,0
8604.07231749,8604.07229952,1599.65386358,1599.65433326,0.04741026,2591.39046539,0.01998554,0.01998554,23228,71,0
8604.44251033,8604.44272524,1609.34386712,1609.33824198,0.04124473,2591.65807727,0.01998554,0.01998554,23227,71,0
8604.81254511,8604.81318285,1619.04622506,1619.02951230,0.04632554,2591.92433547,0.01998554,0.01998554,23226,71,0
8605.18369977,8605.18367236,1628.76124166,1628.76196090,0.04837151,2592.19015741,0.01998554,0.01998554,23225,71,0
8605.55423361,8605.55419377,1638.48869387,1638.48974035,0.05149611,2592.45428212,0.01998554,0.01998554,23224,71,0
8605.92501049,8605.92474708,1648.22827641,1648.23520372,0.04565777,2592.71731342,0.01998554,0.01998554,23223,71,0
8606.29552619,8606.29533230,1657.97971269,1657.98481730,0.04797926,2592.97888082,0.01998554,0.01998554,23222,71,0
8606.66614353,8606.66594944,1667.74314160,1667.74825760,0.04588992,2593.23923962,0.01998554,0.01998554,23221,71,0
8607.03623743,8607.03659849,1677.51900243,1677.50947362,0.04967017,2593.49795904,0.01998554,0.01998554,23220,71,0
8607.40691782,8607.40727946,1687.30774406,1687.29818818,0.04065572,2593.75582081,0.01998554,0.01998554,23219,71,0
8607.77711693,8607.77799236,1697.10961250,1697.08645155,0.04562908,2594.01208213,0.01998554,0.01998554,23218,71,0
8608.14858056,8608.14873718,1706.92425412,1706.92010554,0.04810163,2594.26793227,0.01998554,0.01998554,23217,71,0
8608.51960714,8608.51951394,1716.75120346,1716.75367497,0.04788702,2594.52217705,0.01998554,0.01998554,23216,71,0
8608.89024171,8608.89032264,1726.59002528,1726.58787678,0.04674590,2594.77483495,0.01998554,0.01998554,23215,71,0
8609.26067087,8609.26116328,1736.44078533,1736.42769768,0.05016900,2595.02603259,0.01998554,0.01998554,23214,71,0
8609.63228492,8609.63203586,1746.30393688,1746.31056445,0.04923087,2595.27671359,0.01998554,0.01998554,23213,71,0
8610.00276056,8610.00294040,1756.17994637,1756.17515479,0.04272117,2595.52531645,0.01998554,0.01998554,23212,71,0
8610.37360516,8610.37387689,1766.06914889,1766.06190020,0.04986789,2595.77285923,0.01998554,0.01998554,23211,71,0
8610.74422172,8610.74484533,1775.97149467,1775.95483813,0.04902478,2596.01893534,0.01998554,0.01998554,23210,71,0
8611.11569679,8611.11584574,1785.88686441,1785.88288114,0.04746737,2596.26425384,0.01998554,0.01998554,23209,71,0
8611.48675366,8611.48687812,1795.81513880,1795.81180657,0.04427642,2596.50796026,0.01998554,0.01998554,23208,71,0
8611.85793795,8611.85794246,1805.75621067,1805.75608970,0.04389710,2596.75040596,0.01998554,0.01998554,23207,71,0
8612.22922109,8612.22903878,1815.70998108,1815.71487397,0.04959337,2596.99156271,0.01998554,0.01998554,23206,71,0
8612.60011740,8612.60016708,1825.67635080,1825.67501570,0.04907922,2597.23110836,0.01998554,0.01998554,23205,71,0
8612.97086050,8612.97132737,1835.65532611,1835.64276636,0.04735464,2597.46919108,0.01998554,0.01998554,23204,71,0
8613.34255739,8613.34251964,1845.64716457,1845.64818133,0.04685002,2597.70651758,0.01998554,0.01998554,23203,71,0
8613.71332554,8613.71374390,1855.65216200,1855.64087952,0.04787539,2597.94188667,0.01998554,0.01998554,23202,71,0
8614.08451508,8614.08500016,1865.67061795,1865.65751969,0.04340671,2598.17615906,0.01998554,0.01998554,23201,71,0
8614.45600316,8614.45628841,1875.70284750,1875.69513489,0.04615439,2598.40925424,0.01998554,0.01998554,23200,71,0
8614.82770017,8614.82760867,1885.74917522,1885.75165233,0.05029949,2598.64111415,0.01998554,0.01998554,23199,71,0
8615.19898771,8615.19896094,1895.80992228,1895.81064796,0.04510216,2598.87135482,0.01998554,0.01998554,23198,71,0
8615.57067007,8615.57034522,1905.88498631,1905.89380455,0.04557282,2599.10046593,0.01998554,0.01998554,23197,71,0
8615.94137228,8615.94176152,1915.97356076,1915.96298182,0.04614215,2599.32757834,0.01998554,0.01998554,23196,71,0
8616.31308991,8616.31320983,1926.07476668,1926.07150356,0.04331204,2599.55388846,0.01998554,0.01998554,23195,71,0
8616.68464169,8616.68469018,1936.18796781,1936.18664701,0.05313001,2599.77865218,0.01998554,0.01998554,23194,71,0
8617.05669772,8617.05620255,1946.31388044,1946.32738539,0.05125894,2600.00228303,0.01998554,0.01998554,23193,71,0
8617.42761031,8617.42774695,1956.45368564,1956.44995417,0.04636224,2600.22381405,0.01998554,0.01998554,23192,71,0
8617.79936339,8617.79932339,1966.60852516,1966.60961909,0.04491146,2600.44444998,0.01998554,0.01998554,23191,71,0
8618.17065729,8618.17093187,1976.77843329,1976.77091378,0.04397331,2600.66341086,0.01998554,0.01998554,23190,71,0
8618.54238349,8618.54257239,1986.96233518,1986.95715566,0.04604571,2600.88119248,0.01998554,0.01998554,23189,71,0
8618.91423723,8618.91424497,1997.15910001,1997.15888756,0.05064299,2601.09758242,0.01998554,0.01998554,23188,71,0
8619.28652702,8619.28594960,2007.36799947,2007.38386736,0.04995744,2601.31273545,0.01998554,0.01998554,23187,71,0
8619.65760745,8619.65768629,2017.58944568,2017.58727677,0.04699756,2601.52570810,0.01998554,0.01998554,23186,71,0
8620.02898805,8620.02945503,2027.82405202,2027.81118824,0.04624493,2601.73737883,0.01998554,0.01998554,23185,71,0
8620.40154979,8620.40125585,2038.07244142,2038.08054899,0.04175205,2601.94824739,0.01998554,0.01998554,23184,71,0
8620.77299516,8620.77308873,2048.33528070,2048.33269615,0.05003164,2602.15701991,0.01998554,0.01998554,23183,71,0
8621.14532175,8621.14495369,2058.61326170,2058.62344162,0.04632378,2602.36482749,0.01998554,0.01998554,23182,71,0
8621.51672035,8621.51685073,2068.90706804,2068.90345648,0.04543171,2602.57066690,0.01998554,0.01998554,23181,71,0
8621.88909361,8621.88877985,2079.21687055,2079.22557404,0.04995606,2602.77558804,0.01998554,0.01998554,23180,71,0
8622.26064884,8622.26074106,2089.54218321,2089.53962164,0.04400826,2602.97858613,0.01998554,0.01998554,23179,71,0
8622.63213311,8622.63273436,2099.88247341,2099.86574939,0.04577735,2603.18005676,0.01998554,0.01998554,23178,71,0
8623.00510582,8623.00475975,2110.23730194,2110.24694061,0.04895468,2603.38082132,0.01998554,0.01998554,23177,71,0
8623.37655184,8623.37681724,2120.60653901,2120.59913737,0.04819000,2603.57924750,0.01998554,0.01998554,23176,71,0
8623.74854431,8623.74890684,2130.99011599,2130.97999267,0.04400052,2603.77644047,0.01998554,0.01998554,23175,71,0
8624.12112916,8624.12102854,2141.38800735,2141.39082063,0.05171167,2603.97241007,0.01998554,0.01998554,23174,71,0
8624.49294344,8624.49318236,2151.80055855,2151.79386914,0.04419931,2604.16643994,0.01998554,0.01998554,23173,71,0
8624.86508790,8624.86536829,2162.22830519,2162.22044369,0.05238738,2604.35910990,0.01998554,0.01998554,23172,71,0
8625.23798291,8625.23758634,2172.67177547,2172.68290997,0.04407595,2604.55063305,0.01998554,0.01998554,23171,71,0
8625.60995502,8625.60983652,2183.13112054,2183.13445250,0.04797141,2604.74014594,0.01998554,0.01998554,23170,71,0
8625.98138450,8625.98211882,2193.60606400,2193.58538798,0.04530684,2604.92783861,0.01998554,0.01998554,23169,71,0
8626.35397589,8626.35443326,2204.09630414,2204.08340875,0.05272658,2605.11455551,0.01998554,0.01998554,23168,71,0
8626.72644427,8626.72677984,2214.60152346,2214.59204973,0.04287739,2605.29963304,0.01998554,0.01998554,23167,71,0
8627.09930773,8627.09915855,2225.12136974,2225.12558685,0.05084169,2605.48331334,0.01998554,0.01998554,23166,71,0
8627.47133388,8627.47156941,2235.65548285,2235.64881639,0.04463291,2605.66497873,0.01998554,0.01998554,23165,71,0
8627.84396163,8627.84401242,2246.20364139,2246.20220192,0.04923599,2605.84532252,0.01998554,0.01998554,23164,71,0
8628.21567015,8628.21648758,2256.76639543,2256.74319879,0.04216253,2606.02361303,0.01998554,0.01998554,23163,71,0
8628.58862939,8628.58899491,2267.34456195,2267.33417497,0.04827903,2606.20089528,0.01998554,0.01998554,23162,71,0
8628.96159431,8628.96153439,2277.93892225,2277.94062752,0.05419493,2606.37657449,0.01998554,0.01998554,23161,71,0
8629.33382282,8629.33410604,2288.54971818,2288.54164637,0.04945901,2606.55030168,0.01998554,0.01998554,23160,71,0
8629.70691104,8629.70670986,2299.17681736,2299.18255963,0.04938336,2606.72281055,0.01998554,0.01998554,23159,71,0
8630.07950651,8630.07934585,2309.82007522,2309.82466726,0.04281103,2606.89346285,0.01998554,0.01998554,23158,71,0
8630.45178430,8630.45201402,2320.47921339,2320.47263838,0.04907823,2607.06233156,0.01998554,0.01998554,23157,71,0
8630.82472223,8630.82471437,2331.15377987,2331.15400511,0.05038867,2607.22984289,0.01998554,0.01998554,23156,71,0
8631.19739440,8631.19744692,2341.84330874,2341.84180159,0.03975807,2607.39556338,0.01998554,0.01998554,23155,71,0
8631.57041249,8631.57021165,2352.54777943,2352.55355087,0.04729264,2607.55975663,0.01998554,0.01998554,23154,71,0
8631.94275382,8631.94300858,2363.26823856,2363.26090722,0.05329139,2607.72198291,0.01998554,0.01998554,23153,71,0
8632.31619516,8632.31583770,2374.00589709,2374.01620034,0.05026332,2607.88302345,0.01998554,0.01998554,23152,71,0
8632.68871522,8632.68869903,2384.76165132,2384.76211850,0.05269760,2608.04200977,0.01998554,0.01998554,23151,71,0
8633.06173099,8633.06159257,2395.53497733,2395.53897927,0.04429536,2608.19953259,0.01998554,0.01998554,23150,71,0
8633.43466619,8633.43451832,2406.32495473,2406.32923605,0.04996980,2608.35532353,0.01998554,0.01998554,23149,71,0
8633.80704131,8633.80747629,2417.13075152,2417.11814005,0.04439427,2608.50916638,0.01998554,0.01998554,23148,71,0
8634.18068713,8634.18046648,2427.95230270,2427.95870884,0.05194061,2608.66180358,0.01998554,0.01998554,23147,71,0
8634.55299301,8634.55348889,2438.78991383,2438.77549672,0.04402015,2608.81216532,0.01998554,0.01998554,23146,71,0
8634.92657129,8634.92654353,2449.64391654,2449.64472471,0.04807410,2608.96130336,0.01998554,0.01998554,23145,71,0
8635.29956755,8635.29963040,2460.51496164,2460.51312891,0.04719893,2609.10847289,0.01998554,0.01998554,23144,71,0
8635.67249632,8635.67274951,2471.40395044,2471.39655550,0.04623031,2609.25388460,0.01998554,0.01998554,23143,71,0
8636.04578295,8636.04590086,2482.31176463,2482.30831488,0.04423566,2609.39770456,0.01998554,0.01998554,23142,71,0
8636.41849340,8636.41908446,2493.23821233,2493.22089350,0.04892123,2609.53956218,0.01998554,0.01998554,23141,71,0
8636.79251398,8636.79230031,2504.18182205,2504.18809172,0.04882832,2609.68014171,0.01998554,0.01998554,23140,71,0
8637.16584946,8637.16554841,2515.14104622,2515.14989122,0.04809341,2609.81866039,0.01998554,0.01998554,23139,71,0
8637.53840794,8637.53882877,2526.11528864,2526.10290831,0.04983010,2609.95507926,0.01998554,0.01998554,23138,71,0
8637.91176564,8637.91214139,2537.10563098,2537.09456097,0.05035764,2610.08998072,0.01998554,0.01998554,23137,71,0
8638.28517697,8638.28548627,2548.11333282,2548.10420610,0.04976997,2610.22309588,0.01998554,0.01998554,23136,71,0
8638.65825790,8638.65886343,2559.13922538,2559.12133019,0.04867340,2610.35429060,0.01998554,0.01998554,23135,71,0
8639.03221826,8639.03227286,2570.18304430,2570.18142806,0.04775681,2610.48397366,0.01998554,0.01998554,23134,71,0
8639.40592511,8639.40571458,2581.24435243,2581.25059307,0.04648423,2610.61173313,0.01998554,0.01998554,23133,71,0
8639.77905748,8639.77918857,2592.32286103,2592.31896945,0.04800624,2610.73745291,0.01998554,0.01998554,23132,71,0
8640.15282208,8640.15269485,2603.41881480,2603.42259715,0.04358056,2610.86153279,0.01998554,0.01998554,23131,71,0
8640.52625706,8640.52623343,2614.53257833,2614.53328213,0.05176616,2610.98364597,0.01998554,0.01998554,23130,71,0
8640.90029670,8640.89980430,2625.66452577,2625.67921023,0.05792847,2611.10409045,0.01998554,0.01998554,23129,71,0
8641.27352579,8641.27340747,2636.81506385,2636.81859833,0.05483087,2611.22240670,0.01998554,0.01998554,23128,71,0
8641.64687989,8641.64704294,2647.98461175,2647.97973362,0.05161279,2611.33889086,0.01998554,0.01998554,23127,71,0
8642.02090950,8642.02071072,2659.17351002,2659.17946690,0.04547751,2611.45370197,0.01998554,0.01998554,23126,71,0
8642.39495282,8642.39441082,2670.38159607,2670.39786494,0.04676501,2611.56661966,0.01998554,0.01998554,23125,71,0
8642.76764085,8642.76814323,2681.60851376,2681.59341061,0.05448113,2611.67722711,0.01998554,0.01998554,23124,71,0
8643.14191108,8643.14190796,2692.85396983,2692.85406386,0.05098699,2611.78638146,0.01998554,0.01998554,23123,71,0
8643.51539744,8643.51570502,2704.11817803,2704.10890200,0.04419167,2611.89337854,0.01998554,0.01998554,23122,71,0
8643.88945913,8643.88953440,2715.40158886,2715.39931503,0.04391141,2611.99860341,0.01998554,0.01998554,23121,71,0
8644.26324618,8644.26339612,2726.70457588,2726.70003883,0.05207845,2612.10180764,0.01998554,0.01998554,23120,71,0
8644.63725432,8644.63729018,2738.02676686,2738.02568006,0.04830320,2612.20311461,0.01998554,0.01998554,23119,71,0
8645.01122053,8645.01121658,2749.36738593,2749.36750582,0.04542888,2612.30243452,0.01998554,0.01998554,23118,71,0
8645.38490826,8645.38517533,2760.72575429,2760.71763668,0.04921046,2612.39969136,0.01998554,0.01998554,23117,71,0
8645.75866622,8645.75916642,2772.10231050,2772.08708253,0.04781460,2612.49497155,0.01998554,0.01998554,23116,71,0
8646.13283824,8646.13318988,2783.49816179,2783.48743896,0.04710726,2612.58835796,0.01998554,0.01998554,23115,71,0
8646.50705314,8646.50724569,2794.91436212,2794.90848058,0.05037353,2612.67975207,0.01998554,0.01998554,23114,71,0
8646.88136092,8646.88133386,2806.35115998,2806.35198817,0.04789038,2612.76915575,0.01998554,0.01998554,23113,71,0
8647.25485669,8647.25545440,2817.80829435,2817.78997480,0.05053557,2612.85634540,0.01998554,0.01998554,23112,71,0
8647.62989958,8647.62960731,2829.28550528,2829.29447807,0.04195212,2612.94185264,0.01998554,0.01998554,23111,71,0
8648.00383676,8648.00379260,2840.78266562,2840.78402368,0.04890679,2613.02505705,0.01998554,0.01998554,23110,71,0
8648.37860348,8648.37801027,2852.29973331,2852.31800531,0.04408887,2613.10638017,0.01998554,0.01998554,23109,71,0
8648.75256752,8648.75226032,2863.83665031,2863.84612824,0.05005793,2613.18545620,0.01998554,0.01998554,23108,71,0
8649.12611874,8649.12654276,2875.39317184,2875.38006930,0.04399356,2613.26236510,0.01998554,0.01998554,23107,71,0
8649.50066879,8649.50085759,2886.96893441,2886.96309131,0.04806699,2613.33737944,0.01998554,0.01998554,23106,71,0
8649.87489501,8649.87520482,2898.56365636,2898.55405302,0.04232138,2613.41021621,0.01998554,0.01998554,23105,71,0
8650.24974691,8650.24958445,2910.17794549,2910.18298969,0.04815031,2613.48105074,0.01998554,0.01998554,23104,71,0
8650.62472522,8650.62399648,2921.81293723,2921.83560300,0.04748890,2613.54977795,0.01998554,0.01998554,23103,71,0
8650.99881575,8650.99844092,2933.46964949,2933.48132839,0.04414127,2613.61621255,0.01998554,0.01998554,23102,71,0
8651.37312497,8651.37291778,2945.14790285,2945.15436949,0.04716103,2613.68054358,0.01998554,0.01998554,23101,71,0
8651.74715130,8651.74742706,2956.84688261,2956.83826138,0.04709244,2613.74266904,0.01998554,0.01998554,23100,71,0
8652.12214110,8652.12196876,2968.56591586,2968.57131286,0.04905177,2613.80277500,0.01998554,0.01998554,23099,71,0
8652.49631646,8652.49654288,2980.30548112,2980.29837886,0.04450153,2613.86056619,0.01998554,0.01998554,23098,71,0
8652.87099700,8652.87114943,2992.06658298,2992.06179284,0.04713993,2613.91624218,0.01998554,0.01998554,23097,71,0
8653.24540294,8653.24578842,3003.85009006,3003.83795451,0.04785357,2613.96967674,0.01998554,0.01998554,23096,71,0
8653.62023979,8653.62045985,3015.65599523,3015.64905488,0.04609373,2614.02095637,0.01998554,0.01998554,23095,71,0
8653.99506281,8653.99516372,3027.48396576,3027.48077748,0.04377457,2614.07000240,0.01998554,0.01998554,23094,71,0
8654.36959570,8654.36990004,3039.33379284,3039.32416074,0.04460951,2614.11676799,0.01998554,0.01998554,23093,71,0
8654.74556306,8654.74466881,3051.20585074,3051.23420483,0.04495438,2614.16144698,0.01998554,0.01998554,23092,71,0
8655.12032805,8655.11947003,3063.10068450,3063.12794030,0.04822657,2614.20371301,0.01998554,0.01998554,23091,71,0
8655.49372899,8655.49430372,3075.01845536,3075.00016558,0.05209740,2614.24355863,0.01998554,0.01998554,23090,71,0
8655.86936145,8655.86916987,3086.95801523,3086.96412206,0.04623865,2614.28134285,0.01998554,0.01998554,23089,71,0
8656.24464041,8656.24406849,3098.91793066,3098.93618998,0.05022704,2614.31677168,0.01998554,0.01998554,23088,71,0
8656.61850857,8656.61899958,3110.89768954,3110.88198796,0.04829651,2614.34974859,0.01998554,0.01998554,23087,71,0
8656.99345219,8656.99396314,3122.89901792,3122.88264911,0.04789293,2614.38048881,0.01998554,0.01998554,23086,71,0
8657.36913441,8657.36895919,3134.92397425,3134.92959843,0.04829223,2614.40893989,0.01998554,0.01998554,23085,71,0
8657.74400370,8657.74398773,3146.97352168,3146.97403541,0.04740209,2614.43497326,0.01998554,0.01998554,23084,71,0
8658.11908031,8658.11904875,3159.04677771,3159.04779453,0.04566655,2614.45864942,0.01998554,0.01998554,23083,71,0
8658.49353321,8658.49414227,3171.14270488,3171.12304689,0.04275320,2614.47990432,0.01998553,0.01998554,23082,71,0
8658.86881420,8658.86926828,3183.26111653,3183.24643410,0.04437837,2614.49880486,0.01998554,0.01998554,23081,71,0
8659.24450714,8659.24442680,3195.40279155,3195.40539392,0.04100550,2614.51530593,0.01998554,0.01998554,23080,71,0
8659.61976503,8659.61961783,3207.56850900,3207.57328661,0.04698663,2614.52935763,0.01998554,0.01998554,23079,71,0
8659.99476059,8659.99484136,3219.75822932,3219.75560286,0.04801540,2614.54095899,0.01998554,0.01998554,23078,71,0
8660.36997698,8660.37009741,3231.97130750,3231.96738446,0.04928285,2614.55011073,0.01998554,0.01998554,23077,71,0
8660.74509980,8660.74538598,3244.20721165,3244.19787274,0.04517996,2614.55678987,0.01998554,0.01998554,23076,71,0
8661.12043318,8661.12070707,3256.46640243,3256.45744777,0.04331681,2614.56098723,0.01998554,0.01998554,23075,71,0
8661.49598305,8661.49606069,3268.74979480,3268.74725159,0.04759320,2614.56268480,0.01998554,0.01998554,23074,71,0
8661.87134514,8661.87144685,3281.05813683,3281.05479862,0.04826609,2614.56186588,0.01998554,0.01998554,23073,71,0
8662.24640754,8662.24686554,3293.39145286,3293.37639224,0.04452904,2614.55852068,0.01998553,0.01998554,23072,71,0
8662.62228495,8662.62231676,3305.74958061,3305.74853256,0.04674301,2614.55261913,0.01998554,0.01998554,23071,71,0
8662.99756270,8662.99780054,3318.13237559,3318.12452482,0.04933588,2614.54416644,0.01998554,0.01998554,23070,71,0
8663.37275465,8663.37331686,3330.53973548,3330.52114210,0.04716639,2614.53314331,0.01998553,0.01998554,23069,71,0
8663.74891749,8663.74886574,3342.97157705,3342.97329182,0.04713085,2614.51949482,0.01998554,0.01998554,23068,71,0
8664.12396592,8664.12444717,3355.42830038,3355.41232338,0.03869887,2614.50328274,0.01998553,0.01998554,23067,71,0
8664.49952828,8664.50006116,3367.91089359,3367.89316639,0.04484912,2614.48442628,0.01998553,0.01998554,23066,71,0
8664.87475114,8664.87570772,3380.42029691,3380.38840890,0.04225731,2614.46294902,0.01998553,0.01998554,23065,71,0
8665.25087211,8665.25138685,3392.95638020,3392.93918648,0.05211714,2614.43875810,0.01998553,0.01998554,23064,71,0
8665.62679447,8665.62709856,3405.51831947,3405.50814240,0.04137115,2614.41190212,0.01998553,0.01998554,23063,71,0
8666.00219063,8666.00284284,3418.10544136,3418.08357193,0.04923588,2614.38239802,0.01998553,0.01998554,23062,71,0
8666.37905956,8666.37861971,3430.71792454,3430.73270194,0.04340550,2614.35006253,0.01998554,0.01998554,23061,71,0
8666.75405976,8666.75442916,3443.35621783,3443.34378272,0.04672711,2614.31516972,0.01998553,0.01998554,23060,71,0
8667.13002565,8667.13027121,3456.02080823,3456.01252559,0.04877827,2614.27744828,0.01998554,0.01998554,23059,71,0
8667.50611078,8667.50614585,3468.71226227,3468.71107704,0.04759674,2614.23695309,0.01998554,0.01998554,23058,71,0
8667.88216266,8667.88205309,3481.43114126,3481.43485244,0.03682720,2614.19368096,0.01998554,0.01998554,23057,71,0
8668.25779747,8668.25799293,3494.17747136,3494.17083741,0.04787192,2614.14766390,0.01998554,0.01998554,23056,71,0
8668.63332140,8668.63396538,3506.95071534,3506.92881489,0.04315654,2614.09885531,0.01998553,0.01998554,23055,71,0
8669.01001397,8669.00997045,3519.75030123,3519.75178430,0.04663088,2614.04706253,0.01998554,0.01998554,23054,71,0
8669.38636818,8669.38600813,3532.57563917,3532.58793072,0.04986914,2613.99246944,0.01998554,0.01998554,23053,71,0
8669.76214838,8669.76207843,3545.42612736,3545.42851964,0.04591488,2613.93510714,0.01998554,0.01998554,23052,71,0
8670.13809443,8670.13818136,3558.30200853,3558.29902927,0.04634191,2613.87485040,0.01998554,0.01998554,23051,71,0
8670.51361438,8670.51431692,3571.20601881,3571.18188969,0.04547284,2613.81176748,0.01998553,0.01998554,23050,71,0
8670.89067644,8670.89048511,3584.14128654,3584.14787360,0.04725003,2613.74548060,0.01998554,0.01998554,23049,71,0
8671.26655254,8671.26668594,3597.10801718,3597.10341418,0.04434177,2613.67644417,0.01998553,0.01998554,23048,71,0
8671.64243695,8671.64291942,3610.10294461,3610.08626455,0.04201716,2613.60445113,0.01998553,0.01998554,23047,71,0
8672.01877379,8672.01918553,3623.12320662,3623.10894504,0.04202688,2613.52940981,0.01998553,0.01998554,23046,71,0
8672.39444767,8672.39548430,3636.17085532,3636.13487151,0.04376171,2613.45151656,0.01998553,0.01998554,23045,71,0
8672.77147859,8672.77181573,3649.25026022,3649.23852804,0.04231771,2613.37029910,0.01998553,0.01998554,23044,71,0
8673.14753585,8673.14817981,3662.36376143,3662.34129734,0.04327093,2613.28621909,0.01998553,0.01998554,23043,71,0
8673.52506882,8673.52457656,3675.50836620,3675.52557487,0.05022512,2613.19872083,0.01998554,0.01998554,23042,71,0
8673.90077915,8673.90100598,3688.68037252,3688.67242796,0.05043153,2613.10857867,0.01998553,0.01998554,23041,71,0
8674.27784121,8674.27746806,3701.87951530,3701.89261213,0.04145476,2613.01502088,0.01998554,0.01998554,23040,71,0
8674.65403287,8674.65396283,3715.10873622,3715.11120003,0.04176861,2612.91855353,0.01998554,0.01998554,23039,71,0
8675.03057678,8675.03049027,3728.37043885,3728.37348928,0.04948123,2612.81883162,0.01998554,0.01998554,23038,71,0
8675.40649591,8675.40705040,3741.66358334,3741.64398750,0.04475319,2612.71610429,0.01998553,0.01998554,23037,71,0
8675.78337036,8675.78364322,3754.98605466,3754.97639180,0.04153397,2612.60993203,0.01998554,0.01998554,23036,71,0
8676.16002348,8676.16026874,3768.33692222,3768.32821906,0.03849113,2612.50062550,0.01998554,0.01998554,23035,71,0
8676.53668383,8676.53692695,3781.71710654,3781.70846099,0.04762162,2612.38809455,0.01998554,0.01998554,23034,71,0
8676.91311625,8676.91361786,3795.12764399,3795.10976643,0.04350566,2612.27238391,0.01998553,0.01998554,23033,71,0
8677.29021616,8677.29034148,3808.56912991,3808.56465339,0.04669673,2612.15318717,0.01998554,0.01998554,23032,71,0
8677.66719660,8677.66709781,3822.04194055,3822.04547748,0.04447048,2612.03072187,0.01998554,0.01998554,23031,71,0
8678.04325165,8678.04388685,3835.54632059,3835.52352887,0.04549492,2611.90524047,0.01998553,0.01998554,23030,71,0
8678.42089541,8678.42070862,3849.08222028,3849.08893778,0.03755451,2611.77587462,0.01998554,0.01998554,23029,71,0
8678.79746832,8678.79756310,3862.64966131,3862.64624506,0.04091375,2611.64350720,0.01998553,0.01998554,23028,71,0
8679.17370453,8679.17445032,3876.25000293,3876.22305753,0.04473218,2611.50786422,0.01998553,0.01998554,23027,71,0
8679.55093533,8679.55137026,3889.88549982,3889.86974533,0.04258496,2611.36841136,0.01998553,0.01998553,23026,71,0
8679.92786706,8679.92832295,3903.55716972,3903.54061504,0.04012480,2611.22558277,0.01998553,0.01998553,23025,71,0
8680.30549506,8680.30530837,3917.26256593,3917.26936076,0.04244899,2611.07899764,0.01998554,0.01998553,23024,71,0
8680.68191561,8680.68232654,3930.99892426,3930.98393621,0.04253248,2610.92940957,0.01998553,0.01998553,23023,71,0
8681.05941231,8681.05937745,3944.76763314,3944.76890766,0.04270853,2610.77587617,0.01998553,0.01998553,23022,71,0
8681.43668293,8681.43646112,3958.57317019,3958.58130206,0.04869123,2610.61884157,0.01998554,0.01998553,23021,71,0
8681.81400722,8681.81357755,3972.41763396,3972.43342758,0.04268215,2610.45814190,0.01998554,0.01998553,23020,71,0
8682.19031288,8682.19072674,3986.29612982,3986.28088461,0.04294734,2610.29427942,0.01998553,0.01998553,23019,71,0
8682.56818422,8682.56790870,4000.20306560,4000.21323430,0.04084106,2610.12616566,0.01998554,0.01998553,23018,71,0
8682.94537183,8682.94512342,4014.14039066,4014.14958024,0.04421566,2609.95474502,0.01998554,0.01998553,23017,71,0
8683.32208036,8683.32237092,4028.11537047,4028.10459089,0.03963217,2609.77982847,0.01998553,0.01998553,23016,71,0
8683.69982797,8683.69965120,4042.13208316,4042.13865944,0.04063496,2609.60062397,0.01998554,0.01998553,23015,71,0
8684.07673445,8684.07696426,4056.18644989,4056.17787960,0.04138190,2609.41804488,0.01998554,0.01998553,23014,71,0
8684.45451132,8684.45431011,4070.27360330,4070.28112304,0.04252061,2609.23130040,0.01998554,0.01998553,23013,71,0
8684.83235072,8684.83168876,4084.39331525,4084.41811169,0.03970189,2609.04075604,0.01998554,0.01998553,23012,71,0
nan,nan,0.00000000,-1.00000000,0.00000000,2614.42374748,nan,0.00000000,-2147483648,70,1
8659.62005564,8659.61961783,11.00399366,11.01352040,0.05211863,2614.86057765,0.01998554,0.01998554,23079,70,0
8659.99533970,8659.99484136,19.17215781,19.18301040,0.05401607,2615.30479865,0.01998554,0.01998554,23078,70,0
8660.37020246,8660.37009741,27.34769848,27.34998812,0.04321234,2615.74776169,0.01998554,0.01998554,23077,70,0
8660.74484259,8660.74538598,35.53075102,35.51889751,0.04133840,2616.18970811,0.01998554,0.01998554,23076,70,0
8661.12133607,8661.12070707,43.72134883,43.73508093,0.04856788,2616.63308101,0.01998554,0.01998554,23075,70,0
8661.49726648,8661.49606069,51.91919797,51.94554295,0.05221841,2617.07501216,0.01998554,0.01998554,23074,70,0
8661.87112396,8661.87144685,60.12393773,60.11687796,0.05316354,2617.51371295,0.01998554,0.01998554,23073,70,0
8662.24699080,8662.24686554,68.33520548,68.33794623,0.05663632,2617.95395208,0.01998554,0.01998554,23072,70,0
8662.62180943,8662.62231676,76.55272611,76.54161818,0.03810209,2618.39212825,0.01998554,0.01998554,23071,70,0
8662.99780615,8662.99780054,84.77673694,84.77685992,0.04652781,2618.83085409,0.01998554,0.01998554,23070,70,0
8663.37319493,8663.37331686,93.00765974,93.00498611,0.05080799,2619.26806378,0.01998554,0.01998554,23069,70,0
8663.74908756,8663.74886574,101.24591875,101.25078675,0.04994508,2619.70507257,0.01998554,0.01998554,23068,70,0
8664.12354037,8664.12444717,109.49191037,109.47199285,0.04680421,2620.13964190,0.01998553,0.01998554,23067,70,0
8664.49911547,8664.50006116,117.74572339,117.72493379,0.03670483,2620.57474800,0.01998553,0.01998554,23066,70,0
8664.87580823,8664.87570772,126.00726441,126.00947586,0.04974814,2621.01037087,0.01998554,0.01998554,23065,70,0
8665.25129986,8665.25138685,134.27643721,134.27452147,0.05433993,2621.44382131,0.01998554,0.01998554,23064,70,0
8665.62701725,8665.62709856,142.55314351,142.55135150,0.04599503,2621.87674159,0.01998554,0.01998554,23063,70,0
8666.00185830,8666.00284284,150.83725529,150.81554019,0.03948828,2622.30785448,0.01998553,0.01998554,23062,70,0
8666.37884930,8666.37861971,159.12861721,159.13368491,0.05650732,2622.74062570,0.01998554,0.01998554,23061,70,0
8666.75400592,8666.75442916,167.42707211,167.41772278,0.04813895,2623.17046958,0.01998554,0.01998554,23060,70,0
8667.12991808,8667.13027121,175.73246736,175.72466110,0.04411868,2623.60034667,0.01998554,0.01998554,23059,70,0
8667.50545403,8667.50614585,184.04487630,184.02957092,0.04830802,2624.02896273,0.01998553,0.01998554,23058,70,0
8667.88224511,8667.88205309,192.36467792,192.36892959,0.04547017,2624.45819376,0.01998554,0.01998554,23057,70,0
8668.25791483,8668.25799293,200.69227471,200.69054395,0.04656136,2624.88535002,0.01998554,0.01998554,23056,70,0
8668.63367166,8668.63396538,209.02806914,209.02155395,0.04850475,2625.31182656,0.01998553,0.01998554,23055,70,0
8669.00986098,8669.00997045,217.37220593,217.36977557,0.04892708,2625.73801809,0.01998554,0.01998554,23054,70,0
8669.38625807,8669.38600813,225.72432987,225.72988363,0.04531386,2626.16364683,0.01998554,0.01998554,23053,70,0
8669.76215085,8669.76207843,234.08402685,234.08563712,0.05048246,2626.58788451,0.01998554,0.01998554,23052,70,0
8670.13732477,8670.13818136,242.45088077,242.43181780,0.04870120,2627.01046929,0.01998553,0.01998554,23051,70,0
8670.51343389,8670.51431692,250.82465322,250.80498722,0.04484656,2627.43324887,0.01998553,0.01998554,23050,70,0
8670.89088284,8670.89048511,259.20558800,259.21445279,0.05274268,2627.85668007,0.01998554,0.01998554,23049,70,0
8671.26654928,8671.26668594,267.59401054,267.59096208,0.04820204,2628.27727539,0.01998553,0.01998554,23048,70,0
8671.64274909,8671.64291942,275.99024807,275.98644535,0.05817595,2628.69764541,0.01998553,0.01998554,23047,70,0
8672.01894432,8672.01918553,284.39456497,284.38917481,0.04714021,2629.11719758,0.01998553,0.01998554,23046,70,0
8672.39510494,8672.39548430,292.80699218,292.79850760,0.04481106,2629.53589705,0.01998553,0.01998554,23045,70,0
8672.77246336,8672.77181573,301.22750741,301.24200458,0.04500506,2629.95510762,0.01998554,0.01998554,23044,70,0
8673.14786258,8673.14817981,309.65608824,309.64898087,0.04740477,2630.37132055,0.01998553,0.01998554,23043,70,0
8673.52432094,8673.52457656,318.09272112,318.08698914,0.05201948,2630.78788156,0.01998553,0.01998554,23042,70,0
8673.90069551,8673.90100598,326.53743519,326.53046713,0.03890773,2631.20352117,0.01998553,0.01998554,23041,70,0
8674.27715155,8674.27746806,334.99027234,334.98316249,0.05119760,2631.61842091,0.01998553,0.01998554,23040,70,0
8674.65340281,8674.65396283,343.45127465,343.43868364,0.04725426,2632.03226469,0.01998553,0.01998554,23039,70,0
8675.03051416,8675.03049027,351.92046070,351.92099815,0.04205287,2632.44621945,0.01998554,0.01998554,23038,70,0
8675.40730978,8675.40705040,360.39770942,360.40355106,0.04714848,2632.85898367,0.01998554,0.01998554,23037,70,0
8675.78297913,8675.78364322,368.88284816,368.86787899,0.05665239,2633.26966291,0.01998553,0.01998554,23036,70,0
8676.16071351,8676.16026874,377.37570315,377.38573678,0.04903901,2633.68173130,0.01998554,0.01998554,23035,70,0
8676.53641013,8676.53692695,385.87613473,385.86446639,0.04974884,2634.09070341,0.01998553,0.01998554,23034,70,0
8676.91294491,8676.91361786,394.38424861,394.36904266,0.04304865,2634.49971632,0.01998553,0.01998554,23033,70,0
8677.29029485,8677.29034148,402.90025657,402.89920197,0.04352154,2634.90874655,0.01998554,0.01998554,23032,70,0
8677.66806697,8677.66709781,411.42437195,411.44630889,0.04351444,2635.31737112,0.01998554,0.01998554,23031,70,0
8678.04382186,8678.04388685,419.95678995,419.95531750,0.05661947,2635.72296305,0.01998554,0.01998554,23030,70,0
8678.42096798,8678.42070862,428.49755174,428.50343285,0.04561175,2636.12920235,0.01998554,0.01998554,23029,70,0
8678.79799388,8678.79756310,437.04662418,437.05640093,0.05065762,2636.53445191,0.01998554,0.01998554,23028,70,0
8679.17433220,8679.17445032,445.60397340,445.60129041,0.04175010,2636.93809989,0.01998554,0.01998554,23027,70,0
8679.55134374,8679.55137026,454.16956843,454.16896543,0.04892287,2637.34160129,0.01998554,0.01998553,23026,70,0
8679.92848138,8679.92832295,462.74340483,462.74701003,0.04530257,2637.74436442,0.01998554,0.01998553,23025,70,0
8680.30540605,8680.30530837,471.32549196,471.32771673,0.04553392,2638.14602476,0.01998554,0.01998553,23024,70,0
8680.68195308,8680.68232654,479.91583929,479.90732649,0.04320752,2638.54640618,0.01998554,0.01998553,23023,70,0
8681.05882986,8681.05937745,488.51443934,488.50194613,0.04537123,2638.94625752,0.01998553,0.01998553,23022,70,0
8681.43690454,8681.43646112,497.12113125,497.13125630,0.05003827,2639.34648385,0.01998554,0.01998553,23021,70,0
8681.81330502,8681.81357755,505.73567186,505.72944383,0.04489115,2639.74403216,0.01998554,0.01998553,23020,70,0
8682.19038192,8682.19072674,514.35781581,514.34992978,0.04394001,2640.14137451,0.01998554,0.01998553,23019,70,0
8682.56839361,8682.56790870,522.98738342,522.99848226,0.05654664,2640.53876607,0.01998554,0.01998553,23018,70,0
8682.94541897,8682.94512342,531.62478912,531.63155947,0.04349904,2640.93420359,0.01998554,0.01998553,23017,70,0
8683.32262288,8683.32237092,540.27076105,540.27653828,0.04855178,2641.32894200,0.01998554,0.01998553,23016,70,0
8683.70050933,8683.69965120,548.92603429,548.94573104,0.05644782,2641.72353584,0.01998554,0.01998553,23015,70,0
8684.07697857,8684.07696426,557.59122771,557.59155653,0.04340983,2642.11581935,0.01998554,0.01998553,23014,70,0
8684.45430131,8684.45431011,566.26596614,566.26576357,0.04758905,2642.50813958,0.01998554,0.01998553,23013,70,0
8684.83187902,8684.83168876,574.94937923,574.95375904,0.05445730,2642.89982754,0.01998554,0.01998553,23012,70,0
8685.20867769,8685.20910019,583.64058798,583.63085486,0.04353717,2643.28976972,0.01998553,0.01998553,23011,70,0
8685.58612849,8685.58654443,592.33885834,592.32926927,0.04695570,2643.67941189,0.01998553,0.01998553,23010,70,0
8685.96410293,8685.96402148,601.04455783,601.04643720,0.04727030,2644.06863060,0.01998554,0.01998553,23009,70,0
8686.34215882,8686.34153133,609.75855036,609.77304148,0.04290843,2644.45700386,0.01998554,0.01998553,23008,70,0
8686.71926435,8686.71907399,618.48170726,618.48610769,0.04748119,2644.84351027,0.01998554,0.01998553,23007,70,0
8687.09737787,8687.09664948,627.21473630,627.23159213,0.04845963,2645.23018445,0.01998554,0.01998553,23006,70,0
8687.47385017,8687.47425778,635.95729359,635.94785186,0.04239729,2645.61430038,0.01998553,0.01998553,23005,70,0
8687.85120128,8687.85189891,644.70862546,644.69245181,0.04785535,2645.99839524,0.01998553,0.01998553,23004,70,0
8688.22960399,8688.22957287,653.46797282,653.46869475,0.04689721,2646.38260114,0.01998554,0.01998553,23003,70,0
8688.60768464,8688.60727967,662.23478411,662.24418753,0.04753058,2646.76549340,0.01998554,0.01998553,23002,70,0
8688.98526448,8688.98501930,671.00958541,671.01528335,0.05034662,2647.14691416,0.01998554,0.01998553,23001,70,0
8689.36247360,8689.36279178,679.79324940,679.78584756,0.05813508,2647.52703276,0.01998553,0.01998553,23000,70,0
8689.74090191,8689.74059711,688.58665417,688.59375244,0.04159088,2647.90748268,0.01998553,0.01998553,22999,70,0
8690.11831863,8690.11843528,697.39039422,697.38767480,0.04720487,2648.28604208,0.01998553,0.01998553,22998,70,0
8690.49654853,8690.49630632,706.20391879,706.20957097,0.04601522,2648.66451418,0.01998553,0.01998553,22997,70,0
8690.87395731,8690.87421021,715.02638825,715.02048158,0.05306727,2649.04122399,0.01998553,0.01998553,22996,70,0
8691.25159520,8691.25214697,723.85695806,723.84406102,0.05630025,2649.41718262,0.01998553,0.01998553,22995,70,0
8691.62931638,8691.63011660,732.69512578,732.67640667,0.04122197,2649.79221923,0.01998553,0.01998553,22994,70,0
8692.00753583,8692.00811910,741.54141836,741.52776237,0.04325636,2650.16676283,0.01998553,0.01998553,22993,70,0
8692.38605191,8692.38615448,750.39655701,750.39415327,0.04161104,2650.54063786,0.01998553,0.01998553,22992,70,0
8692.76381418,8692.76422274,759.26126561,759.25168105,0.05162052,2650.91283537,0.01998553,0.01998553,22991,70,0
8693.14278938,8693.14232388,768.13596138,768.14689311,0.04482876,2651.28530508,0.01998553,0.01998553,22990,70,0
8693.52088168,8693.52045792,777.02039484,777.03035629,0.05374766,2651.65597148,0.01998553,0.01998553,22989,70,0
8693.89833036,8693.89862485,785.91422807,785.90729878,0.05433139,2652.02505693,0.01998553,0.01998553,22988,70,0
8694.27678937,8694.27682468,794.81712455,794.81629279,0.05650074,2652.39415965,0.01998553,0.01998553,22987,70,0
8694.65512435,8694.65505742,803.72894104,803.73051879,0.05420409,2652.76216041,0.01998553,0.01998553,22986,70,0
8695.03321123,8695.03332306,812.64982972,812.64719106,0.04227603,2653.12894262,0.01998553,0.01998553,22985,70,0
8695.41198285,8695.41162161,821.57996840,821.58849990,0.04311413,2653.49541322,0.01998553,0.01998553,22984,70,0
8695.79046681,8695.78995308,830.51953208,830.53167694,0.04572110,2653.86063325,0.01998553,0.01998553,22983,70,0
8696.16846019,8696.16831747,839.46860121,839.47197838,0.03810687,2654.22440937,0.01998553,0.01998553,22982,70,0
8696.54727185,8696.54671479,848.42715750,848.44035220,0.04481346,2654.58799535,0.01998553,0.01998553,22981,70,0
8696.92550844,8696.92514504,857.39517791,857.40379391,0.04568497,2654.95004816,0.01998553,0.01998553,22980,70,0
8697.30395557,8697.30360821,866.37265885,866.38090241,0.04325891,2655.31131722,0.01998553,0.01998553,22979,70,0
8697.68224178,8697.68210433,875.35984336,875.36310880,0.04242924,2655.67145366,0.01998553,0.01998553,22978,70,0
8698.06054734,8698.06063339,884.35714442,884.35509802,0.04328255,2656.03064213,0.01998553,0.01998553,22977,70,0
8698.43922833,8698.43919539,893.36498084,893.36576493,0.04515922,2656.38923170,0.01998553,0.01998553,22976,70,0
8698.81841805,8698.81779035,902.38365498,902.39861590,0.04521861,2656.74735290,0.01998553,0.01998553,22975,70,0
8699.19728520,8699.19641826,911.41264645,911.43333022,0.04386477,2657.10419483,0.01998554,0.01998553,22974,70,0
8699.57558946,8699.57507913,920.45108249,920.46326920,0.04231930,2657.45949607,0.01998554,0.01998553,22973,70,0
8699.95426194,8699.95377297,929.49808350,929.50976979,0.04221175,2657.81409365,0.01998554,0.01998553,22972,70,0
8700.33211019,8700.33249977,938.55307748,938.54375922,0.04347153,2658.16684723,0.01998553,0.01998553,22971,70,0
8700.71055099,8700.71125954,947.61670198,947.59973851,0.04498783,2658.51910200,0.01998553,0.01998553,22970,70,0
8701.08990239,8701.09005229,956.68989226,956.68629978,0.04628304,2658.87118045,0.01998553,0.01998553,22969,70,0
8701.46945495,8701.46887803,965.77358673,965.78742833,0.05062111,2659.22245201,0.01998554,0.01998553,22968,70,0
8701.84786892,8701.84773674,974.86823927,974.87141396,0.05408749,2659.57169349,0.01998553,0.01998553,22967,70,0
8702.22700529,8702.22662845,983.97326175,983.98232208,0.05334654,2659.92059696,0.01998554,0.01998553,22966,70,0
8702.60627204,8702.60555315,993.08792825,993.10522841,0.04929449,2660.26858220,0.01998554,0.01998553,22965,70,0
8702.98401842,8702.98451085,1002.21152623,1002.19966559,0.04243110,2660.61410948,0.01998553,0.01998553,22964,70,0
8703.36338531,8703.36350155,1011.34390804,1011.34110587,0.04160821,2660.96004219,0.01998553,0.01998553,22963,70,0
8703.74268099,8703.74252526,1020.48559500,1020.48935291,0.04524358,2661.30484711,0.01998553,0.01998553,22962,70,0
8704.12149337,8704.12158198,1029.63715013,1029.63500968,0.05115593,2661.64816926,0.01998553,0.01998553,22961,70,0
8704.50096953,8704.50067171,1038.79909445,1038.80629600,0.05031239,2661.99106286,0.01998554,0.01998553,22960,70,0
8704.88024593,8704.87979447,1047.97143692,1047.98236505,0.04815242,2662.33274171,0.01998554,0.01998553,22959,70,0
8705.25929395,8705.25895025,1057.15386089,1057.16218892,0.04883246,2662.67316573,0.01998554,0.01998553,22958,70,0
8705.63796461,8705.63813906,1066.34604250,1066.34181162,0.04198233,2663.01218752,0.01998553,0.01998553,22957,70,0
8706.01706336,8706.01736090,1075.54771859,1075.54049548,0.05208583,2663.35051431,0.01998553,0.01998553,22956,70,0
8706.39580776,8706.39661577,1084.75893799,1084.73930388,0.05467670,2663.68744535,0.01998553,0.01998553,22955,70,0
8706.77622284,8706.77590369,1093.97984739,1093.98761006,0.05223533,2664.02477785,0.01998553,0.01998553,22954,70,0
8707.15482243,8707.15522466,1103.21059496,1103.20080191,0.04545928,2664.35942241,0.01998553,0.01998553,22953,70,0
8707.53462627,8707.53457867,1112.45144486,1112.45260499,0.04559195,2664.69405624,0.01998553,0.01998553,22952,70,0
8707.91385771,8707.91396574,1121.70292378,1121.70028793,0.05173817,2665.02712597,0.01998553,0.01998553,22951,70,0
8708.29307984,8708.29338587,1130.96559784,1130.95812254,0.04474080,2665.35914436,0.01998553,0.01998553,22950,70,0
8708.67323696,8708.67283906,1140.24001033,1140.24974134,0.04407866,2665.69094899,0.01998553,0.01998553,22949,70,0
8709.05225367,8709.05232532,1149.52602730,1149.52427295,0.04099701,2666.02071950,0.01998553,0.01998553,22948,70,0
8709.43168704,8709.43184465,1158.82279128,1158.81892849,0.05175453,2666.34977842,0.01998553,0.01998553,22947,70,0
8709.81199352,8709.81139706,1168.12940410,1168.14403602,0.04833897,2666.67847984,0.01998553,0.01998553,22946,70,0
8710.19107691,8710.19098254,1177.44510789,1177.44742492,0.04109661,2667.00498290,0.01998553,0.01998553,22945,70,0
8710.57062451,8710.57060112,1186.77031005,1186.77088502,0.04830159,2667.33075472,0.01998553,0.01998553,22944,70,0
8710.95078783,8710.95025278,1196.10598219,1196.11914649,0.04930713,2667.65595031,0.01998553,0.01998553,22943,70,0
8711.32966652,8711.32993753,1205.45310583,1205.44642995,0.04127121,2667.97897639,0.01998553,0.01998553,22942,70,0
8711.70908502,8711.70965538,1214.81231932,1214.79825277,0.05061938,2668.30140862,0.01998553,0.01998553,22941,70,0
8712.08961405,8712.08940634,1224.18319349,1224.18832208,0.04577096,2668.62370515,0.01998553,0.01998553,22940,70,0
8712.46851446,8712.46919040,1233.56509157,1233.54838500,0.05193956,2668.94352152,0.01998553,0.01998553,22939,70,0
8712.84917400,8712.84900757,1242.95738482,1242.96150255,0.04942324,2669.26369052,0.01998553,0.01998553,22938,70,0
8713.22887160,8713.22885785,1252.35987413,1252.36021466,0.04007690,2669.58190875,0.01998553,0.01998553,22937,70,0
8713.60826960,8713.60874126,1261.77289566,1261.76120238,0.05247995,2669.89874393,0.01998553,0.01998553,22936,70,0
8713.98816630,8713.98865779,1271.19682113,1271.18462304,0.04607378,2670.21486975,0.01998553,0.01998553,22935,70,0
8714.36861261,8714.36860745,1280.63198838,1280.63211667,0.04657927,2670.53033048,0.01998553,0.01998553,22934,70,0
8714.74786396,8714.74859024,1290.07843466,1290.06036934,0.04875420,2670.84367880,0.01998553,0.01998553,22933,70,0
8715.12832520,8715.12860616,1299.53604712,1299.52905079,0.04885514,2671.15689298,0.01998553,0.01998553,22932,70,0
8715.50838646,8715.50865523,1309.00471099,1308.99801111,0.05249418,2671.46863549,0.01998553,0.01998553,22931,70,0
8715.88866560,8715.88873745,1318.48430204,1318.48250922,0.05034149,2671.77940507,0.01998553,0.01998553,22930,70,0
8716.26899066,8716.26885281,1327.97467127,1327.97811489,0.04772387,2672.08905040,0.01998553,0.01998553,22929,70,0
8716.64875195,8716.64900133,1337.47566448,1337.46942854,0.04915582,2672.39706782,0.01998553,0.01998553,22928,70,0
8717.02942466,8717.02918300,1346.98714130,1346.99319011,0.05064917,2672.70464311,0.01998553,0.01998553,22927,70,0
8717.40907761,8717.40939784,1356.50930607,1356.50128186,0.04743504,2673.01021843,0.01998553,0.01998553,22926,70,0
8717.78981218,8717.78964585,1366.04271117,1366.04688381,0.04553127,2673.31549785,0.01998553,0.01998553,22925,70,0
8718.16990386,8718.16992703,1375.58792798,1375.58734619,0.04950268,2673.61910983,0.01998553,0.01998553,22924,70,0
8718.55068296,8718.55024138,1385.14540931,1385.15651313,0.04610600,2673.92212595,0.01998553,0.01998553,22923,70,0
8718.93015389,8718.93058891,1394.71492753,1394.70397604,0.04801241,2674.22294841,0.01998553,0.01998553,22922,70,0
8719.31084539,8719.31096963,1404.29601646,1404.29288537,0.04461239,2674.52356238,0.01998553,0.01998553,22921,70,0
8719.69068702,8719.69138354,1413.88820859,1413.87063666,0.05013284,2674.82231162,0.01998553,0.01998553,22920,70,0
8720.07058998,8720.07183064,1423.49121814,1423.45988595,0.05805374,2675.11990284,0.01998553,0.01998553,22919,70,0
8720.45230678,8720.45231094,1433.10507419,1433.10496896,0.04526319,2675.41769602,0.01998553,0.01998553,22918,70,0
8720.83290031,8720.83282444,1442.72983706,1442.73175722,0.04821651,2675.71339359,0.01998553,0.01998553,22917,70,0
8721.21385872,8721.21337115,1452.36562137,1452.37797392,0.03950997,2676.00815409,0.01998553,0.01998553,22916,70,0
8721.59424154,8721.59395107,1462.01306528,1462.02043300,0.04677428,2676.30126536,0.01998553,0.01998553,22915,70,0
8721.97442225,8721.97456420,1471.67310523,1471.66950020,0.04558403,2676.59304190,0.01998553,0.01998553,22914,70,0
8722.35582722,8722.35521055,1481.34668616,1481.36236877,0.04066205,2676.88459645,0.01998553,0.01998553,22913,70,0
8722.73567737,8722.73589013,1491.03414134,1491.02872359,0.04773894,2677.17380991,0.01998553,0.01998553,22912,70,0
8723.11657898,8723.11660293,1500.73424009,1500.73362939,0.04729324,2677.46262620,0.01998553,0.01998553,22911,70,0
8723.49735153,8723.49734897,1510.44549846,1510.44556371,0.04958842,2677.75009636,0.01998553,0.01998553,22910,70,0
8723.87849262,8723.87812824,1520.16652825,1520.17583474,0.04560158,2678.03654911,0.01998553,0.01998553,22909,70,0
8724.25841052,8724.25894076,1529.89747889,1529.88392261,0.04883696,2678.32079256,0.01998553,0.01998553,22908,70,0
8724.64008752,8724.63978652,1539.63966836,1539.64737265,0.04758780,2678.60508927,0.01998553,0.01998553,22907,70,0
8725.02045688,8725.02066553,1549.39445279,1549.38910565,0.04767859,2678.88718677,0.01998553,0.01998553,22906,70,0
8725.40170636,8725.40157780,1559.16276299,1559.16606197,0.04427962,2679.16873075,0.01998553,0.01998553,22905,70,0
8725.78249750,8725.78252332,1568.94414767,1568.94348435,0.04811188,2679.44871176,0.01998553,0.01998553,22904,70,0
8726.16341782,8726.16350211,1578.73787579,1578.73570789,0.04771666,2679.72753669,0.01998553,0.01998553,22903,70,0
8726.54440036,8726.54451416,1588.54324796,1588.54031771,0.04740322,2680.00513025,0.01998553,0.01998553,22902,70,0
8726.92597352,8726.92555949,1598.36021675,1598.37088951,0.04898711,2680.28186759,0.01998553,0.01998553,22901,70,0
8727.30655892,8727.30663809,1608.18929755,1608.18725447,0.04796109,2680.55661514,0.01998553,0.01998553,22900,70,0
8727.68748919,8727.68774997,1618.03102776,1618.02428918,0.05152016,2680.83034755,0.01998553,0.01998553,22899,70,0
8728.06831661,8728.06889514,1627.88577886,1627.87081148,0.04502403,2681.10274640,0.01998553,0.01998553,22898,70,0
8728.44992109,8728.45007360,1637.75335382,1637.74940349,0.04710536,2681.37442635,0.01998553,0.01998553,22897,70,0
8728.83086105,8728.83128535,1647.63343406,1647.62243108,0.04885461,2681.64434599,0.01998553,0.01998553,22896,70,0
8729.21261977,8729.21253040,1657.52572315,1657.52804346,0.04901808,2681.91354176,0.01998553,0.01998553,22895,70,0
8729.59375968,8729.59380875,1667.43033422,1667.42905888,0.04991700,2682.18099640,0.01998553,0.01998553,22894,70,0
8729.97542053,8729.97512041,1677.34772234,1677.35553299,0.05084274,2682.44751678,0.01998553,0.01998553,22893,70,0
8730.35649927,8730.35646537,1687.27835615,1687.27923941,0.05178668,2682.71233951,0.01998553,0.01998553,22892,70,0
8730.73796806,8730.73784366,1697.22249500,1697.22574060,0.04440021,2682.97614191,0.01998553,0.01998553,22891,70,0
8731.11894970,8731.11925526,1707.17977130,1707.17178945,0.05277492,2683.23830198,0.01998553,0.01998553,22890,70,0
8731.50135629,8731.50070019,1717.14969894,1717.16685739,0.05423856,2683.50011179,0.01998553,0.01998553,22889,70,0
8731.88266852,8731.88217845,1727.13183201,1727.14466289,0.04437251,2683.75982740,0.01998553,0.01998553,22888,70,0
8732.26407256,8732.26369004,1737.12627176,1737.13629848,0.04867263,2684.01825903,0.01998553,0.01998553,22887,70,0
8732.64583380,8732.64523497,1747.13349482,1747.14921074,0.05341611,2684.27559067,0.01998553,0.01998553,22886,70,0
8733.02650529,8733.02681324,1757.15398771,1757.14589572,0.04089425,2684.53085727,0.01998553,0.01998553,22885,70,0
8733.40804142,8733.40842485,1767.18806324,1767.17797505,0.04893427,2684.78537230,0.01998553,0.01998553,22884,70,0
8733.79045009,8733.79006982,1777.23564861,1777.24566634,0.05675371,2685.03912373,0.01998553,0.01998553,22883,70,0
8734.17192278,8734.17174814,1787.29661910,1787.30122534,0.05065171,2685.29090240,0.01998553,0.01998553,22882,70,0
8734.55407939,8734.55345982,1797.37085086,1797.38721276,0.05167146,2685.54176947,0.01998553,0.01998553,22881,70,0
8734.93484662,8734.93520486,1807.45823432,1807.44876230,0.04985122,2685.79035882,0.01998553,0.01998553,22880,70,0
8735.31700271,8735.31698328,1817.55866615,1817.55918063,0.04625283,2686.03847558,0.01998553,0.01998553,22879,70,0
8735.69826711,8735.69879506,1827.67204577,1827.65805325,0.04874179,2686.28462787,0.01998553,0.01998553,22878,70,0
8736.08039418,8736.08064022,1837.79843541,1837.79190646,0.04451934,2686.52994392,0.01998553,0.01998553,22877,70,0
8736.46263713,8736.46251876,1847.93812537,1847.94127016,0.04462246,2686.77393981,0.01998553,0.01998553,22876,70,0
8736.84409011,8736.84443069,1858.09142506,1858.08236491,0.05498458,2687.01604208,0.01998553,0.01998553,22875,70,0
8737.22615926,8737.22637601,1868.25864982,1868.25287622,0.05300072,2687.25714516,0.01998553,0.01998553,22874,70,0
8737.60828181,8737.60835472,1878.44013267,1878.43818782,0.04842561,2687.49689147,0.01998553,0.01998553,22873,70,0
8737.98992385,8737.99036683,1888.63621323,1888.62438182,0.04733330,2687.73494949,0.01998553,0.01998553,22872,70,0
8738.37205090,8738.37241235,1898.84718800,1898.83752096,0.04532213,2687.97192136,0.01998553,0.01998553,22871,70,0
8738.75407096,8738.75449127,1909.07267838,1909.06142256,0.05422098,2688.20742211,0.01998553,0.01998553,22870,70,0
8739.13662303,8739.13660360,1919.31178474,1919.31230565,0.04926263,2688.44181583,0.01998553,0.01998553,22869,70,0
8739.51878220,8739.51874935,1929.56359190,1929.56447352,0.04631641,2688.67450780,0.01998553,0.01998553,22868,70,0
8739.90031016,8739.90092852,1939.82784310,1939.81122569,0.04886926,2688.90534703,0.01998553,0.01998553,22867,70,0
8740.28294728,8740.28314112,1950.10560892,1950.10039299,0.05221886,2689.13540169,0.01998553,0.01998553,22866,70,0
8740.66572610,8740.66538715,1960.39812654,1960.40725999,0.04995542,2689.36410393,0.01998553,0.01998553,22865,70,0
8741.04818806,8741.04766660,1970.70635560,1970.72042667,0.04631022,2689.59119469,0.01998553,0.01998553,22864,70,0
8741.43045185,8741.42997950,1981.02967304,1981.04243571,0.04547482,2689.81672612,0.01998553,0.01998553,22863,70,0
8741.81207052,8741.81232584,1991.36690378,1991.35999683,0.04812085,2690.04040673,0.01998553,0.01998553,22862,70,0
8742.19429864,8742.19470563,2001.71691633,2001.70589418,0.04620360,2690.26294119,0.01998553,0.01998553,22861,70,0
8742.57760651,8742.57711887,2012.07951647,2012.09273825,0.05254644,2690.48458304,0.01998553,0.01998553,22860,70,0
8742.96006062,8742.95956556,2022.45531613,2022.46875537,0.04853357,2690.70421979,0.01998553,0.01998553,22859,70,0
8743.34208541,8743.34204572,2032.84495830,2032.84603708,0.05481725,2690.92210985,0.01998553,0.01998553,22858,70,0
8743.72495994,8743.72455934,2043.24911182,2043.26001535,0.05157684,2691.13898745,0.01998553,0.01998553,22857,70,0
8744.10706646,8744.10710643,2053.66849150,2053.66740207,0.04489716,2691.35394335,0.01998553,0.01998553,22856,70,0
8744.48963611,8744.48968699,2064.10382286,2064.10243416,0.04996436,2691.56767927,0.01998553,0.01998553,22855,70,0
8744.87260826,8744.87230103,2074.55565743,2074.56405628,0.04516768,2691.78015962,0.01998553,0.01998553,22854,70,0
8745.25475703,8745.25494855,2085.02369695,2085.01845392,0.05090572,2691.99069261,0.01998553,0.01998553,22853,70,0
8745.63760053,8745.63762956,2095.50738740,2095.50659150,0.04882784,2692.20009633,0.01998553,0.01998553,22852,70,0
8746.01911579,8746.02034406,2106.00619328,2105.97247662,0.05425279,2692.40724987,0.01998553,0.01998553,22851,70,0
8746.40270821,8746.40309205,2116.51985598,2116.50930529,0.04915352,2692.61398525,0.01998553,0.01998553,22850,70,0
8746.78591252,8746.78587355,2127.04830084,2127.04937354,0.05241397,2692.81895482,0.01998553,0.01998553,22849,70,0
8747.16820776,8747.16868855,2137.59146183,2137.57821175,0.04636600,2693.02187926,0.01998553,0.01998553,22848,70,0
8747.55164570,8747.55153706,2148.14952825,2148.15252628,0.05100188,2693.22384255,0.01998553,0.01998553,22847,70,0
8747.93427360,8747.93441908,2158.72303511,2158.71901489,0.04190626,2693.42381682,0.01998553,0.01998553,22846,70,0
8748.31674337,8748.31733462,2169.31254580,2169.29618300,0.04812244,2693.62215152,0.01998553,0.01998553,22845,70,0
8748.70056414,8748.70028368,2179.91841632,2179.92618925,0.05323101,2693.81962053,0.01998553,0.01998553,22844,70,0
8749.08335168,8749.08326627,2190.54043085,2190.54280137,0.04688142,2694.01498314,0.01998553,0.01998553,22843,70,0
8749.46678244,8749.46628238,2201.17827522,2201.19217343,0.05176377,2694.20908354,0.01998553,0.01998553,22842,70,0
8749.84895026,8749.84933204,2211.83162624,2211.82100110,0.05562302,2694.40094695,0.01998553,0.01998553,22841,70,0
8750.23254197,8750.23241523,2222.50012373,2222.50365566,0.04455067,2694.59190707,0.01998553,0.01998553,22840,70,0
8750.61519614,8750.61553197,2233.18339252,2233.17402206,0.04957958,2694.78077108,0.01998553,0.01998553,22839,70,0
8750.99853105,8750.99868225,2243.88111504,2243.87689077,0.04373499,2694.96832639,0.01998553,0.01998553,22838,70,0
8751.38134954,8751.38186609,2254.59367757,2254.57922691,0.04713384,2695.15398563,0.01998553,0.01998553,22837,70,0
8751.76509740,8751.76508349,2265.32192426,2265.32231405,0.04822449,2695.33845427,0.01998553,0.01998553,22836,70,0
8752.14811570,8752.14833444,2276.06669785,2276.06056076,0.04767197,2695.52093992,0.01998553,0.01998553,22835,70,0
8752.53162836,8752.53161897,2286.82838828,2286.82865221,0.05210502,2695.70202533,0.01998553,0.01998553,22834,70,0
8752.91462120,8752.91493706,2297.60687641,2297.59798817,0.04156116,2695.88122123,0.01998553,0.01998553,22833,70,0
8753.29840321,8753.29828873,2308.40201406,2308.40524028,0.04494018,2696.05912732,0.01998553,0.01998553,22832,70,0
8753.68193731,8753.68167397,2319.21354356,2319.22097476,0.04942091,2696.23524667,0.01998553,0.01998553,22831,70,0
8754.06534478,8754.06509281,2330.04100357,2330.04812393,0.04641589,2696.40962163,0.01998553,0.01998553,22830,70,0
8754.44915703,8754.44854523,2340.88390662,2340.90121783,0.05266825,2696.58247617,0.01998553,0.01998553,22829,70,0
8754.83178265,8754.83203124,2351.74213400,2351.73509059,0.05318617,2696.75308909,0.01998553,0.01998553,22828,70,0
8755.21559376,8755.21555085,2362.61671820,2362.61793595,0.04443564,2696.92252627,0.01998553,0.01998553,22827,70,0
8755.59957665,8755.59910406,2373.50892272,2373.52235440,0.04423433,2697.09034210,0.01998553,0.01998553,22826,70,0
8755.98238859,8755.98269087,2384.41972805,2384.41112291,0.04688203,2697.25596207,0.01998553,0.01998553,22825,70,0
8756.36625642,8756.36631130,2395.34864263,2395.34707788,0.04732522,2697.42033336,0.01998553,0.01998553,22824,70,0
8756.75025342,8756.74996534,2406.29470581,2406.30293072,0.04847882,2697.58302763,0.01998553,0.01998553,22823,70,0
8757.13322958,8757.13365300,2417.25704913,2417.24494309,0.04763454,2697.74354216,0.01998553,0.01998553,22822,70,0
8757.51738379,8757.51737429,2428.23560509,2428.23587726,0.04522754,2697.90278806,0.01998553,0.01998553,22821,70,0
8757.90076658,8757.90112920,2439.23069275,2439.22029571,0.04743676,2698.05995052,0.01998553,0.01998553,22820,70,0
8758.28497233,8758.28491774,2450.24266382,2450.24423108,0.04813949,2698.21567911,0.01998553,0.01998553,22819,70,0
8758.66839014,8758.66873993,2461.27221864,2461.26215923,0.04509556,2698.36932155,0.01998553,0.01998553,22818,70,0
8759.05239284,8759.05259575,2472.32030071,2472.31445581,0.04425786,2698.52143303,0.01998553,0.01998553,22817,70,0
8759.43611459,8759.43648522,2483.38780396,2483.37710975,0.04739664,2698.67167081,0.01998553,0.01998553,22816,70,0
8759.81968454,8759.82040834,2494.47435308,2494.45343584,0.04641683,2698.82007322,0.01998553,0.01998553,22815,70,0
8760.20435222,8760.20436511,2505.57837887,2505.57800592,0.05461809,2698.96708641,0.01998553,0.01998553,22814,70,0
8760.58850873,8760.58835554,2516.69828964,2516.70272871,0.05304404,2699.11206144,0.01998553,0.01998553,22813,70,0
8760.97272639,8760.97237964,2527.83375332,2527.84381489,0.04990575,2699.25520492,0.01998553,0.01998553,22812,70,0
8761.35686331,8761.35643740,2538.98598331,2538.99836002,0.05142957,2699.39647122,0.01998553,0.01998553,22811,70,0
8761.74035516,8761.74052884,2550.15628618,2550.15123133,0.04418927,2699.53566534,0.01998553,0.01998553,22810,70,0
8762.12514926,8762.12465395,2561.34531072,2561.35974981,0.05102831,2699.67348765,0.01998553,0.01998553,22809,70,0
8762.50885587,8762.50881274,2572.55268931,2572.55394842,0.05223096,2699.80906628,0.01998553,0.01998553,22808,70,0
8762.89264721,8762.89300522,2583.77796728,2583.76749923,0.05169402,2699.94280754,0.01998553,0.01998553,22807,70,0
8763.27778141,8763.27723139,2595.02096100,2595.03706727,0.05101021,2700.07512767,0.01998553,0.01998553,22806,70,0
8763.66168110,8763.66149126,2606.28199395,2606.28756168,0.04804847,2700.20513461,0.01998553,0.01998553,22805,70,0
8764.04521651,8764.04578482,2617.56144772,2617.54475425,0.04486986,2700.33312949,0.01998553,0.01998553,22804,70,0
8764.43019369,8764.43011209,2628.85972080,2628.86212174,0.05009941,2700.45970157,0.01998553,0.01998553,22803,70,0
8764.81431668,8764.81447306,2640.17724414,2640.17263582,0.04934854,2700.58408617,0.01998553,0.01998553,22802,70,0
8765.19901199,8765.19886775,2651.51445584,2651.51871360,0.04825794,2700.70674159,0.01998553,0.01998553,22801,70,0
8765.58350811,8765.58329615,2662.87158196,2662.87784897,0.05047908,2700.82741075,0.01998553,0.01998553,22800,70,0
8765.96763782,8765.96775828,2674.24832908,2674.24476188,0.04723846,2700.94603156,0.01998553,0.01998553,22799,70,0
8766.35225220,8766.35225413,2685.64432412,2685.64426685,0.04756972,2701.06285146,0.01998553,0.01998553,22798,70,0
8766.73725008,8766.73678371,2697.05940196,2697.07325769,0.04583168,2701.17782098,0.01998553,0.01998553,22797,70,0
8767.12141304,8767.12134702,2708.49394452,2708.49590917,0.04774953,2701.29057302,0.01998553,0.01998553,22796,70,0
8767.50592122,8767.50594407,2719.94842453,2719.94774330,0.05004436,2701.40145160,0.01998553,0.01998553,22795,70,0
8767.89051036,8767.89057487,2731.42300503,2731.42107888,0.04727743,2701.51036784,0.01998553,0.01998553,22794,70,0
8768.27468644,8768.27523942,2742.91701348,2742.90047744,0.05108029,2701.61716718,0.01998553,0.01998553,22793,70,0
8768.65995960,8768.65993771,2754.42963337,2754.43028871,0.04863502,2701.72224599,0.01998553,0.01998553,22792,70,0
8769.04533625,8769.04466977,2765.96053145,2765.98052227,0.04825173,2701.82531059,0.01998553,0.01998553,22791,70,0
8769.43008106,8769.42943558,2777.51065974,2777.53005202,0.05027666,2701.92616664,0.01998553,0.01998553,22790,70,0
8769.81478264,8769.81423516,2789.08118739,2789.09766367,0.04536388,2702.02497305,0.01998553,0.01998553,22789,70,0
8770.19918522,8770.19906851,2800.67291305,2800.67643131,0.04922368,2702.12166210,0.01998553,0.01998553,22788,70,0
8770.58380187,8770.58393564,2812.28569924,2812.28165959,0.04145978,2702.21635061,0.01998553,0.01998553,22787,70,0
8770.96858082,8770.96883655,2823.91926398,2823.91152825,0.05098406,2702.30900885,0.01998553,0.01998553,22786,70,0
8771.35419913,8771.35377123,2835.57339172,2835.58635754,0.05037358,2702.39977847,0.01998553,0.01998553,22785,70,0
8771.73838780,8771.73873971,2847.24801950,2847.23733866,0.04510526,2702.48811820,0.01998553,0.01998553,22784,70,0
8772.12398190,8772.12374198,2858.94310355,2858.95039764,0.05028424,2702.57466828,0.01998553,0.01998553,22783,70,0
8772.50893835,8772.50877804,2870.65849362,2870.66337514,0.04828162,2702.65895123,0.01998553,0.01998553,22782,70,0
8772.89402583,8772.89384791,2882.39383320,2882.39925971,0.04504332,2702.74112563,0.01998553,0.01998553,22781,70,0
8773.27853915,8773.27895158,2894.14874688,2894.13614784,0.04468095,2702.82103096,0.01998553,0.01998553,22780,70,0
8773.66452254,8773.66408906,2905.92342268,2905.93668602,0.04766734,2702.89907465,0.01998553,0.01998553,22779,70,0
8774.04939302,8774.04926036,2917.71896590,2917.72303199,0.04834008,2702.97472724,0.01998553,0.01998553,22778,70,0
8774.43516607,8774.43446548,2929.53655431,2929.55806709,0.04953425,2703.04838200,0.01998553,0.01998553,22777,70,0
8774.81980419,8774.81970442,2941.37651926,2941.37958824,0.04755053,2703.11964130,0.01998553,0.01998553,22776,70,0
8775.20478133,8775.20497719,2953.23808094,2953.23204581,0.04606454,2703.18876772,0.01998553,0.01998553,22775,70,0
8775.59036087,8775.59028379,2965.12041610,2965.12279521,0.04550770,2703.25578357,0.01998553,0.01998553,22774,70,0
8775.97551404,8775.97562422,2977.02360947,2977.02020289,0.05153721,2703.32049708,0.01998553,0.01998553,22773,70,0
8776.36085697,8776.36099850,2988.94866914,2988.94428569,0.04847658,2703.38300704,0.01998553,0.01998553,22772,70,0
8776.74653912,8776.74640663,3000.89660063,3000.90071173,0.04956686,2703.44332545,0.01998553,0.01998553,22771,70,0
8777.13226262,8777.13184860,3012.86764739,3012.88051770,0.05023524,2703.50139030,0.01998553,0.01998553,22770,70,0
8777.51732244,8777.51732443,3024.86147626,3024.86141403,0.04999915,2703.55708603,0.01998553,0.01998553,22769,70,0
8777.90323782,8777.90283412,3036.87779787,3036.89039238,0.04368441,2703.61061618,0.01998553,0.01998553,22768,70,0
8778.28881211,8778.28837768,3048.91687768,3048.93045581,0.04997019,2703.66179820,0.01998553,0.01998553,22767,70,0
8778.67406629,8778.67395510,3060.97928082,3060.98276257,0.05163249,2703.71062975,0.01998553,0.01998553,22766,70,0
8779.05935245,8779.05956639,3073.06534583,3073.05863403,0.04662314,2703.75714572,0.01998553,0.01998553,22765,70,0
8779.44546035,8779.44521157,3085.17406680,3085.18188478,0.04550811,2703.80141627,0.01998553,0.01998553,22764,70,0
8779.83067877,8779.83089062,3097.30394709,3097.29727909,0.04473245,2703.84322751,0.01998553,0.01998553,22763,70,0
8780.21640006,8780.21660356,3109.45415921,3109.44774367,0.03957588,2703.88271911,0.01998553,0.01998553,22762,70,0
8780.60305315,8780.60235039,3121.62630592,3121.64850187,0.04957906,2703.91991446,0.01998553,0.01998553,22761,70,0
8780.98771233,8780.98813111,3133.82254415,3133.80929132,0.05024501,2703.95453496,0.01998553,0.01998553,22760,70,0
8781.37392770,8781.37394574,3146.04409321,3146.04352115,0.04723567,2703.98689302,0.01998553,0.01998553,22759,70,0
8781.75958137,8781.75979427,3158.29011740,3158.28335436,0.04190746,2704.01678491,0.01998553,0.01998553,22758,70,0
8782.14534487,8782.14567671,3170.55952455,3170.54896434,0.04937026,2704.04425004,0.01998553,0.01998553,22757,70,0
8782.53138132,8782.53159306,3182.85204007,3182.84528960,0.04645067,2704.06928191,0.01998553,0.01998553,22756,70,0
8782.91756463,8782.91754332,3195.16845925,3195.16913984,0.04898597,2704.09185588,0.01998553,0.01998553,22755,70,0
8783.30361372,8783.30352752,3207.50959906,3207.51235808,0.04963001,2704.11194233,0.01998553,0.01998553,22754,70,0
8783.68972931,8783.68954563,3219.87543375,3219.88132335,0.04821984,2704.12953742,0.01998553,0.01998553,22753,70,0
8784.07522501,8784.07559768,3232.26529142,3232.25332012,0.04759023,2704.14459966,0.01998553,0.01998553,22752,70,0
8784.46161019,8784.46168366,3244.67863106,3244.67626669,0.04950965,2704.15717038,0.01998553,0.01998553,22751,70,0
8784.84754861,8784.84780359,3257.11596220,3257.10774151,0.04520064,2704.16718795,0.01998553,0.01998553,22750,70,0
8785.23331932,8785.23395745,3269.57824113,3269.55762655,0.04563772,2704.17465162,0.01998553,0.01998553,22749,70,0
8785.62010512,8785.62014527,3282.06620927,3282.06490975,0.05039707,2704.17956088,0.01998553,0.01998553,22748,70,0
8786.00648395,8786.00636704,3294.57985606,3294.58364784,0.04721726,2704.18187592,0.01998553,0.01998553,22747,70,0
8786.39225930,8786.39262277,3307.11901205,3307.10720138,0.05113663,2704.18159005,0.01998553,0.01998553,22746,70,0
8786.77929085,8786.77891246,3319.68353143,3319.69585099,0.04823019,2704.17867967,0.01998553,0.01998553,22745,70,0
8787.16572358,8787.16523611,3332.27330923,3332.28921030,0.04831880,2704.17313649,0.01998553,0.01998553,22744,70,0
8787.55239494,8787.55159374,3344.88827983,3344.91446518,0.04909311,2704.16493667,0.01998553,0.01998553,22743,70,0
8787.93795480,8787.93798534,3357.52898801,3357.52798774,0.03883693,2704.15410177,0.01998553,0.01998553,22742,70,0
8788.32447036,8788.32441093,3370.19648822,3370.19843844,0.03916497,2704.14055819,0.01998553,0.01998553,22741,70,0
8788.71063963,8788.71087050,3382.89165821,3382.88406624,0.04673888,2704.12432738,0.01998553,0.01998553,22740,70,0
8789.09718751,8789.09736406,3395.61411692,3395.60829956,0.04648236,2704.10536193,0.01998553,0.01998553,22739,70,0
8789.48402189,8789.48389161,3408.36299196,3408.36729325,0.04350345,2704.08364386,0.01998553,0.01998553,22738,70,0
8789.87003957,8789.87045316,3421.13774018,3421.12405899,0.04728296,2704.05922536,0.01998553,0.01998553,22737,70,0
8790.25676548,8790.25704871,3433.93868862,3433.92930101,0.04603693,2704.03199419,0.01998553,0.01998553,22736,70,0
8790.64376589,8790.64367827,3446.76630894,3446.76921887,0.04864004,2704.00195268,0.01998553,0.01998553,22735,70,0
8791.03019505,8791.03034184,3459.62113386,3459.61624861,0.04587690,2703.96915150,0.01998553,0.01998553,22734,70,0
8791.41683956,8791.41703943,3472.50376383,3472.49709810,0.04206037,2703.93350885,0.01998553,0.01998553,22733,70,0
8791.80429089,8791.80377104,3485.41471207,3485.43208556,0.04038724,2703.89493974,0.01998553,0.01998553,22732,70,0
8792.19034600,8792.19053667,3498.35374426,3498.34735885,0.04233037,2703.85365281,0.01998553,0.01998553,22731,70,0
8792.57750614,8792.57733634,3511.32027186,3511.32596967,0.04252642,2703.80936796,0.01998553,0.01998553,22730,70,0
8792.96410898,8792.96417004,3524.31369232,3524.31163944,0.04010566,2703.76225395,0.01998553,0.01998553,22729,70,0
8793.35082134,8793.35103777,3537.33338383,3537.32609297,0.04802255,2703.71221981,0.01998553,0.01998553,22728,70,0
8793.73797259,8793.73793955,3550.37878907,3550.37990407,0.04712098,2703.65920223,0.01998553,0.01998553,22727,70,0
8794.12517155,8794.12487538,3563.45120126,3563.46121794,0.04303876,2703.60322703,0.01998553,0.01998553,22726,70,0
8794.51122353,8794.51184526,3576.55386972,3576.53279279,0.04169390,2703.54444722,0.01998553,0.01998553,22725,70,0
8794.89884095,8794.89884920,3589.68944490,3589.68916455,0.04429418,2703.48241259,0.01998553,0.01998553,22724,70,0
8795.28570853,8795.28588720,3602.85606497,3602.84998050,0.04263381,2703.41747218,0.01998553,0.01998553,22723,70,0
8795.67227319,8795.67295926,3616.05011891,3616.02671132,0.04317432,2703.34956213,0.01998553,0.01998553,22722,70,0
8796.05985959,8796.06006540,3629.27049797,3629.26346193,0.04405651,2703.27842951,0.01998553,0.01998553,22721,70,0
8796.44724829,8796.44720560,3642.52115724,3642.52262001,0.03308945,2703.20424861,0.01998553,0.01998553,22720,70,0
8796.83512471,8796.83437989,3655.80631960,3655.83190928,0.04428524,2703.12683966,0.01998553,0.01998553,22719,70,0
8797.22184687,8797.22158827,3669.12538772,3669.13429307,0.04460228,2703.04651943,0.01998553,0.01998553,22718,70,0
8797.60951511,8797.60883073,3682.47440546,3682.49802062,0.03876580,2702.96285706,0.01998553,0.01998553,22717,70,0
8797.99628697,8797.99610728,3695.85074480,3695.85695754,0.04238386,2702.87624708,0.01998553,0.01998553,22716,70,0
8798.38291953,8798.38341793,3709.25658278,3709.23931236,0.04290101,2702.78649976,0.01998553,0.01998553,22715,70,0
8798.77117379,8798.77076268,3722.69502749,3722.70930757,0.04594035,2702.69314648,0.01998553,0.01998553,22714,70,0
8799.15859393,8799.15814154,3736.16662918,3736.18237962,0.04676183,2702.59674212,0.01998553,0.01998553,22713,70,0
8799.54520370,8799.54555451,3749.66928878,3749.65704897,0.04743965,2702.49729504,0.01998553,0.01998553,22712,70,0
8799.93342859,8799.93300160,3763.20122710,3763.21615576,0.04551352,2702.39416409,0.01998553,0.01998553,22711,70,0
8800.31996669,8800.32048280,3776.76289468,3776.74481156,0.04749634,2702.28820414,0.01998553,0.01998553,22710,70,0
8800.70827119,8800.70799813,3790.35541598,3790.36500456,0.04343207,2702.17843829,0.01998553,0.01998553,22709,70,0
8801.09580533,8801.09554759,3803.97961111,3803.98868229,0.04474914,2702.06554308,0.01998553,0.01998553,22708,70,0
8801.48335028,8801.48313118,3817.63589709,3817.64362574,0.04529747,2701.94927572,0.01998553,0.01998553,22707,70,0
8801.87132567,8801.87074891,3831.32461301,3831.34500456,0.04392206,2701.82947970,0.01998553,0.01998553,22706,70,0
8802.25898481,8802.25840078,3845.04578030,3845.06647579,0.04363586,2701.70636176,0.01998553,0.01998553,22705,70,0
8802.64627831,8802.64608680,3858.79932569,3858.80612752,0.04207104,2701.57992515,0.01998553,0.01998553,22704,70,0
8803.03407121,8803.03380697,3872.58614199,3872.59554959,0.04470290,2701.44985497,0.01998553,0.01998553,22703,70,0
8803.42107118,8803.42156130,3886.40849141,3886.39099761,0.03909667,2701.31654377,0.01998553,0.01998553,22702,70,0
8803.80893393,8803.80934978,3900.26813832,3900.25325680,0.04448758,2701.17937813,0.01998553,0.01998553,22701,70,0
8804.19708703,8804.19717244,3914.16322747,3914.16016403,0.04550811,2701.03853779,0.01998553,0.01998553,22700,70,0
8804.58535653,8804.58502926,3928.09065691,3928.10242137,0.03727284,2700.89408816,0.01998553,0.01998553,22699,70,0
8804.97321548,8804.97292025,3942.05059045,3942.06122831,0.04588373,2700.74620503,0.01998553,0.01998553,22698,70,0
8805.36062869,8805.36084543,3956.04748295,3956.03965199,0.04004699,2700.59484241,0.01998553,0.01998553,22697,70,0
8805.74877085,8805.74880479,3970.08458822,3970.08335866,0.04302294,2700.43947510,0.01998553,0.01998553,22696,70,0
8806.13650720,8806.13679833,3984.15776112,3984.14718965,0.04703412,2700.28057172,0.01998553,0.01998553,22695,70,0
8806.52405858,8806.52482607,3998.26084477,3998.23292334,0.04010941,2700.11809644,0.01998553,0.01998553,22694,70,0
8806.91262757,8806.91288801,4012.39433230,4012.38483568,0.03914154,2699.95150644,0.01998553,0.01998553,22693,70,0
8807.30098333,8807.30098414,4026.56560760,4026.56557789,0.04380877,2699.78120668,0.01998553,0.01998553,22692,70,0
8807.68922431,8807.68911448,4040.77981396,4040.78384181,0.04360161,2699.60706817,0.01998553,0.01998553,22691,70,0
8808.07633885,8808.07727903,4055.03327904,4054.99871374,0.04226552,2699.42957889,0.01998553,0.01998553,22690,70,0
8808.46489861,8808.46547780,4069.32078293,4069.29944275,0.04024223,2699.24759394,0.01998553,0.01998553,22689,70,0
8808.85419891,8808.85371079,4083.64163989,4083.65966662,0.04376425,2699.06139553,0.01998553,0.01998553,22688,70,0
nan,nan,0.00000000,-1.00000000,0.00000000,2698.91190560,nan,0.00000000,-2147483648,70,1
nan,nan,0.00000000,-1.00000000,0.00000000,2705.49335443,nan,0.00000000,-2147483648,69,1
8785.23446357,8785.23395745,13.30000132,13.31086257,0.04665050,2705.94850890,0.01998553,0.01998553,22749,69,0
8785.62033425,8785.62014527,21.59104591,21.59510485,0.04110550,2706.40103872,0.01998553,0.01998553,22748,69,0
8786.00528788,8786.00636704,29.88972594,29.86652839,0.05078508,2706.85170653,0.01998553,0.01998553,22747,69,0
8786.39307197,8786.39262277,38.19617774,38.20584205,0.05697047,2707.30489850,0.01998553,0.01998553,22746,69,0
8786.77924024,8786.77891246,46.51032530,46.51738304,0.04251910,2707.75540784,0.01998553,0.01998553,22745,69,0
8787.16497588,8787.16523611,54.83181197,54.82620430,0.04041676,2708.20459932,0.01998553,0.01998553,22744,69,0
8787.55311382,8787.55159374,63.16026010,63.19303912,0.05415903,2708.65574500,0.01998553,0.01998553,22743,69,0
8787.93877928,8787.93798534,71.49529245,71.51242470,0.04605069,2709.10315638,0.01998553,0.01998553,22742,69,0
8788.32467754,8788.32441093,79.83679477,79.84255203,0.05043307,2709.54997111,0.01998553,0.01998553,22741,69,0
8788.71020847,8788.71087050,88.18515164,88.17084486,0.05900186,2709.99551312,0.01998553,0.01998553,22740,69,0
8789.09734000,8789.09736406,96.54080499,96.54028464,0.03974068,2710.44207386,0.01998553,0.01998553,22739,69,0
8789.48290838,8789.48389161,104.90419882,104.88291532,0.04916043,2710.88602480,0.01998553,0.01998553,22738,69,0
8789.87076894,8789.87045316,113.27564449,113.28248611,0.04762386,2711.33181662,0.01998553,0.01998553,22737,69,0
8790.25682708,8790.25704871,121.65509969,121.65029387,0.03883425,2711.77473660,0.01998553,0.01998553,22736,69,0
8790.64342910,8790.64367827,130.04246415,130.03705651,0.05554965,2712.21747241,0.01998553,0.01998553,22735,69,0
8791.03040673,8791.03034184,138.43763700,138.43904648,0.04291647,2712.65982040,0.01998553,0.01998553,22734,69,0
8791.41692587,8791.41703943,146.84050548,146.83803671,0.04165705,2713.10081871,0.01998553,0.01998553,22733,69,0
8791.80450836,8791.80377104,155.25091566,155.26695678,0.04981914,2713.54219101,0.01998553,0.01998553,22732,69,0
8792.18947397,8792.19053667,163.66870374,163.64556541,0.04907286,2713.97974023,0.01998553,0.01998553,22731,69,0
8792.57773314,8792.57733634,172.09370498,172.10235106,0.05195264,2714.42017078,0.01998553,0.01998553,22730,69,0
8792.96361943,8792.96417004,180.52583704,180.51383032,0.04282698,2714.85704498,0.01998553,0.01998553,22729,69,0
8793.35063933,8793.35103777,188.96540506,188.95670941,0.04805342,2715.29435015,0.01998553,0.01998553,22728,69,0
8793.73835602,8793.73793955,197.41282869,197.42192562,0.04427016,2715.73160577,0.01998553,0.01998553,22727,69,0
8794.12490165,8794.12487538,205.86852988,205.86910428,0.04831331,2716.16672582,0.01998553,0.01998553,22726,69,0
8794.51089014,8794.51184526,214.33283695,214.31193571,0.04632053,2716.60042065,0.01998553,0.01998553,22725,69,0
8794.89885076,8794.89884920,222.80552129,222.80555556,0.04871184,2717.03551294,0.01998553,0.01998553,22724,69,0
8795.28543163,8795.28588720,231.28615126,231.27616505,0.05209682,2717.46821671,0.01998553,0.01998553,22723,69,0
8795.67307467,8795.67295926,239.77429252,239.77682436,0.04500478,2717.90124129,0.01998553,0.01998553,22722,69,0
8796.05991199,8796.06006540,248.26957917,248.26621127,0.05272723,2718.33247808,0.01998553,0.01998553,22721,69,0
8796.44643141,8796.44720560,256.77213814,256.75512826,0.03965062,2718.76247870,0.01998553,0.01998553,22720,69,0
8796.83474291,8796.83437989,265.28230818,265.29029058,0.04707723,2719.19360002,0.01998553,0.01998553,22719,69,0
8797.22117892,8797.22158827,273.80043069,273.79142166,0.04354053,2719.62178492,0.01998553,0.01998553,22718,69,0
8797.60919677,8797.60883073,282.32682042,282.33488374,0.04657886,2720.05087819,0.01998553,0.01998553,22717,69,0
8797.99561775,8797.99610728,290.86156464,290.85077170,0.04668785,2720.47736608,0.01998553,0.01998553,22716,69,0
8798.38321716,8798.38341793,299.40464078,299.40021044,0.04819627,2720.90430887,0.01998553,0.01998553,22715,69,0
8798.77176096,8798.77076268,307.95602544,307.97807406,0.05874624,2721.33143761,0.01998553,0.01998553,22714,69,0
8799.15921645,8799.15814154,316.51569971,316.53946180,0.04024663,2721.75651428,0.01998553,0.01998553,22713,69,0
8799.54551369,8799.54555451,325.08368566,325.08278258,0.05506495,2722.17946770,0.01998553,0.01998553,22712,69,0
8799.93362812,8799.93300160,333.66002684,333.67390150,0.04092342,2722.60355258,0.01998553,0.01998553,22711,69,0
8800.32094555,8800.32048280,342.24476719,342.25502421,0.04514686,2723.02590824,0.01998553,0.01998553,22710,69,0
8800.70818525,8800.70799813,350.83793609,350.84208724,0.04672453,2723.44732028,0.01998553,0.01998553,22709,69,0
8801.09552560,8801.09554759,359.43942747,359.43893918,0.04720608,2723.86797453,0.01998553,0.01998553,22708,69,0
8801.48332724,8801.48313118,368.04906162,368.05341859,0.05069005,2724.28824898,0.01998553,0.01998553,22707,69,0
8801.87096982,8801.87074891,376.66665706,376.67157044,0.04496880,2724.70745854,0.01998553,0.01998553,22706,69,0
8802.25837797,8802.25840078,385.29205824,385.29155048,0.04580990,2725.12551269,0.01998553,0.01998553,22705,69,0
8802.64652886,8802.64608680,393.92535396,393.93520228,0.05439766,2725.54346561,0.01998553,0.01998553,22704,69,0
8803.03409308,8803.03380697,402.56676464,402.57314408,0.04337334,2725.95989304,0.01998553,0.01998553,22703,69,0
8803.42196156,8803.42156130,411.21651314,411.22544593,0.04891446,2726.37576104,0.01998553,0.01998553,22702,69,0
8803.80902034,8803.80934978,419.87480497,419.86744611,0.05321670,2726.78988370,0.01998553,0.01998553,22701,69,0
8804.19728303,8804.19717244,428.54168681,428.54415929,0.04249601,2727.20441318,0.01998553,0.01998553,22700,69,0
8804.58611059,8804.58502926,437.21712414,437.24132181,0.04671764,2727.61865638,0.01998553,0.01998553,22699,69,0
8804.97311100,8804.97292025,445.90108158,445.90535390,0.05445808,2728.03006442,0.01998553,0.01998553,22698,69,0
8805.36059277,8805.36084543,454.59352724,454.58786325,0.04873913,2728.44109140,0.01998553,0.01998553,22697,69,0
8805.74943045,8805.74880479,463.29445766,463.30849599,0.04665942,2728.85265540,0.01998553,0.01998553,22696,69,0
8806.13686252,8806.13679833,472.00388263,472.00532416,0.04837973,2729.26183097,0.01998553,0.01998553,22695,69,0
8806.52476661,8806.52482607,480.72181204,480.72047564,0.03682642,2729.67060174,0.01998553,0.01998553,22694,69,0
8806.91188153,8806.91288801,489.44823022,489.42558748,0.04554684,2730.07763593,0.01998553,0.01998553,22693,69,0
8807.30097232,8807.30098414,498.18295207,498.18268602,0.04756819,2730.48582493,0.01998553,0.01998553,22692,69,0
8807.68893489,8807.68911448,506.92572274,506.92167576,0.05507488,2730.89189437,0.01998553,0.01998553,22691,69,0
8808.07689264,8808.07727903,515.67628564,515.66757159,0.04217037,2731.29700939,0.01998553,0.01998553,22690,69,0
8808.46512549,8808.46547780,524.43450604,524.42655423,0.04532086,2731.70145225,0.01998553,0.01998553,22689,69,0
8808.85401496,8808.85371079,533.20091863,533.20779012,0.04505368,2732.10563881,0.01998553,0.01998553,22688,69,0
8809.24244763,8809.24197800,541.97628767,541.98690733,0.05102651,2732.50844317,0.01998553,0.01998553,22687,69,0
8809.63035762,8809.63027944,550.76138212,550.76315182,0.03883112,2732.90983218,0.01998553,0.01998553,22686,69,0
8810.01824115,8810.01861511,559.55671306,559.54823892,0.04579432,2733.31034067,0.01998553,0.01998553,22685,69,0
8810.40645942,8810.40698502,568.36167064,568.34974900,0.04527314,2733.71030901,0.01998553,0.01998553,22684,69,0
8810.79491921,8810.79538917,577.17534051,577.16467170,0.04425555,2734.10959418,0.01998553,0.01998553,22683,69,0
8811.18382245,8811.18382757,585.99680287,585.99668659,0.04940362,2734.50835645,0.01998553,0.01998553,22682,69,0
8811.57253493,8811.57230022,594.82550695,594.83084320,0.05400477,2734.90591693,0.01998553,0.01998553,22681,69,0
8811.96036830,8811.96080712,603.66211075,603.65212533,0.04682243,2735.30160252,0.01998553,0.01998553,22680,69,0
8812.34934686,8812.34934829,612.50752092,612.50748852,0.04253540,2735.69751511,0.01998553,0.01998553,22679,69,0
8812.73790128,8812.73792372,621.36264794,621.36213635,0.04390716,2736.09209196,0.01998553,0.01998553,22678,69,0
8813.12652363,8813.12653342,630.22794712,630.22772371,0.04765471,2736.48585050,0.01998553,0.01998553,22677,69,0
8813.51503520,8813.51517739,639.10278903,639.09954057,0.05146447,2736.87857806,0.01998553,0.01998553,22676,69,0
8813.90351984,8813.90385564,647.98638356,647.97870534,0.05142143,2737.27032147,0.01998553,0.01998553,22675,69,0
8814.29338886,8814.29256817,656.87794376,656.89672361,0.04850016,2737.66246082,0.01998553,0.01998553,22674,69,0
8814.68060574,8814.68131500,665.77727801,665.76103472,0.04100032,2738.05092968,0.01998553,0.01998553,22673,69,0
8815.06948112,8815.07009611,674.68519960,674.67110209,0.05047614,2738.44008902,0.01998553,0.01998553,22672,69,0
8815.45893781,8815.45891152,683.60262284,683.60322597,0.04383488,2738.82888899,0.01998553,0.01998553,22671,69,0
8815.84802310,8815.84776123,692.53044140,692.53645716,0.04396634,2739.21641288,0.01998553,0.01998553,22670,69,0
8816.23652640,8816.23664525,701.46875651,701.46602337,0.04153531,2739.60245456,0.01998553,0.01998553,22669,69,0
8816.62562249,8816.62556358,710.41674507,710.41810113,0.04652289,2739.98814181,0.01998553,0.01998553,22668,69,0
8817.01482083,8817.01451622,719.37352717,719.38054464,0.04397776,2740.37294433,0.01998553,0.01998553,22667,69,0
8817.40361135,8817.40350318,728.33827598,728.34076989,0.04473234,2740.75632032,0.01998553,0.01998553,22666,69,0
8817.79230273,8817.79252447,737.31104203,737.30592553,0.04398968,2741.13857536,0.01998553,0.01998553,22665,69,0
8818.18201657,8818.18158008,746.29255907,746.30264031,0.04443367,2741.52083701,0.01998553,0.01998553,22664,69,0
8818.57136917,8818.57067003,755.28358313,755.29974695,0.04555558,2741.90177416,0.01998553,0.01998553,22663,69,0
8818.96008849,8818.95979431,764.28479060,764.29159916,0.04556276,2742.28114915,0.01998553,0.01998553,22662,69,0
8819.34886213,8819.34895294,773.29617070,773.29406693,0.04283978,2742.65963065,0.01998553,0.01998553,22661,69,0
8819.73948974,8819.73814591,782.31737359,782.34853765,0.04262823,2743.03894495,0.01998553,0.01998553,22660,69,0
8820.12759666,8820.12737324,791.34804485,791.35323090,0.04325113,2743.41482802,0.01998553,0.01998553,22659,69,0
8820.51711947,8820.51663492,800.38790619,800.39916427,0.04615610,2743.79108141,0.01998553,0.01998553,22658,69,0
8820.90601602,8820.90593096,809.43703855,809.43901671,0.04449276,2744.16572930,0.01998553,0.01998553,22657,69,0
8821.29599660,8821.29526136,818.49562729,818.51274235,0.04227671,2744.54042159,0.01998553,0.01998553,22656,69,0
8821.68456260,8821.68462614,827.56385877,827.56237832,0.04132313,2744.91276285,0.01998553,0.01998553,22655,69,0
8822.07354755,8822.07402529,836.64186677,836.63072376,0.05414360,2745.28451553,0.01998552,0.01998553,22654,69,0
8822.46316795,8822.46345882,845.72964880,845.72285794,0.03597039,2745.65587858,0.01998552,0.01998553,22653,69,0
8822.85208531,8822.85292673,854.82718084,854.80751665,0.05334173,2746.02557164,0.01998552,0.01998553,22652,69,0
8823.24237533,8823.24242902,863.93444248,863.93318642,0.05464653,2746.39556056,0.01998553,0.01998553,22651,69,0
8823.63168754,8823.63196571,873.05159337,873.04507931,0.04837744,2746.76361818,0.01998552,0.01998553,22650,69,0
8824.02130887,8824.02153680,882.17904861,882.17370533,0.04537591,2747.13097650,0.01998552,0.01998553,22649,69,0
8824.41159232,8824.41114229,891.31724512,891.32780660,0.04363825,2747.49797806,0.01998553,0.01998553,22648,69,0
8824.80147952,8824.80078218,900.46657414,900.48295774,0.04056817,2747.86363790,0.01998553,0.01998553,22647,69,0
8825.19021534,8825.19045649,909.62670181,909.62103009,0.04999644,2748.22723585,0.01998553,0.01998553,22646,69,0
8825.57991568,8825.58016521,918.79673047,918.79085618,0.05451628,2748.59071189,0.01998553,0.01998553,22645,69,0
8825.97038138,8825.96990835,927.97574211,927.98688719,0.05277158,2748.95383320,0.01998553,0.01998553,22644,69,0
8826.35955241,8826.35968591,937.16300388,937.15985578,0.04782655,2749.31465392,0.01998553,0.01998553,22643,69,0
8826.74973768,8826.74949791,946.35900391,946.36466292,0.04237554,2749.67533189,0.01998553,0.01998553,22642,69,0
8827.13912882,8827.13934433,955.56471737,955.55962567,0.05281737,2750.03422908,0.01998553,0.01998553,22641,69,0
8827.52932109,8827.52922520,964.78112659,964.78339466,0.05168896,2750.39285005,0.01998553,0.01998553,22640,69,0
8827.91941746,8827.91914050,974.00882783,974.01538597,0.04927961,2750.75038634,0.01998553,0.01998553,22639,69,0
8828.30949018,8828.30909026,983.24727478,983.25675439,0.04677076,2751.10687890,0.01998553,0.01998553,22638,69,0
8828.69974206,8828.69907446,992.49570932,992.51154882,0.04926675,2751.46247900,0.01998553,0.01998553,22637,69,0
8829.08940408,8829.08909312,1001.75338089,1001.76076522,0.05224341,2751.81645490,0.01998553,0.01998553,22636,69,0
8829.47967365,8829.47914624,1011.02007941,1011.03261499,0.04528971,2752.16988263,0.01998553,0.01998553,22635,69,0
8829.86925566,8829.86923383,1020.29633632,1020.29685562,0.04337145,2752.52160623,0.01998553,0.01998553,22634,69,0
8830.25935172,8830.25935589,1029.58273980,1029.58264058,0.05031546,2752.87272959,0.01998553,0.01998553,22633,69,0
8830.65065709,8830.64951242,1038.87983446,1038.90712564,0.04959861,2753.22388787,0.01998553,0.01998553,22632,69,0
8831.04033935,8831.03970343,1048.18763037,1048.20280775,0.04661234,2753.57253688,0.01998553,0.01998553,22631,69,0
8831.43060779,8831.42992893,1057.50579668,1057.52201528,0.05075296,2753.92064075,0.01998553,0.01998553,22630,69,0
8831.82060704,8831.82018891,1066.83399487,1066.84399408,0.05603559,2754.26741845,0.01998553,0.01998553,22629,69,0
8832.21068840,8832.21048338,1076.17196189,1076.17686942,0.04464607,2754.61316935,0.01998553,0.01998553,22628,69,0
8832.60050116,8832.60081236,1085.51976308,1085.51230677,0.04854711,2754.95758183,0.01998553,0.01998553,22627,69,0
8832.99172686,8832.99117583,1094.87755181,1094.89076762,0.04993695,2755.30213837,0.01998553,0.01998553,22626,69,0
8833.38202176,8833.38157381,1104.24548444,1104.25623869,0.04543869,2755.64477439,0.01998553,0.01998553,22625,69,0
8833.77219461,8833.77200631,1113.62386883,1113.62839441,0.04849884,2755.98621139,0.01998553,0.01998553,22624,69,0
8834.16289386,8834.16247331,1123.01326883,1123.02338713,0.05006406,2756.32703122,0.01998553,0.01998553,22623,69,0
8834.55348647,8834.55297484,1132.41427647,1132.42660070,0.04327191,2756.66669671,0.01998553,0.01998553,22622,69,0
8834.94384349,8834.94351090,1141.82742122,1141.83544250,0.05351684,2757.00511123,0.01998553,0.01998553,22621,69,0
8835.33332112,8835.33408148,1151.25237928,1151.23402081,0.04013422,2757.34170451,0.01998552,0.01998553,22620,69,0
8835.72481622,8835.72468660,1160.68822930,1160.69136221,0.05142968,2757.67893757,0.01998553,0.01998553,22619,69,0
8836.11518430,8836.11532625,1170.13403154,1170.13059762,0.04568651,2758.01406017,0.01998553,0.01998553,22618,69,0
8836.50621743,8836.50600045,1179.58915882,1179.59441263,0.04842562,2758.34858651,0.01998553,0.01998553,22617,69,0
8836.89617543,8836.89670920,1189.05429039,1189.04135277,0.04433666,2758.68104969,0.01998552,0.01998553,22616,69,0
8837.28760304,8837.28745250,1198.53044674,1198.53409965,0.05116485,2759.01364912,0.01998553,0.01998553,22615,69,0
8837.67883653,8837.67823035,1208.01864232,1208.03336959,0.05016821,2759.34499642,0.01998553,0.01998553,22614,69,0
8838.06932539,8838.06904277,1217.51924067,1217.52611518,0.04730331,2759.67463670,0.01998553,0.01998553,22613,69,0
8838.45984019,8838.45988976,1227.03165398,1227.03044693,0.04807785,2760.00319788,0.01998552,0.01998553,22612,69,0
8838.85118253,8838.85077131,1236.55521552,1236.56523971,0.04520695,2760.33132284,0.01998553,0.01998553,22611,69,0
8839.24135844,8839.24168744,1246.08932590,1246.08129786,0.04824329,2760.65731605,0.01998552,0.01998553,22610,69,0
8839.63247258,8839.63263815,1255.63402751,1255.62998303,0.04565268,2760.98293397,0.01998552,0.01998553,22609,69,0
8840.02310778,8840.02362345,1265.18970396,1265.17709411,0.04454612,2761.30700322,0.01998552,0.01998553,22608,69,0
8840.41437554,8840.41464333,1274.75674433,1274.75018860,0.05030590,2761.63045371,0.01998552,0.01998553,22607,69,0
8840.80582390,8840.80569781,1284.33541509,1284.33850519,0.04066116,2761.95291234,0.01998553,0.01998553,22606,69,0
8841.19680964,8841.19678689,1293.92565191,1293.92621006,0.04977444,2762.27384336,0.01998553,0.01998553,22605,69,0
8841.58734293,8841.58791057,1303.52733540,1303.51339280,0.04768531,2762.59325025,0.01998552,0.01998553,22604,69,0
8841.97917901,8841.97906885,1313.14034418,1313.14305285,0.04289536,2762.91255587,0.01998553,0.01998553,22603,69,0
8842.36987093,8842.37026175,1322.76453644,1322.75491618,0.04465994,2763.22975598,0.01998552,0.01998553,22602,69,0
8842.76168048,8842.76148927,1332.39975227,1332.40446389,0.03768877,2763.54667700,0.01998553,0.01998553,22601,69,0
8843.15267460,8843.15275141,1342.04582998,1342.04393548,0.05086614,2763.86174397,0.01998553,0.01998553,22600,69,0
8843.54342411,8843.54404817,1351.70272510,1351.68731552,0.04601026,2764.17541562,0.01998552,0.01998553,22599,69,0
8843.93545063,8843.93537956,1361.37089576,1361.37265239,0.04800790,2764.48891888,0.01998553,0.01998553,22598,69,0
8844.32678076,8844.32674559,1371.05093688,1371.05180726,0.04611516,2764.80068722,0.01998552,0.01998553,22597,69,0
8844.71864766,8844.71814626,1380.74343383,1380.75585783,0.04737516,2765.11171740,0.01998553,0.01998553,22596,69,0
8845.10965514,8845.10958158,1390.44850742,1390.45033245,0.05033272,2765.42090106,0.01998552,0.01998553,22595,69,0
8845.50150002,8845.50105154,1400.16570645,1400.17684495,0.04553222,2765.72956022,0.01998553,0.01998553,22594,69,0
8845.89209012,8845.89255616,1409.89454157,1409.88295454,0.05033599,2766.03602811,0.01998552,0.01998553,22593,69,0
8846.28350307,8846.28409543,1419.63458373,1419.61984022,0.05106865,2766.34191841,0.01998552,0.01998553,22592,69,0
8846.67593714,8846.67566937,1429.38576641,1429.39243813,0.05092184,2766.64737045,0.01998553,0.01998553,22591,69,0
8847.06757708,8847.06727797,1439.14815231,1439.15561260,0.04074297,2766.95096735,0.01998553,0.01998552,22590,69,0
8847.45921571,8847.45892125,1448.92181155,1448.92916393,0.04738528,2767.25332474,0.01998553,0.01998552,22589,69,0
8847.85102547,8847.85059920,1458.70716627,1458.71782192,0.04734390,2767.55458299,0.01998553,0.01998552,22588,69,0
8848.24236158,8848.24231184,1468.50515539,1468.50640033,0.05074780,2767.85427128,0.01998552,0.01998552,22587,69,0
8848.63409071,8848.63405916,1478.31676544,1478.31755620,0.05270582,2768.15307803,0.01998552,0.01998552,22586,69,0
8849.02629599,8849.02584117,1488.14273523,1488.15414969,0.04307557,2768.45107893,0.01998553,0.01998552,22585,69,0
8849.41787906,8849.41765788,1497.98217255,1497.98773020,0.04699878,2768.74740681,0.01998552,0.01998552,22584,69,0
8849.80898268,8849.80950928,1507.83353176,1507.82028590,0.04811190,2769.04212271,0.01998552,0.01998552,22583,69,0
8850.20144891,8850.20139540,1517.69527508,1517.69662228,0.04743860,2769.33655940,0.01998552,0.01998552,22582,69,0
8850.59251958,8850.59331621,1527.56698654,1527.54691094,0.04838170,2769.62863101,0.01998552,0.01998552,22581,69,0
8850.98493435,8850.98527175,1537.44993416,1537.44142197,0.04774588,2769.92041685,0.01998552,0.01998552,22580,69,0
8851.37817175,8851.37726200,1547.34553260,1547.36851347,0.04903530,2770.21155510,0.01998553,0.01998552,22579,69,0
8851.76917075,8851.76928697,1557.25496805,1557.25202821,0.05438862,2770.49981506,0.01998552,0.01998552,22578,69,0
8852.16215776,8852.16134668,1567.17800794,1567.19854916,0.05370039,2770.78830070,0.01998553,0.01998552,22577,69,0
8852.55359348,8852.55344111,1577.11389031,1577.11775375,0.04233540,2771.07438379,0.01998552,0.01998552,22576,69,0
8852.94533062,8852.94557028,1587.06186100,1587.05577776,0.05028256,2771.35939712,0.01998552,0.01998552,22575,69,0
8853.33782966,8853.33773419,1597.02171479,1597.02414067,0.04773250,2771.64365922,0.01998552,0.01998552,22574,69,0
8853.72992514,8853.72993285,1606.99396138,1606.99376504,0.04861218,2771.92633328,0.01998552,0.01998552,22573,69,0
8854.12212399,8854.12216626,1616.97916170,1616.97808481,0.04853794,2772.20779644,0.01998552,0.01998552,22572,69,0
8854.51397003,8854.51443443,1626.97775158,1626.96590707,0.04764031,2772.48772880,0.01998552,0.01998552,22571,69,0
8854.90689438,8854.90673735,1636.98957228,1636.99358229,0.04877350,2772.76713867,0.01998552,0.01998552,22570,69,0
8855.29913982,8855.29907504,1647.01429114,1647.01594744,0.04753733,2773.04475924,0.01998552,0.01998552,22569,69,0
8855.69070358,8855.69144750,1657.05159182,1657.03255065,0.04868886,2773.32058083,0.01998552,0.01998552,22568,69,0
8856.08402046,8856.08385473,1667.10155842,1667.10580559,0.05165595,2773.59630966,0.01998552,0.01998552,22567,69,0
8856.47671749,8856.47629674,1677.16466156,1677.17545743,0.04129355,2773.87028345,0.01998552,0.01998552,22566,69,0
8856.86901848,8856.86877353,1687.24139075,1687.24768373,0.05153856,2774.14267061,0.01998552,0.01998552,22565,69,0
8857.26114541,8857.26128511,1697.33201997,1697.32842611,0.04861858,2774.41362918,0.01998552,0.01998552,22564,69,0
8857.65357543,8857.65383149,1707.43616716,1707.42957224,0.04945294,2774.68347163,0.01998552,0.01998552,22563,69,0
8858.04700805,8858.04641266,1717.55332432,1717.56867705,0.04888516,2774.95265254,0.01998553,0.01998552,22562,69,0
8858.43846003,8858.43902863,1727.68303567,1727.66835715,0.04737808,2775.21911792,0.01998552,0.01998552,22561,69,0
8858.83139311,8858.83167940,1737.82544002,1737.81804048,0.04444628,2775.48522466,0.01998552,0.01998552,22560,69,0
8859.22383798,8859.22436499,1747.98103805,1747.96740009,0.04688388,2775.74964099,0.01998552,0.01998552,22559,69,0
8859.61688164,8859.61708540,1758.15033636,1758.14505672,0.05257711,2776.01310567,0.01998552,0.01998552,22558,69,0
8860.01046718,8860.00984062,1768.33361990,1768.34987561,0.05003764,2776.27557558,0.01998553,0.01998552,22557,69,0
8860.40253631,8860.40263067,1778.53079556,1778.52834432,0.04642643,2776.53567420,0.01998552,0.01998552,22556,69,0
8860.79612983,8860.79545555,1788.74173286,1788.75927072,0.04589354,2776.79540892,0.01998553,0.01998552,22555,69,0
8861.18833649,8861.18831526,1798.96630358,1798.96685639,0.04316985,2777.05284820,0.01998552,0.01998552,22554,69,0
8861.58161424,8861.58120981,1809.20439535,1809.21494045,0.05483174,2777.30959783,0.01998552,0.01998552,22553,69,0
8861.97425711,8861.97413921,1819.45590008,1819.45897802,0.04769344,2777.56453273,0.01998552,0.01998552,22552,69,0
8862.36649109,8862.36710345,1829.72072187,1829.70471646,0.04699530,2777.81779654,0.01998552,0.01998552,22551,69,0
8862.75999735,8862.76010254,1839.99898789,1839.99623503,0.05406219,2778.07046699,0.01998552,0.01998552,22550,69,0
8863.15284597,8863.15313650,1850.29101367,1850.28340122,0.04999832,2778.32130284,0.01998552,0.01998552,22549,69,0
8863.54659704,8863.54620531,1860.59712304,1860.60740069,0.04583769,2778.57130019,0.01998552,0.01998552,22548,69,0
8863.93908985,8863.93930899,1870.91764946,1870.91189229,0.05236871,2778.81909038,0.01998552,0.01998552,22547,69,0
8864.33237520,8864.33244754,1881.25294386,1881.25104070,0.05120666,2779.06597208,0.01998552,0.01998552,22546,69,0
8864.72566969,8864.72562097,1891.60336179,1891.60464518,0.04763965,2779.31145054,0.01998552,0.01998552,22545,69,0
8865.11910872,8865.11882928,1901.96910507,1901.97647681,0.05444876,2779.55560688,0.01998552,0.01998552,22544,69,0
8865.51197966,8865.51207247,1912.34951716,1912.34706555,0.05058187,2779.79797848,0.01998552,0.01998552,22543,69,0
8865.90492111,8865.90535055,1922.74364232,1922.73228578,0.04578085,2780.03893294,0.01998552,0.01998552,22542,69,0
8866.29934779,8866.29866353,1933.15059031,1933.16870590,0.05186634,2780.27930195,0.01998553,0.01998552,22541,69,0
8866.69140537,8866.69201141,1943.57065388,1943.55458958,0.04770943,2780.51674216,0.01998552,0.01998552,22540,69,0
8867.08529155,8867.08539419,1954.00509150,1954.00236711,0.05306269,2780.75382105,0.01998552,0.01998552,22539,69,0
8867.47920743,8867.47881188,1964.45519012,1964.46570474,0.04417147,2780.98946740,0.01998552,0.01998552,22538,69,0
8867.87309006,8867.87226448,1974.92139483,1974.94337119,0.05437573,2781.22364583,0.01998553,0.01998552,22537,69,0
8868.26564902,8868.26575200,1985.40263827,1985.39989340,0.04919153,2781.45556521,0.01998552,0.01998552,22536,69,0
8868.65972439,8868.65927444,1995.89768788,1995.90969475,0.04875141,2781.68686796,0.01998553,0.01998552,22535,69,0
8869.05322132,8869.05283181,2006.40561885,2006.41602460,0.05228536,2781.91629225,0.01998552,0.01998552,22534,69,0
8869.44569593,8869.44642411,2016.92677633,2016.90729947,0.05434176,2782.14358988,0.01998552,0.01998552,22533,69,0
8869.84006535,8869.84005135,2027.46182893,2027.46220403,0.04733165,2782.37045303,0.01998552,0.01998552,22532,69,0
8870.23361887,8870.23371353,2038.01145534,2038.00891696,0.05380508,2782.59532365,0.01998552,0.01998552,22531,69,0
8870.62730706,8870.62741065,2048.57638151,2048.57359963,0.04487883,2782.81875697,0.01998552,0.01998552,22530,69,0
8871.02105038,8871.02114272,2059.15736208,2059.15487865,0.04878697,2783.04071496,0.01998552,0.01998552,22529,69,0
8871.41540417,8871.41490975,2069.75513394,2069.76845082,0.04271242,2783.26151413,0.01998552,0.01998552,22528,69,0
8871.80741244,8871.80871174,2080.36981513,2080.33476762,0.04690263,2783.47950343,0.01998552,0.01998552,22527,69,0
8872.20264857,8872.20254869,2091.00086076,2091.00355874,0.05259631,2783.69775743,0.01998552,0.01998552,22526,69,0
8872.59599199,8872.59642062,2101.64769025,2101.63609611,0.04593325,2783.91342085,0.01998552,0.01998552,22525,69,0
8872.99015346,8872.99032751,2112.30987690,2112.30516244,0.05083066,2784.12796982,0.01998552,0.01998552,22524,69,0
8873.38439158,8873.38426939,2122.98730874,2122.99062282,0.05106410,2784.34098552,0.01998552,0.01998552,22523,69,0
8873.77828089,8873.77824624,2133.67991071,2133.68085179,0.04295862,2784.55223058,0.01998552,0.01998552,22522,69,0
8874.17215864,8874.17225809,2144.38772204,2144.38501757,0.04577746,2784.76188118,0.01998552,0.01998552,22521,69,0
8874.56601565,8874.56630492,2155.11122122,2155.10334338,0.04664808,2784.96993423,0.01998552,0.01998552,22520,69,0
8874.96003490,8874.96038676,2165.85099545,2165.84139928,0.05321153,2785.17648884,0.01998552,0.01998552,22519,69,0
8875.35525722,8875.35450359,2176.60755587,2176.62813964,0.04355220,2785.38208384,0.01998552,0.01998552,22518,69,0
8875.74834582,8875.74865543,2187.38083320,2187.37236456,0.04703842,2785.58497924,0.01998552,0.01998552,22517,69,0
8876.14291578,8876.14284229,2198.17050116,2198.17251410,0.04947068,2785.78703032,0.01998552,0.01998552,22516,69,0
8876.53701685,8876.53706416,2208.97622724,2208.97492966,0.05146165,2785.98721774,0.01998552,0.01998552,22515,69,0
8876.93088594,8876.93132105,2219.79764617,2219.78569561,0.05601551,2786.18565131,0.01998552,0.01998552,22514,69,0
8877.32539812,8877.32561296,2230.63436736,2230.62845896,0.04577212,2786.38275424,0.01998552,0.01998552,22513,69,0
8877.72027431,8877.71993990,2241.48601404,2241.49522249,0.04611451,2786.57836614,0.01998552,0.01998552,22512,69,0
8878.11419194,8878.11430188,2252.35277046,2252.34973898,0.04835171,2786.77183125,0.01998552,0.01998552,22511,69,0
8878.50837465,8878.50869890,2263.23548688,2263.22653345,0.04955173,2786.96376210,0.01998552,0.01998552,22510,69,0
8878.90324868,8878.90313096,2274.13505553,2274.13831113,0.04973572,2787.15436746,0.01998552,0.01998552,22509,69,0
8879.29815621,8879.29759807,2285.05202461,2285.06748306,0.05002751,2787.34332592,0.01998552,0.01998552,22508,69,0
8879.69217805,8879.69210023,2295.98630887,2295.98846740,0.05138309,2787.53019255,0.01998552,0.01998552,22507,69,0
8880.08600189,8880.08663745,2306.93775464,2306.92010015,0.04925172,2787.71528881,0.01998552,0.01998552,22506,69,0
8880.48161027,8880.48120973,2317.90612421,2317.91726622,0.05013204,2787.89952339,0.01998552,0.01998552,22505,69,0
8880.87549799,8880.87581708,2328.89095144,2328.88206250,0.04902752,2788.08124702,0.01998552,0.01998552,22504,69,0
8881.27099166,8881.27045950,2339.89172735,2339.90657125,0.05203465,2788.26197825,0.01998552,0.01998552,22503,69,0
8881.66493808,8881.66513700,2350.90823843,2350.90268200,0.05287729,2788.44026398,0.01998552,0.01998552,22502,69,0
8882.06034425,8882.05984958,2361.94148630,2361.95532402,0.04614934,2788.61747341,0.01998552,0.01998552,22501,69,0
8882.45483787,8882.45459725,2372.99279015,2372.99953218,0.04904237,2788.79255170,0.01998552,0.01998552,22500,69,0
8882.84972189,8882.84938000,2384.06321692,2384.07281198,0.05005188,2788.96608759,0.01998552,0.01998552,22499,69,0
8883.24423950,8883.24419785,2395.15231561,2395.15348625,0.04818025,2789.13773124,0.01998552,0.01998552,22498,69,0
8883.63994652,8883.63905080,2406.25908328,2406.28429690,0.04774300,2789.30812884,0.01998552,0.01998552,22497,69,0
8884.03401540,8884.03393886,2417.38261270,2417.38477038,0.04819472,2789.47604282,0.01998552,0.01998552,22496,69,0
8884.42833010,8884.42886202,2428.52283332,2428.50781781,0.04330585,2789.64227542,0.01998552,0.01998552,22495,69,0
8884.82380889,8884.82382030,2439.68007850,2439.67975583,0.05433027,2789.80720016,0.01998552,0.01998552,22494,69,0
8885.21890389,8885.21881370,2450.85472223,2450.85727584,0.05377751,2789.97016251,0.01998552,0.01998552,22493,69,0
8885.61363841,8885.61384222,2462.04751738,2462.04173811,0.04616516,2790.13117862,0.01998552,0.01998552,22492,69,0
8886.00900271,8886.00890587,2473.25945181,2473.26220260,0.04753782,2790.29065475,0.01998552,0.01998552,22491,69,0
8886.40360502,8886.40400465,2484.49142008,2484.48004972,0.04905944,2790.44803255,0.01998552,0.01998552,22490,69,0
8886.79877664,8886.79913857,2495.74284915,2495.73253534,0.05493039,2790.60382555,0.01998552,0.01998552,22489,69,0
8887.19385529,8887.19430763,2507.01207569,2506.99916703,0.04617174,2790.75773627,0.01998552,0.01998552,22488,69,0
8887.58921410,8887.58951184,2518.29748601,2518.28897824,0.04717614,2790.90987748,0.01998552,0.01998552,22487,69,0
8887.98415085,8887.98475120,2529.59904439,2529.58186589,0.05433898,2791.05997066,0.01998552,0.01998552,22486,69,0
8888.37962999,8888.38002572,2540.91807392,2540.90673336,0.04925873,2791.20838994,0.01998552,0.01998552,22485,69,0
8888.77553444,8888.77533539,2552.25591018,2552.26162373,0.04891455,2791.35509206,0.01998552,0.01998552,22484,69,0
8889.17009867,8889.17068023,2563.61298284,2563.59626295,0.05176021,2791.49942446,0.01998552,0.01998552,22483,69,0
8889.56588702,8889.56606025,2574.98885209,2574.98386416,0.05177662,2791.64230993,0.01998552,0.01998552,22482,69,0
8889.96133958,8889.96147544,2586.38305660,2586.37913898,0.04526757,2791.78316291,0.01998552,0.01998552,22481,69,0
8890.35717058,8890.35692580,2597.79554814,2597.80261781,0.05196195,2791.92222676,0.01998552,0.01998552,22480,69,0
8890.75287230,8890.75241136,2609.22670346,2609.24003705,0.04845131,2792.05931564,0.01998552,0.01998552,22479,69,0
8891.14744851,8891.14793210,2620.67692289,2620.66291186,0.05343766,2792.19408792,0.01998552,0.01998552,22478,69,0
8891.54366866,8891.54348803,2632.14663300,2632.15187479,0.04851325,2792.32748005,0.01998552,0.01998552,22477,69,0
8891.93876299,8891.93907917,2643.63628794,2643.62709715,0.05225710,2792.45855003,0.01998552,0.01998552,22476,69,0
8892.33442311,8892.33470550,2655.14633112,2655.13810856,0.05022717,2792.58785694,0.01998552,0.01998552,22475,69,0
8892.72996805,8892.73036705,2666.67680995,2666.66517246,0.05062059,2792.71516399,0.01998552,0.01998552,22474,69,0
8893.12584653,8893.12606381,2678.22735602,2678.22100834,0.04547305,2792.84059852,0.01998552,0.01998552,22473,69,0
8893.52180121,8893.52179578,2689.79759655,2689.79775529,0.05160196,2792.96406064,0.01998552,0.01998552,22472,69,0
8893.91745082,8893.91756298,2701.38758195,2701.38429477,0.04327338,2793.08542259,0.01998552,0.01998552,22471,69,0
8894.31372026,8894.31336540,2712.99778576,2713.00820357,0.05110346,2793.20495932,0.01998552,0.01998552,22470,69,0
8894.70933634,8894.70920306,2724.62866927,2724.63258879,0.04871858,2793.32228013,0.01998552,0.01998552,22469,69,0
8895.10500156,8895.10507595,2736.28002132,2736.27783019,0.04390730,2793.43758416,0.01998552,0.01998552,22468,69,0
8895.50078699,8895.50098408,2747.95101496,2747.94520024,0.04277749,2793.55087120,0.01998552,0.01998552,22467,69,0
8895.89760557,8895.89692746,2759.64086234,2759.66089797,0.04694408,2793.66237485,0.01998552,0.01998552,22466,69,0
8896.29301764,8896.29290609,2771.34987161,2771.35317272,0.04617201,2793.77140459,0.01998552,0.01998552,22465,69,0
8896.68868012,8896.68891998,2783.07923444,2783.07212414,0.04754241,2793.87842615,0.01998552,0.01998552,22464,69,0
8897.08430550,8897.08496912,2794.83010859,2794.81040138,0.05034420,2793.98335861,0.01998552,0.01998552,22463,69,0
8897.48125644,8897.48105353,2806.60279408,2806.60883044,0.05171014,2794.08654335,0.01998552,0.01998552,22462,69,0
8897.87672499,8897.87717321,2818.39700834,2818.38365165,0.04407704,2794.18723670,0.01998552,0.01998552,22461,69,0
8898.27369585,8898.27332816,2830.21247132,2830.22344711,0.04609750,2794.28618360,0.01998552,0.01998552,22460,69,0
8898.66894145,8898.66951839,2842.04905487,2842.03180380,0.04554648,2794.38256798,0.01998552,0.01998552,22459,69,0
8899.06572635,8899.06574390,2853.90671359,2853.90618770,0.04829936,2794.47717473,0.01998552,0.01998552,22458,69,0
8899.46161574,8899.46200471,2865.78536964,2865.77370000,0.04993764,2794.56940516,0.01998552,0.01998552,22457,69,0
8899.85860452,8899.85830080,2877.68472103,2877.69384820,0.05138085,2794.65970774,0.01998552,0.01998552,22456,69,0
8900.25522256,8900.25463219,2889.60436877,2889.62213827,0.04764099,2794.74772691,0.01998552,0.01998552,22455,69,0
8900.65075150,8900.65099889,2901.54413180,2901.53667378,0.05247978,2794.83330217,0.01998552,0.01998552,22454,69,0
8901.04683813,8901.04740089,2913.50491647,2913.48792140,0.04751168,2794.91678861,0.01998552,0.01998552,22453,69,0
8901.44347911,8901.44383820,2925.48797137,2925.47710701,0.04699647,2794.99817212,0.01998552,0.01998552,22452,69,0
8901.83948124,8901.84031083,2937.49413285,2937.46898805,0.04108734,2795.07720080,0.01998552,0.01998552,22451,69,0
8902.23677649,8902.23681878,2949.52281139,2949.52152724,0.04493908,2795.15423716,0.01998552,0.01998552,22450,69,0
8902.63306405,8902.63336206,2961.57311136,2961.56404781,0.05145709,2795.22881374,0.01998552,0.01998552,22449,69,0
8903.03007270,8903.02994067,2973.64468950,2973.64871188,0.04851088,2795.30124329,0.01998552,0.01998552,22448,69,0
8903.42639070,8903.42655461,2985.73846581,2985.73346301,0.05000067,2795.37126047,0.01998552,0.01998552,22447,69,0
8903.82288052,8903.82320390,2997.85553293,2997.84564504,0.04828579,2795.43901477,0.01998552,0.01998552,22446,69,0
8904.21996868,8904.21988853,3009.99642880,3009.99888422,0.04534026,2795.50456116,0.01998552,0.01998552,22445,69,0
8904.61674177,8904.61660850,3022.16085875,3022.16494888,0.04957651,2795.56773044,0.01998552,0.01998552,22444,69,0
8905.01421607,8905.01336384,3034.34847953,3034.37468233,0.04326356,2795.62866499,0.01998552,0.01998552,22443,69,0
8905.41025305,8905.41015453,3046.55941614,3046.56245080,0.04905169,2795.68702996,0.01998552,0.01998552,22442,69,0
8905.80725671,8905.80698058,3058.79424294,3058.80276450,0.04839731,2795.74317217,0.01998552,0.01998552,22441,69,0
8906.20379218,8906.20384201,3071.05343248,3071.05189202,0.04898488,2795.79687165,0.01998552,0.01998552,22440,69,0
8906.60081465,8906.60073880,3083.33618592,3083.33853516,0.04788727,2795.84823937,0.01998552,0.01998552,22439,69,0
8906.99787005,8906.99767098,3095.64095107,3095.64712704,0.04806996,2795.89719133,0.01998552,0.01998552,22438,69,0
8907.39475480,8907.39463854,3107.96662035,3107.97023338,0.04639226,2795.94368603,0.01998552,0.01998552,22437,69,0
8907.79207755,8907.79164148,3120.31459446,3120.32816979,0.04261142,2795.98778419,0.01998552,0.01998552,22436,69,0
8908.18854982,8908.18867982,3132.68712773,3132.68307262,0.04977004,2796.02934014,0.01998552,0.01998552,22435,69,0
8908.58625718,8908.58575355,3145.08569976,3145.10144106,0.04859883,2796.06855810,0.01998552,0.01998552,22434,69,0
8908.98282139,8908.98286269,3157.50955121,3157.50825793,0.04957338,2796.10518433,0.01998552,0.01998552,22433,69,0
8909.38061632,8909.38000723,3169.95753409,3169.97664232,0.04632117,2796.13941834,0.01998552,0.01998552,22432,69,0
8909.77781965,8909.77718719,3182.42927933,3182.44915747,0.04937047,2796.17108122,0.01998552,0.01998552,22431,69,0
8910.17408450,8910.17440256,3194.92559538,3194.91557967,0.04570808,2796.20014673,0.01998552,0.01998552,22430,69,0
8910.57212621,8910.57165335,3207.44733934,3207.46225906,0.04245494,2796.22679222,0.01998552,0.01998552,22429,69,0
8910.96922315,8910.96893956,3219.99450076,3220.00346545,0.04542781,2796.25081138,0.01998552,0.01998552,22428,69,0
8911.36667108,8911.36626121,3232.56637942,3232.57936024,0.04680360,2796.27227106,0.01998552,0.01998552,22427,69,0
8911.76423622,8911.76361829,3245.16242603,3245.18203231,0.04660331,2796.29113755,0.01998552,0.01998552,22426,69,0
8912.16119709,8912.16101081,3257.78320179,3257.78912339,0.05024102,2796.30736663,0.01998552,0.01998552,22425,69,0
8912.55810472,8912.55843878,3270.42970635,3270.41906562,0.04143034,2796.32097247,0.01998552,0.01998552,22424,69,0
8912.95574669,8912.95590219,3283.10266832,3283.09770534,0.04757316,2796.33195935,0.01998552,0.01998552,22423,69,0
8913.35353017,8913.35340106,3295.80204409,3295.80617285,0.04661410,2796.34028509,0.01998552,0.01998552,22422,69,0
8913.75076535,8913.75093539,3308.52765685,3308.52220839,0.04068127,2796.34592220,0.01998552,0.01998552,22421,69,0
8914.14823071,8914.14850518,3321.27935984,3321.27054784,0.04584362,2796.34886795,0.01998552,0.01998552,22420,69,0
8914.54597015,8914.54611044,3334.05704477,3334.05253206,0.04921837,2796.34910058,0.01998552,0.01998552,22419,69,0
8914.94316995,8914.94375117,3346.86068008,3346.84194721,0.04747109,2796.34660543,0.01998552,0.01998552,22418,69,0
8915.34152357,8915.34142738,3359.69096399,3359.69407054,0.04559365,2796.34134816,0.01998552,0.01998552,22417,69,0
8915.73936421,8915.73913907,3372.54901105,3372.55629762,0.04428752,2796.33332579,0.01998552,0.01998552,22416,69,0
8916.13719584,8916.13688625,3385.43557000,3385.44561087,0.04011017,2796.32251464,0.01998552,0.01998552,22415,69,0
8916.53456487,8916.53466892,3398.35003566,3398.34665401,0.04574048,2796.30891393,0.01998552,0.01998552,22414,69,0
8916.93270123,8916.93248709,3411.29150479,3411.29847804,0.04480106,2796.29246112,0.01998552,0.01998552,22413,69,0
8917.33060233,8917.33034076,3424.25962643,3424.26816103,0.04999537,2796.27317458,0.01998552,0.01998552,22412,69,0
8917.72824483,8917.72822993,3437.25482951,3437.25531660,0.04698301,2796.25104223,0.01998552,0.01998552,22411,69,0
8918.12589363,8918.12615462,3450.27761405,3450.26906377,0.04476596,2796.22603295,0.01998552,0.01998552,22410,69,0
8918.52368340,8918.52411482,3463.32856265,3463.31439939,0.05055322,2796.19811693,0.01998552,0.01998552,22409,69,0
8918.92152843,8918.92211054,3476.40830727,3476.38915629,0.04861820,2796.16727758,0.01998552,0.01998552,22408,69,0
8919.31909967,8919.32014179,3489.51721864,3489.48286065,0.04416556,2796.13352247,0.01998552,0.01998552,22407,69,0
8919.71764562,8919.71820857,3502.65484262,3502.63624401,0.05032542,2796.09671941,0.01998552,0.01998552,22406,69,0
8920.11537000,8920.11631088,3515.82055930,3515.78941180,0.04785591,2796.05701506,0.01998552,0.01998552,22405,69,0
8920.51429956,8920.51444874,3529.01373205,3529.00878382,0.04018894,2796.01418573,0.01998552,0.01998552,22404,69,0
8920.91367665,8920.91262213,3542.23370656,3542.26875145,0.04381319,2795.96827755,0.01998552,0.01998552,22403,69,0
8921.31108461,8921.31083108,3555.48026042,3555.48870260,0.04315606,2795.91956805,0.01998552,0.01998552,22402,69,0
8921.70960320,8921.70907558,3568.75585420,3568.77346253,0.04773482,2795.86766137,0.01998552,0.01998552,22401,69,0
8922.10773169,8922.10735564,3582.06396728,3582.07654855,0.04485068,2795.81270993,0.01998552,0.01998552,22400,69,0
8922.50565713,8922.50567126,3595.40571390,3595.40524027,0.04713640,2795.75466751,0.01998552,0.01998552,22399,69,0
8922.90436784,8922.90402245,3608.77779473,3608.78940049,0.04862882,2795.69337534,0.01998552,0.01998552,22398,69,0
8923.30243107,8923.30240921,3622.17687382,3622.17760982,0.04451543,2795.62904738,0.01998552,0.01998552,22397,69,0
8923.70140551,8923.70083155,3635.60463713,3635.62400312,0.04533125,2795.56140096,0.01998552,0.01998552,22396,69,0
8924.09957403,8924.09928947,3649.06582033,3649.07544609,0.04163013,2795.49068045,0.01998552,0.01998552,22395,69,0
8924.49771141,8924.49778298,3662.56307447,3662.56064737,0.04441216,2795.41672018,0.01998552,0.01998552,22394,69,0
8924.89593736,8924.89631209,3676.09319514,3676.08045960,0.04542084,2795.33949063,0.01998552,0.01998552,22393,69,0
8925.29553379,8925.29487679,3689.65221130,3689.67458426,0.04637880,2795.25872615,0.01998552,0.01998552,22392,69,0
8925.69335183,8925.69347709,3703.24015306,3703.23587832,0.04356339,2795.17504744,0.01998552,0.01998552,22391,69,0
8926.09301426,8926.09211299,3716.86027254,3716.89110355,0.05068029,2795.08764969,0.01998552,0.01998552,22390,69,0
8926.49080037,8926.49078451,3730.51482752,3730.51537143,0.04181193,2794.99730884,0.01998552,0.01998552,22389,69,0
8926.88907050,8926.88949165,3744.20230498,3744.18783115,0.04287755,2794.90349247,0.01998552,0.01998552,22388,69,0
8927.28760349,8927.28823440,3757.92046355,3757.89873539,0.04587515,2794.80623572,0.01998552,0.01998552,22387,69,0
8927.68672152,8927.68701278,3771.66882135,3771.65876902,0.05351773,2794.70543062,0.01998552,0.01998552,22386,69,0
8928.08552416,8928.08582679,3785.44849915,3785.43803107,0.05021900,2794.60127061,0.01998552,0.01998552,22385,69,0
8928.48329354,8928.48467644,3799.26053957,3799.21259590,0.04292027,2794.49392971,0.01998552,0.01998552,22384,69,0
8928.88368571,8928.88356172,3813.10546478,3813.10977325,0.04796663,2794.38237264,0.01998552,0.01998552,22383,69,0
8929.28164396,8929.28248265,3826.98367068,3826.95445935,0.04373144,2794.26797852,0.01998552,0.01998552,22382,69,0
8929.68142175,8929.68143923,3840.89529464,3840.89468432,0.04247094,2794.14950715,0.01998552,0.01998552,22381,69,0
8930.08009079,8930.08043147,3854.84024632,3854.82832589,0.04625854,2794.02779307,0.01998552,0.01998552,22380,69,0
8930.47974310,8930.47945936,3868.81896506,3868.82891715,0.04540830,2793.90217059,0.01998552,0.01998552,22379,69,0
8930.87827670,8930.87852292,3882.83358367,3882.82492560,0.04446553,2793.77325739,0.01998552,0.01998552,22378,69,0
8931.27808643,8931.27762214,3896.88635659,3896.90272635,0.04249366,2793.64022833,0.01998552,0.01998552,22377,69,0
8931.67726973,8931.67675704,3910.97634724,3910.99446746,0.04093996,2793.50368826,0.01998552,0.01998552,22376,69,0
8932.07562441,8932.07592762,3925.10029410,3925.08955399,0.04446393,2793.36373162,0.01998552,0.01998552,22375,69,0
8932.47453529,8932.47513387,3939.25710621,3939.23585357,0.03987763,2793.21986141,0.01998552,0.01998552,22374,69,0
8932.87443340,8932.87437582,3953.45097216,3953.45302188,0.04198610,2793.07183148,0.01998552,0.01998552,22373,69,0
8933.27344789,8933.27365346,3967.68604635,3967.67870734,0.04459400,2792.92026012,0.01998552,0.01998552,22372,69,0
8933.67238762,8933.67296680,3981.95933102,3981.93860502,0.04341839,2792.76485585,0.01998552,0.01998552,22371,69,0
8934.07236047,8934.07231584,3996.26424549,3996.26584568,0.03801854,2792.60521832,0.01998552,0.01998552,22370,69,0
8934.47175396,8934.47170058,4010.59970351,4010.60162152,0.04855717,2792.44197278,0.01998552,0.01998552,22369,69,0
8934.87105081,8934.87112104,4024.97303771,4024.97050671,0.04108237,2792.27482185,0.01998552,0.01998552,22368,69,0
8935.26990695,8935.27057721,4039.39039244,4039.36616599,0.03979805,2792.10381490,0.01998552,0.01998552,22367,69,0
8935.67067556,8935.67006911,4053.84870293,4053.87067877,0.03857587,2791.92792437,0.01998552,0.01998552,22366,69,0
8936.06890456,8936.06959673,4068.34240488,4068.31726716,0.04065689,2791.74915149,0.01998552,0.01998552,22365,69,0
8936.46949758,8936.46916008,4082.87030146,4082.88258747,0.04412496,2791.56528515,0.01998552,0.01998552,22364,69,0
nan,nan,0.00000000,-1.00000000,0.00000000,2791.40954539,nan,0.00000000,-2147483648,69,1
nan,nan,0.00000000,-1.00000000,0.00000000,2799.19302320,nan,0.00000000,-2147483648,68,1
8914.54591839,8914.54611044,15.65979795,15.65573417,0.04749703,2799.66618050,0.01998552,0.01998552,22419,68,0
8914.94347604,8914.94375117,24.07751599,24.07168935,0.05384065,2800.12507025,0.01998552,0.01998552,22418,68,0
8915.34194542,8915.34142738,32.50314196,32.51412250,0.04233985,2800.58425421,0.01998552,0.01998552,22417,68,0
8915.73914209,8915.73913907,40.93679133,40.93685531,0.04539479,2801.04121916,0.01998552,0.01998552,22416,68,0
8916.13668985,8916.13688625,49.37825715,49.37408720,0.04849465,2801.49782146,0.01998552,0.01998552,22415,68,0
8916.53544137,8916.53466892,57.82714801,57.84356104,0.04766658,2801.95501157,0.01998552,0.01998552,22414,68,0
8916.93268075,8916.93248709,66.28306825,66.28718605,0.04659796,2802.40965222,0.01998552,0.01998552,22413,68,0
8917.32910802,8917.33034076,74.74565781,74.71942759,0.04324935,2802.86252974,0.01998552,0.01998552,22412,68,0
8917.72792718,8917.72822993,83.21503701,83.20859036,0.04858462,2803.31730313,0.01998552,0.01998552,22411,68,0
8918.12627744,8918.12615462,91.69165988,91.69427720,0.04037092,2803.77072569,0.01998552,0.01998552,22410,68,0
8918.52413889,8918.52411482,100.17598955,100.17650285,0.05412374,2804.22279949,0.01998552,0.01998552,22409,68,0
8918.92117713,8918.92211054,108.66847271,108.64854649,0.04639506,2804.67316896,0.01998552,0.01998552,22408,68,0
8919.32052774,8919.32014179,117.16925514,117.17750151,0.05059131,2805.12539096,0.01998552,0.01998552,22407,68,0
8919.71761727,8919.71820857,125.67823918,125.66559417,0.04340281,2805.57427785,0.01998552,0.01998552,22406,68,0
8920.11631014,8920.11631088,134.19531965,134.19530382,0.04864982,2806.02419117,0.01998552,0.01998552,22405,68,0
8920.51395151,8920.51444874,142.72038914,142.70973787,0.04325387,2806.47212443,0.01998552,0.01998552,22404,68,0
8920.91369748,8920.91262213,151.25330754,151.27636176,0.04804333,2806.92161909,0.01998552,0.01998552,22403,68,0
8921.30956860,8921.31083108,159.79390501,159.76681732,0.04642899,2807.36594491,0.01998552,0.01998552,22402,68,0
8921.71013276,8921.70907558,168.34200975,168.36471034,0.04772712,2807.81470379,0.01998552,0.01998552,22401,68,0
8922.10783830,8922.10735564,176.89746259,176.90783475,0.05695668,2808.25941843,0.01998552,0.01998552,22400,68,0
8922.50631311,8922.50567126,185.46040051,185.47420459,0.04493067,2808.70415627,0.01998552,0.01998552,22399,68,0
8922.90424885,8922.90402245,194.03124951,194.03612293,0.05623674,2809.14747531,0.01998552,0.01998552,22398,68,0
8923.30206367,8923.30240921,202.61044986,202.60300525,0.04571976,2809.58986280,0.01998552,0.01998552,22397,68,0
8923.70139558,8923.70083155,211.19842575,211.21058906,0.04764134,2810.03315451,0.01998552,0.01998552,22396,68,0
8924.09912887,8924.09928947,219.79517552,219.79170892,0.04999713,2810.47388829,0.01998552,0.01998552,22395,68,0
8924.49800150,8924.49778298,228.40026720,228.40498785,0.04247295,2810.91507370,0.01998552,0.01998552,22394,68,0
8924.89671668,8924.89631209,237.01324749,237.02199497,0.05157392,2811.35524681,0.01998552,0.01998552,22393,68,0
8925.29502583,8925.29487679,245.63367745,245.63690219,0.04781503,2811.79410941,0.01998552,0.01998552,22392,68,0
8925.69361822,8925.69347709,254.26150524,254.26456134,0.04867746,2812.23241569,0.01998552,0.01998552,22391,68,0
8926.09227883,8926.09211299,262.89706845,262.90066236,0.04946334,2812.66994209,0.01998552,0.01998552,22390,68,0
8926.48883216,8926.49078451,271.54072349,271.49837590,0.02961404,2813.10432223,0.01998552,0.01998552,22389,68,0
8926.88872327,8926.88949165,280.19281993,280.17613835,0.04939858,2813.54153093,0.01998552,0.01998552,22388,68,0
8927.28776578,8927.28823440,288.85352057,288.84333743,0.05726597,2813.97698814,0.01998552,0.01998552,22387,68,0
8927.68657104,8927.68701278,297.52280832,297.51320071,0.04796439,2814.41135993,0.01998552,0.01998552,22386,68,0
8928.08572910,8928.08582679,306.20065872,306.19853210,0.04838008,2814.84528382,0.01998552,0.01998552,22385,68,0
8928.48451820,8928.48467644,314.88704909,314.88360136,0.05487791,2815.27797055,0.01998552,0.01998552,22384,68,0
8928.88296768,8928.88356172,323.58199238,323.56903753,0.04561695,2815.70945127,0.01998552,0.01998552,22383,68,0
8929.28250132,8929.28248265,332.28553318,332.28594060,0.04687337,2816.14126411,0.01998552,0.01998552,22382,68,0
8929.68117504,8929.68143923,340.99771739,340.99194542,0.04728771,2816.57130588,0.01998552,0.01998552,22381,68,0
8930.07985742,8930.08043147,349.71858293,349.70603011,0.04323139,2817.00051447,0.01998552,0.01998552,22380,68,0
8930.47984617,8930.47945936,358.44804235,358.45650835,0.04502297,2817.43027485,0.01998552,0.01998552,22379,68,0
8930.87860546,8930.87852292,367.18590973,367.18771780,0.05019818,2817.85784951,0.01998552,0.01998552,22378,68,0
8931.27781651,8931.27762214,375.93199543,375.93625666,0.05489544,2818.28503094,0.01998552,0.01998552,22377,68,0
8931.67702489,8931.67675704,384.68612862,384.69200577,0.04446118,2818.71131966,0.01998552,0.01998552,22376,68,0
8932.07638865,8932.07592762,393.44837815,393.45850271,0.04297378,2819.13688391,0.01998552,0.01998552,22375,68,0
8932.47500266,8932.47513387,402.21897283,402.21608886,0.04488384,2819.56076883,0.01998552,0.01998552,22374,68,0
8932.87494017,8932.87437582,410.99814564,411.01056114,0.04924875,2819.98518497,0.01998552,0.01998552,22373,68,0
8933.27293944,8933.27365346,419.78611301,419.77039038,0.05475287,2820.40667972,0.01998552,0.01998552,22372,68,0
8933.67357049,8933.67296680,428.58292771,428.59623297,0.04139897,2820.83008949,0.01998552,0.01998552,22371,68,0
8934.07187248,8934.07231584,437.38855382,437.37877338,0.04772657,2821.25016496,0.01998552,0.01998552,22370,68,0
8934.47233871,8934.47170058,446.20295434,446.21704417,0.05370253,2821.67164011,0.01998552,0.01998552,22369,68,0
8934.87051874,8934.87112104,455.02609648,455.01278574,0.05234672,2822.08982621,0.01998552,0.01998552,22368,68,0
8935.27008862,8935.27057721,463.85797778,463.84717013,0.04481406,2822.50858320,0.01998552,0.01998552,22367,68,0
8935.66984084,8935.67006911,472.69860848,472.69355474,0.04262845,2822.92663715,0.01998552,0.01998552,22366,68,0
8936.06898001,8936.06959673,481.54799895,481.53433259,0.04220214,2823.34315449,0.01998552,0.01998552,22365,68,0
8936.46959386,8936.46916008,490.40612245,490.41574339,0.04320877,2823.76030599,0.01998552,0.01998552,22364,68,0
8936.86940575,8936.86875917,499.27276945,499.28712249,0.04563260,2824.17570523,0.01998552,0.01998552,22363,68,0
8937.26804010,8937.26839400,508.14767309,508.13981061,0.04785102,2824.58895281,0.01998552,0.01998552,22362,68,0
8937.66812169,8937.66806457,517.03056484,517.03183474,0.05187296,2825.00275283,0.01998552,0.01998552,22361,68,0
8938.06769337,8938.06777089,525.92138182,525.91965662,0.04855166,2825.41507145,0.01998552,0.01998552,22360,68,0
8938.46827143,8938.46751297,534.82076910,534.83766247,0.05342753,2825.82749810,0.01998552,0.01998552,22359,68,0
8938.86713776,8938.86729081,543.72952684,543.72611458,0.05385258,2826.23726985,0.01998552,0.01998552,22358,68,0
8939.26801272,8939.26710441,552.64845801,552.66873140,0.04188723,2826.64824073,0.01998552,0.01998552,22357,68,0
8939.66598143,8939.66695378,561.57788405,561.55615822,0.04211588,2827.05538529,0.01998552,0.01998552,22356,68,0
8940.06673887,8940.06683893,570.51700916,570.51477140,0.04274125,2827.46448937,0.01998552,0.01998552,22355,68,0
8940.46581899,8940.46675985,579.46487585,579.44381626,0.04584795,2827.87094267,0.01998552,0.01998552,22354,68,0
8940.86664850,8940.86671656,588.42053341,588.41900883,0.04328073,2828.27818807,0.01998552,0.01998552,22353,68,0
8941.26639779,8941.26670906,597.38374366,597.37676585,0.04545056,2828.68333407,0.01998552,0.01998552,22352,68,0
8941.66652668,8941.66673735,606.35535961,606.35063260,0.04316794,2829.08789804,0.01998552,0.01998552,22351,68,0
8942.06663774,8942.06680144,615.33633099,615.33265428,0.04333327,2829.49151590,0.01998552,0.01998552,22350,68,0
8942.46658951,8942.46690133,624.32757457,624.32056332,0.04315756,2829.89408252,0.01998552,0.01998552,22349,68,0
8942.86761247,8942.86703703,633.32914999,633.34210173,0.04538025,2830.29683165,0.01998552,0.01998552,22348,68,0
8943.26762696,8943.26720854,642.34026979,642.34969609,0.04619287,2830.69763499,0.01998552,0.01998552,22347,68,0
8943.66745965,8943.66741587,651.36010594,651.36109297,0.04444378,2831.09728430,0.01998552,0.01998552,22346,68,0
8944.06746194,8944.06765902,660.38792252,660.38347555,0.04600780,2831.49609476,0.01998552,0.01998552,22345,68,0
8944.46874444,8944.46793800,669.42402460,669.44223774,0.04156505,2831.89517823,0.01998552,0.01998552,22344,68,0
8944.86872413,8944.86825281,678.46935577,678.48001079,0.04418693,2832.29200381,0.01998552,0.01998552,22343,68,0
8945.26893973,8945.26860345,687.52487446,687.53248485,0.05112960,2832.68813983,0.01998552,0.01998552,22342,68,0
8945.66863337,8945.66898994,696.59132776,696.58324904,0.04419685,2833.08286513,0.01998552,0.01998552,22341,68,0
8946.06911675,8946.06941228,705.66823563,705.66153329,0.04973878,2833.47744866,0.01998552,0.01998552,22340,68,0
8946.46894923,8946.46987046,714.75468154,714.73376933,0.05625712,2833.87042649,0.01998552,0.01998552,22339,68,0
8946.87073281,8946.87036450,723.84974292,723.85811033,0.05078292,2834.26430724,0.01998552,0.01998552,22338,68,0
8947.27223144,8947.27089441,732.95286712,732.98326746,0.05062365,2834.65686495,0.01998552,0.01998552,22337,68,0
8947.67205090,8947.67146017,742.06462739,742.07807095,0.04841428,2835.04676518,0.01998552,0.01998552,22336,68,0
8948.07235085,8948.07206181,751.18581190,751.19239611,0.04249355,2835.43614840,0.01998552,0.01998552,22335,68,0
8948.47323516,8948.47269933,760.31720726,760.32942668,0.04549214,2835.82514109,0.01998552,0.01998552,22334,68,0
8948.87399334,8948.87337272,769.45918098,769.47334888,0.04552321,2836.21306326,0.01998552,0.01998552,22333,68,0
8949.27371957,8949.27408200,778.61142602,778.60314406,0.05175606,2836.59902470,0.01998552,0.01998552,22332,68,0
8949.67480324,8949.67482716,787.77357279,787.77302546,0.05133509,2836.98531134,0.01998552,0.01998552,22331,68,0
8950.07575580,8950.07560823,796.94526627,796.94864505,0.04750092,2837.37046586,0.01998552,0.01998552,22330,68,0
8950.47736207,8950.47642519,806.12644330,806.14791391,0.04699367,2837.75523336,0.01998552,0.01998552,22329,68,0
8950.87765986,8950.87727806,815.31728946,815.32604780,0.04469619,2838.13774000,0.01998552,0.01998552,22328,68,0
8951.27774396,8951.27816683,824.51799932,824.50828927,0.04877677,2838.51904151,0.01998552,0.01998552,22327,68,0
8951.67864863,8951.67909152,833.72874823,833.71856820,0.05103874,2838.90012423,0.01998552,0.01998552,22326,68,0
8952.08114183,8952.08005213,842.94957114,842.97464341,0.05090499,2839.28170618,0.01998552,0.01998552,22325,68,0
8952.48149090,8952.48104866,852.18044316,852.19062868,0.04326398,2839.66024528,0.01998552,0.01998552,22324,68,0
8952.88119596,8952.88208112,861.42133908,861.40093259,0.04189758,2840.03716506,0.01998552,0.01998552,22323,68,0
8953.28310768,8953.28314951,870.67233688,870.67137160,0.04764358,2840.41514655,0.01998552,0.01998552,22322,68,0
8953.68446762,8953.68425384,879.93383028,879.93876912,0.05037662,2840.79160081,0.01998552,0.01998552,22321,68,0
8954.08578009,8954.08539411,889.20627540,889.21520225,0.04702720,2841.16701693,0.01998552,0.01998552,22320,68,0
8954.48624208,8954.48657033,898.49011860,898.48251785,0.04144728,2841.54066019,0.01998552,0.01998552,22319,68,0
8954.88791088,8954.88778251,907.78524397,907.78821964,0.05231091,2841.91443907,0.01998552,0.01998552,22318,68,0
8955.28924403,8955.28903064,917.09075557,917.09570682,0.04662902,2842.28687418,0.01998552,0.01998552,22317,68,0
8955.69034998,8955.69031473,926.40569470,926.40651326,0.04966476,2842.65802563,0.01998552,0.01998552,22316,68,0
8956.09122818,8956.09163479,935.72919995,935.71974962,0.05081193,2843.02785653,0.01998552,0.01998552,22315,68,0
8956.49270825,8956.49299083,945.06155766,945.05498415,0.04952560,2843.39713827,0.01998552,0.01998552,22314,68,0
8956.89434025,8956.89438283,954.40377682,954.40278507,0.04159126,2843.76548971,0.01998552,0.01998552,22313,68,0
8957.29538873,8957.29581083,963.75688401,963.74704380,0.05517331,2844.13227392,0.01998552,0.01998552,22312,68,0
8957.69705012,8957.69727480,973.12161276,973.11636885,0.04450952,2844.49860882,0.01998552,0.01998552,22311,68,0
8958.09951692,8958.09877477,982.49748333,982.51482312,0.04852156,2844.86464069,0.01998552,0.01998552,22310,68,0
8958.50092388,8958.50031073,991.88370346,991.89804317,0.04978386,2845.22863846,0.01998552,0.01998552,22309,68,0
8958.90163929,8958.90188270,1001.27948375,1001.27378612,0.04461878,2845.59090817,0.01998552,0.01998552,22308,68,0
8959.30386658,8959.30349067,1010.68454700,1010.69335424,0.04671101,2845.95342361,0.01998552,0.01998552,22307,68,0
8959.70536033,8959.70513465,1020.09943223,1020.10472483,0.04831848,2846.31417434,0.01998552,0.01998552,22306,68,0
8960.10760874,8960.10681465,1029.52475432,1029.54339732,0.04764382,2846.67451661,0.01998552,0.01998552,22305,68,0
8960.50910449,8960.50853067,1038.96108291,1038.97456937,0.05309711,2847.03311705,0.01998552,0.01998552,22304,68,0
8960.91073452,8960.91028271,1048.40842945,1048.41905962,0.05400163,2847.39076582,0.01998552,0.01998552,22303,68,0
8961.31256556,8961.31207078,1057.86644801,1057.87810080,0.05010740,2847.74750304,0.01998552,0.01998552,22302,68,0
8961.71420407,8961.71389489,1067.33478455,1067.34207328,0.04553153,2848.10296130,0.01998552,0.01998552,22301,68,0
8962.11544332,8962.11575504,1076.81317784,1076.80582204,0.05181235,2848.45694578,0.01998552,0.01998552,22300,68,0
8962.51770520,8962.51765123,1086.30170975,1086.30298451,0.05287691,2848.81070687,0.01998552,0.01998552,22299,68,0
8962.91980873,8962.91958347,1095.80054070,1095.80586679,0.05032984,2849.16320377,0.01998552,0.01998552,22298,68,0
8963.32134328,8963.32155177,1105.30983733,1105.30490270,0.05074109,2849.51408111,0.01998552,0.01998552,22297,68,0
8963.72391693,8963.72355612,1114.82995692,1114.83850600,0.04712027,2849.86475057,0.01998552,0.01998552,22296,68,0
8964.12571366,8964.12559654,1124.36149947,1124.36427771,0.04995759,2850.21364626,0.01998552,0.01998552,22295,68,0
8964.52847384,8964.52767303,1133.90508456,1133.92410389,0.05127000,2850.56229609,0.01998552,0.01998552,22294,68,0
8964.92910492,8964.92978559,1143.46119924,1143.44501336,0.05142023,2850.90803983,0.01998552,0.01998552,22293,68,0
8965.33213679,8965.33193424,1153.02932433,1153.03414633,0.04693451,2851.25476122,0.01998552,0.01998552,22292,68,0
8965.73354469,8965.73411896,1162.60848488,1162.59480019,0.04629224,2851.59895430,0.01998552,0.01998552,22291,68,0
8966.13721126,8966.13633977,1172.19769997,1172.21848616,0.04632540,2851.94390534,0.01998552,0.01998552,22290,68,0
8966.53926739,8966.53859668,1181.79657134,1181.81258404,0.05140535,2852.28628650,0.01998552,0.01998552,22289,68,0
8966.94082856,8966.94088968,1191.40599022,1191.40452953,0.05087902,2852.62708427,0.01998552,0.01998552,22288,68,0
8967.34289208,8967.34321879,1201.02702535,1201.01920810,0.04861996,2852.96717788,0.01998552,0.01998552,22287,68,0
8967.74599349,8967.74558400,1210.66067981,1210.67049003,0.04631891,2853.30704386,0.01998552,0.01998552,22286,68,0
8968.14827761,8968.14798533,1220.30697988,1220.31399056,0.04144783,2853.64511232,0.01998552,0.01998552,22285,68,0
8968.55027904,8968.55042278,1229.96524712,1229.96179560,0.05057346,2853.98180769,0.01998552,0.01998552,22284,68,0
8968.95304162,8968.95289634,1239.63478295,1239.63827500,0.04413193,2854.31797254,0.01998552,0.01998552,22283,68,0
8969.35490471,8969.35540604,1249.31510607,1249.30304299,0.05212734,2854.65219975,0.01998552,0.01998552,22282,68,0
8969.75831363,8969.75795186,1259.00646778,1259.01518210,0.04544930,2854.98652396,0.01998552,0.01998552,22281,68,0
8970.16122092,8970.16053383,1268.70927328,1268.72584240,0.04836518,2855.31925258,0.01998552,0.01998552,22280,68,0
8970.56343287,8970.56315193,1278.42391847,1278.43070096,0.04668354,2855.65023915,0.01998552,0.01998552,22279,68,0
8970.96657866,8970.96580619,1288.15054044,1288.16921110,0.04280591,2855.98082251,0.01998552,0.01998552,22278,68,0
8971.36817638,8971.36849659,1297.88902507,1297.88127692,0.04826189,2856.30896086,0.01998552,0.01998552,22277,68,0
8971.77106943,8971.77122315,1307.63924712,1307.63552347,0.04977413,2856.63696898,0.01998552,0.01998552,22276,68,0
8972.17425815,8972.17398587,1317.40107411,1317.40767683,0.04865115,2856.96401613,0.01998552,0.01998552,22275,68,0
8972.57745363,8972.57678476,1327.17434594,1327.19058365,0.04107956,2857.28985598,0.01998552,0.01998552,22274,68,0
8972.98073112,8972.97961982,1336.95889422,1336.98590095,0.04965623,2857.61453806,0.01998552,0.01998552,22273,68,0
8973.38189329,8973.38249106,1346.75456218,1346.74002019,0.04700787,2857.93629230,0.01998552,0.01998552,22272,68,0
8973.78618004,8973.78539847,1356.56155044,1356.58058476,0.04795058,2858.25931823,0.01998552,0.01998552,22271,68,0
8974.18934797,8974.18834208,1366.38045832,1366.40498422,0.05216274,2858.58023058,0.01998552,0.01998552,22270,68,0
8974.59147890,8974.59132187,1376.21191008,1376.21574363,0.04747730,2858.89911896,0.01998552,0.01998552,22269,68,0
8974.99500727,8974.99433786,1386.05636821,1386.07272985,0.04351998,2859.21792134,0.01998552,0.01998552,22268,68,0
8975.39715746,8975.39739005,1395.91354068,1395.90784928,0.04713080,2859.53442945,0.01998552,0.01998552,22267,68,0
8975.80049511,8975.80047844,1405.78291751,1405.78332596,0.05080021,2859.85064119,0.01998552,0.01998552,22266,68,0
8976.20310156,8976.20360305,1415.66399480,1415.65169621,0.04816594,2860.16502868,0.01998552,0.01998552,22265,68,0
8976.60688450,8976.60676387,1425.55653313,1425.55949479,0.04636463,2860.47906651,0.01998552,0.01998552,22264,68,0
8977.01005779,8977.00996090,1435.46058340,1435.46296457,0.04967696,2860.79135917,0.01998552,0.01998552,22263,68,0
8977.41398760,8977.41319417,1445.37621156,1445.39573286,0.05052024,2861.10296091,0.01998552,0.01998552,22262,68,0
8977.81634807,8977.81646366,1455.30363977,1455.30079252,0.04982122,2861.41208292,0.01998552,0.01998552,22261,68,0
8978.21969743,8978.21976939,1465.24372807,1465.24195331,0.05462423,2861.72071450,0.01998552,0.01998552,22260,68,0
8978.62363745,8978.62311136,1475.19750532,1475.21049705,0.05271719,2862.02856943,0.01998552,0.01998552,22259,68,0
8979.02687622,8979.02648957,1485.16594073,1485.17550235,0.04188800,2862.33468690,0.01998552,0.01998552,22258,68,0
8979.42989229,8979.42990404,1495.14868334,1495.14839238,0.05189272,2862.63941670,0.01998552,0.01998552,22257,68,0
8979.83448561,8979.83335475,1505.14416347,1505.17219562,0.05649932,2862.94405912,0.01998552,0.01998552,22256,68,0
8980.23709012,8980.23684173,1515.15075506,1515.15691811,0.04485373,2863.24587612,0.01998552,0.01998552,22255,68,0
8980.64030882,8980.64036497,1525.16748906,1525.16609457,0.05200634,2863.54679179,0.01998552,0.01998552,22254,68,0
8981.04424392,8981.04392448,1535.19544173,1535.20338395,0.05666634,2863.84690314,0.01998552,0.01998552,22253,68,0
8981.44720296,8981.44752026,1545.23608957,1545.22819089,0.05266007,2864.14499250,0.01998552,0.01998552,22252,68,0
8981.85209988,8981.85115232,1555.29081036,1555.31443047,0.05058121,2864.44324561,0.01998552,0.01998552,22251,68,0
8982.25522439,8982.25482067,1565.35968272,1565.36975943,0.04935628,2864.73892427,0.01998552,0.01998552,22250,68,0
8982.65904054,8982.65852530,1575.44192515,1575.45480068,0.04743871,2865.03381138,0.01998552,0.01998552,22249,68,0
8983.06290346,8983.06226623,1585.53673849,1585.55268027,0.04876852,2865.32740295,0.01998552,0.01998552,22248,68,0
8983.46639733,8983.46604345,1595.64375230,1595.65261529,0.04921988,2865.61938176,0.01998552,0.01998552,22247,68,0
8983.86946225,8983.86985698,1605.76344897,1605.75355092,0.04768472,2865.90971652,0.01998552,0.01998552,22246,68,0
8984.27388743,8984.27370681,1615.89641437,1615.90094894,0.05817811,2866.19970212,0.01998552,0.01998552,22245,68,0
8984.67794517,8984.67759296,1626.04314400,1626.05199812,0.05754438,2866.48810262,0.01998552,0.01998552,22244,68,0
8985.08196453,8985.08151543,1636.20353055,1636.21483426,0.05060619,2866.77514528,0.01998552,0.01998552,22243,68,0
8985.48607223,8985.48547422,1646.37722698,1646.39229694,0.04812160,2867.06090367,0.01998552,0.01998552,22242,68,0
8985.88904624,8985.88946934,1656.56389699,1656.55322236,0.04502168,2867.34450327,0.01998552,0.01998552,22241,68,0
8986.29324042,8986.29350079,1666.76359283,1666.75701595,0.04660689,2867.62759549,0.01998552,0.01998552,22240,68,0
8986.69708599,8986.69756858,1676.97680015,1676.96459457,0.04718356,2867.90908433,0.01998551,0.01998552,22239,68,0
8987.10188814,8987.10167271,1687.20403068,1687.20948655,0.04896841,2868.18988402,0.01998552,0.01998552,22238,68,0
8987.50641462,8987.50581318,1697.44557386,1697.46082498,0.04756814,2868.46913752,0.01998552,0.01998552,22237,68,0
8987.90950086,8987.90999001,1707.70103239,1707.68861301,0.04829649,2868.74603198,0.01998552,0.01998552,22236,68,0
8988.31363816,8988.31420320,1717.96987501,1717.95551200,0.05406838,2869.02225989,0.01998552,0.01998552,22235,68,0
8988.71931108,8988.71845275,1728.25163730,1728.27348090,0.05147315,2869.29812022,0.01998552,0.01998552,22234,68,0
8989.12229006,8989.12273867,1738.54649814,1738.53506784,0.04902193,2869.57074146,0.01998552,0.01998552,22233,68,0
8989.52689814,8989.52706095,1748.85498318,1748.85082946,0.04639871,2869.84306137,0.01998552,0.01998552,22232,68,0
8989.93086631,8989.93141962,1759.17761843,1759.16348411,0.04971628,2870.11355485,0.01998551,0.01998552,22231,68,0
8990.33573647,8990.33581466,1769.51465556,1769.51265535,0.04765004,2870.38325272,0.01998552,0.01998552,22230,68,0
8990.73946932,8990.74024610,1779.86598359,1779.84608954,0.04542704,2870.65078797,0.01998551,0.01998552,22229,68,0
8991.14457015,8991.14471392,1790.23146591,1790.22777900,0.04988057,2870.91780910,0.01998552,0.01998552,22228,68,0
8991.54934317,8991.54921814,1800.61097024,1800.61418042,0.04447361,2871.18318266,0.01998552,0.01998552,22227,68,0
8991.95406644,8991.95375877,1811.00438081,1811.01229044,0.05234677,2871.44708323,0.01998552,0.01998552,22226,68,0
8992.35862274,8992.35833580,1821.41158441,1821.41897011,0.04902403,2871.70942596,0.01998552,0.01998552,22225,68,0
8992.76320395,8992.76294924,1831.83250004,1831.83906423,0.05320409,2871.97032737,0.01998552,0.01998552,22224,68,0
8993.16782363,8993.16759909,1842.26732345,1842.27311722,0.05145360,2872.22979409,0.01998552,0.01998552,22223,68,0
8993.57223162,8993.57228537,1852.71639004,1852.71500137,0.04270364,2872.48766816,0.01998552,0.01998552,22222,68,0
8993.97695061,8993.97700807,1863.18003933,1863.17855259,0.05028464,2872.74428371,0.01998552,0.01998552,22221,68,0
8994.38279863,8994.38176721,1873.65862496,1873.68534514,0.04500827,2873.00015315,0.01998552,0.01998552,22220,68,0
8994.78675559,8994.78656278,1884.15251582,1884.15751778,0.04796352,2873.25337814,0.01998552,0.01998552,22219,68,0
8995.19094252,8995.19139479,1894.66208293,1894.65033358,0.04794928,2873.50529862,0.01998551,0.01998552,22218,68,0
8995.59627625,8995.59626325,1905.18732401,1905.18766225,0.04600438,2873.75647085,0.01998552,0.01998552,22217,68,0
8996.00124764,8996.00116815,1915.72736683,1915.72943723,0.04331499,2874.00592717,0.01998552,0.01998552,22216,68,0
8996.40567858,8996.40610952,1926.28120921,1926.26997136,0.05196490,2874.25353218,0.01998552,0.01998552,22215,68,0
8996.81100872,8996.81108734,1936.84814873,1936.84609598,0.04118046,2874.50014220,0.01998552,0.01998552,22214,68,0
8997.21569049,8997.21610163,1947.42903522,1947.41828723,0.04871388,2874.74482744,0.01998552,0.01998552,22213,68,0
8997.62133976,8997.62115239,1958.02521682,1958.03012197,0.05094462,2874.98858718,0.01998552,0.01998552,22212,68,0
8998.02686708,8998.02623962,1968.63791909,1968.65436959,0.05469208,2875.23078240,0.01998552,0.01998552,22211,68,0
8998.43193007,8998.43136334,1979.26684972,1979.28172887,0.04966448,2875.47119703,0.01998552,0.01998552,22210,68,0
8998.83573665,8998.83652354,1989.91074192,1989.89005694,0.05255993,2875.70933437,0.01998551,0.01998552,22209,68,0
8999.24195247,8999.24172023,2000.56833028,2000.57444235,0.04554244,2875.94731410,0.01998552,0.01998552,22208,68,0
8999.64610806,8999.64695341,2011.23921776,2011.21694404,0.05256103,2876.18250035,0.01998551,0.01998552,22207,68,0
9000.05165043,9000.05222310,2021.92404108,2021.90893338,0.04897132,2876.41691036,0.01998551,0.01998552,22206,68,0
9000.45750488,9000.45752929,2032.62350209,2032.62285722,0.04567766,2876.64992136,0.01998552,0.01998552,22205,68,0
9000.86249937,9000.86287199,2043.33832972,2043.32847304,0.04597656,2876.88087208,0.01998551,0.01998552,22204,68,0
9001.26753057,9001.26825120,2054.06930409,2054.05021380,0.05027403,2877.11028762,0.01998551,0.01998552,22203,68,0
9001.67361488,9001.67366694,2064.81721776,2064.81583665,0.05093142,2877.33874613,0.01998551,0.01998552,22202,68,0
9002.07878012,9002.07911920,2075.58262777,2075.57361780,0.04498881,2877.56514051,0.01998551,0.01998552,22201,68,0
9002.48464144,9002.48460799,2086.36515837,2086.36604861,0.04912521,2877.79035793,0.01998551,0.01998552,22200,68,0
9002.88952874,9002.89013331,2097.16420367,2097.14809283,0.04832677,2878.01345223,0.01998551,0.01998552,22199,68,0
9003.29613855,9003.29569517,2107.97920208,2107.99103352,0.04838275,2878.23588499,0.01998552,0.01998552,22198,68,0
9003.70091900,9003.70129358,2118.80993130,2118.79992213,0.05215421,2878.45570137,0.01998551,0.01998552,22197,68,0
9004.10656827,9004.10692854,2129.65631260,2129.64667288,0.05609389,2878.67436291,0.01998551,0.01998552,22196,68,0
9004.51181860,9004.51260005,2140.51829778,2140.49736015,0.04756162,2878.89117466,0.01998551,0.01998552,22195,68,0
9004.91823196,9004.91830812,2151.39622580,2151.39418250,0.04791559,2879.10696650,0.01998551,0.01998552,22194,68,0
9005.32399111,9005.32405275,2162.29070362,2162.28904737,0.04673966,2879.32077432,0.01998551,0.01998552,22193,68,0
9005.72938788,9005.72983396,2173.20233030,2173.19032620,0.04658736,2879.53276130,0.01998551,0.01998552,22192,68,0
9006.13536516,9006.13565174,2184.13125718,2184.12353384,0.05068842,2879.74341340,0.01998551,0.01998552,22191,68,0
9006.54137208,9006.54150609,2195.07716477,2195.07354790,0.04634726,2879.95242627,0.01998552,0.01998552,22190,68,0
9006.94817133,9006.94739703,2206.03970817,2206.06063561,0.05002996,2880.16017234,0.01998552,0.01998552,22189,68,0
9007.35345860,9007.35332456,2217.01851805,2217.02214585,0.05098643,2880.36546400,0.01998552,0.01998552,22188,68,0
9007.75948485,9007.75928869,2228.01318918,2228.01850534,0.04631752,2880.56943055,0.01998552,0.01998552,22187,68,0
9008.16604434,9008.16528941,2239.02331180,2239.04379756,0.05250557,2880.77194510,0.01998552,0.01998552,22186,68,0
9008.57149315,9008.57132674,2250.04885868,2250.05338061,0.05017265,2880.97218420,0.01998552,0.01998552,22185,68,0
9008.97661074,9008.97740067,2261.09064597,2261.06915106,0.04852920,2881.17054879,0.01998551,0.01998552,22184,68,0
9009.38346468,9009.38351122,2272.14960845,2272.14833995,0.04719412,2881.36805067,0.01998552,0.01998552,22183,68,0
9009.78949282,9009.78965839,2283.22644927,2283.22193020,0.04869309,2881.56344394,0.01998552,0.01998552,22182,68,0
9010.19529340,9010.19584218,2294.32114706,2294.30614610,0.05004257,2881.75701362,0.01998551,0.01998552,22181,68,0
9010.60149245,9010.60206260,2305.43354151,2305.41793302,0.04604282,2881.94904536,0.01998551,0.01998552,22180,68,0
9011.00858606,9011.00831966,2316.56341186,2316.57071564,0.05366552,2882.13975255,0.01998552,0.01998552,22179,68,0
9011.41469140,9011.41461335,2327.71029326,2327.71243608,0.05238143,2882.32823698,0.01998552,0.01998552,22178,68,0
9011.82134942,9011.82094369,2338.87365412,2338.88480856,0.05734331,2882.51519908,0.01998552,0.01998552,22177,68,0
9012.22682466,9012.22731067,2350.05319318,2350.03981321,0.04921855,2882.69983177,0.01998551,0.01998552,22176,68,0
9012.63307062,9012.63371431,2361.24986232,2361.23211473,0.04603511,2882.88303450,0.01998551,0.01998552,22175,68,0
9013.04030086,9013.04015461,2372.46503944,2372.46907850,0.04804822,2883.06490545,0.01998552,0.01998552,22174,68,0
9013.44648025,9013.44663157,2383.69987977,2383.69569390,0.05114179,2883.24454495,0.01998551,0.01998552,22173,68,0
9013.85157012,9013.85314519,2394.95398045,2394.91034152,0.04301933,2883.42193338,0.01998551,0.01998552,22172,68,0
9014.25954151,9014.25969550,2406.22629435,2406.22202160,0.04798400,2883.59877153,0.01998551,0.01998552,22171,68,0
9014.66566624,9014.66628248,2417.51587320,2417.49875011,0.04677717,2883.77297904,0.01998551,0.01998552,22170,68,0
9015.07357586,9015.07290614,2428.82264360,2428.84127968,0.04919443,2883.94610395,0.01998552,0.01998552,22169,68,0
9015.47954290,9015.47956649,2440.14695408,2440.14629677,0.04585299,2884.11656168,0.01998551,0.01998552,22168,68,0
9015.88659272,9015.88626353,2451.48920345,2451.49839113,0.04854249,2884.28562518,0.01998552,0.01998552,22167,68,0
9016.29343484,9016.29299728,2462.85020065,2462.86243275,0.05147806,2884.45275500,0.01998552,0.01998552,22166,68,0
9016.69966449,9016.69976772,2474.23098024,2474.22808960,0.04610701,2884.61779558,0.01998551,0.01998552,22165,68,0
9017.10653321,9017.10657488,2485.63242181,2485.63125310,0.05191419,2884.78125736,0.01998551,0.01998552,22164,68,0
9017.51316452,9017.51341874,2497.05374163,2497.04659926,0.05126001,2884.94276359,0.01998551,0.01998551,22163,68,0
9017.92013181,9017.92029933,2508.49318444,2508.48847131,0.04486476,2885.10250656,0.01998552,0.01998551,22162,68,0
9018.32729573,9018.32721664,2519.94914810,2519.95137619,0.04743529,2885.26039641,0.01998552,0.01998551,22161,68,0
9018.73407387,9018.73417068,2531.42191466,2531.41918351,0.04669065,2885.41620387,0.01998552,0.01998551,22160,68,0
9019.14127456,9019.14116144,2542.91289955,2542.91609576,0.04652958,2885.57024837,0.01998552,0.01998551,22159,68,0
9019.54770397,9019.54818895,2554.42343520,2554.40970889,0.04550712,2885.72208867,0.01998551,0.01998551,22158,68,0
9019.95520246,9019.95525320,2565.95371299,2565.95227457,0.04926776,2885.87240237,0.01998551,0.01998551,22157,68,0
9020.36189417,9020.36235420,2577.50324496,2577.49018376,0.04718756,2886.02047904,0.01998551,0.01998551,22156,68,0
9020.76995844,9020.76949195,2589.07158609,2589.08485096,0.04463861,2886.16709230,0.01998552,0.01998551,22155,68,0
9021.17706598,9021.17666646,2600.65883725,2600.67021555,0.04984089,2886.31139358,0.01998552,0.01998551,22154,68,0
9021.58468911,9021.58387773,2612.26540955,2612.28855426,0.04669417,2886.45390294,0.01998552,0.01998551,22153,68,0
9021.99104866,9021.99112577,2623.89172511,2623.88952176,0.05012503,2886.59399862,0.01998551,0.01998551,22152,68,0
9022.39928956,9022.39841059,2635.53824074,2635.56339656,0.05385801,2886.73275526,0.01998552,0.01998551,22151,68,0
9022.80611157,9022.80573218,2647.20543351,2647.21630991,0.04577905,2886.86904252,0.01998551,0.01998551,22150,68,0
9023.21431312,9023.21309055,2658.89370969,2658.92881888,0.05035424,2887.00379174,0.01998552,0.01998551,22149,68,0
9023.62022541,9023.62048571,2670.60291823,2670.59543056,0.05134042,2887.13578557,0.01998551,0.01998551,22148,68,0
9024.02810672,9024.02791767,2682.33265367,2682.33810076,0.04624828,2887.26639538,0.01998551,0.01998551,22147,68,0
9024.43575181,9024.43538642,2694.08260359,2694.09314877,0.04606724,2887.39488774,0.01998551,0.01998551,22146,68,0
9024.84353271,9024.84289197,2705.85305367,2705.87157635,0.05123630,2887.52137285,0.01998552,0.01998551,22145,68,0
9025.25042311,9025.25043434,2717.64451907,2717.64419407,0.04926743,2887.64553244,0.01998551,0.01998551,22144,68,0
9025.65799338,9025.65801351,2729.45732639,2729.45674225,0.04710230,2887.76783933,0.01998551,0.01998551,22143,68,0
9026.06536597,9026.06562951,2741.29087147,2741.28321448,0.04588468,2887.88800894,0.01998551,0.01998551,22142,68,0
9026.47371930,9026.47328232,2753.14426292,2753.15697867,0.04784988,2888.00636286,0.01998552,0.01998551,22141,68,0
9026.88077873,9026.88097197,2765.01699642,2765.01136452,0.04729690,2888.12222871,0.01998551,0.01998551,22140,68,0
9027.28920824,9027.28869844,2776.91000935,2776.92489226,0.05085898,2888.23636267,0.01998552,0.01998551,22139,68,0
9027.69659039,9027.69646176,2788.82457801,2788.82833977,0.04652475,2888.34808759,0.01998551,0.01998551,22138,68,0
9028.10468810,9028.10426192,2800.76160050,2800.77408676,0.04632090,2888.45788599,0.01998552,0.01998551,22137,68,0
9028.51153176,9028.51209892,2812.72094158,2812.70429551,0.04784494,2888.56521874,0.01998551,0.01998551,22136,68,0
9028.91970522,9028.91997278,2824.70229355,2824.69442707,0.04945724,2888.67075206,0.01998551,0.01998551,22135,68,0
9029.32757444,9029.32788349,2836.70543148,2836.69632949,0.04949562,2888.77404144,0.01998551,0.01998551,22134,68,0
9029.73551969,9029.73583107,2848.73029112,2848.72110464,0.04928775,2888.87517255,0.01998551,0.01998551,22133,68,0
9030.14419795,9030.14381552,2860.77682160,2860.78812320,0.04665906,2888.97428946,0.01998552,0.01998551,22132,68,0
9030.55182582,9030.55183684,2872.84482060,2872.84449452,0.04862408,2889.07094874,0.01998551,0.01998551,22131,68,0
9030.95961765,9030.95989504,2884.93388585,2884.92566145,0.04849461,2889.16543070,0.01998551,0.01998551,22130,68,0
9031.36831216,9031.36799012,2897.04364427,2897.05320830,0.05270467,2889.25788344,0.01998552,0.01998551,22129,68,0
9031.77677853,9031.77612208,2909.17459313,2909.19412160,0.04735076,2889.34803792,0.01998552,0.01998551,22128,68,0
9032.18507100,9032.18429094,2921.32800650,2921.35125429,0.04418301,2889.43590689,0.01998552,0.01998551,22127,68,0
9032.59331604,9032.59249670,2933.50506118,2933.52952538,0.04279849,2889.52151515,0.01998552,0.01998551,22126,68,0
9033.00091841,9033.00073936,2945.70559758,2945.71095327,0.04834857,2889.60472942,0.01998551,0.01998551,22125,68,0
9033.40916045,9033.40901893,2957.92868873,2957.93292918,0.04760840,2889.68579246,0.01998551,0.01998551,22124,68,0
9033.81836789,9033.81733541,2970.17363957,2970.20462893,0.04922742,2889.76473855,0.01998552,0.01998551,22123,68,0
9034.22560427,9034.22568881,2982.44112331,2982.43858129,0.04403726,2889.84100176,0.01998551,0.01998551,22122,68,0
9034.63356527,9034.63407913,2994.73228916,2994.71680906,0.04689083,2889.91509180,0.01998551,0.01998551,22121,68,0
9035.04274892,9035.04250639,3007.04796380,3007.05528411,0.05077614,2889.98707410,0.01998551,0.01998551,22120,68,0
9035.45102045,9035.45097057,3019.38796170,3019.38946998,0.04533543,2890.05655570,0.01998551,0.01998551,22119,68,0
9035.85885922,9035.85947169,3031.75190611,3031.73335165,0.04992674,2890.12361416,0.01998551,0.01998551,22118,68,0
9036.26721152,9036.26800975,3044.13976724,3044.11554041,0.04597688,2890.18839083,0.01998551,0.01998551,22117,68,0
9036.67655755,9036.67658477,3056.55210620,3056.55127856,0.04995135,2890.25093810,0.01998551,0.01998551,22116,68,0
9037.08512953,9037.08519673,3068.98949153,3068.98744405,0.04909253,2890.31097283,0.01998551,0.01998551,22115,68,0
9037.49496367,9037.49384565,3081.45137882,3081.48550383,0.04624808,2890.36877325,0.01998552,0.01998551,22114,68,0
9037.90275627,9037.90253154,3093.93617781,3093.94304884,0.04781302,2890.42385965,0.01998551,0.01998551,22113,68,0
9038.31117608,9038.31125439,3106.44254378,3106.44014538,0.04327280,2890.47658682,0.01998551,0.01998551,22112,68,0
9038.72031582,9038.72001422,3118.97159778,3118.98085071,0.04813585,2890.52694695,0.01998551,0.01998551,22111,68,0
9039.12873553,9039.12881103,3131.52568659,3131.52336577,0.04227817,2890.57475879,0.01998551,0.01998551,22110,68,0
9039.53783820,9039.53764482,3144.10654614,3144.11250324,0.04697286,2890.62017877,0.01998551,0.01998551,22109,68,0
9039.94675835,9039.94651559,3156.71352874,3156.72102117,0.04753648,2890.66308884,0.01998551,0.01998551,22108,68,0
9040.35539043,9040.35542336,3169.34542927,3169.34441102,0.04483493,2890.70346359,0.01998551,0.01998551,22107,68,0
9040.76428792,9040.76436813,3182.00177887,3181.99929421,0.04794232,2890.74134241,0.01998551,0.01998551,22106,68,0
9041.17314147,9041.17334990,3194.68339550,3194.67692607,0.04755750,2890.77668287,0.01998551,0.01998551,22105,68,0
9041.58303504,9041.58236868,3207.39117856,3207.41190211,0.04475806,2890.80955716,0.01998551,0.01998551,22104,68,0
9041.99129233,9041.99142447,3220.12513359,3220.12101604,0.04676028,2890.83974123,0.01998551,0.01998551,22103,68,0
9042.40047123,9042.40051728,3232.88453043,3232.88309283,0.04974117,2890.86741441,0.01998551,0.01998551,22102,68,0
9042.81023628,9042.80964712,3245.66881293,3245.68724010,0.04759593,2890.89252406,0.01998551,0.01998551,22101,68,0
9043.21909863,9043.21881398,3258.47859784,3258.48751812,0.05006469,2890.91496873,0.01998551,0.01998551,22100,68,0
9043.62769934,9043.62801788,3271.31492991,3271.30492771,0.04769368,2890.93478162,0.01998551,0.01998551,22099,68,0
9044.03726456,9044.03725881,3284.17851822,3284.17869901,0.04767971,2890.95200099,0.01998551,0.01998551,22098,68,0
9044.44672714,9044.44653679,3297.06928753,3297.07528903,0.05135393,2890.96655772,0.01998551,0.01998551,22097,68,0
9044.85551432,9044.85585182,3309.98705365,3309.97639179,0.04790552,2890.97842315,0.01998551,0.01998551,22096,68,0
9045.26468088,9045.26520390,3322.93166918,3322.91511404,0.04720116,2890.98761504,0.01998551,0.01998551,22095,68,0
9045.67430727,9045.67459303,3335.90302177,3335.89395844,0.04812338,2890.99411130,0.01998551,0.01998551,22094,68,0
9046.08425411,9046.08401924,3348.90113693,3348.90860086,0.04743700,2890.99788639,0.01998551,0.01998551,22093,68,0
9046.49282808,9046.49348251,3361.92686834,3361.90602813,0.04603845,2890.99891964,0.01998551,0.01998551,22092,68,0
9046.90290456,9046.90298285,3374.98138327,3374.97888478,0.04128890,2890.99720058,0.01998551,0.01998551,22091,68,0
9047.31283907,9047.31252028,3388.06522354,3388.07541905,0.04736961,2890.99270520,0.01998551,0.01998551,22090,68,0
9047.72175328,9047.72209478,3401.17760575,3401.16666141,0.04840290,2890.98543821,0.01998551,0.01998551,22089,68,0
9048.13233773,9048.13170638,3414.31762313,3414.33789666,0.04813291,2890.97532909,0.01998551,0.01998551,22088,68,0
9048.54071162,9048.54135507,3427.48515487,3427.46445142,0.04312087,2890.96246290,0.01998551,0.01998551,22087,68,0
9048.95122097,9048.95104086,3440.68069474,3440.68650207,0.04879407,2890.94668664,0.01998551,0.01998551,22086,68,0
9049.36146024,9049.36076375,3453.90477977,3453.92728298,0.04487017,2890.92805597,0.01998551,0.01998551,22085,68,0
9049.76999478,9049.77052375,3467.15804237,3467.14091501,0.04644689,2890.90663881,0.01998551,0.01998551,22084,68,0
9050.18019495,9050.18032087,3480.44113286,3480.43704682,0.03659583,2890.88224030,0.01998551,0.01998551,22083,68,0
9050.58977098,9050.59015510,3493.75417316,3493.74168216,0.04789757,2890.85496762,0.01998551,0.01998551,22082,68,0
9050.99945624,9051.00002646,3507.09657062,3507.07798898,0.04665066,2890.82476101,0.01998551,0.01998551,22081,68,0
9051.40909188,9051.40993495,3520.46767286,3520.44014452,0.04905801,2890.79161574,0.01998551,0.01998551,22080,68,0
9051.81987779,9051.81988057,3533.86680662,3533.86671546,0.04796367,2890.75540762,0.01998551,0.01998551,22079,68,0
9052.22971496,9052.22986333,3547.29329407,3547.28843045,0.04709859,2890.71630483,0.01998551,0.01998551,22078,68,0
9052.63978609,9052.63988324,3560.74778364,3560.74459223,0.04740968,2890.67418395,0.01998551,0.01998551,22077,68,0
9053.04973358,9053.04994030,3574.23359802,3574.22679133,0.04421663,2890.62905234,0.01998551,0.01998551,22076,68,0
9053.46033008,9053.46003451,3587.75400538,3587.76376238,0.04765330,2890.58078817,0.01998551,0.01998551,22075,68,0
9053.87019327,9053.87016588,3601.30783604,3601.30874245,0.04185220,2890.52953837,0.01998551,0.01998551,22074,68,0
9054.28105864,9054.28033441,3614.89117248,3614.91517915,0.04055603,2890.47507871,0.01998551,0.01998551,22073,68,0
9054.69106702,9054.69054011,3628.50226394,3628.51976602,0.03678375,2890.41764374,0.01998551,0.01998551,22072,68,0
9055.10076696,9055.10078299,3642.14515783,3642.14462388,0.04400448,2890.35713480,0.01998551,0.01998551,22071,68,0
9055.51139132,9055.51106305,3655.82449437,3655.83545379,0.04591686,2890.29332128,0.01998551,0.01998551,22070,68,0
9055.92134640,9055.92138029,3669.53973930,3669.53860490,0.04388395,2890.22642821,0.01998551,0.01998551,22069,68,0
9056.33143339,9056.33173473,3683.28658467,3683.27647975,0.04620024,2890.15633145,0.01998551,0.01998551,22068,68,0
9056.74272541,9056.74212636,3697.06242324,3697.08255322,0.04469684,2890.08282686,0.01998551,0.01998551,22067,68,0
9057.15275882,9057.15255518,3710.86982222,3710.87668104,0.04653794,2890.00632326,0.01998551,0.01998551,22066,68,0
9057.56314719,9057.56302122,3724.71205677,3724.71631027,0.04535920,2889.92649171,0.01998551,0.01998551,22065,68,0
9057.97317627,9057.97352446,3738.58914530,3738.57736114,0.04816966,2889.84344963,0.01998551,0.01998551,22064,68,0
9058.38381204,9058.38406492,3752.49871559,3752.49013884,0.04520303,2889.75699186,0.01998551,0.01998551,22063,68,0
9058.79459324,9058.79464260,3766.43922675,3766.43754912,0.04573072,2889.66719657,0.01998551,0.01998551,22062,68,0
9059.20485263,9059.20525750,3780.41151973,3780.39772758,0.04713385,2889.57418948,0.01998551,0.01998551,22061,68,0
9059.61668330,9059.61590963,3794.41679129,3794.44320774,0.04221425,2889.47745522,0.01998551,0.01998551,22060,68,0
9060.02659072,9060.02659900,3808.45576724,3808.45548364,0.04277662,2889.37779332,0.01998551,0.01998551,22059,68,0
9060.43774011,9060.43732562,3822.52887800,3822.54309691,0.04926983,2889.27441845,0.01998551,0.01998551,22058,68,0
9060.84786627,9060.84808947,3836.63639259,3836.62871785,0.04538353,2889.16787417,0.01998551,0.01998551,22057,68,0
9061.25870435,9061.25889058,3850.77824945,3850.77183121,0.04394321,2889.05769267,0.01998551,0.01998551,22056,68,0
9061.66966779,9061.66972894,3864.95456758,3864.95245481,0.04471196,2888.94399826,0.01998551,0.01998551,22055,68,0
9062.08086008,9062.08060456,3879.16714701,3879.17599714,0.04181682,2888.82672114,0.01998551,0.01998551,22054,68,0
9062.49182865,9062.49151745,3893.41852601,3893.42933374,0.03714991,2888.70594568,0.01998551,0.01998551,22053,68,0
9062.90172598,9062.90246761,3907.70886273,3907.68304105,0.04312347,2888.58191187,0.01998551,0.01998551,22052,68,0
9063.31343787,9063.31345505,3922.03494479,3922.03434525,0.04490464,2888.45374108,0.01998551,0.01998551,22051,68,0
9063.72498892,9063.72447977,3936.39457662,3936.41238564,0.04549736,2888.32202440,0.01998551,0.01998551,22050,68,0
9064.13546114,9064.13554177,3950.79132428,3950.78849631,0.05114668,2888.18701694,0.01998551,0.01998551,22049,68,0
9064.54651728,9064.54664107,3965.23001084,3965.22565699,0.04263016,2888.04810792,0.01998551,0.01998551,22048,68,0
9064.95813277,9064.95777766,3979.70909153,3979.72161265,0.03992964,2887.90527858,0.01998551,0.01998551,22047,68,0
9065.36886648,9065.36895155,3994.22174325,3994.21873767,0.04318965,2887.75907701,0.01998551,0.01998551,22046,68,0
9065.78048762,9065.78016275,4008.76527083,4008.77677416,0.05199690,2887.60888022,0.01998551,0.01998551,22045,68,0
9066.19133970,9066.19141126,4023.34672980,4023.34418893,0.04363879,2887.45519653,0.01998551,0.01998551,22044,68,0
9066.60341360,9066.60269709,4037.97317317,4037.99869211,0.04202855,2887.29717352,0.01998551,0.01998551,22043,68,0
9067.01496891,9067.01402024,4052.64235484,4052.67623087,0.04651510,2887.13546445,0.01998551,0.01998551,22042,68,0
9067.42567256,9067.42538072,4067.34838226,4067.35882723,0.04460770,2886.97025873,0.01998551,0.01998551,22041,68,0
9067.83688251,9067.83677852,4082.08950176,4082.09323231,0.03850299,2886.80101151,0.01998551,0.01998551,22040,68,0
nan,nan,0.00000000,-1.00000000,0.00000000,2886.64991179,nan,0.00000000,-2147483648,68,1
nan,nan,0.00000000,-1.00000000,0.00000000,2895.06222259,nan,0.00000000,-2147483648,67,1
9047.31335770,9047.31252028,9.55108047,9.56853487,0.04636612,2895.53503906,0.01998552,0.01998551,22090,67,0
9047.72346519,9047.72209478,18.09141036,18.11999782,0.05405957,2896.00570132,0.01998552,0.01998551,22089,67,0
9048.13153578,9048.13170638,26.63978058,26.63621877,0.04147961,2896.47322062,0.01998551,0.01998551,22088,67,0
9048.54134070,9048.54135507,35.19634581,35.19604555,0.04870188,2896.94192397,0.01998551,0.01998551,22087,67,0
9048.95037968,9048.95104086,43.76115740,43.74732907,0.04465672,2897.40894867,0.01998551,0.01998551,22086,67,0
9049.36062966,9049.36076375,52.33388991,52.33108328,0.04366498,2897.87652981,0.01998551,0.01998551,22085,67,0
9049.76993123,9049.77052375,60.91413079,60.90171899,0.05554985,2898.34218013,0.01998551,0.01998551,22084,67,0
9050.17929734,9050.18032087,69.50146519,69.48000948,0.04350065,2898.80702964,0.01998551,0.01998551,22083,67,0
9050.58995251,9050.59015510,78.09563567,78.09138581,0.05667022,2899.27244798,0.01998551,0.01998551,22082,67,0
9050.99903787,9051.00002646,86.69698278,86.67622867,0.05623318,2899.73521172,0.01998551,0.01998551,22081,67,0
9051.41032645,9051.40993495,95.30598956,95.31421547,0.05093332,2900.19961040,0.01998552,0.01998551,22080,67,0
9051.82050872,9051.81988057,103.92314172,103.93635141,0.05800320,2900.66192695,0.01998552,0.01998551,22079,67,0
9052.23006250,9052.22986333,112.54882027,112.55301235,0.04474473,2901.12272250,0.01998551,0.01998551,22078,67,0
9052.63967285,9052.63988324,121.18300862,121.17857626,0.04889878,2901.58276542,0.01998551,0.01998551,22077,67,0
9053.04915880,9053.04994030,129.82559705,129.80911860,0.04848808,2902.04184366,0.01998551,0.01998551,22076,67,0
9053.46010474,9053.46003451,138.47647520,138.47795734,0.04128048,2902.50172043,0.01998551,0.01998551,22075,67,0
9053.87055424,9053.87016588,147.13551956,147.14372238,0.05130069,2902.96019374,0.01998551,0.01998551,22074,67,0
9054.28015101,9054.28033441,155.80256154,155.79868470,0.05047812,2903.41685786,0.01998551,0.01998551,22073,67,0
9054.69043094,9054.69054011,164.47742183,164.47511224,0.04625801,2903.87341330,0.01998551,0.01998551,22072,67,0
9055.10008642,9055.10078299,173.15992012,173.14517199,0.05255029,2904.32839245,0.01998551,0.01998551,22071,67,0
9055.51045319,9055.51106305,181.85000672,181.83708410,0.05341556,2904.78327310,0.01998551,0.01998551,22070,67,0
9055.92113408,9055.92138029,190.54805445,190.54283294,0.04581697,2905.23762831,0.01998551,0.01998551,22069,67,0
9056.33189991,9056.33173473,199.25452291,199.25802920,0.04643009,2905.69122421,0.01998551,0.01998551,22068,67,0
9056.74238767,9056.74212636,207.96987402,207.97542621,0.05484989,2906.14368134,0.01998551,0.01998551,22067,67,0
9057.15208625,9057.15255518,216.69435358,216.68438081,0.04520640,2906.59444884,0.01998551,0.01998551,22066,67,0
9057.56241943,9057.56302122,225.42759657,225.41478702,0.04434229,2907.04507141,0.01998551,0.01998551,22065,67,0
9057.97378063,9057.97352446,234.16912962,234.17458684,0.05009163,2907.49594821,0.01998551,0.01998551,22064,67,0
9058.38367485,9058.38406492,242.91847744,242.91016110,0.05244914,2907.94431851,0.01998551,0.01998551,22063,67,0
9058.79432729,9058.79464260,251.67539295,251.66866534,0.04548066,2908.39260315,0.01998551,0.01998551,22062,67,0
9059.20542428,9059.20525750,260.44016926,260.44373066,0.04429873,2908.84046781,0.01998551,0.01998551,22061,67,0
9059.61701343,9059.61590963,269.21317870,269.23677007,0.04500335,2909.28797734,0.01998552,0.01998551,22060,67,0
9060.02666598,9060.02659900,277.99479457,277.99622732,0.05334883,2909.73251145,0.01998551,0.01998551,22059,67,0
9060.43772824,9060.43732562,286.78526286,286.79388398,0.04221045,2910.17771219,0.01998551,0.01998551,22058,67,0
9060.84803682,9060.84808947,295.58458540,295.58345698,0.04610832,2910.62123112,0.01998551,0.01998551,22057,67,0
9061.25871536,9061.25889058,304.39273664,304.38897801,0.04689082,2911.06427937,0.01998551,0.01998551,22056,67,0
9061.66986540,9061.66972894,313.20969135,313.21262132,0.04862510,2911.50695914,0.01998551,0.01998551,22055,67,0
9062.08115527,9062.08060456,322.03545225,322.04728694,0.05410231,2911.94890809,0.01998551,0.01998551,22054,67,0
9062.49160317,9062.49151745,330.87006369,330.87190734,0.05202388,2912.38907232,0.01998551,0.01998551,22053,67,0
9062.90222865,9062.90246761,339.71357365,339.70842876,0.05363344,2912.82854629,0.01998551,0.01998551,22052,67,0
9063.31453328,9063.31345505,348.56602648,348.58926168,0.04538072,2913.26892986,0.01998551,0.01998551,22051,67,0
9063.72518558,9063.72447977,357.42735617,357.44257961,0.04104741,2913.70665780,0.01998551,0.01998551,22050,67,0
9064.13576485,9064.13554177,366.29737213,366.30218799,0.04094243,2914.14340639,0.01998551,0.01998551,22049,67,0
9064.54739296,9064.54664107,375.17587604,375.19212157,0.04737419,2914.58035266,0.01998551,0.01998551,22048,67,0
9064.95832396,9064.95777766,384.06268253,384.07449592,0.05044442,2915.01562979,0.01998551,0.01998551,22047,67,0
9065.36863372,9065.36895155,392.95783762,392.95095894,0.05349251,2915.44932169,0.01998551,0.01998551,22046,67,0
9065.78036029,9065.78016275,401.86157804,401.86585716,0.05356442,2915.88358815,0.01998551,0.01998551,22045,67,0
9066.19062599,9066.19141126,410.77414750,410.75712132,0.04961716,2916.31540258,0.01998551,0.01998551,22044,67,0
9066.60177362,9066.60269709,419.69577397,419.67573278,0.05394699,2916.74724034,0.01998551,0.01998551,22043,67,0
9067.01467730,9067.01402024,428.62651685,428.64078969,0.05461225,2917.18001014,0.01998551,0.01998551,22042,67,0
9067.42560939,9067.42538072,437.56633879,437.57131070,0.04083678,2917.60980034,0.01998551,0.01998551,22041,67,0
9067.83678512,9067.83677852,446.51520105,446.51534461,0.04452832,2918.03892819,0.01998551,0.01998551,22040,67,0
9068.24752229,9068.24821367,455.47306995,455.45801018,0.04271999,2918.46667722,0.01998551,0.01998551,22039,67,0
9068.65992306,9068.65968616,464.43994410,464.44510916,0.04538653,2918.89522894,0.01998551,0.01998551,22038,67,0
9069.07020433,9069.07119599,473.41583423,473.39419407,0.04256274,2919.32065062,0.01998551,0.01998551,22037,67,0
9069.48302543,9069.48274318,482.40075116,482.40691606,0.04253575,2919.74776907,0.01998551,0.01998551,22036,67,0
9069.89400329,9069.89432772,491.39465364,491.38756098,0.04275340,2920.17204158,0.01998551,0.01998551,22035,67,0
9070.30545687,9070.30594963,500.39730794,500.38652606,0.04830877,2920.59585230,0.01998551,0.01998551,22034,67,0
9070.71733753,9070.71760891,509.40843457,509.40249179,0.04275393,2921.01913147,0.01998551,0.01998551,22033,67,0
9071.12907509,9071.12930555,518.42775395,518.42270305,0.04513196,2921.44127576,0.01998551,0.01998551,22032,67,0
9071.54132454,9071.54103958,527.45530505,527.46155571,0.04227501,2921.86295401,0.01998551,0.01998551,22031,67,0
9071.95364289,9071.95281099,536.49182860,536.51009390,0.04515967,2922.28374231,0.01998551,0.01998551,22030,67,0
9072.36452036,9072.36461978,545.53816275,545.53597747,0.04729157,2922.70213982,0.01998551,0.01998551,22029,67,0
9072.77687913,9072.77646597,554.59513089,554.60422185,0.04411290,2923.12115616,0.01998551,0.01998551,22028,67,0
9073.18777553,9073.18834956,563.66279471,563.65015095,0.04901084,2923.53779857,0.01998551,0.01998551,22027,67,0
9073.60091987,9073.60027055,572.74022270,572.75453822,0.04978560,2923.95577951,0.01998551,0.01998551,22026,67,0
9074.01214733,9074.01222895,581.82641151,581.82461047,0.04788056,2924.37083458,0.01998551,0.01998551,22025,67,0
9074.42427864,9074.42422476,590.92042744,590.92161704,0.04931212,2924.78576845,0.01998551,0.01998551,22024,67,0
9074.83625569,9074.83625800,600.02242175,600.02237090,0.05316610,2925.19951686,0.01998551,0.01998551,22023,67,0
9075.24902583,9075.24832865,609.13336427,609.14878641,0.04728404,2925.61306971,0.01998551,0.01998551,22022,67,0
9075.66066574,9075.66043674,618.25425059,618.25932177,0.04672181,2926.02454259,0.01998551,0.01998551,22021,67,0
9076.07282072,9076.07258225,627.38590184,627.39118818,0.04521839,2926.43561510,0.01998551,0.01998551,22020,67,0
9076.48501174,9076.48476521,636.52794649,636.53341706,0.04888360,2926.84578657,0.01998551,0.01998551,22019,67,0
9076.89710520,9076.89698561,645.67952305,645.68217909,0.05377421,2927.25488159,0.01998551,0.01998551,22018,67,0
9077.30916816,9077.30924346,654.83976327,654.83808945,0.05505290,2927.66292479,0.01998551,0.01998551,22017,67,0
9077.72072358,9077.72153877,664.00817799,663.99004257,0.05028689,2928.06942072,0.01998551,0.01998551,22016,67,0
9078.13443828,9078.13387153,673.18551305,673.19813322,0.04922278,2928.47702699,0.01998551,0.01998551,22015,67,0
9078.54639638,9078.54624176,682.37276764,682.37621422,0.04158481,2928.88192452,0.01998551,0.01998551,22014,67,0
9078.95789913,9078.95864946,691.57093583,691.55419117,0.04401862,2929.28543960,0.01998551,0.01998551,22013,67,0
9079.37090503,9079.37109463,700.78029772,700.77606192,0.05038608,2929.68949691,0.01998551,0.01998551,22012,67,0
9079.78237858,9079.78357728,709.99999688,709.97319100,0.05000639,2930.09108505,0.01998551,0.01998551,22011,67,0
9080.19593887,9080.19609742,719.22907092,719.22552224,0.04559144,2930.49368804,0.01998551,0.01998551,22010,67,0
9080.60769935,9080.60865505,728.46661417,728.44520667,0.05217340,2930.89347831,0.01998551,0.01998551,22009,67,0
9081.02105166,9081.02125017,737.71267693,737.70822639,0.05204802,2931.29374842,0.01998551,0.01998551,22008,67,0
9081.43318739,9081.43388280,746.96806155,746.95245580,0.05057500,2931.69180845,0.01998551,0.01998551,22007,67,0
9081.84676121,9081.84655293,756.23359546,756.23827455,0.04706716,2932.09025336,0.01998551,0.01998551,22006,67,0
9082.25902453,9082.25926057,765.50997391,765.50466567,0.04341746,2932.48646014,0.01998551,0.01998551,22005,67,0
9082.67188944,9082.67200572,774.79709909,774.79448133,0.05111569,2932.88226030,0.01998551,0.01998551,22004,67,0
9083.08461787,9083.08478840,784.09458571,784.09074276,0.05029899,2933.27692384,0.01998551,0.01998551,22003,67,0
9083.49759156,9083.49760860,793.40204607,793.40166174,0.03978422,2933.67079475,0.01998551,0.01998551,22002,67,0
9083.91075100,9083.91046634,802.71924847,802.72567580,0.04474607,2934.06380078,0.01998551,0.01998551,22001,67,0
9084.32416300,9084.32336161,812.04633944,812.06445147,0.04959811,2934.45600600,0.01998551,0.01998551,22000,67,0
9084.73638980,9084.73629442,821.38352208,821.38568000,0.03980959,2934.84605434,0.01998551,0.01998551,21999,67,0
9085.14852390,9085.14926477,830.73099633,830.71421834,0.04827750,2935.23498844,0.01998551,0.01998551,21998,67,0
9085.56270855,9085.56227268,840.08885384,840.09873473,0.05339918,2935.62482313,0.01998551,0.01998551,21997,67,0
9085.97549750,9085.97531815,849.45707362,849.46114342,0.05113126,2936.01230714,0.01998551,0.01998551,21996,67,0
9086.38828976,9086.38840118,858.83562925,858.83309838,0.05752398,2936.39875357,0.01998551,0.01998551,21995,67,0
9086.80177647,9086.80152177,868.22453918,868.23033067,0.04460942,2936.78480328,0.01998551,0.01998551,21994,67,0
9087.21460171,9087.21467994,877.62414016,877.62235942,0.03984389,2937.16919964,0.01998551,0.01998551,21993,67,0
9087.62748887,9087.62787568,887.03490811,887.02609314,0.04891413,2937.55263335,0.01998551,0.01998551,21992,67,0
9088.04070302,9088.04110901,896.45732164,896.44805885,0.04791200,2937.93536384,0.01998551,0.01998551,21991,67,0
9088.45411565,9088.45437993,905.89148512,905.88544890,0.05096721,2938.31726946,0.01998551,0.01998551,21990,67,0
9088.86782448,9088.86768843,915.33655056,915.33966120,0.05170295,2938.69839951,0.01998551,0.01998551,21989,67,0
9089.28146100,9089.28103454,924.79151611,924.80127533,0.05116178,2939.07836880,0.01998551,0.01998551,21988,67,0
9089.69341171,9089.69441824,934.25542001,934.23236723,0.04822368,2939.45565984,0.01998551,0.01998551,21987,67,0
9090.10705153,9090.10783956,943.72830774,943.71024288,0.04750247,2939.83336167,0.01998551,0.01998551,21986,67,0
9090.52079889,9090.52129849,953.21120556,953.19974102,0.04230423,2940.21005973,0.01998551,0.01998551,21985,67,0
9090.93463840,9090.93479504,962.70518666,962.70158823,0.05179357,2940.58577746,0.01998551,0.01998551,21984,67,0
9091.34803690,9091.34832921,972.21111111,972.20438790,0.04613291,2940.96006131,0.01998551,0.01998551,21983,67,0
9091.76141300,9091.76190101,981.72859427,981.71735782,0.04938542,2941.33327190,0.01998551,0.01998551,21982,67,0
9092.17555243,9092.17551044,991.25680816,991.25777603,0.05444377,2941.70607851,0.01998551,0.01998551,21981,67,0
9092.58968922,9092.58915751,1000.79492352,1000.80718942,0.04870107,2942.07775171,0.01998551,0.01998551,21980,67,0
9093.00272314,9093.00284223,1010.34259215,1010.33984242,0.05227946,2942.44729106,0.01998551,0.01998551,21979,67,0
9093.41611812,9093.41656459,1019.90035764,1019.89003805,0.05182328,2942.81602630,0.01998551,0.01998551,21978,67,0
9093.83058492,9093.83032461,1029.46886321,1029.47488614,0.05368374,2943.18460602,0.01998551,0.01998551,21977,67,0
9094.24392877,9094.24412229,1039.04870502,1039.04422234,0.04640005,2943.55109687,0.01998551,0.01998551,21976,67,0
9094.65749752,9094.65795764,1048.63989570,1048.62922626,0.04846018,2943.91669310,0.01998551,0.01998551,21975,67,0
9095.07229244,9095.07183065,1058.24207327,1058.25279271,0.05408720,2944.28225543,0.01998551,0.01998551,21974,67,0
9095.48515068,9095.48574134,1067.85486727,1067.84114291,0.04920483,2944.64498066,0.01998551,0.01998551,21973,67,0
9095.90018442,9095.89968971,1077.47802037,1077.48952680,0.05069955,2945.00846640,0.01998551,0.01998551,21972,67,0
9096.31417200,9096.31367576,1087.11163104,1087.12318459,0.05041327,2945.36988572,0.01998551,0.01998551,21971,67,0
9096.72746866,9096.72769951,1096.75586719,1096.75048720,0.04790853,2945.72955777,0.01998551,0.01998551,21970,67,0
9097.14321270,9097.14176095,1106.41090875,1106.44477848,0.04801287,2946.09020852,0.01998551,0.01998551,21969,67,0
9097.55563201,9097.55586009,1116.07716769,1116.07184072,0.04891109,2946.44684496,0.01998551,0.01998551,21968,67,0
9097.97004332,9097.96999693,1125.75527961,1125.75636432,0.04763523,2946.80408872,0.01998551,0.01998551,21967,67,0
9098.38431691,9098.38417149,1135.44589338,1135.44929800,0.04832764,2947.16011500,0.01998551,0.01998551,21966,67,0
9098.79883713,9098.79838376,1145.14941370,1145.16004079,0.04276866,2947.51526299,0.01998551,0.01998551,21965,67,0
9099.21341356,9099.21263376,1154.86513390,1154.88343320,0.04939297,2947.86933691,0.01998551,0.01998551,21964,67,0
9099.62727531,9099.62692148,1164.59203035,1164.60034185,0.04947558,2948.22163871,0.01998551,0.01998551,21963,67,0
9100.04162231,9100.04124693,1174.32909911,1174.33792477,0.05423328,2948.57314983,0.01998551,0.01998551,21962,67,0
9100.45573062,9100.45561012,1184.07625229,1184.07908813,0.04733796,2948.92324761,0.01998551,0.01998551,21961,67,0
9100.86976188,9100.87001106,1193.83453341,1193.82866265,0.05256671,2949.27210293,0.01998551,0.01998551,21960,67,0
9101.28426474,9101.28444973,1203.60506260,1203.60069859,0.04882583,2949.62021136,0.01998551,0.01998551,21959,67,0
9101.69964191,9101.69892617,1213.38874455,1213.40565027,0.04915455,2949.96793223,0.01998551,0.01998551,21958,67,0
9102.11341768,9102.11344035,1223.18526957,1223.18473348,0.05118033,2950.31317930,0.01998551,0.01998551,21957,67,0
9102.52824763,9102.52799231,1232.99391070,1232.99995524,0.04782458,2950.65813939,0.01998551,0.01998551,21956,67,0
9102.94309907,9102.94258203,1242.81394652,1242.82619972,0.04482988,2951.00191865,0.01998551,0.01998551,21955,67,0
9103.35760929,9103.35720952,1252.64512127,1252.65460520,0.04618447,2951.34420403,0.01998551,0.01998551,21954,67,0
9103.77242881,9103.77187479,1262.48781243,1262.50097032,0.04440294,2951.68554105,0.01998551,0.01998551,21953,67,0
9104.18649010,9104.18657784,1272.34244497,1272.34035878,0.05097769,2952.02506276,0.01998551,0.01998551,21952,67,0
9104.60148419,9104.60131868,1282.20938100,1282.21332088,0.05515843,2952.36416215,0.01998551,0.01998551,21951,67,0
9105.01655982,9105.01609732,1292.08861767,1292.09963977,0.05327966,2952.70213369,0.01998551,0.01998551,21950,67,0
9105.43100407,9105.43091375,1301.98002463,1301.98217941,0.05016579,2953.03838941,0.01998551,0.01998551,21949,67,0
9105.84557478,9105.84576799,1311.88346993,1311.87885499,0.04698918,2953.37353651,0.01998551,0.01998551,21948,67,0
9106.26076481,9106.26066004,1321.79880301,1321.80130816,0.04479743,2953.70795972,0.01998551,0.01998551,21947,67,0
9106.67550186,9106.67558990,1331.72584984,1331.72374241,0.04665957,2954.04078351,0.01998551,0.01998551,21946,67,0
9107.08996299,9107.09055758,1341.66443360,1341.65018537,0.04541139,2954.37214215,0.01998551,0.01998551,21945,67,0
9107.50605445,9107.50556309,1351.61449127,1351.62627830,0.05280281,2954.70354633,0.01998551,0.01998551,21944,67,0
9107.92004197,9107.92060643,1361.57650724,1361.56295128,0.04595266,2955.03203482,0.01998551,0.01998551,21943,67,0
9108.33542356,9108.33568760,1371.55113227,1371.54478345,0.04549605,2955.36040237,0.01998551,0.01998551,21942,67,0
9108.75166479,9108.75080661,1381.53899848,1381.55965951,0.04700528,2955.68823155,0.01998551,0.01998551,21941,67,0
9109.16594614,9109.16596346,1391.54017834,1391.53976081,0.04979526,2956.01330292,0.01998551,0.01998551,21940,67,0
9109.58086150,9109.58115817,1401.55416611,1401.54700660,0.04933396,2956.33763528,0.01998551,0.01998551,21939,67,0
9109.99655547,9109.99639074,1411.58042590,1411.58440574,0.04494075,2956.66131230,0.01998551,0.01998551,21938,67,0
9110.41170697,9110.41166116,1421.61853695,1421.61964479,0.04695189,2956.98328525,0.01998551,0.01998551,21937,67,0
9110.82698678,9110.82696945,1431.66848170,1431.66890132,0.04814234,2957.30407040,0.01998551,0.01998551,21936,67,0
9111.24182380,9111.24231561,1441.73032895,1441.71840827,0.04718083,2957.62322490,0.01998551,0.01998551,21935,67,0
9111.65709497,9111.65769965,1451.80418980,1451.78951692,0.04287604,2957.94142159,0.01998551,0.01998551,21934,67,0
9112.07294423,9112.07312157,1461.89073104,1461.88642266,0.04754209,2958.25878153,0.01998551,0.01998551,21933,67,0
9112.48775297,9112.48858138,1471.99101808,1471.97086509,0.04363535,2958.57409896,0.01998551,0.01998551,21932,67,0
9112.90297316,9112.90407907,1482.10612753,1482.07918525,0.05231275,2958.88850750,0.01998551,0.01998551,21931,67,0
9113.32035914,9113.31961467,1492.23631679,1492.25447785,0.04866042,2959.20332529,0.01998551,0.01998551,21930,67,0
9113.73532409,9113.73518817,1502.38011596,1502.38343552,0.04588652,2959.51504167,0.01998551,0.01998551,21929,67,0
9114.15086248,9114.15079957,1512.53582699,1512.53736492,0.04643421,2959.82585647,0.01998551,0.01998551,21928,67,0
9114.56660403,9114.56644889,1522.70204996,1522.70584620,0.04903346,2960.13544108,0.01998551,0.01998551,21927,67,0
9114.98171583,9114.98213613,1532.87946105,1532.86916488,0.04901982,2960.44319306,0.01998551,0.01998551,21926,67,0
9115.39852868,9115.39786129,1543.06959966,1543.08596888,0.05629841,2960.75087644,0.01998551,0.01998551,21925,67,0
9115.81455340,9115.81362438,1553.27398255,1553.29679976,0.04868959,2961.05668891,0.01998551,0.01998551,21924,67,0
9116.22961150,9116.22942540,1563.49306011,1563.49763671,0.04625712,2961.36051411,0.01998551,0.01998551,21923,67,0
9116.64563762,9116.64526436,1573.72606548,1573.73525629,0.04741746,2961.66373869,0.01998551,0.01998551,21922,67,0
9117.06083489,9117.06114127,1583.97216022,1583.96460772,0.05141775,2961.96502131,0.01998551,0.01998551,21921,67,0
9117.47718951,9117.47705612,1594.23081258,1594.23410447,0.04933750,2962.26578003,0.01998551,0.01998551,21920,67,0
9117.89286219,9117.89300893,1604.50244787,1604.49882212,0.04585045,2962.56469043,0.01998551,0.01998551,21919,67,0
9118.30936033,9118.30899970,1614.78767844,1614.79660067,0.04862987,2962.86284744,0.01998551,0.01998551,21918,67,0
9118.72462268,9118.72502843,1625.08705479,1625.07700337,0.05105646,2963.15878690,0.01998551,0.01998551,21917,67,0
9119.14071286,9119.14109514,1635.40053317,1635.39105126,0.04679180,2963.45397356,0.01998551,0.01998551,21916,67,0
9119.55756964,9119.55719981,1645.72775297,1645.73693723,0.04462052,2963.74833936,0.01998551,0.01998551,21915,67,0
9119.97267374,9119.97334247,1656.06835786,1656.05173088,0.05054618,2964.04009367,0.01998551,0.01998551,21914,67,0
9120.38934004,9120.38952312,1666.42236585,1666.41780838,0.04524135,2964.33156150,0.01998551,0.01998551,21913,67,0
9120.80583204,9120.80574175,1676.79027700,1676.79252743,0.04563517,2964.62152886,0.01998551,0.01998551,21912,67,0
9121.22166303,9121.22199838,1687.17262655,1687.16425645,0.04922106,2964.90966931,0.01998551,0.01998551,21911,67,0
9121.63832302,9121.63829302,1697.56972008,1697.57046994,0.04816822,2965.19701606,0.01998551,0.01998551,21910,67,0
9122.05465705,9122.05462566,1707.98114383,1707.98192931,0.05208683,2965.48275178,0.01998551,0.01998551,21909,67,0
9122.47125292,9122.47099631,1718.40634186,1718.41277086,0.04628650,2965.76725827,0.01998551,0.01998551,21908,67,0
9122.88740055,9122.88740497,1728.84484283,1728.84473196,0.05383319,2966.05003228,0.01998551,0.01998551,21907,67,0
9123.30370821,9123.30385166,1739.29686866,1739.29326595,0.04880628,2966.33148827,0.01998551,0.01998551,21906,67,0
9123.72056619,9123.72033638,1749.76297103,1749.76874978,0.05787010,2966.61189478,0.01998551,0.01998551,21905,67,0
9124.13637109,9124.13685913,1760.24369387,1760.23140534,0.05320749,2966.89018352,0.01998551,0.01998551,21904,67,0
9124.55412645,9124.55341992,1770.73925038,1770.75706366,0.05556588,2967.16835872,0.01998551,0.01998551,21903,67,0
9124.96982419,9124.97001875,1781.24951395,1781.24460222,0.04744372,2967.44374162,0.01998551,0.01998551,21902,67,0
9125.38691133,9125.38665563,1791.77434151,1791.78080506,0.05515131,2967.71860835,0.01998551,0.01998551,21901,67,0
9125.80370807,9125.80333056,1802.31359696,1802.32315176,0.05225908,2967.99183570,0.01998551,0.01998551,21900,67,0
9126.21991386,9126.22004355,1812.86716050,1812.86387382,0.05472446,2968.26322123,0.01998551,0.01998551,21899,67,0
9126.63717442,9126.63679460,1823.43491345,1823.44455057,0.04841170,2968.53382567,0.01998551,0.01998551,21898,67,0
9127.05427590,9127.05358373,1834.01680489,1834.03438948,0.05169905,2968.80284894,0.01998551,0.01998551,21897,67,0
9127.47065699,9127.47041093,1844.61309631,1844.61935554,0.04659980,2969.06993343,0.01998551,0.01998551,21896,67,0
9127.88812970,9127.88727620,1855.22414024,1855.24587989,0.05139872,2969.33624131,0.01998551,0.01998551,21895,67,0
9128.30435227,9128.30417957,1865.85029362,1865.85469850,0.04986207,2969.60028128,0.01998551,0.01998551,21894,67,0
9128.72160890,9128.72112102,1876.49193181,1876.50439268,0.04696793,2969.86350543,0.01998551,0.01998551,21893,67,0
9129.13839444,9129.13810056,1887.14944207,1887.15695854,0.05077196,2970.12496315,0.01998551,0.01998551,21892,67,0
9129.55479792,9129.55511821,1897.82318844,1897.81498464,0.05167408,2970.38471586,0.01998551,0.01998551,21891,67,0
9129.97133435,9129.97217397,1908.51286861,1908.49133373,0.04780550,2970.64307093,0.01998551,0.01998551,21890,67,0
9130.38946503,9130.38926783,1919.21747336,1919.22253751,0.04418026,2970.90089340,0.01998551,0.01998551,21889,67,0
9130.80661978,9130.80639981,1929.93595888,1929.94161452,0.05502239,2971.15656294,0.01998551,0.01998551,21888,67,0
9131.22395630,9131.22356991,1940.66807278,1940.67801915,0.05540211,2971.41078077,0.01998551,0.01998551,21887,67,0
9131.64069180,9131.64077814,1951.41505572,1951.41283009,0.04819993,2971.66309477,0.01998551,0.01998551,21886,67,0
9132.05803524,9132.05802450,1962.17832255,1962.17859973,0.05161834,2971.91426245,0.01998551,0.01998551,21885,67,0
9132.47495768,9132.47530900,1972.95874618,1972.94966352,0.05309857,2972.16367558,0.01998551,0.01998551,21884,67,0
9132.89245361,9132.89263164,1983.75536930,1983.75076045,0.05154236,2972.41189779,0.01998551,0.01998551,21883,67,0
9133.30927344,9133.30999242,1994.56684564,1994.54820965,0.04640610,2972.65814815,0.01998551,0.01998551,21882,67,0
9133.72748990,9133.72739136,2005.39205182,2005.39460895,0.04623661,2972.90361435,0.01998551,0.01998551,21881,67,0
9134.14514665,9134.14482846,2016.23122208,2016.23948936,0.04788834,2973.14714176,0.01998551,0.01998551,21880,67,0
9134.56254613,9134.56230372,2027.08508651,2027.09139306,0.05378395,2973.38892075,0.01998551,0.01998551,21879,67,0
9134.97963539,9134.97981715,2037.95438656,2037.94965151,0.05221264,2973.62893290,0.01998551,0.01998551,21878,67,0
9135.39702021,9135.39736875,2048.83991463,2048.83082153,0.04969154,2973.86753649,0.01998551,0.01998551,21877,67,0
9135.81411617,9135.81495854,2059.74249604,2059.72048654,0.05046913,2974.10440708,0.01998551,0.01998551,21876,67,0
9136.23224931,9136.23258650,2070.66292368,2070.65409966,0.05257522,2974.34030197,0.01998551,0.01998551,21875,67,0
9136.65046941,9136.65025266,2081.60125077,2081.60693154,0.04844878,2974.57467085,0.01998551,0.01998551,21874,67,0
9137.06727096,9137.06795701,2092.55686866,2092.53886193,0.05031916,2974.80665566,0.01998551,0.01998551,21873,67,0
9137.48534894,9137.48569956,2103.52914638,2103.51993087,0.05284823,2975.03773521,0.01998551,0.01998551,21872,67,0
9137.90324744,9137.90348031,2114.51768277,2114.51155335,0.04275723,2975.26708161,0.01998551,0.01998551,21871,67,0
9138.32135620,9138.32129928,2125.52237645,2125.52387665,0.04775891,2975.49489824,0.01998551,0.01998551,21870,67,0
9138.73978503,9138.73915646,2136.54314755,2136.55973721,0.05400178,2975.72123193,0.01998551,0.01998551,21869,67,0
9139.15634592,9139.15705186,2147.58015425,2147.56149662,0.05391272,2975.94490339,0.01998551,0.01998551,21868,67,0
9139.57456222,9139.57498549,2158.63398946,2158.62278628,0.05063151,2976.16780935,0.01998551,0.01998551,21867,67,0
9139.99344904,9139.99295735,2169.70529639,2169.71833037,0.05140092,2976.38941527,0.01998551,0.01998551,21866,67,0
9140.41113010,9140.41096745,2180.79446299,2180.79878115,0.04782598,2976.60873035,0.01998551,0.01998551,21865,67,0
9140.82941162,9140.82901579,2191.90123150,2191.91175590,0.04921937,2976.82669237,0.01998551,0.01998551,21864,67,0
9141.24676826,9141.24710237,2203.02524244,2203.01634629,0.04950584,2977.04249243,0.01998551,0.01998551,21863,67,0
9141.66483015,9141.66522721,2214.16612102,2214.15553399,0.04747176,2977.25695871,0.01998551,0.01998551,21862,67,0
9142.08315490,9142.08339030,2225.32344957,2225.31716438,0.04170677,2977.46984173,0.01998551,0.01998551,21861,67,0
9142.50089131,9142.50159166,2236.49679826,2236.47807408,0.04806203,2977.68069376,0.01998551,0.01998551,21860,67,0
9142.91962611,9142.91983129,2247.68595278,2247.68045979,0.05344068,2977.89030089,0.01998551,0.01998551,21859,67,0
9143.33768438,9143.33810919,2258.89163314,2258.88024433,0.04990613,2978.09782777,0.01998551,0.01998551,21858,67,0
9143.75652012,9143.75642537,2270.11481552,2270.11735967,0.05279055,2978.30400483,0.01998551,0.01998551,21857,67,0
9144.17484536,9144.17477983,2281.35633970,2281.35810191,0.04693625,2978.50820245,0.01998551,0.01998551,21856,67,0
9144.59291689,9144.59317258,2292.61628827,2292.60940164,0.04898512,2978.71054259,0.01998551,0.01998551,21855,67,0
9145.01118121,9145.01160363,2303.89449389,2303.88309939,0.05269565,2978.91122913,0.01998551,0.01998551,21854,67,0
9145.43013990,9145.43007298,2315.19074787,2315.19255567,0.04777843,2979.11048391,0.01998551,0.01998551,21853,67,0
9145.84855386,9145.84858063,2326.50459371,2326.50386954,0.04771177,2979.30769925,0.01998551,0.01998551,21852,67,0
9146.26663132,9146.26712659,2337.83547607,2337.82205875,0.05328510,2979.50296017,0.01998551,0.01998551,21851,67,0
9146.68634512,9146.68571087,2349.18301375,2349.20022012,0.05103334,2979.69716422,0.01998551,0.01998551,21850,67,0
9147.10484329,9147.10433347,2360.54809079,2360.56194256,0.05318251,2979.88899511,0.01998551,0.01998551,21849,67,0
9147.52342340,9147.52299439,2371.93214591,2371.94382091,0.04712314,2980.07906962,0.01998551,0.01998551,21848,67,0
9147.94186404,9147.94169365,2383.33642412,2383.34106918,0.04764766,2980.26729791,0.01998551,0.01998551,21847,67,0
9148.36026281,9148.36043124,2394.76057765,2394.75597879,0.05050309,2980.45370860,0.01998551,0.01998551,21846,67,0
9148.77903315,9148.77920717,2406.20351324,2406.19875451,0.04998331,2980.63845560,0.01998551,0.01998551,21845,67,0
9149.19806113,9149.19802145,2417.66423954,2417.66532612,0.04602613,2980.82145876,0.01998551,0.01998551,21844,67,0
9149.61695517,9149.61687409,2429.14268106,2429.14490483,0.04938421,2981.00253553,0.01998551,0.01998551,21843,67,0
9150.03582172,9150.03576508,2440.63920246,2440.64075809,0.05270477,2981.18172920,0.01998551,0.01998551,21842,67,0
9150.45499871,9150.45469443,2452.15423047,2452.16260060,0.04921847,2981.35917927,0.01998551,0.01998551,21841,67,0
9150.87372177,9150.87366216,2463.68863401,2463.69027649,0.04881113,2981.53456632,0.01998551,0.01998551,21840,67,0
9151.29258410,9151.29266825,2475.24349693,2475.24117430,0.04472396,2981.70814664,0.01998551,0.01998551,21839,67,0
9151.71178946,9151.71171273,2486.81966311,2486.82178453,0.04922024,2981.88000280,0.01998551,0.01998551,21838,67,0
9152.13031196,9152.13079559,2498.41612752,2498.40273472,0.04464615,2982.04969033,0.01998551,0.01998551,21837,67,0
9152.54946754,9152.54991684,2510.03104368,2510.01858395,0.04897430,2982.21770556,0.01998551,0.01998551,21836,67,0
9152.96864992,9152.96907648,2521.66286876,2521.65102333,0.04920370,2982.38376900,0.01998551,0.01998551,21835,67,0
9153.38793786,9153.38827452,2533.31221005,2533.30284732,0.04609729,2982.54791025,0.01998551,0.01998551,21834,67,0
9153.80809390,9153.80751097,2544.98056342,2544.99680099,0.04623698,2982.71043215,0.01998551,0.01998551,21833,67,0
9154.22701169,9154.22678583,2556.66920865,2556.67551030,0.05068983,2982.87052954,0.01998551,0.01998551,21832,67,0
9154.64648205,9154.64609911,2568.37810116,2568.38880319,0.04767204,2983.02887986,0.01998551,0.01998551,21831,67,0
9155.06543328,9155.06545080,2580.10672081,2580.10623049,0.05011944,2983.18506031,0.01998551,0.01998551,21830,67,0
9155.48444929,9155.48484092,2591.85467639,2591.84369737,0.05232841,2983.33927584,0.01998551,0.01998551,21829,67,0
9155.90393339,9155.90426948,2603.62221135,2603.61277444,0.04853294,2983.49166358,0.01998551,0.01998551,21828,67,0
9156.32375091,9156.32373647,2615.40976029,2615.41016638,0.04658661,2983.64216355,0.01998551,0.01998551,21827,67,0
9156.74293361,9156.74324190,2627.21777140,2627.20908647,0.04557293,2983.79042532,0.01998551,0.01998551,21826,67,0
9157.16372066,9157.16278578,2639.04673220,2639.07311352,0.04726266,2983.93722846,0.01998551,0.01998551,21825,67,0
9157.58322151,9157.58236812,2650.89714303,2650.92126676,0.05185423,2984.08155660,0.01998551,0.01998551,21824,67,0
9158.00221227,9158.00198891,2662.76929605,2662.77562105,0.05074598,2984.22368125,0.01998551,0.01998551,21823,67,0
9158.42167361,9158.42164816,2674.66287620,2674.66359807,0.05031733,2984.36391952,0.01998551,0.01998551,21822,67,0
9158.84165785,9158.84134589,2686.57745816,2686.58632148,0.05000967,2984.50226468,0.01998551,0.01998551,21821,67,0
9159.26112340,9159.26108209,2698.51289808,2698.51407383,0.04495794,2984.63836021,0.01998551,0.01998551,21820,67,0
9159.68096414,9159.68085676,2710.46965567,2710.47271678,0.04434214,2984.77249055,0.01998551,0.01998551,21819,67,0
9160.10134032,9160.10066992,2722.44826253,2722.46740789,0.04444426,2984.90469387,0.01998551,0.01998551,21818,67,0
9160.52056397,9160.52052158,2734.44870317,2734.44991597,0.04663376,2985.03443142,0.01998551,0.01998551,21817,67,0
9160.94025532,9160.94041172,2746.47012062,2746.46563924,0.04803350,2985.16218839,0.01998551,0.01998551,21816,67,0
9161.36090142,9161.36034037,2758.51161885,2758.52771943,0.05374319,2985.28808101,0.01998551,0.01998551,21815,67,0
9161.78039655,9161.78030752,2770.57334685,2770.57590585,0.04635709,2985.41147071,0.01998551,0.01998551,21814,67,0
9162.19986473,9162.20031319,2782.65657899,2782.64366595,0.04822236,2985.53269835,0.01998551,0.01998551,21813,67,0
9162.62070597,9162.62035737,2794.76258898,2794.77264512,0.04801972,2985.65215829,0.01998551,0.01998551,21812,67,0
9163.04102451,9163.04044007,2806.89173475,2806.90862467,0.04976831,2985.76929617,0.01998551,0.01998551,21811,67,0
9163.46140160,9163.46056130,2819.04370979,2819.06803693,0.04443375,2985.88426136,0.01998551,0.01998551,21810,67,0
9163.88069244,9163.88072106,2831.21821254,2831.21738256,0.04592445,2985.99673294,0.01998551,0.01998551,21809,67,0
9164.30077779,9164.30091936,2843.41511421,2843.41100125,0.04433105,2986.10720357,0.01998551,0.01998551,21808,67,0
9164.72111061,9164.72115620,2855.63436544,2855.63303863,0.05087611,2986.21550778,0.01998551,0.01998551,21807,67,0
9165.14142493,9165.14143159,2867.87585826,2867.87566410,0.05171102,2986.32156133,0.01998551,0.01998551,21806,67,0
9165.56188990,9165.56174554,2880.13922880,2880.14344419,0.04563592,2986.42538987,0.01998551,0.01998551,21805,67,0
9165.98193299,9165.98209804,2892.42404067,2892.41921321,0.04728376,2986.52683794,0.01998551,0.01998551,21804,67,0
9166.40279916,9166.40248911,2904.73032040,2904.73940457,0.04977166,2986.62619066,0.01998551,0.01998551,21803,67,0
9166.82286928,9166.82291875,2917.05924949,2917.05779770,0.04922953,2986.72306225,0.01998551,0.01998551,21802,67,0
9167.24387851,9167.24338696,2929.41217691,2929.42663194,0.04555200,2986.81784859,0.01998551,0.01998551,21801,67,0
9167.66388408,9167.66389375,2941.78952818,2941.78924338,0.05276655,2986.91010185,0.01998551,0.01998551,21800,67,0
9168.08520496,9168.08443913,2954.19042421,2954.21302666,0.04415697,2987.00030806,0.01998551,0.01998551,21799,67,0
9168.50519802,9168.50502309,2966.61395607,2966.61912764,0.04824055,2987.08788122,0.01998551,0.01998551,21798,67,0
9168.92585285,9168.92564566,2979.06038114,2979.06651751,0.04969406,2987.17323014,0.01998551,0.01998551,21797,67,0
9169.34689026,9169.34630682,2991.53087462,2991.54818705,0.04952102,2987.25628352,0.01998551,0.01998551,21796,67,0
9169.76672171,9169.76700659,3004.02649200,3004.01802234,0.04806560,2987.33672736,0.01998551,0.01998551,21795,67,0
9170.18732784,9170.18774498,3016.54726009,3016.53483462,0.04058780,2987.41493003,0.01998551,0.01998551,21794,67,0
9170.60828487,9170.60852198,3029.09278226,3029.08570634,0.04703692,2987.49078574,0.01998551,0.01998551,21793,67,0
9171.03041370,9171.02933760,3041.66287999,3041.69505421,0.04877833,2987.56441337,0.01998551,0.01998551,21792,67,0
9171.44993074,9171.45019185,3054.25806542,3054.25024317,0.04465585,2987.63515355,0.01998551,0.01998551,21791,67,0
9171.87088654,9171.87108474,3066.87897238,3066.87302341,0.04813415,2987.70368779,0.01998551,0.01998551,21790,67,0
9172.29235346,9172.29201626,3079.52533715,3079.53547713,0.04409448,2987.76983111,0.01998551,0.01998551,21789,67,0
9172.71321302,9172.71298643,3092.19556356,3092.20238922,0.05108326,2987.83338558,0.01998551,0.01998551,21788,67,0
9173.13428036,9173.13399525,3104.88810928,3104.89671196,0.04758525,2987.89445611,0.01998551,0.01998551,21787,67,0
9173.55580212,9173.55504272,3117.60375122,3117.62670645,0.04890492,2987.95306252,0.01998551,0.01998551,21786,67,0
9173.97682965,9173.97612885,3130.34491581,3130.36614225,0.04561601,2988.00906963,0.01998551,0.01998551,21785,67,0
9174.39695179,9174.39725365,3143.11358370,3143.10442184,0.04835737,2988.06242789,0.01998551,0.01998551,21784,67,0
9174.81879383,9174.81841712,3155.90925920,3155.92071556,0.04553009,2988.11344455,0.01998551,0.01998551,21783,67,0
9175.23999270,9175.23961926,3168.73067859,3168.74205663,0.04442813,2988.16180280,0.01998551,0.01998551,21782,67,0
9175.66104245,9175.66086009,3181.57726921,3181.58283609,0.05013647,2988.20754882,0.01998551,0.01998551,21781,67,0
9176.08202197,9176.08213960,3194.44985447,3194.44625664,0.04141650,2988.25068039,0.01998551,0.01998551,21780,67,0
9176.50297838,9176.50345780,3207.34937830,3207.33468498,0.04791843,2988.29119003,0.01998551,0.01998551,21779,67,0
9176.92441064,9176.92481470,3220.27586208,3220.26345399,0.04751860,2988.32910491,0.01998551,0.01998551,21778,67,0
9177.34663375,9177.34621031,3233.22854381,3233.24157176,0.04944995,2988.36442262,0.01998551,0.01998551,21777,67,0
9177.76778110,9177.76764462,3246.20686281,3246.21106997,0.04755349,2988.39697204,0.01998551,0.01998551,21776,67,0
9178.18922965,9178.18911764,3259.21149607,3259.21495543,0.04693563,2988.42685249,0.01998551,0.01998551,21775,67,0
9178.61044184,9178.61062939,3272.24353487,3272.23773063,0.04831695,2988.45401092,0.01998551,0.01998551,21774,67,0
9179.03194163,9179.03217985,3285.30366123,3285.29627327,0.04462661,2988.47846464,0.01998551,0.01998551,21773,67,0
9179.45365068,9179.45376905,3298.39176971,3298.38809132,0.04455792,2988.50018643,0.01998551,0.01998551,21772,67,0
9179.87581005,9179.87539698,3311.50766873,3311.52053137,0.04402799,2988.51916430,0.01998551,0.01998551,21771,67,0
9180.29753907,9180.29706365,3324.65121046,3324.66604445,0.05117769,2988.53534068,0.01998551,0.01998551,21770,67,0
9180.71860024,9180.71876907,3337.82227784,3337.81699967,0.04797623,2988.54869972,0.01998551,0.01998551,21769,67,0
9181.14015077,9181.14051324,3351.02098427,3351.00962913,0.04857687,2988.55926252,0.01998551,0.01998551,21768,67,0
9181.56238759,9181.56229616,3364.24833257,3364.25120305,0.04499111,2988.56700507,0.01998551,0.01998551,21767,67,0
9181.98429468,9181.98411785,3377.50552472,3377.51108839,0.04469068,2988.57188714,0.01998551,0.01998551,21766,67,0
9182.40618719,9182.40597830,3390.79283088,3390.79941749,0.04334363,2988.57389669,0.01998551,0.01998551,21765,67,0
9182.82784657,9182.82787752,3404.10933227,3404.10835421,0.04517811,2988.57301604,0.01998551,0.01998551,21764,67,0
9183.24956368,9183.24981552,3417.45416695,3417.44619380,0.05431857,2988.56922790,0.01998551,0.01998551,21763,67,0
9183.67237005,9183.67179231,3430.82745239,3430.84578115,0.04620205,2988.56249271,0.01998551,0.01998551,21762,67,0
9184.09393735,9184.09380788,3444.22972197,3444.23383785,0.04756574,2988.55283024,0.01998551,0.01998551,21761,67,0
9184.51633427,9184.51586225,3457.66156110,3457.67659926,0.04560744,2988.54017790,0.01998551,0.01998551,21760,67,0
9184.93748596,9184.93795541,3471.12364772,3471.10865892,0.03523033,2988.52458216,0.01998551,0.01998551,21759,67,0
9185.36064879,9185.36008738,3484.61660156,3484.63456605,0.05071015,2988.50589355,0.01998551,0.01998551,21758,67,0
9185.78147491,9185.78225816,3498.14024273,3498.11512572,0.04980910,2988.48428772,0.01998550,0.01998551,21757,67,0
9186.20499843,9186.20446775,3511.69390334,3511.71095683,0.05010854,2988.45948338,0.01998551,0.01998551,21756,67,0
9186.62650178,9186.62671616,3525.27689450,3525.26999106,0.04554907,2988.43173121,0.01998551,0.01998551,21755,67,0
9187.04909113,9187.04900340,3538.88850499,3538.89133550,0.04725258,2988.40081922,0.01998551,0.01998551,21754,67,0
9187.47066512,9187.47132947,3552.52819154,3552.50671344,0.04808755,2988.36688286,0.01998550,0.01998551,21753,67,0
9187.89445432,9187.89369438,3566.19789175,3566.22251502,0.04280055,2988.32962460,0.01998551,0.01998551,21752,67,0
9188.31602072,9188.31609813,3579.90138524,3579.89887055,0.04921566,2988.28940322,0.01998551,0.01998551,21751,67,0
9188.73864121,9188.73854073,3593.64074464,3593.64401664,0.04779982,2988.24588983,0.01998551,0.01998551,21750,67,0
9189.16122927,9189.16102217,3607.41280426,3607.41956211,0.04695921,2988.19917176,0.01998551,0.01998551,21749,67,0
9189.58271594,9189.58354248,3621.21374374,3621.18671970,0.04345256,2988.14937239,0.01998550,0.01998551,21748,67,0
9190.00574559,9190.00610165,3635.04479215,3635.03312412,0.04985397,2988.09614995,0.01998550,0.01998551,21747,67,0
9190.42884467,9190.42869969,3648.91107214,3648.91583555,0.04394689,2988.03962943,0.01998551,0.01998551,21746,67,0
9190.85110055,9190.85133660,3662.81557091,3662.80779530,0.04512380,2987.97990469,0.01998550,0.01998551,21745,67,0
9191.27427339,9191.27401239,3676.75484087,3676.76345766,0.04468030,2987.91671587,0.01998551,0.01998551,21744,67,0
9191.69742302,9191.69672707,3690.72463289,3690.74765620,0.04711738,2987.85018975,0.01998551,0.01998551,21743,67,0
9192.11946247,9192.11948063,3704.72534235,3704.72474012,0.05065976,2987.78048778,0.01998551,0.01998551,21742,67,0
9192.54248808,9192.54227309,3718.76055753,3718.76770324,0.04986745,2987.70722488,0.01998551,0.01998551,21741,67,0
9192.96531612,9192.96510446,3732.83224463,3732.83929721,0.04813875,2987.63056190,0.01998551,0.01998551,21740,67,0
9193.38717811,9193.38797473,3746.93842643,3746.91182326,0.04905356,2987.55063866,0.01998550,0.01998551,21739,67,0
9193.81065855,9193.81088391,3761.07681418,3761.06927208,0.04302078,2987.46694749,0.01998551,0.01998551,21738,67,0
9194.23403387,9194.23383200,3775.24745961,3775.25423055,0.04227640,2987.37978771,0.01998551,0.01998551,21737,67,0
9194.65691524,9194.65681902,3789.45163849,3789.45487320,0.04160768,2987.28921602,0.01998551,0.01998551,21736,67,0
9195.07946131,9195.07984497,3803.69033709,3803.67740831,0.04884393,2987.19517879,0.01998551,0.01998551,21735,67,0
9195.50278671,9195.50290985,3817.96404510,3817.95988551,0.04775253,2987.09739479,0.01998551,0.01998551,21734,67,0
9195.92572508,9195.92601367,3832.27314282,3832.26337144,0.04911406,2986.99610116,0.01998551,0.01998551,21733,67,0
9196.34941627,9196.34915643,3846.61764468,3846.62646363,0.04927747,2986.89099516,0.01998551,0.01998551,21732,67,0
9196.77213442,9196.77233814,3860.99750332,3860.99057237,0.04674346,2986.78248312,0.01998550,0.01998551,21731,67,0
9197.19603149,9197.19555881,3875.41402237,3875.43014437,0.04377805,2986.66997449,0.01998551,0.01998551,21730,67,0
9197.61851066,9197.61881843,3889.86984862,3889.85932275,0.04107550,2986.55411414,0.01998550,0.01998551,21729,67,0
9198.04137497,9198.04211702,3904.36622626,3904.34078081,0.03896365,2986.43438287,0.01998550,0.01998551,21728,67,0
9198.46492800,9198.46545459,3918.90025734,3918.88215737,0.04173657,2986.31067635,0.01998550,0.01998551,21727,67,0
9198.88868140,9198.88883113,3933.46893002,3933.46377182,0.03893120,2986.18312501,0.01998550,0.01998551,21726,67,0
9199.31213492,9199.31224665,3948.07476906,3948.07090987,0.04603217,2986.05183280,0.01998550,0.01998551,21725,67,0
9199.73621234,9199.73570115,3962.72305606,3962.74076528,0.04728867,2985.91643246,0.01998551,0.01998551,21724,67,0
9200.15922055,9200.15919465,3977.41388299,3977.41478261,0.04167780,2985.77743912,0.01998551,0.01998551,21723,67,0
9200.58275892,9200.58272715,3992.14041217,3992.14151812,0.04434406,2985.63437111,0.01998551,0.01998551,21722,67,0
9201.00663005,9201.00629865,4006.89841446,4006.90997427,0.04498941,2985.48729973,0.01998551,0.01998551,21721,67,0
9201.42970446,9201.42990916,4021.69437202,4021.68721220,0.04403133,2985.33653343,0.01998551,0.01998551,21720,67,0
9201.85409653,9201.85355868,4036.53615808,4036.55502958,0.04828064,2985.18120008,0.01998551,0.01998551,21719,67,0
9202.27626778,9202.27724722,4051.42253294,4051.38807513,0.04271190,2985.02258766,0.01998550,0.01998551,21718,67,0
9202.70058706,9202.70097479,4066.34731002,4066.33363782,0.04455499,2984.85909131,0.01998551,0.01998551,21717,67,0
9203.12445939,9203.12474138,4081.30814135,4081.29817352,0.03942917,2984.69168454,0.01998551,0.01998551,21716,67,0
nan,nan,0.00000000,-1.00000000,0.00000000,2984.53515312,nan,0.00000000,-2147483648,67,1
nan,nan,0.00000000,-1.00000000,0.00000000,2994.30348718,nan,0.00000000,-2147483648,66,1
9184.51688727,9184.51586225,11.92717918,11.94823642,0.05260919,2994.79467828,0.01998551,0.01998551,21760,66,0
9184.93809442,9184.93795541,20.60204239,20.60490057,0.04239127,2995.26870329,0.01998551,0.01998551,21759,66,0
9185.36038426,9185.36008738,29.28524121,29.29135061,0.04400667,2995.74321089,0.01998551,0.01998551,21758,66,0
9185.78249246,9185.78225816,37.97693352,37.98175949,0.05662189,2996.21678277,0.01998551,0.01998551,21757,66,0
9186.20463529,9186.20446775,46.67705076,46.68050451,0.04327262,2996.68965421,0.01998551,0.01998551,21756,66,0
9186.62629983,9186.62671616,55.38518919,55.37659966,0.04205693,2997.16122610,0.01998551,0.01998551,21755,66,0
9187.05022672,9187.04900340,64.10091593,64.12617373,0.05590061,2997.63453123,0.01998551,0.01998551,21754,66,0
9187.47120771,9187.47132947,72.82380588,72.82129010,0.05004447,2998.10373024,0.01998551,0.01998551,21753,66,0
9187.89405674,9187.89369438,81.55382324,81.56131579,0.04074305,2998.57418620,0.01998551,0.01998551,21752,66,0
9188.31652751,9188.31609813,90.29143871,90.30032423,0.04968738,2999.04341742,0.01998551,0.01998551,21751,66,0
9188.73835733,9188.73854073,99.03715923,99.03336077,0.05396864,2999.51115849,0.01998551,0.01998551,21750,66,0
9189.16173454,9189.16102217,107.79148404,107.80625198,0.05338182,2999.97985627,0.01998551,0.01998551,21749,66,0
9189.58375542,9189.58354248,116.55462787,116.55904630,0.04684490,3000.44630307,0.01998551,0.01998551,21748,66,0
9190.00611084,9190.00610165,125.32649208,125.32668286,0.05059545,3000.91236112,0.01998551,0.01998551,21747,66,0
9190.42915823,9190.42869969,134.10696147,134.11649304,0.04251187,3001.37841186,0.01998551,0.01998551,21746,66,0
9190.85194259,9190.85133660,142.89591828,142.90852568,0.05597216,3001.84339175,0.01998551,0.01998551,21745,66,0
9191.27361727,9191.27401239,151.69320874,151.68498155,0.04467337,3002.30636137,0.01998551,0.01998551,21744,66,0
9191.69678770,9191.69672707,160.49864670,160.49991024,0.04504919,3002.77016651,0.01998551,0.01998551,21743,66,0
9192.11902244,9192.11948063,169.31204378,169.30248773,0.05098942,3003.23212693,0.01998551,0.01998551,21742,66,0
9192.54213941,9192.54227309,178.13323925,178.13044893,0.05107037,3003.69421955,0.01998551,0.01998551,21741,66,0
9192.96553266,9192.96510446,186.96244516,186.97139038,0.05291812,3004.15578651,0.01998551,0.01998551,21740,66,0
9193.38741715,9193.38797473,195.80013631,195.78847818,0.05425354,3004.61490627,0.01998551,0.01998551,21739,66,0
9193.81115100,9193.81088391,204.64679558,204.65238544,0.04301938,3005.07525342,0.01998551,0.01998551,21738,66,0
9194.23373991,9194.23383200,213.50284139,213.50091207,0.04298240,3005.53359040,0.01998551,0.01998551,21737,66,0
9194.65733718,9194.65681902,222.36809649,222.37896134,0.04507817,3005.99223944,0.01998551,0.01998551,21736,66,0
9195.07995864,9195.07984497,231.24206892,231.24445450,0.04706186,3006.44902247,0.01998551,0.01998551,21735,66,0
9195.50346553,9195.50290985,240.12426108,240.13593221,0.05191848,3006.90592172,0.01998551,0.01998551,21734,66,0
9195.92572355,9195.92601367,249.01426859,249.00817046,0.05053556,3007.36061117,0.01998551,0.01998551,21733,66,0
9196.34913552,9196.34915643,257.91226363,257.91182378,0.05300311,3007.81568352,0.01998551,0.01998551,21732,66,0
9196.77157282,9196.77233814,266.81863508,266.80252097,0.04995127,3008.26886636,0.01998550,0.01998551,21731,66,0
9197.19600825,9197.19555881,275.73377441,275.74324625,0.05448715,3008.72336174,0.01998551,0.01998551,21730,66,0
9197.61785204,9197.61881843,284.65800467,284.63761919,0.05065927,3009.17426871,0.01998550,0.01998551,21729,66,0
9198.04143720,9198.04211702,293.59136905,293.57701529,0.06097421,3009.62621917,0.01998550,0.01998551,21728,66,0
9198.46492038,9198.46545459,302.53384082,302.52255114,0.04400294,3010.07723589,0.01998550,0.01998551,21727,66,0
9198.88914167,9198.88883113,311.48539308,311.49196212,0.04440582,3010.52820605,0.01998551,0.01998551,21726,66,0
9199.31142417,9199.31224665,320.44601825,320.42860439,0.04263191,3010.97628279,0.01998550,0.01998551,21725,66,0
9199.73527841,9199.73570115,329.41575843,329.40679972,0.04280577,3011.42518998,0.01998550,0.01998551,21724,66,0
9200.16026018,9200.15919465,338.39466381,338.41726569,0.04613773,3011.87444728,0.01998551,0.01998551,21723,66,0
9200.58328933,9200.58272715,347.38278344,347.39471949,0.04345232,3012.32079914,0.01998551,0.01998551,21722,66,0
9201.00661439,9201.00629865,356.38007433,356.38678415,0.04228491,3012.76661650,0.01998551,0.01998551,21721,66,0
9201.42966474,9201.42990916,365.38634374,365.38114483,0.04407903,3013.21128451,0.01998551,0.01998551,21720,66,0
9201.85356904,9201.85355868,374.40138411,374.40160465,0.04910809,3013.65597325,0.01998551,0.01998551,21719,66,0
9202.27668079,9202.27724722,383.42499614,383.41292726,0.04369662,3014.09894134,0.01998551,0.01998551,21718,66,0
9202.70134135,9202.70097479,392.45720053,392.46501757,0.04424660,3014.54263455,0.01998551,0.01998551,21717,66,0
9203.12363181,9203.12474138,401.49824112,401.47455767,0.04495170,3014.98296864,0.01998550,0.01998551,21716,66,0
9203.54850029,9203.54854702,410.54837303,410.54737481,0.05275014,3015.42511074,0.01998551,0.01998551,21715,66,0
9203.97235531,9203.97239169,419.60783641,419.60705853,0.05387533,3015.86532578,0.01998551,0.01998551,21714,66,0
9204.39635432,9204.39627541,428.67669779,428.67838696,0.05305578,3016.30481737,0.01998551,0.01998551,21713,66,0
9204.82037710,9204.82019818,437.75491830,437.75875159,0.05199333,3016.74345399,0.01998551,0.01998551,21712,66,0
9205.24463758,9205.24416001,446.84245735,446.85269875,0.04884973,3017.18144972,0.01998551,0.01998551,21711,66,0
9205.66724704,9205.66816090,455.93928045,455.91966470,0.05448926,3017.61685305,0.01998550,0.01998551,21710,66,0
9206.09176548,9206.09220086,465.04538731,465.03603332,0.04905278,3018.05332647,0.01998551,0.01998551,21709,66,0
9206.51656810,9206.51627989,474.16078918,474.16698714,0.04909161,3018.48918858,0.01998551,0.01998551,21708,66,0
9206.94020858,9206.94039800,483.28549728,483.28142014,0.04616241,3018.92295425,0.01998551,0.01998551,21707,66,0
9207.36537901,9207.36455519,492.41945182,492.43720019,0.04424505,3019.35737144,0.01998551,0.01998551,21706,66,0
9207.78839847,9207.78875148,501.56239544,501.55478361,0.05320936,3019.78866465,0.01998551,0.01998551,21705,66,0
9208.21227581,9208.21298686,510.71403524,510.69869006,0.05198903,3020.21988774,0.01998551,0.01998551,21704,66,0
9208.63675248,9208.63726134,519.87408569,519.86309505,0.05132394,3020.65075525,0.01998551,0.01998551,21703,66,0
9209.06165252,9209.06157492,529.04271416,529.04439168,0.05038588,3021.08108879,0.01998551,0.01998551,21702,66,0
9209.48537064,9209.48592762,538.22074341,538.20869099,0.04019017,3021.50929933,0.01998551,0.01998551,21701,66,0
9209.91006390,9209.91031943,547.40905206,547.40351677,0.03924519,3021.93760383,0.01998551,0.01998551,21700,66,0
9210.33433321,9210.33475036,556.60844964,556.59940293,0.04948586,3022.36462218,0.01998551,0.01998551,21699,66,0
9210.75875547,9210.75922043,565.81869480,565.80860098,0.04498233,3022.79091949,0.01998551,0.01998551,21698,66,0
9211.18334621,9211.18372962,575.03876031,575.03042909,0.04596574,3023.21645787,0.01998551,0.01998551,21697,66,0
9211.60837467,9211.60827795,584.26759391,584.26969720,0.04392974,3023.64145200,0.01998551,0.01998551,21696,66,0
9212.03165541,9212.03286543,593.50437550,593.47804135,0.04555232,3024.06367952,0.01998550,0.01998551,21695,66,0
9212.45744223,9212.45749206,602.74965067,602.74856529,0.05372334,3024.48740194,0.01998551,0.01998551,21694,66,0
9212.88256550,9212.88215784,612.00445675,612.01334551,0.04827253,3024.90950168,0.01998551,0.01998551,21693,66,0
9213.30729487,9213.30686278,621.26983678,621.27926849,0.04164706,3025.33029284,0.01998551,0.01998551,21692,66,0
9213.73185356,9213.73160688,630.54633469,630.55172494,0.04838062,3025.75001787,0.01998551,0.01998551,21691,66,0
9214.15626011,9214.15639016,639.83324128,639.83039668,0.05223582,3026.16865891,0.01998551,0.01998551,21690,66,0
9214.58059240,9214.58121261,649.12965096,649.11607285,0.04893477,3026.58624799,0.01998550,0.01998551,21689,66,0
9215.00621302,9215.00607425,658.43468372,658.43772419,0.04936266,3027.00407781,0.01998551,0.01998551,21688,66,0
9215.43103842,9215.43097507,667.74834041,667.74972971,0.05383644,3027.42009699,0.01998551,0.01998551,21687,66,0
9215.85625608,9215.85591508,677.07161166,677.07909700,0.05177469,3027.83550976,0.01998551,0.01998551,21686,66,0
9216.28012209,9216.28089430,686.40554644,686.38857678,0.04831368,3028.24865743,0.01998550,0.01998551,21685,66,0
9216.70558728,9216.70591271,695.75104446,695.74388459,0.05319881,3028.66244998,0.01998550,0.01998551,21684,66,0
9217.13139797,9217.13097034,705.10773367,705.11715185,0.04961492,3029.07563992,0.01998551,0.01998551,21683,66,0
9217.55642046,9217.55606717,714.47461404,714.48240221,0.04908908,3029.48707931,0.01998551,0.01998551,21682,66,0
9217.98106950,9217.98120323,723.85067502,723.84772448,0.05052779,3029.89712465,0.01998551,0.01998551,21681,66,0
9218.40630658,9218.40637851,733.23530813,733.23371973,0.04565004,3030.30667267,0.01998551,0.01998551,21680,66,0
9218.83113315,9218.83159303,742.62913934,742.61897502,0.04957475,3030.71478394,0.01998550,0.01998551,21679,66,0
9219.25672808,9219.25684678,752.03303241,752.03040617,0.04204416,3031.12262255,0.01998550,0.01998550,21678,66,0
9219.68206725,9219.68213977,761.44783942,761.44623326,0.05032015,3031.52923719,0.01998550,0.01998550,21677,66,0
9220.10704306,9220.10747201,770.87385983,770.86434874,0.05142696,3031.93453472,0.01998550,0.01998550,21676,66,0
9220.53299047,9220.53284350,780.31072960,780.31399195,0.05358555,3032.33976519,0.01998550,0.01998550,21675,66,0
9220.95770650,9220.95825424,789.75804330,789.74587328,0.05196569,3032.74281117,0.01998550,0.01998550,21674,66,0
9221.38406529,9221.38370425,799.21544334,799.22347274,0.04511556,3033.14637839,0.01998551,0.01998550,21673,66,0
9221.80853010,9221.80919353,808.68295943,808.66819025,0.04892539,3033.54711646,0.01998550,0.01998550,21672,66,0
9222.23473900,9222.23472209,818.16080275,818.16117974,0.04976124,3033.94846462,0.01998550,0.01998550,21671,66,0
9222.65957688,9222.66028992,827.64918665,827.63328073,0.04909576,3034.34749208,0.01998550,0.01998550,21670,66,0
9223.08570414,9223.08589704,837.14826397,837.14395657,0.05048958,3034.74669920,0.01998550,0.01998550,21669,66,0
9223.51143759,9223.51154344,846.65803162,846.65566536,0.04607554,3035.14450055,0.01998550,0.01998550,21668,66,0
9223.93748412,9223.93722915,856.17846199,856.18416742,0.04762961,3035.54155061,0.01998550,0.01998550,21667,66,0
9224.36313110,9224.36295415,865.70954090,865.71350440,0.04467004,3035.93717979,0.01998550,0.01998550,21666,66,0
9224.78913570,9224.78871846,875.25151760,875.26087348,0.05495561,3036.33209715,0.01998550,0.01998550,21665,66,0
9225.21438474,9225.21452209,884.80488156,884.80179833,0.04903892,3036.72528703,0.01998550,0.01998550,21664,66,0
9225.64048329,9225.64036503,894.37013410,894.37279196,0.05264834,3037.11824816,0.01998550,0.01998550,21663,66,0
9226.06641705,9226.06624729,903.94756827,903.95138805,0.04823736,3037.51004889,0.01998550,0.01998550,21662,66,0
9226.49146364,9226.49216889,913.53645243,913.52056683,0.04942308,3037.89999291,0.01998550,0.01998550,21661,66,0
9226.91836068,9226.91812981,923.13573903,923.14094412,0.04702024,3038.29054010,0.01998551,0.01998550,21660,66,0
9227.34392851,9227.34413008,932.74438861,932.73984023,0.05304523,3038.67873253,0.01998550,0.01998550,21659,66,0
9227.77039929,9227.77016969,942.36218271,942.36736821,0.05064836,3039.06659465,0.01998551,0.01998550,21658,66,0
9228.19580185,9228.19624865,951.99013639,951.98003484,0.04885512,3039.45237051,0.01998550,0.01998550,21657,66,0
9228.62174309,9228.62236697,961.62937231,961.61525127,0.04534042,3039.83755916,0.01998550,0.01998550,21656,66,0
9229.04917793,9229.04852465,971.28086576,971.29566974,0.05301114,3040.22304988,0.01998551,0.01998550,21655,66,0
9229.47471292,9229.47472169,980.94435441,980.94415546,0.04763492,3040.60576738,0.01998551,0.01998550,21654,66,0
9229.90052623,9229.90095811,990.61897508,990.60916746,0.04889948,3040.98763693,0.01998550,0.01998550,21653,66,0
9230.32752059,9230.32723391,1000.30385741,1000.31037374,0.05477021,3041.36942276,0.01998551,0.01998550,21652,66,0
9230.75334542,9230.75354908,1009.99857900,1009.99394535,0.04920130,3041.74900159,0.01998551,0.01998550,21651,66,0
9231.17935203,9231.17990365,1019.70368461,1019.69112157,0.05206586,3042.12759837,0.01998550,0.01998550,21650,66,0
9231.60571822,9231.60629761,1029.41984758,1029.40663785,0.05100476,3042.50538999,0.01998550,0.01998550,21649,66,0
9232.03278390,9232.03273097,1039.14769207,1039.14890019,0.04808806,3042.88269218,0.01998551,0.01998550,21648,66,0
9232.45837196,9232.45920374,1048.88723127,1048.86822541,0.04810517,3043.25757941,0.01998550,0.01998550,21647,66,0
9232.88484091,9232.88571591,1058.63808612,1058.61807145,0.05187836,3043.63211132,0.01998550,0.01998550,21646,66,0
9233.31226023,9233.31226750,1068.39986880,1068.39970233,0.05167513,3044.00632126,0.01998551,0.01998550,21645,66,0
9233.73993438,9233.73885852,1078.17232833,1078.19698689,0.04406297,3044.37958037,0.01998551,0.01998550,21644,66,0
9234.16547209,9234.16548896,1087.95557991,1087.95519290,0.04810225,3044.74980850,0.01998550,0.01998550,21643,66,0
9234.59246368,9234.59215883,1097.74979943,1097.75680088,0.04670357,3045.12013349,0.01998551,0.01998550,21642,66,0
9235.01844813,9235.01886814,1107.55518416,1107.54552756,0.05224607,3045.48842110,0.01998550,0.01998550,21641,66,0
9235.44587123,9235.44561689,1117.37220558,1117.37805976,0.04945538,3045.85679627,0.01998550,0.01998550,21640,66,0
9235.87293087,9235.87240509,1127.20153468,1127.21365126,0.05269262,3046.22372080,0.01998551,0.01998550,21639,66,0
9236.29980677,9236.29923275,1137.04385093,1137.05709599,0.04586234,3046.58937046,0.01998551,0.01998550,21638,66,0
9236.72595015,9236.72609986,1146.89942468,1146.89596609,0.04958617,3046.95328234,0.01998550,0.01998550,21637,66,0
9237.15263458,9237.15300644,1156.76738475,1156.75878453,0.04526917,3047.31650635,0.01998550,0.01998550,21636,66,0
9237.57972642,9237.57995249,1166.64665790,1166.64142404,0.04847842,3047.67887953,0.01998550,0.01998550,21635,66,0
9238.00692238,9238.00693802,1176.53626095,1176.53589848,0.04802040,3048.04010101,0.01998550,0.01998550,21634,66,0
9238.43396695,9238.43396303,1186.43646445,1186.43655531,0.04723254,3048.39995964,0.01998550,0.01998550,21633,66,0
9238.86040583,9238.86102753,1196.34841730,1196.33397973,0.05134281,3048.75811208,0.01998550,0.01998550,21632,66,0
9239.28901420,9239.28813151,1206.27329285,1206.29381751,0.05315388,3049.11691909,0.01998551,0.01998550,21631,66,0
9239.71497748,9239.71527500,1216.21176338,1216.20483655,0.04759459,3049.47236978,0.01998550,0.01998550,21630,66,0
9240.14262545,9240.14245799,1226.16325764,1226.16716104,0.05189863,3049.82805400,0.01998550,0.01998550,21629,66,0
9240.56989017,9240.56968049,1236.12701245,1236.13190535,0.05493530,3050.18221295,0.01998550,0.01998550,21628,66,0
9240.99721389,9240.99694250,1246.10233147,1246.10867082,0.05353373,3050.53518396,0.01998550,0.01998550,21627,66,0
9241.42438897,9241.42424404,1256.08923657,1256.09262579,0.05750311,3050.88679100,0.01998550,0.01998550,21626,66,0
9241.85212257,9241.85158509,1266.08816569,1266.10074862,0.04628925,3051.23762396,0.01998550,0.01998550,21625,66,0
9242.27900154,9242.27896568,1276.09956306,1276.10040354,0.05262958,3051.58653457,0.01998550,0.01998550,21624,66,0
9242.70665929,9242.70638581,1286.12368456,1286.13010205,0.05275517,3051.93486094,0.01998550,0.01998550,21623,66,0
9243.13287830,9243.13384548,1296.16043254,1296.13771019,0.05420565,3052.28079013,0.01998550,0.01998550,21622,66,0
9243.56186790,9243.56134469,1306.20966993,1306.22197603,0.05604792,3052.62772178,0.01998551,0.01998550,21621,66,0
9243.98896432,9243.98888346,1316.27125429,1316.27315811,0.05052946,3052.97186938,0.01998550,0.01998550,21620,66,0
9244.41620151,9244.41646179,1326.34501395,1326.33887823,0.04528767,3053.31486764,0.01998550,0.01998550,21619,66,0
9244.84394265,9244.84407968,1336.43076456,1336.42753083,0.04809384,3053.65699303,0.01998550,0.01998550,21618,66,0
9245.27155165,9245.27173714,1346.52833135,1346.52394920,0.04719573,3053.99772331,0.01998550,0.01998550,21617,66,0
9245.69892361,9245.69943418,1356.63791074,1356.62583538,0.04631793,3054.33697730,0.01998550,0.01998550,21616,66,0
9246.12735568,9246.12717079,1366.76015436,1366.76453221,0.04671691,3054.67579679,0.01998550,0.01998550,21615,66,0
9246.55565805,9246.55494699,1376.89574613,1376.91260437,0.05610175,3055.01325316,0.01998551,0.01998550,21614,66,0
9246.98286435,9246.98276279,1387.04515077,1387.04756166,0.05323407,3055.34859913,0.01998550,0.01998550,21613,66,0
9247.41055509,9247.41061818,1397.20800462,1397.20650510,0.05147695,3055.68305926,0.01998550,0.01998550,21612,66,0
9247.83837959,9247.83851317,1407.38374845,1407.38056997,0.05119961,3056.01633166,0.01998550,0.01998550,21611,66,0
9248.26556365,9248.26644777,1417.57184677,1417.55078652,0.04777918,3056.34779181,0.01998550,0.01998550,21610,66,0
9248.69415265,9248.69442198,1427.77211930,1427.76569652,0.04885869,3056.67901125,0.01998550,0.01998550,21609,66,0
9249.12243360,9249.12243582,1437.98463294,1437.98458000,0.05320227,3057.00865718,0.01998550,0.01998550,21608,66,0
9249.55064646,9249.55048927,1448.20946345,1448.21322032,0.05199226,3057.33691242,0.01998550,0.01998550,21607,66,0
9249.97874327,9249.97858236,1458.44703047,1458.45088078,0.04839380,3057.66374832,0.01998550,0.01998550,21606,66,0
9250.40673832,9250.40671508,1468.69838796,1468.69894461,0.04942414,3057.98920388,0.01998550,0.01998550,21605,66,0
9250.83474733,9250.83488745,1478.96466571,1478.96130372,0.05273587,3058.31339621,0.01998550,0.01998550,21604,66,0
9251.26411230,9251.26309946,1489.24663150,1489.27096816,0.04878332,3058.63735234,0.01998551,0.01998550,21603,66,0
9251.69232587,9251.69135112,1499.54313986,1499.56659014,0.04535322,3058.95913591,0.01998551,0.01998550,21602,66,0
9252.11998744,9252.11964244,1509.85241712,1509.86072594,0.05551934,3059.27914299,0.01998550,0.01998550,21601,66,0
9252.54843827,9252.54797342,1520.17278246,1520.18398802,0.05764678,3059.59831798,0.01998550,0.01998550,21600,66,0
9252.97575411,9252.97634407,1530.50432731,1530.49009082,0.04627404,3059.91522653,0.01998550,0.01998550,21599,66,0
9253.40432177,9253.40475440,1540.84861927,1540.83816666,0.04679141,3060.23168042,0.01998550,0.01998550,21598,66,0
9253.83312536,9253.83320440,1551.20727612,1551.20536366,0.04992492,3060.54696508,0.01998550,0.01998550,21597,66,0
9254.26203814,9254.26169409,1561.58114225,1561.58947726,0.04785439,3060.86100409,0.01998550,0.01998550,21596,66,0
9254.69070533,9254.69022347,1571.96952585,1571.98121438,0.05099053,3061.17350990,0.01998550,0.01998550,21595,66,0
9255.11901420,9255.11879255,1582.37155013,1582.37693315,0.04882977,3061.48436983,0.01998550,0.01998550,21594,66,0
9255.54729639,9255.54740133,1592.78653857,1592.78398722,0.05387067,3061.79379965,0.01998550,0.01998550,21593,66,0
9255.97630627,9255.97604981,1603.21482089,1603.22106386,0.05536870,3062.10234419,0.01998550,0.01998550,21592,66,0
9256.40496132,9256.40473801,1613.65703743,1613.66248034,0.04678002,3062.40923524,0.01998550,0.01998550,21591,66,0
9256.83378477,9256.83346593,1624.11378943,1624.12157125,0.05188646,3062.71485887,0.01998550,0.01998550,21590,66,0
9257.26311850,9257.26223357,1634.58510742,1634.60673294,0.04758065,3063.01944902,0.01998550,0.01998550,21589,66,0
9257.69116041,9257.69104094,1645.07061931,1645.07354249,0.05119638,3063.32171304,0.01998550,0.01998550,21588,66,0
9258.11992109,9258.11988804,1655.56994855,1655.57075805,0.04733763,3063.62305573,0.01998550,0.01998550,21587,66,0
9258.54924841,9258.54877489,1666.08307695,1666.09469140,0.04724361,3063.92335631,0.01998550,0.01998550,21586,66,0
9258.97705531,9258.97770148,1676.61051820,1676.59464844,0.04431304,3064.22116737,0.01998550,0.01998550,21585,66,0
9259.40673843,9259.40666782,1687.15283257,1687.15456904,0.05075158,3064.51886023,0.01998550,0.01998550,21584,66,0
9259.83605303,9259.83567392,1697.71034203,1697.71967794,0.05400613,3064.81487374,0.01998550,0.01998550,21583,66,0
9260.26498131,9260.26471978,1708.28261484,1708.28906346,0.05244198,3065.10917977,0.01998550,0.01998550,21582,66,0
9260.69349289,9260.69380541,1718.86906881,1718.86135354,0.05197510,3065.40173810,0.01998550,0.01998550,21581,66,0
9261.12334487,9261.12293081,1729.46922809,1729.47946230,0.05021098,3065.69372347,0.01998550,0.01998550,21580,66,0
9261.55270294,9261.55209599,1740.08336096,1740.09838147,0.05254160,3065.98388597,0.01998550,0.01998550,21579,66,0
9261.98189097,9261.98130096,1750.71204633,1750.72666665,0.05277991,3066.27245660,0.01998550,0.01998550,21578,66,0
9262.41085704,9262.41054572,1761.35584351,1761.36356837,0.04673673,3066.55941022,0.01998550,0.01998550,21577,66,0
9262.83965224,9262.83983027,1772.01492248,1772.01049920,0.05105289,3066.84477997,0.01998550,0.01998550,21576,66,0
9263.26878966,9263.26915462,1782.68914298,1782.68006296,0.05017033,3067.12889505,0.01998550,0.01998550,21575,66,0
9263.69794880,9263.69851878,1793.37835520,1793.36415608,0.05093317,3067.41152986,0.01998550,0.01998550,21574,66,0
9264.12794474,9264.12792276,1804.08241947,1804.08296772,0.05068898,3067.69320548,0.01998550,0.01998550,21573,66,0
9264.55798778,9264.55736655,1814.80121120,1814.81672694,0.05443253,3067.97338922,0.01998550,0.01998550,21572,66,0
9264.98642721,9264.98685016,1825.53460623,1825.52402935,0.05359348,3068.25100329,0.01998550,0.01998550,21571,66,0
9265.41577749,9265.41637360,1836.28260407,1836.26767790,0.04707881,3068.52767336,0.01998550,0.01998550,21570,66,0
9265.84628035,9265.84593688,1847.04552199,1847.05413340,0.05179026,3068.80354489,0.01998550,0.01998550,21569,66,0
9266.27566848,9266.27554000,1857.82372969,1857.82695537,0.05645973,3069.07716661,0.01998550,0.01998550,21568,66,0
9266.70557957,9266.70518296,1868.61760391,1868.62757467,0.05337185,3069.34958708,0.01998550,0.01998550,21567,66,0
9267.13482987,9267.13486577,1879.42754261,1879.42663868,0.04779095,3069.62005898,0.01998550,0.01998550,21566,66,0
9267.56496169,9267.56458845,1890.25395222,1890.26336264,0.04742090,3069.88955489,0.01998550,0.01998550,21565,66,0
9267.99409507,9267.99435098,1901.09712605,1901.09066467,0.05007313,3070.15689646,0.01998550,0.01998550,21564,66,0
9268.42309988,9268.42415338,1911.95642670,1911.92979172,0.04780157,3070.42260768,0.01998550,0.01998550,21563,66,0
9268.85339298,9268.85399565,1922.83076263,1922.81550660,0.05010804,3070.68752517,0.01998550,0.01998550,21562,66,0
9269.28415471,9269.28387781,1933.71912648,1933.72614428,0.05269139,3070.95110264,0.01998550,0.01998550,21561,66,0
9269.71337793,9269.71379984,1944.62190413,1944.61119733,0.05398567,3071.21212014,0.01998550,0.01998550,21560,66,0
9270.14353752,9270.14376177,1955.54054316,1955.53484431,0.04839102,3071.47211321,0.01998550,0.01998550,21559,66,0
9270.57352505,9270.57376359,1966.47648415,1966.47041274,0.05016443,3071.73043355,0.01998550,0.01998550,21558,66,0
9271.00402129,9271.00380532,1977.42987342,1977.43537821,0.05249785,3071.98748294,0.01998550,0.01998550,21557,66,0
9271.43363057,9271.43388695,1988.39938650,1988.39284307,0.05062831,3072.24239058,0.01998550,0.01998550,21556,66,0
9271.86422738,9271.86400849,1999.38362026,1999.38921338,0.05078447,3072.49622766,0.01998550,0.01998550,21555,66,0
9272.29350642,9272.29416995,2010.38194664,2010.36497106,0.05074246,3072.74761547,0.01998550,0.01998550,21554,66,0
9272.72461825,9272.72437134,2021.39501103,2021.40133602,0.04604504,3072.99840355,0.01998550,0.01998550,21553,66,0
9273.15499565,9273.15461265,2032.42358162,2032.43340601,0.04805006,3073.24710199,0.01998550,0.01998550,21552,66,0
9273.58533043,9273.58489390,2043.46845525,2043.47966866,0.04795232,3073.49412499,0.01998550,0.01998550,21551,66,0
9274.01489331,9274.01521509,2054.53048563,2054.52220764,0.04570096,3073.73906921,0.01998550,0.01998550,21550,66,0
9274.44557513,9274.44557622,2065.61054085,2065.61051286,0.05192170,3073.98302117,0.01998550,0.01998550,21549,66,0
9274.87724676,9274.87597730,2076.70917168,2076.74193243,0.05057404,3074.22589850,0.01998550,0.01998550,21548,66,0
9275.30657849,9275.30641835,2087.82591650,2087.83005562,0.04943895,3074.46581602,0.01998550,0.01998550,21547,66,0
9275.73649217,9275.73689935,2098.96011088,2098.94957193,0.05026974,3074.70439325,0.01998550,0.01998550,21546,66,0
9276.16748262,9276.16742032,2110.11117910,2110.11279397,0.05127475,3074.94187406,0.01998550,0.01998550,21545,66,0
9276.59867632,9276.59798127,2121.27893455,2121.29697527,0.04866219,3075.17775706,0.01998550,0.01998550,21544,66,0
9277.02871586,9277.02858219,2132.46329128,2132.46676568,0.04816954,3075.41129510,0.01998550,0.01998550,21543,66,0
9277.45851174,9277.45922310,2143.66425608,2143.64574060,0.05403570,3075.64298275,0.01998550,0.01998550,21542,66,0
9277.89002047,9277.88990400,2154.88233230,2154.88536820,0.05278031,3075.87386778,0.01998550,0.01998550,21541,66,0
9278.32104500,9278.32062489,2166.11819188,2166.12915912,0.05269568,3076.10277219,0.01998550,0.01998550,21540,66,0
9278.75212952,9278.75138579,2177.37240835,2177.39185423,0.04929549,3076.32998998,0.01998550,0.01998550,21539,66,0
9279.18254359,9279.18218669,2188.64488031,2188.65422606,0.05539616,3076.55512839,0.01998550,0.01998550,21538,66,0
9279.61235916,9279.61302761,2199.93523316,2199.91770335,0.05055902,3076.77821606,0.01998550,0.01998550,21537,66,0
9280.04393459,9280.04390854,2211.24308286,2211.24376697,0.04920551,3077.00045337,0.01998550,0.01998550,21536,66,0
9280.47472872,9280.47482950,2222.56800272,2222.56535225,0.05283009,3077.22050862,0.01998550,0.01998550,21535,66,0
9280.90557903,9280.90579049,2233.90954391,2233.90397527,0.05465591,3077.43879684,0.01998550,0.01998550,21534,66,0
9281.33694022,9281.33679151,2245.26735706,2245.27127860,0.04902040,3077.65552980,0.01998550,0.01998550,21533,66,0
9281.76788719,9281.76783257,2256.64199059,2256.64343298,0.05356396,3077.87024419,0.01998550,0.01998550,21532,66,0
9282.19874495,9282.19891368,2268.03446074,2268.02999816,0.05147560,3078.08311549,0.01998550,0.01998550,21531,66,0
9282.63018497,9282.63003484,2279.44571883,2279.44969585,0.04576689,3078.29448080,0.01998550,0.01998550,21530,66,0
9283.06177135,9283.06119605,2290.87599235,2290.89125559,0.04851445,3078.50411656,0.01998550,0.01998550,21529,66,0
9283.49269469,9283.49239733,2302.32511023,2302.33301172,0.04789115,3078.71162000,0.01998550,0.01998550,21528,66,0
9283.92306365,9283.92363868,2313.79287082,2313.77756780,0.05324218,3078.91703793,0.01998550,0.01998550,21527,66,0
9284.35553825,9284.35492010,2325.27883225,2325.29530674,0.04719208,3079.12161275,0.01998550,0.01998550,21526,66,0
9284.78592364,9284.78624161,2336.78241495,2336.77392872,0.05472083,3079.32334068,0.01998550,0.01998550,21525,66,0
9285.21742595,9285.21760319,2348.30316539,2348.29842832,0.04862463,3079.52371400,0.01998550,0.01998550,21524,66,0
9285.64988490,9285.64900487,2359.84188363,2359.86544026,0.05118818,3079.72264974,0.01998550,0.01998550,21523,66,0
9286.08064558,9286.08044664,2371.40006989,2371.40540391,0.04565240,3079.91894769,0.01998550,0.01998550,21522,66,0
9286.51225998,9286.51192852,2382.97906052,2382.98796314,0.05152483,3080.11378860,0.01998550,0.01998550,21521,66,0
9286.94314203,9286.94345050,2394.57856884,2394.57027027,0.05112578,3080.30644023,0.01998550,0.01998550,21520,66,0
9287.37498991,9287.37501260,2406.19745359,2406.19684243,0.04773190,3080.49763109,0.01998550,0.01998550,21519,66,0
9287.80613761,9287.80661481,2417.83467833,2417.82180227,0.05897685,3080.68659520,0.01998550,0.01998550,21518,66,0
9288.23740301,9288.23825715,2429.49016694,2429.46708571,0.04227115,3080.87368437,0.01998550,0.01998550,21517,66,0
9288.66999039,9288.66993962,2441.16430131,2441.16567523,0.04935701,3081.05940810,0.01998550,0.01998550,21516,66,0
9289.10173929,9289.10166223,2452.85753979,2452.85962882,0.05178230,3081.24283321,0.01998550,0.01998550,21515,66,0
9289.53283228,9289.53342497,2464.57081556,2464.55472303,0.04906627,3081.42405191,0.01998550,0.01998550,21514,66,0
9289.96501364,9289.96522786,2476.30526464,2476.29943773,0.05021248,3081.60380152,0.01998550,0.01998550,21513,66,0
9290.39702509,9290.39707091,2488.06166791,2488.06041936,0.05051013,3081.78155335,0.01998550,0.01998550,21512,66,0
9290.82849868,9290.82895411,2499.83879200,2499.82636303,0.04924296,3081.95713108,0.01998550,0.01998550,21511,66,0
9291.26004000,9291.26087748,2511.63469818,2511.61181074,0.05014105,3082.13074537,0.01998550,0.01998550,21510,66,0
9291.69276858,9291.69284101,2523.44796848,2523.44598619,0.04515316,3082.30280778,0.01998550,0.01998550,21509,66,0
9292.12487730,9292.12484472,2535.27952472,2535.28041761,0.04571335,3082.47260014,0.01998550,0.01998550,21508,66,0
9292.55725769,9292.55688861,2547.13093787,2547.14107041,0.04998541,3082.64048806,0.01998550,0.01998550,21507,66,0
9292.98926080,9292.98897269,2559.00336445,2559.01128749,0.04913488,3082.80622615,0.01998550,0.01998550,21506,66,0
9293.42148561,9293.42109696,2570.89655311,2570.90725857,0.04937798,3082.97003100,0.01998550,0.01998550,21505,66,0
9293.85202518,9293.85326142,2582.80995837,2582.77585241,0.04879457,3083.13117222,0.01998550,0.01998550,21504,66,0
9294.28574688,9294.28546609,2594.74329559,2594.75105446,0.05641883,3083.29144676,0.01998550,0.01998550,21503,66,0
9294.71744333,9294.71771097,2606.69692182,2606.68951432,0.05062582,3083.44891657,0.01998550,0.01998550,21502,66,0
9295.14993529,9295.14999606,2618.67129334,2618.66960856,0.04759433,3083.60461484,0.01998550,0.01998550,21501,66,0
9295.58275260,9295.58232137,2630.66688982,2630.67886541,0.05284660,3083.75835970,0.01998550,0.01998550,21500,66,0
9296.01515878,9296.01468690,2642.68422829,2642.69735535,0.05117300,3083.90988566,0.01998550,0.01998550,21499,66,0
9296.44702762,9296.44709267,2654.72382142,2654.72200875,0.05180761,3084.05915039,0.01998550,0.01998550,21498,66,0
9296.87920339,9296.87953867,2666.78576415,2666.77640409,0.04968720,3084.20643696,0.01998550,0.01998550,21497,66,0
9297.31239560,9297.31202492,2678.86964259,2678.88000840,0.05034603,3084.35196105,0.01998550,0.01998550,21496,66,0
9297.74433532,9297.74455141,2690.97504081,2690.96898790,0.05057331,3084.49494593,0.01998550,0.01998550,21495,66,0
9298.17723852,9298.17711815,2703.10207304,2703.10545027,0.04622550,3084.63611749,0.01998550,0.01998550,21494,66,0
9298.60985438,9298.60972516,2715.25128981,2715.25492214,0.04879494,3084.77505793,0.01998550,0.01998550,21493,66,0
9299.04256809,9299.04237243,2727.42315425,2727.42866383,0.04364908,3084.91188601,0.01998550,0.01998550,21492,66,0
9299.47461565,9299.47505997,2739.61719413,2739.60466193,0.04873442,3085.04634749,0.01998550,0.01998550,21491,66,0
9299.90757917,9299.90778778,2751.83243900,2751.82654561,0.05167549,3085.17891099,0.01998550,0.01998550,21490,66,0
9300.34061928,9300.34055588,2764.06821484,2764.07000881,0.05127483,3085.30929397,0.01998550,0.01998550,21489,66,0
9300.77403749,9300.77336426,2776.32541355,2776.34449598,0.04723249,3085.43758249,0.01998550,0.01998550,21488,66,0
9301.20718702,9301.20621294,2788.60543187,2788.63309227,0.05044030,3085.56358745,0.01998550,0.01998550,21487,66,0
9301.63923108,9301.63910191,2800.90927616,2800.91295085,0.04932291,3085.68707409,0.01998550,0.01998550,21486,66,0
9302.07186770,9302.07203119,2813.23681274,2813.23215323,0.04830139,3085.80851794,0.01998550,0.01998550,21485,66,0
9302.50503293,9302.50500078,2825.58770520,2825.58862322,0.05022242,3085.92787690,0.01998550,0.01998550,21484,66,0
9302.93770641,9302.93801068,2837.96172012,2837.95301725,0.05312036,3086.04485520,0.01998550,0.01998550,21483,66,0
9303.37031261,9303.37106091,2850.35879155,2850.33735102,0.04716255,3086.15955941,0.01998550,0.01998550,21482,66,0
9303.80410464,9303.80415146,2862.77885685,2862.77751303,0.04934528,3086.27230048,0.01998550,0.01998550,21481,66,0
9304.23736480,9304.23728234,2875.22164948,2875.22402047,0.04076513,3086.38261259,0.01998550,0.01998550,21480,66,0
9304.67038175,9304.67045356,2887.68671947,2887.68465143,0.04829194,3086.49055979,0.01998550,0.01998550,21479,66,0
9305.10311381,9305.10366512,2900.17375558,2900.15785087,0.04876313,3086.59612187,0.01998550,0.01998550,21478,66,0
9305.53646225,9305.53691703,2912.68361889,2912.67047552,0.05215348,3086.69951180,0.01998550,0.01998550,21477,66,0
9305.97065219,9305.97020930,2925.21773399,2925.23055786,0.04757707,3086.80077113,0.01998550,0.01998550,21476,66,0
9306.40348902,9306.40354193,2937.77708963,2937.77555459,0.04939634,3086.89938723,0.01998550,0.01998550,21475,66,0
9306.83760470,9306.83691492,2950.36103757,2950.38108501,0.04352998,3086.99594218,0.01998550,0.01998550,21474,66,0
9307.27088047,9307.27032829,2962.96855906,2962.98463535,0.04922686,3087.08994084,0.01998550,0.01998550,21473,66,0
9307.70427487,9307.70378203,2975.59942035,2975.61379477,0.04725925,3087.18158325,0.01998550,0.01998550,21472,66,0
9308.13739489,9308.13727616,2988.25474179,2988.25821140,0.04317141,3087.27078335,0.01998550,0.01998550,21471,66,0
9308.57195686,9308.57081067,3000.93573387,3000.96929328,0.04442462,3087.35788041,0.01998550,0.01998550,21470,66,0
9309.00439732,9309.00438558,3013.64272741,3013.64307179,0.04943653,3087.44215460,0.01998550,0.01998550,21469,66,0
9309.43744444,9309.43800088,3026.37532794,3026.35897304,0.04095061,3087.52413411,0.01998550,0.01998550,21468,66,0
9309.87152064,9309.87165660,3039.13323642,3039.12923284,0.04996625,3087.60387000,0.01998550,0.01998550,21467,66,0
9310.30580611,9310.30535272,3051.91686648,3051.93024374,0.04629301,3087.68119048,0.01998550,0.01998550,21466,66,0
9310.73966737,9310.73908926,3064.72689548,3064.74398637,0.05154866,3087.75597501,0.01998550,0.01998550,21465,66,0
9311.17250045,9311.17286623,3077.56334214,3077.55250788,0.04525366,3087.82811813,0.01998550,0.01998550,21464,66,0
9311.60669674,9311.60668362,3090.42465296,3090.42504225,0.04630580,3087.89799345,0.01998550,0.01998550,21463,66,0
9312.04039875,9312.04054144,3103.30912229,3103.30488128,0.04605932,3087.96527295,0.01998550,0.01998550,21462,66,0
9312.47382045,9312.47443971,3116.21713429,3116.19869499,0.04607981,3088.02998664,0.01998550,0.01998550,21461,66,0
9312.90790013,9312.90837841,3129.15117171,3129.13690140,0.05209816,3088.09227099,0.01998550,0.01998550,21460,66,0
9313.34197684,9313.34235757,3142.11344603,3142.10206232,0.04683151,3088.15202184,0.01998550,0.01998550,21459,66,0
9313.77618934,9313.77637719,3155.10365339,3155.09802539,0.04679307,3088.20924091,0.01998550,0.01998550,21458,66,0
9314.21064418,9314.21043727,3168.12047158,3168.12668244,0.04721940,3088.26391872,0.01998550,0.01998550,21457,66,0
9314.64509314,9314.64453781,3181.16322120,3181.17992233,0.05179266,3088.31600539,0.01998550,0.01998550,21456,66,0
9315.07968009,9315.07867883,3194.23272705,3194.26289957,0.04554453,3088.36550651,0.01998550,0.01998550,21455,66,0
9315.51385154,9315.51286033,3207.32997973,3207.35991056,0.04578362,3088.41235102,0.01998550,0.01998550,21454,66,0
9315.94758800,9315.94708231,3220.45501550,3220.47031593,0.04027520,3088.45653005,0.01998550,0.01998550,21453,66,0
9316.38241839,9316.38134479,3233.60703833,3233.63958452,0.04631166,3088.49817634,0.01998550,0.01998550,21452,66,0
9316.81549411,9316.81564776,3246.78548636,3246.78081968,0.04743868,3088.53700748,0.01998550,0.01998550,21451,66,0
9317.25015109,9317.24999123,3259.99110229,3259.99596756,0.04963550,3088.57331247,0.01998550,0.01998550,21450,66,0
9317.68493548,9317.68437520,3273.22502497,3273.24211231,0.04802968,3088.60694274,0.01998550,0.01998550,21449,66,0
9318.11842521,9318.11879970,3286.48790090,3286.47645594,0.04432570,3088.63778574,0.01998550,0.01998550,21448,66,0
9318.55304858,9318.55326470,3299.77959582,3299.77297713,0.04653852,3088.66600024,0.01998550,0.01998550,21447,66,0
9318.98855728,9318.98777024,3313.09991108,3313.12406371,0.04783637,3088.69153568,0.01998550,0.01998550,21446,66,0
9319.42275696,9319.42231630,3326.44869837,3326.46224872,0.04729944,3088.71425215,0.01998550,0.01998550,21445,66,0
9319.85736626,9319.85690290,3339.82583626,3339.84011345,0.04891219,3088.73423301,0.01998550,0.01998550,21444,66,0
9320.29134701,9320.29153004,3353.23156377,3353.22591245,0.04433610,3088.75141815,0.01998550,0.01998550,21443,66,0
9320.72574002,9320.72619773,3366.66701862,3366.65285540,0.05078811,3088.76583707,0.01998550,0.01998550,21442,66,0
9321.16099003,9321.16090597,3380.13340418,3380.13601122,0.04939152,3088.77747758,0.01998550,0.01998550,21441,66,0
9321.59560184,9321.59565477,3393.63067465,3393.62902981,0.04821403,3088.78628116,0.01998550,0.01998550,21440,66,0
9322.03047191,9322.03044413,3407.15781150,3407.15867681,0.04473183,3088.79225300,0.01998550,0.01998550,21439,66,0
9322.46549347,9322.46527406,3420.71407294,3420.72092029,0.04624867,3088.79537184,0.01998550,0.01998550,21438,66,0
9322.90001113,9322.90014457,3434.29978565,3434.29561237,0.03959712,3088.79562125,0.01998550,0.01998550,21437,66,0
9323.33585820,9323.33505566,3447.91551391,3447.94066588,0.04623645,3088.79297851,0.01998550,0.01998550,21436,66,0
9323.76983689,9323.77000733,3461.56190069,3461.55654715,0.04373117,3088.78745239,0.01998550,0.01998550,21435,66,0
9324.20506662,9324.20499960,3475.23966536,3475.24177517,0.04508853,3088.77899271,0.01998550,0.01998550,21434,66,0
9324.63967455,9324.64003247,3488.94930016,3488.93800825,0.04604167,3088.76761258,0.01998550,0.01998550,21433,66,0
9325.07488827,9325.07510594,3502.69034360,3502.68346175,0.04901879,3088.75326371,0.01998550,0.01998550,21432,66,0
9325.51053718,9325.51022001,3516.46208595,3516.47213503,0.04652952,3088.73592554,0.01998550,0.01998550,21431,66,0
9325.94500514,9325.94537471,3530.26379758,3530.25206407,0.04560001,3088.71565514,0.01998550,0.01998550,21430,66,0
9326.38057634,9326.38057002,3544.09472846,3544.09492942,0.04450352,3088.69233253,0.01998550,0.01998550,21429,66,0
9326.81573418,9326.81580597,3557.95491196,3557.95262355,0.04462524,3088.66601666,0.01998550,0.01998550,21428,66,0
9327.25145812,9327.25108254,3571.84754101,3571.85954298,0.05018873,3088.63662452,0.01998550,0.01998550,21427,66,0
9327.68648738,9327.68639975,3585.77643474,3585.77924221,0.04596053,3088.60421614,0.01998550,0.01998550,21426,66,0
9328.12224208,9328.12175761,3599.74130991,3599.75686809,0.04855199,3088.56866661,0.01998550,0.01998550,21425,66,0
9328.55676547,9328.55715611,3613.73798561,3613.72541545,0.04840919,3088.53013363,0.01998550,0.01998550,21424,66,0
9328.99343616,9328.99259527,3627.76404258,3627.79115810,0.04843848,3088.48829864,0.01998550,0.01998550,21423,66,0
9329.42906519,9329.42807509,3641.82356856,3641.85557500,0.04915904,3088.44342677,0.01998550,0.01998550,21422,66,0
9329.86363643,9329.86359558,3655.92166359,3655.92298772,0.04409229,3088.39550688,0.01998550,0.01998550,21421,66,0
9330.29891738,9330.29915673,3670.05783067,3670.05005328,0.04413310,3088.34432888,0.01998550,0.01998550,21420,66,0
9330.73483086,9330.73475857,3684.22736667,3684.22972039,0.04705928,3088.28988515,0.01998550,0.01998550,21419,66,0
9331.17037942,9331.17040109,3698.42775685,3698.42704972,0.04266109,3088.23229030,0.01998550,0.01998550,21418,66,0
9331.60541332,9331.60608430,3712.66201177,3712.64006314,0.04951489,3088.17154488,0.01998550,0.01998550,21417,66,0
9332.04157293,9332.04180820,3726.93350715,3726.92579142,0.04642994,3088.10737975,0.01998550,0.01998550,21416,66,0
9332.47680211,9332.47757281,3741.24162742,3741.21629218,0.04310483,3088.04007826,0.01998550,0.01998550,21415,66,0
9332.91347061,9332.91337812,3755.58375407,3755.58680125,0.04993866,3087.96926187,0.01998550,0.01998550,21414,66,0
9333.34948855,9333.34922414,3769.95877751,3769.96750788,0.04190402,3087.89524865,0.01998550,0.01998550,21413,66,0
9333.78471960,9333.78511088,3784.36786178,3784.35491216,0.04665233,3087.81805472,0.01998550,0.01998550,21412,66,0
9334.22070783,9334.22103835,3798.81223271,3798.80126809,0.05040908,3087.73738187,0.01998550,0.01998550,21411,66,0
9334.65691561,9334.65700654,3813.29252147,3813.28949764,0.04425785,3087.65329610,0.01998550,0.01998550,21410,66,0
9335.09429077,9335.09301547,3827.80917724,3827.85168938,0.04950269,3087.56557680,0.01998550,0.01998550,21409,66,0
9335.52904577,9335.52906514,3842.36234239,3842.36169522,0.04607387,3087.47498058,0.01998550,0.01998550,21408,66,0
9335.96550550,9335.96515555,3856.95191617,3856.96363789,0.04257499,3087.38059839,0.01998550,0.01998550,21407,66,0
9336.40136178,9336.40128672,3871.57865921,3871.58117984,0.04536141,3087.28289211,0.01998550,0.01998550,21406,66,0
9336.83769542,9336.83745864,3886.24516425,3886.25313705,0.04534643,3087.18158319,0.01998550,0.01998550,21405,66,0
9337.27459666,9337.27367133,3900.95354774,3900.98479035,0.04021989,3087.07660145,0.01998550,0.01998550,21404,66,0
9337.70954936,9337.70992478,3915.70160706,3915.68890003,0.04955005,3086.96856209,0.01998550,0.01998550,21403,66,0
9338.14603116,9338.14621902,3930.48577766,3930.47940471,0.04158681,3086.85661263,0.01998550,0.01998550,21402,66,0
9338.58304203,9338.58255403,3945.30723766,3945.32383611,0.04217470,3086.74095646,0.01998550,0.01998550,21401,66,0
9339.02076068,9339.01892983,3960.17148571,3960.23394402,0.03908410,3086.62146651,0.01998550,0.01998550,21400,66,0
9339.45561711,9339.45534642,3975.08029489,3975.08955458,0.04776073,3086.49910656,0.01998550,0.01998550,21399,66,0
9339.89135093,9339.89180380,3990.02709171,3990.01156643,0.04664445,3086.37288137,0.01998550,0.01998550,21398,66,0
9340.32886455,9340.32830200,4005.00629646,4005.02562300,0.04050857,3086.24252561,0.01998550,0.01998550,21397,66,0
9340.76458918,9340.76484100,4020.02345222,4020.01477716,0.04308141,3086.10903682,0.01998550,0.01998550,21396,66,0
9341.20068617,9341.20142081,4035.08717153,4035.06178384,0.03580831,3085.97167168,0.01998550,0.01998550,21395,66,0
9341.63814569,9341.63804145,4050.19737883,4050.20099130,0.03937039,3085.83007103,0.01998550,0.01998550,21394,66,0
9342.07431358,9342.07470291,4065.34764673,4065.33412290,0.04194497,3085.68512999,0.01998550,0.01998550,21393,66,0
9342.51258539,9342.51140520,4080.53500435,4080.57609858,0.05145240,3085.53571818,0.01998550,0.01998550,21392,66,0
nan,nan,0.00000000,-1.00000000,0.00000000,3085.39116172,nan,0.00000000,-2147483648,66,1
nan,nan,0.00000000,-1.00000000,0.00000000,3096.39765106,nan,0.00000000,-2147483648,65,1
9325.94519718,9325.94537471,14.38499108,14.38139718,0.05622525,3096.86338203,0.01998550,0.01998550,21430,65,0
9326.38063487,9326.38057002,23.19876045,23.20007437,0.04862400,3097.35216770,0.01998550,0.01998550,21429,65,0
9326.81567407,9326.81580597,32.02117717,32.01850240,0.05425136,3097.83966456,0.01998550,0.01998550,21428,65,0
9327.25136799,9327.25108254,40.85237996,40.85817389,0.05452731,3098.32705648,0.01998550,0.01998550,21427,65,0
9327.68646626,9327.68639975,49.69214960,49.69350076,0.06035746,3098.81292924,0.01998550,0.01998550,21426,65,0
9328.12141262,9328.12175761,58.54003777,58.53302385,0.04706037,3099.29775283,0.01998550,0.01998550,21425,65,0
9328.55669527,9328.55715611,67.39558995,67.38621347,0.04944112,3099.78204309,0.01998550,0.01998550,21424,65,0
9328.99372428,9328.99259527,76.25842798,76.28141614,0.04710798,3100.26733879,0.01998550,0.01998550,21423,65,0
9329.42856811,9329.42807509,85.12878830,85.13883476,0.05022932,3100.74928580,0.01998550,0.01998550,21422,65,0
9329.86394084,9329.86359558,94.00719871,94.01424008,0.05183502,3101.23092332,0.01998550,0.01998550,21421,65,0
9330.29991621,9330.29915673,102.89419168,102.90969467,0.05344668,3101.71235527,0.01998550,0.01998550,21420,65,0
9330.73537204,9330.73475857,111.79022069,111.80275492,0.04209170,3102.19236340,0.01998550,0.01998550,21419,65,0
9331.17022068,9331.17040109,120.69530815,120.69161859,0.05002814,3102.67085215,0.01998550,0.01998550,21418,65,0
9331.60590316,9331.60608430,129.60933376,129.60562600,0.05016403,3103.14939664,0.01998550,0.01998550,21417,65,0
9332.04141019,9332.04180820,138.53217643,138.52402217,0.04099310,3103.62687647,0.01998550,0.01998550,21416,65,0
9332.47747871,9332.47757281,147.46370040,147.46177086,0.05062770,3104.10408787,0.01998550,0.01998550,21415,65,0
9332.91376221,9332.91337812,156.40372046,156.41160297,0.04671214,3104.58063612,0.01998550,0.01998550,21414,65,0
9333.34932620,9333.34922414,165.35203976,165.35413592,0.04907136,3105.05548839,0.01998550,0.01998550,21413,65,0
9333.78517693,9333.78511088,174.30846120,174.30981876,0.04388348,3105.52972953,0.01998550,0.01998550,21412,65,0
9334.22143399,9334.22103835,183.27298457,183.28112416,0.05444798,3106.00348444,0.01998550,0.01998550,21411,65,0
9334.65781950,9334.65700654,192.24605216,192.26279199,0.04885918,3106.47646993,0.01998550,0.01998550,21410,65,0
9335.09390815,9335.09301547,201.22816879,201.24656753,0.04839497,3106.94824883,0.01998550,0.01998550,21409,65,0
9335.52878541,9335.52906514,210.21983374,210.21406270,0.04280801,3107.41785889,0.01998550,0.01998550,21408,65,0
9335.96731854,9335.96515555,219.22114511,219.26581252,0.05843980,3107.89055022,0.01998551,0.01998550,21407,65,0
9336.39976187,9336.40128672,228.23162883,228.20011145,0.04309413,3108.35579714,0.01998550,0.01998550,21406,65,0
9336.83760428,9336.83745864,237.25076447,237.25377727,0.04505198,3108.82593162,0.01998550,0.01998550,21405,65,0
9337.27502061,9337.27367133,246.27805428,246.30598839,0.04519964,3109.29465397,0.01998550,0.01998550,21404,65,0
9337.71065139,9337.70992478,255.31347276,255.32852796,0.04562433,3109.76051027,0.01998550,0.01998550,21403,65,0
9338.14661329,9338.14621902,264.35741286,264.36558927,0.04475029,3110.22578597,0.01998550,0.01998550,21402,65,0
9338.58306355,9338.58255403,273.41028413,273.42086023,0.04823269,3110.69066397,0.01998550,0.01998550,21401,65,0
9339.01902420,9339.01892983,282.47246803,282.47442884,0.04921371,3111.15411867,0.01998550,0.01998550,21400,65,0
9339.45602048,9339.45534642,291.54407823,291.55809624,0.04871687,3111.61777195,0.01998550,0.01998550,21399,65,0
9339.89161340,9339.89180380,300.62508795,300.62112450,0.05407295,3112.07903219,0.01998550,0.01998550,21398,65,0
9340.32715803,9340.32830200,309.71546901,309.69163398,0.05284852,3112.53933377,0.01998550,0.01998550,21397,65,0
9340.76430268,9340.76484100,318.81520474,318.80397822,0.05067202,3113.00040935,0.01998550,0.01998550,21396,65,0
9341.20050043,9341.20142081,327.92433210,327.90511948,0.05830025,3113.45956875,0.01998550,0.01998550,21395,65,0
9341.63864695,9341.63804145,337.04290360,337.05555506,0.04961528,3113.91985589,0.01998550,0.01998550,21394,65,0
9342.07478910,9342.07470291,346.17097178,346.17277447,0.04869789,3114.37711699,0.01998550,0.01998550,21393,65,0
9342.51219617,9342.51140520,355.30851689,355.32507477,0.04870270,3114.83477725,0.01998550,0.01998550,21392,65,0
9342.94736042,9342.94814834,364.45534752,364.43883846,0.04699166,3115.28915647,0.01998550,0.01998550,21391,65,0
9343.38376787,9343.38493231,373.61124632,373.58682645,0.04558956,3115.74388348,0.01998550,0.01998550,21390,65,0
9343.82100524,9343.82175714,382.77600055,382.76021864,0.05370833,3116.19850681,0.01998550,0.01998550,21389,65,0
9344.25871865,9344.25862282,391.94960346,391.95161675,0.05323269,3116.65265037,0.01998550,0.01998550,21388,65,0
9344.69586157,9344.69552936,401.13230488,401.13929042,0.05311787,3117.10523753,0.01998550,0.01998550,21387,65,0
9345.13243257,9345.13247676,410.32437205,410.32344200,0.04861957,3117.55628017,0.01998550,0.01998550,21386,65,0
9345.56962032,9345.56946504,419.52605800,419.52932923,0.04866749,3118.00701488,0.01998550,0.01998550,21385,65,0
9346.00668478,9346.00649420,428.73743677,428.74145560,0.04953355,3118.45667693,0.01998550,0.01998550,21384,65,0
9346.44355894,9346.44356424,437.95846795,437.95835603,0.05221739,3118.90519260,0.01998550,0.01998550,21383,65,0
9346.88202610,9346.88067517,447.18910897,447.21765067,0.04375265,3119.35438222,0.01998550,0.01998550,21382,65,0
9347.31787801,9347.31782700,456.42932457,456.43040345,0.04241256,3119.79993251,0.01998550,0.01998550,21381,65,0
9347.75512585,9347.75501972,465.67911566,465.68136206,0.04491926,3120.24594419,0.01998550,0.01998550,21380,65,0
9348.19202757,9348.19225335,474.93849403,474.93371040,0.05112563,3120.69063363,0.01998550,0.01998550,21379,65,0
9348.62948485,9348.62952790,484.20747094,484.20655794,0.04350646,3121.13491459,0.01998550,0.01998550,21378,65,0
9349.06712506,9349.06684336,493.48596391,493.49194332,0.05292813,3121.57839843,0.01998550,0.01998550,21377,65,0
9349.50387253,9349.50419975,502.77369250,502.76674071,0.05265270,3122.01998045,0.01998550,0.01998550,21376,65,0
9349.94224798,9349.94159706,512.07034953,512.08419020,0.05145544,3122.46218847,0.01998550,0.01998550,21375,65,0
9350.37904308,9350.37903532,521.37565411,521.37581926,0.04745543,3122.90176922,0.01998550,0.01998550,21374,65,0
9350.81583475,9350.81651451,530.68992338,530.67544408,0.04857956,3123.34032681,0.01998550,0.01998550,21373,65,0
9351.25474053,9351.25403465,540.01405049,540.02910161,0.04808496,3123.78001849,0.01998550,0.01998550,21372,65,0
9351.69134759,9351.69159574,549.34895714,549.34366018,0.04487853,3124.21646324,0.01998550,0.01998550,21371,65,0
9352.12778763,9352.12919779,558.69537964,558.66524435,0.04674131,3124.65182981,0.01998550,0.01998550,21370,65,0
9352.56798387,9352.56684081,568.05276349,568.07721594,0.05017311,3125.08998976,0.01998550,0.01998550,21369,65,0
9353.00368248,9353.00452479,577.42001307,577.40197808,0.04935713,3125.52267485,0.01998550,0.01998550,21368,65,0
9353.44221339,9353.44224975,586.79602528,586.79524613,0.05092724,3125.95711507,0.01998550,0.01998550,21367,65,0
9353.87987740,9353.88001569,596.18024507,596.17727926,0.04689887,3126.38960961,0.01998550,0.01998550,21366,65,0
9354.31807391,9354.31782262,605.57353302,605.57892709,0.04671155,3126.82157891,0.01998550,0.01998550,21365,65,0
9354.75625363,9354.75567054,614.97697875,614.98950805,0.04977116,3127.25252594,0.01998550,0.01998550,21364,65,0
9355.19392542,9355.19355946,624.39163841,624.39951099,0.05127634,3127.68201349,0.01998550,0.01998550,21363,65,0
9355.63156692,9355.63148938,633.81760487,633.81927468,0.05389510,3128.11051157,0.01998550,0.01998550,21362,65,0
9356.06856014,9356.06946032,643.25397788,643.23457376,0.05251962,3128.53737213,0.01998550,0.01998550,21361,65,0
9356.51290384,nan,0.00000000,652.80957440,0.06818291,3128.97000253,0.01998551,0.01998550,21360,65,1
9356.94652806,9356.94552524,662.15433864,662.17599188,0.04472859,3129.39177389,0.01998550,0.01998550,21359,65,0
9357.38374916,9357.38361924,671.61814149,671.62094940,0.05103535,3129.81564551,0.01998550,0.01998550,21358,65,0
9357.82127122,9357.82175427,681.09230861,681.08185761,0.05091859,3130.23878714,0.01998550,0.01998550,21357,65,0
9358.25892214,9358.25993034,690.57793869,690.55610021,0.05134330,3130.66107530,0.01998550,0.01998550,21356,65,0
9358.69832883,9358.69814746,700.07551039,700.07944352,0.05398303,3131.08409004,0.01998550,0.01998550,21355,65,0
9359.13514486,9359.13640563,709.58415053,709.55678284,0.05161957,3131.50360647,0.01998550,0.01998550,21354,65,0
9359.57410087,9359.57470485,719.10280355,719.08968104,0.04915712,3131.92411832,0.01998550,0.01998550,21353,65,0
9360.01249054,9360.01304513,728.63047557,728.61841612,0.04978170,3132.34297955,0.01998550,0.01998550,21352,65,0
9360.45155737,9360.45142649,738.16722049,738.17006916,0.04074914,3132.76137648,0.01998550,0.01998550,21351,65,0
9360.88898774,9360.88984891,747.71391865,747.69515698,0.04866126,3133.17714266,0.01998550,0.01998550,21350,65,0
9361.32831502,9361.32831242,757.27147827,757.27153507,0.04833386,3133.59367095,0.01998550,0.01998550,21349,65,0
9361.76611495,9361.76681701,766.84059703,766.82526803,0.05173679,3134.00773911,0.01998550,0.01998550,21348,65,0
9362.20497317,9362.20536269,776.42108328,776.41256925,0.05119401,3134.42178120,0.01998550,0.01998550,21347,65,0
9362.64431539,9362.64394947,786.01251339,786.02051971,0.04973216,3134.83522693,0.01998550,0.01998550,21346,65,0
9363.08178153,9363.08257735,795.61446777,795.59703812,0.04894727,3135.24583791,0.01998550,0.01998550,21345,65,0
9363.52093284,9363.52124634,805.22679441,805.21992142,0.05593056,3135.65694657,0.01998550,0.01998550,21344,65,0
9363.95991026,9363.95995644,814.84969173,814.84867818,0.04976641,3136.06681112,0.01998550,0.01998550,21343,65,0
9364.39826505,9364.39870766,824.48338295,824.47365934,0.05147669,3136.47502058,0.01998550,0.01998550,21342,65,0
9364.83918065,9364.83750001,834.12806891,834.16502902,0.05452999,3136.88453633,0.01998550,0.01998550,21341,65,0
9365.27629654,9365.27633349,843.78378890,843.78297549,0.05693442,3137.28945238,0.01998550,0.01998550,21340,65,0
9365.71527763,9365.71520811,853.45051428,853.45204630,0.04750153,3137.69501763,0.01998550,0.01998550,21339,65,0
9366.15481060,9366.15412387,863.12821761,863.14336730,0.05351758,3138.10000405,0.01998550,0.01998550,21338,65,0
9366.59335896,9366.59308077,872.81704921,872.82319278,0.05279859,3138.50299916,0.01998550,0.01998550,21337,65,0
9367.03333420,9367.03207884,882.51749364,882.54524885,0.04840043,3138.90623273,0.01998550,0.01998550,21336,65,0
9367.47141395,9367.47111806,892.23007532,892.23662499,0.04157984,3139.30667823,0.01998550,0.01998550,21335,65,0
9367.90940489,9367.91019845,901.95522261,901.93763578,0.05025463,3139.70600660,0.01998550,0.01998550,21334,65,0
9368.34851149,9368.34932001,911.69239646,911.67445850,0.04704488,3140.10528494,0.01998550,0.01998550,21333,65,0
9368.78827767,9368.78848275,921.44050671,921.43595240,0.04936778,3140.50404240,0.01998550,0.01998550,21332,65,0
9369.22775132,9369.22768667,931.19845187,931.19988879,0.05542204,3140.90136478,0.01998550,0.01998550,21331,65,0
9369.66814739,9369.66693178,940.96574517,940.99278850,0.04811246,3141.29832407,0.01998550,0.01998550,21330,65,0
9370.10528603,9370.10621809,950.74334854,950.72259207,0.05079018,3141.69119687,0.01998550,0.01998550,21329,65,0
9370.54543187,9370.54554560,960.53243722,960.52990174,0.04736312,3142.08565727,0.01998550,0.01998550,21328,65,0
9370.98520047,9370.98491431,970.33409130,970.34047882,0.05315037,3142.47870045,0.01998550,0.01998550,21327,65,0
9371.42426611,9371.42432424,980.14819481,980.14689588,0.05510363,3142.87002926,0.01998550,0.01998550,21326,65,0
9371.86385411,9371.86377538,989.97385281,989.97561388,0.05069722,3143.26069555,0.01998550,0.01998550,21325,65,0
9372.30249311,9372.30326775,999.81015216,999.79280677,0.04844545,3143.64935248,0.01998550,0.01998550,21324,65,0
9372.74240666,9372.74280135,1009.65659385,1009.64774764,0.05051253,3144.03794471,0.01998550,0.01998550,21323,65,0
9373.18176650,9373.18237618,1019.51372002,1019.50004126,0.04882631,3144.42487130,0.01998550,0.01998550,21322,65,0
9373.62143538,9373.62199226,1029.38223607,1029.36972831,0.05214856,3144.81091598,0.01998550,0.01998550,21321,65,0
9374.06168313,9374.06164958,1039.26279560,1039.26354991,0.05292490,3145.19633276,0.01998550,0.01998550,21320,65,0
9374.50070246,9374.50134816,1049.15541138,1049.14087618,0.05309651,3145.57953726,0.01998550,0.01998550,21319,65,0
9374.94058941,9374.94108799,1059.05968606,1059.04845066,0.05585700,3145.96233987,0.01998550,0.01998550,21318,65,0
9375.38006011,9375.38086909,1068.97521363,1068.95696469,0.05061468,3146.34360096,0.01998550,0.01998550,21317,65,0
9375.82048493,9375.82069146,1078.90175221,1078.89708849,0.04752460,3146.72449306,0.01998550,0.01998550,21316,65,0
9376.25956484,9376.26055511,1088.83943393,1088.81704967,0.04580442,3147.10302979,0.01998550,0.01998550,21315,65,0
9376.69995196,9376.70046004,1098.78844319,1098.77694628,0.04826840,3147.48149989,0.01998550,0.01998550,21314,65,0
9377.14002454,9377.14040625,1108.74900002,1108.74035324,0.04735000,3147.85850900,0.01998550,0.01998550,21313,65,0
9377.58054480,9377.58039376,1118.72163947,1118.72506475,0.04778694,3148.23472469,0.01998550,0.01998550,21312,65,0
9378.02054314,9378.02042257,1128.70706815,1128.70980578,0.04703510,3148.60934039,0.01998550,0.01998550,21311,65,0
9378.46130306,9378.46049269,1138.70599186,1138.72441637,0.04259079,3148.98346865,0.01998550,0.01998550,21310,65,0
9378.90086263,9378.90060411,1148.71849492,1148.72437974,0.05099363,3149.35544293,0.01998550,0.01998550,21309,65,0
9379.34015052,9379.34075686,1158.74356855,1158.72975093,0.04784794,3149.72601164,0.01998550,0.01998550,21308,65,0
9379.78159860,9379.78095092,1168.78008659,1168.79486100,0.05020242,3150.09717150,0.01998550,0.01998550,21307,65,0
9380.22138948,9380.22118632,1178.82716203,1178.83180086,0.04928130,3150.46567333,0.01998550,0.01998550,21306,65,0
9380.66146887,9380.66146304,1188.88543010,1188.88556331,0.05425089,3150.83317196,0.01998550,0.01998550,21305,65,0
9381.10301352,9381.10178111,1198.95611394,1198.98431794,0.05693388,3151.20068229,0.01998550,0.01998550,21304,65,0
9381.54255075,9381.54214053,1209.04041811,1209.04981837,0.05651582,3151.56535413,0.01998550,0.01998550,21303,65,0
9381.98198691,9381.98254130,1219.13865854,1219.12593882,0.05587734,3151.92878272,0.01998550,0.01998550,21302,65,0
9382.42283400,9382.42298342,1229.25009944,1229.24666711,0.05084518,3152.29218069,0.01998550,0.01998550,21301,65,0
9382.86317603,9382.86346691,1239.37393939,1239.36725041,0.04876090,3152.65393052,0.01998550,0.01998550,21300,65,0
9383.30410723,9383.30399177,1249.50960621,1249.51226421,0.04720373,3153.01490488,0.01998550,0.01998550,21299,65,0
9383.74456583,9383.74455800,1259.65737191,1259.65755239,0.04950661,3153.37423840,0.01998550,0.01998550,21298,65,0
9384.18481936,9384.18516562,1269.81770167,1269.80971242,0.04625455,3153.73216318,0.01998550,0.01998550,21297,65,0
9384.62521964,9384.62581462,1279.99103656,1279.97729213,0.05657119,3154.08897532,0.01998550,0.01998550,21296,65,0
9385.06643573,9385.06650501,1290.17747443,1290.17587203,0.05223375,3154.44521040,0.01998550,0.01998550,21295,65,0
9385.50711940,9385.50723680,1300.37687685,1300.37415834,0.04914250,3154.79976795,0.01998550,0.01998550,21294,65,0
9385.94743675,9385.94801000,1310.58909959,1310.57581030,0.05036547,3155.15277462,0.01998550,0.01998550,21293,65,0
9386.38762062,9386.38882461,1320.81398220,1320.78603943,0.05559303,3155.50440798,0.01998550,0.01998550,21292,65,0
9386.82943381,9386.82968063,1331.05133525,1331.04560045,0.05403916,3155.85605750,0.01998550,0.01998550,21291,65,0
9387.27072864,9387.27057808,1341.30096486,1341.30446704,0.05020710,3156.20599672,0.01998550,0.01998550,21290,65,0
9387.71162776,9387.71151695,1351.56278881,1351.56536916,0.04638425,3156.55431857,0.01998550,0.01998550,21289,65,0
9388.15247324,9388.15249726,1361.83732113,1361.83676119,0.04598105,3156.90130712,0.01998550,0.01998550,21288,65,0
9388.59335175,9388.59351900,1372.12527564,1372.12137154,0.05138914,3157.24704884,0.01998550,0.01998550,21287,65,0
9389.03512375,9389.03458219,1382.42733306,1382.43999048,0.05058655,3157.59223112,0.01998550,0.01998550,21286,65,0
9389.47586718,9389.47568684,1392.74350325,1392.74772354,0.05646686,3157.93534656,0.01998550,0.01998550,21285,65,0
9389.91782945,9389.91683293,1403.07322043,1403.09656837,0.05682144,3158.27811866,0.01998550,0.01998550,21284,65,0
9390.35760536,9390.35802050,1413.41589740,1413.40615998,0.04896273,3158.61788528,0.01998550,0.01998550,21283,65,0
9390.79862316,9390.79924953,1423.77114478,1423.75643627,0.04785361,3158.95728067,0.01998550,0.01998550,21282,65,0
9391.24051378,9391.24052003,1434.13898672,1434.13883964,0.05341927,3159.29600627,0.01998550,0.01998550,21281,65,0
9391.68111204,9391.68183202,1444.51949873,1444.50255398,0.04783892,3159.63240099,0.01998550,0.01998550,21280,65,0
9392.12350531,9392.12318549,1454.91289488,1454.92043081,0.05313478,3159.96882080,0.01998550,0.01998550,21279,65,0
9392.56497532,9392.56458045,1465.32011296,1465.32942925,0.05149052,3160.30321879,0.01998550,0.01998550,21278,65,0
9393.00638553,9393.00601692,1475.74233354,1475.75104256,0.04367170,3160.63628464,0.01998550,0.01998550,21277,65,0
9393.44667832,9393.44749488,1486.18063291,1486.16131210,0.04915892,3160.96725247,0.01998550,0.01998550,21276,65,0
9393.88906977,9393.88901436,1496.63444229,1496.63575521,0.04760417,3161.29851007,0.01998550,0.01998550,21275,65,0
9394.32993552,9394.33057535,1507.10193772,1507.08676181,0.05014311,3161.62727664,0.01998550,0.01998550,21274,65,0
9394.77231448,9394.77217786,1517.58126892,1517.58451256,0.04932248,3161.95575418,0.01998550,0.01998550,21273,65,0
9395.21406514,9395.21382190,1528.07185617,1528.07763720,0.05004726,3162.28232485,0.01998550,0.01998550,21272,65,0
9395.65561485,9395.65550747,1538.57519643,1538.57775142,0.04814303,3162.60734967,0.01998550,0.01998550,21271,65,0
9396.09702027,9396.09723458,1549.09298825,1549.08788180,0.05026289,3162.93091817,0.01998550,0.01998550,21270,65,0
9396.53903150,9396.53900324,1559.62644759,1559.62712185,0.04609297,3163.25360841,0.01998550,0.01998550,21269,65,0
9396.98043534,9396.98081344,1570.17504798,1570.16601463,0.05031733,3163.57451132,0.01998550,0.01998550,21268,65,0
9397.42227678,9397.42266521,1580.73787203,1580.72858076,0.05193540,3163.89435254,0.01998550,0.01998550,21267,65,0
9397.86502723,9397.86455853,1591.31412164,1591.32534609,0.05322989,3164.21343623,0.01998550,0.01998550,21266,65,0
9398.30604970,9398.30649343,1601.90399023,1601.89335077,0.05317766,3164.52986531,0.01998550,0.01998550,21265,65,0
9398.74824921,9398.74846989,1612.50814529,1612.50284707,0.04723987,3164.84574017,0.01998550,0.01998550,21264,65,0
9399.19022493,9399.19048794,1623.12723511,1623.12091217,0.05364222,3165.16006797,0.01998550,0.01998550,21263,65,0
9399.63251280,9399.63254758,1633.76137347,1633.76053636,0.05328456,3165.47322569,0.01998550,0.01998550,21262,65,0
9400.07470195,9400.07464880,1644.41018029,1644.41146138,0.04848146,3165.78490313,0.01998550,0.01998550,21261,65,0
9400.51580857,9400.51679162,1655.07325849,1655.04953586,0.05177117,3166.09439404,0.01998550,0.01998550,21260,65,0
9400.95840313,9400.95897605,1665.75055218,1665.73670926,0.05420296,3166.40349152,0.01998550,0.01998550,21259,65,0
9401.40131142,9401.40120209,1676.44258779,1676.44523290,0.04673678,3166.71137507,0.01998550,0.01998550,21258,65,0
9401.84289815,9401.84346974,1687.14995222,1687.13610447,0.05014127,3167.01692248,0.01998550,0.01998550,21257,65,0
9402.28523549,9402.28577901,1697.87298379,1697.85979819,0.05679650,3167.32157251,0.01998550,0.01998550,21256,65,0
9402.72755991,9402.72812991,1708.61123088,1708.59738521,0.05304582,3167.62477548,0.01998550,0.01998550,21255,65,0
9403.17028576,9403.17052244,1719.36408335,1719.35832708,0.05086520,3167.92678906,0.01998550,0.01998550,21254,65,0
9403.61339369,9403.61295661,1730.13106410,1730.14170737,0.05072661,3168.22757579,0.01998550,0.01998550,21253,65,0
9404.05521243,9404.05543242,1740.91249135,1740.90712741,0.04751758,3168.52600774,0.01998550,0.01998550,21252,65,0
9404.49861284,9404.49794989,1751.70897260,1751.72515808,0.05277630,3168.82403235,0.01998550,0.01998550,21251,65,0
9404.94054609,9404.94050901,1762.52107860,1762.52198512,0.04768473,3169.11960806,0.01998550,0.01998550,21250,65,0
9405.38248393,9405.38310979,1773.34893204,1773.33361050,0.05288720,3169.41372220,0.01998550,0.01998550,21249,65,0
9405.82545148,9405.82575225,1784.19238079,1784.18500794,0.04975735,3169.70704006,0.01998550,0.01998550,21248,65,0
9406.26821982,9406.26843637,1795.05126811,1795.04595269,0.04974600,3169.99873190,0.01998550,0.01998550,21247,65,0
9406.71138128,9406.71116218,1805.92545080,1805.93083597,0.05515434,3170.28917557,0.01998550,0.01998550,21246,65,0
9407.15448908,9407.15392967,1816.81479883,1816.82856574,0.05156641,3170.57806557,0.01998550,0.01998550,21245,65,0
9407.59735190,9407.59673885,1827.71918526,1827.73429160,0.05403934,3170.86526794,0.01998550,0.01998550,21244,65,0
9408.03895374,9408.03958973,1838.63867937,1838.62298732,0.05254082,3171.15012601,0.01998550,0.01998550,21243,65,0
9408.48200051,9408.48248232,1849.57364267,1849.56173886,0.05434207,3171.43438625,0.01998550,0.01998550,21242,65,0
9408.92517702,9408.92541661,1860.52446323,1860.51853561,0.04568358,3171.71719902,0.01998550,0.01998550,21241,65,0
9409.36862947,9409.36839262,1871.49154051,1871.49740850,0.04800791,3171.99865788,0.01998550,0.01998550,21240,65,0
9409.81156830,9409.81141035,1882.47529532,1882.47921412,0.04853938,3172.27826553,0.01998550,0.01998550,21239,65,0
9410.25376681,9410.25446981,1893.47615428,1893.45868644,0.05059604,3172.55588778,0.01998550,0.01998550,21238,65,0
9410.69689758,9410.69757100,1904.49422584,1904.47746906,0.04769315,3172.83256791,0.01998550,0.01998550,21237,65,0
9411.14079847,9411.14071393,1915.52857852,1915.53068517,0.04945093,3173.10816402,0.01998550,0.01998550,21236,65,0
9411.58350187,9411.58389860,1926.57806247,1926.56816537,0.05254208,3173.38142032,0.01998550,0.01998550,21235,65,0
9412.02675685,9412.02712502,1937.64190752,1937.63271134,0.05360221,3173.65339347,0.01998550,0.01998550,21234,65,0
9412.47053970,9412.47039320,1948.72113496,1948.72479912,0.05448154,3173.92408072,0.01998550,0.01998550,21233,65,0
9412.91383362,9412.91370315,1959.81729318,1959.82056141,0.05439360,3174.19289137,0.01998550,0.01998550,21232,65,0
9413.35724592,9413.35705486,1970.93163504,1970.93642846,0.04799292,3174.46021715,0.01998550,0.01998550,21231,65,0
9413.80059332,9413.80044834,1982.06346168,1982.06710405,0.04827481,3174.72592142,0.01998550,0.01998550,21230,65,0
9414.24318816,9414.24388361,1993.21130028,1993.19380606,0.04651356,3174.98955295,0.01998550,0.01998550,21229,65,0
9414.68678711,9414.68736066,2004.37382989,2004.35938470,0.04888463,3175.25211771,0.01998550,0.01998550,21228,65,0
9415.13080609,9415.13087950,2015.55113256,2015.54928117,0.05044844,3175.51325646,0.01998550,0.01998550,21227,65,0
9415.57407173,9415.57444014,2026.74400387,2026.73470112,0.05053397,3175.77229190,0.01998550,0.01998550,21226,65,0
9416.01796545,9416.01804259,2037.95325624,2037.95130559,0.04782731,3176.03004273,0.01998550,0.01998550,21225,65,0
9416.46156917,9416.46168684,2049.17975737,2049.17677735,0.05064435,3176.28598535,0.01998550,0.01998550,21224,65,0
9416.90503172,9416.90537291,2060.42441249,2060.41575858,0.04772990,3176.54021959,0.01998550,0.01998550,21223,65,0
9417.34907893,9417.34910081,2071.68807110,2071.68751534,0.05326184,3176.79316877,0.01998550,0.01998550,21222,65,0
9417.79340890,9417.79287052,2082.97070269,2082.98440116,0.04896694,3177.04464567,0.01998550,0.01998550,21221,65,0
9418.23688494,9418.23668208,2094.27162850,2094.27679803,0.05101346,3177.29398535,0.01998550,0.01998550,21220,65,0
9418.68061979,9418.68053547,2105.59016814,2105.59231996,0.05056988,3177.54179249,0.01998550,0.01998550,21219,65,0
9419.12517374,9419.12443071,2116.92595918,2116.94494766,0.04963614,3177.78835690,0.01998550,0.01998550,21218,65,0
9419.56818673,9419.56836779,2128.27890394,2128.27427022,0.04961431,3178.03236276,0.01998550,0.01998550,21217,65,0
9420.01200187,9420.01234674,2139.64893246,2139.64009444,0.04847474,3178.27509454,0.01998550,0.01998550,21216,65,0
9420.45664286,9420.45636755,2151.03637195,2151.04343799,0.05235102,3178.51655380,0.01998550,0.01998550,21215,65,0
9420.89997792,9420.90043022,2162.44191148,2162.43028532,0.04791721,3178.75559101,0.01998550,0.01998550,21214,65,0
9421.34380020,9421.34453477,2173.86623321,2173.84732181,0.05247159,3178.99318242,0.01998550,0.01998550,21213,65,0
9421.78821690,9421.78868121,2185.30948052,2185.29750863,0.05126302,3179.22937229,0.01998550,0.01998550,21212,65,0
9422.23260449,9422.23286953,2196.77128142,2196.76443739,0.04881752,3179.46380842,0.01998550,0.01998550,21211,65,0
9422.67655632,9422.67709974,2208.25123845,2208.23718491,0.04991567,3179.69626124,0.01998550,0.01998550,21210,65,0
9423.12111351,9423.12137185,2219.74891840,2219.74222786,0.05269999,3179.92725667,0.01998550,0.01998550,21209,65,0
9423.56511050,9423.56568586,2231.26385326,2231.24893187,0.04708527,3180.15617022,0.01998550,0.01998550,21208,65,0
9424.01030736,9424.01004178,2242.79560647,2242.80250316,0.05377955,3180.38388775,0.01998550,0.01998550,21207,65,0
9424.45439255,9424.45443963,2254.34450002,2254.34327582,0.04354209,3180.60922380,0.01998550,0.01998550,21206,65,0
9424.89969856,9424.89887939,2265.91157316,2265.93290952,0.05356788,3180.83337220,0.01998550,0.01998550,21205,65,0
9425.34338738,9425.34336108,2277.49786737,2277.49855350,0.04407117,3181.05491703,0.01998550,0.01998550,21204,65,0
9425.78770503,9425.78788470,2289.10378569,2289.09909094,0.04574703,3181.27498311,0.01998550,0.01998550,21203,65,0
9426.23256596,9426.23245027,2300.72916419,2300.73219198,0.05131853,3181.49350741,0.01998550,0.01998550,21202,65,0
9426.67751986,9426.67705778,2312.37380370,2312.38591525,0.05126857,3181.71025070,0.01998550,0.01998550,21201,65,0
9427.12242076,9427.12170724,2324.03728169,2324.05601176,0.05239466,3181.92512352,0.01998550,0.01998550,21200,65,0
9427.56643917,9427.56639866,2335.71899498,2335.72005970,0.05094809,3182.13771006,0.01998550,0.01998550,21199,65,0
9428.01178681,9428.01113205,2347.41842465,2347.43566159,0.04753775,3182.34904733,0.01998550,0.01998550,21198,65,0
9428.45548598,9428.45590740,2359.13627293,2359.12516176,0.05040482,3182.55772725,0.01998550,0.01998550,21197,65,0
9428.90149048,9428.90072473,2370.87410088,2370.89432463,0.05006741,3182.76562277,0.01998550,0.01998550,21196,65,0
9429.34557940,9429.34558404,2382.63333784,2382.63321509,0.04983462,3182.97077793,0.01998550,0.01998550,21195,65,0
9429.79026821,9429.79048534,2394.41376321,2394.40800905,0.04616817,3183.17434754,0.01998550,0.01998550,21194,65,0
9430.23572671,9430.23542863,2406.21418584,2406.22209712,0.04901016,3183.37636888,0.01998550,0.01998550,21193,65,0
9430.68032912,9430.68041393,2418.03352233,2418.03126808,0.05136346,3183.57607608,0.01998550,0.01998550,21192,65,0
9431.12599594,9431.12544122,2429.87169807,2429.88646534,0.04848030,3183.77431884,0.01998550,0.01998550,21191,65,0
9431.56998601,9431.57051053,2441.72911338,2441.71512836,0.05166852,3183.96987816,0.01998550,0.01998550,21190,65,0
9432.01532201,9432.01562186,2453.60626265,2453.59825521,0.05169369,3184.16408506,0.01998550,0.01998550,21189,65,0
9432.46030696,9432.46077520,2465.50414799,2465.49162213,0.04596768,3184.35619822,0.01998550,0.01998550,21188,65,0
9432.90613753,9432.90597058,2477.42396069,2477.42843459,0.04774453,3184.54673852,0.01998550,0.01998550,21187,65,0
9433.35065680,9433.35120800,2489.36638311,2489.35158575,0.04905455,3184.73478573,0.01998550,0.01998550,21186,65,0
9433.79597364,9433.79648745,2501.32995195,2501.31613645,0.04592118,3184.92120014,0.01998550,0.01998550,21185,65,0
9434.24186450,9434.24180895,2513.31263386,2513.31412952,0.04715372,3185.10583612,0.01998550,0.01998550,21184,65,0
9434.68728727,9434.68717250,2525.31322064,2525.31631545,0.04561006,3185.28823256,0.01998550,0.01998550,21183,65,0
9435.13248582,9435.13257812,2537.33291687,2537.33042429,0.04752462,3185.46850210,0.01998550,0.01998550,21182,65,0
9435.57775193,9435.57802580,2549.37336528,2549.36595650,0.04863065,3185.64677751,0.01998550,0.01998550,21181,65,0
9436.02342878,9436.02351554,2561.43551883,2561.43316760,0.04564058,3185.82319516,0.01998550,0.01998550,21180,65,0
9436.46871347,9436.46904737,2573.51896630,2573.50990319,0.04507145,3185.99741904,0.01998550,0.01998550,21179,65,0
9436.91474181,9436.91462128,2585.62314535,2585.62642240,0.04845009,3186.16987117,0.01998550,0.01998550,21178,65,0
9437.35989762,9437.36023727,2597.74792613,2597.73867681,0.04887155,3186.33991410,0.01998550,0.01998550,21177,65,0
9437.80566392,9437.80589537,2609.89374537,2609.88743231,0.04984515,3186.50811054,0.01998550,0.01998550,21176,65,0
9438.25229874,9438.25159556,2622.06108376,2622.08029663,0.05325989,3186.67454209,0.01998550,0.01998550,21175,65,0
9438.69753519,9438.69733786,2634.25045668,2634.25585759,0.04879425,3186.83836241,0.01998550,0.01998550,21174,65,0
9439.14260805,9439.14312227,2646.46240990,2646.44831058,0.04910235,3187.00003150,0.01998550,0.01998550,21173,65,0
9439.58875270,9439.58894880,2658.69742461,2658.69203824,0.04614188,3187.15998504,0.01998550,0.01998550,21172,65,0
9440.03517534,9440.03481745,2670.95536282,2670.96521060,0.05305395,3187.31791389,0.01998550,0.01998550,21171,65,0
9440.48064762,9440.48072824,2683.23576046,2683.23353831,0.04456100,3187.47336931,0.01998550,0.01998550,21170,65,0
9440.92671464,9440.92668116,2695.53829305,2695.53921749,0.04490652,3187.62687615,0.01998550,0.01998550,21169,65,0
9441.37352812,9441.37267623,2707.86333810,2707.88690087,0.04925073,3187.77846872,0.01998550,0.01998550,21168,65,0
9441.81861766,9441.81871344,2720.21148673,2720.20883282,0.04902561,3187.92731010,0.01998550,0.01998550,21167,65,0
9442.26501270,9442.26479281,2732.58293134,2732.58903508,0.04949701,3188.07440531,0.01998550,0.01998550,21166,65,0
9442.71017497,9442.71091433,2744.97682161,2744.95626391,0.04410131,3188.21889414,0.01998550,0.01998550,21165,65,0
9443.15656858,9443.15707803,2757.39215279,2757.37796511,0.04622242,3188.36155192,0.01998550,0.01998550,21164,65,0
9443.60343686,9443.60328389,2769.82889549,2769.83316258,0.05007091,3188.50211122,0.01998550,0.01998550,21163,65,0
9444.05003672,9444.04953194,2782.28840291,2782.30250957,0.05039147,3188.64033913,0.01998550,0.01998550,21162,65,0
9444.49558785,9444.49582217,2794.77207734,2794.76551674,0.04661006,3188.77600588,0.01998550,0.01998550,21161,65,0
9444.94177005,9444.94215459,2807.28033555,2807.26954902,0.05084565,3188.90961635,0.01998550,0.01998550,21160,65,0
9445.38807949,9445.38852920,2819.81284360,2819.80020592,0.05361430,3189.04099601,0.01998550,0.01998550,21159,65,0
9445.83493137,9445.83494602,2832.36927750,2832.36886500,0.04612819,3189.17024433,0.01998550,0.01998550,21158,65,0
9446.28265050,9446.28140504,2844.94950907,2844.98463475,0.04916359,3189.29742891,0.01998550,0.01998550,21157,65,0
9446.72882454,9446.72790629,2857.55348407,2857.57942817,0.05224152,3189.42185508,0.01998550,0.01998550,21156,65,0
9447.17428292,9447.17444975,2870.18104900,2870.17632724,0.04563357,3189.54375625,0.01998550,0.01998550,21155,65,0
9447.62088486,9447.62103543,2882.83177482,2882.82750576,0.04625844,3189.66361983,0.01998550,0.01998550,21154,65,0
9448.06801361,9448.06766335,2895.50520165,2895.51514894,0.05291293,3189.78124906,0.01998550,0.01998550,21153,65,0
9448.51436446,9448.51433351,2908.20168521,2908.20256569,0.05031328,3189.89629234,0.01998550,0.01998550,21152,65,0
9448.96146470,9448.96104591,2920.92264563,2920.93458296,0.04974385,3190.00914220,0.01998550,0.01998550,21151,65,0
9449.40836340,9449.40780056,2933.66944393,2933.68551856,0.05236193,3190.11955115,0.01998550,0.01998550,21150,65,0
9449.85500680,9449.85459747,2946.44193139,2946.45364384,0.04449930,3190.22749274,0.01998550,0.01998550,21149,65,0
9450.30138023,9450.30143664,2959.23904608,2959.23742905,0.04657290,3190.33294356,0.01998550,0.01998550,21148,65,0
9450.74874310,9450.74831808,2972.06010543,2972.07231054,0.04632624,3190.43617490,0.01998550,0.01998550,21147,65,0
9451.19485578,9451.19524179,2984.90602245,2984.89491684,0.04970371,3190.53666469,0.01998550,0.01998550,21146,65,0
9451.64192018,9451.64220778,2997.77810819,2997.76981734,0.04900294,3190.63490612,0.01998550,0.01998550,21145,65,0
9452.08999266,9452.08921606,3010.67704092,3010.69947267,0.04956413,3190.73088433,0.01998550,0.01998550,21144,65,0
9452.53647546,9452.53626663,3023.60247707,3023.60852089,0.04975497,3190.82402882,0.01998550,0.01998550,21143,65,0
9452.98335759,9452.98335950,3036.55403229,3036.55397695,0.05045721,3190.91474562,0.01998550,0.01998550,21142,65,0
9453.43083946,9453.43049467,3049.53197484,3049.54199216,0.04299022,3191.00305272,0.01998550,0.01998550,21141,65,0
9453.87836526,9453.87767215,3062.53700809,3062.55718567,0.05108328,3191.08882323,0.01998550,0.01998550,21140,65,0
9454.32526059,9454.32489195,3075.56940791,3075.58016072,0.05042699,3191.17191789,0.01998550,0.01998550,21139,65,0
9454.77262073,9454.77215408,3088.62772992,3088.64136660,0.05097823,3191.25251603,0.01998550,0.01998550,21138,65,0
9455.22008223,9455.21945852,3101.71013292,3101.72838991,0.05084788,3191.33052037,0.01998550,0.01998550,21137,65,0
9455.66745375,9455.66680531,3114.81657724,3114.83559299,0.04511565,3191.40588228,0.01998550,0.01998550,21136,65,0
9456.11429142,9456.11419443,3127.94956631,3127.95241640,0.04498498,3191.47853111,0.01998550,0.01998550,21135,65,0
9456.56271075,9456.56162590,3141.11152997,3141.14347680,0.04916252,3191.54879762,0.01998550,0.01998550,21134,65,0
9457.00829061,9457.00909973,3154.30239197,3154.27851636,0.04774341,3191.61598165,0.01998550,0.01998550,21133,65,0
9457.45621931,9457.45661591,3167.52077429,3167.50904861,0.04667846,3191.68084505,0.01998550,0.01998550,21132,65,0
9457.90422270,9457.90417445,3180.76588893,3180.76731807,0.04875442,3191.74301577,0.01998550,0.01998550,21131,65,0
9458.35209507,9458.35177537,3194.03855790,3194.04804753,0.04309287,3191.80245244,0.01998550,0.01998550,21130,65,0
9458.79946358,9458.79941866,3207.33982080,3207.34115679,0.04821879,3191.85909819,0.01998550,0.01998550,21129,65,0
9459.24655188,9459.24710433,3220.66972687,3220.65326106,0.04927136,3191.91297054,0.01998550,0.01998550,21128,65,0
9459.69388259,9459.69483240,3234.02744354,3233.99907923,0.05114441,3191.96411151,0.01998549,0.01998550,21127,65,0
9460.14327510,9460.14260285,3247.41241242,3247.43252738,0.04397673,3192.01268787,0.01998550,0.01998550,21126,65,0
9460.59084458,9460.59041571,3260.82544803,3260.83830696,0.04357246,3192.05826267,0.01998550,0.01998550,21125,65,0
9461.03844451,9461.03827098,3274.26773701,3274.27295116,0.04594780,3192.10102708,0.01998550,0.01998550,21124,65,0
9461.48641042,9461.48616865,3287.73988123,3287.74716093,0.04769717,3192.14099228,0.01998550,0.01998550,21123,65,0
9461.93321922,9461.93410875,3301.24171911,3301.21487889,0.04794520,3192.17801025,0.01998549,0.01998550,21122,65,0
9462.38251306,9462.38209127,3314.77304536,3314.78579879,0.04692164,3192.21235022,0.01998550,0.01998550,21121,65,0
9462.83038558,9462.83011622,3328.33371097,3328.34187234,0.04713434,3192.24368387,0.01998550,0.01998550,21120,65,0
9463.27700150,9463.27818360,3341.92359515,3341.88770518,0.04684357,3192.27202940,0.01998549,0.01998550,21119,65,0
9463.72684240,9463.72629343,3355.54309867,3355.55980136,0.04953174,3192.29763357,0.01998550,0.01998550,21118,65,0
9464.17491381,9464.17444571,3369.19347942,3369.20775331,0.04950046,3192.32018029,0.01998550,0.01998550,21117,65,0
9464.62184918,9464.62264044,3382.87588639,3382.85170386,0.05483660,3192.33971145,0.01998549,0.01998550,21116,65,0
9465.07033757,9465.07087763,3396.58994057,3396.57339910,0.05036923,3192.35631889,0.01998550,0.01998550,21115,65,0
9465.51803996,9465.51915729,3410.33455613,3410.30026207,0.04382868,3192.36988650,0.01998549,0.01998550,21114,65,0
9465.96750407,9465.96747943,3424.10920125,3424.10995932,0.04043922,3192.38046095,0.01998550,0.01998550,21113,65,0
9466.41533771,9466.41584404,3437.91435449,3437.89874808,0.04960419,3192.38794133,0.01998550,0.01998550,21112,65,0
9466.86366634,9466.86425113,3451.75061754,3451.73255323,0.05210736,3192.39235455,0.01998550,0.01998550,21111,65,0
9467.31318256,9467.31270072,3465.61869553,3465.63361294,0.04999392,3192.39366921,0.01998550,0.01998550,21110,65,0
9467.76061839,9467.76119281,3479.51933988,3479.50151617,0.04640321,3192.39186352,0.01998550,0.01998550,21109,65,0
9468.20937724,9468.20972739,3493.45278068,3493.44189128,0.04589744,3192.38690963,0.01998550,0.01998550,21108,65,0
9468.65799308,9468.65830449,3507.41836475,3507.40865900,0.04613716,3192.37878967,0.01998550,0.01998550,21107,65,0
9469.10698140,9469.10692410,3521.41534326,3521.41713286,0.04782586,3192.36747075,0.01998550,0.01998550,21106,65,0
9469.55631641,9469.55558623,3535.44294271,3535.46579538,0.04343356,3192.35292537,0.01998550,0.01998550,21105,65,0
9470.00453331,9470.00429089,3549.50042054,3549.50802310,0.05050074,3192.33518941,0.01998550,0.01998550,21104,65,0
9470.45422910,9470.45303808,3563.58903634,3563.62647198,0.04549549,3192.31413371,0.01998550,0.01998550,21103,65,0
9470.90141482,9470.90182781,3577.71277970,3577.69976554,0.05284988,3192.28992776,0.01998550,0.01998550,21102,65,0
9471.35062917,9471.35066009,3591.87464046,3591.87366371,0.04620350,3192.26230088,0.01998550,0.01998550,21101,65,0
9471.79951500,9471.79953492,3606.07180699,3606.07117618,0.04966472,3192.23135944,0.01998550,0.01998550,21100,65,0
9472.24807601,9472.24845231,3620.29996240,3620.28802397,0.04520385,3192.19709697,0.01998550,0.01998550,21099,65,0
9472.69765455,9472.69741225,3634.55982290,3634.56752770,0.05291770,3192.15937971,0.01998550,0.01998550,21098,65,0
9473.14667534,9473.14641477,3648.85692049,3648.86522903,0.04398000,3192.11829600,0.01998550,0.01998550,21097,65,0
9473.59454639,9473.59545987,3663.19457626,3663.16537179,0.04686528,3192.07388295,0.01998549,0.01998550,21096,65,0
9474.04410629,9474.04454754,3677.56904031,3677.55490071,0.03883776,3192.02583745,0.01998550,0.01998550,21095,65,0
9474.49370255,9474.49367781,3691.97579346,3691.97658788,0.04787842,3191.97430697,0.01998550,0.01998550,21094,65,0
9474.94236374,9474.94285066,3706.41570699,3706.40003466,0.04697101,3191.91938717,0.01998550,0.01998550,21093,65,0
9475.39224615,9475.39206612,3720.89271698,3720.89852643,0.04912768,3191.86077086,0.01998550,0.01998550,21092,65,0
9475.83995570,9475.84132418,3735.40831451,3735.36404435,0.04494401,3191.79887885,0.01998549,0.01998550,21091,65,0
9476.28987222,9476.29062486,3749.96006287,3749.93565919,0.04830054,3191.73308910,0.01998550,0.01998550,21090,65,0
9476.73898208,9476.73996815,3764.54578142,3764.51373746,0.04021318,3191.66381039,0.01998550,0.01998550,21089,65,0
9477.18947600,9477.18935407,3779.16609016,3779.17006185,0.04715202,3191.59067025,0.01998550,0.01998550,21088,65,0
9477.63783148,9477.63878262,3793.82237259,3793.79131793,0.05253840,3191.51421758,0.01998550,0.01998550,21087,65,0
9478.08784427,9478.08825380,3808.51550870,3808.50210510,0.05487454,3191.43378019,0.01998550,0.01998550,21086,65,0
9478.53775857,9478.53776762,3823.24599473,3823.24569783,0.04549116,3191.34962311,0.01998550,0.01998550,21085,65,0
9478.98706064,9478.98732410,3838.01412235,3838.00545707,0.04747257,3191.26182248,0.01998550,0.01998550,21084,65,0
9479.43735977,9479.43692323,3852.81981346,3852.83420678,0.04719547,3191.17003204,0.01998550,0.01998550,21083,65,0
9479.88787365,9479.88656501,3867.66337335,3867.70662925,0.04570253,3191.07436640,0.01998550,0.01998550,21082,65,0
9480.33558934,9480.33624947,3882.54714404,3882.52526507,0.03863213,3190.97545488,0.01998549,0.01998550,21081,65,0
9480.78515846,9480.78597660,3897.47382017,3897.44662805,0.04285325,3190.87223369,0.01998549,0.01998550,21080,65,0
9481.23560607,9481.23574640,3912.44226372,3912.43758763,0.04103535,3190.76486775,0.01998550,0.01998550,21079,65,0
9481.68523766,9481.68555889,3927.44860923,3927.43788017,0.04297533,3190.65375838,0.01998550,0.01998550,21078,65,0
9482.13610147,9482.13541408,3942.49254251,3942.51556027,0.03947318,3190.53836822,0.01998550,0.01998550,21077,65,0
9482.58559542,9482.58531196,3957.57949500,3957.58901517,0.04759396,3190.41929346,0.01998550,0.01998550,21076,65,0
9483.03536719,9483.03525254,3972.71281185,3972.71667333,0.04736198,3190.29605265,0.01998550,0.01998550,21075,65,0
9483.48569740,9483.48523583,3987.88654336,3987.90212513,0.04748307,3190.16857353,0.01998550,0.01998550,21074,65,0
9483.93533776,9483.93526183,4003.09397791,4003.09654630,0.04565922,3190.03723968,0.01998550,0.01998550,21073,65,0
9484.38526110,9484.38533056,4018.33935951,4018.33700314,0.04576874,3189.90170872,0.01998550,0.01998550,21072,65,0
9484.83537057,9484.83544202,4033.63194364,4033.62951235,0.04669766,3189.76188892,0.01998550,0.01998550,21071,65,0
9485.28518835,9485.28559620,4048.97294453,4048.95902572,0.04097545,3189.61788289,0.01998550,0.01998550,21070,65,0
9485.73606381,9485.73579313,4064.35576638,4064.36502602,0.03762547,3189.46927538,0.01998550,0.01998550,21069,65,0
9486.18651043,9486.18603281,4079.77679474,4079.79317402,0.04434775,3189.31655166,0.01998550,0.01998550,21068,65,0
nan,nan,0.00000000,-1.00000000,0.00000000,3189.16219554,nan,0.00000000,-2147483648,65,1
9471.35124998,9471.35066009,7.98188324,7.99363780,0.05017732,3201.66491732,0.01998550,0.01998550,21101,64,0
9471.80037807,9471.79953492,16.93035149,16.94716732,0.05072377,3202.16109958,0.01998550,0.01998550,21100,64,0
9472.24793095,9472.24845231,25.88761863,25.87721128,0.05252484,3202.65475424,0.01998550,0.01998550,21099,64,0
9472.69770057,9472.69741225,34.85386253,34.85962308,0.05667532,3203.15006794,0.01998550,0.01998550,21098,64,0
9473.14727109,9473.14641477,43.82915546,43.84628029,0.05449611,3203.64437483,0.01998550,0.01998550,21097,64,0
9473.59563827,9473.59545987,52.81313543,52.81670612,0.05791816,3204.13655048,0.01998550,0.01998550,21096,64,0
9474.04339320,9474.04454754,61.80532754,61.78220478,0.05091105,3204.62721893,0.01998550,0.01998550,21095,64,0
9474.49397238,9474.49367781,70.80525490,70.81115989,0.05203833,3205.12011000,0.01998550,0.01998550,21094,64,0
9474.94289966,9474.94285066,79.81270764,79.81369056,0.05297763,3205.61030881,0.01998550,0.01998550,21093,64,0
9475.39227164,9475.39206612,88.82813924,88.83226556,0.05621848,3206.10012943,0.01998550,0.01998550,21092,64,0
9475.84010595,9475.84132418,97.85210622,97.82762544,0.05465597,3206.58744051,0.01998550,0.01998550,21091,64,0
9476.29057172,9476.29062486,106.88516336,106.88409444,0.05415753,3207.07680172,0.01998550,0.01998550,21090,64,0
9476.73959880,9476.73996815,115.92760493,115.92016880,0.05326112,3207.56379999,0.01998550,0.01998550,21089,64,0
9477.18910122,9477.18935407,124.97933642,124.97424116,0.04852979,3208.05050441,0.01998550,0.01998550,21088,64,0
9477.63794191,9477.63878262,134.04023121,134.02327406,0.05840458,3208.53567332,0.01998550,0.01998550,21087,64,0
9478.08828175,9478.08825380,143.11015981,143.11072419,0.05177295,3209.02162911,0.01998550,0.01998550,21086,64,0
9478.53783376,9478.53776762,152.18895281,152.19028908,0.04798847,3209.50588873,0.01998550,0.01998550,21085,64,0
9478.98684057,9478.98732410,161.27640549,161.26662728,0.04845663,3209.98870245,0.01998550,0.01998550,21084,64,0
9479.43716359,9479.43692323,170.37231072,170.37717553,0.05178858,3210.47205460,0.01998550,0.01998550,21083,64,0
9479.88662484,9479.88656501,179.47651480,179.47772665,0.05520573,3210.95359413,0.01998550,0.01998550,21082,64,0
9480.33701724,9480.33624947,188.58931737,188.60488300,0.05656852,3211.43525374,0.01998550,0.01998550,21081,64,0
9480.78545470,9480.78597660,197.71124494,197.70065423,0.05614307,3211.91397359,0.01998550,0.01998550,21080,64,0
9481.23609833,9481.23574640,206.84282877,206.84997750,0.05029114,3212.39421877,0.01998550,0.01998550,21079,64,0
9481.68566287,9481.68555889,215.98442787,215.98654196,0.05131568,3212.87249943,0.01998550,0.01998550,21078,64,0
9482.13576226,9482.13541408,225.13568416,225.14277042,0.04778902,3213.35051082,0.01998550,0.01998550,21077,64,0
9482.58567449,9482.58531196,234.29605300,234.30343774,0.05081767,3213.82745242,0.01998550,0.01998550,21076,64,0
9483.03574301,9483.03525254,243.46498855,243.47498740,0.05069601,3214.30365587,0.01998550,0.01998550,21075,64,0
9483.48508171,9483.48523583,252.64223966,252.63909510,0.05209392,3214.77816846,0.01998550,0.01998550,21074,64,0
9483.93531861,9483.93526183,261.82815944,261.82931876,0.05248071,3215.25272328,0.01998550,0.01998550,21073,64,0
9484.38553700,9484.38533056,271.02317667,271.02739616,0.05647253,3215.72636949,0.01998550,0.01998550,21072,64,0
9484.83526058,9484.83544202,280.22771358,280.22400157,0.04633281,3216.19862498,0.01998550,0.01998550,21071,64,0
9485.28499652,9485.28559620,289.44197553,289.42969473,0.04986024,3216.67002982,0.01998550,0.01998550,21070,64,0
9485.73567818,9485.73579313,298.66594345,298.66358711,0.04954761,3217.14155411,0.01998550,0.01998550,21069,64,0
9486.18614842,9486.18603281,307.89958781,307.90195992,0.05393163,3217.61197909,0.01998550,0.01998550,21068,64,0
9486.63616283,9486.63631523,317.14288504,317.13975521,0.05072465,3218.08104582,0.01998550,0.01998550,21067,64,0
9487.08665053,9487.08664041,326.39586360,326.39607161,0.05080516,3218.54971967,0.01998550,0.01998550,21066,64,0
9487.53788836,9487.53700836,335.65857830,335.67668589,0.05331018,3219.01828333,0.01998550,0.01998550,21065,64,0
9487.98744893,9487.98741908,344.93108443,344.93169928,0.05718618,3219.48421724,0.01998550,0.01998550,21064,64,0
9488.43761837,9488.43787257,354.21338423,354.20814369,0.05617585,3219.94988954,0.01998550,0.01998550,21063,64,0
9488.88856169,9488.88836884,363.50529229,363.50927187,0.05090407,3220.41545297,0.01998550,0.01998550,21062,64,0
9489.33970514,9489.33890791,372.80658081,372.82304694,0.05390533,3220.88029640,0.01998550,0.01998550,21061,64,0
9489.78984199,9489.78948976,382.11702394,382.12430531,0.05090412,3221.34316336,0.01998550,0.01998550,21060,64,0
9490.24041703,9490.24011442,391.43658575,391.44284687,0.03977612,3221.80553525,0.01998550,0.01998550,21059,64,0
9490.69059097,9490.69078188,400.76552057,400.76156676,0.04667955,3222.26655902,0.01998550,0.01998550,21058,64,0
9491.14140680,9491.14149216,410.10410855,410.10233909,0.04856593,3222.72731146,0.01998550,0.01998550,21057,64,0
9491.59184348,9491.59224526,419.45261628,419.44427951,0.04779768,3223.18675682,0.01998550,0.01998550,21056,64,0
9492.04404329,9492.04304118,428.81112577,428.83193976,0.05627309,3223.64707536,0.01998550,0.01998550,21055,64,0
9492.49445605,9492.49387993,438.17959494,438.19157248,0.05280725,3224.10464654,0.01998550,0.01998550,21054,64,0
9492.94411926,9492.94476152,447.55797914,447.54461379,0.04493535,3224.56052541,0.01998550,0.01998550,21053,64,0
9493.39644044,9493.39568595,456.94624242,456.96195848,0.05030185,3225.01815424,0.01998550,0.01998550,21052,64,0
9493.84658673,9493.84665323,466.34438698,466.34300040,0.04682405,3225.47263748,0.01998550,0.01998550,21051,64,0
9494.29707693,9494.29766337,475.75242515,475.74018637,0.05564167,3225.92651997,0.01998550,0.01998550,21050,64,0
9494.74912116,9494.74871636,485.17036752,485.17882378,0.04593556,3226.38101078,0.01998550,0.01998550,21049,64,0
9495.19863647,9495.19981223,494.59810474,494.57352053,0.05299714,3226.83199817,0.01998550,0.01998550,21048,64,0
9495.65024816,9495.65095097,504.03533379,504.02062549,0.05492368,3227.28410492,0.01998550,0.01998550,21047,64,0
9496.10131256,9496.10213259,513.48173226,513.46455608,0.05174044,3227.73465960,0.01998550,0.01998550,21046,64,0
9496.55325359,9496.55335709,522.93704120,522.93487145,0.04715003,3228.18506678,0.01998550,0.01998550,21045,64,0
9497.00477988,9497.00462449,532.40174210,532.40500286,0.05049130,3228.63405651,0.01998550,0.01998550,21044,64,0
9497.45666508,9497.45593478,541.87678919,541.89212968,0.04939310,3229.08243902,0.01998550,0.01998550,21043,64,0
9497.90744963,9497.90728798,551.36315017,551.36654970,0.04169169,3229.52880908,0.01998550,0.01998550,21042,64,0
9498.35772359,9498.35868409,560.86139813,560.84117616,0.05071451,3229.97377737,0.01998550,0.01998550,21041,64,0
9498.81046535,9498.81012312,570.37069705,570.37790946,0.05039631,3230.42023654,0.01998550,0.01998550,21040,64,0
9499.26245587,9499.26160507,579.88989440,579.90784085,0.05619596,3230.86494776,0.01998550,0.01998550,21039,64,0
9499.71197583,9499.71312994,589.41785959,589.39349644,0.04883373,3231.30617330,0.01998550,0.01998550,21038,64,0
9500.16574934,9500.16469776,598.95444825,598.97666634,0.05102326,3231.75049606,0.01998550,0.01998550,21037,64,0
9500.61487537,9500.61630851,608.50072514,608.47041596,0.04936058,3232.18924655,0.01998549,0.01998550,21036,64,0
9501.06777702,9501.06796221,618.05783509,618.05391428,0.05079145,3232.63070443,0.01998550,0.01998550,21035,64,0
9501.52024440,9501.51965886,627.62673209,627.63914337,0.04975093,3233.07079408,0.01998550,0.01998550,21034,64,0
9501.97115859,9501.97139848,637.20700635,637.20191630,0.04762262,3233.50840922,0.01998550,0.01998550,21033,64,0
9502.42305142,9502.42318105,646.79766663,646.79491342,0.04809784,3233.94595839,0.01998550,0.01998550,21032,64,0
9502.87583675,9502.87500661,656.39771759,656.41536306,0.04530078,3234.38330161,0.01998550,0.01998550,21031,64,0
9503.32654739,9503.32687513,666.00680994,665.99983723,0.05081509,3234.81755692,0.01998550,0.01998550,21030,64,0
9503.77861563,9503.77878665,675.62592575,675.62228376,0.04782910,3235.25207385,0.01998550,0.01998550,21029,64,0
9504.23026616,9504.23074115,685.25621640,685.24608958,0.05343507,3235.68518965,0.01998550,0.01998550,21028,64,0
9504.68333978,9504.68273865,694.89873406,694.91156570,0.04933648,3236.11870823,0.01998550,0.01998550,21027,64,0
9505.13373454,9505.13477915,704.55324827,704.53092609,0.05081316,3236.54869273,0.01998549,0.01998550,21026,64,0
9505.58761242,9505.58686266,714.21867124,714.23470875,0.05459690,3236.98096897,0.01998550,0.01998550,21025,64,0
9506.03786288,9506.03898918,723.89389283,723.86978056,0.05142162,3237.40871122,0.01998549,0.01998550,21024,64,0
9506.49040928,9506.49115872,733.57824635,733.56218804,0.04963109,3237.83751741,0.01998550,0.01998550,21023,64,0
9506.94338836,9506.94337130,743.27242107,743.27278698,0.05616023,3238.26563793,0.01998550,0.01998550,21022,64,0
9507.39598916,9507.39562690,752.97736643,752.98514426,0.04840334,3238.69234324,0.01998550,0.01998550,21021,64,0
9507.84776730,9507.84792554,762.69399968,762.69059823,0.04999759,3239.11725354,0.01998550,0.01998550,21020,64,0
9508.30052345,9508.30026723,772.42252954,772.42804315,0.04646568,3239.54206539,0.01998550,0.01998550,21019,64,0
9508.75230609,9508.75265197,782.16253456,782.15508377,0.05415475,3239.96492382,0.01998550,0.01998550,21018,64,0
9509.20443259,9509.20507977,791.91356867,791.89961320,0.05295728,3240.38703932,0.01998549,0.01998550,21017,64,0
9509.65688457,9509.65755063,801.67530170,801.66092470,0.04791191,3240.80837290,0.01998549,0.01998550,21016,64,0
9510.10936307,9510.11006456,811.44785715,811.43269971,0.05013731,3241.22864509,0.01998549,0.01998550,21015,64,0
9510.56229989,9510.56262157,821.23146850,821.22451065,0.05778262,3241.64826005,0.01998550,0.01998550,21014,64,0
9511.01490351,9511.01522166,831.02636540,831.01947655,0.05075050,3242.06648853,0.01998549,0.01998550,21013,64,0
9511.46876090,9511.46786484,840.83265167,840.85207461,0.05174810,3242.48479273,0.01998550,0.01998550,21012,64,0
9511.92011625,9511.92055111,850.65030280,850.64086665,0.04912728,3242.89970904,0.01998549,0.01998550,21011,64,0
9512.37302363,9512.37328049,860.47928832,860.47370897,0.04870709,3243.31496097,0.01998549,0.01998550,21010,64,0
9512.82614123,9512.82605297,870.31967065,870.32159001,0.05064531,3243.72930906,0.01998550,0.01998550,21009,64,0
9513.27765687,9513.27886856,880.17189676,880.14551810,0.05568900,3244.14111442,0.01998549,0.01998550,21008,64,0
9513.73080695,9513.73172727,890.03651563,890.01645630,0.05325397,3244.55334591,0.01998549,0.01998550,21007,64,0
9514.18468891,9514.18462911,899.91404474,899.91534963,0.04920562,3244.96518970,0.01998550,0.01998550,21006,64,0
9514.63671011,9514.63757408,909.80419068,909.78531520,0.04818068,3245.37427900,0.01998549,0.01998550,21005,64,0
9515.08943225,9515.09056219,919.70584089,919.68112999,0.04652531,3245.78288452,0.01998549,0.01998550,21004,64,0
9515.54283533,9515.54359344,929.61783928,929.60124520,0.04590322,3246.19093007,0.01998550,0.01998550,21003,64,0
9515.99577834,9515.99666784,939.53944744,939.51995986,0.05064165,3246.59735268,0.01998550,0.01998550,21002,64,0
9516.44994260,9516.44978539,949.47151708,949.47496476,0.05116648,3247.00368805,0.01998550,0.01998550,21001,64,0
9516.90282860,9516.90294611,959.41527940,959.41269927,0.04961186,3247.40774509,0.01998550,0.01998550,21000,64,0
9517.35590356,9517.35615000,969.37191020,969.36649276,0.05195504,3247.81087884,0.01998550,0.01998550,20999,64,0
9517.80963821,9517.80939706,979.34146059,979.34676778,0.05028780,3248.21350090,0.01998550,0.01998550,20998,64,0
9518.26220552,9518.26268731,989.32301036,989.31239574,0.05228057,3248.61394886,0.01998550,0.01998550,20997,64,0
9518.71523251,9518.71602074,999.31560163,999.29821902,0.05117170,3249.01362110,0.01998550,0.01998550,20996,64,0
9519.17021910,9519.16939736,1009.31865675,1009.33679605,0.05951637,3249.41380291,0.01998550,0.01998550,20995,64,0
9519.62392493,9519.62281718,1019.33271113,1019.35718928,0.05162420,3249.81165775,0.01998550,0.01998550,20994,64,0
9520.07652065,9520.07628021,1029.35850427,1029.36382327,0.05043094,3250.20736859,0.01998550,0.01998550,20993,64,0
9520.53027170,9520.52978645,1039.39672074,1039.40746773,0.05136433,3250.60293716,0.01998550,0.01998550,20992,64,0
9520.98392745,9520.98333591,1049.44737156,1049.46048735,0.05201929,3250.99726353,0.01998550,0.01998550,20991,64,0
9521.43696234,9521.43692859,1059.51003981,1059.51078892,0.04622265,3251.38987140,0.01998550,0.01998550,20990,64,0
9521.89122118,9521.89056450,1069.58430051,1069.59889136,0.04486919,3251.78233478,0.01998550,0.01998550,20989,64,0
9522.34511632,9522.34424365,1079.66992395,1079.68933418,0.04667886,3252.17326410,0.01998550,0.01998550,20988,64,0
9522.79720436,9522.79796604,1089.76705942,1089.75010006,0.05030417,3252.56142517,0.01998550,0.01998550,20987,64,0
9523.25167119,9523.25173168,1099.87590038,1099.87455214,0.05088970,3252.95041152,0.01998550,0.01998550,20986,64,0
9523.70553092,9523.70554057,1109.99669665,1109.99648127,0.05085470,3253.33766421,0.01998550,0.01998550,20985,64,0
9524.15999010,9524.15939273,1120.13004981,1120.14339545,0.05357380,3253.72422987,0.01998550,0.01998550,20984,64,0
9524.61384406,9524.61328815,1130.27670281,1130.28913772,0.05205389,3254.10910586,0.01998550,0.01998550,20983,64,0
9525.06623092,9525.06722685,1140.43737405,1140.41506742,0.04830831,3254.49158983,0.01998549,0.01998550,20982,64,0
9525.52072920,9525.52120882,1150.61191903,1150.60116338,0.04456425,3254.87469263,0.01998549,0.01998550,20981,64,0
9525.97580478,9525.97523409,1160.79921547,1160.81202746,0.04852142,3255.25706188,0.01998550,0.01998550,20980,64,0
9526.43013895,9526.42930264,1170.99808097,1171.01687447,0.05119208,3255.63753982,0.01998550,0.01998550,20979,64,0
9526.88342170,9526.88341449,1181.20783799,1181.20800007,0.04998579,3256.01584372,0.01998550,0.01998550,20978,64,0
9527.33720931,9527.33756965,1191.42944042,1191.42132569,0.04562044,3256.39330461,0.01998549,0.01998550,20977,64,0
9527.79194269,9527.79176812,1201.66417432,1201.66811060,0.04864885,3256.77032465,0.01998550,0.01998550,20976,64,0
9528.24533602,9528.24600990,1211.91320669,1211.89799189,0.05802259,3257.14504641,0.01998549,0.01998550,20975,64,0
9528.70004896,9528.70029501,1222.17643906,1222.17087695,0.05370385,3257.51965756,0.01998549,0.01998550,20974,64,0
9529.15487934,9529.15462345,1232.45304389,1232.45883545,0.05130229,3257.89312498,0.01998550,0.01998550,20973,64,0
9529.60984415,9529.60899522,1242.74218934,1242.76142358,0.05195586,3258.26542491,0.01998550,0.01998550,20972,64,0
9530.06330668,9530.06341033,1253.04355723,1253.04120616,0.05303878,3258.63520629,0.01998550,0.01998550,20971,64,0
9530.51767109,9530.51786879,1263.35757537,1263.35308577,0.04385375,3259.00444147,0.01998550,0.01998550,20970,64,0
9530.97215741,9530.97237061,1273.68473278,1273.67988555,0.04561490,3259.37250347,0.01998550,0.01998550,20969,64,0
9531.42714930,9531.42691578,1284.02540637,1284.03072203,0.05385087,3259.73970724,0.01998550,0.01998550,20968,64,0
9531.88125578,9531.88150433,1294.37954597,1294.37388142,0.05150538,3260.10492337,0.01998550,0.01998550,20967,64,0
9532.33569904,9532.33613624,1304.74700115,1304.73702534,0.05214242,3260.46912525,0.01998549,0.01998550,20966,64,0
9532.79111365,9532.79081154,1315.12761751,1315.13451915,0.05556328,3260.83280390,0.01998550,0.01998550,20965,64,0
9533.24532918,9533.24553021,1325.52121094,1325.51661332,0.04641382,3261.19421421,0.01998550,0.01998550,20964,64,0
9533.70021185,9533.70029229,1335.92757919,1335.92573762,0.05625678,3261.55483002,0.01998550,0.01998550,20963,64,0
9534.15556657,9534.15509775,1346.34652784,1346.35727378,0.04702174,3261.91447868,0.01998550,0.01998550,20962,64,0
9534.60935816,9534.60994663,1356.77825117,1356.76474712,0.05264695,3262.27155804,0.01998549,0.01998550,20961,64,0
9535.06541171,9535.06483891,1367.22346001,1367.23662086,0.05090763,3262.62909288,0.01998550,0.01998550,20960,64,0
9535.51919796,9535.51977460,1377.68290566,1377.66963942,0.05336455,3262.98355114,0.01998549,0.01998550,20959,64,0
9535.97468332,9535.97475372,1388.15704195,1388.15542002,0.05500387,3263.33804172,0.01998550,0.01998550,20958,64,0
9536.42914778,9536.42977627,1398.64542431,1398.63092845,0.05394147,3263.69042270,0.01998549,0.01998550,20957,64,0
9536.88515131,9536.88484226,1409.14743765,1409.15457415,0.05607240,3264.04264907,0.01998550,0.01998550,20956,64,0
9537.33906722,9537.33995168,1419.66252658,1419.64208003,0.05561212,3264.39189682,0.01998549,0.01998550,20955,64,0
9537.79547648,9537.79510455,1430.19057990,1430.19918777,0.05524711,3264.74167857,0.01998550,0.01998550,20954,64,0
9538.25050396,9538.25030088,1440.73167590,1440.73638143,0.05246591,3265.08901562,0.01998550,0.01998550,20953,64,0
9538.70638646,9538.70554066,1451.28592652,1451.30554700,0.05216042,3265.43561499,0.01998550,0.01998550,20952,64,0
9539.16039459,9539.16082392,1461.85403230,1461.84406027,0.05218005,3265.77942248,0.01998549,0.01998550,20951,64,0
9539.61637008,9539.61615064,1472.43721104,1472.44231509,0.04728569,3266.12337946,0.01998550,0.01998550,20950,64,0
9540.07223273,9540.07152084,1483.03669264,1483.05327552,0.05765152,3266.46594073,0.01998550,0.01998550,20949,64,0
9540.52621086,9540.52693453,1493.65260188,1493.63572148,0.05357044,3266.80577940,0.01998549,0.01998550,20948,64,0
9540.98214639,9540.98239170,1504.28317916,1504.27745013,0.04855989,3267.14570686,0.01998550,0.01998550,20947,64,0
9541.43785130,9541.43789238,1514.92646881,1514.92550854,0.05463366,3267.48401464,0.01998550,0.01998550,20946,64,0
9541.89298059,9541.89343656,1525.58124888,1525.57057880,0.04731026,3267.82040566,0.01998549,0.01998550,20945,64,0
9542.34870657,9542.34902424,1536.24877269,1536.24133001,0.04555709,3268.15577986,0.01998549,0.01998550,20944,64,0
9542.80447165,9542.80465544,1546.93081803,1546.92650600,0.05145708,3268.48977296,0.01998549,0.01998550,20943,64,0
9543.26033968,9543.26033017,1557.62890540,1557.62912882,0.05067730,3268.82247105,0.01998550,0.01998550,20942,64,0
9543.71585033,9543.71604842,1568.34279176,1568.33813158,0.05084758,3269.15352378,0.01998549,0.01998550,20941,64,0
9544.17148619,9544.17181021,1579.07151848,1579.06388641,0.05251567,3269.48324565,0.01998549,0.01998550,20940,64,0
9544.62820725,9544.62761554,1589.81418655,1589.82814061,0.05381841,3269.81229073,0.01998550,0.01998550,20939,64,0
9545.08462265,9545.08346441,1600.57081961,1600.59816739,0.05774857,3270.13964697,0.01998550,0.01998550,20938,64,0
9545.53850692,9545.53935684,1611.34210550,1611.32201146,0.04984277,3270.46374553,0.01998549,0.01998550,20937,64,0
9545.99494788,9545.99529283,1622.12873667,1622.12057027,0.05044543,3270.78823265,0.01998549,0.01998550,20936,64,0
9546.45188507,9546.45127238,1632.93091742,1632.94544151,0.05150813,3271.11162744,0.01998550,0.01998550,20935,64,0
9546.90683616,9546.90729551,1643.74826466,1643.73736151,0.05073738,3271.43216101,0.01998549,0.01998550,20934,64,0
9547.36321330,9547.36336221,1654.58036028,1654.57682131,0.05622750,3271.75222008,0.01998549,0.01998550,20933,64,0
9547.81971195,9547.81947250,1665.42710945,1665.43280737,0.04877528,3272.07087206,0.01998550,0.01998550,20932,64,0
9548.27526664,9548.27562638,1676.28905040,1676.28047859,0.05315040,3272.38738552,0.01998549,0.01998550,20931,64,0
9548.73177393,9548.73182386,1687.16679833,1687.16560715,0.04832692,3272.70308825,0.01998549,0.01998550,20930,64,0
9549.18723309,9549.18806494,1698.06070776,1698.04083192,0.05173831,3273.01659930,0.01998549,0.01998550,20929,64,0
9549.64421284,9549.64434962,1708.97030490,1708.96703224,0.04968617,3273.32966279,0.01998549,0.01998550,20928,64,0
9550.10042260,9550.10067793,1719.89494983,1719.88883340,0.05361198,3273.64067973,0.01998549,0.01998550,20927,64,0
9550.55764386,9550.55704985,1730.83416849,1730.84841570,0.05330731,3273.95084239,0.01998550,0.01998550,20926,64,0
9551.01385573,9551.01346541,1741.78833254,1741.79770662,0.05016109,3274.25878292,0.01998550,0.01998550,20925,64,0
9551.46959046,9551.46992460,1752.75807959,1752.75004402,0.05190538,3274.56487829,0.01998549,0.01998550,20924,64,0
9551.92647922,9551.92642743,1763.74398626,1763.74523362,0.05165504,3274.87022876,0.01998550,0.01998550,20923,64,0
9552.38215042,9552.38297390,1774.74612498,1774.72626666,0.05488924,3275.17324345,0.01998549,0.01998550,20922,64,0
9552.83927300,9552.83956403,1785.76433324,1785.75730545,0.05518700,3275.47568330,0.01998549,0.01998550,20921,64,0
9553.29576727,9553.29619782,1796.79844728,1796.78803653,0.05713134,3275.77615559,0.01998549,0.01998550,20920,64,0
9553.75224954,9553.75287528,1807.84832027,1807.83316977,0.05126531,3276.07505720,0.01998549,0.01998550,20919,64,0
9554.20931249,9554.20959640,1818.91381603,1818.90693273,0.05002684,3276.37276164,0.01998549,0.01998550,20918,64,0
9554.66649460,9554.66636121,1829.99481238,1829.99805040,0.05432781,3276.66895345,0.01998550,0.01998550,20917,64,0
9555.12310539,9555.12316970,1841.09146224,1841.08989889,0.05069428,3276.96318383,0.01998550,0.01998550,20916,64,0
9555.58042740,9555.58002188,1852.20416168,1852.21403245,0.05189170,3277.25628093,0.01998550,0.01998550,20915,64,0
9556.03632966,9556.03691776,1863.33331877,1863.31898374,0.05184784,3277.54688516,0.01998549,0.01998550,20914,64,0
9556.49352208,9556.49385734,1874.47935849,1874.47117456,0.05277596,3277.83672718,0.01998549,0.01998550,20913,64,0
9556.94990634,9556.95084063,1885.64272468,1885.61988470,0.05326551,3278.12447699,0.01998549,0.01998550,20912,64,0
9557.40648264,9557.40786764,1896.82385189,1896.78994260,0.05357975,3278.41077063,0.01998549,0.01998550,20911,64,0
9557.86430873,9557.86493837,1908.02252826,1908.00709069,0.04754643,3278.69624941,0.01998549,0.01998550,20910,64,0
9558.32229285,9558.32205282,1919.23762378,1919.24351664,0.05211807,3278.98018756,0.01998550,0.01998550,20909,64,0
9558.77874973,9558.77921102,1930.46794207,1930.45660350,0.04823756,3279.26150930,0.01998549,0.01998550,20908,64,0
9559.23626177,9559.23641295,1941.71326291,1941.70954218,0.05579163,3279.54179556,0.01998550,0.01998550,20907,64,0
9559.69451594,9559.69365863,1952.97503965,1952.99617037,0.05038055,3279.82087291,0.01998550,0.01998550,20906,64,0
9560.15298057,9560.15094806,1964.25489342,1964.30506868,0.05332725,3280.09844379,0.01998550,0.01998550,20905,64,0
9560.60836644,9560.60828126,1975.55346825,1975.55557419,0.04775987,3280.37253827,0.01998550,0.01998550,20904,64,0
9561.06587678,9561.06565822,1986.86945405,1986.87486522,0.05117135,3280.64625200,0.01998550,0.01998550,20903,64,0
9561.52316445,9561.52307895,1998.20130213,1998.20342142,0.05247989,3280.91812449,0.01998550,0.01998550,20902,64,0
9561.97999665,9561.98054346,2009.54813422,2009.53456273,0.04724627,3281.18799225,0.01998549,0.01998550,20901,64,0
9562.43904014,9562.43805176,2020.91058355,2020.93514682,0.04843371,3281.45742795,0.01998550,0.01998550,20900,64,0
9562.89574616,9562.89560384,2032.28949343,2032.29303522,0.05088340,3281.72377410,0.01998550,0.01998550,20899,64,0
9563.35304939,9563.35319973,2043.68573785,2043.68199094,0.05432685,3281.98876378,0.01998549,0.01998550,20898,64,0
9563.81115982,9563.81083942,2055.10025406,2055.10825169,0.04737751,3282.25252341,0.01998549,0.01998550,20897,64,0
9564.26885814,9564.26852292,2066.53399479,2066.54237615,0.05350209,3282.51436107,0.01998549,0.01998550,20896,64,0
9564.72634151,9564.72625023,2077.98748534,2077.98977117,0.04832678,3282.77439484,0.01998549,0.01998550,20895,64,0
9565.18316644,9565.18402137,2089.46016722,2089.43872443,0.04748113,3283.03235471,0.01998549,0.01998550,20894,64,0
9565.64140422,9565.64183634,2100.95131002,2100.94045581,0.05328383,3283.28937984,0.01998549,0.01998550,20893,64,0
9566.09922572,9566.09969514,2112.46034399,2112.44853566,0.04857179,3283.54441643,0.01998549,0.01998550,20892,64,0
9566.55696239,9566.55759779,2123.98711194,2123.97110562,0.05198913,3283.79763929,0.01998549,0.01998550,20891,64,0
9567.01627426,9567.01554428,2135.53151986,2135.54993529,0.04991082,3284.04994682,0.01998550,0.01998550,20890,64,0
9567.47404741,9567.47353463,2147.09369380,2147.10664873,0.05104247,3284.29962184,0.01998550,0.01998550,20889,64,0
9567.93206441,9567.93156883,2158.67429027,2158.68682965,0.05616603,3284.54764895,0.01998550,0.01998550,20888,64,0
9568.38990561,9568.38964691,2170.27404783,2170.28060410,0.04639052,3284.79380651,0.01998550,0.01998550,20887,64,0
9568.84822787,9568.84776885,2181.89338127,2181.90503249,0.05367960,3285.03844457,0.01998550,0.01998550,20886,64,0
9569.30594893,9569.30593468,2193.53197766,2193.53233997,0.05084413,3285.28096941,0.01998550,0.01998550,20885,64,0
9569.76385874,9569.76414439,2205.18942281,2205.18215015,0.04975073,3285.52178343,0.01998549,0.01998550,20884,64,0
9570.22156446,9570.22239800,2216.86527704,2216.84402401,0.05616476,3285.76066139,0.01998549,0.01998550,20883,64,0
9570.67993985,9570.68069550,2228.55905445,2228.53975998,0.05102898,3285.99803708,0.01998549,0.01998550,20882,64,0
9571.13888757,9571.13903691,2240.27026675,2240.26644853,0.04855801,3286.23383345,0.01998550,0.01998550,20881,64,0
9571.59654799,9571.59742222,2251.99898536,2251.97660012,0.05180428,3286.46709175,0.01998549,0.01998550,20880,64,0
9572.05583807,9572.05585146,2263.74623525,2263.74589189,0.04931726,3286.69930765,0.01998550,0.01998550,20879,64,0
9572.51456642,9572.51432462,2275.51313158,2275.51934258,0.04875455,3286.92937867,0.01998550,0.01998550,20878,64,0
9572.97288584,9572.97284171,2287.30027152,2287.30140692,0.04845457,3287.15738853,0.01998550,0.01998550,20877,64,0
9573.43210326,9573.43140273,2299.10751787,2299.12556982,0.04710074,3287.38397111,0.01998550,0.01998550,20876,64,0
9573.88992611,9573.89000770,2310.93466985,2310.93256399,0.04941119,3287.60798392,0.01998550,0.01998550,20875,64,0
9574.34891286,9574.34865662,2322.78132747,2322.78795105,0.05373334,3287.83066225,0.01998550,0.01998550,20874,64,0
9574.80595518,9574.80734949,2334.64686550,2334.61077116,0.05034461,3288.05048126,0.01998549,0.01998550,20873,64,0
9575.26477286,9575.26608632,2346.53070586,2346.49665516,0.04781608,3288.26921062,0.01998549,0.01998550,20872,64,0
9575.72390510,9575.72486712,2358.43344108,2358.40846232,0.04863699,3288.48614175,0.01998549,0.01998550,20871,64,0
9576.18415865,9576.18369190,2370.35669096,2370.36883073,0.04508847,3288.70166590,0.01998550,0.01998550,20870,64,0
9576.64301159,9576.64256065,2382.30197999,2382.31372910,0.05069963,3288.91462009,0.01998550,0.01998550,20869,64,0
9577.10123431,9577.10147340,2394.26915799,2394.26291817,0.04504158,3289.12536022,0.01998549,0.01998550,20868,64,0
9577.56079319,9577.56043013,2406.25698190,2406.26647235,0.04948961,3289.33475290,0.01998550,0.01998550,20867,64,0
9578.02000469,9578.01943087,2418.26431950,2418.27934188,0.04663644,3289.54199431,0.01998550,0.01998550,20866,64,0
9578.47740756,9578.47847561,2430.29110038,2430.26309646,0.05395714,3289.74642758,0.01998549,0.01998550,20865,64,0
9578.93807853,9578.93756436,2442.33774453,2442.35124706,0.05210421,3289.95030895,0.01998550,0.01998550,20864,64,0
9579.39659530,9579.39669713,2454.40478777,2454.40210920,0.04417413,3290.15122973,0.01998549,0.01998550,20863,64,0
9579.85610360,9579.85587393,2466.49330583,2466.49935767,0.04942471,3290.35058282,0.01998550,0.01998550,20862,64,0
9580.31522698,9580.31509476,2478.60454836,2478.60803879,0.04738683,3290.54777586,0.01998550,0.01998550,20861,64,0
9580.77406510,9580.77435962,2490.73905485,2490.73126637,0.04972038,3290.74285246,0.01998549,0.01998550,20860,64,0
9581.23278167,9581.23366853,2502.89513735,2502.87164730,0.05196958,3290.93584582,0.01998549,0.01998550,20859,64,0
9581.69280464,9581.69302149,2515.07067114,2515.06491933,0.04912238,3291.12730409,0.01998550,0.01998550,20858,64,0
9582.15187458,9582.15241850,2527.26474530,2527.25029681,0.05090320,3291.31626016,0.01998549,0.01998550,20857,64,0
9582.61101841,9582.61185958,2539.47880835,2539.45642802,0.04791911,3291.50315503,0.01998549,0.01998550,20856,64,0
9583.07108539,9583.07134473,2551.71455888,2551.70764686,0.05022750,3291.68834249,0.01998549,0.01998550,20855,64,0
9583.53131701,9583.53087395,2563.97268051,2563.98450948,0.05211871,3291.87150840,0.01998550,0.01998550,20854,64,0
9583.98997902,9583.99044725,2576.25264607,2576.24012447,0.04754296,3292.05195241,0.01998549,0.01998550,20853,64,0
9584.45024154,9584.45006465,2588.55389936,2588.55863752,0.04689960,3292.23090171,0.01998550,0.01998550,20852,64,0
9584.91049017,9584.90972613,2600.87649430,2600.89699364,0.04985406,3292.40770702,0.01998550,0.01998550,20851,64,0
9585.36953321,9585.36943172,2613.22092012,2613.22364781,0.05001474,3292.58191449,0.01998549,0.01998550,20850,64,0
9585.82940287,9585.82918142,2625.58768620,2625.59364824,0.04837267,3292.75429331,0.01998549,0.01998550,20849,64,0
9586.29060221,9586.28897522,2637.97734598,2638.02122614,0.05134234,3292.92501251,0.01998550,0.01998550,20848,64,0
9586.74935516,9586.74881315,2650.39047398,2650.40511855,0.04650037,3293.09267751,0.01998550,0.01998550,20847,64,0
9587.20878107,9587.20869521,2662.82743410,2662.82975839,0.05127074,3293.25843297,0.01998549,0.01998550,20846,64,0
9587.66936487,9587.66862139,2675.28788413,2675.30804425,0.04840044,3293.42242353,0.01998550,0.01998550,20845,64,0
9588.12831543,9588.12859172,2687.77133795,2687.76383312,0.05397236,3293.58363990,0.01998549,0.01998550,20844,64,0
9588.58855949,9588.58860619,2700.27769572,2700.27642485,0.04933767,3293.74309889,0.01998549,0.01998550,20843,64,0
9589.04811138,9589.04866481,2712.80751224,2712.79242558,0.05203374,3293.90010275,0.01998549,0.01998550,20842,64,0
9589.50960703,9589.50876760,2725.36136196,2725.38428679,0.04643168,3294.05553728,0.01998550,0.01998550,20841,64,0
9589.96861748,9589.96891454,2737.93895505,2737.93082810,0.05083762,3294.20789818,0.01998549,0.01998550,20840,64,0
9590.42905246,9590.42910566,2750.53924698,2750.53778928,0.04618147,3294.35846572,0.01998549,0.01998550,20839,64,0
9590.88992066,9590.88934095,2763.16139900,2763.17731097,0.05117411,3294.50687994,0.01998550,0.01998550,20838,64,0
9591.34980096,9591.34962043,2775.80623091,2775.81119486,0.04878066,3294.65268496,0.01998549,0.01998550,20837,64,0
9591.80955431,9591.80994409,2788.47527347,2788.46453561,0.04865966,3294.79616701,0.01998549,0.01998550,20836,64,0
9592.27068150,9592.27031196,2801.16964726,2801.17984680,0.05067196,3294.93778434,0.01998550,0.01998550,20835,64,0
9592.73084802,9592.73072402,2813.88921575,2813.89264446,0.04770186,3295.07680158,0.01998549,0.01998550,20834,64,0
9593.19247602,9593.19118030,2826.63361061,2826.66950635,0.05136268,3295.21392889,0.01998550,0.01998550,20833,64,0
9593.65157200,9593.65168079,2839.40259204,2839.39957291,0.05061629,3295.34797209,0.01998549,0.01998550,20832,64,0
9594.11156428,9594.11222550,2852.19609204,2852.17770743,0.04815152,3295.47993055,0.01998549,0.01998550,20831,64,0
9594.57355055,9594.57281444,2865.01402794,2865.03453210,0.04749998,3295.61008272,0.01998550,0.01998550,20830,64,0
9595.03347332,9595.03344761,2877.85605579,2877.85677318,0.04528915,3295.73726936,0.01998550,0.01998550,20829,64,0
9595.49367394,9595.49412503,2890.72167518,2890.70906674,0.05083860,3295.86213391,0.01998549,0.01998550,20828,64,0
9595.95561452,9595.95484669,2903.61074863,2903.63224852,0.05247304,3295.98504312,0.01998550,0.01998550,20827,64,0
9596.41637887,9596.41561260,2916.52451480,2916.54601108,0.04691233,3296.10521528,0.01998550,0.01998550,20826,64,0
9596.87599120,9596.87642278,2929.46452538,2929.45239419,0.04400112,3296.22267552,0.01998549,0.01998550,20825,64,0
9597.33734071,9597.33727722,2942.43129447,2942.43308257,0.04683518,3296.33814765,0.01998549,0.01998550,20824,64,0
9597.79828792,9597.79817593,2955.42381776,2955.42697758,0.04801908,3296.45106218,0.01998549,0.01998550,20823,64,0
9598.25894929,9598.25911893,2968.44111002,2968.43631522,0.04713869,3296.56143074,0.01998549,0.01998550,20822,64,0
9598.72033765,9598.72010620,2981.48367333,2981.49022782,0.04327431,3296.66948294,0.01998549,0.01998550,20821,64,0
9599.18173749,9599.18113777,2994.55287799,2994.56989560,0.04875598,3296.77504230,0.01998550,0.01998550,20820,64,0
9599.64302505,9599.64221364,3007.64973751,3007.67280874,0.05416563,3296.87807442,0.01998550,0.01998550,20819,64,0
9600.10349441,9600.10333382,3020.77404318,3020.77861851,0.05361996,3296.97841227,0.01998549,0.01998550,20818,64,0
9600.56483196,9600.56449830,3033.92535381,3033.93487832,0.04759960,3297.07640445,0.01998550,0.01998550,20817,64,0
9601.02549539,9601.02570710,3047.10376273,3047.09770729,0.04634840,3297.17170748,0.01998549,0.01998550,20816,64,0
9601.48689591,9601.48696023,3060.30998024,3060.30813697,0.04828449,3297.26460270,0.01998549,0.01998550,20815,64,0
9601.94881434,9601.94825768,3073.54448989,3073.56047634,0.04862735,3297.35502325,0.01998550,0.01998550,20814,64,0
9602.40903353,9602.40959947,3086.80603716,3086.78975393,0.04883325,3297.44252115,0.01998549,0.01998550,20813,64,0
9602.87007099,9602.87098561,3100.09266726,3100.06630623,0.04795518,3297.52755522,0.01998549,0.01998550,20812,64,0
9603.33190159,9603.33241609,3113.40390402,3113.38904795,0.04823643,3297.61009039,0.01998549,0.01998550,20811,64,0
9603.79384842,9603.79389093,3126.74222268,3126.74099258,0.05082069,3297.68999896,0.01998549,0.01998550,20810,64,0
9604.25418095,9604.25541013,3140.11026108,3140.07461870,0.04629290,3297.76699438,0.01998549,0.01998550,20809,64,0
9604.71706566,9604.71697370,3153.50820244,3153.51087435,0.04765993,3297.84174973,0.01998549,0.01998550,20808,64,0
9605.17976078,9605.17858165,3166.93461834,3166.96894834,0.05141159,3297.91377734,0.01998550,0.01998550,20807,64,0
9605.64066555,9605.64023398,3180.38861075,3180.40120059,0.04803560,3297.98282487,0.01998550,0.01998550,20806,64,0
9606.10306153,9606.10193069,3193.87099477,3193.90405164,0.04874103,3298.04937512,0.01998550,0.01998550,20805,64,0
9606.56330720,9606.56367180,3207.38286146,3207.37218114,0.05079403,3298.11289901,0.01998549,0.01998550,20804,64,0
9607.02571722,9607.02545731,3220.92427050,3220.93190013,0.04640414,3298.17397563,0.01998550,0.01998550,20803,64,0
9607.48768565,9607.48728722,3234.49434999,3234.50606877,0.04555773,3298.23222514,0.01998550,0.01998550,20802,64,0
9607.94963943,9607.94916155,3248.09255101,3248.10663451,0.04835306,3298.28768723,0.01998550,0.01998550,20801,64,0
9608.41039105,9608.41108030,3261.71976627,3261.69941111,0.05532576,3298.34021804,0.01998549,0.01998550,20800,64,0
9608.87291523,9608.87304348,3275.37722945,3275.37343385,0.05278210,3298.39013965,0.01998549,0.01998550,20799,64,0
9609.33544050,9609.33505108,3289.06548824,3289.07703820,0.05185321,3298.43722939,0.01998550,0.01998550,20798,64,0
9609.79737163,9609.79710313,3302.78435540,3302.79233599,0.05164447,3298.48141409,0.01998549,0.01998550,20797,64,0
9610.25973523,9610.25919962,3316.53361981,3316.54957319,0.04888737,3298.52277550,0.01998550,0.01998550,20796,64,0
9610.72203879,9610.72134057,3330.31313120,3330.33397183,0.04586186,3298.56124852,0.01998550,0.01998550,20795,64,0
9611.18304461,9611.18352597,3344.12278092,3344.10838348,0.04682235,3298.59672557,0.01998549,0.01998550,20794,64,0
9611.64612259,9611.64575583,3357.96316285,3357.97415637,0.05087696,3298.62944300,0.01998549,0.01998550,20793,64,0
9612.10811180,9612.10803017,3371.83564178,3371.83809417,0.04859905,3298.65915360,0.01998549,0.01998550,20792,64,0
9612.57043250,9612.57034899,3385.74122778,3385.74374260,0.05124020,3298.68593946,0.01998549,0.01998550,20791,64,0
9613.03214393,9613.03271229,3399.67922710,3399.66207528,0.04774901,3298.70972875,0.01998549,0.01998550,20790,64,0
9613.49532030,9613.49512007,3413.64852810,3413.65458317,0.04973795,3298.73060002,0.01998549,0.01998550,20789,64,0
9613.95721729,9613.95757236,3427.64887499,3427.63811407,0.04971750,3298.74840979,0.01998549,0.01998550,20788,64,0
9614.41996570,9614.42006915,3441.68084610,3441.67770414,0.04940774,3298.76322733,0.01998549,0.01998549,20787,64,0
9614.88260733,9614.88261045,3455.74509270,3455.74499768,0.04966975,3298.77499716,0.01998549,0.01998549,20786,64,0
9615.34558346,9615.34519626,3469.84238086,3469.85419419,0.04905317,3298.78371021,0.01998550,0.01998549,20785,64,0
9615.80798911,9615.80782660,3483.97344719,3483.97841670,0.04565256,3298.78933310,0.01998549,0.01998549,20784,64,0
9616.27092872,9616.27050147,3498.13817204,3498.15126696,0.04964644,3298.79186021,0.01998550,0.01998549,20783,64,0
9616.73291035,9616.73322087,3512.33579470,3512.32625670,0.04851375,3298.79126853,0.01998549,0.01998549,20782,64,0
9617.19645710,9617.19598481,3526.56552215,3526.58006034,0.04721202,3298.78753012,0.01998550,0.01998549,20781,64,0
9617.66010546,9617.65879330,3540.82653538,3540.86700993,0.05027054,3298.78062195,0.01998550,0.01998549,20780,64,0
9618.12193352,9618.12164635,3555.11840192,3555.12727866,0.04508997,3298.77057290,0.01998549,0.01998549,20779,64,0
9618.58507945,9618.58454395,3569.44391445,3569.46050709,0.04814183,3298.75729954,0.01998550,0.01998549,20778,64,0
9619.04741251,9619.04748613,3583.80738781,3583.80510067,0.04491093,3298.74083303,0.01998549,0.01998549,20777,64,0
9619.51158048,9619.51047288,3598.20955435,3598.24405010,0.05007634,3298.72104507,0.01998550,0.01998549,20776,64,0
9619.97339341,9619.97350420,3612.64604424,3612.64258637,0.05153273,3298.69810457,0.01998549,0.01998549,20775,64,0
9620.42960514,nan,0.00000000,3626.91909941,0.13894692,3298.67219791,0.01998548,0.01998549,20774,64,1
9620.89960148,9620.89970063,3641.61681532,3641.61370632,0.05081874,3298.64224817,0.01998549,0.01998549,20773,64,0
9621.36281910,9621.36286574,3656.16078594,3656.15931937,0.04460517,3298.60932318,0.01998549,0.01998549,20772,64,0
9621.82621999,9621.82607545,3670.74515370,3670.74971010,0.04248171,3298.57302196,0.01998549,0.01998549,20771,64,0
9622.28945798,9622.28932978,3685.36477054,3685.36882062,0.04726577,3298.53336211,0.01998549,0.01998549,20770,64,0
9622.75311556,9622.75262872,3700.01733329,3700.03274800,0.05038103,3298.49027760,0.01998550,0.01998549,20769,64,0
9623.21650814,9623.21597229,3714.70636226,3714.72337157,0.04853298,3298.44379999,0.01998550,0.01998549,20768,64,0
9623.67943186,9623.67936050,3729.43520409,3729.43747538,0.04369060,3298.39392501,0.01998549,0.01998549,20767,64,0
9624.14249759,9624.14279334,3744.20251393,3744.19307857,0.04673612,3298.34057212,0.01998549,0.01998549,20766,64,0
9624.60636244,9624.60627082,3759.00550099,3759.00843024,0.04509539,3298.28364355,0.01998550,0.01998549,20765,64,0
9625.07035280,9625.06979296,3773.84367036,3773.86161276,0.04858153,3298.22319295,0.01998550,0.01998549,20764,64,0
9625.53319879,9625.53335976,3788.71844278,3788.71327147,0.04390237,3298.15937081,0.01998549,0.01998549,20763,64,0
9625.99704877,9625.99697122,3803.63099458,3803.63349235,0.05128392,3298.09185580,0.01998550,0.01998549,20762,64,0
9626.46128633,9626.46062735,3818.58190361,3818.60317958,0.05021191,3298.02069673,0.01998550,0.01998549,20761,64,0
9626.92456811,9626.92432815,3833.57159352,3833.57936016,0.05016225,3297.94608151,0.01998550,0.01998549,20760,64,0
9627.38724292,9627.38807364,3848.60006356,3848.57310935,0.04782194,3297.86794957,0.01998549,0.01998549,20759,64,0
9627.85298018,9627.85186382,3863.66734319,3863.70365682,0.04571877,3297.78562943,0.01998550,0.01998549,20758,64,0
9628.31604274,9628.31569870,3878.77529743,3878.78651870,0.05038178,3297.70009705,0.01998549,0.01998549,20757,64,0
9628.77926773,9628.77957828,3893.92695108,3893.91679306,0.04648356,3297.61081625,0.01998549,0.01998549,20756,64,0
9629.24389881,9629.24350257,3909.12243171,3909.13542737,0.04194444,3297.51750153,0.01998549,0.01998549,20755,64,0
9629.70633613,9629.70747157,3924.35786125,3924.32053262,0.04548476,3297.42088438,0.01998549,0.01998549,20754,64,0
9630.17210448,9630.17148530,3939.63146503,3939.65187254,0.04631475,3297.31978505,0.01998550,0.01998549,20753,64,0
9630.63568070,9630.63554376,3954.94827127,3954.95279788,0.04597053,3297.21533133,0.01998549,0.01998549,20752,64,0
9631.09984386,9631.09964695,3970.31293679,3970.31946532,0.04042935,3297.10685775,0.01998549,0.01998549,20751,64,0
9631.56439771,9631.56379488,3985.72058944,3985.74062388,0.05115124,3296.99440506,0.01998550,0.01998549,20750,64,0
9632.02834223,9632.02798756,4001.16358189,4001.17539393,0.04426325,3296.87825090,0.01998550,0.01998549,20749,64,0
9632.49330277,9632.49222500,4016.64456706,4016.68055783,0.05039146,3296.75794192,0.01998550,0.01998549,20748,64,0
9632.95619335,9632.95650720,4032.17331124,4032.16279712,0.04278627,3296.63418902,0.01998549,0.01998549,20747,64,0
9633.42070749,9633.42083416,4047.75241247,4047.74815641,0.04912602,3296.50596003,0.01998549,0.01998549,20746,64,0
9633.88576541,9633.88520590,4063.37519834,4063.39404453,0.04111057,3296.37355129,0.01998550,0.01998549,20745,64,0
9634.34935611,9634.34962242,4079.03739640,4079.02840424,0.04676280,3296.23755897,0.01998549,0.01998549,20744,64,0
nan,nan,0.00000000,-1.00000000,0.00000000,3296.09483736,nan,0.00000000,-2147483648,64,1
nan,nan,0.00000000,-1.00000000,0.00000000,3309.59459565,nan,0.00000000,-2147483648,63,1
9621.82574341,9621.82607545,10.47067278,10.46415584,0.04776994,3310.12347783,0.01998550,0.01998549,20771,63,0
9622.28763776,9622.28932978,19.56712829,19.53388902,0.05798478,3310.62901868,0.01998549,0.01998549,20770,63,0
9622.75309367,9622.75262872,28.67272205,28.68186433,0.05720049,3311.13763150,0.01998550,0.01998549,20769,63,0
9623.21601073,9623.21597229,37.78763745,37.78839391,0.05793286,3311.64265363,0.01998550,0.01998549,20768,63,0
9623.68003819,9623.67936050,46.91181367,46.92516348,0.05369047,3312.14806252,0.01998550,0.01998549,20767,63,0
9624.14206398,9624.14279334,56.04479056,56.03041088,0.05675045,3312.65044161,0.01998550,0.01998549,20766,63,0
9624.60627704,9624.60627082,65.18606864,65.18619137,0.04958753,3313.15431381,0.01998550,0.01998549,20765,63,0
9625.06936106,9625.06979296,74.33517534,74.32664716,0.05018856,3313.65604688,0.01998550,0.01998549,20764,63,0
9625.53238858,9625.53335976,83.49218806,83.47299639,0.04893045,3314.15680712,0.01998549,0.01998549,20763,63,0
9625.99693787,9625.99697122,92.65767227,92.65701279,0.05331104,3314.65832443,0.01998550,0.01998549,20762,63,0
9626.46222586,9626.46062735,101.83221348,101.86385864,0.05085397,3315.15977525,0.01998550,0.01998549,20761,63,0
9626.92540187,9626.92432815,111.01633998,111.03761646,0.05747373,3315.65811582,0.01998550,0.01998549,20760,63,0
9627.38881523,9627.38807364,120.21012734,120.22483630,0.04964208,3316.15587863,0.01998550,0.01998549,20759,63,0
9627.85234222,9627.85186382,129.41344412,129.42294164,0.05117458,3316.65291848,0.01998550,0.01998549,20758,63,0
9628.31652466,9628.31569870,138.62615704,138.64256971,0.05617534,3317.14980284,0.01998550,0.01998549,20757,63,0
9628.77866966,9628.77957828,147.84811623,147.83004479,0.05197707,3317.64364076,0.01998549,0.01998549,20756,63,0
9629.24446951,9629.24350257,157.07911749,157.09836566,0.04722522,3318.14049520,0.01998550,0.01998549,20755,63,0
9629.70720836,9629.70747157,166.31894402,166.31369991,0.04749215,3318.63318531,0.01998550,0.01998549,20754,63,0
9630.17155514,9630.17148530,175.56738232,175.56877485,0.04701986,3319.12667113,0.01998550,0.01998549,20753,63,0
9630.63500048,9630.63554376,184.82450145,184.81365940,0.05537485,3319.61828355,0.01998549,0.01998549,20752,63,0
9631.09982134,9631.09964695,194.09081570,194.09429930,0.04893451,3320.11045988,0.01998550,0.01998549,20751,63,0
9631.56427650,9631.56379488,203.36688131,203.37651130,0.05217679,3320.60137883,0.01998550,0.01998549,20750,63,0
9632.02849639,9632.02798756,212.65321339,212.66339777,0.05551004,3321.09120274,0.01998550,0.01998549,20749,63,0
9632.49218510,9632.49222500,221.94970936,221.94891008,0.04918484,3321.57961145,0.01998550,0.01998549,20748,63,0
9632.95555167,9632.95650720,231.25580932,231.23664814,0.04898656,3322.06679376,0.01998549,0.01998549,20747,63,0
9633.42027364,9633.42083416,240.57093936,240.55968977,0.04638764,3322.55447619,0.01998549,0.01998549,20746,63,0
9633.88562442,9633.88520590,249.89465510,249.90306174,0.05342921,3323.04186299,0.01998550,0.01998549,20745,63,0
9634.34952220,9634.34962242,259.22718832,259.22517353,0.04802026,3323.52678445,0.01998550,0.01998549,20744,63,0
9634.81490714,9634.81408372,268.56898813,268.58555728,0.04991494,3324.01233323,0.01998550,0.01998549,20743,63,0
9635.27796270,9635.27858982,277.92050538,277.90787393,0.05641395,3324.49454900,0.01998549,0.01998549,20742,63,0
9635.74406379,9635.74314072,287.28204491,287.30065545,0.05161577,3324.97903830,0.01998550,0.01998549,20741,63,0
9636.20719715,9636.20773643,296.65361213,296.64272886,0.04820996,3325.45954619,0.01998549,0.01998549,20740,63,0
9636.67341997,9636.67237695,306.03517609,306.05624604,0.05438573,3325.94235060,0.01998550,0.01998549,20739,63,0
9637.13705514,9637.13706229,315.42670826,315.42656379,0.04975510,3326.42156509,0.01998549,0.01998549,20738,63,0
9637.60153426,9637.60179245,324.82822603,324.82300026,0.05483841,3326.90073807,0.01998549,0.01998549,20737,63,0
9638.06573584,9638.06656745,334.23978583,334.22293791,0.05579647,3327.37870926,0.01998549,0.01998549,20736,63,0
9638.53149881,9638.53138728,343.66144563,343.66370727,0.05301139,3327.85736671,0.01998550,0.01998549,20735,63,0
9638.99630458,9638.99625196,353.09322681,353.09429490,0.05021504,3328.33411683,0.01998550,0.01998549,20734,63,0
9639.46181089,9639.46116150,362.53495577,362.54815026,0.04564638,3328.81064732,0.01998550,0.01998549,20733,63,0
9639.92615448,9639.92611589,371.98639362,371.98717837,0.05597560,3329.28503575,0.01998550,0.01998549,20732,63,0
9640.39186943,9640.39111515,381.44730158,381.46265518,0.04877655,3329.75985396,0.01998550,0.01998549,20731,63,0
9640.85631448,9640.85615927,390.91761308,390.92077525,0.04846660,3330.23240114,0.01998550,0.01998549,20730,63,0
9641.32154657,9641.32124828,400.39758506,400.40366805,0.05229956,3330.70478016,0.01998550,0.01998549,20729,63,0
9641.78624527,9641.78638217,409.88751143,409.88471706,0.05258572,3331.17565968,0.01998550,0.01998549,20728,63,0
9642.25258913,9642.25156095,419.38767317,419.40868174,0.04679115,3331.64725314,0.01998550,0.01998549,20727,63,0
9642.71736476,9642.71678463,428.89816060,428.91002611,0.05276805,3332.11631056,0.01998550,0.01998549,20726,63,0
9643.18259688,9643.18205321,438.41892994,438.43006058,0.04885846,3332.58487182,0.01998550,0.01998549,20725,63,0
9643.64729294,9643.64736670,447.94993430,447.94842267,0.05544587,3333.05193055,0.01998550,0.01998549,20724,63,0
9644.11251125,9644.11272511,457.49113719,457.48675023,0.04968490,3333.51854404,0.01998550,0.01998549,20723,63,0
9644.57871274,9644.57812844,467.04254210,467.05453946,0.04864480,3333.98516540,0.01998550,0.01998549,20722,63,0
9645.04369350,9645.04357670,476.60416200,476.60656244,0.04476688,3334.44958541,0.01998550,0.01998549,20721,63,0
9645.50891692,9645.50906990,486.17600557,486.17285820,0.05102925,3334.91326456,0.01998550,0.01998549,20720,63,0
9645.97261247,9645.97460805,495.75793253,495.71683963,0.04999506,3335.37443092,0.01998549,0.01998549,20719,63,0
9646.43995956,9646.44019114,505.34961770,505.34484474,0.05256713,3335.83820848,0.01998550,0.01998549,20718,63,0
9646.90595236,9646.90581918,514.95072239,514.95346970,0.05502667,3336.29960136,0.01998550,0.01998549,20717,63,0
9647.36976858,9647.37149219,524.56103517,524.52544827,0.04941601,3336.75779277,0.01998549,0.01998549,20716,63,0
9647.83805510,9647.83721017,534.18120727,534.19866949,0.05074710,3337.21936819,0.01998550,0.01998549,20715,63,0
9648.30294600,9648.30297312,543.81224797,543.81168682,0.05697506,3337.67661427,0.01998550,0.01998549,20714,63,0
9648.76863722,9648.76878106,553.45516770,553.45218830,0.04735320,3338.13370899,0.01998550,0.01998549,20713,63,0
9649.23480842,9649.23463398,563.11026857,563.11388586,0.04632395,3338.59034281,0.01998550,0.01998549,20712,63,0
9649.70123204,9649.70053190,572.77649759,572.79103073,0.05065558,3339.04623533,0.01998550,0.01998549,20711,63,0
9650.16665983,9650.16647482,582.45264320,582.45648690,0.04855020,3339.50010696,0.01998550,0.01998549,20710,63,0
9650.63245124,9650.63246275,592.13762344,592.13738413,0.05675912,3339.95323047,0.01998550,0.01998549,20709,63,0
9651.09742095,9651.09849570,601.83177597,601.80940928,0.05271121,3340.40446602,0.01998549,0.01998549,20708,63,0
9651.56479230,9651.56457366,611.53628585,611.54084064,0.04381149,3340.85698714,0.01998550,0.01998549,20707,63,0
9652.03148594,9652.03069665,621.25235562,621.26881760,0.05264880,3341.30785759,0.01998550,0.01998549,20706,63,0
9652.49670034,9652.49686468,630.98062556,630.97719419,0.05175619,3341.75633399,0.01998550,0.01998549,20705,63,0
9652.96328361,9652.96307775,640.72028499,640.72458783,0.04901268,3342.20511936,0.01998550,0.01998549,20704,63,0
9653.42850579,9653.42933586,650.47028901,650.45292353,0.04705080,3342.65153494,0.01998549,0.01998549,20703,63,0
9653.89662406,9653.89563903,660.22967572,660.25030047,0.04585866,3343.09961155,0.01998550,0.01998549,20702,63,0
9654.36094332,9654.36198726,669.99871962,669.97684074,0.06150454,3343.54295208,0.01998549,0.01998549,20701,63,0
9654.82867112,9654.82838055,679.77860392,679.78470022,0.05738286,3343.98848911,0.01998550,0.01998549,20700,63,0
9655.29445876,9655.29481892,689.57053988,689.56297453,0.04644260,3344.43117235,0.01998549,0.01998549,20699,63,0
9655.76116922,9655.76130237,699.37521765,699.37241742,0.04712666,3344.87375157,0.01998549,0.01998549,20698,63,0
9656.22729911,9656.22783090,709.19176904,709.18057344,0.05482311,3345.31475521,0.01998549,0.01998549,20697,63,0
9656.69359321,9656.69440453,719.01903274,719.00193635,0.05486724,3345.75483186,0.01998549,0.01998549,20696,63,0
9657.16089420,9657.16102326,728.85591676,728.85319490,0.05544426,3346.19471897,0.01998550,0.01998549,20695,63,0
9657.62744503,9657.62768709,738.70248724,738.69737741,0.04754200,3346.63276002,0.01998549,0.01998549,20694,63,0
9658.09431511,9658.09439603,748.55971402,748.55800391,0.04718810,3347.06999908,0.01998549,0.01998549,20693,63,0
9658.56163900,9658.56115010,758.42859672,758.43893991,0.05033285,3347.50659866,0.01998550,0.01998549,20692,63,0
9659.02854166,9659.02794929,768.30980934,768.32235579,0.04988201,3347.94176530,0.01998550,0.01998549,20691,63,0
9659.49556499,9659.49479361,778.20306234,778.21941805,0.05766746,3348.37598658,0.01998550,0.01998549,20690,63,0
9659.96196259,9659.96168307,788.10788892,788.11382190,0.05942916,3348.80854426,0.01998550,0.01998549,20689,63,0
9660.42960256,9660.42861768,798.02384892,798.04477472,0.05726497,3349.24114412,0.01998550,0.01998549,20688,63,0
9660.89559332,9660.89559744,807.95089768,807.95081012,0.05277870,3349.67110559,0.01998549,0.01998549,20687,63,0
9661.36229483,9661.36262235,817.88927363,817.88230012,0.05731019,3350.10061461,0.01998549,0.01998549,20686,63,0
9661.83021034,9661.82969243,827.83922263,827.85026142,0.05258342,3350.53013272,0.01998550,0.01998549,20685,63,0
9662.29600475,9662.29680769,837.80091870,837.78378592,0.05315652,3350.95660373,0.01998549,0.01998549,20684,63,0
9662.76524287,9662.76396812,847.77435705,847.80158646,0.04766506,3351.38511217,0.01998550,0.01998549,20683,63,0
9663.23075731,9663.23117373,857.75950576,857.75060123,0.04679731,3351.80910694,0.01998549,0.01998549,20682,63,0
9663.69889304,9663.69842454,867.75636991,867.76639902,0.05168845,3352.23436570,0.01998549,0.01998549,20681,63,0
9664.16617644,9664.16572055,877.76531645,877.77508681,0.05036467,3352.65773661,0.01998549,0.01998549,20680,63,0
9664.63262919,9664.63306175,887.78691825,887.77763677,0.05194416,3353.07926365,0.01998549,0.01998549,20679,63,0
9665.09977008,9665.10044817,897.82174768,897.80717978,0.05273499,3353.50033778,0.01998549,0.01998549,20678,63,0
9665.56847085,9665.56787981,907.86977982,907.88249224,0.05812751,3353.92172967,0.01998550,0.01998549,20677,63,0
9666.03480200,9666.03535667,917.92992075,917.91797814,0.05737450,3354.33985763,0.01998549,0.01998549,20676,63,0
9666.50298520,9666.50287876,928.00095880,928.00325257,0.05463305,3354.75845281,0.01998550,0.01998549,20675,63,0
9666.96993035,9666.97044609,938.08194099,938.07081635,0.05810731,3355.17470567,0.01998549,0.01998549,20674,63,0
9667.43772157,9667.43805866,948.17353780,948.16625910,0.05050734,3355.59049845,0.01998549,0.01998549,20673,63,0
9667.90618943,9667.90571649,958.27703893,958.28726257,0.04999427,3356.00572256,0.01998550,0.01998549,20672,63,0
9668.37369793,9668.37341957,968.39370849,968.39973339,0.05464515,3356.41897493,0.01998550,0.01998549,20671,63,0
9668.84103195,9668.84116791,978.52378184,978.52083565,0.04789977,3356.83095669,0.01998550,0.01998549,20670,63,0
9669.30755851,9669.30896152,988.66632350,988.63588775,0.04579295,3357.24106933,0.01998549,0.01998549,20669,63,0
9669.77627136,9669.77680041,998.82032841,998.80884044,0.04988559,3357.65189296,0.01998550,0.01998549,20668,63,0
9670.24461079,9670.24468458,1008.98513858,1008.98353461,0.06195335,3358.06114499,0.01998550,0.01998549,20667,63,0
9670.71242144,9670.71261404,1019.16127804,1019.15708724,0.05025633,3358.46870905,0.01998550,0.01998549,20666,63,0
9671.18090116,9671.18058880,1029.34952268,1029.35632691,0.05052401,3358.87565371,0.01998550,0.01998549,20665,63,0
9671.64824004,9671.64860886,1039.55058965,1039.54254607,0.05461876,3359.28043124,0.01998550,0.01998549,20664,63,0
9672.11614724,9672.11667423,1049.76448665,1049.75298041,0.04875414,3359.68451834,0.01998549,0.01998549,20663,63,0
9672.58515430,9672.58478492,1059.99077577,1059.99884963,0.05346065,3360.08834427,0.01998550,0.01998549,20662,63,0
9673.05301944,9673.05294093,1070.22901245,1070.23073031,0.05056192,3360.48995562,0.01998550,0.01998549,20661,63,0
9673.52072782,9673.52114227,1080.47898250,1080.46990468,0.04810280,3360.89018911,0.01998549,0.01998549,20660,63,0
9673.98793924,9673.98938894,1090.74085252,1090.70906446,0.05660627,3361.28875707,0.01998549,0.01998549,20659,63,0
9674.45819117,9674.45768095,1101.01482560,1101.02602542,0.05633531,3361.68866928,0.01998550,0.01998549,20658,63,0
9674.92543353,9674.92601832,1111.30119043,1111.28833901,0.04516845,3362.08478578,0.01998549,0.01998549,20657,63,0
9675.39337184,9675.39440104,1121.60061642,1121.57797109,0.04671240,3362.48027686,0.01998549,0.01998549,20656,63,0
9675.86253408,9675.86282912,1131.91388431,1131.90738417,0.05229272,3362.87560482,0.01998549,0.01998549,20655,63,0
9676.33158126,9676.33130257,1142.24169937,1142.24784731,0.04985996,3363.26965734,0.01998549,0.01998549,20654,63,0
9676.79965270,9676.79982140,1152.58365796,1152.57993189,0.04722569,3363.66169316,0.01998549,0.01998549,20653,63,0
9677.26799180,9677.26838561,1162.93854449,1162.92983699,0.05563268,3364.05270381,0.01998549,0.01998549,20652,63,0
9677.73823264,9677.73699520,1173.30512744,1173.33251522,0.04734022,3364.44399210,0.01998550,0.01998549,20651,63,0
9678.20635112,9678.20565020,1183.68306620,1183.69859595,0.05384089,3364.83219221,0.01998550,0.01998549,20650,63,0
9678.67452884,9678.67435059,1194.07355382,1194.07750769,0.05274362,3365.21916086,0.01998549,0.01998549,20649,63,0
9679.14333766,9679.14309639,1204.47794239,1204.48330117,0.04843003,3365.60541187,0.01998549,0.01998549,20648,63,0
9679.61220591,9679.61188761,1214.89723474,1214.90431391,0.06353968,3365.99050169,0.01998549,0.01998549,20647,63,0
9680.07952833,9680.08072424,1225.33094477,1225.30431410,0.05375407,3366.37309267,0.01998549,0.01998549,20646,63,0
9680.54963660,9680.54960631,1235.77819315,1235.77886844,0.05437218,3366.75668693,0.01998549,0.01998549,20645,63,0
9681.01904331,9681.01853381,1246.23817045,1246.24954176,0.05110594,3367.13839425,0.01998550,0.01998549,20644,63,0
9681.48858920,9681.48750675,1256.71088212,1256.73506844,0.04720397,3367.51889464,0.01998550,0.01998549,20643,63,0
9681.95742159,9681.95652514,1267.19683191,1267.21688613,0.05012264,3367.89751151,0.01998550,0.01998549,20642,63,0
9682.42666209,9682.42558898,1277.69652679,1277.72056239,0.05001706,3368.27516367,0.01998550,0.01998549,20641,63,0
9682.89597746,9682.89469829,1288.21019391,1288.23888021,0.05288498,3368.65158228,0.01998550,0.01998549,20640,63,0
9683.36346790,9683.36385306,1298.73769959,1298.72905162,0.05237223,3369.02523931,0.01998549,0.01998549,20639,63,0
9683.83401135,9683.83305331,1309.27888542,1309.30042177,0.04977452,3369.40001607,0.01998550,0.01998549,20638,63,0
9684.30238662,9684.30229904,1319.83357938,1319.83555044,0.05228653,3369.77173757,0.01998549,0.01998549,20637,63,0
9684.77154525,9684.77159025,1330.40157529,1330.40056118,0.05024849,3370.14273835,0.01998549,0.01998549,20636,63,0
9685.24195214,9685.24092696,1340.98265985,1341.00578531,0.05323504,3370.51336333,0.01998550,0.01998549,20635,63,0
9685.71076425,9685.71030917,1351.57673176,1351.58700892,0.04678890,3370.88136413,0.01998550,0.01998549,20634,63,0
9686.17927976,9686.17973689,1362.18434051,1362.17400450,0.05025905,3371.24778063,0.01998549,0.01998549,20633,63,0
9686.64926589,9686.64921012,1372.80627148,1372.80753415,0.05194663,3371.61401021,0.01998549,0.01998549,20632,63,0
9687.11813868,9687.11872887,1383.44325367,1383.42987385,0.05282270,3371.97805567,0.01998549,0.01998549,20631,63,0
9687.58799756,9687.58829315,1394.09521526,1394.08850558,0.05048394,3372.34153774,0.01998549,0.01998549,20630,63,0
9688.05637652,9688.05790297,1404.76152419,1404.72683289,0.05451571,3372.70252216,0.01998549,0.01998549,20629,63,0
9688.52706248,9688.52755832,1415.44154058,1415.43025869,0.05097082,3373.06389527,0.01998549,0.01998549,20628,63,0
9688.99667417,9688.99725922,1426.13493146,1426.12160425,0.05299759,3373.42303765,0.01998549,0.01998549,20627,63,0
9689.46706007,9689.46700568,1436.84175451,1436.84299507,0.05136606,3373.78135964,0.01998549,0.01998549,20626,63,0
9689.93695639,9689.93679769,1447.56209448,1447.56571795,0.05207303,3374.13789344,0.01998549,0.01998549,20625,63,0
9690.40658764,9690.40663527,1458.29637541,1458.29528648,0.05101952,3374.49282012,0.01998549,0.01998549,20624,63,0
9690.87562243,9690.87651843,1469.04578633,1469.02527459,0.05342642,3374.84592513,0.01998549,0.01998549,20623,63,0
9691.34621489,9691.34644716,1479.81162975,1479.80630453,0.05268655,3375.19886099,0.01998549,0.01998549,20622,63,0
9691.81597385,9691.81642149,1490.59466476,1490.58438693,0.05583533,3375.54984777,0.01998549,0.01998549,20621,63,0
9692.28652671,9692.28644140,1501.39342003,1501.39538129,0.04695868,3375.90004536,0.01998549,0.01998549,20620,63,0
9692.75696235,9692.75650692,1512.20584778,1512.21632912,0.05263149,3376.24869888,0.01998550,0.01998549,20619,63,0
9693.22582255,9693.22661804,1523.03023236,1523.01190672,0.04830232,3376.59467405,0.01998549,0.01998549,20618,63,0
9693.69696455,9693.69677478,1533.86733884,1533.87171562,0.05714200,3376.94083225,0.01998549,0.01998549,20617,63,0
9694.16697573,9694.16697713,1544.71902489,1544.71899242,0.05062556,3377.28471312,0.01998549,0.01998549,20616,63,0
9694.63717316,9694.63722512,1555.58704253,1555.58584087,0.05388813,3377.62733247,0.01998549,0.01998549,20615,63,0
9695.10696119,9695.10751873,1566.47153715,1566.45862448,0.04730294,3377.96825364,0.01998549,0.01998549,20614,63,0
9695.57785407,9695.57785799,1577.37152503,1577.37143400,0.05183633,3378.30853348,0.01998549,0.01998549,20613,63,0
9696.04938011,9696.04824289,1588.28602343,1588.31242655,0.05057256,3378.64778481,0.01998550,0.01998549,20612,63,0
9696.51880396,9696.51867345,1599.21486135,1599.21789527,0.05619406,3378.98403409,0.01998549,0.01998549,20611,63,0
9696.98882347,9696.98914967,1610.15873342,1610.15114060,0.05327714,3379.31923500,0.01998549,0.01998549,20610,63,0
9697.45934958,9697.45967155,1621.11837420,1621.11086963,0.05416010,3379.65333363,0.01998549,0.01998549,20609,63,0
9697.92967238,9697.93023911,1632.09408400,1632.08085644,0.05014981,3379.98582562,0.01998549,0.01998549,20608,63,0
9698.40088291,9698.40085234,1643.08548339,1643.08619776,0.05185962,3380.31745959,0.01998549,0.01998549,20607,63,0
9698.87164911,9698.87151127,1654.09213246,1654.09535808,0.05040630,3380.64727486,0.01998549,0.01998549,20606,63,0
9699.34207501,9699.34221588,1665.11389642,1665.11059563,0.05219740,3380.97533642,0.01998549,0.01998549,20605,63,0
9699.81277482,9699.81296620,1676.15132422,1676.14683404,0.05171378,3381.30208152,0.01998549,0.01998549,20604,63,0
9700.28340876,9700.28376222,1687.20506126,1687.19675646,0.04391391,3381.62728433,0.01998549,0.01998549,20603,63,0
9700.75503151,9700.75460395,1698.27547784,1698.28553748,0.05374805,3381.95167178,0.01998549,0.01998549,20602,63,0
9701.22515425,9701.22549141,1709.36207552,1709.35413217,0.05445037,3382.27351158,0.01998549,0.01998549,20601,63,0
9701.69672119,9701.69642459,1720.46418260,1720.47117921,0.04929526,3382.59479199,0.01998549,0.01998549,20600,63,0
9702.16796139,9702.16740351,1731.58133350,1731.59451028,0.05568804,3382.91427977,0.01998550,0.01998549,20599,63,0
9702.63905365,9702.63842816,1742.71395652,1742.72874976,0.05124544,3383.23210312,0.01998550,0.01998549,20598,63,0
9703.11042009,9703.10949856,1753.86272118,1753.88454608,0.04929349,3383.54855732,0.01998550,0.01998549,20597,63,0
9703.58070831,9703.58061471,1765.02820222,1765.03042206,0.05120145,3383.86274632,0.01998549,0.01998549,20596,63,0
9704.05311077,9704.05177663,1776.21042062,1776.24210625,0.05580554,3384.17678986,0.01998550,0.01998549,20595,63,0
9704.52143615,9704.52298431,1787.40920446,1787.37238562,0.03597774,3384.48656860,0.01998549,0.01998549,20594,63,0
9704.99317419,9704.99423776,1798.62438304,1798.59905436,0.04649615,3384.79702688,0.01998549,0.01998549,20593,63,0
9705.46087250,9705.46553699,0.00000000,1809.75230515,0.04315276,3385.10346278,0.01998549,0.01998549,20592,63,1
9705.93650131,9705.93688201,1821.10332903,1821.09423843,0.05214904,3385.41304649,0.01998549,0.01998549,20591,63,0
9706.40845255,9706.40827282,1832.36684945,1832.37114675,0.05020764,3385.71881961,0.01998549,0.01998549,20590,63,0
9706.87786526,9706.87970944,1843.64661014,1843.60245561,0.04763263,3386.02133875,0.01998549,0.01998549,20589,63,0
9707.35172589,9707.35119185,1854.94303454,1854.95583870,0.04975919,3386.32509962,0.01998550,0.01998549,20588,63,0
9707.82346982,9707.82272009,1866.25655298,1866.27455463,0.04788934,3386.62588494,0.01998550,0.01998549,20587,63,0
9708.29467764,9708.29429414,1877.58761814,1877.59683985,0.05251795,3386.92471929,0.01998549,0.01998549,20586,63,0
9708.76651541,9708.76591401,1888.93669747,1888.95118035,0.05114071,3387.22234487,0.01998550,0.01998549,20585,63,0
9709.23761853,9709.23757973,1900.30417611,1900.30511198,0.04982590,3387.51790215,0.01998549,0.01998549,20584,63,0
9709.70975256,9709.70929128,1911.68944681,1911.70058806,0.05076854,3387.81247207,0.01998550,0.01998549,20583,63,0
9710.18127041,9710.18104867,1923.09125879,1923.09662136,0.04900975,3388.10498371,0.01998550,0.01998549,20582,63,0
9710.65293734,9710.65285192,1934.50847481,1934.51054301,0.05015301,3388.39587692,0.01998549,0.01998549,20581,63,0
9711.12421571,9711.12470103,1945.94162902,1945.92986113,0.04930795,3388.68482705,0.01998549,0.01998549,20580,63,0
9711.59620952,9711.59659601,1957.39239963,1957.38301417,0.04967620,3388.97254300,0.01998549,0.01998549,20579,63,0
9712.06845916,9712.06853686,1968.86235448,1968.86046450,0.04990765,3389.25876933,0.01998549,0.01998549,20578,63,0
9712.53998054,9712.54052359,1980.35119815,1980.33796985,0.05007672,3389.54289485,0.01998549,0.01998549,20577,63,0
9713.01174438,9713.01255620,1991.85733618,1991.83753449,0.05400125,3389.82545829,0.01998549,0.01998549,20576,63,0
9713.48543817,9713.48463471,2003.37924828,2003.39887034,0.04983433,3390.10741241,0.01998550,0.01998549,20575,63,0
9713.95588675,9713.95675912,2014.91682870,2014.89549609,0.05410869,3390.38567354,0.01998549,0.01998549,20574,63,0
9714.42891871,9714.42892944,2026.47093973,2026.47067713,0.04479434,3390.66370548,0.01998549,0.01998549,20573,63,0
9714.90185430,9714.90114567,2038.04247447,2038.05985198,0.05399851,3390.93993202,0.01998550,0.01998549,20572,63,0
9715.37316002,9715.37340782,2049.63238649,2049.62630059,0.05418232,3391.21348046,0.01998549,0.01998549,20571,63,0
9715.84605916,9715.84571589,2061.24167172,2061.25011595,0.04725272,3391.48623552,0.01998549,0.01998549,20570,63,0
9716.31831461,9716.31806990,2072.87123317,2072.87726289,0.05267178,3391.75691251,0.01998549,0.01998549,20569,63,0
9716.78986631,9716.79046985,2084.52093186,2084.50603628,0.04986413,3392.02547049,0.01998549,0.01998549,20568,63,0
9717.26239136,9717.26291575,2096.19001176,2096.17704993,0.05174411,3392.29283531,0.01998549,0.01998549,20567,63,0
9717.73498077,9717.73540760,2107.87774979,2107.86718378,0.05136092,3392.55846035,0.01998549,0.01998549,20566,63,0
9718.20767796,9718.20794541,2119.58383350,2119.57720321,0.05251827,3392.82235223,0.01998549,0.01998549,20565,63,0
9718.68169676,9718.68052918,2131.30816210,2131.33714947,0.05215330,3393.08516853,0.01998550,0.01998549,20564,63,0
9719.15286499,9719.15315893,2143.05071313,2143.04340467,0.04914687,3393.34459477,0.01998549,0.01998549,20563,63,0
9719.62601979,9719.62583467,2154.81201578,2154.81662579,0.05359308,3393.60330129,0.01998549,0.01998549,20562,63,0
9720.09857075,9720.09855638,2166.59284328,2166.59320159,0.04850606,3393.85987072,0.01998549,0.01998549,20561,63,0
9720.57076383,9720.57132410,2178.39383496,2178.37983864,0.04546227,3394.11444555,0.01998549,0.01998549,20560,63,0
9721.04365617,9721.04413781,2190.21483797,2190.20278697,0.05181388,3394.36757985,0.01998549,0.01998549,20559,63,0
9721.51755856,9721.51699753,2202.05541935,2202.06947864,0.05125639,3394.61941031,0.01998550,0.01998549,20558,63,0
9721.99029443,9721.98990326,2213.91513032,2213.92494744,0.05530544,3394.86876143,0.01998550,0.01998549,20557,63,0
9722.46366347,9722.46285501,2225.79346984,2225.81378917,0.04634263,3395.11656512,0.01998550,0.01998549,20556,63,0
9722.93658571,9722.93585279,2237.68991917,2237.70836583,0.05291516,3395.36223439,0.01998550,0.01998549,20555,63,0
9723.40869111,9723.40889661,2249.60430996,2249.59913030,0.05340538,3395.60557175,0.01998549,0.01998549,20554,63,0
9723.88198164,9723.88198647,2261.53759265,2261.53747090,0.04284639,3395.84761659,0.01998549,0.01998549,20553,63,0
9724.35566507,9724.35512237,2273.49094528,2273.50466749,0.05041420,3396.08796781,0.01998550,0.01998549,20552,63,0
9724.82875474,9724.82830433,2285.46516417,2285.47657158,0.04507325,3396.32613107,0.01998550,0.01998549,20551,63,0
9725.30229111,9725.30153234,2297.46016811,2297.47941641,0.05165306,3396.56261827,0.01998550,0.01998549,20550,63,0
9725.77516576,9725.77480643,2309.47575127,2309.48488136,0.04902503,3396.79686207,0.01998550,0.01998549,20549,63,0
9726.24791158,9726.24812659,2321.51153760,2321.50606591,0.05078858,3397.02911307,0.01998549,0.01998549,20548,63,0
9726.72159605,9726.72149283,2333.56688266,2333.56951330,0.04745536,3397.25986769,0.01998549,0.01998549,20547,63,0
9727.19504775,9727.19490516,2345.64115427,2345.64479367,0.05352666,3397.48852857,0.01998549,0.01998549,20546,63,0
9727.66798245,9727.66836358,2357.73482562,2357.72508239,0.05729955,3397.71496192,0.01998549,0.01998549,20545,63,0
9728.14197086,9728.14186811,2369.84957167,2369.85220287,0.05358760,3397.93993699,0.01998549,0.01998549,20544,63,0
9728.61649876,9728.61541874,2381.98701475,2382.01472146,0.05098334,3398.16321818,0.01998550,0.01998549,20543,63,0
9729.08895931,9729.08901549,2394.14707886,2394.14563526,0.04911563,3398.38357466,0.01998549,0.01998549,20542,63,0
9729.56320196,9729.56265836,2406.32846683,2406.34245859,0.04788122,3398.60276814,0.01998550,0.01998549,20541,63,0
9730.03587254,9730.03634736,2418.52999587,2418.51775603,0.05126282,3398.81921471,0.01998549,0.01998549,20540,63,0
9730.51031821,9730.51008249,2430.75160284,2430.75768897,0.05525140,3399.03443389,0.01998549,0.01998549,20539,63,0
9730.98328163,9730.98386376,2442.99372882,2442.97867511,0.05466689,3399.24694308,0.01998549,0.01998549,20538,63,0
9731.45719451,9731.45769118,2455.25695745,2455.24409216,0.04702863,3399.45783724,0.01998549,0.01998549,20537,63,0
9731.93164854,9731.93156476,2467.54244278,2467.54461665,0.05122474,3399.66693318,0.01998549,0.01998549,20536,63,0
9732.40439325,9732.40548450,2479.85149353,2479.82312398,0.05237620,3399.87325637,0.01998549,0.01998549,20535,63,0
9732.87820970,9732.87945041,2492.18445801,2492.15214560,0.05433949,3400.07801763,0.01998549,0.01998549,20534,63,0
9733.35401589,9733.35346249,2504.53943159,2504.55386699,0.04658686,3400.28154957,0.01998550,0.01998549,20533,63,0
9733.82803143,9733.82752076,2516.91421408,2516.92755420,0.05580243,3400.48218623,0.01998550,0.01998549,20532,63,0
9734.30203685,9734.30162521,2529.30827055,2529.31903996,0.04873000,3400.68067421,0.01998550,0.01998549,20531,63,0
9734.77588792,9734.77577586,2541.72325641,2541.72619292,0.05389376,3400.87696991,0.01998549,0.01998549,20530,63,0
9735.25016883,9735.24997271,2554.16089018,2554.16603871,0.05574796,3401.07132881,0.01998549,0.01998549,20529,63,0
9735.72473312,9735.72421577,2566.62154270,2566.63514752,0.05069885,3401.26367943,0.01998550,0.01998549,20528,63,0
9736.19894645,9736.19850505,2579.10460787,2579.11623491,0.04574930,3401.45374333,0.01998550,0.01998549,20527,63,0
9736.67373769,9736.67284055,2591.60957759,2591.63324881,0.05356737,3401.64187142,0.01998550,0.01998549,20526,63,0
9737.14717166,9737.14722228,2604.13669332,2604.13535552,0.04973906,3401.82729388,0.01998549,0.01998549,20525,63,0
9737.62207142,9737.62165024,2616.68647868,2616.69762967,0.05262200,3402.01111115,0.01998549,0.01998549,20524,63,0
9738.09555786,9738.09612445,2629.25947801,2629.24445074,0.05460738,3402.19220387,0.01998549,0.01998549,20523,63,0
9738.57187361,9738.57064491,2641.85628260,2641.88893012,0.05382969,3402.37218050,0.01998550,0.01998549,20522,63,0
9739.04572368,9739.04521162,2654.47748607,2654.49111704,0.04681300,3402.54903296,0.01998549,0.01998549,20521,63,0
9739.51960347,9739.51982460,2667.12323005,2667.11733277,0.05051981,3402.72369797,0.01998549,0.01998549,20520,63,0
9739.99431188,9739.99448384,2679.79304495,2679.78845074,0.05463829,3402.89644410,0.01998549,0.01998549,20519,63,0
9740.46978052,9740.46918937,2692.48647203,2692.50229314,0.04999915,3403.06721582,0.01998549,0.01998549,20518,63,0
9740.94450675,9740.94394118,2705.20372165,2705.21888547,0.05039051,3403.23546302,0.01998549,0.01998549,20517,63,0
9741.41784921,9741.41873927,2717.94543647,2717.92152852,0.05302665,3403.40096870,0.01998549,0.01998549,20516,63,0
9741.89299005,9741.89358367,2730.71200536,2730.69603097,0.05232170,3403.56483395,0.01998549,0.01998549,20515,63,0
9742.36815416,9742.36847436,2743.50263767,2743.49400591,0.04598972,3403.72640978,0.01998549,0.01998549,20514,63,0
9742.84294972,9742.84341137,2756.31621596,2756.30375042,0.05112457,3403.88553834,0.01998549,0.01998549,20513,63,0
9743.31763015,9743.31839470,2769.15252082,2769.13184111,0.05199677,3404.04229277,0.01998549,0.01998549,20512,63,0
9743.79420718,9743.79342435,2782.01297983,2782.03419316,0.04863782,3404.19732872,0.01998550,0.01998549,20511,63,0
9744.26902359,9744.26850033,2794.89913790,2794.91334474,0.05352901,3404.34946013,0.01998550,0.01998549,20510,63,0
9744.74362483,9744.74362265,2807.81146672,2807.81152621,0.05058388,3404.49918775,0.01998549,0.01998549,20509,63,0
9745.21848808,9745.21879131,2820.74960013,2820.74133588,0.04814492,3404.64664298,0.01998549,0.01998549,20508,63,0
9745.69411987,9745.69400632,2833.71319173,2833.71629213,0.05114423,3404.79195712,0.01998549,0.01998549,20507,63,0
9746.16946184,9746.16926769,2846.70211549,2846.70742634,0.05050785,3404.93478757,0.01998549,0.01998549,20506,63,0
9746.64466321,9746.64457543,2859.71630992,2859.71871564,0.05219411,3405.07516756,0.01998549,0.01998549,20505,63,0
9747.12013215,9747.11992954,2872.75555640,2872.76111930,0.05069309,3405.21320024,0.01998550,0.01998549,20504,63,0
9747.59613170,9747.59533002,2885.81935816,2885.84140729,0.04719712,3405.34893666,0.01998550,0.01998549,20503,63,0
9748.07147368,9748.07077689,2898.90728333,2898.92648103,0.05147365,3405.48202088,0.01998550,0.01998549,20502,63,0
9748.54656305,9748.54627016,2912.02012169,2912.02820645,0.04687995,3405.61256770,0.01998550,0.01998549,20501,63,0
9749.02043938,9749.02180982,2925.15950120,2925.12159734,0.05395666,3405.74032632,0.01998549,0.01998549,20500,63,0
9749.49725133,9749.49739589,2938.32656919,2938.32256316,0.05447581,3405.86639767,0.01998549,0.01998549,20499,63,0
9749.97352335,9749.97302836,2951.52058608,2951.53432989,0.05018800,3405.98982147,0.01998550,0.01998549,20498,63,0
9750.44929835,9750.44870726,2964.74039746,2964.75683947,0.04831274,3406.11059126,0.01998550,0.01998549,20497,63,0
9750.92593193,9750.92443259,2977.98596407,2978.02775003,0.05135650,3406.22903330,0.01998550,0.01998549,20496,63,0
9751.40133070,9751.40020434,2991.25864391,2991.29009777,0.05091476,3406.34462755,0.01998550,0.01998549,20495,63,0
9751.87652120,9751.87602254,3004.55971564,3004.57366955,0.04567205,3406.45763052,0.01998549,0.01998549,20494,63,0
9752.35189465,9752.35188718,3017.88922396,3017.88943352,0.05315766,3406.56811960,0.01998549,0.01998549,20493,63,0
9752.82819329,9752.82779828,3031.24669282,3031.25779057,0.05037989,3406.67623828,0.01998549,0.01998549,20492,63,0
9753.30449101,9753.30375583,3044.63203115,3044.65272746,0.04980160,3406.78175210,0.01998550,0.01998549,20491,63,0
9753.78019327,9753.77975985,3058.04592621,3058.05815254,0.05019860,3406.88452351,0.01998550,0.01998549,20490,63,0
9754.25545206,9754.25581035,3071.48901960,3071.47889169,0.04946991,3406.98458226,0.01998549,0.01998549,20489,63,0
9754.73231054,9754.73190732,3084.96031679,3084.97173688,0.04902488,3407.08232501,0.01998550,0.01998549,20488,63,0
9755.20784945,9755.20805078,3098.45777373,3098.45206136,0.04705647,3407.17712076,0.01998549,0.01998549,20487,63,0
9755.68453918,9755.68424074,3111.98048470,3111.98896775,0.05056816,3407.26944239,0.01998550,0.01998549,20486,63,0
9756.16096931,9756.16047720,3125.53083375,3125.54485050,0.05306369,3407.35901037,0.01998550,0.01998549,20485,63,0
9756.63585917,9756.63676016,3139.11165874,3139.08593929,0.04907515,3407.44560122,0.01998549,0.01998549,20484,63,0
9757.11317179,9757.11308964,3152.72343030,3152.72578042,0.05617788,3407.52991522,0.01998549,0.01998549,20483,63,0
9757.58944321,9757.58946564,3166.36467767,3166.36403488,0.04806085,3407.61130206,0.01998549,0.01998549,20482,63,0
9758.06661219,9758.06588816,3180.03439171,3180.05518686,0.04695146,3407.69007145,0.01998550,0.01998549,20481,63,0
9758.54217089,9758.54235722,3193.73337667,3193.72801376,0.04984304,3407.76580359,0.01998549,0.01998549,20480,63,0
9759.01930659,9759.01887283,3207.46277767,3207.47528869,0.04735151,3407.83899536,0.01998550,0.01998549,20479,63,0
9759.49523243,9759.49543498,3221.22266160,3221.21680744,0.04737032,3407.90919869,0.01998549,0.01998549,20478,63,0
9759.97189381,9759.97204368,3235.01211411,3235.00777344,0.04563507,3407.97668262,0.01998549,0.01998549,20477,63,0
9760.44811037,9760.44869895,3248.83060341,3248.81352259,0.05463791,3408.04125790,0.01998549,0.01998549,20476,63,0
9760.92528569,9760.92540079,3262.67910685,3262.67575954,0.04897076,3408.10309763,0.01998549,0.01998549,20475,63,0
9761.40252728,9761.40214920,3276.55890312,3276.56992249,0.05476702,3408.16206471,0.01998549,0.01998549,20474,63,0
9761.87858259,9761.87894420,3290.47047597,3290.45991382,0.04509541,3408.21799809,0.01998549,0.01998549,20473,63,0
9762.35527773,9762.35578578,3304.41361442,3304.39874279,0.04834165,3408.27109790,0.01998549,0.01998549,20472,63,0
9762.83288123,9762.83267396,3318.38810262,3318.39418285,0.04921011,3408.32136054,0.01998549,0.01998549,20471,63,0
9763.30969440,9763.30960874,3332.39378802,3332.39630600,0.04653862,3408.36858726,0.01998549,0.01998549,20470,63,0
9763.78609332,9763.78659013,3346.43059422,3346.41595805,0.05250057,3408.41280796,0.01998549,0.01998549,20469,63,0
9764.26275758,9764.26361814,3360.49933224,3360.47392380,0.05121428,3408.45407118,0.01998549,0.01998549,20468,63,0
9764.74009685,9764.74069278,3374.60146000,3374.58382424,0.05794501,3408.49238854,0.01998549,0.01998549,20467,63,0
9765.21796431,9765.21781404,3388.73773678,3388.74219425,0.05594492,3408.52771884,0.01998549,0.01998549,20466,63,0
9765.69511403,9765.69498194,3402.90721053,3402.91113725,0.05269370,3408.55994938,0.01998549,0.01998549,20465,63,0
9766.17221316,9766.17219648,3417.10880027,3417.10929705,0.04282651,3408.58911077,0.01998549,0.01998549,20464,63,0
9766.64950760,9766.64945768,3431.34255527,3431.34404577,0.04670108,3408.61519775,0.01998549,0.01998549,20463,63,0
9767.12757340,9767.12676553,3445.60911544,3445.63328939,0.05641979,3408.63821429,0.01998550,0.01998549,20462,63,0
9767.60336299,9767.60412004,3459.90919612,3459.88649126,0.05071101,3408.65800987,0.01998549,0.01998549,20461,63,0
9768.08162407,9768.08152123,3474.24361869,3474.24671025,0.04627978,3408.67476100,0.01998549,0.01998549,20460,63,0
9768.55889910,9768.55896910,3488.61300202,3488.61089301,0.04998125,3408.68831190,0.01998549,0.01998549,20459,63,0
9769.03621124,9769.03646365,3503.01687512,3503.00925271,0.05178921,3408.69867983,0.01998549,0.01998549,20458,63,0
9769.51336106,9769.51400489,3517.45441990,3517.43493380,0.05175458,3408.70584079,0.01998549,0.01998549,20457,63,0
9769.99162423,9769.99159283,3531.92479403,3531.92574663,0.04723486,3408.70978406,0.01998549,0.01998549,20456,63,0
9770.46862855,9770.46922747,3546.42713568,3546.40893168,0.04665282,3408.71047207,0.01998549,0.01998549,20455,63,0
9770.94687435,9770.94690883,3560.96198357,3560.96093315,0.04981680,3408.70788945,0.01998549,0.01998549,20454,63,0
9771.42400900,9771.42463691,3575.53339172,3575.51421438,0.04744775,3408.70202615,0.01998549,0.01998549,20453,63,0
9771.90252663,9771.90241171,3590.14518268,3590.14870201,0.04542217,3408.69282373,0.01998549,0.01998549,20452,63,0
9772.38001371,9772.38023325,3604.79513182,3604.78839310,0.05097673,3408.68030236,0.01998549,0.01998549,20451,63,0
9772.85746129,9772.85810152,3619.47841477,3619.45872218,0.04477627,3408.66442983,0.01998549,0.01998549,20450,63,0
9773.33547358,9773.33601654,3634.19520860,3634.17846816,0.04363002,3408.64516034,0.01998549,0.01998549,20449,63,0
9773.81411622,9773.81397832,3648.95148484,3648.95574820,0.04413830,3408.62244854,0.01998549,0.01998549,20448,63,0
9774.29157728,9774.29198686,3663.75087284,3663.73817524,0.05778300,3408.59635533,0.01998549,0.01998549,20447,63,0
9774.76915660,9774.77004216,3678.58923356,3678.56171535,0.04375569,3408.56680321,0.01998549,0.01998549,20446,63,0
9775.24767510,9775.24814424,3693.46181440,3693.44720466,0.04784025,3408.53371714,0.01998549,0.01998549,20445,63,0
9775.72653442,9775.72629309,3708.37010496,3708.37763886,0.04225318,3408.49710004,0.01998549,0.01998549,20444,63,0
9776.20524758,9776.20448874,3723.31836721,3723.34212025,0.04647919,3408.45695330,0.01998550,0.01998549,20443,63,0
9776.68217974,9776.68273118,3738.30740045,3738.29009560,0.04257624,3408.41340846,0.01998549,0.01998549,20442,63,0
9777.16058073,9777.16102042,3753.33432269,3753.32049269,0.04842560,3408.36615650,0.01998549,0.01998549,20441,63,0
9777.63915673,9777.63935647,3768.39732348,3768.39102611,0.04462617,3408.31528993,0.01998549,0.01998549,20440,63,0
9778.11751500,9778.11773933,3783.49753584,3783.49044597,0.04534626,3408.26082476,0.01998549,0.01998549,20439,63,0
9778.59627781,9778.59616902,3798.63639470,3798.63984131,0.05189458,3408.20265957,0.01998550,0.01998549,20438,63,0
9779.07471924,9779.07464554,3813.81465851,3813.81699947,0.04708899,3408.14085463,0.01998549,0.01998549,20437,63,0
9779.55286723,9779.55316889,3829.03283722,3829.02323148,0.04555871,3408.07538689,0.01998549,0.01998549,20436,63,0
9780.03097954,9780.03173908,3844.29106744,3844.26682060,0.04081494,3408.00619962,0.01998549,0.01998549,20435,63,0
9780.50907162,9780.51035613,3859.58925526,3859.54814641,0.04639649,3407.93326700,0.01998549,0.01998549,20434,63,0
9780.98937337,9780.98902003,3874.92866291,3874.94000172,0.04363424,3407.85619170,0.01998549,0.01998549,20433,63,0
9781.46795165,9781.46773079,3890.31241197,3890.31951993,0.04474054,3407.77555666,0.01998549,0.01998549,20432,63,0
9781.94709176,9781.94648842,3905.74189978,3905.76137101,0.05674492,3407.69095504,0.01998550,0.01998549,20431,63,0
9782.42544441,9782.42529293,3921.21356787,3921.21846864,0.04621039,3407.60261973,0.01998549,0.01998549,20430,63,0
9782.90362566,9782.90414433,3936.72440701,3936.70758494,0.04881844,3407.51044051,0.01998549,0.01998549,20429,63,0
9783.38291495,9783.38304261,3952.27860590,3952.27445344,0.04106391,3407.41410866,0.01998549,0.01998549,20428,63,0
9783.86268242,9783.86198779,3967.88184458,3967.90450836,0.05195766,3407.31366659,0.01998550,0.01998549,20427,63,0
9784.34138594,9784.34097988,3983.53074733,3983.54402961,0.04342793,3407.20943608,0.01998550,0.01998549,20426,63,0
9784.81908911,9784.82001888,3999.21694634,3999.18646856,0.04769567,3407.10145890,0.01998549,0.01998549,20425,63,0
9785.29905503,9785.29910480,4014.94128628,4014.93965049,0.04955742,3406.98895264,0.01998549,0.01998549,20424,63,0
9785.77856990,9785.77823764,4030.71387342,4030.72482912,0.04902779,3406.87243106,0.01998550,0.01998549,20423,63,0
9786.25890091,9786.25741741,4046.53875152,4046.58781642,0.05448857,3406.75151910,0.01998550,0.01998549,20422,63,0
9786.73639012,9786.73664413,4062.40928290,4062.40086053,0.04870909,3406.62718318,0.01998549,0.01998549,20421,63,0
9787.21502374,9787.21591779,4078.32052832,4078.29080972,0.04988761,3406.49841894,0.01998549,0.01998549,20420,63,0
nan,nan,0.00000000,-1.00000000,0.00000000,3406.36735444,nan,0.00000000,-2147483648,63,1
nan,nan,0.00000000,-1.00000000,0.00000000,3421.50225240,nan,0.00000000,-2147483648,62,1
9777.16220137,9777.16102042,13.04946587,13.07229130,0.05502365,3422.01220418,0.01998550,0.01998549,20441,62,0
9777.64012591,9777.63935647,22.29897356,22.31385906,0.04743398,3422.53034893,0.01998550,0.01998549,20440,62,0
9778.11831475,9778.11773933,31.55797873,31.56912113,0.04502497,3423.04792408,0.01998550,0.01998549,20439,62,0
9778.59723086,9778.59616902,40.82664698,40.84722780,0.04908096,3423.56543321,0.01998550,0.01998549,20438,62,0
9779.07569291,9779.07464554,50.10474278,50.12506122,0.05224525,3424.08158179,0.01998550,0.01998549,20437,62,0
9779.55332018,9779.55316889,59.39174915,59.39468654,0.05137234,3424.59593002,0.01998550,0.01998549,20436,62,0
9780.03158294,9780.03173908,68.68714030,68.68410645,0.05737570,3425.11002901,0.01998550,0.01998549,20435,62,0
9780.51089176,9780.51035613,77.99054136,78.00095719,0.05340107,3425.62429089,0.01998550,0.01998549,20434,62,0
9780.98868141,9780.98902003,87.30233127,87.29574116,0.04750310,3426.13598219,0.01998550,0.01998549,20433,62,0
9781.46774272,9781.46773079,96.62312286,96.62335520,0.04888591,3426.64812252,0.01998550,0.01998549,20432,62,0
9781.94826760,9781.94648842,105.95353088,105.98822183,0.05468841,3427.16093918,0.01998550,0.01998549,20431,62,0
9782.42501149,9782.42529293,115.29393905,115.28844609,0.05506558,3427.66885826,0.01998550,0.01998549,20430,62,0
9782.90319635,9782.90414433,124.64426414,124.62574466,0.05195505,3428.17744073,0.01998549,0.01998549,20429,62,0
9783.38270693,9783.38304261,134.00436659,133.99780257,0.05902437,3428.68654459,0.01998550,0.01998549,20428,62,0
9783.86219903,9783.86198779,143.37410346,143.37823781,0.05149263,3429.19472705,0.01998550,0.01998549,20427,62,0
9784.34089998,9784.34097988,152.75328728,152.75172199,0.05388586,3429.70115722,0.01998550,0.01998549,20426,62,0
9784.82055126,9784.82001888,162.14169219,162.15213046,0.04931230,3430.20766073,0.01998550,0.01998549,20425,62,0
9785.29962553,9785.29910480,171.53908969,171.54930838,0.04870787,3430.71260741,0.01998550,0.01998549,20424,62,0
9785.77886979,9785.77823764,180.94534697,180.95776270,0.05006427,3431.21677481,0.01998550,0.01998549,20423,62,0
9786.25878341,9786.25741741,190.36086275,190.38771599,0.05026629,3431.72070330,0.01998550,0.01998549,20422,62,0
9786.73627626,9786.73664413,199.78621966,199.77898097,0.05243291,3432.22118016,0.01998549,0.01998549,20421,62,0
9787.21638753,9787.21591779,209.22200116,209.23125417,0.05581646,3432.72351326,0.01998550,0.01998549,20420,62,0
9787.69415569,9787.69523840,218.66842421,218.64707569,0.05819487,3433.22251758,0.01998549,0.01998549,20419,62,0
9788.17418949,9788.17460597,228.12497611,228.11675632,0.04635443,3433.72297522,0.01998549,0.01998549,20418,62,0
9788.65340995,9788.65402051,237.59105530,237.57899463,0.04751255,3434.22163601,0.01998549,0.01998549,20417,62,0
9789.13234958,9789.13348202,247.06609649,247.04370811,0.04919820,3434.71902354,0.01998549,0.01998549,20416,62,0
9789.61356147,9789.61299051,256.55011604,256.56141378,0.04520518,3435.21778003,0.01998550,0.01998549,20415,62,0
9790.09300072,9790.09254599,266.04357398,266.05258020,0.04827912,3435.71373172,0.01998550,0.01998549,20414,62,0
9790.57182456,9790.57214847,275.54694419,275.54052283,0.04571668,3436.20810342,0.01998549,0.01998549,20413,62,0
9791.05123077,9791.05179794,285.06062278,285.04936757,0.05098701,3436.70214809,0.01998549,0.01998549,20412,62,0
9791.53003943,9791.53149442,294.58466711,294.55576497,0.04609769,3437.19464829,0.01998549,0.01998549,20411,62,0
9792.01152040,9792.01123792,304.11904470,304.12466137,0.05812598,3437.68895508,0.01998550,0.01998549,20410,62,0
9792.49120792,9792.49102844,313.66372360,313.66729583,0.05635087,3438.18047498,0.01998550,0.01998549,20409,62,0
9792.97234132,9792.97086599,323.21870859,323.24810121,0.04657347,3438.67252394,0.01998550,0.01998549,20408,62,0
9793.45163781,9793.45075057,332.78405629,332.80175003,0.05320224,3439.16174423,0.01998550,0.01998549,20407,62,0
9793.93135999,9793.93068220,342.35982750,342.37335771,0.04721019,3439.65044802,0.01998550,0.01998549,20406,62,0
9794.41039508,9794.41066088,351.94605941,351.94074829,0.05222499,3440.13749980,0.01998549,0.01998549,20405,62,0
9794.89076121,9794.89068661,361.54259614,361.54408819,0.04694189,3440.62493702,0.01998550,0.01998549,20404,62,0
9795.37101046,9795.37075941,371.14918748,371.15421356,0.04312806,3441.11126960,0.01998550,0.01998549,20403,62,0
9795.85030815,9795.85087927,380.76558166,380.75413734,0.04888308,3441.59563849,0.01998549,0.01998549,20402,62,0
9796.33155124,9796.33104621,390.39168035,390.40180954,0.04994196,3442.08095892,0.01998550,0.01998549,20401,62,0
9796.81062918,9796.81126024,400.02774077,400.01507174,0.05714950,3442.56309478,0.01998549,0.01998549,20400,62,0
9797.29051053,9797.29152136,409.67407152,409.65375847,0.05152463,3443.04504885,0.01998549,0.01998549,20399,62,0
9797.77099632,9797.77182958,419.33096880,419.31420733,0.05141421,3443.52662713,0.01998549,0.01998549,20398,62,0
9798.25235500,9798.25218490,428.99853176,429.00195686,0.05035857,3444.00809438,0.01998550,0.01998549,20397,62,0
9798.73307793,9798.73258733,438.67671476,438.68660331,0.05214205,3444.48793391,0.01998550,0.01998549,20396,62,0
9799.21341504,9799.21303688,448.36546855,448.37309837,0.05367814,3444.96639120,0.01998550,0.01998549,20395,62,0
9799.69591604,9799.69353356,458.06475621,458.11287274,0.04929422,3445.44599385,0.01998550,0.01998549,20394,62,0
9800.17371658,9800.17407737,467.77458264,467.76728891,0.05266419,3445.91992230,0.01998550,0.01998549,20393,62,0
9800.65479724,9800.65466832,477.49496142,477.49757023,0.04636902,3446.39609292,0.01998550,0.01998549,20392,62,0
9801.13551258,9801.13530641,487.22589758,487.23007368,0.05518651,3446.87088381,0.01998550,0.01998550,20391,62,0
9801.61646552,9801.61599166,496.96721602,496.97682360,0.04914277,3447.34487764,0.01998550,0.01998550,20390,62,0
9802.09717824,9802.09672407,506.71856972,506.72778635,0.04510351,3447.81758207,0.01998550,0.01998550,20389,62,0
9802.57754221,9802.57750365,516.47960261,516.48038585,0.04845690,3448.28887073,0.01998550,0.01998550,20388,62,0
9803.05876776,9803.05833040,526.25018623,526.25907776,0.05390006,3448.75991889,0.01998550,0.01998550,20387,62,0
9803.53982460,9803.53920433,536.03113539,536.04375826,0.05213070,3449.22975059,0.01998550,0.01998550,20386,62,0
9804.01965150,9804.02012545,545.82351250,545.81385669,0.05088506,3449.69737991,0.01998550,0.01998550,20385,62,0
9804.50163679,9804.50109376,555.62834495,555.63942149,0.04676868,3450.16615003,0.01998550,0.01998550,20384,62,0
9804.98236513,9804.98210928,565.44558052,565.45080515,0.04724134,3450.63272841,0.01998550,0.01998550,20383,62,0
9805.46260938,9805.46317201,575.27400892,575.26250865,0.04714481,3451.09780772,0.01998550,0.01998550,20382,62,0
9805.94461824,9805.94428195,585.11235551,585.11923528,0.05754276,3451.56349626,0.01998550,0.01998550,20381,62,0
9806.42478215,9806.42543911,594.95972825,594.94627714,0.04838333,3452.02626068,0.01998550,0.01998550,20380,62,0
9806.90583399,9806.90664350,604.81692243,604.80033183,0.05469829,3452.48877143,0.01998549,0.01998550,20379,62,0
9807.38903762,9807.38789514,614.68519668,614.70863686,0.05149169,3452.95228785,0.01998550,0.01998550,20378,62,0
9807.86933439,9807.86919401,624.56577294,624.56865645,0.05367481,3453.41201173,0.01998550,0.01998550,20377,62,0
9808.35095898,9808.35054013,634.45876816,634.46738123,0.04979897,3453.87200112,0.01998550,0.01998550,20376,62,0
9808.83079037,9808.83193352,644.36314305,644.33961196,0.05100484,3454.32922324,0.01998549,0.01998550,20375,62,0
9809.31273374,9809.31337416,654.27779741,654.26460296,0.05480013,3454.78734241,0.01998549,0.01998550,20374,62,0
9809.79471489,9809.79486208,664.20203178,664.19899662,0.05105438,3455.24434264,0.01998550,0.01998550,20373,62,0
9810.27600618,9810.27639728,674.13672447,674.12865153,0.06017981,3455.69957217,0.01998549,0.01998550,20372,62,0
9810.75844638,9810.75797976,684.08314319,684.09278629,0.06426889,3456.15482187,0.01998550,0.01998550,20371,62,0
9811.23919368,9811.23960953,694.04249517,694.03389075,0.05415544,3456.60746135,0.01998549,0.01998550,20370,62,0
9811.72158880,9811.72128661,704.01472296,704.02098280,0.05792749,3457.06062761,0.01998550,0.01998550,20369,62,0
9812.20259250,9812.20301099,713.99864908,713.98997155,0.05833242,3457.51140581,0.01998549,0.01998550,20368,62,0
9812.68383558,9812.68478268,723.99305018,723.97339402,0.06305089,3457.96126796,0.01998549,0.01998550,20367,62,0
9813.16677037,9813.16660169,733.99720063,734.00070443,0.05411117,3458.41152739,0.01998550,0.01998550,20366,62,0
9813.64823632,9813.64846803,744.01186669,744.00704845,0.06198466,3458.85926637,0.01998549,0.01998550,20365,62,0
9814.13081255,9814.13038171,754.03809527,754.04706395,0.05757867,3459.30692658,0.01998550,0.01998550,20364,62,0
9814.61275124,9814.61234272,764.07686356,764.08537750,0.05649952,3459.75292310,0.01998550,0.01998550,20363,62,0
9815.09453919,9815.09435109,774.12826477,774.13218954,0.05360446,3460.19770738,0.01998550,0.01998550,20362,62,0
9815.57736894,9815.57640681,784.19181940,784.21191609,0.05472359,3460.64235039,0.01998550,0.01998550,20361,62,0
9816.05898903,9816.05850989,794.26703699,794.27705554,0.05651767,3461.08475223,0.01998550,0.01998550,20360,62,0
9816.54031901,9816.54066034,804.35365982,804.34651546,0.05169474,3461.52574629,0.01998549,0.01998550,20359,62,0
9817.02369747,9817.02285816,814.45189074,814.46947692,0.04889243,3461.96747255,0.01998550,0.01998550,20358,62,0
9817.50565846,9817.50510337,824.56198758,824.57363118,0.04798205,3462.40676735,0.01998550,0.01998550,20357,62,0
9817.98704694,9817.98739597,834.68418074,834.67685129,0.04739440,3462.84441234,0.01998549,0.01998550,20356,62,0
9818.47003221,9818.46973597,844.81851256,844.82474039,0.05102949,3463.28237236,0.01998550,0.01998550,20355,62,0
9818.95192685,9818.95212337,854.96494975,854.96081397,0.05436849,3463.71820167,0.01998549,0.01998550,20354,62,0
9819.43481224,9819.43455818,865.12346804,865.12882084,0.05690928,3464.15377645,0.01998549,0.01998550,20353,62,0
9819.91754221,9819.91704040,875.29432595,875.30491034,0.04953768,3464.58806525,0.01998550,0.01998550,20352,62,0
9820.39908553,9820.39957006,885.47810868,885.46787648,0.05076297,3465.02016416,0.01998549,0.01998550,20351,62,0
9820.88054812,9820.88214714,895.67542335,895.64161312,0.04419717,3465.45108954,0.01998549,0.01998550,20350,62,0
9821.36538485,9821.36477167,905.88650113,905.89948223,0.05435320,3465.88392574,0.01998550,0.01998550,20349,62,0
9821.84730667,9821.84744364,916.11033195,916.10742913,0.05044595,3466.31300790,0.01998550,0.01998550,20348,62,0
9822.32977833,9822.33016306,926.34564485,926.33748340,0.04510698,3466.74137032,0.01998550,0.01998550,20347,62,0
9822.81233356,9822.81292994,936.59131163,936.57864906,0.04800339,3467.16854445,0.01998549,0.01998550,20346,62,0
9823.29590983,9823.29574429,946.84775571,946.85127419,0.04790518,3467.59536861,0.01998550,0.01998550,20345,62,0
9823.77712806,9823.77860611,957.11631987,957.08486922,0.04492725,3468.01891570,0.01998549,0.01998550,20344,62,0
9824.26199903,9824.26151542,967.39835103,967.40865463,0.05004891,3468.44452136,0.01998550,0.01998550,20343,62,0
9824.74385261,9824.74447221,977.69428204,977.68106522,0.05304440,3468.86633992,0.01998549,0.01998550,20342,62,0
9825.22757063,9825.22747650,988.00317608,988.00518632,0.05311039,3469.28860421,0.01998550,0.01998550,20341,62,0
9825.71114979,9825.71052828,998.32397801,998.33726350,0.05380994,3469.70951000,0.01998550,0.01998550,20340,62,0
9826.19254703,9826.19362758,1008.65594800,1008.63282680,0.05050511,3470.12725255,0.01998549,0.01998550,20339,62,0
9826.67649732,9826.67677439,1018.99959356,1018.99365857,0.05168297,3470.54595456,0.01998550,0.01998550,20338,62,0
9827.15975832,9827.15996873,1029.35572944,1029.35121723,0.05014741,3470.96283086,0.01998550,0.01998550,20337,62,0
9827.64325233,9827.64321060,1039.72510701,1039.72600310,0.04749709,3471.37870306,0.01998550,0.01998550,20336,62,0
9828.12554740,9828.12650000,1050.10772898,1050.08725234,0.05001236,3471.79233699,0.01998549,0.01998550,20335,62,0
9828.60958419,9828.60983694,1060.50313491,1060.49769589,0.04689210,3472.20622809,0.01998550,0.01998550,20334,62,0
9829.09341143,9829.09322144,1070.91086017,1070.91495290,0.05293928,3472.61867754,0.01998550,0.01998550,20333,62,0
9829.57541076,9829.57665350,1081.33070973,1081.30390957,0.05092680,3473.02830031,0.01998549,0.01998550,20332,62,0
9830.06002899,9830.06013312,1091.76286751,1091.76061958,0.05414043,3473.43887383,0.01998550,0.01998550,20331,62,0
9830.54426856,9830.54366031,1102.20754698,1102.22069327,0.05545466,3473.84785225,0.01998550,0.01998550,20330,62,0
9831.02789117,9831.02723508,1112.66508697,1112.67928362,0.05638999,3474.25504551,0.01998550,0.01998550,20329,62,0
9831.51094677,9831.51085744,1123.13622407,1123.13815942,0.05534017,3474.66052270,0.01998550,0.01998550,20328,62,0
9831.99445264,9831.99452739,1133.62177911,1133.62015760,0.04825043,3475.06516329,0.01998549,0.01998550,20327,62,0
9832.47821899,9832.47824494,1144.12240373,1144.12184010,0.05385132,3475.46882387,0.01998549,0.01998550,20326,62,0
9832.96074938,9832.96201009,1154.63742135,1154.61000243,0.05097577,3475.87022653,0.01998549,0.01998550,20325,62,0
9833.44570249,9833.44582286,1165.16553765,1165.16291677,0.05273632,3476.27235406,0.01998549,0.01998550,20324,62,0
9833.92937864,9833.92968326,1175.70550928,1175.69887058,0.05347264,3476.67208075,0.01998549,0.01998550,20323,62,0
9834.41379874,9834.41359128,1186.25742509,1186.26195146,0.04784640,3477.07107665,0.01998550,0.01998550,20322,62,0
9834.89853196,9834.89754693,1196.82264726,1196.84416492,0.05131693,3477.46902815,0.01998550,0.01998550,20321,62,0
9835.38224960,9835.38155023,1207.40259134,1207.41788945,0.04961711,3477.86489379,0.01998550,0.01998550,20320,62,0
9835.86585473,9835.86560118,1217.99792032,1218.00347406,0.06024394,3478.25943450,0.01998550,0.01998550,20319,62,0
9836.35039508,9836.34969978,1228.60787173,1228.62311984,0.05125319,3478.65346616,0.01998550,0.01998550,20318,62,0
9836.83396768,9836.83384605,1239.23151983,1239.23419043,0.05185429,3479.04540032,0.01998550,0.01998550,20317,62,0
9837.31885857,9837.31803998,1249.86819189,1249.88618476,0.05070160,3479.43705710,0.01998550,0.01998550,20316,62,0
9837.80284037,9837.80228160,1260.51819181,1260.53048840,0.04840056,3479.82664059,0.01998550,0.01998550,20315,62,0
9838.28698672,9838.28657089,1271.18205735,1271.19121925,0.04906574,3480.21503124,0.01998550,0.01998550,20314,62,0
9838.77132777,9838.77090788,1281.86027204,1281.86953516,0.04900099,3480.60226260,0.01998550,0.01998550,20313,62,0
9839.25513681,9839.25529257,1292.55287709,1292.54943656,0.05522210,3480.98774956,0.01998549,0.01998550,20312,62,0
9839.73996657,9839.73972497,1303.25970801,1303.26505123,0.04812064,3481.37271446,0.01998550,0.01998550,20311,62,0
9840.22370142,9840.22420507,1313.98059615,1313.96944426,0.04802559,3481.75546488,0.01998549,0.01998550,20310,62,0
9840.70818299,9840.70873290,1324.71534373,1324.70315321,0.05548554,3482.13744565,0.01998549,0.01998550,20309,62,0
9841.19316181,9841.19330845,1335.46372839,1335.46047394,0.05148805,3482.51844028,0.01998550,0.01998550,20308,62,0
9841.67723048,9841.67793174,1346.22553408,1346.20995261,0.04814649,3482.89733069,0.01998549,0.01998550,20307,62,0
9842.16291539,9842.16260276,1357.00095657,1357.00791131,0.04903193,3483.27609168,0.01998550,0.01998550,20306,62,0
9842.64741217,9842.64732154,1367.79077450,1367.79279327,0.05531193,3483.65255493,0.01998550,0.01998550,20305,62,0
9843.13206468,9843.13208807,1378.59581480,1378.59529311,0.05339836,3484.02779070,0.01998549,0.01998550,20304,62,0
9843.61679779,9843.61690236,1389.41650184,1389.41416628,0.05182640,3484.40174701,0.01998549,0.01998550,20303,62,0
9844.10099713,9844.10176442,1400.25229991,1400.23514169,0.05033743,3484.77392582,0.01998549,0.01998550,20302,62,0
9844.58675349,9844.58667426,1411.10253031,1411.10430414,0.04975196,3485.14589923,0.01998550,0.01998550,20301,62,0
9845.07095109,9845.07163188,1421.96664019,1421.95138012,0.05425856,3485.51525554,0.01998549,0.01998550,20300,62,0
9845.55687215,9845.55663729,1432.84458967,1432.84986043,0.05308456,3485.88448963,0.01998550,0.01998550,20299,62,0
9846.04136887,9846.04169049,1443.73646585,1443.72923961,0.05244823,3486.25120446,0.01998549,0.01998550,20298,62,0
9846.52681546,9846.52679151,1454.64248296,1454.64302183,0.05449339,3486.61719954,0.01998549,0.01998550,20297,62,0
9847.01184511,9847.01194033,1465.56367247,1465.56152759,0.05291294,3486.98146943,0.01998549,0.01998550,20296,62,0
9847.49747258,9847.49713697,1476.50139783,1476.50896920,0.04675758,3487.34481319,0.01998550,0.01998550,20295,62,0
9847.98160934,9847.98238144,1487.45683764,1487.43939278,0.05204678,3487.70570250,0.01998549,0.01998550,20294,62,0
9848.46802533,9848.46767373,1498.42910973,1498.43706443,0.05255521,3488.06690652,0.01998550,0.01998550,20293,62,0
9848.95346046,9848.95301387,1509.41608497,1509.42620023,0.04821928,3488.42592095,0.01998550,0.01998550,20292,62,0
9849.43851049,9849.43840186,1520.41572052,1520.41818361,0.05237129,3488.78311914,0.01998550,0.01998550,20291,62,0
9849.92380572,9849.92383770,1531.42808638,1531.42736051,0.05368022,3489.13896207,0.01998550,0.01998550,20290,62,0
9850.40882403,9850.40932140,1542.45507612,1542.44377164,0.04952986,3489.49312144,0.01998549,0.01998550,20289,62,0
9850.89505344,9850.89485296,1553.49861503,1553.50317827,0.05414494,3489.84673380,0.01998550,0.01998550,20288,62,0
9851.38027828,9851.38043241,1564.55930536,1564.55579226,0.05288359,3490.19819773,0.01998549,0.01998550,20287,62,0
9851.86631832,9851.86605973,1575.63618081,1575.64208284,0.05634313,3490.54879308,0.01998550,0.01998550,20286,62,0
9852.35220158,9852.35173495,1586.72818809,1586.73885161,0.05080401,3490.89777464,0.01998550,0.01998550,20285,62,0
9852.83734257,9852.83745806,1597.83494635,1597.83230394,0.05099195,3491.24470669,0.01998549,0.01998550,20284,62,0
9853.32310853,9853.32322907,1608.95713581,1608.95437421,0.05769490,3491.59058128,0.01998549,0.01998550,20283,62,0
9853.80948807,9853.80904799,1620.09553207,1620.10562880,0.05388578,3491.93540082,0.01998550,0.01998550,20282,62,0
9854.29604543,9854.29491483,1631.25053510,1631.27651029,0.05069594,3492.27885687,0.01998550,0.01998550,20281,62,0
9854.78004257,9854.78082960,1642.42177751,1642.40367155,0.04810472,3492.61900817,0.01998549,0.01998550,20280,62,0
9855.26706748,9855.26679230,1653.60879668,1653.61513563,0.06013723,3492.95975760,0.01998550,0.01998550,20279,62,0
9855.75221077,9855.75280293,1664.81141691,1664.79775833,0.05633594,3493.29765169,0.01998549,0.01998550,20278,62,0
9856.23948950,9856.23886151,1676.03019673,1676.04470129,0.04645342,3493.63549603,0.01998550,0.01998550,20277,62,0
9856.72571473,9856.72496805,1687.26581377,1687.28308470,0.05362614,3493.97108657,0.01998550,0.01998550,20276,62,0
9857.21151547,9857.21112254,1698.51865360,1698.52775481,0.05220607,3494.30486729,0.01998550,0.01998550,20275,62,0
9857.69755835,9857.69732501,1709.78819033,1709.79360260,0.05296207,3494.63727290,0.01998550,0.01998550,20274,62,0
9858.18381743,9858.18357544,1721.07371830,1721.07933828,0.05375603,3494.96825443,0.01998550,0.01998550,20273,62,0
9858.67054001,9858.66987386,1732.37478729,1732.39027803,0.04908094,3495.29795576,0.01998550,0.01998550,20272,62,0
9859.15702517,9859.15622026,1743.69188486,1743.71062740,0.05496817,3495.62590726,0.01998550,0.01998550,20271,62,0
9859.64245977,9859.64261467,1755.02571458,1755.02210275,0.05164330,3495.95157915,0.01998549,0.01998550,20270,62,0
9860.12889337,9860.12905707,1766.37683897,1766.37301642,0.04790928,3496.27635425,0.01998549,0.01998550,20269,62,0
9860.61499989,9860.61554748,1777.74522869,1777.73242344,0.05108300,3496.59933432,0.01998549,0.01998550,20268,62,0
9861.10198826,9861.10208591,1789.13070272,1789.12841606,0.05385966,3496.92130600,0.01998549,0.01998550,20267,62,0
9861.58923133,9861.58867237,1800.53308369,1800.54619110,0.05390847,3497.24183537,0.01998550,0.01998550,20266,62,0
9862.07631679,9862.07530685,1811.95221619,1811.97593105,0.04806056,3497.56063775,0.01998550,0.01998550,20265,62,0
9862.56151283,9862.56198938,1823.38794976,1823.37674460,0.05254637,3497.87657722,0.01998549,0.01998550,20264,62,0
9863.04938097,9863.04871994,1834.84021944,1834.85578327,0.05630106,3498.19260988,0.01998550,0.01998550,20263,62,0
9863.53577081,9863.53549856,1846.30935630,1846.31577518,0.04770847,3498.50604172,0.01998550,0.01998550,20262,62,0
9864.02373854,9864.02232524,1857.79580731,1857.82917737,0.05191592,3498.81884517,0.01998550,0.01998550,20261,62,0
9864.50896403,9864.50919999,1869.30002820,1869.29444864,0.05231174,3499.12826012,0.01998549,0.01998550,20260,62,0
9864.99519183,9864.99612281,1880.82250065,1880.80045343,0.05079629,3499.43668687,0.01998549,0.01998550,20259,62,0
9865.48291463,9865.48309371,1892.36371685,1892.35946918,0.05565732,3499.74442904,0.01998549,0.01998550,20258,62,0
9865.96877705,9865.97011270,1903.92389558,1903.89216820,0.04737863,3500.04936742,0.01998549,0.01998550,20257,62,0
9866.45722871,9866.45717979,1915.50204735,1915.50321103,0.04858766,3500.35425520,0.01998550,0.01998550,20256,62,0
9866.94451725,9866.94429497,1927.09684383,1927.10213810,0.05089671,3500.65669897,0.01998550,0.01998550,20255,62,0
9867.43116235,9867.43145827,1938.70746468,1938.70040746,0.05537133,3500.95700109,0.01998549,0.01998550,20254,62,0
9867.91855401,9867.91866968,1950.33516695,1950.33240433,0.05021035,3501.25604288,0.01998550,0.01998550,20253,62,0
9868.40651037,9868.40592922,1961.98174141,1961.99564349,0.05114064,3501.55374263,0.01998550,0.01998550,20252,62,0
9868.89332484,9868.89323688,1973.64833484,1973.65044230,0.05410213,3501.84908128,0.01998550,0.01998550,20251,62,0
9869.38029741,9869.38059269,1985.33376727,1985.32668236,0.04749487,3502.14281254,0.01998550,0.01998550,20250,62,0
9869.86855070,9869.86799664,1997.03633116,1997.04964274,0.05229233,3502.43555361,0.01998550,0.01998550,20249,62,0
9870.35605216,9870.35544874,2008.75488438,2008.76940029,0.05278787,3502.72604585,0.01998550,0.01998550,20248,62,0
9870.84313984,9870.84294900,2020.49002272,2020.49461976,0.05214272,3503.01450353,0.01998550,0.01998550,20247,62,0
9871.33033127,9871.33049742,2032.24267486,2032.23866688,0.04879827,3503.30124883,0.01998549,0.01998550,20246,62,0
9871.81717165,9871.81809402,2044.01380299,2043.99151898,0.05132776,3503.58602949,0.01998549,0.01998550,20245,62,0
9872.30549872,9872.30573880,2055.80443956,2055.79862985,0.05141894,3503.86992943,0.01998549,0.01998550,20244,62,0
9872.79302108,9872.79343177,2067.61563130,2067.60567653,0.05084392,3504.15162746,0.01998549,0.01998550,20243,62,0
9873.28004766,9873.28117293,2079.44785102,2079.42053028,0.04950269,3504.43130937,0.01998549,0.01998550,20242,62,0
9873.76935681,9873.76896230,2091.30043164,2091.31002527,0.04960174,3504.71053427,0.01998549,0.01998550,20241,62,0
9874.25662628,9874.25679987,2103.17257146,2103.16834362,0.05429240,3504.98680497,0.01998549,0.01998550,20240,62,0
9874.74461668,9874.74468566,2115.06373051,2115.06204801,0.05258020,3505.26167120,0.01998549,0.01998550,20239,62,0
9875.23194511,9875.23261968,2126.97377159,2126.95729389,0.05497944,3505.53434056,0.01998549,0.01998550,20238,62,0
9875.72003332,9875.72060192,2138.90260395,2138.88869413,0.05134859,3505.80559599,0.01998549,0.01998550,20237,62,0
9876.20999601,9876.20863240,2150.85054536,2150.88395495,0.05036318,3506.07603927,0.01998550,0.01998550,20236,62,0
9876.69611872,9876.69671113,2162.81838127,2162.80384339,0.05363760,3506.34253470,0.01998549,0.01998550,20235,62,0
9877.18513324,9877.18483811,2174.80688925,2174.81414378,0.05193927,3506.60878465,0.01998550,0.01998550,20234,62,0
9877.67325572,9877.67301335,2186.81618339,2186.82215069,0.04998514,3506.87270918,0.01998550,0.01998550,20233,62,0
9878.16084576,9878.16123685,2198.84582626,2198.83618229,0.05205778,3507.13449022,0.01998549,0.01998550,20232,62,0
9878.64923151,9878.64950863,2210.89535500,2210.88851097,0.05286389,3507.39481854,0.01998550,0.01998550,20231,62,0
9879.13683913,9879.13782869,2222.96425725,2222.93978223,0.05382235,3507.65283367,0.01998549,0.01998550,20230,62,0
9879.62648584,9879.62619704,2235.05198968,2235.05914307,0.04591548,3507.90999707,0.01998550,0.01998550,20229,62,0
9880.11474324,9880.11461368,2247.15819244,2247.16140618,0.05017207,3508.16448673,0.01998550,0.01998550,20228,62,0
9880.60311830,9880.60307862,2259.28365751,2259.28464321,0.05117326,3508.41710232,0.01998550,0.01998550,20227,62,0
9881.09221326,9881.09159187,2271.42962060,2271.44508297,0.05091419,3508.66816552,0.01998550,0.01998550,20226,62,0
9881.58028594,9881.58015344,2283.59706707,2283.60036970,0.05031316,3508.91679285,0.01998550,0.01998550,20225,62,0
9882.06772388,9882.06876334,2295.78601184,2295.76006003,0.04976993,3509.16318020,0.01998549,0.01998550,20224,62,0
9882.55718342,9882.55742156,2307.99624118,2307.99028575,0.05505176,3509.40864620,0.01998550,0.01998550,20223,62,0
9883.04649298,9883.04612812,2320.22740261,2320.23654143,0.05365995,3509.65207214,0.01998550,0.01998550,20222,62,0
9883.53539089,9883.53488303,2332.47883649,2332.49157643,0.04709633,3509.89330693,0.01998550,0.01998550,20221,62,0
9884.02313726,9884.02368629,2344.74986066,2344.73606759,0.04953407,3510.13197093,0.01998549,0.01998550,20220,62,0
9884.51302816,9884.51253791,2357.04082120,2357.05315735,0.05389657,3510.36966694,0.01998550,0.01998550,20219,62,0
9885.00134288,9885.00143789,2369.35344319,2369.35104821,0.05019964,3510.60460820,0.01998549,0.01998550,20218,62,0
9885.49005898,9885.49038625,2381.68945009,2381.68118566,0.05460399,3510.83777395,0.01998549,0.01998550,20217,62,0
9885.97876664,9885.97938299,2394.04884353,2394.03325196,0.05411413,3511.06895356,0.01998549,0.01998550,20216,62,0
9886.46711083,9886.46842812,2406.43026976,2406.39689265,0.04917730,3511.29794370,0.01998549,0.01998550,20215,62,0
9886.95717460,9886.95752164,2418.83249368,2418.82368674,0.05167128,3511.52567809,0.01998549,0.01998550,20214,62,0
9887.44659962,9887.44666357,2431.25546298,2431.25383759,0.05280620,3511.75104165,0.01998550,0.01998550,20213,62,0
9887.93637000,9887.93585390,2443.69964127,2443.71278054,0.05148491,3511.97448636,0.01998550,0.01998550,20212,62,0
9888.42560017,9888.42509266,2456.16566764,2456.17861054,0.04721826,3512.19560914,0.01998550,0.01998550,20211,62,0
9888.91444455,9888.91437983,2468.65477904,2468.65643247,0.04730095,3512.41449525,0.01998550,0.01998550,20210,62,0
9889.40357458,9889.40371544,2481.16833982,2481.16473419,0.04752830,3512.63145678,0.01998550,0.01998550,20209,62,0
9889.89281145,9889.89309949,2493.70645778,2493.69907180,0.05341549,3512.84640023,0.01998550,0.01998550,20208,62,0
9890.38259564,9890.38253198,2506.26702027,2506.26865525,0.05168096,3513.05946571,0.01998550,0.01998550,20207,62,0
9890.87200751,9890.87201292,2518.84778464,2518.84764544,0.05175413,3513.27020226,0.01998550,0.01998550,20206,62,0
9891.36118184,9891.36154233,2531.44865687,2531.43937024,0.05072717,3513.47865938,0.01998550,0.01998550,20205,62,0
9891.85148550,9891.85112020,2544.07146542,2544.08089217,0.05226132,3513.68543235,0.01998550,0.01998550,20204,62,0
9892.34095462,9892.34074655,2556.71788777,2556.72326688,0.05605827,3513.88970582,0.01998550,0.01998550,20203,62,0
9892.83069443,9892.83042138,2569.38796859,2569.39503981,0.04726456,3514.09193232,0.01998550,0.01998550,20202,62,0
9893.32081012,9893.32014469,2582.08105032,2582.09831203,0.05154338,3514.29212750,0.01998550,0.01998550,20201,62,0
9893.81104291,9893.80991651,2594.79673765,2594.82600669,0.05129396,3514.49016341,0.01998550,0.01998550,20200,62,0
9894.30041737,9894.29973682,2607.53543159,2607.55314599,0.04910784,3514.68564458,0.01998550,0.01998550,20199,62,0
9894.79036599,9894.78960565,2620.29768455,2620.31751077,0.04758524,3514.87914064,0.01998550,0.01998550,20198,62,0
9895.28076028,9895.27952299,2633.08408242,2633.11640399,0.05166171,3515.07058946,0.01998550,0.01998550,20197,62,0
9895.77079258,9895.76948886,2645.89525305,2645.92937337,0.05275937,3515.25967081,0.01998550,0.01998550,20196,62,0
9896.26031319,9896.25950326,2658.73176166,2658.75299866,0.04650726,3515.44632710,0.01998550,0.01998550,20195,62,0
9896.74952180,9896.74956620,2671.59347501,2671.59230852,0.05218779,3515.63062393,0.01998549,0.01998550,20194,62,0
9897.23952563,9897.23967769,2684.47985801,2684.47585637,0.04519644,3515.81295340,0.01998549,0.01998550,20193,62,0
9897.72981254,9897.72983773,2697.39059497,2697.38993100,0.05047691,3515.99309915,0.01998549,0.01998550,20192,62,0
9898.22093361,9898.22004633,2710.32618390,2710.34961920,0.05436762,3516.17124886,0.01998550,0.01998550,20191,62,0
9898.71134850,9898.71030350,2723.28729259,2723.31494580,0.05182868,3516.34683777,0.01998550,0.01998550,20190,62,0
9899.20163266,9899.20060924,2736.27384794,2736.30097923,0.04346108,3516.52006231,0.01998550,0.01998550,20189,62,0
9899.69239225,9899.69096357,2749.28474785,2749.32268856,0.04572468,3516.69110531,0.01998550,0.01998550,20188,62,0
9900.18141651,9900.18136649,2762.31899077,2762.32032146,0.05064798,3516.85917879,0.01998550,0.01998550,20187,62,0
9900.67211322,9900.67181800,2775.37730439,2775.38517186,0.05083285,3517.02545044,0.01998550,0.01998550,20186,62,0
9901.16321089,9901.16231812,2788.46136748,2788.48520549,0.03996827,3517.18948156,0.01998550,0.01998550,20185,62,0
9901.65305194,9901.65286685,2801.57241935,2801.57737118,0.05369619,3517.35072510,0.01998550,0.01998550,20184,62,0
9902.14354347,9902.14346420,2814.71031298,2814.71243800,0.05510122,3517.50979598,0.01998550,0.01998550,20183,62,0
9902.63481274,9902.63411017,2827.87464491,2827.89351322,0.05194977,3517.66670479,0.01998550,0.01998550,20182,62,0
9903.12494258,9903.12480478,2841.06517204,2841.06887990,0.05372302,3517.82082388,0.01998550,0.01998550,20181,62,0
9903.61681458,9903.61554802,2854.28182369,2854.31596647,0.04801783,3517.97303893,0.01998550,0.01998550,20180,62,0
9904.10654187,9904.10633992,2867.52448328,2867.52993745,0.04575854,3518.12213382,0.01998550,0.01998550,20179,62,0
9904.59739876,9904.59718047,2880.79271725,2880.79862327,0.04687961,3518.26909330,0.01998550,0.01998550,20178,62,0
9905.08793414,9905.08806968,2894.08597890,2894.08230514,0.05617989,3518.41345623,0.01998550,0.01998550,20177,62,0
9905.57916280,9905.57900756,2907.40447275,2907.40868826,0.05119836,3518.55550616,0.01998550,0.01998550,20176,62,0
9906.07053541,9906.06999412,2920.74977490,2920.76450236,0.04953886,3518.69507957,0.01998550,0.01998550,20175,62,0
9906.56174034,9906.56102936,2934.12345507,2934.14283898,0.05437478,3518.83208849,0.01998550,0.01998550,20174,62,0
9907.05310459,9907.05211329,2947.52533809,2947.55241752,0.05027364,3518.96660581,0.01998550,0.01998550,20173,62,0
9907.54443882,9907.54324592,2960.95419719,2960.98684445,0.05513608,3519.09855028,0.01998550,0.01998550,20172,62,0
9908.03427483,9908.03442725,2974.40944074,2974.40526132,0.04642397,3519.22751836,0.01998550,0.01998550,20171,62,0
9908.52522567,9908.52565730,2987.89227825,2987.88041930,0.05584450,3519.35419696,0.01998549,0.01998550,20170,62,0
9909.01730060,9909.01693607,3001.40417284,3001.41420932,0.04646949,3519.47856792,0.01998550,0.01998550,20169,62,0
9909.50897271,9909.50826356,3014.94552536,3014.96509001,0.04587160,3519.60022604,0.01998550,0.01998550,20168,62,0
9909.99953849,9909.99963979,3028.51585786,3028.51305730,0.05082852,3519.71898778,0.01998550,0.01998550,20167,62,0
9910.49146150,9910.49106476,3042.11490778,3042.12589778,0.04771442,3519.83542821,0.01998550,0.01998550,20166,62,0
9910.98275549,9910.98253848,3055.74329455,3055.74931843,0.05639499,3519.94905947,0.01998550,0.01998550,20165,62,0
9911.47432717,9911.47406096,3069.40177629,3069.40918169,0.05037978,3520.06008282,0.01998550,0.01998550,20164,62,0
9911.96616175,9911.96563220,3083.08966886,3083.10442877,0.05192560,3520.16846727,0.01998550,0.01998550,20163,62,0
9912.45713422,9912.45725221,3096.80486887,3096.80157433,0.05218646,3520.27393648,0.01998550,0.01998550,20162,62,0
9912.94883075,9912.94892100,3110.54606849,3110.54354384,0.04621722,3520.37680659,0.01998550,0.01998550,20161,62,0
9913.44091023,9913.44063857,3124.31548234,3124.32309772,0.04551311,3520.47699750,0.01998550,0.01998550,20160,62,0
9913.93236522,9913.93240493,3138.11614290,3138.11502726,0.04810814,3520.57431046,0.01998550,0.01998550,20159,62,0
9914.42472168,9914.42422010,3151.94883261,3151.96295508,0.05067424,3520.66903181,0.01998550,0.01998550,20158,62,0
9914.91568923,9914.91608407,3165.81204917,3165.80090942,0.05384990,3520.76069605,0.01998550,0.01998550,20157,62,0
9915.40846714,9915.40799686,3179.70467133,3179.71796677,0.05452836,3520.84987148,0.01998550,0.01998550,20156,62,0
9915.89961016,9915.89995846,3193.62748864,3193.61762107,0.05596293,3520.93592035,0.01998550,0.01998550,20155,62,0
9916.39133412,9916.39196890,3207.58170306,3207.56368007,0.04914413,3521.01922892,0.01998549,0.01998550,20154,62,0
9916.88516656,9916.88402817,3221.56738495,3221.59977526,0.05260998,3521.10001398,0.01998550,0.01998550,20153,62,0
9917.37570170,9917.37613629,3235.58357416,3235.57118372,0.05402460,3521.17737746,0.01998550,0.01998550,20152,62,0
9917.86877323,9917.86829325,3249.62976524,3249.64347797,0.05036921,3521.25222501,0.01998550,0.01998550,20151,62,0
9918.36132359,9918.36049908,3263.70702669,3263.73063366,0.05011200,3521.32406185,0.01998550,0.01998550,20150,62,0
9918.85232272,9918.85275376,3277.81667838,3277.80430954,0.05455615,3521.39274372,0.01998549,0.01998550,20149,62,0
9919.34534988,9919.34505733,3291.95913076,3291.96754428,0.05435820,3521.45874917,0.01998550,0.01998550,20148,62,0
9919.83703351,9919.83740977,3306.13415120,3306.12330671,0.05183863,3521.52159967,0.01998549,0.01998550,20147,62,0
9920.32982058,9920.32981109,3320.34152036,3320.34179436,0.04767068,3521.58158938,0.01998550,0.01998550,20146,62,0
9920.82223913,9920.82226132,3334.58108218,3334.58043983,0.04706009,3521.63851201,0.01998550,0.01998550,20145,62,0
9921.31376561,9921.31476044,3348.85282319,3348.82396334,0.05458968,3521.69229895,0.01998549,0.01998550,20144,62,0
9921.80734028,9921.80730847,3363.15778531,3363.15871030,0.05126207,3521.74324509,0.01998550,0.01998550,20143,62,0
9922.29865755,9922.29990542,3377.49749123,3377.46112232,0.05078046,3521.79089249,0.01998549,0.01998550,20142,62,0
9922.79183967,9922.79255129,3391.87234748,3391.85155928,0.04893266,3521.83562432,0.01998549,0.01998550,20141,62,0
9923.28532113,9923.28524609,3406.28120564,3406.28340259,0.05414344,3521.87725316,0.01998550,0.01998550,20140,62,0
9923.77810980,9923.77798983,3420.72310425,3420.72662441,0.04844809,3521.91567552,0.01998550,0.01998550,20139,62,0
9924.27054705,9924.27078252,3435.19837783,3435.19145358,0.05325212,3521.95090837,0.01998550,0.01998550,20138,62,0
9924.76428504,9924.76362415,3449.70771087,3449.72718961,0.05751705,3521.98304149,0.01998550,0.01998550,20137,62,0
9925.25630203,9925.25651475,3464.25189308,3464.24560875,0.05014274,3522.01186264,0.01998550,0.01998550,20136,62,0
9925.74906619,9925.74945431,3478.83179264,3478.82029921,0.04398404,3522.03750563,0.01998550,0.01998550,20135,62,0
9926.24409280,9926.24244285,3493.44774849,3493.49672293,0.04752695,3522.05999774,0.01998550,0.01998550,20134,62,0
9926.73573569,9926.73548037,3508.09903395,3508.10662976,0.05108481,3522.07907007,0.01998550,0.01998550,20133,62,0
9927.22827072,9927.22856688,3522.78478310,3522.77595268,0.04674101,3522.09489041,0.01998550,0.01998550,20132,62,0
9927.72299276,9927.72170239,3537.50410057,3537.54265740,0.05392148,3522.10744713,0.01998550,0.01998550,20131,62,0
9928.21552777,9928.21488689,3552.25623496,3552.27542579,0.04763388,3522.11660785,0.01998550,0.01998550,20130,62,0
9928.70866733,9928.70812041,3567.04336113,3567.05977804,0.04140143,3522.12242067,0.01998550,0.01998550,20129,62,0
9929.20038600,9929.20140295,3581.87021283,3581.83960372,0.04724834,3522.12484842,0.01998549,0.01998550,20128,62,0
9929.69562884,9929.69473451,3596.73861019,3596.76559787,0.06056639,3522.12386809,0.01998550,0.01998550,20127,62,0
9930.18805654,9930.18811511,3611.64409863,3611.64232739,0.04668558,3522.11946011,0.01998550,0.01998550,20126,62,0
9930.68125003,9930.68154474,3626.58292220,3626.57398943,0.04866931,3522.11159272,0.01998549,0.01998550,20125,62,0
9931.17408009,9931.17502343,3641.55914941,3641.53048230,0.04988762,3522.10025523,0.01998549,0.01998550,20124,62,0
9931.66805999,9931.66855117,3656.57892566,3656.56395612,0.05715230,3522.08537384,0.01998549,0.01998550,20123,62,0
9932.16145378,9932.16212796,3671.64159194,3671.62099187,0.04879020,3522.06696753,0.01998549,0.01998550,20122,62,0
9932.65567359,9932.65575383,3686.74150486,3686.73904749,0.05233331,3522.04496207,0.01998550,0.01998550,20121,62,0
9933.15031755,9933.14942878,3701.87674155,3701.90402257,0.04956789,3522.01934135,0.01998550,0.01998550,20120,62,0
9933.64316038,9933.64315281,3717.05140127,3717.05163440,0.05119385,3521.99020476,0.01998550,0.01998550,20119,62,0
9934.13731649,9934.13692593,3732.26857320,3732.28062541,0.04472709,3521.95734102,0.01998550,0.01998550,20118,62,0
9934.62939554,9934.63074815,3747.52613611,3747.48429453,0.04596038,3521.92096188,0.01998549,0.01998550,20117,62,0
9935.12503203,9935.12461947,3762.82127771,3762.83406961,0.05911016,3521.88061570,0.01998550,0.01998550,20116,62,0
9935.61819792,9935.61853991,3778.15425157,3778.14362214,0.05214094,3521.83675600,0.01998550,0.01998550,20115,62,0
9936.11180307,9936.11250947,3793.52665478,3793.50464378,0.04404692,3521.78911738,0.01998550,0.01998550,20114,62,0
9936.60515931,9936.60652816,3808.93954051,3808.89677950,0.04666828,3521.73773488,0.01998549,0.01998550,20113,62,0
9937.10137497,9937.10059598,3824.39348327,3824.41788090,0.03949212,3521.68222610,0.01998550,0.01998550,20112,62,0
9937.59500971,9937.59471294,3839.88878801,3839.89810641,0.05581352,3521.62316826,0.01998550,0.01998550,20111,62,0
9938.08922739,9938.08887906,3855.42535359,3855.43631925,0.04157279,3521.56017941,0.01998550,0.01998550,20110,62,0
9938.58230429,9938.58309433,3871.00384644,3870.97890943,0.04997891,3521.49345585,0.01998549,0.01998550,20109,62,0
9939.07580323,9939.07735876,3886.62726067,3886.57801953,0.04892999,3521.42275323,0.01998549,0.01998550,20108,62,0
9939.56882058,9939.57167237,0.00000000,3902.22528662,0.04393672,3521.34807317,0.01998549,0.01998550,20107,62,1
9940.06514451,9940.06603516,3918.01339527,3917.98504666,0.04671555,3521.26905197,0.01998549,0.01998550,20106,62,0
9940.56093206,9940.56044713,3933.76937414,3933.78484761,0.05084784,3521.18599900,0.01998550,0.01998550,20105,62,0
9941.05490887,9941.05490830,3949.56888104,3949.56889954,0.03627400,3521.09920016,0.01998550,0.01998550,20104,62,0
9941.54866441,9941.54941866,3965.41833803,3965.39412594,0.04628724,3521.00833463,0.01998549,0.01998550,20103,62,0
9942.04489017,9942.04397824,3981.31617178,3981.34552403,0.04766126,3520.91285477,0.01998550,0.01998550,20102,62,0
9942.53810624,9942.53858703,3997.25355544,3997.23804678,0.04673661,3520.81384512,0.01998550,0.01998550,20101,62,0
9943.03325557,9943.03324505,4013.22938550,4013.22972572,0.04545381,3520.71030791,0.01998550,0.01998550,20100,62,0
9943.52782094,9943.52795229,4029.25389588,4029.24963382,0.04513763,3520.60265713,0.01998550,0.01998550,20099,62,0
9944.02325217,9944.02270878,4045.33260751,4045.35029359,0.04403289,3520.49050124,0.01998550,0.01998550,20098,62,0
9944.51681747,9944.51751451,4061.45904933,4061.43630330,0.04390773,3520.37448200,0.01998550,0.01998550,20097,62,0
9945.01173826,9945.01236949,4077.62761030,4077.60695958,0.05447457,3520.25385896,0.01998550,0.01998550,20096,62,0
nan,nan,0.00000000,-1.00000000,0.00000000,3520.12749202,nan,0.00000000,-2147483648,62,1
nan,nan,0.00000000,-1.00000000,0.00000000,3536.96077030,nan,0.00000000,-2147483648,61,1
9937.59381638,9937.59471294,15.72028674,15.70322603,0.04798771,3537.50768868,0.01998550,0.01998550,20111,61,0
9938.08847398,9938.08887906,25.12817812,25.12046266,0.04840276,3538.03711041,0.01998550,0.01998550,20110,61,0
9938.58219669,9938.58309433,34.54594759,34.52883406,0.05010672,3538.56467884,0.01998550,0.01998550,20109,61,0
9939.07655295,9939.07735876,43.97369047,43.95831293,0.06890534,3539.09207162,0.01998550,0.01998550,20108,61,0
9939.57142225,9939.57167237,53.41099987,53.40622250,0.05716427,3539.61913006,0.01998550,0.01998550,20107,61,0
9940.06559155,9940.06603516,62.85732521,62.84884528,0.05281118,3540.14452780,0.01998550,0.01998550,20106,61,0
9940.56041036,9940.56044713,72.31211886,72.31141535,0.04982719,3540.66966530,0.01998550,0.01998550,20105,61,0
9941.05423874,9941.05490830,81.77526086,81.76244149,0.04268465,3541.19279266,0.01998550,0.01998550,20104,61,0
9941.54947177,9941.54941866,91.24732967,91.24834725,0.03834253,3541.71647401,0.01998550,0.01998550,20103,61,0
9942.04588703,9942.04397824,100.72897117,100.76558378,0.05022837,3542.24049858,0.01998550,0.01998550,20102,61,0
9942.53931667,9942.53858703,110.22079225,110.23480134,0.05113897,3542.76050056,0.01998550,0.01998550,20101,61,0
9943.03327494,9943.03324505,119.72293669,119.72351125,0.06280512,3543.28019315,0.01998550,0.01998550,20100,61,0
9943.52860942,9943.52795229,129.23526238,129.24790381,0.05449803,3543.80045063,0.01998550,0.01998550,20099,61,0
9944.02289770,9944.02270878,138.75762212,138.76125998,0.06643867,3544.31871524,0.01998550,0.01998550,20098,61,0
9944.51741408,9944.51751451,148.28984980,148.28791427,0.04704983,3544.83631175,0.01998550,0.01998550,20097,61,0
9945.01136830,9945.01236949,157.83171936,157.81240572,0.04481199,3545.35239731,0.01998550,0.01998550,20096,61,0
9945.50853773,9945.50727373,167.38299128,167.40739620,0.04642435,3545.87089367,0.01998550,0.01998550,20095,61,0
9946.00291523,9946.00222724,176.94343859,176.95673337,0.05371892,3546.38551829,0.01998550,0.01998550,20094,61,0
9946.49662500,9946.49723002,186.51322114,186.50151908,0.04857097,3546.89849687,0.01998550,0.01998550,20093,61,0
9946.99366377,9946.99228209,196.09292812,196.11967803,0.04750010,3547.41400183,0.01998550,0.01998550,20092,61,0
9947.48699398,9947.48738344,205.68317441,205.67562646,0.04790438,3547.92476341,0.01998550,0.01998550,20091,61,0
9947.98325016,9947.98253409,215.28444091,215.29833308,0.05119819,3548.43767355,0.01998550,0.01998550,20090,61,0
9948.47709360,9948.47773405,224.89639718,224.88395996,0.05607319,3548.94719051,0.01998550,0.01998550,20089,61,0
9948.97334198,9948.97298332,234.51841259,234.52538404,0.04606822,3549.45824653,0.01998550,0.01998550,20088,61,0
9949.46817465,9949.46828190,244.14985687,244.14777038,0.05635872,3549.96686636,0.01998550,0.01998550,20087,61,0
9949.96454046,9949.96362981,253.79048585,253.80821701,0.05557198,3550.47606343,0.01998550,0.01998550,20086,61,0
9950.45960163,9950.45902706,263.44072738,263.45192513,0.04531916,3550.98294420,0.01998550,0.01998550,20085,61,0
9950.95465242,9950.95447365,273.10107874,273.10456614,0.05422619,3551.48885933,0.01998550,0.01998550,20084,61,0
9951.45026165,9951.44996958,282.77200561,282.77770898,0.05243876,3551.99440822,0.01998550,0.01998550,20083,61,0
9951.94498059,9951.94551487,292.45365193,292.44320830,0.05015569,3552.49811664,0.01998550,0.01998550,20082,61,0
9952.44270922,9952.44110952,302.14598538,302.17728633,0.05993013,3553.00394279,0.01998550,0.01998550,20081,61,0
9952.93657402,9952.93675355,311.84897166,311.84545543,0.05053740,3553.50489713,0.01998550,0.01998550,20080,61,0
9953.43290790,9953.43244695,321.56260263,321.57164003,0.03875637,3554.00740215,0.01998550,0.01998550,20079,61,0
9953.92895971,9953.92818974,331.28693271,331.30204389,0.05085888,3554.50866411,0.01998550,0.01998550,20078,61,0
9954.42363147,9954.42398191,341.02202575,341.01514112,0.05560983,3555.00757667,0.01998550,0.01998550,20077,61,0
9954.91930242,9954.91982349,350.76793172,350.75768479,0.05528160,3555.50653817,0.01998550,0.01998550,20076,61,0
9955.41610528,9955.41571448,360.52451756,360.53221035,0.05147589,3556.00566424,0.01998550,0.01998550,20075,61,0
9955.91128580,9955.91165488,370.29152233,370.28425025,0.04026877,3556.50217102,0.01998550,0.01998550,20074,61,0
9956.40854035,9956.40764470,380.06868097,380.08634453,0.06253812,3556.99974513,0.01998550,0.01998550,20073,61,0
9956.90367964,9956.90368395,389.85586262,389.85577745,0.05405886,3557.49418345,0.01998550,0.01998550,20072,61,0
9957.39866854,9957.39977264,399.65332183,399.63150596,0.05138800,3557.98746321,0.01998550,0.01998550,20071,61,0
9957.89519950,9957.89591078,409.46138293,409.44731478,0.04790220,3558.48127830,0.01998550,0.01998550,20070,61,0
9958.39010278,9958.39209836,419.28035829,419.24084798,0.05510942,3558.97248729,0.01998549,0.01998550,20069,61,0
9958.88876501,9958.88833540,429.11035640,429.11887090,0.05602170,3559.46643059,0.01998550,0.01998550,20068,61,0
9959.38667139,9959.38462191,438.95132973,438.99198994,0.05236220,3559.95861958,0.01998550,0.01998550,20067,61,0
9959.88065769,9959.88095790,448.80322645,448.79726449,0.04939230,3560.44593287,0.01998550,0.01998550,20066,61,0
9960.37564977,9960.37734336,458.66600941,458.63234220,0.04562756,3560.93323178,0.01998550,0.01998550,20065,61,0
9960.87365973,9960.87377831,468.53968493,468.53732514,0.05056707,3561.42248009,0.01998550,0.01998550,20064,61,0
9961.37087562,9961.37026276,478.42426728,478.43647490,0.04688037,3561.90992169,0.01998550,0.01998550,20063,61,0
9961.86621415,9961.86679672,488.31975529,488.30813961,0.05440718,3562.39449773,0.01998550,0.01998550,20062,61,0
9962.36438822,9962.36338018,498.22593566,498.24605442,0.05208864,3562.88080016,0.01998550,0.01998550,20061,61,0
9962.86146017,9962.86001316,508.14243965,508.17134603,0.05502319,3563.36495669,0.01998550,0.01998550,20060,61,0
9963.35717406,9963.35669567,518.06889347,518.07845858,0.05472610,3563.84670305,0.01998550,0.01998550,20059,61,0
9963.85393008,9963.85342771,528.00529622,528.01535025,0.05213776,3564.32836825,0.01998550,0.01998550,20058,61,0
9964.35072754,9964.35020929,537.95260808,537.96299081,0.06559095,3564.80902013,0.01998550,0.01998550,20057,61,0
9964.84709782,9964.84704041,547.91194726,547.91309860,0.05601498,3565.28825514,0.01998550,0.01998550,20056,61,0
9965.34393194,9965.34392110,557.88430231,557.88452007,0.05648394,3565.76697514,0.01998550,0.01998550,20055,61,0
9965.84103955,9965.84085134,567.86922221,567.87300600,0.05015952,3566.24496687,0.01998550,0.01998550,20054,61,0
9966.33669768,9966.33783116,577.86538545,577.84257617,0.05204882,3566.72050862,0.01998550,0.01998550,20053,61,0
9966.83454923,9966.83486055,587.87145675,587.86518680,0.06347191,3567.19702437,0.01998550,0.01998550,20052,61,0
9967.33000135,9967.33193953,597.88693345,597.84786414,0.05939599,3567.67009038,0.01998549,0.01998550,20051,61,0
9967.82875723,9967.82906810,607.91294557,607.90667268,0.06217492,3568.14519801,0.01998550,0.01998550,20050,61,0
9968.32662240,9968.32624627,617.95081892,617.95841743,0.06307086,3568.61840123,0.01998550,0.01998550,20049,61,0
9968.82381861,9968.82347405,628.00166032,628.00862946,0.06182362,3569.08996209,0.01998550,0.01998550,20048,61,0
9969.32085377,9969.32075144,638.06499803,638.06707006,0.05898103,3569.56033672,0.01998550,0.01998550,20047,61,0
9969.81850572,9969.81807845,648.13968296,648.14834249,0.05417915,3570.03020040,0.01998550,0.01998550,20046,61,0
9970.31430817,9970.31545509,658.22458257,658.20131723,0.04992558,3570.49717106,0.01998550,0.01998550,20045,61,0
9970.81353665,9970.81288137,668.31959382,668.33289898,0.05514768,3570.96620237,0.01998550,0.01998550,20044,61,0
9971.31027334,9971.31035729,678.42595543,678.42424885,0.05275285,3571.43178344,0.01998550,0.01998550,20043,61,0
9971.80832835,9971.80788287,688.54500381,688.55407002,0.05087207,3571.89754547,0.01998550,0.01998550,20042,61,0
9972.30549520,9972.30545810,698.67765000,698.67840590,0.04501055,3572.36145926,0.01998550,0.01998550,20041,61,0
9972.80286417,9972.80308300,708.82305945,708.81859560,0.05553434,3572.82449983,0.01998550,0.01998550,20040,61,0
9973.30079585,9973.30075758,718.97995038,718.98073179,0.06815062,3573.28693614,0.01998550,0.01998550,20039,61,0
9973.79916139,9973.79848183,729.14712122,729.16100896,0.05707630,3573.74858517,0.01998550,0.01998550,20038,61,0
9974.29632887,9974.29625578,739.32466134,739.32615647,0.06126274,3574.20793717,0.01998550,0.01998550,20037,61,0
9974.79457038,9974.79407942,749.51364355,749.52369763,0.05150629,3574.66713524,0.01998550,0.01998550,20036,61,0
9975.29165373,9975.29195276,759.71516913,759.70903821,0.05274077,3575.12416620,0.01998550,0.01998550,20035,61,0
9975.78985771,9975.78987582,769.92985545,769.92948377,0.05803906,3575.58114693,0.01998550,0.01998550,20034,61,0
9976.28695555,9976.28784859,780.15731349,780.13896171,0.05308916,3576.03601136,0.01998550,0.01998550,20033,61,0
9976.78557333,9976.78587109,790.39702714,790.39090162,0.04759867,3576.49113213,0.01998550,0.01998550,20032,61,0
9977.28412876,9977.28394333,800.64856222,800.65238085,0.04854740,3576.94503491,0.01998550,0.01998550,20031,61,0
9977.78292630,9977.78206530,810.91199658,810.92974637,0.04903248,3577.39799405,0.01998550,0.01998550,20030,61,0
9978.28088409,9978.28023703,821.18760024,821.20095447,0.05163364,3577.84903539,0.01998550,0.01998550,20029,61,0
9978.77848133,9978.77845850,831.47563835,831.47610989,0.05237893,3578.29860289,0.01998550,0.01998550,20028,61,0
9979.27632264,9979.27672975,841.77622652,841.76780594,0.04481082,3578.74724232,0.01998550,0.01998550,20027,61,0
9979.77524916,9979.77505076,852.08933549,852.09344393,0.04838221,3579.19569981,0.01998550,0.01998550,20026,61,0
9980.27321937,9980.27342155,862.41493047,862.41073923,0.05369664,3579.64213240,0.01998550,0.01998550,20025,61,0
9980.77221497,9980.77184212,872.75315563,872.76089376,0.04904610,3580.08831669,0.01998550,0.01998550,20024,61,0
9981.27011516,9981.27031249,883.10458221,883.10048175,0.05956981,3580.53237497,0.01998550,0.01998550,20023,61,0
9981.76922771,9981.76883266,893.46984736,893.47806642,0.04808787,3580.97638597,0.01998550,0.01998550,20022,61,0
9982.26742937,9982.26740264,903.84938814,903.84994499,0.05301209,3581.41847173,0.01998550,0.01998550,20021,61,0
9982.76484971,9982.76602243,914.24236852,914.21791138,0.05493626,3581.85871078,0.01998550,0.01998550,20020,61,0
9983.26408250,9983.26469205,924.64745534,924.63473034,0.05238666,3582.29933238,0.01998550,0.01998550,20019,61,0
9983.76371473,9983.76341150,935.06337883,935.06971488,0.05724006,3582.73902187,0.01998550,0.01998550,20018,61,0
9984.26025966,9984.26218078,945.49026328,945.45008112,0.04867999,3583.17472106,0.01998549,0.01998550,20017,61,0
9984.76064970,9984.76099991,955.92948724,955.92215371,0.05435422,3583.61256237,0.01998550,0.01998550,20016,61,0
9985.25900060,9985.25986889,966.38247700,966.36427162,0.05219894,3584.04744373,0.01998550,0.01998550,20015,61,0
9985.75979992,9985.75878774,976.84987221,976.87112111,0.04936365,3584.48329972,0.01998550,0.01998550,20014,61,0
9986.25928937,9986.25775645,987.33075312,987.36297026,0.04425839,3584.91681035,0.01998550,0.01998550,20013,61,0
9986.75720506,9986.75677503,997.82401116,997.83305833,0.05322187,3585.34770505,0.01998550,0.01998550,20012,61,0
9987.25500883,9987.25584350,1008.32882315,1008.31124529,0.05503813,3585.77721582,0.01998550,0.01998550,20011,61,0
9987.75531964,9987.75496186,1018.84567417,1018.85321719,0.05414193,3586.20760733,0.01998550,0.01998550,20010,61,0
9988.25424374,9988.25413011,1029.37542050,1029.37781874,0.05284780,3586.63555459,0.01998550,0.01998550,20009,61,0
9988.75314461,9988.75334827,1039.91884957,1039.91454565,0.04996327,3587.06225801,0.01998550,0.01998550,20008,61,0
9989.25213543,9989.25261635,1050.47595736,1050.46578244,0.04891610,3587.48780732,0.01998550,0.01998550,20007,61,0
9989.75122255,9989.75193434,1061.04625929,1061.03118256,0.05284407,3587.91218120,0.01998550,0.01998550,20006,61,0
9990.25156830,9990.25130226,1071.62927040,1071.63491161,0.05641665,3588.33633703,0.01998550,0.01998550,20005,61,0
9990.74913956,9990.75072012,1082.22481849,1082.19126736,0.05259393,3588.75684868,0.01998550,0.01998550,20004,61,0
9991.24967946,9991.25018792,1092.83310485,1092.82229961,0.05022208,3589.17857098,0.01998550,0.01998550,20003,61,0
9991.75065924,9991.74970567,1103.45435467,1103.47464208,0.05134896,3589.59936277,0.01998550,0.01998550,20002,61,0
9992.25016408,9992.24927337,1114.08896909,1114.10794153,0.05713910,3590.01762921,0.01998550,0.01998550,20001,61,0
9992.74872505,9992.74889104,1124.73775040,1124.73421027,0.05606021,3590.43384913,0.01998550,0.01998550,20000,61,0
9993.24892097,9993.24855869,1135.40156230,1135.40929928,0.04681516,3590.85019947,0.01998550,0.01998550,19999,61,0
9993.74946820,9993.74827631,1146.08094439,1146.10643283,0.04582997,3591.26561795,0.01998550,0.01998550,19998,61,0
9994.24869133,9994.24804392,1156.77495500,1156.78881644,0.05331827,3591.67867362,0.01998550,0.01998550,19997,61,0
9994.74930731,9994.74786153,1167.48222821,1167.51321658,0.04799857,3592.09155440,0.01998550,0.01998550,19996,61,0
9995.24777462,9995.24772913,1178.20158471,1178.20256068,0.05480053,3592.50129111,0.01998550,0.01998550,19995,61,0
9995.74667777,9995.74764675,1188.93358489,1188.91277098,0.05040532,3592.91003069,0.01998550,0.01998550,19994,61,0
9996.24705404,9996.24761439,1199.67970773,1199.66765594,0.05620651,3593.31866504,0.01998550,0.01998550,19993,61,0
9996.74713566,9996.74763205,1210.44138623,1210.43069529,0.05255630,3593.72579302,0.01998550,0.01998550,19992,61,0
9997.24825322,9997.24769974,1221.21881440,1221.23075068,0.05261051,3594.13249473,0.01998550,0.01998550,19991,61,0
9997.74749987,9997.74781748,1232.01106407,1232.00420626,0.04935470,3594.53637172,0.01998550,0.01998550,19990,61,0
9998.24769969,9998.24798526,1242.81717095,1242.81099789,0.05304817,3594.93966899,0.01998550,0.01998550,19989,61,0
9998.74729808,9998.74820309,1253.63675479,1253.61716823,0.05255364,3595.34111079,0.01998550,0.01998550,19988,61,0
9999.24824112,9999.24847099,1264.47030792,1264.46532697,0.05060990,3595.74226933,0.01998550,0.01998550,19987,61,0
9999.74852926,9999.74878896,1275.31839647,1275.31276195,0.05260176,3596.14155444,0.01998550,0.01998550,19986,61,0
10000.24852585,10000.24915700,1286.18139191,1286.16768080,0.05028933,3596.53926635,0.01998550,0.01998550,19985,61,0
10000.75039486,10000.74957513,1297.05919072,1297.07702053,0.05303280,3596.93710875,0.01998550,0.01998550,19984,61,0
10001.24967753,10001.25004336,1307.95161820,1307.94365114,0.04618618,3597.33153635,0.01998550,0.01998550,19983,61,0
10001.74906295,10001.75056168,1318.85848858,1318.82580980,0.05518908,3597.72466978,0.01998549,0.01998550,19982,61,0
10002.25143756,10002.25113011,1329.77957737,1329.78628895,0.05470579,3598.11875327,0.01998550,0.01998550,19981,61,0
10002.75153850,10002.75174866,1340.71464918,1340.71005591,0.05494885,3598.50963996,0.01998550,0.01998550,19980,61,0
10003.25239707,10003.25241733,1351.66358359,1351.66314043,0.05234673,3598.89969436,0.01998550,0.01998550,19979,61,0
10003.75337388,10003.75313613,1362.62697323,1362.63218226,0.05365454,3599.28842887,0.01998550,0.01998550,19978,61,0
10004.25400331,10004.25390506,1373.60568500,1373.60784051,0.05156427,3599.67550647,0.01998550,0.01998550,19977,61,0
10004.75450515,10004.75472414,1384.60049279,1384.59568183,0.05372743,3600.06111850,0.01998550,0.01998550,19976,61,0
10005.25531635,10005.25559338,1395.61122128,1395.60512742,0.05341954,3600.44558668,0.01998550,0.01998550,19975,61,0
10005.75699876,10005.75651277,1406.63716513,1406.64786893,0.05535451,3600.82930495,0.01998550,0.01998550,19974,61,0
10006.25702655,10006.25748234,1417.67763699,1417.66758622,0.04977993,3601.21031345,0.01998550,0.01998550,19973,61,0
10006.75776173,10006.75850207,1428.73238352,1428.71603853,0.04997613,3601.59040018,0.01998550,0.01998550,19972,61,0
10007.25981689,10007.25957200,1439.80148737,1439.80690053,0.05094264,3601.97001690,0.01998550,0.01998550,19971,61,0
10007.76112961,10007.76069211,1450.88506670,1450.89474920,0.05656097,3602.34759848,0.01998550,0.01998550,19970,61,0
10008.26303657,10008.26186242,1461.98387040,1462.00989066,0.05869941,3602.72417050,0.01998550,0.01998550,19969,61,0
10008.76314824,10008.76308293,1473.09929942,1473.10074874,0.05062810,3603.09798469,0.01998550,0.01998550,19968,61,0
10009.26534019,10009.26435366,1484.23275789,1484.25468639,0.05335927,3603.47197533,0.01998550,0.01998550,19967,61,0
10009.76513208,10009.76567461,1495.38414103,1495.37206467,0.05716046,3603.84279449,0.01998550,0.01998550,19966,61,0
10010.26707299,10010.26704578,1506.55133509,1506.55194150,0.05268424,3604.21373930,0.01998550,0.01998550,19965,61,0
10010.76746302,10010.76846720,1517.73209267,1517.70969007,0.05139381,3604.58199117,0.01998550,0.01998550,19964,61,0
10011.27001862,10011.26993885,1528.92569005,1528.92747163,0.05622588,3604.95025169,0.01998550,0.01998550,19963,61,0
10011.77172560,10011.77146076,1540.13393951,1540.13986227,0.05432320,3605.31635859,0.01998550,0.01998550,19962,61,0
10012.27313147,10012.27303292,1551.35889843,1551.36110555,0.05451215,3605.68077595,0.01998550,0.01998550,19961,61,0
10012.77394046,10012.77465535,1562.60165269,1562.58561838,0.05126078,3606.04331918,0.01998550,0.01998550,19960,61,0
10013.27679900,10013.27632806,1573.86132622,1573.87190323,0.05526946,3606.40586054,0.01998550,0.01998550,19959,61,0
10013.77756867,10013.77805104,1585.13680377,1585.12595641,0.05260648,3606.76537252,0.01998550,0.01998550,19958,61,0
10014.27989627,10014.27982431,1596.42749016,1596.42911036,0.04572817,3607.12444874,0.01998550,0.01998550,19957,61,0
10014.78147468,10014.78164788,1607.73402125,1607.73011611,0.04984882,3607.48144857,0.01998550,0.01998550,19956,61,0
10015.28363143,10015.28352176,1619.05721369,1619.05968978,0.05484177,3607.83733525,0.01998550,0.01998550,19955,61,0
10015.78648992,10015.78544594,1630.39756889,1630.42117284,0.05268173,3608.19219753,0.01998550,0.01998550,19954,61,0
10016.28723927,10016.28742044,1641.75474191,1641.75064004,0.05351392,3608.54403875,0.01998550,0.01998550,19953,61,0
10016.78912237,10016.78944527,1653.12824632,1653.12092615,0.05095030,3608.89511845,0.01998550,0.01998550,19952,61,0
10017.29111408,10017.29152044,1664.51786451,1664.50864009,0.05571844,3609.24469873,0.01998550,0.01998550,19951,61,0
10017.79336528,10017.79364594,1675.92416325,1675.91778323,0.04938644,3609.59289195,0.01998550,0.01998550,19950,61,0
10018.29689007,10018.29582180,1687.34785459,1687.37217401,0.04991601,3609.94040706,0.01998550,0.01998550,19949,61,0
10018.79761123,10018.79804801,1698.78933889,1698.77938138,0.05782344,3610.28444027,0.01998550,0.01998550,19948,61,0
10019.30015514,10019.30032458,1710.24805982,1710.24419155,0.06082843,3610.62814904,0.01998550,0.01998550,19947,61,0
10019.80372749,10019.80265153,1721.72327561,1721.74787105,0.05043232,3610.97094567,0.01998550,0.01998550,19946,61,0
10020.30505608,10020.30502885,1733.21455923,1733.21518243,0.05450013,3611.31058749,0.01998550,0.01998550,19945,61,0
10020.80809452,10020.80745656,1744.72245975,1744.73708190,0.05633413,3611.64976351,0.01998550,0.01998550,19944,61,0
10021.31088306,10021.30993467,1756.24771694,1756.26948567,0.04884244,3611.98715837,0.01998550,0.01998550,19943,61,0
10021.81239891,10021.81246318,1767.79086829,1767.78939090,0.05392404,3612.32209963,0.01998550,0.01998550,19942,61,0
10022.31415114,10022.31504210,1779.35183786,1779.33132813,0.05738224,3612.65558869,0.01998550,0.01998550,19941,61,0
10022.81684341,10022.81767144,1790.93043511,1790.91134711,0.04648880,3612.98807294,0.01998550,0.01998550,19940,61,0
10023.32035263,10023.32035120,1802.52647646,1802.52650953,0.05262786,3613.31944805,0.01998550,0.01998550,19939,61,0
10023.82422619,10023.82308139,1814.13980086,1814.16626461,0.05467480,3613.64939667,0.01998550,0.01998550,19938,61,0
10024.32623342,10024.32586202,1825.77025028,1825.77884742,0.05360845,3613.97645219,0.01998550,0.01998550,19937,61,0
10024.82852614,10024.82869310,1837.41782725,1837.41395708,0.05181203,3614.30201564,0.01998550,0.01998550,19936,61,0
10025.33224111,10025.33157464,1849.08293729,1849.09840817,0.05425678,3614.62681764,0.01998550,0.01998550,19935,61,0
10025.83507845,10025.83450664,1860.76605115,1860.77934420,0.05460312,3614.94937634,0.01998550,0.01998550,19934,61,0
10026.33855691,10026.33748911,1872.46765386,1872.49251451,0.05233383,3615.27067107,0.01998550,0.01998550,19933,61,0
10026.84021972,10026.84052205,1884.18825653,1884.18120675,0.05563770,3615.58914412,0.01998550,0.01998550,19932,61,0
10027.34436696,10027.34360549,1895.92837101,1895.94615511,0.04612863,3615.90752587,0.01998550,0.01998550,19931,61,0
10027.84690374,10027.84673941,1907.68787993,1907.69172356,0.04893338,3616.22321259,0.01998550,0.01998550,19930,61,0
10028.35052194,10028.34992384,1919.46551593,1919.47952470,0.04897492,3616.53785397,0.01998550,0.01998550,19929,61,0
10028.85315412,10028.85315877,1931.25990251,1931.25979345,0.05492777,3616.85011214,0.01998550,0.01998550,19928,61,0
10029.35495991,10029.35644422,1943.07090893,1943.03605111,0.05347477,3617.16008375,0.01998550,0.01998550,19927,61,0
10029.85909334,10029.85978020,1954.90025890,1954.88410392,0.05571949,3617.46974538,0.01998550,0.01998550,19926,61,0
10030.36343096,10030.36316670,1966.74978779,1966.75601348,0.05298359,3617.77781754,0.01998550,0.01998550,19925,61,0
10030.86643822,10030.86660375,1978.61971403,1978.61580835,0.05436281,3618.08336362,0.01998550,0.01998550,19924,61,0
10031.37006026,10031.37009134,1990.50835798,1990.50762372,0.05407178,3618.38751522,0.01998550,0.01998550,19923,61,0
10031.87240588,10031.87362948,2002.41399291,2002.38504364,0.05027361,3618.68908038,0.01998550,0.01998550,19922,61,0
10032.37662579,10032.37721819,2014.33629258,2014.32225835,0.05125051,3618.98993017,0.01998550,0.01998550,19921,61,0
10032.88124145,10032.88085746,2026.27618496,2026.28529475,0.05145997,3619.28918445,0.01998550,0.01998550,19920,61,0
10033.38513417,10033.38454731,2038.23465526,2038.24859881,0.05171403,3619.58619678,0.01998550,0.01998550,19919,61,0
10033.88831966,10033.88828775,2050.21275539,2050.21351468,0.04939238,3619.88100017,0.01998550,0.01998550,19918,61,0
10034.39212199,10034.39207878,2062.21158474,2062.21261470,0.05537306,3620.17438722,0.01998550,0.01998550,19917,61,0
10034.89552958,10034.89592041,2074.23209093,2074.22275882,0.04876225,3620.46577952,0.01998550,0.01998550,19916,61,0
10035.39992658,10035.39981264,2086.27399888,2086.27672393,0.05024543,3620.75595695,0.01998550,0.01998550,19915,61,0
10035.90267893,10035.90375549,2098.33646728,2098.31067850,0.05202541,3621.04337631,0.01998550,0.01998550,19914,61,0
10036.40715938,10036.40774896,2110.41874656,2110.40460164,0.05105019,3621.32993666,0.01998550,0.01998550,19913,61,0
10036.91128309,10036.91179307,2122.52057874,2122.50832529,0.05086770,3621.61442963,0.01998550,0.01998550,19912,61,0
10037.41666846,10037.41588781,2134.64185420,2134.66063946,0.05426615,3621.89775052,0.01998550,0.01998550,19911,61,0
10037.92026397,10037.92003319,2146.78267057,2146.78823234,0.05926173,3622.17818350,0.01998550,0.01998550,19910,61,0
10038.42489159,10038.42422923,2158.94375837,2158.95974718,0.05533907,3622.45731059,0.01998550,0.01998550,19909,61,0
10038.92781456,10038.92847593,2171.12597047,2171.10997893,0.05788665,3622.73363018,0.01998550,0.01998550,19908,61,0
10039.43203087,10039.43277330,2183.32973240,2183.31175106,0.04863044,3623.00878999,0.01998550,0.01998550,19907,61,0
10039.93720685,10039.93712134,2195.55465753,2195.55673169,0.04677787,3623.28257516,0.01998550,0.01998550,19906,61,0
10040.44102788,10040.44152007,2207.80026428,2207.78830573,0.04848265,3623.55371149,0.01998550,0.01998550,19905,61,0
10040.94665043,10040.94596949,2220.06603085,2220.08260066,0.04711035,3623.82387254,0.01998550,0.01998550,19904,61,0
10041.44919773,10041.45046961,2232.35138951,2232.32039476,0.05052026,3624.09043694,0.01998550,0.01998550,19903,61,0
10041.95425866,10041.95502043,2244.65584748,2244.63725658,0.05332627,3624.35635139,0.01998550,0.01998550,19902,61,0
10042.45790649,10042.45962197,2256.97995944,2256.93802894,0.06275054,3624.61954358,0.01998550,0.01998550,19901,61,0
10042.96436992,10042.96427423,2269.32500832,2269.32735100,0.04852120,3624.88223166,0.01998550,0.01998550,19900,61,0
10043.46880831,10043.46897722,2281.69214392,2281.68800158,0.05294882,3625.14191313,0.01998550,0.01998550,19899,61,0
10043.97262358,10043.97373094,2294.08152730,2294.05432369,0.05653998,3625.39931649,0.01998550,0.01998550,19898,61,0
10044.47862237,10044.47853541,2306.49293561,2306.49507535,0.04985888,3625.65584989,0.01998550,0.01998550,19897,61,0
10044.98271365,10044.98339064,2318.92603750,2318.90935193,0.05146673,3625.90941898,0.01998550,0.01998550,19896,61,0
10045.48821890,10045.48829662,2331.38016365,2331.37824518,0.05517027,3626.16167221,0.01998550,0.01998550,19895,61,0
10045.99308161,10045.99325337,2343.85458484,2343.85033841,0.05196100,3626.41155279,0.01998550,0.01998550,19894,61,0
10046.49784097,10046.49826090,2356.34951397,2356.33911570,0.05062320,3626.65932541,0.01998550,0.01998550,19893,61,0
10047.00254844,10047.00331921,2368.86671949,2368.84760015,0.05135710,3626.90503971,0.01998550,0.01998550,19892,61,0
10047.50911403,10047.50842831,2381.40803011,2381.42507179,0.05368140,3627.14963800,0.01998550,0.01998550,19891,61,0
10048.01325419,10048.01358821,2393.97352855,2393.96521284,0.05627284,3627.39104375,0.01998550,0.01998550,19890,61,0
10048.51719548,10048.51879891,2406.56180187,2406.52181705,0.05609393,3627.63029904,0.01998550,0.01998550,19889,61,0
10049.02352739,10049.02406043,2419.17156089,2419.15824731,0.05478798,3627.86858315,0.01998550,0.01998550,19888,61,0
10049.52839657,10049.52937277,2431.80276777,2431.77834623,0.05430454,3628.10406447,0.01998550,0.01998550,19887,61,0
10050.03490856,10050.03473593,2444.45591045,2444.46023632,0.05467469,3628.33818762,0.01998550,0.01998550,19886,61,0
10050.54106115,10050.54014994,2457.13169205,2457.15456536,0.04715044,3628.57001984,0.01998550,0.01998550,19885,61,0
10051.04512982,10051.04561479,2469.83143690,2469.81924092,0.05125937,3628.79879798,0.01998550,0.01998550,19884,61,0
10051.55063369,10051.55113049,2482.55655611,2482.54403851,0.05328226,3629.02613512,0.01998550,0.01998550,19883,61,0
10052.05576573,10052.05669705,2495.30686830,2495.28336004,0.04370793,3629.25119483,0.01998550,0.01998550,19882,61,0
10052.56247921,10052.56231447,2508.08006193,2508.08422683,0.05256614,3629.47478551,0.01998550,0.01998550,19881,61,0
10053.06830754,10053.06798278,2520.87390660,2520.88212962,0.05242242,3629.69576330,0.01998550,0.01998550,19880,61,0
10053.57477612,10053.57370196,2533.68879338,2533.71603483,0.05532810,3629.91479158,0.01998550,0.01998550,19879,61,0
10054.07988772,10054.07947204,2546.52669552,2546.53725614,0.04821791,3630.13103296,0.01998550,0.01998550,19878,61,0
10054.58600184,10054.58529301,2559.38915744,2559.40719839,0.05352133,3630.34551272,0.01998550,0.01998550,19877,61,0
10055.09139124,10055.09116489,2572.27592393,2572.28169508,0.05222237,3630.55747929,0.01998550,0.01998550,19876,61,0
10055.59634434,10055.59708768,2585.18630781,2585.16732281,0.05077936,3630.76703675,0.01998550,0.01998550,19875,61,0
10056.10298589,10056.10306139,2598.12009626,2598.11816450,0.05269444,3630.97504210,0.01998550,0.01998550,19874,61,0
10056.60991571,10056.60908604,2611.07780426,2611.09906850,0.05329574,3631.18090243,0.01998550,0.01998550,19873,61,0
10057.11560116,10057.11516161,2624.06001688,2624.07130260,0.04741410,3631.38399758,0.01998550,0.01998550,19872,61,0
10057.62034061,10057.62128814,2637.06736620,2637.04299216,0.04892644,3631.58445812,0.01998550,0.01998550,19871,61,0
10058.12715058,10058.12746561,2650.10051613,2650.09239697,0.04923507,3631.78347057,0.01998550,0.01998550,19870,61,0
10058.63489918,10058.63369404,2663.15990473,2663.19102360,0.05143748,3631.98056223,0.01998550,0.01998550,19869,61,0
10059.14085525,10059.13997345,2676.24514940,2676.26796152,0.05770109,3632.17465834,0.01998550,0.01998550,19868,61,0
10059.64626977,10059.64630382,2689.35569554,2689.35481302,0.05001963,3632.36623216,0.01998550,0.01998550,19867,61,0
10060.15155471,10060.15268518,2702.49152671,2702.46217446,0.05291954,3632.55543014,0.01998550,0.01998550,19866,61,0
10060.66072306,10060.65911753,2715.65331413,2715.69508057,0.05237610,3632.74372417,0.01998550,0.01998550,19865,61,0
10061.16594981,10061.16560087,2728.84161695,2728.85071155,0.05409839,3632.92821407,0.01998550,0.01998550,19864,61,0
10061.67222113,10061.67213523,2742.05576704,2742.05801001,0.05868661,3633.11071668,0.01998550,0.01998550,19863,61,0
10062.17893362,10062.17872059,2755.29452867,2755.30010053,0.04988619,3633.29097281,0.01998550,0.01998550,19862,61,0
10062.68632406,10062.68535698,2768.55748438,2768.58282391,0.05248199,3633.46903934,0.01998550,0.01998550,19861,61,0
10063.19229678,10063.19204439,2781.84613204,2781.85275754,0.04962676,3633.64419218,0.01998550,0.01998550,19860,61,0
10063.69891576,10063.69878284,2795.16217536,2795.16567160,0.05081704,3633.81715880,0.01998550,0.01998550,19859,61,0
10064.20635881,10064.20557234,2808.50613383,2808.52686225,0.04995014,3633.98798040,0.01998550,0.01998550,19858,61,0
10064.71277444,10064.71241289,2821.87760288,2821.88715059,0.06283341,3634.15601423,0.01998550,0.01998550,19857,61,0
10065.21877362,10065.21930449,2835.27621517,2835.26216909,0.05724093,3634.32145335,0.01998550,0.01998550,19856,61,0
10065.72718579,10065.72624717,2848.70184788,2848.72672969,0.05082241,3634.48519132,0.01998550,0.01998550,19855,61,0
10066.23201815,10066.23324092,2862.15442664,2862.12195113,0.04627884,3634.64529053,0.01998550,0.01998550,19854,61,0
10066.74061948,10066.74028575,2875.63364575,2875.64252583,0.04646789,3634.80406116,0.01998550,0.01998550,19853,61,0
10067.24793120,10067.24738167,2889.13893819,2889.15358681,0.05225114,3634.95988393,0.01998550,0.01998550,19852,61,0
10067.75475378,10067.75452869,2902.67001331,2902.67602421,0.05110890,3635.11300003,0.01998550,0.01998550,19851,61,0
10068.26244365,10068.26172682,2916.22815367,2916.24733455,0.05026526,3635.26381590,0.01998550,0.01998550,19850,61,0
10068.76937175,10068.76897606,2929.81515202,2929.82576177,0.04855511,3635.41185070,0.01998550,0.01998550,19849,61,0
10069.27860206,10069.27627642,2943.43158309,2943.49406839,0.04648659,3635.55797689,0.01998550,0.01998550,19848,61,0
10069.78299952,10069.78362791,2957.07627763,2957.05936147,0.05112983,3635.70013735,0.01998550,0.01998550,19847,61,0
10070.29088070,10070.29103054,2970.74821217,2970.74417090,0.04697235,3635.84065978,0.01998550,0.01998550,19846,61,0
10070.79907187,10070.79848431,2984.44823170,2984.46411048,0.05320241,3635.97862951,0.01998550,0.01998550,19845,61,0
10071.30586390,10071.30598924,2998.17792255,2998.17452827,0.05284768,3636.11359029,0.01998550,0.01998550,19844,61,0
10071.81419184,10071.81354532,3011.93809333,3011.95563914,0.05411742,3636.24631317,0.01998550,0.01998550,19843,61,0
10072.32090464,10072.32115257,3025.72832189,3025.72157921,0.05409735,3636.37595445,0.01998550,0.01998550,19842,61,0
10072.82895526,10072.82881100,3039.54820911,3039.55214039,0.05090641,3636.50325074,0.01998550,0.01998550,19841,61,0
10073.33671519,10073.33652061,3053.39824806,3053.40356156,0.05140352,3636.62777287,0.01998550,0.01998550,19840,61,0
10073.84322078,10073.84428141,3067.27927979,3067.25025343,0.05333232,3636.74928662,0.01998550,0.01998550,19839,61,0
10074.35186394,10074.35209341,3081.19095959,3081.18466679,0.04719059,3636.86857767,0.01998550,0.01998550,19838,61,0
10074.85938099,10074.85995662,3095.13116279,3095.11534789,0.05189801,3636.98483706,0.01998550,0.01998550,19837,61,0
10075.36854083,10075.36787104,3109.09822373,3109.11665963,0.04626787,3637.09866484,0.01998550,0.01998550,19836,61,0
10075.87653596,10075.87583668,3123.09409722,3123.11338461,0.04858000,3637.20942923,0.01998550,0.01998550,19835,61,0
10076.38346367,10076.38385356,3137.12200599,3137.11122773,0.04962266,3637.31717763,0.01998550,0.01998550,19834,61,0
10076.89193943,10076.89192167,3151.18306588,3151.18355801,0.04388105,3637.42245137,0.01998550,0.01998550,19833,61,0
10077.40074643,10077.40004102,3165.27575676,3165.29534151,0.04708088,3637.52495245,0.01998550,0.01998550,19832,61,0
10077.90820512,10077.90821163,3179.39884395,3179.39866282,0.05068721,3637.62432392,0.01998550,0.01998550,19831,61,0
10078.41710387,10078.41643350,3193.55309849,3193.57178891,0.04607560,3637.72109839,0.01998550,0.01998550,19830,61,0
10078.92394844,10078.92470663,3207.73978219,3207.71859655,0.05492146,3637.81460653,0.01998550,0.01998550,19829,61,0
10079.43340413,10079.43303104,3221.95896472,3221.96941216,0.04729605,3637.90568553,0.01998550,0.01998550,19828,61,0
10079.94032138,10079.94140674,3236.20963671,3236.17918074,0.04866725,3637.99338893,0.01998550,0.01998550,19827,61,0
10080.44948244,10080.44983373,3250.49132977,3250.48145169,0.04554370,3638.07852534,0.01998550,0.01998550,19826,61,0
10080.95797933,10080.95831202,3264.80520996,3264.79583434,0.05348124,3638.16058306,0.01998550,0.01998550,19825,61,0
10081.46753177,10081.46684161,3279.15263223,3279.17212608,0.04992831,3638.23982440,0.01998550,0.01998550,19824,61,0
10081.97587496,10081.97542252,3293.53392536,3293.54673342,0.05832525,3638.31588025,0.01998550,0.01998550,19823,61,0
10082.48360622,10082.48405475,3307.94883739,3307.93611173,0.05451321,3638.38883469,0.01998550,0.01998550,19822,61,0
10082.99346720,10082.99273832,3322.39714664,3322.41787209,0.05117322,3638.45904701,0.01998550,0.01998550,19821,61,0
10083.50088596,10083.50147322,3336.87869218,3336.86195710,0.05414546,3638.52586987,0.01998550,0.01998550,19820,61,0
10084.01387361,10084.01025946,0.00000000,3351.51210138,0.05193973,3638.59037599,0.01998551,0.01998550,19819,61,1
10084.51921883,10084.51909707,3365.94304468,3365.94653050,0.05651356,3638.65071293,0.01998550,0.01998550,19818,61,0
10085.02646842,10085.02798603,3380.52865998,3380.48511062,0.04504256,3638.70825655,0.01998550,0.01998550,19817,61,0
10085.53657524,10085.53692636,3395.15039558,3395.14029636,0.05476110,3638.76298383,0.01998550,0.01998550,19816,61,0
10086.04541691,10086.04591807,3409.80696373,3409.79251672,0.05022128,3638.81441159,0.01998550,0.01998550,19815,61,0
10086.55462935,10086.55496116,3424.49764348,3424.48805682,0.04321295,3638.86269027,0.01998550,0.01998550,19814,61,0
10087.06398033,10087.06405565,3439.22298425,3439.22080319,0.05440463,3638.90777418,0.01998550,0.01998550,19813,61,0
10087.57285381,10087.57320153,3453.98372233,3453.97362955,0.05196983,3638.94959317,0.01998550,0.01998550,19812,61,0
10088.08222396,10088.08239883,3468.78072558,3468.77563790,0.06016521,3638.98820790,0.01998550,0.01998550,19811,61,0
10088.59106574,10088.59164754,3483.61486156,3483.59789370,0.04988892,3639.02352099,0.01998550,0.01998550,19810,61,0
10089.10040105,10089.10094768,3498.48606303,3498.47008320,0.04789747,3639.05558100,0.01998550,0.01998550,19809,61,0
10089.60999467,10089.61029924,3513.39345711,3513.38453288,0.04281652,3639.08434170,0.01998550,0.01998550,19808,61,0
10090.12028559,10090.11970225,3528.33612367,3528.35325428,0.05321012,3639.10979502,0.01998550,0.01998550,19807,61,0
10090.62941104,10090.62915670,3543.31311239,3543.32059765,0.04662722,3639.13183001,0.01998550,0.01998550,19806,61,0
10091.13957513,10091.13866261,3558.32431599,3558.35123242,0.04089821,3639.15052244,0.01998550,0.01998550,19805,61,0
10091.64819101,10091.64821998,3573.37362654,3573.37276992,0.05088992,3639.16576551,0.01998550,0.01998550,19804,61,0
10092.15738363,10092.15782882,3588.46563943,3588.45243716,0.05437627,3639.17761244,0.01998550,0.01998550,19803,61,0
10092.66679764,10092.66748914,3603.59891062,3603.57835348,0.05092528,3639.18601983,0.01998550,0.01998550,19802,61,0
10093.17640402,10093.17720094,3618.76811123,3618.74436932,0.05499114,3639.19095638,0.01998550,0.01998550,19801,61,0
10093.68643323,10093.68696424,3633.97287013,3633.95701188,0.06113668,3639.19239613,0.01998550,0.01998550,19800,61,0
10094.19865599,10094.19677904,3649.21964147,3649.27585752,0.04066233,3639.19029364,0.01998550,0.01998550,19799,61,0
10094.70481668,10094.70664535,3664.51231708,3664.45739417,0.04752729,3639.18469513,0.01998550,0.01998550,19798,61,0
10095.21539355,10095.21656318,3679.84625805,3679.81104473,0.04518047,3639.17547640,0.01998550,0.01998550,19797,61,0
10095.72448496,10095.72653253,3695.21655912,3695.15477506,0.04777428,3639.16269235,0.01998550,0.01998550,19796,61,0
10096.23628469,10096.23655342,3710.62548572,3710.61735625,0.04793128,3639.14619969,0.01998550,0.01998550,19795,61,0
10096.74539895,10096.74662585,3726.07754328,3726.04032478,0.05049267,3639.12614181,0.01998550,0.01998550,19794,61,0
10097.25797775,10097.25674982,3741.57261209,3741.60995801,0.05314953,3639.10224097,0.01998550,0.01998550,19793,61,0
10097.76620811,10097.76692535,3757.10743483,3757.08556915,0.04857809,3639.07485034,0.01998550,0.01998550,19792,61,0
10098.27825951,10098.27715245,3772.68086803,3772.71469962,0.05382286,3639.04351302,0.01998550,0.01998550,19791,61,0
10098.78560612,10098.78743111,3788.29445759,3788.23854551,0.04961173,3639.00873319,0.01998550,0.01998550,19790,61,0
10099.29636376,10099.29776136,3803.94959350,3803.90666476,0.05150801,3638.96994024,0.01998550,0.01998550,19789,61,0
10099.80890932,10099.80814320,3819.64695654,3819.67055030,0.04897897,3638.92717152,0.01998550,0.01998550,19788,61,0
10100.32020732,10100.31857663,3835.38701075,3835.43736180,0.04618504,3638.88064618,0.01998550,0.01998550,19787,61,0
10100.82967707,10100.82906166,3851.16972751,3851.18877885,0.02958271,3638.83042514,0.01998550,0.01998550,19786,61,0
10101.28518180,nan,0.00000000,3865.31917109,0.12316949,3638.78219262,0.01998539,0.01998550,19785,61,1
10101.85135956,10101.85018657,3882.86642550,3882.90293985,0.05042693,3638.71797548,0.01998550,0.01998550,19784,61,0
10102.35993680,10102.36082646,3898.78620732,3898.75843029,0.04854001,3638.65608255,0.01998550,0.01998550,19783,61,0
10102.87093401,10102.87151798,3914.75302485,3914.73474285,0.05384488,3638.58989582,0.01998550,0.01998550,19782,61,0
10103.38353178,10103.38226115,3930.76236295,3930.80224086,0.04933763,3638.51946439,0.01998550,0.01998550,19781,61,0
10103.89316759,10103.89305597,3946.81550100,3946.81901399,0.05262240,3638.44539835,0.01998550,0.01998550,19780,61,0
10104.40294352,10104.40390244,3962.91927702,3962.88899950,0.04889412,3638.36721888,0.01998550,0.01998550,19779,61,0
10104.91597023,10104.91480058,3979.07410373,3979.11113840,0.04370531,3638.28437298,0.01998550,0.01998550,19778,61,0
10105.42589521,10105.42575040,3995.27100896,3995.27560433,0.04078641,3638.19790070,0.01998550,0.01998550,19777,61,0
10105.93608819,10105.93675190,4011.50688117,4011.48576529,0.04289430,3638.10725625,0.01998550,0.01998550,19776,61,0
10106.45029678,10106.44780508,0.00000000,4027.87557915,0.04917945,3638.01161124,0.01998551,0.01998550,19775,61,1
10106.95848022,10106.95890997,4044.13283682,4044.11907553,0.04301926,3637.91285863,0.01998550,0.01998550,19774,61,0
10107.46895616,10107.47006655,4060.52377039,4060.48811779,0.05332361,3637.80935620,0.01998550,0.01998550,19773,61,0
10107.98227201,10107.98127485,4076.95833884,4076.99043752,0.04634789,3637.70096315,0.01998550,0.01998550,19772,61,0
nan,nan,0.00000000,-1.00000000,0.00000000,3637.59192556,nan,0.00000000,-2147483648,61,1
nan,nan,0.00000000,-1.00000000,0.00000000,3655.77680265,nan,0.00000000,-2147483648,60,1
10102.87237441,10102.87151798,8.92201071,8.93803674,0.07763370,3656.22783823,0.01998550,0.01998550,19782,60,0
10103.38282335,10103.38226115,18.48384410,18.49437416,0.05094503,3656.76954119,0.01998550,0.01998550,19781,60,0
10103.89396726,10103.89305597,28.05574210,28.07282720,0.06198236,3657.31109020,0.01998550,0.01998550,19780,60,0
10104.40424163,10104.40390244,37.63791874,37.64428408,0.04560691,3657.85083573,0.01998550,0.01998550,19779,60,0
10104.91643965,10104.91480058,47.23032073,47.26110955,0.04853681,3658.39172193,0.01998550,0.01998550,19778,60,0
10105.42738781,10105.42575040,56.83241932,56.86320401,0.04283285,3658.93036154,0.01998551,0.01998550,19777,60,0
10105.93821660,10105.93675190,66.44363388,66.47119409,0.04378158,3659.46791331,0.01998550,0.01998550,19776,60,0
10106.44949198,10106.44780508,76.06345269,76.09521878,0.03785162,3660.00493939,0.01998551,0.01998550,19775,60,0
10106.95774634,10106.95890997,85.69210679,85.67017592,0.05541679,3660.53781409,0.01998550,0.01998550,19774,60,0
10107.46956092,10107.47006655,95.33026776,95.32072922,0.05126988,3661.07346916,0.01998550,0.01998550,19773,60,0
10107.98219112,10107.98127485,104.97861658,104.99591856,0.06165306,3661.60905352,0.01998550,0.01998550,19772,60,0
10108.49347450,10108.49253488,114.63763679,114.65539758,0.05439299,3662.14233149,0.01998550,0.01998550,19771,60,0
10109.00533785,10109.00384663,124.30726668,124.33548178,0.04672175,3662.67530660,0.01998550,0.01998550,19770,60,0
10109.51439275,10109.51521011,133.98735189,133.97187179,0.05924029,3663.20444349,0.01998550,0.01998550,19769,60,0
10110.02666477,10110.02662534,143.67773410,143.67848157,0.04457180,3663.73599103,0.01998550,0.01998550,19768,60,0
10110.53783299,10110.53809233,153.37820498,153.37328413,0.05270801,3664.26544399,0.01998550,0.01998550,19767,60,0
10111.05159814,10111.04961107,163.08851444,163.12625246,0.05580868,3664.79661308,0.01998551,0.01998550,19766,60,0
10111.56116709,10111.56118158,172.80840958,172.80813413,0.05719936,3665.32246155,0.01998550,0.01998550,19765,60,0
10112.07297362,10112.07280387,182.53779904,182.54102858,0.05051721,3665.84962519,0.01998550,0.01998550,19764,60,0
10112.58607796,10112.58447794,192.27718827,192.30765851,0.04683716,3666.37714893,0.01998550,0.01998550,19763,60,0
10113.09846011,10113.09620380,202.02722264,202.07023500,0.06097211,3666.90298471,0.01998551,0.01998550,19762,60,0
10113.60807356,10113.60798146,211.78852432,211.79028188,0.04237177,3667.42507038,0.01998550,0.01998550,19761,60,0
10114.11863641,10114.11981093,221.56109007,221.53865310,0.04452600,3667.94721460,0.01998550,0.01998550,19760,60,0
10114.63127661,10114.63169222,231.34428480,231.33633791,0.05665422,3668.47052385,0.01998550,0.01998550,19759,60,0
10115.14457031,10115.14362532,241.13744169,241.15552688,0.04987114,3668.99349650,0.01998550,0.01998550,19758,60,0
10115.65516090,10115.65561026,250.94007755,250.93147026,0.05397997,3669.51268865,0.01998550,0.01998550,19757,60,0
10116.16857366,10116.16764703,260.75250199,260.77026775,0.05134459,3670.03373045,0.01998550,0.01998550,19756,60,0
10116.67757559,10116.67973566,270.57523727,270.53378322,0.05402168,3670.54930909,0.01998550,0.01998550,19755,60,0
10117.19238913,10117.19187613,280.40879880,280.41865396,0.04884242,3671.06979761,0.01998550,0.01998550,19754,60,0
10117.70400898,10117.70406847,290.25344232,290.25229832,0.05995508,3671.58609250,0.01998550,0.01998550,19753,60,0
10118.21634153,10118.21631268,300.10914543,300.10970077,0.05454056,3672.10213670,0.01998550,0.01998550,19752,60,0
10118.72893857,10118.72860877,309.97587200,309.98222709,0.06558451,3672.61746909,0.01998550,0.01998550,19751,60,0
10119.24111317,10119.24095674,319.85360209,319.85661948,0.05247649,3673.13139351,0.01998550,0.01998550,19750,60,0
10119.75181261,10119.75335661,329.74238450,329.71257185,0.05559453,3673.64285665,0.01998550,0.01998550,19749,60,0
10120.26462815,10120.26580837,339.64228632,339.61947425,0.04808380,3674.15545175,0.01998550,0.01998550,19748,60,0
10120.77793595,10120.77831205,349.55336759,349.54609062,0.04752307,3674.66754618,0.01998550,0.01998550,19747,60,0
10121.28866786,10121.29086765,359.47552237,359.43291732,0.05980112,3675.17607464,0.01998550,0.01998550,19746,60,0
10121.80441365,10121.80347517,369.40848047,369.42667463,0.05200666,3675.68856799,0.01998550,0.01998550,19745,60,0
10122.31644170,10122.31613462,379.35196301,379.35792184,0.04776338,3676.19632661,0.01998550,0.01998550,19744,60,0
10122.82819129,10122.82884601,389.30580614,389.29308913,0.05006780,3676.70276020,0.01998550,0.01998550,19743,60,0
10123.34184666,10123.34160936,399.27025813,399.27487193,0.05692674,3677.21003322,0.01998550,0.01998550,19742,60,0
10123.85278601,10123.85442466,409.24566010,409.21376861,0.05775859,3677.71359611,0.01998550,0.01998550,19741,60,0
10124.36813250,10124.36729192,419.23234169,419.24871820,0.05249876,3678.22047581,0.01998550,0.01998550,19740,60,0
10124.88196236,10124.88021116,429.23042144,429.26457455,0.05630390,3678.72483803,0.01998551,0.01998550,19739,60,0
10125.39282213,10125.39318238,439.23984979,439.23281685,0.05470423,3679.22526185,0.01998550,0.01998550,19738,60,0
10125.90652467,10125.90620558,449.26057220,449.26680798,0.05442335,3679.72743385,0.01998550,0.01998550,19737,60,0
10126.41961350,10126.41928079,459.29255142,459.29906011,0.05796702,3680.22796136,0.01998550,0.01998550,19736,60,0
10126.93398989,10126.93240799,469.33579525,469.36677307,0.06339065,3680.72869227,0.01998551,0.01998550,19735,60,0
10127.44534555,10127.44558721,479.39031868,479.38558153,0.05213983,3681.22543348,0.01998550,0.01998550,19734,60,0
10127.95902752,10127.95881845,489.45611103,489.46021353,0.06204147,3681.72337566,0.01998550,0.01998550,19733,60,0
10128.47230524,10128.47210172,499.53291796,499.53691549,0.04881461,3682.21984828,0.01998550,0.01998550,19732,60,0
10128.98451726,10128.98543702,509.62034895,509.60226664,0.05761051,3682.71419207,0.01998550,0.01998550,19731,60,0
10129.49888957,10129.49882437,519.71801736,519.71930041,0.04776437,3683.20949315,0.01998550,0.01998550,19730,60,0
10130.01218207,10130.01226377,529.82609200,529.82448285,0.05960939,3683.70263153,0.01998550,0.01998550,19729,60,0
10130.52530476,10130.52575522,539.94565855,539.93677622,0.05547200,3684.19453348,0.01998550,0.01998550,19728,60,0
10131.03944349,10131.03929875,550.07789500,550.08075252,0.06111257,3684.68638495,0.01998550,0.01998550,19727,60,0
10131.55440444,10131.55289435,560.22365905,560.25350772,0.04327909,3685.17803067,0.01998551,0.01998550,19726,60,0
10132.06595058,10132.06654203,570.38210578,570.37040230,0.04921303,3685.66538622,0.01998550,0.01998550,19725,60,0
10132.57821572,10132.58024181,580.55183045,580.51170161,0.04806612,3686.15232540,0.01998550,0.01998550,19724,60,0
10133.09307451,10133.09399368,590.73148670,590.71326634,0.05075572,3686.64054987,0.01998550,0.01998550,19723,60,0
10133.60786527,10133.60779767,600.92111224,600.92245357,0.04753748,3687.12752399,0.01998550,0.01998550,19722,60,0
10134.12132814,10134.12165376,611.12204590,611.11557814,0.05891062,3687.61211979,0.01998550,0.01998550,19721,60,0
10134.63551301,10134.63556198,621.33568396,621.33471007,0.05199511,3688.09633477,0.01998550,0.01998550,19720,60,0
10135.14897548,10135.14952233,631.56276881,631.55188098,0.04612200,3688.57883781,0.01998550,0.01998550,19719,60,0
10135.66327219,10135.66353482,641.80235764,641.79712307,0.05409913,3689.06104074,0.01998550,0.01998550,19718,60,0
10136.17695488,10136.17759946,652.05323585,652.04037650,0.05516773,3689.54152238,0.01998550,0.01998550,19717,60,0
10136.69306512,10136.69171625,662.31439868,662.34133286,0.04411681,3690.02306918,0.01998550,0.01998550,19716,60,0
10137.20627660,10137.20588520,672.58648439,672.59430790,0.04234698,3690.50073813,0.01998550,0.01998550,19715,60,0
10137.72067168,10137.72010633,682.87088954,682.88220335,0.05096341,3690.97839442,0.01998550,0.01998550,19714,60,0
10138.23577494,10138.23437963,693.16898334,693.19694169,0.04936357,3691.45564803,0.01998550,0.01998550,19713,60,0
10138.74804460,10138.74870512,703.48091447,703.46766384,0.05357931,3691.92922432,0.01998550,0.01998550,19712,60,0
10139.26252677,10139.26308280,713.80541697,713.79425076,0.04587597,3692.40372570,0.01998550,0.01998550,19711,60,0
10139.77738153,10139.77751269,724.14113827,724.13850189,0.05295800,3692.87737903,0.01998550,0.01998550,19710,60,0
10140.29117474,10140.29199478,734.48729224,734.47079351,0.04874347,3693.34882633,0.01998550,0.01998550,19709,60,0
10140.80676609,10140.80652909,744.84473752,744.84951071,0.05490699,3693.82072312,0.01998550,0.01998550,19708,60,0
10141.32169757,10141.32111563,755.21463243,755.22636636,0.05208964,3694.29086298,0.01998550,0.01998550,19707,60,0
10141.83588038,10141.83575441,765.59800159,765.60054480,0.04239582,3694.75920985,0.01998550,0.01998550,19706,60,0
10142.34884322,10142.35044542,775.99480014,775.96241685,0.05536431,3695.22533248,0.01998550,0.01998550,19705,60,0
10142.86493550,10142.86518869,786.40448920,786.39936600,0.05307918,3695.69314639,0.01998550,0.01998550,19704,60,0
10143.37959250,10143.37998421,796.82653921,796.81860462,0.05372809,3696.15847850,0.01998550,0.01998550,19703,60,0
10143.89478974,10143.89483200,807.26080823,807.25995118,0.05310023,3696.62310589,0.01998550,0.01998550,19702,60,0
10144.41028074,10144.40973207,817.70756107,817.71869912,0.04757695,3697.08680935,0.01998550,0.01998550,19701,60,0
10144.92471526,10144.92468441,828.16708303,828.16770988,0.05083398,3697.54838361,0.01998550,0.01998550,19700,60,0
10145.43992339,10145.43968905,838.63957128,838.64433927,0.05417436,3698.00947432,0.01998550,0.01998550,19699,60,0
10145.95480410,10145.95474598,849.12501761,849.12620143,0.06022444,3698.46908805,0.01998550,0.01998550,19698,60,0
10146.46993710,10146.46985522,859.62338481,859.62505448,0.05186647,3698.92773478,0.01998550,0.01998550,19697,60,0
10146.98695868,10146.98501677,870.13472330,870.17436907,0.05423534,3699.38686002,0.01998550,0.01998550,19696,60,0
10147.49960186,10147.50023065,880.65954672,880.64669398,0.04936816,3699.84092320,0.01998550,0.01998550,19695,60,0
10148.01552111,10148.01549685,891.19852415,891.19902067,0.04927930,3700.29673032,0.01998550,0.01998550,19694,60,0
10148.53155514,10148.53081539,901.75223851,901.76739837,0.04290129,3700.75149529,0.01998550,0.01998550,19693,60,0
10149.04553980,10149.04618627,912.32011274,912.30684883,0.04773128,3701.20328568,0.01998550,0.01998550,19692,60,0
10149.56344256,10149.56160951,922.90076098,922.93840916,0.05762714,3701.65727419,0.01998551,0.01998550,19691,60,0
10150.07816186,10150.07708512,933.49279903,933.51493432,0.05252227,3702.10716815,0.01998550,0.01998550,19690,60,0
10150.59264757,10150.59261309,944.09601601,944.09672559,0.05293210,3702.55554476,0.01998550,0.01998550,19689,60,0
10151.10834166,10151.10819343,954.71179492,954.71484865,0.05722855,3703.00370992,0.01998550,0.01998550,19688,60,0
10151.62346001,10151.62382617,965.34164027,965.33408692,0.06033972,3703.45016782,0.01998550,0.01998550,19687,60,0
10152.14028181,10152.13951129,975.98640332,976.00231828,0.05617108,3703.89691877,0.01998550,0.01998550,19686,60,0
10152.65585737,10152.65524882,986.64520519,986.65778930,0.04994616,3704.34136762,0.01998550,0.01998550,19685,60,0
10153.17066909,10153.17103876,997.31688019,997.30922790,0.04544388,3704.78388245,0.01998550,0.01998550,19684,60,0
10153.68695933,10153.68688111,1008.00051975,1008.00214071,0.05550716,3705.22634439,0.01998550,0.01998550,19683,60,0
10154.20194328,10154.20277589,1018.69658008,1018.67930796,0.05827617,3705.66637920,0.01998550,0.01998550,19682,60,0
10154.71907205,10154.71872310,1029.40596165,1029.41320909,0.05628619,3706.10696358,0.01998550,0.01998550,19681,60,0
10155.23475133,10155.23472275,1040.12949010,1040.13008437,0.04963902,3706.54505994,0.01998550,0.01998550,19680,60,0
10155.74833274,10155.75077486,1050.86715298,1050.81630913,0.04907060,3706.98012311,0.01998550,0.01998550,19679,60,0
10156.26787441,10156.26687942,1061.61843982,1061.63917890,0.04315901,3707.41893741,0.01998550,0.01998550,19678,60,0
10156.78358619,10156.78303644,1072.38284537,1072.39431661,0.05104989,3707.85319893,0.01998550,0.01998550,19677,60,0
10157.29883546,10157.29924594,1083.16022392,1083.15164917,0.05023804,3708.28574750,0.01998550,0.01998550,19676,60,0
10157.81489536,10157.81550792,1093.95079408,1093.93798366,0.05742882,3708.71765305,0.01998550,0.01998550,19675,60,0
10158.33083637,10158.33182238,1104.75479537,1104.73415075,0.06210861,3709.14813814,0.01998550,0.01998550,19674,60,0
10158.84690239,10158.84818935,1115.57270314,1115.54572463,0.04845805,3709.57741854,0.01998550,0.01998550,19673,60,0
10159.36402233,10159.36460882,1126.40538394,1126.39307327,0.04860751,3710.00628994,0.01998550,0.01998550,19672,60,0
10159.88018373,10159.88108080,1137.25374651,1137.23489055,0.04754536,3710.43311146,0.01998550,0.01998550,19671,60,0
10160.39626291,10160.39760531,1148.11814136,1148.08988750,0.05045286,3710.85861768,0.01998550,0.01998550,19670,60,0
10160.91367689,10160.91418234,1158.99739401,1158.98674291,0.05454806,3711.28391872,0.01998550,0.01998550,19669,60,0
10161.43034506,10161.43081191,1169.89006513,1169.88021692,0.05385442,3711.70723900,0.01998550,0.01998550,19668,60,0
10161.94722375,10161.94749403,1180.79516265,1180.78945506,0.05372696,3712.12931925,0.01998550,0.01998550,19667,60,0
10162.46477184,10162.46422869,1191.71369585,1191.72517946,0.05478758,3712.55056347,0.01998550,0.01998550,19666,60,0
10162.98076760,10162.98101592,1202.64723200,1202.64197475,0.04925239,3712.96922023,0.01998550,0.01998550,19665,60,0
10163.49707663,10163.49785572,1213.59711113,1213.58059362,0.05126099,3713.38685156,0.01998550,0.01998550,19664,60,0
10164.01426771,10164.01474810,1224.56302201,1224.55282393,0.05176593,3713.80389327,0.01998550,0.01998550,19663,60,0
10164.53076217,10164.53169306,1235.54394654,1235.52416066,0.04960199,3714.21902538,0.01998550,0.01998550,19662,60,0
10165.04904890,10165.04869061,1246.53894248,1246.54656659,0.04924911,3714.63420110,0.01998550,0.01998550,19661,60,0
10165.56634590,10165.56574077,1257.54800894,1257.56090120,0.05015001,3715.04718167,0.01998550,0.01998550,19660,60,0
10166.08293292,10166.08284353,1268.57173061,1268.57363738,0.05215841,3715.45821222,0.01998550,0.01998550,19659,60,0
10166.59993410,10166.59999892,1279.61068243,1279.60929808,0.05711405,3715.86820245,0.01998550,0.01998550,19658,60,0
10167.11788740,10167.11720692,1290.66503833,1290.67959150,0.06003820,3716.27757241,0.01998550,0.01998550,19657,60,0
10167.63558481,10167.63446756,1301.73462650,1301.75855111,0.05473803,3716.68535064,0.01998550,0.01998550,19656,60,0
10168.15340475,10168.15178085,1312.81926159,1312.85407919,0.05079327,3717.09182138,0.01998551,0.01998550,19655,60,0
10168.66870446,10168.66914678,1323.91873041,1323.90923517,0.05297822,3717.49490479,0.01998550,0.01998550,19654,60,0
10169.18597177,10169.18656537,1335.03278803,1335.02003018,0.05724424,3717.89809753,0.01998550,0.01998550,19653,60,0
10169.70340686,10169.70403662,1346.16119424,1346.14764295,0.06235802,3718.29997200,0.01998550,0.01998550,19652,60,0
10170.22220791,10170.22156055,1357.30415026,1357.31809765,0.04502672,3718.70145246,0.01998550,0.01998550,19651,60,0
10170.73959190,10170.73913715,1368.46251291,1368.47232333,0.05051257,3719.10040885,0.01998550,0.01998550,19650,60,0
10171.25727560,10171.25676645,1379.63719313,1379.64819244,0.04736091,3719.49819431,0.01998550,0.01998550,19649,60,0
10171.77575962,10171.77444845,1390.82856245,1390.85692686,0.06318430,3719.89519396,0.01998550,0.01998550,19648,60,0
10172.29306936,10172.29218315,1402.03598416,1402.05518033,0.05024828,3720.28986664,0.01998550,0.01998550,19647,60,0
10172.81036040,10172.80997056,1413.25870789,1413.26716241,0.04535251,3720.68306471,0.01998550,0.01998550,19646,60,0
10173.32836915,10173.32781070,1424.49621788,1424.50834396,0.05008117,3721.07531943,0.01998550,0.01998550,19645,60,0
10173.84555037,10173.84570357,1435.74853636,1435.74520582,0.05482497,3721.46545460,0.01998550,0.01998550,19644,60,0
10174.36423105,10174.36364917,1447.01576037,1447.02842620,0.05570256,3721.85521865,0.01998550,0.01998550,19643,60,0
10174.88112987,10174.88164752,1458.29833018,1458.28704763,0.04558729,3722.24215469,0.01998550,0.01998550,19642,60,0
10175.39944745,10175.39969862,1469.59759829,1469.59211599,0.05805796,3722.62869864,0.01998550,0.01998550,19641,60,0
10175.91721111,10175.91780249,1480.91507692,1480.90214863,0.05399857,3723.01341853,0.01998550,0.01998550,19640,60,0
10176.43681589,10176.43595912,1492.25144204,1492.27020047,0.04931319,3723.39810238,0.01998550,0.01998550,19639,60,0
10176.95502516,10176.95416854,1503.60481057,1503.62358994,0.04947674,3723.78027918,0.01998550,0.01998550,19638,60,0
10177.47243402,10177.47243074,1514.97280098,1514.97287298,0.06306080,3724.16030926,0.01998550,0.01998550,19637,60,0
10177.99142898,10177.99074573,1526.35392477,1526.36893594,0.05277457,3724.53988520,0.01998550,0.01998550,19636,60,0
10178.50919959,10178.50911352,1537.74970990,1537.75160317,0.04820576,3724.91699381,0.01998550,0.01998550,19635,60,0
10179.02742584,10179.02753413,1549.16232441,1549.15993882,0.05338715,3725.29292602,0.01998550,0.01998550,19634,60,0
10179.54525175,10179.54600755,1560.59331601,1560.57664020,0.05640671,3725.66710259,0.01998550,0.01998550,19633,60,0
10180.06391909,10180.06453380,1572.04200703,1572.02842534,0.05019711,3726.04038761,0.01998550,0.01998550,19632,60,0
10180.58138302,10180.58311289,1583.50722377,1583.46895415,0.05301802,3726.41126419,0.01998550,0.01998550,19631,60,0
10181.10033109,10181.10174481,1594.98816438,1594.95684873,0.05328291,3726.78162308,0.01998550,0.01998550,19630,60,0
10181.61964384,10181.62042959,1606.48538033,1606.46795154,0.04943598,3727.15066654,0.01998550,0.01998550,19629,60,0
10182.13846732,10182.13916723,1617.99973046,1617.98418361,0.05442846,3727.51780736,0.01998550,0.01998550,19628,60,0
10182.65889149,10182.65795773,1629.53181731,1629.55258838,0.04826325,3727.88452988,0.01998550,0.01998550,19627,60,0
10183.17805415,10183.17680111,1641.08133132,1641.10924351,0.05842373,3728.24879685,0.01998550,0.01998550,19626,60,0
10183.69694349,10183.69569737,1652.64776076,1652.67555593,0.04760170,3728.61128364,0.01998550,0.01998550,19625,60,0
10184.21489643,10184.21464652,1664.23084509,1664.23642703,0.05315683,3728.97151594,0.01998550,0.01998550,19624,60,0
10184.73499537,10184.73364857,1675.83115775,1675.86128183,0.04431696,3729.33164121,0.01998550,0.01998550,19623,60,0
10185.25343712,10185.25270353,1687.44944759,1687.46588021,0.06023619,3729.68903797,0.01998550,0.01998550,19622,60,0
10185.77178502,10185.77181140,1699.08612924,1699.08553749,0.05892814,3730.04479532,0.01998550,0.01998550,19621,60,0
10186.29017959,10186.29097219,1710.74061288,1710.72280779,0.05638508,3730.39898264,0.01998550,0.01998550,19620,60,0
10186.81009703,10186.81018592,1722.41211854,1722.41011916,0.04572344,3730.75256853,0.01998550,0.01998550,19619,60,0
10187.32976857,10187.32945259,1734.10025101,1734.10736823,0.05259578,3731.10432340,0.01998550,0.01998550,19618,60,0
10187.84835093,10187.84877220,1745.80562281,1745.79612076,0.05967951,3731.45369260,0.01998550,0.01998550,19617,60,0
10188.36788389,10188.36814477,1757.52901137,1757.52311833,0.04597861,3731.80206511,0.01998550,0.01998550,19616,60,0
10188.88881821,10188.88757030,1769.27091568,1769.29914608,0.06185421,3732.14973749,0.01998550,0.01998550,19615,60,0
10189.40660225,10189.40704881,1781.03121788,1781.02110107,0.04847068,3732.49366720,0.01998550,0.01998550,19614,60,0
10189.92859155,10189.92658029,1792.80971733,1792.85534806,0.05746218,3732.83871957,0.01998551,0.01998550,19613,60,0
10190.44588042,10190.44616476,1804.60622463,1804.59976435,0.06204875,3733.17899518,0.01998550,0.01998550,19612,60,0
10190.96595067,10190.96580223,1816.42057199,1816.42394921,0.06373383,3733.51941078,0.01998550,0.01998550,19611,60,0
10191.48444904,10191.48549270,1828.25259784,1828.22881974,0.05645708,3733.85709723,0.01998550,0.01998550,19610,60,0
10192.00619646,10192.00523619,1840.10239888,1840.12430808,0.05305171,3734.19517958,0.01998550,0.01998550,19609,60,0
10192.52623185,10192.52503269,1851.97043940,1851.99783883,0.05310872,3734.53043940,0.01998550,0.01998550,19608,60,0
10193.04474669,10193.04488222,1863.85721616,1863.85411464,0.05027939,3734.86302047,0.01998550,0.01998550,19607,60,0
10193.56403150,10193.56478479,1875.76324719,1875.74598300,0.05767019,3735.19440025,0.01998550,0.01998550,19606,60,0
10194.08573980,10194.08474041,1887.68907346,1887.71201400,0.05577051,3735.52562313,0.01998550,0.01998550,19605,60,0
10194.60677546,10194.60474908,1899.63517609,1899.68176508,0.05761910,3735.85471762,0.01998551,0.01998550,19604,60,0
10195.12567332,10195.12481080,1911.60097998,1911.62083969,0.05267601,3736.18074571,0.01998550,0.01998550,19603,60,0
10195.64461696,10195.64492560,1923.58504559,1923.57792929,0.04975944,3736.50504070,0.01998550,0.01998550,19602,60,0
10196.16409417,10196.16509347,1935.58609831,1935.56302765,0.05860651,3736.82786094,0.01998550,0.01998550,19601,60,0
10196.68492358,10196.68531443,1947.60490270,1947.59586601,0.05443695,3737.14971681,0.01998550,0.01998550,19600,60,0
10197.20564956,10197.20558849,1959.64341963,1959.64483405,0.05850969,3737.46974501,0.01998550,0.01998550,19599,60,0
10197.72610531,10197.72591564,1971.70325166,1971.70765123,0.05245284,3737.78787668,0.01998550,0.01998550,19598,60,0
10198.24594615,10198.24629590,1983.78351139,1983.77538616,0.05679000,3738.10387116,0.01998550,0.01998550,19597,60,0
10198.76652139,10198.76672928,1995.88231540,1995.87747909,0.06263927,3738.41848842,0.01998550,0.01998550,19596,60,0
10199.28716162,10199.28721579,2007.99824558,2007.99698369,0.05567978,3738.73127347,0.01998550,0.01998550,19595,60,0
10199.80833051,10199.80775543,2020.13182936,2020.14524374,0.05481497,3739.04250618,0.01998550,0.01998550,19594,60,0
10200.32877932,10200.32834821,2032.28409289,2032.29416364,0.05201401,3739.35145859,0.01998550,0.01998550,19593,60,0
10200.84929432,10200.84899415,2044.45609955,2044.46312270,0.05164516,3739.65861784,0.01998550,0.01998550,19592,60,0
10201.37006950,10201.36969324,2056.64899081,2056.65780886,0.04760497,3739.96411470,0.01998550,0.01998550,19591,60,0
10201.89130251,10201.89044550,2068.86391591,2068.88403590,0.04756585,3740.26807870,0.01998550,0.01998550,19590,60,0
10202.41202292,10202.41125093,2081.10126128,2081.11941607,0.05071663,3740.56994184,0.01998550,0.01998550,19589,60,0
10202.93143794,10202.93210954,2093.36024027,2093.34442061,0.04371381,3740.86922289,0.01998550,0.01998550,19588,60,0
10203.45369393,10203.45302135,2105.63997958,2105.65584688,0.05419130,3741.16827000,0.01998550,0.01998550,19587,60,0
10203.97334371,10203.97398636,2117.93999219,2117.92480760,0.05757442,3741.46394011,0.01998550,0.01998550,19586,60,0
10204.49480699,10204.49500457,2130.26014972,2130.25547427,0.05046507,3741.75873837,0.01998550,0.01998550,19585,60,0
10205.01562524,10205.01607600,2142.60040304,2142.58971974,0.05018600,3742.05125656,0.01998550,0.01998550,19584,60,0
10205.53806762,10205.53720065,2154.96131464,2154.98189576,0.05941210,3742.34276621,0.01998550,0.01998550,19583,60,0
10206.05851082,10206.05837853,2167.34377991,2167.34692560,0.04876935,3742.63125735,0.01998550,0.01998550,19582,60,0
10206.57983608,10206.57960965,2179.74850154,2179.75389488,0.04846644,3742.91833782,0.01998550,0.01998550,19581,60,0
10207.09995655,10207.10089402,2192.17524839,2192.15288208,0.04912502,3743.20284296,0.01998550,0.01998550,19580,60,0
10207.62123124,10207.62223165,2204.62351649,2204.59961010,0.04666464,3743.48604010,0.01998550,0.01998550,19579,60,0
10208.14466157,10208.14362254,2217.09277379,2217.11764200,0.05254715,3743.76843109,0.01998551,0.01998550,19578,60,0
10208.66623700,10208.66506670,2229.58242972,2229.61048178,0.05240782,3744.04782595,0.01998551,0.01998550,19577,60,0
10209.18719030,10209.18656414,2242.09190562,2242.10693669,0.05386216,3744.32487551,0.01998550,0.01998550,19576,60,0
10209.70827926,10209.70811487,2254.62146942,2254.62542166,0.06639138,3744.59998084,0.01998550,0.01998550,19575,60,0
10210.23114652,10210.22971890,2267.17242166,2267.20680228,0.04339291,3744.87401550,0.01998551,0.01998550,19574,60,0
10210.74999307,10210.75137623,2279.74605074,2279.71268323,0.05827836,3745.14396908,0.01998550,0.01998550,19573,60,0
10211.27328258,10211.27308688,2292.34271000,2292.34743932,0.06300313,3745.41423792,0.01998550,0.01998550,19572,60,0
10211.79503941,10211.79485085,2304.96217293,2304.96673734,0.05177745,3745.68170167,0.01998550,0.01998550,19571,60,0
10212.31664791,10212.31666814,2317.60412481,2317.60363430,0.05007942,3745.94706064,0.01998550,0.01998550,19570,60,0
10212.83799031,10212.83853878,2330.26789369,2330.25457405,0.04829776,3746.21023118,0.01998550,0.01998550,19569,60,0
10213.35990097,10213.36046276,2342.95270513,2342.93904110,0.04901772,3746.47160494,0.01998550,0.01998550,19568,60,0
10213.88249215,10213.88244009,2355.65863441,2355.65990272,0.04747430,3746.73122069,0.01998550,0.01998550,19567,60,0
10214.40410824,10214.40447079,2368.38748475,2368.37863658,0.05708839,3746.98828244,0.01998550,0.01998550,19566,60,0
10214.92703513,10214.92655486,2381.14119493,2381.15293844,0.04983636,3747.24394082,0.01998550,0.01998550,19565,60,0
10215.44813364,10215.44869230,2393.91993264,2393.90624784,0.04756033,3747.49665369,0.01998550,0.01998550,19564,60,0
10215.97179357,10215.97088313,2406.72222276,2406.74456195,0.04951509,3747.74850276,0.01998550,0.01998550,19563,60,0
10216.49259059,10216.49312736,2419.54672025,2419.53352854,0.04756720,3747.99684221,0.01998550,0.01998550,19562,60,0
10217.07455206,nan,0.00000000,2433.86005001,0.19621976,3748.27202630,0.01998562,0.01998550,19561,60,1
10217.53815579,10217.53777603,2445.26279322,2445.27215745,0.05319041,3748.48895318,0.01998550,0.01998550,19560,60,0
10218.06032064,10218.06018049,2458.15565966,2458.15912167,0.05491250,3748.73148767,0.01998550,0.01998550,19559,60,0
10218.58213711,10218.58263838,2471.07342125,2471.06101566,0.05151283,3748.97172458,0.01998550,0.01998550,19558,60,0
10219.10552691,10219.10514970,2484.01751980,2484.02687336,0.05709683,3749.21055363,0.01998550,0.01998550,19557,60,0
10219.62767249,10219.62771447,2496.98743880,2496.98639597,0.05551407,3749.44666304,0.01998550,0.01998550,19556,60,0
10220.15200835,10220.15033269,2509.98067657,2510.02236913,0.05847182,3749.68154035,0.01998551,0.01998550,19555,60,0
10220.67280693,10220.67300437,2522.99509667,2522.99017677,0.05887065,3749.91257786,0.01998550,0.01998550,19554,60,0
10221.19386635,10221.19572952,2536.03159106,2535.98508530,0.05056992,3750.14148571,0.01998550,0.01998550,19553,60,0
10221.72004571,10221.71850814,2549.09225384,2549.13070278,0.05166058,3750.37038790,0.01998551,0.01998550,19552,60,0
10222.24103489,10222.24134025,2562.17837930,2562.17072929,0.05590361,3750.59480830,0.01998550,0.01998550,19551,60,0
10222.76372642,10222.76422585,2575.28947637,2575.27694231,0.05150188,3750.81771570,0.01998550,0.01998550,19550,60,0
10223.28821358,10223.28716496,2588.42485572,2588.45121827,0.04943645,3751.03910165,0.01998551,0.01998550,19549,60,0
10223.81119007,10223.81015757,2601.58453319,2601.61053622,0.05073434,3751.25755530,0.01998551,0.01998550,19548,60,0
10224.33296477,10224.33320370,2614.76909915,2614.76307093,0.05275908,3751.47321952,0.01998550,0.01998550,19547,60,0
10224.85504938,10224.85630336,2627.97917793,2627.94748123,0.06008319,3751.68672105,0.01998550,0.01998550,19546,60,0
10225.37961558,10225.37945655,2641.21544957,2641.21947702,0.05963472,3751.89892594,0.01998550,0.01998550,19545,60,0
10225.90309621,10225.90266329,2654.47860395,2654.48958928,0.05574892,3752.10837791,0.01998550,0.01998550,19544,60,0
10226.42535948,10226.42592357,2667.76882288,2667.75448210,0.05293070,3752.31502702,0.01998550,0.01998550,19543,60,0
10226.94859864,10226.94923741,2681.08556549,2681.06929547,0.04712082,3752.51971907,0.01998550,0.01998550,19542,60,0
10227.47313557,10227.47260482,2694.42833912,2694.44188264,0.04197806,3752.72254209,0.01998550,0.01998550,19541,60,0
10227.99655871,10227.99602581,2707.79749436,2707.81111877,0.05215463,3752.92255273,0.01998550,0.01998550,19540,60,0
10228.52135729,10228.51950038,2721.19378063,2721.24134768,0.04727920,3753.12069632,0.01998551,0.01998550,19539,60,0
10229.04373190,10229.04302854,2734.61736091,2734.63541256,0.04720345,3753.31553232,0.01998550,0.01998550,19538,60,0
10229.56649499,10229.56661030,2748.06710499,2748.06414047,0.05119162,3753.50809208,0.01998550,0.01998550,19537,60,0
10230.08938950,10230.09024566,2761.54184520,2761.51979414,0.05041052,3753.69824611,0.01998550,0.01998550,19536,60,0
10230.61355595,10230.61393465,2775.04220095,2775.03242921,0.05743299,3753.88639362,0.01998550,0.01998550,19535,60,0
10231.13823285,10231.13767726,2788.57001424,2788.58437929,0.05896672,3754.07225916,0.01998550,0.01998550,19534,60,0
10231.65958925,10231.66147350,2802.12664769,2802.07783147,0.05734646,3754.25450785,0.01998550,0.01998550,19533,60,0
10232.18563467,10232.18532338,2815.71193387,2815.72001465,0.05292260,3754.43591097,0.01998550,0.01998550,19532,60,0
10232.70873044,10232.70922691,2829.32543114,2829.31251791,0.05982423,3754.61379977,0.01998550,0.01998550,19531,60,0
10233.23291251,10233.23318410,2842.96689682,2842.95981897,0.04806242,3754.78954062,0.01998550,0.01998550,19530,60,0
10233.75633058,10233.75719496,2856.63625643,2856.61368653,0.05956251,3754.96249380,0.01998550,0.01998550,19529,60,0
10234.28060624,10234.28125948,2870.33333718,2870.31624773,0.04834526,3755.13317617,0.01998550,0.01998550,19528,60,0
10234.80649120,10234.80537770,2884.05760799,2884.08679275,0.05068789,3755.30179175,0.01998551,0.01998550,19527,60,0
10235.33054915,10235.32954960,2897.80851894,2897.83476512,0.06636682,3755.46721803,0.01998551,0.01998550,19526,60,0
10235.85356917,10235.85377520,2911.58677917,2911.58135887,0.06438023,3755.62971837,0.01998550,0.01998550,19525,60,0
10236.37853970,10236.37805450,2925.39425318,2925.40704488,0.05366815,3755.79022004,0.01998551,0.01998550,19524,60,0
10236.90114122,10236.90238752,2939.23224413,2939.19931821,0.06036477,3755.94740322,0.01998550,0.01998550,19523,60,0
10237.42751951,10237.42677427,2953.09986869,2953.11959625,0.04502295,3756.10307801,0.01998551,0.01998550,19522,60,0
10237.94963939,10237.95121475,2966.99583775,2966.95405591,0.05797946,3756.25484048,0.01998550,0.01998550,19521,60,0
10238.47484103,10238.47570896,2980.92042992,2980.89736423,0.05264920,3756.40481951,0.01998550,0.01998550,19520,60,0
10238.99829877,10239.00025693,2994.87528071,2994.82313101,0.05250159,3756.55162714,0.01998550,0.01998550,19519,60,0
10239.52364322,10239.52485865,3008.86159910,3008.82916019,0.04640103,3756.69627506,0.01998550,0.01998550,19518,60,0
10240.04993977,10240.04951413,3022.87911251,3022.89049649,0.05231464,3756.83846265,0.01998550,0.01998550,19517,60,0
10240.57376666,10240.57422339,3036.92732265,3036.91508168,0.05589512,3756.97725387,0.01998550,0.01998550,19516,60,0
10241.09813983,10241.09898643,3051.00654469,3050.98380631,0.05424045,3757.11344771,0.01998550,0.01998550,19515,60,0
10241.62292381,10241.62380326,3065.11767010,3065.09399793,0.06010377,3757.24699143,0.01998550,0.01998550,19514,60,0
10242.14858794,10242.14867389,3079.26069894,3079.25838079,0.04462926,3757.37797527,0.01998550,0.01998550,19513,60,0
10242.67458984,10242.67359832,3093.43353928,3093.46033558,0.05560923,3757.50621653,0.01998551,0.01998550,19512,60,0
10243.19800351,10243.19857656,3107.63421102,3107.61869525,0.05817266,3757.63098519,0.01998550,0.01998550,19511,60,0
10243.72199445,10243.72360863,3121.86432440,3121.82052829,0.05003275,3757.75304948,0.01998550,0.01998550,19510,60,0
10244.24863289,10244.24869453,3136.12728262,3136.12560616,0.04090004,3757.87287611,0.01998550,0.01998550,19509,60,0
10244.77393160,10244.77383427,3150.42455373,3150.42720644,0.05703528,3757.98953934,0.01998550,0.01998550,19508,60,0
10245.29694002,10245.29902786,3164.75461682,3164.69758981,0.05052736,3758.10282526,0.01998550,0.01998550,19507,60,0
10245.82618881,10245.82427530,3179.11612176,3179.16849702,0.05420587,3758.21451875,0.01998551,0.01998550,19506,60,0
10246.35003177,10246.34957660,3193.50981754,3193.52230333,0.05560232,3758.32214171,0.01998551,0.01998550,19505,60,0
10246.87539923,10246.87493178,3207.93702898,3207.94988056,0.05509763,3758.42714064,0.01998551,0.01998550,19504,60,0
10247.39890060,10247.40034084,3222.39782044,3222.35813789,0.06262220,3758.52882109,0.01998550,0.01998550,19503,60,0
10247.92503594,10247.92580378,3236.89113000,3236.86992910,0.06401876,3758.62802319,0.01998550,0.01998550,19502,60,0
10248.45065625,10248.45132063,3251.41653854,3251.39815518,0.04410738,3758.72411275,0.01998550,0.01998550,19501,60,0
10248.97707759,10248.97689137,3265.97531601,3265.98048015,0.05361634,3758.81731645,0.01998550,0.01998550,19500,60,0
10249.50282900,10249.50251604,3280.56884343,3280.57754274,0.04659127,3758.90736083,0.01998551,0.01998550,19499,60,0
10250.02616625,10250.02819462,3295.19736133,3295.14085210,0.04923012,3758.99395424,0.01998550,0.01998550,19498,60,0
10250.55384485,10250.55392713,3309.86060074,3309.85830311,0.04833369,3759.07817469,0.01998550,0.01998550,19497,60,0
10251.08040689,10251.07971358,3324.55833858,3324.57774094,0.06320736,3759.15910023,0.01998551,0.01998551,19496,60,0
10251.60354215,10251.60555398,3339.29040813,3339.23398169,0.04725379,3759.23639422,0.01998550,0.01998551,19495,60,0
10252.13177292,10252.13144834,3354.05706867,3354.06619318,0.04457802,3759.31128118,0.01998551,0.01998551,19494,60,0
10252.65753928,10252.65739665,3368.85980450,3368.86382345,0.04946563,3759.38265149,0.01998550,0.01998551,19493,60,0
10253.18256708,10253.18339894,3383.70008512,3383.67658715,0.05507540,3759.45075275,0.01998550,0.01998551,19492,60,0
10253.70801458,10253.70945521,3398.57743838,3398.53664869,0.04813100,3759.51571293,0.01998550,0.01998551,19491,60,0
10254.23653149,10254.23556546,3413.49050625,3413.51792000,0.04555856,3759.57779910,0.01998551,0.01998551,19490,60,0
10254.76079931,10254.76172972,3428.43890715,3428.41244382,0.05208433,3759.63613898,0.01998550,0.01998551,19489,60,0
10255.28738436,10255.28794797,3443.42333251,3443.40726460,0.05597732,3759.69146187,0.01998550,0.01998551,19488,60,0
10255.81370875,10255.81422024,3458.44458809,3458.42997119,0.04707840,3759.74345815,0.01998550,0.01998551,19487,60,0
10256.34176713,10256.34054653,3473.50361569,3473.53858177,0.04019167,3759.79229093,0.01998551,0.01998551,19486,60,0
10256.86729832,10256.86692686,3488.60116763,3488.61183484,0.04884322,3759.83755227,0.01998551,0.01998551,19485,60,0
10257.39537329,10257.39336121,3503.73674779,3503.79466600,0.06131768,3759.87965321,0.01998551,0.01998551,19484,60,0
10257.92001960,10257.91984962,3518.90940609,3518.91431030,0.05467790,3759.91810008,0.01998551,0.01998551,19483,60,0
10258.44591973,10258.44639208,3534.11816212,3534.10450364,0.04637442,3759.95323184,0.01998550,0.01998551,19482,60,0
10258.97245229,10258.97298860,3549.36205300,3549.34651095,0.05054199,3759.98496430,0.01998550,0.01998551,19481,60,0
10259.50018982,10259.49963920,3564.64250380,3564.65849989,0.04492926,3760.01329451,0.01998551,0.01998551,19480,60,0
10260.02768316,10260.02634387,3579.96455368,3580.00356975,0.04483354,3760.03811980,0.01998551,0.01998551,19479,60,0
10260.55418169,10260.55310263,3595.33114151,3595.36266127,0.03844471,3760.05939446,0.01998551,0.01998551,19478,60,0
10261.07947577,10261.07991549,3610.73786485,3610.72499074,0.06566239,3760.07709904,0.01998550,0.01998551,19477,60,0
10261.60555948,10261.60678245,3626.18028684,3626.14440031,0.05785495,3760.09127609,0.01998550,0.01998551,19476,60,0
10262.13304673,10262.13370352,3641.66246228,3641.64313722,0.05781155,3760.10189985,0.01998550,0.01998551,19475,60,0
10262.66024037,10262.66067872,3657.19112270,3657.17818643,0.06091444,3760.10890182,0.01998550,0.01998551,19474,60,0
10263.18689700,10263.18770805,3672.76534550,3672.74134763,0.05494661,3760.11225722,0.01998550,0.01998551,19473,60,0
10263.71414576,10263.71479151,3688.37895153,3688.35980122,0.05409852,3760.11194413,0.01998550,0.01998551,19472,60,0
10264.24089687,10264.24192912,3704.03061289,3703.99992490,0.04983371,3760.10793768,0.01998550,0.01998551,19471,60,0
10264.76897840,10264.76912088,3719.72505604,3719.72080855,0.05633471,3760.10018812,0.01998551,0.01998551,19470,60,0
10265.29587705,10265.29636681,3735.46478730,3735.45014734,0.06200423,3760.08870111,0.01998551,0.01998551,19469,60,0
10265.82114968,10265.82366691,3751.24692309,3751.17149094,0.05360417,3760.07349026,0.01998550,0.01998551,19468,60,0
10266.34914570,10266.35102118,3767.06890973,3767.01257189,0.04801794,3760.05439392,0.01998550,0.01998551,19467,60,0
10266.87876505,10266.87842965,3782.93176291,3782.94186372,0.06505013,3760.03137748,0.01998551,0.01998551,19466,60,0
10267.40748135,10267.40589231,3798.83715947,3798.88513906,0.04869849,3760.00451332,0.01998551,0.01998551,19465,60,0
10267.93521637,10267.93340917,3814.78600048,3814.84071137,0.04844771,3759.97379670,0.01998551,0.01998551,19464,60,0
10268.46226731,10268.46098025,3830.77886270,3830.81793086,0.05365561,3759.93919929,0.01998551,0.01998551,19463,60,0
10268.98974912,10268.98860555,3846.81585972,3846.85066422,0.06016438,3759.90062186,0.01998551,0.01998551,19462,60,0
10269.51662258,10269.51628508,3862.89696259,3862.90726168,0.05908728,3759.85811382,0.01998551,0.01998551,19461,60,0
10270.04395237,10270.04401885,3879.02418083,3879.02214622,0.06208046,3759.81155627,0.01998551,0.01998551,19460,60,0
10270.57175895,10270.57180686,3895.20112512,3895.19965448,0.05456770,3759.76089479,0.01998551,0.01998551,19459,60,0
10271.09979492,10271.09964913,3911.42759118,3911.43207902,0.05745959,3759.70611276,0.01998551,0.01998551,19458,60,0
10271.62917836,10271.62754566,3927.69883329,3927.74922097,0.05220606,3759.64706064,0.01998551,0.01998551,19457,60,0
10272.15791238,10272.15549646,3944.01435793,3944.08912624,0.06234838,3759.58392536,0.01998551,0.01998551,19456,60,0
10272.68176696,10272.68350155,3960.38103709,3960.32718153,0.04875144,3759.51721955,0.01998550,0.01998551,19455,60,0
10273.21114124,10273.21156092,3976.80131976,3976.78825136,0.05414405,3759.44556634,0.01998551,0.01998551,19454,60,0
10273.74017524,10273.73967458,3993.26646212,3993.28208879,0.05177274,3759.36970186,0.01998551,0.01998551,19453,60,0
10274.26927664,10274.26784255,4009.77136963,4009.81624325,0.05952584,3759.28956658,0.01998551,0.01998551,19452,60,0
10274.79600401,10274.79606484,4026.32570528,4026.32379565,0.03373258,3759.20548204,0.01998551,0.01998551,19451,60,0
10275.32364932,10275.32434144,4042.93792222,4042.91612281,0.06579543,3759.11686168,0.01998551,0.01998551,19450,60,0
10275.85156839,10275.85267238,4059.60236905,4059.56750077,0.04577790,3759.02379178,0.01998550,0.01998551,19449,60,0
10276.37934433,10276.38105765,4076.31208468,4076.25783165,0.04898370,3758.92635053,0.01998550,0.01998551,19448,60,0
nan,nan,0.00000000,-1.00000000,0.00000000,3758.82443121,nan,0.00000000,-2147483648,60,1
nan,nan,0.00000000,-1.00000000,0.00000000,3778.89859262,nan,0.00000000,-2147483648,59,1
10274.26852148,10274.26784255,11.60915286,11.62165461,0.03953899,3779.44872597,0.01998551,0.01998551,19452,59,0
10274.79519666,10274.79606484,21.34051002,21.32450806,0.04273260,3780.00205133,0.01998550,0.01998551,19451,59,0
10275.32497623,10275.32434144,31.08234822,31.09406005,0.03984166,3780.55770852,0.01998551,0.01998551,19450,59,0
10275.85111172,10275.85267238,40.83486523,40.80604277,0.04344285,3781.10862758,0.01998550,0.01998551,19449,59,0
10276.37896415,10276.38105765,50.59780550,50.55910612,0.06227387,3781.66040826,0.01998550,0.01998551,19448,59,0
10276.90816424,10276.90949727,60.37056842,60.34590521,0.05427599,3782.21261812,0.01998550,0.01998551,19447,59,0
10277.43890398,10277.43799125,70.15254122,70.16944184,0.05603807,3782.76541055,0.01998551,0.01998551,19446,59,0
10277.96513482,10277.96653959,79.94339000,79.91735727,0.06218876,3783.31247172,0.01998550,0.01998551,19445,59,0
10278.49330807,10278.49514230,89.74365647,89.70963452,0.07344530,3783.86054232,0.01998550,0.01998551,19444,59,0
10279.13353891,nan,0.00000000,101.58795922,0.17485815,3784.52337706,0.01998572,0.01998551,19443,59,1
10279.55238776,10279.55251087,109.37527842,109.37299032,0.05206631,3784.95661352,0.01998551,0.01998551,19442,59,0
10280.08108325,10280.08127675,119.20755480,119.20395493,0.05606776,3785.50236639,0.01998551,0.01998551,19441,59,0
10280.61010695,10280.61009703,129.05073385,129.05091870,0.05936561,3786.04750859,0.01998551,0.01998551,19440,59,0
10281.13738380,10281.13897172,138.90465245,138.87505213,0.07354552,3786.58989204,0.01998550,0.01998551,19439,59,0
10281.66542504,10281.66790084,148.76912577,148.72293050,0.06143924,3787.13208794,0.01998550,0.01998551,19438,59,0
10282.19718837,10282.19688439,158.64390268,158.64957977,0.05468317,3787.67710243,0.01998551,0.01998551,19437,59,0
10282.72445063,10282.72592238,168.52871760,168.50120649,0.04869169,3788.21649077,0.01998550,0.01998551,19436,59,0
10283.25597834,10283.25501481,178.42333662,178.44136368,0.04753458,3788.75920460,0.01998551,0.01998551,19435,59,0
10283.78410802,10283.78416170,188.32803139,188.32702608,0.06802784,3789.29742725,0.01998551,0.01998551,19434,59,0
10284.31540893,10284.31336305,198.24346948,198.28182198,0.06126319,3789.83788626,0.01998551,0.01998551,19433,59,0
10284.84596007,10284.84261888,208.17033265,208.23303537,0.04543371,3790.37661873,0.01998551,0.01998551,19432,59,0
10285.37120132,10285.37192919,218.10897916,218.09530503,0.05373525,3790.90902475,0.01998550,0.01998551,19431,59,0
10285.90264716,10285.90129398,228.05886614,228.08431276,0.05279446,3791.44673904,0.01998551,0.01998551,19430,59,0
10286.42917596,10286.43071328,238.01929289,237.99035680,0.05203737,3791.97846317,0.01998550,0.01998551,19429,59,0
10286.96186244,10286.96018708,247.98961670,248.02117866,0.06353748,3792.51533839,0.01998551,0.01998551,19428,59,0
10287.49174145,10287.48971539,257.96991392,258.00811792,0.04862225,3793.04831886,0.01998551,0.01998551,19427,59,0
10288.02157606,10288.01929823,267.96072598,268.00371946,0.05118633,3793.58021701,0.01998551,0.01998551,19426,59,0
10288.54693630,10288.54893560,277.96260429,277.92482932,0.05719768,3794.10662318,0.01998550,0.01998551,19425,59,0
10289.08079203,10289.07862751,287.97592611,288.01686572,0.05945791,3794.64053673,0.01998551,0.01998551,19424,59,0
10289.60774210,10289.60837396,298.00069992,297.98873643,0.05770568,3795.16654584,0.01998550,0.01998551,19423,59,0
10290.13809047,10290.13817498,308.03688771,308.03528609,0.04634760,3795.69493906,0.01998551,0.01998551,19422,59,0
10290.66822354,10290.66803055,318.08446019,318.08812167,0.06878981,3796.22210049,0.01998551,0.01998551,19421,59,0
10291.19956123,10291.19794071,328.14345621,328.17423379,0.06514915,3796.74943629,0.01998551,0.01998551,19420,59,0
10291.72875780,10291.72790544,338.21394618,338.23015135,0.05066132,3797.27362729,0.01998551,0.01998551,19419,59,0
10292.25788105,10292.25792476,348.29599794,348.29516592,0.04814864,3797.79672663,0.01998551,0.01998551,19418,59,0
10292.78762975,10292.78799869,358.38953587,358.38250706,0.04659323,3798.31941456,0.01998551,0.01998551,19417,59,0
10293.31849098,10293.31812721,368.49428319,368.50122028,0.04244471,3798.84214726,0.01998551,0.01998551,19416,59,0
10293.84673088,10293.84831036,378.60994635,378.57979625,0.05117336,3799.36123264,0.01998550,0.01998551,19415,59,0
10294.37861514,10294.37854813,388.73632854,388.73760893,0.05517350,3799.88280977,0.01998551,0.01998551,19414,59,0
10294.90442623,10294.90884053,0.00000000,398.78716299,0.05534512,3800.39725809,0.01998550,0.01998551,19413,59,1
10295.43941491,10295.43918757,409.02232138,409.02667404,0.06323272,3800.91982439,0.01998551,0.01998551,19412,59,0
10295.96992646,10295.96958926,419.18263925,419.18910202,0.06786424,3801.43685395,0.01998551,0.01998551,19411,59,0
10296.50129817,10296.50004561,429.35475025,429.37878221,0.05674753,3801.95366679,0.01998551,0.01998551,19410,59,0
10297.03122963,10297.03055663,439.53860271,439.55152873,0.05786444,3802.46801945,0.01998551,0.01998551,19409,59,0
10297.56167214,10297.56112232,449.73413923,449.74471033,0.05954146,3802.98180056,0.01998551,0.01998551,19408,59,0
10298.09164200,10298.09174269,459.94132259,459.93938463,0.06121794,3803.49405019,0.01998551,0.01998551,19407,59,0
10298.62046923,10298.62241775,470.16016210,470.12262132,0.06510116,3804.00412104,0.01998550,0.01998551,19406,59,0
10299.15208900,10299.15314752,480.39067351,480.37025871,0.05128787,3804.51579927,0.01998551,0.01998551,19405,59,0
10299.68507992,10299.68393199,490.63283240,490.65499447,0.04534787,3805.02769758,0.01998551,0.01998551,19404,59,0
10300.21421307,10300.21477118,500.88634136,500.87555591,0.04762274,3805.53478184,0.01998551,0.01998551,19403,59,0
10300.74673175,10300.74566509,511.15078766,511.17142041,0.04749426,3806.04396949,0.01998551,0.01998551,19402,59,0
10301.27671178,10301.27661374,521.42578440,521.42768265,0.04267997,3806.54956935,0.01998551,0.01998551,19401,59,0
10301.80850594,10301.80761713,531.71170440,531.72893025,0.04496350,3807.05575008,0.01998551,0.01998551,19400,59,0
10302.33939692,10302.33867527,542.00974132,542.02374334,0.05007910,3807.55997586,0.01998551,0.01998551,19399,59,0
10302.87091064,10302.86978817,552.32113630,552.34294252,0.04501671,3808.06375198,0.01998551,0.01998551,19398,59,0
10303.40126546,10303.40095584,562.64648422,562.65250650,0.04574836,3808.56541406,0.01998551,0.01998551,19397,59,0
10303.93420609,10303.93217828,572.98460899,573.02409267,0.05790145,3809.06843643,0.01998551,0.01998551,19396,59,0
10304.46282011,10304.46345551,583.33402841,583.32164510,0.04752004,3809.56622329,0.01998551,0.01998551,19395,59,0
10304.99357377,10304.99478753,593.69350568,593.66983036,0.08125128,3810.06480669,0.01998551,0.01998551,19394,59,0
10305.52647904,10305.52617435,604.06366639,604.06961546,0.05665628,3810.56420874,0.01998551,0.01998551,19393,59,0
10306.05794431,10306.05761598,614.44597179,614.45238983,0.05924009,3811.06112646,0.01998551,0.01998551,19392,59,0
10306.58920674,10306.58911243,624.84184371,624.84368949,0.06715880,3811.55678407,0.01998551,0.01998551,19391,59,0
10307.12000831,10307.12066371,635.25141305,635.23857072,0.06834269,3812.05094288,0.01998551,0.01998551,19390,59,0
10307.65404102,10307.65226982,645.67346784,645.70820956,0.04426785,3812.54696763,0.01998551,0.01998551,19389,59,0
10308.18460649,10308.18393078,656.10672856,656.11999456,0.05508451,3813.03857147,0.01998551,0.01998551,19388,59,0
10308.71658743,10308.71564659,666.55066204,666.56915107,0.04716874,3813.53025559,0.01998551,0.01998551,19387,59,0
10309.24787685,10309.24741726,677.00648919,677.01553096,0.03413646,3814.02012247,0.01998551,0.01998551,19386,59,0
10309.77902043,10309.77924280,687.47568908,687.47130891,0.03730296,3814.50874148,0.01998551,0.01998551,19385,59,0
10310.31336245,10310.31112321,697.95940287,698.00356746,0.05497639,3814.99922669,0.01998551,0.01998551,19384,59,0
10310.84165129,10310.84305851,708.45686884,708.42908246,0.05056445,3815.48305277,0.01998550,0.01998551,19383,59,0
10311.37356423,10311.37504871,718.96666782,718.93732668,0.05187464,3815.96901864,0.01998550,0.01998551,19382,59,0
10311.90600737,10311.90709381,729.48747458,729.46598120,0.04774909,3816.45421725,0.01998551,0.01998551,19381,59,0
10312.43590370,10312.43919382,740.01941149,739.95425635,0.05326369,3816.93585211,0.01998550,0.01998551,19380,59,0
10312.97140102,10312.97134875,750.56366991,750.56470614,0.04701230,3817.42136795,0.01998551,0.01998551,19379,59,0
10313.50171189,10313.50355861,761.12146086,761.08480354,0.04841129,3817.90103218,0.01998550,0.01998551,19378,59,0
10314.03740355,10314.03582341,771.69330947,771.72471307,0.03835525,3818.38442006,0.01998551,0.01998551,19377,59,0
10314.56933751,10314.56814316,782.27872752,782.30249149,0.04917478,3818.86325153,0.01998551,0.01998551,19376,59,0
10315.10059484,10315.10051785,792.87714251,792.87867607,0.06114011,3819.34028267,0.01998551,0.01998551,19375,59,0
10315.63343921,10315.63294751,803.48817394,803.49797864,0.04799055,3819.81752002,0.01998551,0.01998551,19374,59,0
10316.16641823,10316.16543214,814.11201513,814.13170002,0.05433985,3820.29365973,0.01998551,0.01998551,19373,59,0
10316.69685574,10316.69797175,824.74896615,824.72666202,0.06676125,3820.76632669,0.01998550,0.01998551,19372,59,0
10317.23159375,10317.23056635,835.39929206,835.41984893,0.06133541,3821.24161749,0.01998551,0.01998551,19371,59,0
10317.76410335,10317.76321595,846.06303660,846.08081282,0.05158781,3821.71371774,0.01998551,0.01998551,19370,59,0
10318.29632195,10318.29592055,856.74016078,856.74821078,0.05255491,3822.18434572,0.01998551,0.01998551,19369,59,0
10318.82740431,10318.82868016,867.43065760,867.40504110,0.04833478,3822.65275241,0.01998550,0.01998551,19368,59,0
10319.36296053,10319.36149480,878.13493486,878.16439967,0.04320603,3823.12388604,0.01998551,0.01998551,19367,59,0
10319.89721845,10319.89436447,888.85369027,888.91113584,0.06275391,3823.59268209,0.01998551,0.01998551,19366,59,0
10320.42539971,10320.42728917,899.58760369,899.54952193,0.05072187,3824.05499478,0.01998550,0.01998551,19365,59,0
10320.95850295,10320.96026893,910.33641277,910.30077646,0.05038619,3824.52043653,0.01998550,0.01998551,19364,59,0
10321.49359586,10321.49330374,921.09871099,921.10461223,0.06260003,3824.98635631,0.01998551,0.01998551,19363,59,0
10322.02947024,10322.02639361,931.87301936,931.93523037,0.03993892,3825.45162175,0.01998551,0.01998551,19362,59,0
10322.56157841,10322.55953856,942.65877462,942.70006318,0.06621910,3825.91226609,0.01998551,0.01998551,19361,59,0
10323.09206721,10323.09273859,953.45731617,953.44371114,0.05359722,3826.37021962,0.01998551,0.01998551,19360,59,0
10323.62544335,10323.62599371,964.27022817,964.25906101,0.06633286,3826.82942912,0.01998551,0.01998551,19359,59,0
10324.15634478,10324.15930393,975.09857308,975.03845204,0.06251027,3827.28531456,0.01998550,0.01998551,19358,59,0
10324.69259163,10324.69266925,985.94154320,985.93996427,0.05511613,3827.74453992,0.01998551,0.01998551,19357,59,0
10325.22990800,10325.22608970,0.00000000,996.86619329,0.04706863,3828.20296515,0.01998552,0.01998551,19356,59,1
10325.76023807,10325.75956526,1007.66668185,1007.68039655,0.04840967,3828.65487506,0.01998551,0.01998551,19355,59,0
10326.29397658,10326.29309596,1018.54827385,1018.56624449,0.05399174,3829.10795521,0.01998551,0.01998551,19354,59,0
10326.82563068,10326.82668181,1029.44363511,1029.42215901,0.06650937,3829.55796737,0.01998551,0.01998551,19353,59,0
10327.36097557,10327.36032280,1040.35363176,1040.36698571,0.06545978,3830.00982324,0.01998551,0.01998551,19352,59,0
10327.89583244,10327.89401895,1051.27824154,1051.31538561,0.06332732,3830.45997629,0.01998551,0.01998551,19351,59,0
10328.43101733,10328.42777026,0.00000000,1062.27677514,0.04105320,3830.90880952,0.01998551,0.01998551,19350,59,1
10328.96396326,10328.96157676,1073.16916049,1073.21815243,0.05010838,3831.35497345,0.01998551,0.01998551,19349,59,0
10329.49466925,10329.49543843,1084.13482876,1084.11902047,0.06366876,3831.79764764,0.01998551,0.01998551,19348,59,0
10330.02842990,10330.02935530,1095.11416686,1095.09512615,0.05904699,3832.24152372,0.01998551,0.01998551,19347,59,0
10330.56257276,10330.56332738,1106.10743274,1106.09188769,0.05393215,3832.68437011,0.01998551,0.01998551,19346,59,0
10331.09743114,10331.09735466,1117.11518712,1117.11676457,0.04945236,3833.12647484,0.01998551,0.01998551,19345,59,0
10331.63205835,10331.63143716,1128.13835974,1128.15118949,0.06270701,3833.56708380,0.01998551,0.01998551,19344,59,0
10332.16506358,10332.16557488,1139.17789788,1139.16732281,0.06011967,3834.00508761,0.01998551,0.01998551,19343,59,0
10332.69982863,10332.69976785,1150.23388753,1150.23514642,0.05332572,3834.44326031,0.01998551,0.01998551,19342,59,0
10333.23340594,10333.23401605,1161.30496032,1161.29230978,0.04953378,3834.87912300,0.01998551,0.01998551,19341,59,0
10333.76943096,10333.76831951,1172.38960214,1172.41267222,0.04941763,3835.31557372,0.01998551,0.01998551,19340,59,0
10334.30201035,10334.30267823,1183.48717603,1183.47329760,0.05232061,3835.74778666,0.01998551,0.01998551,19339,59,0
10334.88782157,nan,0.00000000,1195.66658471,0.12492447,3836.22207230,0.01998561,0.01998551,19338,59,1
10335.37082894,10335.37156149,1205.72687414,1205.71161141,0.04610611,3836.61107274,0.01998551,0.01998551,19337,59,0
10335.90711042,10335.90608605,1216.87171122,1216.89308433,0.04576516,3837.04225144,0.01998551,0.01998551,19336,59,0
10336.44004284,10336.44066590,1228.03282309,1228.01980628,0.05608028,3837.46940360,0.01998551,0.01998551,19335,59,0
10336.97492740,10336.97530105,1239.20913234,1239.20131663,0.05132734,3837.89673446,0.01998551,0.01998551,19334,59,0
10337.50907801,10337.50999152,1250.39985309,1250.38072243,0.07038040,3838.32205616,0.01998551,0.01998551,19333,59,0
10338.04680066,10338.04473731,1261.60533676,1261.64860090,0.05244130,3838.74879236,0.01998551,0.01998551,19332,59,0
10338.58071313,10338.57953843,1272.82620977,1272.85087273,0.05048598,3839.17110191,0.01998551,0.01998551,19331,59,0
10339.11485465,10339.11439489,1284.06298660,1284.07265222,0.06229835,3839.59220553,0.01998551,0.01998551,19330,59,0
10339.64833943,10339.64930669,1295.31563583,1295.29527501,0.06223091,3840.01139762,0.01998551,0.01998551,19329,59,0
10340.18647033,10340.18427385,1306.58396415,1306.63025955,0.07075717,3840.43281422,0.01998551,0.01998551,19328,59,0
10340.72040882,10340.71929637,1317.86776931,1317.89124594,0.04946150,3840.84951682,0.01998551,0.01998551,19327,59,0
10341.25337167,10341.25437427,1329.16680685,1329.14562228,0.05869361,3841.26402016,0.01998551,0.01998551,19326,59,0
10341.78917551,10341.78950755,1340.48081610,1340.47379181,0.05609068,3841.67926805,0.01998551,0.01998551,19325,59,0
10342.32481799,10342.32469622,1351.80965656,1351.81223593,0.05214822,3842.09291021,0.01998551,0.01998551,19324,59,0
10342.86137591,10342.85994028,1363.15397252,1363.18442022,0.05363107,3842.50579120,0.01998551,0.01998551,19323,59,0
10343.39457107,10343.39523976,1374.51472425,1374.50052278,0.06107961,3842.91465585,0.01998551,0.01998551,19322,59,0
10343.93095376,10343.93059465,1385.89272299,1385.90036067,0.05075891,3843.32454872,0.01998551,0.01998551,19321,59,0
10344.46772249,10344.46600496,1397.28766822,1397.32424641,0.04835422,3843.73329538,0.01998551,0.01998551,19320,59,0
10345.00123361,10345.00147070,1408.69877340,1408.69371748,0.04688561,3844.13809649,0.01998551,0.01998551,19319,59,0
10345.53610197,10345.53699189,1420.12531881,1420.10631874,0.07404754,3844.54242812,0.01998551,0.01998551,19318,59,0
10346.07252100,10346.07256853,1431.56714694,1431.56613097,0.04806731,3844.94641105,0.01998551,0.01998551,19317,59,0
10346.60909206,10346.60820063,1443.02435766,1443.04343746,0.04915244,3845.34898062,0.01998551,0.01998551,19316,59,0
10347.14351265,10347.14388819,1454.49717351,1454.48912537,0.05837885,3845.74841801,0.01998551,0.01998551,19315,59,0
10347.67748151,10347.67963123,1465.98674319,1465.94060690,0.06082051,3846.14603576,0.01998550,0.01998551,19314,59,0
10348.21503516,10348.21542975,1477.49465289,1477.48617110,0.04764456,3846.54487298,0.01998551,0.01998551,19313,59,0
10348.78434719,nan,0.00000000,1489.74789089,0.11141438,3846.96619873,0.01998557,0.01998551,19312,59,1
10349.28698730,10349.28719329,1500.56795057,1500.56350976,0.05266254,3847.33591053,0.01998551,0.01998551,19311,59,0
10349.82408709,10349.82315832,1512.12952858,1512.14957485,0.05575413,3847.72995753,0.01998551,0.01998551,19310,59,0
10350.35868120,10350.35917887,1523.70480583,1523.69405291,0.05508226,3848.12053146,0.01998551,0.01998551,19309,59,0
10350.89458031,10350.89525494,1535.29473598,1535.28014094,0.06605346,3848.51044712,0.01998551,0.01998551,19308,59,0
10351.43401454,10351.43138656,1546.90159259,1546.95852891,0.04903982,3848.90137454,0.01998551,0.01998551,19307,59,0
10351.96706022,10351.96757371,1558.52731247,1558.51617024,0.06430281,3849.28618982,0.01998551,0.01998551,19306,59,0
10352.50429530,10352.50381642,1570.17156007,1570.18196594,0.06243478,3849.67251775,0.01998551,0.01998551,19305,59,0
10353.04081272,10353.04011470,1581.83310339,1581.84829148,0.03863356,3850.05676505,0.01998551,0.01998551,19304,59,0
10353.57587125,10353.57646854,1593.51095446,1593.49794144,0.04952375,3850.43836946,0.01998551,0.01998551,19303,59,0
10354.11075842,10354.11287796,1605.20552965,1605.15928857,0.07030071,3850.81826179,0.01998550,0.01998551,19302,59,0
10354.64949437,10354.64934297,1616.91773188,1616.92103968,0.03390776,3851.19930163,0.01998551,0.01998551,19301,59,0
10355.18649865,10355.18586358,1628.64826237,1628.66215777,0.05235229,3851.57754624,0.01998551,0.01998551,19300,59,0
10355.72008086,10355.72243979,1640.39686253,1640.34517653,0.05423619,3851.95181007,0.01998550,0.01998551,19299,59,0
10356.25857102,10356.25907162,1652.16299382,1652.15201042,0.05006588,3852.32790294,0.01998551,0.01998551,19298,59,0
10356.79484729,10356.79575906,1663.94635145,1663.92631906,0.05537100,3852.70082009,0.01998551,0.01998551,19297,59,0
10357.33192402,10357.33250214,1675.74751358,1675.73479332,0.05884997,3853.07267339,0.01998551,0.01998551,19296,59,0
10357.86789014,10357.86930086,1687.56726843,1687.53618232,0.05876486,3853.44215652,0.01998550,0.01998551,19295,59,0
10358.40710203,10358.40615523,1699.40604463,1699.42693896,0.07278979,3853.81226684,0.01998551,0.01998551,19294,59,0
10358.94573595,10358.94306526,1711.26321565,1711.32223702,0.05954987,3854.18033839,0.01998551,0.01998551,19293,59,0
10359.47979976,10359.48003095,1723.13796149,1723.13284555,0.04652114,3854.54363220,0.01998551,0.01998551,19292,59,0
10360.01556448,10360.01705231,1735.02992789,1734.99695818,0.06113646,3854.90640772,0.01998551,0.01998551,19291,59,0
10360.55645141,10360.55412936,1746.93979255,1746.99132218,0.04552808,3855.27096128,0.01998551,0.01998551,19290,59,0
10361.09062640,10361.09126210,1758.86837066,1758.85424266,0.05383628,3855.62933940,0.01998551,0.01998551,19289,59,0
10361.63062329,10361.62845054,1770.81610982,1770.86447083,0.06120454,3855.98995883,0.01998551,0.01998551,19288,59,0
10362.16410713,10362.16569469,1782.78285508,1782.74746739,0.05377567,3856.34457081,0.01998551,0.01998551,19287,59,0
10362.70224066,10362.70299455,1794.76839530,1794.75156597,0.06571866,3856.70058788,0.01998551,0.01998551,19286,59,0
10363.24148953,10363.24035014,1806.77253541,1806.79800682,0.04645328,3857.05562901,0.01998551,0.01998551,19285,59,0
10363.77820130,10363.77776147,1818.79509972,1818.80494612,0.06600412,3857.40728137,0.01998551,0.01998551,19284,59,0
10364.31567669,10364.31522854,1830.83593414,1830.84598107,0.05977278,3857.75770199,0.01998551,0.01998551,19283,59,0
10364.85362876,10364.85275137,1842.89524803,1842.91494676,0.06130455,3858.10669430,0.01998551,0.01998551,19282,59,0
10365.39051782,10365.39032995,1854.97355140,1854.97777571,0.05305141,3858.45326721,0.01998551,0.01998551,19281,59,0
10365.92941060,10365.92796430,1867.07137019,1867.10393973,0.04059272,3858.79940080,0.01998551,0.01998551,19280,59,0
10366.46553388,10366.46565444,1879.18925829,1879.18653915,0.06139863,3859.14203825,0.01998551,0.01998551,19279,59,0
10367.00460523,10367.00340035,1891.32778747,1891.35500736,0.03380932,3859.48483826,0.01998551,0.01998551,19278,59,0
10367.54165991,10367.54120207,1903.48728836,1903.49764819,0.05816816,3859.82463748,0.01998551,0.01998551,19277,59,0
10368.07908968,10368.07905959,1915.66670905,1915.66739086,0.05777891,3860.16291681,0.01998551,0.01998551,19276,59,0
10368.61682859,10368.61697292,1927.86450386,1927.86122875,0.05859762,3860.49957838,0.01998551,0.01998551,19275,59,0
10369.15478865,10369.15494207,1940.07983841,1940.07635237,0.06614305,3860.83453193,0.01998551,0.01998551,19274,59,0
10369.69516177,10369.69296706,1952.31428418,1952.36423036,0.04628940,3861.16916231,0.01998551,0.01998551,19273,59,0
10370.23170678,10370.23104788,1964.56991763,1964.58493814,0.06496349,3861.49965753,0.01998551,0.01998551,19272,59,0
10370.77198027,10370.76918455,0.00000000,1976.91744564,0.05492272,3861.83084507,0.01998551,0.01998551,19271,59,1
10371.30780501,10371.30737708,1989.14548148,1989.15526696,0.05137703,3862.15717502,0.01998551,0.01998551,19270,59,0
10371.84384827,10371.84562547,2001.46177578,2001.42108289,0.06749424,3862.48193777,0.01998551,0.01998551,19269,59,0
10372.38262682,10372.38392973,2013.79584811,2013.76597388,0.06382893,3862.80645549,0.01998551,0.01998551,19268,59,0
10372.92181704,10372.92228988,2026.14868846,2026.13783084,0.02951584,3863.12932827,0.01998551,0.01998551,19267,59,0
10373.45884794,10373.46070592,2038.52138755,2038.47865821,0.06364811,3863.44904383,0.01998550,0.01998551,19266,59,0
10373.99813125,10373.99917786,2050.91511042,2050.89100125,0.05317323,3863.76824737,0.01998551,0.01998551,19265,59,0
10374.53567245,10374.53770571,2063.33107499,2063.28415658,0.06618991,3864.08459142,0.01998550,0.01998551,19264,59,0
10375.07767531,10375.07628947,2075.77025685,2075.80229239,0.04649804,3864.40172570,0.01998551,0.01998551,19263,59,0
10375.61444837,10375.61492916,2088.23221812,2088.22108516,0.04832922,3864.71395994,0.01998551,0.01998551,19262,59,0
10376.15133397,10376.15362479,2100.71602316,2100.66289315,0.05213074,3865.02439252,0.01998550,0.01998551,19261,59,0
10376.69367655,10376.69237636,2113.22092496,2113.25112743,0.04376604,3865.33605393,0.01998551,0.01998551,19260,59,0
10377.23394242,10377.23118388,2125.74671196,2125.81089056,0.06307668,3865.64458001,0.01998551,0.01998551,19259,59,0
10377.77148929,10377.77004736,2138.29327193,2138.32687106,0.05206405,3865.94961567,0.01998551,0.01998551,19258,59,0
10378.31019155,10378.30896681,2150.86091871,2150.88950304,0.05748981,3866.25336424,0.01998551,0.01998551,19257,59,0
10378.84798862,10378.84794224,2163.45055332,2163.45163753,0.04845021,3866.55467244,0.01998551,0.01998551,19256,59,0
10379.38495860,10379.38697365,2176.06306107,2176.01587129,0.05797405,3866.85360220,0.01998550,0.01998551,19255,59,0
10379.92850014,10379.92606107,2188.69849663,2188.75571333,0.05851839,3867.15423000,0.01998551,0.01998551,19254,59,0
10380.46284921,10380.46520448,2201.35634192,2201.30100049,0.03784245,3867.44782656,0.01998550,0.01998551,19253,59,0
10381.00434308,10381.00440391,2214.03605071,2214.03461907,0.06904151,3867.74335448,0.01998551,0.01998551,19252,59,0
10381.54286645,10381.54365936,2226.73701299,2226.71832331,0.05365709,3868.03524412,0.01998551,0.01998551,19251,59,0
10382.08192076,10382.08297084,2239.45859734,2239.43380893,0.04905429,3868.32538096,0.01998551,0.01998551,19250,59,0
10382.62412874,10382.62233836,2252.20077002,2252.24309979,0.05922804,3868.61514345,0.01998551,0.01998551,19249,59,0
10383.15915597,10383.16176193,2264.96479501,2264.90308031,0.04885012,3868.89904842,0.01998550,0.01998551,19248,59,0
10383.70054429,10383.70124155,2277.75207799,2277.73553612,0.04981931,3869.18430532,0.01998551,0.01998551,19247,59,0
10384.24111469,10384.24077724,2290.56320042,2290.57121989,0.06651677,3869.46710023,0.01998551,0.01998551,19246,59,0
10384.78108408,10384.78036901,2303.39794707,2303.41497039,0.05601696,3869.74753651,0.01998551,0.01998551,19245,59,0
10385.32110421,10385.32001686,2316.25601400,2316.28194384,0.06161194,3870.02593593,0.01998551,0.01998551,19244,59,0
10385.85843205,10385.85972079,2329.13673452,2329.10595222,0.05136581,3870.30087238,0.01998551,0.01998551,19243,59,0
10386.40001616,10386.39948083,2342.03929000,2342.05209656,0.05195356,3870.57586208,0.01998551,0.01998551,19242,59,0
10386.94006153,10386.93929698,2354.96361511,2354.98193524,0.05285785,3870.84793301,0.01998551,0.01998551,19241,59,0
10387.47946836,10387.47916925,2367.91153686,2367.91871721,0.04854938,3871.11757729,0.01998551,0.01998551,19240,59,0
10388.01966460,10388.01909764,2380.88510992,2380.89874612,0.05955123,3871.38553675,0.01998551,0.01998551,19239,59,0
10388.56065340,10388.55908217,2393.88459159,2393.92245156,0.06360506,3871.65179434,0.01998551,0.01998551,19238,59,0
10389.09772711,10389.09912284,2406.90844143,2406.87475333,0.03921374,3871.91400578,0.01998551,0.01998551,19237,59,0
10389.63963943,10389.63921966,2419.95525667,2419.96540502,0.06472475,3872.17639743,0.01998551,0.01998551,19236,59,0
10390.17943528,10390.17937265,2433.02503990,2433.02655668,0.06542155,3872.43557228,0.01998551,0.01998551,19235,59,0
10390.72105538,10390.71958180,2446.11833436,2446.15408094,0.05921345,3872.69342173,0.01998551,0.01998551,19234,59,0
10391.25969562,10391.25984714,2459.23600045,2459.23231829,0.04818767,3872.94766899,0.01998551,0.01998551,19233,59,0
10391.80303278,10391.80016866,2472.37955112,2472.44929028,0.04487206,3873.20194231,0.01998551,0.01998551,19232,59,0
10392.34138008,10392.34054638,2485.55043398,2485.57077428,0.05670573,3873.45172266,0.01998551,0.01998551,19231,59,0
10392.88200551,10392.88098030,2498.74775677,2498.77281427,0.03702988,3873.70036586,0.01998551,0.01998551,19230,59,0
10393.42198407,10393.42147044,2511.96883534,2511.98140909,0.07041551,3873.94645188,0.01998551,0.01998551,19229,59,0
10393.96279190,10393.96201680,2525.21174155,2525.23074586,0.05516970,3874.19060337,0.01998551,0.01998551,19228,59,0
10394.49970182,10394.50261940,2538.47784638,2538.40618797,0.06065154,3874.43071808,0.01998550,0.01998551,19227,59,0
10395.04478427,10395.04327823,2551.76933238,2551.80639179,0.04719524,3874.67219283,0.01998551,0.01998551,19226,59,0
10395.58298271,10395.58399331,2565.08714313,2565.06222915,0.05028447,3874.90835138,0.01998551,0.01998551,19225,59,0
10396.12492796,10396.12476465,2578.43061709,2578.43465027,0.03210409,3875.14385136,0.01998551,0.01998551,19224,59,0
10396.66403534,10396.66559226,2591.79911245,2591.76059354,0.06423542,3875.37579971,0.01998551,0.01998551,19223,59,0
10397.20590552,10397.20647614,2605.19288665,2605.17874371,0.05549630,3875.60659641,0.01998551,0.01998551,19222,59,0
10397.74615546,10397.74741631,2618.61257890,2618.58127070,0.05540571,3875.83436327,0.01998551,0.01998551,19221,59,0
10398.28961821,10398.28841277,2632.05886146,2632.08885098,0.05146857,3876.06112354,0.01998551,0.01998551,19220,59,0
10398.83215858,10398.82946553,0.00000000,2645.61831646,0.06714424,3876.28544174,0.01998552,0.01998551,19219,59,1
10399.37303866,10399.37057460,0.00000000,2659.11454130,0.06921025,3876.50640756,0.01998552,0.01998551,19218,59,1
10399.91235479,10399.91173999,2672.56345333,2672.57883828,0.05655248,3876.72406291,0.01998551,0.01998551,19217,59,0
10400.45379633,10400.45296171,2686.12008080,2686.14100611,0.04939188,3876.94048566,0.01998551,0.01998551,19216,59,0
10400.99534249,10400.99423977,2699.70365356,2699.73135328,0.05274718,3877.15452452,0.01998551,0.01998551,19215,59,0
10401.53546001,10401.53557417,2713.31482039,2713.31194708,0.05758973,3877.36557645,0.01998551,0.01998551,19214,59,0
10402.07819672,10402.07696493,2726.95428934,2726.98535293,0.04597237,3877.57520950,0.01998551,0.01998551,19213,59,0
10402.61846538,10402.61841204,2740.62157155,2740.62291898,0.04740996,3877.78143351,0.01998551,0.01998551,19212,59,0
10403.15794666,10403.15991554,2754.31531261,2754.26547931,0.05573938,3877.98487582,0.01998551,0.01998551,19211,59,0
10403.70086903,10403.70147541,2768.03488791,2768.01951199,0.03889826,3878.18708773,0.01998551,0.01998551,19210,59,0
10404.24113400,10404.24309167,2781.78186138,2781.73212377,0.05146040,3878.38579944,0.01998551,0.01998551,19209,59,0
10404.78388344,10404.78476433,2795.55811470,2795.53568799,0.06560401,3878.58291367,0.01998551,0.01998551,19208,59,0
10405.32634988,10405.32649340,2809.36420683,2809.36054554,0.06030726,3878.77740023,0.01998551,0.01998551,19207,59,0
10405.86602778,10405.86827888,2823.19968767,2823.14214447,0.05048746,3878.96835816,0.01998551,0.01998551,19206,59,0
10406.41131511,10406.41012079,2837.06417184,2837.09476217,0.04929733,3879.15871588,0.01998551,0.01998551,19205,59,0
10406.95300417,10406.95201913,2850.95753973,2850.98281945,0.07282994,3879.34522552,0.01998551,0.01998551,19204,59,0
10407.49457449,10407.49397392,2864.87969315,2864.89513629,0.06591295,3879.52909296,0.01998551,0.01998551,19203,59,0
10408.03518800,10408.03598515,2878.83021715,2878.80968025,0.05960982,3879.71001870,0.01998551,0.01998551,19202,59,0
10408.57831879,10408.57805285,2892.80847364,2892.81533793,0.05932185,3879.88912871,0.01998551,0.01998551,19201,59,0
10409.11838941,10409.12017701,2906.81451388,2906.76828531,0.06440099,3880.06457154,0.01998551,0.01998551,19200,59,0
10409.66305792,10409.66235766,2920.85008665,2920.86823364,0.05402842,3880.23882809,0.01998551,0.01998551,19199,59,0
10410.20575827,10410.20459478,2934.91699809,2934.94721389,0.04548194,3880.40978190,0.01998551,0.01998551,19198,59,0
10410.74796811,10410.74688841,2949.01498951,2949.04308718,0.06765114,3880.57789421,0.01998551,0.01998551,19197,59,0
10411.28883276,10411.28923854,2963.14263889,2963.13205852,0.05905461,3880.74287816,0.01998551,0.01998551,19196,59,0
10411.83370082,10411.83164518,2977.29957202,2977.35327945,0.05809100,3880.90632265,0.01998551,0.01998551,19195,59,0
10412.37451632,10412.37410834,2991.48735006,2991.49803191,0.05418519,3881.06581088,0.01998551,0.01998551,19194,59,0
10412.91529138,10412.91662803,3005.70751091,3005.67243728,0.05159467,3881.22255489,0.01998551,0.01998551,19193,59,0
10413.45860987,10413.45920427,3019.96006681,3019.94443634,0.05030925,3881.37726458,0.01998551,0.01998551,19192,59,0
10413.99809254,10414.00183705,0.00000000,3034.15289981,0.05099629,3881.52818235,0.01998550,0.01998551,19191,59,1
10414.54421283,10414.54452639,3048.56076869,3048.55248801,0.06032816,3881.67797136,0.01998551,0.01998551,19190,59,0
10415.08777018,10415.08727229,3062.90992523,3062.92310298,0.06832142,3881.82428881,0.01998551,0.01998551,19189,59,0
10415.63285349,10415.63007477,0.00000000,3077.36518334,0.06360285,3881.96814346,0.01998552,0.01998551,19188,59,1
10416.17384725,10416.17293383,3091.70574308,3091.73001873,0.06147927,3882.10805614,0.01998551,0.01998551,19187,59,0
10416.71500362,10416.71584949,3106.14816230,3106.12563942,0.06291429,3882.24509464,0.01998551,0.01998551,19186,59,0
10417.25715735,10417.25882175,3120.62069347,3120.57628297,0.06591172,3882.37946145,0.01998551,0.01998551,19185,59,0
10417.81174594,10417.80185061,0.00000000,3135.39425011,0.15832916,3882.51391929,0.01998553,0.01998551,19184,59,1
10418.34471122,10418.34493610,3149.66862639,3149.66259826,0.05604747,3882.64020887,0.01998551,0.01998551,19183,59,0
10418.88818629,10418.88807821,3164.24436478,3164.24726814,0.04598573,3882.76607294,0.01998551,0.01998551,19182,59,0
10419.43152975,10419.43127696,3178.85264877,3178.85945426,0.05987214,3882.88890482,0.01998551,0.01998551,19181,59,0
10419.97556595,10419.97453236,3193.49420170,3193.52208977,0.04541730,3883.00887127,0.01998551,0.01998551,19180,59,0
10420.51723612,10420.51784441,3208.17041472,3208.15396445,0.07198859,3883.12530143,0.01998551,0.01998551,19179,59,0
10421.06265615,10421.06121312,3222.88134234,3222.92045333,0.08388422,3883.23947639,0.01998551,0.01998551,19178,59,0
10421.60094329,10421.60463851,0.00000000,3237.52672458,0.07435962,3883.34912532,0.01998550,0.01998551,19177,59,1
10422.14899900,10422.14812058,3252.40363181,3252.42754335,0.05725487,3883.45761680,0.01998551,0.01998551,19176,59,0
10422.69092291,10422.69165933,3267.21601711,3267.19592513,0.06894431,3883.56178721,0.01998551,0.01998551,19175,59,0
10423.23085899,10423.23525479,0.00000000,3281.94946299,0.06239069,3883.66251634,0.01998550,0.01998551,19174,59,1
10423.77765896,10423.77890695,3296.94898142,3296.91477349,0.06688623,3883.76128450,0.01998551,0.01998551,19173,59,0
10424.32034271,10424.32261583,3311.86942504,3311.80697504,0.06967717,3883.85616439,0.01998551,0.01998551,19172,59,0
10424.86836574,10424.86638143,3326.82552449,3326.88016434,0.07934842,3883.94873797,0.01998552,0.01998551,19171,59,0
10425.41028891,10425.41020377,3341.81711205,3341.81946170,0.06536143,3884.03705539,0.01998551,0.01998551,19170,59,0
10425.95291668,10425.95408285,3356.84467404,3356.81241443,0.07376571,3884.12225329,0.01998551,0.01998551,19169,59,0
10426.49727775,10426.49801869,3371.90988184,3371.88933509,0.05275832,3884.20445670,0.01998551,0.01998551,19168,59,0
10427.04096626,10427.04201128,3387.01401757,3386.98496698,0.05261346,3884.28327454,0.01998551,0.01998551,19167,59,0
10427.58609304,10427.58606064,3402.15618016,3402.15708303,0.05158358,3884.35897565,0.01998551,0.01998551,19166,59,0
10428.12692412,10428.13016678,0.00000000,3417.24468715,0.07100241,3884.43075975,0.01998551,0.01998551,19165,59,1
10428.67698755,10428.67432971,0.00000000,3432.62418620,0.05561882,3884.50034550,0.01998552,0.01998551,19164,59,1
10429.21777629,10429.21854944,3447.80359073,3447.78189542,0.05246459,3884.56538445,0.01998551,0.01998551,19163,59,0
10429.76237015,10429.76282597,3463.09497448,3463.08215268,0.06600432,3884.62746796,0.01998551,0.01998551,19162,59,0
10430.30873737,10430.30715932,3478.42573058,3478.47023119,0.03967210,3884.68629336,0.01998552,0.01998551,19161,59,0
10430.85448362,10430.85154948,0.00000000,3493.87366107,0.06980677,3884.74154748,0.01998552,0.01998551,19160,59,1
10431.39438572,10431.39599648,3509.20587250,3509.16022861,0.07446586,3884.79279208,0.01998551,0.01998551,19159,59,0
10431.94232125,10431.94050032,3524.65342582,3524.70514537,0.03587202,3884.84123517,0.01998552,0.01998551,19158,59,0
10432.48469361,10432.48506101,3540.13791917,3540.12746031,0.03301894,3884.88564180,0.01998551,0.01998551,19157,59,0
10433.02801854,10433.02967856,3555.65874783,3555.61138451,0.06228669,3884.92656430,0.01998551,0.01998551,19156,59,0
10433.57270670,10433.57435298,3571.21936879,3571.17227369,0.06067899,3884.96399426,0.01998551,0.01998551,19155,59,0
10434.11808534,10434.11908427,3586.82510724,3586.79644825,0.07960588,3884.99784895,0.01998551,0.01998551,19154,59,0
10434.66207107,10434.66387245,3602.47546587,3602.42365256,0.05964579,3885.02797434,0.01998551,0.01998551,19153,59,0
10435.20855255,10435.20871752,3618.16462700,3618.15987133,0.07524676,3885.05453473,0.01998551,0.01998551,19152,59,0
10435.75508044,10435.75361949,3633.89166331,3633.93388390,0.07160427,3885.07735727,0.01998551,0.01998551,19151,59,0
10436.29843421,10436.29857838,3649.66356903,3649.65939010,0.09357065,3885.09632122,0.01998551,0.01998551,19150,59,0
10436.84337416,10436.84359419,3665.48443634,3665.47804044,0.05403625,3885.11158153,0.01998551,0.01998551,19149,59,0
10437.38849332,10437.38866692,3681.34899868,3681.34394000,0.06318176,3885.12304332,0.01998551,0.01998551,19148,59,0
10437.93348967,10437.93379660,3697.25234164,3697.24337658,0.06032634,3885.13066756,0.01998551,0.01998551,19147,59,0
10438.48071956,10438.47898322,3713.19765400,3713.24850751,0.04440823,3885.13443829,0.01998552,0.01998551,19146,59,0
10439.02407933,10439.02422680,3729.18950737,3729.18517614,0.09195423,3885.13430116,0.01998551,0.01998551,19145,59,0
10439.56777821,10439.56952734,3745.22666950,3745.17516218,0.08271147,3885.13026095,0.01998551,0.01998551,19144,59,0
10440.11448427,10440.11488486,3761.30567942,3761.29385421,0.04319709,3885.12223206,0.01998551,0.01998551,19143,59,0
10440.66316656,10440.66029937,0.00000000,3777.49449504,0.06886843,3885.11016029,0.01998552,0.01998551,19142,59,1
10441.20517657,10441.20577086,3793.59038645,3793.57275234,0.07283045,3885.09421317,0.01998551,0.01998551,19141,59,0
10441.75155524,10441.75129936,3809.79916152,3809.80677461,0.05487112,3885.07410274,0.01998551,0.01998551,19140,59,0
10442.29343395,10442.29688486,0.00000000,3825.94033547,0.07661181,3885.05012625,0.01998551,0.01998551,19139,59,1
10442.84259759,10442.84252738,3842.35309809,3842.35519807,0.11510253,3885.02164924,0.01998551,0.01998551,19138,59,0
10443.39136922,10443.38822694,0.00000000,3858.79014328,0.07663042,3884.98901241,0.01998552,0.01998551,19137,59,1
10443.93325252,10443.93398353,3875.09064852,3875.06866042,0.04713019,3884.95261777,0.01998551,0.01998551,19136,59,0
10444.48059800,10444.47979716,3891.53343074,3891.55759397,0.08364419,3884.91162519,0.01998551,0.01998551,19135,59,0
10445.02772133,10445.02566785,3908.02810747,3908.09024730,0.11939686,3884.86635371,0.01998552,0.01998551,19134,59,0
10445.56921400,10445.57159560,0.00000000,3924.49504134,0.04083971,3884.81730525,0.01998551,0.01998551,19133,59,1
10446.11520019,10446.11758043,0.00000000,3941.08306204,0.07971125,3884.76352909,0.01998551,0.01998551,19132,59,1
10446.66507604,10446.66362233,3957.79590512,3957.84027516,0.05979117,3884.70493717,0.01998552,0.01998551,19131,59,0
10447.20897813,10447.20972133,3974.49051581,3974.46776173,0.06032316,3884.64255995,0.01998551,0.01998551,19130,59,0
10447.75699166,10447.75587743,3991.23299933,3991.26719596,0.05065095,3884.57524988,0.01998552,0.01998551,19129,59,0
10448.30398747,10448.30209063,4008.01639219,4008.07475213,0.08398921,3884.50359465,0.01998552,0.01998551,19128,59,0
10448.84901579,10448.84836095,4024.84954631,4024.86975904,0.04740428,3884.42768444,0.01998551,0.01998551,19127,59,0
10449.39542389,10449.39468840,4041.74231420,4041.76509367,0.06741565,3884.34697559,0.01998551,0.01998551,19126,59,0
10449.94123007,10449.94107299,4058.68975082,4058.69462991,0.06131389,3884.26173236,0.01998551,0.01998551,19125,59,0
10450.48377397,10450.48751471,0.00000000,4075.54340465,0.07190618,3884.17255200,0.01998551,0.01998551,19124,59,1
nan,nan,0.00000000,-1.00000000,0.00000000,3884.07558411,nan,0.00000000,-2147483648,59,1
nan,nan,0.00000000,-1.00000000,0.00000000,3906.31449159,nan,0.00000000,-2147483648,58,1
10451.57578031,10451.58056964,0.00000000,14.29825928,0.06182143,3906.90419595,0.01998550,0.01998551,19122,58,1
10452.12158119,10452.12718285,0.00000000,24.18979999,0.06497236,3907.46912680,0.01998550,0.01998551,19121,58,1
10452.67728425,10452.67385324,34.20609217,34.26837138,0.06176110,3908.04324343,0.01998552,0.01998551,19120,58,0
10453.21989154,10453.22058082,44.13517898,44.12265473,0.07044017,3908.60312311,0.01998551,0.01998551,19119,58,0
10453.76514211,10453.76736560,54.07485322,54.03441525,0.06178977,3909.16481101,0.01998551,0.01998551,19118,58,0
10454.31110066,10454.31420759,64.02447149,63.96791788,0.04320835,3909.72626399,0.01998551,0.01998551,19117,58,0
10454.86142906,10454.86110679,73.98341019,73.98928093,0.09141887,3910.29119417,0.01998551,0.01998551,19116,58,0
10455.40715255,10455.40806322,83.95168543,83.93508121,0.09156287,3910.85038563,0.01998551,0.01998551,19115,58,0
10455.95154596,10455.95507688,93.93001308,93.86557345,0.07206555,3911.40724579,0.01998551,0.01998551,19114,58,0
10456.50302526,10456.50214779,103.91914874,103.93517901,0.07860036,3911.97040574,0.01998551,0.01998551,19113,58,0
10457.04813426,10457.04927594,113.91968733,113.89880856,0.08356332,3912.52615045,0.01998551,0.01998551,19112,58,0
10457.59381040,10457.59646136,123.93160436,123.88307490,0.08552803,3913.08156057,0.01998551,0.01998551,19111,58,0
10458.14476734,10458.14370404,133.95472845,133.97421328,0.05373666,3913.64140409,0.01998551,0.01998551,19110,58,0
10458.68776504,10458.69100401,143.98888361,143.92947161,0.06331143,3914.19221936,0.01998551,0.01998551,19109,58,0
10459.23599303,10459.23836126,154.03383761,153.99035585,0.09716801,3914.74737491,0.01998551,0.01998551,19108,58,0
10459.78507432,10459.78577581,164.08931257,164.07642107,0.07442785,3915.30240184,0.01998551,0.01998551,19107,58,0
10460.33145395,10460.33324766,174.15502821,174.12203465,0.06732340,3915.85369131,0.01998551,0.01998551,19106,58,0
10460.88448879,10460.88077683,184.23096020,184.29930229,0.10173022,3916.41066701,0.01998552,0.01998551,19105,58,0
10461.43060910,10461.42836332,194.31772416,194.35911331,0.06851738,3916.95969198,0.01998552,0.01998551,19104,58,0
10461.97361199,10461.97600715,204.41603733,204.37184775,0.05897956,3917.50464394,0.01998551,0.01998551,19103,58,0
10462.51762817,10462.52370831,0.00000000,214.42160949,0.09879081,3918.05010203,0.01998550,0.01998551,19102,58,1
10463.07181054,10463.07146683,224.64889303,224.65524794,0.05991169,3918.60398594,0.01998551,0.01998551,19101,58,0
10463.61513496,10463.61928271,0.00000000,234.71149458,0.06832301,3919.14674041,0.01998551,0.01998551,19100,58,1
10464.16631926,10464.16715595,244.92639420,244.91089575,0.07580277,3919.69567317,0.01998551,0.01998551,19099,58,0
10464.71202118,10464.71508658,255.08056169,255.02372797,0.08888209,3920.23840706,0.01998551,0.01998551,19098,58,0
10465.26441222,10465.26307458,265.24545022,265.27027498,0.07341953,3920.78675286,0.01998551,0.01998551,19097,58,0
10465.80703496,10465.81111999,0.00000000,275.35539957,0.07200971,3921.32492203,0.01998551,0.01998551,19096,58,1
10466.36093661,10466.35922280,285.60962399,285.64149680,0.05389540,3921.87224329,0.01998552,0.01998551,19095,58,0
10466.90519862,10466.90738302,295.80947264,295.76880520,0.07795569,3922.40956361,0.01998551,0.01998551,19094,58,0
10467.45713652,10467.45560067,306.02114709,306.04977050,0.04187366,3922.95346091,0.01998552,0.01998551,19093,58,0
10468.00770870,10468.00387574,0.00000000,316.32698393,0.03480066,3923.49557265,0.01998552,0.01998551,19092,58,1
10468.55256407,10468.55220826,326.47988984,326.48653489,0.04329952,3924.02991765,0.01998551,0.01998551,19091,58,0
10469.10089432,10469.10059823,336.72705640,336.73259210,0.03704114,3924.56724086,0.01998551,0.01998551,19090,58,0
10469.64871458,10469.64904566,346.98618463,346.97998838,0.05134726,3925.10305519,0.01998551,0.01998551,19089,58,0
10470.20316176,10470.19755055,0.00000000,357.36833681,0.04090209,3925.64462710,0.01998552,0.01998551,19088,58,1
10470.74946814,10470.74611292,367.53991672,367.60284152,0.05776472,3926.17659057,0.01998552,0.01998551,19087,58,0
10471.29703838,10471.29473278,377.83393210,377.87721449,0.05184526,3926.70904020,0.01998552,0.01998551,19086,58,0
10471.84978407,10471.84341013,0.00000000,388.26077450,0.05446384,3927.24553313,0.01998553,0.01998551,19085,58,1
10472.39242279,10472.39214498,398.45548453,398.46071017,0.05695696,3927.77095728,0.01998551,0.01998551,19084,58,0
10472.93774311,10472.94093735,408.78362096,408.72347475,0.05276979,3928.29803561,0.01998551,0.01998551,19083,58,0
10473.48864852,10473.48978724,419.12382492,419.10236021,0.07210806,3928.82946301,0.01998551,0.01998551,19082,58,0
10474.03677119,10474.03869466,429.47623801,429.43994198,0.06851093,3929.35716090,0.01998551,0.01998551,19081,58,0
10474.58509654,10474.58765962,439.84080639,439.79238939,0.06007334,3929.88400222,0.01998551,0.01998551,19080,58,0
10475.13287560,10475.13668213,0.00000000,450.14289361,0.05933214,3930.40912801,0.01998551,0.01998551,19079,58,1
10475.68865600,10475.68576220,460.60619053,460.66097095,0.06942558,3930.94109902,0.01998552,0.01998551,19078,58,0
10476.23865356,10476.23489983,0.00000000,471.07278345,0.06435088,3931.46605039,0.01998552,0.01998551,19077,58,1
10476.78603700,10476.78409504,481.41985482,481.45669436,0.05838066,3931.98796433,0.01998552,0.01998551,19076,58,0
10477.33565061,10477.33334784,491.84477129,491.88850106,0.04557376,3932.51064530,0.01998552,0.01998551,19075,58,0
10477.88772893,10477.88265823,0.00000000,502.36891063,0.05894256,3933.03410542,0.01998552,0.01998551,19074,58,1
10478.43176516,10478.43202622,512.72926936,512.72430224,0.04709720,3933.54969047,0.01998551,0.01998551,19073,58,0
10478.98449281,10478.98145182,523.18804973,523.24596533,0.07528877,3934.07189320,0.01998552,0.01998551,19072,58,0
10479.52836508,10479.53093505,533.65832956,533.60933310,0.05824569,3934.58460258,0.01998551,0.01998551,19071,58,0
10480.07756731,10480.08047591,544.14139664,544.08587903,0.07498100,3935.10125951,0.01998551,0.01998551,19070,58,0
10480.62783235,10480.63007440,554.63854151,554.59569139,0.06879270,3935.61788784,0.01998551,0.01998551,19069,58,0
10481.17585217,10481.17973055,0.00000000,565.07072584,0.11265192,3936.13114262,0.01998551,0.01998551,19068,58,1
10481.73460138,10481.72944435,0.00000000,575.76578805,0.05586631,3936.65346385,0.01998552,0.01998551,19067,58,1
10482.28225362,10482.27921582,586.20982318,586.26806355,0.02976341,3937.16468364,0.01998552,0.01998551,19066,58,0
10482.83266909,10482.82904497,0.00000000,596.81835477,0.03443663,3937.67655786,0.01998552,0.01998551,19065,58,1
10483.38140343,10483.37893180,607.31321387,607.36069335,0.05850299,3938.18636099,0.01998552,0.01998551,19064,58,0
10483.92931997,10483.92887632,617.88371111,617.89224369,0.04745201,3938.69395992,0.01998552,0.01998551,19063,58,0
10484.47949305,10484.47887855,628.46854828,628.48038170,0.05376849,3939.20259056,0.01998552,0.01998551,19062,58,0
10485.02992509,10485.02893848,639.06716891,639.08618961,0.08472246,3939.71036504,0.01998552,0.01998551,19061,58,0
10485.57758863,10485.57905614,649.67823005,649.64990974,0.09150361,3940.21442775,0.01998551,0.01998551,19060,58,0
10486.12957757,10486.12923153,660.30046941,660.30715346,0.07374840,3940.72123669,0.01998551,0.01998551,19059,58,0
10486.68112363,10486.67946466,670.93414696,670.96622491,0.05535980,3941.22640768,0.01998552,0.01998551,19058,58,0
10487.23248664,10487.22975554,681.58077858,681.63365011,0.04209852,3941.73024707,0.01998552,0.01998551,19057,58,0
10487.78360265,10487.78010418,692.24190714,692.30972340,0.04907792,3942.23276417,0.01998552,0.01998551,19056,58,0
10488.32984660,10488.33051058,702.91792794,702.90504134,0.05749898,3942.72976784,0.01998551,0.01998551,19055,58,0
10488.88197129,10488.88097475,713.60749351,713.62685584,0.05059323,3943.23096824,0.01998552,0.01998551,19054,58,0
10489.43394493,10489.43149671,724.30910305,724.35671630,0.07979030,3943.73079508,0.01998552,0.01998551,19053,58,0
10489.97993760,10489.98207647,735.02190392,734.98026673,0.07341057,3944.22394485,0.01998551,0.01998551,19052,58,0
10490.53311981,10490.53271403,745.74686224,745.75477021,0.06152908,3944.72234845,0.01998551,0.01998551,19051,58,0
10491.08180626,10491.08340940,756.48526433,756.45398450,0.03263293,3945.21552152,0.01998551,0.01998551,19050,58,0
10491.63563052,10491.63416259,767.23816108,767.26683875,0.06046781,3945.71216276,0.01998552,0.01998551,19049,58,0
10492.18497182,10492.18497361,778.00535442,778.00531938,0.05377022,3946.20362650,0.01998551,0.01998551,19048,58,0
10492.73353997,10492.73584247,788.78624272,788.74115596,0.06808095,3946.69321407,0.01998551,0.01998551,19047,58,0
10493.28806659,10493.28676918,799.58027790,799.60571152,0.04769997,3947.18688453,0.01998552,0.01998551,19046,58,0
10493.83757698,10493.83775374,810.38746379,810.38399467,0.04487799,3947.67485808,0.01998551,0.01998551,19045,58,0
10494.39027003,10494.38879618,821.20811258,821.23707098,0.06377710,3948.16442918,0.01998552,0.01998551,19044,58,0
10494.94382565,10494.93989648,832.04253243,832.11982417,0.05582047,3948.65353637,0.01998552,0.01998551,19043,58,0
10495.49175895,10495.49105468,842.89085114,842.90472131,0.04081534,3949.13646436,0.01998551,0.01998551,19042,58,0
10496.04057957,10496.04227076,853.75303334,853.71968754,0.04759987,3949.61895779,0.01998551,0.01998551,19041,58,0
10496.59313424,10496.59354475,864.62904421,864.62094058,0.08944153,3950.10349546,0.01998551,0.01998551,19040,58,0
10497.14615766,10497.14487665,875.51915764,875.54447615,0.06285692,3950.58720509,0.01998552,0.01998551,19039,58,0
10497.69660763,10497.69626648,886.42408166,886.43083310,0.03667232,3951.06745696,0.01998551,0.01998551,19038,58,0
10498.24309766,10498.24771423,0.00000000,897.26425579,0.02481500,3951.54357804,0.01998551,0.01998551,19037,58,1
10498.79855677,10498.79921992,908.28065899,908.26750075,0.05155096,3952.02532873,0.01998551,0.01998551,19036,58,0
10499.35029294,10499.35078356,919.23101730,919.22127134,0.05920963,3952.50307714,0.01998551,0.01998551,19035,58,0
10499.90326863,10499.90240516,930.19406974,930.21123869,0.07014454,3952.98056274,0.01998552,0.01998551,19034,58,0
10500.45887075,10500.45408473,0.00000000,941.26278347,0.05383353,3953.45886322,0.01998552,0.01998551,19033,58,1
10501.00311723,10501.00582227,952.15675325,952.10285075,0.05774532,3953.92619828,0.01998551,0.01998551,19032,58,0
10501.56223164,10501.55761780,0.00000000,963.25038478,0.08636112,3954.40491595,0.01998552,0.01998551,19031,58,1
10502.10637276,10502.10947132,974.17775237,974.11584515,0.07541173,3954.86969234,0.01998551,0.01998551,19030,58,0
10502.66157647,10502.66138284,985.21147350,985.21534685,0.07291458,3955.34261636,0.01998552,0.01998551,19029,58,0
10503.21702288,10503.21335238,0.00000000,996.32540821,0.05490030,3955.81410375,0.01998552,0.01998551,19028,58,1
10503.76915493,10503.76537994,0.00000000,1007.38764001,0.06056774,3956.28168569,0.01998552,0.01998551,19027,58,1
10504.31554126,10504.31746553,1018.39348364,1018.35486447,0.06674013,3956.74340390,0.01998551,0.01998551,19026,58,0
10504.86803268,10504.86960916,1029.48151200,1029.44983395,0.08595014,3957.20862755,0.01998551,0.01998551,19025,58,0
10505.42151601,10505.42181083,1040.58469008,1040.57875822,0.07581294,3957.67338250,0.01998551,0.01998551,19024,58,0
10505.97448442,10505.97407057,1051.70298488,1051.71132173,0.05953423,3958.13639280,0.01998552,0.01998551,19023,58,0
10506.52388688,10506.52638837,1062.83582832,1062.78537736,0.04618064,3958.59508734,0.01998551,0.01998551,19022,58,0
10507.07802195,10507.07876425,1073.98267603,1073.96768795,0.05462107,3959.05636049,0.01998551,0.01998551,19021,58,0
10507.63102481,10507.63119822,1085.14344527,1085.13993993,0.07160387,3959.51530631,0.01998551,0.01998551,19020,58,0
10508.18535901,10508.18369028,1096.31838919,1096.35216162,0.07624548,3959.97397189,0.01998552,0.01998551,19019,58,0
10508.73736928,10508.73624044,1107.50779006,1107.53066346,0.04141954,3960.42934080,0.01998552,0.01998551,19018,58,0
10509.28688536,10509.28884872,1118.71230380,1118.67246937,0.06553459,3960.88130957,0.01998551,0.01998551,19017,58,0
10509.84028606,10509.84151512,1129.93292281,1129.90795216,0.07598646,3961.33515182,0.01998551,0.01998551,19016,58,0
10510.39358940,10510.39423965,1141.17061193,1141.15738183,0.05959631,3961.78761890,0.01998551,0.01998551,19015,58,0
10510.94955225,10510.94702232,1152.42513308,1152.47667543,0.03902802,3962.24093783,0.01998552,0.01998551,19014,58,0
10511.49851064,10511.49986315,1163.69495838,1163.66737111,0.06788217,3962.68717542,0.01998551,0.01998551,19013,58,0
10512.05440329,10512.05276213,1174.97852693,1175.01203762,0.07975762,3963.13759243,0.01998552,0.01998551,19012,58,0
10512.60419287,10512.60571928,1186.27570139,1186.24449767,0.03833151,3963.58160970,0.01998551,0.01998551,19011,58,0
10513.15802985,10513.15873460,1197.58810693,1197.57368090,0.06806009,3964.02748990,0.01998551,0.01998551,19010,58,0
10513.70781019,10513.71180811,0.00000000,1208.85082428,0.05457507,3964.46936632,0.01998551,0.01998551,19009,58,1
10514.26490120,10514.26493982,1220.26434510,1220.26355231,0.05634944,3964.91456860,0.01998551,0.01998551,19008,58,0
10514.81957061,10514.81812973,1231.62773653,1231.65735340,0.05568967,3965.35703856,0.01998552,0.01998551,19007,58,0
10515.37021112,10515.37137786,1243.00651235,1242.98250138,0.06866632,3965.79486777,0.01998551,0.01998551,19006,58,0
10515.92513405,10515.92468421,1254.40022724,1254.40949621,0.05571498,3966.23463877,0.01998551,0.01998551,19005,58,0
10516.47623566,10516.47804879,1265.80945572,1265.77204869,0.05280977,3966.66994179,0.01998551,0.01998551,19004,58,0
10517.03271696,10517.03147162,1277.23485455,1277.26058186,0.03022479,3967.10805555,0.01998552,0.01998551,19003,58,0
10517.58352555,10517.58495269,1288.67676272,1288.64724043,0.06394071,3967.54028419,0.01998551,0.01998551,19002,58,0
10518.13079869,10518.13849202,0.00000000,1299.98461492,0.06223144,3967.96866348,0.01998550,0.01998551,19001,58,1
10518.69354455,10518.69208963,1311.60942254,1311.63959813,0.05677504,3968.40698523,0.01998552,0.01998551,19000,58,0
10519.24742251,10519.24574551,1323.09973858,1323.13456426,0.04112274,3968.83724485,0.01998552,0.01998551,18999,58,0
10519.79822265,10519.79945968,1334.60569823,1334.57997743,0.08919066,3969.26363249,0.01998551,0.01998552,18998,58,0
10520.35249792,10520.35323214,1346.12703379,1346.11174878,0.05966714,3969.69120138,0.01998551,0.01998552,18997,58,0
10520.90671142,10520.90706291,1357.66395457,1357.65662790,0.06304024,3970.11720897,0.01998551,0.01998552,18996,58,0
10521.45848354,10521.46095200,1369.21740738,1369.16588275,0.06122762,3970.53986279,0.01998551,0.01998552,18995,58,0
10522.01520661,10522.01489941,1380.78839520,1380.79481679,0.06330694,3970.96484341,0.01998551,0.01998552,18994,58,0
10522.57064602,10522.56890516,1392.37721113,1392.41365230,0.03706832,3971.38737858,0.01998552,0.01998552,18993,58,0
10523.12295553,10523.12296924,1403.98310834,1403.98282098,0.08546670,3971.80604513,0.01998551,0.01998552,18992,58,0
10523.67785501,10523.67709168,1415.60526124,1415.62128128,0.06638549,3972.22514247,0.01998552,0.01998552,18991,58,0
10524.23323467,10524.23127248,1427.24322706,1427.28445960,0.05954576,3972.64304011,0.01998552,0.01998552,18990,58,0
10524.78346185,10524.78551165,1438.89707668,1438.85394890,0.05780683,3973.05551375,0.01998551,0.01998552,18989,58,0
10525.34328234,10525.33980920,0.00000000,1450.65376532,0.07755993,3973.47407817,0.01998552,0.01998552,18988,58,1
10525.89443287,10525.89416514,1462.25362800,1462.25927627,0.02849924,3973.88366085,0.01998551,0.01998552,18987,58,0
10526.44610569,10526.44857947,1473.95876734,1473.90649861,0.07619869,3974.29263230,0.01998551,0.01998552,18986,58,0
10527.00123175,10527.00305222,1485.68395209,1485.64542412,0.06127979,3974.70271179,0.01998551,0.01998552,18985,58,0
10527.55984757,10527.55758338,1497.42872550,1497.47671443,0.04924428,3975.11387239,0.01998552,0.01998552,18984,58,0
10528.11024705,10528.11217296,1509.19054760,1509.14967825,0.08589257,3975.51741980,0.01998551,0.01998552,18983,58,0
10528.66730306,10528.66682098,1520.96692060,1520.97716159,0.04554962,3975.92417032,0.01998552,0.01998552,18982,58,0
10529.22888863,10529.22152745,0.00000000,1532.92539585,0.05300114,3976.33288741,0.01998553,0.01998552,18981,58,1
10529.77491906,10529.77629236,1544.56601899,1544.53676716,0.08529508,3976.72797601,0.01998551,0.01998552,18980,58,0
10530.33384544,10530.33111574,1556.39331778,1556.45155309,0.06259310,3977.13123121,0.01998552,0.01998552,18979,58,0
10530.88404085,10530.88599760,1568.24000635,1568.19819961,0.06976263,3977.52665642,0.01998551,0.01998552,18978,58,0
10531.43803441,10531.44093793,1580.10481164,1580.04269186,0.07911686,3977.92322453,0.01998551,0.01998552,18977,58,0
10531.99896857,10531.99593675,1591.98658348,1592.05153356,0.04377834,3978.32309020,0.01998552,0.01998552,18976,58,0
10532.55053007,10532.55099407,1603.88555127,1603.87559729,0.07192553,3978.71463380,0.01998551,0.01998552,18975,58,0
10533.10630221,10533.10610990,1615.80266020,1615.80679156,0.05302663,3979.10754290,0.01998551,0.01998552,18974,58,0
10533.66199100,10533.66128425,1627.73870683,1627.75391292,0.05683754,3979.49878012,0.01998552,0.01998552,18973,58,0
10534.21780122,10534.21651713,1639.69350115,1639.72116887,0.08389902,3979.88847320,0.01998552,0.01998552,18972,58,0
10534.77343322,10534.77180854,1651.66647648,1651.70153139,0.03330732,3980.27638399,0.01998552,0.01998552,18971,58,0
10535.32634033,10535.32715850,1663.65728226,1663.63960447,0.05361188,3980.66072681,0.01998551,0.01998552,18970,58,0
10535.88466601,10535.88256701,1675.66649865,1675.71191741,0.04427623,3981.04715941,0.01998552,0.01998552,18969,58,0
10536.43988960,10536.43803409,1687.69495607,1687.73516746,0.03883363,3981.42979058,0.01998552,0.01998552,18968,58,0
10536.99292833,10536.99355974,1699.74309732,1699.72939319,0.09417021,3981.80927969,0.01998551,0.01998552,18967,58,0
10537.54868285,10537.54914398,1711.81025609,1711.80023340,0.06372422,3982.18895578,0.01998551,0.01998552,18966,58,0
10538.10188141,10538.10478680,1723.89557073,1723.83233547,0.05033099,3982.56517996,0.01998551,0.01998552,18965,58,0
10538.66019797,10538.66048823,1735.99873716,1735.99241085,0.06962487,3982.94314007,0.01998551,0.01998552,18964,58,0
10539.21593957,10539.21624826,1748.12049975,1748.11376174,0.06653494,3983.31762980,0.01998551,0.01998552,18963,58,0
10539.77282043,10539.77206692,1760.26170989,1760.27818197,0.07568879,3983.69117491,0.01998552,0.01998552,18962,58,0
10540.32809784,10540.32794421,1772.42275213,1772.42611573,0.05891230,3984.06193909,0.01998552,0.01998552,18961,58,0
10540.87929144,10540.88388013,0.00000000,1784.51534130,0.07358495,3984.42865477,0.01998551,0.01998552,18960,58,1
10541.44077874,10541.43987470,1796.80354956,1796.82340136,0.05508349,3984.79969585,0.01998552,0.01998552,18959,58,0
10541.99534179,10541.99592793,1809.02288197,1809.00999205,0.07302035,3985.16477605,0.01998551,0.01998552,18958,58,0
10542.55579998,10542.55203983,0.00000000,1821.35491455,0.04370526,3985.53226707,0.01998552,0.01998552,18957,58,1
10543.10916858,10543.10821040,1833.51853192,1833.53966443,0.05931560,3985.89268801,0.01998552,0.01998552,18956,58,0
10543.66502220,10543.66443965,1845.79505198,1845.80791898,0.06509735,3986.25326851,0.01998552,0.01998552,18955,58,0
10544.22251758,10544.22072760,1858.09135850,1858.13095500,0.05879975,3986.61312522,0.01998552,0.01998552,18954,58,0
10544.77624853,10544.77707425,1870.40801079,1870.38971623,0.07870263,3986.96878419,0.01998551,0.01998552,18953,58,0
10545.33421840,10545.33347961,1882.74560038,1882.76199537,0.06059952,3987.32538970,0.01998552,0.01998552,18952,58,0
10545.88772310,10545.88994370,1895.10472873,1895.05536807,0.05892639,3987.67738571,0.01998551,0.01998552,18951,58,0
10546.44542156,10546.44646652,1907.48537986,1907.46211512,0.03838983,3988.03026803,0.01998551,0.01998552,18950,58,0
10547.00052685,10547.00304807,1919.88612697,1919.82991364,0.07608676,3988.37968298,0.01998551,0.01998552,18949,58,0
10547.56076005,10547.55968838,1932.30538200,1932.32930824,0.04340474,3988.73042228,0.01998552,0.01998552,18948,58,0
10548.11477517,10548.11638745,1944.74317925,1944.70713090,0.06249022,3989.07537912,0.01998551,0.01998552,18947,58,0
10548.67433121,10548.67314528,1957.20158051,1957.22813990,0.06690636,3989.42192591,0.01998552,0.01998552,18946,58,0
10549.23169125,10549.22996189,1969.68259159,1969.72138862,0.08761572,3989.76529819,0.01998552,0.01998552,18945,58,0
10549.79048492,10549.78683729,0.00000000,1982.27281269,0.03957619,3990.10784918,0.01998552,0.01998552,18944,58,1
10550.34123707,10550.34377149,1994.70910954,1994.65208086,0.06971170,3990.44332569,0.01998551,0.01998552,18943,58,0
10550.90485628,10550.90076448,0.00000000,2007.34799097,0.06257233,3990.78493236,0.01998552,0.01998552,18942,58,1
10551.45376648,10551.45781630,0.00000000,2019.72844941,0.08058801,3991.11566134,0.01998551,0.01998552,18941,58,1
10552.01922023,10552.01492694,0.00000000,2032.50224634,0.03965890,3991.45442457,0.01998552,0.01998552,18940,58,1
10552.57222895,10552.57209641,2044.99366164,2044.99666169,0.07253372,3991.78334853,0.01998552,0.01998552,18939,58,0
10553.12734808,10553.12932472,2057.61777818,2057.57295821,0.04574665,3992.11200141,0.01998551,0.01998552,18938,58,0
10553.68638806,10553.68661189,2070.26557224,2070.26048771,0.07978399,3992.44109430,0.01998551,0.01998552,18937,58,0
10554.24440128,10554.24395792,2082.93730615,2082.94739504,0.08138240,3992.76769376,0.01998552,0.01998552,18936,58,0
10554.80101053,10554.80136282,2095.63206374,2095.62403388,0.02837678,3993.09155485,0.01998551,0.01998552,18935,58,0
10555.36170669,10555.35882660,2108.34890837,2108.41466183,0.06490312,3993.41582184,0.01998552,0.01998552,18934,58,0
10555.91375076,10555.91634926,2121.08742289,2121.02800418,0.08700765,3993.73312913,0.01998551,0.01998552,18933,58,0
10556.47694749,10556.47393083,2133.84747625,2133.91656601,0.04816960,3994.05483152,0.01998552,0.01998552,18932,58,0
10557.03138618,10557.03157130,2146.62914063,2146.62489393,0.04888724,3994.36953307,0.01998551,0.01998552,18931,58,0
10557.59074800,10557.58927070,2159.43323517,2159.46718103,0.05729512,3994.68502822,0.01998552,0.01998552,18930,58,0
10558.14601925,10558.14702901,2172.26074971,2172.23750636,0.05478611,3994.99624011,0.01998551,0.01998552,18929,58,0
10558.70588153,10558.70484627,2185.11209734,2185.13596903,0.05111075,3995.30802877,0.01998552,0.01998552,18928,58,0
10559.26206912,10559.26272247,2197.98679728,2197.97170670,0.05759954,3995.61576149,0.01998551,0.01998552,18927,58,0
10559.82045283,10559.82065762,2210.88428310,2210.87954518,0.04628309,3995.92266818,0.01998552,0.01998552,18926,58,0
10560.38290338,10560.37865174,0.00000000,2223.90574848,0.04997088,3996.22979238,0.01998552,0.01998552,18925,58,1
10560.93534025,10560.93670483,2236.74506921,2236.71340086,0.04825463,3996.52922065,0.01998551,0.01998552,18924,58,0
10561.49465781,10561.49481690,2249.70739291,2249.70369497,0.06174756,3996.83034344,0.01998552,0.01998552,18923,58,0
10562.05313504,10562.05298797,2262.69204444,2262.69546864,0.08153464,3997.12890675,0.01998552,0.01998552,18922,58,0
10562.61263589,10562.61121803,2275.70053069,2275.73360081,0.04230536,3997.42592797,0.01998552,0.01998552,18921,58,0
10563.17207565,10563.16950711,0.00000000,2288.80083743,0.05966557,3997.72099170,0.01998552,0.01998552,18920,58,1
10563.72699979,10563.72785521,2301.79132969,2301.77130729,0.06789683,3998.01127642,0.01998551,0.01998552,18919,58,0
10564.28858606,10564.28626233,2314.87316525,2314.92765013,0.04135512,3998.30308128,0.01998552,0.01998552,18918,58,0
10564.84908228,10564.84472850,0.00000000,2328.08626185,0.08975327,3998.59227762,0.01998553,0.01998552,18917,58,1
10565.40558764,10565.40325371,2341.10658497,2341.16148713,0.04216616,3998.87700787,0.01998552,0.01998552,18916,58,0
10565.96534952,10565.96183798,0.00000000,2354.34895412,0.06309867,3999.16152378,0.01998552,0.01998552,18915,58,1
10566.51974211,10566.52048132,2367.43191815,2367.41446894,0.07513320,3999.44077604,0.01998551,0.01998552,18914,58,0
10567.07747987,10567.07918373,2380.63321810,2380.59291903,0.06581231,3999.71978814,0.01998551,0.01998552,18913,58,0
10567.63962406,10567.63794523,2393.86135269,2393.90113406,0.06087478,3999.99884318,0.01998552,0.01998552,18912,58,0
10568.19446310,10568.19676582,2407.11471295,2407.06005362,0.07042358,4000.27209605,0.01998551,0.01998552,18911,58,0
10568.75464273,10568.75564552,2420.39183609,2420.36799338,0.03615932,4000.54574204,0.01998551,0.01998552,18910,58,0
10569.31531722,10569.31458433,2433.69275015,2433.71020546,0.06811373,4000.81736617,0.01998552,0.01998552,18909,58,0
10569.87194546,10569.87358226,2447.01803042,2446.97897836,0.07659336,4001.08478811,0.01998551,0.01998552,18908,58,0
10570.43032081,10570.43263933,2460.36863172,2460.31321266,0.04679591,4001.35081027,0.01998551,0.01998552,18907,58,0
10570.99101590,10570.99175554,2473.74616853,2473.72845433,0.06706327,4001.61569841,0.01998552,0.01998552,18906,58,0
10571.55221220,10571.55093090,2487.15205876,2487.18280787,0.06953558,4001.87858884,0.01998552,0.01998552,18905,58,0
10572.10984974,10572.11016541,2500.58500245,2500.57741323,0.07797071,4002.13755683,0.01998552,0.01998552,18904,58,0
10572.66992059,10572.66945910,2514.04214160,2514.05325399,0.08762661,4002.39532205,0.01998552,0.01998552,18903,58,0
10573.23256040,10573.22881197,0.00000000,2527.61082506,0.08272175,4002.65184414,0.01998552,0.01998552,18902,58,1
10573.79078722,10573.78822403,0.00000000,2541.08858785,0.05817030,4002.90406663,0.01998552,0.01998552,18901,58,1
10574.34715687,10574.34769528,2554.55686360,2554.54382959,0.08161101,4003.15309394,0.01998552,0.01998552,18900,58,0
10574.90697564,10574.90722574,2568.11481890,2568.10875305,0.05223519,4003.40134648,0.01998552,0.01998552,18899,58,0
10575.46644383,10575.46681542,2581.69915509,2581.69012636,0.05100207,4003.64707948,0.01998552,0.01998552,18898,58,0
10576.02744016,10576.02646433,2595.30935738,2595.33311044,0.04556141,4003.89108637,0.01998552,0.01998552,18897,58,0
10576.58831846,10576.58617247,2608.94589547,2608.99822857,0.05226187,4004.13263561,0.01998552,0.01998552,18896,58,0
10577.15127479,10577.14593985,0.00000000,2622.75214062,0.05929343,4004.37287138,0.01998553,0.01998552,18895,58,1
10577.70459452,10577.70576649,2636.30074281,2636.27205274,0.07268743,4004.60620168,0.01998551,0.01998552,18894,58,0
10578.26134100,10578.26565240,0.00000000,2649.93057430,0.07190135,4004.83908769,0.01998551,0.01998552,18893,58,1
10578.82028348,10578.82559757,0.00000000,2663.65426572,0.09993925,4005.07021426,0.01998551,0.01998552,18892,58,1
10579.38817654,10579.38560203,2677.54682398,2677.61022457,0.07450347,4005.30230243,0.01998552,0.01998552,18891,58,0
10579.94333038,10579.94566578,2691.35221716,2691.29459561,0.03887109,4005.52698627,0.01998551,0.01998552,18890,58,0
10580.50117019,10580.50578883,0.00000000,2705.08329368,0.05865809,4005.75049162,0.01998551,0.01998552,18889,58,1
10581.06358429,10581.06597120,2719.04805972,2718.98893356,0.05139521,4005.97295392,0.01998551,0.01998552,18888,58,0
10581.62556868,10581.62621288,2732.93972408,2732.92373511,0.09184761,4006.19292329,0.01998552,0.01998552,18887,58,0
10582.18813172,10582.18651389,2746.85957312,2746.89980297,0.06958943,4006.41056921,0.01998552,0.01998552,18886,58,0
10582.74883596,10582.74687424,2760.80626358,2760.85513266,0.08507196,4006.62492043,0.01998552,0.01998552,18885,58,0
10583.30967726,10583.30729394,2774.78028852,2774.83977453,0.06954034,4006.83674387,0.01998552,0.01998552,18884,58,0
10583.86354033,10583.86777300,0.00000000,2788.68343694,0.08268077,4007.04349662,0.01998551,0.01998552,18883,58,1
10584.43134088,10584.42831142,0.00000000,2802.89860016,0.06124023,4007.25275957,0.01998552,0.01998552,18882,58,1
10584.98709732,10584.98890922,2816.88278305,2816.83727749,0.05692505,4007.45496420,0.01998551,0.01998552,18881,58,0
10585.54704008,10585.54956641,2830.97783363,2830.91425721,0.06348303,4007.65617313,0.01998551,0.01998552,18880,58,0
10586.10835117,10586.11028300,2845.10281417,2845.05410086,0.05463920,4007.85524452,0.01998551,0.01998552,18879,58,0
10586.67410774,10586.67105898,0.00000000,2859.32956946,0.07784806,4008.05313960,0.01998552,0.01998552,18878,58,1
10587.23175364,10587.23189439,2873.44206202,2873.43849887,0.04325651,4008.24568064,0.01998552,0.01998552,18877,58,0
10587.79383672,10587.79278921,2887.65543861,2887.68200838,0.06227786,4008.43698833,0.01998552,0.01998552,18876,58,0
10588.35332447,10588.35374347,2901.89733268,2901.88668442,0.10909855,4008.62470362,0.01998552,0.01998552,18875,58,0
10588.91554506,10588.91475717,2916.16906688,2916.18913110,0.07676298,4008.81061369,0.01998552,0.01998552,18874,58,0
10589.47227718,10589.47583033,0.00000000,2930.38003342,0.04669835,4008.99200333,0.01998551,0.01998552,18873,58,1
10590.04143373,10590.03696294,0.00000000,2944.92140139,0.06695606,4009.17470109,0.01998553,0.01998552,18872,58,1
10590.60336015,10590.59815503,0.00000000,2959.30816585,0.05586714,4009.35229834,0.01998553,0.01998552,18871,58,1
10591.15958718,10591.15940660,2973.57364928,2973.57828633,0.04640445,4009.52535376,0.01998552,0.01998552,18870,58,0
10591.71917539,10591.72071765,2988.00254826,2987.96286065,0.08482760,4009.69667180,0.01998551,0.01998552,18869,58,0
10592.28314605,10592.28208821,3002.46466513,3002.49194797,0.08249622,4009.86652689,0.01998552,0.01998552,18868,58,0
10592.84710828,10592.84351827,0.00000000,3017.05611310,0.09486213,4010.03358176,0.01998552,0.01998552,18867,58,1
10593.40372478,10593.40500786,3031.48923630,3031.45600051,0.07957057,4010.19559358,0.01998552,0.01998552,18866,58,0
10593.96626618,10593.96655697,3046.05097853,3046.04342974,0.07940325,4010.35651425,0.01998552,0.01998552,18865,58,0
10594.52430642,10594.52816562,0.00000000,3060.54385019,0.09879572,4010.51328329,0.01998551,0.01998552,18864,58,1
10595.08868555,10595.08983381,3075.27650397,3075.24656229,0.11404861,4010.66899159,0.01998552,0.01998552,18863,58,0
10595.65456603,10595.65156156,0.00000000,3090.00822302,0.07368311,4010.82203559,0.01998552,0.01998552,18862,58,1
10596.21388959,10596.21334888,3104.63183233,3104.64598731,0.07638282,4010.97054266,0.01998552,0.01998552,18861,58,0
10596.77405963,10596.77519577,3119.35539566,3119.32559033,0.06880319,4011.11622303,0.01998552,0.01998552,18860,58,0
10597.33756366,10597.33710225,3134.11349466,3134.12562783,0.03705661,4011.25980405,0.01998552,0.01998552,18859,58,0
10597.89936468,10597.89906832,3148.90835192,3148.91616335,0.08797053,4011.39998955,0.01998552,0.01998552,18858,58,0
10598.45856801,10598.46109399,3163.73851271,3163.67178706,0.08520123,4011.53655504,0.01998551,0.01998552,18857,58,0
10599.02317976,10599.02317928,3178.60238508,3178.60239792,0.08271703,4011.67139771,0.01998552,0.01998552,18856,58,0
10599.58282100,10599.58532419,0.00000000,3193.42963714,0.08649202,4011.80198113,0.01998551,0.01998552,18855,58,1
10600.14961055,10600.14752873,3208.43480621,3208.49017124,0.08786470,4011.93122804,0.01998552,0.01998552,18854,58,0
10600.70895743,10600.70979291,3223.40485636,3223.38258714,0.06607418,4012.05567319,0.01998552,0.01998552,18853,58,0
10601.27008684,10601.27211674,3238.40963664,3238.35541322,0.05697442,4012.17742467,0.01998552,0.01998552,18852,58,0
10601.84007640,10601.83450023,0.00000000,3253.59378378,0.06119959,4012.29787216,0.01998553,0.01998552,18851,58,1
10602.39564540,10602.39694340,3268.52404492,3268.48921381,0.08266650,4012.41223400,0.01998552,0.01998552,18850,58,0
10602.96052072,10602.95944624,3283.63656065,3283.66546262,0.10377155,4012.52532210,0.01998552,0.01998552,18849,58,0
10603.52371288,10603.52200877,3298.78647095,3298.83241713,0.06098348,4012.63488409,0.01998552,0.01998552,18848,58,0
10604.08666069,10604.08463100,3313.97347908,3314.02833093,0.06585275,4012.74119137,0.01998552,0.01998552,18847,58,0
10604.64323692,10604.64731294,0.00000000,3329.08438771,0.10042518,4012.84310255,0.01998551,0.01998552,18846,58,1
10605.21120148,10605.21005459,3344.45796195,3344.48909985,0.08001839,4012.94385460,0.01998552,0.01998552,18845,58,0
10605.76808753,10605.77285597,0.00000000,3359.62531834,0.06618312,4013.03938562,0.01998551,0.01998552,18844,58,1
10606.33182935,10606.33571709,0.00000000,3374.98601360,0.06604967,4013.13282399,0.01998551,0.01998552,18843,58,1
10606.90228461,10606.89863795,0.00000000,3390.56702962,0.08109900,4013.22399291,0.01998553,0.01998552,18842,58,1
10607.46231232,10607.46161857,3405.88776823,3405.90678833,0.07748731,4013.31020079,0.01998552,0.01998552,18841,58,0
10608.02707230,10608.02465895,3421.34222696,3421.40854717,0.10738075,4013.39374348,0.01998552,0.01998552,18840,58,0
10608.58931701,10608.58775911,3436.83486237,3436.87777644,0.10488200,4013.47352982,0.01998552,0.01998552,18839,58,0
10609.14977600,10609.15091905,3452.36651944,3452.33495626,0.08851662,4013.54968299,0.01998552,0.01998552,18838,58,0
10609.71477137,10609.71413878,3467.93818687,3467.95569821,0.08801756,4013.62301763,0.01998552,0.01998552,18837,58,0
10610.28035220,10610.27741832,0.00000000,3483.61947583,0.06138812,4013.69289800,0.01998552,0.01998552,18836,58,1
10610.84470128,10610.84075767,0.00000000,3499.29885614,0.04875242,4013.75918337,0.01998553,0.01998552,18835,58,1
10611.40045326,10611.40415684,0.00000000,3514.77756917,0.05743894,4013.82102627,0.01998551,0.01998552,18834,58,1
10611.96824518,10611.96761584,3530.63086894,3530.64846146,0.08124900,4013.88073050,0.01998552,0.01998552,18833,58,0
10612.53226892,10612.53113469,3546.40127230,3546.43305021,0.06770558,4013.93639102,0.01998552,0.01998552,18832,58,0
10613.09452005,10613.09471338,3562.21010692,3562.20467710,0.07668773,4013.98830386,0.01998552,0.01998552,18831,58,0
10613.65537349,10613.65835193,0.00000000,3577.97601539,0.11262439,4014.03651776,0.01998551,0.01998552,18830,58,1
10613.86027409,nan,0.00000000,3583.75057463,0.10524827,4014.05324653,0.01998484,0.01998552,18829,58,1
10614.22276893,10614.22205036,3593.96267435,3593.98297093,0.08746402,4014.08167318,0.01998552,0.01998552,18829,58,0
10614.78615047,10614.78580866,3609.90630092,3609.91597911,0.06311378,4014.12284204,0.01998552,0.01998552,18828,58,0
10615.34906515,10615.34962685,3625.88827582,3625.87233506,0.07770640,4014.16029624,0.01998552,0.01998552,18827,58,0
10615.91638860,10615.91350494,0.00000000,3641.99624091,0.09655031,4014.19430886,0.01998552,0.01998552,18826,58,1
10616.47807757,10616.47744294,3657.98680480,3658.00492153,0.06959502,4014.22426735,0.01998552,0.01998552,18825,58,0
10617.04400897,10617.04144085,3674.10938827,3674.18289739,0.07493932,4014.25068747,0.01998552,0.01998552,18824,58,0
10617.60359008,10617.60549869,3690.27367490,3690.21891570,0.07235437,4014.27305384,0.01998552,0.01998552,18823,58,0
10618.16982277,10618.16961647,3706.47917691,3706.48511115,0.08890930,4014.29185660,0.01998552,0.01998552,18822,58,0
10618.73511260,10618.73379419,3722.73123295,3722.76926741,0.16426985,4014.30676412,0.01998552,0.01998552,18821,58,0
10619.29579964,10619.29803187,3739.03140561,3738.96683236,0.08708223,4014.31770821,0.01998552,0.01998552,18820,58,0
10619.85895339,10619.86232951,0.00000000,3755.25137981,0.09770404,4014.32480887,0.01998551,0.01998552,18819,58,1
10620.42561167,10620.42668713,3771.76348233,3771.73221425,0.06590714,4014.32801440,0.01998552,0.01998552,18818,58,0
10620.98985970,10620.99110473,3788.19514741,3788.15885328,0.08421981,4014.32722755,0.01998552,0.01998552,18817,58,0
10621.55368184,10621.55558232,0.00000000,3804.59253687,0.09548848,4014.32246555,0.01998552,0.01998552,18816,58,1
10622.12158041,10622.12011992,3821.19707629,3821.23988453,0.04789638,4014.31359123,0.01998552,0.01998552,18815,58,0
10622.67770261,10622.68471753,0.00000000,3837.54330634,0.09541638,4014.30095220,0.01998551,0.01998552,18814,58,1
10623.23019346,nan,0.00000000,3853.80665053,0.03631809,4014.28445483,0.01998548,0.01998552,18813,58,1
10623.81225949,10623.81409282,0.00000000,3870.98891077,0.07344744,4014.26280863,0.01998552,0.01998552,18812,58,1
10624.37770382,10624.37887053,3887.77172202,3887.73713261,0.02841091,4014.23754283,0.01998552,0.01998552,18811,58,0
10624.94367216,10624.94370829,3904.54359257,3904.54251843,0.09495496,4014.20806004,0.01998552,0.01998552,18810,58,0
10625.50845594,10625.50860610,3921.36561238,3921.36113475,0.08726698,4014.17441477,0.01998552,0.01998552,18809,58,0
10626.07019551,10626.07356399,0.00000000,3938.11932238,0.12076510,4014.13677522,0.01998551,0.01998552,18808,58,1
10626.64098138,10626.63858196,3955.15429434,3955.22626744,0.15593838,4014.09411906,0.01998552,0.01998552,18807,58,0
10627.20246402,10627.20366001,3972.13255392,3972.09656343,0.09521646,4014.04786802,0.01998552,0.01998552,18806,58,0
10627.76360581,10627.76879816,0.00000000,3988.97575987,0.09882959,4013.99743706,0.01998551,0.01998552,18805,58,1
10628.33729417,10628.33399643,0.00000000,4006.30619828,0.12927899,4013.94133692,0.01998553,0.01998552,18804,58,1
10628.89806902,10628.89925481,4023.35563889,4023.31966076,0.09330515,4013.88200804,0.01998552,0.01998552,18803,58,0
10629.46442674,10629.46457332,4040.53879899,4040.53433600,0.09406395,4013.81769072,0.01998552,0.01998552,18802,58,0
10630.03524020,10630.02995196,0.00000000,4057.90631693,0.11270718,4013.74841838,0.01998553,0.01998552,18801,58,1
10630.59508932,10630.59539075,4075.06852171,4075.05929239,0.12261845,4013.67571877,0.01998552,0.01998552,18800,58,0
nan,nan,0.00000000,-1.00000000,0.00000000,4013.59972837,nan,0.00000000,-2147483648,58,1
