wlc,wll,posc,posm,posme,posmy,d,sd,k,order,flag
5159.89539493,5159.71843053,0.00000000,885.00000000,nan,7.41542913,0.01998531,0.01998462,38732,118,1
5160.11932733,5160.11817312,893.82543544,893.87125925,0.00788480,7.73214041,0.01998463,0.01998462,38729,118,0
nan,nan,0.00000000,-1.00000000,0.00000000,7.91431263,nan,0.00000000,-2147483648,118,1
nan,nan,0.00000000,-1.00000000,0.00000000,7.98516838,nan,0.00000000,-2147483648,118,1
5160.41628942,5160.25143442,0.00000000,905.67789606,0.27767628,8.15049364,0.01998526,0.01998462,38728,118,1
5160.53293615,5160.51797766,0.00000000,910.31482949,0.10627304,8.31381507,0.01998468,0.01998462,38726,118,1
nan,nan,0.00000000,-1.00000000,0.00000000,8.47827393,nan,0.00000000,-2147483648,118,1
nan,nan,0.00000000,-1.00000000,0.00000000,8.54830621,nan,0.00000000,-2147483648,118,1
nan,nan,0.00000000,-1.00000000,0.00000000,8.72293788,nan,0.00000000,-2147483648,118,1
nan,nan,0.00000000,-1.00000000,0.00000000,8.96634606,nan,0.00000000,-2147483648,118,1
nan,nan,0.00000000,-1.00000000,0.00000000,9.07028007,nan,0.00000000,-2147483648,118,1
nan,nan,0.00000000,-1.00000000,0.00000000,9.17398411,nan,0.00000000,-2147483648,118,1
nan,nan,0.00000000,-1.00000000,0.00000000,9.24299247,nan,0.00000000,-2147483648,118,1
nan,nan,0.00000000,-1.00000000,0.00000000,9.31189877,nan,0.00000000,-2147483648,118,1
nan,nan,0.00000000,-1.00000000,0.00000000,9.41506698,nan,0.00000000,-2147483648,118,1
5161.46375022,nan,0.00000000,947.40128936,0.12170482,9.60023616,0.01998467,0.01998462,38719,118,1
5161.46375022,5161.45109584,0.00000000,947.40128936,0.12170482,9.60023616,0.01998467,0.01998462,38719,118,1
nan,nan,0.00000000,-1.00000000,0.00000000,9.75730606,nan,0.00000000,-2147483648,118,1
nan,nan,0.00000000,-1.00000000,0.00000000,9.99536144,nan,0.00000000,-2147483648,118,1
5161.88478368,5161.71776301,0.00000000,964.22638580,0.22442890,10.17228977,0.01998527,0.01998462,38717,118,1
nan,nan,0.00000000,-1.00000000,0.00000000,10.33328625,nan,0.00000000,-2147483648,118,1
nan,nan,0.00000000,-1.00000000,0.00000000,10.43417043,nan,0.00000000,-2147483648,118,1
nan,nan,0.00000000,-1.00000000,0.00000000,10.50130025,nan,0.00000000,-2147483648,118,1
nan,nan,0.00000000,-1.00000000,0.00000000,10.63525705,nan,0.00000000,-2147483648,118,1
5162.36994606,5162.38455150,0.00000000,983.65300379,0.40121729,10.82388383,0.01998457,0.01998462,38712,118,1
5162.36994606,5162.38455150,0.00000000,983.65300379,0.40121729,10.82388383,0.01998457,0.01998462,38712,118,1
5162.52074777,5162.51792987,0.00000000,989.69984153,0.24537395,11.02476151,0.01998463,0.01998462,38711,118,1
nan,nan,0.00000000,-1.00000000,0.00000000,11.16705491,nan,0.00000000,-2147483648,118,1
nan,nan,0.00000000,-1.00000000,0.00000000,11.43054275,nan,0.00000000,-2147483648,118,1
nan,nan,0.00000000,-1.00000000,0.00000000,11.52893736,nan,0.00000000,-2147483648,118,1
5163.13900329,5163.05151228,0.00000000,1014.53308111,0.06856527,11.84011174,0.01998496,0.01998462,38707,118,1
5163.13900329,5163.05151228,0.00000000,1014.53308111,0.06856527,11.84011174,0.01998496,0.01998462,38707,118,1
nan,nan,0.00000000,-1.00000000,0.00000000,12.21140627,nan,0.00000000,-2147483648,118,1
nan,nan,0.00000000,-1.00000000,0.00000000,12.27583035,nan,0.00000000,-2147483648,118,1
nan,nan,0.00000000,-1.00000000,0.00000000,12.43645575,nan,0.00000000,-2147483648,118,1
nan,nan,0.00000000,-1.00000000,0.00000000,12.50053215,nan,0.00000000,-2147483648,118,1
nan,nan,0.00000000,-1.00000000,0.00000000,12.56450933,nan,0.00000000,-2147483648,118,1
nan,nan,0.00000000,-1.00000000,0.00000000,12.62838737,nan,0.00000000,-2147483648,118,1
nan,nan,0.00000000,-1.00000000,0.00000000,12.75584621,nan,0.00000000,-2147483648,118,1
nan,nan,0.00000000,-1.00000000,0.00000000,12.94629224,nan,0.00000000,-2147483648,118,1
5164.12359147,5164.11900805,0.00000000,1054.22281394,0.18973158,13.11134555,0.01998464,0.01998462,38699,118,1
nan,nan,0.00000000,-1.00000000,0.00000000,13.38721045,nan,0.00000000,-2147483648,118,1
nan,nan,0.00000000,-1.00000000,0.00000000,13.44980463,nan,0.00000000,-2147483648,118,1
nan,nan,0.00000000,-1.00000000,0.00000000,13.60585986,nan,0.00000000,-2147483648,118,1
5164.77101479,5164.78641710,0.00000000,1080.41730227,0.23485360,13.92902381,0.01998457,0.01998462,38694,118,1
5164.77101479,5164.78641710,0.00000000,1080.41730227,0.23485360,13.92902381,0.01998457,0.01998462,38694,118,1
5164.90528591,5164.91991961,0.00000000,1085.85949679,0.25059007,14.09679361,0.01998457,0.01998462,38693,118,1
5164.90528591,5164.91991961,0.00000000,1085.85949679,0.25059007,14.09679361,0.01998457,0.01998462,38693,118,1
nan,nan,0.00000000,-1.00000000,0.00000000,14.28522128,nan,0.00000000,-2147483648,118,1
nan,nan,0.00000000,-1.00000000,0.00000000,14.34639460,nan,0.00000000,-2147483648,118,1
nan,nan,0.00000000,-1.00000000,0.00000000,14.43797166,nan,0.00000000,-2147483648,118,1
nan,nan,0.00000000,-1.00000000,0.00000000,14.52932940,nan,0.00000000,-2147483648,118,1
5165.32408434,5165.32046856,0.00000000,1102.85537448,0.07600974,14.61607936,0.01998464,0.01998462,38690,118,1
5165.32408434,5165.32046856,0.00000000,1102.85537448,0.07600974,14.61607936,0.01998464,0.01998462,38690,118,1
5165.57919389,5165.58753571,0.00000000,1113.22429591,0.05368798,14.92943364,0.01998459,0.01998463,38688,118,1
nan,nan,0.00000000,-1.00000000,0.00000000,15.10284693,nan,0.00000000,-2147483648,118,1
5165.84372534,5165.85463049,0.00000000,1123.98897693,0.14605339,15.25198862,0.01998458,0.01998463,38686,118,1
nan,nan,0.00000000,-1.00000000,0.00000000,15.34170951,nan,0.00000000,-2147483648,118,1
nan,nan,0.00000000,-1.00000000,0.00000000,15.40118336,nan,0.00000000,-2147483648,118,1
5166.10894042,5166.12175289,0.00000000,1134.79461775,0.07464807,15.57295220,0.01998458,0.01998463,38684,118,1
nan,nan,0.00000000,-1.00000000,0.00000000,15.72656403,nan,0.00000000,-2147483648,118,1
nan,nan,0.00000000,-1.00000000,0.00000000,15.84416143,nan,0.00000000,-2147483648,118,1
nan,nan,0.00000000,-1.00000000,0.00000000,15.90281579,nan,0.00000000,-2147483648,118,1
nan,nan,0.00000000,-1.00000000,0.00000000,15.99061705,nan,0.00000000,-2147483648,118,1
5166.51635363,5166.52248829,0.00000000,1151.41957637,0.04318866,16.06127352,0.01998460,0.01998463,38681,118,1
5166.66831622,5166.65608058,0.00000000,1157.62860204,0.14350055,16.24194671,0.01998467,0.01998463,38680,118,1
5166.66831622,5166.65608058,0.00000000,1157.62860204,0.14350055,16.24194671,0.01998467,0.01998463,38680,118,1
5167.01752215,nan,0.00000000,1171.91336081,0.08573036,16.65410666,0.01998499,0.01998463,38678,118,1
5167.01752215,nan,0.00000000,1171.91336081,0.08573036,16.65410666,0.01998499,0.01998463,38678,118,1
5167.01752215,5166.92328588,0.00000000,1171.91336081,0.08573036,16.65410666,0.01998499,0.01998463,38678,118,1
5167.18186599,5167.19051883,0.00000000,1178.64410139,0.35310872,16.84662035,0.01998459,0.01998463,38676,118,1
nan,nan,0.00000000,-1.00000000,0.00000000,16.99903939,nan,0.00000000,-2147483648,118,1
5167.48325875,5167.32414567,0.00000000,1191.00111362,561.57611351,17.19724938,0.01998524,0.01998463,38675,118,1
5167.48325875,nan,0.00000000,1191.00111362,561.57611351,17.19724938,0.01998524,0.01998463,38675,118,1
5167.48325875,nan,0.00000000,1191.00111362,561.57611351,17.19724938,0.01998524,0.01998463,38675,118,1
nan,nan,0.00000000,-1.00000000,0.00000000,17.36615921,nan,0.00000000,-2147483648,118,1
nan,nan,0.00000000,-1.00000000,0.00000000,17.45030974,nan,0.00000000,-2147483648,118,1
nan,nan,0.00000000,-1.00000000,0.00000000,17.50629167,nan,0.00000000,-2147483648,118,1
nan,nan,0.00000000,-1.00000000,0.00000000,17.59008703,nan,0.00000000,-2147483648,118,1
nan,nan,0.00000000,-1.00000000,0.00000000,17.70148307,nan,0.00000000,-2147483648,118,1
nan,nan,0.00000000,-1.00000000,0.00000000,17.75703930,nan,0.00000000,-2147483648,118,1
5168.10388068,5167.99238357,0.00000000,1216.50135271,0.08559405,17.90936942,0.01998506,0.01998463,38670,118,1
nan,nan,0.00000000,-1.00000000,0.00000000,18.06091155,nan,0.00000000,-2147483648,118,1
nan,nan,0.00000000,-1.00000000,0.00000000,18.11585473,nan,0.00000000,-2147483648,118,1
nan,nan,0.00000000,-1.00000000,0.00000000,18.19809304,nan,0.00000000,-2147483648,118,1
nan,nan,0.00000000,-1.00000000,0.00000000,18.25280100,nan,0.00000000,-2147483648,118,1
nan,nan,0.00000000,-1.00000000,0.00000000,18.36193500,nan,0.00000000,-2147483648,118,1
nan,nan,0.00000000,-1.00000000,0.00000000,18.41636113,nan,0.00000000,-2147483648,118,1
5168.66610109,5168.66079435,0.00000000,1239.66628938,0.15695173,18.54298034,0.01998465,0.01998463,38665,118,1
5168.81137301,5168.79449726,0.00000000,1245.66187465,0.11732450,18.70492100,0.01998469,0.01998463,38664,118,1
5168.81137301,5168.79449726,0.00000000,1245.66187465,0.11732450,18.70492100,0.01998469,0.01998463,38664,118,1
5169.05211205,5169.06192384,0.00000000,1255.60661845,0.35517278,18.97167478,0.01998459,0.01998463,38662,118,1
nan,nan,0.00000000,-1.00000000,0.00000000,19.14194929,nan,0.00000000,-2147483648,118,1
nan,nan,0.00000000,-1.00000000,0.00000000,19.27445045,nan,0.00000000,-2147483648,118,1
nan,nan,0.00000000,-1.00000000,0.00000000,19.32728804,nan,0.00000000,-2147483648,118,1
nan,nan,0.00000000,-1.00000000,0.00000000,19.40637008,nan,0.00000000,-2147483648,118,1
nan,nan,0.00000000,-1.00000000,0.00000000,19.45897528,nan,0.00000000,-2147483648,118,1
nan,nan,0.00000000,-1.00000000,0.00000000,19.53770896,nan,0.00000000,-2147483648,118,1
5169.72542744,5169.73061139,0.00000000,1283.48128521,0.02091813,19.70709485,0.01998461,0.01998463,38657,118,1
5169.72542744,5169.73061139,0.00000000,1283.48128521,0.02091813,19.70709485,0.01998461,0.01998463,38657,118,1
5169.85620458,5169.86436967,0.00000000,1288.90574114,0.51608999,19.84811300,0.01998460,0.01998463,38656,118,1
5169.85620458,5169.86436967,0.00000000,1288.90574114,0.51608999,19.84811300,0.01998460,0.01998463,38656,118,1
nan,nan,0.00000000,-1.00000000,0.00000000,20.03151381,nan,0.00000000,-2147483648,118,1
nan,nan,0.00000000,-1.00000000,0.00000000,20.18571899,nan,0.00000000,-2147483648,118,1
nan,nan,0.00000000,-1.00000000,0.00000000,20.23693627,nan,0.00000000,-2147483648,118,1
nan,nan,0.00000000,-1.00000000,0.00000000,20.31358946,nan,0.00000000,-2147483648,118,1
nan,nan,0.00000000,-1.00000000,0.00000000,20.39003551,nan,0.00000000,-2147483648,118,1
nan,nan,0.00000000,-1.00000000,0.00000000,20.44088454,nan,0.00000000,-2147483648,118,1
nan,nan,0.00000000,-1.00000000,0.00000000,20.56760497,nan,0.00000000,-2147483648,118,1
5170.68235430,5170.66706474,0.00000000,1323.25211463,0.26100718,20.72525171,0.01998469,0.01998463,38650,118,1
5170.68235430,5170.66706474,0.00000000,1323.25211463,0.26100718,20.72525171,0.01998469,0.01998463,38650,118,1
5170.68235430,5170.66706474,0.00000000,1323.25211463,0.26100718,20.72525171,0.01998469,0.01998463,38650,118,1
nan,nan,0.00000000,-1.00000000,0.00000000,20.86939391,nan,0.00000000,-2147483648,118,1
nan,nan,0.00000000,-1.00000000,0.00000000,20.94432585,nan,0.00000000,-2147483648,118,1
nan,nan,0.00000000,-1.00000000,0.00000000,20.99416614,nan,0.00000000,-2147483648,118,1
5171.06184079,5171.06850578,0.00000000,1339.07482636,0.03967858,21.12022137,0.01998460,0.01998463,38647,118,1
nan,nan,0.00000000,-1.00000000,0.00000000,21.29128975,nan,0.00000000,-2147483648,118,1
nan,nan,0.00000000,-1.00000000,0.00000000,21.36505763,nan,0.00000000,-2147483648,118,1
nan,nan,0.00000000,-1.00000000,0.00000000,21.41412237,nan,0.00000000,-2147483648,118,1
nan,nan,0.00000000,-1.00000000,0.00000000,21.51197887,nan,0.00000000,-2147483648,118,1
nan,nan,0.00000000,-1.00000000,0.00000000,21.56077071,nan,0.00000000,-2147483648,118,1
nan,nan,0.00000000,-1.00000000,0.00000000,21.63378809,nan,0.00000000,-2147483648,118,1
nan,nan,0.00000000,-1.00000000,0.00000000,21.70660117,nan,0.00000000,-2147483648,118,1
5171.86172748,5171.87157496,0.00000000,1372.52183391,0.00274227,21.93635428,0.01998459,0.01998463,38641,118,1
5171.86172748,nan,0.00000000,1372.52183391,0.00274227,21.93635428,0.01998459,0.01998463,38641,118,1
5171.98213013,nan,0.00000000,1377.56774755,0.25476326,22.05727556,0.01998506,0.01998463,38641,118,1
5172.14865595,5172.13932013,0.00000000,1384.55152756,0.20839990,22.22368708,0.01998467,0.01998463,38639,118,1
5172.25660352,5172.13932013,0.00000000,1389.08169537,0.22214537,22.33104477,0.01998508,0.01998463,38639,118,1
nan,nan,0.00000000,-1.00000000,0.00000000,22.39995896,nan,0.00000000,-2147483648,118,1
nan,nan,0.00000000,-1.00000000,0.00000000,22.47060245,nan,0.00000000,-2147483648,118,1
nan,nan,0.00000000,-1.00000000,0.00000000,22.56447882,nan,0.00000000,-2147483648,118,1
nan,nan,0.00000000,-1.00000000,0.00000000,22.63465007,nan,0.00000000,-2147483648,118,1
5172.80270166,5172.80880441,0.00000000,1412.03636397,0.25071067,22.86793642,0.01998461,0.01998463,38634,118,1
nan,nan,0.00000000,-1.00000000,0.00000000,23.02847358,nan,0.00000000,-2147483648,118,1
nan,nan,0.00000000,-1.00000000,0.00000000,23.14307280,nan,0.00000000,-2147483648,118,1
nan,nan,0.00000000,-1.00000000,0.00000000,23.23435010,nan,0.00000000,-2147483648,118,1
nan,nan,0.00000000,-1.00000000,0.00000000,23.27985486,nan,0.00000000,-2147483648,118,1
nan,nan,0.00000000,-1.00000000,0.00000000,23.39322655,nan,0.00000000,-2147483648,118,1
nan,nan,0.00000000,-1.00000000,0.00000000,23.43841928,nan,0.00000000,-2147483648,118,1
nan,nan,0.00000000,-1.00000000,0.00000000,23.50604140,nan,0.00000000,-2147483648,118,1
nan,nan,0.00000000,-1.00000000,0.00000000,23.57346331,nan,0.00000000,-2147483648,118,1
nan,nan,0.00000000,-1.00000000,0.00000000,23.64068515,nan,0.00000000,-2147483648,118,1
5173.72827961,5173.61241444,0.00000000,1451.08402392,0.25656102,23.75414791,0.01998508,0.01998463,38628,118,1
5173.87958526,5173.88033996,1457.50492285,1457.47299359,0.08827594,23.89592079,0.01998463,0.01998463,38626,118,0
5174.01476752,5174.01431313,1463.17494302,1463.19418056,0.12449541,24.02210804,0.01998463,0.01998463,38625,118,0
5174.13787134,nan,0.00000000,1468.42116292,0.06687767,24.13676212,0.01998459,0.01998463,38624,118,1
5174.30376356,5174.28228030,0.00000000,1475.45315326,0.13630379,24.29005711,0.01998471,0.01998463,38623,118,1
5174.30376356,5174.28228030,0.00000000,1475.45315326,0.13630379,24.29005711,0.01998471,0.01998463,38623,118,1
5174.54452341,5174.55027524,0.00000000,1485.66913281,0.25831863,24.51081960,0.01998461,0.01998463,38621,118,1
5174.68393297,5174.68428312,1491.59477180,1491.57988989,0.10803776,24.63749948,0.01998463,0.01998463,38620,118,0
5174.68368899,nan,0.00000000,1491.57988989,0.10803776,24.63749948,0.01998463,0.01998463,38620,118,1
5174.83570755,5174.81829795,0.00000000,1498.04129376,0.04473196,24.77510291,0.01998470,0.01998463,38619,118,1
5174.83570755,5174.81829795,0.00000000,1498.04129376,0.04473196,24.77510291,0.01998470,0.01998463,38619,118,1
5175.07693248,5175.08634844,0.00000000,1508.30452447,0.20924042,24.99178916,0.01998459,0.01998463,38617,118,1
5175.07693248,5175.08634844,0.00000000,1508.30452447,0.20924042,24.99178916,0.01998459,0.01998463,38617,118,1
nan,nan,0.00000000,-1.00000000,0.00000000,25.06924669,nan,0.00000000,-2147483648,118,1
nan,nan,0.00000000,-1.00000000,0.00000000,25.11104238,nan,0.00000000,-2147483648,118,1
nan,nan,0.00000000,-1.00000000,0.00000000,25.23590528,nan,0.00000000,-2147483648,118,1
nan,nan,0.00000000,-1.00000000,0.00000000,25.27735167,nan,0.00000000,-2147483648,118,1
nan,nan,0.00000000,-1.00000000,0.00000000,25.31871083,nan,0.00000000,-2147483648,118,1
nan,nan,0.00000000,-1.00000000,0.00000000,25.48327608,nan,0.00000000,-2147483648,118,1
5175.86036781,nan,0.00000000,1541.72363236,0.19948985,25.68142336,0.01998503,0.01998463,38612,118,1
5175.86036781,nan,0.00000000,1541.72363236,0.19948985,25.68142336,0.01998503,0.01998463,38612,118,1
nan,nan,0.00000000,-1.00000000,0.00000000,25.78808552,nan,0.00000000,-2147483648,118,1
nan,nan,0.00000000,-1.00000000,0.00000000,25.94865524,nan,0.00000000,-2147483648,118,1
5176.28466397,5176.29291953,0.00000000,1559.87875191,0.07356068,26.04589784,0.01998460,0.01998463,38608,118,1
5176.42517494,5176.42701773,0.00000000,1565.89976080,0.72507251,26.16519869,0.01998462,0.01998463,38607,118,1
5176.42517494,5176.42701773,0.00000000,1565.89976080,0.72507251,26.16519869,0.01998462,0.01998463,38607,118,1
5176.71618752,5176.69523500,0.00000000,1578.38374004,0.10589975,26.41006603,0.01998471,0.01998463,38605,118,1
5176.71618752,5176.69523500,0.00000000,1578.38374004,0.10589975,26.41006603,0.01998471,0.01998463,38605,118,1
nan,nan,0.00000000,-1.00000000,0.00000000,26.63490130,nan,0.00000000,-2147483648,118,1
5177.09408678,5177.09761303,0.00000000,1594.62303099,0.24060350,26.72357511,0.01998462,0.01998463,38602,118,1
nan,nan,0.00000000,-1.00000000,0.00000000,26.86412325,nan,0.00000000,-2147483648,118,1
nan,nan,0.00000000,-1.00000000,0.00000000,26.95872239,nan,0.00000000,-2147483648,118,1
nan,nan,0.00000000,-1.00000000,0.00000000,27.01522532,nan,0.00000000,-2147483648,118,1
nan,nan,0.00000000,-1.00000000,0.00000000,27.05278713,nan,0.00000000,-2147483648,118,1
5177.62880440,5177.63421445,0.00000000,1617.65563818,0.07305491,27.15854302,0.01998461,0.01998463,38598,118,1
nan,nan,0.00000000,-1.00000000,0.00000000,27.23931586,nan,0.00000000,-2147483648,118,1
nan,nan,0.00000000,-1.00000000,0.00000000,27.27636581,nan,0.00000000,-2147483648,118,1
nan,nan,0.00000000,-1.00000000,0.00000000,27.38700479,nan,0.00000000,-2147483648,118,1
nan,nan,0.00000000,-1.00000000,0.00000000,27.46033876,nan,0.00000000,-2147483648,118,1
5178.17169745,5178.17092718,1641.06187982,1641.09520016,0.09721554,27.58958251,0.01998464,0.01998463,38594,118,0
5178.29928406,5178.30512276,0.00000000,1646.62702940,0.08595026,27.68960752,0.01998461,0.01998463,38593,118,1
5178.29928406,5178.30512276,0.00000000,1646.62702940,0.08595026,27.68960752,0.01998461,0.01998463,38593,118,1
5178.43073681,5178.43932530,0.00000000,1652.31904551,0.13158951,27.79185228,0.01998460,0.01998463,38592,118,1
5178.57447962,5178.57353480,1658.49589353,1658.53684870,0.19554749,27.90275828,0.01998464,0.01998463,38591,118,0
5178.70860599,5178.70775126,1664.31581255,1664.35288883,0.14067564,28.00575867,0.01998464,0.01998463,38590,118,0
5178.81737080,5178.84197468,0.00000000,1669.08348392,0.37978067,28.08900970,0.01998454,0.01998463,38589,118,1
nan,nan,0.00000000,-1.00000000,0.00000000,28.22727291,nan,0.00000000,-2147483648,118,1
nan,nan,0.00000000,-1.00000000,0.00000000,28.29663189,nan,0.00000000,-2147483648,118,1
nan,nan,0.00000000,-1.00000000,0.00000000,28.43434096,nan,0.00000000,-2147483648,118,1
5179.38279060,5179.37893799,0.00000000,1693.66186792,0.21762291,28.51396906,0.01998465,0.01998463,38585,118,1
5179.51318567,5179.51319623,1699.33111286,1699.33065297,0.21512227,28.61018216,0.01998463,0.01998463,38584,118,0
5179.64102573,5179.64746143,0.00000000,1704.91174338,0.06191559,28.70424947,0.01998461,0.01998463,38583,118,1
5179.77672523,5179.78173360,0.00000000,1710.82963170,0.16310592,28.80328177,0.01998461,0.01998463,38582,118,1
nan,nan,0.00000000,-1.00000000,0.00000000,28.88920595,nan,0.00000000,-2147483648,118,1
nan,nan,0.00000000,-1.00000000,0.00000000,28.92229346,nan,0.00000000,-2147483648,118,1
5180.05542996,5180.05029883,0.00000000,1722.99748569,0.20667235,29.00460605,0.01998465,0.01998463,38580,118,1
5180.19058448,5180.18459190,0.00000000,1728.90468548,0.19969076,29.10123136,0.01998466,0.01998463,38579,118,1
nan,nan,0.00000000,-1.00000000,0.00000000,29.20017256,nan,0.00000000,-2147483648,118,1
5180.44399428,5180.45319894,0.00000000,1739.99203527,0.15960098,29.28062980,0.01998460,0.01998463,38577,118,1
5180.59837602,5180.58751292,0.00000000,1746.75406269,0.17480335,29.38878934,0.01998468,0.01998463,38576,118,1
5180.73205241,5180.72183386,0.00000000,1752.61373201,0.02017907,29.48174891,0.01998467,0.01998463,38575,118,1
5180.85085369,5180.85616177,0.00000000,1757.82490750,0.12958027,29.56382330,0.01998461,0.01998463,38574,118,1
nan,nan,0.00000000,-1.00000000,0.00000000,29.66035205,nan,0.00000000,-2147483648,118,1
5181.11575379,5181.12483851,0.00000000,1769.45673202,0.09971153,29.74499587,0.01998460,0.01998463,38572,118,1
5181.11575379,5181.12483851,0.00000000,1769.45673202,0.09971153,29.74499587,0.01998460,0.01998463,38572,118,1
5181.27881563,5181.25918734,0.00000000,1776.62513130,0.22015873,29.85525725,0.01998471,0.01998463,38571,118,1
5181.39940184,5181.39354314,0.00000000,1781.93033906,0.13538981,29.93617804,0.01998466,0.01998463,38570,118,1
5181.53130357,5181.52790591,0.00000000,1787.73736582,0.08619773,30.02408917,0.01998465,0.01998463,38569,118,1
5181.65893729,5181.66227566,0.00000000,1793.36046953,0.19850374,30.10855536,0.01998462,0.01998464,38568,118,1
5181.79845693,5181.79665238,0.00000000,1799.51171373,0.12913905,30.20021143,0.01998464,0.01998464,38567,118,1
5181.93040674,5181.93103608,1805.35608147,1805.32830256,0.16302833,30.28616726,0.01998463,0.01998464,38566,118,0
5182.04971397,5182.06542675,0.00000000,1810.60117218,0.02971122,30.36348933,0.01998457,0.01998464,38565,118,1
5182.19821473,5182.19982439,1817.22887484,1817.15772315,0.04002200,30.45884212,0.01998463,0.01998464,38564,118,0
5182.33503221,nan,0.00000000,1823.21250963,0.11400320,30.54611754,0.01998464,0.01998464,38563,118,1
5182.46286493,nan,0.00000000,1828.86926352,0.17072331,30.62697957,0.01998461,0.01998464,38562,118,1
5182.60560700,5182.60305920,0.00000000,1835.19048899,0.03733273,30.71656836,0.01998465,0.01998464,38561,118,1
nan,nan,0.00000000,-1.00000000,0.00000000,30.78418707,nan,0.00000000,-2147483648,118,1
5182.87449284,5182.87191729,0.00000000,1847.11145005,0.27671060,30.88330752,0.01998465,0.01998464,38559,118,1
5182.87449284,5182.87191729,0.00000000,1847.11145005,0.27671060,30.88330752,0.01998465,0.01998464,38559,118,1
5183.00484613,5183.00635681,1852.95703375,1852.88996562,0.22250655,30.96309280,0.01998463,0.01998464,38558,118,0
5183.13163850,5183.14080330,0.00000000,1858.52854309,0.29558001,31.04029283,0.01998460,0.01998464,38557,118,1
5183.27201471,5183.27525678,0.00000000,1864.76803841,0.19447403,31.12496926,0.01998462,0.01998464,38556,118,1
5183.27201471,5183.27525678,0.00000000,1864.76803841,0.19447403,31.12496926,0.01998462,0.01998464,38556,118,1
5183.41117363,5183.40971723,1870.88532382,1870.95013254,0.18260697,31.20808946,0.01998464,0.01998464,38555,118,0
5183.54770038,5183.54418467,0.00000000,1877.03603204,0.24519511,31.28916149,0.01998465,0.01998464,38554,118,1
5183.68164707,5183.67865909,0.00000000,1883.00347100,0.21329949,31.36792918,0.01998465,0.01998464,38553,118,1
5183.81953281,5183.81314050,0.00000000,1889.15107174,0.23064814,31.44832373,0.01998466,0.01998464,38552,118,1
5183.94081694,5183.94762889,0.00000000,1894.56242264,0.06439081,31.51845988,0.01998461,0.01998464,38551,118,1
nan,nan,0.00000000,-1.00000000,0.00000000,31.61389615,nan,0.00000000,-2147483648,118,1
5184.21226202,5184.21662661,0.00000000,1906.68689250,0.17468576,31.67346543,0.01998462,0.01998464,38549,118,1
nan,nan,0.00000000,-1.00000000,0.00000000,31.74046026,nan,0.00000000,-2147483648,118,1
5184.49626646,5184.48565228,0.00000000,1919.39220224,0.12986222,31.83272909,0.01998468,0.01998464,38547,118,1
5184.61698617,5184.62017560,0.00000000,1924.79893104,0.11863732,31.89952210,0.01998462,0.01998464,38546,118,1
5184.73406557,5184.75470590,0.00000000,1930.04615019,0.45105436,31.96378509,0.01998456,0.01998464,38545,118,1
5184.87426386,5184.88924319,0.00000000,1936.33408549,0.18322594,32.04006865,0.01998458,0.01998464,38544,118,1
5185.02903663,5185.02378746,0.00000000,1943.28150645,0.08565121,32.12343465,0.01998466,0.01998464,38543,118,1
5185.16005409,5185.15833873,0.00000000,1949.16738397,0.21026116,32.19330914,0.01998464,0.01998464,38542,118,1
nan,nan,0.00000000,-1.00000000,0.00000000,32.27355708,nan,0.00000000,-2147483648,118,1
5185.43076675,5185.42746223,0.00000000,1961.34291566,0.17414065,32.33566131,0.01998465,0.01998464,38540,118,1
nan,nan,0.00000000,-1.00000000,0.00000000,32.40079867,nan,0.00000000,-2147483648,118,1
nan,nan,0.00000000,-1.00000000,0.00000000,32.48051884,nan,0.00000000,-2147483648,118,1
5185.81986390,5185.83119991,0.00000000,1978.87594279,0.08213165,32.53547449,0.01998459,0.01998464,38537,118,1
nan,nan,0.00000000,-1.00000000,0.00000000,32.61492093,nan,0.00000000,-2147483648,118,1
5186.09623866,5186.10039332,0.00000000,1991.35342161,0.16209087,32.67396020,0.01998462,0.01998464,38535,118,1
5186.23357967,5186.23500052,1997.62860319,1997.56435592,0.16222182,32.74174608,0.01998463,0.01998464,38534,118,0
5186.37223829,nan,0.00000000,2003.83381539,0.24065142,32.80939769,0.01998465,0.01998464,38533,118,1
5186.50412444,5186.50423590,2009.81093324,2009.80588649,0.27738103,32.87311879,0.01998464,0.01998464,38532,118,0
nan,nan,0.00000000,-1.00000000,0.00000000,32.92796738,nan,0.00000000,-2147483648,118,1
nan,nan,0.00000000,-1.00000000,0.00000000,32.94894514,nan,0.00000000,-2147483648,118,1
5186.78286362,5186.77349925,0.00000000,2022.43875957,0.11597483,33.00559336,0.01998467,0.01998464,38530,118,1
5186.91299198,5186.90814143,0.00000000,2028.34398240,0.19919827,33.06644108,0.01998466,0.01998464,38529,118,1
5187.03812623,5187.04279059,0.00000000,2034.02679406,0.22814538,33.12434986,0.01998462,0.01998464,38528,118,1
nan,nan,0.00000000,-1.00000000,0.00000000,33.18453418,nan,0.00000000,-2147483648,118,1
5187.31410801,5187.31210993,0.00000000,2046.57483130,0.05252124,33.24997106,0.01998465,0.01998464,38526,118,1
nan,nan,0.00000000,-1.00000000,0.00000000,33.28372483,nan,0.00000000,-2147483648,118,1
nan,nan,0.00000000,-1.00000000,0.00000000,33.30332783,nan,0.00000000,-2147483648,118,1
5187.57135533,5187.58145725,0.00000000,2058.28933115,0.22322445,33.36446241,0.01998460,0.01998464,38524,118,1
5187.57135533,5187.58145725,0.00000000,2058.28933115,0.22322445,33.36446241,0.01998460,0.01998464,38524,118,1
5187.71022310,5187.71614142,0.00000000,2064.62042971,0.15770109,33.42522155,0.01998462,0.01998464,38523,118,1
5187.83515338,5187.85083258,0.00000000,2070.32052609,0.11358730,33.47925497,0.01998458,0.01998464,38522,118,1
5187.99007998,5187.98553074,0.00000000,2077.39507040,0.14450160,33.54543520,0.01998466,0.01998464,38521,118,1
nan,nan,0.00000000,-1.00000000,0.00000000,33.58798847,nan,0.00000000,-2147483648,118,1
5188.25843256,5188.25494808,0.00000000,2089.66440495,0.16742011,33.65789770,0.01998465,0.01998464,38519,118,1
5188.38699997,5188.38966725,0.00000000,2095.54953725,0.10701479,33.71080160,0.01998463,0.01998464,38518,118,1
5188.38699997,5188.38966725,0.00000000,2095.54953725,0.10701479,33.71080160,0.01998463,0.01998464,38518,118,1
5188.53305059,5188.52439342,0.00000000,2102.24040565,0.21352404,33.77013054,0.01998467,0.01998464,38517,118,1
5188.65313543,5188.65912660,0.00000000,2107.74608169,0.22572458,33.81829797,0.01998462,0.01998464,38516,118,1
5188.79062130,5188.79386678,0.00000000,2114.05439821,0.18461800,33.87276425,0.01998463,0.01998464,38515,118,1
5188.93265714,5188.92861397,0.00000000,2120.57691567,0.04717926,33.92826859,0.01998466,0.01998464,38514,118,1
5189.07191563,5189.06336816,0.00000000,2126.97726702,0.14010359,33.98193224,0.01998467,0.01998464,38513,118,1
5189.07191563,5189.06336816,0.00000000,2126.97726702,0.14010359,33.98193224,0.01998467,0.01998464,38513,118,1
5189.33980918,5189.33289756,0.00000000,2139.30473179,0.16069147,34.08305845,0.01998467,0.01998464,38511,118,1
5189.46893414,5189.46767278,2145.18556511,2145.24370125,0.08280209,34.13072964,0.01998464,0.01998464,38510,118,0
5189.59216990,5189.60245500,0.00000000,2150.93558415,0.18371268,34.17577865,0.01998460,0.01998464,38509,118,1
5189.72791775,5189.73724423,0.00000000,2157.19927253,0.20668143,34.22463124,0.01998460,0.01998464,38508,118,1
nan,nan,0.00000000,-1.00000000,0.00000000,34.26156198,nan,0.00000000,-2147483648,118,1
5189.87929460,5189.87204047,0.00000000,2164.19016944,0.03614923,34.27826297,0.01998467,0.01998464,38507,118,1
5189.99317449,5190.00684372,0.00000000,2169.45359736,0.06725836,34.31802138,0.01998459,0.01998464,38506,118,1
5190.13788238,5190.14165398,0.00000000,2176.14710737,0.16762759,34.36781264,0.01998463,0.01998464,38505,118,1
5190.27015117,5190.27647125,0.00000000,2182.27038486,0.06838945,34.41260807,0.01998462,0.01998464,38504,118,1
nan,nan,0.00000000,-1.00000000,0.00000000,34.45387171,nan,0.00000000,-2147483648,118,1
nan,nan,0.00000000,-1.00000000,0.00000000,34.46812705,nan,0.00000000,-2147483648,118,1
5190.53618718,5190.54612682,0.00000000,2194.60123191,0.15568061,34.50063189,0.01998460,0.01998464,38502,118,1
nan,nan,0.00000000,-1.00000000,0.00000000,34.53825349,nan,0.00000000,-2147483648,118,1
5190.92120210,nan,0.00000000,2212.48226693,0.12666318,34.62310028,0.01998505,0.01998464,38500,118,1
5190.92120210,5190.81581045,0.00000000,2212.48226693,0.12666318,34.62310028,0.01998505,0.01998464,38500,118,1
5191.08594289,5191.08552213,2220.13000932,2220.14959715,0.04717569,34.67374088,0.01998464,0.01998464,38498,118,0
5191.22435727,5191.22038849,0.00000000,2226.59124506,0.15451539,34.71541822,0.01998466,0.01998464,38497,118,1
5191.34571527,5191.35526187,0.00000000,2232.24667554,0.13516292,34.75135594,0.01998460,0.01998464,38496,118,1
5191.50387695,5191.49014226,0.00000000,2239.62355529,0.17722729,34.79731614,0.01998469,0.01998464,38495,118,1
5191.63092825,5191.62502967,0.00000000,2245.55462369,0.06193475,34.83351660,0.01998466,0.01998464,38494,118,1
5191.75475041,5191.75992410,0.00000000,2251.33943523,0.18580190,34.86817930,0.01998462,0.01998464,38493,118,1
5191.89037447,5191.89482555,0.00000000,2257.68071171,0.20124734,34.90544500,0.01998462,0.01998464,38492,118,1
5192.02963501,5192.02973401,2264.20424465,2264.19961064,0.12101736,34.94295783,0.01998464,0.01998464,38491,118,0
5192.16541662,5192.16464950,2270.52234759,2270.55828780,0.22032799,34.97877110,0.01998465,0.01998464,38490,118,0
5192.29902644,5192.29957200,2276.84636865,2276.82078632,0.19648479,35.01329272,0.01998464,0.01998464,38489,118,0
nan,nan,0.00000000,-1.00000000,0.00000000,35.04128094,nan,0.00000000,-2147483648,118,1
nan,nan,0.00000000,-1.00000000,0.00000000,35.05195279,nan,0.00000000,-2147483648,118,1
nan,nan,0.00000000,-1.00000000,0.00000000,35.08351369,nan,0.00000000,-2147483648,118,1
5192.70442544,nan,0.00000000,2295.85543679,0.21557326,35.11365706,0.01998464,0.01998464,38486,118,1
5192.83665770,nan,0.00000000,2302.07481234,0.09350976,35.14496360,0.01998463,0.01998464,38485,118,1
5192.96183555,5192.97428983,0.00000000,2307.96715787,0.19944031,35.17394937,0.01998459,0.01998464,38484,118,1
5193.10697040,5193.10925446,0.00000000,2314.80473209,0.13056034,35.20676279,0.01998463,0.01998464,38483,118,1
5193.24946750,5193.24422612,0.00000000,2321.52413011,0.14751933,35.23814929,0.01998466,0.01998464,38482,118,1
nan,nan,0.00000000,-1.00000000,0.00000000,35.26309740,nan,0.00000000,-2147483648,118,1
nan,nan,0.00000000,-1.00000000,0.00000000,35.29416638,nan,0.00000000,-2147483648,118,1
5193.64330167,5193.64918324,0.00000000,2340.12678147,0.28068811,35.32060220,0.01998462,0.01998464,38479,118,1
5193.77969928,5193.78418300,0.00000000,2346.58033455,0.03429294,35.34768387,0.01998463,0.01998464,38478,118,1
5193.90215671,5193.91918979,0.00000000,2352.37909462,0.29484413,35.37134956,0.01998458,0.01998464,38477,118,1
5193.90215671,5193.91918979,0.00000000,2352.37909462,0.29484413,35.37134956,0.01998458,0.01998464,38477,118,1
5194.06303049,5194.05420360,0.00000000,2360.00388002,0.16826189,35.40150563,0.01998468,0.01998464,38476,118,1
5194.18898627,5194.18922444,2365.98650811,2365.97520705,0.23230773,35.42435976,0.01998464,0.01998464,38475,118,0
5194.30358359,5194.32425231,0.00000000,2371.41979240,0.02001805,35.44461454,0.01998456,0.01998464,38474,118,1
nan,nan,0.00000000,-1.00000000,0.00000000,35.47540573,nan,0.00000000,-2147483648,118,1
nan,nan,0.00000000,-1.00000000,0.00000000,35.48928859,nan,0.00000000,-2147483648,118,1
nan,nan,0.00000000,-1.00000000,0.00000000,35.51286234,nan,0.00000000,-2147483648,118,1
5194.85893835,5194.86443408,0.00000000,2397.84266810,0.13164041,35.53501953,0.01998462,0.01998464,38470,118,1
5194.99967566,5194.99949710,2404.54373876,2404.55225896,0.06858874,35.55589517,0.01998464,0.01998464,38469,118,0
nan,nan,0.00000000,-1.00000000,0.00000000,35.57808172,nan,0.00000000,-2147483648,118,1
5195.26078241,5195.26964423,0.00000000,2417.02091564,0.13624393,35.59245395,0.01998461,0.01998464,38467,118,1
5195.42519639,nan,0.00000000,2424.88209893,0.20854530,35.61401087,0.01998524,0.01998464,38467,118,1
5195.42519639,nan,0.00000000,2424.88209893,0.20854530,35.61401087,0.01998524,0.01998464,38467,118,1
5195.55355615,5195.53981950,0.00000000,2431.02526077,0.13451294,35.63005388,0.01998470,0.01998464,38465,118,1
5195.67021334,5195.67491768,0.00000000,2436.61281250,0.13509873,35.64403466,0.01998463,0.01998464,38464,118,1
5195.80923602,5195.81002290,2443.31389229,2443.27615730,0.12941083,35.65994639,0.01998464,0.01998464,38463,118,0
5195.95446230,5195.94513516,0.00000000,2450.24539663,0.23033644,35.67570361,0.01998468,0.01998464,38462,118,1
5196.08943439,5196.08025445,0.00000000,2456.72755872,0.14744446,35.68954786,0.01998468,0.01998464,38461,118,1
5196.20466768,5196.21538078,0.00000000,2462.26629702,0.20178953,35.70075774,0.01998460,0.01998464,38460,118,1
nan,nan,0.00000000,-1.00000000,0.00000000,35.70988610,nan,0.00000000,-2147483648,118,1
nan,nan,0.00000000,-1.00000000,0.00000000,35.71361766,nan,0.00000000,-2147483648,118,1
5196.48761797,5196.48565455,0.00000000,2475.88427499,0.18266443,35.72589384,0.01998465,0.01998464,38458,118,1
5196.61279668,5196.62080199,0.00000000,2481.91706355,0.11035100,35.73592781,0.01998461,0.01998464,38457,118,1
5196.75113170,5196.75595647,0.00000000,2488.58971637,0.49908195,35.74623897,0.01998463,0.01998464,38456,118,1
5196.91258066,nan,0.00000000,2496.38502748,0.03848948,35.75723851,0.01998525,0.01998464,38456,118,1
5197.02695838,nan,0.00000000,2501.91264160,0.19652035,35.76435529,0.01998465,0.01998464,38454,118,1
nan,nan,0.00000000,-1.00000000,0.00000000,35.77040469,nan,0.00000000,-2147483648,118,1
nan,nan,0.00000000,-1.00000000,0.00000000,35.77265156,nan,0.00000000,-2147483648,118,1
5197.30406965,5197.29664479,0.00000000,2515.32227549,0.48911587,35.77926685,0.01998467,0.01998465,38452,118,1
5197.30406965,5197.29664479,0.00000000,2515.32227549,0.48911587,35.77926685,0.01998467,0.01998465,38452,118,1
5197.43489125,5197.43183448,0.00000000,2521.66146619,0.26951694,35.78515665,0.01998466,0.01998465,38451,118,1
5197.58675041,nan,0.00000000,2529.02703792,0.07664819,35.79106586,0.01998524,0.01998465,38451,118,1
5197.58675041,nan,0.00000000,2529.02703792,0.07664819,35.79106586,0.01998524,0.01998465,38451,118,1
5197.70542515,5197.70223497,0.00000000,2534.78830388,0.15433772,35.79498841,0.01998466,0.01998465,38449,118,1
5197.84383666,5197.83744579,0.00000000,2541.51353381,0.07763631,35.79879085,0.01998467,0.01998465,38448,118,1
5197.96008874,5197.97266364,0.00000000,2547.16691283,0.02184800,35.80134051,0.01998460,0.01998465,38447,118,1
5198.11405192,5198.10788855,0.00000000,2554.66102467,0.03617838,35.80381017,0.01998467,0.01998465,38446,118,1
5198.24144288,5198.24312049,0.00000000,2560.86764178,0.24894707,35.80507035,0.01998464,0.01998465,38445,118,1
nan,nan,0.00000000,-1.00000000,0.00000000,35.80564045,nan,0.00000000,-2147483648,118,1
nan,nan,0.00000000,-1.00000000,0.00000000,35.80554935,nan,0.00000000,-2147483648,118,1
nan,nan,0.00000000,-1.00000000,0.00000000,35.80528734,nan,0.00000000,-2147483648,118,1
nan,nan,0.00000000,-1.00000000,0.00000000,35.80502046,nan,0.00000000,-2147483648,118,1
5198.65413555,5198.64885862,0.00000000,2581.01131714,0.05591410,35.80426288,0.01998467,0.01998465,38442,118,1
5198.78035279,nan,0.00000000,2587.18332947,0.12408933,35.80251791,0.01998463,0.01998465,38441,118,1
nan,nan,0.00000000,-1.00000000,0.00000000,35.79930049,nan,0.00000000,-2147483648,118,1
5199.05449966,nan,0.00000000,2600.60743466,0.17123840,35.79629913,0.01998465,0.01998465,38439,118,1
5199.18960250,5199.18994145,2607.24712389,2607.23049908,0.16903986,35.79200840,0.01998465,0.01998465,38438,118,0
nan,nan,0.00000000,-1.00000000,0.00000000,35.78678844,nan,0.00000000,-2147483648,118,1
nan,nan,0.00000000,-1.00000000,0.00000000,35.78050402,nan,0.00000000,-2147483648,118,1
5199.58973648,5199.59582760,0.00000000,2626.88918313,0.23697638,35.77451881,0.01998462,0.01998465,38435,118,1
nan,nan,0.00000000,-1.00000000,0.00000000,35.77109987,nan,0.00000000,-2147483648,118,1
nan,nan,0.00000000,-1.00000000,0.00000000,35.76644224,nan,0.00000000,-2147483648,118,1
5199.86800667,5199.86645363,0.00000000,2640.59147927,0.06604333,35.75812552,0.01998465,0.01998465,38433,118,1
5199.99326702,5200.00177722,0.00000000,2646.76805034,0.14944615,35.74960781,0.01998461,0.01998465,38432,118,1
5200.13760960,5200.13710786,2653.85888766,2653.88366381,0.11104038,35.73892651,0.01998465,0.01998465,38431,118,0
5200.27037707,5200.27244556,0.00000000,2660.45143766,0.18737578,35.72824250,0.01998464,0.01998465,38430,118,1
5200.39603381,5200.40779032,0.00000000,2666.66494365,0.11467064,35.71740589,0.01998460,0.01998465,38429,118,1
5200.39603381,5200.40779032,0.00000000,2666.66494365,0.11467064,35.71740589,0.01998460,0.01998465,38429,118,1
5200.54362842,5200.54314213,2673.93867935,2673.96276286,0.24272659,35.70377350,0.01998465,0.01998465,38428,118,0
5200.66843792,nan,0.00000000,2680.15361510,0.02905388,35.69144295,0.01998461,0.01998465,38427,118,1
5200.82170185,5200.81386692,0.00000000,2687.75414038,0.05716358,35.67534350,0.01998468,0.01998465,38426,118,1
5200.94459782,5200.94923990,0.00000000,2693.85460561,0.13926162,35.66165526,0.01998463,0.01998465,38425,118,1
nan,nan,0.00000000,-1.00000000,0.00000000,35.64717648,nan,0.00000000,-2147483648,118,1
5201.21216841,5201.22000703,0.00000000,2707.15490898,0.28352578,35.62944730,0.01998462,0.01998465,38423,118,1
5201.36204168,5201.35540119,0.00000000,2714.61575596,0.23621017,35.60996114,0.01998467,0.01998465,38422,118,1
5201.49727817,5201.49080240,0.00000000,2721.35477540,0.14192430,35.59148387,0.01998467,0.01998465,38421,118,1
5201.61854376,5201.62621068,0.00000000,2727.40311293,0.11403242,35.57419220,0.01998462,0.01998465,38420,118,1
5201.75474054,nan,0.00000000,2734.20239632,0.36716174,35.55395399,0.01998462,0.01998465,38419,118,1
5201.89889023,5201.89704841,0.00000000,2741.40590650,0.07054578,35.53158942,0.01998466,0.01998465,38418,118,1
5202.03295718,5202.03247787,2748.09078954,2748.11477971,0.33528144,35.50990650,0.01998465,0.01998465,38417,118,0
5202.16240464,5202.16791439,0.00000000,2754.59356987,0.07486591,35.48818555,0.01998463,0.01998465,38416,118,1
5202.28123950,nan,0.00000000,2760.54885498,0.27535752,35.46754240,0.01998508,0.01998465,38416,118,1
5202.43890953,5202.43880862,2768.45554381,2768.46060797,0.32631429,35.43911408,0.01998465,0.01998465,38414,118,0
5202.56789195,5202.57426634,0.00000000,2774.93511232,0.22746543,35.41499836,0.01998462,0.01998465,38413,118,1
5202.70679985,5202.70973111,0.00000000,2781.91720483,0.16588596,35.38813305,0.01998464,0.01998465,38412,118,1
nan,nan,0.00000000,-1.00000000,0.00000000,35.36801518,nan,0.00000000,-2147483648,118,1
nan,nan,0.00000000,-1.00000000,0.00000000,35.35591945,nan,0.00000000,-2147483648,118,1
5202.98790525,5202.98068186,0.00000000,2796.06823891,0.34129685,35.33094993,0.01998468,0.01998465,38410,118,1
5203.12304751,5203.11616784,0.00000000,2802.88167632,0.17270709,35.30211201,0.01998468,0.01998465,38409,118,1
nan,nan,0.00000000,-1.00000000,0.00000000,35.27107749,nan,0.00000000,-2147483648,118,1
5203.38383957,5203.38716099,0.00000000,2816.04894799,0.10311664,35.24397753,0.01998464,0.01998465,38407,118,1
5203.51184191,5203.52266817,0.00000000,2822.52091009,0.06052101,35.21424211,0.01998461,0.01998465,38406,118,1
5203.66391227,5203.65818242,0.00000000,2830.21767145,0.27680901,35.17788316,0.01998467,0.01998465,38405,118,1
5203.79486830,5203.79370374,2836.80100121,2836.86004386,0.08195385,35.14563507,0.01998465,0.01998465,38404,118,0
5203.92678579,5203.92923212,0.00000000,2843.54282234,0.07408101,35.11237748,0.01998464,0.01998465,38403,118,1
5204.05920263,5204.06476758,0.00000000,2850.26485550,0.16650238,35.07810157,0.01998463,0.01998465,38402,118,1
5204.18764001,5204.20031011,0.00000000,2856.79115816,0.16259756,35.04403407,0.01998460,0.01998465,38401,118,1
5204.34391387,5204.33585971,0.00000000,2864.74028909,0.10674773,35.00148854,0.01998468,0.01998465,38400,118,1
5204.46949256,5204.47141639,0.00000000,2871.13473896,0.17844431,34.96642642,0.01998464,0.01998465,38399,118,1
5204.60793305,5204.60698013,2878.15596743,2878.20456473,0.15984181,34.92679181,0.01998465,0.01998465,38398,118,0
5204.75290369,nan,0.00000000,2885.58796617,0.17932521,34.88442474,0.01998469,0.01998465,38397,118,1
5204.87288307,5204.87812885,0.00000000,2891.71581175,0.17115067,34.84850618,0.01998463,0.01998465,38396,118,1
nan,nan,0.00000000,-1.00000000,0.00000000,34.79885786,nan,0.00000000,-2147483648,118,1
nan,nan,0.00000000,-1.00000000,0.00000000,34.75592881,nan,0.00000000,-2147483648,118,1
5205.28997427,5205.28490498,0.00000000,2913.06129567,0.35673965,34.71803357,0.01998467,0.01998465,38393,118,1
nan,nan,0.00000000,-1.00000000,0.00000000,34.68025392,nan,0.00000000,-2147483648,118,1
5205.54425771,5205.55612446,0.00000000,2926.10766052,0.09417156,34.63419091,0.01998461,0.01998465,38391,118,1
5205.54425771,5205.55612446,0.00000000,2926.10766052,0.09417156,34.63419091,0.01998461,0.01998465,38391,118,1
nan,nan,0.00000000,-1.00000000,0.00000000,34.57526229,nan,0.00000000,-2147483648,118,1
5205.82553044,5205.82737224,0.00000000,2940.56799100,0.24505590,34.53762830,0.01998464,0.01998465,38389,118,1
5205.95785280,5205.96300675,0.00000000,2947.38140957,0.05868824,34.49080583,0.01998463,0.01998465,38388,118,1
5206.10729520,5206.09864834,0.00000000,2955.08461039,0.25350114,34.43684702,0.01998468,0.01998465,38387,118,1
nan,nan,0.00000000,-1.00000000,0.00000000,34.40184933,nan,0.00000000,-2147483648,118,1
nan,nan,0.00000000,-1.00000000,0.00000000,34.36579618,nan,0.00000000,-2147483648,118,1
nan,nan,0.00000000,-1.00000000,0.00000000,34.35124698,nan,0.00000000,-2147483648,118,1
nan,nan,0.00000000,-1.00000000,0.00000000,34.33662466,nan,0.00000000,-2147483648,118,1
nan,nan,0.00000000,-1.00000000,0.00000000,34.31455410,nan,0.00000000,-2147483648,118,1
5206.50806713,5206.50561560,0.00000000,2975.78636673,0.16276561,34.28646349,0.01998466,0.01998465,38384,118,1
5206.64278384,5206.64128551,0.00000000,2982.75941047,0.23774860,34.23404549,0.01998466,0.01998465,38383,118,1
5206.77735489,5206.77696251,2989.71426965,2989.73460887,0.40143183,34.18072185,0.01998465,0.01998465,38382,118,0
5206.77735489,5206.77696251,2989.71426965,2989.73460887,0.40143183,34.18072185,0.01998465,0.01998465,38382,118,0
5206.91536374,5206.91264659,0.00000000,2996.89049792,0.19375512,34.12509229,0.01998466,0.01998465,38381,118,1
5206.91536374,5206.91264659,0.00000000,2996.89049792,0.19375512,34.12509229,0.01998466,0.01998465,38381,118,1
nan,nan,0.00000000,-1.00000000,0.00000000,34.06889585,nan,0.00000000,-2147483648,118,1
nan,nan,0.00000000,-1.00000000,0.00000000,34.00455492,nan,0.00000000,-2147483648,118,1
5207.30205405,5207.31974133,0.00000000,3016.98844758,0.16263675,33.96384201,0.01998458,0.01998465,38378,118,1
5207.44097893,5207.45545375,0.00000000,3024.22371229,0.21765632,33.90398258,0.01998460,0.01998465,38377,118,1
5207.58145176,5207.59117326,0.00000000,3031.54756182,0.16964079,33.84241440,0.01998461,0.01998465,38376,118,1
5207.73127883,5207.72689985,0.00000000,3039.36797431,0.24104730,33.77558771,0.01998467,0.01998465,38375,118,1
5207.85983326,5207.86263353,0.00000000,3046.08534910,0.29015914,33.71729249,0.01998464,0.01998465,38374,118,1
5207.85983326,5207.86263353,0.00000000,3046.08534910,0.29015914,33.71729249,0.01998464,0.01998465,38374,118,1
5208.01454631,5207.99837429,0.00000000,3054.17858180,0.19026885,33.64595940,0.01998471,0.01998465,38373,118,1
5208.01454631,5207.99837429,0.00000000,3054.17858180,0.19026885,33.64595940,0.01998471,0.01998465,38373,118,1
5208.13825937,5208.13412215,0.00000000,3060.65725449,0.18555400,33.58799206,0.01998467,0.01998465,38372,118,1
5208.26907652,5208.26987709,3067.56525882,3067.52325957,0.23358445,33.52571951,0.01998465,0.01998465,38371,118,0
5208.40275364,5208.40563912,0.00000000,3074.52965446,0.01924647,33.46128280,0.01998464,0.01998465,38370,118,1
5208.40275364,5208.40563912,0.00000000,3074.52965446,0.01924647,33.46128280,0.01998464,0.01998465,38370,118,1
5208.54631078,5208.54140825,0.00000000,3082.07120906,0.11169754,33.39091841,0.01998467,0.01998465,38369,118,1
5208.68762249,5208.67718446,0.00000000,3089.50319706,0.05744661,33.32055571,0.01998469,0.01998465,38368,118,1
5208.68762249,5208.67718446,0.00000000,3089.50319706,0.05744661,33.32055571,0.01998469,0.01998465,38368,118,1
5208.83664383,5208.81296777,0.00000000,3097.34970850,0.22036859,33.24516865,0.01998474,0.01998465,38367,118,1
nan,nan,0.00000000,-1.00000000,0.00000000,33.18038979,nan,0.00000000,-2147483648,118,1
nan,nan,0.00000000,-1.00000000,0.00000000,33.10138778,nan,0.00000000,-2147483648,118,1
nan,nan,0.00000000,-1.00000000,0.00000000,33.05141461,nan,0.00000000,-2147483648,118,1
nan,nan,0.00000000,-1.00000000,0.00000000,33.03129675,nan,0.00000000,-2147483648,118,1
5209.33901973,5209.35617192,0.00000000,3123.87052917,0.22660360,32.98199700,0.01998459,0.01998465,38363,118,1
nan,nan,0.00000000,-1.00000000,0.00000000,32.95009028,nan,0.00000000,-2147483648,118,1
5209.47967222,5209.49199069,0.00000000,3131.31485577,0.30326789,32.90580267,0.01998461,0.01998465,38362,118,1
5209.47967222,5209.49199069,0.00000000,3131.31485577,0.30326789,32.90580267,0.01998461,0.01998465,38362,118,1
5209.63831658,5209.62781656,0.00000000,3139.72157133,0.23919415,32.81853309,0.01998469,0.01998465,38361,118,1
5209.63831658,5209.62781656,0.00000000,3139.72157133,0.23919415,32.81853309,0.01998469,0.01998465,38361,118,1
5209.77070135,5209.76364952,0.00000000,3146.74501599,0.19306336,32.74462650,0.01998468,0.01998465,38360,118,1
nan,nan,0.00000000,-1.00000000,0.00000000,32.65660021,nan,0.00000000,-2147483648,118,1
nan,nan,0.00000000,-1.00000000,0.00000000,32.63508462,nan,0.00000000,-2147483648,118,1
5210.03337406,5210.03533674,0.00000000,3160.70298467,0.11599562,32.59505426,0.01998465,0.01998465,38358,118,1
5210.16902759,5210.17119099,0.00000000,3167.92305117,0.10845956,32.51627699,0.01998465,0.01998465,38357,118,1
nan,nan,0.00000000,-1.00000000,0.00000000,32.42701224,nan,0.00000000,-2147483648,118,1
nan,nan,0.00000000,-1.00000000,0.00000000,32.40472293,nan,0.00000000,-2147483648,118,1
5210.46092476,5210.44292079,0.00000000,3183.48620001,0.41844640,32.34320256,0.01998472,0.01998465,38355,118,1
5210.58908357,5210.57879634,0.00000000,3190.33102621,0.00104412,32.26566874,0.01998469,0.01998465,38354,118,1
5210.58908357,5210.57879634,0.00000000,3190.33102621,0.00104412,32.26566874,0.01998469,0.01998465,38354,118,1
5210.70318120,5210.71467899,0.00000000,3196.43092151,0.09263022,32.19584465,0.01998461,0.01998465,38353,118,1
5210.86005144,5210.85056874,0.00000000,3204.82688202,0.25410358,32.09861485,0.01998469,0.01998465,38352,118,1
5210.86005144,nan,0.00000000,3204.82688202,0.25410358,32.09861485,0.01998469,0.01998465,38352,118,1
5210.86005144,nan,0.00000000,3204.82688202,0.25410358,32.09861485,0.01998469,0.01998465,38352,118,1
nan,nan,0.00000000,-1.00000000,0.00000000,32.02629639,nan,0.00000000,-2147483648,118,1
nan,nan,0.00000000,-1.00000000,0.00000000,32.00271529,nan,0.00000000,-2147483648,118,1
5211.10751582,5211.12236954,0.00000000,3218.09370872,0.14183483,31.94232381,0.01998460,0.01998465,38350,118,1
5211.25553720,5211.25828059,0.00000000,3226.04228903,0.12945023,31.84712656,0.01998464,0.01998465,38349,118,1
5211.25553720,5211.25828059,0.00000000,3226.04228903,0.12945023,31.84712656,0.01998464,0.01998465,38349,118,1
5211.37747486,5211.39419875,0.00000000,3232.59754501,0.09929363,31.76773750,0.01998459,0.01998465,38348,118,1
5211.52188444,5211.53012401,0.00000000,3240.36947899,0.04954754,31.67258337,0.01998462,0.01998465,38347,118,1
5211.67334793,5211.66605637,0.00000000,3248.53111012,0.40457001,31.57145426,0.01998468,0.01998465,38346,118,1
nan,nan,0.00000000,-1.00000000,0.00000000,31.49042296,nan,0.00000000,-2147483648,118,1
5211.94056779,5211.93794241,0.00000000,3262.95553963,0.04522319,31.38970594,0.01998467,0.01998465,38344,118,1
nan,nan,0.00000000,-1.00000000,0.00000000,31.29954334,nan,0.00000000,-2147483648,118,1
5212.19947779,5212.20985687,0.00000000,3276.96232801,0.23235762,31.20952716,0.01998462,0.01998466,38342,118,1
5212.50405979,5212.48179976,0.00000000,3293.47916809,0.06185634,30.99237926,0.01998474,0.01998466,38340,118,1
5212.61893315,5212.61778187,3299.66044980,3299.72302283,0.04420965,30.90897016,0.01998466,0.01998466,38339,118,0
5212.61893315,5212.61778187,3299.66044980,3299.72302283,0.04420965,30.90897016,0.01998466,0.01998466,38339,118,0
5212.75008949,5212.75377108,0.00000000,3306.85203004,0.17777818,30.81284990,0.01998464,0.01998466,38338,118,1
5212.75008949,5212.75377108,0.00000000,3306.85203004,0.17777818,30.81284990,0.01998464,0.01998466,38338,118,1
5212.89030664,5212.88976741,3314.46013084,3314.48950613,0.11171770,30.70882430,0.01998466,0.01998466,38337,118,0
nan,nan,0.00000000,-1.00000000,0.00000000,30.60546867,nan,0.00000000,-2147483648,118,1
5213.16926282,5213.16178139,0.00000000,3329.70079717,0.10273556,30.49840246,0.01998468,0.01998466,38335,118,1
5213.28714771,5213.29779904,0.00000000,3336.14139882,0.15188270,30.40800768,0.01998462,0.01998466,38334,118,1
nan,nan,0.00000000,-1.00000000,0.00000000,30.29666236,nan,0.00000000,-2147483648,118,1
nan,nan,0.00000000,-1.00000000,0.00000000,30.25385240,nan,0.00000000,-2147483648,118,1
nan,nan,0.00000000,-1.00000000,0.00000000,30.18212879,nan,0.00000000,-2147483648,118,1
nan,nan,0.00000000,-1.00000000,0.00000000,30.10993786,nan,0.00000000,-2147483648,118,1
nan,nan,0.00000000,-1.00000000,0.00000000,30.03727940,nan,0.00000000,-2147483648,118,1
5213.85433087,5213.84194079,0.00000000,3367.22098192,0.39978076,29.96091046,0.01998470,0.01998466,38330,118,1
5213.97831440,5213.97799401,3374.01869579,3374.03631553,0.05443751,29.86045256,0.01998466,0.01998466,38329,118,0
5214.11204331,5214.11405434,0.00000000,3381.39329103,0.24619413,29.75103424,0.01998465,0.01998466,38328,118,1
5214.11204331,5214.11405434,0.00000000,3381.39329103,0.24619413,29.75103424,0.01998465,0.01998466,38328,118,1
5214.25322261,5214.25012179,0.00000000,3389.17064524,0.06401318,29.63426039,0.01998467,0.01998466,38327,118,1
5214.25322261,5214.25012179,0.00000000,3389.17064524,0.06401318,29.63426039,0.01998467,0.01998466,38327,118,1
nan,nan,0.00000000,-1.00000000,0.00000000,29.56117847,nan,0.00000000,-2147483648,118,1
nan,nan,0.00000000,-1.00000000,0.00000000,29.53078458,nan,0.00000000,-2147483648,118,1
5214.53871016,5214.52227804,0.00000000,3404.92714392,0.23207859,29.39420325,0.01998472,0.01998466,38325,118,1
5214.66315271,5214.65836684,0.00000000,3411.80770299,0.09667046,29.28791177,0.01998468,0.01998466,38324,118,1
nan,nan,0.00000000,-1.00000000,0.00000000,29.20711125,nan,0.00000000,-2147483648,118,1
5214.91377200,5214.93056579,0.00000000,3425.68765851,0.29540561,29.07078252,0.01998459,0.01998466,38322,118,1
5215.05527423,nan,0.00000000,3433.53803583,0.35545508,28.94636986,0.01998461,0.01998466,38321,118,1
nan,nan,0.00000000,-1.00000000,0.00000000,28.90711341,nan,0.00000000,-2147483648,118,1
5215.19022162,5215.20279321,0.00000000,3441.03395370,0.07904595,28.82649031,0.01998461,0.01998466,38320,118,1
nan,nan,0.00000000,-1.00000000,0.00000000,28.69793006,nan,0.00000000,-2147483648,118,1
nan,nan,0.00000000,-1.00000000,0.00000000,28.41956579,nan,0.00000000,-2147483648,118,1
5215.74388052,5215.74733351,0.00000000,3471.88270990,0.13521960,28.32196696,0.01998464,0.01998466,38316,118,1
nan,nan,0.00000000,-1.00000000,0.00000000,28.15258005,nan,0.00000000,-2147483648,118,1
5216.02298325,5216.01964638,0.00000000,3487.49198497,0.05085482,28.05981892,0.01998467,0.01998466,38314,118,1
5216.13886218,5216.15581351,0.00000000,3493.98427073,0.18886293,27.94942427,0.01998459,0.01998466,38313,118,1
5216.13886218,5216.15581351,0.00000000,3493.98427073,0.18886293,27.94942427,0.01998459,0.01998466,38313,118,1
5216.28633718,5216.29198776,0.00000000,3502.25663719,0.14644041,27.80760147,0.01998464,0.01998466,38312,118,1
5216.54691449,5216.56435763,0.00000000,3516.90042969,0.24451336,27.55335561,0.01998459,0.01998466,38310,118,1
5216.70453538,5216.70055325,0.00000000,3525.77524162,0.13131401,27.39728395,0.01998467,0.01998466,38309,118,1
5216.70453538,5216.70055325,0.00000000,3525.77524162,0.13131401,27.39728395,0.01998467,0.01998466,38309,118,1
5216.70453538,5216.70055325,0.00000000,3525.77524162,0.13131401,27.39728395,0.01998467,0.01998466,38309,118,1
5216.82275855,nan,0.00000000,3532.44018242,0.44563964,27.27908765,0.01998460,0.01998466,38308,118,1
nan,nan,0.00000000,-1.00000000,0.00000000,27.10807340,nan,0.00000000,-2147483648,118,1
5217.09580244,5217.10918288,0.00000000,3547.86097223,0.18384712,27.00236399,0.01998461,0.01998466,38306,118,1
5217.23896094,5217.24540702,0.00000000,3555.96170234,0.38648855,26.85517653,0.01998463,0.01998466,38305,118,1
5217.39484658,5217.38163828,0.00000000,3564.79481542,0.22435466,26.69325021,0.01998471,0.01998466,38304,118,1
5217.39484658,5217.38163828,0.00000000,3564.79481542,0.22435466,26.69325021,0.01998471,0.01998466,38304,118,1
5217.50694396,5217.51787667,0.00000000,3571.15460458,0.20626658,26.57573840,0.01998462,0.01998466,38303,118,1
nan,nan,0.00000000,-1.00000000,0.00000000,26.46704694,nan,0.00000000,-2147483648,118,1
5217.77286949,5217.79037485,0.00000000,3586.26831969,0.28498253,26.29336351,0.01998459,0.01998466,38301,118,1
5217.93202125,5217.92663463,0.00000000,3595.33157903,0.30138291,26.12192593,0.01998468,0.01998466,38300,118,1
5217.93202125,5217.92663463,0.00000000,3595.33157903,0.30138291,26.12192593,0.01998468,0.01998466,38300,118,1
nan,nan,0.00000000,-1.00000000,0.00000000,25.97563792,nan,0.00000000,-2147483648,118,1
nan,nan,0.00000000,-1.00000000,0.00000000,25.91809959,nan,0.00000000,-2147483648,118,1
nan,nan,0.00000000,-1.00000000,0.00000000,25.84111193,nan,0.00000000,-2147483648,118,1
5218.34122871,5218.33545677,0.00000000,3618.69708744,0.36316456,25.67265458,0.01998468,0.01998466,38297,118,1
5218.46582116,5218.47174509,0.00000000,3625.82916492,0.11658930,25.53342043,0.01998464,0.01998466,38296,118,1
nan,nan,0.00000000,-1.00000000,0.00000000,25.45154073,nan,0.00000000,-2147483648,118,1
nan,nan,0.00000000,-1.00000000,0.00000000,25.41215839,nan,0.00000000,-2147483648,118,1
nan,nan,0.00000000,-1.00000000,0.00000000,25.35293973,nan,0.00000000,-2147483648,118,1
nan,nan,0.00000000,-1.00000000,0.00000000,25.29354684,nan,0.00000000,-2147483648,118,1
nan,nan,0.00000000,-1.00000000,0.00000000,25.21408514,nan,0.00000000,-2147483648,118,1
nan,nan,0.00000000,-1.00000000,0.00000000,25.15428538,nan,0.00000000,-2147483648,118,1
5218.89084515,5218.88065284,0.00000000,3650.22245157,0.11562645,25.04976858,0.01998470,0.01998466,38293,118,1
5218.89084515,5218.88065284,0.00000000,3650.22245157,0.11562645,25.04976858,0.01998470,0.01998466,38293,118,1
nan,nan,0.00000000,-1.00000000,0.00000000,24.91334051,nan,0.00000000,-2147483648,118,1
5219.17420969,5219.15329369,0.00000000,3666.54054675,0.14619587,24.71978264,0.01998474,0.01998466,38291,118,1
5219.27556817,5219.28962481,0.00000000,3672.38824538,0.03975900,24.60026989,0.01998461,0.01998466,38290,118,1
5219.27556817,5219.28962481,0.00000000,3672.38824538,0.03975900,24.60026989,0.01998461,0.01998466,38290,118,1
nan,nan,0.00000000,-1.00000000,0.00000000,24.34024895,nan,0.00000000,-2147483648,118,1
nan,nan,0.00000000,-1.00000000,0.00000000,24.08995981,nan,0.00000000,-2147483648,118,1
5220.38575221,5220.38053086,0.00000000,3736.81549037,0.20926882,23.23931700,0.01998468,0.01998466,38282,118,1
5220.53378601,5220.51692625,0.00000000,3745.45925643,0.26520597,23.05053258,0.01998473,0.01998466,38281,118,1
5221.32251408,5221.33544862,0.00000000,3791.72775852,0.11738322,22.01491914,0.01998461,0.01998466,38275,118,1
5221.58536556,5221.60834657,0.00000000,3807.22833635,0.53156214,21.65848294,0.01998457,0.01998466,38273,118,1
5221.87054680,5221.88127312,0.00000000,3824.09222291,0.14264216,21.26526173,0.01998462,0.01998466,38271,118,1
nan,nan,0.00000000,-1.00000000,0.00000000,20.11712410,nan,0.00000000,-2147483648,118,1
5223.19898722,nan,0.00000000,3903.29839172,0.10864137,19.34208201,0.01998500,0.01998466,38262,118,1
nan,nan,0.00000000,-1.00000000,0.00000000,18.86950133,nan,0.00000000,-2147483648,118,1
5223.90606821,5223.92913409,0.00000000,3945.90428031,0.20651593,18.25508444,0.01998458,0.01998466,38256,118,1
nan,nan,0.00000000,-1.00000000,0.00000000,17.59747012,nan,0.00000000,-2147483648,118,1
5224.64808641,nan,0.00000000,3990.95945111,0.20906083,17.06520990,0.01998532,0.01998466,38252,118,1
5224.99877099,5225.02198502,0.00000000,4012.37795692,0.50048304,16.48489527,0.01998458,0.01998466,38248,118,1
5225.07720688,5225.02198502,0.00000000,4017.17964927,0.21590552,16.35349446,0.01998488,0.01998466,38248,118,1
nan,nan,0.00000000,-1.00000000,0.00000000,16.22110183,nan,0.00000000,-2147483648,118,1
nan,nan,0.00000000,-1.00000000,0.00000000,16.08326512,nan,0.00000000,-2147483648,118,1
5225.39841946,5225.43192230,0.00000000,4036.88642599,0.10157533,15.80919199,0.01998454,0.01998466,38245,118,1
5225.71569592,5225.70524963,0.00000000,4056.41973648,0.19166508,15.26169509,0.01998470,0.01998466,38243,118,1
nan,nan,0.00000000,-1.00000000,0.00000000,15.04708031,nan,0.00000000,-2147483648,118,1
5199.37788088,5199.32522978,0.00000000,705.00000000,nan,36.84036282,0.01998485,0.01998465,38437,117,1
nan,nan,0.00000000,-1.00000000,0.00000000,37.36882466,nan,0.00000000,-2147483648,117,1
nan,nan,0.00000000,-1.00000000,0.00000000,37.47405610,nan,0.00000000,-2147483648,117,1
nan,nan,0.00000000,-1.00000000,0.00000000,37.71899791,nan,0.00000000,-2147483648,117,1
5200.25549815,nan,0.00000000,738.91179760,0.14158838,38.02962379,0.01998458,0.01998465,38430,117,1
5200.25549815,nan,0.00000000,738.91179760,0.14158838,38.02962379,0.01998458,0.01998465,38430,117,1
5200.38502993,5200.40779032,0.00000000,743.92743438,0.03238004,38.20384859,0.01998456,0.01998465,38429,117,1
nan,nan,0.00000000,-1.00000000,0.00000000,38.31036528,nan,0.00000000,-2147483648,117,1
nan,nan,0.00000000,-1.00000000,0.00000000,38.37961234,nan,0.00000000,-2147483648,117,1
nan,nan,0.00000000,-1.00000000,0.00000000,38.55242977,nan,0.00000000,-2147483648,117,1
5200.78956001,5200.81386692,0.00000000,759.60874291,0.03909067,38.74577678,0.01998455,0.01998465,38426,117,1
5200.78956001,5200.81386692,0.00000000,759.60874291,0.03909067,38.74577678,0.01998455,0.01998465,38426,117,1
5200.93951494,5200.94923990,0.00000000,765.42834526,0.48748867,38.94582137,0.01998461,0.01998465,38425,117,1
nan,nan,0.00000000,-1.00000000,0.00000000,39.30772436,nan,0.00000000,-2147483648,117,1
nan,nan,0.00000000,-1.00000000,0.00000000,39.37597465,nan,0.00000000,-2147483648,117,1
nan,nan,0.00000000,-1.00000000,0.00000000,39.44415605,nan,0.00000000,-2147483648,117,1
nan,nan,0.00000000,-1.00000000,0.00000000,39.51226854,nan,0.00000000,-2147483648,117,1
nan,nan,0.00000000,-1.00000000,0.00000000,39.58031210,nan,0.00000000,-2147483648,117,1
nan,nan,0.00000000,-1.00000000,0.00000000,39.85179663,nan,0.00000000,-2147483648,117,1
nan,nan,0.00000000,-1.00000000,0.00000000,40.02091370,nan,0.00000000,-2147483648,117,1
nan,nan,0.00000000,-1.00000000,0.00000000,40.18959905,nan,0.00000000,-2147483648,117,1
5202.17359027,5202.16791439,0.00000000,813.46055753,0.18355936,40.57461423,0.01998467,0.01998465,38416,117,1
nan,nan,0.00000000,-1.00000000,0.00000000,40.79328710,nan,0.00000000,-2147483648,117,1
nan,nan,0.00000000,-1.00000000,0.00000000,40.92667826,nan,0.00000000,-2147483648,117,1
5202.70697084,5202.70973111,0.00000000,834.29796823,0.08282736,41.26881637,0.01998464,0.01998465,38412,117,1
nan,nan,0.00000000,-1.00000000,0.00000000,41.42442401,nan,0.00000000,-2147483648,117,1
nan,nan,0.00000000,-1.00000000,0.00000000,41.68829107,nan,0.00000000,-2147483648,117,1
nan,nan,0.00000000,-1.00000000,0.00000000,41.75408402,nan,0.00000000,-2147483648,117,1
5203.22118523,5203.25166088,0.00000000,854.43129444,0.99697429,41.93240345,0.01998453,0.01998465,38408,117,1
5203.41894307,5203.25166088,0.00000000,862.18596201,0.08195440,42.18611362,0.01998529,0.01998465,38408,117,1
nan,nan,0.00000000,-1.00000000,0.00000000,42.34308797,nan,0.00000000,-2147483648,117,1
nan,nan,0.00000000,-1.00000000,0.00000000,42.50569838,nan,0.00000000,-2147483648,117,1
5203.79157094,5203.79370374,0.00000000,876.81561497,0.44745843,42.66189993,0.01998464,0.01998465,38404,117,1
5203.93402220,5203.92923212,0.00000000,882.41453024,0.24559160,42.84300006,0.01998467,0.01998465,38403,117,1
5204.11047189,nan,0.00000000,889.35446976,1.04886000,43.06671634,0.01998535,0.01998465,38403,117,1
5204.28436101,nan,0.00000000,896.19885094,0.19519909,43.28652745,0.01998497,0.01998465,38401,117,1
nan,nan,0.00000000,-1.00000000,0.00000000,43.50413814,nan,0.00000000,-2147483648,117,1
nan,nan,0.00000000,-1.00000000,0.00000000,43.63174449,nan,0.00000000,-2147483648,117,1
nan,nan,0.00000000,-1.00000000,0.00000000,43.69544253,nan,0.00000000,-2147483648,117,1
5204.73735686,5204.74255095,0.00000000,914.05314490,0.42437313,43.85606787,0.01998463,0.01998465,38397,117,1
nan,nan,0.00000000,-1.00000000,0.00000000,44.17094183,nan,0.00000000,-2147483648,117,1
nan,nan,0.00000000,-1.00000000,0.00000000,44.26556778,nan,0.00000000,-2147483648,117,1
nan,nan,0.00000000,-1.00000000,0.00000000,44.32856390,nan,0.00000000,-2147483648,117,1
5205.43208199,5205.42051118,0.00000000,941.50300549,0.26492216,44.72079044,0.01998470,0.01998465,38392,117,1
5205.55258245,5205.55612446,0.00000000,946.27263834,0.26075326,44.86969183,0.01998464,0.01998465,38391,117,1
nan,nan,0.00000000,-1.00000000,0.00000000,45.04796281,nan,0.00000000,-2147483648,117,1
nan,nan,0.00000000,-1.00000000,0.00000000,45.41960220,nan,0.00000000,-2147483648,117,1
5206.24174522,5206.23429701,0.00000000,973.59925846,0.04333103,45.71506126,0.01998468,0.01998465,38386,117,1
5206.48811251,5206.50561560,0.00000000,983.38823152,0.17084310,46.01468277,0.01998458,0.01998465,38384,117,1
nan,nan,0.00000000,-1.00000000,0.00000000,46.18568379,nan,0.00000000,-2147483648,117,1
5206.76831636,5206.77696251,0.00000000,994.53454315,0.02743413,46.35378555,0.01998462,0.01998465,38382,117,1
nan,nan,0.00000000,-1.00000000,0.00000000,46.51925642,nan,0.00000000,-2147483648,117,1
nan,nan,0.00000000,-1.00000000,0.00000000,46.57967563,nan,0.00000000,-2147483648,117,1
nan,nan,0.00000000,-1.00000000,0.00000000,46.88070746,nan,0.00000000,-2147483648,117,1
nan,nan,0.00000000,-1.00000000,0.00000000,47.00062325,nan,0.00000000,-2147483648,117,1
nan,nan,0.00000000,-1.00000000,0.00000000,47.17996407,nan,0.00000000,-2147483648,117,1
nan,nan,0.00000000,-1.00000000,0.00000000,47.32892601,nan,0.00000000,-2147483648,117,1
nan,nan,0.00000000,-1.00000000,0.00000000,47.38838631,nan,0.00000000,-2147483648,117,1
5207.74822416,5207.59117326,0.00000000,1033.62333679,0.91273412,47.52556644,0.01998525,0.01998465,38376,117,1
5207.74822416,nan,0.00000000,1033.62333679,0.91273412,47.52556644,0.01998525,0.01998465,38376,117,1
5208.11679756,5208.13412215,0.00000000,1048.36994587,0.09803367,47.96057372,0.01998459,0.01998465,38372,117,1
5208.11679756,5208.13412215,0.00000000,1048.36994587,0.09803367,47.96057372,0.01998459,0.01998465,38372,117,1
5208.25673312,5208.26987709,0.00000000,1053.97512371,0.24339423,48.12490323,0.01998460,0.01998465,38371,117,1
5208.39665009,5208.40563912,0.00000000,1059.58306812,0.10237274,48.28875294,0.01998462,0.01998465,38370,117,1
nan,nan,0.00000000,-1.00000000,0.00000000,48.47555043,nan,0.00000000,-2147483648,117,1
5208.67868903,5208.67718446,1070.84268902,1070.90308077,0.20553439,48.61778384,0.01998466,0.01998465,38368,117,0
5208.81050973,5208.81296777,0.00000000,1076.19139570,0.23583900,48.77071083,0.01998464,0.01998465,38367,117,1
5208.81050973,5208.81296777,0.00000000,1076.19139570,0.23583900,48.77071083,0.01998464,0.01998465,38367,117,1
5208.98571799,nan,0.00000000,1083.23188106,0.07340538,48.97353063,0.01998532,0.01998465,38367,117,1
5208.98571799,nan,0.00000000,1083.23188106,0.07340538,48.97353063,0.01998532,0.01998465,38367,117,1
5209.21364237,5209.22036024,0.00000000,1092.39901424,0.16782667,49.23628431,0.01998463,0.01998465,38364,117,1
nan,nan,0.00000000,-1.00000000,0.00000000,49.36759300,nan,0.00000000,-2147483648,117,1
5209.48886521,nan,0.00000000,1103.48108758,0.12386410,49.55191455,0.01998464,0.01998465,38362,117,1
5209.61508851,5209.62781656,0.00000000,1108.56819475,0.03740948,49.69606357,0.01998460,0.01998465,38361,117,1
nan,nan,0.00000000,-1.00000000,0.00000000,49.84946718,nan,0.00000000,-2147483648,117,1
nan,nan,0.00000000,-1.00000000,0.00000000,50.04637779,nan,0.00000000,-2147483648,117,1
nan,nan,0.00000000,-1.00000000,0.00000000,50.13049847,nan,0.00000000,-2147483648,117,1
nan,nan,0.00000000,-1.00000000,0.00000000,50.32615062,nan,0.00000000,-2147483648,117,1
5210.30248639,5210.30705234,0.00000000,1136.32329507,0.16911605,50.47434816,0.01998464,0.01998465,38356,117,1
5210.30248639,5210.30705234,0.00000000,1136.32329507,0.16911605,50.47434816,0.01998464,0.01998465,38356,117,1
5210.45444356,nan,0.00000000,1142.47062924,0.11283418,50.64485167,0.01998470,0.01998465,38355,117,1
nan,nan,0.00000000,-1.00000000,0.00000000,50.77004345,nan,0.00000000,-2147483648,117,1
5210.71938193,5210.71467899,0.00000000,1153.19878016,0.19019188,50.94077829,0.01998467,0.01998465,38353,117,1
nan,nan,0.00000000,-1.00000000,0.00000000,51.07254342,nan,0.00000000,-2147483648,117,1
nan,nan,0.00000000,-1.00000000,0.00000000,51.20932167,nan,0.00000000,-2147483648,117,1
nan,nan,0.00000000,-1.00000000,0.00000000,51.40005279,nan,0.00000000,-2147483648,117,1
5211.26385501,5211.25828059,0.00000000,1175.28714995,0.31916326,51.54352645,0.01998468,0.01998465,38349,117,1
5211.26385501,5211.25828059,0.00000000,1175.28714995,0.31916326,51.54352645,0.01998468,0.01998465,38349,117,1
nan,nan,0.00000000,-1.00000000,0.00000000,51.67098969,nan,0.00000000,-2147483648,117,1
5211.52740375,5211.53012401,0.00000000,1185.99881064,0.54249602,51.83265168,0.01998464,0.01998465,38347,117,1
nan,nan,0.00000000,-1.00000000,0.00000000,51.99372602,nan,0.00000000,-2147483648,117,1
5211.93978342,5211.93794241,0.00000000,1202.78578550,0.13787845,52.28158091,0.01998466,0.01998465,38344,117,1
5211.93978342,5211.93794241,0.00000000,1202.78578550,0.13787845,52.28158091,0.01998466,0.01998465,38344,117,1
nan,nan,0.00000000,-1.00000000,0.00000000,52.44647047,nan,0.00000000,-2147483648,117,1
5212.20903564,5212.20985687,1213.78432084,1213.75081424,0.08736904,52.57205724,0.01998465,0.01998466,38342,117,0
5212.34836352,5212.34582476,0.00000000,1219.44983415,0.03313876,52.72216907,0.01998467,0.01998466,38341,117,1
5212.34836352,5212.34582476,0.00000000,1219.44983415,0.03313876,52.72216907,0.01998467,0.01998466,38341,117,1
5212.34836352,5212.34582476,0.00000000,1219.44983415,0.03313876,52.72216907,0.01998467,0.01998466,38341,117,1
nan,nan,0.00000000,-1.00000000,0.00000000,52.92013146,nan,0.00000000,-2147483648,117,1
nan,nan,0.00000000,-1.00000000,0.00000000,52.97239711,nan,0.00000000,-2147483648,117,1
5212.76263539,5212.75377108,0.00000000,1236.37848356,0.06468798,53.16458859,0.01998469,0.01998466,38338,117,1
5212.89710956,5212.88976741,0.00000000,1241.88064598,0.06559203,53.30726179,0.01998468,0.01998466,38337,117,1
nan,nan,0.00000000,-1.00000000,0.00000000,53.49105146,nan,0.00000000,-2147483648,117,1
nan,nan,0.00000000,-1.00000000,0.00000000,53.59390836,nan,0.00000000,-2147483648,117,1
5213.30140713,5213.29779904,0.00000000,1258.44387730,0.09357182,53.73342496,0.01998467,0.01998466,38334,117,1
5213.43320332,5213.43382381,1263.86700601,1263.84154548,0.13103425,53.87122377,0.01998465,0.01998466,38333,117,0
5213.57471695,5213.56985569,0.00000000,1269.65869016,0.04972881,54.01913642,0.01998467,0.01998466,38332,117,1
5213.57471695,5213.56985569,0.00000000,1269.65869016,0.04972881,54.01913642,0.01998467,0.01998466,38332,117,1
5213.70636630,5213.70589468,1275.03821664,1275.05759408,0.00087395,54.15586177,0.01998466,0.01998466,38331,117,0
nan,nan,0.00000000,-1.00000000,0.00000000,54.33089331,nan,0.00000000,-2147483648,117,1
nan,nan,0.00000000,-1.00000000,0.00000000,54.38115378,nan,0.00000000,-2147483648,117,1
nan,nan,0.00000000,-1.00000000,0.00000000,54.43134114,nan,0.00000000,-2147483648,117,1
5214.11303511,5214.11405434,1291.82510079,1291.78314023,0.20314433,54.57604987,0.01998465,0.01998466,38328,117,0
5214.25032257,5214.25012179,1297.42868702,1297.43695820,0.06183872,54.71693118,0.01998466,0.01998466,38327,117,0
nan,nan,0.00000000,-1.00000000,0.00000000,54.87973463,nan,0.00000000,-2147483648,117,1
nan,nan,0.00000000,-1.00000000,0.00000000,55.00323570,nan,0.00000000,-2147483648,117,1
5214.64828001,5214.65836684,0.00000000,1313.85137898,0.26986580,55.12262792,0.01998462,0.01998466,38324,117,1
5214.79344805,5214.79446275,1319.88217741,1319.84026873,0.36354355,55.26941915,0.01998465,0.01998466,38323,117,0
5214.91877608,5214.93056579,0.00000000,1325.02191344,0.14085945,55.39589349,0.01998461,0.01998466,38322,117,1
5215.05465207,5215.06667594,0.00000000,1330.63857532,0.24486095,55.53242927,0.01998461,0.01998466,38321,117,1
5215.21646809,5215.20279321,0.00000000,1337.33229153,0.10943907,55.69439071,0.01998471,0.01998466,38320,117,1
5215.33840561,5215.33891760,1342.39689564,1342.37569742,0.11775931,55.81587743,0.01998466,0.01998466,38319,117,0
nan,nan,0.00000000,-1.00000000,0.00000000,55.92685782,nan,0.00000000,-2147483648,117,1
nan,nan,0.00000000,-1.00000000,0.00000000,55.97473477,nan,0.00000000,-2147483648,117,1
nan,nan,0.00000000,-1.00000000,0.00000000,56.04641226,nan,0.00000000,-2147483648,117,1
5215.76267949,5215.74733351,0.00000000,1359.96552741,0.13144864,56.23592500,0.01998472,0.01998466,38316,117,1
nan,nan,0.00000000,-1.00000000,0.00000000,56.35510081,nan,0.00000000,-2147483648,117,1
5216.04319448,5216.01964638,0.00000000,1371.61238991,0.30494217,56.51091971,0.01998475,0.01998466,38314,117,1
5216.15531043,5216.15581351,1376.28478916,1376.26387675,0.07606040,56.62004777,0.01998466,0.01998466,38313,117,0
5216.15531043,5216.15581351,1376.28478916,1376.26387675,0.07606040,56.62004777,0.01998466,0.01998466,38313,117,0
5216.28432856,5216.29198776,0.00000000,1381.63684177,0.06055381,56.74560580,0.01998463,0.01998466,38312,117,1
5216.41572293,5216.42816913,0.00000000,1387.10412861,0.11795588,56.87282136,0.01998461,0.01998466,38311,117,1
5216.56308613,5216.56435763,1393.28583258,1393.23286577,0.17287154,57.01477206,0.01998465,0.01998466,38310,117,0
5216.70667130,5216.70055325,0.00000000,1399.22287778,0.23176529,57.15283946,0.01998468,0.01998466,38309,117,1
5216.70667130,5216.70055325,0.00000000,1399.22287778,0.23176529,57.15283946,0.01998468,0.01998466,38309,117,1
nan,nan,0.00000000,-1.00000000,0.00000000,57.37677405,nan,0.00000000,-2147483648,117,1
5217.10863654,5217.10918288,1416.01140860,1415.98859062,0.29525392,57.53575709,0.01998466,0.01998466,38306,117,0
5217.26380189,5217.24540702,0.00000000,1422.47695612,0.37498271,57.68255160,0.01998473,0.01998466,38305,117,1
5217.38399495,5217.38163828,0.00000000,1427.50203427,0.09091567,57.79570479,0.01998467,0.01998466,38304,117,1
5217.50474694,5217.51787667,0.00000000,1432.55347282,0.00951588,57.90898021,0.01998461,0.01998466,38303,117,1
5217.64135112,5217.65412219,0.00000000,1438.27168207,0.17549439,58.03663702,0.01998461,0.01998466,38302,117,1
5217.76927357,nan,0.00000000,1443.62997109,0.30285729,58.15570864,0.01998458,0.01998466,38301,117,1
5217.91820589,5217.92663463,0.00000000,1449.87256856,0.13152493,58.29375975,0.01998463,0.01998466,38300,117,1
5218.06747784,5218.06290154,0.00000000,1456.13401873,0.20212800,58.43150138,0.01998468,0.01998466,38299,117,1
5218.20127384,5218.19917559,0.00000000,1461.75024319,0.02968190,58.55442989,0.01998467,0.01998466,38298,117,1
5218.33496803,5218.33545677,1467.37315205,1467.35261855,0.39257933,58.67647156,0.01998466,0.01998466,38297,117,0
nan,nan,0.00000000,-1.00000000,0.00000000,58.77726715,nan,0.00000000,-2147483648,117,1
5218.60529267,5218.60804054,0.00000000,1478.73201992,0.01022301,58.92256372,0.01998465,0.01998466,38295,117,1
5218.60529267,5218.60804054,0.00000000,1478.73201992,0.01022301,58.92256372,0.01998465,0.01998466,38295,117,1
nan,nan,0.00000000,-1.00000000,0.00000000,59.05708715,nan,0.00000000,-2147483648,117,1
nan,nan,0.00000000,-1.00000000,0.00000000,59.14255304,nan,0.00000000,-2147483648,117,1
nan,nan,0.00000000,-1.00000000,0.00000000,59.18517430,nan,0.00000000,-2147483648,117,1
5219.00928422,5219.01696969,0.00000000,1495.74687973,0.18664466,59.28603512,0.01998463,0.01998466,38292,117,1
5219.17169158,5219.15329369,0.00000000,1502.59666547,0.22304301,59.43083828,0.01998473,0.01998466,38291,117,1
5219.29269988,5219.28962481,0.00000000,1507.70400894,0.14481797,59.53823753,0.01998467,0.01998466,38290,117,1
5219.54282505,nan,0.00000000,1518.27077859,0.21269776,59.75889560,0.01998459,0.01998466,38288,117,1
5219.54282505,nan,0.00000000,1518.27077859,0.21269776,59.75889560,0.01998459,0.01998466,38288,117,1
5219.69185928,5219.69866103,0.00000000,1524.57319634,0.08622339,59.88951257,0.01998463,0.01998466,38287,117,1
5219.82845436,5219.83502071,0.00000000,1530.35374508,0.18276458,60.00866190,0.01998464,0.01998466,38286,117,1
5219.98935498,5219.97138754,0.00000000,1537.16799611,0.15928767,60.14831654,0.01998473,0.01998466,38285,117,1
nan,nan,0.00000000,-1.00000000,0.00000000,60.24682024,nan,0.00000000,-2147483648,117,1
5220.23716869,5220.24414261,0.00000000,1547.67393924,0.15459102,60.36193020,0.01998463,0.01998466,38283,117,1
5220.38069415,5220.38053086,1553.74734163,1553.75427362,0.13050001,60.48461656,0.01998466,0.01998466,38282,117,0
5220.52532894,5220.51692625,0.00000000,1559.90698298,0.26174480,60.60805913,0.01998469,0.01998466,38281,117,1
5220.65257194,5220.65332878,1565.33638890,1565.30421310,0.10780909,60.71576098,0.01998466,0.01998466,38280,117,0
5220.78220265,nan,0.00000000,1570.82698094,0.17959843,60.82540323,0.01998463,0.01998466,38279,117,1
5220.93803726,nan,0.00000000,1577.45867051,0.11505586,60.95630557,0.01998471,0.01998466,38278,117,1
5221.06380735,5221.06257925,1582.75323434,1582.80555249,0.14984353,61.06124696,0.01998467,0.01998466,38277,117,0
5221.19119820,5221.19901036,0.00000000,1588.24345244,0.00413110,61.16742488,0.01998463,0.01998466,38276,117,1
nan,nan,0.00000000,-1.00000000,0.00000000,61.25984421,nan,0.00000000,-2147483648,117,1
5221.47363786,5221.47189402,0.00000000,1600.29206245,0.06351945,61.40070397,0.01998467,0.01998466,38274,117,1
5221.61098192,5221.60834657,0.00000000,1606.15735752,0.18686193,61.51327861,0.01998467,0.01998466,38273,117,1
5221.74772788,5221.74480627,0.00000000,1612.00123608,0.11381526,61.62479954,0.01998467,0.01998466,38272,117,1
nan,nan,0.00000000,-1.00000000,0.00000000,61.71968359,nan,0.00000000,-2147483648,117,1
5222.01522520,5222.01774712,0.00000000,1623.44475022,0.23451072,61.84132142,0.01998465,0.01998466,38270,117,1
5222.14778406,5222.15422827,0.00000000,1629.12147922,0.50153287,61.94781661,0.01998464,0.01998466,38269,117,1
5222.29616990,5222.29071657,0.00000000,1635.48061609,0.15541332,62.06639372,0.01998468,0.01998466,38268,117,1
5222.43241424,5222.42721202,0.00000000,1641.32374054,0.23051448,62.17467787,0.01998468,0.01998466,38267,117,1
5222.56244640,5222.56371462,1646.94782473,1646.89337722,0.09218028,62.27729528,0.01998466,0.01998466,38266,117,0
5222.70438838,5222.70022437,0.00000000,1653.00031764,0.10887956,62.38914056,0.01998468,0.01998466,38265,117,1
5222.83629656,5222.83674127,1658.67756528,1658.65844654,0.23296522,62.49213883,0.01998466,0.01998466,38264,117,0
5222.96859950,5222.97326533,0.00000000,1664.35948402,0.06176003,62.59530774,0.01998465,0.01998466,38263,117,1
5223.10567080,5223.10979655,0.00000000,1670.25874482,0.10566008,62.70141844,0.01998465,0.01998466,38262,117,1
nan,nan,0.00000000,-1.00000000,0.00000000,62.82187027,nan,0.00000000,-2147483648,117,1
5223.37742118,5223.38288044,0.00000000,1681.96685429,0.17218942,62.91006851,0.01998464,0.01998466,38260,117,1
5223.52978768,5223.51943311,0.00000000,1688.53874017,0.11382272,63.02605188,0.01998470,0.01998466,38259,117,1
5223.65933847,5223.65599295,0.00000000,1694.13068611,0.10693587,63.12409839,0.01998468,0.01998466,38258,117,1
5223.80041707,5223.79255994,0.00000000,1700.22456745,0.26887389,63.23027269,0.01998469,0.01998466,38257,117,1
5223.91990931,nan,0.00000000,1705.38958041,0.00185386,63.31971353,0.01998463,0.01998466,38256,117,1
5224.06323208,5224.06571540,0.00000000,1711.58896915,0.12392867,63.42640009,0.01998465,0.01998466,38255,117,1
nan,nan,0.00000000,-1.00000000,0.00000000,63.55298382,nan,0.00000000,-2147483648,117,1
nan,nan,0.00000000,-1.00000000,0.00000000,63.63779877,nan,0.00000000,-2147483648,117,1
5224.46727848,nan,0.00000000,1729.09127986,0.33636793,63.72367568,0.01998463,0.01998466,38252,117,1
5224.60136467,5224.61211222,0.00000000,1734.90788453,0.31335463,63.82118608,0.01998462,0.01998466,38251,117,1
5224.74975625,5224.74872932,1741.29759014,1741.34218692,0.15313584,63.92830485,0.01998467,0.01998466,38250,117,0
5224.88878489,5224.88535359,0.00000000,1747.39008443,0.09122391,64.02827522,0.01998468,0.01998466,38249,117,1
5225.03227040,5225.02198502,0.00000000,1753.62861223,0.21450356,64.13066991,0.01998470,0.01998466,38248,117,1
5225.15451963,5225.15862362,0.00000000,1758.94760444,0.10638136,64.21738893,0.01998465,0.01998466,38247,117,1
5225.29146640,5225.29526937,0.00000000,1764.91022321,0.31496393,64.31396314,0.01998465,0.01998466,38246,117,1
5225.41389012,5225.43192230,0.00000000,1770.24422932,0.18113435,64.39978403,0.01998460,0.01998466,38245,117,1
5225.57635725,nan,0.00000000,1777.32835832,0.07027748,64.51292802,0.01998469,0.01998466,38244,117,1
nan,nan,0.00000000,-1.00000000,0.00000000,64.58701939,nan,0.00000000,-2147483648,117,1
nan,nan,0.00000000,-1.00000000,0.00000000,64.61861224,nan,0.00000000,-2147483648,117,1
5225.83881077,5225.84192405,0.00000000,1788.78536416,0.10289126,64.69389532,0.01998465,0.01998466,38242,117,1
nan,nan,0.00000000,-1.00000000,0.00000000,64.77543600,nan,0.00000000,-2147483648,117,1
nan,nan,0.00000000,-1.00000000,0.00000000,64.80657259,nan,0.00000000,-2147483648,117,1
5226.11382024,5226.11529439,1800.86683747,1800.80234001,0.05111061,64.88102617,0.01998466,0.01998466,38240,117,0
5226.24266812,5226.25199030,0.00000000,1806.44695487,0.11742204,64.96797711,0.01998463,0.01998466,38239,117,1
5226.37722164,5226.38869339,0.00000000,1812.33988851,0.16432483,65.05810626,0.01998462,0.01998467,38238,117,1
5226.52260835,5226.52540365,0.00000000,1818.71212791,0.12712838,65.15482220,0.01998465,0.01998467,38237,117,1
5226.66447442,5226.66212107,0.00000000,1824.93493021,0.07461799,65.24852372,0.01998467,0.01998467,38236,117,1
5226.80002025,5226.79884567,1830.82810147,1830.87967815,0.22688839,65.33734937,0.01998467,0.01998467,38235,117,0
5226.94409667,5226.93557743,0.00000000,1837.21439398,0.19055194,65.43126066,0.01998470,0.01998467,38234,117,1
nan,nan,0.00000000,-1.00000000,0.00000000,65.53100771,nan,0.00000000,-2147483648,117,1
5227.21785170,5227.20906248,0.00000000,1849.25444265,0.17697037,65.60764373,0.01998470,0.01998467,38232,117,1
5227.33147668,5227.34581576,0.00000000,1854.25711523,0.04349839,65.68011824,0.01998461,0.01998467,38231,117,1
5227.48705434,5227.48257622,0.00000000,1861.11195586,0.08324497,65.77864988,0.01998468,0.01998467,38230,117,1
5227.48705434,5227.48257622,0.00000000,1861.11195586,0.08324497,65.77864988,0.01998468,0.01998467,38230,117,1
5227.61631320,5227.61934385,0.00000000,1866.81164976,0.07866529,65.85989445,0.01998465,0.01998467,38229,117,1
5227.75013004,5227.75611865,0.00000000,1872.71661792,0.51666126,65.94341079,0.01998464,0.01998467,38228,117,1
5227.89805086,5227.89290063,0.00000000,1879.24904517,0.03273815,66.03502559,0.01998469,0.01998467,38227,117,1
5228.02921702,5228.02968978,1885.05922158,1885.03831808,0.16661189,66.11553643,0.01998466,0.01998467,38226,117,0
5228.16119892,5228.16648611,0.00000000,1890.88335000,0.08690544,66.19617282,0.01998465,0.01998467,38225,117,1
nan,nan,0.00000000,-1.00000000,0.00000000,66.34773224,nan,0.00000000,-2147483648,117,1
5228.58041203,5228.57691816,0.00000000,1909.45282063,0.14332782,66.44801697,0.01998468,0.01998467,38222,117,1
5228.70798260,5228.71374320,0.00000000,1915.11231687,0.00796637,66.52346075,0.01998465,0.01998467,38221,117,1
5228.86652144,5228.85057542,0.00000000,1922.15131246,0.17803067,66.61643835,0.01998473,0.01998467,38220,117,1
5228.98623605,5228.98741482,1927.52360019,1927.47120269,0.05164337,66.68607889,0.01998466,0.01998467,38219,117,0
5229.12695135,5229.12426140,0.00000000,1933.72778559,0.15351301,66.76728759,0.01998468,0.01998467,38218,117,1
5229.26014257,5229.26111516,1939.69821886,1939.65492574,0.16665934,66.84352837,0.01998466,0.01998467,38217,117,0
5229.40580686,5229.39797610,0.00000000,1946.14211920,0.11242131,66.92620133,0.01998470,0.01998467,38216,117,1
5229.53458017,5229.53484423,1951.89208956,1951.88031711,0.08858744,66.99865658,0.01998467,0.01998467,38215,117,0
5229.67479064,nan,0.00000000,1958.13550135,0.05301937,67.07692036,0.01998468,0.01998467,38214,117,1
5229.80797944,5229.80860202,1964.10727463,1964.07947064,0.06338755,67.15059476,0.01998467,0.01998467,38213,117,0
5229.94689027,5229.94549170,1970.22327970,1970.28579221,0.16748379,67.22679745,0.01998467,0.01998467,38212,117,0
5230.07868843,5230.08238855,0.00000000,1976.17875959,0.08506006,67.29846841,0.01998465,0.01998467,38211,117,1
5230.21852683,5230.21929260,1982.47122433,1982.43694270,0.13040369,67.37385115,0.01998467,0.01998467,38210,117,0
5230.35985479,5230.35620383,0.00000000,1988.76375034,0.10200376,67.44929591,0.01998468,0.01998467,38209,117,1
nan,nan,0.00000000,-1.00000000,0.00000000,67.51115460,nan,0.00000000,-2147483648,117,1
5230.62553519,5230.63004785,0.00000000,2000.67417023,0.02357825,67.58923648,0.01998465,0.01998467,38207,117,1
5230.76388263,5230.76698064,0.00000000,2006.88344723,0.14892531,67.66111071,0.01998466,0.01998467,38206,117,1
5230.90928171,5230.90392061,0.00000000,2013.41452966,0.06029701,67.73591002,0.01998469,0.01998467,38205,117,1
5231.03939139,5231.04086778,2019.32830119,2019.26192877,0.17952282,67.80218320,0.01998466,0.01998467,38204,117,0
5231.18504330,5231.17782214,0.00000000,2025.81629075,0.07722406,67.87568709,0.01998470,0.01998467,38203,117,1
5231.31343253,5231.31478368,2031.65173940,2031.59090462,0.23736774,67.93976152,0.01998466,0.01998467,38202,117,0
5231.45334870,5231.45175242,0.00000000,2037.90167611,0.11219088,68.00905111,0.01998468,0.01998467,38201,117,1
nan,nan,0.00000000,-1.00000000,0.00000000,68.06446862,nan,0.00000000,-2147483648,117,1
nan,nan,0.00000000,-1.00000000,0.00000000,68.13974145,nan,0.00000000,-2147483648,117,1
5231.86783531,5231.86270178,0.00000000,2056.60851193,0.19956090,68.20993837,0.01998469,0.01998467,38198,117,1
5231.86783531,5231.86270178,0.00000000,2056.60851193,0.19956090,68.20993837,0.01998469,0.01998467,38198,117,1
5232.13187717,nan,0.00000000,2068.54892135,0.09390265,68.33463792,0.01998465,0.01998467,38196,117,1
5232.27076923,5232.27371588,0.00000000,2074.83723634,0.20551454,68.39920513,0.01998466,0.01998467,38195,117,1
5232.41031895,5232.41073497,2081.16250461,2081.14364490,0.23095000,68.46319238,0.01998467,0.01998467,38194,117,0
5232.54737022,5232.54776125,2087.37712367,2087.35938177,0.09963738,68.52550908,0.01998467,0.01998467,38193,117,0
nan,nan,0.00000000,-1.00000000,0.00000000,68.58141478,nan,0.00000000,-2147483648,117,1
nan,nan,0.00000000,-1.00000000,0.00000000,68.60108991,nan,0.00000000,-2147483648,117,1
5232.82149434,5232.82183540,2099.82284364,2099.80734355,0.25395553,68.64806669,0.01998467,0.01998467,38191,117,0
nan,nan,0.00000000,-1.00000000,0.00000000,68.71751952,nan,0.00000000,-2147483648,117,1
5233.09363214,5233.09593835,0.00000000,2112.19745725,0.11634125,68.76708497,0.01998466,0.01998467,38189,117,1
5233.36908767,5233.37007008,2124.77813101,2124.73334141,0.23748328,68.88448672,0.01998467,0.01998467,38187,117,0
5233.36908767,5233.37007008,2124.77813101,2124.73334141,0.23748328,68.88448672,0.01998467,0.01998467,38187,117,0
5233.50698352,5233.50714675,2131.03012159,2131.02267371,0.24232910,68.94224439,0.01998467,0.01998467,38186,117,0
5233.65811365,5233.64423062,0.00000000,2137.93158296,0.29449546,69.00481093,0.01998472,0.01998467,38185,117,1
nan,nan,0.00000000,-1.00000000,0.00000000,69.05900502,nan,0.00000000,-2147483648,117,1
5233.91970893,5233.91841996,2149.81784845,2149.87680320,0.26621703,69.11080937,0.01998468,0.01998467,38183,117,0
nan,nan,0.00000000,-1.00000000,0.00000000,69.15542582,nan,0.00000000,-2147483648,117,1
5234.19282700,5234.19263811,2162.37048954,2162.37914361,0.12788450,69.21879657,0.01998467,0.01998467,38181,117,0
5234.33420397,5234.32975798,0.00000000,2168.86787940,0.18179297,69.27365034,0.01998469,0.01998467,38180,117,1
nan,nan,0.00000000,-1.00000000,0.00000000,69.31645877,nan,0.00000000,-2147483648,117,1
5234.60298293,5234.60401935,2181.24275907,2181.19515077,0.06141648,69.37561728,0.01998467,0.01998467,38178,117,0
5234.74445680,5234.74116084,0.00000000,2187.70130565,0.27350302,69.42824817,0.01998468,0.01998467,38177,117,1
5234.88577364,5234.87830954,0.00000000,2194.19951150,0.28989998,69.47999675,0.01998470,0.01998467,38176,117,1
5235.01003364,5235.01546544,0.00000000,2199.91797652,0.06354283,69.52485947,0.01998465,0.01998467,38175,117,1
5235.14487734,5235.15262855,0.00000000,2206.12837496,0.22156141,69.57286412,0.01998464,0.01998467,38174,117,1
5235.28125732,5235.28979887,0.00000000,2212.41469750,0.20178049,69.62069477,0.01998464,0.01998467,38173,117,1
nan,nan,0.00000000,-1.00000000,0.00000000,69.67738961,nan,0.00000000,-2147483648,117,1
5235.56602014,5235.56416113,0.00000000,2225.55742101,0.18142549,69.71821975,0.01998468,0.01998467,38171,117,1
5235.70213721,5235.70135307,2231.81634785,2231.85260192,0.21471175,69.76374706,0.01998468,0.01998467,38170,117,0
5235.84263439,5235.83855223,0.00000000,2238.34593383,0.25262646,69.80990251,0.01998469,0.01998467,38169,117,1
5235.96491137,5235.97575859,0.00000000,2244.00597998,0.12666497,69.84946796,0.01998463,0.01998467,38168,117,1
5236.11623666,5236.11297216,0.00000000,2251.01651324,0.32453270,69.89761241,0.01998469,0.01998467,38167,117,1
nan,nan,0.00000000,-1.00000000,0.00000000,69.93794964,nan,0.00000000,-2147483648,117,1
5236.37999803,5236.38742095,0.00000000,2263.25153363,0.18596973,69.97935196,0.01998464,0.01998467,38165,117,1
5236.52193299,5236.52465616,0.00000000,2269.84366040,0.25162394,70.02218853,0.01998466,0.01998467,38164,117,1
5236.66351129,5236.66189859,0.00000000,2276.42498171,0.26267597,70.06411362,0.01998468,0.01998467,38163,117,1
5236.78977428,nan,0.00000000,2282.29922927,0.22526564,70.10082435,0.01998464,0.01998467,38162,117,1
5236.93396024,5236.93640508,0.00000000,2289.01294782,0.15597758,70.14196097,0.01998466,0.01998467,38161,117,1
5237.08363217,5237.07366915,0.00000000,2295.98847052,0.27661419,70.18377469,0.01998471,0.01998467,38160,117,1
5237.19996863,5237.21094043,0.00000000,2301.41486699,0.02236068,70.21564897,0.01998463,0.01998467,38159,117,1
5237.34431991,5237.34821894,0.00000000,2308.15345779,0.14514695,70.25443490,0.01998466,0.01998467,38158,117,1
5237.48852644,5237.48550466,0.00000000,2314.89135783,0.17841722,70.29233490,0.01998469,0.01998467,38157,117,1
5237.61264745,5237.62279759,0.00000000,2320.69565120,0.20324872,70.32427628,0.01998464,0.01998467,38156,117,1
5237.76362206,5237.76009775,0.00000000,2327.76179188,0.21534006,70.36227808,0.01998469,0.01998467,38155,117,1
5237.89709393,5237.89740512,2334.03071490,2334.01613176,0.00551067,70.39510445,0.01998467,0.01998467,38154,117,0
5238.03053498,5238.03471971,0.00000000,2340.27065818,0.00075950,70.42717145,0.01998466,0.01998467,38153,117,1
5238.17078398,5238.17204153,2346.91092323,2346.85189834,0.17924405,70.46009241,0.01998467,0.01998467,38152,117,0
5238.30272191,5238.30937056,0.00000000,2353.04837300,0.20280507,70.49031897,0.01998465,0.01998467,38151,117,1
5238.44475679,5238.44670682,0.00000000,2359.72488045,0.12130668,70.52205151,0.01998467,0.01998467,38150,117,1
5238.58634751,5238.58405030,0.00000000,2366.38649208,0.09722682,70.55284924,0.01998468,0.01998467,38149,117,1
5238.70982773,nan,0.00000000,2372.20092322,0.03841382,70.57902482,0.01998463,0.01998467,38148,117,1
5238.87064631,5238.85875892,0.00000000,2379.78038994,0.72838500,70.61215887,0.01998472,0.01998467,38147,117,1
5239.00593235,5238.99612407,0.00000000,2386.16251183,0.20033388,70.63919185,0.01998471,0.01998467,38146,117,1
5239.13073443,5239.13349644,0.00000000,2392.05494180,0.28092893,70.66344695,0.01998466,0.01998467,38145,117,1
nan,nan,0.00000000,-1.00000000,0.00000000,70.69116748,nan,0.00000000,-2147483648,117,1
nan,nan,0.00000000,-1.00000000,0.00000000,70.72193519,nan,0.00000000,-2147483648,117,1
nan,nan,0.00000000,-1.00000000,0.00000000,70.74053238,nan,0.00000000,-2147483648,117,1
nan,nan,0.00000000,-1.00000000,0.00000000,70.75864289,nan,0.00000000,-2147483648,117,1
5239.83018743,5239.82046668,0.00000000,2425.16645227,0.08616411,70.78717589,0.01998471,0.01998468,38140,117,1
5239.95758241,5239.95788241,2431.22721866,2431.21297374,0.18199734,70.80746532,0.01998467,0.01998468,38139,117,0
5240.09260814,5240.09530537,0.00000000,2437.62777047,0.17413604,70.82821219,0.01998467,0.01998468,38138,117,1
nan,nan,0.00000000,-1.00000000,0.00000000,70.85106582,nan,0.00000000,-2147483648,117,1
5240.38606049,5240.37017298,0.00000000,2451.58777750,0.16079732,70.87059204,0.01998474,0.01998468,38136,117,1
5240.49969992,5240.50761763,0.00000000,2457.00094665,0.14969198,70.88600398,0.01998465,0.01998468,38135,117,1
5240.64957959,5240.64506951,0.00000000,2464.14653830,0.22296205,70.90547420,0.01998469,0.01998468,38134,117,1
5240.77992096,5240.78252862,0.00000000,2470.36631802,0.13052865,70.92161196,0.01998467,0.01998468,38133,117,1
5240.91456514,5240.91999496,0.00000000,2476.79699409,0.09480996,70.93750434,0.01998466,0.01998468,38132,117,1
5241.05703817,5241.05746854,2483.62878978,2483.60820068,0.10842521,70.95345835,0.01998467,0.01998468,38131,117,0
5241.19592420,5241.19494935,2490.20916268,2490.25584512,0.18893281,70.96815744,0.01998468,0.01998468,38130,117,0
5241.33426751,5241.33243740,0.00000000,2496.87869351,0.18084620,70.98194523,0.01998468,0.01998468,38129,117,1
5241.46367662,5241.46993267,0.00000000,2503.08179107,0.04364201,70.99408377,0.01998465,0.01998468,38128,117,1
5241.60226188,5241.60743519,0.00000000,2509.73061920,0.06647217,71.00626171,0.01998466,0.01998468,38127,117,1
5241.74033507,5241.74494494,0.00000000,2516.36094560,0.08467214,71.01754756,0.01998466,0.01998468,38126,117,1
5241.87513974,5241.88246193,0.00000000,2522.84017307,0.16484291,71.02774823,0.01998465,0.01998468,38125,117,1
5242.02220908,5242.01998615,0.00000000,2529.91550767,0.13564259,71.03795247,0.01998469,0.01998468,38124,117,1
5242.17100734,5242.15751761,0.00000000,2537.08106949,0.01519373,71.04729198,0.01998473,0.01998468,38123,117,1
5242.30841531,5242.29505631,0.00000000,2543.70443549,0.00512831,71.05503436,0.01998473,0.01998468,38122,117,1
5242.43430565,5242.43260225,0.00000000,2549.77796673,0.09453609,71.06138210,0.01998468,0.01998468,38121,117,1
5242.56649839,5242.57015543,0.00000000,2556.16106617,0.19419881,71.06727806,0.01998466,0.01998468,38120,117,1
5242.70344770,5242.70771585,0.00000000,2562.77981351,0.35617330,71.07255251,0.01998466,0.01998468,38119,117,1
5242.85772740,5242.84528351,0.00000000,2570.24343713,0.22369791,71.07747524,0.01998473,0.01998468,38118,117,1
5242.98104403,5242.98285841,0.00000000,2576.21473089,0.19542773,71.08063131,0.01998467,0.01998468,38117,117,1
5243.12260961,5243.12044055,0.00000000,2583.07581113,0.15668520,71.08339897,0.01998469,0.01998468,38116,117,1
5243.25933567,5243.25802994,2589.64680237,2589.71016378,0.04828573,71.08520193,0.01998468,0.01998468,38115,117,0
nan,nan,0.00000000,-1.00000000,0.00000000,71.08619296,nan,0.00000000,-2147483648,117,1
5243.51850899,5243.53323044,0.00000000,2602.29830080,0.01669959,71.08626269,0.01998462,0.01998468,38113,117,1
5243.66118146,5243.67084155,0.00000000,2609.23829232,0.05460237,71.08552555,0.01998464,0.01998468,38112,117,1
5243.80330073,5243.80845992,0.00000000,2616.15808336,0.11564461,71.08385501,0.01998466,0.01998468,38111,117,1
nan,nan,0.00000000,-1.00000000,0.00000000,71.08171742,nan,0.00000000,-2147483648,117,1
5244.06910361,5244.08371838,0.00000000,2629.11807469,0.17586835,71.07821295,0.01998462,0.01998468,38109,117,1
5244.21477984,5244.22135848,0.00000000,2636.23095593,0.12076977,71.07372357,0.01998465,0.01998468,38108,117,1
5244.35457296,5244.35900583,0.00000000,2643.06327718,0.11152092,71.06848176,0.01998466,0.01998468,38107,117,1
5244.50201428,nan,0.00000000,2650.27652543,0.12489181,71.06195929,0.01998470,0.01998468,38106,117,1
5244.63331249,5244.63432227,2656.74707726,2656.69760482,0.08053007,71.05529902,0.01998467,0.01998468,38105,117,0
nan,nan,0.00000000,-1.00000000,0.00000000,71.04674690,nan,0.00000000,-2147483648,117,1
5244.91529446,5244.90966771,0.00000000,2670.53454419,0.11785266,71.03821191,0.01998470,0.01998468,38103,117,1
5245.04980918,5245.04735130,0.00000000,2677.14065839,0.28590340,71.02873652,0.01998469,0.01998468,38102,117,1
nan,nan,0.00000000,-1.00000000,0.00000000,71.01799678,nan,0.00000000,-2147483648,117,1
nan,nan,0.00000000,-1.00000000,0.00000000,71.00784977,nan,0.00000000,-2147483648,117,1
nan,nan,0.00000000,-1.00000000,0.00000000,71.00431134,nan,0.00000000,-2147483648,117,1
5245.44866054,5245.46044559,0.00000000,2696.76492740,0.26225694,70.99556666,0.01998464,0.01998468,38099,117,1
5245.60522680,5245.59815820,0.00000000,2704.48324459,0.12520349,70.98046186,0.01998471,0.01998468,38098,117,1
5245.73813259,nan,0.00000000,2711.04180828,0.17962327,70.96671320,0.01998469,0.01998468,38097,117,1
5245.86606151,5245.87360516,0.00000000,2717.36055952,0.11780771,70.95267343,0.01998465,0.01998468,38096,117,1
5246.00793796,5246.01133953,0.00000000,2724.37486923,0.15534485,70.93617581,0.01998467,0.01998468,38095,117,1
5246.15598320,5246.14908115,0.00000000,2731.70164453,0.11141011,70.91791821,0.01998471,0.01998468,38094,117,1
5246.28532692,5246.28683003,0.00000000,2738.10915380,0.20899574,70.90109283,0.01998467,0.01998468,38093,117,1
nan,nan,0.00000000,-1.00000000,0.00000000,70.87927175,nan,0.00000000,-2147483648,117,1
5246.55862662,5246.56234955,0.00000000,2751.66736527,0.13226455,70.86284986,0.01998467,0.01998468,38091,117,1
5246.69505553,5246.70012020,0.00000000,2758.44536394,0.46371148,70.84238693,0.01998466,0.01998468,38090,117,1
nan,nan,0.00000000,-1.00000000,0.00000000,70.81528088,nan,0.00000000,-2147483648,117,1
5246.96593839,5246.97568327,0.00000000,2771.92278853,0.16913658,70.79903550,0.01998464,0.01998468,38088,117,1
5247.10849278,5247.11347569,0.00000000,2779.02588110,0.13353205,70.77476189,0.01998466,0.01998468,38087,117,1
5247.10849278,5247.11347569,0.00000000,2779.02588110,0.13353205,70.77476189,0.01998466,0.01998468,38087,117,1
5247.26767057,5247.25127538,0.00000000,2786.96585073,0.13522721,70.74646348,0.01998474,0.01998468,38086,117,1
5247.38518744,5247.38908233,0.00000000,2792.83355316,0.10198365,70.72476058,0.01998467,0.01998468,38085,117,1
5247.52918797,5247.52689653,0.00000000,2800.03037282,0.04407658,70.69722474,0.01998469,0.01998468,38084,117,1
5247.66566802,5247.66471800,2806.81298678,2806.86054357,0.14939555,70.67015748,0.01998469,0.01998468,38083,117,0
nan,nan,0.00000000,-1.00000000,0.00000000,70.63671355,nan,0.00000000,-2147483648,117,1
nan,nan,0.00000000,-1.00000000,0.00000000,70.62829809,nan,0.00000000,-2147483648,117,1
5247.93585561,5247.94038273,0.00000000,2820.39515151,0.13191283,70.61383362,0.01998466,0.01998468,38081,117,1
5248.07903909,5248.07822599,2827.54453491,2827.58536219,0.15210168,70.58245886,0.01998469,0.01998468,38080,117,0
5248.21354941,5248.21607652,0.00000000,2834.33582386,0.12204064,70.55208550,0.01998467,0.01998468,38079,117,1
5248.35693263,5248.35393431,0.00000000,2841.54493283,0.16566445,70.51866744,0.01998469,0.01998468,38078,117,1
5248.50622331,5248.49179936,0.00000000,2849.05908622,0.31737056,70.48275690,0.01998474,0.01998468,38077,117,1
nan,nan,0.00000000,-1.00000000,0.00000000,70.45854418,nan,0.00000000,-2147483648,117,1
5248.76586278,5248.76755127,0.00000000,2862.14693975,0.06667978,70.41758126,0.01998468,0.01998468,38075,117,1
5248.91733935,5248.90543813,0.00000000,2869.79407454,0.13443491,70.37795430,0.01998473,0.01998468,38074,117,1
5248.91733935,5248.90543813,0.00000000,2869.79407454,0.13443491,70.37795430,0.01998473,0.01998468,38074,117,1
5249.04712994,5249.04333225,0.00000000,2876.35320537,0.19980000,70.34305730,0.01998470,0.01998468,38073,117,1
5249.17666135,5249.18123365,0.00000000,2882.90550519,0.15577922,70.30735954,0.01998467,0.01998468,38072,117,1
5249.31665415,nan,0.00000000,2889.99405179,0.14622153,70.26779816,0.01998467,0.01998468,38071,117,1
5249.45375501,nan,0.00000000,2896.94329596,0.20118142,70.22806387,0.01998467,0.01998468,38070,117,1
5249.58910626,5249.59498144,0.00000000,2903.81080236,0.05158358,70.18787264,0.01998466,0.01998468,38069,117,1
5249.72636817,5249.73291192,0.00000000,2910.78232088,0.19228285,70.14613297,0.01998466,0.01998468,38068,117,1
5249.86606416,5249.87084966,0.00000000,2917.88479814,0.08787410,70.10263571,0.01998467,0.01998468,38067,117,1
5249.99448755,nan,0.00000000,2924.42069472,0.08127131,70.06174027,0.01998463,0.01998468,38066,117,1
5250.14728869,5250.14674697,2932.18554464,2932.21315789,0.27435335,70.01189527,0.01998469,0.01998468,38065,117,0
5250.29052923,5250.28470654,0.00000000,2939.51123919,0.08349361,69.96414038,0.01998471,0.01998468,38064,117,1
5250.42278914,5250.42267338,2946.26554568,2946.27145909,0.05812277,69.91897983,0.01998469,0.01998468,38063,117,0
5250.42278914,5250.42267338,2946.26554568,2946.27145909,0.05812277,69.91897983,0.01998469,0.01998468,38063,117,0
5250.55697969,5250.56064749,0.00000000,2953.12215668,0.11380393,69.87230726,0.01998467,0.01998468,38062,117,1
5250.70812037,5250.69862888,0.00000000,2960.85496058,0.25967722,69.81852754,0.01998472,0.01998468,38061,117,1
5250.83304829,5250.83661755,0.00000000,2967.25332701,0.13249205,69.77314865,0.01998467,0.01998468,38060,117,1
5250.98677507,5250.97461349,0.00000000,2975.13499997,0.36411421,69.71615468,0.01998473,0.01998468,38059,117,1
5251.10735610,5251.11261671,0.00000000,2981.32372127,0.23384864,69.67055565,0.01998466,0.01998468,38058,117,1
5251.24496238,5251.25062721,0.00000000,2988.39320246,0.20672485,69.61755540,0.01998466,0.01998468,38057,117,1
nan,nan,0.00000000,-1.00000000,0.00000000,69.55171760,nan,0.00000000,-2147483648,117,1
nan,nan,0.00000000,-1.00000000,0.00000000,69.51280845,nan,0.00000000,-2147483648,117,1
5251.66557461,5251.66470238,3010.00506137,3010.05004148,0.09789559,69.44914299,0.01998469,0.01998468,38054,117,0
5251.66557461,5251.66470238,3010.00506137,3010.05004148,0.09789559,69.44914299,0.01998469,0.01998468,38054,117,0
5251.80505974,5251.80274200,0.00000000,3017.24501044,0.30261478,69.39117372,0.01998469,0.01998468,38053,117,1
5251.94969524,5251.94078890,0.00000000,3024.71570426,0.10002557,69.32991804,0.01998472,0.01998469,38052,117,1
5251.94969524,5251.94078890,0.00000000,3024.71570426,0.10002557,69.32991804,0.01998472,0.01998469,38052,117,1
5252.08502116,5252.07884307,0.00000000,3031.71310344,0.15549307,69.27155925,0.01998471,0.01998469,38051,117,1
5252.21703949,5252.21690454,3038.54333949,3038.55032914,0.14193420,69.21361720,0.01998469,0.01998469,38050,117,0
5252.35341819,5252.35497328,0.00000000,3045.61303383,0.14339044,69.15281060,0.01998468,0.01998469,38049,117,1
5252.48684372,5252.49304931,0.00000000,3052.53376158,0.08592879,69.09228631,0.01998466,0.01998469,38048,117,1
5252.64135237,5252.63113262,0.00000000,3060.55705996,0.07421202,69.02095520,0.01998472,0.01998469,38047,117,1
5252.64135237,5252.63113262,0.00000000,3060.55705996,0.07421202,69.02095520,0.01998472,0.01998469,38047,117,1
5252.78273583,5252.76922321,0.00000000,3067.90728477,0.23343376,68.95451083,0.01998474,0.01998469,38046,117,1
nan,nan,0.00000000,-1.00000000,0.00000000,68.89863891,nan,0.00000000,-2147483648,117,1
5253.04494413,5253.04542626,3081.59781538,3081.57267899,0.08356453,68.82819084,0.01998469,0.01998469,38044,117,0
5253.04494413,5253.04542626,3081.59781538,3081.57267899,0.08356453,68.82819084,0.01998469,0.01998469,38044,117,0
5253.18402619,5253.18353872,3088.80204109,3088.82748147,0.26530607,68.75965601,0.01998469,0.01998469,38043,117,0
5253.31819178,5253.32165846,0.00000000,3095.81853829,0.24609994,68.69264638,0.01998467,0.01998469,38042,117,1
5253.44330466,5253.45978549,0.00000000,3102.35718403,0.02271392,68.62911493,0.01998462,0.01998469,38041,117,1
5253.60533097,5253.59791981,0.00000000,3110.83462818,0.19045520,68.54551085,0.01998471,0.01998469,38040,117,1
5253.72306179,nan,0.00000000,3117.00131019,0.11174576,68.48381967,0.01998464,0.01998469,38039,117,1
5253.87235147,5253.87421031,0.00000000,3124.82933747,0.32158592,68.40444635,0.01998468,0.01998469,38038,117,1
5254.01020803,5254.01236649,0.00000000,3132.06614343,0.20606616,68.33001105,0.01998468,0.01998469,38037,117,1
5254.15335549,nan,0.00000000,3139.58913715,0.21858230,68.25155605,0.01998470,0.01998469,38036,117,1
5254.15335549,nan,0.00000000,3139.58913715,0.21858230,68.25155605,0.01998470,0.01998469,38036,117,1
5254.28921454,5254.28870074,3146.71741777,3146.74446593,0.22522649,68.17591770,0.01998469,0.01998469,38035,117,0
5254.44430994,5254.42687880,0.00000000,3154.90662884,0.03095586,68.08842515,0.01998475,0.01998469,38034,117,1
5254.44430994,5254.42687880,0.00000000,3154.90662884,0.03095586,68.08842515,0.01998475,0.01998469,38034,117,1
5254.57256150,5254.56506415,0.00000000,3161.66990462,0.15181471,68.01495007,0.01998472,0.01998469,38033,117,1
5254.57256150,5254.56506415,0.00000000,3161.66990462,0.15181471,68.01495007,0.01998472,0.01998469,38033,117,1
5254.69179496,5254.70325680,0.00000000,3167.96389309,0.39193291,67.94577754,0.01998464,0.01998469,38032,117,1
5254.84939408,5254.84145674,0.00000000,3176.29240618,0.11075656,67.85306619,0.01998472,0.01998469,38031,117,1
5254.98058093,5254.97966397,3183.19274578,3183.24128377,0.46643666,67.77468526,0.01998469,0.01998469,38030,117,0
nan,nan,0.00000000,-1.00000000,0.00000000,67.67455887,nan,0.00000000,-2147483648,117,1
5255.23919578,5255.25610033,0.00000000,3196.93773847,0.05870402,67.61745829,0.01998462,0.01998469,38028,117,1
5255.23919578,5255.25610033,0.00000000,3196.93773847,0.05870402,67.61745829,0.01998462,0.01998469,38028,117,1
5255.39550815,5255.39432945,3205.18010067,3205.24270964,0.11477024,67.52035506,0.01998469,0.01998469,38027,117,0
5255.51177701,5255.53256587,0.00000000,3211.41366124,0.14346836,67.44733949,0.01998461,0.01998469,38026,117,1
5255.51177701,5255.53256587,0.00000000,3211.41366124,0.14346836,67.44733949,0.01998461,0.01998469,38026,117,1
5255.66588168,5255.67080959,0.00000000,3219.61197751,0.21735814,67.34919716,0.01998467,0.01998469,38025,117,1
5255.66588168,5255.67080959,0.00000000,3219.61197751,0.21735814,67.34919716,0.01998467,0.01998469,38025,117,1
5255.80747671,5255.80906060,0.00000000,3227.15393861,0.13035593,67.25776490,0.01998468,0.01998469,38024,117,1
5255.96312046,nan,0.00000000,3235.45434725,0.33320152,67.15586751,0.01998475,0.01998469,38023,117,1
5256.08431338,5256.08558453,3242.00072302,3241.93282786,0.12825870,67.07541174,0.01998468,0.01998469,38022,117,0
5256.08431338,5256.08558453,3242.00072302,3241.93282786,0.12825870,67.07541174,0.01998468,0.01998469,38022,117,0
5256.23855242,5256.22385744,0.00000000,3250.16918786,0.14465037,66.97195479,0.01998474,0.01998469,38021,117,1
5256.37074674,5256.36213765,0.00000000,3257.24355507,0.12077968,66.88204811,0.01998472,0.01998469,38020,117,1
nan,nan,0.00000000,-1.00000000,0.00000000,66.78236297,nan,0.00000000,-2147483648,117,1
5256.63333140,5256.63871998,0.00000000,3271.31884874,0.23261917,66.70029565,0.01998467,0.01998469,38018,117,1
5256.76837418,5256.77702210,0.00000000,3278.56955008,0.27412468,66.60517677,0.01998466,0.01998469,38017,117,1
5256.90469201,5256.91533153,0.00000000,3285.89702937,0.24363406,66.50802070,0.01998465,0.01998469,38016,117,1
nan,nan,0.00000000,-1.00000000,0.00000000,66.37236659,nan,0.00000000,-2147483648,117,1
5257.18732278,5257.19197228,0.00000000,3301.11600585,0.20643088,66.30292294,0.01998467,0.01998469,38014,117,1
5257.32316831,5257.33030362,0.00000000,3308.44386059,0.15251523,66.20257769,0.01998466,0.01998469,38013,117,1
5257.47295387,5257.46864226,0.00000000,3316.53343639,0.09020455,66.09060058,0.01998471,0.01998469,38012,117,1
5257.62474537,5257.60698820,0.00000000,3324.74183075,0.09573165,65.97569084,0.01998476,0.01998469,38011,117,1
5257.62474537,5257.60698820,0.00000000,3324.74183075,0.09573165,65.97569084,0.01998476,0.01998469,38011,117,1
nan,nan,0.00000000,-1.00000000,0.00000000,65.87300298,nan,0.00000000,-2147483648,117,1
nan,nan,0.00000000,-1.00000000,0.00000000,65.77300743,nan,0.00000000,-2147483648,117,1
nan,nan,0.00000000,-1.00000000,0.00000000,65.74426414,nan,0.00000000,-2147483648,117,1
nan,nan,0.00000000,-1.00000000,0.00000000,65.68654675,nan,0.00000000,-2147483648,117,1
nan,nan,0.00000000,-1.00000000,0.00000000,65.55555770,nan,0.00000000,-2147483648,117,1
nan,nan,0.00000000,-1.00000000,0.00000000,65.51154864,nan,0.00000000,-2147483648,117,1
nan,nan,0.00000000,-1.00000000,0.00000000,65.48211316,nan,0.00000000,-2147483648,117,1
nan,nan,0.00000000,-1.00000000,0.00000000,65.45260080,nan,0.00000000,-2147483648,117,1
5258.43796658,5258.43721735,3368.86008008,3368.90090608,0.21203969,65.33526205,0.01998469,0.01998469,38005,117,0
5258.57227961,5258.57561445,0.00000000,3376.22255950,0.36117174,65.22545541,0.01998468,0.01998469,38004,117,1
5258.71184116,5258.71401887,0.00000000,3383.84061792,0.20826978,65.11011063,0.01998468,0.01998469,38003,117,1
5258.71184116,5258.71401887,0.00000000,3383.84061792,0.20826978,65.11011063,0.01998468,0.01998469,38003,117,1
5258.85188516,5258.85243060,3391.52799299,3391.49816002,0.14469431,64.99304525,0.01998469,0.01998469,38002,117,0
nan,nan,0.00000000,-1.00000000,0.00000000,64.86175439,nan,0.00000000,-2147483648,117,1
5259.13917266,5259.12927600,0.00000000,3407.22423712,0.02976909,64.74910343,0.01998473,0.01998469,38000,117,1
5259.27617798,5259.26770967,0.00000000,3414.73963147,0.43023822,64.63085022,0.01998472,0.01998469,37999,117,1
5259.27617798,5259.26770967,0.00000000,3414.73963147,0.43023822,64.63085022,0.01998472,0.01998469,37999,117,1
5259.39972712,5259.40615065,0.00000000,3421.52461915,0.12337640,64.52315985,0.01998467,0.01998469,37998,117,1
5259.55922399,5259.54459895,0.00000000,3430.29464024,0.15513811,64.38265629,0.01998475,0.01998469,37997,117,1
5259.55922399,5259.54459895,0.00000000,3430.29464024,0.15513811,64.38265629,0.01998475,0.01998469,37997,117,1
5259.68469622,5259.68305456,0.00000000,3437.20244618,0.21689411,64.27094986,0.01998470,0.01998469,37996,117,1
nan,nan,0.00000000,-1.00000000,0.00000000,64.20915022,nan,0.00000000,-2147483648,117,1
5259.82149939,5259.82151749,3444.75242934,3444.75143077,0.22717030,64.14783009,0.01998469,0.01998469,37995,117,0
5259.96714758,5259.95998774,0.00000000,3452.78066633,0.23673121,64.01568066,0.01998472,0.01998469,37994,117,1
5260.09391494,5260.09846530,0.00000000,3459.78501995,0.17454648,63.89939194,0.01998468,0.01998469,37993,117,1
nan,nan,0.00000000,-1.00000000,0.00000000,63.77862526,nan,0.00000000,-2147483648,117,1
5260.36679211,nan,0.00000000,3474.88927259,0.27976258,63.64543299,0.01998466,0.01998469,37991,117,1
5260.48282861,nan,0.00000000,3481.32325021,0.08154804,63.53592945,0.01998510,0.01998469,37991,117,1
5260.48282861,nan,0.00000000,3481.32325021,0.08154804,63.53592945,0.01998510,0.01998469,37991,117,1
5260.65025253,5260.65244873,0.00000000,3490.61833066,0.15736323,63.37633471,0.01998468,0.01998469,37989,117,1
5260.85752276,nan,0.00000000,3502.14497050,0.05595631,63.17613326,0.01998495,0.01998469,37988,117,1
5260.85752276,5260.79096289,0.00000000,3502.14497050,0.05595631,63.17613326,0.01998495,0.01998469,37988,117,1
nan,nan,0.00000000,-1.00000000,0.00000000,63.05586872,nan,0.00000000,-2147483648,117,1
nan,nan,0.00000000,-1.00000000,0.00000000,62.98527864,nan,0.00000000,-2147483648,117,1
5261.20322934,5261.20654930,0.00000000,3521.41826114,0.18133063,62.83572043,0.01998468,0.01998469,37985,117,1
nan,nan,0.00000000,-1.00000000,0.00000000,62.73581083,nan,0.00000000,-2147483648,117,1
nan,nan,0.00000000,-1.00000000,0.00000000,62.69986761,nan,0.00000000,-2147483648,117,1
5261.47231662,5261.48364351,0.00000000,3536.46182559,0.19542895,62.56509402,0.01998465,0.01998469,37983,117,1
nan,nan,0.00000000,-1.00000000,0.00000000,62.46437929,nan,0.00000000,-2147483648,117,1
nan,nan,0.00000000,-1.00000000,0.00000000,62.42786466,nan,0.00000000,-2147483648,117,1
nan,nan,0.00000000,-1.00000000,0.00000000,62.37294994,nan,0.00000000,-2147483648,117,1
nan,nan,0.00000000,-1.00000000,0.00000000,62.24414944,nan,0.00000000,-2147483648,117,1
5261.91743803,5261.89933976,0.00000000,3561.42791542,0.17893550,62.10645575,0.01998476,0.01998469,37980,117,1
5261.91743803,5261.89933976,0.00000000,3561.42791542,0.17893550,62.10645575,0.01998476,0.01998469,37980,117,1
5262.04745679,5262.03791983,0.00000000,3568.73968875,0.23434706,61.96989018,0.01998473,0.01998469,37979,117,1
5262.15837873,5262.17650723,0.00000000,3574.98444966,0.15571601,61.85244904,0.01998463,0.01998469,37978,117,1
nan,nan,0.00000000,-1.00000000,0.00000000,61.73861776,nan,0.00000000,-2147483648,117,1
nan,nan,0.00000000,-1.00000000,0.00000000,61.66254588,nan,0.00000000,-2147483648,117,1
nan,nan,0.00000000,-1.00000000,0.00000000,61.62439598,nan,0.00000000,-2147483648,117,1
nan,nan,0.00000000,-1.00000000,0.00000000,61.54786833,nan,0.00000000,-2147483648,117,1
nan,nan,0.00000000,-1.00000000,0.00000000,61.45178162,nan,0.00000000,-2147483648,117,1
5262.61577784,5262.59231338,0.00000000,3600.80320113,0.27952499,61.35903004,0.01998478,0.01998469,37975,117,1
5262.61577784,5262.59231338,0.00000000,3600.80320113,0.27952499,61.35903004,0.01998478,0.01998469,37975,117,1
5262.72707728,5262.73093009,0.00000000,3607.10231550,0.73429069,61.23672840,0.01998468,0.01998469,37974,117,1
nan,nan,0.00000000,-1.00000000,0.00000000,61.14111644,nan,0.00000000,-2147483648,117,1
nan,nan,0.00000000,-1.00000000,0.00000000,61.08232621,nan,0.00000000,-2147483648,117,1
5262.91021339,nan,0.00000000,3617.48135464,0.13566836,61.03357082,0.01998485,0.01998469,37973,117,1
5263.02649330,5263.00818549,0.00000000,3624.08062831,0.41511808,60.90333584,0.01998476,0.01998469,37972,117,1
5263.13965724,5263.14682419,0.00000000,3630.50997582,0.29576969,60.77566081,0.01998467,0.01998469,37971,117,1
5263.29145889,5263.28547022,0.00000000,3639.14525561,0.22097544,60.60294829,0.01998472,0.01998469,37970,117,1
5263.41441278,5263.42412358,0.00000000,3646.14858610,0.16033852,60.46183954,0.01998466,0.01998470,37969,117,1
nan,nan,0.00000000,-1.00000000,0.00000000,60.34322899,nan,0.00000000,-2147483648,117,1
nan,nan,0.00000000,-1.00000000,0.00000000,60.28216666,nan,0.00000000,-2147483648,117,1
nan,nan,0.00000000,-1.00000000,0.00000000,60.24136389,nan,0.00000000,-2147483648,117,1
5263.68618441,5263.70145230,0.00000000,3661.65735995,0.21685377,60.14605424,0.01998464,0.01998470,37967,117,1
nan,nan,0.00000000,-1.00000000,0.00000000,59.93293340,nan,0.00000000,-2147483648,117,1
nan,nan,0.00000000,-1.00000000,0.00000000,59.82917869,nan,0.00000000,-2147483648,117,1
nan,nan,0.00000000,-1.00000000,0.00000000,59.76669929,nan,0.00000000,-2147483648,117,1
5264.12261593,5264.11750039,0.00000000,3686.64655901,0.17892921,59.62766984,0.01998472,0.01998470,37964,117,1
nan,nan,0.00000000,-1.00000000,0.00000000,59.47288299,nan,0.00000000,-2147483648,117,1
nan,nan,0.00000000,-1.00000000,0.00000000,59.43060741,nan,0.00000000,-2147483648,117,1
nan,nan,0.00000000,-1.00000000,0.00000000,59.30332817,nan,0.00000000,-2147483648,117,1
5264.53901203,5264.53361449,0.00000000,3710.58617573,0.18319886,59.12000763,0.01998472,0.01998470,37961,117,1
nan,nan,0.00000000,-1.00000000,0.00000000,59.02522907,nan,0.00000000,-2147483648,117,1
nan,nan,0.00000000,-1.00000000,0.00000000,58.98216206,nan,0.00000000,-2147483648,117,1
nan,nan,0.00000000,-1.00000000,0.00000000,58.89580208,nan,0.00000000,-2147483648,117,1
5264.80569921,5264.81106059,0.00000000,3725.96928487,0.21094692,58.78809578,0.01998468,0.01998470,37959,117,1
nan,nan,0.00000000,-1.00000000,0.00000000,58.63491545,nan,0.00000000,-2147483648,117,1
nan,nan,0.00000000,-1.00000000,0.00000000,58.59117098,nan,0.00000000,-2147483648,117,1
5265.09015815,5265.08853604,0.00000000,3742.42148755,0.33862867,58.42818910,0.01998470,0.01998470,37957,117,1
5265.09015815,5265.08853604,0.00000000,3742.42148755,0.33862867,58.42818910,0.01998470,0.01998470,37957,117,1
nan,nan,0.00000000,-1.00000000,0.00000000,58.28285413,nan,0.00000000,-2147483648,117,1
nan,nan,0.00000000,-1.00000000,0.00000000,58.21630706,nan,0.00000000,-2147483648,117,1
5265.34297191,5265.36604084,0.00000000,3757.08183976,0.34281356,58.10319421,0.01998461,0.01998470,37955,117,1
5265.34297191,5265.36604084,0.00000000,3757.08183976,0.34281356,58.10319421,0.01998461,0.01998470,37955,117,1
5265.49492133,5265.50480426,0.00000000,3765.91070497,0.19078912,57.90552632,0.01998466,0.01998470,37954,117,1
5265.59182635,nan,0.00000000,3771.54817148,0.17601349,57.77854493,0.01998503,0.01998470,37954,117,1
5265.59182635,nan,0.00000000,3771.54817148,0.17601349,57.77854493,0.01998503,0.01998470,37954,117,1
nan,nan,0.00000000,-1.00000000,0.00000000,57.60978123,nan,0.00000000,-2147483648,117,1
nan,nan,0.00000000,-1.00000000,0.00000000,57.51876272,nan,0.00000000,-2147483648,117,1
5265.92686866,5265.92113856,0.00000000,3791.08096506,0.23886994,57.33396875,0.01998472,0.01998470,37951,117,1
nan,nan,0.00000000,-1.00000000,0.00000000,57.19783740,nan,0.00000000,-2147483648,117,1
nan,nan,0.00000000,-1.00000000,0.00000000,57.15169132,nan,0.00000000,-2147483648,117,1
nan,nan,0.00000000,-1.00000000,0.00000000,57.08233184,nan,0.00000000,-2147483648,117,1
5266.21247817,5266.19873148,0.00000000,3807.78323480,0.29288590,56.94814923,0.01998475,0.01998470,37949,117,1
5266.28536063,nan,0.00000000,3812.05298340,0.66032797,56.84868109,0.01998503,0.01998470,37949,117,1
5266.28536063,nan,0.00000000,3812.05298340,0.66032797,56.84868109,0.01998503,0.01998470,37949,117,1
5266.28536063,nan,0.00000000,3812.05298340,0.66032797,56.84868109,0.01998503,0.01998470,37949,117,1
nan,nan,0.00000000,-1.00000000,0.00000000,56.61563333,nan,0.00000000,-2147483648,117,1
nan,nan,0.00000000,-1.00000000,0.00000000,56.54498369,nan,0.00000000,-2147483648,117,1
5266.60842178,5266.61517595,0.00000000,3831.01680347,0.23601349,56.40278204,0.01998467,0.01998470,37946,117,1
5266.60842178,5266.61517595,0.00000000,3831.01680347,0.23601349,56.40278204,0.01998467,0.01998470,37946,117,1
5266.76481789,5266.75400546,0.00000000,3840.21948128,0.33047356,56.18397777,0.01998474,0.01998470,37945,117,1
5266.76481789,5266.75400546,0.00000000,3840.21948128,0.33047356,56.18397777,0.01998474,0.01998470,37945,117,1
5266.89748140,5266.89284232,0.00000000,3848.03708763,0.43317380,55.99686391,0.01998472,0.01998470,37944,117,1
5266.89748140,5266.89284232,0.00000000,3848.03708763,0.43317380,55.99686391,0.01998472,0.01998470,37944,117,1
5267.02526748,5267.03168654,0.00000000,3855.57721797,0.21917219,55.81531184,0.01998467,0.01998470,37943,117,1
nan,nan,0.00000000,-1.00000000,0.00000000,55.68408654,nan,0.00000000,-2147483648,117,1
nan,nan,0.00000000,-1.00000000,0.00000000,55.58693995,nan,0.00000000,-2147483648,117,1
nan,nan,0.00000000,-1.00000000,0.00000000,55.53825493,nan,0.00000000,-2147483648,117,1
nan,nan,0.00000000,-1.00000000,0.00000000,55.46508777,nan,0.00000000,-2147483648,117,1
nan,nan,0.00000000,-1.00000000,0.00000000,55.36727099,nan,0.00000000,-2147483648,117,1
nan,nan,0.00000000,-1.00000000,0.00000000,55.29371304,nan,0.00000000,-2147483648,117,1
nan,nan,0.00000000,-1.00000000,0.00000000,55.21998767,nan,0.00000000,-2147483648,117,1
5267.57833352,5267.58713687,0.00000000,3888.32478203,0.24095552,55.01452860,0.01998467,0.01998470,37939,117,1
nan,nan,0.00000000,-1.00000000,0.00000000,54.89857747,nan,0.00000000,-2147483648,117,1
nan,nan,0.00000000,-1.00000000,0.00000000,54.77412199,nan,0.00000000,-2147483648,117,1
nan,nan,0.00000000,-1.00000000,0.00000000,54.72420980,nan,0.00000000,-2147483648,117,1
nan,nan,0.00000000,-1.00000000,0.00000000,54.67422335,nan,0.00000000,-2147483648,117,1
nan,nan,0.00000000,-1.00000000,0.00000000,54.59910444,nan,0.00000000,-2147483648,117,1
nan,nan,0.00000000,-1.00000000,0.00000000,54.49868609,nan,0.00000000,-2147483648,117,1
nan,nan,0.00000000,-1.00000000,0.00000000,54.39797089,nan,0.00000000,-2147483648,117,1
5267.98895898,nan,0.00000000,3912.75884568,0.39627398,54.40405127,0.01998464,0.01998470,37936,117,1
5268.12583283,5268.14270483,0.00000000,3920.92654578,0.17671478,54.19751343,0.01998464,0.01998470,37935,117,1
nan,nan,0.00000000,-1.00000000,0.00000000,54.04313152,nan,0.00000000,-2147483648,117,1
nan,nan,0.00000000,-1.00000000,0.00000000,53.99214369,nan,0.00000000,-2147483648,117,1
nan,nan,0.00000000,-1.00000000,0.00000000,53.91552304,nan,0.00000000,-2147483648,117,1
nan,nan,0.00000000,-1.00000000,0.00000000,53.83873574,nan,0.00000000,-2147483648,117,1
5268.44523864,5268.42053292,0.00000000,3940.03182502,0.25619003,53.70956828,0.01998479,0.01998470,37933,117,1
5268.56883457,5268.55945801,0.00000000,3947.44185229,0.34626985,53.51849922,0.01998474,0.01998470,37932,117,1
nan,nan,0.00000000,-1.00000000,0.00000000,53.40046203,nan,0.00000000,-2147483648,117,1
5268.79452799,nan,0.00000000,3960.99783246,191.16387612,53.16632818,0.01998506,0.01998470,37931,117,1
nan,nan,0.00000000,-1.00000000,0.00000000,53.14015807,nan,0.00000000,-2147483648,117,1
nan,nan,0.00000000,-1.00000000,0.00000000,53.03551929,nan,0.00000000,-2147483648,117,1
5268.97848576,5268.97627738,0.00000000,3972.07089163,0.27370494,52.87614228,0.01998471,0.01998470,37929,117,1
5268.97848576,5268.97627738,0.00000000,3972.07089163,0.27370494,52.87614228,0.01998471,0.01998470,37929,117,1
5269.10832898,5269.11523189,0.00000000,3979.89959157,0.33054180,52.66961428,0.01998467,0.01998470,37928,117,1
5269.10832898,5269.11523189,0.00000000,3979.89959157,0.33054180,52.66961428,0.01998467,0.01998470,37928,117,1
nan,nan,0.00000000,-1.00000000,0.00000000,52.48132194,nan,0.00000000,-2147483648,117,1
nan,nan,0.00000000,-1.00000000,0.00000000,52.42811718,nan,0.00000000,-2147483648,117,1
nan,nan,0.00000000,-1.00000000,0.00000000,52.32148658,nan,0.00000000,-2147483648,117,1
nan,nan,0.00000000,-1.00000000,0.00000000,52.26806078,nan,0.00000000,-2147483648,117,1
nan,nan,0.00000000,-1.00000000,0.00000000,52.21456131,nan,0.00000000,-2147483648,117,1
nan,nan,0.00000000,-1.00000000,0.00000000,52.13417405,nan,0.00000000,-2147483648,117,1
nan,nan,0.00000000,-1.00000000,0.00000000,52.08049051,nan,0.00000000,-2147483648,117,1
5269.54950179,5269.53213956,0.00000000,4006.58036374,0.28033700,51.95726813,0.01998477,0.01998470,37925,117,1
5269.54950179,5269.53213956,0.00000000,4006.58036374,0.28033700,51.95726813,0.01998477,0.01998470,37925,117,1
5269.67259644,5269.67112350,0.00000000,4014.04722920,0.10705586,51.75556493,0.01998471,0.01998470,37924,117,1
5269.67259644,5269.67112350,0.00000000,4014.04722920,0.10705586,51.75556493,0.01998471,0.01998470,37924,117,1
nan,nan,0.00000000,-1.00000000,0.00000000,51.59402788,nan,0.00000000,-2147483648,117,1
nan,nan,0.00000000,-1.00000000,0.00000000,51.53960887,nan,0.00000000,-2147483648,117,1
nan,nan,0.00000000,-1.00000000,0.00000000,51.45784259,nan,0.00000000,-2147483648,117,1
nan,nan,0.00000000,-1.00000000,0.00000000,51.40323991,nan,0.00000000,-2147483648,117,1
5269.96034352,5269.94911347,0.00000000,4031.54045216,0.27524222,51.27900691,0.01998474,0.01998470,37922,117,1
5270.12383565,5270.08811950,0.00000000,4041.50400029,0.03021548,51.00506476,0.01998484,0.01998470,37921,117,1
5270.12383565,5270.08811950,0.00000000,4041.50400029,0.03021548,51.00506476,0.01998484,0.01998470,37921,117,1
nan,nan,0.00000000,-1.00000000,0.00000000,50.85317632,nan,0.00000000,-2147483648,117,1
nan,nan,0.00000000,-1.00000000,0.00000000,50.71451456,nan,0.00000000,-2147483648,117,1
nan,nan,0.00000000,-1.00000000,0.00000000,50.63109769,nan,0.00000000,-2147483648,117,1
nan,nan,0.00000000,-1.00000000,0.00000000,50.57539488,nan,0.00000000,-2147483648,117,1
nan,nan,0.00000000,-1.00000000,0.00000000,50.49170337,nan,0.00000000,-2147483648,117,1
5270.53423908,5270.50518175,0.00000000,4066.59298028,0.35064088,50.30719914,0.01998481,0.01998470,37918,117,1
5270.53423908,5270.50518175,0.00000000,4066.59298028,0.35064088,50.30719914,0.01998481,0.01998470,37918,117,1
5270.67093771,5270.64421723,0.00000000,4074.97471564,0.12394461,50.07148888,0.01998480,0.01998470,37917,117,1
5270.67093771,5270.64421723,0.00000000,4074.97471564,0.12394461,50.07148888,0.01998480,0.01998470,37917,117,1
nan,nan,0.00000000,-1.00000000,0.00000000,49.87293544,nan,0.00000000,-2147483648,117,1
nan,nan,0.00000000,-1.00000000,0.00000000,49.78787269,nan,0.00000000,-2147483648,117,1
nan,nan,0.00000000,-1.00000000,0.00000000,49.73107289,nan,0.00000000,-2147483648,117,1
nan,nan,0.00000000,-1.00000000,0.00000000,49.50314365,nan,0.00000000,-2147483648,117,1
5241.44374335,5241.33243740,0.00000000,600.00000000,nan,68.74082648,0.01998510,0.01998468,38129,116,1
nan,nan,0.00000000,-1.00000000,0.00000000,68.99891647,nan,0.00000000,-2147483648,116,1
nan,nan,0.00000000,-1.00000000,0.00000000,69.07251210,nan,0.00000000,-2147483648,116,1
nan,nan,0.00000000,-1.00000000,0.00000000,69.14604351,nan,0.00000000,-2147483648,116,1
5241.91057691,5241.88246193,0.00000000,617.67654634,0.08538116,69.39104603,0.01998478,0.01998468,38125,116,1
5241.91057691,5241.88246193,0.00000000,617.67654634,0.08538116,69.39104603,0.01998478,0.01998468,38125,116,1
5241.91057691,5241.88246193,0.00000000,617.67654634,0.08538116,69.39104603,0.01998478,0.01998468,38125,116,1
nan,nan,0.00000000,-1.00000000,0.00000000,69.73197936,nan,0.00000000,-2147483648,116,1
5242.28890975,5242.29505631,0.00000000,632.02621003,0.18080094,69.91519303,0.01998465,0.01998468,38122,116,1
nan,nan,0.00000000,-1.00000000,0.00000000,70.02340066,nan,0.00000000,-2147483648,116,1
nan,nan,0.00000000,-1.00000000,0.00000000,70.09609456,nan,0.00000000,-2147483648,116,1
nan,nan,0.00000000,-1.00000000,0.00000000,70.35001410,nan,0.00000000,-2147483648,116,1
nan,nan,0.00000000,-1.00000000,0.00000000,70.49475507,nan,0.00000000,-2147483648,116,1
5242.84338878,5242.84528351,0.00000000,653.09621243,0.19397926,70.67878731,0.01998467,0.01998468,38118,116,1
5242.98027527,5242.98285841,0.00000000,658.30508243,0.19011640,70.86645262,0.01998467,0.01998468,38117,116,1
5243.13059353,5243.12044055,0.00000000,664.02837635,0.21087782,71.07214376,0.01998472,0.01998468,38116,116,1
5243.37799603,5243.39562657,0.00000000,673.45567054,0.36187954,71.40979301,0.01998461,0.01998468,38114,116,1
5243.37799603,5243.39562657,0.00000000,673.45567054,0.36187954,71.40979301,0.01998461,0.01998468,38114,116,1
5243.37799603,5243.39562657,0.00000000,673.45567054,0.36187954,71.40979301,0.01998461,0.01998468,38114,116,1
nan,nan,0.00000000,-1.00000000,0.00000000,71.64333461,nan,0.00000000,-2147483648,116,1
nan,nan,0.00000000,-1.00000000,0.00000000,71.71456750,nan,0.00000000,-2147483648,116,1
nan,nan,0.00000000,-1.00000000,0.00000000,71.78573512,nan,0.00000000,-2147483648,116,1
nan,nan,0.00000000,-1.00000000,0.00000000,71.99884610,nan,0.00000000,-2147483648,116,1
5243.92975782,5243.94608552,0.00000000,694.51464667,0.00957791,72.15881166,0.01998462,0.01998468,38110,116,1
5243.92975782,5243.94608552,0.00000000,694.51464667,0.00957791,72.15881166,0.01998462,0.01998468,38110,116,1
nan,nan,0.00000000,-1.00000000,0.00000000,72.42330205,nan,0.00000000,-2147483648,116,1
nan,nan,0.00000000,-1.00000000,0.00000000,72.59946260,nan,0.00000000,-2147483648,116,1
nan,nan,0.00000000,-1.00000000,0.00000000,72.66981201,nan,0.00000000,-2147483648,116,1
nan,nan,0.00000000,-1.00000000,0.00000000,72.81031388,nan,0.00000000,-2147483648,116,1
nan,nan,0.00000000,-1.00000000,0.00000000,72.88046627,nan,0.00000000,-2147483648,116,1
nan,nan,0.00000000,-1.00000000,0.00000000,72.98557161,nan,0.00000000,-2147483648,116,1
nan,nan,0.00000000,-1.00000000,0.00000000,73.05555964,nan,0.00000000,-2147483648,116,1
nan,nan,0.00000000,-1.00000000,0.00000000,73.12548186,nan,0.00000000,-2147483648,116,1
5244.80364394,5244.77199136,0.00000000,727.96497558,0.25668667,73.33363302,0.01998480,0.01998468,38104,116,1
5244.95808350,nan,0.00000000,733.88900125,0.23562753,73.53977497,0.01998486,0.01998468,38103,116,1
5244.95808350,nan,0.00000000,733.88900125,0.23562753,73.53977497,0.01998486,0.01998468,38103,116,1
nan,nan,0.00000000,-1.00000000,0.00000000,73.71716034,nan,0.00000000,-2147483648,116,1
nan,nan,0.00000000,-1.00000000,0.00000000,73.82107923,nan,0.00000000,-2147483648,116,1
nan,nan,0.00000000,-1.00000000,0.00000000,73.99394685,nan,0.00000000,-2147483648,116,1
5245.43998738,5245.46044559,0.00000000,752.39815395,0.10976877,74.18011579,0.01998460,0.01998468,38099,116,1
5245.43998738,5245.46044559,0.00000000,752.39815395,0.10976877,74.18011579,0.01998460,0.01998468,38099,116,1
nan,nan,0.00000000,-1.00000000,0.00000000,74.44146623,nan,0.00000000,-2147483648,116,1
nan,nan,0.00000000,-1.00000000,0.00000000,74.51006676,nan,0.00000000,-2147483648,116,1
nan,nan,0.00000000,-1.00000000,0.00000000,74.57860093,nan,0.00000000,-2147483648,116,1
nan,nan,0.00000000,-1.00000000,0.00000000,74.74964580,nan,0.00000000,-2147483648,116,1
5246.00404079,5246.01133953,0.00000000,774.10930548,0.16079414,74.92400078,0.01998465,0.01998468,38095,116,1
5246.24400946,nan,0.00000000,783.36139513,0.14478785,75.23862287,0.01998504,0.01998468,38094,116,1
5246.24400946,nan,0.00000000,783.36139513,0.14478785,75.23862287,0.01998504,0.01998468,38094,116,1
5246.24400946,nan,0.00000000,783.36139513,0.14478785,75.23862287,0.01998504,0.01998468,38094,116,1
5246.40263590,nan,0.00000000,789.48236512,0.25572437,75.44598576,0.01998460,0.01998468,38092,116,1
5246.56336480,5246.56234955,795.63738892,795.67660199,0.15196406,75.65519438,0.01998468,0.01998468,38091,116,0
5246.56336480,5246.56234955,795.63738892,795.67660199,0.15196406,75.65519438,0.01998468,0.01998468,38091,116,0
nan,nan,0.00000000,-1.00000000,0.00000000,76.03598165,nan,0.00000000,-2147483648,116,1
nan,nan,0.00000000,-1.00000000,0.00000000,76.20344051,nan,0.00000000,-2147483648,116,1
nan,nan,0.00000000,-1.00000000,0.00000000,76.33710596,nan,0.00000000,-2147483648,116,1
nan,nan,0.00000000,-1.00000000,0.00000000,76.43717896,nan,0.00000000,-2147483648,116,1
nan,nan,0.00000000,-1.00000000,0.00000000,76.57037468,nan,0.00000000,-2147483648,116,1
5247.52588497,5247.52689653,832.96642914,832.92720055,0.46085659,76.89977841,0.01998468,0.01998468,38084,116,0
5247.79268369,5247.80254674,0.00000000,843.29435615,0.20358627,77.24201055,0.01998464,0.01998468,38082,116,1
5247.79268369,5247.80254674,0.00000000,843.29435615,0.20358627,77.24201055,0.01998464,0.01998468,38082,116,1
5247.79268369,5247.80254674,0.00000000,843.29435615,0.20358627,77.24201055,0.01998464,0.01998468,38082,116,1
nan,nan,0.00000000,-1.00000000,0.00000000,77.42958781,nan,0.00000000,-2147483648,116,1
5248.06371558,5248.07822599,0.00000000,853.82327349,0.11123996,77.58772794,0.01998463,0.01998468,38080,116,1
5248.31138264,nan,0.00000000,863.45507060,0.02583118,77.90234821,0.01998505,0.01998468,38079,116,1
5248.31138264,nan,0.00000000,863.45507060,0.02583118,77.90234821,0.01998505,0.01998468,38079,116,1
5248.31138264,nan,0.00000000,863.45507060,0.02583118,77.90234821,0.01998505,0.01998468,38079,116,1
nan,nan,0.00000000,-1.00000000,0.00000000,78.11524096,nan,0.00000000,-2147483648,116,1
nan,nan,0.00000000,-1.00000000,0.00000000,78.40680645,nan,0.00000000,-2147483648,116,1
nan,nan,0.00000000,-1.00000000,0.00000000,78.50368955,nan,0.00000000,-2147483648,116,1
5249.03988177,5249.04333225,0.00000000,891.84519048,0.15222448,78.82055941,0.01998467,0.01998468,38073,116,1
nan,nan,0.00000000,-1.00000000,0.00000000,78.98581065,nan,0.00000000,-2147483648,116,1
nan,nan,0.00000000,-1.00000000,0.00000000,79.04980419,nan,0.00000000,-2147483648,116,1
nan,nan,0.00000000,-1.00000000,0.00000000,79.17758681,nan,0.00000000,-2147483648,116,1
5249.46698847,5249.45705824,0.00000000,908.53084970,0.20265915,79.35382405,0.01998472,0.01998468,38070,116,1
5249.85846054,5249.87084966,0.00000000,923.85119892,0.17227073,79.83927054,0.01998464,0.01998468,38067,116,1
5249.85846054,5249.87084966,0.00000000,923.85119892,0.17227073,79.83927054,0.01998464,0.01998468,38067,116,1
5250.00185366,5250.00879468,0.00000000,929.46936864,0.34310674,80.01628409,0.01998466,0.01998468,38066,116,1
5250.28027907,5250.28470654,0.00000000,940.38803885,0.48723565,80.35875534,0.01998467,0.01998468,38064,116,1
nan,nan,0.00000000,-1.00000000,0.00000000,80.56514941,nan,0.00000000,-2147483648,116,1
5250.70160019,5250.69862888,0.00000000,956.93544997,0.27610328,80.87387429,0.01998470,0.01998468,38061,116,1
nan,nan,0.00000000,-1.00000000,0.00000000,81.06148354,nan,0.00000000,-2147483648,116,1
nan,nan,0.00000000,-1.00000000,0.00000000,81.21568392,nan,0.00000000,-2147483648,116,1
nan,nan,0.00000000,-1.00000000,0.00000000,81.33873382,nan,0.00000000,-2147483648,116,1
nan,nan,0.00000000,-1.00000000,0.00000000,81.43084005,nan,0.00000000,-2147483648,116,1
nan,nan,0.00000000,-1.00000000,0.00000000,81.55340661,nan,0.00000000,-2147483648,116,1
nan,nan,0.00000000,-1.00000000,0.00000000,81.67569673,nan,0.00000000,-2147483648,116,1
5251.52160111,5251.52667005,0.00000000,989.22787010,0.49118132,81.86554773,0.01998467,0.01998468,38055,116,1
nan,nan,0.00000000,-1.00000000,0.00000000,82.01056755,nan,0.00000000,-2147483648,116,1
nan,nan,0.00000000,-1.00000000,0.00000000,82.16208890,nan,0.00000000,-2147483648,116,1
nan,nan,0.00000000,-1.00000000,0.00000000,82.25279369,nan,0.00000000,-2147483648,116,1
nan,nan,0.00000000,-1.00000000,0.00000000,82.34334238,nan,0.00000000,-2147483648,116,1
5252.08256711,5252.07884307,0.00000000,1011.38589545,0.09989810,82.53556699,0.01998470,0.01998469,38051,116,1
5252.08256711,5252.07884307,0.00000000,1011.38589545,0.09989810,82.53556699,0.01998470,0.01998469,38051,116,1
5252.08256711,5252.07884307,0.00000000,1011.38589545,0.09989810,82.53556699,0.01998470,0.01998469,38051,116,1
nan,nan,0.00000000,-1.00000000,0.00000000,82.70397443,nan,0.00000000,-2147483648,116,1
nan,nan,0.00000000,-1.00000000,0.00000000,82.76383645,nan,0.00000000,-2147483648,116,1
nan,nan,0.00000000,-1.00000000,0.00000000,82.85349903,nan,0.00000000,-2147483648,116,1
5252.50070227,5252.49304931,0.00000000,1027.93765686,0.15857134,83.03049904,0.01998471,0.01998469,38048,116,1
5252.50070227,5252.49304931,0.00000000,1027.93765686,0.15857134,83.03049904,0.01998471,0.01998469,38048,116,1
nan,nan,0.00000000,-1.00000000,0.00000000,83.18092115,nan,0.00000000,-2147483648,116,1
5252.78090285,5252.76922321,0.00000000,1039.04639627,0.25615353,83.35999779,0.01998473,0.01998469,38046,116,1
5252.91499532,5252.90732110,0.00000000,1044.36744980,0.36904612,83.51706411,0.01998472,0.01998469,38045,116,1
5253.04856992,5253.04542626,0.00000000,1049.67109441,0.03882031,83.67312441,0.01998470,0.01998469,38044,116,1
5253.19526524,5253.18353872,0.00000000,1055.49932266,0.24861006,83.84405351,0.01998473,0.01998469,38043,116,1
5253.32706832,5253.32165846,0.00000000,1060.73911740,0.29308910,83.99721776,0.01998471,0.01998469,38042,116,1
5253.46770356,5253.45978549,0.00000000,1066.33341825,0.32107825,84.16021382,0.01998472,0.01998469,38041,116,1
nan,nan,0.00000000,-1.00000000,0.00000000,84.32475660,nan,0.00000000,-2147483648,116,1
5253.87243409,5253.87421031,1082.52659787,1082.45580640,0.10705416,84.62688685,0.01998468,0.01998469,38038,116,0
5253.87243409,5253.87421031,1082.52659787,1082.45580640,0.10705416,84.62688685,0.01998468,0.01998469,38038,116,0
5253.99761964,5254.01236649,0.00000000,1087.44436808,0.14876903,84.77035919,0.01998463,0.01998469,38037,116,1
5254.15503256,5254.15052997,0.00000000,1093.72506629,0.29836551,84.95037128,0.01998470,0.01998469,38036,116,1
5254.15503256,5254.15052997,0.00000000,1093.72506629,0.29836551,84.95037128,0.01998470,0.01998469,38036,116,1
5254.29285593,5254.28870074,0.00000000,1099.22778957,0.15961707,85.10751498,0.01998470,0.01998469,38035,116,1
nan,nan,0.00000000,-1.00000000,0.00000000,85.27178118,nan,0.00000000,-2147483648,116,1
nan,nan,0.00000000,-1.00000000,0.00000000,85.44190702,nan,0.00000000,-2147483648,116,1
nan,nan,0.00000000,-1.00000000,0.00000000,85.55497125,nan,0.00000000,-2147483648,116,1
nan,nan,0.00000000,-1.00000000,0.00000000,85.66775289,nan,0.00000000,-2147483648,116,1
nan,nan,0.00000000,-1.00000000,0.00000000,85.72403768,nan,0.00000000,-2147483648,116,1
nan,nan,0.00000000,-1.00000000,0.00000000,85.89246769,nan,0.00000000,-2147483648,116,1
nan,nan,0.00000000,-1.00000000,0.00000000,85.94846950,nan,0.00000000,-2147483648,116,1
nan,nan,0.00000000,-1.00000000,0.00000000,86.22741613,nan,0.00000000,-2147483648,116,1
5255.39002071,5255.39432945,0.00000000,1143.15507391,0.22452779,86.34279937,0.01998467,0.01998469,38027,116,1
nan,nan,0.00000000,-1.00000000,0.00000000,86.44929726,nan,0.00000000,-2147483648,116,1
nan,nan,0.00000000,-1.00000000,0.00000000,86.50459012,nan,0.00000000,-2147483648,116,1
5255.66686480,5255.67080959,0.00000000,1154.27360136,0.06063900,86.65004584,0.01998467,0.01998469,38025,116,1
5255.66686480,5255.67080959,0.00000000,1154.27360136,0.06063900,86.65004584,0.01998467,0.01998469,38025,116,1
5255.79460725,5255.80906060,0.00000000,1159.40867536,0.13264996,86.79120591,0.01998463,0.01998469,38024,116,1
5255.94112508,5255.94731891,0.00000000,1165.30217526,0.32107532,86.95263681,0.01998467,0.01998469,38023,116,1
5255.94112508,5255.94731891,0.00000000,1165.30217526,0.32107532,86.95263681,0.01998467,0.01998469,38023,116,1
5256.07187561,5256.08558453,0.00000000,1170.56478178,0.10212353,87.09626432,0.01998464,0.01998469,38022,116,1
nan,nan,0.00000000,-1.00000000,0.00000000,87.27122450,nan,0.00000000,-2147483648,116,1
5256.35143154,5256.36213765,0.00000000,1181.82724515,0.05389863,87.40198272,0.01998465,0.01998469,38020,116,1
5256.49562792,5256.50042517,0.00000000,1187.64211951,0.25362292,87.55894143,0.01998467,0.01998469,38019,116,1
5256.62792512,nan,0.00000000,1192.98053177,0.22442406,87.70250770,0.01998465,0.01998469,38018,116,1
5256.79194142,nan,0.00000000,1199.60336849,0.31648155,87.87990837,0.01998475,0.01998469,38017,116,1
5256.92477815,5256.91533153,0.00000000,1204.97086576,0.08496902,88.02310782,0.01998473,0.01998469,38016,116,1
5257.06187717,5257.05364825,0.00000000,1210.51403420,0.11594615,88.17045280,0.01998472,0.01998469,38015,116,1
5257.06187717,5257.05364825,0.00000000,1210.51403420,0.11594615,88.17045280,0.01998472,0.01998469,38015,116,1
5257.33763494,5257.33030362,0.00000000,1221.67406477,0.08449407,88.46543184,0.01998472,0.01998469,38013,116,1
nan,nan,0.00000000,-1.00000000,0.00000000,88.60541825,nan,0.00000000,-2147483648,116,1
5257.61359936,5257.60698820,0.00000000,1232.85672398,0.06241869,88.75876798,0.01998472,0.01998469,38011,116,1
nan,nan,0.00000000,-1.00000000,0.00000000,88.89292890,nan,0.00000000,-2147483648,116,1
nan,nan,0.00000000,-1.00000000,0.00000000,89.04883615,nan,0.00000000,-2147483648,116,1
5258.02140488,5258.02206989,1249.42625351,1249.39923669,0.06926719,89.18857913,0.01998469,0.01998469,38008,116,0
5258.14359437,5258.16044506,0.00000000,1254.37347308,0.13335253,89.31685768,0.01998463,0.01998469,38007,116,1
nan,nan,0.00000000,-1.00000000,0.00000000,89.46142048,nan,0.00000000,-2147483648,116,1
5258.42145666,5258.43721735,0.00000000,1265.67539185,0.49619559,89.60666044,0.01998463,0.01998469,38005,116,1
5258.56891622,5258.57561445,0.00000000,1271.67920823,0.08080192,89.75967244,0.01998467,0.01998469,38004,116,1
5258.56891622,5258.57561445,0.00000000,1271.67920823,0.08080192,89.75967244,0.01998467,0.01998469,38004,116,1
nan,nan,0.00000000,-1.00000000,0.00000000,89.92005932,nan,0.00000000,-2147483648,116,1
nan,nan,0.00000000,-1.00000000,0.00000000,90.07163815,nan,0.00000000,-2147483648,116,1
5258.98956968,5258.99084964,1288.87387318,1288.82163307,0.13043503,90.19297580,0.01998469,0.01998469,38001,116,0
nan,nan,0.00000000,-1.00000000,0.00000000,90.32282205,nan,0.00000000,-2147483648,116,1
nan,nan,0.00000000,-1.00000000,0.00000000,90.39782410,nan,0.00000000,-2147483648,116,1
nan,nan,0.00000000,-1.00000000,0.00000000,90.59703209,nan,0.00000000,-2147483648,116,1
5259.54993981,5259.54459895,0.00000000,1311.72767928,0.00102975,90.76365940,0.01998471,0.01998469,37997,116,1
5259.54993981,5259.54459895,0.00000000,1311.72767928,0.00102975,90.76365940,0.01998471,0.01998469,37997,116,1
5259.67013494,5259.68305456,0.00000000,1316.64718689,0.67961352,90.88498285,0.01998464,0.01998469,37996,116,1
nan,nan,0.00000000,-1.00000000,0.00000000,91.06549604,nan,0.00000000,-2147483648,116,1
5259.96130958,5259.95998774,1328.51833473,1328.57252832,0.23621079,91.17725691,0.01998470,0.01998469,37994,116,0
nan,nan,0.00000000,-1.00000000,0.00000000,91.30942038,nan,0.00000000,-2147483648,116,1
5260.22911621,5260.23695018,0.00000000,1339.56284194,0.09558894,91.44432368,0.01998466,0.01998469,37992,116,1
5260.36494908,5260.37544238,0.00000000,1345.14057955,0.16841520,91.57902215,0.01998465,0.01998469,37991,116,1
5260.51553411,5260.51394190,1351.25769809,1351.32313878,0.38597014,91.72766382,0.01998470,0.01998469,37990,116,0
5260.51553411,5260.51394190,1351.25769809,1351.32313878,0.38597014,91.72766382,0.01998470,0.01998469,37990,116,0
5260.66126626,5260.65244873,0.00000000,1357.32088935,0.10402064,91.87119585,0.01998473,0.01998469,37989,116,1
5260.78616594,5260.79096289,0.00000000,1362.46014980,0.27209249,91.99366085,0.01998467,0.01998469,37988,116,1
5260.93021126,5260.92948437,1368.35362242,1368.38355806,0.13315366,92.13421290,0.01998470,0.01998469,37987,116,0
5261.07364726,5261.06801317,0.00000000,1374.30088438,0.19192914,92.27398011,0.01998471,0.01998469,37986,116,1
5261.07364726,5261.06801317,0.00000000,1374.30088438,0.19192914,92.27398011,0.01998471,0.01998469,37986,116,1
5261.19715773,5261.20654930,0.00000000,1379.39304170,0.07508405,92.39374398,0.01998466,0.01998469,37985,116,1
nan,nan,0.00000000,-1.00000000,0.00000000,92.52506644,nan,0.00000000,-2147483648,116,1
5261.47826146,5261.48364351,0.00000000,1390.99384599,0.39983164,92.66481339,0.01998467,0.01998469,37983,116,1
5261.61547359,5261.62220160,0.00000000,1396.66214254,0.15380444,92.79636419,0.01998467,0.01998469,37982,116,1
5261.77461804,5261.76076702,0.00000000,1403.24118885,0.37791688,92.94831269,0.01998475,0.01998469,37981,116,1
5261.89605824,5261.89933976,0.00000000,1408.26495164,0.20667918,93.06380559,0.01998468,0.01998469,37980,116,1
5262.04525133,5262.03791983,0.00000000,1414.44085620,0.25574712,93.20515009,0.01998472,0.01998469,37979,116,1
5262.18451929,5262.17650723,0.00000000,1420.20994863,0.27753785,93.33655070,0.01998472,0.01998469,37978,116,1
5262.30459097,5262.31510195,0.00000000,1425.18698659,0.20248795,93.44941904,0.01998465,0.01998469,37977,116,1
nan,nan,0.00000000,-1.00000000,0.00000000,93.60318400,nan,0.00000000,-2147483648,116,1
nan,nan,0.00000000,-1.00000000,0.00000000,93.69306288,nan,0.00000000,-2147483648,116,1
5262.72711735,5262.73093009,0.00000000,1442.72414051,0.08666923,93.84348793,0.01998468,0.01998469,37974,116,1
5262.87597534,5262.86955412,0.00000000,1448.91119889,0.23466494,93.98116135,0.01998472,0.01998469,37973,116,1
5263.00017621,5263.00818549,0.00000000,1454.07687803,0.20672987,94.09556607,0.01998466,0.01998469,37972,116,1
5263.15797252,5263.14682419,0.00000000,1460.64438183,0.28341917,94.24030561,0.01998474,0.01998469,37971,116,1
nan,nan,0.00000000,-1.00000000,0.00000000,94.33585839,nan,0.00000000,-2147483648,116,1
5263.43032719,5263.42412358,0.00000000,1471.99182337,0.12296982,94.48851029,0.01998472,0.01998470,37969,116,1
5263.43032719,5263.42412358,0.00000000,1471.99182337,0.12296982,94.48851029,0.01998472,0.01998470,37969,116,1
5263.69915491,5263.70145230,0.00000000,1483.20727731,0.01272650,94.73148695,0.01998469,0.01998470,37967,116,1
5263.84926949,5263.84012766,0.00000000,1489.47652692,0.02242196,94.86629166,0.01998473,0.01998470,37966,116,1
5263.98419404,5263.97881036,0.00000000,1495.11537409,0.17601903,94.98691878,0.01998472,0.01998470,37965,116,1
nan,nan,0.00000000,-1.00000000,0.00000000,95.13339613,nan,0.00000000,-2147483648,116,1
5264.24935998,5264.25619775,0.00000000,1506.20836014,0.10271630,95.22250000,0.01998467,0.01998470,37963,116,1
5264.39301764,5264.39490246,0.00000000,1512.22426727,0.09436974,95.34930403,0.01998469,0.01998470,37962,116,1
nan,nan,0.00000000,-1.00000000,0.00000000,95.49131846,nan,0.00000000,-2147483648,116,1
5264.79816844,5264.81106059,0.00000000,1529.21388901,0.28548241,95.70378057,0.01998465,0.01998470,37959,116,1
5264.79816844,5264.81106059,0.00000000,1529.21388901,0.28548241,95.70378057,0.01998465,0.01998470,37959,116,1
5264.94943894,5264.94979464,1535.57377806,1535.55883944,0.05505203,95.83478600,0.01998469,0.01998470,37958,116,0
5265.09916107,5265.08853604,0.00000000,1541.85805748,0.09898833,95.96410540,0.01998474,0.01998470,37957,116,1
5265.23515460,5265.22728477,0.00000000,1547.57717468,0.07265016,96.08087512,0.01998473,0.01998470,37956,116,1
5265.36652036,5265.36604084,1553.07475900,1553.09494382,0.14297359,96.19295569,0.01998470,0.01998470,37955,116,0
5265.50611811,5265.50480426,1558.91813263,1558.97348093,0.00463214,96.31173937,0.01998470,0.01998470,37954,116,0
5265.63630775,5265.64357502,0.00000000,1564.47023736,0.15598761,96.42222496,0.01998467,0.01998470,37953,116,1
5265.77914901,5265.78235312,0.00000000,1570.49372648,0.09886519,96.54264981,0.01998469,0.01998470,37952,116,1
5265.77914901,5265.78235312,0.00000000,1570.49372648,0.09886519,96.54264981,0.01998469,0.01998470,37952,116,1
5265.93566923,5265.92113856,0.00000000,1577.09904761,0.04067341,96.67392734,0.01998475,0.01998470,37951,116,1
5266.05851586,5266.05993135,1582.33744794,1582.27765052,0.12640942,96.77627889,0.01998469,0.01998470,37950,116,0
5266.19984398,5266.19873148,1588.20297774,1588.25000608,0.17568491,96.89369528,0.01998470,0.01998470,37949,116,0
5266.33909511,5266.33753896,1594.07269858,1594.13852568,0.17544518,97.00880960,0.01998470,0.01998470,37948,116,0
5266.47867114,5266.47635378,0.00000000,1600.05504501,0.16849997,97.12381705,0.01998471,0.01998470,37947,116,1
5266.61884316,5266.61517595,0.00000000,1605.99128585,0.11648506,97.23854840,0.01998471,0.01998470,37946,116,1
5266.75383438,5266.75400546,1611.70815064,1611.70089830,0.08980513,97.34827611,0.01998470,0.01998470,37945,116,0
5266.89450651,5266.89284232,1617.59578166,1617.66638124,0.20959623,97.46226767,0.01998470,0.01998470,37944,116,0
5267.02402979,5267.03168654,0.00000000,1623.17475819,0.20528090,97.56693129,0.01998467,0.01998470,37943,116,1
5267.17020791,5267.17053809,1629.38520617,1629.37117799,0.19718899,97.68398705,0.01998470,0.01998470,37942,116,0
5267.31419391,5267.30939700,0.00000000,1635.50222913,0.11167231,97.79909765,0.01998472,0.01998470,37941,116,1
5267.44888704,5267.44826326,1641.19313949,1641.21967945,0.19017510,97.90580590,0.01998470,0.01998470,37940,116,0
5267.58799575,5267.58713687,1647.10387690,1647.14044535,0.25282804,98.01566047,0.01998470,0.01998470,37939,116,0
5267.73394511,5267.72601783,0.00000000,1653.36777449,0.25312446,98.13049096,0.01998473,0.01998470,37938,116,1
5267.86199465,5267.86490614,0.00000000,1658.82556572,0.00656287,98.23053072,0.01998469,0.01998470,37937,116,1
5268.00096215,5268.00380181,0.00000000,1664.75280545,0.03217143,98.33853947,0.01998469,0.01998470,37936,116,1
5268.14498775,5268.14270483,0.00000000,1670.90029434,0.29598112,98.44986190,0.01998471,0.01998470,37935,116,1
nan,nan,0.00000000,-1.00000000,0.00000000,98.55961438,nan,0.00000000,-2147483648,116,1
nan,nan,0.00000000,-1.00000000,0.00000000,98.59544767,nan,0.00000000,-2147483648,116,1
5268.42269381,5268.42053292,0.00000000,1682.76671024,0.14334728,98.66272944,0.01998471,0.01998470,37933,116,1
5268.56742730,5268.55945801,0.00000000,1688.95800105,0.15600909,98.77273740,0.01998473,0.01998470,37932,116,1
5268.69857235,5268.69839044,1694.55358534,1694.56137584,0.08396816,98.87167480,0.01998470,0.01998470,37931,116,0
5268.83275371,5268.83733023,0.00000000,1700.32007971,0.14091161,98.97273638,0.01998468,0.01998470,37930,116,1
5268.97523850,5268.97627738,1706.46368215,1706.41912356,0.17529991,99.07908683,0.01998470,0.01998470,37929,116,0
5269.11327963,5269.11523189,0.00000000,1712.35023200,0.09000841,99.18183388,0.01998469,0.01998470,37928,116,1
5269.25277625,5269.25419375,1718.39217100,1718.33128789,0.20815235,99.28477179,0.01998469,0.01998470,37927,116,0
5269.39280845,5269.39316298,1724.36305924,1724.34782160,0.07880180,99.38763670,0.01998470,0.01998470,37926,116,0
5269.52621588,5269.53213956,0.00000000,1730.09101380,0.13858555,99.48518836,0.01998468,0.01998470,37925,116,1
5269.68295372,5269.67112350,0.00000000,1736.83498810,0.12388984,99.59894062,0.01998475,0.01998470,37924,116,1
5269.80503463,5269.81011481,0.00000000,1742.09164874,0.11369006,99.68700772,0.01998468,0.01998470,37923,116,1
5269.94367423,5269.94911347,0.00000000,1748.06543006,0.25366297,99.78645248,0.01998468,0.01998470,37922,116,1
nan,nan,0.00000000,-1.00000000,0.00000000,99.90104161,nan,0.00000000,-2147483648,116,1
5270.21325337,5270.22713288,0.00000000,1759.69379754,0.21679093,99.97808509,0.01998465,0.01998470,37920,116,1
5270.36051633,5270.36615363,0.00000000,1766.05306878,0.25811764,100.08179760,0.01998468,0.01998470,37919,116,1
5270.50008041,5270.50518175,0.00000000,1772.08448676,0.26365564,100.17945279,0.01998468,0.01998470,37918,116,1
5270.63941572,5270.64421723,0.00000000,1778.11050287,0.06122432,100.27632951,0.01998468,0.01998470,37917,116,1
5270.78087387,5270.78326007,0.00000000,1784.23292199,0.09207109,100.37404836,0.01998469,0.01998470,37916,116,1
5270.92653889,5270.92231028,0.00000000,1790.54226767,0.08077566,100.47400407,0.01998472,0.01998470,37915,116,1
5271.06378309,5271.06136786,0.00000000,1796.49138567,0.17511116,100.56755836,0.01998471,0.01998470,37914,116,1
5271.20202967,5271.20043280,0.00000000,1802.48839127,0.18860520,100.66118315,0.01998471,0.01998470,37913,116,1
nan,nan,0.00000000,-1.00000000,0.00000000,100.76206550,nan,0.00000000,-2147483648,116,1
5271.47352592,5271.47858478,0.00000000,1814.27864150,0.13339167,100.84325237,0.01998468,0.01998470,37911,116,1
5271.61784756,5271.61767183,1820.54041814,1820.54806092,0.04079645,100.93898696,0.01998470,0.01998470,37910,116,0
5271.74818256,5271.75676624,0.00000000,1826.22373630,0.35702403,101.02500798,0.01998467,0.01998470,37909,116,1
5271.89925350,5271.89586803,0.00000000,1832.80153998,0.08841898,101.12393214,0.01998472,0.01998470,37908,116,1
5272.03549887,5272.03497718,1838.70970965,1838.73244872,0.08429853,101.21241892,0.01998470,0.01998470,37907,116,0
5272.17832602,5272.17409371,0.00000000,1844.96687700,0.20005312,101.30470931,0.01998472,0.01998470,37906,116,1
5272.30916190,5272.31321761,0.00000000,1850.67664118,0.07587082,101.38858093,0.01998469,0.01998470,37905,116,1
5272.44812636,5272.45234888,0.00000000,1856.74560473,0.15389905,101.47704519,0.01998469,0.01998470,37904,116,1
5272.58412520,5272.59148752,0.00000000,1862.68951211,0.18505585,101.56300338,0.01998468,0.01998470,37903,116,1
nan,nan,0.00000000,-1.00000000,0.00000000,101.66779698,nan,0.00000000,-2147483648,116,1
5272.87228750,5272.86978693,0.00000000,1875.29843997,0.21968203,101.74310874,0.01998471,0.01998470,37901,116,1
5272.99827475,5273.00894769,0.00000000,1880.81744543,0.19892735,101.82098369,0.01998466,0.01998470,37900,116,1
5273.14431268,5273.14811583,0.00000000,1887.21957791,0.18714198,101.91058845,0.01998469,0.01998470,37899,116,1
5273.28042010,5273.28729135,0.00000000,1893.19100485,0.02395625,101.99345666,0.01998468,0.01998470,37898,116,1
5273.42986591,5273.42647424,0.00000000,1899.75279123,0.17719167,102.08372882,0.01998472,0.01998470,37897,116,1
5273.57131516,5273.56566452,0.00000000,1905.96846177,0.24486609,102.16847737,0.01998473,0.01998470,37896,116,1
5273.70305271,5273.70486216,0.00000000,1911.76175127,0.14138991,102.24679914,0.01998470,0.01998470,37895,116,1
5273.84124252,5273.84406719,0.00000000,1917.84333357,0.08250570,102.32832503,0.01998469,0.01998470,37894,116,1
5273.97985984,5273.98327960,0.00000000,1923.94841957,0.12805562,102.40945137,0.01998469,0.01998470,37893,116,1
nan,nan,0.00000000,-1.00000000,0.00000000,102.48915982,nan,0.00000000,-2147483648,116,1
5274.27787151,nan,0.00000000,1937.08962703,0.05178321,102.58164535,0.01998529,0.01998470,37892,116,1
5274.27787151,nan,0.00000000,1937.08962703,0.05178321,102.58164535,0.01998529,0.01998470,37892,116,1
5274.39853180,5274.40096110,0.00000000,1942.41651327,0.07117427,102.65049958,0.01998470,0.01998471,37890,116,1
5274.53502980,5274.54020303,0.00000000,1948.44693209,0.05654195,102.72778871,0.01998469,0.01998471,37889,116,1
5274.67523659,5274.67945234,0.00000000,1954.64600368,0.14565662,102.80650988,0.01998469,0.01998471,37888,116,1
5274.81449000,5274.81870903,0.00000000,1960.80774981,0.18148491,102.88402390,0.01998469,0.01998471,37887,116,1
5274.95333276,5274.95797311,0.00000000,1966.95612605,0.09682272,102.96064091,0.01998469,0.01998471,37886,116,1
5275.09604192,5275.09724457,1973.33382628,1973.28049610,0.12026012,103.03869119,0.01998470,0.01998471,37885,116,0
5275.22590347,5275.23652342,0.00000000,1979.04036802,0.07423278,103.10910420,0.01998467,0.01998471,37884,116,1
5275.37331297,5275.37580965,0.00000000,1985.58341928,0.06569533,103.18831544,0.01998470,0.01998471,37883,116,1
5275.50986449,5275.51510327,0.00000000,1991.64938722,0.08046045,103.26101352,0.01998469,0.01998471,37882,116,1
5275.66261941,5275.65440427,0.00000000,1998.44071539,0.10761478,103.34156251,0.01998474,0.01998471,37881,116,1
5275.79522382,5275.79371266,0.00000000,2004.34094856,0.12353299,103.41082006,0.01998471,0.01998471,37880,116,1
nan,nan,0.00000000,-1.00000000,0.00000000,103.48817748,nan,0.00000000,-2147483648,116,1
5276.06442676,5276.07235161,0.00000000,2016.33283082,0.14227159,103.54951090,0.01998468,0.01998471,37878,116,1
5276.21785573,5276.21168217,0.00000000,2023.17569799,0.10591031,103.62740671,0.01998473,0.01998471,37877,116,1
5276.35520354,5276.35102011,0.00000000,2029.30644371,0.19359518,103.69642766,0.01998472,0.01998471,37876,116,1
5276.48925845,5276.49036545,2035.33658692,2035.28713619,0.17382104,103.76305928,0.01998470,0.01998471,37875,116,0
5276.61886738,5276.62971818,0.00000000,2041.08903702,0.18874515,103.82703811,0.01998467,0.01998471,37874,116,1
5276.76255699,5276.76907830,0.00000000,2047.51774081,0.07991019,103.89716853,0.01998468,0.01998471,37873,116,1
5276.90099102,5276.90844581,0.00000000,2053.71633670,0.12880183,103.96403162,0.01998468,0.01998471,37872,116,1
5277.04103702,5277.04782071,0.00000000,2059.99214547,0.16359191,104.03097014,0.01998468,0.01998471,37871,116,1
5277.18809741,5277.18720301,2066.53064752,2066.57077406,0.13641602,104.10032012,0.01998471,0.01998471,37870,116,0
5277.31548398,nan,0.00000000,2072.30552733,0.19684284,104.16009060,0.01998467,0.01998471,37869,116,1
5277.46283926,5277.46598979,0.00000000,2078.92487020,0.13341987,104.22828882,0.01998470,0.01998471,37868,116,1
5277.60748467,5277.60539427,0.00000000,2085.42799086,0.17094041,104.29446300,0.01998472,0.01998471,37867,116,1
5277.74616960,5277.74480615,2091.59121948,2091.65260278,0.13642079,104.35703550,0.01998471,0.01998471,37866,116,0
5277.89009422,5277.88422543,0.00000000,2098.14964868,0.21698323,104.42154557,0.01998473,0.01998471,37865,116,1
5278.02137117,5278.02365210,0.00000000,2104.06620984,0.06345965,104.47957990,0.01998470,0.01998471,37864,116,1
5278.16792532,5278.16308617,0.00000000,2110.67666853,0.03338724,104.54361752,0.01998473,0.01998471,37863,116,1
5278.29950959,5278.30252764,0.00000000,2116.61673110,0.04706257,104.60043769,0.01998470,0.01998471,37862,116,1
5278.44390772,5278.44197650,0.00000000,2123.14052305,0.15108817,104.66205269,0.01998472,0.01998471,37861,116,1
5278.58298490,5278.58143277,0.00000000,2129.42915275,0.07301145,104.72066474,0.01998472,0.01998471,37860,116,1
5278.71906442,5278.72089644,0.00000000,2135.58722201,0.19953499,104.77731592,0.01998470,0.01998471,37859,116,1
5278.85390556,5278.86036751,0.00000000,2141.69412507,0.10867659,104.83276917,0.01998469,0.01998471,37858,116,1
5278.85390556,5278.86036751,0.00000000,2141.69412507,0.10867659,104.83276917,0.01998469,0.01998471,37858,116,1
5278.99721025,5278.99984598,0.00000000,2148.18967214,0.10208707,104.89095648,0.01998470,0.01998471,37857,116,1
nan,nan,0.00000000,-1.00000000,0.00000000,104.95983625,nan,0.00000000,-2147483648,116,1
5279.27482820,5279.27882512,0.00000000,2160.78890110,0.20110281,105.00148363,0.01998470,0.01998471,37855,116,1
5279.40748794,5279.41832580,0.00000000,2166.81677458,0.32512337,105.05327224,0.01998467,0.01998471,37854,116,1
5279.56707597,5279.55783388,0.00000000,2174.07453726,0.20815166,105.11469018,0.01998475,0.01998471,37853,116,1
5279.69349159,5279.69734937,0.00000000,2179.82858144,0.17863051,105.16265513,0.01998470,0.01998471,37852,116,1
5279.83560845,5279.83687226,2186.35492249,2186.29731257,0.21358248,105.21580872,0.01998471,0.01998471,37851,116,0
5279.98464661,5279.97640256,0.00000000,2193.09758814,0.33164535,105.27080891,0.01998474,0.01998471,37850,116,1
5279.98464661,5279.97640256,0.00000000,2193.09758814,0.33164535,105.27080891,0.01998474,0.01998471,37850,116,1
5280.11461798,5280.11594026,2199.08691075,2199.02653337,0.12568693,105.31802758,0.01998471,0.01998471,37849,116,0
5280.26446101,5280.25548538,0.00000000,2205.87158881,0.18249450,105.37169136,0.01998475,0.01998471,37848,116,1
5280.39338505,5280.39503790,2211.84150759,2211.76591205,0.12518986,105.41717074,0.01998471,0.01998471,37847,116,0
5280.53008453,5280.53459782,0.00000000,2218.01765102,0.10949839,105.46466866,0.01998469,0.01998471,37846,116,1
5280.67450709,5280.67416516,2224.61810610,2224.63376989,0.07040475,105.51410603,0.01998471,0.01998471,37845,116,0
5280.81337599,5280.81373991,2231.01445565,2230.99777156,0.21095613,105.56085504,0.01998471,0.01998471,37844,116,0
5280.94547352,5280.95332207,0.00000000,2237.05106834,0.35756936,105.60458950,0.01998468,0.01998471,37843,116,1
5281.09445317,5281.09291163,0.00000000,2243.88910033,0.23419334,105.65313481,0.01998472,0.01998471,37842,116,1
5281.23959028,5281.23250861,0.00000000,2250.55671913,0.06676009,105.69959283,0.01998474,0.01998471,37841,116,1
5281.36229534,5281.37211301,0.00000000,2256.19840498,0.10089740,105.73822566,0.01998468,0.01998471,37840,116,1
5281.50988302,5281.51172481,0.00000000,2262.98972940,0.20593210,105.78390787,0.01998471,0.01998471,37839,116,1
5281.64115726,5281.65134403,0.00000000,2269.03553079,0.16008374,105.82381865,0.01998467,0.01998471,37838,116,1
5281.93394483,5281.93060471,0.00000000,2282.53731138,0.16771289,105.91037577,0.01998473,0.01998471,37836,116,1
nan,nan,0.00000000,-1.00000000,0.00000000,105.94438553,nan,0.00000000,-2147483648,116,1
5282.20757123,5282.20989505,0.00000000,2295.17745554,0.27071746,105.98818609,0.01998470,0.01998471,37834,116,1
5282.35698753,5282.34955134,0.00000000,2302.08872970,0.15397435,106.02941226,0.01998474,0.01998471,37833,116,1
5282.48904428,5282.48921506,2308.21126046,2308.20335029,0.08383154,106.06510912,0.01998471,0.01998471,37832,116,0
5282.62995059,5282.62888619,2314.68326099,2314.73260383,0.07788473,106.10242089,0.01998472,0.01998471,37831,116,0
5282.76409336,5282.76856474,0.00000000,2320.95191497,0.09270594,106.13718756,0.01998470,0.01998471,37830,116,1
5282.90078263,5282.90825070,0.00000000,2327.29608237,0.43542048,106.17187411,0.01998469,0.01998471,37829,116,1
5283.05345827,5283.04794409,0.00000000,2334.38860997,0.14473561,106.20972184,0.01998473,0.01998471,37828,116,1
5283.18374411,5283.18764490,0.00000000,2340.44636285,0.17461999,106.24126986,0.01998470,0.01998471,37827,116,1
5283.32365304,5283.32735313,0.00000000,2346.95704167,0.20334155,106.27437753,0.01998470,0.01998471,37826,116,1
5283.46996539,5283.46706878,0.00000000,2353.77180524,0.16865165,106.30814459,0.01998473,0.01998471,37825,116,1
5283.61180661,5283.60679185,0.00000000,2360.38428822,0.16054470,106.34004206,0.01998473,0.01998471,37824,116,1
5283.74768864,5283.74652234,2366.66576991,2366.72020313,0.11863434,106.36980397,0.01998472,0.01998471,37823,116,0
5283.87262480,5283.88626026,0.00000000,2372.55874438,0.00241096,106.39653507,0.01998466,0.01998471,37822,116,1
5283.87262480,5283.88626026,0.00000000,2372.55874438,0.00241096,106.39653507,0.01998466,0.01998471,37822,116,1
5284.03108994,5284.02600560,0.00000000,2379.96534775,0.16255165,106.42948681,0.01998473,0.01998471,37821,116,1
5284.17147215,5284.16575837,0.00000000,2386.53295780,0.04473984,106.45780904,0.01998474,0.01998471,37820,116,1
5284.30964145,5284.30551856,0.00000000,2393.00273951,0.15463235,106.48488506,0.01998473,0.01998472,37819,116,1
5284.44764374,5284.44528617,0.00000000,2399.47036185,0.06137277,106.51113423,0.01998472,0.01998472,37818,116,1
nan,nan,0.00000000,-1.00000000,0.00000000,106.54066344,nan,0.00000000,-2147483648,116,1
5284.71607512,5284.72484368,0.00000000,2412.06694257,0.03939190,106.55991069,0.01998468,0.01998472,37816,116,1
5284.86178165,5284.86463358,0.00000000,2418.91348695,0.13833587,106.58512052,0.01998471,0.01998472,37815,116,1
5285.00998954,5285.00443090,0.00000000,2425.88410783,0.10678105,106.60984558,0.01998474,0.01998472,37814,116,1
5285.15017282,5285.14423564,0.00000000,2432.48339741,0.19065921,106.63237791,0.01998474,0.01998472,37813,116,1
nan,nan,0.00000000,-1.00000000,0.00000000,106.64403700,nan,0.00000000,-2147483648,116,1
nan,nan,0.00000000,-1.00000000,0.00000000,106.65056000,nan,0.00000000,-2147483648,116,1
5285.41835381,5285.42386742,0.00000000,2445.12488145,0.11944674,106.67316204,0.01998470,0.01998472,37811,116,1
5285.56486062,5285.56369446,2451.98307793,2452.03814300,0.08381637,106.69414371,0.01998472,0.01998472,37810,116,0
nan,nan,0.00000000,-1.00000000,0.00000000,106.71432817,nan,0.00000000,-2147483648,116,1
5285.84598082,5285.84337081,0.00000000,2465.32754133,0.16928869,106.73185115,0.01998473,0.01998472,37808,116,1
5285.98115276,5285.98322014,0.00000000,2471.72518517,0.15554543,106.74877202,0.01998471,0.01998472,37807,116,1
nan,nan,0.00000000,-1.00000000,0.00000000,106.76947021,nan,0.00000000,-2147483648,116,1
5286.26724618,5286.26294108,0.00000000,2485.28442138,0.20600320,106.78198753,0.01998473,0.01998472,37805,116,1
5286.40751133,5286.40281270,0.00000000,2491.94143752,0.08463768,106.79697856,0.01998474,0.01998472,37804,116,1
5286.53983172,5286.54269175,0.00000000,2498.22698032,0.15964579,106.81033730,0.01998471,0.01998472,37803,116,1
5286.68036083,5286.68257823,0.00000000,2504.90841360,0.17541473,106.82368993,0.01998471,0.01998472,37802,116,1
5286.82653710,5286.82247215,0.00000000,2511.86486884,0.07920486,106.83666414,0.01998473,0.01998472,37801,116,1
5286.96590425,5286.96237350,0.00000000,2518.50349843,0.20378611,106.84816269,0.01998473,0.01998472,37800,116,1
5287.10638677,5287.10228229,0.00000000,2525.20141715,0.07499944,106.85889011,0.01998473,0.01998472,37799,116,1
5287.23015508,5287.24219851,0.00000000,2531.10757559,0.08059935,106.86762122,0.01998467,0.01998472,37798,116,1
5287.38569472,5287.38212217,0.00000000,2538.53669016,0.13048886,106.87763459,0.01998473,0.01998472,37797,116,1
5287.52926650,5287.52205326,0.00000000,2545.40096447,0.26829689,106.88592684,0.01998475,0.01998472,37796,116,1
5287.52926650,5287.52205326,0.00000000,2545.40096447,0.26829689,106.88592684,0.01998475,0.01998472,37796,116,1
5287.66586512,5287.66199179,0.00000000,2551.93791291,0.19121443,106.89296672,0.01998473,0.01998472,37795,116,1
5287.80739348,nan,0.00000000,2558.71703150,0.17076954,106.89938435,0.01998474,0.01998472,37794,116,1
5287.94550464,5287.94189116,0.00000000,2565.33862539,0.24200781,106.90478486,0.01998473,0.01998472,37793,116,1
5288.08232108,5288.08185200,2571.88527886,2571.90779715,0.16984672,106.90929500,0.01998472,0.01998472,37792,116,0
5288.22262784,5288.22182029,2578.60762213,2578.64642451,0.05281680,106.91304432,0.01998472,0.01998472,37791,116,0
5288.37038317,5288.36179601,0.00000000,2585.74729751,0.32083096,106.91603396,0.01998475,0.01998472,37790,116,1
5288.49946762,5288.50177917,0.00000000,2591.95926723,0.08784372,106.91784049,0.01998471,0.01998472,37789,116,1
5288.63491051,5288.64176976,0.00000000,2598.48302106,0.24559837,106.91892508,0.01998469,0.01998472,37788,116,1
5288.78113803,5288.78176780,2605.56169288,2605.53132184,0.11345398,106.91916133,0.01998472,0.01998472,37787,116,0
5288.90364724,nan,0.00000000,2611.44465057,0.16792804,106.91860996,0.01998465,0.01998472,37786,116,1
nan,nan,0.00000000,-1.00000000,0.00000000,106.91691037,nan,0.00000000,-2147483648,116,1
5289.15872218,nan,0.00000000,2623.76913937,0.16147978,106.91526278,0.01998509,0.01998472,37785,116,1
5289.34001371,5289.34183438,0.00000000,2632.54159173,0.11161485,106.91107064,0.01998471,0.01998472,37783,116,1
5289.48402130,5289.48186963,0.00000000,2639.51763345,0.13442540,106.90666281,0.01998473,0.01998472,37782,116,1
5289.62162628,5289.62191233,2646.19531321,2646.18143755,0.17505463,106.90156365,0.01998472,0.01998472,37781,116,0
5289.75833427,5289.76196246,0.00000000,2652.82491726,0.17600757,106.89561580,0.01998471,0.01998472,37780,116,1
5289.90094795,5289.90202005,2659.79666316,2659.74455234,0.12536824,106.88850332,0.01998472,0.01998472,37779,116,0
nan,nan,0.00000000,-1.00000000,0.00000000,106.87879334,nan,0.00000000,-2147483648,116,1
5290.18449726,5290.18215755,0.00000000,2673.54827534,0.08232476,106.87151901,0.01998473,0.01998472,37777,116,1
5290.32345154,5290.32223747,2680.25224625,2680.31143246,0.19023524,106.86183818,0.01998473,0.01998472,37776,116,0
5290.46741323,5290.46232483,0.00000000,2687.33943582,0.08649450,106.85083117,0.01998474,0.01998472,37775,116,1
5290.59467219,5290.60241965,0.00000000,2693.55165455,0.06802571,106.84029820,0.01998469,0.01998472,37774,116,1
5290.74488533,5290.74252191,0.00000000,2700.89144332,0.22785487,106.82688167,0.01998473,0.01998472,37773,116,1
5290.87697880,5290.88263161,0.00000000,2707.35218386,0.07131443,106.81420102,0.01998470,0.01998472,37772,116,1
5291.02628796,5291.02274877,0.00000000,2714.66209798,0.20132001,106.79887051,0.01998474,0.01998472,37771,116,1
5291.17034468,5291.16287338,0.00000000,2721.72207299,0.10013874,106.78307344,0.01998475,0.01998472,37770,116,1
5291.30014847,5291.30300543,0.00000000,2728.08962134,0.19544147,106.76799084,0.01998471,0.01998472,37769,116,1
5291.44988947,5291.44314494,0.00000000,2735.44237958,0.34375989,106.74958967,0.01998475,0.01998472,37768,116,1
5291.58579652,5291.58329190,0.00000000,2742.12253232,0.05886988,106.73195669,0.01998473,0.01998472,37767,116,1
nan,nan,0.00000000,-1.00000000,0.00000000,106.71572208,nan,0.00000000,-2147483648,116,1
5291.86283472,5291.86360816,2755.80039528,2755.76228587,0.21104311,106.69324802,0.01998472,0.01998472,37765,116,0
5291.99791638,5292.00377747,0.00000000,2762.41828793,0.17251312,106.67304055,0.01998470,0.01998472,37764,116,1
5292.14516943,5292.14395424,2769.62663374,2769.68662283,0.05000312,106.64998666,0.01998473,0.01998472,37763,116,0
5292.29428645,nan,0.00000000,2777.05025529,0.51298011,106.62557952,0.01998476,0.01998472,37762,116,1
nan,nan,0.00000000,-1.00000000,0.00000000,106.60857891,nan,0.00000000,-2147483648,116,1
nan,nan,0.00000000,-1.00000000,0.00000000,106.60157408,nan,0.00000000,-2147483648,116,1
5292.56584574,5292.56452925,2790.42011684,2790.48530762,0.20043091,106.57832326,0.01998473,0.01998472,37760,116,0
5292.69265109,nan,0.00000000,2796.76634455,0.09018898,106.55502301,0.01998468,0.01998472,37759,116,1
5292.84585155,5292.84494986,2804.32070946,2804.36545351,0.14377329,106.52580506,0.01998473,0.01998472,37758,116,0
5292.97819963,5292.98517135,0.00000000,2810.93340861,0.19528168,106.49964495,0.01998470,0.01998472,37757,116,1
nan,nan,0.00000000,-1.00000000,0.00000000,106.46636551,nan,0.00000000,-2147483648,116,1
5293.26495407,5293.26563670,2825.22866011,2825.19468150,0.12668726,106.43994815,0.01998472,0.01998472,37755,116,0
5293.41093770,nan,0.00000000,2832.45848099,0.22117885,106.40801931,0.01998474,0.01998472,37754,116,1
5293.55321412,nan,0.00000000,2839.55021422,0.04933736,106.37585543,0.01998475,0.01998472,37753,116,1
5293.68875714,5293.68639065,0.00000000,2846.31311518,0.17506590,106.34427068,0.01998473,0.01998472,37752,116,1
5293.81400328,5293.82665689,0.00000000,2852.56816500,0.23607644,106.31426513,0.01998468,0.01998473,37751,116,1
5293.94799650,5293.96693058,0.00000000,2859.26636512,0.02711789,106.28128941,0.01998465,0.01998473,37750,116,1
5294.10258559,5294.10721173,0.00000000,2867.00225489,0.12423346,106.24211862,0.01998471,0.01998473,37749,116,1
5294.24975603,5294.24750034,0.00000000,2874.37501395,0.17510962,106.20370298,0.01998473,0.01998473,37748,116,1
nan,nan,0.00000000,-1.00000000,0.00000000,106.16286098,nan,0.00000000,-2147483648,116,1
5294.53171915,5294.52809995,0.00000000,2888.52264199,0.03888204,106.12702631,0.01998474,0.01998473,37746,116,1
5294.66859753,5294.66841095,2895.40464289,2895.41402293,0.11452571,106.08826728,0.01998473,0.01998473,37745,116,0
5294.81356951,5294.80872941,0.00000000,2902.69391824,0.14040118,106.04632059,0.01998474,0.01998473,37744,116,1
5294.95191546,5294.94905533,0.00000000,2909.66065218,0.06759927,106.00521406,0.01998474,0.01998473,37743,116,1
5295.07877385,5295.08938871,0.00000000,2916.05516659,0.05661505,105.96665400,0.01998469,0.01998473,37742,116,1
5295.22971101,5295.22972956,2923.68043338,2923.67949702,0.02717203,105.91964006,0.01998473,0.01998473,37741,116,0
5295.36494481,5295.37007787,0.00000000,2930.50220228,0.09270800,105.87661232,0.01998471,0.01998473,37740,116,1
5295.50610042,5295.51043364,0.00000000,2937.63961790,0.12479200,105.83063284,0.01998471,0.01998473,37739,116,1
5295.64723695,5295.65079689,0.00000000,2944.78358145,0.15307119,105.78362132,0.01998471,0.01998473,37738,116,1
5295.78694037,5295.79116759,0.00000000,2951.86242764,0.13196162,105.73606175,0.01998471,0.01998473,37737,116,1
5295.93532682,5295.93154577,0.00000000,2959.38936113,0.17783941,105.68442569,0.01998474,0.01998473,37736,116,1
5296.07551651,5296.07193141,0.00000000,2966.50821654,0.15685045,105.63457846,0.01998474,0.01998473,37735,116,1
nan,nan,0.00000000,-1.00000000,0.00000000,105.59545308,nan,0.00000000,-2147483648,116,1
5296.35594459,5296.35272509,0.00000000,2980.77096246,0.40784530,105.53175377,0.01998474,0.01998473,37733,116,1
nan,nan,0.00000000,-1.00000000,0.00000000,105.48561034,nan,0.00000000,-2147483648,116,1
5296.63080355,5296.63354864,0.00000000,2994.77981023,0.14584517,105.42692396,0.01998472,0.01998473,37731,116,1
5296.77456395,5296.77397162,3002.08996902,3002.12022240,0.16360331,105.37047795,0.01998473,0.01998473,37730,116,0
5296.90970055,nan,0.00000000,3009.02436076,0.20669654,105.31643527,0.01998471,0.01998473,37729,116,1
5297.05709222,nan,0.00000000,3016.56455891,0.15533162,105.25636041,0.01998474,0.01998473,37728,116,1
5297.20177541,5297.19528538,0.00000000,3023.97445902,0.31213803,105.19625261,0.01998475,0.01998473,37727,116,1
nan,nan,0.00000000,-1.00000000,0.00000000,105.12995359,nan,0.00000000,-2147483648,116,1
5297.47328756,5297.47619858,0.00000000,3037.90205048,0.11680649,105.08040256,0.01998472,0.01998473,37725,116,1
5297.62950351,5297.61666639,0.00000000,3045.92854356,0.10312181,105.01193591,0.01998478,0.01998473,37724,116,1
5297.75426583,5297.75714166,0.00000000,3052.34587076,0.07461145,104.95630069,0.01998472,0.01998473,37723,116,1
5297.91090712,nan,0.00000000,3060.41170136,0.03286772,104.88524633,0.01998478,0.01998473,37722,116,1
nan,nan,0.00000000,-1.00000000,0.00000000,104.84426646,nan,0.00000000,-2147483648,116,1
nan,nan,0.00000000,-1.00000000,0.00000000,104.80820959,nan,0.00000000,-2147483648,116,1
nan,nan,0.00000000,-1.00000000,0.00000000,104.75354574,nan,0.00000000,-2147483648,116,1
5298.31859053,5298.31911752,3081.48964011,3081.46239565,0.17295398,104.69389285,0.01998473,0.01998473,37719,116,0
nan,nan,0.00000000,-1.00000000,0.00000000,104.61385019,nan,0.00000000,-2147483648,116,1
nan,nan,0.00000000,-1.00000000,0.00000000,104.56632167,nan,0.00000000,-2147483648,116,1
5298.73643445,5298.74067789,0.00000000,3103.08267531,0.18234868,104.48847204,0.01998471,0.01998473,37716,116,1
5298.87852035,5298.88121297,0.00000000,3110.45482669,0.21967258,104.41636935,0.01998472,0.01998473,37715,116,1
5299.02823253,5299.02175553,0.00000000,3118.23158994,0.17659190,104.33917603,0.01998476,0.01998473,37714,116,1
5299.15238871,5299.16230556,0.00000000,3124.68781961,0.26631411,104.27420687,0.01998469,0.01998473,37713,116,1
5299.29749727,5299.30286307,0.00000000,3132.24162356,0.11682135,104.19717556,0.01998471,0.01998473,37712,116,1
5299.44844729,5299.44342806,0.00000000,3140.10873073,0.15744145,104.11578367,0.01998475,0.01998473,37711,116,1
5299.58550144,5299.58400053,0.00000000,3147.25979366,0.13771920,104.04076847,0.01998474,0.01998473,37710,116,1
nan,nan,0.00000000,-1.00000000,0.00000000,103.96916440,nan,0.00000000,-2147483648,116,1
5299.85963823,5299.86516791,0.00000000,3161.58684824,0.05954845,103.88752314,0.01998471,0.01998473,37708,116,1
5300.01080825,5300.00576282,0.00000000,3169.50079280,0.13347468,103.80118553,0.01998475,0.01998473,37707,116,1
5300.14633832,5300.14636521,3176.61385456,3176.61244453,0.08217494,103.72257624,0.01998473,0.01998473,37706,116,0
nan,nan,0.00000000,-1.00000000,0.00000000,103.62861807,nan,0.00000000,-2147483648,116,1
5300.42675761,5300.42759244,3191.37751310,3191.33363718,0.28894147,103.55677516,0.01998473,0.01998473,37704,116,0
5300.57003180,5300.56821728,0.00000000,3198.86053348,0.14860640,103.47039841,0.01998474,0.01998473,37703,116,1
5300.71584780,5300.70884960,0.00000000,3206.53781065,0.11922125,103.38117915,0.01998476,0.01998473,37702,116,1
5300.84787419,5300.84948940,0.00000000,3213.49689303,0.17910786,103.29933217,0.01998473,0.01998473,37701,116,1
5300.99611089,5300.99013669,0.00000000,3221.31932212,0.14168170,103.20622607,0.01998476,0.01998473,37700,116,1
nan,nan,0.00000000,-1.00000000,0.00000000,103.13787927,nan,0.00000000,-2147483648,116,1
5301.25610548,5301.27145373,0.00000000,3235.06205069,0.39032303,103.03982315,0.01998468,0.01998473,37698,116,1
5301.41834419,5301.41212347,0.00000000,3243.65244222,0.16671313,102.93397579,0.01998476,0.01998473,37697,116,1
5301.55022148,5301.55280070,0.00000000,3250.64365468,0.08135942,102.84679383,0.01998472,0.01998473,37696,116,1
nan,nan,0.00000000,-1.00000000,0.00000000,102.74136580,nan,0.00000000,-2147483648,116,1
nan,nan,0.00000000,-1.00000000,0.00000000,102.66484594,nan,0.00000000,-2147483648,116,1
nan,nan,0.00000000,-1.00000000,0.00000000,102.54878065,nan,0.00000000,-2147483648,116,1
5302.13182155,5302.11558450,0.00000000,3281.56687799,0.18040404,102.45000406,0.01998480,0.01998473,37692,116,1
nan,nan,0.00000000,-1.00000000,0.00000000,102.37840929,nan,0.00000000,-2147483648,116,1
nan,nan,0.00000000,-1.00000000,0.00000000,102.33863635,nan,0.00000000,-2147483648,116,1
nan,nan,0.00000000,-1.00000000,0.00000000,102.31202600,nan,0.00000000,-2147483648,116,1
5302.40675658,5302.39702133,0.00000000,3296.23695189,0.17704540,102.25540150,0.01998477,0.01998473,37690,116,1
5302.53243807,5302.53775098,0.00000000,3302.95431589,0.06510568,102.16492862,0.01998471,0.01998473,37689,116,1
5302.53243807,5302.53775098,0.00000000,3302.95431589,0.06510568,102.16492862,0.01998471,0.01998473,37689,116,1
5302.68650918,5302.67848812,0.00000000,3311.19867572,0.16089328,102.05271814,0.01998477,0.01998473,37688,116,1
5302.81757940,5302.81923276,0.00000000,3318.22064451,0.14553767,101.95612780,0.01998473,0.01998473,37687,116,1
nan,nan,0.00000000,-1.00000000,0.00000000,101.86198732,nan,0.00000000,-2147483648,116,1
5303.08476068,5303.10074449,0.00000000,3332.55863967,0.28504084,101.75599815,0.01998468,0.01998474,37685,116,1
5303.24362891,5303.24151160,0.00000000,3341.09947031,0.21201931,101.63493387,0.01998474,0.01998474,37684,116,1
5303.39776514,5303.38228620,0.00000000,3349.39689486,0.09273170,101.51599716,0.01998479,0.01998474,37683,116,1
5303.52491030,5303.52306829,0.00000000,3356.24951912,0.19187129,101.41678828,0.01998474,0.01998474,37682,116,1
nan,nan,0.00000000,-1.00000000,0.00000000,101.30351060,nan,0.00000000,-2147483648,116,1
5303.80263004,5303.80465496,0.00000000,3371.24335313,0.41249934,101.19661868,0.01998473,0.01998474,37680,116,1
5303.80263004,5303.80465496,0.00000000,3371.24335313,0.41249934,101.19661868,0.01998473,0.01998474,37680,116,1
5303.94908372,5303.94545954,0.00000000,3379.16459305,0.09159580,101.07858873,0.01998475,0.01998474,37679,116,1
5304.09310719,5304.08627161,0.00000000,3386.96409551,0.23252636,100.96121567,0.01998476,0.01998474,37678,116,1
5304.22261334,5304.22709117,0.00000000,3393.98566963,0.15286908,100.85456810,0.01998472,0.01998474,37677,116,1
5304.22261334,5304.22709117,0.00000000,3393.98566963,0.15286908,100.85456810,0.01998472,0.01998474,37677,116,1
nan,nan,0.00000000,-1.00000000,0.00000000,100.74710269,nan,0.00000000,-2147483648,116,1
5304.50819873,5304.50875280,3409.53441870,3409.50428356,0.18275757,100.61556700,0.01998474,0.01998474,37675,116,0
5304.64726306,5304.64959486,0.00000000,3417.06449088,0.14397244,100.49749027,0.01998473,0.01998474,37674,116,1
5304.76961825,5304.79044441,0.00000000,3423.73001184,0.02885855,100.39249509,0.01998466,0.01998474,37673,116,1
5304.76961825,5304.79044441,0.00000000,3423.73001184,0.02885855,100.39249509,0.01998466,0.01998474,37673,116,1
nan,nan,0.00000000,-1.00000000,0.00000000,100.24508600,nan,0.00000000,-2147483648,116,1
nan,nan,0.00000000,-1.00000000,0.00000000,100.18098040,nan,0.00000000,-2147483648,116,1
nan,nan,0.00000000,-1.00000000,0.00000000,100.10042595,nan,0.00000000,-2147483648,116,1
nan,nan,0.00000000,-1.00000000,0.00000000,100.00314131,nan,0.00000000,-2147483648,116,1
nan,nan,0.00000000,-1.00000000,0.00000000,99.97056303,nan,0.00000000,-2147483648,116,1
5305.33989032,5305.35391763,0.00000000,3454.89063550,0.01986754,99.89058282,0.01998469,0.01998474,37669,116,1
5305.51373512,5305.49480468,0.00000000,3464.42083610,0.23735183,99.73344045,0.01998481,0.01998474,37668,116,1
5305.61940114,5305.63569923,0.00000000,3470.22060366,0.00337859,99.63697613,0.01998468,0.01998474,37667,116,1
nan,nan,0.00000000,-1.00000000,0.00000000,99.55700986,nan,0.00000000,-2147483648,116,1
nan,nan,0.00000000,-1.00000000,0.00000000,99.48975553,nan,0.00000000,-2147483648,116,1
5305.91594933,5305.91751085,0.00000000,3486.52643698,0.13260197,99.36239804,0.01998473,0.01998474,37665,116,1
nan,nan,0.00000000,-1.00000000,0.00000000,99.23488778,nan,0.00000000,-2147483648,116,1
5306.19301128,5306.19935247,0.00000000,3501.79965879,0.11013553,99.10070157,0.01998472,0.01998474,37663,116,1
5306.34242747,5306.34028454,0.00000000,3510.05200325,0.14431907,98.95749145,0.01998475,0.01998474,37662,116,1
nan,nan,0.00000000,-1.00000000,0.00000000,98.83593224,nan,0.00000000,-2147483648,116,1
5306.62500103,5306.62217118,0.00000000,3525.68893735,0.08708559,98.68264867,0.01998475,0.01998474,37660,116,1
5306.77617533,5306.76312576,0.00000000,3534.07088029,0.08305608,98.53344910,0.01998479,0.01998474,37659,116,1
5306.90428351,5306.90408785,3541.18472995,3541.19559532,0.19597874,98.40560090,0.01998474,0.01998474,37658,116,0
5307.05866746,5307.04505744,0.00000000,3549.76451388,0.05216391,98.25058789,0.01998479,0.01998474,37657,116,1
5307.18767545,5307.18603454,0.00000000,3556.94482654,0.13038624,98.11964504,0.01998475,0.01998474,37656,116,1
5307.33368527,5307.32701914,0.00000000,3565.08159191,0.20884728,97.97010378,0.01998477,0.01998474,37655,116,1
5307.33368527,5307.32701914,0.00000000,3565.08159191,0.20884728,97.97010378,0.01998477,0.01998474,37655,116,1
nan,nan,0.00000000,-1.00000000,0.00000000,97.87911575,nan,0.00000000,-2147483648,116,1
nan,nan,0.00000000,-1.00000000,0.00000000,97.82339720,nan,0.00000000,-2147483648,116,1
5307.61676567,5307.60901088,0.00000000,3580.88787586,0.25377932,97.67610163,0.01998477,0.01998474,37653,116,1
5307.61676567,5307.60901088,0.00000000,3580.88787586,0.25377932,97.67610163,0.01998477,0.01998474,37653,116,1
nan,nan,0.00000000,-1.00000000,0.00000000,97.56117402,nan,0.00000000,-2147483648,116,1
5307.89999949,5307.89103265,0.00000000,3596.74382126,0.26484876,97.37653033,0.01998477,0.01998474,37651,116,1
5308.03305691,5308.03205479,3604.15110346,3604.20734962,0.10145631,97.23391138,0.01998474,0.01998474,37650,116,0
nan,nan,0.00000000,-1.00000000,0.00000000,97.12251211,nan,0.00000000,-2147483648,116,1
nan,nan,0.00000000,-1.00000000,0.00000000,97.08390605,nan,0.00000000,-2147483648,116,1
5308.30492656,5308.31412162,0.00000000,3619.48441812,0.00074758,96.93877967,0.01998471,0.01998474,37648,116,1
5308.43930206,5308.45516630,0.00000000,3627.04979121,0.00246125,96.79103447,0.01998468,0.01998474,37647,116,1
5308.59298524,5308.59621849,0.00000000,3635.71380123,0.06004225,96.62053945,0.01998473,0.01998474,37646,116,1
5308.59298524,5308.59621849,0.00000000,3635.71380123,0.06004225,96.62053945,0.01998473,0.01998474,37646,116,1
5308.73989265,5308.73727820,0.00000000,3644.00744996,0.14380093,96.45603915,0.01998475,0.01998474,37645,116,1
5308.73989265,5308.73727820,0.00000000,3644.00744996,0.14380093,96.45603915,0.01998475,0.01998474,37645,116,1
5308.86343542,nan,0.00000000,3650.99088358,0.25032920,96.31654601,0.01998469,0.01998474,37644,116,1
5308.86343542,5308.87834541,0.00000000,3650.99088358,0.25032920,96.31654601,0.01998469,0.01998474,37644,116,1
5308.86343542,5308.87834541,0.00000000,3650.99088358,0.25032920,96.31654601,0.01998469,0.01998474,37644,116,1
5309.03084266,5309.01942014,0.00000000,3660.46675036,0.20562300,96.12583515,0.01998479,0.01998474,37643,116,1
5309.03084266,5309.01942014,0.00000000,3660.46675036,0.20562300,96.12583515,0.01998479,0.01998474,37643,116,1
5309.14844290,nan,0.00000000,3667.13229022,0.10134255,95.99069806,0.01998470,0.01998474,37642,116,1
5309.31424018,5309.30159214,0.00000000,3676.54219894,0.10362077,95.79853571,0.01998479,0.01998474,37641,116,1
5309.31424018,5309.30159214,0.00000000,3676.54219894,0.10362077,95.79853571,0.01998479,0.01998474,37641,116,1
5309.45496740,5309.44268942,0.00000000,3684.54083764,0.09654507,95.63391876,0.01998479,0.01998474,37640,116,1
nan,nan,0.00000000,-1.00000000,0.00000000,95.47935021,nan,0.00000000,-2147483648,116,1
5309.73326452,5309.72490651,0.00000000,3700.39017737,0.28292179,95.30427439,0.01998477,0.01998474,37638,116,1
5309.73326452,5309.72490651,0.00000000,3700.39017737,0.28292179,95.30427439,0.01998477,0.01998474,37638,116,1
nan,nan,0.00000000,-1.00000000,0.00000000,95.16544388,nan,0.00000000,-2147483648,116,1
nan,nan,0.00000000,-1.00000000,0.00000000,95.10216994,nan,0.00000000,-2147483648,116,1
5310.01397624,5310.00715366,0.00000000,3716.41973197,0.24227001,94.96621821,0.01998477,0.01998474,37636,116,1
nan,nan,0.00000000,-1.00000000,0.00000000,94.84743401,nan,0.00000000,-2147483648,116,1
nan,nan,0.00000000,-1.00000000,0.00000000,94.80472305,nan,0.00000000,-2147483648,116,1
nan,nan,0.00000000,-1.00000000,0.00000000,94.74052014,nan,0.00000000,-2147483648,116,1
5310.30120893,5310.28943088,0.00000000,3732.86641159,0.12363764,94.61450015,0.01998479,0.01998474,37634,116,1
nan,nan,0.00000000,-1.00000000,0.00000000,94.52532824,nan,0.00000000,-2147483648,116,1
nan,nan,0.00000000,-1.00000000,0.00000000,94.48207176,nan,0.00000000,-2147483648,116,1
nan,nan,0.00000000,-1.00000000,0.00000000,94.43874261,nan,0.00000000,-2147483648,116,1
5310.55373137,5310.57173818,0.00000000,3747.36330999,0.18390496,94.30040107,0.01998468,0.01998474,37632,116,1
5310.55373137,5310.57173818,0.00000000,3747.36330999,0.18390496,94.30040107,0.01998468,0.01998474,37632,116,1
5310.71282564,5310.71290311,3756.53827355,3756.53381326,0.35401088,94.09973745,0.01998474,0.01998474,37631,116,0
5310.71282564,5310.71290311,3756.53827355,3756.53381326,0.35401088,94.09973745,0.01998474,0.01998474,37631,116,0
nan,nan,0.00000000,-1.00000000,0.00000000,93.95733174,nan,0.00000000,-2147483648,116,1
5311.00705377,5310.99525552,0.00000000,3773.47716191,0.13533363,93.72498473,0.01998479,0.01998474,37629,116,1
nan,nan,0.00000000,-1.00000000,0.00000000,93.57932803,nan,0.00000000,-2147483648,116,1
nan,nan,0.00000000,-1.00000000,0.00000000,93.53451348,nan,0.00000000,-2147483648,116,1
nan,nan,0.00000000,-1.00000000,0.00000000,93.46715617,nan,0.00000000,-2147483648,116,1
5311.28680700,5311.27763802,0.00000000,3789.65031192,0.13965120,93.36242417,0.01998478,0.01998474,37627,116,1
5311.28680700,5311.27763802,0.00000000,3789.65031192,0.13965120,93.36242417,0.01998478,0.01998474,37627,116,1
5311.28680700,5311.27763802,0.00000000,3789.65031192,0.13965120,93.36242417,0.01998478,0.01998474,37627,116,1
5311.44042074,5311.41884055,0.00000000,3798.54999849,0.45108773,93.16090203,0.01998483,0.01998474,37626,116,1
5311.53281172,5311.56005060,0.00000000,3803.90921444,0.15457783,93.03886059,0.01998464,0.01998474,37625,116,1
nan,nan,0.00000000,-1.00000000,0.00000000,92.85363528,nan,0.00000000,-2147483648,116,1
nan,nan,0.00000000,-1.00000000,0.00000000,92.80766696,nan,0.00000000,-2147483648,116,1
5311.82859345,5311.84249328,0.00000000,3821.09929481,0.18197230,92.64391480,0.01998469,0.01998475,37623,116,1
5311.99787673,5311.98372590,0.00000000,3830.96037075,0.28656540,92.41495703,0.01998480,0.01998475,37622,116,1
nan,nan,0.00000000,-1.00000000,0.00000000,92.27386511,nan,0.00000000,-2147483648,116,1
nan,nan,0.00000000,-1.00000000,0.00000000,92.20353889,nan,0.00000000,-2147483648,116,1
5312.25421105,5312.26621372,0.00000000,3845.92411373,0.22280004,92.06419171,0.01998470,0.01998475,37620,116,1
nan,nan,0.00000000,-1.00000000,0.00000000,91.92062172,nan,0.00000000,-2147483648,116,1
nan,nan,0.00000000,-1.00000000,0.00000000,91.82574325,nan,0.00000000,-2147483648,116,1
nan,nan,0.00000000,-1.00000000,0.00000000,91.75439663,nan,0.00000000,-2147483648,116,1
nan,nan,0.00000000,-1.00000000,0.00000000,91.68288915,nan,0.00000000,-2147483648,116,1
nan,nan,0.00000000,-1.00000000,0.00000000,91.61122087,nan,0.00000000,-2147483648,116,1
nan,nan,0.00000000,-1.00000000,0.00000000,91.56335272,nan,0.00000000,-2147483648,116,1
nan,nan,0.00000000,-1.00000000,0.00000000,91.44336995,nan,0.00000000,-2147483648,116,1
5312.83795747,5312.83127967,0.00000000,3880.14512760,0.26598464,91.24696000,0.01998477,0.01998475,37616,116,1
nan,nan,0.00000000,-1.00000000,0.00000000,91.03209423,nan,0.00000000,-2147483648,116,1
nan,nan,0.00000000,-1.00000000,0.00000000,90.98337047,nan,0.00000000,-2147483648,116,1
5313.11792802,5313.11385780,0.00000000,3896.62983669,0.24199521,90.84583499,0.01998476,0.01998475,37614,116,1
nan,nan,0.00000000,-1.00000000,0.00000000,90.71411821,nan,0.00000000,-2147483648,116,1
nan,nan,0.00000000,-1.00000000,0.00000000,90.61567523,nan,0.00000000,-2147483648,116,1
5313.38514672,5313.39646605,0.00000000,3912.40774309,0.19157459,90.45738400,0.01998470,0.01998475,37612,116,1
5313.38514672,5313.39646605,0.00000000,3912.40774309,0.19157459,90.45738400,0.01998470,0.01998475,37612,116,1
5313.54331286,5313.53778147,0.00000000,3921.76705736,0.00529010,90.22487136,0.01998477,0.01998475,37611,116,1
nan,nan,0.00000000,-1.00000000,0.00000000,90.01905841,nan,0.00000000,-2147483648,116,1
nan,nan,0.00000000,-1.00000000,0.00000000,89.96887993,nan,0.00000000,-2147483648,116,1
nan,nan,0.00000000,-1.00000000,0.00000000,89.91863071,nan,0.00000000,-2147483648,116,1
nan,nan,0.00000000,-1.00000000,0.00000000,89.79269835,nan,0.00000000,-2147483648,116,1
nan,nan,0.00000000,-1.00000000,0.00000000,89.74220173,nan,0.00000000,-2147483648,116,1
nan,nan,0.00000000,-1.00000000,0.00000000,89.59028814,nan,0.00000000,-2147483648,116,1
nan,nan,0.00000000,-1.00000000,0.00000000,89.46320827,nan,0.00000000,-2147483648,116,1
nan,nan,0.00000000,-1.00000000,0.00000000,89.33568767,nan,0.00000000,-2147483648,116,1
nan,nan,0.00000000,-1.00000000,0.00000000,89.13073882,nan,0.00000000,-2147483648,116,1
nan,nan,0.00000000,-1.00000000,0.00000000,89.02784206,nan,0.00000000,-2147483648,116,1
nan,nan,0.00000000,-1.00000000,0.00000000,88.97628816,nan,0.00000000,-2147483648,116,1
5314.54784489,5314.52720027,0.00000000,3981.56876875,0.27814492,88.70269063,0.01998483,0.01998475,37604,116,1
5314.54784489,5314.52720027,0.00000000,3981.56876875,0.27814492,88.70269063,0.01998483,0.01998475,37604,116,1
5314.64267690,5314.66857594,0.00000000,3987.24682397,0.29211586,88.55489114,0.01998465,0.01998475,37603,116,1
nan,nan,0.00000000,-1.00000000,0.00000000,88.43073154,nan,0.00000000,-2147483648,116,1
5314.80136090,5314.80995914,0.00000000,3996.76072737,0.17320654,88.30597794,0.01998472,0.01998475,37602,116,1
5314.80136090,5314.80995914,0.00000000,3996.76072737,0.17320654,88.30597794,0.01998472,0.01998475,37602,116,1
5314.94117928,5314.95134988,0.00000000,4005.15679171,0.56671373,88.08499459,0.01998471,0.01998475,37601,116,1
5314.94117928,nan,0.00000000,4005.15679171,0.56671373,88.08499459,0.01998471,0.01998475,37601,116,1
5314.94117928,nan,0.00000000,4005.15679171,0.56671373,88.08499459,0.01998471,0.01998475,37601,116,1
5315.09579076,nan,0.00000000,4014.45570121,0.19491605,87.83881022,0.01998476,0.01998475,37600,116,1
5315.09579076,5315.09274816,0.00000000,4014.45570121,0.19491605,87.83881022,0.01998476,0.01998475,37600,116,1
nan,nan,0.00000000,-1.00000000,0.00000000,87.63796920,nan,0.00000000,-2147483648,116,1
nan,nan,0.00000000,-1.00000000,0.00000000,87.55782869,nan,0.00000000,-2147483648,116,1
nan,nan,0.00000000,-1.00000000,0.00000000,87.50431454,nan,0.00000000,-2147483648,116,1
5315.39044076,5315.37556732,0.00000000,4032.21954389,0.32585005,87.36432667,0.01998481,0.01998475,37598,116,1
5315.52344481,5315.51698820,0.00000000,4040.25645990,0.05636499,87.14784999,0.01998477,0.01998475,37597,116,1
5315.52344481,5315.51698820,0.00000000,4040.25645990,0.05636499,87.14784999,0.01998477,0.01998475,37597,116,1
nan,nan,0.00000000,-1.00000000,0.00000000,87.01955435,nan,0.00000000,-2147483648,116,1
nan,nan,0.00000000,-1.00000000,0.00000000,86.88389934,nan,0.00000000,-2147483648,116,1
nan,nan,0.00000000,-1.00000000,0.00000000,86.82951583,nan,0.00000000,-2147483648,116,1
5315.80547636,nan,0.00000000,4057.33663150,0.24747227,86.68406391,0.01998477,0.01998475,37595,116,1
nan,nan,0.00000000,-1.00000000,0.00000000,86.52916677,nan,0.00000000,-2147483648,116,1
nan,nan,0.00000000,-1.00000000,0.00000000,86.39195160,nan,0.00000000,-2147483648,116,1
nan,nan,0.00000000,-1.00000000,0.00000000,86.33694440,nan,0.00000000,-2147483648,116,1
nan,nan,0.00000000,-1.00000000,0.00000000,86.28186801,nan,0.00000000,-2147483648,116,1
5316.21128360,nan,0.00000000,4082.00449174,0.44478511,86.00532464,0.01998470,0.01998475,37592,116,1
nan,nan,0.00000000,-1.00000000,0.00000000,85.72730434,nan,0.00000000,-2147483648,116,1
nan,nan,0.00000000,-1.00000000,0.00000000,85.64352476,nan,0.00000000,-2147483648,116,1
5283.53712533,5283.46706878,0.00000000,470.00000000,nan,99.54322730,0.01998498,0.01998471,37825,115,1
nan,nan,0.00000000,-1.00000000,0.00000000,99.82308980,nan,0.00000000,-2147483648,115,1
nan,nan,0.00000000,-1.00000000,0.00000000,99.90289469,nan,0.00000000,-2147483648,115,1
nan,nan,0.00000000,-1.00000000,0.00000000,99.98263030,nan,0.00000000,-2147483648,115,1
nan,nan,0.00000000,-1.00000000,0.00000000,100.10210377,nan,0.00000000,-2147483648,115,1
5284.02651169,5284.02600560,488.11379264,488.13256048,0.29576404,100.26642546,0.01998472,0.01998471,37821,115,0
5284.02651169,5284.02600560,488.11379264,488.13256048,0.29576404,100.26642546,0.01998472,0.01998471,37821,115,0
nan,nan,0.00000000,-1.00000000,0.00000000,100.49922189,nan,0.00000000,-2147483648,115,1
5284.30973071,5284.30551856,0.00000000,498.63633457,0.24826230,100.68275058,0.01998473,0.01998472,37819,115,1
nan,nan,0.00000000,-1.00000000,0.00000000,100.97347326,nan,0.00000000,-2147483648,115,1
nan,nan,0.00000000,-1.00000000,0.00000000,101.09164534,nan,0.00000000,-2147483648,115,1
nan,nan,0.00000000,-1.00000000,0.00000000,101.28825121,nan,0.00000000,-2147483648,115,1
nan,nan,0.00000000,-1.00000000,0.00000000,101.40600608,nan,0.00000000,-2147483648,115,1
nan,nan,0.00000000,-1.00000000,0.00000000,101.48442236,nan,0.00000000,-2147483648,115,1
5284.99167400,5285.00443090,0.00000000,523.98310994,0.08988299,101.67949809,0.01998467,0.01998472,37814,115,1
nan,nan,0.00000000,-1.00000000,0.00000000,101.87545957,nan,0.00000000,-2147483648,115,1
nan,nan,0.00000000,-1.00000000,0.00000000,102.10924599,nan,0.00000000,-2147483648,115,1
nan,nan,0.00000000,-1.00000000,0.00000000,102.22590395,nan,0.00000000,-2147483648,115,1
5285.54906255,5285.56369446,0.00000000,544.75010163,0.15539594,102.48781452,0.01998466,0.01998472,37810,115,1
nan,nan,0.00000000,-1.00000000,0.00000000,102.65230697,nan,0.00000000,-2147483648,115,1
nan,nan,0.00000000,-1.00000000,0.00000000,102.84542848,nan,0.00000000,-2147483648,115,1
nan,nan,0.00000000,-1.00000000,0.00000000,102.96109183,nan,0.00000000,-2147483648,115,1
nan,nan,0.00000000,-1.00000000,0.00000000,103.15351465,nan,0.00000000,-2147483648,115,1
5286.19482922,5286.12307689,0.00000000,568.86622661,0.13303771,103.41704628,0.01998499,0.01998472,37806,115,1
5286.19482922,5286.12307689,0.00000000,568.86622661,0.13303771,103.41704628,0.01998499,0.01998472,37806,115,1
5286.42984361,5286.40281270,0.00000000,577.65793770,0.16234326,103.75327557,0.01998482,0.01998472,37804,115,1
nan,nan,0.00000000,-1.00000000,0.00000000,104.10906938,nan,0.00000000,-2147483648,115,1
nan,nan,0.00000000,-1.00000000,0.00000000,104.48822589,nan,0.00000000,-2147483648,115,1
nan,nan,0.00000000,-1.00000000,0.00000000,104.56384672,nan,0.00000000,-2147483648,115,1
nan,nan,0.00000000,-1.00000000,0.00000000,104.71487779,nan,0.00000000,-2147483648,115,1
nan,nan,0.00000000,-1.00000000,0.00000000,104.94089770,nan,0.00000000,-2147483648,115,1
nan,nan,0.00000000,-1.00000000,0.00000000,105.09122634,nan,0.00000000,-2147483648,115,1
nan,nan,0.00000000,-1.00000000,0.00000000,105.16628523,nan,0.00000000,-2147483648,115,1
nan,nan,0.00000000,-1.00000000,0.00000000,105.24127381,nan,0.00000000,-2147483648,115,1
5287.65454806,5287.66199179,0.00000000,623.60488270,0.33038110,105.48841951,0.01998469,0.01998472,37795,115,1
nan,nan,0.00000000,-1.00000000,0.00000000,105.61516156,nan,0.00000000,-2147483648,115,1
nan,nan,0.00000000,-1.00000000,0.00000000,105.68972798,nan,0.00000000,-2147483648,115,1
nan,nan,0.00000000,-1.00000000,0.00000000,105.80144559,nan,0.00000000,-2147483648,115,1
nan,nan,0.00000000,-1.00000000,0.00000000,105.87583596,nan,0.00000000,-2147483648,115,1
5288.08907962,5288.08185200,0.00000000,639.96063637,0.28103510,106.09712504,0.01998475,0.01998472,37792,115,1
5288.08907962,5288.08185200,0.00000000,639.96063637,0.28103510,106.09712504,0.01998475,0.01998472,37792,115,1
nan,nan,0.00000000,-1.00000000,0.00000000,106.32069830,nan,0.00000000,-2147483648,115,1
5288.37895293,5288.36179601,0.00000000,650.88718190,0.22280513,106.50114777,0.01998478,0.01998472,37790,115,1
5288.55751992,5288.50177917,0.00000000,657.62441164,0.53617462,106.74921570,0.01998493,0.01998472,37789,115,1
nan,nan,0.00000000,-1.00000000,0.00000000,107.01986947,nan,0.00000000,-2147483648,115,1
nan,nan,0.00000000,-1.00000000,0.00000000,107.09309564,nan,0.00000000,-2147483648,115,1
nan,nan,0.00000000,-1.00000000,0.00000000,107.23933592,nan,0.00000000,-2147483648,115,1
5288.90939729,5288.92177329,0.00000000,670.91462232,0.22080851,107.23621746,0.01998467,0.01998472,37786,115,1
nan,nan,0.00000000,-1.00000000,0.00000000,107.45816597,nan,0.00000000,-2147483648,115,1
nan,nan,0.00000000,-1.00000000,0.00000000,107.53096783,nan,0.00000000,-2147483648,115,1
nan,nan,0.00000000,-1.00000000,0.00000000,107.67635923,nan,0.00000000,-2147483648,115,1
nan,nan,0.00000000,-1.00000000,0.00000000,107.82146746,nan,0.00000000,-2147483648,115,1
nan,nan,0.00000000,-1.00000000,0.00000000,108.07472510,nan,0.00000000,-2147483648,115,1
5289.64343012,5289.62191233,0.00000000,698.69909354,0.05224650,108.24424973,0.01998480,0.01998472,37781,115,1
5289.76729298,5289.76196246,0.00000000,703.39563018,0.13769451,108.41329102,0.01998474,0.01998472,37780,115,1
5289.76729298,5289.76196246,0.00000000,703.39563018,0.13769451,108.41329102,0.01998474,0.01998472,37780,115,1
5289.90073055,5289.90202005,708.50271395,708.45377452,0.05459809,108.59491003,0.01998472,0.01998472,37779,115,0
5290.03417013,5290.04208507,0.00000000,713.52286258,0.01178195,108.77646656,0.01998469,0.01998472,37778,115,1
5290.03417013,5290.04208507,0.00000000,713.52286258,0.01178195,108.77646656,0.01998469,0.01998472,37778,115,1
5290.30166171,5290.32223747,0.00000000,723.68439627,0.28541084,109.13904225,0.01998464,0.01998472,37776,115,1
nan,nan,0.00000000,-1.00000000,0.00000000,109.22140913,nan,0.00000000,-2147483648,115,1
nan,nan,0.00000000,-1.00000000,0.00000000,109.32797852,nan,0.00000000,-2147483648,115,1
nan,nan,0.00000000,-1.00000000,0.00000000,109.39893588,nan,0.00000000,-2147483648,115,1
nan,nan,0.00000000,-1.00000000,0.00000000,109.46982212,nan,0.00000000,-2147483648,115,1
nan,nan,0.00000000,-1.00000000,0.00000000,109.75265549,nan,0.00000000,-2147483648,115,1
nan,nan,0.00000000,-1.00000000,0.00000000,109.85842437,nan,0.00000000,-2147483648,115,1
nan,nan,0.00000000,-1.00000000,0.00000000,109.96403300,nan,0.00000000,-2147483648,115,1
nan,nan,0.00000000,-1.00000000,0.00000000,110.06948135,nan,0.00000000,-2147483648,115,1
nan,nan,0.00000000,-1.00000000,0.00000000,110.13969117,nan,0.00000000,-2147483648,115,1
nan,nan,0.00000000,-1.00000000,0.00000000,110.27989700,nan,0.00000000,-2147483648,115,1
nan,nan,0.00000000,-1.00000000,0.00000000,110.48967095,nan,0.00000000,-2147483648,115,1
5291.44486119,5291.44314494,767.16062126,767.22615422,0.23431837,110.67186628,0.01998473,0.01998472,37768,115,0
5291.44486119,5291.44314494,767.16062126,767.22615422,0.23431837,110.67186628,0.01998473,0.01998472,37768,115,0
5291.72801313,5291.72344630,0.00000000,778.05625566,0.12207959,111.04787593,0.01998474,0.01998472,37766,115,1
nan,nan,0.00000000,-1.00000000,0.00000000,111.25334616,nan,0.00000000,-2147483648,115,1
5292.26475948,nan,0.00000000,798.59926750,0.22872656,111.75534979,0.01998465,0.01998472,37762,115,1
5293.26460281,5293.26563670,837.01364682,836.97386926,0.36162947,113.05667769,0.01998472,0.01998472,37755,115,0
5293.44652530,5293.40588056,0.00000000,843.99048263,0.04399486,113.29176212,0.01998488,0.01998472,37754,115,1
5294.23957607,5294.24750034,0.00000000,874.57703155,0.09732150,114.30619155,0.01998470,0.01998473,37748,115,1
5294.54427501,5294.52809995,0.00000000,886.35585720,0.86749219,114.69235311,0.01998479,0.01998473,37746,115,1
nan,nan,0.00000000,-1.00000000,0.00000000,115.03916230,nan,0.00000000,-2147483648,115,1
5295.08083586,5295.08938871,0.00000000,907.13471777,0.44840289,115.36747233,0.01998469,0.01998473,37742,115,1
nan,nan,0.00000000,-1.00000000,0.00000000,115.52442188,nan,0.00000000,-2147483648,115,1
nan,nan,0.00000000,-1.00000000,0.00000000,115.58881595,nan,0.00000000,-2147483648,115,1
5295.60531625,5295.51043364,0.00000000,927.49151346,0.15418410,116.02131257,0.01998509,0.01998473,37739,115,1
5295.91173790,5295.93154577,0.00000000,939.40580685,0.14331712,116.40050886,0.01998465,0.01998473,37736,115,1
5296.07605885,5296.07193141,0.00000000,945.80136786,0.13903615,116.60299965,0.01998474,0.01998473,37735,115,1
nan,nan,0.00000000,-1.00000000,0.00000000,116.95577489,nan,0.00000000,-2147483648,115,1
5296.49681375,5296.49313313,0.00000000,962.19818302,0.12209239,117.11875294,0.01998474,0.01998473,37732,115,1
nan,nan,0.00000000,-1.00000000,0.00000000,117.30007735,nan,0.00000000,-2147483648,115,1
nan,nan,0.00000000,-1.00000000,0.00000000,117.48695250,nan,0.00000000,-2147483648,115,1
5296.91857384,5296.91440207,0.00000000,978.66397005,0.35028295,117.63176396,0.01998474,0.01998473,37729,115,1
5296.91857384,5296.91440207,0.00000000,978.66397005,0.35028295,117.63176396,0.01998474,0.01998473,37729,115,1
5297.18997455,5297.19528538,0.00000000,989.27548766,0.12405160,117.95976703,0.01998471,0.01998473,37727,115,1
5297.46750606,nan,0.00000000,1000.13961369,0.13305925,118.29345569,0.01998470,0.01998473,37725,115,1
5297.46750606,nan,0.00000000,1000.13961369,0.13305925,118.29345569,0.01998470,0.01998473,37725,115,1
nan,nan,0.00000000,-1.00000000,0.00000000,118.50306351,nan,0.00000000,-2147483648,115,1
nan,nan,0.00000000,-1.00000000,0.00000000,118.62488119,nan,0.00000000,-2147483648,115,1
nan,nan,0.00000000,-1.00000000,0.00000000,118.71605308,nan,0.00000000,-2147483648,115,1
5297.89654792,nan,0.00000000,1016.96048469,0.00946096,118.80586322,0.01998473,0.01998473,37722,115,1
5298.04233895,5298.03811464,0.00000000,1022.68347623,0.35946479,118.97902445,0.01998475,0.01998473,37721,115,1
5298.18796470,5298.17861234,0.00000000,1028.40361613,0.20261995,119.15150232,0.01998477,0.01998473,37720,115,1
5298.30222153,5298.31911752,0.00000000,1032.89414289,0.27495731,119.28648556,0.01998467,0.01998473,37719,115,1
5298.46720252,5298.45963017,0.00000000,1039.38219592,0.25970537,119.48086325,0.01998476,0.01998473,37718,115,1
5298.58972396,5298.60015029,0.00000000,1044.20351753,0.20349070,119.62480878,0.01998469,0.01998473,37717,115,1
5298.74901173,5298.74067789,0.00000000,1050.47550299,0.17160845,119.81142962,0.01998476,0.01998473,37716,115,1
5298.89030435,5298.88121297,0.00000000,1056.04260097,0.10337803,119.97647424,0.01998477,0.01998473,37715,115,1
nan,nan,0.00000000,-1.00000000,0.00000000,120.15246198,nan,0.00000000,-2147483648,115,1
nan,nan,0.00000000,-1.00000000,0.00000000,120.29966588,nan,0.00000000,-2147483648,115,1
5299.44839999,5299.44342806,0.00000000,1078.06615485,0.11728525,120.62383446,0.01998475,0.01998473,37711,115,1
5299.44839999,5299.44342806,0.00000000,1078.06615485,0.11728525,120.62383446,0.01998475,0.01998473,37711,115,1
5299.73215452,5299.72458048,0.00000000,1089.28452278,0.00198313,120.95017165,0.01998476,0.01998473,37709,115,1
5299.86493185,nan,0.00000000,1094.53878701,0.20915864,121.10222233,0.01998473,0.01998473,37708,115,1
5299.86493185,nan,0.00000000,1094.53878701,0.20915864,121.10222233,0.01998473,0.01998473,37708,115,1
5300.14534683,5300.14636521,1105.68291520,1105.64256583,0.25359264,121.42188301,0.01998473,0.01998473,37706,115,0
5300.14534683,5300.14636521,1105.68291520,1105.64256583,0.25359264,121.42188301,0.01998473,0.01998473,37706,115,0
5300.27018022,5300.28697508,0.00000000,1110.59447313,0.25732842,121.56371101,0.01998467,0.01998473,37705,115,1
5300.43582070,5300.42759244,0.00000000,1117.16539909,0.24863984,121.75121409,0.01998476,0.01998473,37704,115,1
5300.56489550,5300.56821728,0.00000000,1122.28914373,0.11115006,121.89687093,0.01998472,0.01998473,37703,115,1
nan,nan,0.00000000,-1.00000000,0.00000000,122.03036442,nan,0.00000000,-2147483648,115,1
nan,nan,0.00000000,-1.00000000,0.00000000,122.08691585,nan,0.00000000,-2147483648,115,1
5300.86661989,5300.84948940,0.00000000,1134.27793025,0.13388750,122.23579982,0.01998480,0.01998473,37701,115,1
5300.86661989,5300.84948940,0.00000000,1134.27793025,0.13388750,122.23579982,0.01998480,0.01998473,37701,115,1
5301.12676872,5301.13079147,0.00000000,1144.62778144,0.16728687,122.52626829,0.01998472,0.01998473,37699,115,1
5301.25262917,5301.27145373,0.00000000,1149.63940478,0.62127406,122.66621076,0.01998466,0.01998473,37698,115,1
5301.40446506,5301.41212347,0.00000000,1155.68912427,0.24787047,122.83452426,0.01998470,0.01998473,37697,115,1
5301.40446506,5301.41212347,0.00000000,1155.68912427,0.24787047,122.83452426,0.01998470,0.01998473,37697,115,1
5301.68812287,5301.69348542,0.00000000,1167.00224398,0.10808028,123.14746438,0.01998471,0.01998473,37695,115,1
nan,nan,0.00000000,-1.00000000,0.00000000,123.28495921,nan,0.00000000,-2147483648,115,1
nan,nan,0.00000000,-1.00000000,0.00000000,123.44941835,nan,0.00000000,-2147483648,115,1
5302.11896022,5302.11558450,0.00000000,1184.21313338,0.43821530,123.61901916,0.01998475,0.01998473,37692,115,1
5302.24969222,5302.25629917,0.00000000,1189.44221454,0.14420124,123.76120574,0.01998471,0.01998473,37691,115,1
5302.24969222,5302.25629917,0.00000000,1189.44221454,0.14420124,123.76120574,0.01998471,0.01998473,37691,115,1
nan,nan,0.00000000,-1.00000000,0.00000000,123.93880786,nan,0.00000000,-2147483648,115,1
5302.53477687,5302.53775098,0.00000000,1200.85596376,0.11997927,124.06980803,0.01998472,0.01998473,37689,115,1
5302.68157878,5302.67848812,0.00000000,1206.73916800,0.28338890,124.22793621,0.01998475,0.01998473,37688,115,1
5302.82120219,5302.81923276,0.00000000,1212.33835061,0.17412245,124.37783597,0.01998474,0.01998473,37687,115,1
5302.97408391,5302.95998488,0.00000000,1218.47332356,0.05951935,124.54141380,0.01998479,0.01998473,37686,115,1
5303.09417273,5303.10074449,0.00000000,1223.29536945,0.24529125,124.66949586,0.01998471,0.01998474,37685,115,1
5303.23191969,5303.24151160,0.00000000,1228.82973265,0.06420437,124.81596770,0.01998470,0.01998474,37684,115,1
5303.37056339,5303.38228620,0.00000000,1234.40366394,0.11034667,124.96291331,0.01998469,0.01998474,37683,115,1
5303.51869071,5303.52306829,0.00000000,1240.36279859,0.06897405,125.11937730,0.01998472,0.01998474,37682,115,1
5303.67142603,5303.66385788,0.00000000,1246.51157327,0.11783055,125.28013046,0.01998476,0.01998474,37681,115,1
5303.80907718,5303.80465496,0.00000000,1252.05680876,0.19912656,125.42450347,0.01998475,0.01998474,37680,115,1
5303.94560611,5303.94545954,1257.54572257,1257.55163308,0.13105569,125.56700131,0.01998474,0.01998474,37679,115,0
5304.09508966,5304.08627161,0.00000000,1263.59002974,0.26477756,125.72294942,0.01998477,0.01998474,37678,115,1
5304.23627955,5304.22709117,0.00000000,1269.28903469,0.09000498,125.86951144,0.01998477,0.01998474,37677,115,1
5304.49604914,5304.50875280,0.00000000,1279.78417230,0.24114361,126.13783771,0.01998469,0.01998474,37675,115,1
5304.49604914,5304.50875280,0.00000000,1279.78417230,0.24114361,126.13783771,0.01998469,0.01998474,37675,115,1
nan,nan,0.00000000,-1.00000000,0.00000000,126.32113525,nan,0.00000000,-2147483648,115,1
nan,nan,0.00000000,-1.00000000,0.00000000,126.44757816,nan,0.00000000,-2147483648,115,1
5304.93874579,5304.93130147,0.00000000,1297.69916404,0.11015468,126.59113485,0.01998477,0.01998474,37672,115,1
5304.93874579,5304.93130147,0.00000000,1297.69916404,0.11015468,126.59113485,0.01998477,0.01998474,37672,115,1
nan,nan,0.00000000,-1.00000000,0.00000000,126.74914365,nan,0.00000000,-2147483648,115,1
5305.20672056,5305.21303807,0.00000000,1308.56155473,0.11446502,126.86307458,0.01998471,0.01998474,37670,115,1
5305.35516065,5305.35391763,1314.52928025,1314.57973758,0.15532183,127.01279395,0.01998474,0.01998474,37669,115,0
5305.48948920,5305.49480468,0.00000000,1320.03842704,0.28195051,127.14801086,0.01998472,0.01998474,37668,115,1
5305.76891977,5305.77660129,0.00000000,1331.39481835,0.09616089,127.42754009,0.01998471,0.01998474,37666,115,1
5305.76891977,5305.77660129,0.00000000,1331.39481835,0.09616089,127.42754009,0.01998471,0.01998474,37666,115,1
nan,nan,0.00000000,-1.00000000,0.00000000,127.61339165,nan,0.00000000,-2147483648,115,1
5306.06670662,5306.05842791,0.00000000,1343.51371630,0.05554166,127.72318534,0.01998477,0.01998474,37664,115,1
5306.20555128,5306.19935247,0.00000000,1349.17005108,0.06871811,127.86023585,0.01998476,0.01998474,37663,115,1
5306.34494381,5306.34028454,0.00000000,1354.85244922,0.13235637,127.99731648,0.01998476,0.01998474,37662,115,1
5306.48205357,5306.48122411,1360.40512909,1360.43897090,0.09418864,128.13149642,0.01998474,0.01998474,37661,115,0
5306.48205357,5306.48122411,1360.40512909,1360.43897090,0.09418864,128.13149642,0.01998474,0.01998474,37661,115,0
5306.76250257,5306.76312576,1371.91460766,1371.88914607,0.24724837,128.40469035,0.01998474,0.01998474,37659,115,0
5306.89934424,5306.90408785,0.00000000,1377.49011821,0.24571496,128.53743347,0.01998472,0.01998474,37658,115,1
5307.04764171,5307.04505744,0.00000000,1383.55565084,0.16642779,128.68052504,0.01998475,0.01998474,37657,115,1
5307.18243582,5307.18603454,0.00000000,1389.07261204,0.07009469,128.81007765,0.01998473,0.01998474,37656,115,1
5307.31328829,5307.32701914,0.00000000,1394.43165221,0.05231697,128.93537652,0.01998469,0.01998474,37655,115,1
5307.45469374,5307.46801126,0.00000000,1400.22666860,0.34614683,129.07026392,0.01998469,0.01998474,37654,115,1
5307.61583231,5307.60901088,0.00000000,1406.83517618,0.17173732,129.22331907,0.01998477,0.01998474,37653,115,1
nan,nan,0.00000000,-1.00000000,0.00000000,129.36536082,nan,0.00000000,-2147483648,115,1
5307.88417544,5307.89103265,0.00000000,1417.85165962,0.10589953,129.47664561,0.01998471,0.01998474,37651,115,1
5308.02101558,nan,0.00000000,1423.47494456,0.04456359,129.60507747,0.01998470,0.01998474,37650,115,1
5308.17078615,nan,0.00000000,1429.63385090,0.05490912,129.74506223,0.01998473,0.01998474,37649,115,1
5308.30519167,5308.31412162,0.00000000,1435.16471110,0.13680922,129.87016589,0.01998471,0.01998474,37648,115,1
5308.45591827,5308.45516630,1441.33256090,1441.36353191,0.16392985,130.00969614,0.01998474,0.01998474,37647,115,0
5308.59574719,5308.59621849,1447.14384197,1447.12441821,0.13589135,130.13872227,0.01998474,0.01998474,37646,115,0
5308.72908413,5308.73727820,0.00000000,1452.63174427,0.13245366,130.26148685,0.01998471,0.01998474,37645,115,1
nan,nan,0.00000000,-1.00000000,0.00000000,130.38060314,nan,0.00000000,-2147483648,115,1
nan,nan,0.00000000,-1.00000000,0.00000000,130.51309647,nan,0.00000000,-2147483648,115,1
5309.16352029,5309.16050239,0.00000000,1470.57066593,0.13363608,130.65741523,0.01998475,0.01998474,37642,115,1
5309.29454576,5309.30159214,0.00000000,1475.98849825,0.17632087,130.77580250,0.01998472,0.01998474,37641,115,1
5309.44773716,5309.44268942,0.00000000,1482.32728848,0.09664269,130.91361326,0.01998476,0.01998474,37640,115,1
5309.57940913,5309.58379420,0.00000000,1487.77944821,0.12054250,131.03154323,0.01998473,0.01998474,37639,115,1
5309.73195482,5309.72490651,0.00000000,1494.10033858,0.09532082,131.16756362,0.01998477,0.01998474,37638,115,1
5309.86738537,5309.86602632,1499.65185445,1499.70824577,0.19335874,131.28761158,0.01998475,0.01998474,37637,115,0
nan,nan,0.00000000,-1.00000000,0.00000000,131.42159368,nan,0.00000000,-2147483648,115,1
5310.16043380,5310.14828851,0.00000000,1511.88022648,0.11757413,131.54613826,0.01998479,0.01998474,37635,115,1
5310.29436680,5310.28943088,0.00000000,1517.44554241,0.13192158,131.66341285,0.01998476,0.01998474,37634,115,1
5310.45244733,5310.28943088,0.00000000,1524.01900750,0.03007744,131.80117960,0.01998536,0.01998474,37634,115,1
5310.57048492,5310.57173818,1528.97715335,1528.92499929,0.07460889,131.90346852,0.01998474,0.01998474,37632,115,0
5310.70783560,5310.71290311,0.00000000,1534.64971379,0.07884461,132.02225378,0.01998472,0.01998474,37631,115,1
5310.85253919,5310.85407555,1540.73454469,1540.67052065,0.07929645,132.14651578,0.01998474,0.01998474,37630,115,0
5310.99227198,5310.99525552,0.00000000,1546.50546319,0.12076710,132.26628906,0.01998473,0.01998474,37629,115,1
5311.13362257,5311.13644301,0.00000000,1552.40342830,0.20478261,132.38670288,0.01998473,0.01998474,37628,115,1
5311.27665442,5311.27763802,1558.40625437,1558.36516891,0.07501504,132.50775123,0.01998474,0.01998474,37627,115,0
5311.41899479,5311.41884055,1564.30664634,1564.31309392,0.10432626,132.62785009,0.01998474,0.01998474,37626,115,0
5311.56205257,5311.56005060,0.00000000,1570.30548625,0.33165903,132.74817090,0.01998475,0.01998474,37625,115,1
nan,nan,0.00000000,-1.00000000,0.00000000,132.84195763,nan,0.00000000,-2147483648,115,1
5311.85839195,5311.84249328,0.00000000,1582.71062404,0.03760192,132.99509593,0.01998481,0.01998475,37623,115,1
5311.98447383,5311.98372590,1587.95338630,1587.98473774,0.11723801,133.09919595,0.01998475,0.01998475,37622,115,0
nan,nan,0.00000000,-1.00000000,0.00000000,133.23684721,nan,0.00000000,-2147483648,115,1
5312.27684064,5312.26621372,0.00000000,1600.25896347,0.16330186,133.33942625,0.01998479,0.01998475,37620,115,1
5312.40631465,5312.40746892,1605.73387536,1605.68539062,0.14423334,133.44472302,0.01998474,0.01998475,37619,115,0
5312.54117929,5312.54873164,0.00000000,1611.36358332,0.18846007,133.55430830,0.01998472,0.01998475,37618,115,1
5312.69919708,5312.69000189,0.00000000,1618.00887283,0.13663239,133.68178248,0.01998478,0.01998475,37617,115,1
5312.83665103,5312.83127967,0.00000000,1623.79370835,0.07716226,133.79206982,0.01998477,0.01998475,37616,115,1
5313.09948414,5313.11385780,0.00000000,1634.86648051,0.31604879,134.00140259,0.01998469,0.01998475,37614,115,1
5313.09948414,5313.11385780,0.00000000,1634.86648051,0.31604879,134.00140259,0.01998469,0.01998475,37614,115,1
5313.25627110,5313.25515816,1641.42057387,1641.46753077,0.06140229,134.12509083,0.01998475,0.01998475,37613,115,0
5313.38732087,5313.39646605,0.00000000,1647.00966747,0.12162713,134.22829939,0.01998471,0.01998475,37612,115,1
5313.53988748,5313.53778147,0.00000000,1653.45336650,0.20539656,134.34756480,0.01998476,0.01998475,37611,115,1
5313.67022929,5313.67910442,0.00000000,1658.96238822,0.06383258,134.44890571,0.01998471,0.01998475,37610,115,1
nan,nan,0.00000000,-1.00000000,0.00000000,134.54107064,nan,0.00000000,-2147483648,115,1
5313.95466794,5313.96177291,0.00000000,1670.99727835,0.16194345,134.66828904,0.01998472,0.01998475,37608,115,1
5314.10501920,5314.10311845,0.00000000,1677.36591836,0.13816420,134.78326987,0.01998476,0.01998475,37607,115,1
5314.24676270,nan,0.00000000,1683.37447372,0.16851499,134.89104334,0.01998476,0.01998475,37606,115,1
5314.38343703,5314.38583213,0.00000000,1689.17231524,0.14045972,134.99438702,0.01998474,0.01998475,37605,115,1
5314.53392599,5314.52720027,0.00000000,1695.56093144,0.14900828,135.10752115,0.01998477,0.01998475,37604,115,1
5314.68357002,5314.66857594,0.00000000,1701.91862385,0.15593693,135.21933738,0.01998480,0.01998475,37603,115,1
5314.80870011,5314.80995914,1707.28311770,1707.22956411,0.08325107,135.31215462,0.01998474,0.01998475,37602,115,0
5314.94882559,5314.95134988,0.00000000,1713.20027772,0.08449057,135.41586186,0.01998474,0.01998475,37601,115,1
5315.10138177,5315.09274816,0.00000000,1719.69574649,0.10835438,135.52791348,0.01998478,0.01998475,37600,115,1
5315.22638182,5315.23415397,0.00000000,1725.02179758,0.05831984,135.61919271,0.01998472,0.01998475,37599,115,1
5315.37595754,5315.37556732,1731.37538918,1731.39203389,0.04560148,135.72765834,0.01998475,0.01998475,37598,115,0
5315.51438458,5315.51698820,0.00000000,1737.30639164,0.02313962,135.82767010,0.01998474,0.01998475,37597,115,1
5315.65923713,5315.65841662,1743.44897786,1743.48402742,0.08920948,135.93142259,0.01998475,0.01998475,37596,115,0
nan,nan,0.00000000,-1.00000000,0.00000000,136.04006961,nan,0.00000000,-2147483648,115,1
5315.93580568,5315.94129608,0.00000000,1755.31534899,0.14038841,136.12809836,0.01998473,0.01998475,37594,115,1
5316.09416344,5316.08274712,0.00000000,1762.09292123,0.03151476,136.23956231,0.01998479,0.01998475,37593,115,1
nan,nan,0.00000000,-1.00000000,0.00000000,136.31971761,nan,0.00000000,-2147483648,115,1
5316.37737697,5316.36567180,0.00000000,1774.22835063,0.12326653,136.43695372,0.01998479,0.01998475,37591,115,1
5316.50875865,5316.50714546,0.00000000,1779.86410851,0.06344296,136.52766831,0.01998476,0.01998475,37590,115,1
5316.65022436,5316.64862665,0.00000000,1785.93682403,0.08083623,136.62473807,0.01998476,0.01998475,37589,115,1
5316.79449137,5316.79011539,0.00000000,1792.13449220,0.10612279,136.72307959,0.01998477,0.01998475,37588,115,1
nan,nan,0.00000000,-1.00000000,0.00000000,136.83116217,nan,0.00000000,-2147483648,115,1
5317.06611132,5317.07311549,0.00000000,1803.81612943,0.10961470,136.90644469,0.01998472,0.01998475,37586,115,1
5317.21375458,5317.21462685,1810.20523554,1810.16766331,0.20365714,137.00505040,0.01998475,0.01998475,37585,115,0
5317.35088343,5317.35614576,0.00000000,1816.08160394,0.11647427,137.09616990,0.01998473,0.01998475,37584,115,1
5317.48834332,5317.49767220,0.00000000,1822.00885784,0.22300737,137.18682412,0.01998472,0.01998475,37583,115,1
5317.64604052,5317.63920620,0.00000000,1828.81412692,0.15968311,137.29007927,0.01998478,0.01998475,37582,115,1
5317.78072283,5317.78074774,1834.62608899,1834.62501292,0.20139069,137.37754624,0.01998475,0.01998475,37581,115,0
5317.92373016,5317.92229682,1840.74335587,1840.80532319,0.08853792,137.46986550,0.01998476,0.01998475,37580,115,0
5318.06912772,5318.06385345,0.00000000,1847.10058611,0.14489125,137.56315103,0.01998477,0.01998475,37579,115,1
5318.20710463,5318.20541763,0.00000000,1853.07318300,0.13195577,137.65095449,0.01998476,0.01998475,37578,115,1
5318.34481670,5318.34698935,0.00000000,1859.03876125,0.04461203,137.73797359,0.01998474,0.01998475,37577,115,1
5318.49300772,5318.48856862,0.00000000,1865.46325307,0.17438675,137.83092526,0.01998477,0.01998475,37576,115,1
nan,nan,0.00000000,-1.00000000,0.00000000,137.92469035,nan,0.00000000,-2147483648,115,1
5318.76850158,5318.77174980,0.00000000,1877.42042065,0.08268574,138.00182217,0.01998474,0.01998475,37574,115,1
5318.91576481,5318.91335172,0.00000000,1883.81939275,0.15053458,138.09215461,0.01998476,0.01998475,37573,115,1
5319.04820150,5319.05496118,0.00000000,1889.57850334,0.08329089,138.17278386,0.01998473,0.01998475,37572,115,1
5319.20560067,5319.19657819,0.00000000,1896.42854661,0.14645812,138.26785927,0.01998479,0.01998475,37571,115,1
5319.34580301,5319.33820276,0.00000000,1902.53515061,0.13094405,138.35185818,0.01998478,0.01998475,37570,115,1
5319.48541424,5319.47983487,0.00000000,1908.62067343,0.12081181,138.43485621,0.01998478,0.01998475,37569,115,1
5319.62311702,5319.62147454,0.00000000,1914.62757985,0.12817392,138.51608593,0.01998476,0.01998475,37568,115,1
5319.76520669,5319.76312176,0.00000000,1920.83062277,0.22035362,138.59924197,0.01998476,0.01998475,37567,115,1
5319.90175104,5319.90477653,0.00000000,1926.79615597,0.09193078,138.67851809,0.01998474,0.01998475,37566,115,1
5320.05772272,5320.04643885,0.00000000,1933.61595897,0.14153696,138.76831052,0.01998480,0.01998475,37565,115,1
5320.19420221,5320.18810873,0.00000000,1939.58829792,0.10765827,138.84621215,0.01998478,0.01998475,37564,115,1
nan,nan,0.00000000,-1.00000000,0.00000000,138.94193683,nan,0.00000000,-2147483648,115,1
5320.45979286,5320.47147115,0.00000000,1951.22348936,0.18804777,138.99601316,0.01998471,0.01998475,37562,115,1
5320.62101314,5320.61316369,0.00000000,1958.29471921,0.26516822,139.08578466,0.01998478,0.01998476,37561,115,1
5320.75831346,5320.75486378,0.00000000,1964.32180770,0.13718139,139.16154272,0.01998477,0.01998476,37560,115,1
5320.89864320,5320.89657144,0.00000000,1970.48664712,0.16781351,139.23831069,0.01998476,0.01998476,37559,115,1
5321.03623626,5321.03828665,0.00000000,1976.53595325,0.07081546,139.31293052,0.01998475,0.01998476,37558,115,1
5321.17903126,5321.18000941,1982.86334464,1982.82028152,0.18832415,139.38970503,0.01998475,0.01998476,37557,115,0
5321.31597649,5321.32173973,0.00000000,1988.84915884,0.11349121,139.46264567,0.01998473,0.01998476,37556,115,1
5321.46858903,5321.46347762,0.00000000,1995.57478950,0.04125524,139.54319189,0.01998478,0.01998476,37555,115,1
5321.60618820,5321.60522306,2001.60354343,2001.64612363,0.09183113,139.61515567,0.01998476,0.01998476,37554,115,0
5321.75171637,5321.74697605,0.00000000,2008.06750488,0.11647787,139.69049760,0.01998477,0.01998476,37553,115,1
5321.89782298,nan,0.00000000,2014.52212103,0.11854766,139.76543057,0.01998479,0.01998476,37552,115,1
5322.03425755,5322.03050473,0.00000000,2020.55426498,0.28323958,139.83473481,0.01998477,0.01998476,37551,115,1
5322.17190556,5322.17228041,2026.65693728,2026.64035119,0.08549242,139.90394960,0.01998476,0.01998476,37550,115,0
5322.31545089,5322.31406365,2032.93294994,2032.99438062,0.08334385,139.97545139,0.01998476,0.01998476,37549,115,0
5322.45477969,5322.45585445,2039.21432019,2039.16668879,0.19859368,140.04416456,0.01998475,0.01998476,37548,115,0
5322.59932804,5322.59765282,2045.50120605,2045.57551147,0.09879711,140.11473500,0.01998476,0.01998476,37547,115,0
5322.74313748,5322.73945874,0.00000000,2051.97105144,0.10169901,140.18437118,0.01998477,0.01998476,37546,115,1
5322.87299445,5322.88127223,0.00000000,2057.73993291,0.01302414,140.24650879,0.01998473,0.01998476,37545,115,1
5323.02257217,5323.02309329,2064.39655431,2064.37337834,0.08744820,140.31716688,0.01998475,0.01998476,37544,115,0
5323.02257217,5323.02309329,2064.39655431,2064.37337834,0.08744820,140.31716688,0.01998475,0.01998476,37544,115,0
5323.16711901,5323.16492190,0.00000000,2070.82224659,0.18526129,140.38504668,0.01998477,0.01998476,37543,115,1
5323.30385768,5323.30675809,0.00000000,2076.91174145,0.07900265,140.44840859,0.01998475,0.01998476,37542,115,1
5323.45703220,5323.44860184,0.00000000,2083.73887548,0.13350844,140.51859651,0.01998479,0.01998476,37541,115,1
5323.59446546,5323.59045315,0.00000000,2089.86953570,0.16255361,140.58085901,0.01998477,0.01998476,37540,115,1
5323.73521603,5323.73231203,0.00000000,2096.15321662,0.08365864,140.64392412,0.01998477,0.01998476,37539,115,1
5323.87028773,5323.87417847,0.00000000,2102.18817851,0.10053631,140.70377673,0.01998474,0.01998476,37538,115,1
5324.01572566,5324.01605249,2108.69296730,2108.67834479,0.13872353,140.76736056,0.01998476,0.01998476,37537,115,0
5324.15943759,5324.15793407,2115.04348518,2115.11080918,0.13348540,140.82957798,0.01998476,0.01998476,37536,115,0
5324.30436878,5324.29982322,0.00000000,2121.61481318,0.29310601,140.89167634,0.01998478,0.01998476,37535,115,1
nan,nan,0.00000000,-1.00000000,0.00000000,140.94247532,nan,0.00000000,-2147483648,115,1
5324.58540063,5324.58362423,0.00000000,2134.21815255,0.12265566,141.00968771,0.01998477,0.01998476,37533,115,1
5324.73313372,5324.72553608,0.00000000,2140.85178535,0.19594742,141.07057120,0.01998479,0.01998476,37532,115,1
5324.86329330,5324.86745551,0.00000000,2146.70107243,0.07355329,141.12355176,0.01998474,0.01998476,37531,115,1
5325.01076909,5325.00938251,2153.26145352,2153.32384532,0.18667272,141.18274150,0.01998476,0.01998476,37530,115,0
5325.16236626,5325.15131708,0.00000000,2160.15815118,0.16749919,141.24293452,0.01998480,0.01998476,37529,115,1
5325.29484299,5325.29325923,2166.04604873,2166.11743804,0.02565283,141.29468521,0.01998477,0.01998476,37528,115,0
5325.42963761,5325.43520894,0.00000000,2172.20433786,0.16721716,141.34683654,0.01998474,0.01998476,37527,115,1
5325.57921452,5325.57716623,0.00000000,2178.95421523,0.16892840,141.40383189,0.01998477,0.01998476,37526,115,1
5325.72159771,5325.71913109,0.00000000,2185.38501565,0.07917081,141.45731483,0.01998477,0.01998476,37525,115,1
5325.86112557,5325.86110352,2191.68720266,2191.68819994,0.15634638,141.50896159,0.01998476,0.01998476,37524,115,0
5326.00624932,5326.00308353,0.00000000,2198.25772198,0.12835048,141.56197417,0.01998477,0.01998476,37523,115,1
5326.14538731,5326.14507112,2204.54305022,2204.55737673,0.10266751,141.61202624,0.01998476,0.01998476,37522,115,0
5326.29089115,5326.28706628,0.00000000,2211.15179656,0.03867390,141.66359914,0.01998478,0.01998476,37521,115,1
5326.42879254,5326.42906902,2217.42164593,2217.40909828,0.34268875,141.71175886,0.01998476,0.01998476,37520,115,0
nan,nan,0.00000000,-1.00000000,0.00000000,141.75414972,nan,0.00000000,-2147483648,115,1
5326.71372155,5326.71309722,2230.32234266,2230.35072263,0.30829776,141.80896474,0.01998477,0.01998476,37518,115,0
5326.85714352,5326.85512269,0.00000000,2236.86794132,0.10870563,141.85669102,0.01998477,0.01998476,37517,115,1
5327.00059925,5326.99715573,0.00000000,2243.39681769,0.07192993,141.90367963,0.01998478,0.01998476,37516,115,1
5327.14570329,5327.13919636,0.00000000,2250.00645289,0.25131837,141.95041024,0.01998479,0.01998476,37515,115,1
5327.27510682,5327.28124456,0.00000000,2255.90579779,0.26537789,141.99140583,0.01998474,0.01998476,37514,115,1
5327.42637137,5327.42330034,0.00000000,2262.80761231,0.06528396,142.03851376,0.01998477,0.01998476,37513,115,1
5327.56858577,5327.56536370,0.00000000,2269.30226093,0.09543846,142.08200152,0.01998478,0.01998476,37512,115,1
5327.71416077,5327.70743465,0.00000000,2275.95618924,0.18464638,142.12570996,0.01998479,0.01998476,37511,115,1
5327.84839476,5327.84951317,2282.14822020,2282.09703661,0.12966523,142.16528837,0.01998476,0.01998476,37510,115,0
5327.99392002,5327.99159928,0.00000000,2288.75995094,0.13523287,142.20740662,0.01998477,0.01998476,37509,115,1
5328.14172214,5328.13369297,0.00000000,2295.53324455,0.06310954,142.24934248,0.01998479,0.01998476,37508,115,1
5328.26927067,5328.27579424,0.00000000,2301.38330271,0.15610754,142.28484804,0.01998474,0.01998476,37507,115,1
5328.41417905,5328.41790309,0.00000000,2308.03512302,0.10007882,142.32441531,0.01998475,0.01998476,37506,115,1
5328.56427708,5328.56001953,0.00000000,2314.93140537,0.06399995,142.36453292,0.01998478,0.01998476,37505,115,1
5328.70302060,5328.70214356,2321.27291661,2321.31326718,0.27787917,142.40083819,0.01998477,0.01998476,37504,115,0
5328.84375701,5328.84427516,2327.81471556,2327.79085714,0.10159914,142.43688211,0.01998476,0.01998476,37503,115,0
5328.99458399,5328.98641436,0.00000000,2334.73728407,0.17417053,142.47463255,0.01998480,0.01998476,37502,115,1
5329.12760832,5329.12856114,2340.91544810,2340.87150429,0.05081149,142.50719256,0.01998476,0.01998477,37501,115,0
5329.27083622,5329.27071550,2347.47426242,2347.47983450,0.15766393,142.54145418,0.01998477,0.01998477,37500,115,0
5329.42106245,5329.41287745,0.00000000,2354.41900106,0.03173915,142.57652121,0.01998480,0.01998477,37499,115,1
5329.55441002,5329.55504699,2360.60976356,2360.58031078,0.13249136,142.60687606,0.01998476,0.01998477,37498,115,0
5329.70643829,5329.69722412,0.00000000,2367.61807169,0.15261093,142.64064973,0.01998480,0.01998477,37497,115,1
5329.84276799,5329.83940883,0.00000000,2373.93182546,0.07823454,142.67013288,0.01998478,0.01998477,37496,115,1
5329.98289537,5329.98160114,2380.36182046,2380.42184033,0.13033842,142.69963462,0.01998477,0.01998477,37495,115,0
5330.12123826,5330.12380103,0.00000000,2386.84519084,0.03947034,142.72803022,0.01998476,0.01998477,37494,115,1
5330.26835419,5330.26600851,0.00000000,2393.67643515,0.08204464,142.75735226,0.01998478,0.01998477,37493,115,1
5330.40842477,5330.40822359,2400.17448007,2400.18383589,0.11382113,142.78444375,0.01998477,0.01998477,37492,115,0
5330.55625946,5330.55044625,0.00000000,2407.06345846,0.02900806,142.81219298,0.01998479,0.01998477,37491,115,1
5330.69097362,5330.69267651,0.00000000,2413.33575203,0.16066450,142.83669362,0.01998476,0.01998477,37490,115,1
5330.84049948,5330.83491436,0.00000000,2420.30393727,0.12923001,142.86301896,0.01998479,0.01998477,37489,115,1
5330.97631651,5330.97715980,2426.67783650,2426.63848556,0.05918745,142.88613428,0.01998476,0.01998477,37488,115,0
5331.12278723,5331.11941283,0.00000000,2433.47709428,0.21085196,142.91021636,0.01998478,0.01998477,37487,115,1
5331.26256877,5331.26167346,2439.96586259,2440.00771437,0.16515854,142.93236811,0.01998477,0.01998477,37486,115,0
5331.40715452,5331.40394168,0.00000000,2446.77122616,0.10093821,142.95443879,0.01998478,0.01998477,37485,115,1
5331.54433308,5331.54621750,0.00000000,2453.19293335,0.11171113,142.97457382,0.01998476,0.01998477,37484,115,1
5331.67526321,5331.68850091,0.00000000,2459.32739175,0.19650287,142.99306195,0.01998472,0.01998477,37483,115,1
5331.83380684,5331.83079192,0.00000000,2466.76251509,0.04031077,143.01449255,0.01998478,0.01998477,37482,115,1
5331.97812734,5331.97309052,0.00000000,2473.53720899,0.18625298,143.03308681,0.01998479,0.01998477,37481,115,1
5332.12060188,5332.11539672,0.00000000,2480.23142285,0.16141072,143.05058655,0.01998479,0.01998477,37480,115,1
5332.26167925,5332.25771052,0.00000000,2486.86604999,0.21107087,143.06707361,0.01998478,0.01998477,37479,115,1
5332.39930059,5332.40003191,2493.38186877,2493.34741732,0.14615280,143.08235607,0.01998477,0.01998477,37478,115,0
5332.54420093,5332.54236091,0.00000000,2500.17076176,0.09307434,143.09756513,0.01998478,0.01998477,37477,115,1
5332.68316360,5332.68469750,2506.80395562,2506.73157064,0.08759818,143.11133804,0.01998476,0.01998477,37476,115,0
5332.82686363,5332.82704169,2513.52388413,2513.51547469,0.13254557,143.12470196,0.01998477,0.01998477,37475,115,0
5332.97494091,5332.96939348,0.00000000,2520.50246768,0.14370276,143.13753345,0.01998479,0.01998477,37474,115,1
5333.10151152,5333.11175287,0.00000000,2526.48767972,0.19122555,143.14777272,0.01998473,0.01998477,37473,115,1
5333.25207798,5333.25411986,0.00000000,2533.61404612,0.19250162,143.15905862,0.01998476,0.01998477,37472,115,1
5333.39879746,5333.39649446,0.00000000,2540.56509480,0.08051168,143.16911847,0.01998478,0.01998477,37471,115,1
5333.53657687,5333.53887665,0.00000000,2547.09868849,0.14895081,143.17772023,0.01998476,0.01998477,37470,115,1
5333.68477475,5333.68126645,0.00000000,2554.13294166,0.20555053,143.18605606,0.01998478,0.01998477,37469,115,1
5333.82579540,5333.82366385,0.00000000,2560.83290339,0.08308110,143.19310384,0.01998478,0.01998477,37468,115,1
5333.96517359,5333.96606885,2567.50733917,2567.46474888,0.18229819,143.19922298,0.01998477,0.01998477,37467,115,0
5334.11188866,5334.10848146,0.00000000,2574.44452235,0.12436518,143.20474225,0.01998478,0.01998477,37466,115,1
5334.25004769,5334.25090167,2581.07026575,2581.02956483,0.13074371,143.20908355,0.01998477,0.01998477,37465,115,0
5334.38495278,5334.39332949,0.00000000,2587.46033387,0.16581313,143.21251181,0.01998474,0.01998477,37464,115,1
5334.55435205,5334.53576491,0.00000000,2595.54676389,0.01840769,143.21568480,0.01998484,0.01998477,37463,115,1
5334.68340432,5334.67820794,0.00000000,2601.71332315,0.19445380,143.21725250,0.01998479,0.01998477,37462,115,1
5334.82346751,5334.82065857,0.00000000,2608.41204002,0.12032920,143.21812011,0.01998478,0.01998477,37461,115,1
5334.96919433,nan,0.00000000,2615.38829679,0.08554535,143.21809894,0.01998479,0.01998477,37460,115,1
5335.10293116,5335.10558266,0.00000000,2621.79656814,0.06481395,143.21724809,0.01998476,0.01998477,37459,115,1
5335.25177101,5335.24805612,0.00000000,2628.93530531,0.17687148,143.21536283,0.01998479,0.01998477,37458,115,1
5335.38143855,5335.39053718,0.00000000,2635.16032342,0.18239873,143.21291252,0.01998474,0.01998477,37457,115,1
5335.52616240,5335.53302586,0.00000000,2642.11459092,0.25783768,143.20928677,0.01998475,0.01998477,37456,115,1
5335.68208021,5335.67552214,0.00000000,2649.61436666,0.06255908,143.20432588,0.01998480,0.01998477,37455,115,1
5335.82337501,5335.81802604,0.00000000,2656.41760887,0.17043438,143.19888256,0.01998479,0.01998477,37454,115,1
5335.95547939,5335.96053754,0.00000000,2662.78424384,0.10001649,143.19297586,0.01998475,0.01998477,37453,115,1
5336.10408711,5336.10305666,2669.89518781,2669.94492577,0.16830105,143.18539364,0.01998478,0.01998477,37452,115,0
5336.25279526,5336.24558339,0.00000000,2677.13403329,0.21915964,143.17678145,0.01998480,0.01998477,37451,115,1
5336.38752369,5336.38811773,2683.66803750,2683.63930852,0.12889053,143.16812504,0.01998477,0.01998477,37450,115,0
5336.53826791,nan,0.00000000,2690.93966318,0.20218639,143.15743385,0.01998480,0.01998477,37449,115,1
5336.68027769,5336.67320925,0.00000000,2697.81740872,0.11631950,143.14641651,0.01998480,0.01998477,37448,115,1
5336.81802324,5336.81576643,0.00000000,2704.49504666,0.21337473,143.13484251,0.01998478,0.01998477,37447,115,1
5336.96206967,5336.95833122,0.00000000,2711.48491746,0.15270137,143.12180152,0.01998479,0.01998477,37446,115,1
5337.09691967,5337.10090363,0.00000000,2718.03482921,0.19651661,143.10872197,0.01998476,0.01998477,37445,115,1
5337.24199730,5337.24348365,0.00000000,2725.08833853,0.22336912,143.09370699,0.01998477,0.01998477,37444,115,1
5337.38987521,5337.38607129,0.00000000,2732.28529459,0.13538720,143.07739288,0.01998479,0.01998477,37443,115,1
5337.52492304,5337.52866655,0.00000000,2738.86429159,0.05690231,143.06160140,0.01998476,0.01998477,37442,115,1
5337.67530601,5337.67126942,0.00000000,2746.19763432,0.09082256,143.04301076,0.01998479,0.01998477,37441,115,1
5337.81067931,5337.81387991,0.00000000,2752.80561764,0.09404824,143.02536644,0.01998476,0.01998478,37440,115,1
5337.96011611,5337.95649802,0.00000000,2760.10734388,0.23895078,143.00488575,0.01998479,0.01998478,37439,115,1
5338.10026037,5338.09912375,2766.90857760,2766.96419408,0.07688061,142.98471241,0.01998478,0.01998478,37438,115,0
5338.24075452,5338.24175709,2773.89120543,2773.84210025,0.19532191,142.96356202,0.01998477,0.01998478,37437,115,0
5338.39397136,5338.38439806,0.00000000,2781.34962027,0.07792015,142.93942938,0.01998481,0.01998478,37436,115,1
5338.52428497,5338.52704664,0.00000000,2787.74266517,0.16086076,142.91801842,0.01998477,0.01998478,37435,115,1
5338.66758104,5338.66970285,0.00000000,2794.77940934,0.08844025,142.89353636,0.01998477,0.01998478,37434,115,1
5338.80935937,5338.81236667,0.00000000,2801.74864694,0.18350344,142.86834385,0.01998477,0.01998478,37433,115,1
5338.95734039,5338.95503812,0.00000000,2809.03025938,0.14413089,142.84101724,0.01998479,0.01998478,37432,115,1
5339.10261460,5339.09771719,0.00000000,2816.18613051,0.14288793,142.81316211,0.01998480,0.01998478,37431,115,1
5339.23632622,5339.24040388,0.00000000,2822.77900035,0.25855207,142.78662085,0.01998476,0.01998478,37430,115,1
5339.38325603,5339.38309820,2830.02891108,2830.03670623,0.07142750,142.75642986,0.01998478,0.01998478,37429,115,0
5339.52220414,5339.52580014,0.00000000,2836.89581208,0.11579885,142.72695957,0.01998476,0.01998478,37428,115,1
5339.68627510,5339.66850970,0.00000000,2845.01079055,0.27240918,142.69091706,0.01998484,0.01998478,37427,115,1
5339.79904651,5339.81122689,0.00000000,2850.59403153,0.17388339,142.66537891,0.01998473,0.01998478,37426,115,1
5339.94557644,5339.95395170,0.00000000,2857.85540724,0.07699556,142.63126208,0.01998475,0.01998478,37425,115,1
5340.09485622,5340.09668414,0.00000000,2865.26094874,0.05706586,142.59541671,0.01998477,0.01998478,37424,115,1
nan,nan,0.00000000,-1.00000000,0.00000000,142.56187492,nan,0.00000000,-2147483648,115,1
5340.38018388,5340.38217190,0.00000000,2879.43788298,0.13344052,142.52383454,0.01998477,0.01998478,37422,115,1
5340.52827878,5340.52492722,0.00000000,2886.80777619,0.23267896,142.48508598,0.01998479,0.01998478,37421,115,1
5340.67397792,5340.66769017,0.00000000,2894.06619894,0.15388045,142.44589626,0.01998480,0.01998478,37420,115,1
5340.80520393,5340.81046074,0.00000000,2900.61020337,0.25470029,142.40969008,0.01998476,0.01998478,37419,115,1
5340.95168075,5340.95323895,0.00000000,2907.92215307,0.10811829,142.36825508,0.01998477,0.01998478,37418,115,1
5341.10561835,5341.09602478,0.00000000,2915.61499280,0.19629338,142.32354528,0.01998482,0.01998478,37417,115,1
5341.23885309,5341.23881824,2922.28673628,2922.28848019,0.16167327,142.28383267,0.01998478,0.01998478,37416,115,0
5341.38660879,5341.38161933,0.00000000,2929.67958759,0.04562863,142.23884445,0.01998480,0.01998478,37415,115,1
5341.51888249,5341.52442806,0.00000000,2936.31045193,0.13234219,142.19758472,0.01998476,0.01998478,37414,115,1
5341.65316816,5341.66724441,0.00000000,2943.04880627,0.21183003,142.15478523,0.01998473,0.01998478,37413,115,1
5341.81055038,5341.81006840,2950.93758332,2950.96180795,0.20130026,142.10340413,0.01998478,0.01998478,37412,115,0
5341.95703155,5341.95290002,0.00000000,2958.32121329,0.22408758,142.05453133,0.01998480,0.01998478,37411,115,1
5342.11257159,5342.09573928,0.00000000,2966.15212898,0.32231582,142.00137773,0.01998484,0.01998478,37410,115,1
5342.22969796,5342.23858616,0.00000000,2972.05504109,0.08001194,141.96052739,0.01998475,0.01998478,37409,115,1
5342.38487031,5342.38144068,0.00000000,2979.88334496,0.08937617,141.90531408,0.01998479,0.01998478,37408,115,1
5342.52846621,5342.52430284,0.00000000,2987.13573267,0.06883924,141.85310616,0.01998480,0.01998478,37407,115,1
5342.67150255,5342.66717263,0.00000000,2994.36763210,0.08658718,141.80003394,0.01998480,0.01998478,37406,115,1
5342.80571469,5342.81005005,0.00000000,3001.16045819,0.18254565,141.74926383,0.01998477,0.01998478,37405,115,1
5342.95905224,5342.95293512,0.00000000,3008.92968493,0.26386506,141.69010352,0.01998480,0.01998478,37404,115,1
5343.09805522,5343.09582781,0.00000000,3015.98039555,0.17809605,141.63540562,0.01998479,0.01998478,37403,115,1
5343.24187756,5343.23872815,0.00000000,3023.28337559,0.06677741,141.57773869,0.01998479,0.01998478,37402,115,1
nan,nan,0.00000000,-1.00000000,0.00000000,141.51568677,nan,0.00000000,-2147483648,115,1
5343.52006870,5343.52455173,0.00000000,3037.43195759,0.12534149,141.46308700,0.01998477,0.01998478,37400,115,1
5343.67014251,5343.66747498,0.00000000,3045.07704998,0.27070070,141.39952786,0.01998479,0.01998478,37399,115,1
5343.81003043,5343.81040587,3052.23549104,3052.21633097,0.13604185,141.33915554,0.01998478,0.01998478,37398,115,0
5343.96391721,5343.95334440,0.00000000,3060.06800000,0.12436343,141.27162357,0.01998482,0.01998478,37397,115,1
5344.09121374,5344.09629057,0.00000000,3066.57427480,0.24156522,141.21476228,0.01998476,0.01998478,37396,115,1
5344.24866021,5344.23924438,0.00000000,3074.63036650,0.14098123,141.14322509,0.01998482,0.01998478,37395,115,1
5344.24866021,5344.23924438,0.00000000,3074.63036650,0.14098123,141.14322509,0.01998482,0.01998478,37395,115,1
5344.38239832,5344.38220583,3081.48315365,3081.49302097,0.17912492,141.08129832,0.01998478,0.01998478,37394,115,0
nan,nan,0.00000000,-1.00000000,0.00000000,141.00327314,nan,0.00000000,-2147483648,115,1
nan,nan,0.00000000,-1.00000000,0.00000000,140.95676268,nan,0.00000000,-2147483648,115,1
nan,nan,0.00000000,-1.00000000,0.00000000,140.91920736,nan,0.00000000,-2147483648,115,1
5344.79813034,5344.81113604,0.00000000,3102.82210717,0.38026739,140.88303414,0.01998473,0.01998478,37391,115,1
5344.95848034,5344.95412806,0.00000000,3111.07189849,0.19710823,140.80399682,0.01998480,0.01998478,37390,115,1
5345.09972035,5345.09712773,0.00000000,3118.34705583,0.07563682,140.73320890,0.01998479,0.01998478,37389,115,1
5345.23424683,5345.24013504,0.00000000,3125.28387727,0.08595094,140.66476344,0.01998476,0.01998478,37388,115,1
5345.37691086,5345.38314999,0.00000000,3132.64830078,0.24304318,140.59108456,0.01998476,0.01998478,37387,115,1
5345.52012345,5345.52617259,0.00000000,3140.04934328,0.09139019,140.51598713,0.01998476,0.01998478,37386,115,1
5345.66879203,5345.66920284,3147.76974543,3147.74847751,0.16928619,140.43674580,0.01998478,0.01998478,37385,115,0
5345.82313507,5345.81224073,0.00000000,3155.73614300,0.19236476,140.35332885,0.01998483,0.01998478,37384,115,1
5345.94987956,5345.95528627,0.00000000,3162.30880760,0.19682880,140.28376815,0.01998476,0.01998478,37383,115,1
5346.09920372,5346.09833946,3170.02430288,3170.06919657,0.18108693,140.20056722,0.01998479,0.01998478,37382,115,0
5346.24439630,5346.24140030,0.00000000,3177.60728333,0.04936341,140.11864035,0.01998480,0.01998478,37381,115,1
5346.38407769,5346.38446878,3184.90371354,3184.88335294,0.06406809,140.03852456,0.01998478,0.01998479,37380,115,0
5346.52242621,5346.52754491,0.00000000,3192.08232397,0.13593312,139.95825574,0.01998477,0.01998479,37379,115,1
5346.67311480,5346.67062870,0.00000000,3199.94106387,0.21841382,139.86949289,0.01998480,0.01998479,37378,115,1
5346.80880904,5346.81372013,0.00000000,3207.02594788,0.19996350,139.78845301,0.01998477,0.01998479,37377,115,1
5346.96116632,5346.95681921,0.00000000,3214.99006131,0.09998410,139.69620447,0.01998480,0.01998479,37376,115,1
5347.09011886,5347.09992595,0.00000000,3221.73839263,0.00547476,139.61708454,0.01998475,0.01998479,37375,115,1
5347.24326618,5347.24304034,3229.75867772,3229.77051723,0.01612554,139.52177265,0.01998479,0.01998479,37374,115,0
5347.38863502,5347.38616238,0.00000000,3237.38733104,0.13993247,139.43024438,0.01998480,0.01998479,37373,115,1
5347.52981322,5347.52929207,3244.78166094,3244.80904260,0.14362555,139.33998905,0.01998479,0.01998479,37372,115,0
5347.66899170,5347.67242941,0.00000000,3252.11887324,0.20675695,139.25006070,0.01998477,0.01998479,37371,115,1
5347.81669500,5347.81557441,3259.84029360,3259.89930607,0.42829059,139.15321615,0.01998479,0.01998479,37370,115,0
5347.81669500,5347.81557441,3259.84029360,3259.89930607,0.42829059,139.15321615,0.01998479,0.01998479,37370,115,0
5347.96583422,5347.95872707,0.00000000,3267.75343736,0.17654448,139.05427618,0.01998481,0.01998479,37369,115,1
5348.10573036,5348.10188737,0.00000000,3275.13489291,0.18863584,138.96021192,0.01998480,0.01998479,37368,115,1
5348.23923957,5348.24505534,0.00000000,3282.18726558,0.02893393,138.86936516,0.01998477,0.01998479,37367,115,1
5348.38498066,5348.38823096,0.00000000,3289.89462254,0.31481771,138.76899048,0.01998478,0.01998479,37366,115,1
5348.53202978,5348.53141423,3297.65169785,3297.68430956,0.21831114,138.66638657,0.01998479,0.01998479,37365,115,0
5348.68019398,nan,0.00000000,3305.53512248,0.10459886,138.56180093,0.01998481,0.01998479,37364,115,1
5348.82369654,5348.81780376,0.00000000,3313.15177260,0.04078905,138.45920615,0.01998481,0.01998479,37363,115,1
5348.96936305,5348.96101001,0.00000000,3320.89258222,0.04317627,138.35380045,0.01998482,0.01998479,37362,115,1
nan,nan,0.00000000,-1.00000000,0.00000000,138.24217247,nan,0.00000000,-2147483648,115,1
5349.24864041,5349.24744548,3335.69954043,3335.76322275,0.18612120,138.14808951,0.01998479,0.01998479,37360,115,0
5349.39968487,5349.39067471,0.00000000,3343.81523524,0.17467588,138.03493668,0.01998482,0.01998479,37359,115,1
5349.55261345,5349.53391159,0.00000000,3351.98147663,0.15815527,137.91891156,0.01998486,0.01998479,37358,115,1
5349.68439283,5349.67715614,0.00000000,3359.02681243,0.10836221,137.81778715,0.01998482,0.01998479,37357,115,1
5349.82463876,5349.82040835,0.00000000,3366.53341172,0.22581426,137.70899758,0.01998481,0.01998479,37356,115,1
5349.96272640,5349.96366822,3373.98531838,3373.93481500,0.20390046,137.60067782,0.01998479,0.01998479,37355,115,0
nan,nan,0.00000000,-1.00000000,0.00000000,137.48145152,nan,0.00000000,-2147483648,115,1
5350.25590714,5350.25021094,0.00000000,3389.67285125,0.08395637,137.36687139,0.01998481,0.01998479,37353,115,1
5350.38778695,5350.39349380,0.00000000,3396.76575773,0.19972260,137.25995139,0.01998477,0.01998479,37352,115,1
5350.53771512,5350.53678432,3404.79526670,3404.84542763,0.12129804,137.13698621,0.01998479,0.01998479,37351,115,0
5350.67059716,nan,0.00000000,3412.00317640,0.11725780,137.02701076,0.01998475,0.01998479,37350,115,1
5350.82770335,5350.82338836,0.00000000,3420.48383296,0.21830471,136.89544389,0.01998481,0.01998479,37349,115,1
nan,nan,0.00000000,-1.00000000,0.00000000,136.76194531,nan,0.00000000,-2147483648,115,1
5351.12047244,5351.11002306,0.00000000,3436.31830485,0.16684219,136.64611921,0.01998483,0.01998479,37347,115,1
nan,nan,0.00000000,-1.00000000,0.00000000,136.52344328,nan,0.00000000,-2147483648,115,1
5351.40462231,5351.39668842,0.00000000,3451.72503441,0.24031637,136.39894093,0.01998482,0.01998479,37345,115,1
5351.54415155,5351.54003260,0.00000000,3459.30431668,0.07019386,136.27568248,0.01998481,0.01998479,37344,115,1
5351.68426946,5351.68338445,3466.88625731,3466.93442194,0.09681762,136.15049221,0.01998480,0.01998479,37343,115,0
nan,nan,0.00000000,-1.00000000,0.00000000,135.98364624,nan,0.00000000,-2147483648,115,1
5351.97194252,5351.97011116,0.00000000,3482.59977577,0.10549661,135.88999000,0.01998480,0.01998479,37341,115,1
5352.12337575,5352.11348602,0.00000000,3490.86709270,0.22662385,135.75062832,0.01998483,0.01998479,37340,115,1
nan,nan,0.00000000,-1.00000000,0.00000000,135.59516387,nan,0.00000000,-2147483648,115,1
5352.40989795,5352.40025874,0.00000000,3506.53968320,0.17699018,135.48286789,0.01998483,0.01998479,37338,115,1
5352.54348493,5352.54365661,3513.88498474,3513.87556988,0.17544983,135.35593238,0.01998479,0.01998479,37337,115,0
5352.69584174,nan,0.00000000,3522.22035841,0.09917095,135.21029609,0.01998483,0.01998479,37336,115,1
5352.85310404,5352.83047537,0.00000000,3530.86138304,0.19869464,135.05809560,0.01998488,0.01998479,37335,115,1
5352.98033333,5352.97389625,0.00000000,3537.86108415,0.02771082,134.93376534,0.01998482,0.01998479,37334,115,1
5353.10798750,5353.11732481,0.00000000,3544.89217980,0.30623009,134.80794102,0.01998476,0.01998479,37333,115,1
5353.26148477,5353.26076105,3553.32571331,3553.36563547,0.06776746,134.65505845,0.01998480,0.01998479,37332,115,0
nan,nan,0.00000000,-1.00000000,0.00000000,134.53440697,nan,0.00000000,-2147483648,115,1
5353.57254232,5353.54765654,0.00000000,3570.54776046,0.15133261,134.34086865,0.01998489,0.01998479,37330,115,1
5353.69203181,5353.69111579,3577.11268198,3577.16342170,0.22954634,134.21840322,0.01998480,0.01998479,37329,115,0
5353.69203181,5353.69111579,3577.11268198,3577.16342170,0.22954634,134.21840322,0.01998480,0.01998479,37329,115,0
5353.83138149,5353.83458273,0.00000000,3584.88927030,0.16174247,134.07433681,0.01998478,0.01998479,37328,115,1
5353.97608493,5353.97805734,0.00000000,3592.92157574,0.23555801,133.92335695,0.01998479,0.01998479,37327,115,1
5354.12572461,5354.12153962,0.00000000,3601.23904328,0.31586050,133.76572951,0.01998481,0.01998479,37326,115,1
5354.28209305,nan,0.00000000,3609.94268975,0.15151909,133.59938140,0.01998486,0.01998479,37325,115,1
5354.41407158,5354.40852723,0.00000000,3617.29848613,0.15537089,133.45767648,0.01998482,0.01998479,37324,115,1
5354.56217277,5354.55203255,0.00000000,3625.56351328,0.23293853,133.29723489,0.01998483,0.01998479,37323,115,1
5354.69589498,5354.69554555,3633.01170968,3633.03124228,0.26707082,133.15115994,0.01998480,0.01998479,37322,115,0
5354.83534835,5354.83906623,0.00000000,3640.83818850,0.03897466,132.99732281,0.01998478,0.01998479,37321,115,1
5354.83534835,5354.83906623,0.00000000,3640.83818850,0.03897466,132.99732281,0.01998478,0.01998479,37321,115,1
5354.98343631,5354.98259459,3649.08111598,3649.12831129,0.13285391,132.83270415,0.01998480,0.01998480,37320,115,0
nan,nan,0.00000000,-1.00000000,0.00000000,132.69526791,nan,0.00000000,-2147483648,115,1
5355.26495088,5355.26967435,0.00000000,3664.93796933,0.17109218,132.51517167,0.01998478,0.01998480,37318,115,1
5355.39015671,5355.41322575,0.00000000,3671.97994123,0.05163082,132.37221733,0.01998471,0.01998480,37317,115,1
5355.56926817,5355.55678483,0.00000000,3682.06811085,0.16726680,132.16579457,0.01998484,0.01998480,37316,115,1
nan,nan,0.00000000,-1.00000000,0.00000000,132.06418064,nan,0.00000000,-2147483648,115,1
nan,nan,0.00000000,-1.00000000,0.00000000,132.02284310,nan,0.00000000,-2147483648,115,1
5355.82174026,5355.84392605,0.00000000,3696.31709166,0.19110096,131.87096552,0.01998471,0.01998480,37314,115,1
5355.82174026,5355.84392605,0.00000000,3696.31709166,0.19110096,131.87096552,0.01998471,0.01998480,37314,115,1
nan,nan,0.00000000,-1.00000000,0.00000000,131.64741422,nan,0.00000000,-2147483648,115,1
nan,nan,0.00000000,-1.00000000,0.00000000,131.58424957,nan,0.00000000,-2147483648,115,1
5356.15493325,nan,0.00000000,3715.17390366,0.09301801,131.47491561,0.01998489,0.01998480,37312,115,1
5356.26991120,5356.27469551,0.00000000,3721.69485131,0.30196091,131.33639866,0.01998478,0.01998480,37311,115,1
5356.41572135,5356.41830069,0.00000000,3729.97472312,0.15583780,131.15936632,0.01998479,0.01998480,37310,115,1
5356.58019391,5356.56191357,0.00000000,3739.32820205,0.07968224,130.95782859,0.01998487,0.01998480,37309,115,1
5356.70352842,5356.70553413,0.00000000,3746.35185872,0.10983088,130.80541024,0.01998479,0.01998480,37308,115,1
nan,nan,0.00000000,-1.00000000,0.00000000,130.70403267,nan,0.00000000,-2147483648,115,1
nan,nan,0.00000000,-1.00000000,0.00000000,130.61646644,nan,0.00000000,-2147483648,115,1
5356.97884360,5356.99279831,0.00000000,3762.06060570,0.03027917,130.46116567,0.01998475,0.01998480,37306,115,1
5357.12954543,5357.13644193,0.00000000,3770.67694562,0.04409970,130.27037834,0.01998477,0.01998480,37305,115,1
5357.29759701,5357.28009325,0.00000000,3780.30010489,0.52507025,130.05565119,0.01998486,0.01998480,37304,115,1
5357.41313683,5357.42375225,0.00000000,3786.92540028,0.18848826,129.90680787,0.01998476,0.01998480,37303,115,1
5357.41313683,5357.42375225,0.00000000,3786.92540028,0.18848826,129.90680787,0.01998476,0.01998480,37303,115,1
5357.56944474,5357.56741894,0.00000000,3795.90030647,0.10308054,129.70386642,0.01998481,0.01998480,37302,115,1
5357.72475678,5357.71109332,0.00000000,3804.83162320,0.28023266,129.50041273,0.01998485,0.01998480,37301,115,1
5357.72475678,5357.71109332,0.00000000,3804.83162320,0.28023266,129.50041273,0.01998485,0.01998480,37301,115,1
5357.84765876,5357.85477539,0.00000000,3811.90882283,0.44579282,129.33813486,0.01998477,0.01998480,37300,115,1
nan,nan,0.00000000,-1.00000000,0.00000000,129.17459635,nan,0.00000000,-2147483648,115,1
nan,nan,0.00000000,-1.00000000,0.00000000,129.05871961,nan,0.00000000,-2147483648,115,1
nan,nan,0.00000000,-1.00000000,0.00000000,128.87234442,nan,0.00000000,-2147483648,115,1
5358.28540225,5358.28586775,3837.22189751,3837.19496619,0.17979706,128.75067714,0.01998480,0.01998480,37297,115,0
5358.41330940,5358.42958058,0.00000000,3844.59208330,0.02319794,128.57656475,0.01998474,0.01998480,37296,115,1
5358.58629933,5358.57330112,0.00000000,3854.62408869,0.20270524,128.33879990,0.01998485,0.01998480,37295,115,1
5358.58629933,5358.57330112,0.00000000,3854.62408869,0.20270524,128.33879990,0.01998485,0.01998480,37295,115,1
5358.70679764,5358.71702934,0.00000000,3861.62224179,0.22962685,128.17182687,0.01998476,0.01998480,37294,115,1
5358.70679764,5358.71702934,0.00000000,3861.62224179,0.22962685,128.17182687,0.01998476,0.01998480,37294,115,1
5358.85961028,5358.86076526,0.00000000,3870.50924666,0.13653610,127.95846967,0.01998480,0.01998480,37293,115,1
5358.85961028,5358.86076526,0.00000000,3870.50924666,0.13653610,127.95846967,0.01998480,0.01998480,37293,115,1
5359.00432614,5359.00450887,3878.94680702,3878.93615827,0.16940962,127.75479787,0.01998480,0.01998480,37292,115,0
5359.00432614,5359.00450887,3878.94680702,3878.93615827,0.16940962,127.75479787,0.01998480,0.01998480,37292,115,0
5359.12366148,5359.14826018,0.00000000,3885.89763645,0.34756358,127.58554610,0.01998471,0.01998480,37291,115,1
5359.12366148,5359.14826018,0.00000000,3885.89763645,0.34756358,127.58554610,0.01998471,0.01998480,37291,115,1
5359.30194951,5359.29201919,0.00000000,3896.31110389,0.02726045,127.33068216,0.01998484,0.01998480,37290,115,1
5359.30194951,5359.29201919,0.00000000,3896.31110389,0.02726045,127.33068216,0.01998484,0.01998480,37290,115,1
nan,nan,0.00000000,-1.00000000,0.00000000,127.23991410,nan,0.00000000,-2147483648,115,1
nan,nan,0.00000000,-1.00000000,0.00000000,127.11648104,nan,0.00000000,-2147483648,115,1
nan,nan,0.00000000,-1.00000000,0.00000000,127.06697756,nan,0.00000000,-2147483648,115,1
5359.56801920,5359.57956029,0.00000000,3911.88674913,0.11208619,126.94570896,0.01998476,0.01998480,37288,115,1
5359.56801920,5359.57956029,0.00000000,3911.88674913,0.11208619,126.94570896,0.01998476,0.01998480,37288,115,1
nan,nan,0.00000000,-1.00000000,0.00000000,126.79337841,nan,0.00000000,-2147483648,115,1
nan,nan,0.00000000,-1.00000000,0.00000000,126.74339137,nan,0.00000000,-2147483648,115,1
nan,nan,0.00000000,-1.00000000,0.00000000,126.51752968,nan,0.00000000,-2147483648,115,1
nan,nan,0.00000000,-1.00000000,0.00000000,126.31550037,nan,0.00000000,-2147483648,115,1
5360.15264188,5360.15473486,0.00000000,3946.25925900,0.19753547,126.08018651,0.01998479,0.01998480,37284,115,1
5360.15264188,5360.15473486,0.00000000,3946.25925900,0.19753547,126.08018651,0.01998479,0.01998480,37284,115,1
5360.29392056,5360.29854775,0.00000000,3954.59665950,0.21581146,125.86693937,0.01998478,0.01998480,37283,115,1
nan,nan,0.00000000,-1.00000000,0.00000000,125.67650215,nan,0.00000000,-2147483648,115,1
nan,nan,0.00000000,-1.00000000,0.00000000,125.59904340,nan,0.00000000,-2147483648,115,1
5360.58625756,5360.58619664,3971.89202726,3971.89563809,0.23065678,125.42036861,0.01998480,0.01998480,37281,115,0
5360.74003037,nan,0.00000000,3981.00353513,0.32104144,125.18302133,0.01998484,0.01998480,37280,115,1
nan,nan,0.00000000,-1.00000000,0.00000000,125.05216352,nan,0.00000000,-2147483648,115,1
nan,nan,0.00000000,-1.00000000,0.00000000,124.99965387,nan,0.00000000,-2147483648,115,1
nan,nan,0.00000000,-1.00000000,0.00000000,124.94707019,nan,0.00000000,-2147483648,115,1
nan,nan,0.00000000,-1.00000000,0.00000000,124.89441251,nan,0.00000000,-2147483648,115,1
5361.01045391,5361.01772772,0.00000000,3997.07074566,0.00601540,124.76057403,0.01998478,0.01998480,37278,115,1
5361.01045391,5361.01772772,0.00000000,3997.07074566,0.00601540,124.76057403,0.01998478,0.01998480,37278,115,1
5361.15800593,5361.16158682,0.00000000,4005.85676990,0.35151017,124.52754796,0.01998479,0.01998480,37277,115,1
5361.15800593,5361.16158682,0.00000000,4005.85676990,0.35151017,124.52754796,0.01998479,0.01998480,37277,115,1
nan,nan,0.00000000,-1.00000000,0.00000000,124.41716464,nan,0.00000000,-2147483648,115,1
nan,nan,0.00000000,-1.00000000,0.00000000,124.33704111,nan,0.00000000,-2147483648,115,1
5361.43598469,5361.44932813,0.00000000,4022.44623190,0.19172880,124.08366687,0.01998475,0.01998480,37275,115,1
5361.43598469,5361.44932813,0.00000000,4022.44623190,0.19172880,124.08366687,0.01998475,0.01998480,37275,115,1
5361.58845546,5361.59321034,0.00000000,4031.56625285,0.16791958,123.83747960,0.01998479,0.01998480,37274,115,1
5361.58845546,5361.59321034,0.00000000,4031.56625285,0.16791958,123.83747960,0.01998479,0.01998480,37274,115,1
5361.72665618,5361.73710025,0.00000000,4039.84548077,0.02261187,123.61266001,0.01998476,0.01998480,37273,115,1
5361.90916419,5361.88099788,0.00000000,4050.79773758,0.19926601,123.31331363,0.01998491,0.01998480,37272,115,1
5362.01424500,5362.02490320,0.00000000,4057.11330811,0.20596232,123.13969216,0.01998476,0.01998480,37271,115,1
nan,nan,0.00000000,-1.00000000,0.00000000,123.00484797,nan,0.00000000,-2147483648,115,1
nan,nan,0.00000000,-1.00000000,0.00000000,122.92184769,nan,0.00000000,-2147483648,115,1
nan,nan,0.00000000,-1.00000000,0.00000000,122.83868178,nan,0.00000000,-2147483648,115,1
nan,nan,0.00000000,-1.00000000,0.00000000,122.69970393,nan,0.00000000,-2147483648,115,1
nan,nan,0.00000000,-1.00000000,0.00000000,122.64398403,nan,0.00000000,-2147483648,115,1
nan,nan,0.00000000,-1.00000000,0.00000000,122.58819056,nan,0.00000000,-2147483648,115,1
5362.46514794,5362.45666542,0.00000000,4084.29459429,0.22818256,122.38407194,0.01998484,0.01998480,37268,115,1
nan,nan,0.00000000,-1.00000000,0.00000000,122.16739585,nan,0.00000000,-2147483648,115,1
nan,nan,0.00000000,-1.00000000,0.00000000,122.11097753,nan,0.00000000,-2147483648,115,1
5328.74246956,5328.70214356,0.00000000,428.00000000,nan,134.14203897,0.01998492,0.01998476,37504,114,1
nan,nan,0.00000000,-1.00000000,0.00000000,134.60063402,nan,0.00000000,-2147483648,114,1
nan,nan,0.00000000,-1.00000000,0.00000000,134.72530911,nan,0.00000000,-2147483648,114,1
nan,nan,0.00000000,-1.00000000,0.00000000,134.80833148,nan,0.00000000,-2147483648,114,1
nan,nan,0.00000000,-1.00000000,0.00000000,134.93272349,nan,0.00000000,-2147483648,114,1
5329.52360022,5329.41287745,0.00000000,456.58468501,0.28159518,135.32900455,0.01998518,0.01998477,37499,114,1
5329.52360022,nan,0.00000000,456.58468501,0.28159518,135.32900455,0.01998518,0.01998477,37499,114,1
nan,nan,0.00000000,-1.00000000,0.00000000,135.55213535,nan,0.00000000,-2147483648,114,1
nan,nan,0.00000000,-1.00000000,0.00000000,135.67550803,nan,0.00000000,-2147483648,114,1
5329.76398862,nan,0.00000000,465.39840702,0.76947361,135.69187943,0.01998502,0.01998477,37497,114,1
nan,nan,0.00000000,-1.00000000,0.00000000,136.08552308,nan,0.00000000,-2147483648,114,1
5330.28345973,5330.26600851,0.00000000,484.47198093,0.07594054,136.47214721,0.01998483,0.01998477,37493,114,1
5330.28345973,5330.26600851,0.00000000,484.47198093,0.07594054,136.47214721,0.01998483,0.01998477,37493,114,1
5330.39722171,5330.40822359,0.00000000,488.65403604,0.41712972,136.64230974,0.01998473,0.01998477,37492,114,1
nan,nan,0.00000000,-1.00000000,0.00000000,136.85934923,nan,0.00000000,-2147483648,114,1
nan,nan,0.00000000,-1.00000000,0.00000000,136.98090903,nan,0.00000000,-2147483648,114,1
5330.69708381,5330.69267651,0.00000000,499.68608203,0.24755463,137.08960465,0.01998478,0.01998477,37490,114,1
5330.69708381,5330.69267651,0.00000000,499.68608203,0.24755463,137.08960465,0.01998478,0.01998477,37490,114,1
nan,nan,0.00000000,-1.00000000,0.00000000,137.38488051,nan,0.00000000,-2147483648,114,1
nan,nan,0.00000000,-1.00000000,0.00000000,137.50570357,nan,0.00000000,-2147483648,114,1
nan,nan,0.00000000,-1.00000000,0.00000000,137.66653646,nan,0.00000000,-2147483648,114,1
5331.25419792,5331.26167346,0.00000000,520.21608366,0.13374721,137.91587419,0.01998474,0.01998477,37486,114,1
nan,nan,0.00000000,-1.00000000,0.00000000,138.10726804,nan,0.00000000,-2147483648,114,1
nan,nan,0.00000000,-1.00000000,0.00000000,138.18715539,nan,0.00000000,-2147483648,114,1
5331.56083056,5331.54621750,0.00000000,531.53439053,0.03361164,138.36799564,0.01998482,0.01998477,37484,114,1
5331.56083056,5331.54621750,0.00000000,531.53439053,0.03361164,138.36799564,0.01998482,0.01998477,37484,114,1
nan,nan,0.00000000,-1.00000000,0.00000000,138.98187080,nan,0.00000000,-2147483648,114,1
nan,nan,0.00000000,-1.00000000,0.00000000,139.10042596,nan,0.00000000,-2147483648,114,1
nan,nan,0.00000000,-1.00000000,0.00000000,139.25823483,nan,0.00000000,-2147483648,114,1
nan,nan,0.00000000,-1.00000000,0.00000000,139.37639295,nan,0.00000000,-2147483648,114,1
nan,nan,0.00000000,-1.00000000,0.00000000,139.45507050,nan,0.00000000,-2147483648,114,1
5332.39776461,5332.40003191,0.00000000,562.49504960,0.08593070,139.59237990,0.01998476,0.01998477,37478,114,1
5332.56032307,5332.54236091,0.00000000,568.52018566,0.02486039,139.82854602,0.01998484,0.01998477,37477,114,1
nan,nan,0.00000000,-1.00000000,0.00000000,140.04274115,nan,0.00000000,-2147483648,114,1
nan,nan,0.00000000,-1.00000000,0.00000000,140.19873468,nan,0.00000000,-2147483648,114,1
nan,nan,0.00000000,-1.00000000,0.00000000,140.43215755,nan,0.00000000,-2147483648,114,1
nan,nan,0.00000000,-1.00000000,0.00000000,140.62615644,nan,0.00000000,-2147483648,114,1
nan,nan,0.00000000,-1.00000000,0.00000000,141.01273540,nan,0.00000000,-2147483648,114,1
nan,nan,0.00000000,-1.00000000,0.00000000,141.12834016,nan,0.00000000,-2147483648,114,1
nan,nan,0.00000000,-1.00000000,0.00000000,141.20531539,nan,0.00000000,-2147483648,114,1
nan,nan,0.00000000,-1.00000000,0.00000000,141.47413268,nan,0.00000000,-2147483648,114,1
nan,nan,0.00000000,-1.00000000,0.00000000,141.62732625,nan,0.00000000,-2147483648,114,1
nan,nan,0.00000000,-1.00000000,0.00000000,141.70380949,nan,0.00000000,-2147483648,114,1
nan,nan,0.00000000,-1.00000000,0.00000000,141.78021703,nan,0.00000000,-2147483648,114,1
5334.09766385,5334.10848146,0.00000000,625.68973078,0.09312214,142.03523985,0.01998473,0.01998477,37466,114,1
nan,nan,0.00000000,-1.00000000,0.00000000,142.23707242,nan,0.00000000,-2147483648,114,1
nan,nan,0.00000000,-1.00000000,0.00000000,142.46447797,nan,0.00000000,-2147483648,114,1
nan,nan,0.00000000,-1.00000000,0.00000000,142.54012837,nan,0.00000000,-2147483648,114,1
nan,nan,0.00000000,-1.00000000,0.00000000,142.69120201,nan,0.00000000,-2147483648,114,1
5334.81792890,5334.82065857,0.00000000,652.59318828,0.09800714,143.05228700,0.01998476,0.01998477,37461,114,1
nan,nan,0.00000000,-1.00000000,0.00000000,143.29246715,nan,0.00000000,-2147483648,114,1
5335.09464218,5335.10558266,0.00000000,662.94939325,0.28812829,143.44013573,0.01998473,0.01998477,37459,114,1
5335.25069161,5335.24805612,0.00000000,668.79467175,0.00853918,143.65814968,0.01998478,0.01998477,37458,114,1
nan,nan,0.00000000,-1.00000000,0.00000000,143.85175039,nan,0.00000000,-2147483648,114,1
5335.52397192,5335.53302586,0.00000000,679.03989938,0.02949874,144.03870934,0.01998474,0.01998477,37456,114,1
5335.66400220,5335.67552214,0.00000000,684.29392554,0.59604279,144.23309922,0.01998473,0.01998477,37455,114,1
nan,nan,0.00000000,-1.00000000,0.00000000,144.40677186,nan,0.00000000,-2147483648,114,1
nan,nan,0.00000000,-1.00000000,0.00000000,144.81107848,nan,0.00000000,-2147483648,114,1
nan,nan,0.00000000,-1.00000000,0.00000000,145.03064302,nan,0.00000000,-2147483648,114,1
5336.24224352,5336.24558339,0.00000000,706.02102661,0.01045159,145.03141127,0.01998476,0.01998477,37451,114,1
nan,nan,0.00000000,-1.00000000,0.00000000,145.32233453,nan,0.00000000,-2147483648,114,1
5336.67162886,5336.67320925,722.24428562,722.18473351,0.10017414,145.61950642,0.01998477,0.01998477,37448,114,0
5336.67162886,5336.67320925,722.24428562,722.18473351,0.10017414,145.61950642,0.01998477,0.01998477,37448,114,0
5336.80734564,5336.81576643,0.00000000,727.30310248,0.37641936,145.80469923,0.01998474,0.01998477,37447,114,1
5336.80734564,5336.81576643,0.00000000,727.30310248,0.37641936,145.80469923,0.01998474,0.01998477,37447,114,1
5336.96076866,5336.95833122,0.00000000,733.08945432,0.23716366,146.01346296,0.01998478,0.01998477,37446,114,1
5336.96076866,5336.95833122,0.00000000,733.08945432,0.23716366,146.01346296,0.01998478,0.01998477,37446,114,1
nan,nan,0.00000000,-1.00000000,0.00000000,146.22605213,nan,0.00000000,-2147483648,114,1
5337.24915823,5337.24348365,0.00000000,743.97576735,0.08387119,146.40450592,0.01998480,0.01998477,37444,114,1
5337.38002410,5337.38607129,0.00000000,748.91996057,0.17546574,146.58136236,0.01998475,0.01998477,37443,114,1
5337.38002410,5337.38607129,0.00000000,748.91996057,0.17546574,146.58136236,0.01998475,0.01998477,37443,114,1
5337.38002410,5337.38607129,0.00000000,748.91996057,0.17546574,146.58136236,0.01998475,0.01998477,37443,114,1
5337.66977345,5337.67126942,759.92251654,759.86592446,0.21836928,146.97125630,0.01998477,0.01998477,37441,114,0
5337.66977345,5337.67126942,759.92251654,759.86592446,0.21836928,146.97125630,0.01998477,0.01998477,37441,114,0
5337.83765523,nan,0.00000000,766.23017030,0.17001774,147.19690539,0.01998486,0.01998478,37440,114,1
5337.83765523,5337.81387991,0.00000000,766.23017030,0.17001774,147.19690539,0.01998486,0.01998478,37440,114,1
5338.09495946,5338.09912375,0.00000000,775.97701759,0.14229074,147.54099799,0.01998476,0.01998478,37438,114,1
5338.09495946,5338.09912375,0.00000000,775.97701759,0.14229074,147.54099799,0.01998476,0.01998478,37438,114,1
5338.22340355,nan,0.00000000,780.84638332,0.14352332,147.71222603,0.01998524,0.01998478,37438,114,1
5338.38150277,5338.38439806,0.00000000,786.84348971,0.09237876,147.92249223,0.01998477,0.01998478,37436,114,1
5338.52053237,5338.52704664,0.00000000,792.12043746,0.13584179,148.10694442,0.01998475,0.01998478,37435,114,1
5338.67063081,5338.66970285,797.77385369,797.80910499,0.39193693,148.30519624,0.01998478,0.01998478,37434,114,0
nan,nan,0.00000000,-1.00000000,0.00000000,148.45085743,nan,0.00000000,-2147483648,114,1
nan,nan,0.00000000,-1.00000000,0.00000000,148.52025312,nan,0.00000000,-2147483648,114,1
5338.96264104,5338.95503812,0.00000000,808.92089510,0.04291742,148.69067445,0.01998481,0.01998478,37432,114,1
5339.10548713,5339.09771719,0.00000000,814.35566831,0.08680389,148.87835848,0.01998481,0.01998478,37431,114,1
5339.24589344,5339.24040388,0.00000000,819.70072838,0.08634536,149.06239761,0.01998480,0.01998478,37430,114,1
5339.52726787,5339.52580014,830.35156883,830.40752085,0.31951742,149.42941892,0.01998478,0.01998478,37428,114,0
nan,nan,0.00000000,-1.00000000,0.00000000,149.58617903,nan,0.00000000,-2147483648,114,1
nan,nan,0.00000000,-1.00000000,0.00000000,149.65432207,nan,0.00000000,-2147483648,114,1
nan,nan,0.00000000,-1.00000000,0.00000000,149.79038034,nan,0.00000000,-2147483648,114,1
5339.97647551,5339.95395170,0.00000000,847.56290886,0.16809951,150.01295677,0.01998486,0.01998478,37425,114,1
nan,nan,0.00000000,-1.00000000,0.00000000,150.19673251,nan,0.00000000,-2147483648,114,1
nan,nan,0.00000000,-1.00000000,0.00000000,150.33157564,nan,0.00000000,-2147483648,114,1
nan,nan,0.00000000,-1.00000000,0.00000000,150.39888327,nan,0.00000000,-2147483648,114,1
nan,nan,0.00000000,-1.00000000,0.00000000,150.49970230,nan,0.00000000,-2147483648,114,1
5340.52920417,5340.52492722,0.00000000,868.69839849,0.29494373,150.72419413,0.01998479,0.01998478,37421,114,1
5340.67002361,5340.66769017,0.00000000,874.09088966,0.06230614,150.90430032,0.01998479,0.01998478,37420,114,1
5340.80007193,5340.81046074,0.00000000,879.07372913,0.47156986,151.07023342,0.01998474,0.01998478,37419,114,1
5340.94426441,5340.95323895,0.00000000,884.60167113,0.05299525,151.25376711,0.01998475,0.01998478,37418,114,1
nan,nan,0.00000000,-1.00000000,0.00000000,151.46547383,nan,0.00000000,-2147483648,114,1
nan,nan,0.00000000,-1.00000000,0.00000000,151.63037157,nan,0.00000000,-2147483648,114,1
nan,nan,0.00000000,-1.00000000,0.00000000,151.76194779,nan,0.00000000,-2147483648,114,1
5341.53289437,5341.52442806,0.00000000,907.20278040,0.20907702,151.99810989,0.01998481,0.01998478,37414,114,1
5341.68360624,5341.66724441,0.00000000,912.99852100,0.13925968,152.18742277,0.01998484,0.01998478,37413,114,1
5341.68360624,5341.66724441,0.00000000,912.99852100,0.13925968,152.18742277,0.01998484,0.01998478,37413,114,1
nan,nan,0.00000000,-1.00000000,0.00000000,152.54502081,nan,0.00000000,-2147483648,114,1
5342.22455278,5342.23858616,0.00000000,933.83139377,0.42908244,152.86263951,0.01998473,0.01998478,37409,114,1
5342.22455278,5342.23858616,0.00000000,933.83139377,0.42908244,152.86263951,0.01998473,0.01998478,37409,114,1
nan,nan,0.00000000,-1.00000000,0.00000000,153.02888270,nan,0.00000000,-2147483648,114,1
5342.52639744,5342.52430284,0.00000000,945.47673666,0.05268409,153.23648379,0.01998479,0.01998478,37407,114,1
5342.66992648,5342.66717263,0.00000000,951.01940436,0.12700558,153.41351162,0.01998479,0.01998478,37406,114,1
5342.81891443,5342.81005005,0.00000000,956.77645701,0.16751396,153.59676835,0.01998481,0.01998478,37405,114,1
5342.95403345,5342.95293512,961.95960344,962.00208438,0.29845110,153.76256333,0.01998479,0.01998478,37404,114,0
5343.08746813,5343.09582781,0.00000000,967.16288675,0.12384421,153.92579201,0.01998475,0.01998478,37403,114,1
5343.23664757,5343.23872815,0.00000000,972.93760829,0.37530160,154.10783766,0.01998477,0.01998478,37402,114,1
5343.38574026,5343.38163612,0.00000000,978.71265130,0.18229097,154.28925925,0.01998480,0.01998478,37401,114,1
5343.38574026,5343.38163612,0.00000000,978.71265130,0.18229097,154.28925925,0.01998480,0.01998478,37401,114,1
nan,nan,0.00000000,-1.00000000,0.00000000,154.61086260,nan,0.00000000,-2147483648,114,1
5343.80713930,5343.81040587,0.00000000,995.05532388,0.14433679,154.79922319,0.01998477,0.01998478,37398,114,1
5343.96601153,5343.95334440,0.00000000,1001.22437613,0.14665187,154.99040428,0.01998483,0.01998478,37397,114,1
5344.10827812,5344.09629057,0.00000000,1006.75220697,0.24620898,155.16109870,0.01998483,0.01998478,37396,114,1
5344.23366308,5344.23924438,0.00000000,1011.62690478,0.06131903,155.31114263,0.01998476,0.01998478,37395,114,1
5344.53441931,5344.52517493,0.00000000,1023.33042158,0.00593397,155.66953297,0.01998482,0.01998478,37393,114,1
5344.53441931,5344.52517493,0.00000000,1023.33042158,0.00593397,155.66953297,0.01998482,0.01998478,37393,114,1
nan,nan,0.00000000,-1.00000000,0.00000000,155.84221228,nan,0.00000000,-2147483648,114,1
5344.80405434,5344.81113604,0.00000000,1033.83585408,0.06207876,155.98901536,0.01998476,0.01998478,37391,114,1
5344.94918028,5344.95412806,0.00000000,1039.49529054,0.04307185,156.16025495,0.01998477,0.01998478,37390,114,1
5345.10038004,5345.09712773,0.00000000,1045.39538295,0.20335672,156.33812718,0.01998480,0.01998478,37389,114,1
nan,nan,0.00000000,-1.00000000,0.00000000,156.50647803,nan,0.00000000,-2147483648,114,1
nan,nan,0.00000000,-1.00000000,0.00000000,156.65616285,nan,0.00000000,-2147483648,114,1
5345.53071119,5345.52617259,0.00000000,1062.20897142,0.12644909,156.84137825,0.01998480,0.01998478,37386,114,1
5345.67330887,5345.66920284,0.00000000,1067.78741481,0.05823771,157.00715897,0.01998480,0.01998478,37385,114,1
5345.81351323,5345.81224073,1073.23063961,1073.28045886,0.14405217,157.16982292,0.01998479,0.01998478,37384,114,0
5345.96392382,5345.95528627,0.00000000,1079.16710156,0.16970466,157.34350473,0.01998482,0.01998478,37383,114,1
5346.10034034,5346.09833946,0.00000000,1084.51380254,0.06929775,157.50068413,0.01998479,0.01998478,37382,114,1
5346.24185198,nan,0.00000000,1090.06358860,0.08802924,157.66325800,0.01998479,0.01998478,37381,114,1
nan,nan,0.00000000,-1.00000000,0.00000000,157.83650838,nan,0.00000000,-2147483648,114,1
5346.52612050,5346.52754491,1101.27681627,1101.22088311,0.18794600,157.98832190,0.01998478,0.01998479,37379,114,0
5346.67404841,5346.67062870,0.00000000,1107.03484017,0.15932862,158.15677002,0.01998480,0.01998479,37378,114,1
nan,nan,0.00000000,-1.00000000,0.00000000,158.30011625,nan,0.00000000,-2147483648,114,1
5346.95742975,5346.95681921,1118.14944073,1118.17346150,0.23944351,158.47769181,0.01998479,0.01998479,37376,114,0
5347.09739419,5347.09992595,0.00000000,1123.68999339,0.17773363,158.63575707,0.01998478,0.01998479,37375,114,1
5347.24615437,5347.24304034,0.00000000,1129.54989951,0.11583107,158.80302611,0.01998480,0.01998479,37374,114,1
5347.37800822,5347.38616238,0.00000000,1134.74707573,0.05763234,158.95083042,0.01998476,0.01998479,37373,114,1
5347.52346298,5347.52929207,0.00000000,1140.48388578,0.07645570,159.11338407,0.01998476,0.01998479,37372,114,1
5347.67599654,5347.67242941,0.00000000,1146.50388212,0.04069963,159.28328767,0.01998480,0.01998479,37371,114,1
5347.81930890,5347.81557441,0.00000000,1152.16368145,0.19928224,159.44239562,0.01998480,0.01998479,37370,114,1
5347.96423956,5347.95872707,0.00000000,1157.89107931,0.24474361,159.60278255,0.01998481,0.01998479,37369,114,1
5348.10258881,5348.10188737,1163.32706746,1163.35481501,0.22365227,159.75520348,0.01998479,0.01998479,37368,114,0
5348.24757478,5348.24505534,0.00000000,1169.09871286,0.01975827,159.91482667,0.01998480,0.01998479,37367,114,1
nan,nan,0.00000000,-1.00000000,0.00000000,160.05053652,nan,0.00000000,-2147483648,114,1
nan,nan,0.00000000,-1.00000000,0.00000000,160.18850785,nan,0.00000000,-2147483648,114,1
5348.67694605,5348.67460517,0.00000000,1186.11015469,0.04886979,160.38388680,0.01998480,0.01998479,37364,114,1
5348.82220097,5348.81780376,0.00000000,1191.87251844,0.21055982,160.54152309,0.01998480,0.01998479,37363,114,1
5348.96661984,5348.96101001,0.00000000,1197.60546119,0.09602170,160.69772644,0.01998481,0.01998479,37362,114,1
5349.10976705,5349.10422391,0.00000000,1203.29161696,0.16565348,160.85203614,0.01998481,0.01998479,37361,114,1
5349.24363062,5349.24744548,0.00000000,1208.61233792,0.11852395,160.99587052,0.01998477,0.01998479,37360,114,1
5349.39211026,5349.39067471,1214.44780147,1214.50492098,0.07834054,161.15453413,0.01998479,0.01998479,37359,114,0
nan,nan,0.00000000,-1.00000000,0.00000000,161.27512345,nan,0.00000000,-2147483648,114,1
nan,nan,0.00000000,-1.00000000,0.00000000,161.32865353,nan,0.00000000,-2147483648,114,1
5349.68537165,5349.67715614,0.00000000,1226.19331015,0.13581596,161.46729657,0.01998482,0.01998479,37357,114,1
5349.83080789,5349.82040835,0.00000000,1231.98929867,0.24755561,161.62142174,0.01998483,0.01998479,37356,114,1
5349.96377805,5349.96366822,1237.27771722,1237.28209881,0.09117163,161.76160670,0.01998479,0.01998479,37355,114,0
nan,nan,0.00000000,-1.00000000,0.00000000,161.88611457,nan,0.00000000,-2147483648,114,1
5350.25186460,5350.25021094,0.00000000,1248.79113726,0.07026250,162.06459096,0.01998480,0.01998479,37353,114,1
5350.39782250,5350.39349380,0.00000000,1254.62299436,0.11362167,162.21715472,0.01998481,0.01998479,37352,114,1
5350.54060104,5350.53678432,0.00000000,1260.33159542,0.24631551,162.36586580,0.01998480,0.01998479,37351,114,1
5350.68144353,5350.68008251,1265.90343324,1265.95790358,0.01324028,162.51182492,0.01998479,0.01998479,37350,114,0
5350.82575031,5350.82338836,0.00000000,1271.74370324,0.10334972,162.66129186,0.01998480,0.01998479,37349,114,1
5350.96946784,5350.96670187,0.00000000,1277.50117611,0.07105999,162.80939315,0.01998480,0.01998479,37348,114,1
nan,nan,0.00000000,-1.00000000,0.00000000,162.97580468,nan,0.00000000,-2147483648,114,1
5351.25233490,5351.25335191,1288.87780805,1288.83699507,0.16399707,163.09913972,0.01998479,0.01998479,37346,114,0
5351.39470829,5351.39668842,0.00000000,1294.55913582,0.13690801,163.24446807,0.01998478,0.01998479,37345,114,1
5351.54618826,5351.54003260,0.00000000,1300.64366688,0.04636560,163.39831492,0.01998481,0.01998479,37344,114,1
nan,nan,0.00000000,-1.00000000,0.00000000,163.55827983,nan,0.00000000,-2147483648,114,1
5351.83245735,5351.82674397,0.00000000,1312.15398986,0.18149565,163.68742029,0.01998481,0.01998479,37342,114,1
5351.97801454,5351.97011116,0.00000000,1318.01243936,0.21323468,163.83359641,0.01998482,0.01998479,37341,114,1
5352.12329997,5352.11348602,0.00000000,1323.86391458,0.16125368,163.97894471,0.01998483,0.01998479,37340,114,1
5352.26482620,5352.25686855,0.00000000,1329.56780046,0.09176173,164.11999800,0.01998482,0.01998479,37339,114,1
5352.40010800,5352.40025874,1335.02579486,1335.01971370,0.14741689,164.25423979,0.01998479,0.01998479,37338,114,0
5352.54887300,5352.54365661,0.00000000,1341.02704131,0.09341293,164.40150052,0.01998481,0.01998479,37337,114,1
5352.69017148,5352.68706216,0.00000000,1346.73309756,0.07045187,164.54073816,0.01998480,0.01998479,37336,114,1
5352.84276737,5352.83047537,0.00000000,1352.89962900,0.07593396,164.69051343,0.01998484,0.01998479,37335,114,1
5352.97278267,5352.97389625,1358.19605185,1358.15101359,0.21464040,164.81748894,0.01998479,0.01998479,37334,114,0
5353.11205965,5353.11732481,0.00000000,1363.79276271,0.06626955,164.95331664,0.01998477,0.01998479,37333,114,1
5353.25017266,5353.26076105,0.00000000,1369.38493264,0.13087074,165.08735103,0.01998475,0.01998479,37332,114,1
5353.40317264,5353.40420495,1375.61797778,1375.57613706,0.17112744,165.23504680,0.01998479,0.01998479,37331,114,0
5353.55636358,5353.54765654,0.00000000,1381.79556161,0.13215449,165.38267892,0.01998483,0.01998479,37330,114,1
5353.69227293,5353.69111579,1387.25534106,1387.30230977,0.08538847,165.51277758,0.01998480,0.01998479,37329,114,0
5353.84205258,5353.83458273,0.00000000,1393.39143909,0.10740837,165.65596105,0.01998482,0.01998479,37328,114,1
5353.97974171,5353.97805734,0.00000000,1398.98574456,0.19022571,165.78688488,0.01998480,0.01998479,37327,114,1
5354.11621377,5354.12153962,0.00000000,1404.53421727,0.05934920,165.91614576,0.01998477,0.01998479,37326,114,1
5354.27171255,5354.26502959,0.00000000,1410.86064694,0.08509447,166.06281309,0.01998482,0.01998479,37325,114,1
5354.41273022,5354.40852723,0.00000000,1416.60197617,0.01284636,166.19525426,0.01998481,0.01998479,37324,114,1
5354.55466970,5354.55203255,0.00000000,1422.38474349,0.08355820,166.32801493,0.01998480,0.01998479,37323,114,1
5354.69526116,5354.69554555,1428.12193575,1428.11033891,0.06826271,166.45883378,0.01998479,0.01998479,37322,114,0
5354.84278560,5354.83906623,0.00000000,1434.13498677,0.08676908,166.59580931,0.01998481,0.01998479,37321,114,1
5354.97998888,5354.98259459,0.00000000,1439.73626532,0.11894537,166.72253723,0.01998479,0.01998480,37320,114,1
5355.11460470,5355.12613063,0.00000000,1445.23550333,0.15672011,166.84637345,0.01998475,0.01998480,37319,114,1
5355.27239245,5355.26967435,0.00000000,1451.68588377,0.21703661,166.99089201,0.01998481,0.01998480,37318,114,1
5355.41595121,5355.41322575,0.00000000,1457.55884686,0.09678713,167.12178240,0.01998481,0.01998480,37317,114,1
5355.55774794,5355.55678483,1463.31151129,1463.35094520,0.07404611,167.25022515,0.01998480,0.01998480,37316,114,0
5355.70622308,5355.70035160,0.00000000,1469.44626912,0.05998693,167.38469989,0.01998482,0.01998480,37315,114,1
5355.84580372,5355.84392605,0.00000000,1475.16842631,0.08945016,167.51029583,0.01998480,0.01998480,37314,114,1
5355.99142029,5355.98750818,0.00000000,1481.14215989,0.12863764,167.64074612,0.01998481,0.01998480,37313,114,1
nan,nan,0.00000000,-1.00000000,0.00000000,167.78966219,nan,0.00000000,-2147483648,114,1
5356.27964679,5356.27469551,0.00000000,1492.97875828,0.02144878,167.89721146,0.01998482,0.01998480,37311,114,1
5356.42589384,5356.41830069,0.00000000,1498.99104462,0.16270153,168.02645520,0.01998483,0.01998480,37310,114,1
5356.56354442,5356.56191357,0.00000000,1504.65384820,0.06031006,168.14755450,0.01998480,0.01998480,37309,114,1
5356.70738855,5356.70553413,0.00000000,1510.57552051,0.17027015,168.27353420,0.01998480,0.01998480,37308,114,1
5356.85196522,5356.84916238,0.00000000,1516.53155377,0.27370074,168.39956887,0.01998481,0.01998480,37307,114,1
5356.99644279,5356.99279831,0.00000000,1522.48772346,0.23794623,168.52492837,0.01998481,0.01998480,37306,114,1
5357.13376132,5357.13644193,0.00000000,1528.15267628,0.11608823,168.64352946,0.01998479,0.01998480,37305,114,1
5357.28413057,5357.28009325,0.00000000,1534.36041557,0.09772549,168.77278990,0.01998481,0.01998480,37304,114,1
5357.42775462,5357.42375225,0.00000000,1540.29398563,0.19968072,168.89565290,0.01998481,0.01998480,37303,114,1
5357.56320838,5357.56741894,0.00000000,1545.89386870,0.06443430,169.01098912,0.01998478,0.01998480,37302,114,1
5357.70817503,5357.71109332,0.00000000,1551.89118401,0.10154026,169.13384612,0.01998479,0.01998480,37301,114,1
5357.86522206,nan,0.00000000,1558.39312580,0.17439831,169.26626371,0.01998484,0.01998480,37300,114,1
5357.99442532,5357.99846515,0.00000000,1563.74609720,0.15623776,169.37467492,0.01998478,0.01998480,37299,114,1
5358.14216877,5358.14216260,1569.86107962,1569.86133549,0.14817761,169.49785354,0.01998480,0.01998480,37298,114,0
5358.28135243,5358.28586775,0.00000000,1575.64595869,0.15466789,169.61371454,0.01998478,0.01998480,37297,114,1
5358.43661097,5358.42958058,0.00000000,1582.09215735,0.11318782,169.74207256,0.01998483,0.01998480,37296,114,1
5358.57409731,5358.57330112,1587.76208981,1587.79518148,0.09674975,169.85496991,0.01998480,0.01998480,37295,114,0
5358.71351166,5358.71702934,0.00000000,1593.60123638,0.15757166,169.96926797,0.01998479,0.01998480,37294,114,1
5358.86183808,5358.86076526,1599.71789335,1599.76254372,0.20936360,170.08985452,0.01998480,0.01998480,37293,114,0
5359.00370690,5359.00450887,1605.70259210,1605.66919035,0.05978962,170.20477539,0.01998480,0.01998480,37292,114,0
5359.14964732,5359.14826018,1611.69198394,1611.74980079,0.16650102,170.32238395,0.01998480,0.01998480,37291,114,0
5359.28780266,5359.29201919,0.00000000,1617.52196609,0.09718967,170.43337246,0.01998478,0.01998480,37290,114,1
5359.43376046,5359.43578589,0.00000000,1623.61250573,0.09934704,170.54979184,0.01998479,0.01998480,37289,114,1
5359.58088009,5359.57956029,1629.68926689,1629.74440219,0.11639894,170.66628502,0.01998480,0.01998480,37288,114,0
5359.72903769,5359.72334239,0.00000000,1635.94758369,0.15002827,170.78340070,0.01998482,0.01998480,37287,114,1
nan,nan,0.00000000,-1.00000000,0.00000000,170.87824613,nan,0.00000000,-2147483648,114,1
5360.01191456,5360.01092967,1647.72960833,1647.77084194,0.09400367,171.00458470,0.01998480,0.01998480,37285,114,0
5360.16130233,5360.15473486,0.00000000,1654.03853361,0.11610317,171.12075327,0.01998483,0.01998480,37284,114,1
5360.29732447,5360.29854775,1659.77954724,1659.72826075,0.04861161,171.22555880,0.01998480,0.01998480,37283,114,0
5360.45109890,5360.44236834,0.00000000,1666.18923870,0.16003541,171.34381997,0.01998483,0.01998480,37282,114,1
5360.58836570,5360.58619664,0.00000000,1671.95088217,0.05329525,171.44860696,0.01998481,0.01998480,37281,114,1
5360.73623431,5360.73003263,0.00000000,1678.16204781,0.05161949,171.56085805,0.01998482,0.01998480,37280,114,1
5360.87355799,5360.87387632,1683.93620236,1683.92281590,0.16182384,171.66430959,0.01998480,0.01998480,37279,114,0
5361.01748941,5361.01772772,1689.98780022,1689.97777086,0.02667014,171.77235970,0.01998480,0.01998480,37278,114,0
5361.16348503,5361.16158682,0.00000000,1696.13500716,0.07520336,171.88151567,0.01998481,0.01998480,37277,114,1
5361.30933705,5361.30545362,0.00000000,1702.27953040,0.09317017,171.98972310,0.01998482,0.01998480,37276,114,1
5361.45465652,5361.44932813,0.00000000,1708.40620890,0.08715151,172.09689699,0.01998482,0.01998480,37275,114,1
5361.59550874,5361.59321034,0.00000000,1714.34893143,0.08816997,172.20016670,0.01998481,0.01998480,37274,114,1
5361.74073700,5361.73710025,0.00000000,1720.48081314,0.09017089,172.30601512,0.01998482,0.01998480,37273,114,1
5361.88136466,5361.88099788,1726.39979400,1726.41529758,0.06670125,172.40777091,0.01998480,0.01998480,37272,114,0
5362.02183283,5362.02490320,0.00000000,1732.36244980,0.11129500,172.50906778,0.01998479,0.01998480,37271,114,1
5362.16898847,5362.16881623,1738.57437968,1738.58167029,0.10386870,172.61427472,0.01998480,0.01998480,37270,114,0
5362.31170142,5362.31273697,1744.66885338,1744.62498555,0.15724488,172.71579684,0.01998480,0.01998480,37269,114,0
5362.45833360,5362.45666542,1750.76826121,1750.83898281,0.13804186,172.81945740,0.01998481,0.01998480,37268,114,0
5362.60264789,5362.60060158,0.00000000,1756.96795909,0.15880283,172.92097571,0.01998481,0.01998480,37267,114,1
5362.74187937,5362.74454544,0.00000000,1762.87741185,0.10651948,173.01817710,0.01998479,0.01998480,37266,114,1
5362.88975069,5362.88849701,1769.09691928,1769.15019252,0.05392387,173.12062335,0.01998481,0.01998480,37265,114,0
5363.03739981,5363.03245630,0.00000000,1775.43457885,0.12855135,173.22250390,0.01998482,0.01998480,37264,114,1
5363.17690450,5363.17642329,1781.34136369,1781.36184342,0.08933398,173.31790215,0.01998481,0.01998480,37263,114,0
5363.32125304,5363.32039799,1787.47110533,1787.50752308,0.09040697,173.41610562,0.01998481,0.01998480,37262,114,0
5363.46719019,5363.46438041,0.00000000,1793.73192870,0.07454754,173.51483012,0.01998482,0.01998480,37261,114,1
5363.61169439,5363.60837053,0.00000000,1799.89318311,0.09551970,173.61182258,0.01998482,0.01998480,37260,114,1
5363.75261390,5363.75236837,1805.89008616,1805.90056712,0.12487999,173.70569304,0.01998481,0.01998480,37259,114,0
5363.89906621,5363.89637392,0.00000000,1812.15991103,0.08898472,173.80276563,0.01998482,0.01998481,37258,114,1
5364.04143553,5364.04038719,1818.19396769,1818.23878489,0.05952661,173.89632148,0.01998481,0.01998481,37257,114,0
5364.18667512,5364.18440817,0.00000000,1824.45548774,0.06819184,173.99126684,0.01998481,0.01998481,37256,114,1
5364.32386021,5364.32843686,0.00000000,1830.32691719,0.10573032,174.08025956,0.01998479,0.01998481,37255,114,1
5364.47741336,5364.47247327,0.00000000,1836.90398177,0.04609284,174.17916373,0.01998482,0.01998481,37254,114,1
5364.61700454,5364.61651739,1842.86028835,1842.88117630,0.17043004,174.26832885,0.01998481,0.01998481,37253,114,0
5364.76168969,5364.76056923,1849.03932332,1849.08740363,0.12697486,174.36018670,0.01998481,0.01998481,37252,114,0
5364.89980205,5364.90462878,0.00000000,1855.02380414,0.14504582,174.44736075,0.01998479,0.01998481,37251,114,1
5365.04956247,nan,0.00000000,1861.45814912,0.19848526,174.54108489,0.01998481,0.01998481,37250,114,1
5365.19496163,nan,0.00000000,1867.71007071,0.08307487,174.63139245,0.01998481,0.01998481,37249,114,1
5365.34101099,nan,0.00000000,1873.99487751,0.11969139,174.72142065,0.01998482,0.01998481,37248,114,1
5365.47787126,5365.48094418,0.00000000,1879.88875108,0.06622503,174.80516157,0.01998480,0.01998481,37247,114,1
5365.62544013,5365.62504233,1886.22363488,1886.24078816,0.17556392,174.89466735,0.01998481,0.01998481,37246,114,0
5365.77177489,5365.76914819,0.00000000,1892.56042083,0.21496406,174.98294975,0.01998482,0.01998481,37245,114,1
5365.91550099,5365.91326178,0.00000000,1898.76452543,0.10610125,175.06887429,0.01998482,0.01998481,37244,114,1
5366.06298403,5366.05738308,0.00000000,1905.13583629,0.01690810,175.15634737,0.01998483,0.01998481,37243,114,1
5366.20244697,5366.20151211,1911.12239752,1911.16284051,0.19788763,175.23837786,0.01998481,0.01998481,37242,114,0
5366.35844087,5366.34564886,0.00000000,1917.91504653,0.26147526,175.32945241,0.01998486,0.01998481,37241,114,1
5366.48596647,5366.48979333,0.00000000,1923.43719525,0.21073122,175.40328673,0.01998479,0.01998481,37240,114,1
5366.63358398,5366.63394552,1929.85012472,1929.83445072,0.06791043,175.48809154,0.01998481,0.01998481,37239,114,0
5366.78444328,5366.77810544,0.00000000,1936.37698337,0.10670313,175.57401147,0.01998483,0.01998481,37238,114,1
5366.92379918,5366.92227308,0.00000000,1942.42569500,0.09694745,175.65271692,0.01998481,0.01998481,37237,114,1
5367.06849231,5367.06644845,0.00000000,1948.71096927,0.04458303,175.73375809,0.01998482,0.01998481,37236,114,1
5367.20974225,5367.21063154,1954.88840740,1954.84973448,0.08819069,175.81217978,0.01998481,0.01998481,37235,114,0
5367.35685181,5367.35482236,0.00000000,1961.25185700,0.10889242,175.89319688,0.01998482,0.01998481,37234,114,1
5367.49973057,5367.49902090,1967.44085594,1967.47177266,0.10775427,175.97115630,0.01998481,0.01998481,37233,114,0
5367.64374233,5367.64322717,1973.72585813,1973.74831995,0.08906207,176.04907432,0.01998481,0.01998481,37232,114,0
5367.78770448,5367.78744116,1980.01639550,1980.02788570,0.06234193,176.12627465,0.01998481,0.01998481,37231,114,0
5367.93113667,5367.93166289,1986.31220222,1986.28922217,0.14944338,176.20249879,0.01998481,0.01998481,37230,114,0
5368.07764043,5368.07589234,0.00000000,1992.68689792,0.16058243,176.27960698,0.01998482,0.01998481,37229,114,1
5368.21766623,nan,0.00000000,1998.80832028,0.09443448,176.35265160,0.01998480,0.01998481,37228,114,1
5368.36599356,5368.36437443,0.00000000,2005.29787286,0.10637636,176.42930510,0.01998482,0.01998481,37227,114,1
5368.51266308,5368.50862707,0.00000000,2011.72018446,0.07865324,176.50437007,0.01998483,0.01998481,37226,114,1
5368.65226844,5368.65288744,2017.86378598,2017.83665791,0.09559111,176.57512574,0.01998481,0.01998481,37225,114,0
5368.79868035,5368.79715554,2024.18885830,2024.25573583,0.16295651,176.64861118,0.01998482,0.01998481,37224,114,0
5368.93894621,5368.94143137,0.00000000,2030.41610843,0.08334119,176.71839266,0.01998480,0.01998481,37223,114,1
5369.08670915,5369.08571493,2036.85487725,2036.89855280,0.15541749,176.79103734,0.01998481,0.01998481,37222,114,0
5369.23066325,5369.23000623,2043.19613374,2043.22502054,0.15192296,176.86115783,0.01998481,0.01998481,37221,114,0
5369.37690922,5369.37430526,0.00000000,2049.67104934,0.03340485,176.93181482,0.01998482,0.01998481,37220,114,1
5369.51848998,5369.51861202,2055.89595507,2055.89058005,0.11816687,176.99923448,0.01998481,0.01998481,37219,114,0
5369.66659608,5369.66292651,0.00000000,2062.43328381,0.03668673,177.06935744,0.01998483,0.01998481,37218,114,1
5369.81147008,5369.80724874,0.00000000,2068.82361909,0.09796994,177.13705563,0.01998483,0.01998481,37217,114,1
5369.95328386,5369.95157871,0.00000000,2075.08407040,0.04459664,177.20261913,0.01998482,0.01998481,37216,114,1
5370.09822829,5370.09591641,0.00000000,2081.48795403,0.10917710,177.26890780,0.01998482,0.01998481,37215,114,1
5370.24020419,5370.24026185,2087.75189389,2087.74934314,0.08049699,177.33296175,0.01998481,0.01998481,37214,114,0
5370.38817011,5370.38461502,0.00000000,2094.31397620,0.02608367,177.39931126,0.01998483,0.01998481,37213,114,1
5370.53110209,5370.52897593,0.00000000,2100.64462894,0.04768875,177.46251380,0.01998482,0.01998481,37212,114,1
5370.66683803,5370.67334458,0.00000000,2106.66136623,0.10761206,177.52187062,0.01998479,0.01998481,37211,114,1
5370.81443965,5370.81772097,0.00000000,2113.20939975,0.03968775,177.58568059,0.01998480,0.01998481,37210,114,1
5370.97042517,5370.96210509,0.00000000,2120.13541688,0.06553391,177.65227991,0.01998484,0.01998481,37209,114,1
5371.10701000,5371.10649696,2126.17096659,2126.19377659,0.13521400,177.70978234,0.01998481,0.01998481,37208,114,0
5371.25345478,5371.25089656,0.00000000,2132.71833437,0.11789400,177.77092310,0.01998482,0.01998481,37207,114,1
5371.39696589,5371.39530391,0.00000000,2139.10642047,0.11819029,177.82999470,0.01998482,0.01998481,37206,114,1
5371.54086144,5371.53971900,2145.45558351,2145.50650168,0.10586337,177.88839308,0.01998482,0.01998481,37205,114,0
5371.68146994,5371.68414182,0.00000000,2151.78623707,0.16563053,177.94493044,0.01998480,0.01998481,37204,114,1
5371.82426379,5371.82857239,0.00000000,2158.15820482,0.13083360,178.00152581,0.01998480,0.01998481,37203,114,1
5371.97581553,5371.97301070,0.00000000,2164.92678593,0.05010049,178.06079169,0.01998482,0.01998481,37202,114,1
5372.11806593,5372.11745676,2171.24951130,2171.27675679,0.15347238,178.11559408,0.01998482,0.01998481,37201,114,0
5372.26287478,5372.26191056,2177.71321221,2177.75637625,0.08548582,178.17071888,0.01998482,0.01998481,37200,114,0
5372.40415973,5372.40637210,0.00000000,2184.08989501,0.12059336,178.22382319,0.01998481,0.01998481,37199,114,1
5372.55481917,5372.55084139,0.00000000,2190.84149535,0.08159742,178.27958651,0.01998483,0.01998481,37198,114,1
5372.69044905,5372.69531842,0.00000000,2196.92468680,0.14304476,178.32908116,0.01998480,0.01998481,37197,114,1
5372.83868500,5372.83980320,2203.62818248,2203.57795223,0.07111402,178.38240219,0.01998481,0.01998481,37196,114,0
5372.98749018,5372.98429572,0.00000000,2210.26440840,0.12360202,178.43513459,0.01998483,0.01998482,37195,114,1
5373.12833184,5373.12879599,2216.62074926,2216.59986460,0.09993582,178.48430837,0.01998481,0.01998482,37194,114,0
5373.27063256,5373.27330401,0.00000000,2223.00179184,0.10507852,178.53321676,0.01998481,0.01998482,37193,114,1
5373.41728385,5373.41781978,2229.63584430,2229.61169158,0.12843100,178.58288990,0.01998481,0.01998482,37192,114,0
5373.56399823,5373.56234329,0.00000000,2236.22168200,0.18881713,178.63172645,0.01998482,0.01998482,37191,114,1
5373.71001654,5373.70687455,0.00000000,2242.81029458,0.10897809,178.67957182,0.01998483,0.01998482,37190,114,1
5373.85477648,5373.85141357,0.00000000,2249.34779884,0.11162471,178.72622382,0.01998483,0.01998482,37189,114,1
5373.99553186,5373.99596033,2255.73203410,2255.71266231,0.04154863,178.77085699,0.01998482,0.01998482,37188,114,0
5374.13875202,5374.14051484,0.00000000,2262.18888269,0.18966874,178.81547420,0.01998481,0.01998482,37187,114,1
5374.28658846,5374.28507711,0.00000000,2268.88255868,0.09102501,178.86074487,0.01998482,0.01998482,37186,114,1
5374.43118106,5374.42964712,0.00000000,2275.43512053,0.07927986,178.90422949,0.01998482,0.01998482,37185,114,1
5374.57518007,5374.57422489,2281.92301012,2281.96635166,0.10125622,178.94675376,0.01998482,0.01998482,37184,114,0
5374.71472423,5374.71881041,0.00000000,2288.30115703,0.19835148,178.98721817,0.01998480,0.01998482,37183,114,1
5374.86075931,5374.86340368,0.00000000,2294.93624127,0.04144608,179.02877608,0.01998481,0.01998482,37182,114,1
5375.00741463,5375.00800471,2301.63251071,2301.60566342,0.03807005,179.06969884,0.01998482,0.01998482,37181,114,0
5375.14973040,5375.15261349,0.00000000,2308.08292869,0.04903574,179.10862662,0.01998481,0.01998482,37180,114,1
5375.29896107,5375.29723003,0.00000000,2314.88119683,0.07760704,179.14861884,0.01998482,0.01998482,37179,114,1
5375.44007910,5375.44185432,0.00000000,2321.31557842,0.07620012,179.18565460,0.01998481,0.01998482,37178,114,1
5375.58360336,5375.58648637,0.00000000,2327.86536129,0.05112819,179.22253973,0.01998481,0.01998482,37177,114,1
5375.73073780,5375.73112617,2334.60489410,2334.58714820,0.07219594,179.25953874,0.01998482,0.01998482,37176,114,0
5375.87741511,5375.87577373,0.00000000,2341.29152500,0.14299616,179.29557944,0.01998482,0.01998482,37175,114,1
5376.01987366,5376.02042905,2347.83486579,2347.80944647,0.13690836,179.32979205,0.01998482,0.01998482,37174,114,0
5376.16601458,5376.16509212,2354.45870111,2354.50095733,0.11443449,179.36406890,0.01998482,0.01998482,37173,114,0
5376.30995946,5376.30976296,2361.08880436,2361.09781386,0.08331477,179.39702096,0.01998482,0.01998482,37172,114,0
5376.45905547,5376.45444155,0.00000000,2367.94206080,0.08666311,179.43032732,0.01998484,0.01998482,37171,114,1
5376.60181424,5376.59912790,0.00000000,2374.49785287,0.02914214,179.46138826,0.01998483,0.01998482,37170,114,1
5376.74831690,5376.74382202,0.00000000,2381.23160528,0.05834493,179.49243494,0.01998484,0.01998482,37169,114,1
5376.88931883,5376.88852389,2387.67697479,2387.71356621,0.16778235,179.52149993,0.01998482,0.01998482,37168,114,0
5377.03177272,5377.03323352,2394.34113629,2394.27383246,0.14055388,179.55009626,0.01998481,0.01998482,37167,114,0
5377.18141657,5377.17795092,0.00000000,2401.17422046,0.14578121,179.57928526,0.01998483,0.01998482,37166,114,1
5377.32545195,nan,0.00000000,2407.81845510,0.11248055,179.60652846,0.01998483,0.01998482,37165,114,1
5377.47388902,5377.46740900,0.00000000,2414.67200490,0.04518054,179.63374360,0.01998484,0.01998482,37164,114,1
5377.61172115,5377.61214969,2421.06070316,2421.04089039,0.12772467,179.65822732,0.01998482,0.01998482,37163,114,0
5377.75453632,5377.75689813,0.00000000,2427.64733930,0.11026602,179.68280301,0.01998481,0.01998482,37162,114,1
5377.90269328,5377.90165435,2434.45729007,2434.50540803,0.08497066,179.70743001,0.01998482,0.01998482,37161,114,0
5378.04510566,5378.04641832,2441.16497955,2441.10413007,0.05696200,179.73027496,0.01998482,0.01998482,37160,114,0
5378.18979067,5378.19119007,2447.87903991,2447.81411095,0.10589724,179.75264953,0.01998482,0.01998482,37159,114,0
5378.33828347,5378.33596958,0.00000000,2454.70968486,0.17736480,179.77474413,0.01998483,0.01998482,37158,114,1
5378.47962186,5378.48075685,2461.32698237,2461.27422100,0.08936852,179.79493151,0.01998482,0.01998482,37157,114,0
5378.62515092,5378.62555189,2468.06129407,2468.04263566,0.10959255,179.81488129,0.01998482,0.01998482,37156,114,0
5378.77354628,5378.77035470,0.00000000,2474.95360313,0.06856245,179.83434555,0.01998483,0.01998482,37155,114,1
5378.92033532,5378.91516528,0.00000000,2481.79337744,0.09808018,179.85270827,0.01998484,0.01998482,37154,114,1
5379.06022232,5379.05998363,2488.30780488,2488.31894590,0.14065240,179.86939190,0.01998482,0.01998482,37153,114,0
5379.20981776,5379.20480975,0.00000000,2495.30092111,0.09177531,179.88633893,0.01998484,0.01998482,37152,114,1
5379.35041121,5379.34964363,2501.84045154,2501.87634439,0.18139392,179.90144515,0.01998483,0.01998482,37151,114,0
5379.49722301,5379.49448529,0.00000000,2508.73638761,0.09738136,179.91632232,0.01998483,0.01998482,37150,114,1
5379.63758652,5379.63933471,0.00000000,2515.30706693,0.08777988,179.92972657,0.01998482,0.01998482,37149,114,1
5379.78466777,5379.78419191,2522.18518039,2522.20748623,0.08150111,179.94291303,0.01998483,0.01998482,37148,114,0
5379.92999498,5379.92905688,2528.97861749,2529.02262867,0.13413560,179.95504111,0.01998483,0.01998482,37147,114,0
5380.07369717,5380.07392962,2535.77841769,2535.76750196,0.08126952,179.96616804,0.01998482,0.01998482,37146,114,0
5380.21992166,5380.21881014,2542.58488008,2542.63712402,0.08672507,179.97660487,0.01998483,0.01998482,37145,114,0
5380.36582605,nan,0.00000000,2549.49331314,0.08019540,179.98611986,0.01998483,0.01998482,37144,114,1
5380.51048228,nan,0.00000000,2556.30330202,0.12870444,179.99467928,0.01998483,0.01998482,37143,114,1
5380.65577924,5380.65349833,0.00000000,2563.14993569,0.08573457,180.00238915,0.01998483,0.01998482,37142,114,1
5380.80091388,5380.79840994,0.00000000,2569.99542480,0.09907485,180.00919996,0.01998483,0.01998482,37141,114,1
5380.94181026,5380.94332933,2576.72175556,2576.65001269,0.07672953,180.01496035,0.01998482,0.01998482,37140,114,0
5381.08603612,5381.08825649,0.00000000,2583.46263734,0.19714344,180.01997879,0.01998482,0.01998482,37139,114,1
5381.23011228,5381.23319143,0.00000000,2590.27741988,0.17088124,180.02410935,0.01998481,0.01998482,37138,114,1
5381.38061013,5381.37813415,0.00000000,2597.40286893,0.13014388,180.02747685,0.01998483,0.01998482,37137,114,1
5381.52641502,5381.52308465,0.00000000,2604.31289087,0.07889165,180.02981366,0.01998484,0.01998482,37136,114,1
5381.66958615,5381.66804292,0.00000000,2611.10459178,0.10975048,180.03121922,0.01998483,0.01998482,37135,114,1
5381.81523369,5381.81300897,0.00000000,2618.02039489,0.10583580,180.03174257,0.01998483,0.01998482,37134,114,1
5381.95926029,5381.95798281,2624.79905896,2624.85979395,0.07975676,180.03135917,0.01998483,0.01998482,37133,114,0
5382.10457799,5382.10296442,2631.69524218,2631.77203182,0.12235290,180.03006138,0.01998483,0.01998482,37132,114,0
5382.25097472,5382.24795381,0.00000000,2638.75085822,0.13636962,180.02782271,0.01998484,0.01998482,37131,114,1
5382.39097824,5382.39295098,0.00000000,2645.42437891,0.18903311,180.02480948,0.01998482,0.01998483,37130,114,1
5382.53188481,5382.53795594,0.00000000,2652.14727465,0.07526861,180.02091152,0.01998480,0.01998483,37129,114,1
5382.68239956,5382.68296868,2659.35373333,2659.32653824,0.09151973,180.01579321,0.01998482,0.01998483,37128,114,0
5382.83505653,5382.82798920,0.00000000,2666.63373722,0.05619302,180.00957007,0.01998485,0.01998483,37127,114,1
5382.97391546,5382.97301750,2673.22760309,2673.27059851,0.08151481,180.00303166,0.01998483,0.01998483,37126,114,0
5383.11644626,5383.11805358,0.00000000,2680.10593542,0.07593908,179.99541596,0.01998482,0.01998483,37125,114,1
5383.26256788,5383.26309745,2687.13050672,2687.10510065,0.09858733,179.98669060,0.01998482,0.01998483,37124,114,0
5383.40837474,5383.40814911,2694.09272681,2694.10356196,0.11398134,179.97702816,0.01998483,0.01998483,37123,114,0
5383.55364950,5383.55320855,2701.06222886,2701.08342507,0.05945948,179.96645725,0.01998483,0.01998483,37122,114,0
5383.69741503,5383.69827578,2708.03912031,2707.99770234,0.10192118,179.95506590,0.01998482,0.01998483,37121,114,0
5383.84296151,5383.84335079,2715.02350923,2715.00475819,0.08562343,179.94258778,0.01998483,0.01998483,37120,114,0
5383.98709064,5383.98843359,2722.01549741,2721.95074318,0.11095740,179.92929055,0.01998482,0.01998483,37119,114,0
5384.13701441,5384.13352418,0.00000000,2729.18490572,0.08564174,179.91445959,0.01998484,0.01998483,37118,114,1
5384.28142504,5384.27862255,0.00000000,2736.15732986,0.06942357,179.89921696,0.01998484,0.01998483,37117,114,1
5384.42050570,5384.42372871,0.00000000,2742.87897403,0.09133006,179.88364142,0.01998482,0.01998483,37116,114,1
5384.56728172,5384.56884267,0.00000000,2749.97953138,0.03994796,179.86624835,0.01998482,0.01998483,37115,114,1
5384.71601299,5384.71396441,0.00000000,2757.18203681,0.07746729,179.84761943,0.01998484,0.01998483,37114,114,1
5384.85214352,5384.85909394,0.00000000,2763.78084819,0.10061967,179.82968019,0.01998480,0.01998483,37113,114,1
5385.00749666,5385.00423126,0.00000000,2771.31908857,0.13420347,179.80816700,0.01998484,0.01998483,37112,114,1
5385.15271781,5385.14937638,0.00000000,2778.37306980,0.08203642,179.78705062,0.01998484,0.01998483,37111,114,1
5385.29364375,5385.29452928,2785.26886522,2785.22578857,0.09144614,179.76562460,0.01998483,0.01998483,37110,114,0
5385.44240339,5385.43968998,0.00000000,2792.46565921,0.07650081,179.74201159,0.01998484,0.01998483,37109,114,1
5385.58726309,5385.58485847,0.00000000,2799.52350584,0.08235553,179.71802649,0.01998484,0.01998483,37108,114,1
5385.73764848,5385.73003475,0.00000000,2806.85817496,0.12296195,179.69209037,0.01998486,0.01998483,37107,114,1
5385.88425719,5385.87521883,0.00000000,2814.01612302,0.05885410,179.66578640,0.01998486,0.01998483,37106,114,1
5386.02363569,5386.02041070,0.00000000,2820.82793373,0.10734900,179.63984377,0.01998484,0.01998483,37105,114,1
5386.16905271,5386.16561037,0.00000000,2827.94202044,0.12457722,179.61180191,0.01998484,0.01998483,37104,114,1
5386.31506642,5386.31081783,0.00000000,2835.09267516,0.09370749,179.58263986,0.01998485,0.01998483,37103,114,1
5386.45906027,5386.45603309,0.00000000,2842.15167437,0.11805069,179.55289181,0.01998484,0.01998483,37102,114,1
5386.60572249,5386.60125615,0.00000000,2849.34892155,0.14020657,179.52157940,0.01998485,0.01998483,37101,114,1
5386.74767419,5386.74648700,2856.27413083,2856.33248968,0.07834851,179.49024909,0.01998483,0.01998483,37100,114,0
5386.89206504,5386.89172565,2863.41724750,2863.43394802,0.07438587,179.45743290,0.01998483,0.01998483,37099,114,0
5387.02974287,5387.03697210,0.00000000,2870.19957970,0.01546198,179.42527099,0.01998480,0.01998483,37098,114,1
5387.18247333,5387.18222634,2877.72621870,2877.73839638,0.17234085,179.38840190,0.01998483,0.01998483,37097,114,0
5387.32790070,5387.32748839,2884.89190089,2884.91224969,0.07649935,179.35230798,0.01998483,0.01998483,37096,114,0
5387.47507206,5387.47275823,0.00000000,2892.16648135,0.06532614,179.31480842,0.01998484,0.01998483,37095,114,1
5387.61345670,5387.61803588,0.00000000,2899.00700723,0.13555505,179.27852516,0.01998481,0.01998483,37094,114,1
5387.76432468,5387.76332133,2906.43335021,2906.48301707,0.08544460,179.23784740,0.01998484,0.01998483,37093,114,0
5387.91024702,5387.90861458,0.00000000,2913.70086755,0.13992256,179.19755987,0.01998484,0.01998483,37092,114,1
nan,nan,0.00000000,-1.00000000,0.00000000,179.16158592,nan,0.00000000,-2147483648,114,1
5388.19957279,5388.19922448,2928.04578967,2928.06308788,0.04716343,179.11443057,0.01998483,0.01998483,37090,114,0
5388.34911208,5388.34454113,0.00000000,2935.48697308,0.04201638,179.06991388,0.01998485,0.01998483,37089,114,1
5388.48822321,5388.48986559,0.00000000,2942.40731507,0.05065186,179.02746732,0.01998483,0.01998483,37088,114,1
5388.63434439,5388.63519786,2949.73340468,2949.69088108,0.14012697,178.98180355,0.01998483,0.01998483,37087,114,0
5388.78317755,5388.78053792,0.00000000,2957.10376555,0.05563202,178.93428725,0.01998484,0.01998483,37086,114,1
5388.94432842,nan,0.00000000,2965.14679280,0.09158217,178.88154308,0.01998490,0.01998483,37085,114,1
5389.07464649,5389.07124148,0.00000000,2971.65796105,0.14719760,178.83793834,0.01998484,0.01998483,37084,114,1
nan,nan,0.00000000,-1.00000000,0.00000000,178.79468685,nan,0.00000000,-2147483648,114,1
5389.36664039,5389.36197625,0.00000000,2986.26988756,0.10707941,178.73713248,0.01998485,0.01998483,37082,114,1
5389.50546705,5389.50735535,0.00000000,2993.22816064,0.17294003,178.68769327,0.01998483,0.01998483,37081,114,1
5389.65316000,5389.65274226,3000.61900873,3000.63997992,0.14777488,178.63401334,0.01998483,0.01998483,37080,114,0
5389.79532319,5389.79813697,0.00000000,3007.77957939,0.13131526,178.58131181,0.01998482,0.01998483,37079,114,1
5389.94685499,5389.94353950,0.00000000,3015.39937624,0.08301575,178.52399062,0.01998485,0.01998483,37078,114,1
5390.07850027,5390.08894983,0.00000000,3022.02621204,0.12385953,178.47323671,0.01998479,0.01998483,37077,114,1
5390.23334804,5390.23436798,3029.88342048,3029.83198870,0.10570290,178.41237668,0.01998483,0.01998483,37076,114,0
5390.38141991,5390.37979393,0.00000000,3037.29970772,0.23647922,178.35306228,0.01998484,0.01998483,37075,114,1
5390.52396068,5390.52522770,3044.56676255,3044.50272893,0.06593251,178.29484037,0.01998483,0.01998483,37074,114,0
5390.67123866,5390.67066927,3051.92144178,3051.95025073,0.14734886,178.23359943,0.01998484,0.01998483,37073,114,0
5390.81965046,5390.81611866,0.00000000,3059.45769583,0.14260850,178.17079282,0.01998485,0.01998483,37072,114,1
5390.96478092,5390.96157587,0.00000000,3066.81210942,0.17072847,178.10822202,0.01998485,0.01998483,37071,114,1
5391.11386981,5391.10704088,0.00000000,3074.37559263,0.14632876,178.04279434,0.01998486,0.01998483,37070,114,1
5391.24972883,5391.25251371,0.00000000,3081.27541361,0.10181324,177.98215414,0.01998482,0.01998483,37069,114,1
5391.39249259,5391.39799435,0.00000000,3088.53364273,0.07986609,177.91738220,0.01998481,0.01998483,37068,114,1
5391.54797009,5391.54348281,0.00000000,3096.44730241,0.16357541,177.84561417,0.01998485,0.01998483,37067,114,1
5391.68617017,5391.68897909,0.00000000,3103.48950882,0.12421470,177.78074307,0.01998482,0.01998483,37066,114,1
nan,nan,0.00000000,-1.00000000,0.00000000,177.71992713,nan,0.00000000,-2147483648,114,1
5391.97942231,5391.97999508,3118.49674223,3118.46748083,0.15872418,177.63961904,0.01998483,0.01998483,37064,114,0
5392.12204063,5392.12551481,0.00000000,3125.74929061,0.12193733,177.56946080,0.01998482,0.01998483,37063,114,1
5392.27297107,5392.27104235,0.00000000,3133.47481865,0.07980908,177.49392009,0.01998484,0.01998483,37062,114,1
5392.42149109,5392.41657770,0.00000000,3141.08583202,0.13710614,177.41838432,0.01998485,0.01998484,37061,114,1
5392.57359087,5392.56212088,0.00000000,3148.88944091,0.15190617,177.33978836,0.01998488,0.01998484,37060,114,1
5392.70686143,5392.70767188,3155.78379871,3155.74214695,0.13540631,177.26981055,0.01998483,0.01998484,37059,114,0
nan,nan,0.00000000,-1.00000000,0.00000000,177.20512377,nan,0.00000000,-2147483648,114,1
5392.99888353,5392.99879733,3170.76247057,3170.76691012,0.13890014,177.11324341,0.01998484,0.01998484,37057,114,0
5393.12604003,nan,0.00000000,3177.31172216,0.08775289,177.04369463,0.01998531,0.01998484,37057,114,1
5393.29629241,5393.28995407,0.00000000,3186.09578945,0.09569228,176.94906476,0.01998486,0.01998484,37055,114,1
5393.43424987,5393.43554417,3193.29650202,3193.22960678,0.08045005,176.87112879,0.01998483,0.01998484,37054,114,0
5393.58454051,5393.58114209,0.00000000,3200.99480408,0.12201161,176.78519068,0.01998485,0.01998484,37053,114,1
5393.72670495,5393.72674784,3208.36527300,3208.36305098,0.14121037,176.70258126,0.01998484,0.01998484,37052,114,0
5393.87439459,5393.87236141,0.00000000,3216.01130974,0.09860409,176.61573626,0.01998484,0.01998484,37051,114,1
5394.01040532,nan,0.00000000,3223.06962277,0.13879912,176.53459930,0.01998481,0.01998484,37050,114,1
nan,nan,0.00000000,-1.00000000,0.00000000,176.43057983,nan,0.00000000,-2147483648,114,1
5394.31016100,5394.30924907,3238.61318070,3238.66064189,0.11420140,176.35200684,0.01998484,0.01998484,37048,114,0
5394.45557717,5394.45489394,3246.19747153,3246.23307042,0.12128916,176.26164940,0.01998484,0.01998484,37047,114,0
5394.59749713,5394.60054663,0.00000000,3253.62550763,0.10422740,176.17238412,0.01998483,0.01998484,37046,114,1
5394.75144547,5394.74620716,0.00000000,3261.66191252,0.21896261,176.07415977,0.01998486,0.01998484,37045,114,1
5394.88604127,5394.89187551,0.00000000,3268.69629956,0.13737224,175.98717108,0.01998482,0.01998484,37044,114,1
5395.03410685,5395.03755168,0.00000000,3276.44355244,0.17295463,175.89027447,0.01998483,0.01998484,37043,114,1
5395.18267551,5395.18323569,3284.25951694,3284.23015373,0.13261530,175.79173190,0.01998484,0.01998484,37042,114,0
5395.32804191,5395.32892753,3291.90089789,3291.85442017,0.12076440,175.69412299,0.01998484,0.01998484,37041,114,0
5395.46548222,5395.47462719,0.00000000,3299.06789209,0.00494284,175.60075239,0.01998480,0.01998484,37040,114,1
5395.61628310,5395.62033468,0.00000000,3306.99582722,0.07112276,175.49698899,0.01998482,0.01998484,37039,114,1
5395.75715464,nan,0.00000000,3314.41064556,0.10253069,175.39885651,0.01998481,0.01998484,37038,114,1
5395.91203061,5395.91177317,3322.56253704,3322.57611249,0.05761177,175.28957631,0.01998484,0.01998484,37037,114,0
5396.05459829,5396.05750415,0.00000000,3330.09503945,0.18640078,175.18782442,0.01998483,0.01998484,37036,114,1
5396.20114418,5396.20324297,0.00000000,3337.83671748,0.18151684,175.08193165,0.01998483,0.01998484,37035,114,1
5396.36672020,5396.34898963,0.00000000,3346.59506533,0.02046741,174.96075486,0.01998490,0.01998484,37034,114,1
5396.49408125,5396.49474411,3353.37708693,3353.34196497,0.14587444,174.86641033,0.01998484,0.01998484,37033,114,0
5396.64098818,5396.64050643,3361.10516283,3361.13072049,0.15590237,174.75641794,0.01998484,0.01998484,37032,114,0
5396.77995674,5396.78627659,0.00000000,3368.50659026,0.13552342,174.65119015,0.01998482,0.01998484,37031,114,1
5396.92877865,5396.93205458,0.00000000,3376.41635227,0.11530488,174.53719325,0.01998483,0.01998484,37030,114,1
5397.07423817,5397.07784040,0.00000000,3384.15698442,0.10434537,174.42447936,0.01998483,0.01998484,37029,114,1
5397.22198716,5397.22363406,0.00000000,3392.02918090,0.17418341,174.30867847,0.01998483,0.01998484,37028,114,1
5397.37261589,5397.36943556,0.00000000,3400.06494648,0.15207141,174.18925338,0.01998485,0.01998484,37027,114,1
5397.51036612,5397.51524490,0.00000000,3407.42265781,0.14423289,174.07882618,0.01998482,0.01998484,37026,114,1
5397.65367454,5397.66106207,0.00000000,3415.08640138,0.18793744,173.96270915,0.01998481,0.01998484,37025,114,1
5397.81732796,5397.80688708,0.00000000,3423.84959613,0.26174739,173.82856246,0.01998488,0.01998484,37024,114,1
5397.94687988,5397.95271993,0.00000000,3430.79544363,0.21843716,173.72119629,0.01998482,0.01998484,37023,114,1
5398.10459601,5398.09856061,0.00000000,3439.26171029,0.14447876,173.58908524,0.01998486,0.01998484,37022,114,1
5398.24316842,5398.24440914,0.00000000,3446.70980476,0.09793075,173.47173324,0.01998484,0.01998484,37021,114,1
5398.38970256,5398.39026551,3454.63476812,3454.60445305,0.03793556,173.34619183,0.01998484,0.01998484,37020,114,0
5398.53469541,5398.53612972,0.00000000,3462.40809045,0.14857609,173.22093113,0.01998484,0.01998484,37019,114,1
5398.67967082,5398.68200177,0.00000000,3470.22954270,0.15804491,173.09422081,0.01998483,0.01998484,37018,114,1
5398.82713258,5398.82788166,3478.24615147,3478.20565635,0.09608484,172.96380525,0.01998484,0.01998484,37017,114,0
5398.98636216,5398.97376940,0.00000000,3486.80809647,0.28190959,172.82179104,0.01998489,0.01998484,37016,114,1
5399.13039254,5399.11966498,0.00000000,3494.60913253,0.00175426,172.69178876,0.01998488,0.01998484,37015,114,1
5399.26037180,5399.26556840,0.00000000,3501.65756811,0.12745311,172.57333211,0.01998482,0.01998484,37014,114,1
5399.40772799,5399.41147966,0.00000000,3509.65803186,0.13287827,172.43772968,0.01998483,0.01998484,37013,114,1
5399.55538869,5399.55739877,0.00000000,3517.68543331,0.09074581,172.30044621,0.01998483,0.01998484,37012,114,1
5399.69494090,5399.70332573,0.00000000,3525.28163549,0.13816594,172.16940768,0.01998481,0.01998484,37011,114,1
5399.83763212,5399.84926053,0.00000000,3533.05839549,0.04294528,172.03411687,0.01998480,0.01998484,37010,114,1
5399.99070288,5399.99520318,0.00000000,3541.41178676,0.14961782,171.88751254,0.01998483,0.01998484,37009,114,1
5400.14159048,5400.14115368,3549.64308721,3549.66696288,0.13957628,171.74132754,0.01998484,0.01998484,37008,114,0
5400.28052150,5400.28711202,0.00000000,3557.25897313,0.12559747,171.60574159,0.01998482,0.01998484,37007,114,1
5400.43409842,5400.43307821,3565.61998926,3565.67590008,0.01952510,171.45414176,0.01998485,0.01998484,37006,114,0
5400.57520932,5400.57905225,0.00000000,3573.41452739,0.19355576,171.31356992,0.01998483,0.01998484,37005,114,1
5400.72620313,5400.72503413,3581.64346040,3581.70771602,0.09254600,171.16166011,0.01998485,0.01998484,37004,114,0
5400.87150592,5400.87102387,3589.67389730,3589.70043226,0.12930756,171.01401639,0.01998485,0.01998484,37003,114,0
5401.01630363,5401.01702146,3597.71607369,3597.67650641,0.11441483,170.86546905,0.01998484,0.01998484,37002,114,0
5401.16608393,5401.16302690,0.00000000,3605.93714994,0.17010041,170.71034669,0.01998485,0.01998484,37001,114,1
5401.30556231,5401.30904019,0.00000000,3613.63966597,0.12955823,170.56453625,0.01998483,0.01998484,37000,114,1
5401.45659944,5401.45506133,0.00000000,3621.99153584,0.18298251,170.40515887,0.01998485,0.01998484,36999,114,1
5401.59669252,5401.60109032,0.00000000,3629.74853540,0.14773988,170.25594565,0.01998483,0.01998484,36998,114,1
5401.74124092,5401.74712717,0.00000000,3637.76265990,0.18691636,170.10058521,0.01998482,0.01998484,36997,114,1
5401.88378946,5401.89317187,0.00000000,3645.67632613,0.09730621,169.94597446,0.01998481,0.01998484,36996,114,1
5402.04046724,5402.03922442,3654.31190579,3654.38106556,0.09054472,169.77453386,0.01998485,0.01998484,36995,114,0
5402.18550141,5402.18528483,3662.44585826,3662.45792869,0.17026762,169.61417158,0.01998485,0.01998484,36994,114,0
5402.32636198,5402.33135309,0.00000000,3670.31237569,0.07449473,169.45703655,0.01998483,0.01998484,36993,114,1
5402.46991019,5402.47742921,0.00000000,3678.32478152,0.08934470,169.29553382,0.01998482,0.01998484,36992,114,1
5402.62644593,5402.62351318,0.00000000,3687.07431779,0.16025644,169.11778012,0.01998486,0.01998484,36991,114,1
5402.75700266,5402.76960501,0.00000000,3694.38154291,0.13760451,168.96821382,0.01998480,0.01998484,36990,114,1
5402.90404720,5402.91570470,0.00000000,3702.62228142,0.16350629,168.79832345,0.01998480,0.01998484,36989,114,1
5402.90404720,5402.91570470,0.00000000,3702.62228142,0.16350629,168.79832345,0.01998480,0.01998484,36989,114,1
5403.06248288,5403.06181225,3711.48450200,3711.52217138,0.09605101,168.61339562,0.01998485,0.01998485,36988,114,0
5403.20290536,5403.20792765,0.00000000,3719.40613855,0.23677391,168.44832106,0.01998483,0.01998485,36987,114,1
5403.33374861,nan,0.00000000,3726.76918252,0.19496807,168.29308787,0.01998477,0.01998485,36986,114,1
5403.49777120,5403.50018204,0.00000000,3736.01223786,0.35057685,168.09676198,0.01998484,0.01998485,36985,114,1
5403.64507670,5403.64632102,0.00000000,3744.32551634,0.10449729,167.91879969,0.01998484,0.01998485,36984,114,1
5403.79997970,5403.79246786,0.00000000,3753.08014591,0.18178897,167.72997142,0.01998487,0.01998485,36983,114,1
5403.95175640,5403.93862257,0.00000000,3761.67065121,0.02222188,167.54326930,0.01998489,0.01998485,36982,114,1
5404.09822151,5404.08478513,0.00000000,3769.97236569,0.20218858,167.36151315,0.01998490,0.01998485,36981,114,1
5404.24103794,5404.23095556,0.00000000,3778.07852012,0.14255676,167.18277680,0.01998488,0.01998485,36980,114,1
5404.37170115,5404.37713385,0.00000000,3785.50463659,0.12434573,167.01794083,0.01998483,0.01998485,36979,114,1
5404.53589314,5404.52332001,0.00000000,3794.84962150,0.08175715,166.80902569,0.01998489,0.01998485,36978,114,1
5404.64452061,nan,0.00000000,3801.04032133,0.35855724,166.66971520,0.01998475,0.01998485,36977,114,1
5404.82558004,5404.81571591,0.00000000,3811.37345548,0.17532028,166.43556771,0.01998488,0.01998485,36976,114,1
nan,nan,0.00000000,-1.00000000,0.00000000,166.23854061,nan,0.00000000,-2147483648,114,1
5405.10273347,5405.10814326,0.00000000,3827.22607198,0.19801520,166.07241384,0.01998483,0.01998485,36974,114,1
5405.24725735,5405.25436874,0.00000000,3835.50961602,0.14299900,165.88075806,0.01998482,0.01998485,36973,114,1
5405.39497233,5405.40060209,0.00000000,3843.98822108,0.18802511,165.68324218,0.01998483,0.01998485,36972,114,1
5405.53027737,5405.54684330,0.00000000,3851.76534768,0.06438729,165.50086971,0.01998479,0.01998485,36971,114,1
nan,nan,0.00000000,-1.00000000,0.00000000,165.30651895,nan,0.00000000,-2147483648,114,1
5405.83898437,5405.83934932,3869.57008155,3869.54903204,0.15078148,165.07953782,0.01998485,0.01998485,36969,114,0
5405.97282496,5405.98561414,0.00000000,3877.27517269,0.13283739,164.89462252,0.01998480,0.01998485,36968,114,1
5406.12746736,5406.13188682,0.00000000,3886.21575181,0.12918578,164.67922974,0.01998483,0.01998485,36967,114,1
5406.27791016,5406.27816738,3894.94002218,3894.92511547,0.28313651,164.46795143,0.01998485,0.01998485,36966,114,0
5406.40554873,5406.42445580,0.00000000,3902.32774456,0.08013404,164.28724338,0.01998478,0.01998485,36965,114,1
5406.56301454,5406.57075210,0.00000000,3911.47126918,0.19456399,164.06260524,0.01998482,0.01998485,36964,114,1
5406.72194899,5406.71705626,0.00000000,3920.71481126,0.12259963,163.83390076,0.01998487,0.01998485,36963,114,1
5406.86982942,5406.86336830,0.00000000,3929.32881826,0.27128889,163.61931614,0.01998487,0.01998485,36962,114,1
nan,nan,0.00000000,-1.00000000,0.00000000,163.45216433,nan,0.00000000,-2147483648,114,1
5407.15528260,5407.15601600,3946.03699018,3945.99411416,0.17712368,163.20017753,0.01998485,0.01998485,36960,114,0
5407.15528260,5407.15601600,3946.03699018,3945.99411416,0.17712368,163.20017753,0.01998485,0.01998485,36960,114,0
5407.30713082,5407.30235166,0.00000000,3954.87747420,0.34680048,162.97460991,0.01998487,0.01998485,36959,114,1
nan,nan,0.00000000,-1.00000000,0.00000000,162.79267503,nan,0.00000000,-2147483648,114,1
nan,nan,0.00000000,-1.00000000,0.00000000,162.53561932,nan,0.00000000,-2147483648,114,1
nan,nan,0.00000000,-1.00000000,0.00000000,162.48398115,nan,0.00000000,-2147483648,114,1
nan,nan,0.00000000,-1.00000000,0.00000000,162.32861266,nan,0.00000000,-2147483648,114,1
nan,nan,0.00000000,-1.00000000,0.00000000,162.27667183,nan,0.00000000,-2147483648,114,1
5407.90472381,5407.88777304,0.00000000,3989.97668163,0.04445157,162.06876152,0.01998491,0.01998485,36955,114,1
5407.90472381,5407.88777304,0.00000000,3989.97668163,0.04445157,162.06876152,0.01998491,0.01998485,36955,114,1
5408.04508744,nan,0.00000000,3998.25233594,0.24029098,161.85178670,0.01998489,0.01998485,36954,114,1
5408.18931816,5408.18053098,0.00000000,4006.76858535,0.20931906,161.62715175,0.01998488,0.01998485,36953,114,1
5408.31883320,5408.32692177,0.00000000,4014.42685943,0.27577018,161.42397677,0.01998482,0.01998485,36952,114,1
5408.45873537,5408.47332044,0.00000000,4022.71099609,0.12961731,161.20294919,0.01998480,0.01998485,36951,114,1
5408.45873537,5408.47332044,0.00000000,4022.71099609,0.12961731,161.20294919,0.01998480,0.01998485,36951,114,1
5408.63744904,5408.61972698,0.00000000,4033.31101850,0.09854584,160.91823998,0.01998492,0.01998485,36950,114,1
5408.76574789,5408.76614140,4040.96787157,4040.94446797,0.26290802,160.71189558,0.01998485,0.01998485,36949,114,0
5408.76574789,5408.76614140,4040.96787157,4040.94446797,0.26290802,160.71189558,0.01998485,0.01998485,36949,114,0
nan,nan,0.00000000,-1.00000000,0.00000000,160.49294746,nan,0.00000000,-2147483648,114,1
nan,nan,0.00000000,-1.00000000,0.00000000,160.41109457,nan,0.00000000,-2147483648,114,1
nan,nan,0.00000000,-1.00000000,0.00000000,160.27429523,nan,0.00000000,-2147483648,114,1
5409.20776070,5409.20543196,0.00000000,4067.27196580,0.04286245,159.99177377,0.01998486,0.01998485,36946,114,1
5409.36295612,5409.35187790,0.00000000,4076.54924521,0.17628743,159.73489738,0.01998489,0.01998485,36945,114,1
5409.53089595,nan,0.00000000,4086.60572938,0.05993023,159.45460974,0.01998497,0.01998485,36944,114,1
5409.53089595,nan,0.00000000,4086.60572938,0.05993023,159.45460974,0.01998497,0.01998485,36944,114,1
nan,nan,0.00000000,-1.00000000,0.00000000,159.27539969,nan,0.00000000,-2147483648,114,1
nan,nan,0.00000000,-1.00000000,0.00000000,169.48093089,nan,0.00000000,-2147483648,113,1
5374.96818338,nan,0.00000000,394.11287416,0.15987133,169.86991736,0.01998521,0.01998482,37182,113,1
5374.96818338,nan,0.00000000,394.11287416,0.15987133,169.86991736,0.01998521,0.01998482,37182,113,1
5374.96818338,nan,0.00000000,394.11287416,0.15987133,169.86991736,0.01998521,0.01998482,37182,113,1
5375.24263453,nan,0.00000000,404.02685861,0.18622490,170.29130661,0.01998515,0.01998482,37180,113,1
5375.24263453,nan,0.00000000,404.02685861,0.18622490,170.29130661,0.01998515,0.01998482,37180,113,1
nan,nan,0.00000000,-1.00000000,0.00000000,170.54429018,nan,0.00000000,-2147483648,113,1
5375.66789316,nan,0.00000000,419.40834273,0.25336500,170.94139105,0.01998512,0.01998482,37177,113,1
nan,nan,0.00000000,-1.00000000,0.00000000,171.34449677,nan,0.00000000,-2147483648,113,1
nan,nan,0.00000000,-1.00000000,0.00000000,171.67937255,nan,0.00000000,-2147483648,113,1
nan,nan,0.00000000,-1.00000000,0.00000000,171.97139067,nan,0.00000000,-2147483648,113,1
nan,nan,0.00000000,-1.00000000,0.00000000,172.17940464,nan,0.00000000,-2147483648,113,1
5376.60569590,5376.59912790,0.00000000,453.41441037,0.26871668,172.36266134,0.01998484,0.01998482,37170,113,1
nan,nan,0.00000000,-1.00000000,0.00000000,172.92431894,nan,0.00000000,-2147483648,113,1
nan,nan,0.00000000,-1.00000000,0.00000000,173.00670689,nan,0.00000000,-2147483648,113,1
nan,nan,0.00000000,-1.00000000,0.00000000,173.37651139,nan,0.00000000,-2147483648,113,1
5377.43035203,nan,0.00000000,483.41628714,0.26322188,173.59832090,0.01998522,0.01998482,37165,113,1
5377.43035203,nan,0.00000000,483.41628714,0.26322188,173.59832090,0.01998522,0.01998482,37165,113,1
5377.62442281,5377.61214969,0.00000000,490.49031988,0.08014387,173.88717880,0.01998487,0.01998482,37163,113,1
5377.76066408,5377.75689813,0.00000000,495.45951549,0.07954653,174.08951967,0.01998483,0.01998482,37162,113,1
5377.93135925,nan,0.00000000,501.68897511,0.27668263,174.34251392,0.01998493,0.01998482,37161,113,1
5377.93135925,nan,0.00000000,501.68897511,0.27668263,174.34251392,0.01998493,0.01998482,37161,113,1
nan,nan,0.00000000,-1.00000000,0.00000000,174.75964916,nan,0.00000000,-2147483648,113,1
nan,nan,0.00000000,-1.00000000,0.00000000,174.88063522,nan,0.00000000,-2147483648,113,1
nan,nan,0.00000000,-1.00000000,0.00000000,175.04168368,nan,0.00000000,-2147483648,113,1
nan,nan,0.00000000,-1.00000000,0.00000000,175.16227032,nan,0.00000000,-2147483648,113,1
nan,nan,0.00000000,-1.00000000,0.00000000,175.24256632,nan,0.00000000,-2147483648,113,1
nan,nan,0.00000000,-1.00000000,0.00000000,175.32278623,nan,0.00000000,-2147483648,113,1
5378.75728203,5378.77035470,0.00000000,531.88771041,0.15837854,175.55850039,0.01998477,0.01998482,37155,113,1
5378.75728203,5378.77035470,0.00000000,531.88771041,0.15837854,175.55850039,0.01998477,0.01998482,37155,113,1
5378.91313949,5378.91516528,537.67277914,537.59856109,0.08577136,175.78650403,0.01998481,0.01998482,37154,113,0
5379.06030495,5379.05998363,542.98004787,542.99182712,0.04871205,176.00125866,0.01998482,0.01998482,37153,113,0
5379.21576641,5379.20480975,0.00000000,548.69257192,0.23169389,176.22765529,0.01998486,0.01998482,37152,113,1
5379.34785151,5379.34964363,553.60562742,553.53984394,0.32717898,176.41967123,0.01998482,0.01998482,37151,113,0
5379.64033824,5379.63933471,564.24612987,564.28301216,0.56020245,176.84364940,0.01998483,0.01998482,37149,113,0
5379.64033824,5379.63933471,564.24612987,564.28301216,0.56020245,176.84364940,0.01998483,0.01998482,37149,113,0
5379.76532859,5379.78419191,0.00000000,568.87458723,0.17263034,177.02418579,0.01998475,0.01998482,37148,113,1
nan,nan,0.00000000,-1.00000000,0.00000000,177.34268646,nan,0.00000000,-2147483648,113,1
nan,nan,0.00000000,-1.00000000,0.00000000,177.45996325,nan,0.00000000,-2147483648,113,1
nan,nan,0.00000000,-1.00000000,0.00000000,177.69400318,nan,0.00000000,-2147483648,113,1
5380.53302472,5380.50859449,0.00000000,597.13879842,0.22063631,178.12667445,0.01998491,0.01998482,37143,113,1
nan,nan,0.00000000,-1.00000000,0.00000000,178.70026160,nan,0.00000000,-2147483648,113,1
nan,nan,0.00000000,-1.00000000,0.00000000,178.96897977,nan,0.00000000,-2147483648,113,1
nan,nan,0.00000000,-1.00000000,0.00000000,179.16035049,nan,0.00000000,-2147483648,113,1
nan,nan,0.00000000,-1.00000000,0.00000000,179.35124551,nan,0.00000000,-2147483648,113,1
5381.53254547,5381.52308465,0.00000000,634.06416631,0.12199741,179.54410544,0.01998486,0.01998482,37136,113,1
nan,nan,0.00000000,-1.00000000,0.00000000,179.73160843,nan,0.00000000,-2147483648,113,1
5381.81022553,5381.81300897,0.00000000,644.34805587,0.10966116,179.93424767,0.01998481,0.01998482,37134,113,1
5381.94887371,5381.95798281,0.00000000,649.48707633,0.08514589,180.12845372,0.01998479,0.01998482,37133,113,1
nan,nan,0.00000000,-1.00000000,0.00000000,180.33623101,nan,0.00000000,-2147483648,113,1
5382.25467389,5382.24795381,0.00000000,660.83149166,0.22271044,180.55538537,0.01998485,0.01998482,37131,113,1
5382.25467389,5382.24795381,0.00000000,660.83149166,0.22271044,180.55538537,0.01998485,0.01998482,37131,113,1
nan,nan,0.00000000,-1.00000000,0.00000000,180.78650087,nan,0.00000000,-2147483648,113,1
5382.67422863,5382.68296868,0.00000000,676.41810630,0.44037901,181.13797219,0.01998479,0.01998483,37128,113,1
5382.67422863,5382.68296868,0.00000000,676.41810630,0.44037901,181.13797219,0.01998479,0.01998483,37128,113,1
5382.67422863,5382.68296868,0.00000000,676.41810630,0.44037901,181.13797219,0.01998479,0.01998483,37128,113,1
5382.82983820,5382.82798920,0.00000000,682.20561103,0.26470461,181.35311682,0.01998483,0.01998483,37127,113,1
5382.97772714,5382.97301750,0.00000000,687.70926174,0.23668882,181.55711809,0.01998484,0.01998483,37126,113,1
5383.13182617,5383.11805358,0.00000000,693.44744333,0.23926596,181.76919874,0.01998488,0.01998483,37125,113,1
5383.27013014,5383.26309745,0.00000000,698.60044524,0.26197866,181.95911731,0.01998485,0.01998483,37124,113,1
5383.40457817,5383.40814911,0.00000000,703.61248817,0.14340166,182.14335585,0.01998481,0.01998483,37123,113,1
5383.55122090,5383.55320855,0.00000000,709.08218272,0.18456874,182.34387165,0.01998482,0.01998483,37122,113,1
nan,nan,0.00000000,-1.00000000,0.00000000,182.56017402,nan,0.00000000,-2147483648,113,1
nan,nan,0.00000000,-1.00000000,0.00000000,182.70600060,nan,0.00000000,-2147483648,113,1
5384.12878869,5384.13352418,0.00000000,730.65620613,0.24984209,183.12920988,0.01998481,0.01998483,37118,113,1
5384.12878869,5384.13352418,0.00000000,730.65620613,0.24984209,183.12920988,0.01998481,0.01998483,37118,113,1
5384.25961886,5384.27862255,0.00000000,735.55004248,0.27873284,183.30612261,0.01998476,0.01998483,37117,113,1
5384.41818499,5384.42372871,0.00000000,741.48480342,0.02299361,183.52005320,0.01998481,0.01998483,37116,113,1
nan,nan,0.00000000,-1.00000000,0.00000000,183.89744849,nan,0.00000000,-2147483648,113,1
nan,nan,0.00000000,-1.00000000,0.00000000,183.96899116,nan,0.00000000,-2147483648,113,1
nan,nan,0.00000000,-1.00000000,0.00000000,184.07616239,nan,0.00000000,-2147483648,113,1
5385.00044441,5385.00423126,0.00000000,763.30980649,0.09784820,184.30101311,0.01998481,0.01998483,37112,113,1
5385.00044441,5385.00423126,0.00000000,763.30980649,0.09784820,184.30101311,0.01998481,0.01998483,37112,113,1
5385.15843651,5385.14937638,0.00000000,769.24068749,0.05765107,184.51166969,0.01998486,0.01998483,37111,113,1
5385.42917781,5385.43968998,0.00000000,779.41286015,0.15343572,184.87141169,0.01998479,0.01998483,37109,113,1
5385.42917781,5385.43968998,0.00000000,779.41286015,0.15343572,184.87141169,0.01998479,0.01998483,37109,113,1
5385.58898262,5385.58485847,0.00000000,785.42219863,0.04086347,185.08300808,0.01998484,0.01998483,37108,113,1
5385.73685226,5385.73003475,0.00000000,790.98618681,0.10305378,185.27831008,0.01998485,0.01998483,37107,113,1
5385.73685226,5385.73003475,0.00000000,790.98618681,0.10305378,185.27831008,0.01998485,0.01998483,37107,113,1
5385.89654340,5385.87521883,0.00000000,796.99873517,0.17626523,185.48869439,0.01998491,0.01998483,37106,113,1
5385.89654340,5385.87521883,0.00000000,796.99873517,0.17626523,185.48869439,0.01998491,0.01998483,37106,113,1
5386.16684311,5386.16561037,807.12610340,807.17257981,0.04752390,185.84311825,0.01998483,0.01998483,37104,113,0
5386.31709443,5386.31081783,0.00000000,812.85161516,0.17035748,186.04010033,0.01998485,0.01998483,37103,113,1
5386.45581666,5386.45603309,818.08197438,818.07380482,0.05884930,186.22069432,0.01998483,0.01998483,37102,113,0
5386.59656307,5386.60125615,0.00000000,823.40134736,0.15129329,186.40439650,0.01998481,0.01998483,37101,113,1
5386.73957133,5386.74648700,0.00000000,828.80445864,0.11366905,186.59015236,0.01998480,0.01998483,37100,113,1
5386.90284232,5386.89172565,0.00000000,834.97699719,0.12095557,186.80168036,0.01998487,0.01998483,37099,113,1
5387.03837568,5387.03697210,840.03671758,840.08982605,0.16203759,186.97634353,0.01998483,0.01998483,37098,113,0
nan,nan,0.00000000,-1.00000000,0.00000000,187.14361503,nan,0.00000000,-2147483648,113,1
5387.31160015,5387.32748839,0.00000000,850.44840990,0.18819962,187.32868483,0.01998477,0.01998483,37096,113,1
5387.31160015,5387.32748839,0.00000000,850.44840990,0.18819962,187.32868483,0.01998477,0.01998483,37096,113,1
5387.46125067,5387.47275823,0.00000000,856.11915473,0.16899853,187.52070641,0.01998479,0.01998483,37095,113,1
5387.61666620,5387.61803588,862.04926663,861.99731675,0.28248553,187.71910504,0.01998482,0.01998483,37094,113,0
nan,nan,0.00000000,-1.00000000,0.00000000,187.92102735,nan,0.00000000,-2147483648,113,1
nan,nan,0.00000000,-1.00000000,0.00000000,188.12217358,nan,0.00000000,-2147483648,113,1
5388.04974740,5388.05391563,0.00000000,878.45316498,0.16993761,188.27101984,0.01998482,0.01998483,37091,113,1
5388.20932015,5388.19922448,0.00000000,884.51847065,0.13399667,188.47314404,0.01998487,0.01998483,37090,113,1
5388.34568128,5388.34454113,889.64823670,889.69162115,0.05652777,188.64498379,0.01998483,0.01998483,37089,113,0
nan,nan,0.00000000,-1.00000000,0.00000000,188.85384331,nan,0.00000000,-2147483648,113,1
nan,nan,0.00000000,-1.00000000,0.00000000,188.91990160,nan,0.00000000,-2147483648,113,1
nan,nan,0.00000000,-1.00000000,0.00000000,188.98588369,nan,0.00000000,-2147483648,113,1
nan,nan,0.00000000,-1.00000000,0.00000000,189.18337281,nan,0.00000000,-2147483648,113,1
5388.92469456,5388.92588580,911.79931519,911.75386714,0.18289827,189.37211635,0.01998483,0.01998483,37085,113,0
5389.06909734,5389.07124148,0.00000000,917.26758415,0.12090627,189.55239055,0.01998482,0.01998483,37084,113,1
5389.22454883,5389.21660496,0.00000000,923.20130823,0.24687256,189.74575014,0.01998486,0.01998483,37083,113,1
nan,nan,0.00000000,-1.00000000,0.00000000,189.93406148,nan,0.00000000,-2147483648,113,1
5389.50253747,5389.50735535,0.00000000,933.82201711,0.14354772,190.09016769,0.01998481,0.01998483,37081,113,1
5389.65024848,5389.65274226,0.00000000,939.47043686,0.10553724,190.27246421,0.01998482,0.01998483,37080,113,1
5389.80818554,5389.79813697,0.00000000,945.51377561,0.36638185,190.46683325,0.01998487,0.01998483,37079,113,1
nan,nan,0.00000000,-1.00000000,0.00000000,190.67467245,nan,0.00000000,-2147483648,113,1
nan,nan,0.00000000,-1.00000000,0.00000000,190.80244557,nan,0.00000000,-2147483648,113,1
5390.23281925,5390.23436798,961.84288140,961.78349141,0.20824903,190.98665023,0.01998483,0.01998483,37076,113,0
5390.38024994,5390.37979393,967.42162787,967.43912729,0.07695079,191.16616637,0.01998484,0.01998483,37075,113,0
5390.51805621,5390.52522770,0.00000000,972.72615119,0.13262963,191.33343120,0.01998481,0.01998483,37074,113,1
5390.67562543,5390.67066927,0.00000000,978.77753737,0.03379717,191.52422440,0.01998485,0.01998483,37073,113,1
5390.81259699,5390.81611866,0.00000000,984.04116456,0.19156503,191.68961306,0.01998482,0.01998483,37072,113,1
5390.96614695,5390.96157587,0.00000000,989.94551889,0.11942157,191.87450582,0.01998485,0.01998483,37071,113,1
5391.10828583,5391.10704088,995.37459732,995.42251991,0.09724970,192.04542226,0.01998484,0.01998483,37070,113,0
5391.26135006,5391.25251371,0.00000000,1001.30761075,0.18490780,192.22843656,0.01998487,0.01998483,37069,113,1
5391.39557154,5391.39799435,0.00000000,1006.47840057,0.15571731,192.38869288,0.01998483,0.01998483,37068,113,1
nan,nan,0.00000000,-1.00000000,0.00000000,192.55925919,nan,0.00000000,-2147483648,113,1
5391.68843972,5391.68897909,1017.80009133,1017.77928266,0.13731527,192.73716323,0.01998483,0.01998483,37066,113,0
5391.83690055,5391.83448318,0.00000000,1023.50122708,0.13369930,192.91267518,0.01998484,0.01998483,37065,113,1
5391.83690055,5391.83448318,0.00000000,1023.50122708,0.13369930,192.91267518,0.01998484,0.01998483,37065,113,1
5392.13020366,5392.12551481,0.00000000,1034.83226439,0.22184789,193.25839632,0.01998485,0.01998483,37063,113,1
5392.27131410,5392.27104235,1040.28471118,1040.29522241,0.13665131,193.42420234,0.01998484,0.01998483,37062,113,0
5392.41704852,5392.41657770,1045.91575636,1045.93397902,0.06923172,193.59474751,0.01998484,0.01998484,37061,113,0
5392.56861254,nan,0.00000000,1051.79578652,0.11726194,193.77139647,0.01998486,0.01998484,37060,113,1
5392.70278462,5392.70767188,0.00000000,1056.99377405,0.15410839,193.92749300,0.01998482,0.01998484,37059,113,1
5392.85099011,5392.85323070,0.00000000,1062.73893998,0.17007904,194.09942226,0.01998483,0.01998484,37058,113,1
5392.99869291,5392.99879733,1068.47789557,1068.47384403,0.09640062,194.27041701,0.01998484,0.01998484,37057,113,0
5393.14968455,5393.14437179,0.00000000,1074.32900567,0.10175145,194.44435069,0.01998486,0.01998484,37056,113,1
5393.29153787,5393.28995407,1079.78089809,1079.84241926,0.10112429,194.60753504,0.01998484,0.01998484,37055,113,0
5393.44038048,5393.43554417,0.00000000,1085.62315532,0.08484688,194.77800929,0.01998485,0.01998484,37054,113,1
5393.58598131,5393.58114209,0.00000000,1091.28542906,0.07095668,194.94437256,0.01998485,0.01998484,37053,113,1
5393.73493924,5393.72674784,0.00000000,1097.08197921,0.06491554,195.11404795,0.01998487,0.01998484,37052,113,1
5393.89190314,5393.87236141,0.00000000,1103.19415607,0.20844855,195.29226855,0.01998491,0.01998484,37051,113,1
5394.01827530,5394.01798281,1108.10319470,1108.11459118,0.11662441,195.43522260,0.01998484,0.01998484,37050,113,0
5394.15563448,5394.16361202,0.00000000,1113.47331642,0.06918217,195.59038534,0.01998481,0.01998484,37049,113,1
5394.30392289,5394.30924907,0.00000000,1119.25820961,0.08895748,195.75727338,0.01998482,0.01998484,37048,113,1
5394.45339363,5394.45489394,1125.14348131,1125.08490648,0.25120927,195.92472253,0.01998483,0.01998484,37047,113,0
5394.59998498,5394.60054663,1130.83209054,1130.81014657,0.08228439,196.08862556,0.01998483,0.01998484,37046,113,0
5394.75054682,5394.74620716,0.00000000,1136.70429893,0.13915155,196.25671142,0.01998485,0.01998484,37045,113,1
5394.89087489,5394.89187551,1142.22279148,1142.18363973,0.11962959,196.41237388,0.01998483,0.01998484,37044,113,0
5395.04172352,5395.03755168,0.00000000,1148.09679942,0.12193113,196.57971853,0.01998485,0.01998484,37043,113,1
5395.17796832,5395.18323569,0.00000000,1153.43251583,0.11061140,196.73014916,0.01998482,0.01998484,37042,113,1
5395.33291631,5395.32892753,0.00000000,1159.50461462,0.11061336,196.90068039,0.01998485,0.01998484,37041,113,1
5395.48109766,5395.47462719,0.00000000,1165.31544863,0.07284574,197.06321590,0.01998486,0.01998484,37040,113,1
5395.61282467,nan,0.00000000,1170.48424930,0.19448833,197.20725199,0.01998481,0.01998484,37039,113,1
5395.77530755,5395.76605001,0.00000000,1176.86404535,0.04939638,197.38433182,0.01998487,0.01998484,37038,113,1
5395.91818238,5395.91177317,0.00000000,1182.47776035,0.13217864,197.53950615,0.01998486,0.01998484,37037,113,1
5395.91818238,5395.91177317,0.00000000,1182.47776035,0.13217864,197.53950615,0.01998486,0.01998484,37037,113,1
5396.20843001,5396.20324297,0.00000000,1193.89295177,0.21434498,197.85319165,0.01998486,0.01998484,37035,113,1
5396.34910082,5396.34898963,1199.41410160,1199.41847980,0.14853445,198.00413878,0.01998484,0.01998484,37034,113,0
5396.49473965,5396.49474411,1205.15506792,1205.15489214,0.08911965,198.16023093,0.01998484,0.01998484,37033,113,0
5396.64038379,5396.64050643,1210.90067648,1210.89584029,0.12544189,198.31581826,0.01998484,0.01998484,37032,113,0
5396.79040390,5396.78627659,0.00000000,1216.82624813,0.20349240,198.47588025,0.01998485,0.01998484,37031,113,1
5396.93160540,5396.93205458,1222.40537455,1222.38763708,0.18183302,198.62537302,0.01998484,0.01998484,37030,113,0
5397.07736012,5397.07784040,1228.16417006,1228.14519167,0.11742898,198.77951741,0.01998484,0.01998484,37029,113,0
5397.22329909,5397.22363406,1233.92706618,1233.91382136,0.09878283,198.93332432,0.01998484,0.01998484,37028,113,0
5397.36821632,5397.36943556,1239.69391439,1239.64567556,0.10260036,199.08552212,0.01998483,0.01998484,37027,113,0
5397.51162180,5397.51524490,0.00000000,1245.33011739,0.04292396,199.23584216,0.01998483,0.01998484,37026,113,1
5397.66320410,5397.66106207,0.00000000,1251.33276973,0.05466058,199.39390802,0.01998485,0.01998484,37025,113,1
5397.81150769,5397.80688708,0.00000000,1257.20958473,0.08743795,199.54799451,0.01998486,0.01998484,37024,113,1
5397.94518265,5397.95271993,0.00000000,1262.51010893,0.05943124,199.68640602,0.01998481,0.01998484,37023,113,1
5398.10751635,5398.09856061,0.00000000,1268.95135870,0.24894516,199.85388382,0.01998487,0.01998484,37022,113,1
5398.24089241,5398.24440914,0.00000000,1274.24716589,0.10009977,199.99098640,0.01998483,0.01998484,37021,113,1
5398.39286900,5398.39026551,0.00000000,1280.28545557,0.10250498,200.14665835,0.01998485,0.01998484,37020,113,1
nan,nan,0.00000000,-1.00000000,0.00000000,200.26771961,nan,0.00000000,-2147483648,113,1
5398.68670754,5398.68200177,0.00000000,1291.97207821,0.14727416,200.44597331,0.01998486,0.01998484,37018,113,1
5398.82614339,5398.82788166,1297.58616550,1297.51693192,0.03947201,200.58707552,0.01998483,0.01998484,37017,113,0
5398.97388433,5398.97376940,1303.39868243,1303.40326308,0.12826798,200.73622570,0.01998484,0.01998484,37016,113,0
5399.12194474,5399.11966498,0.00000000,1309.31143176,0.12266815,200.88526458,0.01998485,0.01998484,37015,113,1
5399.26412959,5399.26556840,1315.03627944,1314.97885897,0.07965641,201.02760483,0.01998484,0.01998484,37014,113,0
5399.41320237,5399.41147966,1320.86129559,1320.93009164,0.14825777,201.17641347,0.01998485,0.01998484,37013,113,0
5399.55340192,5399.55739877,0.00000000,1326.53454802,0.03854747,201.31593336,0.01998483,0.01998484,37012,113,1
5399.70420996,5399.70332573,1332.52358667,1332.55894343,0.02010321,201.46523918,0.01998485,0.01998484,37011,113,0
5399.84574915,5399.84926053,0.00000000,1338.22415783,0.15763789,201.60501154,0.01998483,0.01998484,37010,113,1
5399.99423358,5399.99520318,1344.20198577,1344.16316658,0.06771818,201.75088158,0.01998484,0.01998484,37009,113,0
5400.14417166,5400.14115368,0.00000000,1350.17306175,0.12220856,201.89780767,0.01998485,0.01998484,37008,113,1
5400.28395393,5400.28711202,0.00000000,1355.77568409,0.11769738,202.03415640,0.01998483,0.01998484,37007,113,1
5400.43853274,5400.43307821,0.00000000,1361.97562062,0.08302413,202.18434368,0.01998486,0.01998484,37006,113,1
5400.57844311,5400.57905225,1367.60822566,1367.58377188,0.14379853,202.31956384,0.01998484,0.01998484,37005,113,0
5400.72370518,5400.72503413,1373.47080211,1373.41741230,0.04871420,202.45958410,0.01998484,0.01998484,37004,113,0
5400.86953582,5400.87102387,1379.33804730,1379.27822117,0.04873107,202.59960262,0.01998484,0.01998484,37003,113,0
5401.01863202,5401.01702146,0.00000000,1385.28259285,0.09399726,202.74237129,0.01998485,0.01998484,37002,113,1
5401.16340523,5401.16302690,1391.08650422,1391.10173694,0.08534506,202.88007933,0.01998484,0.01998484,37001,113,0
5401.30964496,5401.30904019,1396.96750718,1396.99187413,0.03773039,203.01880940,0.01998485,0.01998484,37000,113,0
5401.45906055,5401.45506133,0.00000000,1403.02038258,0.12925089,203.16011303,0.01998486,0.01998484,36999,113,1
5401.60332871,5401.60109032,0.00000000,1408.83864179,0.05126564,203.29583095,0.01998485,0.01998484,36998,113,1
5401.74807242,5401.74712717,1414.63631811,1414.67447926,0.07143308,203.43131002,0.01998485,0.01998484,36997,113,0
5401.89026657,5401.89317187,0.00000000,1420.42250009,0.13353920,203.56411514,0.01998483,0.01998484,36996,113,1
5402.03928656,5402.03922442,1426.43628934,1426.43880124,0.05792070,203.70244344,0.01998484,0.01998484,36995,113,0
5402.18512559,5402.18528483,1432.34249016,1432.33604903,0.10927853,203.83736408,0.01998484,0.01998484,36994,113,0
5402.32713629,5402.33135309,0.00000000,1438.08950213,0.11856989,203.96835531,0.01998483,0.01998484,36993,113,1
5402.47547394,5402.47742921,0.00000000,1444.09662874,0.02559319,204.10444794,0.01998484,0.01998484,36992,113,1
5402.62254443,5402.62351318,1450.08613968,1450.04687668,0.10903919,204.23857307,0.01998484,0.01998484,36991,113,0
5402.76648253,5402.76960501,0.00000000,1455.89376251,0.09885683,204.36971012,0.01998483,0.01998484,36990,113,1
5402.91872008,5402.91570470,0.00000000,1462.07183059,0.08657535,204.50756619,0.01998486,0.01998484,36989,113,1
5403.06477582,5403.06181225,0.00000000,1468.00326791,0.17981664,204.63923360,0.01998486,0.01998485,36988,113,1
5403.20512618,5403.20792765,0.00000000,1473.70692327,0.08811685,204.76521138,0.01998484,0.01998485,36987,113,1
5403.34940738,5403.35405092,0.00000000,1479.57433507,0.12787541,204.89415819,0.01998483,0.01998485,36986,113,1
5403.50039728,5403.50018204,1485.69781346,1485.70657824,0.05804051,205.02822294,0.01998485,0.01998485,36985,113,0
5403.64798730,5403.64632102,1491.65106116,1491.71896650,0.08338614,205.15897055,0.01998485,0.01998485,36984,113,0
5403.79130935,5403.79246786,1497.60909480,1497.56184835,0.10685684,205.28537097,0.01998484,0.01998485,36983,113,0
5403.94097169,5403.93862257,0.00000000,1503.67390508,0.07725487,205.41689717,0.01998485,0.01998485,36982,113,1
5404.08442969,5404.08478513,1509.53814418,1509.52363000,0.17847022,205.54211041,0.01998484,0.01998485,36981,113,0
5404.22647659,5404.23095556,0.00000000,1515.32971083,0.05682249,205.66574359,0.01998483,0.01998485,36980,113,1
5404.37481724,5404.37713385,0.00000000,1521.39213618,0.08687715,205.79414858,0.01998484,0.01998485,36979,113,1
5404.52212489,5404.52332001,1527.46016176,1527.41127636,0.14756885,205.92094272,0.01998484,0.01998485,36978,113,0
5404.67080039,5404.66951402,1533.44209848,1533.49475168,0.12871787,206.04838937,0.01998485,0.01998485,36977,113,0
5404.81518976,5404.81571591,1539.42851318,1539.40696157,0.07045868,206.17157117,0.01998484,0.01998485,36976,113,0
5404.96279097,5404.96192565,1545.41972092,1545.45519300,0.11540905,206.29689654,0.01998485,0.01998485,36975,113,0
5405.10726839,5405.10814326,1551.41603028,1551.38013752,0.11878900,206.41899017,0.01998484,0.01998485,36974,113,0
5405.25304843,5405.25436874,1557.41753014,1557.36331945,0.13379337,206.54160381,0.01998484,0.01998485,36973,113,0
5405.39826916,5405.40060209,0.00000000,1563.33867795,0.06988225,206.66337505,0.01998484,0.01998485,36972,113,1
5405.55132651,5405.54684330,0.00000000,1569.62990623,0.08054999,206.79084675,0.01998486,0.01998485,36971,113,1
5405.69578585,5405.69309238,0.00000000,1575.57207865,0.03651021,206.91055204,0.01998486,0.01998485,36970,113,1
5405.84221589,5405.83934932,0.00000000,1581.59963839,0.10332621,207.03128876,0.01998486,0.01998485,36969,113,1
5405.98536031,5405.98561414,1587.49718556,1587.48672621,0.07670001,207.14854215,0.01998485,0.01998485,36968,113,0
5406.12859201,5406.13188682,0.00000000,1593.40048084,0.14578957,207.26566046,0.01998484,0.01998485,36967,113,1
5406.27809424,5406.27816738,1599.56050939,1599.55749163,0.06609866,207.38688685,0.01998485,0.01998485,36966,113,0
5406.42565725,5406.42445580,1605.59908197,1605.64869443,0.13777651,207.50610531,0.01998485,0.01998485,36965,113,0
5406.57300055,5406.57075210,0.00000000,1611.74667517,0.11183763,207.62474684,0.01998486,0.01998485,36964,113,1
5406.71613746,5406.71705626,1617.69067233,1617.65267436,0.10271835,207.73897638,0.01998484,0.01998485,36963,113,0
5406.86382728,5406.86336830,1623.74390412,1623.76290037,0.13560948,207.85645499,0.01998485,0.01998485,36962,113,0
5407.01098142,5407.00968822,1629.80207959,1629.85564322,0.02493094,207.97288763,0.01998485,0.01998485,36961,113,0
5407.15321136,5407.15601600,0.00000000,1635.76034925,0.05674812,208.08505054,0.01998484,0.01998485,36960,113,1
5407.30380826,5407.30235166,1641.93296781,1641.99338848,0.04202716,208.20272800,0.01998485,0.01998485,36959,113,0
5407.44814521,5407.44869519,1648.00553280,1647.98270315,0.12800241,208.31510512,0.01998485,0.01998485,36958,113,0
5407.58918055,5407.59504660,0.00000000,1653.85017529,0.12111739,208.42453188,0.01998483,0.01998485,36957,113,1
5407.74046768,5407.74140588,1660.16460992,1660.12560976,0.03700670,208.54083947,0.01998484,0.01998485,36956,113,0
5407.88966711,5407.88777304,0.00000000,1666.34151159,0.06284741,208.65530234,0.01998486,0.01998485,36955,113,1
5408.03647920,5408.03414807,0.00000000,1672.45144302,0.10935384,208.76709473,0.01998486,0.01998485,36954,113,1
5408.17932818,5408.18053098,1678.43911786,1678.38900527,0.11215816,208.87505030,0.01998484,0.01998485,36953,113,0
5408.32630550,5408.32692177,1684.54062301,1684.51492710,0.13122569,208.98572494,0.01998485,0.01998485,36952,113,0
5408.47275161,5408.47332044,1690.64729820,1690.62356143,0.08970072,209.09537362,0.01998485,0.01998485,36951,113,0
5408.62007675,5408.61972698,1696.75910717,1696.77371432,0.08658718,209.20504764,0.01998485,0.01998485,36950,113,0
5408.76749390,5408.76614140,1702.87593893,1702.93246452,0.09594957,209.31415107,0.01998485,0.01998485,36949,113,0
5408.91379399,5408.91256371,1708.99768110,1709.04913685,0.14660577,209.42179210,0.01998485,0.01998485,36948,113,0
5409.05628630,5409.05899389,0.00000000,1715.01910130,0.13635585,209.52616231,0.01998484,0.01998485,36947,113,1
5409.20541794,5409.20543196,1721.25544441,1721.25485739,0.07121766,209.63445240,0.01998485,0.01998485,36946,113,0
5409.34794033,5409.35187790,0.00000000,1727.23382260,0.09196164,209.73758565,0.01998484,0.01998485,36945,113,1
5409.49740762,5409.49833173,1733.53183413,1733.49307420,0.09214534,209.84482211,0.01998485,0.01998485,36944,113,0
5409.64290999,5409.64479344,0.00000000,1739.60603419,0.13541024,209.94882996,0.01998484,0.01998485,36943,113,1
5409.79196039,5409.79126303,1745.82748757,1745.85678114,0.10687726,210.05444410,0.01998485,0.01998485,36942,113,0
5409.93865292,5409.93774051,1751.98282066,1752.02117766,0.09653165,210.15786835,0.01998485,0.01998485,36941,113,0
5410.08163752,5410.08422587,0.00000000,1758.04287576,0.13061814,210.25819762,0.01998484,0.01998485,36940,113,1
5410.23243400,5410.23071911,0.00000000,1764.38953385,0.07328297,210.36319144,0.01998486,0.01998485,36939,113,1
5410.37658258,5410.37722024,1770.47984172,1770.45297209,0.08325448,210.46278123,0.01998485,0.01998485,36938,113,0
5410.52120452,5410.52372925,0.00000000,1776.55705931,0.08434505,210.56232930,0.01998484,0.01998485,36937,113,1
5410.66812432,5410.67024615,0.00000000,1782.75463604,0.06406517,210.66267386,0.01998484,0.01998485,36936,113,1
5410.81804977,5410.81677094,1789.02313683,1789.07714902,0.06891294,210.76428518,0.01998486,0.01998485,36935,113,0
5410.96057987,5410.96330362,0.00000000,1795.10555339,0.03633534,210.86045862,0.01998484,0.01998485,36934,113,1
5411.10944204,5411.10984418,1801.41066473,1801.39365426,0.04022721,210.96003535,0.01998485,0.01998485,36933,113,0
5411.25901241,5411.25639263,0.00000000,1807.72838395,0.08874611,211.05958671,0.01998486,0.01998485,36932,113,1
5411.40055657,5411.40294897,0.00000000,1813.72220366,0.10469901,211.15307476,0.01998484,0.01998485,36931,113,1
5411.54928280,5411.54951320,1820.02945382,1820.01968586,0.03803863,211.25055980,0.01998485,0.01998485,36930,113,0
5411.69623333,5411.69608532,1826.24562139,1826.25190080,0.11865433,211.34628858,0.01998485,0.01998485,36929,113,0
5411.84133376,5411.84266533,1832.46674067,1832.41020528,0.12450282,211.44015319,0.01998485,0.01998485,36928,113,0
5411.98957756,5411.98925323,1838.69287920,1838.70665972,0.08799081,211.53537435,0.01998485,0.01998485,36927,113,0
5412.13826922,5412.13584903,0.00000000,1845.03380516,0.05097321,211.63029667,0.01998486,0.01998485,36926,113,1
5412.28052007,5412.28245271,0.00000000,1851.08558967,0.14532735,211.72037227,0.01998485,0.01998485,36925,113,1
5412.42934624,5412.42906429,1857.40212857,1857.41413667,0.10072043,211.81381876,0.01998485,0.01998485,36924,113,0
5412.57679137,5412.57568376,1863.64906467,1863.69627524,0.12547202,211.90582317,0.01998486,0.01998485,36923,113,0
5412.71974050,nan,0.00000000,1869.80027451,0.12150201,211.99449639,0.01998484,0.01998485,36922,113,1
5412.86751224,nan,0.00000000,1876.10651939,0.12991699,212.08535996,0.01998485,0.01998485,36921,113,1
5413.01696948,5413.01558954,1882.42250146,1882.48146582,0.09367983,212.17644109,0.01998486,0.01998485,36920,113,0
5413.16148129,5413.16224059,1888.69145356,1888.65898192,0.02609735,212.26396063,0.01998485,0.01998485,36919,113,0
5413.31081504,5413.30889953,0.00000000,1895.05468012,0.07385186,212.35380298,0.01998486,0.01998485,36918,113,1
5413.45321120,5413.45556638,0.00000000,1901.15071515,0.10063962,212.43870832,0.01998485,0.01998485,36917,113,1
5413.60498198,5413.60224112,0.00000000,1907.65322797,0.08138317,212.52849236,0.01998486,0.01998485,36916,113,1
5413.75188655,5413.74892376,0.00000000,1913.95232221,0.03838226,212.61469724,0.01998487,0.01998485,36915,113,1
5413.89437346,5413.89561429,1920.11932579,1920.06604911,0.02228905,212.69764022,0.01998485,0.01998485,36914,113,0
5414.04094261,5414.04231273,1926.42023415,1926.36136524,0.09853816,212.78230037,0.01998485,0.01998485,36913,113,0
5414.19046402,5414.18901907,1932.72581475,1932.78794219,0.10735790,212.86794454,0.01998486,0.01998485,36912,113,0
5414.33570329,5414.33573331,1939.03623929,1939.03494762,0.06316563,212.95043915,0.01998485,0.01998485,36911,113,0
5414.48057325,5414.48245545,0.00000000,1945.27171085,0.09407109,213.03205456,0.01998485,0.01998485,36910,113,1
5414.62995511,5414.62918549,1951.67276349,1951.70593179,0.07928688,213.11547491,0.01998486,0.01998485,36909,113,0
5414.77736424,5414.77592344,1957.99943860,1958.06158713,0.11402132,213.19709991,0.01998486,0.01998485,36908,113,0
5414.92277803,5414.92266929,1964.33210007,1964.33679503,0.12385224,213.27693434,0.01998486,0.01998486,36907,113,0
5415.06954949,5415.06942304,1970.67078013,1970.67624418,0.04070962,213.35682189,0.01998486,0.01998486,36906,113,0
5415.21552754,5415.21618470,1977.01522356,1976.98680326,0.05206276,213.43558254,0.01998485,0.01998486,36905,113,0
5415.36054508,5415.36295427,0.00000000,1983.25963613,0.06530398,213.51311804,0.01998485,0.01998486,36904,113,1
5415.50718608,5415.50973174,0.00000000,1989.60790709,0.08227652,213.59082033,0.01998485,0.01998486,36903,113,1
5415.65301607,5415.65651712,0.00000000,1995.92616115,0.06323767,213.66739043,0.01998484,0.01998486,36902,113,1
5415.80303117,5415.80331041,2002.44523864,2002.43312679,0.08290792,213.74544997,0.01998486,0.01998486,36901,113,0
5415.94903282,5415.95011161,2008.81489901,2008.76807431,0.11439650,213.82066847,0.01998485,0.01998486,36900,113,0
5416.09550079,5416.09692071,2015.18953235,2015.12785491,0.09023440,213.89541025,0.01998485,0.01998486,36899,113,0
5416.24798314,5416.24373773,0.00000000,2021.75670557,0.04223305,213.97249136,0.01998487,0.01998486,36898,113,1
5416.39150450,5416.39056266,2027.95431469,2027.99528893,0.08980905,214.04426720,0.01998486,0.01998486,36897,113,0
5416.53263636,5416.53739550,0.00000000,2034.14518240,0.08424550,214.11429451,0.01998484,0.01998486,36896,113,1
5416.68704372,5416.68423625,0.00000000,2040.87342592,0.12110231,214.19007923,0.01998487,0.01998486,36895,113,1
5416.82858707,5416.83108491,0.00000000,2047.04623162,0.05656671,214.25884655,0.01998485,0.01998486,36894,113,1
5416.97941599,5416.97794149,2053.55028480,2053.61464946,0.06135079,214.33122126,0.01998486,0.01998486,36893,113,0
5417.12154984,5417.12480599,0.00000000,2059.83811474,0.09240632,214.39903419,0.01998485,0.01998486,36892,113,1
5417.26964133,5417.27167839,0.00000000,2066.31237637,0.05085847,214.46879412,0.01998485,0.01998486,36891,113,1
5417.41506541,5417.41855872,0.00000000,2072.67528177,0.08747872,214.53657348,0.01998484,0.01998486,36890,113,1
5417.56705109,5417.56544696,2079.24310401,2079.31338477,0.11379400,214.60645941,0.01998486,0.01998486,36889,113,0
5417.71184272,5417.71234312,2085.68180020,2085.65985748,0.09705837,214.67248740,0.01998485,0.01998486,36888,113,0
5417.85694718,5417.85924719,0.00000000,2092.04153933,0.04528311,214.73810528,0.01998485,0.01998486,36887,113,1
5418.00625109,5418.00615919,2098.57696105,2098.58099776,0.09040015,214.80453777,0.01998486,0.01998486,36886,113,0
5418.15568155,5418.15307910,0.00000000,2105.16161887,0.03033466,214.87056312,0.01998487,0.01998486,36885,113,1
5418.29998444,5418.30000694,2111.49508183,2111.49409202,0.11079903,214.93331708,0.01998486,0.01998486,36884,113,0
5418.44500948,5418.44694269,0.00000000,2117.88986595,0.03210943,214.99592016,0.01998485,0.01998486,36883,113,1
5418.59568617,5418.59388637,0.00000000,2124.52683574,0.06694851,215.06005726,0.01998486,0.01998486,36882,113,1
5418.74119350,nan,0.00000000,2130.94154186,0.09478436,215.12124615,0.01998486,0.01998486,36881,113,1
5418.88998208,5418.88779749,0.00000000,2137.50643903,0.08719074,215.18305312,0.01998487,0.01998486,36880,113,1
5419.03560906,5419.03476493,2143.88932923,2143.92662222,0.02292726,215.24270069,0.01998486,0.01998486,36879,113,0
5419.18241437,5419.18174030,2150.38530073,2150.41510561,0.11079781,215.30218209,0.01998486,0.01998486,36878,113,0
5419.33022011,5419.32872360,2156.88721958,2156.95344837,0.09983134,215.36130631,0.01998486,0.01998486,36877,113,0
5419.47307498,5419.47571482,0.00000000,2163.28809817,0.11122238,215.41780901,0.01998485,0.01998486,36876,113,1
5419.62143004,nan,0.00000000,2169.86153699,0.07316750,215.47563043,0.01998485,0.01998486,36875,113,1
5419.77009585,nan,0.00000000,2176.45441839,0.09541358,215.53279299,0.01998486,0.01998486,36874,113,1
5419.91353941,5419.91673604,0.00000000,2182.82110651,0.02918248,215.58720554,0.01998485,0.01998486,36873,113,1
5420.06305178,5420.06375897,2189.48940851,2189.45797153,0.04985258,215.64310203,0.01998486,0.01998486,36872,113,0
5420.20970644,5420.21078983,2196.02829365,2195.98009165,0.01949533,215.69721157,0.01998486,0.01998486,36871,113,0
5420.35952924,5420.35782862,0.00000000,2202.65021282,0.07983737,215.75170767,0.01998487,0.01998486,36870,113,1
5420.50711274,5420.50487534,0.00000000,2209.22329401,0.11203405,215.80457866,0.01998487,0.01998486,36869,113,1
5420.65077141,5420.65192999,2215.68057855,2215.62890085,0.07691248,215.85530767,0.01998486,0.01998486,36868,113,0
5420.79891105,5420.79899257,2222.24294176,2222.23930237,0.09235663,215.90683588,0.01998486,0.01998486,36867,113,0
5420.94384521,5420.94606309,0.00000000,2228.70788715,0.05588141,215.95644969,0.01998485,0.01998486,36866,113,1
5421.09619365,5421.09314154,0.00000000,2235.51662678,0.02845966,216.00780810,0.01998487,0.01998486,36865,113,1
5421.23728796,5421.24022792,0.00000000,2241.82786280,0.07658658,216.05462208,0.01998485,0.01998486,36864,113,1
5421.38905681,5421.38732224,0.00000000,2248.62246041,0.11463719,216.10416995,0.01998487,0.01998486,36863,113,1
5421.53684491,5421.53442449,0.00000000,2255.24471816,0.14990458,216.15161150,0.01998487,0.01998486,36862,113,1
5421.67758097,5421.68153469,0.00000000,2261.55638358,0.10632250,216.19604737,0.01998485,0.01998486,36861,113,1
5421.83183482,5421.82865281,0.00000000,2268.48036124,0.11927499,216.24391776,0.01998487,0.01998486,36860,113,1
5421.97891475,5421.97577888,0.00000000,2275.08825394,0.11217912,216.28874779,0.01998487,0.01998486,36859,113,1
5422.12259895,5422.12291288,2281.56301577,2281.54889359,0.05164108,216.33177143,0.01998486,0.01998486,36858,113,0
5422.26892244,5422.27005483,2288.18511614,2288.13413018,0.15985196,216.37480327,0.01998486,0.01998486,36857,113,0
5422.41798720,5422.41720471,2294.81363215,2294.84889656,0.09219895,216.41782751,0.01998486,0.01998486,36856,113,0
5422.56519287,5422.56436253,2301.44852992,2301.48598455,0.07825270,216.45950659,0.01998486,0.01998486,36855,113,0
5422.70929501,5422.71152830,0.00000000,2307.98852456,0.07063289,216.49952366,0.01998485,0.01998486,36854,113,1
5422.85993319,5422.85870200,2314.73730006,2314.79293505,0.13224986,216.54053255,0.01998487,0.01998486,36853,113,0
5423.00475359,5423.00588365,2321.39099733,2321.33988848,0.07013269,216.57915386,0.01998486,0.01998486,36852,113,0
5423.15439485,5423.15307325,2328.05075395,2328.11057685,0.12947582,216.61823267,0.01998487,0.01998486,36851,113,0
5423.29814595,5423.30027078,0.00000000,2334.61913922,0.04457891,216.65497198,0.01998485,0.01998486,36850,113,1
5423.44809127,5423.44747626,2341.38799276,2341.41587714,0.08740398,216.69247309,0.01998486,0.01998486,36849,113,0
5423.59428356,5423.59468969,2348.06536748,2348.04693847,0.06570286,216.72820851,0.01998486,0.01998486,36848,113,0
5423.74049597,5423.74191106,2354.74884008,2354.68457033,0.03189169,216.76313701,0.01998486,0.01998486,36847,113,0
5423.88745688,5423.88914038,0.00000000,2361.36607088,0.09928691,216.79744522,0.01998486,0.01998486,36846,113,1
5424.03261170,5424.03637765,0.00000000,2367.96897261,0.06123415,216.83051091,0.01998485,0.01998486,36845,113,1
5424.18394130,5424.18362287,2374.83878330,2374.85328758,0.07519739,216.86409779,0.01998486,0.01998486,36844,113,0
5424.33079436,5424.33087603,2381.54948602,2381.54576213,0.05991271,216.89587967,0.01998486,0.01998486,36843,113,0
5424.48083050,5424.47813715,0.00000000,2388.39503032,0.12239797,216.92751901,0.01998487,0.01998486,36842,113,1
5424.62435996,5424.62540621,2394.99172640,2394.94393064,0.01267520,216.95693160,0.01998486,0.01998486,36841,113,0
5424.77327795,5424.77268323,2401.72281816,2401.75001136,0.03379884,216.98662983,0.01998486,0.01998486,36840,113,0
5424.91872307,5424.91996820,2408.46025819,2408.40327631,0.12906361,217.01480473,0.01998486,0.01998486,36839,113,0
5425.06690520,5425.06726112,2415.20386463,2415.18756224,0.08660561,217.04266246,0.01998486,0.01998486,36838,113,0
5425.21609833,5425.21456199,2421.95365548,2422.02408611,0.05481536,217.06984398,0.01998487,0.01998486,36837,113,0
5425.35955560,5425.36187082,0.00000000,2428.60449151,0.02370873,217.09516267,0.01998485,0.01998486,36836,113,1
5425.51050782,5425.50918760,2435.47209063,2435.53272040,0.09293092,217.12092440,0.01998487,0.01998486,36835,113,0
5425.65538265,5425.65651234,2442.24088608,2442.18895921,0.06068950,217.14480982,0.01998486,0.01998486,36834,113,0
5425.80218945,5425.80384504,0.00000000,2448.94239158,0.04095666,217.16817773,0.01998486,0.01998486,36833,113,1
5425.95296470,5425.95118569,0.00000000,2455.88302372,0.10957406,217.19128417,0.01998487,0.01998486,36832,113,1
5426.09695260,5426.09853430,0.00000000,2462.51735894,0.09555328,217.21250938,0.01998486,0.01998486,36831,113,1
5426.24314889,5426.24589086,0.00000000,2469.25960806,0.07442205,217.23321709,0.01998485,0.01998486,36830,113,1
5426.39414331,5426.39325539,2476.18645799,2476.22747214,0.09533063,217.25370386,0.01998487,0.01998486,36829,113,0
5426.54160287,5426.54062788,2482.99735837,2483.04244159,0.05801135,217.27284253,0.01998487,0.01998486,36828,113,0
5426.69000681,5426.68800832,0.00000000,2489.90637380,0.18160917,217.29122049,0.01998487,0.01998486,36827,113,1
5426.83528609,5426.83539673,2496.64075178,2496.63562600,0.07612034,217.30836276,0.01998486,0.01998486,36826,113,0
5426.98158259,5426.98279310,2503.47249409,2503.41636333,0.11880225,217.32475980,0.01998486,0.01998486,36825,113,0
5427.12912860,5427.13019743,2510.31042870,2510.26082656,0.06594691,217.34041876,0.01998486,0.01998486,36824,113,0
5427.27751235,5427.27760972,2517.15422427,2517.14970188,0.08611728,217.35527422,0.01998486,0.01998486,36823,113,0
5427.42440891,5427.42502998,2524.00397045,2523.97510092,0.10682829,217.36909726,0.01998486,0.01998486,36822,113,0
5427.56897113,5427.57245821,0.00000000,2530.69002394,0.11251679,217.38182668,0.01998485,0.01998486,36821,113,1
5427.71879139,5427.71989439,2537.72252800,2537.67116392,0.06635582,217.39414599,0.01998486,0.01998486,36820,113,0
5427.87000779,5427.86733855,0.00000000,2544.71093035,0.14517967,217.40562441,0.01998487,0.01998486,36819,113,1
5428.01513399,5428.01479067,2551.46852563,2551.48454447,0.10143211,217.41577366,0.01998487,0.01998486,36818,113,0
5428.16245678,5428.16225076,2558.35227517,2558.36189747,0.11976976,217.42518010,0.01998487,0.01998486,36817,113,0
5428.30806840,5428.30971882,0.00000000,2565.16252848,0.06398699,217.43359161,0.01998486,0.01998487,36816,113,1
5428.45581150,5428.45719484,2572.14088779,2572.07615566,0.07727931,217.44123570,0.01998486,0.01998487,36815,113,0
5428.59922449,5428.60467884,0.00000000,2578.78782848,0.07441781,217.44778151,0.01998485,0.01998487,36814,113,1
5428.75056768,5428.75217080,0.00000000,2585.88048358,0.10949126,217.45376206,0.01998486,0.01998487,36813,113,1
5428.89889348,5428.89967074,2592.87517194,2592.83869905,0.06096652,217.45869378,0.01998486,0.01998487,36812,113,0
5429.04608967,5429.04717865,2599.80026815,2599.74911971,0.08503024,217.46267460,0.01998486,0.01998487,36811,113,0
5429.19353153,5429.19469453,2606.73233586,2606.67765806,0.12921890,217.46574839,0.01998486,0.01998487,36810,113,0
5429.33988574,5429.34221838,0.00000000,2613.56573808,0.09296006,217.46789358,0.01998486,0.01998487,36809,113,1
5429.48678003,5429.48975021,0.00000000,2620.48331401,0.10479149,217.46913412,0.01998486,0.01998487,36808,113,1
5429.63796307,5429.63729001,2627.57127596,2627.60301279,0.07412769,217.46945458,0.01998487,0.01998487,36807,113,0
5429.78573035,5429.78483779,2634.53215853,2634.57428852,0.11776865,217.46882838,0.01998487,0.01998487,36806,113,0
5429.92978524,5429.93239354,0.00000000,2641.38610653,0.13526017,217.46731808,0.01998486,0.01998487,36805,113,1
5430.07827568,5430.07995727,0.00000000,2648.40624023,0.07649884,217.46483240,0.01998486,0.01998487,36804,113,1
5430.23007136,5430.22752898,0.00000000,2655.58980656,0.04527055,217.46131247,0.01998488,0.01998487,36803,113,1
5430.37134753,5430.37510867,0.00000000,2662.28208234,0.04582232,217.45714463,0.01998485,0.01998487,36802,113,1
5430.52145213,5430.52269633,2669.44972540,2669.39069534,0.02473545,217.45177869,0.01998486,0.01998487,36801,113,0
5430.66848823,5430.67029198,0.00000000,2676.37833126,0.08478798,217.44556145,0.01998486,0.01998487,36800,113,1
5430.81867443,5430.81789560,2683.46925448,2683.50627898,0.07199788,217.43825651,0.01998487,0.01998487,36799,113,0
5430.96586185,5430.96550721,2690.48997628,2690.50685236,0.08496017,217.43013557,0.01998487,0.01998487,36798,113,0
5431.11236802,5431.11312679,2697.51805194,2697.48190909,0.05437263,217.42111134,0.01998486,0.01998487,36797,113,0
5431.25911738,5431.26075436,0.00000000,2704.48125305,0.08345315,217.41111962,0.01998486,0.01998487,36796,113,1
5431.41001981,5431.40838991,0.00000000,2711.67938051,0.04833828,217.39986610,0.01998487,0.01998487,36795,113,1
5431.55187583,5431.55603345,0.00000000,2718.45270688,0.15904668,217.38837105,0.01998485,0.01998487,36794,113,1
5431.70524902,5431.70368497,0.00000000,2725.78330111,0.06926379,217.37494076,0.01998487,0.01998487,36793,113,1
5431.84820944,5431.85134448,0.00000000,2732.62310411,0.13839614,217.36148204,0.01998486,0.01998487,36792,113,1
5431.99651072,5431.99901197,0.00000000,2739.72548755,0.04724592,217.34655892,0.01998486,0.01998487,36791,113,1
5432.14431881,5432.14668745,0.00000000,2746.81141956,0.07183263,217.33070816,0.01998486,0.01998487,36790,113,1
5432.29455102,5432.29437091,2754.01429925,2754.02294711,0.13030392,217.31358963,0.01998487,0.01998487,36789,113,0
5432.44095950,5432.44206237,2761.10905591,2761.05605196,0.01304339,217.29593577,0.01998486,0.01998487,36788,113,0
5432.59058747,5432.58976181,2768.21099964,2768.25072000,0.10744654,217.27689664,0.01998487,0.01998487,36787,113,0
5432.73720354,5432.73746924,2775.32040216,2775.30760709,0.06736115,217.25725953,0.01998487,0.01998487,36786,113,0
5432.88309304,5432.88518466,0.00000000,2782.33638049,0.06117324,217.23675305,0.01998486,0.01998487,36785,113,1
5433.02911571,5433.03290808,0.00000000,2789.37955196,0.11427114,217.21525593,0.01998485,0.01998487,36784,113,1
5433.17910919,5433.18063948,0.00000000,2796.62168351,0.12488622,217.19216131,0.01998486,0.01998487,36783,113,1
5433.32616107,5433.32837888,0.00000000,2803.72912282,0.06614438,217.16852003,0.01998486,0.01998487,36782,113,1
5433.47605284,5433.47612627,2810.98680518,2810.98325000,0.06987706,217.14339364,0.01998487,0.01998487,36781,113,0
5433.62054939,5433.62388165,0.00000000,2817.97967532,0.09017640,217.11820552,0.01998486,0.01998487,36780,113,1
5433.76771161,5433.77164503,0.00000000,2825.11441325,0.08023791,217.09155440,0.01998485,0.01998487,36779,113,1
5433.92021868,5433.91941641,2832.48273686,2832.52170146,0.12096332,217.06285413,0.01998487,0.01998487,36778,113,0
5434.06648039,5434.06719578,2839.66379634,2839.62901568,0.05879102,217.03432869,0.01998487,0.01998487,36777,113,0
5434.21528243,5434.21498314,2846.85270962,2846.86727553,0.05841663,217.00428374,0.01998487,0.01998487,36776,113,0
5434.36293217,5434.36277851,2854.04946721,2854.05695370,0.06918562,216.97344748,0.01998487,0.01998487,36775,113,0
5434.51008188,5434.51058187,2861.25405449,2861.22967016,0.10636497,216.94169786,0.01998487,0.01998487,36774,113,0
5434.65774614,5434.65839323,2868.46640966,2868.43481942,0.05423022,216.90881301,0.01998487,0.01998487,36773,113,0
5434.80582890,5434.80621259,2875.68644498,2875.66769491,0.12992502,216.87480197,0.01998487,0.01998487,36772,113,0
5434.95515777,nan,0.00000000,2882.95598500,0.08859264,216.83951723,0.01998487,0.01998487,36771,113,1
5435.10280409,5435.10187531,2890.14920085,2890.19467781,0.09610458,216.80346597,0.01998487,0.01998487,36770,113,0
5435.25011509,5435.24971867,2897.39179737,2897.41122698,0.09356611,216.76652637,0.01998487,0.01998487,36769,113,0
5435.39533537,5435.39757004,0.00000000,2904.52184326,0.05500081,216.72915378,0.01998486,0.01998487,36768,113,1
5435.54359554,5435.54542941,0.00000000,2911.80098236,0.04263730,216.68989271,0.01998486,0.01998487,36767,113,1
5435.69672810,5435.69329678,0.00000000,2919.32750535,0.11572251,216.64823055,0.01998488,0.01998487,36766,113,1
5435.83989876,5435.84117215,2926.44173535,2926.37905314,0.11912383,216.60821345,0.01998487,0.01998487,36765,113,0
5435.98897644,5435.98905554,2933.72536436,2933.72146632,0.07161117,216.56553394,0.01998487,0.01998487,36764,113,0
5436.13427311,5436.13694692,0.00000000,2940.87897809,0.08479489,216.52293564,0.01998486,0.01998487,36763,113,1
5436.28471745,5436.28484632,2948.31790009,2948.31153585,0.16812556,216.47766222,0.01998487,0.01998487,36762,113,0
5436.43240078,5436.43275372,2955.62640762,2955.60895876,0.12099663,216.43218286,0.01998487,0.01998487,36761,113,0
5436.57959455,5436.58066913,2962.94281651,2962.88963745,0.12880966,216.38579171,0.01998487,0.01998487,36760,113,0
5436.72729870,5436.72859254,2970.26715141,2970.20305428,0.09055216,216.33817012,0.01998487,0.01998487,36759,113,0
5436.87818714,5436.87652397,0.00000000,2977.67869084,0.07445621,216.28843376,0.01998488,0.01998487,36758,113,1
5437.02220491,5437.02446341,0.00000000,2984.82612130,0.18739240,216.23988035,0.01998486,0.01998487,36757,113,1
5437.16976853,5437.17241086,0.00000000,2992.15739652,0.09952879,216.18906180,0.01998486,0.01998487,36756,113,1
5437.32025395,5437.32036632,2999.64854509,2999.64295332,0.08201335,216.13611190,0.01998487,0.01998487,36755,113,0
5437.46903817,5437.46832979,3007.01586109,3007.05115255,0.08396569,216.08265282,0.01998487,0.01998487,36754,113,0
5437.61272650,5437.61630128,0.00000000,3014.21259571,0.04902859,216.02997540,0.01998486,0.01998487,36753,113,1
5437.76257829,5437.76428078,0.00000000,3021.69025373,0.09045951,215.97392391,0.01998487,0.01998487,36752,113,1
5437.91325597,5437.91226829,3029.17030373,3029.21967599,0.08748443,215.91640254,0.01998488,0.01998487,36751,113,0
5438.06084401,5438.06026382,3036.57240061,3036.60143574,0.11447903,215.85895536,0.01998487,0.01998487,36750,113,0
5438.20868131,5438.20826736,3043.98322292,3044.00396208,0.12737949,215.80029869,0.01998487,0.01998487,36749,113,0
5438.35673436,5438.35627892,3051.40290361,3051.42574724,0.07088164,215.74043598,0.01998487,0.01998487,36748,113,0
5438.50367787,5438.50429850,3058.83157658,3058.80041094,0.14287677,215.67990853,0.01998487,0.01998487,36747,113,0
5438.65095715,5438.65232610,0.00000000,3066.19319528,0.03849686,215.61818704,0.01998487,0.01998487,36746,113,1
5438.80096052,5438.80036171,3073.71615810,3073.74629738,0.17941251,215.55404617,0.01998488,0.01998487,36745,113,0
5438.94705542,5438.94840535,0.00000000,3081.09238507,0.09517132,215.49061525,0.01998487,0.01998487,36744,113,1
5439.09493995,5439.09645700,0.00000000,3088.54623324,0.15180059,215.42519756,0.01998487,0.01998487,36743,113,1
5439.24647318,5439.24451668,0.00000000,3096.19269133,0.04840542,215.35698385,0.01998488,0.01998487,36742,113,1
5439.39072800,5439.39258438,0.00000000,3103.48008988,0.07288738,215.29093121,0.01998487,0.01998487,36741,113,1
5439.54069685,5439.54066010,3111.07410305,3111.07596231,0.06340152,215.22100006,0.01998487,0.01998487,36740,113,0
5439.68515271,5439.68874384,0.00000000,3118.37867844,0.10875092,215.15272602,0.01998486,0.01998487,36739,113,1
5439.83757727,5439.83683561,3126.07520786,3126.11281702,0.07113150,215.07930494,0.01998488,0.01998487,36738,113,0
5439.98146338,5439.98493540,0.00000000,3133.40674705,0.16106152,215.00901319,0.01998486,0.01998487,36737,113,1
5440.13018087,5440.13304321,0.00000000,3140.96224058,0.14220208,214.93512638,0.01998486,0.01998487,36736,113,1
5440.27805634,5440.28115906,0.00000000,3148.48357647,0.18370486,214.86048773,0.01998486,0.01998487,36735,113,1
5440.42999069,5440.42928293,3156.19144119,3156.22750524,0.02369498,214.78250815,0.01998488,0.01998487,36734,113,0
5440.57914644,5440.57741482,0.00000000,3163.82450934,0.14564063,214.70489203,0.01998488,0.01998487,36733,113,1
5440.72628746,5440.72555475,3171.30487265,3171.34229153,0.10110319,214.62699717,0.01998488,0.01998487,36732,113,0
5440.87325720,5440.87370270,3178.87486846,3178.85209147,0.06842361,214.54810430,0.01998487,0.01998487,36731,113,0
5441.02011301,5441.02185868,0.00000000,3186.35741562,0.08809486,214.46817927,0.01998487,0.01998487,36730,113,1
5441.17237655,5441.17002269,0.00000000,3194.15600970,0.18938984,214.38398825,0.01998488,0.01998487,36729,113,1
5441.31818140,5441.31819474,3201.64011358,3201.63942917,0.05438623,214.30210457,0.01998487,0.01998487,36728,113,0
5441.46557822,5441.46637481,3209.24752510,3209.20660436,0.12143586,214.21821377,0.01998487,0.01998487,36727,113,0
5441.61422023,5441.61456292,3216.86438976,3216.84676537,0.09646005,214.13240117,0.01998487,0.01998487,36726,113,0
5441.76472017,5441.76275906,0.00000000,3224.58371566,0.08338863,214.04436210,0.01998488,0.01998487,36725,113,1
5441.90785938,5441.91096324,0.00000000,3231.95798401,0.03237687,213.95938283,0.01998486,0.01998487,36724,113,1
5442.06237807,5442.05917545,0.00000000,3239.92793974,0.15011542,213.86636783,0.01998489,0.01998487,36723,113,1
5442.20873107,5442.20739569,3247.42348015,3247.49247277,0.07859222,213.77695901,0.01998488,0.01998487,36722,113,0
5442.35350900,5442.35562397,0.00000000,3254.97099819,0.06039587,213.68748936,0.01998487,0.01998487,36721,113,1
5442.50041860,5442.50386029,0.00000000,3262.57531245,0.10901267,213.59541640,0.01998486,0.01998487,36720,113,1
5442.65151636,5442.65210464,3270.44025997,3270.40975711,0.05836926,213.49939863,0.01998487,0.01998487,36719,113,0
5442.79912183,5442.80035703,3278.13209609,3278.06797039,0.12333890,213.40440444,0.01998487,0.01998487,36718,113,0
5442.94726975,5442.94861746,0.00000000,3285.76052771,0.10561588,213.30785329,0.01998487,0.01998487,36717,113,1
5443.09485748,5443.09688593,0.00000000,3293.43665121,0.13317045,213.21037856,0.01998487,0.01998487,36716,113,1
5443.24517249,5443.24516245,3301.26675641,3301.26727956,0.05871960,213.10977891,0.01998488,0.01998487,36715,113,0
5443.39217110,5443.39344700,0.00000000,3308.92808317,0.10282416,213.01022437,0.01998487,0.01998487,36714,113,1
5443.53797849,5443.54173959,0.00000000,3316.53906443,0.06320651,212.91020407,0.01998486,0.01998487,36713,113,1
5443.69211236,5443.69004023,0.00000000,3324.59455459,0.12217369,212.80313352,0.01998488,0.01998487,36712,113,1
5443.83825879,5443.83834891,3332.24967975,3332.24496181,0.08642090,212.70029637,0.01998488,0.01998487,36711,113,0
5443.98670436,5443.98666563,3340.01964965,3340.02168015,0.13578369,212.59461228,0.01998488,0.01998488,36710,113,0
5444.14917243,5444.13499040,0.00000000,3348.54191477,0.01622549,212.47749404,0.01998493,0.01998488,36709,113,1
5444.28243765,5444.28332321,3355.58906626,3355.54253246,0.15842929,212.38022362,0.01998487,0.01998488,36708,113,0
5444.43069408,5444.43166407,3363.38899854,3363.33796332,0.07855880,212.27080489,0.01998487,0.01998488,36707,113,0
5444.57654245,5444.58001297,0.00000000,3371.01565458,0.09057266,212.16190096,0.01998486,0.01998488,36706,113,1
5444.72899633,5444.72836992,3379.02052182,3379.05356647,0.12703010,212.04667758,0.01998488,0.01998488,36705,113,0
5444.87705877,5444.87673493,3386.85221480,3386.86932069,0.08487859,211.93345204,0.01998488,0.01998488,36704,113,0
5445.02547720,5445.02510798,3394.69429366,3394.71382107,0.09878000,211.81863341,0.01998488,0.01998488,36703,113,0
5445.17063616,5445.17348907,0.00000000,3402.39001303,0.18420095,211.70513714,0.01998487,0.01998488,36702,113,1
5445.32277768,5445.32187822,3410.40879848,3410.45648437,0.08930634,211.58465408,0.01998488,0.01998488,36701,113,0
5445.46950525,5445.47027542,3418.28097831,3418.24009749,0.11640714,211.46721418,0.01998487,0.01998488,36700,113,0
5445.60464611,5445.61868068,0.00000000,3425.40948587,0.07735910,211.35801493,0.01998482,0.01998488,36699,113,1
5445.76768742,5445.76709398,3434.05556538,3434.08714295,0.12915532,211.22452558,0.01998488,0.01998488,36698,113,0
5445.91388706,5445.91551534,0.00000000,3441.86302459,0.07801056,211.10368287,0.01998487,0.01998488,36697,113,1
5446.06226227,5446.06394475,0.00000000,3449.77289640,0.14956080,210.97956942,0.01998487,0.01998488,36696,113,1
5446.21305900,5446.21238222,3457.79472895,3457.83087867,0.09534407,210.85189951,0.01998488,0.01998488,36695,113,0
5446.35961383,5446.36082774,3465.72891568,3465.66399215,0.10088644,210.72660008,0.01998487,0.01998488,36694,113,0
5446.50758588,5446.50928132,0.00000000,3473.57346158,0.06327702,210.59888656,0.01998487,0.01998488,36693,113,1
5446.66021400,5446.65774295,0.00000000,3481.75173995,0.09114074,210.46557233,0.01998489,0.01998488,36692,113,1
5446.80643510,5446.80621264,3489.59660381,3489.60854840,0.08780307,210.33629160,0.01998488,0.01998488,36691,113,0
5446.95383801,5446.95469039,3497.57411856,3497.52829220,0.14162208,210.20477846,0.01998487,0.01998488,36690,113,0
5447.10566193,5447.10317620,0.00000000,3505.68201267,0.08042741,210.06812456,0.01998489,0.01998488,36689,113,1
5447.24967553,5447.25167007,0.00000000,3513.43851336,0.17819322,209.93694583,0.01998487,0.01998488,36688,113,1
5447.40338121,5447.40017200,0.00000000,3521.72778261,0.14093714,209.79548278,0.01998489,0.01998488,36687,113,1
5447.54681673,5447.54868199,0.00000000,3529.47324775,0.14589807,209.66211050,0.01998487,0.01998488,36686,113,1
5447.70110230,5447.69720004,0.00000000,3537.81549708,0.10886082,209.51717636,0.01998489,0.01998488,36685,113,1
5447.84414145,5447.84572616,0.00000000,3545.55976882,0.14233999,209.38143783,0.01998487,0.01998488,36684,113,1
5447.99381968,5447.99426034,3553.70567875,3553.68178522,0.05900916,209.23784391,0.01998488,0.01998488,36683,113,0
5448.14386304,5448.14280258,3561.76530671,3561.82288398,0.09505594,209.09264433,0.01998488,0.01998488,36682,113,0
5448.29121500,5448.29135288,3569.83640799,3569.82891083,0.08941653,208.94861545,0.01998488,0.01998488,36681,113,0
5448.43927973,5448.43991126,3577.91977293,3577.88538411,0.12997489,208.80243940,0.01998488,0.01998488,36680,113,0
5448.59133408,5448.58847769,0.00000000,3586.17321760,0.07132464,208.65076795,0.01998489,0.01998488,36679,113,1
5448.73757445,5448.73705220,3594.12450305,3594.15302530,0.13312163,208.50349000,0.01998488,0.01998488,36678,113,0
5448.88608976,5448.88563477,3602.24451324,3602.26939426,0.15361395,208.35244014,0.01998488,0.01998488,36677,113,0
5449.03099447,5449.03422541,0.00000000,3610.19767101,0.12076198,208.20367219,0.01998487,0.01998488,36676,113,1
5449.17831746,5449.18282412,0.00000000,3618.26914722,0.15324358,208.05098010,0.01998486,0.01998488,36675,113,1
5449.32878087,5449.33143090,0.00000000,3626.52377781,0.11790457,207.89353218,0.01998487,0.01998488,36674,113,1
5449.48112396,5449.48004575,3634.82853602,3634.88779462,0.11224358,207.73266628,0.01998488,0.01998488,36673,113,0
5449.62677466,5449.62866867,0.00000000,3642.90541101,0.11474051,207.57720452,0.01998487,0.01998488,36672,113,1
5449.77718679,5449.77729966,3651.19092987,3651.18470689,0.18602342,207.41537622,0.01998488,0.01998488,36671,113,0
5449.92894715,5449.92593873,0.00000000,3659.56224106,0.18459668,207.25029095,0.01998489,0.01998488,36670,113,1
5450.07479528,5450.07458587,3667.60650432,3667.61808453,0.08700862,207.09027660,0.01998488,0.01998488,36669,113,0
5450.22599075,5450.22324108,0.00000000,3675.98135879,0.13629228,206.92284022,0.01998489,0.01998488,36668,113,1
5450.37248076,5450.37190437,3684.06893369,3684.10088760,0.18554503,206.75900164,0.01998488,0.01998488,36667,113,0
5450.51339274,5450.52057573,0.00000000,3691.91036358,0.11719848,206.60022769,0.01998485,0.01998488,36666,113,1
5450.66785774,5450.66925517,0.00000000,3700.48897550,0.16746771,206.42446967,0.01998487,0.01998488,36665,113,1
5450.82114921,5450.81794269,0.00000000,3709.01459195,0.13883143,206.24840042,0.01998489,0.01998488,36664,113,1
5450.97102386,5450.96663828,0.00000000,3717.36195764,0.19305041,206.07466307,0.01998490,0.01998488,36663,113,1
5451.11591039,5451.11534195,3725.42168101,3725.45341518,0.24171659,205.90497776,0.01998488,0.01998488,36662,113,0
5451.26647871,5451.26405370,0.00000000,3733.85181726,0.19171489,205.72752881,0.01998489,0.01998488,36661,113,1
5451.41178988,5451.41277354,3742.04994052,3741.99487221,0.07276068,205.55418464,0.01998488,0.01998488,36660,113,0
5451.56120344,5451.56150145,3750.38173229,3750.36502679,0.06943016,205.37468196,0.01998488,0.01998488,36659,113,0
5451.70967047,5451.71023744,3758.72472420,3758.69290097,0.14823475,205.19475379,0.01998488,0.01998488,36658,113,0
5451.85367452,5451.85898152,0.00000000,3766.76074883,0.11524360,205.01917638,0.01998486,0.01998488,36657,113,1
5452.00543194,5452.00773367,0.00000000,3775.29570171,0.13703792,204.83207598,0.01998487,0.01998488,36656,113,1
5452.15976606,5452.15649391,0.00000000,3783.98824243,0.16816516,204.64008634,0.01998489,0.01998488,36655,113,1
5452.30195949,5452.30526224,0.00000000,3792.00834454,0.14049340,204.46166454,0.01998487,0.01998488,36654,113,1
5452.45614171,5452.45403865,0.00000000,3800.71701296,0.15470500,204.26652861,0.01998489,0.01998488,36653,113,1
5452.60466471,5452.60282315,0.00000000,3809.11825072,0.11999676,204.07690418,0.01998489,0.01998488,36652,113,1
5452.75005315,5452.75161573,0.00000000,3817.35384508,0.15272245,203.88970584,0.01998487,0.01998488,36651,113,1
5452.90214299,5452.90041640,0.00000000,3825.98144720,0.16080701,203.69220317,0.01998489,0.01998488,36650,113,1
5453.04831994,5453.04922515,3834.34742120,3834.29597116,0.14880642,203.50051790,0.01998488,0.01998488,36649,113,0
5453.19604342,5453.19804200,0.00000000,3842.68968506,0.12554185,203.30566337,0.01998487,0.01998488,36648,113,1
5453.35702730,5453.34686693,0.00000000,3851.86193134,0.44350791,203.09119212,0.01998492,0.01998488,36647,113,1
5453.49298449,5453.49569996,0.00000000,3859.61951721,0.21333981,202.90854110,0.01998487,0.01998488,36646,113,1
5453.64592167,5453.64454107,3868.28053039,3868.35945415,0.25923724,202.70137940,0.01998489,0.01998488,36645,113,0
5453.79681716,5453.79339028,0.00000000,3876.99342235,0.09575691,202.49529233,0.01998489,0.01998488,36644,113,1
5453.94258287,5453.94224758,3885.32592154,3885.34514979,0.08193358,202.29458305,0.01998488,0.01998488,36643,113,0
5454.09426474,5454.09111297,0.00000000,3894.05278297,0.11466204,202.08389746,0.01998489,0.01998488,36642,113,1
5454.24021760,5454.23998646,3902.42844090,3902.44173894,0.23361885,201.87954835,0.01998488,0.01998488,36641,113,0
5454.38424908,5454.38886803,0.00000000,3910.73270645,0.10060735,201.67626124,0.01998486,0.01998488,36640,113,1
5454.53668070,5454.53775771,3919.58487168,3919.52273198,0.11717561,201.45929921,0.01998488,0.01998488,36639,113,0
5454.68220706,5454.68665548,0.00000000,3927.92170033,0.08892607,201.25060640,0.01998486,0.01998488,36638,113,1
5454.83093081,5454.83556135,0.00000000,3936.52073696,0.12343008,201.03554202,0.01998486,0.01998488,36637,113,1
5454.95877986,nan,0.00000000,3943.92313712,0.28315272,200.84927104,0.01998533,0.01998488,36637,113,1
5455.13814382,5455.13339737,0.00000000,3954.32437380,0.11023512,200.58576441,0.01998490,0.01998488,36635,113,1
5455.28247768,5455.28232753,3962.70378981,3962.71252127,0.18798219,200.37174772,0.01998488,0.01998488,36634,113,0
5455.42856820,5455.43126579,0.00000000,3971.20618372,0.17161054,200.15366513,0.01998487,0.01998488,36633,113,1
5455.58189015,5455.58021215,0.00000000,3980.13868295,0.16850529,199.92282367,0.01998489,0.01998488,36632,113,1
5455.58189015,5455.58021215,0.00000000,3980.13868295,0.16850529,199.92282367,0.01998489,0.01998488,36632,113,1
5455.74080658,5455.72916661,0.00000000,3989.41193049,0.07331052,199.68155881,0.01998492,0.01998488,36631,113,1
5455.86308490,5455.87812917,0.00000000,3996.55754787,0.18047169,199.49452510,0.01998483,0.01998488,36630,113,1
5456.03114936,5456.02709984,0.00000000,4006.39348860,0.18346904,199.23547297,0.01998490,0.01998488,36629,113,1
5456.18201321,5456.17607860,0.00000000,4015.23733225,0.14915651,199.00096724,0.01998490,0.01998488,36628,113,1
5456.32404503,5456.32506547,4023.64426788,4023.58431866,0.23044723,198.77826155,0.01998488,0.01998488,36627,113,0
5456.32404503,5456.32506547,4023.64426788,4023.58431866,0.23044723,198.77826155,0.01998488,0.01998488,36627,113,0
5456.47420344,5456.47406045,4032.40585617,4032.41427242,0.08667888,198.54121669,0.01998488,0.01998488,36626,113,0
5456.62380781,5456.62306353,4041.18382384,4041.22770809,0.19104523,198.30312546,0.01998489,0.01998488,36625,113,0
5456.77691780,5456.77207472,0.00000000,4050.24704278,0.02964384,198.05793099,0.01998490,0.01998488,36624,113,1
5456.77691780,5456.77207472,0.00000000,4050.24704278,0.02964384,198.05793099,0.01998490,0.01998488,36624,113,1
5456.92979436,5456.92109401,0.00000000,4059.27899050,0.32106608,197.81083159,0.01998491,0.01998488,36623,113,1
5457.06057128,5457.07012141,0.00000000,4067.01684211,0.11401861,197.59789332,0.01998485,0.01998488,36622,113,1
5457.20957189,5457.21915692,0.00000000,4075.84600117,0.17028244,197.35352191,0.01998485,0.01998488,36621,113,1
5457.37418359,5457.36820053,0.00000000,4085.61643578,0.24801522,197.08135702,0.01998490,0.01998488,36620,113,1
nan,nan,0.00000000,-1.00000000,0.00000000,196.81824678,nan,0.00000000,-2147483648,113,1
5420.88645828,nan,0.00000000,320.00000000,nan,204.31053317,0.01998518,0.01998486,36867,112,1
nan,nan,0.00000000,-1.00000000,0.00000000,204.62014007,nan,0.00000000,-2147483648,112,1
nan,nan,0.00000000,-1.00000000,0.00000000,204.70842454,nan,0.00000000,-2147483648,112,1
nan,nan,0.00000000,-1.00000000,0.00000000,204.88476063,nan,0.00000000,-2147483648,112,1
nan,nan,0.00000000,-1.00000000,0.00000000,205.14868270,nan,0.00000000,-2147483648,112,1
nan,nan,0.00000000,-1.00000000,0.00000000,205.32424274,nan,0.00000000,-2147483648,112,1
nan,nan,0.00000000,-1.00000000,0.00000000,205.49949240,nan,0.00000000,-2147483648,112,1
nan,nan,0.00000000,-1.00000000,0.00000000,205.71811807,nan,0.00000000,-2147483648,112,1
5421.98727260,5421.97577888,0.00000000,359.18599883,0.10428223,206.03147765,0.01998490,0.01998486,36859,112,1
5421.98727260,5421.97577888,0.00000000,359.18599883,0.10428223,206.03147765,0.01998490,0.01998486,36859,112,1
nan,nan,0.00000000,-1.00000000,0.00000000,206.24084149,nan,0.00000000,-2147483648,112,1
nan,nan,0.00000000,-1.00000000,0.00000000,206.50115611,nan,0.00000000,-2147483648,112,1
nan,nan,0.00000000,-1.00000000,0.00000000,206.58777254,nan,0.00000000,-2147483648,112,1
5422.57761529,5422.56436253,0.00000000,380.26501496,0.37949591,206.94489326,0.01998491,0.01998486,36855,112,1
5422.57761529,5422.56436253,0.00000000,380.26501496,0.37949591,206.94489326,0.01998491,0.01998486,36855,112,1
5423.13155002,nan,0.00000000,400.08529961,0.10039141,207.79590784,0.01998532,0.01998486,36852,112,1
nan,nan,0.00000000,-1.00000000,0.00000000,208.64331027,nan,0.00000000,-2147483648,112,1
nan,nan,0.00000000,-1.00000000,0.00000000,208.72798899,nan,0.00000000,-2147483648,112,1
nan,nan,0.00000000,-1.00000000,0.00000000,208.81259024,nan,0.00000000,-2147483648,112,1
nan,nan,0.00000000,-1.00000000,0.00000000,208.93934687,nan,0.00000000,-2147483648,112,1
nan,nan,0.00000000,-1.00000000,0.00000000,209.02375446,nan,0.00000000,-2147483648,112,1
nan,nan,0.00000000,-1.00000000,0.00000000,209.15022062,nan,0.00000000,-2147483648,112,1
nan,nan,0.00000000,-1.00000000,0.00000000,209.40263013,nan,0.00000000,-2147483648,112,1
nan,nan,0.00000000,-1.00000000,0.00000000,209.57051592,nan,0.00000000,-2147483648,112,1
5424.48624129,5424.47813715,0.00000000,448.72739684,0.28587294,209.85217596,0.01998489,0.01998486,36842,112,1
5424.48624129,5424.47813715,0.00000000,448.72739684,0.28587294,209.85217596,0.01998489,0.01998486,36842,112,1
5424.48624129,5424.47813715,0.00000000,448.72739684,0.28587294,209.85217596,0.01998489,0.01998486,36842,112,1
5424.75447844,nan,0.00000000,458.38770677,0.07650793,210.25509792,0.01998534,0.01998486,36841,112,1
5424.90775994,nan,0.00000000,463.91231342,0.25123542,210.48471199,0.01998536,0.01998486,36840,112,1
5425.06700337,5425.06726112,469.66661254,469.65731330,0.28566960,210.72285964,0.01998486,0.01998486,36838,112,0
nan,nan,0.00000000,-1.00000000,0.00000000,210.94375709,nan,0.00000000,-2147483648,112,1
nan,nan,0.00000000,-1.00000000,0.00000000,211.10877863,nan,0.00000000,-2147483648,112,1
5425.50545330,5425.50918760,0.00000000,485.48462479,0.20415107,211.37564670,0.01998485,0.01998486,36835,112,1
5425.96829959,5425.95118569,0.00000000,502.22304801,0.21602636,212.06074011,0.01998493,0.01998486,36832,112,1
5426.08896117,5426.09853430,0.00000000,506.59143623,0.07016612,212.23864405,0.01998483,0.01998486,36831,112,1
nan,nan,0.00000000,-1.00000000,0.00000000,212.45839824,nan,0.00000000,-2147483648,112,1
5426.39034848,5426.39325539,0.00000000,517.51140100,0.13980840,212.68174902,0.01998485,0.01998486,36829,112,1
nan,nan,0.00000000,-1.00000000,0.00000000,212.86321667,nan,0.00000000,-2147483648,112,1
5426.67659108,nan,0.00000000,527.89410744,0.08654335,213.10091557,0.01998536,0.01998486,36828,112,1
5426.83599581,5426.83539673,533.66190113,533.68365164,0.12357043,213.33374395,0.01998487,0.01998486,36826,112,0
5427.12246621,5427.13019743,0.00000000,544.08942218,0.14311240,213.75058701,0.01998484,0.01998486,36824,112,1
5427.27090140,5427.27760972,0.00000000,549.48702713,0.02426099,213.96598470,0.01998484,0.01998486,36823,112,1
5427.43099082,5427.42502998,0.00000000,555.31182423,0.11402388,214.19779855,0.01998489,0.01998486,36822,112,1
5428.16191983,5428.16225076,581.96964063,581.95756146,0.18042337,215.24988346,0.01998486,0.01998486,36817,112,0
5428.29910572,5428.30971882,0.00000000,586.95971446,0.16643003,215.44586084,0.01998483,0.01998487,36816,112,1
5428.60221044,5428.60467884,0.00000000,598.03439226,0.14842949,215.87803264,0.01998486,0.01998487,36814,112,1
5428.75350863,5428.75217080,603.52201897,603.57094558,0.23438939,216.09320026,0.01998487,0.01998487,36813,112,0
5428.89626309,5428.89967074,0.00000000,608.79063663,0.04928575,216.29551182,0.01998485,0.01998487,36812,112,1
5429.05531810,5429.04717865,0.00000000,614.61382699,0.32251182,216.52059410,0.01998490,0.01998487,36811,112,1
5429.05531810,5429.04717865,0.00000000,614.61382699,0.32251182,216.52059410,0.01998490,0.01998487,36811,112,1
5429.33052198,5429.34221838,0.00000000,624.69779135,0.03170011,216.90881936,0.01998482,0.01998487,36809,112,1
5429.49202303,5429.48975021,0.00000000,630.62046589,0.17849188,217.13592347,0.01998487,0.01998487,36808,112,1
5429.63190235,5429.63729001,0.00000000,635.75320138,0.19195020,217.33219015,0.01998485,0.01998487,36807,112,1
5429.78905222,5429.78483779,0.00000000,641.52297738,0.07190745,217.55220943,0.01998488,0.01998487,36806,112,1
5429.92694634,5429.93239354,0.00000000,646.58867016,0.08365479,217.74485051,0.01998485,0.01998487,36805,112,1
5430.07760768,5430.07995727,0.00000000,652.12647926,0.14334162,217.95487928,0.01998486,0.01998487,36804,112,1
5430.22353830,5430.22752898,0.00000000,657.49349344,0.03970972,218.15786613,0.01998485,0.01998487,36803,112,1
5430.51772826,5430.52269633,0.00000000,668.32243411,0.07701234,218.56573867,0.01998485,0.01998487,36801,112,1
5430.51772826,5430.52269633,0.00000000,668.32243411,0.07701234,218.56573867,0.01998485,0.01998487,36801,112,1
5430.66468957,5430.67029198,0.00000000,673.73663606,0.12604694,218.76881711,0.01998485,0.01998487,36800,112,1
5430.81501319,5430.81789560,0.00000000,679.27792381,0.20215846,218.97607722,0.01998486,0.01998487,36799,112,1
5430.95819292,5430.96550721,0.00000000,684.55889935,0.05812912,219.17305010,0.01998484,0.01998487,36798,112,1
5431.12161008,5431.11312679,0.00000000,690.58992075,0.21281948,219.39734121,0.01998490,0.01998487,36797,112,1
5431.26474722,5431.26075436,0.00000000,695.87566884,0.18574031,219.59333954,0.01998488,0.01998487,36796,112,1
5431.40956840,5431.40838991,701.17889270,701.22245371,0.07556466,219.79105343,0.01998487,0.01998487,36795,112,0
5431.55268841,5431.55603345,0.00000000,706.51772286,0.07094656,219.98631947,0.01998486,0.01998487,36794,112,1
5431.70158024,5431.70368497,0.00000000,712.02536344,0.07280423,220.18884368,0.01998486,0.01998487,36793,112,1
5431.84823111,5431.85134448,0.00000000,717.45326848,0.08323683,220.38786417,0.01998486,0.01998487,36792,112,1
5431.84823111,5431.85134448,0.00000000,717.45326848,0.08323683,220.38786417,0.01998486,0.01998487,36792,112,1
5432.14412858,5432.14668745,0.00000000,728.41472141,0.20406712,220.78804846,0.01998486,0.01998487,36790,112,1
5432.28757862,5432.29437091,0.00000000,733.73341196,0.10500612,220.98139113,0.01998484,0.01998487,36789,112,1
5432.44303451,5432.44206237,739.45959734,739.49566468,0.02951576,221.19024317,0.01998487,0.01998487,36788,112,0
5432.59310565,5432.58976181,0.00000000,745.07150517,0.22082586,221.39173007,0.01998488,0.01998487,36787,112,1
5432.73490013,5432.73746924,0.00000000,750.33816459,0.03623642,221.58149477,0.01998486,0.01998487,36786,112,1
5432.88947155,5432.88518466,0.00000000,756.08278074,0.20431678,221.78787199,0.01998488,0.01998487,36785,112,1
5433.03725118,5433.03290808,0.00000000,761.57828845,0.05583532,221.98470537,0.01998488,0.01998487,36784,112,1
5433.17480292,5433.18063948,0.00000000,766.69636008,0.05517056,222.16749727,0.01998485,0.01998487,36783,112,1
5433.32783236,5433.32837888,772.40326669,772.38291404,0.03059267,222.37000124,0.01998487,0.01998487,36782,112,0
5433.47367647,5433.47612627,0.00000000,777.82664505,0.14588891,222.56327501,0.01998486,0.01998487,36781,112,1
5433.62812172,5433.62388165,0.00000000,783.58352519,0.05952075,222.76704639,0.01998488,0.01998487,36780,112,1
5433.76421031,5433.77164503,0.00000000,788.65912304,0.11698667,222.94617404,0.01998484,0.01998487,36779,112,1
5433.90891899,5433.91941641,0.00000000,794.05926002,0.30395496,223.13621109,0.01998483,0.01998487,36778,112,1
5434.06985086,5434.06719578,0.00000000,800.06849221,0.13742923,223.34702340,0.01998488,0.01998487,36777,112,1
5434.21497634,5434.21498314,805.47939167,805.47913730,0.04362338,223.53624213,0.01998487,0.01998487,36776,112,0
5434.36491211,5434.36277851,811.00434761,811.08413067,0.21170600,223.73166372,0.01998488,0.01998487,36775,112,0
5434.50705629,5434.51058187,0.00000000,816.41351950,0.12453180,223.91691579,0.01998486,0.01998487,36774,112,1
5434.65802441,5434.65839323,822.06502807,822.05122004,0.10579449,224.11229038,0.01998487,0.01998487,36773,112,0
nan,nan,0.00000000,-1.00000000,0.00000000,224.31778272,nan,0.00000000,-2147483648,112,1
5434.95277015,5434.95403995,833.14033484,833.09273765,0.19662435,224.49316365,0.01998486,0.01998487,36771,112,0
5435.09425869,5435.10187531,0.00000000,838.41171881,0.02801747,224.67580344,0.01998484,0.01998487,36770,112,1
5435.24375851,5435.24971867,0.00000000,844.02076239,0.23132460,224.86781401,0.01998485,0.01998487,36769,112,1
5435.40422934,5435.39757004,0.00000000,850.04522103,0.09205389,225.07337156,0.01998489,0.01998487,36768,112,1
5435.55136468,5435.54542941,0.00000000,855.57249512,0.18380168,225.26135127,0.01998489,0.01998487,36767,112,1
nan,nan,0.00000000,-1.00000000,0.00000000,225.47920893,nan,0.00000000,-2147483648,112,1
5435.84337870,5435.84117215,0.00000000,866.55210408,0.03753126,225.63302037,0.01998488,0.01998487,36765,112,1
5435.98380813,5435.98905554,0.00000000,871.83686241,0.13166858,225.81108804,0.01998485,0.01998487,36764,112,1
5436.13679722,5436.13694692,877.58904040,877.58340103,0.12662149,226.00410614,0.01998487,0.01998487,36763,112,0
5436.27966535,5436.28484632,0.00000000,882.98076612,0.17829567,226.18481817,0.01998485,0.01998487,36762,112,1
5436.43471977,5436.43275372,0.00000000,888.82652874,0.10571770,226.37991188,0.01998488,0.01998487,36761,112,1
5436.58240589,5436.58066913,894.32073809,894.38629534,0.09671785,226.56485179,0.01998488,0.01998487,36760,112,0
5436.72128790,5436.72859254,0.00000000,899.64035622,0.05651144,226.73907703,0.01998484,0.01998487,36759,112,1
5436.86896601,5436.87652397,0.00000000,905.21807045,0.04191055,226.92345442,0.01998484,0.01998487,36758,112,1
5437.02441961,5437.02446341,911.08956692,911.08791032,0.11855690,227.11684307,0.01998487,0.01998487,36757,112,0
5437.17519890,5437.17241086,0.00000000,916.79515303,0.13017830,227.30424032,0.01998488,0.01998487,36756,112,1
5437.31706764,5437.32036632,0.00000000,922.16345112,0.10826720,227.47993746,0.01998486,0.01998487,36755,112,1
5437.47244063,5437.46832979,0.00000000,928.04637269,0.14992741,227.67184207,0.01998489,0.01998487,36754,112,1
5437.61825121,5437.61630128,0.00000000,933.57068310,0.03486382,227.85144360,0.01998488,0.01998487,36753,112,1
5437.76324885,5437.76428078,939.10872509,939.06959255,0.08835399,228.02963746,0.01998487,0.01998487,36752,112,0
5437.90711339,5437.91226829,0.00000000,944.52467244,0.06922220,228.20583747,0.01998485,0.01998487,36751,112,1
5438.06042167,5438.06026382,950.33946914,950.34546228,0.05499059,228.39322004,0.01998487,0.01998487,36750,112,0
5438.20422604,5438.20826736,0.00000000,955.80529850,0.26100529,228.56839173,0.01998486,0.01998487,36749,112,1
5438.35712116,5438.35627892,961.58549463,961.61751428,0.18025970,228.75424038,0.01998488,0.01998487,36748,112,0
5438.65638580,5438.65232610,0.00000000,972.99959594,0.21653672,229.11631058,0.01998489,0.01998487,36746,112,1
5438.65638580,5438.65232610,0.00000000,972.99959594,0.21653672,229.11631058,0.01998489,0.01998487,36746,112,1
5438.79926527,5438.80036171,978.48594505,978.44417576,0.05285593,229.28862668,0.01998487,0.01998487,36745,112,0
5438.94979700,5438.94840535,984.12747800,984.18052650,0.15892028,229.46956179,0.01998488,0.01998487,36744,112,0
5439.09751400,5439.09645700,989.77274917,989.81306464,0.06437371,229.64660820,0.01998488,0.01998487,36743,112,0
5439.24349374,5439.24451668,995.42158517,995.38254692,0.08274707,229.82107418,0.01998487,0.01998487,36742,112,0
5439.39760174,5439.39258438,0.00000000,1001.25660372,0.04400119,230.00443637,0.01998489,0.01998487,36741,112,1
5439.53946532,5439.54066010,1006.72942992,1006.68378396,0.12441509,230.17326084,0.01998487,0.01998487,36740,112,0
5439.68800178,5439.68874384,1012.38854586,1012.36017918,0.18051485,230.34923330,0.01998487,0.01998487,36739,112,0
5439.83979807,5439.83683561,0.00000000,1018.15640813,0.02700021,230.52828306,0.01998488,0.01998487,36738,112,1
5439.98491900,5439.98493540,1023.71782563,1023.71719807,0.09808863,230.69945442,0.01998487,0.01998487,36737,112,0
5440.13000631,5440.13304321,0.00000000,1029.26479551,0.01327253,230.86962888,0.01998486,0.01998487,36736,112,1
5440.28225449,5440.28115906,1035.06272855,1035.10470973,0.12190127,231.04813274,0.01998488,0.01998487,36735,112,0
5440.42996465,5440.42928293,1040.74127832,1040.76742196,0.15916276,231.22059582,0.01998488,0.01998487,36734,112,0
5440.57176604,5440.57741482,0.00000000,1046.20054001,0.09569000,231.38548857,0.01998485,0.01998487,36733,112,1
5440.72624285,5440.72555475,1052.11032986,1052.13675179,0.04900186,231.56500313,0.01998488,0.01998487,36732,112,0
5440.87615148,5440.87370270,0.00000000,1057.88837999,0.06288640,231.73829152,0.01998488,0.01998487,36731,112,1
5441.02019683,5441.02185868,1063.49480664,1063.43091705,0.08731141,231.90468042,0.01998487,0.01998487,36730,112,0
5441.16839284,5441.17002269,1069.19263780,1069.12994150,0.06115256,232.07515322,0.01998487,0.01998487,36729,112,0
5441.31971990,5441.31819474,1074.89414078,1074.95284484,0.17212851,232.24868872,0.01998488,0.01998487,36728,112,0
5441.46200219,5441.46637481,0.00000000,1080.42697563,0.04212266,232.41123753,0.01998486,0.01998487,36727,112,1
5441.61472598,5441.61456292,1086.30828838,1086.31457195,0.06003372,232.58542293,0.01998487,0.01998487,36726,112,0
5441.75994791,5441.76275906,0.00000000,1091.91124866,0.09232796,232.75038571,0.01998486,0.01998487,36725,112,1
5441.91104621,5441.91096324,1097.73752529,1097.74072684,0.12611349,232.92157231,0.01998487,0.01998487,36724,112,0
5442.05986390,5442.05917545,1103.45789119,1103.48447094,0.20326529,233.08960458,0.01998488,0.01998487,36723,112,0
5442.20302129,5442.20739569,0.00000000,1109.01683664,0.09413800,233.25085553,0.01998486,0.01998487,36722,112,1
5442.34733063,5442.35562397,0.00000000,1114.59524088,0.08234703,233.41285478,0.01998484,0.01998487,36721,112,1
5442.50270450,5442.50386029,1120.64301819,1120.59830694,0.11785919,233.58652061,0.01998487,0.01998487,36720,112,0
5442.65541295,5442.65210464,0.00000000,1126.51615768,0.05928080,233.75704568,0.01998489,0.01998487,36719,112,1
5442.80317162,5442.80035703,0.00000000,1132.23920360,0.12957459,233.92131950,0.01998488,0.01998487,36718,112,1
5442.94861999,5442.94861746,1137.86699324,1137.86709131,0.07683431,234.08225028,0.01998487,0.01998487,36717,112,0
5443.09347766,5443.09688593,0.00000000,1143.49421532,0.11075539,234.24255290,0.01998486,0.01998487,36716,112,1
5443.24360021,5443.24516245,1149.37228150,1149.31162825,0.08620988,234.40763904,0.01998487,0.01998487,36715,112,0
5443.38828726,5443.39344700,0.00000000,1154.93848022,0.04587817,234.56670104,0.01998486,0.01998487,36714,112,1
5443.54286480,5443.54173959,1160.89427251,1160.93801396,0.12798463,234.73563050,0.01998488,0.01998487,36713,112,0
5443.68732878,5443.69004023,0.00000000,1166.56217321,0.05161711,234.89336483,0.01998487,0.01998487,36712,112,1
5443.84054079,5443.83834891,0.00000000,1172.52342894,0.10755639,235.05989234,0.01998488,0.01998487,36711,112,1
5443.98849667,5443.98666563,0.00000000,1178.28400194,0.09937841,235.22016761,0.01998488,0.01998488,36710,112,1
5444.13888682,5444.13499040,0.00000000,1184.14321126,0.07441778,235.38253572,0.01998489,0.01998488,36709,112,1
5444.28506710,5444.28332321,1189.76396424,1189.83195693,0.07525897,235.53955143,0.01998488,0.01998488,36708,112,0
5444.43175264,5444.43166407,1195.54959218,1195.55304779,0.09019336,235.69683535,0.01998487,0.01998488,36707,112,0
5444.57568124,5444.58001297,0.00000000,1201.18288951,0.07169171,235.85099928,0.01998486,0.01998488,36706,112,1
5444.72994169,5444.72836992,1207.13433520,1207.19575067,0.06478177,236.01498184,0.01998488,0.01998488,36705,112,0
5444.87988066,5444.87673493,0.00000000,1213.06947891,0.06084117,236.17450209,0.01998489,0.01998488,36704,112,1
5445.02275637,5445.02510798,0.00000000,1218.65790702,0.06708807,236.32566138,0.01998487,0.01998488,36703,112,1
5445.16823852,5445.17348907,0.00000000,1224.35194572,0.14172010,236.47906282,0.01998486,0.01998488,36702,112,1
5445.32330265,5445.32187822,1230.35878402,1230.41460007,0.04277591,236.64171333,0.01998488,0.01998488,36701,112,0
5445.46645469,5445.47027542,0.00000000,1236.03543903,0.02804143,236.79188265,0.01998486,0.01998488,36700,112,1
5445.61746226,5445.61868068,1241.99632060,1241.94851707,0.05811739,236.94920738,0.01998487,0.01998488,36699,112,0
5445.76548317,5445.76709398,1247.82101186,1247.75777338,0.07221292,237.10311863,0.01998487,0.01998488,36698,112,0
5445.91744999,5445.91551534,0.00000000,1253.73421318,0.10363153,237.26078577,0.01998488,0.01998488,36697,112,1
5446.06410044,5446.06394475,1259.48254724,1259.48866720,0.05344331,237.41195118,0.01998488,0.01998488,36696,112,0
5446.20656634,5446.21238222,0.00000000,1265.09914921,0.08877420,237.55872494,0.01998486,0.01998488,36695,112,1
5446.35781851,5446.36082774,0.00000000,1271.05066404,0.06531615,237.71376250,0.01998487,0.01998488,36694,112,1
5446.50965416,5446.50928132,1277.00655665,1277.02124322,0.03280709,237.86861623,0.01998488,0.01998488,36693,112,0
5446.65907235,5446.65774295,1282.85663070,1282.90903342,0.06302346,238.02065533,0.01998488,0.01998488,36692,112,0
5446.80512859,5446.80621264,1288.71107276,1288.66831199,0.04616181,238.16873476,0.01998487,0.01998488,36691,112,0
5446.95230134,5446.95469039,0.00000000,1294.48209051,0.04458433,238.31757238,0.01998487,0.01998488,36690,112,1
5447.10376914,5447.10317620,1300.43295294,1300.45637358,0.04234496,238.46984600,0.01998488,0.01998488,36689,112,0
5447.25054387,5447.25167007,1306.30033675,1306.25582255,0.11001903,238.61701087,0.01998487,0.01998488,36688,112,0
5447.39877815,5447.40017200,1312.17197938,1312.11684935,0.04318456,238.76508525,0.01998487,0.01998488,36687,112,0
5447.54628384,5447.54868199,0.00000000,1317.95717145,0.08180352,238.91198352,0.01998487,0.01998488,36686,112,1
5447.69784083,5447.69720004,1323.92790479,1323.95328273,0.16074342,239.06212212,0.01998488,0.01998488,36685,112,0
5447.84191515,5447.84572616,0.00000000,1329.66474730,0.10120875,239.20449449,0.01998486,0.01998488,36684,112,1
5447.99173180,5447.99426034,0.00000000,1335.60384349,0.11989198,239.35188008,0.01998487,0.01998488,36683,112,1
5448.14178252,5448.14280258,1341.59284613,1341.55236938,0.07797826,239.49882412,0.01998487,0.01998488,36682,112,0
5448.28869933,5448.29135288,0.00000000,1347.38846184,0.08062151,239.64233377,0.01998487,0.01998488,36681,112,1
5448.43990289,5448.43991126,1353.38993989,1353.38960740,0.01784919,239.78922351,0.01998488,0.01998488,36680,112,0
5448.58892292,5448.58847769,1359.29485919,1359.31256110,0.04603752,239.93352476,0.01998488,0.01998488,36679,112,0
5448.73635450,5448.73705220,1365.20420750,1365.17644778,0.15064037,240.07572681,0.01998487,0.01998488,36678,112,0
5448.88486521,5448.88563477,1371.11812111,1371.08747970,0.05261163,240.21840742,0.01998487,0.01998488,36677,112,0
5449.03293517,5449.03422541,1377.03673690,1376.98532505,0.05769935,240.36010459,0.01998487,0.01998488,36676,112,0
5449.17946829,5449.18282412,0.00000000,1382.83416037,0.03470809,240.49996818,0.01998487,0.01998488,36675,112,1
5449.33151355,5449.33143090,1388.88825993,1388.89155812,0.07111166,240.64413045,0.01998488,0.01998488,36674,112,0
5449.47932325,5449.48004575,1394.82097992,1394.79212742,0.08292153,240.78388657,0.01998488,0.01998488,36673,112,0
5449.62889826,5449.62866867,1400.75819099,1400.76736591,0.05994099,240.92473370,0.01998488,0.01998488,36672,112,0
5449.77830973,5449.77729966,1406.69978161,1406.74017310,0.05470692,241.06484217,0.01998488,0.01998488,36671,112,0
5449.92593196,5449.92593873,1412.64564010,1412.64536934,0.12675984,241.20269500,0.01998488,0.01998488,36670,112,0
5450.07381869,5450.07458587,1418.59569612,1418.56497753,0.06758901,241.34021602,0.01998488,0.01998488,36669,112,0
5450.22162707,5450.22324108,1424.54995583,1424.48528717,0.11869051,241.47708419,0.01998487,0.01998488,36668,112,0
5450.37446887,5450.37190437,0.00000000,1430.61750315,0.07025864,241.61814579,0.01998489,0.01998488,36667,112,1
5450.51979335,5450.52057573,1436.47114428,1436.43975518,0.04148571,241.75141283,0.01998488,0.01998488,36666,112,0
5450.66767881,5450.66925517,1442.43810212,1442.37481715,0.05566429,241.88659597,0.01998487,0.01998488,36665,112,0
5450.81585974,5450.81794269,0.00000000,1448.33493663,0.13670802,242.02167319,0.01998487,0.01998488,36664,112,1
5450.96741413,5450.96663828,1454.38493443,1454.41612432,0.06028248,242.15879541,0.01998488,0.01998488,36663,112,0
5451.11372811,5451.11534195,1460.36514564,1460.30021999,0.06261234,242.29080159,0.01998487,0.01998488,36662,112,0
5451.26183909,5451.26405370,0.00000000,1466.27417805,0.07560795,242.42414777,0.01998487,0.01998488,36661,112,1
5451.41145393,5451.41277354,1472.34027383,1472.28710169,0.10164891,242.55767594,0.01998487,0.01998488,36660,112,0
5451.55874997,5451.56150145,0.00000000,1478.23833062,0.08974748,242.68915467,0.01998487,0.01998488,36659,112,1
5451.70710632,5451.71023744,0.00000000,1484.22276090,0.10909342,242.82068538,0.01998487,0.01998488,36658,112,1
5451.85768716,5451.85898152,1490.34260534,1490.29032029,0.07136131,242.95334548,0.01998487,0.01998488,36657,112,0
5452.00521128,5452.00773367,0.00000000,1496.26061802,0.06544466,243.08319339,0.01998487,0.01998488,36656,112,1
5452.15744075,5452.15649391,1502.36936096,1502.40766281,0.10758246,243.21617478,0.01998488,0.01998488,36655,112,0
5452.30490549,5452.30526224,1508.38927883,1508.37483861,0.13371984,243.34457539,0.01998488,0.01998488,36654,112,0
5452.45242967,5452.45403865,1514.41308277,1514.34791909,0.08770509,243.47242272,0.01998487,0.01998488,36653,112,0
5452.59998716,5452.60282315,0.00000000,1520.32991405,0.17198406,243.59977870,0.01998487,0.01998488,36652,112,1
5452.74839114,5452.75161573,0.00000000,1526.34625339,0.06311367,243.72717732,0.01998487,0.01998488,36651,112,1
5452.90090814,5452.90041640,1532.50736587,1532.52731835,0.04097937,243.85734500,0.01998488,0.01998488,36650,112,0
5453.04971829,5453.04922515,1538.54738202,1538.56740523,0.06651855,243.98383977,0.01998488,0.01998488,36649,112,0
5453.19346983,5453.19804200,0.00000000,1544.41577294,0.07983983,244.10565637,0.01998486,0.01998488,36648,112,1
5453.34910484,5453.34686693,0.00000000,1550.74352243,0.09899162,244.23672331,0.01998489,0.01998488,36647,112,1
5453.49436371,5453.49569996,1556.69752934,1556.64314215,0.09662002,244.35823447,0.01998487,0.01998488,36646,112,0
5453.64531266,5453.64454107,1562.75797227,1562.78940180,0.08287460,244.48411953,0.01998488,0.01998488,36645,112,0
5453.79302744,5453.79339028,1568.82338822,1568.80859740,0.05239702,244.60670387,0.01998488,0.01998488,36644,112,0
5453.94013450,5453.94224758,0.00000000,1574.81709532,0.10744318,244.72838127,0.01998487,0.01998488,36643,112,1
5454.08687703,5454.09111297,0.00000000,1580.80492434,0.10372324,244.84895521,0.01998487,0.01998488,36642,112,1
5454.24119616,5454.23998646,1587.04774213,1587.09715768,0.01556493,244.97492208,0.01998488,0.01998488,36641,112,0
5454.38399106,5454.38886803,0.00000000,1592.94185633,0.07822523,245.09125327,0.01998486,0.01998488,36640,112,1
5454.53798567,5454.53775771,1599.21988632,1599.22921141,0.03573580,245.21566777,0.01998488,0.01998488,36639,112,0
5454.68243724,5454.68665548,0.00000000,1605.15105757,0.11585438,245.33216030,0.01998487,0.01998488,36638,112,1
5454.83396718,5454.83556135,1611.41093175,1611.34562371,0.05619153,245.45330220,0.01998487,0.01998488,36637,112,0
5454.98347205,5454.98447531,1617.51386324,1617.47273093,0.08596612,245.57240521,0.01998488,0.01998488,36636,112,0
5455.13231802,5455.13339737,1623.62187105,1623.57758483,0.06583440,245.69036384,0.01998488,0.01998488,36635,112,0
5455.27903335,5455.28232753,0.00000000,1629.61130696,0.14962839,245.80624996,0.01998487,0.01998488,36634,112,1
5455.43380360,5455.43126579,0.00000000,1635.96865523,0.05005628,245.92760094,0.01998489,0.01998488,36633,112,1
5455.57715030,5455.58021215,0.00000000,1641.86113253,0.06116312,246.03939038,0.01998487,0.01998488,36632,112,1
5455.72637748,5455.72916661,0.00000000,1647.99980366,0.09101944,246.15514661,0.01998487,0.01998488,36631,112,1
5455.87686854,5455.87812917,1654.23591484,1654.18399958,0.11648658,246.27103502,0.01998488,0.01998488,36630,112,0
5456.02401646,5456.02709984,0.00000000,1660.25725900,0.04396591,246.38413512,0.01998487,0.01998488,36629,112,1
5456.17467539,5456.17607860,1666.51506806,1666.45719611,0.05238332,246.49886916,0.01998488,0.01998488,36628,112,0
5456.32397951,5456.32506547,1672.66201176,1672.61718992,0.09278211,246.61213849,0.01998488,0.01998488,36627,112,0
5456.47328738,5456.47406045,1678.81401563,1678.78208307,0.08962391,246.72477390,0.01998488,0.01998488,36626,112,0
5456.62231634,5456.62306353,1684.97119194,1684.94030393,0.06945138,246.83656429,0.01998488,0.01998488,36625,112,0
5456.76909601,5456.77207472,0.00000000,1691.02160599,0.05717252,246.94624916,0.01998487,0.01998488,36624,112,1
5456.91839614,5456.92109401,0.00000000,1697.20009406,0.03848814,247.05696522,0.01998487,0.01998488,36623,112,1
5457.07014994,5457.07012141,1703.47405937,1703.47524164,0.03607149,247.16866881,0.01998488,0.01998488,36622,112,0
5457.21757099,5457.21915692,1709.65181119,1709.58604786,0.14615331,247.27672586,0.01998488,0.01998488,36621,112,0
5457.36842383,5457.36820053,1715.83443474,1715.84370089,0.04134907,247.38664224,0.01998488,0.01998488,36620,112,0
5457.51628811,5457.51725226,1722.02181375,1721.98177630,0.00644534,247.49373337,0.01998488,0.01998488,36619,112,0
5457.66500983,5457.66631210,1728.21389988,1728.15978354,0.08099956,247.60079635,0.01998488,0.01998488,36618,112,0
5457.81802590,5457.81538004,0.00000000,1734.52853109,0.06704855,247.71040360,0.01998489,0.01998488,36617,112,1
5457.96167211,5457.96445610,0.00000000,1740.50469124,0.05987624,247.81255159,0.01998487,0.01998488,36616,112,1
5458.11192425,5458.11354027,1746.81944258,1746.75213680,0.05004793,247.91860911,0.01998488,0.01998488,36615,112,0
5458.26243201,5458.26263256,1753.03143837,1753.02307910,0.05101559,248.02431778,0.01998488,0.01998488,36614,112,0
5458.41138463,5458.41173296,1759.24869562,1759.23416535,0.04725345,248.12827902,0.01998488,0.01998488,36613,112,0
5458.56083121,5458.56084147,1765.47123981,1765.47081143,0.04302159,248.23192866,0.01998488,0.01998488,36612,112,0
5458.70770878,5458.70995810,0.00000000,1771.61309943,0.06434960,248.33328593,0.01998488,0.01998488,36611,112,1
5458.85922058,5458.85908284,1777.93207433,1777.93783378,0.07808723,248.43690287,0.01998488,0.01998488,36610,112,0
5459.00383622,5459.00821570,0.00000000,1783.99422122,0.05729298,248.53540939,0.01998487,0.01998488,36609,112,1
5459.15578427,5459.15735668,1790.41370675,1790.34785652,0.06813427,248.63799969,0.01998488,0.01998488,36608,112,0
5459.30671306,5459.30650578,1796.66224918,1796.67093657,0.07567365,248.73933327,0.01998488,0.01998488,36607,112,0
5459.45535006,5459.45566299,1802.91590814,1802.90278269,0.06304657,248.83845965,0.01998488,0.01998488,36606,112,0
5459.60393953,5459.60482833,1809.17465928,1809.13735273,0.04827755,248.93688922,0.01998488,0.01998488,36605,112,0
5459.75191446,5459.75400178,0.00000000,1815.35614176,0.06440411,249.03433216,0.01998488,0.01998488,36604,112,1
5459.89897901,5459.90318336,0.00000000,1821.53594052,0.06463041,249.13043455,0.01998487,0.01998488,36603,112,1
5460.05240744,5460.05237306,1827.98122481,1827.98267127,0.07827465,249.22991292,0.01998488,0.01998488,36602,112,0
5460.20106517,5460.20157088,1834.26016780,1834.23887727,0.12039695,249.32569460,0.01998488,0.01998488,36601,112,0
5460.35216728,5460.35077683,1840.54424170,1840.60282573,0.12001162,249.42236109,0.01998489,0.01998488,36600,112,0
5460.49857500,5460.49999089,1846.83352023,1846.77381796,0.03388041,249.51536011,0.01998488,0.01998488,36599,112,0
5460.64839112,5460.64921309,1853.12807749,1853.09339108,0.03669576,249.60984674,0.01998488,0.01998488,36598,112,0
5460.79849302,5460.79844341,1859.42798792,1859.43008331,0.06190593,249.70382575,0.01998488,0.01998488,36597,112,0
5460.94577734,5460.94768185,0.00000000,1865.66128573,0.06178180,249.79549464,0.01998488,0.01998488,36596,112,1
5461.09284059,5461.09692842,0.00000000,1871.87990365,0.03300103,249.88624131,0.01998487,0.01998488,36595,112,1
5461.24817842,5461.24618312,0.00000000,1878.45367390,0.10985075,249.98137001,0.01998489,0.01998488,36594,112,1
5461.39441249,5461.39544595,1884.68272935,1884.63893819,0.02281528,250.07012535,0.01998488,0.01998488,36593,112,0
5461.54529070,5461.54471691,1891.01059514,1891.03492973,0.03930275,250.16113844,0.01998489,0.01998488,36592,112,0
5461.69441670,5461.69399599,1897.34427710,1897.36213488,0.04843527,250.25040634,0.01998489,0.01998488,36591,112,0
5461.84172386,5461.84328321,1903.68365692,1903.61741337,0.07566359,250.33791021,0.01998488,0.01998488,36590,112,0
5461.99321146,5461.99257856,1910.02851861,1910.05542692,0.05972654,250.42719239,0.01998489,0.01998488,36589,112,0
5462.14521009,5462.14188204,0.00000000,1916.52171786,0.12422205,250.51607240,0.01998490,0.01998488,36588,112,1
5462.29109014,5462.29119365,1922.73381437,1922.72940726,0.07525899,250.60064897,0.01998488,0.01998488,36587,112,0
5462.43981775,5462.44051340,1929.09381164,1929.06417188,0.07402047,250.68620056,0.01998488,0.01998488,36586,112,0
5462.59120616,5462.58984128,1935.45860098,1935.51679753,0.12089135,250.77255845,0.01998489,0.01998488,36585,112,0
5462.73747458,5462.73917729,1941.82844737,1941.75579137,0.07226631,250.85530352,0.01998488,0.01998489,36584,112,0
5462.88774803,5462.88852144,1948.20364485,1948.17061611,0.04551761,250.93960791,0.01998488,0.01998489,36583,112,0
5463.03595623,5463.03787373,0.00000000,1954.50447368,0.05268671,251.02207964,0.01998488,0.01998489,36582,112,1
5463.18610841,5463.18723416,1960.97127671,1960.92311715,0.04260674,251.10487624,0.01998488,0.01998489,36581,112,0
5463.33593349,5463.33660272,1967.36423230,1967.33557643,0.05808024,251.18680993,0.01998488,0.01998489,36580,112,0
5463.48645194,5463.48597942,1973.76319946,1973.78344985,0.08483492,251.26840687,0.01998489,0.01998489,36579,112,0
5463.63459824,5463.63536426,1980.16789913,1980.13504351,0.05950604,251.34801164,0.01998488,0.01998489,36578,112,0
5463.78648771,5463.78475724,0.00000000,1986.65066068,0.06229880,251.42887418,0.01998489,0.01998489,36577,112,1
5463.93147866,5463.93415836,0.00000000,1992.87596439,0.05006529,251.50537886,0.01998488,0.01998489,36576,112,1
5464.08139288,5464.08356762,0.00000000,1999.31784652,0.07541675,251.58376851,0.01998488,0.01998489,36575,112,1
5464.23339277,5464.23298503,2005.83865842,2005.85619797,0.01898048,251.66252435,0.01998489,0.01998489,36574,112,0
5464.38182555,5464.38241058,2012.26871716,2012.24353312,0.06182098,251.73867541,0.01998488,0.01998489,36573,112,0
5464.52955497,5464.53184427,0.00000000,2018.60719986,0.09686657,251.81377204,0.01998488,0.01998489,36572,112,1
5464.68119353,5464.68128610,2025.14442272,2025.14043170,0.03691470,251.89006779,0.01998489,0.01998489,36571,112,0
5464.82970139,5464.83073608,2031.59037737,2031.54573192,0.10841655,251.96408082,0.01998488,0.01998489,36570,112,0
5464.97974210,5464.98019421,2038.04194429,2038.02242033,0.07502328,252.03812473,0.01998488,0.01998489,36569,112,0
5465.12833373,5465.12966048,2044.49929375,2044.44195008,0.07505765,252.11072731,0.01998488,0.01998489,36568,112,0
5465.27729186,5465.27913490,0.00000000,2050.89688757,0.01037966,252.18293946,0.01998488,0.01998489,36567,112,1
5465.42537369,5465.42861747,0.00000000,2057.30743485,0.08105342,252.25387013,0.01998487,0.01998489,36566,112,1
5465.57689154,5465.57810819,2063.90776711,2063.85503895,0.02457704,252.32550986,0.01998488,0.01998489,36565,112,0
5465.72685389,5465.72760706,2070.38994625,2070.35727427,0.12744796,252.39584569,0.01998488,0.01998489,36564,112,0
5465.87640764,5465.87711407,2076.87850953,2076.84783636,0.11021854,252.46525272,0.01998488,0.01998489,36563,112,0
5466.02627057,5466.02662924,2083.37332572,2083.35773823,0.08776990,252.53406118,0.01998488,0.01998489,36562,112,0
5466.17602681,5466.17615256,2089.87426276,2089.86879297,0.01913636,252.60207503,0.01998489,0.01998489,36561,112,0
5466.32547125,5466.32568403,2096.38118788,2096.37192461,0.11625938,252.66920072,0.01998488,0.01998489,36560,112,0
5466.47225745,5466.47522366,0.00000000,2102.77926341,0.06576486,252.73455044,0.01998488,0.01998489,36559,112,1
5466.62658618,5466.62477144,2109.41254555,2109.49168091,0.06733225,252.80217367,0.01998489,0.01998489,36558,112,0
5466.77421555,5466.77432737,2115.93689206,2115.93201171,0.06301652,252.86624971,0.01998489,0.01998489,36557,112,0
5466.92339531,5466.92389146,2122.46699419,2122.44532290,0.04598327,252.93024896,0.01998488,0.01998489,36556,112,0
5467.07345167,5467.07346370,2129.00283507,2129.00230910,0.04326904,252.99386180,0.01998489,0.01998489,36555,112,0
5467.22014446,5467.22304411,0.00000000,2135.42861193,0.06142033,253.05541285,0.01998488,0.01998489,36554,112,1
5467.36949259,5467.37263267,0.00000000,2141.96509138,0.05773224,253.11721286,0.01998488,0.01998489,36553,112,1
5467.51938277,5467.52222938,0.00000000,2148.53089198,0.06596294,253.17847145,0.01998488,0.01998489,36552,112,1
5467.67163936,5467.67183426,2155.20415659,2155.19560754,0.04469941,253.23981382,0.01998489,0.01998489,36551,112,0
5467.82241701,5467.82144730,2161.76953749,2161.81211025,0.03283352,253.29987620,0.01998489,0.01998489,36550,112,0
5467.97006706,5467.97106849,2168.34120778,2168.29720289,0.07266000,253.35793715,0.01998488,0.01998489,36549,112,0
5468.12123249,5468.12069785,2174.91926124,2174.94277602,0.01531965,253.41660450,0.01998489,0.01998489,36548,112,0
5468.26689059,5468.27033537,0.00000000,2181.35902085,0.04381760,253.47244981,0.01998488,0.01998489,36547,112,1
5468.41784695,5468.41998105,0.00000000,2188.00567646,0.05921933,253.52947433,0.01998488,0.01998489,36546,112,1
5468.56821002,5468.56963490,2194.69115085,2194.62831407,0.06616034,253.58545652,0.01998488,0.01998489,36545,112,0
5468.71670231,5468.71929691,0.00000000,2201.18148202,0.09775935,253.64002982,0.01998488,0.01998489,36544,112,1
5468.86981572,5468.86896708,2207.90310219,2207.94059171,0.09047103,253.69546190,0.01998489,0.01998489,36543,112,0
5469.01643148,nan,0.00000000,2214.41875287,0.04830815,253.74777384,0.01998488,0.01998489,36542,112,1
5469.16825931,5469.16833193,2221.13885637,2221.13564291,0.02320597,253.80117012,0.01998489,0.01998489,36541,112,0
5469.31657223,5469.31802660,2227.76543819,2227.70103124,0.08968563,253.85253218,0.01998488,0.01998489,36540,112,0
5469.46929892,5469.46772944,0.00000000,2234.46309849,0.05590371,253.90457526,0.01998489,0.01998489,36539,112,1
5469.61680849,5469.61744045,2241.03557511,2241.00754407,0.03460659,253.95411472,0.01998489,0.01998489,36538,112,0
5469.76501970,5469.76715963,0.00000000,2247.58065312,0.06886571,254.00305061,0.01998488,0.01998489,36537,112,1
5469.91594762,5469.91688698,2254.32860309,2254.28686829,0.06771106,254.05212996,0.01998489,0.01998489,36536,112,0
5470.06616841,5470.06662250,2260.98416447,2260.96397210,0.03988254,254.10014584,0.01998489,0.01998489,36535,112,0
5470.21636168,5470.21636619,2267.64603076,2267.64583028,0.04563468,254.14734642,0.01998489,0.01998489,36534,112,0
5470.36507152,5470.36611805,2274.31440395,2274.26778067,0.07325003,254.19328541,0.01998488,0.01998489,36533,112,0
5470.51570480,5470.51587809,2280.98937446,2280.98164709,0.08347864,254.23900995,0.01998489,0.01998489,36532,112,0
5470.66339111,5470.66564630,0.00000000,2287.57087055,0.05193900,254.28305139,0.01998488,0.01998489,36531,112,1
5470.81364012,5470.81542268,0.00000000,2294.27985731,0.08462115,254.32704422,0.01998488,0.01998489,36530,112,1
5470.96379153,5470.96520724,2301.05355954,2300.99025623,0.05038778,254.37018928,0.01998488,0.01998489,36529,112,0
5471.11387350,5471.11499997,2307.75459601,2307.70417996,0.05684956,254.41249921,0.01998489,0.01998489,36528,112,0
5471.26461476,5471.26480088,2314.46203134,2314.45369382,0.06657983,254.45416856,0.01998489,0.01998489,36527,112,0
5471.41363167,5471.41460997,2321.17575459,2321.13189288,0.08632016,254.49454417,0.01998489,0.01998489,36526,112,0
5471.56210376,5471.56442724,0.00000000,2327.79032361,0.07710626,254.53395508,0.01998488,0.01998489,36525,112,1
5471.71380962,5471.71425268,2334.62160200,2334.60170382,0.00970053,254.57339804,0.01998489,0.01998489,36524,112,0
5471.86367293,5471.86408631,2341.35349366,2341.33491361,0.09123016,254.61152032,0.01998489,0.01998489,36523,112,0
5472.01073916,nan,0.00000000,2347.94902480,0.02447276,254.64812802,0.01998488,0.01998489,36522,112,1
5472.16461218,5472.16377810,2354.83537341,2354.87292863,0.11079804,254.68555816,0.01998489,0.01998489,36521,112,0
5472.31423796,5472.31363627,2361.58592784,2361.61304454,0.05324096,254.72111813,0.01998489,0.01998489,36520,112,0
5472.46086563,5472.46350261,0.00000000,2368.22971074,0.03913082,254.75518557,0.01998488,0.01998489,36519,112,1
5472.61310245,5472.61337715,2375.10777942,2375.09537485,0.08825548,254.78965394,0.01998489,0.01998489,36518,112,0
5472.76490599,5472.76325986,0.00000000,2381.95981285,0.08561048,254.82321900,0.01998490,0.01998489,36517,112,1
5472.91416046,5472.91315077,2388.65848345,2388.70416983,0.06223051,254.85532322,0.01998489,0.01998489,36516,112,0
5473.06427481,5473.06304985,2395.44430902,2395.49978821,0.04439470,254.88679556,0.01998489,0.01998489,36515,112,0
5473.21146758,5473.21295712,2402.23681100,2402.16928748,0.07293614,254.91682892,0.01998488,0.01998489,36514,112,0
5473.36215242,5473.36287258,2409.03575819,2409.00308312,0.06020066,254.94672365,0.01998489,0.01998489,36513,112,0
5473.50996268,5473.51279623,0.00000000,2415.71376142,0.09391763,254.97521453,0.01998488,0.01998489,36512,112,1
5473.66210425,5473.66272807,2422.65249862,2422.62414562,0.10613772,255.00365719,0.01998489,0.01998489,36511,112,0
5473.81211597,5473.81266809,2429.47040051,2429.44528420,0.07802078,255.03084081,0.01998489,0.01998489,36510,112,0
5473.95982656,5473.96261630,0.00000000,2436.16937338,0.06312112,255.05677056,0.01998488,0.01998489,36509,112,1
5474.11272134,5474.11257271,2443.12565498,2443.13242883,0.08716258,255.08271447,0.01998489,0.01998489,36508,112,0
5474.26177930,5474.26253730,2449.96318809,2449.92861129,0.06909228,255.10714632,0.01998489,0.01998489,36507,112,0
5474.41045367,nan,0.00000000,2456.71693644,0.08592217,255.13067193,0.01998488,0.01998489,36506,112,1
5474.56161643,nan,0.00000000,2463.62253258,0.07461331,255.15370357,0.01998489,0.01998489,36505,112,1
5474.71253241,5474.71248024,2470.51773014,2470.52011665,0.05749337,255.17580196,0.01998489,0.01998489,36504,112,0
5474.85957257,5474.86247761,0.00000000,2477.25323594,0.04985027,255.19649956,0.01998488,0.01998489,36503,112,1
5475.01110546,5475.01248317,2484.25789890,2484.19473373,0.10984524,255.21693385,0.01998489,0.01998489,36502,112,0
5475.16296441,5475.16249693,2491.13919723,2491.16065150,0.10751858,255.23651753,0.01998489,0.01998489,36501,112,0
5475.31022457,5475.31251889,0.00000000,2497.91785154,0.15069854,255.25463141,0.01998488,0.01998489,36500,112,1
5475.46231941,5475.46254904,2504.92240428,2504.91184684,0.11474742,255.27246420,0.01998489,0.01998489,36499,112,0
nan,nan,0.00000000,-1.00000000,0.00000000,255.28485217,nan,0.00000000,-2147483648,112,1
5475.76146743,5475.76263393,2518.73060646,2518.67688711,0.09984365,255.30484007,0.01998489,0.01998489,36497,112,0
5475.91315960,5475.91268868,2525.64380488,2525.66550989,0.07122713,255.31989627,0.01998489,0.01998489,36496,112,0
5476.06203502,5476.06275163,2532.56344339,2532.53038453,0.03809084,255.33378011,0.01998489,0.01998489,36495,112,0
5476.21221558,5476.21282278,2539.48983668,2539.46179897,0.09012184,255.34688775,0.01998489,0.01998489,36494,112,0
5476.36203141,5476.36290212,2546.42330137,2546.38305581,0.05027268,255.35906299,0.01998489,0.01998489,36493,112,0
5476.51124167,5476.51298968,0.00000000,2553.27914770,0.06276367,255.37028638,0.01998489,0.01998489,36492,112,1
5476.66343343,nan,0.00000000,2560.32481556,0.05702866,255.38081756,0.01998489,0.01998489,36491,112,1
5476.81426401,5476.81318939,2567.26737123,2567.31718927,0.07640891,255.39033407,0.01998490,0.01998489,36490,112,0
5476.96452102,5476.96330155,2574.22966186,2574.28624845,0.09835783,255.39889201,0.01998490,0.01998489,36489,112,0
5477.11168406,5477.11342192,0.00000000,2581.11655342,0.07924148,255.40638169,0.01998489,0.01998489,36488,112,1
5477.26235414,5477.26355049,2588.17502900,2588.11941133,0.06304993,255.41313773,0.01998489,0.01998489,36487,112,0
5477.41427328,5477.41368727,2595.15809885,2595.18536773,0.05727879,255.41900760,0.01998489,0.01998489,36486,112,0
5477.56285344,5477.56383226,2602.14820500,2602.10261365,0.07965623,255.42383241,0.01998489,0.01998489,36485,112,0
5477.71362685,5477.71398546,2609.14543907,2609.12871992,0.05763543,255.42779977,0.01998489,0.01998489,36484,112,0
5477.86384807,5477.86414686,2616.14989323,2616.13594902,0.09914955,255.43081956,0.01998489,0.01998489,36483,112,0
5478.01323739,5478.01431647,2623.16166288,2623.11125318,0.06328214,255.43289627,0.01998489,0.01998489,36482,112,0
5478.16617993,5478.16449430,0.00000000,2630.26734349,0.03216058,255.43406323,0.01998490,0.01998489,36481,112,1
nan,nan,0.00000000,-1.00000000,0.00000000,255.43427011,nan,0.00000000,-2147483648,112,1
nan,nan,0.00000000,-1.00000000,0.00000000,255.43398392,nan,0.00000000,-2147483648,112,1
nan,nan,0.00000000,-1.00000000,0.00000000,255.43356916,nan,0.00000000,-2147483648,112,1
5478.61346124,5478.61507704,0.00000000,2651.21803132,0.05294372,255.43186838,0.01998489,0.01998489,36478,112,1
5478.76556309,5478.76528771,2658.33383263,2658.34676366,0.06756606,255.42921396,0.01998489,0.01998489,36477,112,0
5478.91538692,5478.91550660,2665.39139314,2665.38576738,0.08232911,255.42564251,0.01998489,0.01998489,36476,112,0
5479.06481357,5479.06573370,2672.45657107,2672.41327541,0.03155827,255.42113473,0.01998489,0.01998489,36475,112,0
5479.21529026,5479.21596902,2679.52927741,2679.49730706,0.04888559,255.41563789,0.01998489,0.01998489,36474,112,0
5479.36355836,5479.36621255,0.00000000,2686.49192773,0.03839812,255.40927178,0.01998488,0.01998489,36473,112,1
5479.51557801,5479.51646430,2693.69700422,2693.65517564,0.05327078,255.40178549,0.01998489,0.01998489,36472,112,0
5479.66625944,5479.66672427,2700.79212142,2700.77016173,0.12277641,255.39338123,0.01998489,0.01998489,36471,112,0
5479.81698751,5479.81699245,2707.89488925,2707.89465544,0.08886750,255.38399862,0.01998489,0.01998489,36470,112,0
5479.96829994,5479.96726886,2715.00542174,2715.05423448,0.09119040,255.37359483,0.01998490,0.01998489,36469,112,0
5480.11482548,5480.11755349,0.00000000,2721.99813444,0.07501734,255.36257077,0.01998488,0.01998489,36468,112,1
5480.26545673,5480.26784633,0.00000000,2729.13883151,0.08754755,255.35027538,0.01998488,0.01998489,36467,112,1
5480.41569942,5480.41814740,0.00000000,2736.26834874,0.07840426,255.33702916,0.01998488,0.01998489,36466,112,1
5480.56904082,5480.56845669,2743.52523955,2743.55300572,0.09760412,255.32249348,0.01998490,0.01998489,36465,112,0
5480.71643856,5480.71877420,0.00000000,2750.56123755,0.06191422,255.30755419,0.01998488,0.01998489,36464,112,1
5480.86695235,nan,0.00000000,2757.72550603,0.06077413,255.29131402,0.01998489,0.01998489,36463,112,1
5481.01923287,nan,0.00000000,2764.98134728,0.06559112,255.27386844,0.01998489,0.01998489,36462,112,1
5481.16923200,5481.16977608,2772.16257317,2772.13661112,0.08416424,255.25568126,0.01998489,0.01998489,36461,112,0
5481.32060051,5481.32012649,2779.34062013,2779.36326258,0.07917207,255.23632134,0.01998490,0.01998489,36460,112,0
5481.47027671,5481.47048513,2786.52669661,2786.51673022,0.04705584,255.21617630,0.01998489,0.01998489,36459,112,0
5481.62024900,5481.62085199,2793.72104212,2793.69217584,0.05631756,255.19498864,0.01998489,0.01998489,36458,112,0
5481.76996642,5481.77122708,2800.92366595,2800.86325052,0.09239149,255.17283248,0.01998489,0.01998489,36457,112,0
5481.92175941,5481.92161041,2808.13450165,2808.14165040,0.07913732,255.14934144,0.01998489,0.01998489,36456,112,0
5482.07276453,5482.07200196,2815.35348224,2815.39010627,0.06199323,255.12494248,0.01998490,0.01998489,36455,112,0
5482.35283877,5482.37280975,0.00000000,2828.84997051,0.07599841,255.07697600,0.01998482,0.01998489,36453,112,1
5482.52281046,5482.52322599,2837.05871261,2837.03869283,0.05601407,255.04610261,0.01998489,0.01998489,36452,112,0
5482.67203233,5482.67365047,0.00000000,2844.22437123,0.05244101,255.01795673,0.01998489,0.01998489,36451,112,1
5482.82454846,5482.82408318,2851.56887919,2851.59134313,0.04722907,254.98807763,0.01998490,0.01998489,36450,112,0
5482.97270609,5482.97452412,0.00000000,2858.73815439,0.05142134,254.95810154,0.01998489,0.01998489,36449,112,1
5483.12383284,5483.12497330,2866.11092608,2866.05575110,0.06551418,254.92639892,0.01998489,0.01998489,36448,112,0
5483.27423268,5483.27543071,2873.39376455,2873.33574531,0.11776797,254.89384488,0.01998489,0.01998489,36447,112,0
5483.42501498,5483.42589636,2880.68435975,2880.64163273,0.06924733,254.86015788,0.01998489,0.01998489,36446,112,0
5483.57473991,5483.57637025,2887.98262017,2887.90350730,0.01985885,254.82566397,0.01998489,0.01998489,36445,112,0
5483.72742455,5483.72685237,2895.28847251,2895.31626524,0.07146823,254.78941489,0.01998490,0.01998489,36444,112,0
5483.87745119,5483.87734273,2902.60205978,2902.60733350,0.01988956,254.75273738,0.01998490,0.01998489,36443,112,0
5484.02863861,5484.02784133,2909.92366471,2909.96247201,0.11406005,254.71470903,0.01998490,0.01998489,36442,112,0
5484.17837731,5484.17834817,2917.25357418,2917.25499412,0.04731191,254.67598449,0.01998490,0.01998489,36441,112,0
5484.32870607,5484.32886325,2924.59207696,2924.58440870,0.04187547,254.63604067,0.01998489,0.01998489,36440,112,0
5484.47856425,5484.47938658,2931.93938782,2931.89922580,0.05810878,254.59515345,0.01998489,0.01998489,36439,112,0
5484.63015876,5484.62991814,2939.29539308,2939.30715792,0.02594720,254.55270416,0.01998490,0.01998489,36438,112,0
5484.77812879,5484.78045795,0.00000000,2946.53977861,0.06312270,254.51024810,0.01998489,0.01998489,36437,112,1
5484.93115022,5484.93100600,2954.03266933,2954.03973617,0.03893298,254.46516736,0.01998490,0.01998489,36436,112,0
5485.08071207,5485.08156230,2961.41353008,2961.37182729,0.15121172,254.42005684,0.01998489,0.01998489,36435,112,0
5485.22952193,5485.23212684,0.00000000,2968.67007776,0.07197506,254.37413450,0.01998489,0.01998489,36434,112,1
5485.38461352,5485.38269962,0.00000000,2976.29043810,0.12384684,254.32509927,0.01998490,0.01998489,36433,112,1
5485.53049607,5485.53328065,0.00000000,2983.46617235,0.05820228,254.27791070,0.01998488,0.01998489,36432,112,1
5485.68210902,5485.68386993,0.00000000,2990.93187477,0.09001583,254.22777083,0.01998489,0.01998489,36431,112,1
5485.83597310,5485.83446746,2998.44310571,2998.51736711,0.10567427,254.17573547,0.01998490,0.01998489,36430,112,0
5485.98104052,5485.98507324,0.00000000,3005.67610643,0.08659839,254.12561891,0.01998488,0.01998490,36429,112,1
5486.13063096,5486.13568726,0.00000000,3013.06652772,0.08554527,254.07285278,0.01998488,0.01998490,36428,112,1
5486.28678345,5486.28630954,3020.76740823,3020.79086281,0.10572979,254.01658670,0.01998490,0.01998490,36427,112,0
5486.43586395,5486.43694006,3028.22656886,3028.17325064,0.10160433,253.96174545,0.01998489,0.01998490,36426,112,0
5486.58798393,5486.58757884,3035.69449336,3035.71458711,0.05765352,253.90464759,0.01998490,0.01998490,36425,112,0
5486.73738591,5486.73822587,3043.17128414,3043.12957226,0.05622228,253.84744617,0.01998489,0.01998490,36424,112,0
5486.88889218,5486.88888116,3050.65707769,3050.65762569,0.10337564,253.78829700,0.01998490,0.01998490,36423,112,0
5487.03997379,5487.03954469,3058.15201145,3058.17337008,0.05528777,253.72816348,0.01998490,0.01998490,36422,112,0
5487.19072444,5487.19021649,3065.65621708,3065.68153056,0.01841859,253.66701201,0.01998490,0.01998490,36421,112,0
5487.33983813,5487.34089653,3073.16961155,3073.11680641,0.10024079,253.60539163,0.01998489,0.01998490,36420,112,0
5487.49138111,5487.49158484,3080.69185446,3080.68167882,0.04852449,253.54161197,0.01998490,0.01998490,36419,112,0
5487.64137528,5487.64228140,3088.22258798,3088.17728339,0.12411185,253.47733659,0.01998489,0.01998490,36418,112,0
5487.79037805,5487.79298622,0.00000000,3095.61816321,0.09359318,253.41246739,0.01998489,0.01998490,36417,112,1
5487.94125297,5487.94369929,0.00000000,3103.17335475,0.09922408,253.34551781,0.01998489,0.01998490,36416,112,1
5488.09337096,5488.09442063,3110.86305781,3110.81041542,0.11669425,253.27673276,0.01998489,0.01998490,36415,112,0
5488.24345019,5488.24515022,0.00000000,3118.33214957,0.04963831,253.20789551,0.01998489,0.01998490,36414,112,1
5488.39518641,5488.39588808,3125.99936214,3125.96409074,0.05015691,253.13694306,0.01998489,0.01998490,36413,112,0
5488.54561551,5488.54663420,3133.58182251,3133.53055067,0.07725610,253.06549891,0.01998489,0.01998490,36412,112,0
5488.69608206,5488.69738858,0.00000000,3141.10239583,0.11262768,252.99290693,0.01998489,0.01998490,36411,112,1
5488.84843940,5488.84815122,3148.77638014,3148.79092027,0.07969288,252.91807337,0.01998490,0.01998490,36410,112,0
5489.00059377,5488.99892212,0.00000000,3156.46573382,0.11197933,252.84224463,0.01998490,0.01998490,36409,112,1
5489.14906454,5489.14970129,3164.00880517,3163.97660376,0.05802412,252.76694385,0.01998489,0.01998490,36408,112,0
5489.29802794,5489.30048873,0.00000000,3171.50681636,0.04580872,252.69036481,0.01998489,0.01998490,36407,112,1
5489.45052010,5489.45128443,3179.27741250,3179.23867201,0.09631631,252.61060533,0.01998489,0.01998490,36406,112,0
5489.60245895,5489.60208840,3186.92548327,3186.94428730,0.06185653,252.52997749,0.01998490,0.01998490,36405,112,0
5489.75195185,5489.75290063,3194.58301114,3194.53480789,0.05964838,252.44944210,0.01998489,0.01998490,36404,112,0
5489.90395663,5489.90372113,3202.25020588,3202.26218513,0.07572260,252.36632105,0.01998490,0.01998490,36403,112,0
5490.05192640,5490.05454990,0.00000000,3209.78687301,0.09264678,252.28428102,0.01998489,0.01998490,36402,112,1
5490.20413178,5490.20538694,3217.61370232,3217.54970242,0.09292777,252.19850782,0.01998489,0.01998490,36401,112,0
5490.35494791,5490.35623225,3225.30969876,3225.24413501,0.09827505,252.11235097,0.01998489,0.01998490,36400,112,0
5490.50509701,5490.50708584,0.00000000,3232.90596947,0.13176765,252.02543188,0.01998489,0.01998490,36399,112,1
5490.65751057,5490.65794769,3240.72939599,3240.70703114,0.05568702,251.93577754,0.01998490,0.01998490,36398,112,0
5490.80507365,5490.80881781,0.00000000,3248.25517404,0.07762504,251.84791966,0.01998488,0.01998490,36397,112,1
5490.95745407,5490.95969621,0.00000000,3256.06615900,0.04508771,251.75585264,0.01998489,0.01998490,36396,112,1
5491.10813672,5491.11058288,0.00000000,3263.79942709,0.06738599,251.66354953,0.01998489,0.01998490,36395,112,1
5491.26185238,5491.26147783,3271.68206611,3271.70132200,0.04523229,251.56804946,0.01998490,0.01998490,36394,112,0
5491.41295789,5491.41238105,3279.44502460,3279.47471718,0.15914289,251.47293428,0.01998490,0.01998490,36393,112,0
5491.56401272,5491.56329255,3287.21803825,3287.25515499,0.07727528,251.37657269,0.01998490,0.01998490,36392,112,0
5491.71336301,5491.71421233,3295.00106737,3294.95724070,0.06911421,251.28003811,0.01998489,0.01998490,36391,112,0
5491.86586874,5491.86514038,3302.79407190,3302.83170318,0.08057619,251.18016682,0.01998490,0.01998490,36390,112,0
5492.01529278,5492.01607671,3310.59701389,3310.55646268,0.07763561,251.08103855,0.01998489,0.01998490,36389,112,0
5492.16475337,5492.16702132,0.00000000,3318.28960790,0.11792841,250.98065613,0.01998489,0.01998490,36388,112,1
5492.31468674,5492.31797421,0.00000000,3326.05944754,0.06246998,250.87864193,0.01998489,0.01998490,36387,112,1
5492.46938322,5492.46893539,3334.06521109,3334.08846115,0.06945993,250.77200796,0.01998490,0.01998490,36386,112,0
5492.61863327,5492.61990484,0.00000000,3341.83966780,0.11159880,250.66789002,0.01998489,0.01998490,36385,112,1
5492.77519003,5492.77088257,0.00000000,3349.98303775,0.04364326,250.55726234,0.01998491,0.01998490,36384,112,1
5492.92216250,5492.92186859,3357.62273651,3357.63805160,0.17427283,250.45210839,0.01998490,0.01998490,36383,112,0
5493.06965177,5493.07286289,0.00000000,3365.32794979,0.05494552,250.34534272,0.01998489,0.01998490,36382,112,1
5493.22302169,5493.22386548,3373.37974640,3373.33566320,0.10004809,250.23295795,0.01998489,0.01998490,36381,112,0
5493.37503180,5493.37487635,3381.27450452,3381.28263659,0.13412202,250.12020847,0.01998490,0.01998490,36380,112,0
5493.52260204,5493.52589550,0.00000000,3389.00479897,0.09024829,250.00948684,0.01998489,0.01998490,36379,112,1
5493.67716196,5493.67692295,3397.09596930,3397.10850486,0.10011014,249.89206314,0.01998490,0.01998490,36378,112,0
5493.82748762,5493.82795868,3405.02225762,3404.99752195,0.09863853,249.77653871,0.01998490,0.01998490,36377,112,0
5493.97603389,5493.97900269,0.00000000,3412.79613027,0.08325354,249.66116321,0.01998489,0.01998490,36376,112,1
5494.13279916,5494.13005500,0.00000000,3421.04249728,0.10342554,249.53789249,0.01998491,0.01998490,36375,112,1
5494.28027925,5494.28111560,3428.86202330,3428.81794347,0.07223679,249.42046459,0.01998490,0.01998490,36374,112,0
5494.43212462,5494.43218448,3436.82920046,3436.82604154,0.10758719,249.29830871,0.01998490,0.01998490,36373,112,0
5494.58397905,5494.58326166,3444.80686259,3444.84476884,0.10573900,249.17475584,0.01998490,0.01998490,36372,112,0
5494.73556373,5494.73434713,3452.79513958,3452.85950617,0.03175367,249.05002953,0.01998490,0.01998490,36371,112,0
5494.88418724,5494.88544089,3460.79417641,3460.72776414,0.09201138,248.92638164,0.01998489,0.01998490,36370,112,0
5495.03777150,5495.03654295,3468.80411977,3468.86928903,0.11381194,248.79718652,0.01998490,0.01998490,36369,112,0
5495.18982779,5495.18765330,0.00000000,3476.93104417,0.07075299,248.66800148,0.01998491,0.01998490,36368,112,1
5495.33877467,5495.33877194,3484.85723592,3484.85738123,0.09706108,248.53976800,0.01998490,0.01998490,36367,112,0
5495.48995613,5495.48989888,3492.90036169,3492.90341085,0.10874310,248.40836235,0.01998490,0.01998490,36366,112,0
5495.63998137,5495.64103412,3500.95435387,3500.89821735,0.11960867,248.27655994,0.01998490,0.01998490,36365,112,0
5495.79037255,5495.79217765,0.00000000,3508.90871591,0.03581907,248.14326569,0.01998489,0.01998490,36364,112,1
5495.94064777,5495.94332948,0.00000000,3516.93643314,0.10554945,248.00844641,0.01998489,0.01998490,36363,112,1
5496.09366062,5496.09448961,3525.18010064,3525.13573035,0.12751380,247.86946555,0.01998490,0.01998490,36362,112,0
5496.24405394,5496.24565803,0.00000000,3533.17630887,0.14899433,247.73191861,0.01998489,0.01998490,36361,112,1
5496.39590211,5496.39683476,3541.38226634,3541.33222783,0.08110668,247.59112740,0.01998490,0.01998490,36360,112,0
5496.54830580,5496.54801979,3549.49844506,3549.51380820,0.08621172,247.44860675,0.01998490,0.01998490,36359,112,0
5496.69690503,5496.69921312,0.00000000,3557.49522652,0.08261533,247.30833111,0.01998489,0.01998490,36358,112,1
5496.84998201,5496.85041475,3565.76301431,3565.73970712,0.07846937,247.16214424,0.01998490,0.01998490,36357,112,0
5496.99741832,5497.00162469,0.00000000,3573.68669609,0.09735429,247.01999344,0.01998488,0.01998490,36356,112,1
5497.15323999,5497.15284293,3582.07587231,3582.09732266,0.11716411,246.86822457,0.01998490,0.01998490,36355,112,0
5497.30612175,5497.30406947,0.00000000,3590.36419922,0.06747440,246.71772183,0.01998491,0.01998490,36354,112,1
5497.45626283,5497.45530432,3598.43952786,3598.49145725,0.13628256,246.56847754,0.01998490,0.01998490,36353,112,0
5497.60313822,5497.60654747,0.00000000,3606.45348366,0.13132964,246.42103338,0.01998489,0.01998490,36352,112,1
5497.75696752,5497.75779894,3614.84808921,3614.80293675,0.09431159,246.26510250,0.01998490,0.01998490,36351,112,0
5497.90540656,5497.90905870,0.00000000,3622.87107671,0.03888826,246.11314892,0.01998489,0.01998490,36350,112,1
5498.06146148,5498.06032678,3631.29821152,3631.35999362,0.13208777,245.95191594,0.01998490,0.01998490,36349,112,0
5498.21010792,5498.21160317,0.00000000,3639.46592246,0.13991720,245.79666060,0.01998489,0.01998490,36348,112,1
5498.35957317,5498.36288786,0.00000000,3647.62286713,0.13825906,245.63914931,0.01998489,0.01998490,36347,112,1
5498.51385156,5498.51418087,3656.06679968,3656.04878520,0.11145962,245.47509693,0.01998490,0.01998490,36346,112,0
5498.66400345,5498.66548218,0.00000000,3664.27107078,0.06249060,245.31368927,0.01998489,0.01998490,36345,112,1
5498.83371891,nan,0.00000000,3673.57221603,0.05633417,245.12953111,0.01998496,0.01998490,36344,112,1
5498.95592316,5498.96810976,0.00000000,3680.27846134,0.03326968,244.99571524,0.01998486,0.01998490,36343,112,1
5499.12237789,5499.11943601,0.00000000,3689.42512235,0.07979595,244.81180463,0.01998491,0.01998490,36342,112,1
5499.27235766,5499.27077058,0.00000000,3697.67845417,0.07702242,244.64447045,0.01998491,0.01998490,36341,112,1
5499.42503459,5499.42211346,0.00000000,3706.09191341,0.10522256,244.47253652,0.01998491,0.01998490,36340,112,1
5499.56937865,5499.57346466,0.00000000,3714.05708240,0.06568642,244.30850453,0.01998489,0.01998490,36339,112,1
5499.72587195,5499.72482418,3722.65649058,3722.71444643,0.14014502,244.12882857,0.01998490,0.01998490,36338,112,0
5499.87792556,5499.87619201,0.00000000,3731.11900657,0.08306885,243.95301489,0.01998491,0.01998490,36337,112,1
5500.03029905,5500.02756816,0.00000000,3739.56297141,0.15311935,243.77500317,0.01998491,0.01998490,36336,112,1
5500.17825892,5500.17895263,3747.82996848,3747.79143547,0.05721546,243.60020964,0.01998490,0.01998490,36335,112,0
5500.32714746,5500.33034542,0.00000000,3756.04773920,0.09235086,243.42351010,0.01998489,0.01998490,36334,112,1
5500.48243140,5500.48174653,3764.67100713,3764.70914903,0.09121171,243.23672501,0.01998490,0.01998490,36333,112,0
5500.63194924,5500.63315596,0.00000000,3773.02203082,0.11195259,243.05609264,0.01998490,0.01998490,36332,112,1
5500.78657998,5500.78457371,0.00000000,3781.65202798,0.09856743,242.86715662,0.01998491,0.01998490,36331,112,1
5500.93951598,5500.93599979,0.00000000,3790.19987581,0.07094610,242.67859994,0.01998491,0.01998490,36330,112,1
5501.08578745,5501.08743418,0.00000000,3798.38685316,0.08842621,242.49667928,0.01998489,0.01998490,36329,112,1
5501.23807456,5501.23887690,3806.98302343,3806.93802639,0.05271142,242.30528210,0.01998490,0.01998490,36328,112,0
5501.39042834,5501.39032795,3815.48284920,3815.48848710,0.09656733,242.11248689,0.01998490,0.01998490,36327,112,0
5501.54178431,5501.54178732,3823.99539754,3823.99522789,0.09369666,241.91927415,0.01998490,0.01998490,36326,112,0
5501.69628488,5501.69325502,0.00000000,3832.68082690,0.03514814,241.72055460,0.01998491,0.01998490,36325,112,1
5501.83288671,5501.84473104,0.00000000,3840.38184796,0.25051347,241.54314054,0.01998486,0.01998490,36324,112,1
5501.99524484,5501.99621539,3849.60949997,3849.55467679,0.10032930,241.33032169,0.01998490,0.01998490,36323,112,0
5502.14655307,5502.14770807,3858.17296520,3858.10762909,0.08581473,241.13041738,0.01998490,0.01998490,36322,112,0
5502.29659259,5502.29920908,0.00000000,3866.59968631,0.06040798,240.93053527,0.01998489,0.01998490,36321,112,1
5502.44759001,5502.45071842,0.00000000,3875.16261401,0.09271895,240.72757122,0.01998489,0.01998490,36320,112,1
5502.60208232,5502.60223609,3883.94356254,3883.93482303,0.08685947,240.51817423,0.01998490,0.01998490,36319,112,0
5502.74799410,5502.75376209,0.00000000,3892.23594602,0.05223684,240.31864976,0.01998488,0.01998490,36318,112,1
5502.90517320,5502.90529643,3901.19573985,3901.18871402,0.11945989,240.10196624,0.01998490,0.01998490,36317,112,0
5503.05866114,5503.05683909,0.00000000,3909.94572719,0.20771935,239.88851815,0.01998491,0.01998490,36316,112,1
5503.20942693,5503.20839009,3918.50320930,3918.56250020,0.13602195,239.67703778,0.01998491,0.01998490,36315,112,0
5503.35655366,5503.35994943,0.00000000,3926.97851439,0.15626056,239.46909539,0.01998489,0.01998490,36314,112,1
5503.50291891,5503.51151709,0.00000000,3935.36584533,0.04596548,239.26049565,0.01998487,0.01998490,36313,112,1
5503.67042304,5503.66309310,0.00000000,3944.97958172,0.23536765,239.01971647,0.01998493,0.01998490,36312,112,1
5503.81898204,5503.81467744,0.00000000,3953.51949448,0.13757158,238.80432833,0.01998492,0.01998490,36311,112,1
5503.97051813,5503.96627012,0.00000000,3962.24369603,0.09255815,238.58283148,0.01998492,0.01998490,36310,112,1
5504.12140707,5504.11787114,0.00000000,3970.94389683,0.19956524,238.36047350,0.01998491,0.01998490,36309,112,1
5504.26844042,5504.26948049,3979.50762784,3979.44749464,0.12298243,238.14172097,0.01998490,0.01998490,36308,112,0
5504.41899432,5504.42109819,0.00000000,3988.14167641,0.38058015,237.91661485,0.01998489,0.01998490,36307,112,1
5504.57875229,5504.57272422,0.00000000,3997.39569288,0.13240895,237.67540175,0.01998492,0.01998490,36306,112,1
nan,nan,0.00000000,-1.00000000,0.00000000,237.47594519,nan,0.00000000,-2147483648,112,1
5504.87206536,5504.87600132,0.00000000,4014.42530619,0.18361150,237.22716653,0.01998489,0.01998490,36304,112,1
5505.02349743,5505.02765238,0.00000000,4023.23746474,0.11056069,236.99301114,0.01998489,0.01998490,36303,112,1
5505.18223957,5505.17931179,0.00000000,4032.48978866,0.13224210,236.74553640,0.01998491,0.01998490,36302,112,1
5505.32789710,5505.33097954,0.00000000,4040.99284276,0.11724053,236.51663598,0.01998489,0.01998490,36301,112,1
5505.48803638,5505.48265563,0.00000000,4050.35613712,0.17966020,236.26295264,0.01998492,0.01998490,36300,112,1
5505.48803638,5505.48265563,0.00000000,4050.35613712,0.17966020,236.26295264,0.01998492,0.01998490,36300,112,1
5505.63265479,5505.63434007,0.00000000,4058.82534835,0.11112454,236.03202533,0.01998490,0.01998490,36299,112,1
5505.78289124,5505.78603285,0.00000000,4067.63711688,0.17666459,235.79027748,0.01998489,0.01998490,36298,112,1
5505.93055540,5505.93773399,0.00000000,4076.31153228,0.12365448,235.55082321,0.01998488,0.01998490,36297,112,1
5505.93055540,5505.93773399,0.00000000,4076.31153228,0.12365448,235.55082321,0.01998488,0.01998490,36297,112,1
5506.08839826,5506.08944347,4085.68063251,4085.61909186,0.29595485,235.29226375,0.01998490,0.01998490,36296,112,0
nan,nan,0.00000000,-1.00000000,0.00000000,235.05800442,nan,0.00000000,-2147483648,112,1
5460.86525142,nan,0.00000000,12.56872280,0.33616960,231.49555736,0.01998513,0.01998488,36597,111,1
nan,nan,0.00000000,-1.00000000,0.00000000,231.69350806,nan,0.00000000,-2147483648,111,1
nan,nan,0.00000000,-1.00000000,0.00000000,231.78276502,nan,0.00000000,-2147483648,111,1
nan,nan,0.00000000,-1.00000000,0.00000000,232.00567440,nan,0.00000000,-2147483648,111,1
nan,nan,0.00000000,-1.00000000,0.00000000,232.22825051,nan,0.00000000,-2147483648,111,1
5461.47746362,nan,0.00000000,33.50477427,0.10434613,232.42849575,0.01998518,0.01998488,36593,111,1
5461.74017006,nan,0.00000000,42.50174892,0.20750025,232.82761509,0.01998505,0.01998488,36591,111,1
nan,nan,0.00000000,-1.00000000,0.00000000,233.07099195,nan,0.00000000,-2147483648,111,1
nan,nan,0.00000000,-1.00000000,0.00000000,233.20361413,nan,0.00000000,-2147483648,111,1
nan,nan,0.00000000,-1.00000000,0.00000000,233.38025563,nan,0.00000000,-2147483648,111,1
nan,nan,0.00000000,-1.00000000,0.00000000,233.46849571,nan,0.00000000,-2147483648,111,1
nan,nan,0.00000000,-1.00000000,0.00000000,233.55668196,nan,0.00000000,-2147483648,111,1
5462.46308813,nan,0.00000000,67.30056892,0.39944698,233.92210410,0.01998497,0.01998488,36586,111,1
5462.46308813,nan,0.00000000,67.30056892,0.39944698,233.92210410,0.01998497,0.01998488,36586,111,1
5462.46308813,nan,0.00000000,67.30056892,0.39944698,233.92210410,0.01998497,0.01998488,36586,111,1
nan,nan,0.00000000,-1.00000000,0.00000000,234.12857860,nan,0.00000000,-2147483648,111,1
nan,nan,0.00000000,-1.00000000,0.00000000,234.26023075,nan,0.00000000,-2147483648,111,1
5462.90482110,5462.88852144,0.00000000,82.48333647,0.14073021,234.58809921,0.01998494,0.01998489,36583,111,1
nan,nan,0.00000000,-1.00000000,0.00000000,234.91666388,nan,0.00000000,-2147483648,111,1
5463.33556519,5463.33660272,97.33957421,97.30384065,0.79749225,235.23519079,0.01998488,0.01998489,36580,111,0
nan,nan,0.00000000,-1.00000000,0.00000000,235.43961114,nan,0.00000000,-2147483648,111,1
5463.66120993,nan,0.00000000,108.53373317,0.20831710,235.72351981,0.01998498,0.01998489,36578,111,1
5463.66120993,nan,0.00000000,108.53373317,0.20831710,235.72351981,0.01998498,0.01998489,36578,111,1
nan,nan,0.00000000,-1.00000000,0.00000000,236.09053561,nan,0.00000000,-2147483648,111,1
nan,nan,0.00000000,-1.00000000,0.00000000,236.47961371,nan,0.00000000,-2147483648,111,1
nan,nan,0.00000000,-1.00000000,0.00000000,236.56592477,nan,0.00000000,-2147483648,111,1
nan,nan,0.00000000,-1.00000000,0.00000000,236.73838221,nan,0.00000000,-2147483648,111,1
nan,nan,0.00000000,-1.00000000,0.00000000,236.95364495,nan,0.00000000,-2147483648,111,1
5464.63980928,nan,0.00000000,142.33655086,0.21912903,237.18301773,0.01998528,0.01998489,36572,111,1
5464.83021267,5464.83073608,148.93712250,148.91900003,0.16394268,237.46540071,0.01998488,0.01998489,36570,111,0
nan,nan,0.00000000,-1.00000000,0.00000000,237.89671016,nan,0.00000000,-2147483648,111,1
5465.36594006,nan,0.00000000,167.49171837,0.15587985,238.25893245,0.01998520,0.01998489,36567,111,1
nan,nan,0.00000000,-1.00000000,0.00000000,238.53587273,nan,0.00000000,-2147483648,111,1
5465.74386863,5465.72760706,0.00000000,180.60904785,0.33004556,238.81649880,0.01998495,0.01998489,36564,111,1
5465.74386863,5465.72760706,0.00000000,180.60904785,0.33004556,238.81649880,0.01998495,0.01998489,36564,111,1
nan,nan,0.00000000,-1.00000000,0.00000000,239.17191048,nan,0.00000000,-2147483648,111,1
nan,nan,0.00000000,-1.00000000,0.00000000,239.25647876,nan,0.00000000,-2147483648,111,1
5466.19322385,nan,0.00000000,196.22775339,0.25867853,239.47726620,0.01998495,0.01998489,36561,111,1
nan,nan,0.00000000,-1.00000000,0.00000000,239.72060613,nan,0.00000000,-2147483648,111,1
nan,nan,0.00000000,-1.00000000,0.00000000,240.01507890,nan,0.00000000,-2147483648,111,1
5466.81165107,nan,0.00000000,217.76283754,0.12886532,240.38274189,0.01998502,0.01998489,36557,111,1
5467.02207426,nan,0.00000000,225.10082033,0.26682155,240.68979253,0.01998525,0.01998489,36556,111,1
5467.20743188,5467.22304411,0.00000000,231.56916106,0.24864903,240.95982556,0.01998483,0.01998489,36554,111,1
5467.20743188,5467.22304411,0.00000000,231.56916106,0.24864903,240.95982556,0.01998483,0.01998489,36554,111,1
nan,nan,0.00000000,-1.00000000,0.00000000,241.18609076,nan,0.00000000,-2147483648,111,1
5467.54649444,nan,0.00000000,243.41210572,0.09123767,241.45270255,0.01998498,0.01998489,36552,111,1
5467.69035603,5467.67183426,0.00000000,248.44121763,0.01618503,241.66140357,0.01998496,0.01998489,36551,111,1
nan,nan,0.00000000,-1.00000000,0.00000000,241.89166860,nan,0.00000000,-2147483648,111,1
nan,nan,0.00000000,-1.00000000,0.00000000,242.30480198,nan,0.00000000,-2147483648,111,1
nan,nan,0.00000000,-1.00000000,0.00000000,242.51083603,nan,0.00000000,-2147483648,111,1
5468.41464489,5468.41998105,0.00000000,273.79948534,0.49189271,242.70827296,0.01998487,0.01998489,36546,111,1
5468.70628058,5468.71929691,0.00000000,284.02828129,0.15918404,243.12796071,0.01998484,0.01998489,36544,111,1
5468.96180203,nan,0.00000000,292.99907043,331.17133217,243.49480280,0.01998523,0.01998489,36543,111,1
nan,nan,0.00000000,-1.00000000,0.00000000,243.86171994,nan,0.00000000,-2147483648,111,1
nan,nan,0.00000000,-1.00000000,0.00000000,243.94309097,nan,0.00000000,-2147483648,111,1
nan,nan,0.00000000,-1.00000000,0.00000000,244.06503989,nan,0.00000000,-2147483648,111,1
nan,nan,0.00000000,-1.00000000,0.00000000,244.14626738,nan,0.00000000,-2147483648,111,1
nan,nan,0.00000000,-1.00000000,0.00000000,244.34908462,nan,0.00000000,-2147483648,111,1
nan,nan,0.00000000,-1.00000000,0.00000000,244.67284407,nan,0.00000000,-2147483648,111,1
nan,nan,0.00000000,-1.00000000,0.00000000,244.79401617,nan,0.00000000,-2147483648,111,1
nan,nan,0.00000000,-1.00000000,0.00000000,244.87472547,nan,0.00000000,-2147483648,111,1
5470.06879118,5470.06662250,331.86724412,331.94372453,0.05856998,245.07398002,0.01998490,0.01998489,36535,111,0
nan,nan,0.00000000,-1.00000000,0.00000000,245.19698523,nan,0.00000000,-2147483648,111,1
nan,nan,0.00000000,-1.00000000,0.00000000,245.27740568,nan,0.00000000,-2147483648,111,1
5470.37189647,5470.36611805,0.00000000,342.65093669,0.80195959,245.50431837,0.01998491,0.01998489,36533,111,1
5470.80846594,5470.81542268,0.00000000,358.07403572,0.08503963,246.12127567,0.01998486,0.01998489,36530,111,1
5470.96080428,5470.96520724,0.00000000,363.46152479,0.12510091,246.33597270,0.01998487,0.01998489,36529,111,1
5471.26660474,5471.26480088,374.21483969,374.27873025,0.25791960,246.76577352,0.01998490,0.01998489,36527,111,0
5471.26660474,5471.26480088,374.21483969,374.27873025,0.25791960,246.76577352,0.01998490,0.01998489,36527,111,0
5471.38800654,nan,0.00000000,378.58542021,0.09405508,246.93641663,0.01998534,0.01998489,36527,111,1
5472.16080217,5472.16377810,0.00000000,406.00344318,0.08115092,248.01643241,0.01998488,0.01998489,36521,111,1
5472.16080217,5472.16377810,0.00000000,406.00344318,0.08115092,248.01643241,0.01998488,0.01998489,36521,111,1
5472.32341206,5472.31363627,0.00000000,411.78247086,0.18349739,248.24266506,0.01998493,0.01998489,36520,111,1
5472.32341206,5472.31363627,0.00000000,411.78247086,0.18349739,248.24266506,0.01998493,0.01998489,36520,111,1
nan,nan,0.00000000,-1.00000000,0.00000000,248.64144947,nan,0.00000000,-2147483648,111,1
5472.75402234,5472.76325986,0.00000000,427.10255198,0.04513569,248.84002291,0.01998486,0.01998489,36517,111,1
5472.75402234,5472.76325986,0.00000000,427.10255198,0.04513569,248.84002291,0.01998486,0.01998489,36517,111,1
5472.92645742,5472.91315077,0.00000000,433.24412814,0.13395073,249.07852160,0.01998494,0.01998489,36516,111,1
5472.92645742,5472.91315077,0.00000000,433.24412814,0.13395073,249.07852160,0.01998494,0.01998489,36516,111,1
nan,nan,0.00000000,-1.00000000,0.00000000,249.45622888,nan,0.00000000,-2147483648,111,1
nan,nan,0.00000000,-1.00000000,0.00000000,249.68782394,nan,0.00000000,-2147483648,111,1
5473.50917567,5473.51279623,0.00000000,454.02735418,0.29569370,249.88146436,0.01998488,0.01998489,36512,111,1
5473.96248360,5473.96261630,470.23335864,470.22861186,0.12051179,250.50293721,0.01998489,0.01998489,36509,111,0
5474.10571450,5474.11257271,0.00000000,475.34963217,0.17347313,250.69856389,0.01998487,0.01998489,36508,111,1
5474.25785112,5474.26253730,0.00000000,480.79500876,0.13309044,250.90615180,0.01998487,0.01998489,36507,111,1
5474.57010551,5474.56249107,0.00000000,491.98102883,0.21559782,251.33119311,0.01998492,0.01998489,36505,111,1
5474.72323362,5474.71248024,0.00000000,497.47133098,0.05090281,251.53912563,0.01998493,0.01998489,36504,111,1
5475.06873422,nan,0.00000000,509.87048725,0.07369269,252.00705085,0.01998510,0.01998489,36502,111,1
5475.31632438,5475.31251889,0.00000000,518.76568903,0.21918343,252.34131832,0.01998490,0.01998489,36500,111,1
5475.45668723,5475.46254904,0.00000000,523.81217028,0.10457221,252.53042715,0.01998487,0.01998489,36499,111,1
5475.61517067,5475.61258739,0.00000000,529.51332284,0.08609746,252.74360664,0.01998490,0.01998489,36498,111,1
5475.75593534,5475.76263393,0.00000000,534.57990800,0.11263355,252.93264626,0.01998487,0.01998489,36497,111,1
5475.89339761,nan,0.00000000,539.53020577,0.20315939,253.11697227,0.01998482,0.01998489,36496,111,1
5476.05879521,5476.06275163,0.00000000,545.48989298,0.12500685,253.33839124,0.01998488,0.01998489,36495,111,1
5476.21158348,5476.21282278,551.04446226,550.99976629,0.22241049,253.54261962,0.01998489,0.01998489,36494,111,0
5476.36536364,5476.36290212,0.00000000,556.54610831,0.15374590,253.74773463,0.01998490,0.01998489,36493,111,1
5476.51883551,5476.51298968,0.00000000,562.08577328,0.08345947,253.95213638,0.01998491,0.01998489,36492,111,1
5476.67155976,5476.66308543,0.00000000,567.60163298,0.16577877,254.15519618,0.01998492,0.01998489,36491,111,1
5476.67155976,5476.66308543,0.00000000,567.60163298,0.16577877,254.15519618,0.01998492,0.01998489,36491,111,1
5476.97283122,5476.96330155,0.00000000,578.49181786,0.23116583,254.55474504,0.01998493,0.01998489,36489,111,1
5477.10514820,5477.11342192,0.00000000,583.27865611,0.23826858,254.72979666,0.01998486,0.01998489,36488,111,1
5477.10514820,5477.11342192,0.00000000,583.27865611,0.23826858,254.72979666,0.01998486,0.01998489,36488,111,1
5477.40217168,5477.41368727,0.00000000,594.03283186,0.08973756,255.12179334,0.01998485,0.01998489,36486,111,1
5477.56416720,5477.56383226,599.89601219,599.90815102,0.15333474,255.33520511,0.01998489,0.01998489,36485,111,0
5477.71489584,5477.71398546,605.33930522,605.37231735,0.14511319,255.53320771,0.01998490,0.01998489,36484,111,0
5477.86869023,5477.86414686,0.00000000,610.94833700,0.24488005,255.73479131,0.01998491,0.01998489,36483,111,1
5478.00546310,5478.01431647,0.00000000,615.91328605,0.06935691,255.91388170,0.01998486,0.01998489,36482,111,1
5478.16573869,5478.16449430,621.69069540,621.73590559,0.06077585,256.12342626,0.01998490,0.01998489,36481,111,0
5478.31412153,5478.31468033,627.14888266,627.12856757,0.07731616,256.31703209,0.01998489,0.01998489,36480,111,0
5478.46090081,5478.46487458,0.00000000,632.46469606,0.16969040,256.50816724,0.01998488,0.01998489,36479,111,1
5478.61212485,5478.61507704,0.00000000,637.96682836,0.13414904,256.70478860,0.01998488,0.01998489,36478,111,1
5478.76504162,5478.76528771,643.54527752,643.53631520,0.07456818,256.90334084,0.01998489,0.01998489,36477,111,0
5478.90990687,5478.91550660,0.00000000,648.81066080,0.13459211,257.09092926,0.01998487,0.01998489,36476,111,1
5479.06192626,5479.06573370,0.00000000,654.35128619,0.11282459,257.28752462,0.01998488,0.01998489,36475,111,1
5479.20866876,5479.21596902,0.00000000,659.70266283,0.05913761,257.47695350,0.01998487,0.01998489,36474,111,1
5479.37029206,5479.36621255,0.00000000,665.60021460,0.15585371,257.68520159,0.01998491,0.01998489,36473,111,1
5479.52030989,5479.51646430,0.00000000,671.07758340,0.12934277,257.87812899,0.01998491,0.01998489,36472,111,1
5479.66925796,5479.66672427,0.00000000,676.51903737,0.15271820,258.06932969,0.01998490,0.01998489,36471,111,1
5479.66925796,5479.66672427,0.00000000,676.51903737,0.15271820,258.06932969,0.01998490,0.01998489,36471,111,1
5479.97585196,5479.96726886,0.00000000,687.72958582,0.14576574,258.46179093,0.01998492,0.01998489,36469,111,1
5480.11317839,5480.11755349,0.00000000,692.75522514,0.08281953,258.63709369,0.01998488,0.01998489,36468,111,1
5480.26934755,5480.26784633,698.41461318,698.46960539,0.12409420,258.83594197,0.01998490,0.01998489,36467,111,0
5480.41342151,5480.41814740,0.00000000,703.75236426,0.03868884,259.01931691,0.01998488,0.01998489,36466,111,1
5480.57119669,5480.56845669,0.00000000,709.53642292,0.03768134,259.21959237,0.01998490,0.01998489,36465,111,1
5480.57119669,5480.56845669,0.00000000,709.53642292,0.03768134,259.21959237,0.01998490,0.01998489,36465,111,1
5480.86893510,5480.86909993,720.46552788,720.45947624,0.04081754,259.59637856,0.01998489,0.01998489,36463,111,0
5481.01225598,5481.01943389,0.00000000,725.72463383,0.12565950,259.77732958,0.01998487,0.01998489,36462,111,1
5481.16874596,5481.16977608,731.51003919,731.47218191,0.17453338,259.97436217,0.01998489,0.01998489,36461,111,0
5481.32047111,5481.32012649,737.03697287,737.04964468,0.08823283,260.16506750,0.01998489,0.01998489,36460,111,0
5481.47504183,5481.47048513,0.00000000,742.74037291,0.12868464,260.35914100,0.01998491,0.01998489,36459,111,1
5481.61945317,5481.62085199,748.10106933,748.04957453,0.13531967,260.53974306,0.01998489,0.01998489,36458,111,0
5481.76850007,5481.77122708,0.00000000,753.54631378,0.19034566,260.72625618,0.01998488,0.01998489,36457,111,1
5481.91434496,5481.92161041,0.00000000,758.92137614,0.06528878,260.90817933,0.01998487,0.01998489,36456,111,1
5482.06897889,5482.07200196,0.00000000,764.62373723,0.09360357,261.10068103,0.01998488,0.01998489,36455,111,1
5482.22294789,5482.22240174,770.27459647,770.29475413,0.09377783,261.29161445,0.01998489,0.01998489,36454,111,0
5482.37255276,5482.37280975,775.82766201,775.81817091,0.08008985,261.47708884,0.01998489,0.01998489,36453,111,0
5482.52557577,5482.52322599,0.00000000,781.48182085,0.10403268,261.66677002,0.01998490,0.01998489,36452,111,1
5482.66778251,5482.67365047,0.00000000,786.73849563,0.07821907,261.84236575,0.01998487,0.01998489,36451,111,1
5482.82310882,5482.82408318,792.50890410,792.47285570,0.06898215,262.03341767,0.01998489,0.01998489,36450,111,0
5482.97061816,5482.97452412,0.00000000,797.94273360,0.08337088,262.21517061,0.01998488,0.01998489,36449,111,1
5483.12079214,5483.12497330,0.00000000,803.50384874,0.14650044,262.39946700,0.01998488,0.01998489,36448,111,1
5483.27668235,5483.27543071,809.22211708,809.26850581,0.11833075,262.58998871,0.01998490,0.01998489,36447,111,0
5483.41695324,5483.42589636,0.00000000,814.48081338,0.15627683,262.76179905,0.01998486,0.01998489,36446,111,1
5483.57247169,5483.57637025,0.00000000,820.25018459,0.09262458,262.95146585,0.01998488,0.01998489,36445,111,1
5483.72877295,5483.72685237,825.96797464,826.03928560,0.12266219,263.14124663,0.01998490,0.01998489,36444,111,0
5483.88047894,5483.87734273,0.00000000,831.68715744,0.09266034,263.32588095,0.01998491,0.01998489,36443,111,1
5484.02946183,5484.02784133,837.15053656,837.21077972,0.10875076,263.50595939,0.01998490,0.01998489,36442,111,0
5484.17694321,5484.17834817,842.74744431,842.69518206,0.07914898,263.68427538,0.01998489,0.01998489,36441,111,0
5484.33012781,5484.32886325,848.34809594,848.39516434,0.05688365,263.86908919,0.01998490,0.01998489,36440,111,0
5484.47727518,5484.47938658,0.00000000,853.88785192,0.04842284,264.04668812,0.01998489,0.01998489,36439,111,1
5484.62879483,5484.62991814,859.56060877,859.51874678,0.10556754,264.22825237,0.01998489,0.01998489,36438,111,0
5484.77503832,5484.78045795,0.00000000,864.98459404,0.07067861,264.40400680,0.01998488,0.01998489,36437,111,1
5484.92433710,5484.93100600,0.00000000,870.55355156,0.05903865,264.58258186,0.01998487,0.01998489,36436,111,1
5485.07779801,5485.08156230,0.00000000,876.28127626,0.07881685,264.76572640,0.01998488,0.01998489,36435,111,1
5485.23182422,5485.23212684,882.03131066,882.02000430,0.11141805,264.94869183,0.01998489,0.01998489,36434,111,0
5485.38236039,5485.38269962,887.65901858,887.64633518,0.18806593,265.12755729,0.01998489,0.01998489,36433,111,0
5485.52425947,5485.53328065,0.00000000,892.96519600,0.14046697,265.29617741,0.01998486,0.01998489,36432,111,1
5485.68525552,5485.68386993,898.92717330,898.97905128,0.15371104,265.48627893,0.01998490,0.01998489,36431,111,0
5485.83042643,5485.83446746,0.00000000,904.42398629,0.07494590,265.65789117,0.01998488,0.01998489,36430,111,1
5485.98571487,5485.98507324,910.21202654,910.23608118,0.13114663,265.84054501,0.01998490,0.01998490,36429,111,0
5486.13481906,5486.13568726,915.86022630,915.82765805,0.05477717,266.01575126,0.01998489,0.01998490,36428,111,0
5486.29030315,5486.28630954,0.00000000,921.66261296,0.11116656,266.19804189,0.01998491,0.01998490,36427,111,1
5486.43288412,5486.43694006,0.00000000,927.01391707,0.04705084,266.36473598,0.01998488,0.01998490,36426,111,1
5486.58785721,5486.58757884,932.82536037,932.83581910,0.03564623,266.54555987,0.01998490,0.01998490,36425,111,0
5486.73834336,5486.73822587,938.48680893,938.49122536,0.07224528,266.72068376,0.01998490,0.01998490,36424,111,0
5486.89041824,5486.88888116,944.15166918,944.20948244,0.13540415,266.89722354,0.01998490,0.01998490,36423,111,0
5487.03400919,5487.03954469,0.00000000,949.60974063,0.05460793,267.06345569,0.01998488,0.01998490,36422,111,1
5487.19430228,5487.19021649,0.00000000,955.64451433,0.02836314,267.24865592,0.01998491,0.01998490,36421,111,1
5487.33951045,5487.34089653,961.16900776,961.11677288,0.10409844,267.41607830,0.01998489,0.01998490,36420,111,0
5487.49206132,5487.49158484,966.84979662,966.86776606,0.09446963,267.59150022,0.01998490,0.01998490,36419,111,0
5487.64210707,5487.64228140,972.53492227,972.52834342,0.05903820,267.76363502,0.01998490,0.01998490,36418,111,0
5487.78923580,5487.79298622,0.00000000,978.07790452,0.06359173,267.93188375,0.01998488,0.01998490,36417,111,1
5487.94406921,5487.94369929,983.91749951,983.93147757,0.05987268,268.10880154,0.01998490,0.01998490,36416,111,0
5488.09271850,5488.09442063,989.61459692,989.55023935,0.08548309,268.27809288,0.01998489,0.01998490,36415,111,0
5488.24125654,5488.24515022,0.00000000,995.15961213,0.10601710,268.44658346,0.01998488,0.01998490,36414,111,1
5488.39441320,5488.39588808,1001.01952467,1000.96369762,0.05388088,268.62037751,0.01998489,0.01998490,36413,111,0
5488.54686811,5488.54663420,1006.72715900,1006.73601794,0.05288719,268.79266996,0.01998490,0.01998490,36412,111,0
5488.69575217,5488.69738858,1012.43836218,1012.37635020,0.02839125,268.96049208,0.01998489,0.01998490,36411,111,0
5488.84891902,5488.84815122,1018.15327128,1018.18238484,0.07644097,269.13269606,0.01998490,0.01998490,36410,111,0
nan,nan,0.00000000,-1.00000000,0.00000000,269.27516129,nan,0.00000000,-2147483648,111,1
5489.15078096,5489.14970129,1029.59475846,1029.63575010,0.04892615,269.47076362,0.01998490,0.01998490,36408,111,0
5489.29876936,5489.30048873,1035.32160969,1035.25628681,0.09364401,269.63587045,0.01998489,0.01998490,36407,111,0
5489.45243172,5489.45128443,1041.05261261,1041.09623009,0.09371345,269.80686817,0.01998490,0.01998490,36406,111,0
5489.60194253,5489.60208840,1046.78769435,1046.78214521,0.04241485,269.97281257,0.01998490,0.01998490,36405,111,0
5489.75102554,5489.75290063,1052.52677637,1052.45539862,0.02038920,270.13785274,0.01998489,0.01998490,36404,111,0
5489.90139134,5489.90372113,0.00000000,1058.17443615,0.16462410,270.30368375,0.01998489,0.01998490,36403,111,1
5490.05642984,5490.05454990,0.00000000,1064.08194963,0.06839215,270.47440899,0.01998490,0.01998490,36402,111,1
5490.20612542,5490.20538694,1069.76723603,1069.79539873,0.03253624,270.63897347,0.01998490,0.01998490,36401,111,0
5490.35622485,5490.35623225,1075.52158752,1075.52130512,0.09840753,270.80335136,0.01998490,0.01998490,36400,111,0
5490.50713290,5490.50708584,1081.27971306,1081.28151013,0.09915390,270.96816250,0.01998490,0.01998490,36399,111,0
5490.65670236,5490.65794769,1087.04164861,1086.99407099,0.04684382,271.13106378,0.01998489,0.01998490,36398,111,0
5490.80908500,5490.80881781,1092.80743027,1092.81764429,0.07885739,271.29656986,0.01998490,0.01998490,36397,111,0
5490.95694619,5490.95969621,0.00000000,1098.47213548,0.08019906,271.45672832,0.01998489,0.01998490,36396,111,1
5491.11005149,5491.11058288,1104.35067921,1104.33033914,0.04331705,271.62209273,0.01998490,0.01998490,36395,111,0
5491.26462414,5491.26147783,0.00000000,1110.25260959,0.11392985,271.78868163,0.01998491,0.01998490,36394,111,1
5491.40880095,5491.41238105,0.00000000,1115.77826551,0.03105731,271.94358414,0.01998488,0.01998490,36393,111,1
5491.56476220,5491.56329255,1121.69602979,1121.75239679,0.06941853,272.11048287,0.01998490,0.01998490,36392,111,0
5491.71293540,5491.71421233,1127.48647037,1127.43746002,0.03780967,272.26874969,0.01998489,0.01998490,36391,111,0
5491.86235196,5491.86514038,0.00000000,1133.18328734,0.08289747,272.42815649,0.01998489,0.01998490,36390,111,1
5492.01552978,5492.01607671,1139.08116133,1139.06013768,0.06877541,272.59062407,0.01998489,0.01998490,36389,111,0
5492.16816089,5492.16702132,1144.88548528,1144.92932140,0.04636551,272.75229970,0.01998490,0.01998490,36388,111,0
5492.31973677,5492.31797421,0.00000000,1150.77007034,0.12668996,272.91261613,0.01998490,0.01998490,36387,111,1
5492.46746092,5492.46893539,1156.50717837,1156.45038430,0.10296359,273.06797741,0.01998489,0.01998490,36386,111,0
5492.62119867,5492.61990484,1162.32410972,1162.37397706,0.07730463,273.22941278,0.01998490,0.01998490,36385,111,0
5492.77099245,5492.77088257,1168.14480418,1168.14904143,0.08935532,273.38622999,0.01998490,0.01998490,36384,111,0
5492.91814974,5492.92186859,0.00000000,1173.83238655,0.02939095,273.54000641,0.01998488,0.01998490,36383,111,1
5493.07403225,5493.07286289,1179.79693718,1179.84208406,0.07799044,273.70201887,0.01998490,0.01998490,36382,111,0
5493.22246175,5493.22386548,1185.62866697,1185.57443777,0.10185175,273.85598490,0.01998489,0.01998490,36381,111,0
5493.37279523,5493.37487635,0.00000000,1191.39439736,0.07819068,274.01173448,0.01998489,0.01998490,36380,111,1
5493.52575065,5493.52589550,1197.30464312,1197.29903927,0.04714996,274.16916340,0.01998490,0.01998490,36379,111,0
5493.67429694,5493.67692295,0.00000000,1203.06012692,0.08419858,274.32219470,0.01998489,0.01998490,36378,111,1
5493.82525794,5493.82795868,0.00000000,1208.90694365,0.08345135,274.47692693,0.01998489,0.01998490,36377,111,1
5493.97915472,5493.97900269,1214.85315505,1214.85904967,0.11050143,274.63384878,0.01998490,0.01998490,36376,111,0
5494.12753821,5494.13005500,0.00000000,1220.62616966,0.04142563,274.78531881,0.01998489,0.01998490,36375,111,1
5494.27859816,5494.28111560,0.00000000,1226.48854754,0.10253471,274.93871043,0.01998489,0.01998490,36374,111,1
5494.43064686,5494.43218448,1232.44297578,1232.38323378,0.07655651,275.09235702,0.01998489,0.01998490,36373,111,0
5494.58638867,5494.58326166,0.00000000,1238.44552650,0.09992568,275.24975430,0.01998491,0.01998490,36372,111,1
5494.73571839,5494.73434713,1244.19049353,1244.24383911,0.03762532,275.39971097,0.01998490,0.01998490,36371,111,0
5494.88293309,5494.88544089,0.00000000,1249.98110146,0.14967077,275.54752358,0.01998489,0.01998490,36370,111,1
5495.03420515,5495.03654295,0.00000000,1255.87145633,0.09241403,275.69869505,0.01998489,0.01998490,36369,111,1
5495.18886325,5495.18765330,1261.84238042,1261.88954336,0.06495293,275.85253169,0.01998490,0.01998490,36368,111,0
5495.33877332,5495.33877194,1267.73484514,1267.73489899,0.09032716,276.00135929,0.01998490,0.01998490,36367,111,0
5495.49011701,5495.48989888,1273.63171339,1273.64022780,0.10811012,276.15111938,0.01998490,0.01998490,36366,111,0
5495.64254525,5495.64103412,1279.53305499,1279.59208083,0.07052621,276.30145426,0.01998490,0.01998490,36365,111,0
5495.79276890,5495.79217765,1285.43886030,1285.46197096,0.11852354,276.44912346,0.01998490,0.01998490,36364,111,0
5495.94135776,5495.94332948,0.00000000,1291.27868790,0.06116094,276.59487122,0.01998489,0.01998490,36363,111,1
5496.09468108,5496.09448961,1297.26375133,1297.27124606,0.09586928,276.74441681,0.01998490,0.01998490,36362,111,0
5496.24709256,5496.24565803,1303.18278138,1303.23897002,0.04399576,276.89272876,0.01998490,0.01998490,36361,111,0
5496.39546000,5496.39683476,1309.10616376,1309.05227990,0.10547528,277.03661365,0.01998489,0.01998490,36360,111,0
5496.54928663,5496.54801979,1315.03386768,1315.08355498,0.08257523,277.18527801,0.01998490,0.01998490,36359,111,0
5496.69765605,5496.69921312,1320.96585661,1320.90474579,0.08587757,277.32816921,0.01998489,0.01998490,36358,111,0
5496.85013425,5496.85041475,1326.90209315,1326.89107676,0.05545555,277.47450424,0.01998490,0.01998490,36357,111,0
5497.00068406,5497.00162469,1332.84253969,1332.80557401,0.06534027,277.61847555,0.01998490,0.01998490,36356,111,0
5497.15248096,5497.15284293,1338.78715848,1338.77292440,0.04221463,277.76312076,0.01998490,0.01998490,36355,111,0
5497.30297199,5497.30406947,1344.73591376,1344.69272877,0.07840509,277.90600496,0.01998490,0.01998490,36354,111,0
5497.45375544,5497.45530432,1350.68884516,1350.62785800,0.07872117,278.04865015,0.01998489,0.01998490,36353,111,0
5497.60739254,5497.60654747,1356.64608556,1356.67938301,0.07070134,278.19346457,0.01998490,0.01998490,36352,111,0
5497.75752208,5497.75779894,1362.60777416,1362.59685786,0.05865467,278.33445726,0.01998490,0.01998490,36351,111,0
5497.91171541,5497.90905870,0.00000000,1368.68609699,0.09854150,278.47890834,0.01998491,0.01998490,36350,111,1
5498.05885788,5498.06032678,1374.54505584,1374.48705220,0.04603076,278.61592191,0.01998489,0.01998490,36349,111,0
5498.21186227,5498.21160317,1380.52091874,1380.53115815,0.12194172,278.75805658,0.01998490,0.01998490,36348,111,0
5498.36292740,5498.36288786,1386.50162520,1386.50318887,0.02678040,278.89787246,0.01998490,0.01998490,36347,111,0
5498.51380512,5498.51418087,1392.48706360,1392.47219311,0.09989219,279.03699739,0.01998490,0.01998490,36346,111,0
5498.66384419,5498.66548218,1398.47712002,1398.41224897,0.05935749,279.17483170,0.01998489,0.01998490,36345,111,0
5498.81596820,5498.81679181,1404.47167999,1404.43903910,0.01608954,279.31405023,0.01998490,0.01998490,36344,111,0
5498.96722359,5498.96810976,1410.47062854,1410.43548524,0.06345709,279.45193919,0.01998490,0.01998490,36343,111,0
5499.12054949,5499.11943601,1416.47386630,1416.51805354,0.01404187,279.59116744,0.01998490,0.01998490,36342,111,0
5499.26986177,5499.27077058,1422.48137960,1422.44529079,0.08025145,279.72621862,0.01998490,0.01998490,36341,111,0
5499.42336584,5499.42211346,1428.49318328,1428.54294798,0.03257107,279.86451205,0.01998490,0.01998490,36340,111,0
5499.57123757,5499.57346466,0.00000000,1434.42734738,0.08459689,279.99735226,0.01998489,0.01998490,36339,111,1
5499.72747285,5499.72482418,0.00000000,1440.64270282,0.10040938,280.13700567,0.01998491,0.01998490,36338,111,1
5499.87677577,5499.87619201,1446.55448613,1446.57772862,0.07611598,280.26972879,0.01998490,0.01998490,36337,111,0
5500.02718107,5500.02756816,1452.58365992,1452.56823704,0.01710573,280.40306655,0.01998490,0.01998490,36336,111,0
5500.17697233,5500.17895263,0.00000000,1458.55009485,0.13159635,280.53558367,0.01998489,0.01998490,36335,111,1
5500.33268636,5500.33034542,0.00000000,1464.76233395,0.08548982,280.67253963,0.01998491,0.01998490,36334,111,1
5500.47878392,5500.48174653,0.00000000,1470.59506553,0.04872284,280.80051187,0.01998489,0.01998490,36333,111,1
5500.63290417,5500.63315596,1476.74884748,1476.73878370,0.04751168,280.93466058,0.01998490,0.01998490,36332,111,0
5500.78543715,5500.78457371,1482.80341344,1482.83795396,0.10413696,281.06717982,0.01998490,0.01998490,36331,111,0
5500.93604864,5500.93599979,1488.86345441,1488.86541043,0.09007702,281.19749758,0.01998490,0.01998490,36330,111,0
5501.08537921,5501.08743418,0.00000000,1494.85559953,0.06284612,281.32637555,0.01998489,0.01998490,36329,111,1
5501.23840557,5501.23887690,1500.99855765,1500.97965972,0.06001732,281.45747985,0.01998490,0.01998490,36328,111,0
5501.38825887,5501.39032795,0.00000000,1506.99529262,0.02767427,281.58561883,0.01998489,0.01998490,36327,111,1
5501.54087404,5501.54178732,1513.15126731,1513.11460515,0.05720442,281.71531088,0.01998490,0.01998490,36326,111,0
5501.69303509,5501.69325502,1519.23337371,1519.22453995,0.06039633,281.84414423,0.01998490,0.01998490,36325,111,0
5501.84474544,5501.84473104,1525.31935250,1525.31993103,0.09640569,281.97201336,0.01998490,0.01998490,36324,111,0
5501.99618351,5501.99621539,1531.40953216,1531.40824984,0.08244444,282.09907806,0.01998490,0.01998490,36323,111,0
5502.14542134,5502.14770807,0.00000000,1537.41987492,0.05834177,282.22389835,0.01998489,0.01998490,36322,111,1
5502.29899635,5502.29920908,1543.60381840,1543.59525027,0.06116894,282.35145206,0.01998490,0.01998490,36321,111,0
5502.44994978,5502.45071842,1549.70859054,1549.67760696,0.08023458,282.47642369,0.01998490,0.01998490,36320,111,0
5502.60266016,5502.60223609,1555.81875820,1555.83586642,0.01136039,282.60228632,0.01998490,0.01998490,36319,111,0
5502.75305792,5502.75376209,1561.93419226,1561.90576145,0.06930097,282.72568424,0.01998490,0.01998490,36318,111,0
5502.90368363,5502.90529643,1568.05471461,1567.98954886,0.09971977,282.84870795,0.01998489,0.01998490,36317,111,0
5503.05764176,5503.05683909,1574.18014627,1574.21260250,0.05651257,282.97386723,0.01998490,0.01998490,36316,111,0
5503.20874346,5503.20839009,1580.31030741,1580.32460576,0.08416475,283.09612261,0.01998490,0.01998490,36315,111,0
5503.35716280,5503.35994943,0.00000000,1586.34152554,0.09698405,283.21582667,0.01998489,0.01998490,36314,111,1
5503.51112495,5503.51151709,1592.58428920,1592.56839961,0.06690507,283.33902880,0.01998490,0.01998490,36313,111,0
5503.66294065,5503.66309310,1598.72822248,1598.72204086,0.06879928,283.46010313,0.01998490,0.01998490,36312,111,0
5503.81540689,5503.81467744,1604.87695702,1604.90655666,0.03620556,283.58110455,0.01998490,0.01998490,36311,111,0
5503.96584961,5503.96627012,1611.03062453,1611.01354816,0.03198059,283.69991946,0.01998490,0.01998490,36310,111,0
5504.11841804,5504.11787114,1617.18935730,1617.21158359,0.03686839,283.81982477,0.01998490,0.01998490,36309,111,0
5504.26899946,5504.26948049,1623.35325750,1623.33369276,0.08333838,283.93758738,0.01998490,0.01998490,36308,111,0
5504.42209101,5504.42109819,1629.52228776,1629.56269946,0.06989429,284.05671845,0.01998490,0.01998490,36307,111,0
5504.57234118,5504.57272422,1635.69637063,1635.68076758,0.06071283,284.17305206,0.01998490,0.01998490,36306,111,0
5504.72352680,5504.72435860,1641.87542829,1641.84152006,0.04292040,284.28952016,0.01998490,0.01998490,36305,111,0
5504.87584733,5504.87600132,1648.05938254,1648.05310072,0.03466698,284.40626080,0.01998490,0.01998490,36304,111,0
5505.02853978,5505.02765238,1654.24815662,1654.28438402,0.04598055,284.52267681,0.01998490,0.01998490,36303,111,0
5505.17862047,5505.17931179,1660.44175153,1660.41350885,0.06550049,284.63650479,0.01998490,0.01998490,36302,111,0
5505.33128106,5505.33097954,1666.64027363,1666.65260147,0.07553485,284.75168255,0.01998490,0.01998490,36301,111,0
5505.48138184,5505.48265563,1672.84383721,1672.79171921,0.06433705,284.86433232,0.01998490,0.01998490,36300,111,0
5505.63547263,5505.63434007,1679.05255711,1679.09893328,0.02994524,284.97936119,0.01998491,0.01998490,36299,111,0
5505.78579738,5505.78603285,1685.26654871,1685.25689897,0.04254120,285.09097795,0.01998490,0.01998490,36298,111,0
5505.93801191,5505.93773399,1691.48590483,1691.49730357,0.11742706,285.20339287,0.01998490,0.01998490,36297,111,0
5506.09041412,5506.08944347,1697.71056806,1697.75040999,0.09571636,285.31533330,0.01998491,0.01998490,36296,111,0
5506.23993602,5506.24116130,1703.94042039,1703.89008882,0.04919614,285.42455780,0.01998490,0.01998490,36295,111,0
5506.39258269,5506.39288748,1710.17534304,1710.16281387,0.09265626,285.53544739,0.01998490,0.01998490,36294,111,0
5506.54551750,5506.54462201,1716.41521664,1716.45205622,0.09729066,285.64591641,0.01998491,0.01998490,36293,111,0
5506.69524337,5506.69636488,1722.65992251,1722.61375214,0.01811896,285.75345274,0.01998490,0.01998490,36292,111,0
5506.84840294,5506.84811612,1728.90942755,1728.92124378,0.05325151,285.86282333,0.01998490,0.01998490,36291,111,0
5506.99969034,5506.99987570,1735.16383741,1735.15619536,0.01787353,285.97022950,0.01998490,0.01998490,36290,111,0
5507.15241090,5507.15164364,1741.42327085,1741.45492753,0.07617313,286.07802060,0.01998490,0.01998490,36289,111,0
5507.30331540,5507.30341993,1747.68784718,1747.68353099,0.06375166,286.18390569,0.01998490,0.01998490,36288,111,0
5507.45432172,5507.45520457,1753.95768634,1753.92120335,0.02903067,286.28924106,0.01998490,0.01998490,36287,111,0
5507.60917540,5507.60699757,0.00000000,1760.33144143,0.06966544,286.39675619,0.01998491,0.01998490,36286,111,1
5507.75753239,5507.75879893,1766.51348311,1766.46106098,0.07719858,286.49886805,0.01998490,0.01998490,36285,111,0
5507.91013960,5507.91060864,1772.79942132,1772.77999208,0.04352192,286.60342028,0.01998490,0.01998490,36284,111,0
5508.06015500,5508.06242672,0.00000000,1779.00407286,0.04288111,286.70569476,0.01998489,0.01998490,36283,111,1
5508.21320182,5508.21425315,1785.38722617,1785.34360882,0.05097728,286.80914330,0.01998490,0.01998490,36282,111,0
5508.36550167,5508.36608794,1791.68903180,1791.66468966,0.10492284,286.91156368,0.01998490,0.01998490,36281,111,0
5508.51840132,5508.51793108,1797.99606761,1798.01560710,0.05872290,287.01373598,0.01998490,0.01998490,36280,111,0
5508.66945408,5508.66978259,1804.30830841,1804.29464751,0.07024427,287.11403067,0.01998490,0.01998490,36279,111,0
5508.82186875,5508.82164246,1810.62572914,1810.63514631,0.06838165,287.21457889,0.01998490,0.01998490,36278,111,0
5508.97362503,5508.97351070,1816.94830458,1816.95306633,0.03988597,287.31404084,0.01998490,0.01998490,36277,111,0
5509.12313241,5509.12538729,0.00000000,1823.18743193,0.04433024,287.41147446,0.01998490,0.01998490,36276,111,1
5509.27583100,5509.27727225,1829.60883058,1829.54871535,0.06876494,287.51016120,0.01998490,0.01998490,36275,111,0
5509.42958963,5509.42916558,1835.94682126,1835.96452212,0.03880266,287.60894610,0.01998490,0.01998490,36274,111,0
5509.58083295,5509.58106727,1842.29005696,1842.28026845,0.07488916,287.70545653,0.01998490,0.01998490,36273,111,0
5509.73295569,5509.73297732,1848.63861354,1848.63770933,0.05883327,287.80186839,0.01998490,0.01998490,36272,111,0
5509.88392145,5509.88489574,1854.99256726,1854.95180146,0.06537029,287.89689184,0.01998490,0.01998490,36271,111,0
5510.03575899,5510.03682253,1861.35199485,1861.30745851,0.08279623,287.99180471,0.01998490,0.01998490,36270,111,0
5510.18919608,5510.18875769,1867.71697603,1867.73534909,0.06861432,288.08704469,0.01998490,0.01998490,36269,111,0
5510.34146268,5510.34070122,1874.08759362,1874.11953325,0.01439515,288.18088851,0.01998491,0.01998490,36268,111,0
5510.49327954,5510.49265311,1880.46393102,1880.49022878,0.06870598,288.27379000,0.01998491,0.01998490,36267,111,0
5510.64467636,5510.64461338,1886.84607202,1886.84871842,0.06008562,288.36577196,0.01998490,0.01998490,36266,111,0
5510.79633312,5510.79658202,1893.23410078,1893.22363356,0.08632069,288.45724740,0.01998490,0.01998490,36265,111,0
5510.94881246,5510.94855903,1899.62803654,1899.63870356,0.10417696,288.54854651,0.01998490,0.01998490,36264,111,0
5511.10082915,5511.10054441,1906.02769603,1906.03969067,0.04643426,288.63889237,0.01998490,0.01998490,36263,111,0
5511.25254834,5511.25253817,1912.43285588,1912.43328472,0.07235893,288.72838277,0.01998490,0.01998490,36262,111,0
5511.40266727,5511.40454030,0.00000000,1918.76537285,0.02490679,288.81627203,0.01998490,0.01998490,36261,111,1
5511.55734242,5511.55655080,1925.25877739,1925.29219875,0.10408856,288.90609281,0.01998491,0.01998490,36260,111,0
5511.70899898,5511.70856968,1931.67911847,1931.69725572,0.06657138,288.99347609,0.01998491,0.01998490,36259,111,0
5511.86177094,5511.86059694,1938.10443415,1938.15407132,0.08051021,289.08080137,0.01998491,0.01998490,36258,111,0
5512.01043756,5512.01263257,0.00000000,1944.44319032,0.06060022,289.16512066,0.01998490,0.01998490,36257,111,1
5512.16578784,5512.16467659,1950.97118990,1951.01825037,0.03727273,289.25249451,0.01998491,0.01998490,36256,111,0
5512.31644801,5512.31672898,1957.41323723,1957.40132815,0.07461303,289.33655491,0.01998490,0.01998490,36255,111,0
5512.46871040,5512.46878975,1963.86146679,1963.85810035,0.04268946,289.42082139,0.01998490,0.01998490,36254,111,0
5512.62160004,5512.62085890,1970.31594816,1970.34741939,0.07230432,289.50473760,0.01998491,0.01998490,36253,111,0
5512.77493118,5512.77293643,0.00000000,1976.86129742,0.07911856,289.58818958,0.01998491,0.01998490,36252,111,1
5512.92405011,5512.92502235,1983.24259571,1983.20124306,0.08626959,289.66866068,0.01998490,0.01998490,36251,111,0
5513.07740043,5513.07711664,1989.71418519,1989.72626501,0.07766142,289.75070529,0.01998491,0.01998490,36250,111,0
5513.22841056,5513.22921932,1996.19089813,1996.15644781,0.03608243,289.83078733,0.01998490,0.01998490,36249,111,0
5513.38000073,5513.38133039,2002.67252753,2002.61584956,0.07430568,289.91046322,0.01998490,0.01998490,36248,111,0
5513.53316581,5513.53344983,2009.15916404,2009.14704836,0.02794128,289.99023961,0.01998490,0.01998490,36247,111,0
5513.68512695,5513.68557767,2015.65096425,2015.63172321,0.06045445,290.06866631,0.01998490,0.01998490,36246,111,0
5513.83743571,5513.83771389,2022.14808552,2022.13620083,0.04013942,290.14654993,0.01998490,0.01998490,36245,111,0
5513.98989210,5513.98985850,2028.65068606,2028.65212293,0.06781287,290.22378434,0.01998490,0.01998490,36244,111,0
5514.14276821,5514.14201149,2035.15892603,2035.19130785,0.06488362,290.30050297,0.01998491,0.01998490,36243,111,0
5514.29464578,5514.29417287,2041.67297628,2041.69322994,0.07774496,290.37599786,0.01998491,0.01998490,36242,111,0
5514.44645374,5514.44634265,2048.19301365,2048.19777569,0.02958275,290.45073804,0.01998490,0.01998490,36241,111,0
5514.59794208,5514.59852081,2054.71921599,2054.69438591,0.08563588,290.52460276,0.01998490,0.01998491,36240,111,0
5514.74978767,5514.75070736,2061.25176207,2061.21226631,0.02656602,290.59792130,0.01998490,0.01998491,36239,111,0
5514.90103553,5514.90290231,0.00000000,2067.72832012,0.07110426,290.67042994,0.01998490,0.01998491,36238,111,1
5515.05420357,5515.05510565,2074.33643692,2074.29762436,0.05862606,290.74273181,0.01998490,0.01998491,36237,111,0
5515.20602178,5515.20731738,2080.88846774,2080.83267282,0.09959057,290.81385997,0.01998490,0.01998491,36236,111,0
5515.35677471,5515.35953750,0.00000000,2087.34465546,0.06180835,290.88394630,0.01998490,0.01998491,36235,111,1
5515.51220363,5515.51176602,2094.01124658,2094.03012568,0.03599770,290.95507824,0.01998491,0.01998491,36234,111,0
5515.66443673,5515.66400294,2100.58172170,2100.60045188,0.08397862,291.02417369,0.01998491,0.01998491,36233,111,0
5515.81515566,5515.81624825,2107.15810718,2107.11089230,0.03381008,291.09184561,0.01998490,0.01998491,36232,111,0
5515.96711033,5515.96850196,2113.74037660,2113.68018849,0.07609783,291.15932809,0.01998490,0.01998491,36231,111,0
5516.11819048,5516.12076406,0.00000000,2120.22950882,0.06281911,291.22580384,0.01998490,0.01998491,36230,111,1
5516.27157517,5516.27303456,2126.92249828,2126.85927426,0.03641675,291.29228063,0.01998490,0.01998491,36229,111,0
5516.42555451,5516.42531347,2133.52231577,2133.53276689,0.08430199,291.35836690,0.01998491,0.01998491,36228,111,0
5516.57777336,5516.57760077,2140.12797363,2140.13546325,0.08370788,291.42293322,0.01998491,0.01998491,36227,111,0
5516.72952332,5516.72989647,2146.73958331,2146.72337673,0.07898721,291.48654283,0.01998490,0.01998491,36226,111,0
5516.88326793,5516.88220058,2153.35728242,2153.40368018,0.06279360,291.55021578,0.01998491,0.01998491,36225,111,0
5517.03427482,5517.03451308,2159.98120931,2159.97084254,0.04563078,291.61199653,0.01998490,0.01998491,36224,111,0
5517.18427915,5517.18683399,0.00000000,2166.51007220,0.08440972,291.67271245,0.01998490,0.01998491,36223,111,1
5517.33812325,5517.33916331,2173.24828475,2173.20295000,0.03360467,291.73402585,0.01998490,0.01998491,36222,111,0
5517.49044988,5517.49150103,2179.89153912,2179.84567921,0.08833426,291.79405011,0.01998490,0.01998491,36221,111,0
5517.64400204,5517.64384715,2186.54119021,2186.54795401,0.05540446,291.85377433,0.01998491,0.01998491,36220,111,0
5517.79682479,5517.79620168,2193.19716132,2193.22439564,0.07844412,291.91243100,0.01998491,0.01998491,36219,111,0
5517.94870989,5517.94856461,2199.85937534,2199.86573063,0.03211700,291.96994973,0.01998491,0.01998491,36218,111,0
5518.10077016,5518.10093596,2206.52775413,2206.52049493,0.08842517,292.02675459,0.01998491,0.01998491,36217,111,0
5518.25468126,5518.25331571,2213.20221207,2213.26205077,0.07650528,292.08345260,0.01998491,0.01998491,36216,111,0
5518.40538164,5518.40570387,2219.88265802,2219.86852604,0.03375410,292.13818648,0.01998491,0.01998491,36215,111,0
5518.55907894,5518.55810044,2226.56900019,2226.61194914,0.05887526,292.19320925,0.01998491,0.01998491,36214,111,0
5518.70933170,5518.71050542,2233.26114629,2233.20958742,0.06388032,292.24621527,0.01998490,0.01998491,36213,111,0
5518.86341815,5518.86291881,2239.95900909,2239.98096151,0.02862899,292.29976598,0.01998491,0.01998491,36212,111,0
5519.01473484,5519.01534062,2246.66264197,2246.63598842,0.06449734,292.35155614,0.01998490,0.01998491,36211,111,0
5519.16687875,5519.16777084,2253.37224644,2253.33296219,0.04641866,292.40283134,0.01998490,0.01998491,36210,111,0
5519.31891954,5519.32020947,2260.08803216,2260.03117848,0.03608572,292.45327145,0.01998490,0.01998491,36209,111,0
5519.47168643,5519.47265651,2266.81020991,2266.76741445,0.07516346,292.50314564,0.01998490,0.01998491,36208,111,0
5519.62632794,5519.62511197,2273.53898978,2273.59268324,0.07928048,292.55280701,0.01998491,0.01998491,36207,111,0
5519.77744287,5519.77757585,2280.27448664,2280.26860928,0.06255124,292.60053228,0.01998491,0.01998491,36206,111,0
5519.93111068,5519.93004814,2287.01667612,2287.06368304,0.02587854,292.64824628,0.01998491,0.01998491,36205,111,0
5520.08320354,5520.08252885,2293.76552269,2293.79539872,0.08253361,292.69465654,0.01998491,0.01998491,36204,111,0
5520.23596194,5520.23501798,2300.52099064,2300.56282878,0.09223508,292.74045102,0.01998491,0.01998491,36203,111,0
5520.38528030,5520.38751552,0.00000000,2307.18398476,0.05030286,292.78441892,0.01998490,0.01998491,36202,111,1
5520.54010620,5520.54002149,2314.05161948,2314.05538086,0.03026079,292.82917308,0.01998491,0.01998491,36201,111,0
5520.69240560,5520.69253587,2320.82660526,2320.82081564,0.05916341,292.87236558,0.01998491,0.01998491,36200,111,0
5520.84517942,5520.84505868,2327.60788240,2327.61325295,0.03266696,292.91486021,0.01998491,0.01998491,36199,111,0
5520.99708894,5520.99758991,2334.39533144,2334.37302953,0.05700759,292.95628449,0.01998491,0.01998491,36198,111,0
5521.15143205,5521.15012956,2341.18883272,2341.24686422,0.08948787,292.99752145,0.01998491,0.01998491,36197,111,0
5521.30447950,5521.30267764,0.00000000,2348.07016819,0.07752636,293.03757110,0.01998491,0.01998491,36196,111,1
5521.45672434,5521.45523414,2354.79425067,2354.86076192,0.02472957,293.07655385,0.01998491,0.01998491,36195,111,0
5521.60712066,5521.60779906,2361.60674577,2361.57643869,0.03936917,293.11424779,0.01998490,0.01998491,36194,111,0
5521.76003605,5521.76037241,2368.42617923,2368.41113759,0.06124095,293.15173268,0.01998491,0.01998491,36193,111,0
5521.91423363,5521.91295419,2375.25286376,2375.31013703,0.06195330,293.18867256,0.01998491,0.01998491,36192,111,0
5522.06530310,5522.06554440,2382.08698090,2382.07616859,0.05798454,293.22402421,0.01998491,0.01998491,36191,111,0
5522.21907631,5522.21814303,2388.92835614,2388.97021835,0.07320625,293.25915191,0.01998491,0.01998491,36190,111,0
5522.37122427,5522.37075009,2395.77675462,2395.79804409,0.01931864,293.29305359,0.01998491,0.01998491,36189,111,0
5522.52386025,5522.52336558,2402.63194005,2402.65416995,0.08125999,293.32620569,0.01998491,0.01998491,36188,111,0
5522.67504846,5522.67598950,2409.49367483,2409.45134867,0.05292769,293.35819199,0.01998490,0.01998491,36187,111,0
5522.82917228,5522.82862185,2416.36179235,2416.38657116,0.04818844,293.38992374,0.01998491,0.01998491,36186,111,0
5522.98138777,5522.98126263,2423.23633411,2423.24197231,0.07181909,293.42039240,0.01998491,0.01998491,36185,111,0
5523.13365866,5523.13391185,2430.11737931,2430.10596119,0.08799956,293.45000460,0.01998491,0.01998491,36184,111,0
5523.28611095,5523.28656950,2437.00500760,2436.98430941,0.07123712,293.47878044,0.01998491,0.01998491,36183,111,0
5523.44066938,5523.43923558,2443.89929913,2443.96407840,0.04477756,293.50706105,0.01998491,0.01998491,36182,111,0
5523.59158254,5523.59191010,2450.80036871,2450.78555572,0.10002854,293.53380501,0.01998491,0.01998491,36181,111,0
5523.74395864,5523.74459305,2457.70843055,2457.67971306,0.05475057,293.55993441,0.01998491,0.01998491,36180,111,0
5523.89789829,5523.89728444,2464.62371785,2464.65153265,0.06958923,293.58543826,0.01998491,0.01998491,36179,111,0
5524.05086742,5524.04998427,2471.54646519,2471.58652433,0.04170236,293.60988936,0.01998491,0.01998491,36178,111,0
5524.20224984,5524.20269254,2478.47690827,2478.45680663,0.03843316,293.63320921,0.01998491,0.01998491,36177,111,0
5524.35611230,5524.35540924,2485.41513134,2485.44708959,0.08231542,293.65601353,0.01998491,0.01998491,36176,111,0
5524.50832107,5524.50813438,2492.36080828,2492.36930249,0.07108789,293.67767821,0.01998491,0.01998491,36175,111,0
5524.66214330,5524.66086796,2499.31354261,2499.37162526,0.05214856,293.69866434,0.01998491,0.01998491,36174,111,0
5524.81190126,5524.81360999,0.00000000,2506.18859768,0.05455772,293.71819686,0.01998490,0.01998491,36173,111,1
5524.96661030,5524.96636045,2513.23858618,2513.24998420,0.07956598,293.73749512,0.01998491,0.01998491,36172,111,0
5525.11991926,5525.11911936,2520.21028937,2520.24681101,0.08981329,293.75567864,0.01998491,0.01998491,36171,111,0
5525.27007486,5525.27188671,0.00000000,2527.09798448,0.04913667,293.77257832,0.01998490,0.01998491,36170,111,1
5525.42575950,5525.42466251,2534.17293905,2534.22311516,0.06682811,293.78920327,0.01998491,0.01998491,36169,111,0
5525.57806801,5525.57744675,2541.16453135,2541.19297508,0.07222382,293.80452797,0.01998491,0.01998491,36168,111,0
5525.73135952,5525.73023943,2548.16340117,2548.21473441,0.06037812,293.81902850,0.01998491,0.01998491,36167,111,0
5525.88235569,5525.88304056,2555.16973425,2555.13831532,0.05098598,293.83240391,0.01998491,0.01998491,36166,111,0
5526.03667067,5526.03585014,2562.18344984,2562.22112937,0.05061745,293.84513897,0.01998491,0.01998491,36165,111,0
5526.19074570,5526.18866817,0.00000000,2569.29752263,0.06513431,293.85690476,0.01998492,0.01998491,36164,111,1
5526.34265030,5526.34149464,2576.23258288,2576.28575434,0.04871496,293.86758424,0.01998491,0.01998491,36163,111,0
5526.49376288,5526.49432957,2583.26777730,2583.24167961,0.02806072,293.87728673,0.01998491,0.01998491,36162,111,0
5526.64711979,5526.64717294,2590.30998797,2590.30753792,0.04475157,293.88619478,0.01998491,0.01998491,36161,111,0
5526.80051323,5526.80002477,2597.35929898,2597.38183698,0.05906807,293.89415629,0.01998491,0.01998491,36160,111,0
5526.95333440,5526.95288504,2604.41580411,2604.43655807,0.05513376,293.90114174,0.01998491,0.01998491,36159,111,0
5527.10611237,5527.10575377,2611.47959768,2611.49617607,0.06199423,293.90717808,0.01998491,0.01998491,36158,111,0
5527.25812310,5527.25863095,2618.55077479,2618.52727273,0.05698617,293.91224129,0.01998491,0.01998491,36157,111,0
5527.41220860,5527.41151659,2625.62943636,2625.66149306,0.06556340,293.91641075,0.01998491,0.01998491,36156,111,0
5527.56353629,5527.56441068,2632.71568945,2632.67514312,0.06122598,293.91955903,0.01998491,0.01998491,36155,111,0
5527.71710273,5527.71731323,2639.80964200,2639.79987110,0.05920288,293.92179181,0.01998491,0.01998491,36154,111,0
5527.87138254,5527.87022423,2646.91140265,2646.96522751,0.07166150,293.92305579,0.01998491,0.01998491,36153,111,0
5528.02382193,5528.02314369,2654.02107237,2654.05262271,0.07368931,293.92333747,0.01998491,0.01998491,36152,111,0
5528.17623216,5528.17607160,2661.13864174,2661.14611821,0.08555607,293.92265467,0.01998491,0.01998491,36151,111,0
5528.32934087,5528.32900798,2668.26402194,2668.27953971,0.09511414,293.92099448,0.01998491,0.01998491,36150,111,0
5528.48357124,5528.48195281,0.00000000,2675.48168184,0.05060762,293.91832765,0.01998492,0.01998491,36149,111,1
5528.63425298,5528.63490611,2682.53784975,2682.50734283,0.04751907,293.91476684,0.01998491,0.01998491,36148,111,0
5528.78778838,5528.78786786,2689.68613119,2689.68241499,0.02816211,293.91015220,0.01998491,0.01998491,36147,111,0
5528.94181600,5528.94083808,2696.84202283,2696.88779307,0.05158387,293.90452319,0.01998491,0.01998491,36146,111,0
5529.09332501,5529.09381676,2704.00564047,2703.98260122,0.07546679,293.89800619,0.01998491,0.01998491,36145,111,0
5529.24773479,5529.24680390,2711.17710087,2711.22076069,0.07098913,293.89036098,0.01998491,0.01998491,36144,111,0
5529.39868645,5529.39979950,2718.35652153,2718.30426310,0.05588545,293.88190442,0.01998491,0.01998491,36143,111,0
5529.55206067,5529.55280357,2725.54396800,2725.50905139,0.05381145,293.87231378,0.01998491,0.01998491,36142,111,0
5529.70564197,5529.70581611,2732.73929496,2732.73110204,0.04568573,293.86169869,0.01998491,0.01998491,36141,111,0
5529.85941364,5529.85883711,2739.94230314,2739.96945526,0.08434616,293.85005335,0.01998491,0.01998491,36140,111,0
5530.01195698,5530.01186658,2747.15279194,2747.15705382,0.09418311,293.83749261,0.01998491,0.01998491,36139,111,0
5530.16653782,5530.16490451,0.00000000,2754.44642997,0.06078342,293.82373907,0.01998492,0.01998491,36138,111,1
5530.31825412,5530.31795092,2761.59555083,2761.60987120,0.04647279,293.80922718,0.01998491,0.01998491,36137,111,0
5530.47210777,5530.47100579,2768.82801044,2768.88010973,0.06829979,293.79348929,0.01998491,0.01998491,36136,111,0
5530.62318828,5530.62406913,2776.06822616,2776.02653844,0.08409302,293.77702793,0.01998491,0.01998491,36135,111,0
5530.77688503,5530.77714095,2783.31648685,2783.30436191,0.04915387,293.75925348,0.01998491,0.01998491,36134,111,0
5530.93108339,5530.93022123,2790.57307707,2790.61396962,0.05105224,293.74037489,0.01998491,0.01998491,36133,111,0
5531.08460451,5531.08330999,2797.83811722,2797.89958447,0.09306750,293.72053439,0.01998492,0.01998491,36132,111,0
5531.23542579,5531.23640722,2805.11154816,2805.06489643,0.05989496,293.70002431,0.01998491,0.01998491,36131,111,0
5531.38853409,5531.38951292,2812.39330127,2812.34672262,0.04938287,293.67816740,0.01998491,0.01998491,36130,111,0
5531.54447294,5531.54262710,0.00000000,2819.76877685,0.04200021,293.65483821,0.01998492,0.01998491,36129,111,1
5531.69480430,5531.69574976,2826.98150108,2826.93641437,0.05729908,293.63130109,0.01998491,0.01998491,36128,111,0
5531.84912570,5531.84888089,2834.28785300,2834.29953978,0.08093613,293.60609093,0.01998491,0.01998491,36127,111,0
5532.00251639,5532.00202049,2841.60235317,2841.62605159,0.03436717,293.57996879,0.01998491,0.01998491,36126,111,0
5532.15570685,5532.15516858,2848.92499163,2848.95074202,0.06056160,293.55281859,0.01998491,0.01998491,36125,111,0
5532.30852153,5532.30832514,2856.25575832,2856.26516351,0.04872420,293.52467405,0.01998491,0.01998491,36124,111,0
5532.46028374,5532.46149018,2863.59462785,2863.53679151,0.04268320,293.49567138,0.01998491,0.01998491,36123,111,0
5532.61485642,5532.61466370,2870.94151989,2870.95076825,0.08239907,293.46505085,0.01998491,0.01998491,36122,111,0
5532.76756382,5532.76784571,2878.29634125,2878.28279996,0.04389039,293.43372585,0.01998491,0.01998491,36121,111,0
5532.91986360,5532.92103619,2885.65899810,2885.60261291,0.03337082,293.40141837,0.01998491,0.01998491,36120,111,0
5533.07519605,5533.07423515,2893.02939888,2893.07565071,0.05624331,293.36736795,0.01998492,0.01998491,36119,111,0
5533.22675191,5533.22744260,2900.40760094,2900.37432123,0.05971170,293.33307160,0.01998491,0.01998491,36118,111,0
5533.38016953,5533.38065854,2907.79387955,2907.77029313,0.07753632,293.29726911,0.01998491,0.01998491,36117,111,0
5533.53568172,5533.53388295,0.00000000,2915.26770287,0.03634705,293.25989773,0.01998492,0.01998491,36116,111,1
5533.68677260,5533.68711585,2922.59184536,2922.57525212,0.06167988,293.22242828,0.01998491,0.01998491,36115,111,0
5533.84216701,5533.84035724,0.00000000,2930.08576948,0.03595834,293.18284358,0.01998492,0.01998491,36114,111,1
5533.99625190,5533.99360712,0.00000000,2937.54772486,0.03201926,293.14243599,0.01998492,0.01998491,36113,111,1
5534.14663748,5534.14686548,2944.85511039,2944.84405094,0.06093448,293.10188538,0.01998491,0.01998491,36112,111,0
5534.30067018,5534.30013233,2952.29345320,2952.31957017,0.06989204,293.05927230,0.01998491,0.01998491,36111,111,0
5534.45514191,5534.45340767,0.00000000,2959.81933964,0.06946392,293.01543610,0.01998492,0.01998491,36110,111,1
5534.60606287,5534.60669150,2967.19484740,2967.16425870,0.03320503,292.97145166,0.01998491,0.01998491,36109,111,0
5534.75993245,5534.75998382,2974.65797714,2974.65547496,0.05564867,292.92551733,0.01998491,0.01998491,36108,111,0
5534.91301265,5534.91328463,2982.12971922,2982.11645605,0.06471816,292.87869045,0.01998491,0.01998491,36107,111,0
5535.06652662,5535.06659393,2989.61033436,2989.60704819,0.04869905,292.83059543,0.01998491,0.01998491,36106,111,0
5535.22018111,5535.21991173,2997.10007906,2997.11324638,0.07442470,292.78131229,0.01998491,0.01998491,36105,111,0
5535.37174258,5535.37323802,0.00000000,3004.52604353,0.04504691,292.73157347,0.01998491,0.01998491,36104,111,1
5535.52590775,5535.52657280,3012.10717544,3012.07459202,0.05430681,292.67983211,0.01998491,0.01998491,36103,111,0
5535.68020265,5535.67991608,3019.62436647,3019.63842294,0.05721037,292.62688098,0.01998491,0.01998491,36102,111,0
5535.83339718,5535.83326786,3027.15053878,3027.15688907,0.08694354,292.57315114,0.01998491,0.01998491,36101,111,0
5535.98664200,5535.98662813,3034.68563245,3034.68631444,0.06155375,292.51824750,0.01998491,0.01998491,36100,111,0
5536.14109583,5536.13999690,3042.22973529,3042.28382235,0.05412059,292.46173615,0.01998492,0.01998491,36099,111,0
5536.29490389,5536.29337417,0.00000000,3049.85519875,0.08749102,292.40430857,0.01998492,0.01998491,36098,111,1
5536.44737847,5536.44675993,3057.34552986,3057.37604432,0.07721784,292.34616659,0.01998491,0.01998491,36097,111,0
5536.60130561,5536.60015420,3064.91750167,3064.97437300,0.03903573,292.28631456,0.01998492,0.01998491,36096,111,0
5536.75562588,5536.75355697,0.00000000,3072.59313766,0.04728121,292.22518024,0.01998492,0.01998491,36095,111,1
5536.90726461,5536.90696823,3080.08925087,3080.10392295,0.06350845,292.16381325,0.01998491,0.01998491,36094,111,0
5537.05896472,5537.06038800,3087.68832086,3087.61778687,0.04046463,292.10132910,0.01998491,0.01998491,36093,111,0
5537.21307124,5537.21381628,3095.29569498,3095.25873535,0.08692234,292.03666798,0.01998491,0.01998491,36092,111,0
5537.36844604,5537.36725306,3102.91107744,3102.97031796,0.03940665,291.97026382,0.01998492,0.01998491,36091,111,0
5537.52114899,5537.52069834,3110.53473984,3110.55714181,0.04585273,291.90381110,0.01998491,0.01998491,36090,111,0
5537.67571627,5537.67415212,0.00000000,3118.23647330,0.08054954,291.83541392,0.01998492,0.01998491,36089,111,1
5537.82914827,5537.82761442,0.00000000,3125.87857373,0.11494780,291.76621552,0.01998492,0.01998491,36088,111,1
5537.98198466,5537.98108521,3133.46071248,3133.50558556,0.08523692,291.69602698,0.01998492,0.01998491,36087,111,0
5538.13702959,5538.13456452,0.00000000,3141.24022777,0.06475200,291.62369834,0.01998492,0.01998491,36086,111,1
5538.28848623,5538.28805234,3148.79426923,3148.81596941,0.06507575,291.55173336,0.01998491,0.01998491,36085,111,0
5538.44249961,5538.44154866,3156.47564229,3156.52325836,0.06341451,291.47737901,0.01998492,0.01998491,36084,111,0
5538.59293021,5538.59505349,0.00000000,3164.05339611,0.08216578,291.40362345,0.01998491,0.01998491,36083,111,1
5538.74975118,5538.74856684,3171.86625066,3171.92568857,0.06557688,291.32534331,0.01998492,0.01998491,36082,111,0
5538.90246943,5538.90208869,3179.57533130,3179.59446096,0.08643268,291.24793369,0.01998491,0.01998491,36081,111,0
5539.05412576,5539.05561906,0.00000000,3187.21262314,0.08397319,291.16990803,0.01998491,0.01998491,36080,111,1
5539.20941898,5539.20915794,3195.02197978,3195.03512677,0.07387459,291.08862072,0.01998491,0.01998491,36079,111,0
5539.36365180,5539.36270534,3202.75997770,3202.80770437,0.03818344,291.00667930,0.01998492,0.01998491,36078,111,0
5539.51722230,5539.51626124,3210.50789673,3210.55641809,0.05518796,290.92382567,0.01998492,0.01998491,36077,111,0
5539.67164923,5539.66982567,0.00000000,3218.35123682,0.09859352,290.83930670,0.01998492,0.01998491,36076,111,1
5539.82350540,5539.82339861,3226.03287761,3226.03828184,0.03769695,290.75480475,0.01998491,0.01998491,36075,111,0
5539.97795131,5539.97698006,3233.80960006,3233.85880813,0.04311969,290.66766198,0.01998492,0.01998491,36074,111,0
5540.13068474,5540.13057004,3241.59563515,3241.60145334,0.07217711,290.58022109,0.01998491,0.01998491,36073,111,0
5540.28438903,5540.28416853,3249.39113268,3249.40233029,0.05343477,290.49094936,0.01998491,0.01998491,36072,111,0
5540.43878213,5540.43777554,3257.19632870,3257.24750727,0.05676760,290.39998306,0.01998492,0.01998491,36071,111,0
5540.59208787,5540.59139107,3265.01146103,3265.04693219,0.05848952,290.30836672,0.01998492,0.01998491,36070,111,0
5540.74363517,5540.74501512,0.00000000,3272.76367748,0.06917076,290.21656319,0.01998491,0.01998491,36069,111,1
5540.89871951,5540.89864770,3280.67233153,3280.67599674,0.04749459,290.12123663,0.01998491,0.01998491,36068,111,0
5541.04496632,5541.05228879,0.00000000,3288.14181947,0.04617314,290.03017873,0.01998489,0.01998491,36067,111,1
5541.20722385,5541.20593841,3296.37412310,3296.43988783,0.13533465,289.92770485,0.01998492,0.01998491,36066,111,0
5541.36263896,5541.35959655,0.00000000,3304.39392225,0.08775272,289.82822907,0.01998492,0.01998491,36065,111,1
5541.51270642,5541.51326322,3312.11651697,3312.08796093,0.08111056,289.73084034,0.01998491,0.01998491,36064,111,0
5541.66883094,5541.66693841,0.00000000,3320.09781549,0.07180778,289.62823753,0.01998492,0.01998491,36063,111,1
5541.82099463,5541.82062212,3327.89925823,3327.91840940,0.11929543,289.52686172,0.01998492,0.01998491,36062,111,0
5541.97353315,5541.97431437,3335.80569791,3335.76548509,0.07612934,289.42395368,0.01998491,0.01998491,36061,111,0
5542.12800843,5542.12801514,3343.72217272,3343.72182726,0.05548316,289.31839682,0.01998491,0.01998491,36060,111,0
5542.28169457,5542.28172444,3351.64885803,3351.64731664,0.09551298,289.21203221,0.01998491,0.01998491,36059,111,0
5542.43848623,5542.43544227,0.00000000,3359.74330721,0.09139380,289.10212527,0.01998492,0.01998491,36058,111,1
5542.58957424,5542.58916862,3367.53391699,3367.55490170,0.01531173,288.99487781,0.01998492,0.01998491,36057,111,0
5542.74276108,5542.74290351,3375.49281831,3375.48543982,0.06912132,288.88479049,0.01998491,0.01998491,36056,111,0
5542.89971116,5542.89664693,0.00000000,3383.62049803,0.06894726,288.77060084,0.01998493,0.01998491,36055,111,1
5543.04903196,5543.05039888,0.00000000,3391.37005614,0.06609463,288.66063260,0.01998491,0.01998491,36054,111,1
5543.20431442,5543.20415937,3399.43503446,3399.44309795,0.08875734,288.54483958,0.01998492,0.01998491,36053,111,0
5543.35834346,5543.35792839,3407.43690973,3407.45852252,0.11063269,288.42862685,0.01998492,0.01998491,36052,111,0
5543.51211369,5543.51170594,3415.44907035,3415.47032797,0.06348623,288.31122592,0.01998492,0.01998491,36051,111,0
5543.66720061,5543.66549203,0.00000000,3423.55399657,0.04250291,288.19151494,0.01998492,0.01998491,36050,111,1
5543.82005469,5543.81928665,3431.50459844,3431.54473977,0.10112278,288.07193931,0.01998492,0.01998491,36049,111,0
5543.97560628,5543.97308981,0.00000000,3439.67249609,0.05363770,287.94904802,0.01998492,0.01998491,36048,111,1
5544.12528736,5544.12690151,0.00000000,3447.51040084,0.02040775,287.82933074,0.01998491,0.01998491,36047,111,1
5544.28050418,5544.28072175,3455.66769479,3455.65627975,0.08410828,287.70365215,0.01998491,0.01998491,36046,111,0
5544.43488308,5544.43455053,3463.74388083,3463.76135185,0.06307833,287.57733143,0.01998492,0.01998491,36045,111,0
5544.58743739,5544.58838784,3471.83122683,3471.78122770,0.09588199,287.45109010,0.01998491,0.01998491,36044,111,0
5544.74204703,5544.74223370,3479.92987554,3479.92004238,0.04696542,287.32170714,0.01998491,0.01998491,36043,111,0
5544.89705763,5544.89608810,3488.03981457,3488.09095470,0.06131016,287.19052778,0.01998492,0.01998491,36042,111,0
5545.05071963,5545.04995104,3496.16090391,3496.20149808,0.05087448,287.05904337,0.01998492,0.01998491,36041,111,0
5545.20502212,5545.20382252,3504.29299864,3504.35643875,0.06496539,286.92555945,0.01998492,0.01998491,36040,111,0
5545.35927620,5545.35770255,0.00000000,3512.50550098,0.05657463,286.79089010,0.01998492,0.01998491,36039,111,1
5545.51472536,5545.51159112,0.00000000,3520.74163798,0.07377355,286.65348017,0.01998493,0.01998491,36038,111,1
5545.66603281,5545.66548823,3528.75383788,3528.78274514,0.06625901,286.51806189,0.01998492,0.01998491,36037,111,0
5545.81964470,5545.81939390,3536.92846235,3536.94179167,0.08444509,286.37938300,0.01998492,0.01998491,36036,111,0
5545.97200554,5545.97330810,0.00000000,3545.03359147,0.05971718,286.24057945,0.01998491,0.01998491,36035,111,1
5546.12954415,5546.12723086,0.00000000,3553.42472376,0.06706683,286.09530818,0.01998492,0.01998491,36034,111,1
5546.28482078,5546.28116217,0.00000000,3561.70661228,0.10738146,285.95059755,0.01998493,0.01998491,36033,111,1
5546.43629969,5546.43510202,3569.73286673,3569.79685155,0.12817862,285.80795948,0.01998492,0.01998491,36032,111,0
5546.58848419,5546.58905042,3577.96366684,3577.93336979,0.06761383,285.66323365,0.01998491,0.01998492,36031,111,0
5546.74438432,5546.74300738,3586.20776671,3586.28155618,0.08311078,285.51341745,0.01998492,0.01998492,36030,111,0
5546.89534919,5546.89697289,0.00000000,3594.37902710,0.09899071,285.36681831,0.01998491,0.01998492,36029,111,1
5547.04954634,5547.05094694,0.00000000,3602.65861584,0.08129484,285.21561667,0.01998491,0.01998492,36028,111,1
5547.20755806,5547.20492956,0.00000000,3611.15472510,0.04294996,285.05908911,0.01998492,0.01998492,36027,111,1
5547.35840448,5547.35892072,3619.30291287,3619.27510551,0.04834192,284.90818533,0.01998491,0.01998492,36026,111,0
5547.51223740,5547.51292044,3627.60353691,3627.56669641,0.07709307,284.75279068,0.01998491,0.01998492,36025,111,0
5547.66717248,5547.66692871,3635.91601387,3635.92918058,0.05695983,284.59472783,0.01998492,0.01998492,36024,111,0
5547.81898520,5547.82094555,0.00000000,3644.14294798,0.11113180,284.43816664,0.01998491,0.01998492,36023,111,1
5547.97241810,5547.97497093,0.00000000,3652.44938129,0.10954149,284.27851986,0.01998491,0.01998492,36022,111,1
5548.13197514,5548.12900488,0.00000000,3661.09950037,0.08091591,284.11085774,0.01998493,0.01998492,36021,111,1
5548.28620736,5548.28304738,0.00000000,3669.47276028,0.08448864,283.94719214,0.01998493,0.01998492,36020,111,1
5548.43646741,5548.43709845,3677.67903812,3677.64469619,0.04923520,283.78616273,0.01998491,0.01998492,36019,111,0
5548.59277285,5548.59115807,0.00000000,3686.15087415,0.06370776,283.61718444,0.01998492,0.01998492,36018,111,1
5548.74577753,5548.74522625,3694.46845681,3694.49853359,0.04387201,283.45000426,0.01998492,0.01998492,36017,111,0
5548.89843812,5548.89930300,3702.88026694,3702.83301655,0.11132487,283.28175327,0.01998491,0.01998492,36016,111,0
5549.05429088,5549.05338831,3711.30452411,3711.35390703,0.11465135,283.10836085,0.01998492,0.01998492,36015,111,0
5549.20795572,5549.20748218,3719.74201117,3719.76796066,0.10555436,282.93577534,0.01998492,0.01998492,36014,111,0
5549.36075205,5549.36158461,3728.19292501,3728.14723363,0.06187169,282.76255354,0.01998491,0.01998492,36013,111,0
5549.51714085,5549.51569561,0.00000000,3736.72236131,0.04762430,282.58388879,0.01998492,0.01998492,36012,111,1
5549.67173405,5549.66981517,0.00000000,3745.22206281,0.07339146,282.40540429,0.01998492,0.01998492,36011,111,1
5549.82501545,5549.82394330,3753.62100765,3753.68009114,0.09771351,282.22642036,0.01998492,0.01998492,36010,111,0
5549.97656983,5549.97808000,0.00000000,3762.01800557,0.12573921,282.04863651,0.01998491,0.01998492,36009,111,1
5550.13253805,5550.13222526,3770.63214009,3770.64942313,0.06621883,281.86319165,0.01998492,0.01998492,36008,111,0
5550.28465548,5550.28637910,0.00000000,3779.04155103,0.07464660,281.68152002,0.01998491,0.01998492,36007,111,1
5550.44114236,5550.44054150,3787.69179438,3787.72508806,0.09701771,281.49212073,0.01998492,0.01998492,36006,111,0
5550.59540200,5550.59471247,3796.24045497,3796.27871661,0.08699907,281.30414411,0.01998492,0.01998492,36005,111,0
5550.75186675,5550.74889201,0.00000000,3804.95179374,0.08786217,281.11211329,0.01998493,0.01998492,36004,111,1
5550.90353377,5550.90308012,3813.37607743,3813.40132268,0.07529939,280.92364859,0.01998492,0.01998492,36003,111,0
5551.05781834,5551.05727680,3821.96323617,3821.99341640,0.05363908,280.73060433,0.01998492,0.01998492,36002,111,0
5551.21139840,5551.21148206,3830.56338204,3830.55871318,0.12129740,280.53675781,0.01998492,0.01998492,36001,111,0
5551.36507750,5551.36569589,3839.17650015,3839.14193715,0.16340346,280.34109952,0.01998492,0.01998492,36000,111,0
5551.52067811,5551.51991829,3847.80256876,3847.84509836,0.10413911,280.14127054,0.01998492,0.01998492,35999,111,0
5551.67706796,5551.67414926,0.00000000,3856.60093593,0.10932479,279.93877282,0.01998493,0.01998492,35998,111,1
5551.82726641,5551.82838881,3865.09370064,3865.03069175,0.14912320,279.74243403,0.01998491,0.01998492,35997,111,0
5551.98388939,5551.98263694,3873.75951578,3873.82993519,0.10159331,279.53604332,0.01998492,0.01998492,35996,111,0
5552.13633007,5552.13689364,3882.43960382,3882.40786529,0.08245584,279.33342227,0.01998491,0.01998492,35995,111,0
5552.29075115,5552.29115893,3891.13454938,3891.11154652,0.08530070,279.12639711,0.01998492,0.01998492,35994,111,0
5552.44811364,5552.44543278,0.00000000,3899.99690514,0.14825193,278.91356147,0.01998493,0.01998492,35993,111,1
5552.59899463,5552.59971522,3908.56848219,3908.52770486,0.09117702,278.70780368,0.01998491,0.01998492,35992,111,0
5552.75538034,5552.75400624,3917.30596596,3917.38383687,0.11154926,278.49273306,0.01998492,0.01998492,35991,111,0
5552.90944712,5552.90830583,3926.05609412,3926.12085920,0.13670730,278.27909214,0.01998492,0.01998492,35990,111,0
5553.06986945,5553.06261401,0.00000000,3935.22931209,0.03476563,278.05482259,0.01998494,0.01998492,35989,111,1
5553.21533985,5553.21693077,0.00000000,3943.50377991,0.08964608,277.84971978,0.01998491,0.01998492,35988,111,1
5553.37142130,5553.37125611,3952.38712706,3952.39654575,0.15247197,277.62783986,0.01998492,0.01998492,35987,111,0
5553.52720661,5553.52559003,0.00000000,3961.28336041,0.15258487,277.40460720,0.01998492,0.01998492,35986,111,1
5553.68649355,5553.67993254,0.00000000,3970.38570592,0.10929678,277.17440541,0.01998494,0.01998492,35985,111,1
5553.83492674,5553.83428363,3978.85659503,3978.89344614,0.13132215,276.95781918,0.01998492,0.01998492,35984,111,0
5553.99067359,5553.98864331,0.00000000,3987.80832705,0.10023017,276.72939433,0.01998492,0.01998492,35983,111,1
5554.14396449,5554.14301157,3996.56984761,3996.62458819,0.16926754,276.50201376,0.01998492,0.01998492,35982,111,0
5554.30365322,5554.29738842,0.00000000,4005.79083379,0.07135580,276.26404407,0.01998494,0.01998492,35981,111,1
5554.45592758,5554.45177386,0.00000000,4014.56053668,0.11571784,276.03487874,0.01998493,0.01998492,35980,111,1
5554.60946136,5554.60616788,0.00000000,4023.41654629,0.04839576,275.80197965,0.01998493,0.01998492,35979,111,1
5554.76136107,5554.76057049,4032.15521551,4032.20093406,0.07953851,275.56949708,0.01998492,0.01998492,35978,111,0
5554.90970741,5554.91498169,0.00000000,4040.77531111,0.18053261,275.34116411,0.01998490,0.01998492,35977,111,1
5555.07424346,5555.06940148,0.00000000,4050.31070451,0.11403273,275.08560630,0.01998494,0.01998492,35976,111,1
5555.22020319,5555.22382986,0.00000000,4058.78308913,0.18925313,274.85709585,0.01998490,0.01998492,35975,111,1
5555.36850229,5555.37826684,0.00000000,4067.40437423,0.00488555,274.62317689,0.01998488,0.01998492,35974,111,1
5555.52758819,5555.53271240,0.00000000,4076.66750375,0.11030781,274.37027834,0.01998490,0.01998492,35973,111,1
5555.67643132,5555.68716656,0.00000000,4085.34812478,0.11535795,274.13181288,0.01998488,0.01998492,35972,111,1
nan,nan,0.00000000,-1.00000000,0.00000000,273.86499668,nan,0.00000000,-2147483648,111,1
5515.59619452,nan,0.00000000,186.00000000,nan,275.89196754,0.01998521,0.01998491,36234,110,1
5515.81267553,5515.81624825,0.00000000,193.45975372,0.25602425,276.23048787,0.01998489,0.01998491,36232,110,1
5515.81267553,5515.81624825,0.00000000,193.45975372,0.25602425,276.23048787,0.01998489,0.01998491,36232,110,1
5516.12772343,5516.12076406,0.00000000,204.32593294,0.10991325,276.72194247,0.01998493,0.01998491,36230,110,1
5516.12772343,5516.12076406,0.00000000,204.32593294,0.10991325,276.72194247,0.01998493,0.01998491,36230,110,1
nan,nan,0.00000000,-1.00000000,0.00000000,276.93273900,nan,0.00000000,-2147483648,110,1
nan,nan,0.00000000,-1.00000000,0.00000000,277.02282666,nan,0.00000000,-2147483648,110,1
nan,nan,0.00000000,-1.00000000,0.00000000,277.15783370,nan,0.00000000,-2147483648,110,1
nan,nan,0.00000000,-1.00000000,0.00000000,277.24775541,nan,0.00000000,-2147483648,110,1
nan,nan,0.00000000,-1.00000000,0.00000000,277.42739956,nan,0.00000000,-2147483648,110,1
nan,nan,0.00000000,-1.00000000,0.00000000,277.56195824,nan,0.00000000,-2147483648,110,1
5516.87282482,5516.88220058,0.00000000,230.07179397,0.31328294,277.87855661,0.01998487,0.01998491,36225,110,1
5516.87282482,5516.88220058,0.00000000,230.07179397,0.31328294,277.87855661,0.01998487,0.01998491,36225,110,1
5517.01753418,nan,0.00000000,235.07968807,0.11996777,278.10225267,0.01998484,0.01998491,36224,110,1
5517.01753418,nan,0.00000000,235.07968807,0.11996777,278.10225267,0.01998484,0.01998491,36224,110,1
nan,nan,0.00000000,-1.00000000,0.00000000,278.41068662,nan,0.00000000,-2147483648,110,1
nan,nan,0.00000000,-1.00000000,0.00000000,278.58860012,nan,0.00000000,-2147483648,110,1
5517.46168919,nan,0.00000000,250.46604519,0.07039729,278.78692724,0.01998535,0.01998491,36222,110,1
nan,nan,0.00000000,-1.00000000,0.00000000,279.20919487,nan,0.00000000,-2147483648,110,1
nan,nan,0.00000000,-1.00000000,0.00000000,279.34175352,nan,0.00000000,-2147483648,110,1
nan,nan,0.00000000,-1.00000000,0.00000000,279.51826430,nan,0.00000000,-2147483648,110,1
nan,nan,0.00000000,-1.00000000,0.00000000,279.60641932,nan,0.00000000,-2147483648,110,1
nan,nan,0.00000000,-1.00000000,0.00000000,280.04618998,nan,0.00000000,-2147483648,110,1
5518.42046654,nan,0.00000000,283.76098217,0.06986608,280.25497527,0.01998496,0.01998491,36215,110,1
nan,nan,0.00000000,-1.00000000,0.00000000,280.70270293,nan,0.00000000,-2147483648,110,1
5518.85798329,5518.86291881,0.00000000,298.99148180,0.17111598,280.92033020,0.01998489,0.01998491,36212,110,1
5518.85798329,5518.86291881,0.00000000,298.99148180,0.17111598,280.92033020,0.01998489,0.01998491,36212,110,1
5519.18657365,nan,0.00000000,310.44550604,0.07235858,281.41813915,0.01998497,0.01998491,36210,110,1
5519.18657365,nan,0.00000000,310.44550604,0.07235858,281.41813915,0.01998497,0.01998491,36210,110,1
5519.46987637,5519.47265651,0.00000000,320.33152966,0.10674704,281.84602482,0.01998490,0.01998491,36208,110,1
nan,nan,0.00000000,-1.00000000,0.00000000,282.30592783,nan,0.00000000,-2147483648,110,1
nan,nan,0.00000000,-1.00000000,0.00000000,282.43490765,nan,0.00000000,-2147483648,110,1
nan,nan,0.00000000,-1.00000000,0.00000000,282.56373546,nan,0.00000000,-2147483648,110,1
5520.08442881,5520.08252885,341.73291350,341.79940070,0.32834379,282.76951793,0.01998491,0.01998491,36204,110,0
5520.25681001,nan,0.00000000,347.84403350,0.05924842,283.02813764,0.01998499,0.01998491,36203,110,1
5520.25681001,nan,0.00000000,347.84403350,0.05924842,283.02813764,0.01998499,0.01998491,36203,110,1
5520.53847795,5520.54002149,357.75578821,357.70168401,0.18551257,283.44857073,0.01998490,0.01998491,36201,110,0
5520.70575612,5520.69253587,0.00000000,363.57437220,0.68508758,283.69826085,0.01998496,0.01998491,36200,110,1
5520.84208488,5520.84505868,0.00000000,368.35608822,0.19557486,283.90113392,0.01998490,0.01998491,36199,110,1
5520.99616866,5520.99758991,373.80740646,373.75750953,0.29465560,284.12983237,0.01998490,0.01998491,36198,110,0
5521.15339415,5521.15012956,0.00000000,379.28395275,0.22836770,284.36331148,0.01998492,0.01998491,36197,110,1
5521.45815302,5521.45523414,0.00000000,389.99367064,0.21859265,284.81429359,0.01998492,0.01998491,36195,110,1
5521.60818312,5521.60779906,395.25270225,395.26621370,0.05433128,285.03560138,0.01998491,0.01998491,36194,110,0
5521.75558648,5521.76037241,0.00000000,400.45725104,0.15370486,285.25302550,0.01998489,0.01998491,36193,110,1
5521.91112419,5521.91295419,405.99424459,405.92979271,0.10583801,285.48174294,0.01998490,0.01998491,36192,110,0
5522.07132037,5522.06554440,0.00000000,411.57687935,0.12515357,285.71721971,0.01998493,0.01998491,36191,110,1
5522.22184488,5522.21814303,0.00000000,416.88255791,0.26578299,285.93796418,0.01998492,0.01998491,36190,110,1
5522.37253170,5522.37075009,422.13132784,422.19418247,0.15599094,286.15847437,0.01998491,0.01998491,36189,110,0
5522.51561325,5522.52336558,0.00000000,427.24559304,0.32636179,286.36773445,0.01998488,0.01998491,36188,110,1
5522.67210440,5522.67598950,0.00000000,432.77050273,0.20700590,286.59610996,0.01998489,0.01998491,36187,110,1
5522.67210440,5522.67598950,0.00000000,432.77050273,0.20700590,286.59610996,0.01998489,0.01998491,36187,110,1
nan,nan,0.00000000,-1.00000000,0.00000000,286.85298329,nan,0.00000000,-2147483648,110,1
5522.98272044,5522.98126263,443.69427538,443.74582230,0.35807985,287.04823113,0.01998491,0.01998491,36185,110,0
5523.12455070,5523.13391185,0.00000000,448.76172660,0.10039078,287.25417072,0.01998487,0.01998491,36184,110,1
5523.28587184,5523.28656950,454.49568974,454.47099368,0.02085490,287.48805273,0.01998491,0.01998491,36183,110,0
5523.44606045,5523.43923558,0.00000000,460.14112854,0.22136123,287.71977787,0.01998493,0.01998491,36182,110,1
nan,nan,0.00000000,-1.00000000,0.00000000,287.95863603,nan,0.00000000,-2147483648,110,1
nan,nan,0.00000000,-1.00000000,0.00000000,288.12137159,nan,0.00000000,-2147483648,110,1
nan,nan,0.00000000,-1.00000000,0.00000000,288.32440400,nan,0.00000000,-2147483648,110,1
5524.04582018,5524.04998427,0.00000000,481.40450889,0.03163324,288.58383997,0.01998489,0.01998491,36178,110,1
5524.20653221,5524.20269254,0.00000000,487.11018907,0.20299192,288.81437245,0.01998492,0.01998491,36177,110,1
5524.34846307,5524.35540924,0.00000000,492.15188739,0.17588044,289.01761037,0.01998488,0.01998491,36176,110,1
5524.49967463,5524.50813438,0.00000000,497.52614886,0.03672715,289.23377158,0.01998488,0.01998491,36175,110,1
5524.65628980,5524.66086796,0.00000000,503.09561255,0.19894524,289.45725809,0.01998489,0.01998491,36174,110,1
5524.80342813,5524.81360999,0.00000000,508.33099263,0.21314905,289.66685026,0.01998487,0.01998491,36173,110,1
5524.97577065,5524.96636045,0.00000000,514.46678311,0.13719423,289.91188627,0.01998494,0.01998491,36172,110,1
5525.13638951,nan,0.00000000,520.18869987,0.09685446,290.13980723,0.01998497,0.01998491,36171,110,1
5525.27053560,5525.27188671,525.02383246,524.97567138,0.22340742,290.33005117,0.01998490,0.01998491,36170,110,0
5525.42790067,5525.42466251,0.00000000,530.58223317,0.16795884,290.55236262,0.01998492,0.01998491,36169,110,1
5525.57410316,5525.57744675,0.00000000,535.79916058,0.07836348,290.75873497,0.01998490,0.01998491,36168,110,1
nan,nan,0.00000000,-1.00000000,0.00000000,291.00341516,nan,0.00000000,-2147483648,110,1
5525.87790408,5525.88304056,0.00000000,546.64871344,0.11643349,291.18641203,0.01998489,0.01998491,36166,110,1
5526.03462190,5526.03585014,552.29605303,552.25213591,0.08466264,291.40649224,0.01998490,0.01998491,36165,110,0
5526.18779611,5526.18866817,557.76206352,557.73086148,0.17969464,291.62114729,0.01998491,0.01998491,36164,110,0
5526.33925648,5526.34149464,0.00000000,563.14832870,0.03517445,291.83288901,0.01998490,0.01998491,36163,110,1
5526.49100938,5526.49432957,0.00000000,568.58176611,0.19934208,292.04474197,0.01998490,0.01998491,36162,110,1
5526.64382534,5526.64717294,0.00000000,574.05638222,0.10131772,292.25768061,0.01998490,0.01998491,36161,110,1
5526.80602106,5526.80002477,0.00000000,579.87045397,0.14448316,292.48325081,0.01998493,0.01998491,36160,110,1
5526.95133624,5526.95288504,585.14515842,585.08959174,0.21377012,292.68523718,0.01998490,0.01998491,36159,110,0
5527.10002448,5527.10575377,0.00000000,590.41832764,0.08330849,292.89097483,0.01998489,0.01998491,36158,110,1
5527.26600423,5527.25863095,0.00000000,596.37828131,0.05886287,293.12049593,0.01998494,0.01998491,36157,110,1
nan,nan,0.00000000,-1.00000000,0.00000000,293.29805371,nan,0.00000000,-2147483648,110,1
5527.56727731,5527.56441068,0.00000000,607.20582889,0.08469478,293.53588276,0.01998492,0.01998491,36155,110,1
5527.72385323,5527.71731323,0.00000000,612.83792022,0.15951062,293.75114108,0.01998493,0.01998491,36154,110,1
5527.87161126,5527.87022423,618.10787111,618.15780070,0.06163404,293.95395683,0.01998491,0.01998491,36153,110,0
5528.01584322,5528.02314369,0.00000000,623.34981171,0.04154325,294.15141972,0.01998488,0.01998491,36152,110,1
5528.18101064,5528.17607160,0.00000000,629.30112923,0.11319205,294.37717951,0.01998493,0.01998491,36151,110,1
5528.32688403,5528.32900798,0.00000000,634.56034514,0.13050549,294.57616786,0.01998490,0.01998491,36150,110,1
5528.48344239,5528.48195281,640.15699975,640.21075500,0.05686992,294.78941663,0.01998492,0.01998491,36149,110,0
5528.63153369,5528.63490611,0.00000000,645.55337352,0.09212599,294.99053362,0.01998490,0.01998491,36148,110,1
5528.79107308,5528.78786786,0.00000000,651.31530646,0.14871638,295.20687316,0.01998492,0.01998491,36147,110,1
5528.94061773,5528.94083808,656.73004885,656.72208510,0.09830208,295.40934714,0.01998491,0.01998491,36146,110,0
5529.09161163,5529.09381676,0.00000000,662.17910129,0.12532413,295.61318098,0.01998490,0.01998491,36145,110,1
5529.24575193,5529.24680390,667.79413015,667.75606916,0.06491312,295.82095375,0.01998491,0.01998491,36144,110,0
5529.39860957,5529.39979950,673.33121729,673.28813946,0.23622985,296.02651261,0.01998491,0.01998491,36143,110,0
5529.54726279,5529.55280357,0.00000000,678.67370572,0.06500398,296.22610960,0.01998489,0.01998491,36142,110,1
5529.70476567,5529.70581611,684.41658319,684.37850650,0.01267251,296.43698003,0.01998491,0.01998491,36141,110,0
5529.85736791,5529.85883711,689.96530276,689.91200934,0.15686853,296.64096999,0.01998490,0.01998491,36140,110,0
5530.01464402,5530.01186658,0.00000000,695.62293572,0.02204668,296.85093366,0.01998492,0.01998491,36139,110,1
5530.16562622,5530.16490451,701.07510942,701.10132343,0.06841528,297.05180649,0.01998491,0.01998491,36138,110,0
5530.31710765,5530.31795092,706.63580717,706.60515929,0.11771331,297.25307813,0.01998491,0.01998491,36137,110,0
5530.46973920,5530.47100579,712.20008693,712.15402759,0.08409093,297.45545415,0.01998491,0.01998491,36136,110,0
5530.62349421,5530.62406913,717.76773695,717.74681857,0.06334591,297.65888065,0.01998491,0.01998491,36135,110,0
5530.77612769,5530.77714095,723.33854469,723.30165989,0.08049555,297.86037847,0.01998491,0.01998491,36134,110,0
5530.92832947,5530.93022123,728.91237613,728.84347803,0.10694762,298.06085901,0.01998490,0.01998491,36133,110,0
5531.08079494,5531.08330999,0.00000000,734.40073166,0.13026833,298.26135111,0.01998490,0.01998491,36132,110,1
5531.23772898,5531.23640722,740.06966982,740.11786096,0.10863202,298.46703933,0.01998491,0.01998491,36131,110,0
5531.38750675,5531.38951292,0.00000000,745.58613438,0.10493030,298.66323142,0.01998490,0.01998491,36130,110,1
5531.54278328,5531.54262710,751.24101103,751.24671213,0.06759687,298.86576355,0.01998491,0.01998491,36129,110,0
5531.69546083,5531.69574976,756.83240454,756.82185073,0.09597930,299.06468205,0.01998491,0.01998491,36128,110,0
5531.85128143,5531.84888089,0.00000000,762.52487123,0.07246982,299.26759139,0.01998492,0.01998491,36127,110,1
5532.00414587,5532.00202049,768.02724522,768.10498349,0.11964748,299.46556757,0.01998492,0.01998491,36126,110,0
5532.15309381,5532.15516858,0.00000000,773.56468361,0.06399439,299.65873507,0.01998490,0.01998491,36125,110,1
5532.30382345,5532.30832514,0.00000000,779.08303031,0.05043532,299.85343790,0.01998489,0.01998491,36124,110,1
5532.46141127,5532.46149018,784.84866902,784.84577750,0.05575153,300.05618445,0.01998491,0.01998491,36123,110,0
5532.61416222,5532.61466370,790.46324762,790.44486022,0.10165164,300.25260560,0.01998491,0.01998491,36122,110,0
5532.76669399,5532.76784571,796.08141230,796.03915920,0.12506695,300.44830019,0.01998491,0.01998491,36121,110,0
5532.92228357,5532.92103619,801.70316760,801.74895715,0.06987635,300.64745880,0.01998491,0.01998491,36120,110,0
5533.07216404,5533.07423515,0.00000000,807.26363716,0.06591741,300.83925870,0.01998490,0.01998491,36119,110,1
5533.22766220,5533.22744260,812.95762734,812.96569798,0.08296526,301.03700400,0.01998491,0.01998491,36118,110,0
5533.38011447,5533.38065854,818.59042124,818.57041320,0.03772120,301.23080665,0.01998491,0.01998491,36117,110,0
5533.52913236,5533.53388295,0.00000000,824.06462613,0.05982610,301.42024262,0.01998489,0.01998491,36116,110,1
5533.68269196,5533.68711585,0.00000000,829.71727671,0.04004454,301.61457724,0.01998490,0.01998491,36115,110,1
5533.83885989,5533.84035724,835.51156090,835.45639348,0.06842259,301.81129883,0.01998490,0.01998491,36114,110,0
5533.99531434,5533.99360712,841.15958292,841.22252224,0.09346284,302.00835168,0.01998492,0.01998491,36113,110,0
5534.14856818,5534.14686548,846.81142006,846.87423180,0.07318742,302.20091560,0.01998492,0.01998491,36112,110,0
5534.29901148,5534.30013233,852.46706666,852.42569378,0.11877288,302.38950580,0.01998491,0.01998491,36111,110,0
5534.45379415,5534.45340767,858.12651702,858.14079173,0.04115326,302.58307681,0.01998491,0.01998491,36110,110,0
5534.60512932,5534.60669150,863.78976877,863.73203474,0.04592320,302.77188493,0.01998490,0.01998491,36109,110,0
5534.75546786,5534.75998382,0.00000000,869.30379692,0.07778136,302.95947617,0.01998490,0.01998491,36108,110,1
5534.91384284,5534.91328463,875.12794359,875.14860041,0.07075771,303.15566013,0.01998491,0.01998491,36107,110,0
5535.06594757,5535.06659393,880.80307426,880.77913954,0.08391482,303.34407080,0.01998491,0.01998491,36106,110,0
5535.22068441,5535.21991173,886.48237387,886.51100606,0.07378318,303.53528576,0.01998491,0.01998491,36105,110,0
5535.36997393,5535.37323802,0.00000000,892.05658723,0.09863839,303.71972290,0.01998490,0.01998491,36104,110,1
5535.52740273,5535.52657280,897.85389568,897.88469276,0.07403660,303.91295891,0.01998491,0.01998491,36103,110,0
5535.67648724,5535.67991608,0.00000000,903.42671072,0.01659181,304.09614121,0.01998490,0.01998491,36102,110,1
5535.83638245,5535.83326786,0.00000000,909.36363505,0.06628602,304.29176162,0.01998492,0.01998491,36101,110,1
5535.98836650,5535.98662813,914.94278256,915.00741571,0.11709727,304.47713298,0.01998492,0.01998491,36100,110,0
5536.13872449,5536.13999690,920.64670164,920.59936661,0.10319212,304.66023451,0.01998491,0.01998491,36099,110,0
5536.29296107,5536.29337417,926.35406468,926.33868876,0.08512989,304.84757382,0.01998491,0.01998491,36098,110,0
5536.44968890,5536.44675993,0.00000000,932.17157150,0.03253688,305.03735678,0.01998492,0.01998491,36097,110,1
5536.59929643,5536.60015420,937.77847400,937.74651441,0.09132885,305.21817189,0.01998491,0.01998491,36096,110,0
5536.75262613,5536.75355697,943.49573663,943.46103488,0.02776619,305.40293007,0.01998491,0.01998491,36095,110,0
5536.90325480,5536.90696823,0.00000000,949.07573827,0.03230359,305.58388500,0.01998490,0.01998491,36094,110,1
5537.05808958,5537.06038800,0.00000000,954.85354091,0.06212434,305.76950002,0.01998490,0.01998491,36093,110,1
5537.21649214,5537.21381628,0.00000000,960.76827936,0.07682243,305.95888725,0.01998492,0.01998491,36092,110,1
5537.37001272,5537.36725306,0.00000000,966.50440005,0.00334682,306.14194907,0.01998492,0.01998491,36091,110,1
5537.52205817,5537.52069834,972.14177186,972.19263848,0.11818111,306.32289309,0.01998492,0.01998491,36090,110,0
5537.67524588,5537.67415212,977.88385282,977.92479384,0.04158034,306.50463976,0.01998492,0.01998491,36089,110,0
5537.82747562,5537.82761442,983.63000962,983.62481092,0.01952154,306.68477550,0.01998491,0.01998491,36088,110,0
5537.97968066,5537.98108521,989.38005986,989.32742015,0.07268687,306.86440220,0.01998491,0.01998491,36087,110,0
5538.13350218,5538.13456452,995.13382035,995.09398305,0.05730894,307.04544200,0.01998491,0.01998491,36086,110,0
5538.28749602,5538.28805234,1000.89111259,1000.87023949,0.07764922,307.22617955,0.01998491,0.01998491,36085,110,0
5538.44510742,5538.44154866,0.00000000,1006.77608820,0.07907578,307.41034404,0.01998493,0.01998491,36084,110,1
5538.59297090,5538.59505349,0.00000000,1012.32891792,0.00796899,307.58292076,0.01998491,0.01998491,36083,110,1
5538.74973376,5538.74856684,1018.18453387,1018.22839425,0.06812114,307.76565536,0.01998492,0.01998491,36082,110,0
5538.90519374,5538.90208869,0.00000000,1024.06529771,0.09301184,307.94582733,0.01998492,0.01998491,36081,110,1
5539.05452399,5539.05561906,1029.73282558,1029.69161301,0.06236921,308.11891071,0.01998491,0.01998491,36080,110,0
5539.20837059,5539.20915794,1035.51319634,1035.48354449,0.08264324,308.29648554,0.01998491,0.01998491,36079,110,0
5539.36393758,5539.36270534,1041.29779418,1041.34423225,0.12543450,308.47554492,0.01998492,0.01998491,36078,110,0
5539.51615754,5539.51626124,1047.08654327,1047.08263270,0.01862519,308.65026018,0.01998491,0.01998491,36077,110,0
5539.66911076,5539.66982567,1052.87936287,1052.85238614,0.09316133,308.82532329,0.01998491,0.01998491,36076,110,0
5539.82185528,5539.82339861,1058.67617187,1058.61789907,0.07548208,308.99964972,0.01998491,0.01998491,36075,110,0
5539.97814147,5539.97698006,1064.47688883,1064.52076833,0.10951710,309.17749927,0.01998492,0.01998491,36074,110,0
5540.12990009,5540.13057004,1070.28143547,1070.25610876,0.09091140,309.34969047,0.01998491,0.01998491,36073,110,0
5540.28573767,5540.28416853,1076.08979474,1076.14915022,0.09767380,309.52598891,0.01998492,0.01998491,36072,110,0
5540.43700844,5540.43777554,1081.90200182,1081.87296722,0.08149831,309.69661571,0.01998491,0.01998491,36071,110,0
5540.59247308,5540.59139107,1087.71809370,1087.75907267,0.09859791,309.87145409,0.01998492,0.01998491,36070,110,0
5540.74412869,5540.74501512,1093.53810749,1093.50451465,0.02934753,310.04150155,0.01998491,0.01998491,36069,110,0
5540.89970884,5540.89864770,1099.36208049,1099.40231968,0.08640025,310.21542862,0.01998492,0.01998491,36068,110,0
5541.05094476,5541.05228879,1105.19005483,1105.13905630,0.08448782,310.38399325,0.01998491,0.01998491,36067,110,0
5541.20932697,5541.20593841,0.00000000,1111.15466421,0.06924618,310.56010297,0.01998493,0.01998491,36066,110,1
5541.35954909,5541.35959655,1116.85845050,1116.85664728,0.07203928,310.72641748,0.01998491,0.01998491,36065,110,0
5541.51289740,5541.51326322,1122.69915475,1122.68524553,0.07954645,310.89580746,0.01998491,0.01998491,36064,110,0
5541.66637689,5541.66693841,1128.54438670,1128.52302070,0.04658179,311.06483800,0.01998491,0.01998491,36063,110,0
5541.82105988,5541.82062212,1134.39428969,1134.41095913,0.09104253,311.23468597,0.01998491,0.01998491,36062,110,0
5541.97421232,5541.97431437,1140.24898093,1140.24509210,0.06596940,311.40235251,0.01998491,0.01998491,36061,110,0
5542.12758286,5542.12801514,1146.10835181,1146.09186666,0.04354059,311.56975361,0.01998491,0.01998491,36060,110,0
5542.28133387,5542.28172444,1151.97217936,1151.95727447,0.06396854,311.73705548,0.01998491,0.01998491,36059,110,0
5542.43703224,5542.43544227,1157.84023879,1157.90095442,0.03655504,311.90594318,0.01998492,0.01998491,36058,110,0
5542.58802772,5542.58916862,1163.71230432,1163.66871102,0.08708307,312.06920937,0.01998491,0.01998491,36057,110,0
5542.74433526,5542.74290351,1169.58814918,1169.64288688,0.06513312,312.23767165,0.01998492,0.01998491,36056,110,0
5542.89712826,5542.89664693,1175.46760180,1175.48601395,0.03542645,312.40180145,0.01998492,0.01998491,36055,110,0
5543.05439057,5543.05039888,0.00000000,1181.51149203,0.06744541,312.57039325,0.01998493,0.01998491,36054,110,1
5543.20647105,5543.20415937,0.00000000,1187.33574036,0.04245667,312.73271731,0.01998492,0.01998491,36053,110,1
5543.35576176,5543.35792839,0.00000000,1193.05689562,0.06067378,312.89155788,0.01998491,0.01998491,36052,110,1
5543.51110381,5543.51170594,1199.02531710,1199.00222267,0.01988484,313.05598120,0.01998491,0.01998491,36051,110,0
5543.66281155,5543.66549203,0.00000000,1204.83543551,0.08403138,313.21666859,0.01998490,0.01998491,36050,110,1
5543.82290872,5543.81928665,0.00000000,1210.98308438,0.06752665,313.38533637,0.01998493,0.01998491,36049,110,1
5543.97490775,5543.97308981,1216.74182337,1216.81170903,0.08283545,313.54460534,0.01998492,0.01998491,36048,110,0
5544.12685729,5544.12690151,1222.65679708,1222.65509583,0.06019647,313.70364620,0.01998491,0.01998491,36047,110,0
5544.28290258,5544.28072175,0.00000000,1228.67060721,0.10196590,313.86671106,0.01998492,0.01998491,36046,110,1
5544.43631761,5544.43455053,0.00000000,1234.57761358,0.02719213,314.02618202,0.01998492,0.01998491,36045,110,1
5544.58562035,5544.58838784,0.00000000,1240.33011234,0.05871808,314.18085998,0.01998490,0.01998491,36044,110,1
5544.74243478,5544.74223370,1246.35995536,1246.36771131,0.04867163,314.34254378,0.01998491,0.01998491,36043,110,0
5544.89819871,5544.89608810,0.00000000,1252.38574115,0.05400089,314.50303039,0.01998492,0.01998491,36042,110,1
5545.04980586,5545.04995104,1258.23650225,1258.23089529,0.10478238,314.65826321,0.01998491,0.01998491,36041,110,0
5545.20509964,5545.20382252,1264.18123169,1264.23058943,0.10143068,314.81694033,0.01998492,0.01998491,36040,110,0
5545.35666540,5545.35770255,1270.13039023,1270.09027923,0.05613678,314.97126914,0.01998491,0.01998491,36039,110,0
5545.51183085,5545.51159112,1276.08407037,1276.09334835,0.07456606,315.12871240,0.01998492,0.01998491,36038,110,0
5545.66619823,5545.66548823,1282.04231014,1282.06980796,0.06578514,315.28479215,0.01998492,0.01998491,36037,110,0
5545.81778092,5545.81939390,1288.00508466,1287.94257137,0.06299606,315.43751658,0.01998491,0.01998491,36036,110,0
5545.97274897,5545.97330810,1293.97236544,1293.95067998,0.06332002,315.59309659,0.01998491,0.01998491,36035,110,0
5546.12862547,5546.12723086,1299.94412387,1299.99824938,0.03987200,315.74901981,0.01998492,0.01998491,36034,110,0
5546.28105997,5546.28116217,1305.92033120,1305.91636218,0.05856034,315.90094587,0.01998491,0.01998491,36033,110,0
5546.43595822,5546.43510202,1311.90095804,1311.93423307,0.03875764,316.05476375,0.01998492,0.01998491,36032,110,0
5546.58945178,5546.58905042,1317.88596956,1317.90157806,0.05814368,316.20662368,0.01998492,0.01998492,36031,110,0
5546.74306171,5546.74300738,1323.87532742,1323.87744160,0.05484089,316.35803503,0.01998492,0.01998492,36030,110,0
5546.89825786,5546.89697289,1329.86899306,1329.91903200,0.06642553,316.51043459,0.01998492,0.01998492,36029,110,0
5547.05262581,5547.05094694,0.00000000,1335.93573914,0.01686652,316.66152957,0.01998492,0.01998492,36028,110,1
5547.20475037,5547.20492956,1341.86909253,1341.86210577,0.05665229,316.80969527,0.01998491,0.01998492,36027,110,0
5547.35969864,5547.35892072,1347.87547338,1347.90582581,0.08718833,316.96011946,0.01998492,0.01998492,36026,110,0
5547.51288354,5547.51292044,1353.88617652,1353.88473578,0.06369085,317.10825916,0.01998491,0.01998492,36025,110,0
5547.66749162,5547.66692871,1359.90134478,1359.92333798,0.06016839,317.25719979,0.01998492,0.01998492,36024,110,0
5547.82232905,5547.82094555,1365.92112161,1365.97521591,0.06132791,317.40578390,0.01998492,0.01998492,36023,110,0
5547.97524501,5547.97497093,1371.94565114,1371.95637550,0.04446726,317.55195875,0.01998492,0.01998492,36022,110,0
5548.12730806,5548.12900488,1377.97507764,1377.90863283,0.04798838,317.69676281,0.01998491,0.01998492,36021,110,0
5548.28569932,5548.28304738,0.00000000,1384.12091822,0.01330610,317.84718557,0.01998493,0.01998492,36020,110,1
5548.43679331,5548.43709845,1390.04872685,1390.03676026,0.06025162,317.98975867,0.01998491,0.01998492,36019,110,0
5548.59331211,5548.59115807,0.00000000,1396.18384836,0.03903076,318.13721045,0.01998492,0.01998492,36018,110,1
5548.74425835,5548.74522625,1402.14138028,1402.10336767,0.07871931,318.27853433,0.01998491,0.01998492,36017,110,0
5548.89934974,5548.89930300,1408.19453955,1408.19637658,0.04894072,318.42331424,0.01998492,0.01998492,36016,110,0
5549.05245408,5549.05338831,1414.25209929,1414.21535988,0.04468361,318.56565175,0.01998491,0.01998492,36015,110,0
5549.20627995,5549.20748218,1420.31401071,1420.26670061,0.06648397,318.70806947,0.01998491,0.01998492,36014,110,0
5549.36154720,5549.36158461,1426.38028676,1426.37881354,0.07967547,318.85122002,0.01998492,0.01998492,36013,110,0
5549.51863450,5549.51569561,0.00000000,1432.57299522,0.07906734,318.99557732,0.01998493,0.01998492,36012,110,1
5549.66910004,5549.66981517,1438.52599388,1438.49779568,0.01621816,319.13298254,0.01998491,0.01998492,36011,110,0
5549.82639824,5549.82394330,0.00000000,1444.71058887,0.05745499,319.27635859,0.01998493,0.01998492,36010,110,1
5549.97880747,5549.97808000,1450.68936729,1450.71809112,0.08611155,319.41430736,0.01998492,0.01998492,36009,110,0
5550.13326821,5550.13222526,1456.77791017,1456.81912034,0.02900750,319.55370954,0.01998492,0.01998492,36008,110,0
5550.28808156,5550.28637910,0.00000000,1462.95103651,0.06791283,319.69311228,0.01998492,0.01998492,36007,110,1
5550.44041350,5550.44054150,1468.96983506,1468.96476956,0.05326604,319.82914140,0.01998491,0.01998492,36006,110,0
5550.59414999,5550.59471247,1475.07369252,1475.05141380,0.08901743,319.96612692,0.01998491,0.01998492,36005,110,0
5550.75024848,5550.74889201,1481.18313102,1481.23690591,0.06697294,320.10462279,0.01998492,0.01998492,36004,110,0
5550.90439151,5550.90308012,1487.29820947,1487.35024106,0.05326743,320.24079528,0.01998492,0.01998492,36003,110,0
5551.05662221,5551.05727680,1493.41860596,1493.39261382,0.08998953,320.37469549,0.01998491,0.01998492,36002,110,0
5551.21090454,5551.21148206,1499.54394867,1499.52100034,0.07461789,320.50979922,0.01998491,0.01998492,36001,110,0
5551.36541036,5551.36569589,1505.67386406,1505.66251097,0.06453566,320.64448225,0.01998492,0.01998492,36000,110,0
5551.52164881,5551.51991829,1511.80797678,1511.87682765,0.04539934,320.78003819,0.01998492,0.01998492,35999,110,0
5551.67443846,5551.67414926,1517.94593576,1517.95744809,0.04523209,320.91197288,0.01998492,0.01998492,35998,110,0
5551.82746157,5551.82838881,1524.08777497,1524.05084060,0.02029486,321.04348506,0.01998491,0.01998492,35997,110,0
5551.98302077,5551.98263694,1530.23382502,1530.24912397,0.07598700,321.17654229,0.01998492,0.01998492,35996,110,0
5552.13760503,5552.13689364,1536.38442559,1536.41280046,0.07245136,321.30813754,0.01998492,0.01998492,35995,110,0
5552.29163619,5552.29115893,1542.53991799,1542.55896913,0.06035559,321.43864476,0.01998492,0.01998492,35994,110,0
5552.44659836,5552.44543278,1548.70064514,1548.74721041,0.03570022,321.56932456,0.01998492,0.01998492,35993,110,0
5552.59979353,5552.59971522,1554.86686134,1554.86999224,0.02673452,321.69791001,0.01998492,0.01998492,35992,110,0
5552.75385657,5552.75400624,1561.03846995,1561.03248082,0.03689430,321.82661398,0.01998492,0.01998492,35991,110,0
5552.90697086,5552.90830583,1567.21528797,1567.16182681,0.04223851,321.95391366,0.01998491,0.01998492,35990,110,0
5553.06357678,5553.06261401,1573.39713149,1573.43571573,0.05786246,322.08347961,0.01998492,0.01998492,35989,110,0
5553.21716192,5553.21693077,1579.58381572,1579.59308609,0.07401052,322.20991536,0.01998492,0.01998492,35988,110,0
5553.37193322,5553.37125611,1585.77515951,1585.80233347,0.07017718,322.33668993,0.01998492,0.01998492,35987,110,0
5553.52451947,5553.52559003,1591.97112216,1591.92812768,0.03153779,322.46104559,0.01998491,0.01998492,35986,110,0
5553.68087088,5553.67993254,1598.17182835,1598.20953990,0.05775246,322.58782263,0.01998492,0.01998492,35985,110,0
5553.83465520,5553.83428363,1604.37741278,1604.39235700,0.09343036,322.71188007,0.01998492,0.01998492,35984,110,0
5553.98849676,5553.98864331,1610.58801081,1610.58211236,0.08928519,322.83535138,0.01998492,0.01998492,35983,110,0
5554.14211693,5554.14301157,1616.80375840,1616.76772076,0.05893641,322.95801476,0.01998491,0.01998492,35982,110,0
5554.29578924,5554.29738842,1623.02476630,1622.96029815,0.06880431,323.08008994,0.01998491,0.01998492,35981,110,0
5554.45183132,5554.45177386,1629.25100361,1629.25332190,0.02431742,323.20340043,0.01998492,0.01998492,35980,110,0
5554.60687896,5554.60616788,1635.48239078,1635.51110119,0.09076947,323.32527561,0.01998492,0.01998492,35979,110,0
5554.76106943,5554.76057049,1641.71884779,1641.73900802,0.04968751,323.44583150,0.01998492,0.01998492,35978,110,0
5554.91526663,5554.91498169,1647.96029423,1647.97181605,0.03349651,323.56574546,0.01998492,0.01998492,35977,110,0
5555.07037112,5555.06940148,1654.20665105,1654.24588783,0.05928985,323.68570866,0.01998492,0.01998492,35976,110,0
5555.22413707,5555.22382986,1660.45791779,1660.47035794,0.08227109,323.80398500,0.01998492,0.01998492,35975,110,0
5555.37824774,5555.37826684,1666.71420340,1666.71342948,0.05027430,323.92187578,0.01998492,0.01998492,35974,110,0
5555.53312269,5555.53271240,1672.97562540,1672.99226531,0.05533052,324.03969522,0.01998492,0.01998492,35973,110,0
5555.68815541,5555.68716656,1679.24230186,1679.28243877,0.03808000,324.15697636,0.01998492,0.01998492,35972,110,0
5555.84206901,5555.84162931,1685.51435143,1685.53221318,0.07676152,324.27275956,0.01998492,0.01998492,35971,110,0
5555.99783417,5555.99610065,1691.79186591,1691.86234245,0.06751613,324.38927455,0.01998492,0.01998492,35970,110,0
5556.15117024,5556.15058059,1698.07478015,1698.09877128,0.05265072,324.50331979,0.01998492,0.01998492,35969,110,0
5556.30512396,5556.30506913,1704.36297267,1704.36520511,0.05261380,324.61716869,0.01998492,0.01998492,35968,110,0
5556.46054178,5556.45956626,1710.65632130,1710.69607336,0.08262296,324.73142966,0.01998492,0.01998492,35967,110,0
5556.61516479,5556.61407199,1716.95470325,1716.99926732,0.04092777,324.84443352,0.01998492,0.01998492,35966,110,0
5556.76991433,5556.76858632,1723.25799796,1723.31219285,0.06380179,324.95685391,0.01998492,0.01998492,35965,110,0
5556.92166848,5556.92310924,1729.56618783,1729.50734958,0.05128911,325.06643949,0.01998491,0.01998492,35964,110,0
5557.07824499,5557.07764076,1735.87938609,1735.90408018,0.02718000,325.17882380,0.01998492,0.01998492,35963,110,0
5557.23195960,5557.23218089,1742.19771490,1742.18866401,0.04168347,325.28847884,0.01998492,0.01998492,35962,110,0
5557.38768258,5557.38672961,1748.52129702,1748.56030441,0.09384138,325.39888472,0.01998492,0.01998492,35961,110,0
5557.54121528,5557.54128694,1754.85025581,1754.84732019,0.06636237,325.50706599,0.01998492,0.01998492,35960,110,0
5557.69631124,5557.69585286,1761.18469197,1761.20348466,0.06618621,325.61567127,0.01998492,0.01998492,35959,110,0
5557.85014701,5557.85042739,1767.52460325,1767.51309849,0.06607786,325.72271938,0.01998492,0.01998492,35958,110,0
5558.00620423,5558.00501053,1773.86995864,1773.91897759,0.04530526,325.83062413,0.01998492,0.01998492,35957,110,0
5558.15924293,5558.15960226,1780.22072699,1780.20595923,0.04118434,325.93576509,0.01998492,0.01998492,35956,110,0
5558.31600332,5558.31420261,0.00000000,1786.65793744,0.06420508,326.04288140,0.01998493,0.01998492,35955,110,1
5558.46835951,5558.46881155,1792.93837721,1792.91977019,0.03394133,326.14608136,0.01998492,0.01998492,35954,110,0
5558.62303434,5558.62342911,1799.30519934,1799.28893741,0.08024323,326.25028259,0.01998492,0.01998492,35953,110,0
5558.77767710,5558.77805527,1805.67731761,1805.66172753,0.06907352,326.35376804,0.01998492,0.01998492,35952,110,0
5558.93330334,5558.93269003,1812.05470620,1812.08000984,0.04148606,326.45720847,0.01998492,0.01998492,35951,110,0
5559.08838966,5559.08733341,1818.43733917,1818.48095083,0.04787536,326.55958590,0.01998492,0.01998492,35950,110,0
5559.24323616,5559.24198539,1824.82519048,1824.87687274,0.05884074,326.66110135,0.01998492,0.01998492,35949,110,0
5559.39626138,5559.39664599,1831.21825982,1831.20235532,0.06435034,326.76073010,0.01998492,0.01998492,35948,110,0
5559.55107753,5559.55131519,1837.61661390,1837.60677834,0.04645565,326.86082322,0.01998492,0.01998492,35947,110,0
5559.70611871,5559.70599301,1844.02033045,1844.02553652,0.05317443,326.96035381,0.01998492,0.01998492,35946,110,0
5559.86277347,5559.86067944,0.00000000,1850.52370044,0.05328180,327.06031338,0.01998493,0.01998492,35945,110,1
5560.01521215,5560.01537448,1856.84416377,1856.83742963,0.04028160,327.15666250,0.01998492,0.01998492,35944,110,0
5560.16942697,5560.17007813,1863.26443837,1863.23740352,0.08320993,327.25354969,0.01998492,0.01998492,35943,110,0
5560.32579005,5560.32479040,1869.69039467,1869.73193244,0.04610251,327.35106741,0.01998492,0.01998492,35942,110,0
5560.48108274,5560.47951128,0.00000000,1876.19620770,0.04303855,327.44732953,0.01998493,0.01998492,35941,110,1
5560.63417264,5560.63424078,1882.55969448,1882.55685823,0.07455787,327.54126807,0.01998492,0.01998492,35940,110,0
5560.78910842,5560.78897889,1889.00321013,1889.00860606,0.02419802,327.63576099,0.01998492,0.01998492,35939,110,0
5560.94361739,5560.94372562,1895.45274759,1895.44823452,0.09471334,327.72928185,0.01998492,0.01998492,35938,110,0
5561.09891891,5561.09848097,1901.90825296,1901.92652885,0.05867576,327.82256315,0.01998492,0.01998492,35937,110,0
5561.25409230,5561.25324494,1908.36950711,1908.40489814,0.06971356,327.91504187,0.01998492,0.01998492,35936,110,0
5561.40804186,5561.40801752,1914.83627993,1914.83729723,0.03035519,328.00606910,0.01998492,0.01998492,35935,110,0
5561.56438175,5561.56279873,0.00000000,1921.37528400,0.07043931,328.09777834,0.01998493,0.01998492,35934,110,1
5561.71952756,5561.71758855,0.00000000,1927.86671038,0.02509921,328.18802426,0.01998493,0.01998492,35933,110,1
5561.87268466,5561.87238700,1934.26751387,1934.27998259,0.08500120,328.27639073,0.01998492,0.01998492,35932,110,0
5562.02754211,5562.02719407,1940.75476045,1940.76935110,0.03250785,328.36500336,0.01998492,0.01998492,35931,110,0
5562.18292668,5562.18200976,1947.24750541,1947.28597574,0.05599913,328.45317588,0.01998492,0.01998492,35930,110,0
5562.33780622,5562.33683407,1953.74606081,1953.78688326,0.06284374,328.54032455,0.01998492,0.01998492,35929,110,0
5562.49293463,5562.49166701,1960.25074031,1960.30401877,0.04179761,328.62687740,0.01998492,0.01998492,35928,110,0
5562.64760678,5562.64650857,1966.76180547,1966.80800666,0.09380786,328.71244359,0.01998492,0.01998492,35927,110,0
5562.80117239,5562.80135876,1973.27913226,1973.27128507,0.03629680,328.79667045,0.01998492,0.01998492,35926,110,0
5562.95740819,5562.95621757,1979.80242655,1979.85260113,0.06540775,328.88161211,0.01998492,0.01998492,35925,110,0
5563.11197044,5563.11108501,1986.33139192,1986.36873493,0.06299202,328.96489380,0.01998492,0.01998492,35924,110,0
5563.26455795,5563.26596108,1992.86573035,1992.80650959,0.04344175,329.04637388,0.01998492,0.01998492,35923,110,0
5563.42069565,5563.42084577,1999.40515403,1999.39881352,0.06008828,329.12898553,0.01998492,0.01998492,35922,110,0
nan,nan,0.00000000,-1.00000000,0.00000000,329.21087268,nan,0.00000000,-2147483648,110,1
nan,nan,0.00000000,-1.00000000,0.00000000,329.24781096,nan,0.00000000,-2147483648,110,1
nan,nan,0.00000000,-1.00000000,0.00000000,329.29679323,nan,0.00000000,-2147483648,110,1
5563.88576904,5563.88555163,2019.05420843,2019.06341138,0.01705625,329.37045739,0.01998492,0.01998492,35919,110,0
5564.04088280,5564.04047085,2025.61468465,2025.63213671,0.04731454,329.44946393,0.01998492,0.01998492,35918,110,0
5564.19549134,5564.19539870,2032.18082779,2032.18475601,0.07225364,329.52745119,0.01998492,0.01998492,35917,110,0
5564.35074076,5564.35033517,2038.75280748,2038.77001877,0.07389017,329.60499612,0.01998492,0.01998492,35916,110,0
5564.50609380,5564.50528029,2045.33080419,2045.36535608,0.07849325,329.68182477,0.01998492,0.01998492,35915,110,0
5564.66011135,5564.66023403,2051.91500031,2051.90978497,0.05415822,329.75723439,0.01998492,0.01998492,35914,110,0
5564.81574051,5564.81519641,2058.50557924,2058.52873062,0.05742511,329.83266562,0.01998492,0.01998492,35913,110,0
5564.96972278,5564.97016743,2065.10272531,2065.08378741,0.03882558,329.90653907,0.01998492,0.01998492,35912,110,0
5565.12292023,5565.12514708,0.00000000,2071.62969999,0.06002941,329.97948542,0.01998491,0.01998492,35911,110,1
5565.28206975,5565.28013537,2078.31698684,2078.39952916,0.06649600,330.05406076,0.01998493,0.01998492,35910,110,0
5565.43580648,5565.43513229,2084.93386951,2084.96266368,0.03286980,330.12551815,0.01998492,0.01998492,35909,110,0
5565.59059264,5565.59013786,2091.55706740,2091.57650847,0.09200125,330.19668997,0.01998492,0.01998492,35908,110,0
5565.74691383,5565.74515206,2098.18644000,2098.26181724,0.09004074,330.26777613,0.01998493,0.01998492,35907,110,0
5565.90085997,5565.90017490,2104.82185932,2104.85119472,0.02843990,330.33700127,0.01998492,0.01998492,35906,110,0
5566.05567563,5566.05520639,2111.46327757,2111.48338800,0.05668230,330.40583310,0.01998492,0.01998492,35905,110,0
5566.21009894,5566.21024651,2118.11067703,2118.10434741,0.07016666,330.47370456,0.01998492,0.01998492,35904,110,0
5566.36623132,5566.36529527,2124.76403992,2124.80422417,0.08008049,330.54152672,0.01998492,0.01998492,35903,110,0
5566.52178415,5566.52035268,2131.42334833,2131.48485198,0.04369705,330.60829431,0.01998493,0.01998492,35902,110,0
5566.67566611,5566.67541873,2138.08859286,2138.09923053,0.06323566,330.67355394,0.01998492,0.01998492,35901,110,0
5566.83159357,5566.83049342,2144.75985687,2144.80720511,0.04653240,330.73887739,0.01998492,0.01998492,35900,110,0
5566.98664005,5566.98557676,2151.43728080,2151.48308296,0.02787117,330.80302873,0.01998492,0.01998492,35899,110,0
5567.14176313,5567.14066875,2158.12100665,2158.16819069,0.07797442,330.86640943,0.01998492,0.01998492,35898,110,0
5567.29658830,5567.29576938,2164.81117721,2164.84651746,0.03235481,330.92886715,0.01998492,0.01998492,35897,110,0
5567.45070251,5567.45087865,2171.50793028,2171.50032213,0.03616932,330.99024194,0.01998492,0.01998492,35896,110,0
5567.60635952,5567.60599658,2178.21129260,2178.22698423,0.07858064,331.05142264,0.01998492,0.01998492,35895,110,0
5567.76154256,5567.76112315,2184.92118952,2184.93933937,0.02111155,331.11160509,0.01998492,0.01998492,35894,110,0
5567.91647569,5567.91625837,2191.63754232,2191.64695504,0.04433879,331.17087870,0.01998492,0.01998492,35893,110,0
5568.07189688,5568.07140224,2198.36027179,2198.38171515,0.07173394,331.22952082,0.01998492,0.01998492,35892,110,0
5568.22772704,5568.22655476,2205.08929810,2205.14016270,0.08975490,331.28749141,0.01998493,0.01998492,35891,110,0
5568.38166706,5568.38171593,2211.82453545,2211.82241351,0.05219987,331.34394387,0.01998492,0.01998492,35890,110,0
5568.53669057,5568.53688575,2218.56589056,2218.55740729,0.05772279,331.39997200,0.01998492,0.01998492,35889,110,0
5568.69285225,5568.69206422,2225.31326917,2225.34754791,0.06769974,331.45557475,0.01998493,0.01998492,35888,110,0
5568.84865324,5568.84725135,2232.06657647,2232.12760791,0.03331792,331.51020916,0.01998493,0.01998492,35887,110,0
5569.00400429,5569.00244713,0.00000000,2238.88982179,0.08752101,331.56381805,0.01998493,0.01998492,35886,110,1
5569.15712474,5569.15765157,2245.59071129,2245.56773874,0.06534294,331.61589449,0.01998492,0.01998492,35885,110,0
5569.31216365,5569.31286466,2252.36175171,2252.33115744,0.04902764,331.66776234,0.01998492,0.01998492,35884,110,0
5569.46894046,5569.46808641,2259.13905523,2259.17636147,0.06649536,331.71936039,0.01998493,0.01998492,35883,110,0
5569.62425631,5569.62331681,2265.92283839,2265.96391473,0.03917872,331.76963281,0.01998493,0.01998492,35882,110,0
5569.78253475,5569.77855587,0.00000000,2272.88788649,0.12842129,331.82000137,0.01998494,0.01998492,35881,110,1
5569.93265037,5569.93380359,2279.51063592,2279.46011967,0.06520825,331.86695700,0.01998492,0.01998492,35880,110,0
5570.09046285,5570.08905997,2286.31477370,2286.37628467,0.06072317,331.91547146,0.01998493,0.01998492,35879,110,0
5570.24481046,5570.24432501,2293.12569527,2293.14700054,0.03720321,331.96207315,0.01998492,0.01998492,35878,110,0
5570.39986145,5570.39959870,2299.94336392,2299.95490563,0.08711527,332.00804051,0.01998492,0.01998492,35877,110,0
5570.55477610,5570.55488106,2306.76774259,2306.76312742,0.04971957,332.05311718,0.01998492,0.01998492,35876,110,0
5570.71136185,5570.71017208,2313.59877133,2313.65113151,0.05055873,332.09781346,0.01998493,0.01998492,35875,110,0
5570.86641408,5570.86547176,2320.43633647,2320.47784369,0.07562476,332.14121026,0.01998493,0.01998492,35874,110,0
5571.02146103,5571.02078011,2327.28031597,2327.31033530,0.05478726,332.18374492,0.01998493,0.01998492,35873,110,0
5571.17852337,5571.17609712,0.00000000,2334.23731342,0.07508485,332.22594979,0.01998493,0.01998492,35872,110,1
5571.33719522,nan,0.00000000,2341.24237548,0.18532605,332.26769040,0.01998494,0.01998492,35871,110,1
5571.48622627,5571.48675713,2347.84962205,2347.82615890,0.07261988,332.30605905,0.01998492,0.01998492,35870,110,0
5571.64037167,5571.64210013,0.00000000,2354.64536819,0.04661935,332.34491938,0.01998492,0.01998492,35869,110,1
5571.79791348,5571.79745180,2361.59441488,2361.61485816,0.05439721,332.38371051,0.01998492,0.01998492,35868,110,0
5571.95275503,5571.95281214,2368.47725011,2368.47471867,0.03717875,332.42097773,0.01998492,0.01998492,35867,110,0
5572.10831545,5572.10818115,2375.36747259,2375.37343185,0.06981763,332.45754182,0.01998492,0.01998492,35866,110,0
5572.26450985,5572.26355882,2382.26526358,2382.30750512,0.08516570,332.49336951,0.01998493,0.01998492,35865,110,0
5572.42027176,5572.41894517,2389.17044043,2389.22942193,0.04715773,332.52821064,0.01998493,0.01998492,35864,110,0
5572.57610368,5572.57434018,0.00000000,2396.16577893,0.08804922,332.56219866,0.01998493,0.01998492,35863,110,1
5572.72927850,5572.72974387,2403.00198415,2402.98125452,0.04923129,332.59469170,0.01998492,0.01998492,35862,110,0
5572.88449115,5572.88515622,2409.92786383,2409.89821219,0.07360607,332.62675377,0.01998492,0.01998492,35861,110,0
5573.04034312,5573.04057725,2416.86024185,2416.84979392,0.08970501,332.65804788,0.01998492,0.01998492,35860,110,0
5573.19462945,5573.19600696,2423.79916830,2423.73764428,0.07852906,332.68813710,0.01998492,0.01998492,35859,110,0
5573.35160200,5573.35144533,2430.74472463,2430.75172826,0.05144544,332.71783877,0.01998492,0.01998492,35858,110,0
5573.50831134,5573.50689238,2437.69699279,2437.76048421,0.05541290,332.74657146,0.01998493,0.01998492,35857,110,0
5573.66172965,5573.66234811,2444.65605541,2444.62835698,0.05773439,332.77380891,0.01998492,0.01998492,35856,110,0
5573.81806646,5573.81781251,2451.62204120,2451.63342555,0.02938528,332.80065474,0.01998492,0.01998492,35855,110,0
5573.97351528,5573.97328559,2458.59517635,2458.60548327,0.06276554,332.82643579,0.01998492,0.01998492,35854,110,0
5574.12808670,5574.12876734,2465.57570079,2465.54512688,0.04497090,332.85116748,0.01998492,0.01998492,35853,110,0
5574.28375622,5574.28425778,2472.56385587,2472.54130270,0.02995558,332.87516200,0.01998492,0.01998492,35852,110,0
5574.44018840,5574.43975689,2479.55988178,2479.57930632,0.05060574,332.89834910,0.01998493,0.01998492,35851,110,0
5574.59596685,5574.59526468,2486.56379902,2486.59544052,0.05316833,332.92051495,0.01998493,0.01998492,35850,110,0
5574.75124578,5574.75078115,2493.57524093,2493.59619881,0.03920341,332.94168766,0.01998493,0.01998492,35849,110,0
5574.90735474,nan,0.00000000,2500.63664929,0.08013261,332.96202890,0.01998493,0.01998492,35848,110,1
5575.06204148,5575.06184014,2507.61906400,2507.62816233,0.05410392,332.98128454,0.01998493,0.01998492,35847,110,0
5575.21703109,5575.21738266,2514.65062845,2514.63472879,0.03681192,332.99963775,0.01998492,0.01998492,35846,110,0
5575.37271248,5575.37293386,2521.68838497,2521.67836463,0.04742193,333.01713572,0.01998492,0.01998492,35845,110,0
5575.52849725,5575.52849374,2528.73263392,2528.73279284,0.05074966,333.03370350,0.01998493,0.01998492,35844,110,0
5575.68392397,5575.68406231,2535.78370671,2535.77743372,0.05784097,333.04929265,0.01998492,0.01998492,35843,110,0
5575.83973638,5575.83963956,2542.84193679,2542.84633123,0.06841894,333.06397562,0.01998493,0.01998492,35842,110,0
5575.99574793,5575.99522550,2549.90765006,2549.93138759,0.06708564,333.07772745,0.01998493,0.01998492,35841,110,0
5576.14972629,5576.15082013,2556.98095723,2556.93120686,0.08148238,333.09036545,0.01998492,0.01998492,35840,110,0
5576.30651615,5576.30642344,2564.06175369,2564.06597473,0.08545420,333.10227712,0.01998493,0.01998492,35839,110,0
5576.46190879,5576.46203544,2571.14992488,2571.14415316,0.10412190,333.11312677,0.01998492,0.01998492,35838,110,0
5576.61813148,5576.61765613,2578.24535550,2578.26703907,0.05143781,333.12307222,0.01998493,0.01998492,35837,110,0
5576.77359455,5576.77328551,2585.34793904,2585.36204958,0.05735158,333.13200876,0.01998493,0.01998492,35836,110,0
5576.92916536,5576.92892358,2592.45768822,2592.46873840,0.03755240,333.13998964,0.01998493,0.01998492,35835,110,0
5577.08472433,5577.08457034,2599.57469745,2599.58174203,0.01815880,333.14700525,0.01998493,0.01998492,35834,110,0
5577.24076486,5577.24022579,2606.69906331,2606.72374878,0.06548379,333.15307083,0.01998493,0.01998492,35833,110,0
5577.39744101,5577.39588994,2613.83088295,2613.90198157,0.06673805,333.15817918,0.01998493,0.01998492,35832,110,0
5577.55154828,5577.55156278,2620.97025515,2620.96959007,0.09079224,333.16224120,0.01998492,0.01998493,35831,110,0
5577.70795576,5577.70724431,2628.11728663,2628.14996462,0.08345830,333.16538496,0.01998493,0.01998493,35830,110,0
5577.86271994,5577.86293453,2635.27208793,2635.26222099,0.02680250,333.16752221,0.01998492,0.01998493,35829,110,0
5578.02027801,5578.01863346,2642.43477027,2642.51046585,0.03403496,333.16870038,0.01998493,0.01998493,35828,110,0
5578.17550487,5578.17434107,2649.60544554,2649.65906994,0.05958712,333.16887378,0.01998493,0.01998493,35827,110,0
5578.33036353,nan,0.00000000,2656.80898856,0.05537429,333.16806534,0.01998493,0.01998493,35826,110,1
5578.48599177,5578.48578240,2663.97094804,2663.98061575,0.06806897,333.16626814,0.01998493,0.01998493,35825,110,0
5578.64166432,5578.64151611,2671.16562261,2671.17247355,0.07934406,333.16347403,0.01998493,0.01998493,35824,110,0
5578.79809459,5578.79725852,2678.36812100,2678.40680627,0.07070695,333.15966149,0.01998493,0.01998493,35823,110,0
5578.95281392,5578.95300962,2685.57834905,2685.56928492,0.05181456,333.15489702,0.01998492,0.01998493,35822,110,0
5579.10860174,5579.10876943,2692.79627597,2692.78850132,0.05823496,333.14909837,0.01998492,0.01998493,35821,110,0
5579.26598356,5579.26453794,2700.02200411,2700.08909812,0.06930815,333.14221715,0.01998493,0.01998493,35820,110,0
5579.42114167,5579.42031515,2707.25565308,2707.29405342,0.07912052,333.13442334,0.01998493,0.01998493,35819,110,0
5579.57699533,5579.57610106,2714.49734326,2714.53893559,0.01410295,333.12558209,0.01998493,0.01998493,35818,110,0
5579.73208319,5579.73189568,2721.74719025,2721.75592041,0.06491527,333.11577382,0.01998493,0.01998493,35817,110,0
5579.88766093,5579.88769900,2729.00516116,2729.00338658,0.04011759,333.10491883,0.01998493,0.01998493,35816,110,0
5580.04469728,5580.04351103,2736.27105998,2736.32640634,0.03852554,333.09292763,0.01998493,0.01998493,35815,110,0
5580.19950373,5580.19933176,2743.54468118,2743.55271269,0.03445277,333.08008689,0.01998493,0.01998493,35814,110,0
5580.35484769,5580.35516119,2750.82581782,2750.81116271,0.05695022,333.06618133,0.01998493,0.01998493,35813,110,0
5580.51061849,5580.51099933,2758.11429458,2758.09647443,0.06349106,333.05120892,0.01998492,0.01998493,35812,110,0
5580.66897571,5580.66684618,0.00000000,2765.50960120,0.06106891,333.03492985,0.01998493,0.01998493,35811,110,1
5580.82310744,5580.82270174,2772.71394379,2772.73296563,0.03551829,333.01805470,0.01998493,0.01998493,35810,110,0
5580.97989341,5580.97856601,2780.02570490,2780.08800825,0.07609914,332.99984496,0.01998493,0.01998493,35809,110,0
5581.13431631,5581.13443899,2787.34582040,2787.34005593,0.03710118,332.98087585,0.01998493,0.01998493,35808,110,0
5581.29120920,5581.29032067,2794.67452381,2794.71632085,0.02868263,332.96054877,0.01998493,0.01998493,35807,110,0
5581.44584617,5581.44621107,2802.01180260,2801.99461853,0.09024325,332.93947072,0.01998493,0.01998493,35806,110,0
5581.60209244,5581.60211018,2809.35758640,2809.35674997,0.02532790,332.91711838,0.01998493,0.01998493,35805,110,0
5581.75844377,5581.75801800,2816.71180434,2816.73189869,0.06283812,332.89368657,0.01998493,0.01998493,35804,110,0
5581.91478073,5581.91393454,2824.07438547,2824.11436531,0.08287723,332.86918932,0.01998493,0.01998493,35803,110,0
5582.07171861,5582.06985979,0.00000000,2831.52913909,0.05942672,332.84353553,0.01998493,0.01998493,35802,110,1
5582.22754999,5582.22579375,0.00000000,2838.90221290,0.06698872,332.81698347,0.01998493,0.01998493,35801,110,1
5582.38236004,5582.38173643,2846.21196901,2846.24152710,0.09737100,332.78952074,0.01998493,0.01998493,35800,110,0
5582.53710519,5582.53768783,2853.60773991,2853.58009470,0.05852207,332.76103131,0.01998493,0.01998493,35799,110,0
5582.69278010,5582.69364794,2861.01177733,2860.97055568,0.08663633,332.73130029,0.01998492,0.01998493,35798,110,0
5582.84910006,5582.84961677,2868.42401731,2868.39944843,0.06277368,332.70036294,0.01998493,0.01998493,35797,110,0
5583.00586788,5583.00559432,2875.84436474,2875.85738581,0.09446482,332.66824426,0.01998493,0.01998493,35796,110,0
5583.16130521,nan,0.00000000,2883.24829127,0.07474542,332.63536634,0.01998493,0.01998493,35795,110,1
5583.31591530,5583.31757557,2890.70899621,2890.62981192,0.06245975,332.60148922,0.01998492,0.01998493,35794,110,0
5583.47542116,5583.47357928,0.00000000,2898.23093217,0.05389668,332.56551736,0.01998493,0.01998493,35793,110,1
5583.62963398,5583.62959171,2905.60545887,2905.60747928,0.04475401,332.52955411,0.01998493,0.01998493,35792,110,0
5583.78462203,5583.78561286,2913.06619250,2913.01878623,0.07402360,332.49237594,0.01998492,0.01998493,35791,110,0
5583.94284950,5583.94164273,2920.53566554,2920.59346910,0.03938985,332.45329569,0.01998493,0.01998493,35790,110,0
5584.09545394,5584.09768133,0.00000000,2927.90185724,0.08571587,332.41455232,0.01998492,0.01998493,35789,110,1
5584.25394247,5584.25372865,2935.50180049,2935.51206619,0.03077300,332.37312679,0.01998493,0.01998493,35788,110,0
5584.41097227,5584.40978469,2942.99833714,2943.05541759,0.06536005,332.33097596,0.01998493,0.01998493,35787,110,0
5584.56525986,5584.56584946,2950.50357064,2950.47520093,0.06203583,332.28845798,0.01998493,0.01998493,35786,110,0
5584.72374246,5584.72192296,0.00000000,2958.10031300,0.04846970,332.24367086,0.01998493,0.01998493,35785,110,1
5584.87830896,5584.87800518,2965.53930362,2965.55395146,0.01713692,332.19882085,0.01998493,0.01998493,35784,110,0
5585.03442777,5585.03409613,2973.06977275,2973.08578129,0.05849373,332.15242605,0.01998493,0.01998493,35783,110,0
5585.19114342,5585.19019581,2980.60895598,2980.65474870,0.07823926,332.10471491,0.01998493,0.01998493,35782,110,0
5585.34658668,5585.34630422,2988.15712092,2988.17078662,0.07753635,332.05625889,0.01998493,0.01998493,35781,110,0
5585.50232250,5585.50242136,2995.71453575,2995.70974740,0.06033119,332.00657574,0.01998493,0.01998493,35780,110,0
5585.65965940,5585.65854723,3003.28135006,3003.33528509,0.04821855,331.95522268,0.01998493,0.01998493,35779,110,0
5585.81576840,5585.81468183,3010.85749938,3010.91025446,0.03829717,331.90311586,0.01998493,0.01998493,35778,110,0
5585.97186624,5585.97082516,3018.44289642,3018.49350150,0.03425249,331.84985998,0.01998493,0.01998493,35777,110,0
5586.12635281,5586.12697722,3026.03745324,3026.00706741,0.04780083,331.79601609,0.01998493,0.01998493,35776,110,0
5586.28357917,5586.28313802,3033.64109706,3033.66258964,0.09298728,331.74005229,0.01998493,0.01998493,35775,110,0
5586.43858680,5586.43930755,3041.25389619,3041.21874146,0.07676208,331.68372389,0.01998493,0.01998493,35774,110,0
5586.59643701,5586.59548582,3048.87599389,3048.92244303,0.05801530,331.62518009,0.01998493,0.01998493,35773,110,0
5586.75247998,5586.75167282,3056.50753510,3056.54699796,0.03174448,331.56612917,0.01998493,0.01998493,35772,110,0
5586.90790344,5586.90786856,3064.14866469,3064.15037212,0.07234952,331.50614437,0.01998493,0.01998493,35771,110,0
5587.06669150,5587.06407303,0.00000000,3071.92045328,0.05237565,331.44371206,0.01998494,0.01998493,35770,110,1
5587.22045718,5587.22028625,3079.45932054,3079.46770682,0.03910827,331.38197470,0.01998493,0.01998493,35769,110,0
5587.37573132,5587.37650820,3087.12813394,3087.08997732,0.06053204,331.31852841,0.01998493,0.01998493,35768,110,0
5587.53433973,5587.53273889,0.00000000,3094.87255582,0.04518302,331.25261246,0.01998493,0.01998493,35767,110,1
5587.69002463,5587.68897832,3102.49089173,3102.54238646,0.03788186,331.18652957,0.01998493,0.01998493,35766,110,0
5587.84696865,5587.84522649,0.00000000,3110.26075775,0.05550400,331.11890457,0.01998493,0.01998493,35765,110,1
5588.00123493,5588.00148340,3117.88756409,3117.87530815,0.09133271,331.05108482,0.01998493,0.01998493,35764,110,0
5588.15910083,5588.15774906,3125.59986599,3125.66662215,0.07543128,330.98055573,0.01998493,0.01998493,35763,110,0
5588.31477192,5588.31402346,3133.32221062,3133.35921989,0.03585521,330.90979440,0.01998493,0.01998493,35762,110,0
5588.47065055,5588.47030660,3141.05487516,3141.07190402,0.03447053,330.83772565,0.01998493,0.01998493,35761,110,0
5588.62767311,5588.62659848,3148.79763508,3148.85090519,0.05156882,330.76389902,0.01998493,0.01998493,35760,110,0
5588.78417768,5588.78289911,3156.55021060,3156.61366587,0.03438307,330.68908746,0.01998493,0.01998493,35759,110,0
5588.93833754,5588.93920849,3164.31231980,3164.26904528,0.05501849,330.61419681,0.01998493,0.01998493,35758,110,0
5589.09383147,5589.09552661,0.00000000,3171.99340886,0.06330309,330.53751058,0.01998492,0.01998493,35757,110,1
5589.25246269,5589.25185348,3179.86451937,3179.89485929,0.08512902,330.45790195,0.01998493,0.01998493,35756,110,0
5589.41016547,5589.40818910,0.00000000,3187.74801761,0.07186455,330.37761361,0.01998494,0.01998493,35755,110,1
5589.56724315,5589.56453346,0.00000000,3195.58521097,0.05467559,330.29632983,0.01998494,0.01998493,35754,110,1
5589.72336214,5589.72088658,0.00000000,3203.38391659,0.04261996,330.21429673,0.01998494,0.01998493,35753,110,1
5589.87774011,5589.87724844,3211.08577178,3211.11037732,0.04592312,330.13189424,0.01998493,0.01998493,35752,110,0
5590.03303125,5590.03361906,3218.91607283,3218.88662072,0.06485749,330.04782633,0.01998493,0.01998493,35751,110,0
5590.18971522,5590.18999842,3226.75613670,3226.74193017,0.05338472,329.96174859,0.01998493,0.01998493,35750,110,0
5590.34652175,5590.34638654,3234.60578812,3234.61257870,0.05843646,329.87433897,0.01998493,0.01998493,35749,110,0
5590.50369595,5590.50278342,3242.46492525,3242.51080797,0.05635218,329.78545249,0.01998493,0.01998493,35748,110,0
5590.66032912,5590.65918904,3250.33372461,3250.39111675,0.05226907,329.69559959,0.01998493,0.01998493,35747,110,0
5590.81581757,5590.81560342,3258.21242907,3258.22322243,0.07968730,329.60514073,0.01998493,0.01998493,35746,110,0
5590.97364992,5590.97202656,0.00000000,3266.18051709,0.07484870,329.51205671,0.01998494,0.01998493,35745,110,1
5591.12823066,5591.12845845,3274.00052024,3273.98901034,0.02918351,329.41955840,0.01998493,0.01998493,35744,110,0
5591.28547361,5591.28489909,3281.91020933,3281.93927564,0.05167448,329.32420581,0.01998493,0.01998493,35743,110,0
5591.44302338,5591.44134850,0.00000000,3289.91365304,0.08528627,329.22737374,0.01998494,0.01998493,35742,110,1
5591.59669392,5591.59780666,3297.76078265,3297.70434565,0.09615739,329.13162147,0.01998493,0.01998493,35741,110,0
5591.75524198,5591.75427358,3305.70158236,3305.75075994,0.05252109,329.03153290,0.01998493,0.01998493,35740,110,0
5591.91091365,5591.91074926,3313.65267381,3313.66103202,0.06525400,328.93195638,0.01998493,0.01998493,35739,110,0
5592.06684465,5592.06723371,3321.61403135,3321.59422523,0.06168995,328.83091546,0.01998493,0.01998493,35738,110,0
5592.22373628,5592.22372691,3329.58563009,3329.58610785,0.06373229,328.72793695,0.01998493,0.01998493,35737,110,0
5592.37919009,5592.38022887,3337.56744490,3337.51443330,0.09252581,328.62459772,0.01998493,0.01998493,35736,110,0
5592.53729191,5592.53673960,3345.55949854,3345.58771924,0.07055739,328.51816226,0.01998493,0.01998493,35735,110,0
5592.69323373,5592.69325909,3353.56201096,3353.56071380,0.06053347,328.41185447,0.01998493,0.01998493,35734,110,0
5592.84973787,5592.84978734,3361.57525416,3361.57271991,0.06850624,328.30383134,0.01998493,0.01998493,35733,110,0
5593.00653808,5593.00632436,3369.59950221,3369.61046522,0.05476494,328.19425791,0.01998493,0.01998493,35732,110,0
5593.16624655,5593.16287014,0.00000000,3377.80862712,0.06254341,328.08125676,0.01998494,0.01998493,35731,110,1
5593.31923599,5593.31942469,3385.68171438,3385.67200932,0.06476332,327.97169331,0.01998493,0.01998493,35730,110,0
5593.47698302,5593.47598800,3393.73941867,3393.79066177,0.07212961,327.85736474,0.01998493,0.01998493,35729,110,0
5593.63383552,5593.63256008,3401.80789490,3401.87366251,0.06362736,327.74231930,0.01998494,0.01998493,35728,110,0
5593.78949101,5593.78914094,3409.88692456,3409.90499862,0.02464538,327.62680523,0.01998493,0.01998493,35727,110,0
5593.94577485,5593.94573055,3417.97643615,3417.97872573,0.04068119,327.50947249,0.01998493,0.01998493,35726,110,0
5594.10405444,5594.10232894,0.00000000,3426.15955973,0.05200177,327.38934750,0.01998494,0.01998493,35725,110,1
5594.25947613,5594.25893610,3434.18734902,3434.21533510,0.05891765,327.26984404,0.01998493,0.01998493,35724,110,0
5594.41419527,5594.41555203,3442.30899064,3442.23858775,0.04616998,327.14962556,0.01998493,0.01998493,35723,110,0
5594.57120983,5594.57217674,3450.44159247,3450.39135442,0.07664298,327.02624300,0.01998493,0.01998493,35722,110,0
5594.72942209,5594.72881021,3458.58530513,3458.61713905,0.07822049,326.90050622,0.01998493,0.01998493,35721,110,0
5594.88670078,5594.88545246,3466.74028319,3466.80531605,0.07961861,326.77409888,0.01998494,0.01998493,35720,110,0
5595.04421519,5595.04210348,0.00000000,3475.00865313,0.03542580,326.64621219,0.01998494,0.01998493,35719,110,1
5595.19888563,5595.19876328,3483.08461509,3483.09100639,0.06854210,326.51899329,0.01998493,0.01998493,35718,110,0
5595.35545418,5595.35543185,3491.27399123,3491.27515937,0.07050945,326.38894055,0.01998493,0.01998493,35717,110,0
5595.51291871,5595.51210920,3499.47466262,3499.51706152,0.08149547,326.25671855,0.01998494,0.01998493,35716,110,0
5595.66956207,5595.66879532,3507.68647970,3507.72669070,0.05471319,326.12376642,0.01998493,0.01998493,35715,110,0
5595.82751018,5595.82549022,0.00000000,3516.00198156,0.08263767,325.98849130,0.01998494,0.01998493,35714,110,1
5595.98390907,5595.98219390,0.00000000,3524.21963761,0.07439526,325.85290762,0.01998494,0.01998493,35713,110,1
5596.13685184,5596.13890636,0.00000000,3532.26629333,0.06329419,325.71893832,0.01998492,0.01998493,35712,110,1
5596.29635400,5596.29562760,3540.64212985,3540.68041424,0.07046919,325.57757454,0.01998493,0.01998493,35711,110,0
5596.45465929,5596.45235762,0.00000000,3549.02052896,0.08240347,325.43616708,0.01998494,0.01998493,35710,110,1
5596.60707289,5596.60909642,0.00000000,3557.07172327,0.07513973,325.29844350,0.01998492,0.01998493,35709,110,1
5596.76559353,5596.76584401,3565.47112132,3565.45786868,0.07726816,325.15372220,0.01998493,0.01998493,35708,110,0
5596.92322062,5596.92260037,3573.77130054,3573.80416769,0.10186630,325.00840466,0.01998493,0.01998493,35707,110,0
5597.08017897,5597.07936552,3582.08480625,3582.12797914,0.06247150,324.86220385,0.01998493,0.01998493,35706,110,0
5597.23786878,5597.23613945,0.00000000,3590.50622038,0.08566165,324.71376227,0.01998494,0.01998493,35705,110,1
5597.39397771,5597.39292217,3598.75111732,3598.80730121,0.05193913,324.56541743,0.01998494,0.01998493,35704,110,0
5597.54955897,5597.54971368,3607.10214032,3607.09389544,0.06900672,324.41607116,0.01998493,0.01998493,35703,110,0
5597.70513915,5597.70651397,0.00000000,3615.39184620,0.04408052,324.26525924,0.01998493,0.01998493,35702,110,1
5597.86452402,5597.86332304,3623.83606336,3623.90022621,0.09498808,324.10931352,0.01998494,0.01998493,35701,110,0
5598.02009610,5598.02014091,3632.21982449,3632.21742752,0.04768112,323.95559130,0.01998493,0.01998493,35700,110,0
5598.17705330,5598.17696756,3640.61629661,3640.62089088,0.08218650,323.79898991,0.01998493,0.01998493,35699,110,0
5598.33410711,5598.33380300,3649.02665027,3649.04297206,0.04509026,323.64074673,0.01998493,0.01998493,35698,110,0
5598.49060260,5598.49064723,3657.45142762,3657.44902806,0.05935325,323.48151296,0.01998493,0.01998493,35697,110,0
5598.64775131,5598.64750026,3665.88979524,3665.90331134,0.06843663,323.32006499,0.01998493,0.01998493,35696,110,0
5598.80631946,5598.80436207,0.00000000,3674.44495531,0.08690309,323.15562501,0.01998494,0.01998493,35695,110,1
5598.96076249,5598.96123268,3682.80320982,3682.77782974,0.08817520,322.99392298,0.01998493,0.01998493,35694,110,0
5599.11748651,5599.11811208,3691.27663762,3691.24282769,0.08020869,322.82836238,0.01998493,0.01998493,35693,110,0
5599.27506602,5599.27500027,3699.76162445,3699.76518295,0.03040762,322.66036279,0.01998493,0.01998493,35692,110,0
5599.43304572,5599.43189726,3708.25898439,3708.32122943,0.10735024,322.49037058,0.01998494,0.01998493,35691,110,0
5599.58690020,5599.58880304,0.00000000,3716.65883710,0.10307981,322.32343872,0.01998493,0.01998493,35690,110,1
5599.74659379,5599.74571762,3725.29382161,3725.34145573,0.11141569,322.14825767,0.01998494,0.01998493,35689,110,0
5599.90038609,5599.90264099,0.00000000,3733.69641465,0.08120879,321.97839627,0.01998492,0.01998493,35688,110,1
5600.05787657,5600.05957317,0.00000000,3742.27425768,0.09529780,321.80268696,0.01998493,0.01998493,35687,110,1
5600.21852883,5600.21651413,0.00000000,3751.03708154,0.06167260,321.62181224,0.01998494,0.01998493,35686,110,1
5600.37306420,5600.37346390,3759.51895570,3759.49710492,0.06834791,321.44586904,0.01998493,0.01998493,35685,110,0
5600.52949702,5600.53042247,3768.10538191,3768.05472106,0.05239830,321.26657929,0.01998493,0.01998493,35684,110,0
5600.68992060,5600.68738984,0.00000000,3776.82428291,0.06789314,321.08147611,0.01998494,0.01998493,35683,110,1
5600.84489659,5600.84436601,3785.31532165,3785.34444847,0.06423160,320.90030705,0.01998494,0.01998493,35682,110,0
5601.00086694,5601.00135098,3793.93938106,3793.91277105,0.08499868,320.71679313,0.01998493,0.01998493,35681,110,0
5601.15920732,5601.15834475,3802.57637970,3802.62386857,0.08472242,320.52886451,0.01998494,0.01998493,35680,110,0
5601.31546801,5601.31534733,3811.22641839,3811.23307231,0.07546815,320.34179110,0.01998493,0.01998493,35679,110,0
5601.47499909,5601.47235871,0.00000000,3820.02316854,0.07908572,320.14941068,0.01998494,0.01998493,35678,110,1
5601.62902079,5601.62937889,3828.56599789,3828.54619574,0.06434317,319.96154854,0.01998493,0.01998493,35677,110,0
5601.78484847,5601.78640788,0.00000000,3837.16044500,0.10971380,319.77034946,0.01998493,0.01998493,35676,110,1
5601.94694824,5601.94344568,0.00000000,3846.14597150,0.04204383,319.56949008,0.01998495,0.01998493,35675,110,1
5602.10243299,5602.10049228,0.00000000,3854.77782966,0.02092553,319.37517260,0.01998494,0.01998493,35674,110,1
5602.25584728,5602.25754769,0.00000000,3863.30729331,0.05591089,319.18184851,0.01998493,0.01998493,35673,110,1
5602.41600091,5602.41461190,3872.14672223,3872.22410319,0.05375981,318.97835224,0.01998494,0.01998493,35672,110,0
5602.56820197,5602.57168493,0.00000000,3880.71221497,0.14782799,318.78331801,0.01998492,0.01998493,35671,110,1
5602.73028815,5602.72876677,0.00000000,3889.76453685,0.11207469,318.57390061,0.01998494,0.01998493,35670,110,1
5602.88584281,5602.88585741,3898.46453138,3898.46371370,0.04603692,318.37127396,0.01998493,0.01998493,35669,110,0
5603.04273970,5603.04295687,3907.26690391,3907.25472632,0.10063324,318.16513647,0.01998493,0.01998493,35668,110,0
5603.19780698,5603.20006514,0.00000000,3915.95452987,0.10687529,317.95978136,0.01998493,0.01998493,35667,110,1
5603.35890008,5603.35718222,0.00000000,3925.00642706,0.06006141,317.74468425,0.01998494,0.01998493,35666,110,1
5603.51515670,5603.51430812,3933.75413201,3933.80191979,0.09183334,317.53428334,0.01998494,0.01998493,35665,110,0
5603.67214618,5603.67144283,3942.60998501,3942.64965688,0.06442727,317.32124509,0.01998494,0.01998493,35664,110,0
5603.82879714,5603.82858635,3951.48095184,3951.49286172,0.18534021,317.10692663,0.01998493,0.01998493,35663,110,0
5603.98495107,5603.98573869,3960.36822799,3960.32364565,0.12073245,316.89152445,0.01998493,0.01998493,35662,110,0
5604.14585484,5604.14289985,0.00000000,3969.43202000,0.09008839,316.66790290,0.01998494,0.01998493,35661,110,1
5604.30078804,5604.30006982,3978.19031322,3978.23109834,0.09212661,316.45047961,0.01998494,0.01998493,35660,110,0
5604.45659691,5604.45724861,3987.12197593,3987.08491916,0.07279690,316.23032092,0.01998493,0.01998493,35659,110,0
5604.61745388,5604.61443622,0.00000000,3996.22138569,0.12898524,316.00168126,0.01998495,0.01998493,35658,110,1
5604.77158628,5604.77163265,4005.02045968,4005.01781641,0.10886296,315.78015815,0.01998494,0.01998493,35657,110,0
5604.92999970,5604.92883790,4013.98940211,4014.05574016,0.09210881,315.55113166,0.01998494,0.01998493,35656,110,0
5605.08732209,5605.08605196,4022.97408006,4023.04673444,0.12778052,315.32186597,0.01998494,0.01998493,35655,110,0
5605.24406934,5605.24327485,4031.97629153,4032.02182611,0.09676587,315.09158630,0.01998494,0.01998493,35654,110,0
5605.40320612,5605.40050657,0.00000000,4041.13908448,0.14875008,314.85620831,0.01998494,0.01998493,35653,110,1
5605.55665409,5605.55774710,0.00000000,4049.95281085,0.09778106,314.62727811,0.01998493,0.01998493,35652,110,1
5605.71478064,5605.71499646,4059.08138388,4059.06895429,0.12507918,314.38905833,0.01998494,0.01998493,35651,110,0
5605.87139117,5605.87225464,4068.14476238,4068.09496245,0.12574358,314.15175828,0.01998493,0.01998493,35650,110,0
5606.03034799,5606.02952165,4077.22164722,4077.26937603,0.14106941,313.90909413,0.01998494,0.01998493,35649,110,0
5606.18657459,5606.18679748,4086.31268337,4086.29978964,0.14334812,313.66880049,0.01998494,0.01998493,35648,110,0
nan,nan,0.00000000,-1.00000000,0.00000000,313.43594517,nan,0.00000000,-2147483648,110,1
nan,nan,0.00000000,-1.00000000,0.00000000,306.50284504,nan,0.00000000,-2147483648,109,1
5561.10892580,5561.09848097,0.00000000,13.48076872,0.23420008,306.72692046,0.01998496,0.01998492,35937,109,1
nan,nan,0.00000000,-1.00000000,0.00000000,306.90264626,nan,0.00000000,-2147483648,109,1
nan,nan,0.00000000,-1.00000000,0.00000000,307.00240844,nan,0.00000000,-2147483648,109,1
nan,nan,0.00000000,-1.00000000,0.00000000,307.15191060,nan,0.00000000,-2147483648,109,1
5561.56759530,5561.56279873,0.00000000,28.88956113,0.19514772,307.49460443,0.01998494,0.01998492,35934,109,1
5561.56759530,5561.56279873,0.00000000,28.88956113,0.19514772,307.49460443,0.01998494,0.01998492,35934,109,1
nan,nan,0.00000000,-1.00000000,0.00000000,307.74822600,nan,0.00000000,-2147483648,109,1
5561.87375753,5561.87238700,39.13622894,39.18236076,0.02212345,308.00491510,0.01998492,0.01998492,35932,109,0
5561.87375753,5561.87238700,39.13622894,39.18236076,0.02212345,308.00491510,0.01998492,0.01998492,35932,109,0
5562.02990685,5562.02719407,0.00000000,44.44411540,0.17610578,308.26501968,0.01998493,0.01998492,35931,109,1
5562.32564371,5562.33683407,0.00000000,54.40661396,0.14660256,308.75606935,0.01998488,0.01998492,35929,109,1
5562.32564371,5562.33683407,0.00000000,54.40661396,0.14660256,308.75606935,0.01998488,0.01998492,35929,109,1
5562.32564371,5562.33683407,0.00000000,54.40661396,0.14660256,308.75606935,0.01998488,0.01998492,35929,109,1
nan,nan,0.00000000,-1.00000000,0.00000000,309.03094763,nan,0.00000000,-2147483648,109,1
nan,nan,0.00000000,-1.00000000,0.00000000,309.12909162,nan,0.00000000,-2147483648,109,1
nan,nan,0.00000000,-1.00000000,0.00000000,309.22716034,nan,0.00000000,-2147483648,109,1
5562.80870371,5562.80135876,0.00000000,70.70034164,0.13209319,309.55515876,0.01998495,0.01998492,35926,109,1
5562.80870371,5562.80135876,0.00000000,70.70034164,0.13209319,309.55515876,0.01998495,0.01998492,35926,109,1
5562.94496837,5562.95621757,0.00000000,75.30127756,0.33010166,309.77989675,0.01998488,0.01998492,35925,109,1
nan,nan,0.00000000,-1.00000000,0.00000000,310.00900003,nan,0.00000000,-2147483648,109,1
nan,nan,0.00000000,-1.00000000,0.00000000,310.10639121,nan,0.00000000,-2147483648,109,1
nan,nan,0.00000000,-1.00000000,0.00000000,310.44666747,nan,0.00000000,-2147483648,109,1
5563.57214530,5563.57573910,0.00000000,96.50449024,0.21123795,310.81044303,0.01998491,0.01998492,35921,109,1
5563.74791154,nan,0.00000000,102.45460499,0.17958969,311.09811771,0.01998498,0.01998492,35920,109,1
nan,nan,0.00000000,-1.00000000,0.00000000,311.31742833,nan,0.00000000,-2147483648,109,1
nan,nan,0.00000000,-1.00000000,0.00000000,311.55822394,nan,0.00000000,-2147483648,109,1
5564.20360649,5564.19539870,0.00000000,117.89720437,0.03830350,311.84162322,0.01998495,0.01998492,35917,109,1
nan,nan,0.00000000,-1.00000000,0.00000000,312.27778683,nan,0.00000000,-2147483648,109,1
nan,nan,0.00000000,-1.00000000,0.00000000,312.37340849,nan,0.00000000,-2147483648,109,1
nan,nan,0.00000000,-1.00000000,0.00000000,312.85038709,nan,0.00000000,-2147483648,109,1
nan,nan,0.00000000,-1.00000000,0.00000000,312.99311351,nan,0.00000000,-2147483648,109,1
5565.13510012,5565.12514708,0.00000000,149.53692383,0.08673397,313.35093852,0.01998496,0.01998492,35911,109,1
nan,nan,0.00000000,-1.00000000,0.00000000,313.60963632,nan,0.00000000,-2147483648,109,1
5565.43389705,5565.43513229,159.74353438,159.70146947,0.12137055,313.83181914,0.01998492,0.01998492,35909,109,0
nan,nan,0.00000000,-1.00000000,0.00000000,314.08171906,nan,0.00000000,-2147483648,109,1
nan,nan,0.00000000,-1.00000000,0.00000000,314.17590963,nan,0.00000000,-2147483648,109,1
nan,nan,0.00000000,-1.00000000,0.00000000,314.27002486,nan,0.00000000,-2147483648,109,1
nan,nan,0.00000000,-1.00000000,0.00000000,314.41105646,nan,0.00000000,-2147483648,109,1
nan,nan,0.00000000,-1.00000000,0.00000000,314.59883492,nan,0.00000000,-2147483648,109,1
5565.89064842,5565.90017490,0.00000000,175.27319550,0.21955642,314.56473776,0.01998489,0.01998492,35906,109,1
nan,nan,0.00000000,-1.00000000,0.00000000,314.97348781,nan,0.00000000,-2147483648,109,1
nan,nan,0.00000000,-1.00000000,0.00000000,315.06696269,nan,0.00000000,-2147483648,109,1
nan,nan,0.00000000,-1.00000000,0.00000000,315.20703374,nan,0.00000000,-2147483648,109,1
nan,nan,0.00000000,-1.00000000,0.00000000,315.34693527,nan,0.00000000,-2147483648,109,1
nan,nan,0.00000000,-1.00000000,0.00000000,315.44010878,nan,0.00000000,-2147483648,109,1
nan,nan,0.00000000,-1.00000000,0.00000000,315.57972778,nan,0.00000000,-2147483648,109,1
5566.67165645,5566.67541873,0.00000000,201.94589833,0.16122557,315.80953809,0.01998491,0.01998492,35901,109,1
5566.86940166,nan,0.00000000,208.71045303,0.32994526,316.12310586,0.01998506,0.01998492,35900,109,1
5566.99268737,5566.98557676,0.00000000,212.93017101,0.09245759,316.31827234,0.01998495,0.01998492,35899,109,1
nan,nan,0.00000000,-1.00000000,0.00000000,316.55231375,nan,0.00000000,-2147483648,109,1
nan,nan,0.00000000,-1.00000000,0.00000000,316.73662631,nan,0.00000000,-2147483648,109,1
nan,nan,0.00000000,-1.00000000,0.00000000,316.82866955,nan,0.00000000,-2147483648,109,1
5567.45674548,5567.45087865,0.00000000,228.82948483,0.24570950,317.05061957,0.01998494,0.01998492,35896,109,1
5567.59625026,5567.60599658,0.00000000,233.61405860,0.11336911,317.27007228,0.01998489,0.01998492,35895,109,1
5567.75863203,5567.76112315,0.00000000,239.18612217,0.24449014,317.52510093,0.01998491,0.01998492,35894,109,1
5567.92983455,5567.91625837,0.00000000,245.06422824,0.14831728,317.79350282,0.01998497,0.01998492,35893,109,1
5568.04695253,nan,0.00000000,249.08737529,0.16268228,317.97682961,0.01998483,0.01998492,35892,109,1
5568.22419165,5568.22655476,0.00000000,255.17883996,0.17172843,318.25382503,0.01998491,0.01998492,35891,109,1
5568.38359704,5568.38171593,260.58570874,260.65040598,0.21877518,318.50203589,0.01998493,0.01998492,35890,109,0
5568.83937616,5568.84725135,0.00000000,276.35078635,0.08553759,319.21113229,0.01998489,0.01998492,35887,109,1
5568.83937616,5568.84725135,0.00000000,276.35078635,0.08553759,319.21113229,0.01998489,0.01998492,35887,109,1
nan,nan,0.00000000,-1.00000000,0.00000000,319.46513850,nan,0.00000000,-2147483648,109,1
5569.15295303,5569.15765157,0.00000000,287.16006228,0.08167378,319.69662534,0.01998491,0.01998492,35885,109,1
5569.32076801,5569.31286466,0.00000000,292.94962501,0.11396637,319.95575497,0.01998495,0.01998492,35884,109,1
5569.47025263,5569.46808641,298.02128089,298.09607438,0.11005732,320.18556970,0.01998493,0.01998492,35883,109,0
5569.63019565,5569.62331681,0.00000000,303.63363381,0.15902763,320.43229188,0.01998495,0.01998492,35882,109,1
nan,nan,0.00000000,-1.00000000,0.00000000,320.67083519,nan,0.00000000,-2147483648,109,1
5569.94677138,5569.93380359,0.00000000,314.57637320,0.32490754,320.91813853,0.01998497,0.01998492,35880,109,1
5569.94677138,nan,0.00000000,314.57637320,0.32490754,320.91813853,0.01998497,0.01998492,35880,109,1
5570.22889251,nan,0.00000000,324.33835104,0.37257385,321.34965556,0.01998487,0.01998492,35878,109,1
5570.39065870,5570.39959870,0.00000000,329.94014422,0.26590503,321.59646518,0.01998489,0.01998492,35877,109,1
5570.55169030,5570.55488106,0.00000000,335.51965333,0.24348685,321.84170494,0.01998491,0.01998492,35876,109,1
5570.71303617,5570.71017208,0.00000000,341.11321290,0.24801324,322.08697316,0.01998493,0.01998492,35875,109,1
5570.86753190,5570.86547176,346.39085873,346.46235050,0.10897185,322.32097210,0.01998493,0.01998492,35874,109,0
5570.86753190,5570.86547176,346.39085873,346.46235050,0.10897185,322.32097210,0.01998493,0.01998492,35874,109,0
5571.18460127,5571.17609712,0.00000000,357.47969007,0.11424124,322.80122767,0.01998495,0.01998492,35872,109,1
5571.32558726,5571.33142279,0.00000000,362.37813237,0.20015727,323.01402012,0.01998490,0.01998492,35871,109,1
5571.49209753,5571.48675713,0.00000000,368.16653549,0.15038132,323.26489002,0.01998494,0.01998492,35870,109,1
5571.65030200,5571.64210013,0.00000000,373.66936025,0.06145846,323.50279712,0.01998495,0.01998492,35869,109,1
5571.65030200,5571.64210013,0.00000000,373.66936025,0.06145846,323.50279712,0.01998495,0.01998492,35869,109,1
5571.96335466,5571.95281214,0.00000000,384.56735612,0.22081595,323.97227186,0.01998496,0.01998492,35867,109,1
5572.11016207,5572.10818115,389.60948731,389.67852489,0.17573679,324.19168436,0.01998493,0.01998492,35866,109,0
5572.26146982,5572.26355882,0.00000000,394.95660425,0.25040876,324.41774496,0.01998492,0.01998492,35865,109,1
5572.42325474,5572.41894517,0.00000000,400.59938450,0.10453526,324.65884464,0.01998494,0.01998492,35864,109,1
5572.57912990,5572.57434018,0.00000000,406.03911783,0.18072038,324.89070024,0.01998494,0.01998492,35863,109,1
5572.73518578,5572.72974387,0.00000000,411.48818775,0.01529079,325.12239426,0.01998494,0.01998492,35862,109,1
5572.88635849,5572.88515622,416.72516884,416.76718589,0.16309986,325.34632276,0.01998493,0.01998492,35861,109,0
5573.04390853,5573.04057725,0.00000000,422.27694297,0.03718244,325.57947919,0.01998494,0.01998492,35860,109,1
5573.19811846,5573.19600696,0.00000000,427.67049272,0.07059759,325.80716345,0.01998493,0.01998492,35859,109,1
5573.36066001,5573.35144533,0.00000000,433.35867128,0.07153854,326.04669074,0.01998496,0.01998492,35858,109,1
5573.51229408,5573.50689238,0.00000000,438.66813215,0.00943686,326.26971963,0.01998494,0.01998492,35857,109,1
5573.65449861,5573.66234811,0.00000000,443.65004681,0.01400063,326.47850607,0.01998490,0.01998492,35856,109,1
5573.81986444,5573.81781251,0.00000000,449.44658756,0.05254979,326.72084327,0.01998493,0.01998492,35855,109,1
5573.96929306,5573.97328559,0.00000000,454.68745441,0.19397461,326.93940368,0.01998491,0.01998492,35854,109,1
5574.13253198,5574.12876734,0.00000000,460.41591467,0.20779241,327.17770553,0.01998494,0.01998492,35853,109,1
5574.28880245,5574.28425778,0.00000000,465.90299926,0.04788907,327.40538574,0.01998494,0.01998492,35852,109,1
5574.43906067,5574.43975689,471.21046770,471.18599796,0.15262592,327.62406092,0.01998492,0.01998492,35851,109,0
5574.60140889,5574.59526468,0.00000000,476.88878113,0.10411769,327.85952091,0.01998495,0.01998492,35850,109,1
5574.75420166,5574.75078115,0.00000000,482.26283541,0.04469884,328.08084659,0.01998494,0.01998492,35849,109,1
5574.90345286,5574.90630631,0.00000000,487.51520326,0.21648040,328.29663417,0.01998491,0.01998492,35848,109,1
nan,nan,0.00000000,-1.00000000,0.00000000,328.56233664,nan,0.00000000,-2147483648,109,1
5575.21598584,5575.21738266,498.57972951,498.53050027,0.05230645,328.74749462,0.01998492,0.01998492,35846,109,0
5575.37043511,5575.37293386,0.00000000,503.96742092,0.12713591,328.96918600,0.01998492,0.01998492,35845,109,1
5575.52589137,5575.52849374,0.00000000,509.45050560,0.11410295,329.19219481,0.01998492,0.01998492,35844,109,1
5575.68615063,5575.68406231,0.00000000,515.10625676,0.21200432,329.42163193,0.01998493,0.01998492,35843,109,1
5575.84895302,5575.83963956,0.00000000,520.85515373,0.05312017,329.65422907,0.01998496,0.01998492,35842,109,1
5575.98671734,5575.99522550,0.00000000,525.72258210,0.19708950,329.85067489,0.01998489,0.01998492,35841,109,1
5576.14267487,5576.15082013,0.00000000,531.23577349,0.10522870,330.07264322,0.01998490,0.01998492,35840,109,1
5576.30662360,5576.30642344,537.03137539,537.03845623,0.10670895,330.30564724,0.01998493,0.01998492,35839,109,0
5576.46793000,5576.46203544,0.00000000,542.74390323,0.08097220,330.53412721,0.01998495,0.01998492,35838,109,1
5576.46793000,5576.46203544,0.00000000,542.74390323,0.08097220,330.53412721,0.01998495,0.01998492,35838,109,1
5576.77601588,5576.77328551,0.00000000,553.65726881,0.13573963,330.96945162,0.01998493,0.01998492,35836,109,1
5576.92616193,5576.92892358,0.00000000,558.98040965,0.11107962,331.18097131,0.01998492,0.01998492,35835,109,1
5577.08318568,5577.08457034,564.60395452,564.55481082,0.05848204,331.40190174,0.01998492,0.01998492,35834,109,0
5577.24022490,5577.24022579,570.13001046,570.12997876,0.06319996,331.62227591,0.01998493,0.01998492,35833,109,0
5577.39408186,5577.39588994,575.65946165,575.59521890,0.05622635,331.83773539,0.01998492,0.01998492,35832,109,0
5577.55461578,5577.55156278,0.00000000,581.29316668,0.12345733,332.06176871,0.01998494,0.01998493,35831,109,1
5577.70997232,5577.70724431,0.00000000,586.81700324,0.07034293,332.27837121,0.01998494,0.01998493,35830,109,1
5577.86462125,5577.86293453,592.26605739,592.32607416,0.00600618,332.49382101,0.01998493,0.01998493,35829,109,0
5578.01898113,5578.01863346,597.80751802,597.81989520,0.12885644,332.70810385,0.01998493,0.01998493,35828,109,0
5578.17537621,5578.17434107,603.35224707,603.38911862,0.11821532,332.92474614,0.01998493,0.01998493,35827,109,0
5578.33072551,5578.33005739,608.90046875,608.92428126,0.12885412,333.13948327,0.01998493,0.01998493,35826,109,0
5578.48443100,5578.48578240,614.45240811,614.40421259,0.08238170,333.35150790,0.01998492,0.01998493,35825,109,0
5578.64123331,5578.64151611,620.00829107,619.99819870,0.10320505,333.56736065,0.01998492,0.01998493,35824,109,0
5578.79898430,5578.79725852,625.56826464,625.62989546,0.07766285,333.78407172,0.01998493,0.01998493,35823,109,0
5578.95258350,5578.95300962,631.13219655,631.11696910,0.07987301,333.99464165,0.01998492,0.01998493,35822,109,0
5579.10438091,5579.10876943,0.00000000,636.54010761,0.05110324,334.20219945,0.01998491,0.01998493,35821,109,1
5579.26558945,5579.26453794,642.27115786,642.30877711,0.09914080,334.42237210,0.01998493,0.01998493,35820,109,0
5579.42088170,5579.42031515,647.84579664,647.86607635,0.13720416,334.63388315,0.01998493,0.01998493,35819,109,0
5579.57846545,5579.57610106,0.00000000,653.50484017,0.12743588,334.84789870,0.01998493,0.01998493,35818,109,1
5579.73426914,5579.73189568,0.00000000,659.08678398,0.09286494,335.05916632,0.01998493,0.01998493,35817,109,1
5579.88773002,5579.88769900,664.58844305,664.58955505,0.05471583,335.26686146,0.01998493,0.01998493,35816,109,0
5580.04055741,5580.04351103,0.00000000,670.06970957,0.01388993,335.47313466,0.01998492,0.01998493,35815,109,1
5580.20060310,5580.19933176,675.76676342,675.81239432,0.08952896,335.68868097,0.01998493,0.01998493,35814,109,0
5580.35652919,5580.35516119,681.36154653,681.41067846,0.09760737,335.89820782,0.01998493,0.01998493,35813,109,0
5580.51368226,5580.51099933,0.00000000,687.06020544,0.02080565,336.10905251,0.01998494,0.01998493,35812,109,1
5580.66855974,5580.66684618,692.56346800,692.62509671,0.10570539,336.31614922,0.01998493,0.01998493,35811,109,0
5580.82154598,5580.82270174,698.17074476,698.12914970,0.09516073,336.52040653,0.01998492,0.01998493,35810,109,0
5580.97924462,5580.97856601,703.78199732,703.80643546,0.11603892,336.73049310,0.01998493,0.01998493,35809,109,0
5581.13404875,5581.13443899,709.39700917,709.38294764,0.04272988,336.93625791,0.01998492,0.01998493,35808,109,0
5581.29131290,5581.29032067,715.01556295,715.05133633,0.07121219,337.14481088,0.01998493,0.01998493,35807,109,0
5581.44611114,5581.44621107,720.63744044,720.63383567,0.12586828,337.34961062,0.01998493,0.01998493,35806,109,0
nan,nan,0.00000000,-1.00000000,0.00000000,337.58244151,nan,0.00000000,-2147483648,109,1
nan,nan,0.00000000,-1.00000000,0.00000000,337.65542985,nan,0.00000000,-2147483648,109,1
5581.91183423,5581.91393454,0.00000000,737.44941639,0.08128868,337.96295041,0.01998492,0.01998493,35803,109,1
5582.07070472,5582.06985979,743.15690903,743.18745257,0.10682429,338.17102009,0.01998493,0.01998493,35802,109,0
5582.22534776,5582.22579375,748.79551056,748.77937833,0.06810014,338.37319319,0.01998492,0.01998493,35801,109,0
5582.38176728,5582.38173643,754.43797916,754.43909584,0.14865559,338.57721578,0.01998493,0.01998493,35800,109,0
5582.53756344,5582.53768783,760.08449792,760.07999278,0.13406007,338.77995781,0.01998493,0.01998493,35799,109,0
5582.69297426,5582.69364794,765.73512188,765.71070553,0.08197699,338.98173431,0.01998492,0.01998493,35798,109,0
5582.85231953,5582.84961677,0.00000000,771.49735864,0.05041918,339.18847485,0.01998494,0.01998493,35797,109,1
5583.00609746,5583.00559432,777.04835813,777.06661681,0.12104531,339.38685108,0.01998493,0.01998493,35796,109,0
5583.16199300,5583.16158059,782.71079631,782.72577189,0.04923359,339.58782918,0.01998493,0.01998493,35795,109,0
5583.31598892,5583.31757557,788.37699785,788.31934881,0.07539408,339.78588375,0.01998492,0.01998493,35794,109,0
5583.47251457,5583.47357928,794.04687628,794.00816868,0.12663747,339.98670432,0.01998492,0.01998493,35793,109,0
5583.63138462,5583.62959171,799.72040045,799.78562060,0.06493876,340.19002786,0.01998493,0.01998493,35792,109,0
5583.78543456,5583.78561286,805.39761129,805.39112143,0.07306753,340.38669719,0.01998493,0.01998493,35791,109,0
5583.94183268,5583.94164273,811.07855463,811.08547266,0.07711270,340.58587596,0.01998493,0.01998493,35790,109,0
5584.09839654,5584.09768133,816.76327651,816.78934102,0.09682903,340.78477340,0.01998493,0.01998493,35789,109,0
5584.25343518,5584.25372865,822.45182314,822.44112186,0.07542154,340.98124817,0.01998493,0.01998493,35788,109,0
5584.40691920,5584.40978469,0.00000000,828.05202403,0.14391724,341.17570481,0.01998492,0.01998493,35787,109,1
5584.56769136,5584.56584946,833.84055508,833.90780518,0.03200601,341.37801379,0.01998493,0.01998493,35786,109,0
5584.72361929,5584.72192296,839.54076337,839.60273739,0.04637027,341.57414416,0.01998493,0.01998493,35785,109,0
5584.87739137,5584.87800518,845.24485965,845.22242049,0.13842947,341.76708222,0.01998492,0.01998493,35784,109,0
5585.03611843,5585.03409613,0.00000000,851.04005429,0.09457156,341.96618773,0.01998494,0.01998493,35783,109,1
5585.18629850,5585.19019581,0.00000000,856.53540848,0.03641656,342.15367596,0.01998491,0.01998493,35782,109,1
5585.34707605,5585.34630422,862.38041855,862.40868725,0.03536964,342.35342715,0.01998493,0.01998493,35781,109,0
5585.50240150,5585.50242136,868.10005052,868.09932275,0.09152737,342.54634479,0.01998493,0.01998493,35780,109,0
5585.65863858,5585.65854723,873.82368993,873.82703997,0.08991024,342.73990154,0.01998493,0.01998493,35779,109,0
5585.81542141,5585.81468183,879.55144440,879.57858498,0.04312219,342.93363960,0.01998493,0.01998493,35778,109,0
5585.96988018,5585.97082516,885.28342203,885.24872030,0.13169070,343.12402343,0.01998492,0.01998493,35777,109,0
5586.12800842,5586.12697722,891.01973130,891.05762619,0.04552860,343.31843658,0.01998493,0.01998493,35776,109,0
5586.28496394,5586.28313802,896.76047951,896.82762824,0.02831426,343.51091632,0.01998493,0.01998493,35775,109,0
5586.43904821,5586.43930755,902.50565594,902.49611187,0.11239118,343.69939680,0.01998493,0.01998493,35774,109,0
5586.59998175,5586.59548582,0.00000000,908.42606190,0.06179917,343.89592121,0.01998494,0.01998493,35773,109,1
5586.75271720,5586.75167282,914.00844926,914.04693250,0.06339774,344.08158883,0.01998493,0.01998493,35772,109,0
5586.90776651,5586.90786856,919.76561438,919.76185181,0.10769210,344.26975080,0.01998493,0.01998493,35771,109,0
5587.06637988,5587.06407303,0.00000000,925.61028336,0.06528000,344.46166947,0.01998494,0.01998493,35770,109,1
5587.21980315,5587.22028625,931.29034788,931.27251791,0.10598851,344.64686203,0.01998493,0.01998493,35769,109,0
5587.37643591,5587.37650820,937.05763682,937.05496727,0.04058588,344.83536094,0.01998493,0.01998493,35768,109,0
5587.53432638,5587.53273889,942.82840584,942.88706079,0.10897296,345.02483795,0.01998493,0.01998493,35767,109,0
5587.69096050,5587.68897832,0.00000000,948.67342316,0.07296498,345.21219380,0.01998494,0.01998493,35766,109,1
5587.84617515,5587.84522649,954.38135003,954.41644554,0.04825912,345.39752052,0.01998493,0.01998493,35765,109,0
5587.99983070,5588.00148340,960.16401063,960.10282706,0.08694863,345.58040514,0.01998492,0.01998493,35764,109,0
5588.15565161,5588.15774906,0.00000000,965.87047753,0.05803230,345.76527909,0.01998492,0.01998493,35763,109,1
5588.31705065,5588.31402346,0.00000000,971.85107203,0.06081768,345.95631453,0.01998494,0.01998493,35762,109,1
5588.47241275,5588.47030660,0.00000000,977.61169359,0.02036790,346.13968415,0.01998494,0.01998493,35761,109,1
5588.62692330,5588.62659848,983.33885896,983.35091720,0.07257609,346.32174876,0.01998493,0.01998493,35760,109,0
5588.78308851,5588.78289911,989.14297313,989.15000838,0.09059520,346.50508005,0.01998493,0.01998493,35759,109,0
5588.94215890,5588.93920849,0.00000000,995.05155813,0.08197858,346.69099770,0.01998494,0.01998493,35758,109,1
5589.09617421,5589.09552661,1000.76237810,1000.78646077,0.04433642,346.87103459,0.01998493,0.01998493,35757,109,0
5589.25176433,5589.25185348,1006.57744637,1006.57412935,0.10460424,347.05209756,0.01998493,0.01998493,35756,109,0
5589.40705761,5589.40818910,1012.39621373,1012.35408784,0.06451815,347.23228727,0.01998493,0.01998493,35755,109,0
5589.56576029,5589.56453346,1018.21882513,1018.26452920,0.11251013,347.41589158,0.01998493,0.01998493,35754,109,0
5589.71869676,5589.72088658,0.00000000,1023.95536161,0.06547388,347.59204973,0.01998492,0.01998493,35753,109,1
5589.87677611,5589.87724844,1029.87616297,1029.85854371,0.03622530,347.77413408,0.01998493,0.01998493,35752,109,0
5590.03435360,5590.03361906,1035.71117665,1035.73859582,0.09989484,347.95484996,0.01998493,0.01998493,35751,109,0
5590.19027040,5590.18999842,1041.55049416,1041.56065322,0.10459269,348.13313933,0.01998493,0.01998493,35750,109,0
5590.34912660,5590.34638654,0.00000000,1047.48916336,0.02309581,348.31403001,0.01998494,0.01998493,35749,109,1
5590.50284879,5590.50278342,1053.24172124,1053.24416656,0.08614889,348.48899095,0.01998493,0.01998493,35748,109,0
5590.66314895,5590.65918904,0.00000000,1059.23457220,0.06631302,348.67044327,0.01998494,0.01998493,35747,109,1
5590.81661939,5590.81560342,1064.94918205,1064.98722892,0.06786905,348.84405537,0.01998493,0.01998493,35746,109,0
5590.97326942,5590.97202656,1070.80879589,1070.85536779,0.05995101,349.02050791,0.01998493,0.01998493,35745,109,0
5591.12917186,5591.12845845,1076.67229590,1076.69904479,0.07017099,349.19557780,0.01998493,0.01998493,35744,109,0
5591.28422689,5591.28489909,1082.53971908,1082.51449963,0.07343470,349.36916111,0.01998493,0.01998493,35743,109,0
5591.44324543,5591.44134850,0.00000000,1088.47937855,0.04235178,349.54654013,0.01998494,0.01998493,35742,109,1
5591.59802542,5591.59780666,1094.28648732,1094.29470494,0.07265369,349.71882413,0.01998493,0.01998493,35741,109,0
5591.75236763,5591.75427358,1100.16590893,1100.09426812,0.06014232,349.89000421,0.01998492,0.01998493,35740,109,0
5591.91121271,5591.91074926,1106.04941552,1106.06684675,0.03225651,350.06562620,0.01998493,0.01998493,35739,109,0
5592.06717937,5592.06723371,1111.93712120,1111.93507610,0.03149010,350.23752280,0.01998493,0.01998493,35738,109,0
5592.22578838,5592.22372691,0.00000000,1117.91238994,0.06875775,350.41194528,0.01998494,0.01998493,35737,109,1
5592.38058002,5592.38022887,1123.72571251,1123.73894738,0.05417003,350.58131824,0.01998493,0.01998493,35736,109,0
5592.53865891,5592.53673960,0.00000000,1129.70735254,0.07398986,350.75414891,0.01998494,0.01998493,35735,109,1
5592.69503412,5592.69325909,1135.53285543,1135.59985899,0.02585702,350.92412085,0.01998494,0.01998493,35734,109,0
5592.85031827,5592.84978734,1141.44369834,1141.46375499,0.09211163,351.09261561,0.01998493,0.01998493,35733,109,0
5593.00648610,5593.00632436,1147.35926260,1147.36537716,0.07186978,351.26153780,0.01998493,0.01998493,35732,109,0
5593.16211748,5593.16287014,1153.27931779,1153.25084519,0.09454596,351.42934159,0.01998493,0.01998493,35731,109,0
5593.32055547,5593.31942469,1159.20363247,1159.24643708,0.05399958,351.59961155,0.01998493,0.01998493,35730,109,0
5593.47552424,5593.47598800,1165.13197417,1165.11440849,0.05403249,351.76559886,0.01998493,0.01998493,35729,109,0
5593.63450081,5593.63256008,0.00000000,1171.14377720,0.05596093,351.93547325,0.01998494,0.01998493,35728,109,1
5593.78970253,5593.78914094,1176.99992474,1177.02122045,0.04558759,352.10040541,0.01998493,0.01998493,35727,109,0
5593.94638547,5593.94573055,1182.93961946,1182.96446911,0.02206487,352.26651981,0.01998493,0.01998493,35726,109,0
5594.10333977,5594.10232894,1188.88344574,1188.92182554,0.04504550,352.43235805,0.01998493,0.01998493,35725,109,0
5594.25823867,5594.25893610,1194.83165661,1194.80515737,0.03239032,352.59547681,0.01998493,0.01998493,35724,109,0
5594.41544087,5594.41555203,1200.78450617,1200.78027938,0.09536196,352.76047040,0.01998493,0.01998493,35723,109,0
5594.57252256,5594.57217674,1206.74224645,1206.75540626,0.02998080,352.92478882,0.01998493,0.01998493,35722,109,0
5594.73087331,5594.72881021,0.00000000,1212.79568971,0.08104251,353.09021268,0.01998494,0.01998493,35721,109,1
5594.88585238,5594.88545246,1218.67252673,1218.68776826,0.07734869,353.25091276,0.01998493,0.01998493,35720,109,0
5595.04300018,5595.04210348,1224.64475782,1224.67895631,0.07298855,353.41364261,0.01998493,0.01998493,35719,109,0
5595.19901740,5595.19876328,1230.62149672,1230.63119502,0.08956084,353.57464217,0.01998493,0.01998493,35718,109,0
5595.35736549,5595.35543185,0.00000000,1236.68545145,0.05986545,353.73771367,0.01998494,0.01998493,35717,109,1
5595.51352665,5595.51210920,1242.58784429,1242.64201018,0.07230278,353.89747702,0.01998494,0.01998493,35716,109,0
5595.66909325,5595.66879532,1248.57727910,1248.58867147,0.08720663,354.05630543,0.01998493,0.01998493,35715,109,0
5595.82428373,5595.82549022,1254.57097496,1254.52481047,0.09798373,354.21418564,0.01998493,0.01998493,35714,109,0
5595.98188029,5595.98219390,1260.56902777,1260.55701986,0.08496846,354.37393813,0.01998493,0.01998493,35713,109,0
5596.14093778,5596.13890636,0.00000000,1266.65716515,0.07347538,354.53478979,0.01998494,0.01998493,35712,109,1
5596.29753885,5596.29562760,1272.57859008,1272.65187386,0.05986075,354.69217546,0.01998494,0.01998493,35711,109,0
5596.45244806,5596.45235762,1278.59028013,1278.59375042,0.10652291,354.84750321,0.01998493,0.01998493,35710,109,0
5596.60822621,5596.60909642,1284.60660599,1284.57319138,0.05681635,355.00313871,0.01998493,0.01998493,35709,109,0
5596.76605014,5596.76584401,1290.62753850,1290.63545930,0.04273831,355.16023959,0.01998493,0.01998493,35708,109,0
5596.92217216,5596.92260037,1296.65304831,1296.63658263,0.08072114,355.31507117,0.01998493,0.01998493,35707,109,0
5597.08004967,5597.07936552,1302.68310590,1302.70943137,0.06689770,355.47105975,0.01998493,0.01998493,35706,109,0
5597.23704830,5597.23613945,1308.71768163,1308.75267739,0.07434299,355.62559536,0.01998493,0.01998493,35705,109,0
5597.39274510,5597.39292217,1314.75674334,1314.74992046,0.07190327,355.77827157,0.01998493,0.01998493,35704,109,0
5597.55002648,5597.54971368,1320.80025263,1320.81231362,0.02093184,355.93191480,0.01998493,0.01998493,35703,109,0
5597.70617748,5597.70651397,1326.84816993,1326.83518689,0.05758931,356.08386794,0.01998493,0.01998493,35702,109,0
5597.86370461,5597.86332304,1332.90045548,1332.91518747,0.06361451,356.23656631,0.01998493,0.01998493,35701,109,0
5598.02017165,5598.02014091,1338.95706932,1338.95825725,0.04024197,356.38764418,0.01998493,0.01998493,35700,109,0
5598.17589932,5598.17696756,1345.01797434,1344.97667666,0.07357031,356.53741912,0.01998493,0.01998493,35699,109,0
5598.33486099,5598.33380300,1351.08321783,1351.12414698,0.05987021,356.68969818,0.01998494,0.01998493,35698,109,0
5598.48898485,5598.49064723,1357.15294148,1357.08858653,0.02839242,356.83676002,0.01998493,0.01998493,35697,109,0
5598.64741890,5598.64750026,1363.22729253,1363.22414087,0.04282043,356.98733866,0.01998493,0.01998493,35696,109,0
5598.80275029,5598.80436207,1369.30641891,1369.24393174,0.07950591,357.13438407,0.01998493,0.01998493,35695,109,0
5598.96203250,5598.96123268,1375.39046918,1375.42150140,0.06524824,357.28457075,0.01998493,0.01998493,35694,109,0
5599.11876564,5599.11811208,1381.47956999,1381.50494722,0.03979972,357.43176354,0.01998493,0.01998493,35693,109,0
5599.27597417,5599.27500027,1387.57367888,1387.61152304,0.10723552,357.57881180,0.01998494,0.01998493,35692,109,0
5599.43210545,5599.43189726,1393.67267619,1393.68077219,0.04986822,357.72426216,0.01998493,0.01998493,35691,109,0
5599.58913454,5599.58880304,1399.77644131,1399.78934165,0.05215592,357.86995114,0.01998493,0.01998493,35690,109,0
5599.74688774,5599.74571762,1405.88485308,1405.93041966,0.02745650,358.01570381,0.01998494,0.01998493,35689,109,0
5599.90440188,5599.90264099,0.00000000,1412.07159123,0.05685241,358.16074516,0.01998494,0.01998493,35688,109,1
5600.05887316,5600.05957317,1418.11516468,1418.08786862,0.03904528,358.30214486,0.01998493,0.01998493,35687,109,0
5600.21704313,5600.21651413,1424.23697949,1424.25762121,0.07324444,358.44644041,0.01998493,0.01998493,35686,109,0
5600.37407706,5600.37346390,1430.36324997,1430.38719157,0.06184772,358.58908301,0.01998493,0.01998493,35685,109,0
5600.53120942,5600.53042247,1436.49399188,1436.52474038,0.07000504,358.73119902,0.01998494,0.01998493,35684,109,0
5600.68974094,5600.68738984,0.00000000,1442.72887064,0.04997506,358.87413238,0.01998494,0.01998493,35683,109,1
5600.84621699,5600.84436601,1448.76895942,1448.84138122,0.06665861,359.01424276,0.01998494,0.01998493,35682,109,0
5601.00199342,5601.00135098,1454.91334295,1454.93849721,0.03669537,359.15329601,0.01998493,0.01998493,35681,109,0
5601.15914125,5601.15834475,1461.06261052,1461.09382045,0.04652635,359.29296329,0.01998493,0.01998493,35680,109,0
5601.31596959,5601.31534733,1467.21700571,1467.24140784,0.02074116,359.43173953,0.01998493,0.01998493,35679,109,0
5601.47248884,5601.47235871,1473.37677325,1473.38188069,0.06206911,359.56964134,0.01998493,0.01998493,35678,109,0
5601.62959313,5601.62937889,1479.54215900,1479.55057479,0.06459574,359.70745861,0.01998493,0.01998493,35677,109,0
5601.78650163,5601.78640788,1485.71331969,1485.71700561,0.04806890,359.84450571,0.01998493,0.01998493,35676,109,0
5601.94432513,5601.94344568,1491.88999523,1491.92460019,0.06009348,359.98174099,0.01998494,0.01998493,35675,109,0
5602.10004574,5602.10049228,1498.07180370,1498.05422019,0.02959938,360.11653702,0.01998493,0.01998493,35674,109,0
5602.25695992,5602.25754769,1504.25836131,1504.23520094,0.07143323,360.25174266,0.01998493,0.01998493,35673,109,0
5602.41389007,5602.41461190,1510.44928246,1510.42082180,0.10932393,360.38632612,0.01998493,0.01998493,35672,109,0
5602.57174859,5602.57168493,1516.64418678,1516.64669811,0.04150589,360.52105440,0.01998493,0.01998493,35671,109,0
5602.72987888,5602.72876677,1522.84299091,1522.88689090,0.06638323,360.65535656,0.01998494,0.01998493,35670,109,0
5602.88655134,5602.88585741,1529.04601394,1529.07342416,0.03667837,360.78777653,0.01998494,0.01998493,35669,109,0
5603.04290040,5603.04295687,1535.25360493,1535.25137256,0.06881351,360.91929010,0.01998493,0.01998493,35668,109,0
5603.20136566,5603.20006514,1541.46611458,1541.51756083,0.08056357,361.05194436,0.01998494,0.01998493,35667,109,0
5603.35815785,5603.35718222,1547.68389528,1547.72252084,0.05873182,361.18257035,0.01998494,0.01998493,35666,109,0
5603.51375946,5603.51430812,1553.90724651,1553.88550645,0.04430856,361.31159159,0.01998493,0.01998493,35665,109,0
5603.67056042,5603.67144283,1560.13611908,1560.10112590,0.02471643,361.44098680,0.01998493,0.01998493,35664,109,0
5603.82933541,5603.82858635,1566.37032521,1566.40005337,0.06347768,361.57137054,0.01998494,0.01998493,35663,109,0
5603.98746965,5603.98573869,1572.60967589,1572.67842527,0.08123105,361.70058173,0.01998494,0.01998493,35662,109,0
5604.14270518,5604.14289985,1578.85398118,1578.84624379,0.06130637,361.82679145,0.01998493,0.01998493,35661,109,0
5604.29950163,5604.30006982,1585.10305214,1585.08045320,0.05282208,361.95362824,0.01998493,0.01998493,35660,109,0
5604.45795517,5604.45724861,1591.35681992,1591.38494201,0.06449226,362.08114703,0.01998494,0.01998493,35659,109,0
5604.61505325,5604.61443622,1597.61540570,1597.63998219,0.08193825,362.20692241,0.01998494,0.01998493,35658,109,0
5604.77070869,5604.77163265,1603.87894794,1603.84211870,0.05225905,362.33090307,0.01998493,0.01998493,35657,109,0
5604.92942913,5604.92883790,1610.14758580,1610.17117087,0.03164177,362.45667046,0.01998494,0.01998493,35656,109,0
5605.08749382,5605.08605196,1616.42145906,1616.47902166,0.08668651,362.58126242,0.01998494,0.01998493,35655,109,0
5605.24296960,5605.24327485,1622.70068656,1622.68849024,0.03390689,362.70317583,0.01998493,0.01998493,35654,109,0
5605.40139537,5605.40050657,1628.98524476,1629.02078413,0.04625034,362.82674938,0.01998494,0.01998493,35653,109,0
5605.55718087,5605.55774710,1635.27505193,1635.25239340,0.07756920,362.94761739,0.01998493,0.01998493,35652,109,0
5605.71483633,5605.71499646,1641.57002582,1641.56361329,0.06007925,363.06928063,0.01998493,0.01998493,35651,109,0
5605.87405441,5605.87225464,1647.87008373,1647.94221314,0.03839635,363.19147702,0.01998494,0.01998493,35650,109,0
5606.02895963,5606.02952165,1654.17514424,1654.15260398,0.04054442,363.30971133,0.01998493,0.01998493,35649,109,0
5606.18680847,5606.18679748,1660.48520558,1660.48564657,0.07331356,363.42952919,0.01998493,0.01998493,35648,109,0
5606.34553739,5606.34408214,1666.80037949,1666.85883215,0.03666050,363.54934044,0.01998494,0.01998493,35647,109,0
5606.50128947,5606.50137563,1673.12078681,1673.11732360,0.05254336,363.66624762,0.01998493,0.01998493,35646,109,0
5606.65804593,5606.65867794,1679.44654901,1679.42112290,0.05500099,363.78325198,0.01998493,0.01998493,35645,109,0
5606.81652583,5606.81598909,1685.77778811,1685.79939899,0.06548667,363.90087345,0.01998494,0.01998493,35644,109,0
5606.97499975,5606.97330906,0.00000000,1692.19371588,0.03453759,364.01801808,0.01998494,0.01998493,35643,109,1
5607.13118954,5607.13063786,1698.45689414,1698.47914242,0.07869943,364.13241387,0.01998494,0.01998494,35642,109,0
5607.28945714,5607.28797549,1704.80456282,1704.86436224,0.04590658,364.24786053,0.01998494,0.01998494,35641,109,0
5607.44600080,5607.44532196,1711.15747456,1711.18489352,0.03577099,364.36137788,0.01998494,0.01998494,35640,109,0
5607.60402609,5607.60267726,1717.51550303,1717.57002378,0.06634784,364.47528796,0.01998494,0.01998494,35639,109,0
5607.76117772,5607.76004139,1723.87852665,1723.92449105,0.01122775,364.58788518,0.01998494,0.01998494,35638,109,0
5607.91688089,5607.91741435,1730.24654497,1730.22495076,0.03309912,364.69877115,0.01998493,0.01998494,35637,109,0
5608.07438498,5608.07479615,1736.61967798,1736.60302137,0.07592143,364.81025806,0.01998493,0.01998494,35636,109,0
5608.23209820,5608.23218679,1742.99805138,1742.99445994,0.03748825,364.92120655,0.01998493,0.01998494,35635,109,0
5608.38973349,5608.38958626,1749.38179148,1749.38776548,0.05499344,365.03141423,0.01998494,0.01998494,35634,109,0
5608.54893173,5608.54699456,0.00000000,1755.85815509,0.02945708,365.14216330,0.01998494,0.01998494,35633,109,1
5608.70449634,5608.70441171,1762.16584388,1762.16928334,0.06873651,365.24942331,0.01998494,0.01998494,35632,109,0
5608.86243426,5608.86183769,1768.56623448,1768.59049888,0.05226964,365.35778090,0.01998494,0.01998494,35631,109,0
5609.02046983,5609.01927251,1774.97216509,1775.02090325,0.02519198,365.46551178,0.01998494,0.01998494,35630,109,0
5609.17736069,5609.17671617,1781.38360363,1781.40986050,0.06719168,365.57177351,0.01998494,0.01998494,35629,109,0
5609.33548430,5609.33416867,1787.80051784,1787.85415715,0.02832037,365.67817332,0.01998494,0.01998494,35628,109,0
5609.49159112,5609.49163002,1794.22287569,1794.22128847,0.04156645,365.78252744,0.01998494,0.01998494,35627,109,0
5609.65066460,5609.64910020,1800.65064885,1800.71453129,0.06424223,365.88815854,0.01998494,0.01998494,35626,109,0
5609.80740805,5609.80657923,1807.08381088,1807.11768215,0.02365104,365.99154290,0.01998494,0.01998494,35625,109,0
5609.96349746,5609.96406710,1813.52233518,1813.49903789,0.05365572,366.09380364,0.01998493,0.01998494,35624,109,0
5610.12174678,5610.12156381,1819.96619505,1819.97368401,0.02924419,366.19677197,0.01998494,0.01998494,35623,109,0
5610.27928766,5610.27906937,1826.41536467,1826.42430630,0.08087713,366.29856956,0.01998494,0.01998494,35622,109,0
5610.43715138,5610.43658378,1832.86986178,1832.89312967,0.03130068,366.39986385,0.01998494,0.01998494,35621,109,0
5610.59442672,5610.59410703,1839.32976208,1839.34287756,0.05370703,366.50007129,0.01998494,0.01998494,35620,109,0
5610.75192249,5610.75163912,1845.79514558,1845.80678001,0.04241614,366.59970906,0.01998494,0.01998494,35619,109,0
5610.90837340,5610.90918007,1852.26609273,1852.23294575,0.05577524,366.69798163,0.01998493,0.01998494,35618,109,0
5611.06753656,5611.06672986,1858.74268437,1858.77586011,0.07526570,366.79723694,0.01998494,0.01998494,35617,109,0
5611.22458098,5611.22428851,1865.22500294,1865.23704084,0.03914392,366.89445761,0.01998494,0.01998494,35616,109,0
5611.38093708,5611.38185600,1871.71313521,1871.67528097,0.05854560,366.99054755,0.01998493,0.01998494,35615,109,0
5611.53894423,5611.53943234,1878.20716916,1878.18704420,0.06579400,367.08693719,0.01998493,0.01998494,35614,109,0
5611.69712876,5611.69701754,1884.70719323,1884.71178275,0.05385738,367.18271435,0.01998494,0.01998494,35613,109,0
5611.85428263,5611.85461159,1891.21329629,1891.19970958,0.03970339,367.27715262,0.01998494,0.01998494,35612,109,0
5612.01217004,5612.01221449,1897.72554261,1897.72370537,0.05828982,367.37131298,0.01998494,0.01998494,35611,109,0
5612.17052526,5612.16982624,1904.24379501,1904.27271595,0.05467375,367.46502461,0.01998494,0.01998494,35610,109,0
5612.32850824,5612.32744685,1910.76781829,1910.81176774,0.04585720,367.55778426,0.01998494,0.01998494,35609,109,0
5612.48646472,5612.48507631,1917.29737532,1917.35491033,0.06863296,367.64979235,0.01998494,0.01998494,35608,109,0
5612.64374965,5612.64271463,1923.83222773,1923.87515006,0.03438088,367.74067277,0.01998494,0.01998494,35607,109,0
5612.80172699,5612.80036181,1930.37214759,1930.42880190,0.03481843,367.83120854,0.01998494,0.01998494,35606,109,0
5612.95863456,5612.95801784,1936.91717380,1936.94278646,0.02915005,367.92039124,0.01998494,0.01998494,35605,109,0
5613.11559609,5613.11568273,1943.46761308,1943.46401198,0.04690629,368.00886912,0.01998494,0.01998494,35604,109,0
5613.27417090,5613.27335648,1950.02378537,1950.05766374,0.01804683,368.09751182,0.01998494,0.01998494,35603,109,0
5613.43049455,5613.43103909,1956.58601229,1956.56333999,0.03814371,368.18416583,0.01998494,0.01998494,35602,109,0
5613.58945182,5613.58873056,1963.15461549,1963.18467352,0.06798752,368.27153835,0.01998494,0.01998494,35601,109,0
5613.74753110,5613.74643089,1969.72971950,1969.77561231,0.03632711,368.35768623,0.01998494,0.01998494,35600,109,0
5613.90404872,5613.90414008,1976.31106554,1976.30725133,0.04846849,368.44224844,0.01998494,0.01998494,35599,109,0
5614.06187390,5614.06185814,1982.89834964,1982.89900817,0.03440635,368.52677088,0.01998494,0.01998494,35598,109,0
5614.22085637,5614.21958506,1989.49126617,1989.54442729,0.06207948,368.61114950,0.01998494,0.01998494,35597,109,0
5614.37784222,5614.37732084,1996.08950785,1996.11132547,0.02626819,368.69371061,0.01998494,0.01998494,35596,109,0
5614.53500153,5614.53506548,2002.69285171,2002.69017338,0.05849766,368.77560410,0.01998494,0.01998494,35595,109,0
5614.69424424,5614.69281900,2009.30139005,2009.36111811,0.06108345,368.85780816,0.01998494,0.01998494,35594,109,0
5614.85098790,5614.85058137,2015.91528841,2015.93233775,0.02412661,368.93796047,0.01998494,0.01998494,35593,109,0
5615.00907354,5615.00835262,2022.53471322,2022.56497227,0.05746268,369.01803373,0.01998494,0.01998494,35592,109,0
5615.16628451,5615.16613273,2029.15983182,2029.16620745,0.04708057,369.09690183,0.01998494,0.01998494,35591,109,0
5615.32361526,5615.32392171,2035.79081400,2035.77793009,0.05551098,369.17506914,0.01998494,0.01998494,35590,109,0
5615.48157109,5615.48171956,2042.42784143,2042.42159395,0.05924705,369.25278135,0.01998494,0.01998494,35589,109,0
5615.63986885,5615.63952628,2049.07110122,2049.08552907,0.02757128,369.32989213,0.01998494,0.01998494,35588,109,0
5615.79623745,5615.79734187,2055.72078154,2055.67422448,0.06059935,369.40530663,0.01998493,0.01998494,35587,109,0
5615.95547662,5615.95516633,2062.37707153,2062.39016426,0.04538177,369.48133271,0.01998494,0.01998494,35586,109,0
5616.11334300,5616.11299966,2069.04014594,2069.05464723,0.03442928,369.55593311,0.01998494,0.01998494,35585,109,0
5616.27075388,5616.27084187,2075.70999134,2075.70627142,0.04432996,369.62955208,0.01998494,0.01998494,35584,109,0
5616.42869509,5616.42869295,2082.38646745,2082.38655779,0.05064385,369.70264621,0.01998494,0.01998494,35583,109,0
5616.58743904,5616.58655290,2089.06943087,2089.10696230,0.07967282,369.77532781,0.01998494,0.01998494,35582,109,0
5616.74445448,5616.74442173,2095.75873739,2095.76012557,0.03761224,369.84644094,0.01998494,0.01998494,35581,109,0
5616.90242508,5616.90229944,2102.45424466,2102.45957532,0.04085439,369.91720304,0.01998494,0.01998494,35580,109,0
5617.06075910,5617.06018602,2109.15587104,2109.18020639,0.06475191,369.98733615,0.01998494,0.01998494,35579,109,0
5617.21844738,5617.21808148,2115.86359578,2115.87914678,0.06019792,370.05639300,0.01998494,0.01998494,35578,109,0
5617.37653761,5617.37598581,2122.57740060,2122.60087187,0.04336461,370.12483186,0.01998494,0.01998494,35577,109,0
5617.53438244,5617.53389903,2129.29726713,2129.31784687,0.04766734,370.19236898,0.01998494,0.01998494,35576,109,0
5617.69251227,5617.69182112,2136.02317831,2136.05262676,0.07399604,370.25922865,0.01998494,0.01998494,35575,109,0
5617.84949242,5617.84975210,2142.75518192,2142.74410837,0.05804386,370.32480914,0.01998494,0.01998494,35574,109,0
5618.00767121,5618.00769195,2149.49341634,2149.49253092,0.05357783,370.39009028,0.01998494,0.01998494,35573,109,0
5618.16625637,5618.16564069,2156.23802737,2156.26432992,0.07366121,370.45473203,0.01998494,0.01998494,35572,109,0
5618.32444106,5618.32359831,2162.98916161,2163.02519768,0.01944444,370.51840455,0.01998494,0.01998494,35571,109,0
5618.48121714,5618.48156481,2169.74696570,2169.73208543,0.06642551,370.58071484,0.01998494,0.01998494,35570,109,0
5618.64086579,5618.63954019,2176.51151163,2176.56830088,0.02371782,370.64335147,0.01998494,0.01998494,35569,109,0
5618.79664512,5618.79752447,2183.28273366,2183.24502776,0.05961538,370.70367396,0.01998494,0.01998494,35568,109,0
5618.95610680,5618.95551762,2190.06055092,2190.08583808,0.01543981,370.76460482,0.01998494,0.01998494,35567,109,0
5619.11295733,5619.11351966,2196.84488205,2196.82072574,0.07016287,370.82372800,0.01998494,0.01998494,35566,109,0
5619.27156378,5619.27153059,2203.63564520,2203.63707227,0.06204816,370.88269319,0.01998494,0.01998494,35565,109,0
5619.43010500,5619.42955041,2210.43275431,2210.45662019,0.03182931,370.94080715,0.01998494,0.01998494,35564,109,0
5619.58842062,5619.58757911,2217.23611427,2217.27235778,0.06636470,370.99801024,0.01998494,0.01998494,35563,109,0
5619.74629966,5619.74561671,2224.04562825,2224.07506779,0.05934647,371.05422838,0.01998494,0.01998494,35562,109,0
5619.90493403,5619.90366319,2230.86119884,2230.91602527,0.02123417,371.10988046,0.01998494,0.01998494,35561,109,0
5620.06155256,5620.06171856,2237.68272820,2237.67556062,0.06020230,371.16400129,0.01998494,0.01998494,35560,109,0
5620.21922451,5620.21978283,2244.51019601,2244.48606992,0.02709533,371.21765681,0.01998494,0.01998494,35559,109,0
5620.37831190,5620.37785598,2251.34378862,2251.36350667,0.04224311,371.27094993,0.01998494,0.01998494,35558,109,0
5620.53613016,5620.53593803,2258.18372729,2258.19204408,0.08256092,371.32297964,0.01998494,0.01998494,35557,109,0
5620.69380876,5620.69402898,2265.03023453,2265.02069316,0.02255375,371.37412887,0.01998494,0.01998494,35556,109,0
5620.85190264,5620.85212881,2271.88353406,2271.87372505,0.04927448,371.42457468,0.01998494,0.01998494,35555,109,0
5621.01046645,5621.01023755,2278.74379104,2278.75372795,0.06667688,371.47432617,0.01998494,0.01998494,35554,109,0
5621.16842120,5621.16835517,2285.61099898,2285.61386777,0.05621713,371.52304330,0.01998494,0.01998494,35553,109,0
5621.32560145,5621.32648170,2292.48512034,2292.44683593,0.05097265,371.57068334,0.01998494,0.01998494,35552,109,0
5621.48495878,5621.48461712,2299.36611737,2299.38099122,0.06124264,371.61812681,0.01998494,0.01998494,35551,109,0
5621.64224563,5621.64276144,2306.25395206,2306.23147589,0.04778077,371.66410552,0.01998494,0.01998494,35550,109,0
5621.80064975,5621.80091466,2313.14856684,2313.13701295,0.07479511,371.70955616,0.01998494,0.01998494,35549,109,0
5621.96012694,5621.95907677,2320.04984726,2320.09569115,0.08623583,371.75444500,0.01998494,0.01998494,35548,109,0
5622.11774065,5622.11724779,2326.95766785,2326.97920185,0.03743781,371.79794868,0.01998494,0.01998494,35547,109,0
5622.27484227,5622.27542771,2333.87190239,2333.84630102,0.05970617,371.84045649,0.01998494,0.01998494,35546,109,0
5622.43369238,5622.43361653,2340.79242404,2340.79574363,0.08063538,371.88256684,0.01998494,0.01998494,35545,109,0
5622.59210413,5622.59181425,2347.71921187,2347.73190997,0.04188489,371.92368682,0.01998494,0.01998494,35544,109,0
5622.74979352,5622.75002088,2354.65254047,2354.64257204,0.06561328,371.96375157,0.01998494,0.01998494,35543,109,0
5622.90846956,5622.90823641,2361.59273686,2361.60296942,0.03490478,372.00319255,0.01998494,0.01998494,35542,109,0
5623.06697421,5623.06646084,2368.54013000,2368.56268258,0.07376166,372.04171444,0.01998494,0.01998494,35541,109,0
5623.22541192,5623.22469418,2375.49505029,2375.52661425,0.05362084,372.07934369,0.01998494,0.01998494,35540,109,0
5623.38283700,5623.38293642,2382.45767792,2382.45330116,0.03847844,372.11586279,0.01998494,0.01998494,35539,109,0
5623.54195459,5623.54118757,2389.42782155,2389.46162162,0.03160373,372.15188975,0.01998494,0.01998494,35538,109,0
5623.69935288,5623.69944763,2396.40523273,2396.40105315,0.06920295,372.18664832,0.01998494,0.01998494,35537,109,0
5623.85818152,5623.85771660,2403.38966150,2403.41018782,0.05260310,372.22083254,0.01998494,0.01998494,35536,109,0
5624.01617631,5624.01599448,2410.38085711,2410.38889229,0.06273439,372.25394631,0.01998494,0.01998494,35535,109,0
5624.17431488,5624.17428126,2417.37867021,2417.38015687,0.05392185,372.28619718,0.01998494,0.01998494,35534,109,0
5624.33366854,5624.33257696,2424.38315908,2424.43148265,0.05987813,372.31778989,0.01998494,0.01998494,35533,109,0
5624.49092475,5624.49088157,2431.39440753,2431.39632107,0.02880585,372.34807312,0.01998494,0.01998494,35532,109,0
5624.64946295,5624.64919509,2438.41249983,2438.42437968,0.04954746,372.37770243,0.01998494,0.01998494,35531,109,0
5624.80852053,5624.80751752,2445.43752168,2445.48204796,0.04522204,372.40651771,0.01998494,0.01998494,35530,109,0
5624.96627468,5624.96584887,2452.46961759,2452.48853871,0.02390109,372.43419344,0.01998494,0.01998494,35529,109,0
5625.12438342,5625.12418913,2459.50902493,2459.51766724,0.04089275,372.46102690,0.01998494,0.01998494,35528,109,0
5625.28258762,5625.28253830,2466.55599061,2466.55818656,0.03162161,372.48696841,0.01998494,0.01998494,35527,109,0
5625.44096355,5625.44089639,2473.61076301,2473.61375660,0.06160003,372.51202621,0.01998494,0.01998494,35526,109,0
5625.59862693,5625.59926340,2480.67358233,2480.64518165,0.03835779,372.53606294,0.01998494,0.01998494,35525,109,0
5625.75788247,5625.75763932,2487.74439423,2487.75525530,0.05348856,372.55941911,0.01998494,0.01998494,35524,109,0
5625.91542194,5625.91602416,2494.82280036,2494.79587335,0.06098610,372.58160640,0.01998494,0.01998494,35523,109,0
5626.07407712,5626.07441793,2501.90838063,2501.89312803,0.08320744,372.60302476,0.01998494,0.01998494,35522,109,0
5626.23410298,5626.23282061,2509.00071234,2509.05815415,0.05753241,372.62368282,0.01998495,0.01998494,35521,109,0
5626.39186574,5626.39123221,2516.09939550,2516.12779705,0.06865654,372.64311574,0.01998494,0.01998494,35520,109,0
5626.55071425,5626.54965273,2523.20443359,2523.25206282,0.05777025,372.66174413,0.01998495,0.01998494,35519,109,0
5626.70859696,5626.70808217,2530.31615657,2530.33927577,0.03275172,372.67932476,0.01998494,0.01998494,35518,109,0
5626.86636874,5626.86652053,2537.43490572,2537.42808214,0.04392127,372.69596067,0.01998494,0.01998494,35517,109,0
5627.02605678,5627.02496782,2544.56102437,2544.61002478,0.05656489,372.71184760,0.01998495,0.01998494,35516,109,0
5627.18306209,5627.18342404,2551.69482560,2551.67852213,0.06716190,372.72653273,0.01998494,0.01998494,35515,109,0
5627.34221006,5627.34188917,2558.83634027,2558.85080901,0.05935565,372.74046933,0.01998494,0.01998494,35514,109,0
5627.50038334,5627.50036323,2565.98545236,2565.98636001,0.07574714,372.75337087,0.01998494,0.01998494,35513,109,0
5627.65840004,5627.65884622,2573.14204384,2573.12188603,0.05773284,372.76531118,0.01998494,0.01998494,35512,109,0
5627.81706128,5627.81733814,2580.30599590,2580.29347569,0.02952280,372.77634339,0.01998494,0.01998494,35511,109,0
5627.97599030,5627.97583898,2587.47721896,2587.48406868,0.03572024,372.78643012,0.01998494,0.01998494,35510,109,0
5628.13472198,5628.13434875,2594.65576782,2594.67267864,0.01929820,372.79553850,0.01998494,0.01998494,35509,109,0
5628.29326525,5628.29286745,2601.84174134,2601.85978312,0.06271912,372.80366988,0.01998494,0.01998494,35508,109,0
5628.45247502,5628.45139508,2609.03523902,2609.08426783,0.06408572,372.81086098,0.01998495,0.01998494,35507,109,0
5628.61098052,5628.60993164,2616.23636094,2616.28402807,0.04810411,372.81704742,0.01998495,0.01998494,35506,109,0
5628.76893274,5628.76847713,2623.44521079,2623.46593751,0.05066377,372.82224383,0.01998494,0.01998494,35505,109,0
5628.92745267,5628.92703155,2630.66190060,2630.68107784,0.05352494,372.82648408,0.01998494,0.01998494,35504,109,0
5629.08645554,5629.08559491,2637.88654425,2637.92577812,0.04043067,372.82975321,0.01998495,0.01998494,35503,109,0
5629.24457173,5629.24416720,2645.11925638,2645.13771755,0.07105445,372.83202379,0.01998494,0.01998494,35502,109,0
5629.40230806,5629.40274842,2652.36015024,2652.34003224,0.02689019,372.83331181,0.01998494,0.01998494,35501,109,0
5629.56087087,5629.56133858,2659.60925370,2659.58786350,0.02901315,372.83361983,0.01998494,0.01998494,35500,109,0
5629.72044282,5629.71993768,2666.86647923,2666.88960604,0.07198393,372.83292783,0.01998494,0.01998494,35499,109,0
5629.87840893,5629.87854571,2674.13173059,2674.12546218,0.02580347,372.83124967,0.01998494,0.01998494,35498,109,0
5630.03709052,5630.03716268,2681.40491091,2681.40160059,0.02884506,372.82856602,0.01998494,0.01998494,35497,109,0
5630.19525617,5630.19578858,2688.68593270,2688.66148222,0.03914817,372.82489286,0.01998494,0.01998494,35496,109,0
5630.35463043,5630.35442343,2695.97483251,2695.98434852,0.06721622,372.82018047,0.01998494,0.01998494,35495,109,0
5630.51401499,5630.51306721,2703.27173135,2703.31534758,0.06366882,372.81444951,0.01998495,0.01998494,35494,109,0
5630.67295476,5630.67171994,2710.57675255,2710.63363924,0.03652364,372.80771725,0.01998495,0.01998494,35493,109,0
5630.83082063,5630.83038161,2717.89002024,2717.91026723,0.07031088,372.80002162,0.01998494,0.01998494,35492,109,0
5630.98945254,5630.98905221,2725.21161362,2725.23009584,0.05853848,372.79127257,0.01998494,0.01998494,35491,109,0
5631.14877342,5631.14773176,2732.54139038,2732.58953224,0.07981740,372.78145730,0.01998495,0.01998494,35490,109,0
5631.30584804,5631.30642026,2739.87913988,2739.85266725,0.06755853,372.77076885,0.01998494,0.01998494,35489,109,0
5631.46601410,5631.46511769,2747.22465004,2747.26616193,0.05590710,372.75883303,0.01998495,0.01998494,35488,109,0
5631.62452996,5631.62382408,2754.57770861,2754.61042878,0.04000248,372.74598657,0.01998495,0.01998494,35487,109,0
5631.78341074,5631.78253940,2761.93826327,2761.97869222,0.07371874,372.73207588,0.01998495,0.01998494,35486,109,0
5631.94139452,5631.94126368,2769.30657879,2769.31265582,0.07542844,372.71721322,0.01998494,0.01998494,35485,109,0
5632.10013806,5632.09999690,2776.68295869,2776.68952222,0.08124786,372.70124037,0.01998494,0.01998494,35484,109,0
5632.25955028,5632.25873906,2784.06770849,2784.10546753,0.09817927,372.68414855,0.01998495,0.01998494,35483,109,0
5632.41698359,5632.41749018,2791.46112330,2791.43751702,0.04554115,372.66623058,0.01998494,0.01998494,35482,109,0
5632.57680812,5632.57625025,2798.86329870,2798.88932395,0.03930336,372.64698131,0.01998495,0.01998494,35481,109,0
5632.73540303,5632.73501926,2806.27416723,2806.29209011,0.04404495,372.62682203,0.01998495,0.01998494,35480,109,0
5632.89424486,5632.89379723,2813.69365623,2813.71458481,0.01374273,372.60557167,0.01998495,0.01998494,35479,109,0
5633.05230296,5633.05258415,2821.12169252,2821.10853134,0.05322865,372.58337033,0.01998494,0.01998494,35478,109,0
5633.21292523,5633.21138002,0.00000000,2828.62761961,0.01704095,372.55973624,0.01998495,0.01998494,35477,109,1
5633.37036577,5633.37018484,2836.00318912,2836.01167599,0.08679576,372.53548931,0.01998495,0.01998494,35476,109,0
5633.52981133,5633.52899861,2843.45661595,2843.49477883,0.04636702,372.50986854,0.01998495,0.01998494,35475,109,0
5633.68779795,5633.68782135,2850.91848107,2850.91738110,0.04958215,372.48341213,0.01998494,0.01998494,35474,109,0
5633.84647208,5633.84665303,2858.38877329,2858.38025795,0.07959873,372.45576521,0.01998494,0.01998494,35473,109,0
5634.00622976,5634.00549367,2865.86744987,2865.90212548,0.06015907,372.42683753,0.01998495,0.01998494,35472,109,0
5634.16524141,nan,0.00000000,2873.38650497,0.05089213,372.39699561,0.01998495,0.01998494,35471,109,1
5634.32347375,5634.32320183,2880.84957667,2880.86241302,0.05485387,372.36613354,0.01998495,0.01998494,35470,109,0
5634.48188089,5634.48206934,2888.35282865,2888.34392359,0.04339655,372.33419389,0.01998494,0.01998494,35469,109,0
5634.64105104,5634.64094581,2895.86409932,2895.86907655,0.06872192,372.30100387,0.01998495,0.01998494,35468,109,0
5634.79965154,5634.79983125,2903.38356097,2903.37505157,0.07652083,372.26683541,0.01998494,0.01998494,35467,109,0
5634.95793081,5634.95872564,2910.91152203,2910.87384447,0.05605616,372.23163955,0.01998494,0.01998494,35466,109,0
5635.11857132,5635.11762899,2918.44829440,2918.49301475,0.03884769,372.19479351,0.01998495,0.01998494,35465,109,0
5635.27740670,5635.27654131,2925.99419173,2926.03530883,0.05701054,372.15724197,0.01998495,0.01998494,35464,109,0
5635.43588104,5635.43546259,2933.54939164,2933.56929676,0.04819167,372.11866178,0.01998495,0.01998494,35463,109,0
5635.59248697,5635.59439283,0.00000000,2941.01847176,0.06855084,372.07946455,0.01998494,0.01998494,35462,109,1
5635.75345067,5635.75333203,2948.68697456,2948.69263037,0.06771351,372.03799026,0.01998495,0.01998494,35461,109,0
5635.91234446,5635.91228021,2956.26891184,2956.27197858,0.05742359,371.99593944,0.01998495,0.01998494,35460,109,0
5636.07067783,5636.07123734,2963.85933246,2963.83260094,0.07531373,371.95291441,0.01998494,0.01998495,35459,109,0
5636.23137525,5636.23020344,2971.45830181,2971.51434769,0.04941018,371.90809737,0.01998495,0.01998495,35458,109,0
5636.38930440,5636.38917851,2979.06608806,2979.07211590,0.06756326,371.86291897,0.01998495,0.01998495,35457,109,0
5636.54854851,5636.54816255,2986.68296599,2986.70146788,0.04290678,371.81622154,0.01998495,0.01998495,35456,109,0
5636.70903769,5636.70715556,0.00000000,2994.40053808,0.05174202,371.76798610,0.01998495,0.01998495,35455,109,1
5636.86736497,5636.86615753,3001.94502512,3002.00304517,0.06191047,371.71926026,0.01998495,0.01998495,35454,109,0
5637.02637268,5637.02516848,3009.59036106,3009.64829442,0.03982503,371.66916288,0.01998495,0.01998495,35453,109,0
5637.18517267,5637.18418839,3017.24513045,3017.29253854,0.06643361,371.61797168,0.01998495,0.01998495,35452,109,0
5637.34203527,5637.34321728,3024.90924293,3024.85224543,0.08527943,371.56626452,0.01998494,0.01998495,35451,109,0
5637.50281091,5637.50225514,3032.58261598,3032.60944669,0.05472838,371.51208797,0.01998495,0.01998495,35450,109,0
5637.66172452,5637.66130198,3040.26529494,3040.28571746,0.03756276,371.45736141,0.01998495,0.01998495,35449,109,0
5637.82049542,5637.82035778,3047.95742508,3047.96408519,0.07030310,371.40151010,0.01998495,0.01998495,35448,109,0
5637.97851814,5637.97942257,3055.65915528,3055.61533762,0.05903559,371.34475201,0.01998494,0.01998495,35447,109,0
5638.13856473,5638.13849632,3063.37063527,3063.37395350,0.07807054,371.28607219,0.01998495,0.01998495,35446,109,0
5638.29798999,5638.29757906,3071.09188911,3071.11184623,0.04989551,371.22642054,0.01998495,0.01998495,35445,109,0
5638.45737786,5638.45667077,3078.82259102,3078.85697019,0.05157418,371.16558460,0.01998495,0.01998495,35444,109,0
5638.61426611,5638.61577145,0.00000000,3086.47904278,0.03124614,371.10461293,0.01998494,0.01998495,35443,109,1
5638.77421861,5638.77488112,3094.31078367,3094.27850403,0.06716185,371.04109043,0.01998494,0.01998495,35442,109,0
5638.93463387,5638.93399976,3102.06753887,3102.09846604,0.07781385,370.97625165,0.01998495,0.01998495,35441,109,0
5639.09293277,5639.09312739,3109.83282422,3109.82332176,0.06189056,370.91107159,0.01998495,0.01998495,35440,109,0
5639.25190428,5639.25226399,3117.60719396,3117.58961051,0.09443740,370.84441001,0.01998495,0.01998495,35439,109,0
5639.41171147,5639.41140958,3125.39121172,3125.40598635,0.03879798,370.77617262,0.01998495,0.01998495,35438,109,0
5639.57019138,5639.57056415,3133.18544296,3133.16717537,0.04892211,370.70727965,0.01998495,0.01998495,35437,109,0
5639.73006645,5639.72972770,3140.99018457,3141.00680596,0.04528057,370.63653988,0.01998495,0.01998495,35436,109,0
5639.88893945,5639.88890024,3148.80521031,3148.80713696,0.05631226,370.56500718,0.01998495,0.01998495,35435,109,0
5640.04746239,5640.04808176,3156.63023250,3156.59976781,0.01821114,370.49240220,0.01998494,0.01998495,35434,109,0
5640.20784940,5640.20727226,3164.46496120,3164.49338232,0.08827138,370.41769177,0.01998495,0.01998495,35433,109,0
5640.36564447,5640.36647175,3172.30915809,3172.26837236,0.07673750,370.34295837,0.01998494,0.01998495,35432,109,0
5640.52435829,5640.52568023,3180.16291910,3180.09766959,0.03231282,370.26655405,0.01998494,0.01998495,35431,109,0
5640.68606936,5640.68489769,3188.02647041,3188.08437280,0.02352915,370.18742581,0.01998495,0.01998495,35430,109,0
5640.84386438,5640.84412415,3195.90004014,3195.88718709,0.06912682,370.10896096,0.01998495,0.01998495,35429,109,0
5641.00289460,5641.00335959,3203.78385064,3203.76081453,0.05641984,370.02862348,0.01998495,0.01998495,35428,109,0
5641.16283788,5641.16260402,3211.67793563,3211.68953602,0.08701261,369.94654586,0.01998495,0.01998495,35427,109,0
5641.32196758,5641.32185744,3219.58212722,3219.58759718,0.05823575,369.86361046,0.01998495,0.01998495,35426,109,0
5641.48091747,5641.48111985,3227.49624646,3227.48618363,0.05769954,369.77949660,0.01998495,0.01998495,35425,109,0
5641.63911438,5641.64039126,3235.42011308,3235.35655100,0.07854897,369.69451662,0.01998494,0.01998495,35424,109,0
5641.79786938,5641.79967165,0.00000000,3243.25905031,0.06974731,369.60801809,0.01998494,0.01998495,35423,109,1
5641.95851236,5641.95896104,3251.29704968,3251.27466149,0.04212277,369.51908221,0.01998495,0.01998495,35422,109,0
5642.12008715,5642.11825943,0.00000000,3259.33908617,0.06914296,369.42838598,0.01998495,0.01998495,35421,109,1
5642.27760995,5642.27756681,3267.21446026,3267.21661849,0.04814162,369.33861141,0.01998495,0.01998495,35420,109,0
5642.43687890,5642.43688318,3275.18894869,3275.18873427,0.06123107,369.24657156,0.01998495,0.01998495,35419,109,0
5642.59575068,5642.59620855,3283.17407724,3283.15111492,0.04822616,369.15345189,0.01998495,0.01998495,35418,109,0
5642.75477025,5642.75554292,3291.16980333,3291.13100493,0.05654962,369.05893211,0.01998494,0.01998495,35417,109,0
5642.91609689,5642.91488629,3299.17608357,3299.23694972,0.06139449,368.96169417,0.01998495,0.01998495,35416,109,0
5643.07305766,5643.07423865,3307.19287455,3307.13342390,0.04666720,368.86578186,0.01998494,0.01998495,35415,109,0
5643.23472731,5643.23360001,3315.22014156,3315.27696077,0.07275227,368.76564158,0.01998495,0.01998495,35414,109,0
5643.39381466,5643.39297038,3323.25785881,3323.30046592,0.06897010,368.66575881,0.01998495,0.01998495,35413,109,0
5643.55253014,5643.55234974,3331.30600061,3331.31511567,0.06549268,368.56477891,0.01998495,0.01998495,35412,109,0
5643.71311466,5643.71173811,3339.36454155,3339.43418207,0.09800986,368.46125312,0.01998495,0.01998495,35411,109,0
5643.87110251,5643.87113548,3347.43354488,3347.43187518,0.07546337,368.35806439,0.01998495,0.01998495,35410,109,0
5644.03166386,5644.03054185,3355.51326435,3355.57017186,0.06802176,368.25182832,0.01998495,0.01998495,35409,109,0
5644.18923637,5644.18995723,3363.60398012,3363.56737087,0.03365652,368.14622238,0.01998495,0.01998495,35408,109,0
5644.35068745,5644.34938161,3371.70597453,3371.77238345,0.10452448,368.03662392,0.01998495,0.01998495,35407,109,0
5644.50910596,5644.50881499,3379.81945672,3379.83427392,0.04887144,367.92770590,0.01998495,0.01998495,35406,109,0
5644.66716754,5644.66825738,3387.94429749,3387.88872510,0.06887397,367.81766968,0.01998494,0.01998495,35405,109,0
5644.82827540,5644.82770878,3396.08027076,3396.10920098,0.05296141,367.70410933,0.01998495,0.01998495,35404,109,0
5644.98791341,5644.98716919,3404.22714858,3404.26519521,0.06588793,367.59018594,0.01998495,0.01998495,35403,109,0
5645.14690137,5645.14663860,3412.38472393,3412.39817418,0.04610216,367.47534052,0.01998495,0.01998495,35402,109,0
5645.30606564,5645.30611703,3420.55300159,3420.55036789,0.06726702,367.35897770,0.01998495,0.01998495,35401,109,0
5645.46468519,5645.46560446,3428.73210281,3428.68492938,0.06540942,367.24162315,0.01998495,0.01998495,35400,109,0
5645.62460367,5645.62510090,3436.92215095,3436.89660181,0.07818172,367.12189647,0.01998495,0.01998495,35399,109,0
5645.78487307,5645.78460636,3445.12327103,3445.13699299,0.05929074,367.00047888,0.01998495,0.01998495,35398,109,0
5645.94476598,5645.94412083,3453.33560473,3453.36884150,0.04708368,366.87791483,0.01998495,0.01998495,35397,109,0
5646.10403202,5646.10364431,3461.55930960,3461.57931003,0.06576380,366.75440248,0.01998495,0.01998495,35396,109,0
5646.26375930,5646.26317680,3469.79454501,3469.82463445,0.06129317,366.62909282,0.01998495,0.01998495,35395,109,0
5646.42325775,5646.42271831,3478.04146953,3478.06937295,0.06776830,366.50251665,0.01998495,0.01998495,35394,109,0
5646.58142484,5646.58226884,3486.30012563,3486.25640907,0.06503223,366.37556442,0.01998495,0.01998495,35393,109,0
5646.74278587,5646.74182838,3494.57037667,3494.62003854,0.04249830,366.24457547,0.01998495,0.01998495,35392,109,0
5646.90152165,5646.90139693,3502.85206967,3502.85854704,0.07720569,366.11426330,0.01998495,0.01998495,35391,109,0
5647.05892710,5647.06097451,0.00000000,3511.02627430,0.04252170,365.98381399,0.01998494,0.01998495,35390,109,1
5647.22010418,5647.22056110,3519.44916161,3519.42537053,0.10727986,365.84836456,0.01998495,0.01998495,35389,109,0
5647.38004908,5647.38015671,3527.76424255,3527.75863150,0.06627083,365.71266936,0.01998495,0.01998495,35388,109,0
5647.53946868,5647.53976134,3536.09013018,3536.07485380,0.06069297,365.57595338,0.01998495,0.01998495,35387,109,0
5647.70095516,5647.69937499,0.00000000,3544.49995594,0.02603184,365.43612507,0.01998495,0.01998495,35386,109,1
5647.85856750,5647.85899766,3552.77386277,3552.75135366,0.06202140,365.29788966,0.01998495,0.01998495,35385,109,0
5648.02041668,5648.01862936,0.00000000,3561.22388474,0.11717991,365.15462137,0.01998496,0.01998495,35384,109,1
5648.17813301,5648.17827007,3569.50331300,3569.49612060,0.06114736,365.01344166,0.01998495,0.01998495,35383,109,0
5648.33611558,5648.33791981,0.00000000,3577.79574479,0.07576397,364.87050543,0.01998494,0.01998495,35382,109,1
5648.49585564,5648.49757858,0.00000000,3586.19804320,0.06831065,364.72448576,0.01998494,0.01998495,35381,109,1
5648.65745059,5648.65724637,3594.69611261,3594.70687818,0.04113894,364.57526620,0.01998495,0.01998495,35380,109,0
5648.81762340,5648.81692318,3603.11939504,3603.15635774,0.04546145,364.42574490,0.01998495,0.01998495,35379,109,0
5648.97708996,5648.97660903,3611.55400084,3611.57941902,0.05179267,364.27535951,0.01998495,0.01998495,35378,109,0
5649.13489292,5649.13630389,0.00000000,3619.92752432,0.04100549,364.12500069,0.01998494,0.01998495,35377,109,1
5649.29708369,5649.29600779,3628.45559483,3628.51260321,0.05931928,363.96901185,0.01998495,0.01998495,35376,109,0
5649.45406246,5649.45572072,0.00000000,3636.84416899,0.04312455,363.81630905,0.01998494,0.01998495,35375,109,1
5649.61331047,5649.61544267,0.00000000,3645.30233630,0.04987371,363.65995573,0.01998494,0.01998495,35374,109,1
5649.77727817,5649.77517366,0.00000000,3654.02355972,0.03153290,363.49733647,0.01998496,0.01998495,35373,109,1
5649.93653021,5649.93491367,0.00000000,3662.50603933,0.09589366,363.33780230,0.01998496,0.01998495,35372,109,1
5650.09616576,5650.09466272,0.00000000,3671.02093926,0.06100642,363.17630311,0.01998496,0.01998495,35371,109,1
5650.25484456,5650.25442080,3679.47660644,3679.49926483,0.07266467,363.01414860,0.01998495,0.01998495,35370,109,0
5650.41466105,5650.41418792,3688.02460091,3688.04993091,0.11700530,362.84924725,0.01998495,0.01998495,35369,109,0
5650.57552475,5650.57396406,0.00000000,3696.66245447,0.05408525,362.68176913,0.01998496,0.01998495,35368,109,1
5650.73268973,5650.73374925,3705.15579907,3705.09892029,0.06533609,362.51636819,0.01998495,0.01998495,35367,109,0
5650.89322302,5650.89354346,3713.74067339,3713.72344424,0.05549992,362.34590301,0.01998495,0.01998495,35366,109,0
5651.05337283,5651.05334672,3722.33943501,3722.34084110,0.07387169,362.17418809,0.01998495,0.01998495,35365,109,0
5651.21424316,5651.21315901,3730.95198364,3731.01045422,0.04107360,362.00003010,0.01998496,0.01998495,35364,109,0
5651.37254605,5651.37298034,3739.57774689,3739.55429120,0.07146299,361.82702252,0.01998495,0.01998495,35363,109,0
5651.53301767,5651.53281071,3748.21614238,3748.22733566,0.06690062,361.65000138,0.01998495,0.01998495,35362,109,0
5651.69195552,5651.69265012,3756.86664177,3756.82902539,0.07664014,361.47304640,0.01998495,0.01998495,35361,109,0
5651.85435121,5651.85249856,0.00000000,3765.61142683,0.07118414,361.29094550,0.01998496,0.01998495,35360,109,1
5652.01411157,5652.01235605,0.00000000,3774.28151703,0.06880102,361.10975790,0.01998496,0.01998495,35359,109,1
5652.17272683,5652.17222258,3782.89197363,3782.91939579,0.07295609,360.92784506,0.01998495,0.01998495,35358,109,0
5652.33480541,5652.33209815,0.00000000,3791.72384704,0.09766128,360.74098794,0.01998496,0.01998495,35357,109,1
5652.49359858,5652.49198277,0.00000000,3800.37963548,0.06026445,360.55587254,0.01998496,0.01998495,35356,109,1
5652.65278797,5652.65187643,3809.03361348,3809.08340300,0.05023362,360.36831818,0.01998496,0.01998495,35355,109,0
5652.81245511,5652.81177913,3817.77406761,3817.81104511,0.07331895,360.17882688,0.01998495,0.01998495,35354,109,0
5652.97320472,5652.97169088,0.00000000,3826.60050921,0.05305399,359.98655387,0.01998496,0.01998495,35353,109,1
5653.13006009,5653.13161167,0.00000000,3835.20155706,0.07443759,359.79700424,0.01998495,0.01998495,35352,109,1
5653.29144915,5653.29154152,3844.07613833,3844.07106312,0.07210587,359.60008991,0.01998495,0.01998495,35351,109,0
5653.45105234,5653.45148041,3852.87035573,3852.84680120,0.08367486,359.40381002,0.01998495,0.01998495,35350,109,0
5653.61263418,5653.61142834,3861.67804417,3861.74449491,0.06761239,359.20333282,0.01998496,0.01998495,35349,109,0
5653.77122601,5653.77138533,3870.49968128,3870.49088770,0.05664958,359.00482252,0.01998495,0.01998495,35348,109,0
5653.93037460,5653.93135137,3879.33588748,3879.28188856,0.09328367,358.80385923,0.01998495,0.01998495,35347,109,0
5654.09883693,5654.09132646,0.00000000,3888.60654697,0.13745749,358.58911822,0.01998498,0.01998495,35346,109,1
5654.25029198,5654.25131059,3897.05426573,3896.99776317,0.04261980,358.39448503,0.01998495,0.01998495,35345,109,0
5654.41137251,5654.41130379,3905.93622838,3905.94004656,0.07827550,358.18562201,0.01998495,0.01998495,35344,109,0
5654.57197745,5654.57130603,3914.83234816,3914.86970684,0.05681294,357.97556321,0.01998495,0.01998495,35343,109,0
5654.73034453,5654.73131733,3923.74178910,3923.68758639,0.08754388,357.76667234,0.01998495,0.01998495,35342,109,0
5654.89361708,5654.89133768,0.00000000,3932.79006305,0.08495116,357.54951624,0.01998496,0.01998495,35341,109,1
5655.05051090,5655.05136709,3941.60065408,3941.55280452,0.07167327,357.33900337,0.01998495,0.01998495,35340,109,0
5655.21138331,5655.21140555,3950.55233882,3950.55109336,0.10576184,357.12133964,0.01998495,0.01998495,35339,109,0
5655.37118947,5655.37145307,3959.52051825,3959.50573362,0.09898941,356.90323094,0.01998495,0.01998495,35338,109,0
5655.53188991,5655.53150965,3968.50543986,3968.52680434,0.10815558,356.68199047,0.01998495,0.01998495,35337,109,0
5655.69072228,5655.69157529,3977.50561204,3977.45761283,0.06084233,356.46146725,0.01998495,0.01998495,35336,109,0
5655.85351486,5655.85164998,0.00000000,3986.60974481,0.12350275,356.23393447,0.01998496,0.01998495,35335,109,1
5656.01264161,5656.01173374,3995.54504033,3995.59625827,0.06123753,356.00899804,0.01998496,0.01998495,35334,109,0
5656.17041448,5656.17182655,0.00000000,4004.48974505,0.10018946,355.78490638,0.01998495,0.01998495,35333,109,1
5656.33229051,5656.33192843,4013.63433479,4013.65482237,0.13840715,355.55242720,0.01998495,0.01998495,35332,109,0
5656.48940410,5656.49203937,0.00000000,4022.54472888,0.15305915,355.32543058,0.01998494,0.01998495,35331,109,1
5656.65408001,5656.65215937,0.00000000,4031.88806037,0.06124964,355.08526704,0.01998496,0.01998495,35330,109,1
5656.81218214,5656.81228843,4040.89029970,4040.88425176,0.11377964,354.85248767,0.01998495,0.01998495,35329,109,0
5656.97407890,5656.97242656,0.00000000,4050.08840207,0.05626874,354.61276503,0.01998496,0.01998495,35328,109,1
5657.13225097,5657.13257376,4059.14372170,4059.12529778,0.13684163,354.37586140,0.01998495,0.01998495,35327,109,0
5657.29105945,5657.29273002,0.00000000,4068.17526965,0.03392448,354.13708879,0.01998495,0.01998495,35326,109,1
5657.45350562,5657.45289534,4077.45287828,4077.48781203,0.12602156,353.88979434,0.01998496,0.01998495,35325,109,0
5657.61249337,5657.61306974,4086.62876507,4086.59572099,0.10176492,353.64636998,0.01998495,0.01998495,35324,109,0
nan,nan,0.00000000,-1.00000000,0.00000000,353.42037951,nan,0.00000000,-2147483648,109,1
nan,nan,0.00000000,-1.00000000,0.00000000,346.34708205,nan,0.00000000,-2147483648,108,1
5612.46675400,nan,0.00000000,8.75107660,0.01454914,346.58502106,0.01998487,0.01998494,35608,108,1
5612.63477192,5612.64271463,0.00000000,14.34012322,0.04402918,346.86439085,0.01998491,0.01998494,35607,108,1
nan,nan,0.00000000,-1.00000000,0.00000000,346.99714202,nan,0.00000000,-2147483648,108,1
nan,nan,0.00000000,-1.00000000,0.00000000,347.14671091,nan,0.00000000,-2147483648,108,1
5612.95253234,5612.95801784,0.00000000,24.91859032,0.28170007,347.39157254,0.01998492,0.01998494,35605,108,1
nan,nan,0.00000000,-1.00000000,0.00000000,347.74331769,nan,0.00000000,-2147483648,108,1
nan,nan,0.00000000,-1.00000000,0.00000000,347.99111570,nan,0.00000000,-2147483648,108,1
nan,nan,0.00000000,-1.00000000,0.00000000,348.18902027,nan,0.00000000,-2147483648,108,1
5613.59493276,5613.58873056,0.00000000,46.33784164,0.33310020,348.45265380,0.01998496,0.01998494,35601,108,1
nan,nan,0.00000000,-1.00000000,0.00000000,348.83016039,nan,0.00000000,-2147483648,108,1
nan,nan,0.00000000,-1.00000000,0.00000000,348.92851906,nan,0.00000000,-2147483648,108,1
5614.04551648,nan,0.00000000,61.38815615,0.23275256,349.19313569,0.01998488,0.01998494,35598,108,1
5614.04551648,nan,0.00000000,61.38815615,0.23275256,349.19313569,0.01998488,0.01998494,35598,108,1
nan,nan,0.00000000,-1.00000000,0.00000000,349.51711250,nan,0.00000000,-2147483648,108,1
nan,nan,0.00000000,-1.00000000,0.00000000,349.81040715,nan,0.00000000,-2147483648,108,1
nan,nan,0.00000000,-1.00000000,0.00000000,349.95680394,nan,0.00000000,-2147483648,108,1
5614.85359199,5614.85058137,0.00000000,88.43489864,0.00481983,350.51328284,0.01998495,0.01998494,35593,108,1
5614.85359199,5614.85058137,0.00000000,88.43489864,0.00481983,350.51328284,0.01998495,0.01998494,35593,108,1
5614.85359199,5614.85058137,0.00000000,88.43489864,0.00481983,350.51328284,0.01998495,0.01998494,35593,108,1
5615.17055573,5615.16613273,0.00000000,99.06344230,0.23051804,351.02834387,0.01998495,0.01998494,35591,108,1
5615.30665097,nan,0.00000000,103.63043991,0.52153030,351.24901709,0.01998488,0.01998494,35590,108,1
nan,nan,0.00000000,-1.00000000,0.00000000,351.50797403,nan,0.00000000,-2147483648,108,1
nan,nan,0.00000000,-1.00000000,0.00000000,351.65242143,nan,0.00000000,-2147483648,108,1
nan,nan,0.00000000,-1.00000000,0.00000000,351.74862683,nan,0.00000000,-2147483648,108,1
nan,nan,0.00000000,-1.00000000,0.00000000,351.89279564,nan,0.00000000,-2147483648,108,1
nan,nan,0.00000000,-1.00000000,0.00000000,352.03679730,nan,0.00000000,-2147483648,108,1
nan,nan,0.00000000,-1.00000000,0.00000000,352.27642856,nan,0.00000000,-2147483648,108,1
5615.93519517,nan,0.00000000,124.74935355,0.20788979,352.26442707,0.01998487,0.01998494,35586,108,1
5616.27946592,5616.27084187,0.00000000,136.33538600,0.17892395,352.81797122,0.01998497,0.01998494,35584,108,1
5616.44162706,nan,0.00000000,141.79731836,0.15151843,353.07806017,0.01998498,0.01998494,35583,108,1
5616.58494350,5616.58655290,146.67630181,146.62205101,0.21869732,353.30734553,0.01998493,0.01998494,35582,108,0
5616.58494350,5616.58655290,146.67630181,146.62205101,0.21869732,353.30734553,0.01998493,0.01998494,35582,108,0
5616.89906324,5616.90229944,0.00000000,157.22062914,0.25830090,353.80950197,0.01998493,0.01998494,35580,108,1
5616.89906324,5616.90229944,0.00000000,157.22062914,0.25830090,353.80950197,0.01998493,0.01998494,35580,108,1
5617.06633563,5617.06018602,0.00000000,162.86640260,0.05312192,354.07614422,0.01998496,0.01998494,35579,108,1
5617.23657672,nan,0.00000000,168.61561559,0.21791655,354.34706290,0.01998500,0.01998494,35578,108,1
5617.52982929,5617.53389903,0.00000000,178.52673064,0.12428121,354.81265911,0.01998492,0.01998494,35576,108,1
5617.68672691,5617.69182112,0.00000000,183.83343082,0.11733576,355.06120216,0.01998492,0.01998494,35575,108,1
5617.83166463,nan,0.00000000,188.73809865,0.13191125,355.29045011,0.01998487,0.01998494,35574,108,1
5618.00903678,5618.00769195,194.68952219,194.73506251,0.24114424,355.57014493,0.01998494,0.01998494,35573,108,0
5618.15301015,nan,0.00000000,199.62090103,0.15150505,355.79752308,0.01998489,0.01998494,35572,108,1
nan,nan,0.00000000,-1.00000000,0.00000000,356.09372659,nan,0.00000000,-2147483648,108,1
nan,nan,0.00000000,-1.00000000,0.00000000,356.37163643,nan,0.00000000,-2147483648,108,1
nan,nan,0.00000000,-1.00000000,0.00000000,356.60271636,nan,0.00000000,-2147483648,108,1
nan,nan,0.00000000,-1.00000000,0.00000000,356.69501810,nan,0.00000000,-2147483648,108,1
nan,nan,0.00000000,-1.00000000,0.00000000,356.78724542,nan,0.00000000,-2147483648,108,1
5618.98053313,nan,0.00000000,227.70044272,0.28146595,357.09568499,0.01998503,0.01998494,35567,108,1
5619.11960761,5619.11351966,0.00000000,232.42724566,0.03168399,357.31277000,0.01998496,0.01998494,35566,108,1
nan,nan,0.00000000,-1.00000000,0.00000000,357.52238444,nan,0.00000000,-2147483648,108,1
nan,nan,0.00000000,-1.00000000,0.00000000,357.84250963,nan,0.00000000,-2147483648,108,1
nan,nan,0.00000000,-1.00000000,0.00000000,358.02502882,nan,0.00000000,-2147483648,108,1
5619.74997010,5619.74561671,0.00000000,253.87975921,0.24228763,358.29278038,0.01998496,0.01998494,35562,108,1
5619.90570748,5619.90366319,0.00000000,259.18691694,0.24935445,358.53390426,0.01998495,0.01998494,35561,108,1
5619.90570748,5619.90366319,0.00000000,259.18691694,0.24935445,358.53390426,0.01998495,0.01998494,35561,108,1
5620.22171404,5620.21978283,269.88773606,269.95362629,0.08110421,359.02146476,0.01998495,0.01998494,35559,108,0
5620.37837314,5620.37785598,275.28246311,275.30011749,0.21642033,359.26277360,0.01998494,0.01998494,35558,108,0
5620.53854357,5620.53593803,0.00000000,280.78155106,0.11069093,359.50962029,0.01998495,0.01998494,35557,108,1
5620.69057371,5620.69402898,0.00000000,285.97634495,0.26611200,359.74304219,0.01998493,0.01998494,35556,108,1
5620.85474626,5620.85212881,0.00000000,291.58908666,0.06478279,359.99467915,0.01998495,0.01998494,35555,108,1
nan,nan,0.00000000,-1.00000000,0.00000000,360.23671196,nan,0.00000000,-2147483648,108,1
nan,nan,0.00000000,-1.00000000,0.00000000,360.32603488,nan,0.00000000,-2147483648,108,1
5621.17182645,5621.16835517,0.00000000,302.43842495,0.26835600,360.47942577,0.01998495,0.01998494,35553,108,1
5621.34051280,nan,0.00000000,308.21509698,0.09838948,360.73663185,0.01998499,0.01998494,35552,108,1
5621.49013849,5621.48461712,0.00000000,313.34185226,0.07816955,360.96437963,0.01998496,0.01998494,35551,108,1
5621.64768099,5621.64276144,0.00000000,318.74273529,0.22897994,361.20377534,0.01998496,0.01998494,35550,108,1
5621.79958966,5621.80091466,323.98682275,323.94135915,0.07591494,361.43369240,0.01998493,0.01998494,35549,108,0
5621.96130413,5621.95907677,329.41526870,329.49173821,0.08938456,361.67861042,0.01998495,0.01998494,35548,108,0
5622.11056368,5622.11724779,0.00000000,334.62837665,0.14514331,361.90475996,0.01998492,0.01998494,35547,108,1
5622.27677658,5622.27542771,340.28235446,340.32871671,0.17113074,362.15515171,0.01998494,0.01998494,35546,108,0
5622.44113823,5622.43361653,0.00000000,345.98898568,0.20654271,362.40318393,0.01998497,0.01998494,35545,108,1
5622.58657873,5622.59181425,0.00000000,350.99137428,0.18543061,362.62189069,0.01998492,0.01998494,35544,108,1
5622.74833133,5622.75002088,356.60853366,356.55036372,0.08044781,362.86438497,0.01998493,0.01998494,35543,108,0
5622.90695424,5622.90823641,362.05730164,362.01313324,0.23996502,363.10212058,0.01998494,0.01998494,35542,108,0
5623.07176402,5623.06646084,0.00000000,367.69757736,0.19959884,363.34891246,0.01998496,0.01998494,35541,108,1
5623.21783713,5623.22469418,0.00000000,372.73281334,0.15975680,363.56701544,0.01998492,0.01998494,35540,108,1
5623.53316493,5623.54118757,0.00000000,383.61116755,0.12592913,364.03660064,0.01998491,0.01998494,35538,108,1
5623.53316493,5623.54118757,0.00000000,383.61116755,0.12592913,364.03660064,0.01998491,0.01998494,35538,108,1
5623.69392788,5623.69944763,0.00000000,389.16189634,0.17349495,364.27535801,0.01998492,0.01998494,35537,108,1
5623.84971620,5623.85771660,0.00000000,394.54386076,0.17306413,364.50630734,0.01998491,0.01998494,35536,108,1
5624.02280643,5624.01599448,0.00000000,400.52701318,0.08994907,364.76242032,0.01998497,0.01998494,35535,108,1
5624.17687828,5624.17428126,0.00000000,405.85583808,0.11588232,364.98996197,0.01998495,0.01998494,35534,108,1
5624.33925796,5624.33257696,0.00000000,411.47514221,0.11573327,365.22933310,0.01998496,0.01998494,35533,108,1
5624.49196810,5624.49088157,416.72331319,416.76094748,0.17778956,365.45395997,0.01998494,0.01998494,35532,108,0
5624.64659349,5624.64919509,0.00000000,422.11962505,0.07346341,365.68115133,0.01998493,0.01998494,35531,108,1
5624.80946492,5624.80751752,427.69692791,427.76445789,0.04085965,365.91989510,0.01998495,0.01998494,35530,108,0
5624.95580487,5624.96584887,0.00000000,432.84078979,0.05919058,366.13408660,0.01998491,0.01998494,35529,108,1
5625.12016126,5625.12418913,0.00000000,438.54425053,0.09211154,366.37416537,0.01998493,0.01998494,35528,108,1
5625.28410397,5625.28253830,444.18334257,444.23772868,0.06015914,366.61321820,0.01998495,0.01998494,35527,108,0
5625.44296635,5625.44089639,0.00000000,449.75588585,0.14563887,366.84433222,0.01998495,0.01998494,35526,108,1
5625.60221149,5625.59926340,0.00000000,455.29153001,0.11602859,367.07560733,0.01998495,0.01998494,35525,108,1
5625.75624144,5625.75763932,460.70075942,460.65211918,0.07483425,367.29902336,0.01998494,0.01998494,35524,108,0
5625.91938722,5625.91602416,0.00000000,466.32651538,0.25064825,367.53493337,0.01998495,0.01998494,35523,108,1
5626.07646142,5626.07441793,0.00000000,471.79598770,0.07904621,367.76175456,0.01998495,0.01998494,35522,108,1
5626.23674093,5626.23282061,0.00000000,477.38024986,0.10186109,367.99275961,0.01998496,0.01998494,35521,108,1
5626.39381103,5626.39123221,0.00000000,482.85581375,0.08608976,368.21870249,0.01998495,0.01998494,35520,108,1
5626.55030875,5626.54965273,488.29865223,488.32154405,0.13144917,368.44368096,0.01998495,0.01998494,35519,108,0
5626.70204294,5626.70808217,0.00000000,493.60997282,0.10716046,368.66083011,0.01998492,0.01998494,35518,108,1
5626.86206117,5626.86652053,0.00000000,499.19769486,0.07836332,368.88970082,0.01998493,0.01998494,35517,108,1
5627.02219631,5627.02496782,0.00000000,504.79273170,0.08339986,369.11828654,0.01998493,0.01998494,35516,108,1
5627.18995708,5627.18342404,0.00000000,510.65767942,0.09399637,369.35727145,0.01998497,0.01998494,35515,108,1
5627.34708358,5627.34188917,0.00000000,516.15408200,0.08875180,369.58065532,0.01998496,0.01998494,35514,108,1
5627.50301395,5627.50036323,0.00000000,521.61173914,0.11935268,369.80190578,0.01998495,0.01998494,35513,108,1
5627.66341870,5627.65884622,0.00000000,527.22922580,0.13562872,370.02905417,0.01998496,0.01998494,35512,108,1
5627.81959850,5627.81733814,0.00000000,532.70189945,0.13643210,370.24977960,0.01998495,0.01998494,35511,108,1
5627.97397635,5627.97583898,538.18374447,538.11843232,0.13197476,370.46768938,0.01998494,0.01998494,35510,108,0
5628.13499141,5628.13434875,543.74360522,543.76615435,0.09529338,370.69431585,0.01998495,0.01998494,35509,108,0
5628.29468912,5628.29286745,549.30746670,549.37142788,0.10312921,370.91864926,0.01998495,0.01998494,35508,108,0
5628.45285034,5628.45139508,554.87550071,554.92663224,0.13014551,371.14039912,0.01998495,0.01998494,35507,108,0
5628.60977946,5628.60993164,560.44762636,560.44227578,0.02812698,371.35999882,0.01998494,0.01998494,35506,108,0
5628.77233476,5628.76847713,0.00000000,566.15418311,0.08235546,371.58681283,0.01998496,0.01998494,35505,108,1
5628.92397907,5628.92703155,0.00000000,571.48945614,0.11146636,371.79811987,0.01998493,0.01998494,35504,108,1
5629.08350508,5629.08559491,0.00000000,577.10523749,0.07016788,372.01996142,0.01998494,0.01998494,35503,108,1
5629.24367907,5629.24416720,582.77242710,582.75522719,0.06967558,372.24255894,0.01998494,0.01998494,35502,108,0
5629.40283427,5629.40274842,588.36154669,588.36457294,0.02290440,372.46296437,0.01998494,0.01998494,35501,108,0
5629.56270670,5629.56133858,593.95361607,594.00186955,0.10407888,372.68387494,0.01998495,0.01998494,35500,108,0
5629.71883398,5629.71993768,599.54885667,599.50990878,0.03053458,372.89914590,0.01998494,0.01998494,35499,108,0
5629.87953584,5629.87854571,605.14749858,605.18245900,0.02779736,373.12025304,0.01998495,0.01998494,35498,108,0
5630.03756400,5630.03716268,610.74977272,610.76395168,0.13930975,373.33722313,0.01998495,0.01998494,35497,108,0
5630.19757364,5630.19578858,616.35591095,616.41901918,0.09687457,373.55645866,0.01998495,0.01998494,35496,108,0
5630.35150006,5630.35442343,0.00000000,621.86008239,0.06388102,373.76683264,0.01998493,0.01998494,35495,108,1
5630.50990490,5630.51306721,0.00000000,627.46589023,0.10070855,373.98299673,0.01998493,0.01998494,35494,108,1
5630.67342604,5630.67171994,633.19885287,633.25928960,0.11341999,374.20577634,0.01998495,0.01998494,35493,108,0
5630.82889137,5630.83038161,638.82095024,638.76812914,0.11990325,374.41703065,0.01998494,0.01998494,35492,108,0
5630.98842936,5630.98905221,644.44660789,644.42451844,0.01821318,374.63335200,0.01998494,0.01998494,35491,108,0
5631.14552209,5631.14773176,0.00000000,649.99313275,0.08351766,374.84573130,0.01998494,0.01998494,35490,108,1
5631.30400633,5631.30642026,0.00000000,655.61839439,0.07546940,375.05968148,0.01998494,0.01998494,35489,108,1
5631.46359924,5631.46511769,661.34307148,661.28913797,0.05649365,375.27476171,0.01998494,0.01998494,35488,108,0
5631.62439681,5631.62382408,666.98164697,667.00200113,0.05757463,375.49083045,0.01998495,0.01998494,35487,108,0
5631.78366735,5631.78253940,672.62375615,672.66386500,0.12061087,375.70436720,0.01998495,0.01998494,35486,108,0
5631.94056458,5631.94126368,678.26963140,678.24475640,0.09879837,375.91426243,0.01998494,0.01998494,35485,108,0
5632.09740196,5632.09999690,0.00000000,683.82965124,0.10434595,376.12372414,0.01998493,0.01998494,35484,108,1
5632.25642386,5632.25873906,0.00000000,689.49423660,0.04284652,376.33557773,0.01998494,0.01998494,35483,108,1
5632.41531767,5632.41749018,0.00000000,695.15765881,0.06927286,376.54678683,0.01998494,0.01998494,35482,108,1
5632.57725931,5632.57625025,700.89468523,700.93068806,0.15430595,376.76146503,0.01998495,0.01998494,35481,108,0
5632.73637402,5632.73501926,706.56124726,706.60961426,0.08484315,376.97203455,0.01998495,0.01998494,35480,108,0
5632.89399037,5632.89379723,712.23152955,712.23842915,0.11699645,377.18014960,0.01998494,0.01998494,35479,108,0
5633.05299087,5633.05258415,717.90530803,717.91984493,0.05734679,377.38960734,0.01998495,0.01998494,35478,108,0
5633.21364341,5633.21138002,0.00000000,723.66389322,0.00617181,377.60075914,0.01998495,0.01998494,35477,108,1
5633.36720817,5633.37018484,0.00000000,729.15723769,0.09837510,377.80211651,0.01998493,0.01998494,35476,108,1
5633.52777731,5633.52899861,734.94601695,734.90229816,0.04783366,378.01209533,0.01998494,0.01998494,35475,108,0
5633.68798577,5633.68782135,740.63295833,740.63884753,0.02404346,378.22114570,0.01998494,0.01998494,35474,108,0
5633.84770275,5633.84665303,746.32356302,746.36118394,0.07509950,378.42906347,0.01998495,0.01998494,35473,108,0
5634.00757435,5634.00549367,0.00000000,752.09928144,0.04676780,378.63693742,0.01998495,0.01998494,35472,108,1
5634.16704974,5634.16434327,0.00000000,757.82147245,0.08390202,378.84362031,0.01998495,0.01998494,35471,108,1
5634.32288040,5634.32320183,763.41922944,763.40768703,0.05302000,379.04479951,0.01998494,0.01998494,35470,108,0
5634.48285057,5634.48206934,769.12606260,769.15413514,0.01924335,379.25113865,0.01998495,0.01998494,35469,108,0
5634.64022707,5634.64094581,774.83694333,774.81109939,0.08642013,379.45365976,0.01998494,0.01998494,35468,108,0
5634.80113603,5634.79983125,780.55178205,780.59872773,0.02822811,379.66023752,0.01998495,0.01998494,35467,108,0
5634.95811055,5634.95872564,786.27048878,786.24834451,0.11248563,379.86128322,0.01998494,0.01998494,35466,108,0
5635.11721136,5635.11762899,791.99297317,791.97792868,0.06982545,380.06456311,0.01998494,0.01998494,35465,108,0
5635.27583749,5635.27654131,797.71917029,797.69380148,0.10258349,380.26674290,0.01998494,0.01998494,35464,108,0
5635.43405405,5635.43546259,803.44910672,803.39830650,0.04432908,380.46790947,0.01998494,0.01998494,35463,108,0
5635.59412313,5635.59439283,809.18282957,809.17309656,0.03434622,380.67093273,0.01998494,0.01998494,35462,108,0
5635.75297727,5635.75333203,814.92038613,814.90757559,0.02615785,380.87191957,0.01998494,0.01998494,35461,108,0
5635.91091238,5635.91228021,820.66182388,820.61240086,0.07853471,381.07125479,0.01998494,0.01998494,35460,108,0
5636.07186421,5636.07123734,826.40719049,826.42985536,0.08962319,381.27389650,0.01998495,0.01998495,35459,108,0
5636.23243425,5636.23020344,0.00000000,832.24942315,0.05946897,381.47597632,0.01998495,0.01998495,35458,108,1
5636.38774171,5636.38917851,837.90982538,837.85781128,0.07999741,381.67012163,0.01998494,0.01998495,35457,108,0
5636.54796374,5636.54816255,843.66708969,843.65988792,0.05215237,381.87035051,0.01998494,0.01998495,35456,108,0
5636.70270966,5636.70715556,0.00000000,849.27998451,0.07330058,382.06369678,0.01998493,0.01998495,35455,108,1
5636.86297041,5636.86615753,0.00000000,855.09084968,0.05233474,382.26298252,0.01998493,0.01998495,35454,108,1
5637.02643564,5637.02516848,860.96259814,861.00858691,0.03630665,382.46528195,0.01998495,0.01998495,35453,108,0
5637.18517673,5637.18418839,866.73567618,866.77156835,0.05168671,382.66165909,0.01998495,0.01998495,35452,108,0
5637.34377160,5637.34321728,872.51281074,872.53295439,0.06083742,382.85735851,0.01998495,0.01998495,35451,108,0
5637.50002131,5637.50225514,0.00000000,878.22584836,0.08356624,383.05011921,0.01998494,0.01998495,35450,108,1
5637.66164390,5637.66130198,884.07969242,884.09213491,0.03463715,383.24811426,0.01998495,0.01998495,35449,108,0
5637.82154868,5637.82035778,889.86966215,889.91302886,0.09551070,383.44393844,0.01998495,0.01998495,35448,108,0
5637.97923165,5637.97942257,895.66413355,895.65717628,0.06285237,383.63655691,0.01998494,0.01998495,35447,108,0
5638.13602286,5638.13849632,0.00000000,901.38093522,0.04288437,383.82787525,0.01998494,0.01998495,35446,108,1
5638.29851976,5638.29757906,907.26648798,907.30081658,0.05040596,384.02510165,0.01998495,0.01998495,35445,108,0
5638.45694191,5638.45667077,913.07394763,913.08384839,0.07019693,384.21713311,0.01998495,0.01998495,35444,108,0
5638.61584798,5638.61577145,918.88528561,918.88808172,0.06386900,384.40923684,0.01998495,0.01998495,35443,108,0
5638.77546751,5638.77488112,924.70026825,924.72170500,0.08657906,384.60167554,0.01998495,0.01998495,35442,108,0
5638.93353271,5638.93399976,930.51866146,930.50157860,0.02108609,384.79171056,0.01998494,0.01998495,35441,108,0
5639.09241297,5639.09312739,936.34036450,936.31422053,0.08578143,384.98218989,0.01998494,0.01998495,35440,108,0
5639.25414197,5639.25226399,0.00000000,942.23103944,0.06307187,385.17543102,0.01998495,0.01998495,35439,108,1
5639.41237052,5639.41140958,947.99456260,948.02976969,0.06431525,385.36417708,0.01998495,0.01998495,35438,108,0
5639.57017029,5639.57056415,953.82755478,953.81311527,0.04030292,385.55179293,0.01998495,0.01998495,35437,108,0
5639.72943568,5639.72972770,959.66480886,959.65409542,0.06575456,385.74064044,0.01998495,0.01998495,35436,108,0
5639.88778688,5639.88890024,965.50657415,965.46569805,0.04016175,385.92790168,0.01998494,0.01998495,35435,108,0
5640.04950319,5640.04808176,971.35294885,971.40517382,0.05469194,386.11862727,0.01998495,0.01998495,35434,108,0
5640.20645508,5640.20727226,977.20376782,977.17372324,0.05524873,386.30322934,0.01998494,0.01998495,35433,108,0
5640.36798020,5640.36647175,983.05883892,983.11433520,0.07105873,386.49268381,0.01998495,0.01998495,35432,108,0
5640.52637017,5640.52568023,988.91796917,988.94336801,0.06898732,386.67793495,0.01998495,0.01998495,35431,108,0
5640.68402914,5640.68489769,994.78096481,994.74897213,0.05874954,386.86180650,0.01998494,0.01998495,35430,108,0
5640.84685763,5640.84412415,0.00000000,1000.73848127,0.07683499,387.05083838,0.01998496,0.01998495,35429,108,1
5641.00472805,5641.00335959,1006.51793554,1006.56839947,0.02727074,387.23418562,0.01998495,0.01998495,35428,108,0
5641.16403152,5641.16260402,1012.39200253,1012.44467474,0.08757893,387.41834395,0.01998495,0.01998495,35427,108,0
5641.32211823,5641.32185744,1018.26998544,1018.27961423,0.08724923,387.60056428,0.01998495,0.01998495,35426,108,0
5641.48135444,5641.48111985,1024.15203403,1024.16070095,0.05485478,387.78357779,0.01998495,0.01998495,35425,108,0
5641.64017003,5641.64039126,1030.03829869,1030.03012002,0.06479417,387.96557959,0.01998495,0.01998495,35424,108,0
5641.79841045,5641.79967165,1035.92892343,1035.88226456,0.08400805,388.14640058,0.01998494,0.01998495,35423,108,0
5641.96038309,5641.95896104,1041.82393035,1041.87657573,0.04596686,388.33094636,0.01998495,0.01998495,35422,108,0
5642.11969105,5642.11825943,1047.72323759,1047.77627280,0.09296141,388.51191923,0.01998495,0.01998495,35421,108,0
5642.27842613,5642.27756681,1053.62675967,1053.65861434,0.05836388,388.69170777,0.01998495,0.01998495,35420,108,0
5642.43726990,5642.43688318,1059.53441071,1059.54875534,0.07065429,388.87108237,0.01998495,0.01998495,35419,108,0
5642.59630026,5642.59620855,1065.44610446,1065.44950829,0.09636733,389.05012558,0.01998495,0.01998495,35418,108,0
5642.75652358,5642.75554292,1071.36176262,1071.39818305,0.06294505,389.22995966,0.01998495,0.01998495,35417,108,0
5642.91676437,5642.91488629,0.00000000,1077.34563280,0.06028023,389.40909100,0.01998495,0.01998495,35416,108,1
5643.07469324,5643.07423865,1083.20500364,1083.22190737,0.08024023,389.58542484,0.01998495,0.01998495,35415,108,0
5643.23311211,5643.23360001,1089.13266427,1089.11451039,0.06324711,389.76159607,0.01998495,0.01998495,35414,108,0
5643.39215766,5643.39297038,1095.06440402,1095.03414539,0.02875612,389.93791744,0.01998495,0.01998495,35413,108,0
5643.55294728,5643.55234974,1101.00026237,1101.02252404,0.03839045,390.11561528,0.01998495,0.01998495,35412,108,0
5643.71146848,5643.71173811,1106.94029366,1106.93024202,0.02010489,390.29025816,0.01998495,0.01998495,35411,108,0
5643.87132238,5643.87113548,1112.88462499,1112.89159726,0.05830347,390.46582067,0.01998495,0.01998495,35410,108,0
5644.03021820,5644.03054185,1118.83340630,1118.82132410,0.05210655,390.63978801,0.01998495,0.01998495,35409,108,0
5644.18988047,5644.18995723,1124.78678818,1124.78392085,0.07568452,390.81405219,0.01998495,0.01998495,35408,108,0
5644.34989764,5644.34938161,1130.74492186,1130.76421466,0.08908023,390.98816122,0.01998495,0.01998495,35407,108,0
5644.51053454,5644.50881499,1136.70795901,1136.77229798,0.02641868,391.16240120,0.01998495,0.01998495,35406,108,0
5644.66924006,5644.66825738,1142.67595401,1142.71275010,0.09289217,391.33401154,0.01998495,0.01998495,35405,108,0
5644.82821167,5644.82770878,1148.64871017,1148.66755418,0.07461694,391.50536953,0.01998495,0.01998495,35404,108,0
5644.98734195,5644.98716919,1154.62599020,1154.63246810,0.08067158,391.67634896,0.01998495,0.01998495,35403,108,0
5645.14761290,5645.14663860,1160.60755577,1160.64411238,0.07543219,391.84798988,0.01998495,0.01998495,35402,108,0
5645.30527802,5645.30611703,1166.59316747,1166.56166839,0.05619329,392.01627967,0.01998494,0.01998495,35401,108,0
5645.46661188,5645.46560446,1172.58259001,1172.62043364,0.06863956,392.18790196,0.01998495,0.01998495,35400,108,0
5645.62522959,5645.62510090,1178.57579280,1178.58062984,0.09887473,392.35605746,0.01998495,0.01998495,35399,108,0
5645.78449323,5645.78460636,1184.57301581,1184.56876095,0.05595375,392.52432720,0.01998495,0.01998495,35398,108,0
5645.94482064,5645.94412083,1190.57451852,1190.60085695,0.07331842,392.69314941,0.01998495,0.01998495,35397,108,0
5646.10425335,5646.10364431,1196.58056152,1196.60350044,0.08394522,392.86046683,0.01998495,0.01998495,35396,108,0
5646.26313980,5646.26317680,1202.59140657,1202.59001201,0.07857593,393.02665845,0.01998495,0.01998495,35395,108,0
5646.42288893,5646.42271831,1208.60729549,1208.61373172,0.06864279,393.19320145,0.01998495,0.01998495,35394,108,0
5646.58193035,5646.58226884,1214.62822362,1214.61544554,0.10293006,393.35845606,0.01998495,0.01998495,35393,108,0
5646.74098039,5646.74182838,1220.65402541,1220.62198934,0.05896193,393.52316408,0.01998494,0.01998495,35392,108,0
5646.90172767,5646.90139693,1226.68453182,1226.69703560,0.06700109,393.68905896,0.01998495,0.01998495,35391,108,0
5647.05998317,5647.06097451,1232.71957304,1232.68206928,0.04212174,393.85181568,0.01998494,0.01998495,35390,108,0
5647.22181030,5647.22056110,1238.75897850,1238.80626873,0.03939919,394.01765802,0.01998495,0.01998495,35389,108,0
5647.38130459,5647.38015671,1244.80261631,1244.84609909,0.04140772,394.18052330,0.01998495,0.01998495,35388,108,0
5647.54073041,5647.53976134,1250.85053357,1250.88726709,0.07723170,394.34273683,0.01998495,0.01998495,35387,108,0
5647.69987933,5647.69937499,1256.90282869,1256.92195887,0.03284704,394.50408962,0.01998495,0.01998495,35386,108,0
5647.85917590,5647.85899766,1262.95960051,1262.96636610,0.02724463,394.66501403,0.01998495,0.01998495,35385,108,0
5648.01927470,5648.01862936,1269.02094831,1269.04546140,0.01756676,394.82616727,0.01998495,0.01998495,35384,108,0
5648.17744468,5648.17827007,1275.08697137,1275.05559684,0.05770395,394.98480752,0.01998495,0.01998495,35383,108,0
5648.33789368,5648.33791981,1281.15772624,1281.15673199,0.02631118,395.14515318,0.01998495,0.01998495,35382,108,0
5648.49726650,5648.49757858,1287.23319120,1287.22131167,0.06601072,395.30384257,0.01998495,0.01998495,35381,108,0
5648.65682788,5648.65724637,1293.31333613,1293.29739451,0.04475652,395.46213748,0.01998495,0.01998495,35380,108,0
5648.81678469,5648.81692318,1299.39813076,1299.39285127,0.05758893,395.62023762,0.01998495,0.01998495,35379,108,0
5648.97537468,5648.97660903,1305.48754466,1305.44045809,0.07049894,395.77640425,0.01998494,0.01998495,35378,108,0
5649.13577186,5649.13630389,1311.58154688,1311.56123733,0.07562305,395.93375810,0.01998495,0.01998495,35377,108,0
5649.29572304,5649.29600779,1317.68010101,1317.66922358,0.06641848,396.09007874,0.01998495,0.01998495,35376,108,0
5649.45614373,5649.45572072,1323.78316654,1323.79933659,0.04642179,396.24625819,0.01998495,0.01998495,35375,108,0
5649.61244270,5649.61544267,0.00000000,1329.77893890,0.05826438,396.39792013,0.01998494,0.01998495,35374,108,1
5649.77440643,5649.77517366,1336.00266832,1335.97330131,0.02866326,396.55431788,0.01998495,0.01998495,35373,108,0
5649.93395306,5649.93491367,1342.11902238,1342.08222886,0.03497766,396.70784965,0.01998495,0.01998495,35372,108,0
5650.09607015,5650.09466272,1348.23975364,1348.29369708,0.06360161,396.86323669,0.01998495,0.01998495,35371,108,0
5650.25618743,5650.25442080,0.00000000,1354.43753885,0.05338368,397.01621597,0.01998496,0.01998495,35370,108,1
5650.41424652,5650.41418792,1360.49484918,1360.49709831,0.05449205,397.16639910,0.01998495,0.01998495,35369,108,0
5650.57449411,5650.57396406,1366.62951648,1366.64987524,0.06651911,397.31818375,0.01998495,0.01998495,35368,108,0
5650.73436940,5650.73374925,1372.76913328,1372.79297124,0.05931340,397.46901699,0.01998495,0.01998495,35367,108,0
5650.89461196,5650.89354346,1378.91385047,1378.95495470,0.01961144,397.61959863,0.01998495,0.01998495,35366,108,0
5651.05490154,5651.05334672,1385.06370996,1385.12356873,0.05166130,397.76962466,0.01998496,0.01998495,35365,108,0
5651.21286399,5651.21315901,1391.21859998,1391.20723341,0.05328917,397.91688136,0.01998495,0.01998495,35364,108,0
5651.37373099,5651.37298034,1397.37839667,1397.40733877,0.07462279,398.06623790,0.01998495,0.01998495,35363,108,0
5651.53328295,5651.53281071,1403.54297561,1403.56119634,0.08486601,398.21376299,0.01998495,0.01998495,35362,108,0
5651.69297672,5651.69265012,1409.71221178,1409.72482197,0.07618114,398.36080581,0.01998495,0.01998495,35361,108,0
5651.85334648,5651.85249856,1415.88599105,1415.91875089,0.03383089,398.50784923,0.01998495,0.01998495,35360,108,0
5652.01308159,5652.01235605,1422.06428777,1422.09233861,0.04564321,398.65368919,0.01998495,0.01998495,35359,108,0
5652.17198750,5652.17222258,1428.24711785,1428.23802320,0.04153640,398.79815544,0.01998495,0.01998495,35358,108,0
5652.33295344,5652.33209815,1434.43449747,1434.46760946,0.04998391,398.94386633,0.01998495,0.01998495,35357,108,0
5652.49176189,5652.49198277,1440.62644292,1440.61788603,0.07289845,399.08700350,0.01998495,0.01998495,35356,108,0
5652.65193751,5652.65187643,1446.82297094,1446.82533902,0.03964467,399.23074727,0.01998495,0.01998495,35355,108,0
5652.81103644,5652.81177913,1453.02416747,1452.99535489,0.04825220,399.37290322,0.01998495,0.01998495,35354,108,0
5652.97065022,5652.97169088,1459.23026349,1459.18986063,0.03281824,399.51490038,0.01998495,0.01998495,35353,108,0
5653.13037371,5653.13161167,1465.44150922,1465.39340837,0.04402303,399.65637874,0.01998495,0.01998495,35352,108,0
5653.29290659,5653.29154152,1471.65815608,1471.71124052,0.06390376,399.79971661,0.01998495,0.01998495,35351,108,0
5653.45276166,5653.45148041,1477.88045666,1477.93032495,0.02832377,399.94007800,0.01998495,0.01998495,35350,108,0
5653.61096319,5653.61142834,1484.10863006,1484.09050975,0.04985176,400.07839004,0.01998495,0.01998495,35349,108,0
5653.76979073,5653.77138533,1490.34251938,1490.28034887,0.07672550,400.21664611,0.01998494,0.01998495,35348,108,0
5653.93139980,5653.93135137,1496.58173550,1496.58362533,0.06158983,400.35669233,0.01998495,0.01998495,35347,108,0
5654.09201797,5654.09132646,1502.82588409,1502.85288476,0.03723771,400.49523846,0.01998495,0.01998495,35346,108,0
5654.25073275,5654.25131059,1509.07456890,1509.05199226,0.01372671,400.63150439,0.01998495,0.01998495,35345,108,0
5654.41104723,5654.41130379,1515.32739244,1515.31736302,0.06350073,400.76848938,0.01998495,0.01998495,35344,108,0
5654.57102227,5654.57130603,1521.58415608,1521.57305668,0.06916993,400.90452306,0.01998495,0.01998495,35343,108,0
5654.73191586,5654.73131733,1527.84514541,1527.86857268,0.05472959,401.04067642,0.01998495,0.01998495,35342,108,0
5654.89179017,5654.89133768,1534.11071915,1534.12844243,0.04466592,401.17531654,0.01998495,0.01998495,35341,108,0
5655.04985753,5655.05136709,1540.38123777,1540.32206553,0.06591882,401.30780326,0.01998495,0.01998495,35340,108,0
5655.21100778,5655.21140555,1546.65706345,1546.64145850,0.06112458,401.44223339,0.01998495,0.01998495,35339,108,0
5655.37147162,5655.37145307,1552.93853049,1552.93925862,0.02862917,401.57545359,0.01998495,0.01998495,35338,108,0
5655.53101429,5655.53150965,1559.22564957,1559.20618359,0.04423122,401.70727685,0.01998495,0.01998495,35337,108,0
5655.69185157,5655.69157529,1565.51823028,1565.52909599,0.06345817,401.83952577,0.01998495,0.01998495,35336,108,0
5655.85212492,5655.85164998,1571.81607830,1571.83477083,0.03332653,401.97066186,0.01998495,0.01998495,35335,108,0
5656.01144611,5656.01173374,1578.11899836,1578.10766979,0.04978371,402.10037088,0.01998495,0.01998495,35334,108,0
5656.17233696,5656.17182655,1584.42679480,1584.44691238,0.05765364,402.23069635,0.01998495,0.01998495,35333,108,0
5656.33222293,5656.33192843,1590.73937078,1590.75098669,0.07043358,402.35954574,0.01998495,0.01998495,35332,108,0
5656.49210462,5656.49203937,1597.05684101,1597.05941653,0.04926364,402.48773236,0.01998495,0.01998495,35331,108,0
5656.65254585,5656.65215937,1603.37934788,1603.39461415,0.07209721,402.61570604,0.01998495,0.01998495,35330,108,0
5656.81252596,5656.81228843,1609.70703446,1609.71642431,0.07540719,402.74265319,0.01998495,0.01998495,35329,108,0
5656.97190661,5656.97242656,1616.04004449,1616.01947364,0.05656542,402.86847163,0.01998495,0.01998495,35328,108,0
5657.13339024,5657.13257376,1622.37850456,1622.41083303,0.06906829,402.99528615,0.01998495,0.01998495,35327,108,0
5657.29370758,5657.29273002,1628.72239921,1628.76113668,0.03991547,403.12052139,0.01998495,0.01998495,35326,108,0
5657.45250994,5657.45289534,1635.07164467,1635.05636056,0.02861302,403.24391805,0.01998495,0.01998495,35325,108,0
5657.61326466,5657.61306974,1641.42615631,1641.43389228,0.05324193,403.36816422,0.01998495,0.01998495,35324,108,0
5657.77490695,5657.77325320,1647.78584906,1647.85153197,0.05275711,403.49241565,0.01998496,0.01998495,35323,108,0
5657.93301577,5657.93344573,1654.15063908,1654.13354947,0.03884061,403.61328725,0.01998495,0.01998495,35322,108,0
5658.09355441,5658.09364733,1660.52052343,1660.51682737,0.05434532,403.73534302,0.01998495,0.01998495,35321,108,0
5658.25281356,5658.25385800,1666.89561673,1666.85404012,0.04129623,403.85575597,0.01998495,0.01998495,35320,108,0
5658.41322148,5658.41407775,1673.27604331,1673.24193088,0.06408574,403.97636346,0.01998495,0.01998495,35319,108,0
5658.57403366,5658.57430656,1679.66192810,1679.65104745,0.07809981,404.09659637,0.01998495,0.01998495,35318,108,0
5658.73420434,5658.73454445,1686.05339667,1686.03982503,0.04425374,404.21567478,0.01998495,0.01998495,35317,108,0
5658.89568466,5658.89479141,1692.45053673,1692.48621051,0.05013045,404.33504471,0.01998496,0.01998495,35316,108,0
5659.05630275,5659.05504744,1698.85326681,1698.90344056,0.05010461,404.45309432,0.01998496,0.01998495,35315,108,0
5659.21528622,5659.21531255,1705.26145820,1705.26040491,0.05966103,404.56926755,0.01998495,0.01998495,35314,108,0
5659.37510505,5659.37558674,1711.67498155,1711.65569890,0.05953472,404.68537016,0.01998495,0.01998495,35313,108,0
5659.53643868,5659.53587000,1718.09370686,1718.11648891,0.02947211,404.80187646,0.01998495,0.01998495,35312,108,0
5659.69580084,5659.69616234,1724.51751273,1724.50302034,0.04589804,404.91626784,0.01998495,0.01998495,35311,108,0
5659.85691860,5659.85646376,1730.94641705,1730.96466545,0.03328754,405.03121959,0.01998495,0.01998495,35310,108,0
5660.01707039,5660.01677425,1737.38054577,1737.39243578,0.06904585,405.14478527,0.01998495,0.01998495,35309,108,0
5660.17677597,5660.17709383,1743.82002826,1743.80725602,0.03931735,405.25734310,0.01998495,0.01998495,35308,108,0
5660.33781742,5660.33742248,1750.26499456,1750.28087670,0.06409722,405.37014365,0.01998495,0.01998495,35307,108,0
5660.49742120,5660.49776022,1756.71557488,1756.70193025,0.05639836,405.48124522,0.01998495,0.01998495,35306,108,0
5660.65817061,5660.65810704,1763.17184777,1763.17440837,0.02772387,405.59244733,0.01998495,0.01998495,35305,108,0
5660.81710822,5660.81846294,1769.63379184,1769.57917793,0.06782501,405.70170613,0.01998495,0.01998495,35304,108,0
5660.97828234,5660.97882792,1776.10137423,1776.07936180,0.05307671,405.81179923,0.01998495,0.01998495,35303,108,0
5661.13778633,5661.13920199,1782.57456188,1782.51739877,0.07798994,405.92005191,0.01998495,0.01998495,35302,108,0
5661.29986366,5661.29958515,1789.05332156,1789.06457697,0.03821053,406.02933562,0.01998495,0.01998495,35301,108,0
5661.45978796,5661.45997738,1795.53762076,1795.52995970,0.04527716,406.13645824,0.01998495,0.01998495,35300,108,0
5661.62100531,5661.62037871,1802.02743109,1802.05279342,0.01610675,406.24373138,0.01998496,0.01998495,35299,108,0
5661.78158433,5661.78078912,1808.52272532,1808.55493756,0.06808657,406.34986314,0.01998496,0.01998495,35298,108,0
5661.94227210,5661.94120862,1815.02347608,1815.06658896,0.03326496,406.45534847,0.01998496,0.01998495,35297,108,0
5662.10199734,5662.10163721,1821.52965582,1821.54426645,0.04586995,406.55948747,0.01998496,0.01998495,35296,108,0
5662.26228092,5662.26207489,1828.04124162,1828.04960687,0.04813145,406.66327220,0.01998495,0.01998495,35295,108,0
5662.42308327,5662.42252166,1834.55827178,1834.58109239,0.05455773,406.76666849,0.01998496,0.01998495,35294,108,0
5662.58289953,5662.58297752,1841.08082747,1841.07765606,0.02500220,406.86871121,0.01998495,0.01998495,35293,108,0
5662.74500184,5662.74344247,1847.60899112,1847.67245664,0.06301233,406.97148015,0.01998496,0.01998495,35292,108,0
5662.90315801,5662.90391651,1854.14284559,1854.11194999,0.02953317,407.07103476,0.01998495,0.01998495,35291,108,0
5663.06408458,5663.06439965,1860.68247419,1860.66963009,0.07966633,407.17161012,0.01998495,0.01998495,35290,108,0
5663.22414830,5663.22489188,1867.22796304,1867.19762410,0.03397493,407.27092194,0.01998495,0.01998495,35289,108,0
5663.38485900,5663.38539320,1873.77940208,1873.75758736,0.07632007,407.36990773,0.01998495,0.01998495,35288,108,0
5663.54518925,5663.54590363,1880.33688195,1880.30768423,0.06300760,407.46793210,0.01998495,0.01998495,35287,108,0
5663.70762447,5663.70642314,1886.90049376,1886.94963756,0.02080156,407.56650201,0.01998496,0.01998495,35286,108,0
5663.86708610,5663.86695176,1893.47032899,1893.47582979,0.07943594,407.66254077,0.01998495,0.01998495,35285,108,0
5664.02715976,5664.02748947,1900.04640191,1900.03289032,0.02816462,407.75822197,0.01998495,0.01998495,35284,108,0
5664.18706889,5664.18803628,1906.62850857,1906.58883092,0.06401633,407.85307329,0.01998495,0.01998495,35283,108,0
5664.34866522,5664.34859219,1913.21640588,1913.21940344,0.04093546,407.94817695,0.01998496,0.01998495,35282,108,0
5664.50810996,5664.50915720,1919.80984947,1919.76682916,0.07618261,408.04127148,0.01998495,0.01998495,35281,108,0
5664.66928403,5664.66973131,1926.40859361,1926.39020606,0.03752514,408.13462033,0.01998495,0.01998495,35280,108,0
5664.82903716,5664.83031452,1933.01246013,1932.95991054,0.01647908,408.22639242,0.01998495,0.01998495,35279,108,0
5664.99048700,5664.99090684,1939.62164735,1939.60436204,0.03973242,408.31837767,0.01998495,0.01998495,35278,108,0
5665.15163082,5665.15150826,1946.23648321,1946.24153345,0.07275159,408.40942781,0.01998496,0.01998495,35277,108,0
5665.31235326,5665.31211878,1952.85729757,1952.86696755,0.04170040,408.49948525,0.01998496,0.01998496,35276,108,0
5665.47188564,5665.47273841,1959.48442198,1959.44922074,0.05679109,408.58813290,0.01998495,0.01998496,35275,108,0
5665.63313431,5665.63336714,1966.11815344,1966.10853356,0.05337955,408.67698371,0.01998495,0.01998496,35274,108,0
5665.79483943,5665.79400498,1972.75841023,1972.79291928,0.06309513,408.76532478,0.01998496,0.01998496,35273,108,0
5665.95420672,5665.95465192,1979.40488355,1979.38645640,0.03853096,408.85163649,0.01998495,0.01998496,35272,108,0
5666.11646297,5666.11530798,1986.05725993,1986.10510465,0.07400597,408.93873932,0.01998496,0.01998496,35271,108,0
5666.27688449,5666.27597314,1992.71522415,1992.75300471,0.03730877,409.02408380,0.01998496,0.01998496,35270,108,0
5666.43748255,5666.43664741,1999.37847081,1999.41311687,0.04783069,409.10874602,0.01998496,0.01998496,35269,108,0
5666.59648866,5666.59733079,2006.04693345,2006.01197181,0.03644789,409.19180130,0.01998495,0.01998496,35268,108,0
5666.75842540,5666.75802328,2012.72077302,2012.73747997,0.07334019,409.27560233,0.01998496,0.01998496,35267,108,0
5666.91883537,5666.91872488,2019.40016026,2019.40475435,0.05030724,409.35783244,0.01998496,0.01998496,35266,108,0
5667.07949533,5667.07943560,2026.08526684,2026.08775262,0.03246489,409.43941182,0.01998496,0.01998496,35265,108,0
5667.23997124,5667.24015543,2032.77626550,2032.76859417,0.07607755,409.52011962,0.01998495,0.01998496,35264,108,0
5667.40139493,5667.40088437,2039.47333685,2039.49461962,0.04736452,409.60051955,0.01998496,0.01998496,35263,108,0
5667.56076884,5667.56162243,2046.17667220,2046.14105860,0.05306895,409.67912666,0.01998495,0.01998496,35262,108,0
5667.72213765,5667.72236960,2052.88646462,2052.87677812,0.06426666,409.75793627,0.01998495,0.01998496,35261,108,0
5667.88236440,5667.88312589,2059.60290823,2059.57107793,0.06151097,409.83541005,0.01998495,0.01998496,35260,108,0
5668.04500615,5668.04389130,2066.32619741,2066.37284428,0.06030082,409.91325841,0.01998496,0.01998496,35259,108,0
5668.20469974,5668.20466582,2073.05642101,2073.05784151,0.03287337,409.98891666,0.01998495,0.01998496,35258,108,0
5668.36479882,5668.36544946,2079.79345738,2079.76618191,0.08201701,410.06398839,0.01998495,0.01998496,35257,108,0
5668.52582653,5668.52624222,2086.53715930,2086.51971692,0.02656978,410.13870504,0.01998495,0.01998496,35256,108,0
5668.68742909,5668.68704410,2093.28737875,2093.30354739,0.07279296,410.21288729,0.01998496,0.01998496,35255,108,0
5668.84730083,5668.84785510,2100.04396691,2100.02066843,0.04349389,410.28548135,0.01998495,0.01998496,35254,108,0
5669.00832513,5669.00867523,2106.80680643,2106.79207759,0.06690206,410.35779725,0.01998495,0.01998496,35253,108,0
5669.16971830,5669.16950447,2113.57586477,2113.58486830,0.02756170,410.42946902,0.01998496,0.01998496,35252,108,0
5669.33062979,5669.33034284,2120.35112320,2120.36321604,0.05057448,410.50011731,0.01998496,0.01998496,35251,108,0
5669.49126860,5669.49119033,2127.13256283,2127.13586406,0.03249290,410.56983713,0.01998496,0.01998496,35250,108,0
5669.65115376,5669.65204695,2133.92016469,2133.88245944,0.06874857,410.63842503,0.01998495,0.01998496,35249,108,0
5669.81342388,5669.81291269,2140.71394311,2140.73554140,0.05099716,410.70721293,0.01998496,0.01998496,35248,108,0
5669.97245497,5669.97378756,2147.51402393,2147.45767151,0.04442708,410.77382223,0.01998495,0.01998496,35247,108,0
5670.13444316,5670.13467155,2154.32055688,2154.31088990,0.06850186,410.84084943,0.01998496,0.01998496,35246,108,0
5670.29556796,5670.29556468,2161.13369252,2161.13383147,0.07350293,410.90669684,0.01998496,0.01998496,35245,108,0
5670.45664776,5670.45646693,2167.95358223,2167.96125051,0.03230611,410.97170486,0.01998496,0.01998496,35244,108,0
5670.61627765,5670.61737831,2174.78033821,2174.73362033,0.07594203,411.03531647,0.01998495,0.01998496,35243,108,0
5670.77770384,5670.77829882,2181.61391618,2181.58863825,0.04668391,411.09881969,0.01998495,0.01998496,35242,108,0
5670.93926102,5670.93922846,2188.45423307,2188.45561791,0.04908473,411.16154131,0.01998496,0.01998496,35241,108,0
5671.10000467,5671.10016723,2195.30120530,2195.29428629,0.05402673,411.22311666,0.01998496,0.01998496,35240,108,0
5671.26055013,5671.26111514,2202.15474881,2202.13067899,0.06533904,411.28378611,0.01998496,0.01998496,35239,108,0
5671.42266140,5671.42207217,2209.01477689,2209.03990107,0.04336885,411.34420242,0.01998496,0.01998496,35238,108,0
5671.58363645,5671.58303834,2215.88119309,2215.90671803,0.07500656,411.40335198,0.01998496,0.01998496,35237,108,0
5671.74372302,5671.74401365,2222.75389790,2222.74148423,0.05965478,411.46133852,0.01998496,0.01998496,35236,108,0
5671.90539380,5671.90499809,2229.63279126,2229.64970702,0.06201647,411.51904907,0.01998496,0.01998496,35235,108,0
5672.06595489,5672.06599167,2236.51777245,2236.51619901,0.05206005,411.57551518,0.01998496,0.01998496,35234,108,0
5672.22769335,5672.22699438,2243.40878998,2243.43871893,0.06463775,411.63153793,0.01998496,0.01998496,35233,108,0
5672.38766619,5672.38800623,2250.30601041,2250.29143769,0.05363201,411.68610171,0.01998496,0.01998496,35232,108,0
5672.54918560,5672.54902722,2257.20966110,2257.21645439,0.06383279,411.74033745,0.01998496,0.01998496,35231,108,0
5672.71023173,5672.71005735,2264.11997075,2264.12745717,0.06294352,411.79355775,0.01998496,0.01998496,35230,108,0
5672.87076820,5672.87109662,2271.03716935,2271.02305573,0.07996469,411.84575767,0.01998496,0.01998496,35229,108,0
5673.03157131,5673.03214503,2277.96144483,2277.93676580,0.02941853,411.89719039,0.01998496,0.01998496,35228,108,0
5673.19260891,5673.19320258,2284.89280557,2284.86724363,0.06459477,411.94783905,0.01998496,0.01998496,35227,108,0
5673.35370535,5673.35426928,2291.83121300,2291.80690854,0.05558932,411.99764314,0.01998496,0.01998496,35226,108,0
5673.51408374,5673.51534511,2298.77662829,2298.72221384,0.05407473,412.04636489,0.01998495,0.01998496,35225,108,0
5673.67624898,5673.67643009,2305.72901237,2305.72119199,0.05267977,412.09475370,0.01998496,0.01998496,35224,108,0
5673.83752767,5673.83752422,2312.68830985,2312.68845912,0.04721545,412.14200158,0.01998496,0.01998496,35223,108,0
5673.99819538,5673.99862749,2319.65440597,2319.63571323,0.02839353,412.18819809,0.01998496,0.01998496,35222,108,0
5674.15971683,5674.15973990,2326.62717171,2326.62617284,0.05058729,412.23375901,0.01998496,0.01998496,35221,108,0
5674.32095023,5674.32086146,2333.60647729,2333.61032421,0.04045510,412.27835432,0.01998496,0.01998496,35220,108,0
5674.48143417,5674.48199217,2340.59219215,2340.56798998,0.05016384,412.32186168,0.01998496,0.01998496,35219,108,0
5674.64263352,5674.64313203,2347.58428650,2347.56264571,0.02702778,412.36467592,0.01998496,0.01998496,35218,108,0
5674.80312041,5674.80428104,2354.58303724,2354.53260744,0.04617345,412.40641703,0.01998495,0.01998496,35217,108,0
5674.96518966,5674.96543920,2361.58878072,2361.57792784,0.01962707,412.44767413,0.01998496,0.01998496,35216,108,0
5675.12647069,5675.12660651,2368.60185527,2368.59594242,0.04840235,412.48783642,0.01998496,0.01998496,35215,108,0
5675.28834524,5675.28778297,2375.62260062,2375.64710600,0.05577554,412.52724871,0.01998496,0.01998496,35214,108,0
5675.44871988,5675.44896858,2382.65119571,2382.64034555,0.04541924,412.56540689,0.01998496,0.01998496,35213,108,0
5675.60926903,5675.61016334,2389.68744034,2389.64838377,0.04788403,412.60271637,0.01998496,0.01998496,35212,108,0
5675.77113703,5675.77136726,2396.73107888,2396.72101449,0.04715628,412.63942638,0.01998496,0.01998496,35211,108,0
5675.93177008,5675.93258033,2403.78185416,2403.74640065,0.03715215,412.67495298,0.01998496,0.01998496,35210,108,0
5676.09388138,5676.09380256,2410.83950892,2410.84296069,0.09190606,412.70989019,0.01998496,0.01998496,35209,108,0
5676.25441661,5676.25503395,2417.90390459,2417.87684363,0.06762496,412.74357734,0.01998496,0.01998496,35208,108,0
5676.41718087,5676.41627449,2424.97510697,2425.01487476,0.08027028,412.77680505,0.01998496,0.01998496,35207,108,0
5676.57655158,5676.57752419,2432.05320229,2432.01049007,0.06607674,412.80843323,0.01998496,0.01998496,35206,108,0
5676.73833675,5676.73878304,2439.13827726,2439.11865978,0.06694080,412.83962064,0.01998496,0.01998496,35205,108,0
5676.89980524,5676.90005106,2446.23042139,2446.21960569,0.07030726,412.86982061,0.01998496,0.01998496,35204,108,0
5677.06113112,5677.06132823,2453.32979646,2453.32111538,0.04617178,412.89906758,0.01998496,0.01998496,35203,108,0
5677.22112453,5677.22261457,2460.43665021,2460.37096035,0.01826651,412.92715677,0.01998495,0.01998496,35202,108,0
5677.38404571,5677.38391007,2467.55123677,2467.55722277,0.06110499,412.95482042,0.01998496,0.01998496,35201,108,0
5677.54423452,5677.54521473,2474.67381184,2474.63050614,0.03666554,412.98109375,0.01998496,0.01998496,35200,108,0
5677.70700142,5677.70652855,2481.80460824,2481.82552264,0.05439382,413.00684681,0.01998496,0.01998496,35199,108,0
5677.86698105,5677.86785154,2488.94349083,2488.90494992,0.06511739,413.03122891,0.01998496,0.01998496,35198,108,0
5678.03007129,5678.02918369,2496.09003715,2496.12937448,0.06926973,413.05513156,0.01998496,0.01998496,35197,108,0
5678.19113256,5678.19052501,2503.24381463,2503.27076555,0.04469016,413.07778771,0.01998496,0.01998496,35196,108,0
5678.35059682,5678.35187549,2510.40438796,2510.34761790,0.03904097,413.09928600,0.01998496,0.01998496,35195,108,0
5678.51380625,5678.51323514,2517.57138225,2517.59675960,0.01133793,413.12032399,0.01998496,0.01998496,35194,108,0
5678.67438537,5678.67460396,2524.74491319,2524.73519171,0.03445804,413.14006785,0.01998496,0.01998496,35193,108,0
5678.83515901,5678.83598194,2531.92532877,2531.88869566,0.06038305,413.15888499,0.01998496,0.01998496,35192,108,0
5678.99641706,5678.99736910,2539.11298046,2539.07055919,0.06026505,413.17680155,0.01998496,0.01998496,35191,108,0
5679.15951836,5679.15876542,2546.30822193,2546.34180617,0.03202037,413.19394566,0.01998496,0.01998496,35190,108,0
5679.31980247,5679.32017092,2553.51133100,2553.49487973,0.03951120,413.20983385,0.01998496,0.01998496,35189,108,0
5679.48082182,5679.48158559,2560.72226847,2560.68813103,0.03054999,413.22483383,0.01998496,0.01998496,35188,108,0
5679.64353110,5679.64300942,2567.94091350,2567.96425395,0.07804082,413.23900942,0.01998496,0.01998496,35187,108,0
5679.80363527,5679.80444244,2575.16714447,2575.13099559,0.05361347,413.25199151,0.01998496,0.01998496,35186,108,0
5679.96558224,5679.96588462,2582.40083939,2582.38728425,0.03555496,413.26414454,0.01998496,0.01998496,35185,108,0
5680.12770465,5680.12733598,2589.64194297,2589.65848562,0.03557339,413.27532205,0.01998496,0.01998496,35184,108,0
5680.28946669,5680.28879652,2596.89053929,2596.92064080,0.05563067,413.28548601,0.01998496,0.01998496,35183,108,0
5680.45053759,5680.45026623,2604.14673022,2604.15893079,0.06930961,413.29462247,0.01998496,0.01998496,35182,108,0
5680.61202324,5680.61174512,2611.41061828,2611.42313559,0.03971569,413.30279385,0.01998496,0.01998496,35181,108,0
5680.77299610,5680.77323318,2618.68230684,2618.67162574,0.02967817,413.30995124,0.01998496,0.01998496,35180,108,0
5680.93398050,5680.93473043,2625.96190564,2625.92808441,0.05424106,413.31611964,0.01998496,0.01998496,35179,108,0
5681.09575597,5681.09623685,2633.24953111,2633.22782091,0.05911425,413.32131847,0.01998496,0.01998496,35178,108,0
5681.25723352,5681.25775246,2640.54530065,2640.52184745,0.02949178,413.32550510,0.01998496,0.01998496,35177,108,0
5681.41765242,5681.41927724,0.00000000,2647.78723944,0.03921253,413.32867349,0.01998496,0.01998496,35176,108,1
5681.58026242,5681.58081121,2655.16172882,2655.13687256,0.06953174,413.33086132,0.01998496,0.01998496,35175,108,0
5681.74210559,5681.74235436,2662.48245829,2662.47117879,0.02494716,413.33202467,0.01998496,0.01998496,35174,108,0
5681.90283496,5681.90390669,2669.81142266,2669.76277746,0.05456059,413.33217126,0.01998496,0.01998496,35173,108,0
5682.06544791,5682.06546820,2677.14852266,2677.14760055,0.05317715,413.33129333,0.01998496,0.01998496,35172,108,0
5682.22779303,5682.22703890,2684.49365837,2684.52795958,0.04058969,413.32938395,0.01998496,0.01998496,35171,108,0
5682.38796549,5682.38861879,2691.84677579,2691.81703030,0.04904707,413.32648560,0.01998496,0.01998496,35170,108,0
5682.54918433,5682.55020786,2699.20797063,2699.16131936,0.05452386,413.32254757,0.01998496,0.01998496,35169,108,0
5682.71095880,5682.71180611,2706.57736929,2706.53870856,0.03234416,413.31756331,0.01998496,0.01998496,35168,108,0
5682.87492910,5682.87341356,2713.95509898,2714.02432463,0.07573437,413.31145237,0.01998497,0.01998496,35167,108,0
5683.03394108,5683.03503019,2721.34128394,2721.29148229,0.05044642,413.30450456,0.01998496,0.01998496,35166,108,0
5683.19652581,5683.19665602,2728.73590565,2728.72994534,0.04222176,413.29635717,0.01998496,0.01998496,35165,108,0
5683.35884385,5683.35829103,2736.13876032,2736.16409261,0.06947681,413.28716756,0.01998496,0.01998496,35164,108,0
5683.51861180,5683.51993523,2743.54963055,2743.48892510,0.02961954,413.27708944,0.01998496,0.01998496,35163,108,0
5683.68172917,5683.68158863,2750.96829745,2750.97475013,0.06855745,413.26574001,0.01998496,0.01998496,35162,108,0
5683.84278035,5683.84325122,2758.39457909,2758.37293830,0.03512871,413.25348084,0.01998496,0.01998496,35161,108,0
5684.00535158,5684.00492300,2765.82861927,2765.84833643,0.07925407,413.24004098,0.01998496,0.01998496,35160,108,0
5684.16572150,5684.16660397,2773.27072794,2773.23008659,0.05154375,413.22573110,0.01998496,0.01998496,35159,108,0
5684.32671129,5684.32829414,0.00000000,2780.65018641,0.04850499,413.21030700,0.01998496,0.01998496,35158,108,1
5684.48907105,5684.48999351,2788.18040574,2788.13782884,0.07297065,413.19368568,0.01998496,0.01998496,35157,108,0
5684.65047623,5684.65170207,2795.64851221,2795.59186799,0.03204349,413.17608450,0.01998496,0.01998496,35156,108,0
5684.81317925,5684.81341983,2803.12550596,2803.11437668,0.07468253,413.15725503,0.01998496,0.01998496,35155,108,0
5684.97475125,5684.97514678,2810.61131244,2810.59299423,0.04499754,413.13747333,0.01998496,0.01998496,35154,108,0
5685.13655913,5685.13688294,2818.10585661,2818.09084394,0.05258987,413.11657771,0.01998496,0.01998496,35153,108,0
5685.29887402,5685.29862829,2825.60906453,2825.62046982,0.02800825,413.09452236,0.01998496,0.01998496,35152,108,0
5685.46105119,5685.46038284,2833.12089472,2833.15194939,0.05512332,413.07138776,0.01998496,0.01998496,35151,108,0
5685.62146740,5685.62214660,2840.64133536,2840.60974226,0.05103391,413.04742131,0.01998496,0.01998496,35150,108,0
5685.78414977,5685.78391955,2848.17037560,2848.18109567,0.05674229,413.02201276,0.01998496,0.01998496,35149,108,0
5685.94463916,5685.94570171,2855.70800447,2855.65847217,0.03477442,412.99585445,0.01998496,0.01998496,35148,108,0
5686.10642310,5686.10749307,2863.25419760,2863.20426585,0.05917724,412.96838375,0.01998496,0.01998496,35147,108,0
5686.26919641,5686.26929364,2870.80887090,2870.80432897,0.05074057,412.93962593,0.01998496,0.01998496,35146,108,0
5686.43032508,5686.43110341,2878.37192303,2878.33552480,0.06315184,412.91005008,0.01998496,0.01998496,35145,108,0
5686.59245105,5686.59292238,2885.94325191,2885.92118733,0.06785156,412.87917499,0.01998496,0.01998496,35144,108,0
5686.75370135,5686.75475057,2893.52275963,2893.47359299,0.06262562,412.84735317,0.01998496,0.01998496,35143,108,0
5686.91586129,5686.91658795,2901.11052561,2901.07643801,0.05011652,412.81422832,0.01998496,0.01998496,35142,108,0
5687.07802711,5687.07843455,2908.70685366,2908.68771968,0.06496489,412.77997078,0.01998496,0.01998496,35141,108,0
5687.23989941,5687.24029036,2916.31206390,2916.29368379,0.04561517,412.74464181,0.01998496,0.01998496,35140,108,0
5687.40226590,5687.40215537,2923.92647870,2923.93168135,0.06238446,412.70806216,0.01998496,0.01998496,35139,108,0
5687.56406188,5687.56402959,2931.55035840,2931.55187974,0.04538379,412.67046746,0.01998496,0.01998496,35138,108,0
5687.72625503,5687.72591303,2939.18360283,2939.19973845,0.05685084,412.63163132,0.01998496,0.01998496,35137,108,0
5687.88723314,5687.88780568,2946.82598413,2946.79894152,0.05903681,412.59194584,0.01998496,0.01998496,35136,108,0
5688.05049694,5688.04970754,2954.47727264,2954.51459913,0.01017517,412.55053408,0.01998497,0.01998496,35135,108,0
5688.21098470,5688.21161861,2962.13724189,2962.10723609,0.05375148,412.50868280,0.01998496,0.01998496,35134,108,0
5688.37366931,5688.37353890,2969.80587119,2969.81205087,0.05213203,412.46509798,0.01998496,0.01998496,35133,108,0
5688.53518542,5688.53546840,2977.48342092,2977.46999630,0.02400280,412.42066516,0.01998496,0.01998496,35132,108,0
5688.69691356,5688.69740712,2985.17017327,2985.14673208,0.04332197,412.37500953,0.01998496,0.01998496,35131,108,0
5688.86018082,5688.85935505,2992.86641242,2992.90567898,0.06780383,412.32773188,0.01998497,0.01998496,35130,108,0
5689.02103614,5689.02131220,3000.57237753,3000.55923455,0.04648188,412.27998043,0.01998496,0.01998496,35129,108,0
5689.18355594,5689.18327857,3008.28805944,3008.30128083,0.06903883,412.23054926,0.01998496,0.01998496,35128,108,0
5689.34662909,5689.34525416,3016.01336610,3016.07898167,0.05624663,412.17974854,0.01998497,0.01998496,35127,108,0
5689.50638386,5689.50723896,3023.74820469,3023.70734931,0.07406014,412.12881148,0.01998496,0.01998496,35126,108,0
5689.66894336,5689.66923299,3031.49248544,3031.47863141,0.04717673,412.07578808,0.01998496,0.01998496,35125,108,0
5689.83068881,5689.83123624,3039.24622813,3039.22001196,0.05235311,412.02183277,0.01998496,0.01998496,35124,108,0
5689.99348656,5689.99324871,3047.00957794,3047.02098254,0.02792187,411.96631531,0.01998496,0.01998496,35123,108,0
5690.15413263,5690.15527040,3054.78268785,3054.72806965,0.05218576,411.91033552,0.01998496,0.01998496,35122,108,0
5690.31695376,5690.31730131,3062.56571188,3062.54900700,0.05471397,411.85238017,0.01998496,0.01998496,35121,108,0
5690.47846172,5690.47934145,3070.35870735,3070.31637297,0.08249707,411.79367666,0.01998496,0.01998496,35120,108,0
5690.64227943,5690.64139082,3078.16136409,3078.20417550,0.05344339,411.73289511,0.01998497,0.01998496,35119,108,0
5690.80294834,5690.80344941,3085.97328317,3085.94911657,0.07410003,411.67206941,0.01998496,0.01998496,35118,108,0
5690.96583760,5690.96551722,3093.79406265,3093.80953068,0.07610571,411.60917686,0.01998497,0.01998496,35117,108,0
5691.12733815,5691.12759427,3101.62333546,3101.61095691,0.04708066,411.54560087,0.01998496,0.01998496,35116,108,0
5691.28914671,5691.28968054,3109.46126823,3109.43543976,0.06616340,411.48068088,0.01998496,0.01998496,35115,108,0
5691.45176877,5691.45177604,3117.30842689,3117.30807494,0.04410437,411.41419290,0.01998496,0.01998496,35114,108,0
5691.61239176,5691.61388077,3125.16539095,3125.09317667,0.06329260,411.34729163,0.01998496,0.01998496,35113,108,0
5691.77605162,5691.77599473,3133.03274238,3133.03550506,0.07768010,411.27785823,0.01998496,0.01998496,35112,108,0
5691.93777865,5691.93811792,3140.91079957,3140.89430294,0.05141468,411.20798107,0.01998496,0.01998496,35111,108,0
5692.10044811,5692.10025035,3148.79933534,3148.80896371,0.05430912,411.13642697,0.01998497,0.01998496,35110,108,0
5692.26135527,5692.26239200,3156.69805377,3156.64751937,0.06976382,411.06439358,0.01998496,0.01998496,35109,108,0
5692.42512649,5692.42454289,3164.60665665,3164.63513744,0.05591117,410.98979537,0.01998497,0.01998496,35108,108,0
5692.58734227,5692.58670302,3172.52490267,3172.55613574,0.02967745,410.91462820,0.01998497,0.01998496,35107,108,0
5692.74841015,5692.74887237,3180.45289678,3180.43028677,0.05514272,410.83872999,0.01998496,0.01998496,35106,108,0
5692.91142429,5692.91105097,3188.39087178,3188.40915550,0.06450352,410.76062687,0.01998497,0.01998496,35105,108,0
5693.07315312,5693.07323880,3196.33906232,3196.33486084,0.04817092,410.68185277,0.01998496,0.01998496,35104,108,0
5693.23602680,5693.23543587,3204.29769390,3204.32670784,0.05828418,410.60121904,0.01998497,0.01998496,35103,108,0
5693.39767579,5693.39764217,3212.26678231,3212.26843464,0.06401879,410.51989513,0.01998497,0.01998496,35102,108,0
5693.55937193,5693.55985772,3220.24615171,3220.22224139,0.06889186,410.43725276,0.01998496,0.01998496,35101,108,0
5693.71993178,5693.72208251,0.00000000,3228.12486705,0.05789884,410.35395807,0.01998496,0.01998496,35100,108,1
5693.88421998,5693.88431653,3236.23499603,3236.23023277,0.05185446,410.26730046,0.01998496,0.01998496,35099,108,0
5694.04650975,5694.04655980,3244.24423268,3244.24176034,0.05020606,410.18042609,0.01998496,0.01998496,35098,108,0
5694.20884104,5694.20881231,3252.26354922,3252.26497001,0.07866418,410.09220954,0.01998497,0.01998496,35097,108,0
5694.37100398,5694.37107406,3260.29320292,3260.28973290,0.05597253,410.00275923,0.01998496,0.01998496,35096,108,0
5694.53156883,5694.53334506,0.00000000,3268.24435797,0.03789915,409.91288989,0.01998496,0.01998496,35095,108,1
5694.69370032,5694.69562530,0.00000000,3276.28852240,0.06614069,409.82079320,0.01998496,0.01998496,35094,108,1
5694.85771884,5694.85791478,3284.44641520,3284.43667499,0.05871160,409.72625965,0.01998496,0.01998496,35093,108,0
5695.01900349,5695.02021352,3292.51909975,3292.45887548,0.06835599,409.63196205,0.01998496,0.01998496,35092,108,0
5695.18248590,5695.18252150,3300.60252712,3300.60075331,0.06958970,409.53501465,0.01998497,0.01998496,35091,108,0
5695.34481034,5695.34483872,3308.69665319,3308.69523681,0.05648497,409.43739031,0.01998497,0.01998497,35090,108,0
5695.50970263,5695.50716520,0.00000000,3316.92809464,0.05353909,409.33682759,0.01998497,0.01998497,35089,108,1
5695.66847950,5695.66950093,3324.91687566,3324.86578129,0.02612839,409.23865816,0.01998496,0.01998497,35088,108,0
5695.83160180,5695.83184590,3333.04291927,3333.03069338,0.04917431,409.13643697,0.01998496,0.01998497,35087,108,0
5695.99393917,5695.99420013,3341.17955322,3341.16646680,0.06297402,409.03332830,0.01998496,0.01998497,35086,108,0
5696.15551876,5696.15656360,3349.32689194,3349.27442851,0.05107707,408.92932854,0.01998496,0.01998497,35085,108,0
5696.31799977,5696.31893634,3357.48521260,3357.43812492,0.08828473,408.82335969,0.01998496,0.01998497,35084,108,0
5696.48226197,5696.48131832,3365.65480384,3365.70231199,0.07586146,408.71480467,0.01998497,0.01998497,35083,108,0
5696.64511624,5696.64370956,3373.83595564,3373.90687228,0.04345731,408.60575729,0.01998497,0.01998497,35082,108,0
5696.80650807,5696.80611005,3382.02880464,3382.04889775,0.03450469,408.49628466,0.01998497,0.01998497,35081,108,0
5696.96995087,5696.96851980,3390.23316084,3390.30550187,0.05971281,408.38399341,0.01998497,0.01998497,35080,108,0
5697.13062834,5697.13093880,3398.44879117,3398.43307678,0.05951153,408.27220007,0.01998496,0.01998497,35079,108,0
5697.29360179,5697.29336707,3406.67546060,3406.68735631,0.04096237,408.15738768,0.01998497,0.01998497,35078,108,0
5697.45676653,5697.45580459,3414.91299819,3414.96181145,0.02900605,408.04100390,0.01998497,0.01998497,35077,108,0
5697.61797739,5697.61825137,3423.16147405,3423.14755372,0.03295012,407.92459636,0.01998497,0.01998497,35076,108,0
5697.78050420,5697.78070741,3431.42101434,3431.41067648,0.02021995,407.80580580,0.01998497,0.01998497,35075,108,0
5697.94306177,5697.94317271,3439.69174619,3439.68609466,0.03937651,407.68554705,0.01998497,0.01998497,35074,108,0
5698.10560680,5698.10564727,3447.97380123,3447.97173706,0.04768870,407.56384501,0.01998497,0.01998497,35073,108,0
5698.26842909,5698.26813109,3456.26733327,3456.28255367,0.04973831,407.44047186,0.01998497,0.01998497,35072,108,0
5698.43164618,5698.43062418,3464.57250536,3464.62477640,0.04876785,407.31532188,0.01998497,0.01998497,35071,108,0
5698.59389218,5698.59312653,3472.88948183,3472.92869514,0.06349723,407.18944255,0.01998497,0.01998497,35070,108,0
5698.75636700,5698.75563814,3481.21840851,3481.25578900,0.07603654,407.06190556,0.01998497,0.01998497,35069,108,0
5698.91756245,5698.91815903,3489.55923936,3489.52860137,0.04913212,406.93390463,0.01998496,0.01998497,35068,108,0
5699.08011633,5699.08068917,3497.91181909,3497.88236076,0.04746234,406.80334125,0.01998497,0.01998497,35067,108,0
5699.24197989,5699.24322858,3506.27598978,3506.21169101,0.08499781,406.67184914,0.01998496,0.01998497,35066,108,0
5699.40660376,5699.40577727,3514.65159192,3514.69420640,0.07313428,406.53659393,0.01998497,0.01998497,35065,108,0
5699.56831517,5699.56833522,3523.03846218,3523.03742756,0.08463511,406.40223603,0.01998497,0.01998497,35064,108,0
5699.73214075,5699.73090243,3531.43643385,3531.50044344,0.07288853,406.26460787,0.01998497,0.01998497,35063,108,0
5699.89340283,5699.89347892,3539.84533870,3539.84140044,0.04374401,406.12764317,0.01998497,0.01998497,35062,108,0
5700.05506584,5700.05606468,3548.26502909,3548.21327103,0.05278569,405.98885174,0.01998496,0.01998497,35061,108,0
5700.21796907,5700.21865972,3556.69586518,3556.66003029,0.05483952,405.84747954,0.01998496,0.01998497,35060,108,0
5700.38071086,5700.38126402,3565.13871980,3565.10997747,0.04046486,405.70470812,0.01998496,0.01998497,35059,108,0
5700.54349465,5700.54387760,3573.59449536,3573.57456690,0.06220464,405.56033978,0.01998497,0.01998497,35058,108,0
5700.70558081,5700.70650045,3582.06407750,3582.01614347,0.06816632,405.41501884,0.01998496,0.01998497,35057,108,0
5700.86962028,5700.86913258,3590.54754469,3590.57300420,0.06808730,405.26634250,0.01998497,0.01998497,35056,108,0
5701.03180618,5701.03177398,3599.04398950,3599.04567287,0.02713865,405.11776931,0.01998497,0.01998497,35055,108,0
5701.19477950,5701.19442466,3607.55243737,3607.57101162,0.05754139,404.96690701,0.01998497,0.01998497,35054,108,0
5701.35671891,5701.35708461,3616.07192511,3616.05275965,0.04853543,404.81545693,0.01998497,0.01998497,35053,108,0
5701.51900154,5701.51975385,3624.60236668,3624.56288950,0.08278589,404.66213768,0.01998496,0.01998497,35052,108,0
5701.68217926,5701.68243236,3633.14489521,3633.13159470,0.06758976,404.50638447,0.01998497,0.01998497,35051,108,0
5701.84530875,5701.84512016,3641.70074258,3641.71066900,0.07658395,404.34905698,0.01998497,0.01998497,35050,108,0
5702.00782360,5702.00781723,3650.27113442,3650.27147011,0.06408374,404.19068250,0.01998497,0.01998497,35049,108,0
5702.17026179,5702.17052359,3658.85641488,3658.84258992,0.06227905,404.03073409,0.01998497,0.01998497,35048,108,0
5702.33256124,5702.33323922,3667.45561683,3667.41976038,0.05222135,403.86928758,0.01998496,0.01998497,35047,108,0
5702.49535562,5702.49596414,3676.06765913,3676.03543190,0.05738372,403.70572143,0.01998497,0.01998497,35046,108,0
5702.65877227,5702.65869835,3684.69146500,3684.69538486,0.05889513,403.53990588,0.01998497,0.01998497,35045,108,0
5702.82012071,5702.82144184,0.00000000,3693.25224555,0.02416918,403.37467718,0.01998496,0.01998497,35044,108,1
5702.98442483,5702.98419461,3701.97412093,3701.98636177,0.06405144,403.20460393,0.01998497,0.01998497,35043,108,0
5703.14719779,5703.14695667,3710.63460022,3710.64743976,0.08011005,403.03453458,0.01998497,0.01998497,35042,108,0
5703.30951760,5703.30972802,3719.30899218,3719.29776953,0.05707036,402.86326668,0.01998497,0.01998497,35041,108,0
5703.47287417,5703.47250865,3727.99757760,3728.01710248,0.07621525,402.68920706,0.01998497,0.01998497,35040,108,0
5703.63606790,5703.63529858,3736.69982472,3736.74098078,0.03369872,402.51362453,0.01998497,0.01998497,35039,108,0
5703.79803050,5703.79809779,3745.41513641,3745.41153170,0.02803385,402.33769598,0.01998497,0.01998497,35038,108,0
5703.96025003,5703.96090629,3754.14292122,3754.10771714,0.03549417,402.15982617,0.01998497,0.01998497,35037,108,0
5704.12440595,5704.12372409,3762.88297235,3762.91959955,0.07635114,401.97813829,0.01998497,0.01998497,35036,108,0
5704.28562517,5704.28655117,3771.63556306,3771.58575218,0.06742198,401.79803009,0.01998497,0.01998497,35035,108,0
5704.45029228,5704.44938755,3780.40099888,3780.44973530,0.10021922,401.61234860,0.01998497,0.01998497,35034,108,0
5704.61195931,5704.61223322,3789.17958400,3789.16480736,0.07090780,401.42834536,0.01998497,0.01998497,35033,108,0
5704.77484313,5704.77508819,3797.97152776,3797.95828824,0.09549991,401.24123855,0.01998497,0.01998497,35032,108,0
5704.93669910,5704.93795245,3806.77694078,3806.70912736,0.04313227,401.05359514,0.01998496,0.01998497,35031,108,0
5705.10116140,5705.10082601,3815.59593002,3815.61410350,0.05973568,400.86116805,0.01998497,0.01998497,35030,108,0
5705.26380442,5705.26370886,3824.42859897,3824.43378452,0.08160664,400.66911414,0.01998497,0.01998497,35029,108,0
5705.42626038,5705.42660101,3833.27498199,3833.25646923,0.06012001,400.47553132,0.01998497,0.01998497,35028,108,0
5705.58809892,5705.58950246,0.00000000,3842.05221935,0.03817929,400.28108258,0.01998496,0.01998497,35027,108,1
5705.75257515,5705.75241321,3851.00880052,3851.01762768,0.07707834,400.08138629,0.01998497,0.01998497,35026,108,0
5705.91470076,5705.91533326,3859.89622545,3859.86169594,0.07176973,399.88291221,0.01998497,0.01998497,35025,108,0
5706.07587848,5706.07826261,0.00000000,3868.66836528,0.07655902,399.68381645,0.01998496,0.01998497,35024,108,1
5706.24065410,5706.24120126,3877.71395703,3877.68399112,0.05509812,399.47848670,0.01998497,0.01998497,35023,108,0
5706.40398998,5706.40414921,3886.64554055,3886.63680521,0.08267171,399.27307581,0.01998497,0.01998497,35022,108,0
5706.56871680,5706.56710647,0.00000000,3895.68479333,0.07651896,399.06395095,0.01998497,0.01998497,35021,108,1
5706.73067031,5706.73007303,3904.55582871,3904.58870423,0.12275107,398.85665441,0.01998497,0.01998497,35020,108,0
5706.89291727,5706.89304889,3913.53322385,3913.52596810,0.03702777,398.64708346,0.01998497,0.01998497,35019,108,0
5707.05722799,5707.05603406,3922.52431017,3922.59021977,0.08614773,398.43300208,0.01998497,0.01998497,35018,108,0
5707.21882400,5707.21902854,3931.52858177,3931.51727459,0.08010708,398.22065257,0.01998497,0.01998497,35017,108,0
5707.38011413,5707.38203232,0.00000000,3940.44076457,0.11048013,398.00689194,0.01998496,0.01998497,35016,108,1
5707.54434762,5707.54504541,3949.58071315,3949.54200989,0.06213722,397.78733276,0.01998497,0.01998497,35015,108,0
5707.70843914,5707.70806781,3958.63113977,3958.65177377,0.08664516,397.56601041,0.01998497,0.01998497,35014,108,0
5707.86987307,5707.87109952,0.00000000,3967.62501476,0.07372142,397.34648152,0.01998497,0.01998497,35013,108,1
5708.03516917,5708.03414054,3976.78194061,3976.83929178,0.03936886,397.11948256,0.01998497,0.01998497,35012,108,0
5708.19811879,5708.19719087,3985.87914390,3985.93095131,0.06770797,396.89394217,0.01998497,0.01998497,35011,108,0
5708.36037489,5708.36025051,3994.98860728,3994.99555999,0.05436637,396.66752822,0.01998497,0.01998497,35010,108,0
5708.52259831,5708.52331947,4004.11021008,4004.06984263,0.08788530,396.43932800,0.01998497,0.01998497,35009,108,0
5708.68505592,5708.68639773,0.00000000,4013.16102130,0.07404639,396.20915328,0.01998496,0.01998497,35008,108,1
5708.84922453,5708.84948532,4022.39770202,4022.38305408,0.07264932,395.97408101,0.01998497,0.01998497,35007,108,0
5709.01297769,5709.01258222,4031.56761913,4031.58987623,0.06435931,395.73780474,0.01998497,0.01998497,35006,108,0
5709.17610891,5709.17568843,4040.75557656,4040.77928428,0.08401305,395.50038965,0.01998497,0.01998497,35005,108,0
5709.34048495,5709.33880396,0.00000000,4050.04018374,0.09237020,395.25952496,0.01998498,0.01998497,35004,108,1
5709.50262288,5709.50192881,4059.17974172,4059.21899901,0.06989171,395.01920790,0.01998497,0.01998497,35003,108,0
5709.66461190,5709.66506297,4068.41320162,4068.38765208,0.08116047,394.77757949,0.01998497,0.01998497,35002,108,0
5709.82018173,5709.82820646,0.00000000,4077.18517941,0.20572858,394.54424970,0.01998494,0.01998497,35001,108,1
5709.99129723,5709.99135927,4086.92288168,4086.91935702,0.10392866,394.28438674,0.01998497,0.01998497,35000,108,0
nan,nan,0.00000000,-1.00000000,0.00000000,394.06731703,nan,0.00000000,-2147483648,108,1
nan,nan,0.00000000,-1.00000000,0.00000000,386.96131725,nan,0.00000000,-2147483648,107,1
nan,nan,0.00000000,-1.00000000,0.00000000,387.11229104,nan,0.00000000,-2147483648,107,1
nan,nan,0.00000000,-1.00000000,0.00000000,387.36353910,nan,0.00000000,-2147483648,107,1
nan,nan,0.00000000,-1.00000000,0.00000000,387.71449903,nan,0.00000000,-2147483648,107,1
nan,nan,0.00000000,-1.00000000,0.00000000,387.81460458,nan,0.00000000,-2147483648,107,1
nan,nan,0.00000000,-1.00000000,0.00000000,387.91463513,nan,0.00000000,-2147483648,107,1
nan,nan,0.00000000,-1.00000000,0.00000000,388.26415155,nan,0.00000000,-2147483648,107,1
nan,nan,0.00000000,-1.00000000,0.00000000,388.41366308,nan,0.00000000,-2147483648,107,1
nan,nan,0.00000000,-1.00000000,0.00000000,388.71217997,nan,0.00000000,-2147483648,107,1
5666.11316006,5666.11530798,47.95887475,47.88780201,0.00428564,389.25215515,0.01998495,0.01998496,35271,107,0
5666.11316006,5666.11530798,47.95887475,47.88780201,0.00428564,389.25215515,0.01998495,0.01998496,35271,107,0
nan,nan,0.00000000,-1.00000000,0.00000000,389.55431256,nan,0.00000000,-2147483648,107,1
nan,nan,0.00000000,-1.00000000,0.00000000,389.70236173,nan,0.00000000,-2147483648,107,1
5666.59369371,5666.59733079,0.00000000,63.79891536,0.16232795,390.03726179,0.01998494,0.01998496,35268,107,1
5666.59369371,5666.59733079,0.00000000,63.79891536,0.16232795,390.03726179,0.01998494,0.01998496,35268,107,1
5666.92349489,5666.91872488,0.00000000,74.73231887,0.17961639,390.57400038,0.01998497,0.01998496,35266,107,1
nan,nan,0.00000000,-1.00000000,0.00000000,390.83179936,nan,0.00000000,-2147483648,107,1
5667.24136707,5667.24015543,85.24082621,85.28105029,0.27262246,391.08973034,0.01998496,0.01998496,35264,107,0
5667.37727684,nan,0.00000000,89.79500373,0.06210487,391.30978115,0.01998487,0.01998496,35263,107,1
nan,nan,0.00000000,-1.00000000,0.00000000,391.66022605,nan,0.00000000,-2147483648,107,1
nan,nan,0.00000000,-1.00000000,0.00000000,391.80585647,nan,0.00000000,-2147483648,107,1
nan,nan,0.00000000,-1.00000000,0.00000000,391.99976785,nan,0.00000000,-2147483648,107,1
nan,nan,0.00000000,-1.00000000,0.00000000,392.14500449,nan,0.00000000,-2147483648,107,1
5668.06183068,nan,0.00000000,112.56000299,0.09518487,392.41373031,0.01998502,0.01998496,35259,107,1
nan,nan,0.00000000,-1.00000000,0.00000000,392.43497148,nan,0.00000000,-2147483648,107,1
nan,nan,0.00000000,-1.00000000,0.00000000,392.67609496,nan,0.00000000,-2147483648,107,1
nan,nan,0.00000000,-1.00000000,0.00000000,392.77241308,nan,0.00000000,-2147483648,107,1
nan,nan,0.00000000,-1.00000000,0.00000000,392.86865620,nan,0.00000000,-2147483648,107,1
nan,nan,0.00000000,-1.00000000,0.00000000,393.20491641,nan,0.00000000,-2147483648,107,1
5668.69520690,5668.68704410,0.00000000,133.66852028,0.12666838,393.42866814,0.01998499,0.01998496,35255,107,1
nan,nan,0.00000000,-1.00000000,0.00000000,393.68369414,nan,0.00000000,-2147483648,107,1
5669.00292432,5669.00867523,0.00000000,143.93967050,0.14925980,393.91950260,0.01998494,0.01998496,35253,107,1
5669.16058889,5669.16950447,0.00000000,149.20631326,0.00694036,394.17041593,0.01998493,0.01998496,35252,107,1
nan,nan,0.00000000,-1.00000000,0.00000000,394.44583780,nan,0.00000000,-2147483648,107,1
nan,nan,0.00000000,-1.00000000,0.00000000,394.73040391,nan,0.00000000,-2147483648,107,1
nan,nan,0.00000000,-1.00000000,0.00000000,395.01429486,nan,0.00000000,-2147483648,107,1
nan,nan,0.00000000,-1.00000000,0.00000000,395.15598715,nan,0.00000000,-2147483648,107,1
5669.96167391,5669.97378756,0.00000000,176.00825635,0.08271555,395.43925412,0.01998491,0.01998496,35247,107,1
5670.14451824,5670.13467155,0.00000000,182.13566602,0.07601356,395.72744141,0.01998499,0.01998496,35246,107,1
nan,nan,0.00000000,-1.00000000,0.00000000,396.00259612,nan,0.00000000,-2147483648,107,1
5670.62279937,5670.61737831,0.00000000,198.18127354,0.05758806,396.47876971,0.01998498,0.01998496,35243,107,1
5670.62279937,5670.61737831,0.00000000,198.18127354,0.05758806,396.47876971,0.01998498,0.01998496,35243,107,1
nan,nan,0.00000000,-1.00000000,0.00000000,396.70346153,nan,0.00000000,-2147483648,107,1
nan,nan,0.00000000,-1.00000000,0.00000000,396.98262602,nan,0.00000000,-2147483648,107,1
5671.10689052,5671.10016723,0.00000000,214.44788394,0.08595082,397.23551708,0.01998498,0.01998496,35240,107,1
5671.25651825,5671.26111514,0.00000000,219.48106157,0.15145399,397.46866270,0.01998494,0.01998496,35239,107,1
5671.42021121,5671.42207217,225.04507374,224.98241844,0.11251672,397.72295166,0.01998495,0.01998496,35238,107,0
5671.58273875,5671.58303834,230.46597629,230.45588421,0.04753088,397.97538801,0.01998496,0.01998496,35237,107,0
5671.74672534,5671.74401365,0.00000000,235.98835541,0.07360109,398.22997460,0.01998497,0.01998496,35236,107,1
5671.91045203,5671.90499809,0.00000000,241.50777054,0.20783837,398.48338827,0.01998498,0.01998496,35235,107,1
5672.06803086,5672.06599167,246.74698377,246.81577802,0.01590317,398.72655649,0.01998496,0.01998496,35234,107,0
5672.23447516,5672.22699438,0.00000000,252.43994455,0.05353144,398.98363176,0.01998498,0.01998496,35233,107,1
5672.38302549,5672.38800623,0.00000000,257.45586368,0.10850424,399.21240403,0.01998494,0.01998496,35232,107,1
5672.55083342,5672.54902722,263.05508743,263.11611598,0.24741783,399.46999704,0.01998496,0.01998496,35231,107,0
5672.71101483,5672.71005735,268.49749747,268.52986682,0.20693443,399.71580963,0.01998496,0.01998496,35230,107,0
5672.87135597,5672.87109662,273.94324419,273.95201678,0.18660526,399.96145247,0.01998496,0.01998496,35229,107,0
5673.02941086,5673.03214503,0.00000000,279.31096763,0.13295040,400.20369022,0.01998495,0.01998496,35228,107,1
5673.19258126,5673.19320258,284.84503209,284.82399125,0.24031980,400.45233020,0.01998495,0.01998496,35227,107,0
5673.19258126,5673.19320258,284.84503209,284.82399125,0.24031980,400.45233020,0.01998495,0.01998496,35227,107,0
nan,nan,0.00000000,-1.00000000,0.00000000,400.73019393,nan,0.00000000,-2147483648,107,1
nan,nan,0.00000000,-1.00000000,0.00000000,400.99945356,nan,0.00000000,-2147483648,107,1
5673.68473421,5673.67643009,0.00000000,301.51733500,0.08293127,401.20173053,0.01998499,0.01998496,35224,107,1
5673.84030515,5673.83752422,0.00000000,306.79632566,0.29286977,401.43762774,0.01998497,0.01998496,35223,107,1
5674.00228217,5673.99862749,0.00000000,312.29567888,0.06408280,401.68281602,0.01998497,0.01998496,35222,107,1
5674.16241999,5674.15973990,0.00000000,317.73558793,0.06710876,401.92479573,0.01998497,0.01998496,35221,107,1
5674.31855825,5674.32086146,0.00000000,323.04250769,0.06410330,402.16032471,0.01998495,0.01998496,35220,107,1
5674.47454608,5674.48199217,0.00000000,328.34715499,0.14751901,402.39522475,0.01998493,0.01998496,35219,107,1
5674.64544420,5674.64313203,334.07319259,334.15189808,0.08404839,402.65166500,0.01998497,0.01998496,35218,107,0
5674.79877251,5674.80428104,0.00000000,339.38216635,0.20334769,402.88218478,0.01998494,0.01998496,35217,107,1
5674.97096662,5674.96543920,0.00000000,345.24778629,0.10170502,403.14009654,0.01998498,0.01998496,35216,107,1
5675.12818329,5675.12660651,350.54467772,350.59844362,0.08859926,403.37480229,0.01998496,0.01998496,35215,107,0
5675.28615547,5675.28778297,356.04209107,355.98656499,0.10360176,403.61060852,0.01998495,0.01998496,35214,107,0
5675.45047917,5675.44896858,361.54289662,361.59446341,0.21249647,403.85545452,0.01998496,0.01998496,35213,107,0
5675.61547826,5675.61016334,0.00000000,367.23342617,0.23118008,404.10106177,0.01998498,0.01998496,35212,107,1
5675.76999661,5675.77136726,372.55449548,372.50765530,0.11909737,404.33024285,0.01998495,0.01998496,35211,107,0
5675.92701557,5675.93258033,0.00000000,377.87822990,0.09588955,404.56307402,0.01998494,0.01998496,35210,107,1
5676.09515404,5676.09380256,383.57910541,383.62533936,0.11858510,404.81162962,0.01998496,0.01998496,35209,107,0
5676.25283906,5676.25503395,0.00000000,389.02351407,0.05522174,405.04452968,0.01998495,0.01998496,35208,107,1
5676.41325863,5676.41627449,0.00000000,394.51555714,0.04631437,405.28091840,0.01998495,0.01998496,35207,107,1
5676.57705351,5676.57752419,400.14053311,400.12440496,0.21201483,405.52175039,0.01998496,0.01998496,35206,107,0
5676.73938415,5676.73878304,405.66776696,405.68837611,0.11020471,405.76007214,0.01998496,0.01998496,35205,107,0
5676.89721546,5676.90005106,0.00000000,411.10271699,0.08484680,405.99142699,0.01998495,0.01998496,35204,107,1
5677.06011717,5677.06132823,416.73271969,416.69114977,0.09719824,406.22964378,0.01998495,0.01998496,35203,107,0
5677.22097015,5677.22261457,422.27051384,422.21403596,0.09505334,406.46449067,0.01998495,0.01998496,35202,107,0
5677.38698652,5677.38391007,0.00000000,427.91781176,0.13642359,406.70642853,0.01998497,0.01998496,35201,107,1
5677.55025244,5677.54521473,0.00000000,433.52958377,0.05300945,406.94386793,0.01998498,0.01998496,35200,107,1
5677.70524934,5677.70652855,438.90511900,438.86110780,0.12486941,407.16890224,0.01998496,0.01998496,35199,107,0
5677.86611698,5677.86785154,444.45703117,444.39731944,0.03407941,407.40201141,0.01998495,0.01998496,35198,107,0
5678.02830771,5678.02918369,450.01245005,449.98227720,0.09586120,407.63659020,0.01998496,0.01998496,35197,107,0
5678.18640590,5678.19052501,0.00000000,455.42628089,0.12562303,407.86468515,0.01998495,0.01998496,35196,107,1
5678.35029934,5678.35187549,461.13379786,461.07944597,0.01616533,408.10095486,0.01998495,0.01998496,35195,107,0
5678.51084818,5678.51323514,0.00000000,466.61272050,0.12109297,408.33163291,0.01998495,0.01998496,35194,107,1
5678.66858394,5678.67460396,0.00000000,472.05594242,0.08481781,408.55799598,0.01998494,0.01998496,35193,107,1
5678.83146070,5678.83598194,0.00000000,477.67977534,0.04200480,408.79128582,0.01998494,0.01998496,35192,107,1
5678.99648242,5678.99736910,483.41860521,483.38795877,0.10297153,409.02746761,0.01998496,0.01998496,35191,107,0
5679.15619051,5679.15876542,0.00000000,488.90183128,0.12534456,409.25502881,0.01998495,0.01998496,35190,107,1
5679.31744626,5679.32017092,0.00000000,494.47936009,0.04769571,409.48463650,0.01998495,0.01998496,35189,107,1
5679.48107320,5679.48158559,500.16875751,500.15101845,0.04454431,409.71752033,0.01998496,0.01998496,35188,107,0
5679.64167353,5679.64300942,505.75883700,505.71256297,0.09107598,409.94529638,0.01998496,0.01998496,35187,107,0
5679.80842927,5679.80444244,0.00000000,511.48134226,0.09186507,410.18094631,0.01998497,0.01998496,35186,107,1
5679.96362658,5679.96588462,516.94863751,516.87034178,0.05564366,410.40051813,0.01998495,0.01998496,35185,107,0
5680.13055899,5680.12733598,0.00000000,522.65246679,0.08325785,410.63550132,0.01998497,0.01998496,35184,107,1
5680.29253413,5680.28879652,0.00000000,528.27448648,0.09597876,410.86337605,0.01998497,0.01998496,35183,107,1
5680.45312978,5680.45026623,0.00000000,533.85186339,0.10252799,411.08885494,0.01998497,0.01998496,35182,107,1
5680.61617515,5680.61174512,0.00000000,539.51762237,0.08173674,411.31730891,0.01998498,0.01998496,35181,107,1
5680.77614709,5680.77323318,0.00000000,545.07982360,0.11230342,411.54100098,0.01998497,0.01998496,35180,107,1
5680.93891016,5680.93473043,0.00000000,550.74237487,0.07934652,411.76813209,0.01998498,0.01998496,35179,107,1
5681.09192358,5681.09623685,0.00000000,556.06877774,0.10068264,411.98123043,0.01998495,0.01998496,35178,107,1
5681.25602114,5681.25775246,561.84937654,561.78904463,0.11068036,412.20949324,0.01998496,0.01998496,35177,107,0
5681.41870389,5681.41927724,567.47986670,567.45987456,0.03134249,412.43517687,0.01998496,0.01998496,35176,107,0
5681.58307758,5681.58081121,0.00000000,573.18586093,0.13306783,412.66244292,0.01998497,0.01998496,35175,107,1
5681.74362253,5681.74235436,578.75151820,578.79578656,0.05655703,412.88450544,0.01998497,0.01998496,35174,107,0
5681.90414957,5681.90390669,584.39219864,584.40068113,0.02400557,413.10577868,0.01998496,0.01998496,35173,107,0
5682.06630738,5682.06546820,590.03583850,590.06515955,0.04053264,413.32880487,0.01998496,0.01998496,35172,107,0
5682.22619547,5682.22703890,595.68254607,595.65306170,0.01079505,413.54822569,0.01998496,0.01998496,35171,107,0
5682.39072751,5682.38861879,0.00000000,601.39973382,0.08180101,413.77326940,0.01998497,0.01998496,35170,107,1
5682.54933045,5682.55020786,606.98610855,606.95540133,0.02580970,413.99024366,0.01998496,0.01998496,35169,107,0
5682.71114280,5682.71180611,612.64343844,612.62020933,0.06045108,414.21088357,0.01998496,0.01998496,35168,107,0
5682.87083712,5682.87341356,0.00000000,618.21111926,0.07824870,414.42805432,0.01998495,0.01998496,35167,107,1
5683.03494700,5683.03503019,623.97035957,623.96744207,0.06030497,414.65103698,0.01998496,0.01998496,35166,107,0
5683.19966574,5683.19665602,0.00000000,629.74242823,0.10113958,414.87411731,0.01998497,0.01998496,35165,107,1
5683.35889821,5683.35829103,635.31380036,635.33512001,0.06915656,415.08955887,0.01998496,0.01998496,35164,107,0
5683.52028747,5683.51993523,640.99125692,641.00363218,0.06570531,415.30732177,0.01998496,0.01998496,35163,107,0
5683.68457082,5683.68158863,0.00000000,646.77255392,0.09346767,415.52832245,0.01998497,0.01998496,35162,107,1
5683.84126359,5683.84325122,652.35660733,652.28670132,0.02015887,415.73897878,0.01998495,0.01998496,35161,107,0
5684.00625976,5684.00492300,658.04410825,658.09114623,0.07156152,415.96010837,0.01998497,0.01998496,35160,107,0
5684.16750096,5684.16660397,663.73483839,663.76641854,0.08759790,416.17570511,0.01998497,0.01998496,35159,107,0
5684.32952600,5684.32829414,669.42903303,669.47242758,0.10322575,416.39185965,0.01998497,0.01998496,35158,107,0
5684.48875063,5684.48999351,675.12693079,675.08312115,0.07590286,416.60380718,0.01998496,0.01998496,35157,107,0
5684.65361861,5684.65170207,680.82877122,680.89637122,0.05817242,416.82278273,0.01998497,0.01998496,35156,107,0
5684.81495471,5684.81341983,686.53479481,686.58897080,0.01643224,417.03659847,0.01998497,0.01998496,35155,107,0
5684.97201672,5684.97514678,0.00000000,692.13736886,0.09370988,417.24441221,0.01998495,0.01998496,35154,107,1
5685.13602997,5685.13688294,697.96000974,697.92986066,0.05589353,417.46075146,0.01998496,0.01998496,35153,107,0
5685.29958723,5685.29862829,703.67893304,703.71284984,0.05661720,417.67610710,0.01998497,0.01998496,35152,107,0
5685.46088795,5685.46038284,709.40176277,709.41963866,0.08280404,417.88800926,0.01998496,0.01998496,35151,107,0
5685.62192767,5685.62214660,715.12826878,715.12051643,0.07271228,418.09908112,0.01998496,0.01998496,35150,107,0
5685.78465474,5685.78391955,720.85822003,720.88426693,0.07656259,418.31186017,0.01998496,0.01998496,35149,107,0
5685.94603800,5685.94570171,726.59140251,726.60332272,0.06747817,418.52237243,0.01998496,0.01998496,35148,107,0
5686.10921141,5686.10749307,732.32783970,732.38878118,0.06562789,418.73470374,0.01998497,0.01998496,35147,107,0
5686.26956581,5686.26929364,738.06772420,738.07738229,0.09753276,418.94286722,0.01998496,0.01998496,35146,107,0
5686.42927519,5686.43110341,743.81125300,743.74634008,0.06596481,419.14970713,0.01998496,0.01998496,35145,107,0
5686.59324149,5686.59292238,749.55862386,749.56996133,0.02937281,419.36156148,0.01998496,0.01998496,35144,107,0
5686.75462952,5686.75475057,755.31003532,755.30573185,0.10184563,419.56959717,0.01998496,0.01998496,35143,107,0
5686.91528025,5686.91658795,761.06567385,761.01915051,0.08575574,419.77620770,0.01998496,0.01998496,35142,107,0
5687.07579173,5687.07843455,0.00000000,766.73994668,0.09434802,419.98247055,0.01998495,0.01998496,35141,107,1
5687.23888635,5687.24029036,772.58961262,772.53959650,0.06865967,420.19094883,0.01998496,0.01998496,35140,107,0
5687.40306357,5687.40215537,778.35773132,778.39010579,0.05743773,420.40061506,0.01998497,0.01998496,35139,107,0
5687.56389446,5687.56402959,784.12982644,784.12500638,0.09837363,420.60551404,0.01998496,0.01998496,35138,107,0
5687.72492340,5687.72591303,789.90580514,789.87048455,0.01276794,420.81017129,0.01998496,0.01998496,35137,107,0
5687.88972655,5687.88780568,795.68558157,795.75417989,0.09340949,421.01910914,0.01998497,0.01998496,35136,107,0
5688.04865498,5688.04970754,801.46915177,801.43154017,0.02450093,421.22010312,0.01998496,0.01998496,35135,107,0
5688.21228943,5688.21161861,807.25656336,807.28054886,0.12067553,421.42654056,0.01998496,0.01998496,35134,107,0
5688.37463432,5688.37353890,813.04786493,813.08705647,0.05287960,421.63084212,0.01998497,0.01998496,35133,107,0
5688.53544173,5688.53546840,818.84310527,818.84215057,0.04329089,421.83270958,0.01998496,0.01998496,35132,107,0
5688.69855329,5688.69740712,824.64233338,824.68339254,0.06514822,422.03696238,0.01998497,0.01998496,35131,107,0
5688.85828055,5688.85935505,830.44559473,830.40707858,0.05227346,422.23648265,0.01998496,0.01998496,35130,107,0
5689.02276226,5689.02131220,836.25290133,836.30491306,0.06460213,422.44142952,0.01998497,0.01998496,35129,107,0
5689.18177622,5689.18327857,842.06424722,842.01032591,0.03584685,422.63906782,0.01998496,0.01998496,35128,107,0
5689.34385811,5689.34525416,847.87962625,847.82948846,0.09408827,422.84001636,0.01998496,0.01998496,35127,107,0
5689.50499597,5689.50723896,0.00000000,853.63097929,0.04302247,423.03972120,0.01998496,0.01998496,35126,107,1
5689.66811690,5689.66923299,859.52245893,859.48232482,0.05393270,423.24050151,0.01998496,0.01998496,35125,107,0
5689.82884259,5689.83123624,0.00000000,865.27658211,0.08442393,423.43868889,0.01998496,0.01998496,35124,107,1
5689.99253286,5689.99324871,871.18146965,871.15569467,0.05716459,423.63913379,0.01998496,0.01998496,35123,107,0
5690.15486552,5690.15527040,877.01724821,877.00266000,0.05453435,423.83783839,0.01998496,0.01998496,35122,107,0
5690.31828237,5690.31730131,882.85736099,882.89273393,0.05622638,424.03735839,0.01998497,0.01998496,35121,107,0
5690.47979898,5690.47934145,888.70192264,888.71843091,0.09406961,424.23405632,0.01998496,0.01998496,35120,107,0
5690.64152212,5690.64139082,894.55104832,894.55578929,0.04009675,424.43050821,0.01998496,0.01998496,35119,107,0
5690.80132306,5690.80344941,0.00000000,900.33600890,0.06947514,424.62440609,0.01998496,0.01998496,35118,107,1
5690.96515623,5690.96551722,906.26303321,906.24997996,0.07460275,424.82214075,0.01998496,0.01998496,35117,107,0
5691.12899854,5691.12759427,912.12548937,912.17629927,0.04358157,425.01962885,0.01998497,0.01998496,35116,107,0
5691.28872874,5691.28968054,917.99193593,917.95747699,0.08664689,425.21164419,0.01998496,0.01998496,35115,107,0
5691.45181950,5691.45177604,923.86213260,923.86370697,0.03483835,425.40716427,0.01998496,0.01998496,35114,107,0
5691.61491398,5691.61388077,929.73583805,929.77328508,0.07200412,425.60213895,0.01998497,0.01998496,35113,107,0
5691.77458479,5691.77599473,935.61290794,935.56178020,0.06160625,425.79248235,0.01998496,0.01998496,35112,107,0
5691.93809297,5691.93811792,941.49352724,941.49262200,0.01639900,425.98685328,0.01998496,0.01998496,35111,107,0
5692.10173386,5692.10025035,947.37795107,947.43181054,0.09268579,426.18083518,0.01998497,0.01998496,35110,107,0
5692.26224099,5692.26239200,953.26643562,953.26094942,0.09265702,426.37057796,0.01998496,0.01998496,35109,107,0
5692.42205586,5692.42454289,0.00000000,959.06566793,0.04738498,426.55889111,0.01998496,0.01998496,35108,107,1
5692.58673460,5692.58670302,965.05661631,965.05776531,0.04133056,426.75261869,0.01998496,0.01998496,35107,107,0
5692.74709085,5692.74887237,970.95869585,970.89383482,0.03289993,426.94065297,0.01998496,0.01998496,35106,107,0
5692.91004056,5692.91105097,976.86531698,976.82850474,0.02794338,427.13120749,0.01998496,0.01998496,35105,107,0
5693.07443721,5693.07323880,982.77628203,982.81997281,0.07203188,427.32291407,0.01998497,0.01998496,35104,107,0
5693.23481785,5693.23543587,988.69139247,988.66884733,0.09741471,427.50940719,0.01998496,0.01998496,35103,107,0
5693.39873399,5693.39764217,994.61044893,994.65030213,0.07557410,427.69946249,0.01998497,0.01998496,35102,107,0
5693.55929830,5693.55985772,1000.53325475,1000.51282354,0.03210755,427.88508609,0.01998496,0.01998496,35101,107,0
5693.71990829,5693.72208251,0.00000000,1006.36995810,0.07969679,428.06989386,0.01998496,0.01998496,35100,107,1
5693.88552832,5693.88431653,1012.39009629,1012.43440574,0.07712479,428.26056326,0.01998497,0.01998496,35099,107,0
5694.04621278,5694.04655980,1018.32442507,1018.31172822,0.09028242,428.44468955,0.01998496,0.01998496,35098,107,0
5694.20897013,5694.20881231,1024.26289778,1024.26867602,0.06637886,428.63064765,0.01998497,0.01998496,35097,107,0
5694.36941350,5694.37107406,1030.20566920,1030.14483120,0.06319282,428.81342996,0.01998496,0.01998496,35096,107,0
5694.53258714,5694.53334506,1036.15288618,1036.12509883,0.03742905,428.99878418,0.01998496,0.01998496,35095,107,0
5694.69397825,5694.69562530,1042.10456563,1042.04413906,0.04106627,429.18157854,0.01998496,0.01998496,35094,107,0
5694.85867054,5694.85791478,1048.06062262,1048.08836823,0.04176836,429.36755924,0.01998497,0.01998496,35093,107,0
5695.01980626,5695.02021352,1054.02096914,1054.00600810,0.04620698,429.54897927,0.01998496,0.01998496,35092,107,0
5695.18101811,5695.18252150,1059.98551680,1059.93025230,0.05451070,429.72994220,0.01998496,0.01998496,35091,107,0
5695.34399782,5695.34483872,1065.95417682,1065.92324574,0.04863230,429.91233367,0.01998496,0.01998497,35090,107,0
5695.50710074,5695.50716520,1071.92687203,1071.92449971,0.04747069,430.09429976,0.01998497,0.01998497,35089,107,0
5695.66915048,5695.66950093,1077.90360759,1077.89070124,0.07496629,430.27453169,0.01998496,0.01998497,35088,107,0
5695.83048851,5695.83184590,1083.88442354,1083.83440140,0.04670341,430.45341828,0.01998496,0.01998497,35087,107,0
5695.99488140,5695.99420013,1089.86936018,1089.89448223,0.04819123,430.63512357,0.01998497,0.01998497,35086,107,0
5696.15579807,5696.15656360,1095.85845799,1095.83021081,0.02356708,430.81243077,0.01998496,0.01998497,35085,107,0
5696.31974399,5696.31893634,1101.85175761,1101.88157853,0.05031196,430.99251017,0.01998497,0.01998497,35084,107,0
5696.48238145,5696.48131832,1107.84932306,1107.88860290,0.04126300,431.17058885,0.01998497,0.01998497,35083,107,0
5696.64429681,5696.64370956,1113.85129319,1113.87300548,0.07387406,431.34732211,0.01998497,0.01998497,35082,107,0
5696.80761247,5696.80611005,1119.85782238,1119.91341098,0.03315825,431.52502624,0.01998497,0.01998497,35081,107,0
5696.97039623,5696.96851980,0.00000000,1125.94545177,0.03494081,431.70179949,0.01998497,0.01998497,35080,107,1
5697.12993879,5697.13093880,1131.88517891,1131.84812356,0.04725314,431.87411902,0.01998496,0.01998497,35079,107,0
5697.29262589,5697.29336707,1137.90631559,1137.87882975,0.05635930,432.04949953,0.01998496,0.01998497,35078,107,0
5697.45545242,5697.45580459,1143.93247770,1143.91940810,0.02542678,432.22448141,0.01998496,0.01998497,35077,107,0
5697.61710568,5697.61825137,1149.96344032,1149.92089074,0.04028027,432.39765111,0.01998496,0.01998497,35076,107,0
5697.78029329,5697.78070741,1155.99895904,1155.98356865,0.03420393,432.57189871,0.01998496,0.01998497,35075,107,0
5697.94360645,5697.94317271,1162.03878837,1162.05491812,0.06650372,432.74570269,0.01998497,0.01998497,35074,107,0
5698.10625722,5698.10564727,1168.08268169,1168.10537813,0.06378916,432.91821889,0.01998497,0.01998497,35073,107,0
5698.26801896,5698.26813109,1174.13041459,1174.12623986,0.05570272,433.08920760,0.01998497,0.01998497,35072,107,0
5698.42944020,5698.43062418,1180.18205195,1180.13794414,0.02579129,433.25925589,0.01998496,0.01998497,35071,107,0
5698.59360671,5698.59312653,1186.23785616,1186.25575642,0.05851322,433.43160764,0.01998497,0.01998497,35070,107,0
5698.75581947,5698.75563814,1192.29809451,1192.30485867,0.07978636,433.60133143,0.01998497,0.01998497,35069,107,0
5698.91651361,5698.91815903,1198.36303550,1198.30160935,0.07075912,433.76890692,0.01998496,0.01998497,35068,107,0
5699.08111568,5699.08068917,1204.43294881,1204.44888362,0.03742906,433.93998652,0.01998497,0.01998497,35067,107,0
5699.24326993,5699.24322858,1210.50803759,1210.50958367,0.07864654,434.10796079,0.01998497,0.01998497,35066,107,0
5699.40689238,5699.40577727,1216.58820975,1216.62993684,0.08005722,434.27688710,0.01998497,0.01998497,35065,107,0
5699.56891444,5699.56833522,1222.67329187,1222.69498216,0.02973850,434.44359169,0.01998497,0.01998497,35064,107,0
5699.73158444,5699.73090243,1228.76310975,1228.78866678,0.05504041,434.61038650,0.01998497,0.01998497,35063,107,0
5699.89262835,5699.89347892,1234.85748839,1234.82559310,0.04559509,434.77493886,0.01998496,0.01998497,35062,107,0
5700.05559672,5700.05606468,1240.95625347,1240.93869415,0.03009079,434.94086886,0.01998496,0.01998497,35061,107,0
5700.21947875,5700.21865972,1247.05932991,1247.09008278,0.03355710,435.10712840,0.01998497,0.01998497,35060,107,0
5700.38157623,5700.38126402,1253.16680400,1253.17853482,0.02157195,435.27098584,0.01998497,0.01998497,35059,107,0
5700.54388987,5700.54387760,1259.27877719,1259.27923855,0.05446884,435.43447343,0.01998497,0.01998497,35058,107,0
5700.70597306,5700.70650045,1265.39535134,1265.37550800,0.06076422,435.59714267,0.01998496,0.01998497,35057,107,0
5700.86816497,5700.86913258,1271.51662880,1271.48019631,0.06920323,435.75933582,0.01998496,0.01998497,35056,107,0
5701.03179593,5701.03177398,1277.64270506,1277.64353219,0.06226099,435.92237579,0.01998497,0.01998497,35055,107,0
5701.19469027,5701.19442466,1283.77359755,1283.78361316,0.06528264,436.08408985,0.01998497,0.01998497,35054,107,0
5701.35685337,5701.35708461,1289.90927602,1289.90055011,0.04633399,436.24448896,0.01998497,0.01998497,35053,107,0
5701.51873217,5701.51975385,1296.04970940,1296.01112922,0.04183259,436.40401837,0.01998496,0.01998497,35052,107,0
5701.68138260,5701.68243236,1302.19486647,1302.15519800,0.04281754,436.56371366,0.01998496,0.01998497,35051,107,0
5701.84489672,5701.84512016,1308.34471585,1308.33626654,0.06735801,436.72365385,0.01998497,0.01998497,35050,107,0
5702.00686781,5702.00781723,1314.49922389,1314.46329664,0.06322417,436.88148618,0.01998496,0.01998497,35049,107,0
5702.17111491,5702.17052359,1320.65835018,1320.68074196,0.06394404,437.04092543,0.01998497,0.01998497,35048,107,0
5702.33244765,5702.33323922,1326.82205283,1326.79205781,0.01924412,437.19693415,0.01998496,0.01998497,35047,107,0
5702.49465876,5702.49596414,1332.99028974,1332.94079165,0.02211846,437.35318873,0.01998496,0.01998497,35046,107,0
5702.65789893,5702.65869835,1339.16301863,1339.13268546,0.03371674,437.50982109,0.01998496,0.01998497,35045,107,0
5702.82019103,5702.82144184,1345.34020116,1345.29270920,0.07944700,437.66493125,0.01998496,0.01998497,35044,107,0
5702.98253142,5702.98419461,1351.52189386,1351.45870080,0.07271955,437.81947649,0.01998496,0.01998497,35043,107,0
5703.14643949,5703.14695667,1357.70824788,1357.68858351,0.04500917,437.97489638,0.01998497,0.01998497,35042,107,0
5703.30912819,5703.30972802,1363.89941916,1363.87659559,0.04625446,438.12854857,0.01998497,0.01998497,35041,107,0
5703.47250999,5703.47250865,1370.09556432,1370.09561505,0.02988022,438.28224456,0.01998497,0.01998497,35040,107,0
5703.63503376,5703.63529858,1376.29684074,1376.28674882,0.05850595,438.43452831,0.01998497,0.01998497,35039,107,0
5703.79759599,5703.79809779,1382.50336628,1382.48422837,0.06606643,438.58624558,0.01998497,0.01998497,35038,107,0
5703.96058036,5703.96090629,1388.71506989,1388.70262979,0.03177406,438.73774841,0.01998497,0.01998497,35037,107,0
5704.12434887,5704.12372409,1394.93182437,1394.95568881,0.04121827,438.88936166,0.01998497,0.01998497,35036,107,0
5704.28512129,5704.28655117,1401.15350195,1401.09884595,0.03496485,439.03759349,0.01998496,0.01998497,35035,107,0
5704.45052198,5704.44938755,1407.37997420,1407.42336732,0.06698820,439.18945941,0.01998497,0.01998497,35034,107,0
5704.61275169,5704.61223322,1413.61111384,1413.63095940,0.06449784,439.33778539,0.01998497,0.01998497,35033,107,0
5704.77449602,5704.77508819,1419.84685488,1419.82417292,0.06091488,439.48504494,0.01998497,0.01998497,35032,107,0
5704.93743999,5704.93795245,1426.08720899,1426.06756681,0.04298783,439.63276681,0.01998497,0.01998497,35031,107,0
5705.10011530,5705.10082601,1432.33219278,1432.30493326,0.04716830,439.77961332,0.01998497,0.01998497,35030,107,0
5705.26299303,5705.26370886,1438.58182298,1438.55434791,0.07019791,439.92600895,0.01998497,0.01998497,35029,107,0
5705.42611522,5705.42660101,1444.83611635,1444.81745766,0.03157988,440.07198772,0.01998497,0.01998497,35028,107,0
5705.58837841,5705.58950246,1451.09511912,1451.05191550,0.02019130,440.21656525,0.01998496,0.01998497,35027,107,0
5705.75148085,5705.75241321,1457.35903496,1457.32317230,0.05738393,440.36125790,0.01998496,0.01998497,35026,107,0
5705.91533161,5705.91533326,1463.62812096,1463.62805760,0.07242704,440.50598002,0.01998497,0.01998497,35025,107,0
5706.07759146,5706.07826261,1469.90263542,1469.87677828,0.03506492,440.64867449,0.01998497,0.01998497,35024,107,0
5706.24182848,5706.24120126,1476.18283792,1476.20702377,0.05322142,440.79248103,0.01998497,0.01998497,35023,107,0
5706.40296292,5706.40414921,1482.46898112,1482.42319635,0.08035636,440.93296193,0.01998496,0.01998497,35022,107,0
5706.56701315,5706.56710647,1488.76103515,1488.75743064,0.06535583,441.07536252,0.01998497,0.01998497,35021,107,0
5706.72926477,5706.73007303,1495.05861842,1495.02737252,0.03307761,441.21557374,0.01998497,0.01998497,35020,107,0
5706.89306412,5706.89304889,1501.36132565,1501.36191477,0.07204008,441.35647788,0.01998497,0.01998497,35019,107,0
5707.05670861,5707.05603406,1507.66874957,1507.69486251,0.02643720,441.49659128,0.01998497,0.01998497,35018,107,0
5707.21809951,5707.21902854,1513.98048097,1513.94449522,0.04932910,441.63412100,0.01998497,0.01998497,35017,107,0
5707.38194697,5707.38203232,1520.29622255,1520.29291459,0.08442820,441.77307162,0.01998497,0.01998497,35016,107,0
5707.54572939,5707.54504541,1526.61619444,1526.64272066,0.06042156,441.91129341,0.01998497,0.01998497,35015,107,0
5707.70703213,5707.70806781,1532.94076538,1532.90057143,0.02038219,442.04677067,0.01998497,0.01998497,35014,107,0
5707.86997803,5707.87109952,1539.27030592,1539.22674884,0.04863486,442.18297757,0.01998496,0.01998497,35013,107,0
5708.03430091,5708.03414054,1545.60518842,1545.61142210,0.07869581,442.31967977,0.01998497,0.01998497,35012,107,0
5708.19754184,5708.19719087,1551.94577357,1551.95942793,0.03362280,442.45483581,0.01998497,0.01998497,35011,107,0
5708.35949259,5708.36025051,1558.29214127,1558.26263033,0.06270920,442.58828704,0.01998497,0.01998497,35010,107,0
5708.52252835,5708.52331947,1564.64410326,1564.61327482,0.05738447,442.72198600,0.01998497,0.01998497,35009,107,0
5708.68650090,5708.68639773,1571.00145974,1571.00548290,0.04104304,442.85579295,0.01998497,0.01998497,35008,107,0
5708.84940634,5708.84948532,1577.36400990,1577.36092778,0.05426039,442.98806741,0.01998497,0.01998497,35007,107,0
5709.01220496,5709.01258222,1583.73155201,1583.71681815,0.06936242,443.11959032,0.01998497,0.01998497,35006,107,0
5709.17540933,5709.17568843,1590.10396188,1590.09305377,0.04587493,443.25076971,0.01998497,0.01998497,35005,107,0
5709.33842377,5709.33880396,1596.48134388,1596.46647389,0.05730863,443.38112592,0.01998497,0.01998497,35004,107,0
5709.50086592,5709.50192881,1602.86384442,1602.82224160,0.05661173,443.51035916,0.01998497,0.01998497,35003,107,0
5709.66467228,5709.66506297,1609.25161066,1609.23630655,0.03957518,443.64000639,0.01998497,0.01998497,35002,107,0
5709.82761474,5709.82820646,1615.64479046,1615.62159326,0.06112602,443.76830221,0.01998497,0.01998497,35001,107,0
5709.99134619,5709.99135927,1622.04351792,1622.04300488,0.03838267,443.89654933,0.01998497,0.01998497,35000,107,0
5710.15519536,5710.15452139,1628.44778682,1628.47425128,0.06009277,444.02421436,0.01998497,0.01998497,34999,107,0
5710.31877103,5710.31769284,1634.85751141,1634.89988191,0.03251524,444.15098981,0.01998497,0.01998497,34998,107,0
5710.47985693,5710.48087361,1641.27260464,1641.23262068,0.06358270,444.27517153,0.01998497,0.01998497,34997,107,0
5710.64364340,5710.64406370,1647.69297899,1647.67643684,0.06397513,444.40075596,0.01998497,0.01998497,34996,107,0
5710.80716417,5710.80726312,1654.11854805,1654.11465079,0.02652467,444.52545000,0.01998497,0.01998497,34995,107,0
5710.97076259,5710.97047186,1660.54930752,1660.56076707,0.05696149,444.64951477,0.01998497,0.01998497,34994,107,0
5711.13376402,5711.13368993,1666.98537491,1666.98829739,0.02208507,444.77244241,0.01998497,0.01998497,34993,107,0
5711.29699225,5711.29691733,1673.42687818,1673.42983590,0.06528757,444.89485708,0.01998497,0.01998497,34992,107,0
5711.46045947,5711.46015405,1679.87394588,1679.88601342,0.02909783,445.01676555,0.01998497,0.01998497,34991,107,0
5711.62319841,5711.62340010,1686.32670721,1686.31873151,0.04166570,445.13745001,0.01998497,0.01998497,34990,107,0
5711.78603218,5711.78665548,1692.78524699,1692.76057870,0.06908474,445.25752446,0.01998497,0.01998497,34989,107,0
5711.95019649,5711.94992018,1699.24947566,1699.26041992,0.06561560,445.37788746,0.01998497,0.01998497,34988,107,0
5712.11251337,5712.11319422,1705.71926074,1705.69227119,0.04633900,445.49620786,0.01998497,0.01998497,34987,107,0
5712.27674934,5712.27647759,1712.19446909,1712.20524955,0.05022930,445.61522641,0.01998497,0.01998497,34986,107,0
5712.43896625,5712.43977029,1718.67496688,1718.64304555,0.05617017,445.73208558,0.01998497,0.01998497,34985,107,0
5712.60322491,5712.60307233,1725.16063437,1725.16669661,0.03004508,445.84970657,0.01998497,0.01998497,34984,107,0
5712.76509062,5712.76638370,1731.65150811,1731.60009504,0.04533271,445.96491495,0.01998497,0.01998497,34983,107,0
5712.92936025,5712.92970440,1738.14771933,1738.13402500,0.02511004,446.08112535,0.01998497,0.01998497,34982,107,0
5713.09286837,5713.09303444,1744.64940123,1744.64278792,0.04838379,446.19608830,0.01998497,0.01998497,34981,107,0
5713.25639130,5713.25637381,1751.15668768,1751.15738460,0.03261231,446.31035490,0.01998497,0.01998497,34980,107,0
5713.41952600,5713.41972253,1757.66971142,1757.66187223,0.06507818,446.42364628,0.01998497,0.01998497,34979,107,0
5713.58239995,5713.58308057,1764.18853585,1764.16136426,0.02729077,446.53605426,0.01998497,0.01998497,34978,107,0
5713.74594203,5713.74644796,1770.71313341,1770.69291913,0.07204441,446.64821477,0.01998497,0.01998497,34977,107,0
5713.90938896,5713.90982469,1777.24347025,1777.22604669,0.04617649,446.75959802,0.01998497,0.01998497,34976,107,0
5714.07383764,5714.07321076,1783.77951233,1783.80460019,0.03769054,446.87094293,0.01998497,0.01998497,34975,107,0
5714.23617760,5714.23660616,1790.32122543,1790.30406036,0.05782833,446.98014817,0.01998497,0.01998497,34974,107,0
5714.39980107,5714.40001091,1796.86857671,1796.86016513,0.01593303,447.08949858,0.01998497,0.01998497,34973,107,0
5714.56418931,5714.56342501,1803.42153755,1803.45219861,0.07303015,447.19863146,0.01998497,0.01998497,34972,107,0
5714.72715346,5714.72684844,1809.98007990,1809.99232566,0.04247799,447.30609564,0.01998497,0.01998497,34971,107,0
5714.89020959,5714.89028122,1816.54417555,1816.54129762,0.04425839,447.41289732,0.01998497,0.01998497,34970,107,0
5715.05419553,5715.05372335,1823.11379612,1823.13278302,0.02518017,447.51957603,0.01998497,0.01998497,34969,107,0
5715.21586512,5715.21717482,1829.68892603,1829.63622072,0.05535910,447.62402714,0.01998497,0.01998497,34968,107,0
5715.38082946,5715.38063563,1836.26962336,1836.27742954,0.06516667,447.72986824,0.01998497,0.01998497,34967,107,0
5715.54413371,5715.54410580,1842.85597259,1842.85709743,0.04454297,447.83390870,0.01998497,0.01998497,34966,107,0
5715.70739127,5715.70758531,1849.44805864,1849.44023101,0.04177004,447.93718725,0.01998497,0.01998497,34965,107,0
5715.87096156,5715.87107417,1856.04596687,1856.04142030,0.03370916,448.03992876,0.01998497,0.01998497,34964,107,0
5716.03367784,5716.03457239,1862.64978338,1862.61363682,0.05145449,448.14140329,0.01998497,0.01998497,34963,107,0
5716.19880688,5716.19807995,1869.25959826,1869.28899720,0.04213579,448.24363682,0.01998497,0.01998497,34962,107,0
5716.36255828,5716.36159686,1875.87550442,1875.91442070,0.02541175,448.34427492,0.01998497,0.01998497,34961,107,0
5716.52420495,5716.52512313,1882.49759525,1882.46039677,0.04982061,448.44289352,0.01998497,0.01998497,34960,107,0
5716.68780221,5716.68865875,1889.12596466,1889.09123214,0.03652374,448.54196697,0.01998497,0.01998497,34959,107,0
5716.85121194,5716.85220372,1895.76070132,1895.72044844,0.05890525,448.64018760,0.01998497,0.01998497,34958,107,0
5717.01587861,5717.01575805,1902.40173769,1902.40663504,0.03737779,448.73841307,0.01998497,0.01998497,34957,107,0
5717.17934592,5717.17932173,1909.04883331,1909.04981681,0.02286636,448.83517202,0.01998497,0.01998497,34956,107,0
5717.34298210,5717.34289477,1915.70173760,1915.70529060,0.04702603,448.93127562,0.01998497,0.01998497,34955,107,0
5717.50708862,5717.50647717,1922.36019856,1922.38509627,0.06897088,449.02689081,0.01998497,0.01998497,34954,107,0
5717.66955358,5717.67006893,1929.02396526,1929.00296548,0.01834669,449.12078980,0.01998497,0.01998497,34953,107,0
5717.83350381,5717.83367004,1935.69298706,1935.68620834,0.05049499,449.21477828,0.01998497,0.01998497,34952,107,0
5717.99710448,5717.99728051,1942.36756521,1942.36038095,0.05960934,449.30779871,0.01998497,0.01998497,34951,107,0
5718.16115684,5718.16090035,1949.04803800,1949.05851494,0.01977156,449.40030862,0.01998497,0.01998497,34950,107,0
5718.32491929,5718.32452954,1955.73474554,1955.75067985,0.05338166,449.49189122,0.01998497,0.01998497,34949,107,0
5718.48799951,5718.48816810,1962.42802949,1962.42113038,0.05928814,449.58233624,0.01998497,0.01998497,34948,107,0
5718.65159698,5718.65181602,1969.12807081,1969.11909881,0.02050901,449.67231012,0.01998497,0.01998497,34947,107,0
5718.81414687,5718.81547330,1975.83462007,1975.78024019,0.08483309,449.76095026,0.01998497,0.01998497,34946,107,0
5718.97908596,5718.97913995,1982.54735564,1982.54514022,0.03730988,449.85011470,0.01998497,0.01998497,34945,107,0
5719.14347690,5719.14281596,1989.26595416,1989.29309525,0.07617351,449.93819599,0.01998498,0.01998497,34944,107,0
5719.30630575,5719.30650134,1995.99009045,1995.98205256,0.01269507,450.02465966,0.01998497,0.01998497,34943,107,0
5719.46949381,5719.47019609,2002.71952457,2002.69064373,0.04803881,450.11052959,0.01998497,0.01998497,34942,107,0
5719.63265261,5719.63390020,2009.45435050,2009.40300469,0.06472321,450.19559827,0.01998497,0.01998497,34941,107,0
5719.79756842,5719.79761368,2016.19474345,2016.19287913,0.08257758,450.28078476,0.01998497,0.01998497,34940,107,0
5719.96143312,5719.96133654,2022.94087959,2022.94486083,0.02489316,450.36463358,0.01998497,0.01998497,34939,107,0
5720.12364489,5720.12506876,2029.69293605,2029.63419345,0.05598926,450.44685646,0.01998497,0.01998497,34938,107,0
5720.28964971,5720.28881035,2036.45109318,2036.48575117,0.04264109,450.53019841,0.01998498,0.01998497,34937,107,0
5720.45219598,5720.45256132,2043.21554421,2043.20044571,0.06922558,450.61101645,0.01998497,0.01998497,34936,107,0
5720.61670594,5720.61632165,2049.98648731,2050.00238372,0.01505225,450.69201746,0.01998497,0.01998497,34935,107,0
5720.77808914,5720.78009136,0.00000000,2056.69748331,0.07013697,450.77089392,0.01998497,0.01998497,34934,107,1
5720.94434357,5720.94387045,2063.54864784,2063.56825645,0.03648543,450.85096092,0.01998497,0.01998497,34933,107,0
5721.10750143,5721.10765891,2070.34023323,2070.33369998,0.04266147,450.92893035,0.01998497,0.01998497,34932,107,0
5721.27140701,5721.27145674,2077.13882020,2077.13675493,0.06709724,451.00646259,0.01998497,0.01998497,34931,107,0
5721.43548896,5721.43526395,2083.94425792,2083.95361030,0.01735024,451.08327637,0.01998497,0.01998497,34930,107,0
5721.59869487,5721.59908054,2090.75639440,2090.74034926,0.06693502,451.15887995,0.01998497,0.01998497,34929,107,0
5721.76300007,5721.76290651,2097.57507679,2097.57897245,0.03613843,451.23418259,0.01998497,0.01998497,34928,107,0
5721.92564625,5721.92674186,2104.40016195,2104.35450092,0.04268105,451.30792035,0.01998497,0.01998497,34927,107,0
5722.09081503,5722.09058659,2111.23159034,2111.24111952,0.05267952,451.38197957,0.01998497,0.01998497,34926,107,0
5722.25462679,5722.25444069,2118.06934248,2118.07711186,0.03602393,451.45460944,0.01998497,0.01998497,34925,107,0
5722.41797510,5722.41830418,2124.91339898,2124.89964850,0.07927408,451.52621727,0.01998497,0.01998497,34924,107,0
5722.58080822,5722.58217705,2131.76374034,2131.70649501,0.03953004,451.59678523,0.01998497,0.01998497,34923,107,0
5722.74512022,5722.74605931,2138.62035888,2138.58105186,0.05266505,451.66716785,0.01998497,0.01998497,34922,107,0
5722.91033701,5722.90995095,2145.48335241,2145.49952597,0.05030141,451.73709983,0.01998497,0.01998497,34921,107,0
5723.07373485,5723.07385197,2152.35287426,2152.34796348,0.04125454,451.80543439,0.01998497,0.01998497,34920,107,0
5723.23819757,5723.23776238,2159.22907907,2159.24734436,0.04524244,451.87338238,0.01998497,0.01998497,34919,107,0
5723.40169268,5723.40168217,2166.11212235,2166.11256380,0.07272806,451.94010238,0.01998497,0.01998497,34918,107,0
5723.56462744,5723.56561135,2173.00214417,2172.96077012,0.02626110,452.00577096,0.01998497,0.01998497,34917,107,0
5723.72934036,5723.72954993,2179.89913811,2179.89031740,0.08776149,452.07131872,0.01998497,0.01998497,34916,107,0
5723.89267258,5723.89349788,2186.80301954,2186.76824964,0.03974966,452.13548219,0.01998497,0.01998497,34915,107,0
5724.05749017,5724.05745523,2193.71370258,2193.71517599,0.05232443,452.19938309,0.01998497,0.01998497,34914,107,0
5724.22039864,5724.22142197,2200.63110086,2200.58790925,0.03969498,452.26170533,0.01998497,0.01998497,34913,107,0
5724.38520979,5724.38539810,2207.55512645,2207.54717114,0.05618015,452.32390388,0.01998497,0.01998497,34912,107,0
5724.54857020,5724.54938363,2214.48568213,2214.45128928,0.03362440,452.38470639,0.01998497,0.01998497,34911,107,0
5724.71336075,5724.71337854,2221.42266571,2221.42191280,0.03866986,452.44518194,0.01998497,0.01998497,34910,107,0
5724.87798606,5724.87738285,2228.36597431,2228.39152281,0.05939739,452.50473183,0.01998498,0.01998497,34909,107,0
5725.04100487,5725.04139655,2235.31550444,2235.29890138,0.05330481,452.56284544,0.01998497,0.01998497,34908,107,0
5725.20534853,5725.20541965,2242.27118043,2242.26816289,0.06182213,452.62056702,0.01998497,0.01998497,34907,107,0
5725.36961862,5725.36945215,2249.23313861,2249.24020713,0.05149324,452.67739433,0.01998498,0.01998497,34906,107,0
5725.53316190,5725.53349404,2256.20161223,2256.18749653,0.05664092,452.73310724,0.01998497,0.01998497,34905,107,0
5725.69709769,5725.69754533,2263.17683637,2263.15779458,0.06173322,452.78808910,0.01998497,0.01998497,34904,107,0
5725.86167831,5725.86160602,2270.15904747,2270.16212550,0.05774042,452.84241559,0.01998498,0.01998497,34903,107,0
5726.02630806,5726.02567611,2277.14845365,2277.17538822,0.04944982,452.89588349,0.01998498,0.01998497,34902,107,0
5726.18942926,5726.18975560,2284.14508338,2284.13116129,0.07264496,452.94799600,0.01998497,0.01998497,34901,107,0
5726.35307338,5726.35384448,2291.14889709,2291.11596839,0.05718752,452.99940696,0.01998497,0.01998497,34900,107,0
5726.51857386,5726.51794278,2298.15985488,2298.18683022,0.06292251,453.05051322,0.01998498,0.01998497,34899,107,0
5726.68258672,5726.68205047,2305.17791655,2305.20086017,0.05417169,453.10027621,0.01998498,0.01998498,34898,107,0
5726.84623903,5726.84616757,2312.20302864,2312.20608927,0.06374337,453.14904973,0.01998498,0.01998498,34897,107,0
5727.00986595,5727.01029407,2319.23507677,2319.21672562,0.05064963,453.19693336,0.01998497,0.01998498,34896,107,0
5727.17329053,5727.17442998,2326.27392824,2326.22504213,0.06393578,453.24387369,0.01998497,0.01998498,34895,107,0
5727.33838182,5727.33857529,2333.31944956,2333.31114184,0.05053730,453.29039218,0.01998497,0.01998498,34894,107,0
5727.50240611,5727.50273001,2340.37150640,2340.35758586,0.04013930,453.33571024,0.01998497,0.01998498,34893,107,0
5727.66570230,5727.66689414,2347.43005929,2347.37879163,0.04261426,453.37993353,0.01998497,0.01998498,34892,107,0
5727.83074669,5727.83106767,2354.49538654,2354.48156655,0.03327077,453.42372350,0.01998497,0.01998498,34891,107,0
5727.99448169,5727.99525062,2361.56783416,2361.53469528,0.02937365,453.46626477,0.01998497,0.01998498,34890,107,0
5728.15859444,5728.15944297,2368.64775023,2368.61114321,0.06291968,453.50800270,0.01998497,0.01998498,34889,107,0
5728.32371659,5728.32364474,2375.73548411,2375.73858753,0.03101165,453.54908560,0.01998498,0.01998498,34888,107,0
5728.48731556,5728.48785591,2382.83121422,2382.80785281,0.07605182,453.58888558,0.01998497,0.01998498,34887,107,0
5728.65206730,5728.65207650,2389.93473169,2389.93433333,0.06064073,453.62805250,0.01998498,0.01998498,34886,107,0
5728.81605362,5728.81630651,2397.04577347,2397.03481834,0.06840805,453.66612273,0.01998497,0.01998498,34885,107,0
5728.97970285,5728.98054592,2404.16407486,2404.12751830,0.06827890,453.70320068,0.01998497,0.01998498,34884,107,0
5729.14521450,5729.14479476,2411.28937228,2411.30758959,0.04499906,453.73976771,0.01998498,0.01998498,34883,107,0
5729.30923584,5729.30905300,2418.42153856,2418.42948119,0.03851091,453.77507663,0.01998498,0.01998498,34882,107,0
5729.47306148,5729.47332067,2425.56064625,2425.54937681,0.03434140,453.80941814,0.01998498,0.01998498,34881,107,0
5729.63694320,5729.63759775,2432.70678411,2432.67829768,0.03875708,453.84284396,0.01998497,0.01998498,34880,107,0
5729.80110831,5729.80188425,2439.86004139,2439.82624011,0.06839931,453.87539526,0.01998497,0.01998498,34879,107,0
5729.96661880,5729.96618017,2447.02051237,2447.03963821,0.06559419,453.90726634,0.01998498,0.01998498,34878,107,0
5730.12899131,5730.13048551,2454.18837696,2454.12315991,0.06151195,453.93760718,0.01998497,0.01998498,34877,107,0
5730.29463224,5730.29480027,2461.36389255,2461.35655103,0.04363484,453.96761193,0.01998498,0.01998498,34876,107,0
5730.45938927,5730.45912445,2468.54732081,2468.55890367,0.02473556,453.99650599,0.01998498,0.01998498,34875,107,0
5730.62250797,5730.62345805,2475.73892502,2475.69732440,0.04820421,454.02417672,0.01998497,0.01998498,34874,107,0
5730.78676673,5730.78780108,2482.93892049,2482.89358021,0.05843325,454.05109736,0.01998497,0.01998498,34873,107,0
5730.95185754,5730.95215353,2490.14709109,2490.13410292,0.06194934,454.07719632,0.01998498,0.01998498,34872,107,0
5731.11591878,5731.11651540,2497.36299594,2497.33678989,0.02760832,454.10217630,0.01998497,0.01998498,34871,107,0
5731.28012198,5731.28088670,2504.58618948,2504.55256890,0.04327515,454.12621898,0.01998497,0.01998498,34870,107,0
5731.44464359,5731.44526743,2511.81622331,2511.78877296,0.05029571,454.14934191,0.01998498,0.01998498,34869,107,0
5731.60933337,5731.60965759,2519.05277370,2519.03849525,0.06005563,454.17151603,0.01998498,0.01998498,34868,107,0
5731.77366583,5731.77405717,2526.29605575,2526.27880609,0.04117797,454.19267035,0.01998498,0.01998498,34867,107,0
5731.93807531,5731.93846618,2533.54642929,2533.52918379,0.05566648,454.21286161,0.01998498,0.01998498,34866,107,0
5732.10176226,5732.10288462,2540.80425642,2540.75468804,0.07670281,454.23199554,0.01998497,0.01998498,34865,107,0
5732.26754993,5732.26731249,2548.06990046,2548.08039764,0.06457491,454.25038780,0.01998498,0.01998498,34864,107,0
5732.43088577,5732.43174979,2555.34357665,2555.30533806,0.04806958,454.26753392,0.01998497,0.01998498,34863,107,0
5732.59614239,5732.59619653,2562.62519765,2562.62279907,0.04083281,454.28389428,0.01998498,0.01998498,34862,107,0
5732.76002455,5732.76065270,2569.91463894,2569.88678279,0.06227979,454.29913440,0.01998498,0.01998498,34861,107,0
5732.92461341,5732.92511830,2577.21177515,2577.18936281,0.05602781,454.31345051,0.01998498,0.01998498,34860,107,0
5733.08953675,5733.08959333,2584.51648532,2584.51397110,0.02608098,454.32679755,0.01998498,0.01998498,34859,107,0
5733.25426975,5733.25407780,2591.82876069,2591.83729789,0.04556892,454.33912873,0.01998498,0.01998498,34858,107,0
5733.41796680,5733.41857171,2599.14870125,2599.12176931,0.05925153,454.35038907,0.01998498,0.01998498,34857,107,0
5733.58243949,5733.58307506,2606.47641198,2606.44808658,0.02241190,454.36070267,0.01998497,0.01998498,34856,107,0
5733.74764724,5733.74758784,2613.81199856,2613.81464857,0.06078092,454.37005021,0.01998498,0.01998498,34855,107,0
5733.91224990,5733.91211006,2621.15556844,2621.16181347,0.06145521,454.37835164,0.01998498,0.01998498,34854,107,0
5734.07564891,5734.07664172,2628.50723776,2628.46285341,0.03326514,454.38559037,0.01998497,0.01998498,34853,107,0
5734.24037046,5734.24118282,2635.86712679,2635.83077053,0.05989209,454.39187408,0.01998497,0.01998498,34852,107,0
5734.40541075,5734.40573336,2643.23535658,2643.22090263,0.06122170,454.39714610,0.01998498,0.01998498,34851,107,0
5734.57000135,5734.57029335,2650.61204884,2650.59895247,0.03590602,454.40137980,0.01998498,0.01998498,34850,107,0
5734.73431891,5734.73486277,2657.99727058,2657.97285080,0.07463042,454.40458312,0.01998497,0.01998498,34849,107,0
5734.89955322,5734.89944164,2665.39094411,2665.39595935,0.02475350,454.40676976,0.01998498,0.01998498,34848,107,0
5735.06323657,5735.06402996,2672.79296772,2672.75726784,0.05563997,454.40790964,0.01998497,0.01998498,34847,107,0
5735.22842486,5735.22862772,2680.20323899,2680.19410128,0.05283656,454.40802111,0.01998498,0.01998498,34846,107,0
5735.39253042,5735.39323493,2687.62165947,2687.58989275,0.01827087,454.40709516,0.01998497,0.01998498,34845,107,0
5735.55847179,5735.55785158,2695.04824094,2695.07623634,0.05764175,454.40510484,0.01998498,0.01998498,34844,107,0
5735.72226076,5735.72247768,2702.48310796,2702.47330629,0.03892403,454.40209768,0.01998498,0.01998498,34843,107,0
5735.88667584,5735.88711323,2709.92639093,2709.90660570,0.06734289,454.39803381,0.01998498,0.01998498,34842,107,0
5736.05112334,5736.05175823,2717.37822109,2717.34947037,0.02793050,454.39291814,0.01998498,0.01998498,34841,107,0
5736.21612093,5736.21641267,2724.83869188,2724.82546578,0.03627098,454.38672542,0.01998498,0.01998498,34840,107,0
5736.38060297,5736.38107657,2732.30766674,2732.28617340,0.04783812,454.37949197,0.01998498,0.01998498,34839,107,0
5736.54498947,5736.54574993,2739.78492293,2739.75037562,0.04229064,454.37120203,0.01998498,0.01998498,34838,107,0
5736.71022327,5736.71043273,2747.27023603,2747.26071058,0.05620651,454.36179771,0.01998498,0.01998498,34837,107,0
5736.87521822,5736.87512499,2754.76338176,2754.76762573,0.05422699,454.35133196,0.01998498,0.01998498,34836,107,0
5737.03902119,5737.03982670,2762.26431237,2762.22760906,0.07236744,454.33987609,0.01998498,0.01998498,34835,107,0
5737.20422057,5737.20453787,2769.77331109,2769.75883833,0.06359404,454.32724344,0.01998498,0.01998498,34834,107,0
5737.36880420,5737.36925849,2777.29069920,2777.26995541,0.06100520,454.31357633,0.01998498,0.01998498,34833,107,0
5737.53355597,5737.53398857,2784.81680013,2784.79702479,0.05533707,454.29881002,0.01998498,0.01998498,34832,107,0
5737.69863275,5737.69872810,2792.35191760,2792.34755368,0.03456410,454.28292133,0.01998498,0.01998498,34831,107,0
5737.86354077,5737.86347710,2799.89612114,2799.89903836,0.06406412,454.26595235,0.01998498,0.01998498,34830,107,0
5738.02780807,5738.02823555,2807.44933635,2807.42972774,0.04103599,454.24795618,0.01998498,0.01998498,34829,107,0
5738.19293286,5738.19300347,2815.01148623,2815.00824397,0.05282605,454.22876303,0.01998498,0.01998498,34828,107,0
5738.36386754,5738.35778084,0.00000000,2822.86145844,0.09013232,454.20772825,0.01998500,0.01998498,34827,107,1
5738.51321870,5738.52256768,0.00000000,2829.72995755,0.11969845,454.18837488,0.01998495,0.01998498,34826,107,1
5738.68653519,5738.68736398,2837.75087466,2837.71268961,0.04679749,454.16476087,0.01998498,0.01998498,34825,107,0
5738.85197840,5738.85216974,2845.34821962,2845.33939384,0.07543049,454.14107426,0.01998498,0.01998498,34824,107,0
5739.01665750,5739.01698497,2852.95431911,2852.93919810,0.03487136,454.11637689,0.01998498,0.01998498,34823,107,0
5739.18150752,5739.18180966,2860.56915844,2860.55519190,0.03677940,454.09053099,0.01998498,0.01998498,34822,107,0
5739.34555058,5739.34664382,2868.19267313,2868.14208425,0.05964469,454.06369304,0.01998498,0.01998498,34821,107,0
5739.51137441,5739.51148745,2875.82476014,2875.81952400,0.05939842,454.03542646,0.01998498,0.01998498,34820,107,0
5739.67545600,5739.67634054,2883.46531469,2883.42429714,0.04647941,454.00632827,0.01998498,0.01998498,34819,107,0
5739.83992743,5739.84120310,2891.11423128,2891.05501545,0.05503872,453.97603125,0.01998498,0.01998498,34818,107,0
5740.00459225,5740.00607513,2898.77149792,2898.70259149,0.02923755,453.94456218,0.01998497,0.01998498,34817,107,0
5740.17057185,5740.17095663,2906.43738764,2906.41948825,0.07395924,453.91168641,0.01998498,0.01998498,34816,107,0
5740.33688881,5740.33584759,2914.11222910,2914.16072014,0.05797761,453.87757510,0.01998498,0.01998498,34815,107,0
5740.50160556,5740.50074804,2921.79635323,2921.83633626,0.07503241,453.84263360,0.01998498,0.01998498,34814,107,0
5740.66503422,5740.66565795,2929.49007170,2929.46095491,0.02502193,453.80682076,0.01998498,0.01998498,34813,107,0
5740.83025408,5740.83057734,2937.19338831,2937.17828010,0.03559606,453.76945249,0.01998498,0.01998498,34812,107,0
5740.99476133,5740.99550620,2944.90607450,2944.87122221,0.05887253,453.73108084,0.01998498,0.01998498,34811,107,0
5741.15907607,5741.16044453,2952.62789443,2952.56379270,0.03488836,453.69159141,0.01998498,0.01998498,34810,107,0
5741.32535557,5741.32539234,2960.35861081,2960.35688643,0.06176231,453.65044429,0.01998498,0.01998498,34809,107,0
5741.49055621,5741.49034963,2968.09811747,2968.10781512,0.05549271,453.60837998,0.01998498,0.01998498,34808,107,0
5741.65560264,5741.65531640,2975.84664862,2975.86010109,0.04735541,453.56517128,0.01998498,0.01998498,34807,107,0
5741.81843056,5741.82029264,0.00000000,2983.51782488,0.07105880,453.52137318,0.01998497,0.01998498,34806,107,1
5741.98605663,5741.98527836,2991.37194587,2991.40860867,0.06050743,453.47508131,0.01998498,0.01998498,34805,107,0
5742.14982595,5742.15027356,2999.14927415,2999.12816209,0.04831380,453.42865381,0.01998498,0.01998498,34804,107,0
5742.31550423,5742.31527825,3006.93651796,3006.94718938,0.04087488,453.38047849,0.01998498,0.01998498,34803,107,0
5742.48024795,5742.48029241,3014.73358418,3014.73148200,0.05821705,453.33136791,0.01998498,0.01998498,34802,107,0
5742.64452880,5742.64531606,3022.54037742,3022.50311276,0.01999544,453.28119327,0.01998498,0.01998498,34801,107,0
5742.80970307,5742.81034919,3030.35680271,3030.32618313,0.07357872,453.22953212,0.01998498,0.01998498,34800,107,0
5742.97415125,5742.97539180,3038.18285276,3038.12399333,0.05466197,453.17688514,0.01998498,0.01998498,34799,107,0
5743.14158788,5743.14044390,3046.01866941,3046.07301263,0.06161288,453.12203275,0.01998498,0.01998498,34798,107,0
5743.30517056,5743.30550548,3053.86440988,3053.84848059,0.07492140,453.06722093,0.01998498,0.01998498,34797,107,0
5743.47036658,5743.47057655,3061.72023247,3061.71023348,0.06310652,453.01063745,0.01998498,0.01998498,34796,107,0
5743.63543217,5743.63565711,3069.58622462,3069.57550001,0.04387114,452.95285803,0.01998498,0.01998498,34795,107,0
5743.80012546,5743.80074715,3077.46209982,3077.43242403,0.04416176,452.89397081,0.01998498,0.01998498,34794,107,0
5743.96607703,5743.96584669,3085.34744799,3085.35845576,0.02674510,452.83338169,0.01998498,0.01998498,34793,107,0
5744.13088708,5744.13095571,3093.24185587,3093.23857282,0.05278297,452.77196469,0.01998498,0.01998498,34792,107,0
5744.29569157,5744.29607423,3101.14493474,3101.12661043,0.04650554,452.70930872,0.01998498,0.01998498,34791,107,0
5744.46032695,5744.46120223,3109.05680639,3109.01484561,0.04819761,452.64547328,0.01998498,0.01998498,34790,107,0
5744.62643945,5744.62633973,3116.97804694,3116.98283290,0.02982601,452.57979657,0.01998498,0.01998498,34789,107,0
5744.79095337,5744.79148672,3124.90925232,3124.88362237,0.03542616,452.51348697,0.01998498,0.01998498,34788,107,0
5744.95619061,5744.95664320,3132.85102161,3132.82924372,0.04848485,452.44560926,0.01998498,0.01998498,34787,107,0
5745.12260241,5745.12180918,3140.80369751,3140.84191576,0.07297235,452.37594832,0.01998498,0.01998498,34786,107,0
5745.28687494,5745.28698466,3148.76705322,3148.76176040,0.05836550,452.30589991,0.01998498,0.01998498,34785,107,0
5745.45111536,5745.45216963,3156.74078432,3156.68986251,0.06655486,452.23458902,0.01998498,0.01998498,34784,107,0
5745.61719033,5745.61736410,3164.72458401,3164.71618090,0.06522798,452.16118241,0.01998498,0.01998498,34783,107,0
5745.78225119,5745.78256806,3172.71820734,3172.70286600,0.04929121,452.08692750,0.01998498,0.01998498,34782,107,0
5745.94722966,5745.94778153,3180.72176766,3180.69501710,0.04600089,452.01141272,0.01998498,0.01998498,34781,107,0
5746.11293687,5746.11300449,3188.73550450,3188.73222246,0.04318342,451.93425250,0.01998498,0.01998498,34780,107,0
5746.27778450,5746.27823696,3196.75965933,3196.73767310,0.07095920,451.85618116,0.01998498,0.01998498,34779,107,0
5746.44214427,5746.44347892,3204.79446024,3204.72952270,0.04600155,451.77703196,0.01998498,0.01998498,34778,107,0
5746.60940444,5746.60873039,3212.83990523,3212.87274264,0.05444259,451.69513953,0.01998498,0.01998498,34777,107,0
5746.77384676,nan,0.00000000,3220.88494128,0.06870087,451.61333907,0.01998498,0.01998498,34776,107,1
5746.93894280,5746.93926184,3228.96198781,3228.94640767,0.02750801,451.52980862,0.01998498,0.01998498,34775,107,0
5747.10372561,5747.10454182,3237.03824718,3236.99834051,0.03344360,451.44514837,0.01998498,0.01998498,34774,107,0
5747.26857039,5747.26983130,3245.12456490,3245.06284146,0.03935703,451.35912518,0.01998498,0.01998498,34773,107,0
5747.43485406,5747.43513029,3253.22118051,3253.20764165,0.03575631,451.27099522,0.01998498,0.01998498,34772,107,0
5747.60040535,5747.60043879,3261.32835886,3261.32671767,0.05108963,451.18189308,0.01998498,0.01998498,34771,107,0
5747.76483813,5747.76575680,3269.44636682,3269.40122602,0.07021499,451.09204173,0.01998498,0.01998498,34770,107,0
5747.93070060,5747.93108431,3277.57540762,3277.55652883,0.05133795,451.00003777,0.01998498,0.01998498,34769,107,0
5748.09671138,5748.09642133,3285.71547715,3285.72976653,0.06222363,450.90656751,0.01998498,0.01998498,34768,107,0
5748.26157674,5748.26176787,3293.86652975,3293.85710152,0.03341409,450.81236744,0.01998498,0.01998498,34767,107,0
5748.42748302,5748.42712391,3302.02851930,3302.04625624,0.04708292,450.71618527,0.01998498,0.01998498,34766,107,0
5748.59212440,5748.59248947,3310.20140140,3310.18334715,0.08104219,450.61935627,0.01998498,0.01998498,34765,107,0
5748.75726108,5748.75786454,3318.38514427,3318.35526257,0.09638664,450.52085046,0.01998498,0.01998498,34764,107,0
5748.92326439,5748.92324913,3326.57972088,3326.58047759,0.07202444,450.42042463,0.01998498,0.01998498,34763,107,0
5749.08790640,5749.08864323,3334.78510389,3334.74852630,0.03681974,450.31942837,0.01998498,0.01998498,34762,107,0
5749.25393641,5749.25404684,3343.00128072,3342.99579191,0.02697076,450.21617015,0.01998498,0.01998498,34761,107,0
5749.41970361,5749.41945997,3351.22842111,3351.24054685,0.06133516,450.11165525,0.01998498,0.01998498,34760,107,0
5749.58371338,5749.58488262,3359.46681801,3359.40854886,0.06891005,450.00684331,0.01998498,0.01998498,34759,107,0
5749.75061400,5749.75031478,3367.71676890,3367.73170111,0.06414462,449.89874011,0.01998498,0.01998498,34758,107,0
5749.91593351,5749.91575646,3375.97856376,3375.98741112,0.05191796,449.79021615,0.01998498,0.01998498,34757,107,0
5750.07999782,5750.08120767,3384.25224331,3384.19170191,0.02844994,449.68108867,0.01998498,0.01998498,34756,107,0
5750.24569608,5750.24666839,3392.53758194,3392.48886188,0.06221976,449.56942870,0.01998498,0.01998498,34755,107,0
5750.41353299,5750.41213864,3400.83433932,3400.90429895,0.04057984,449.45484440,0.01998499,0.01998498,34754,107,0
5750.57802777,5750.57761840,3409.14227520,3409.16284083,0.04966453,449.34109163,0.01998498,0.01998498,34753,107,0
5750.74277067,5750.74310769,3417.46128404,3417.44433124,0.06782303,449.22572485,0.01998498,0.01998498,34752,107,0
5750.90878342,5750.90860650,3425.79147592,3425.80038646,0.08063914,449.10800196,0.01998498,0.01998498,34751,107,0
5751.07483420,5751.07411484,3434.13298093,3434.16925995,0.05886404,448.98877214,0.01998499,0.01998498,34750,107,0
5751.23971613,5751.23963270,3442.48593019,3442.49014322,0.04691673,448.86891002,0.01998498,0.01998498,34749,107,0
5751.40496357,5751.40516009,3450.85046531,3450.84052765,0.06369076,448.74730368,0.01998498,0.01998498,34748,107,0
5751.56929687,5751.57069701,0.00000000,3459.15100654,0.06623568,448.62496631,0.01998498,0.01998498,34747,107,1
5751.73620331,5751.73624345,3467.61495317,3467.61291754,0.05404720,448.49905467,0.01998498,0.01998498,34746,107,0
5751.90333947,5751.90179942,0.00000000,3476.08746219,0.02836474,448.37159475,0.01998499,0.01998498,34745,107,1
5752.06739122,5752.06736493,3484.42772041,3484.42905747,0.04802140,448.24480495,0.01998498,0.01998498,34744,107,0
5752.23295159,5752.23293996,3492.85226479,3492.85285727,0.01133986,448.11542711,0.01998498,0.01998498,34743,107,0
5752.39745668,5752.39852452,3501.28871509,3501.23427291,0.07307902,447.98536518,0.01998498,0.01998498,34742,107,0
5752.56472084,5752.56411861,3509.73690825,3509.76765269,0.03743430,447.85157695,0.01998499,0.01998498,34741,107,0
5752.72852976,5752.72972224,3518.19667892,3518.13572218,0.04528745,447.71903986,0.01998498,0.01998498,34740,107,0
5752.89474578,5752.89533540,3526.66785720,3526.63767849,0.05876528,447.58302263,0.01998498,0.01998498,34739,107,0
5753.05902178,5753.06095810,0.00000000,3535.04096089,0.06946570,447.44723737,0.01998498,0.01998498,34738,107,1
5753.22721283,5753.22659033,3543.64374611,3543.67568704,0.03967157,447.30631765,0.01998499,0.01998498,34737,107,0
5753.39130227,5753.39223210,3552.14826459,3552.10049421,0.08135829,447.16746132,0.01998498,0.01998498,34736,107,0
5753.55642497,5753.55788340,0.00000000,3560.58860651,0.05833497,447.02620062,0.01998498,0.01998498,34735,107,1
5753.72189349,5753.72354424,0.00000000,3569.11100315,0.02058480,446.88299494,0.01998498,0.01998498,34734,107,1
5753.88934203,5753.88921462,3577.73603141,3577.74260655,0.05448158,446.73655040,0.01998498,0.01998498,34733,107,0
5754.05544495,5754.05489454,3586.29288191,3586.32133122,0.06858277,446.58960317,0.01998499,0.01998498,34732,107,0
5754.22112778,5754.22058400,3594.86344784,3594.89159651,0.07134120,446.44140733,0.01998499,0.01998498,34731,107,0
5754.38677906,5754.38628300,3603.44673120,3603.47244443,0.05265677,446.29163304,0.01998499,0.01998498,34730,107,0
5754.55059267,5754.55199154,0.00000000,3611.97235461,0.06927697,446.14189482,0.01998498,0.01998498,34729,107,1
5754.71672390,5754.71770963,3620.64769517,3620.59647296,0.05568492,445.98856813,0.01998498,0.01998498,34728,107,0
5754.88340440,5754.88343726,3629.26540098,3629.26369115,0.07674649,445.83305403,0.01998498,0.01998498,34727,107,0
5755.04902956,5755.04917443,3637.89610418,3637.88855439,0.05338970,445.67688557,0.01998498,0.01998498,34726,107,0
5755.21550199,5755.21492115,3646.54107807,3646.57139920,0.06831140,445.51824210,0.01998499,0.01998498,34725,107,0
5755.38062861,5755.38067741,3655.20129799,3655.19874593,0.04966792,445.35919634,0.01998498,0.01998498,34724,107,0
5755.54530135,5755.54644323,3663.87616613,3663.81636349,0.06294001,445.19892053,0.01998498,0.01998498,34723,107,0
5755.71220885,5755.71221859,3672.56457470,3672.56406425,0.04081049,445.03478464,0.01998498,0.01998498,34722,107,0
5755.87836095,5755.87800349,3681.26540559,3681.28417775,0.06931323,444.86972168,0.01998499,0.01998498,34721,107,0
5756.04354728,5756.04379795,3689.97782252,3689.96464160,0.05401389,444.70397662,0.01998498,0.01998498,34720,107,0
5756.20905563,5756.20960196,3698.70232135,3698.67355407,0.06693026,444.53625191,0.01998498,0.01998498,34719,107,0
5756.37398013,5756.37541552,0.00000000,3707.35992863,0.04411701,444.36752799,0.01998498,0.01998498,34718,107,1
5756.54113286,5756.54123863,3716.19110993,3716.18552343,0.05762114,444.19463381,0.01998498,0.01998498,34717,107,0
5756.70804032,5756.70707129,3724.95692924,3725.00819214,0.04424385,444.02031994,0.01998499,0.01998498,34716,107,0
5756.87214823,5756.87291351,3733.73687764,3733.69633224,0.06801967,443.84722080,0.01998498,0.01998498,34715,107,0
5757.03751099,5757.03876528,0.00000000,3742.45079789,0.06384521,443.67135160,0.01998498,0.01998498,34714,107,1
5757.20412569,5757.20462660,3751.33670680,3751.31009281,0.06047175,443.49189608,0.01998498,0.01998498,34713,107,0
5757.37037610,5757.37049748,3760.15555195,3760.14909403,0.05305079,443.31136749,0.01998499,0.01998498,34712,107,0
5757.53703089,5757.53637792,3768.98707455,3769.02186337,0.06715269,443.12865824,0.01998499,0.01998498,34711,107,0
5757.70250385,5757.70226792,3777.83158798,3777.84417548,0.05989755,442.94550684,0.01998499,0.01998498,34710,107,0
5757.86769102,5757.86816748,3786.68940815,3786.66395051,0.06357799,442.76093176,0.01998498,0.01998498,34709,107,0
5758.03463632,5758.03407659,3795.56079321,3795.59074500,0.05928327,442.57261387,0.01998499,0.01998498,34708,107,0
5758.19869086,5758.19999527,3804.44586975,3804.37596622,0.06336061,442.38580610,0.01998498,0.01998498,34707,107,0
5758.36784323,5758.36592350,0.00000000,3813.43642228,0.06347786,442.19161148,0.01998499,0.01998498,34706,107,1
5758.53093705,5758.53186130,3822.25753633,3822.20785637,0.05406031,442.00212728,0.01998498,0.01998498,34705,107,0
5758.69878699,5758.69780866,3831.18429646,3831.23696346,0.07299744,441.80555150,0.01998499,0.01998498,34704,107,0
5758.86239681,5758.86376558,0.00000000,3840.04506376,0.10785421,441.61229634,0.01998498,0.01998498,34703,107,1
5759.02807736,5759.02973207,0.00000000,3848.98634224,0.03869334,441.41461304,0.01998498,0.01998498,34702,107,1
5759.19448164,5759.19570813,0.00000000,3857.98047839,0.06732189,441.21423013,0.01998498,0.01998499,34701,107,1
5759.36007081,5759.36169375,0.00000000,3866.94435175,0.07854614,441.01299366,0.01998498,0.01998499,34700,107,1
5759.52871214,5759.52768893,3876.02864637,3876.08415441,0.06554503,440.80623716,0.01998499,0.01998499,34699,107,0
5759.69427248,5759.69369369,3885.04181641,3885.07326873,0.07120719,440.60134270,0.01998499,0.01998499,34698,107,0
5759.85987235,5759.85970801,3894.07110029,3894.08004644,0.06221962,440.39450712,0.01998499,0.01998499,34697,107,0
5760.02444639,5760.02573190,0.00000000,3903.04878817,0.09121310,440.18701470,0.01998498,0.01998499,34696,107,1
5760.19181462,5760.19176537,3912.17628428,3912.17897414,0.06334491,439.97421865,0.01998499,0.01998499,34695,107,0
5760.35774533,5760.35780840,3921.25043712,3921.24698807,0.05254951,439.76130511,0.01998499,0.01998499,34694,107,0
5760.52403847,5760.52386100,3930.33801516,3930.34773425,0.08172509,439.54605334,0.01998499,0.01998499,34693,107,0
5760.69113381,5760.68992318,3939.43978925,3939.50619637,0.07001507,439.32784891,0.01998499,0.01998499,34692,107,0
5760.85663008,5760.85599493,3948.55707248,3948.59197204,0.02493534,439.10980253,0.01998499,0.01998499,34691,107,0
5761.02044476,5761.02207626,0.00000000,3957.60091916,0.07051554,438.89205226,0.01998498,0.01998499,34690,107,1
5761.18703871,5761.18816716,3966.84282018,3966.78058766,0.06312722,438.66859033,0.01998498,0.01998499,34689,107,0
5761.35486295,5761.35426764,3976.01059239,3976.04347579,0.07195141,438.44148056,0.01998499,0.01998499,34688,107,0
5761.52233745,5761.52037769,0.00000000,3985.28803750,0.08017009,438.21319558,0.01998499,0.01998499,34687,107,1
5761.68700375,5761.68649733,3994.38748209,3994.41552982,0.06821769,437.98620922,0.01998499,0.01998499,34686,107,0
5761.85154392,5761.85262654,4003.59451128,4003.53446973,0.03701896,437.75785555,0.01998498,0.01998499,34685,107,0
5762.01727811,5762.01876533,0.00000000,4012.72399005,0.07523264,437.52613676,0.01998498,0.01998499,34684,107,1
5762.18563955,5762.18491370,4022.05334374,4022.09373787,0.08758125,437.28822205,0.01998499,0.01998499,34683,107,0
5762.35086449,5762.35107165,4031.30931257,4031.29776085,0.05777864,437.05289189,0.01998499,0.01998499,34682,107,0
5762.51527012,5762.51723918,0.00000000,4040.46369140,0.06686406,436.81693659,0.01998498,0.01998499,34681,107,1
5762.68446907,5762.68341630,4049.87499420,4049.93390553,0.09960627,436.57147205,0.01998499,0.01998499,34680,107,0
5762.84848336,5762.84960300,0.00000000,4059.10109609,0.06533409,436.33223906,0.01998498,0.01998499,34679,107,1
5763.01462293,5763.01579928,4068.50245203,4068.43643097,0.09686505,436.08697750,0.01998498,0.01998499,34678,107,0
5763.18075453,5763.18200515,4077.83752305,4077.76722758,0.07583028,435.84018084,0.01998498,0.01998499,34677,107,0
5763.34679533,5763.34822061,0.00000000,4087.08867944,0.07703750,435.59197984,0.01998498,0.01998499,34676,107,1
nan,nan,0.00000000,-1.00000000,0.00000000,435.38003117,nan,0.00000000,-2147483648,107,1
nan,nan,0.00000000,-1.00000000,0.00000000,428.41775230,nan,0.00000000,-2147483648,106,1
nan,nan,0.00000000,-1.00000000,0.00000000,428.66965021,nan,0.00000000,-2147483648,106,1
5718.50301597,5718.48816810,0.00000000,12.81724245,0.20716206,428.96212895,0.01998502,0.01998497,34948,106,1
5718.50301597,5718.48816810,0.00000000,12.81724245,0.20716206,428.96212895,0.01998502,0.01998497,34948,106,1
5718.66408863,5718.65181602,0.00000000,18.08093600,0.31131349,429.22622815,0.01998502,0.01998497,34947,106,1
nan,nan,0.00000000,-1.00000000,0.00000000,429.52258754,nan,0.00000000,-2147483648,106,1
5719.13504737,5719.14281596,0.00000000,33.48684201,0.13611810,429.99620687,0.01998495,0.01998497,34944,106,1
nan,nan,0.00000000,-1.00000000,0.00000000,430.27066740,nan,0.00000000,-2147483648,106,1
nan,nan,0.00000000,-1.00000000,0.00000000,430.51908739,nan,0.00000000,-2147483648,106,1
5719.63488806,5719.63390020,49.83026118,49.86265799,0.32338183,430.80976907,0.01998498,0.01998497,34941,106,0
5719.80233378,5719.79761368,0.00000000,55.35457005,0.10857465,431.08148232,0.01998499,0.01998497,34940,106,1
5719.80233378,5719.79761368,0.00000000,55.35457005,0.10857465,431.08148232,0.01998499,0.01998497,34940,106,1
5720.28704126,5720.28881035,71.32858110,71.27045534,0.28888575,431.86572076,0.01998497,0.01998497,34937,106,0
5720.28704126,5720.28881035,71.32858110,71.27045534,0.28888575,431.86572076,0.01998497,0.01998497,34937,106,0
nan,nan,0.00000000,-1.00000000,0.00000000,432.19587957,nan,0.00000000,-2147483648,106,1
nan,nan,0.00000000,-1.00000000,0.00000000,432.39172053,nan,0.00000000,-2147483648,106,1
nan,nan,0.00000000,-1.00000000,0.00000000,432.63609878,nan,0.00000000,-2147483648,106,1
5720.93946568,5720.94387045,0.00000000,92.72748445,0.17899348,432.91545580,0.01998496,0.01998497,34933,106,1
nan,nan,0.00000000,-1.00000000,0.00000000,433.22068915,nan,0.00000000,-2147483648,106,1
5721.26931923,5721.27145674,103.66205691,103.59161122,0.03092472,433.44365741,0.01998497,0.01998497,34931,106,0
5721.44409782,5721.43526395,0.00000000,109.35658941,0.23824033,433.72304311,0.01998500,0.01998497,34930,106,1
5721.44409782,5721.43526395,0.00000000,109.35658941,0.23824033,433.72304311,0.01998500,0.01998497,34930,106,1
nan,nan,0.00000000,-1.00000000,0.00000000,433.99593220,nan,0.00000000,-2147483648,106,1
5721.75772552,5721.76290651,0.00000000,119.70523040,0.08648862,434.22299761,0.01998496,0.01998497,34928,106,1
nan,nan,0.00000000,-1.00000000,0.00000000,434.47801540,nan,0.00000000,-2147483648,106,1
nan,nan,0.00000000,-1.00000000,0.00000000,434.71835209,nan,0.00000000,-2147483648,106,1
5722.24231943,5722.25444069,0.00000000,135.71590424,0.17272322,434.99252471,0.01998493,0.01998497,34925,106,1
5722.42501323,5722.41830418,0.00000000,141.75854820,0.17508408,435.28170213,0.01998500,0.01998497,34924,106,1
5722.59101807,5722.58217705,0.00000000,147.25232351,0.08288549,435.54401716,0.01998500,0.01998497,34923,106,1
5722.73924620,5722.74605931,0.00000000,152.16031228,0.09834411,435.77788243,0.01998495,0.01998497,34922,106,1
nan,nan,0.00000000,-1.00000000,0.00000000,436.00804978,nan,0.00000000,-2147483648,106,1
5723.08774557,5723.07385197,0.00000000,163.70887035,0.04633894,436.32638411,0.01998502,0.01998497,34920,106,1
5723.23911000,5723.23776238,168.68098543,168.72568739,0.26579925,436.56387804,0.01998498,0.01998497,34919,106,0
5723.39856837,5723.40168217,0.00000000,174.02003875,0.19439338,436.81399726,0.01998496,0.01998497,34918,106,1
5723.56523875,5723.56561135,179.56141314,179.54904120,0.21428618,437.07463961,0.01998497,0.01998497,34917,106,0
5723.56523875,5723.56561135,179.56141314,179.54904120,0.21428618,437.07463961,0.01998497,0.01998497,34917,106,0
5723.89107295,5723.89349788,0.00000000,190.37986500,0.17075631,437.58354949,0.01998497,0.01998497,34915,106,1
5724.05302581,5724.05745523,0.00000000,195.76535558,0.15223540,437.83577774,0.01998496,0.01998497,34914,106,1
5724.05302581,5724.05745523,0.00000000,195.76535558,0.15223540,437.83577774,0.01998496,0.01998497,34914,106,1
5724.22231338,5724.22142197,201.36051348,201.39017762,0.08240967,438.09863300,0.01998498,0.01998497,34913,106,0
5724.38510933,5724.38539810,206.81891269,206.80929703,0.14699833,438.35131305,0.01998497,0.01998497,34912,106,0
5724.54849983,5724.54938363,212.28095321,212.25150671,0.13438721,438.60451422,0.01998497,0.01998497,34911,106,0
5724.74231183,nan,0.00000000,218.71877357,0.32724116,438.90468278,0.01998508,0.01998497,34910,106,1
5724.87358287,5724.87738285,0.00000000,223.09608391,0.09570167,439.10740300,0.01998496,0.01998497,34909,106,1
5725.03618649,5725.04139655,0.00000000,228.52084544,0.14559838,439.35813264,0.01998496,0.01998497,34908,106,1
5725.19443414,5725.20541965,0.00000000,233.80310207,0.15019072,439.60174426,0.01998494,0.01998497,34907,106,1
5725.36343522,5725.36945215,0.00000000,239.44738031,0.08235893,439.86147233,0.01998495,0.01998497,34906,106,1
5725.53432648,5725.53349404,245.12403473,245.15185884,0.15184066,440.12336218,0.01998498,0.01998497,34905,106,0
5725.69024400,5725.69754533,0.00000000,250.37113362,0.02210095,440.36244077,0.01998495,0.01998497,34904,106,1
5725.86473814,5725.86160602,0.00000000,256.20857855,0.10639423,440.62922924,0.01998499,0.01998497,34903,106,1
5726.03244625,5726.02567611,0.00000000,261.82222193,0.11996067,440.88518522,0.01998500,0.01998497,34902,106,1
5726.18834923,5726.18975560,267.08187789,267.03477204,0.10772803,441.12232290,0.01998497,0.01998497,34901,106,0
5726.35565270,5726.35384448,272.57955078,272.64015090,0.09392565,441.37676193,0.01998498,0.01998497,34900,106,0
5726.52028294,5726.51794278,0.00000000,278.16940211,0.16770971,441.62716681,0.01998498,0.01998497,34899,106,1
5726.68206143,5726.68205047,283.58534849,283.58571636,0.14711890,441.87189997,0.01998497,0.01998498,34898,106,0
5726.84058198,5726.84616757,0.00000000,288.91706985,0.05625285,442.11225575,0.01998496,0.01998498,34897,106,1
5727.00738363,5727.01029407,0.00000000,294.51871530,0.08587668,442.36422172,0.01998497,0.01998498,34896,106,1
5727.16938915,5727.17442998,0.00000000,299.96231533,0.05058393,442.60851368,0.01998496,0.01998498,34895,106,1
5727.33094973,5727.33857529,0.00000000,305.39393627,0.06912489,442.85171297,0.01998495,0.01998498,34894,106,1
5727.50444590,5727.50273001,311.16120784,311.21894707,0.15429775,443.11191000,0.01998498,0.01998498,34893,106,0
5727.67343281,5727.66689414,0.00000000,316.91795530,0.04495798,443.36586148,0.01998500,0.01998498,34892,106,1
5727.83138547,5727.83106767,322.21600171,322.22670795,0.15948829,443.60187378,0.01998498,0.01998498,34891,106,0
5727.99743671,5727.99525062,0.00000000,327.83252064,0.18583023,443.85051759,0.01998498,0.01998498,34890,106,1
5728.16036329,5728.15944297,333.28483225,333.31587243,0.10472775,444.09315830,0.01998498,0.01998498,34889,106,0
5728.32416366,5728.32364474,338.82454100,338.84205313,0.18680104,444.33712250,0.01998498,0.01998498,34888,106,0
5728.48314751,5728.48785591,0.00000000,344.21700349,0.08640548,444.57385975,0.01998496,0.01998498,34887,106,1
5728.65213803,5728.65207650,349.91459600,349.91667468,0.21669335,444.82430604,0.01998498,0.01998498,34886,106,0
5728.81760841,5728.81630651,355.46490780,355.50891937,0.17694986,445.06943859,0.01998498,0.01998498,34885,106,0
5728.96844197,5728.98054592,0.00000000,360.61462023,0.13962971,445.29273054,0.01998493,0.01998498,34884,106,1
5729.14705875,5729.14479476,0.00000000,366.65677277,0.10903235,445.55634419,0.01998498,0.01998498,34883,106,1
5729.31201213,5729.30905300,0.00000000,372.24002006,0.03046135,445.79932632,0.01998499,0.01998498,34882,106,1
5729.48049514,5729.47332067,0.00000000,377.94600686,0.06083165,446.04704477,0.01998500,0.01998498,34881,106,1
5729.63675762,5729.63759775,383.26743361,383.23895529,0.01088956,446.27628463,0.01998497,0.01998498,34880,106,0
5729.80164526,5729.80188425,388.83787978,388.82977410,0.07800025,446.51785361,0.01998498,0.01998498,34879,106,0
5729.96498705,5729.96618017,394.41168772,394.37119939,0.11141346,446.75670875,0.01998497,0.01998498,34878,106,0
5730.12632904,5730.13048551,0.00000000,399.84909143,0.09473641,446.99225818,0.01998496,0.01998498,34877,106,1
5730.28983223,5730.29480027,0.00000000,405.40196903,0.13140896,447.23045646,0.01998496,0.01998498,34876,106,1
5730.45568532,5730.45912445,0.00000000,411.03786960,0.21026806,447.47162359,0.01998496,0.01998498,34875,106,1
5730.62585353,5730.62345805,0.00000000,416.82377612,0.04907569,447.71858872,0.01998498,0.01998498,34874,106,1
5730.78994058,5730.78780108,0.00000000,422.40615713,0.02397385,447.95627028,0.01998498,0.01998498,34873,106,1
5730.95144691,5730.95215353,427.92828778,427.90422520,0.05412135,448.18978963,0.01998497,0.01998498,34872,106,0
5731.11817257,5731.11651540,433.52697198,433.58343708,0.03734568,448.43040624,0.01998498,0.01998498,34871,106,0
5731.28655680,5731.28088670,0.00000000,439.32091526,0.03720506,448.67287601,0.01998500,0.01998498,34870,106,1
5731.44516938,5731.44526743,444.73510728,444.73176247,0.07439343,448.90097536,0.01998498,0.01998498,34869,106,0
5731.60937013,5731.60965759,450.34453964,450.33472799,0.01901216,449.13659380,0.01998498,0.01998498,34868,106,0
5731.77184547,5731.77405717,0.00000000,455.87822784,0.09628423,449.36913100,0.01998497,0.01998498,34867,106,1
5731.93449760,5731.93846618,0.00000000,461.43397397,0.06917558,449.60160251,0.01998496,0.01998498,34866,106,1
5732.10654677,5732.10288462,0.00000000,467.31415180,0.01633125,449.84701753,0.01998499,0.01998498,34865,106,1
5732.26511786,5732.26731249,0.00000000,472.73683586,0.12577669,450.07276272,0.01998497,0.01998498,34864,106,1
5732.43059398,5732.43174979,478.44529817,478.40573301,0.06993570,450.30816693,0.01998497,0.01998498,34863,106,0
5732.59641154,5732.59619653,484.07618774,484.08355220,0.06653895,450.54333633,0.01998498,0.01998498,34862,106,0
5732.75919993,5732.76065270,489.71063565,489.66084843,0.04610280,450.77375237,0.01998497,0.01998498,34861,106,0
5732.92618890,5732.92511830,495.34857708,495.38528801,0.13859179,451.00963953,0.01998498,0.01998498,34860,106,0
5733.09391169,5733.08959333,0.00000000,501.12865276,0.11898755,451.24568771,0.01998499,0.01998498,34859,106,1
5733.25491927,5733.25407780,506.63466640,506.66355119,0.08961508,451.47258157,0.01998498,0.01998498,34858,106,0
5733.41800859,5733.41857171,512.28267656,512.26333629,0.08589381,451.70154953,0.01998498,0.01998498,34857,106,0
5733.58484240,5733.58307506,517.93390544,517.99463495,0.01052171,451.93528476,0.01998498,0.01998498,34856,106,0
5733.74330515,5733.74758784,0.00000000,523.43311063,0.06448720,452.15650727,0.01998496,0.01998498,34855,106,1
5733.91466666,5733.91211006,0.00000000,529.32739596,0.05965893,452.39564330,0.01998499,0.01998498,34854,106,1
5734.07295809,5734.07664172,0.00000000,534.77531533,0.07891898,452.61608935,0.01998496,0.01998498,34853,106,1
5734.24046505,5734.24118282,540.57310266,540.54838105,0.05483181,452.84908359,0.01998498,0.01998498,34852,106,0
5734.40712767,5734.40573336,546.24248183,546.29053719,0.08552343,453.08020912,0.01998498,0.01998498,34851,106,0
5734.56886418,5734.57029335,551.91610704,551.86681533,0.06243170,453.30406499,0.01998497,0.01998498,34850,106,0
5734.73426585,5734.73486277,557.59406737,557.57346529,0.07861815,453.53254961,0.01998498,0.01998498,34849,106,0
5734.89692313,5734.89944164,0.00000000,563.18363829,0.07717005,453.75657498,0.01998497,0.01998498,34848,106,1
5735.06529425,5735.06402996,568.96214467,569.00583479,0.09822320,453.98844152,0.01998498,0.01998498,34847,106,0
5735.22553772,5735.22862772,0.00000000,574.53694800,0.02099125,454.20812583,0.01998497,0.01998498,34846,106,1
5735.39268712,5735.39323493,580.34479035,580.32583939,0.08488385,454.43743289,0.01998498,0.01998498,34845,106,0
5735.56039213,5735.55785158,0.00000000,586.11968647,0.02667880,454.66630578,0.01998499,0.01998498,34844,106,1
5735.72185044,5735.72247768,591.74013701,591.71841730,0.04296942,454.88687180,0.01998498,0.01998498,34843,106,0
5735.88690401,5735.88711323,597.44251473,597.43526631,0.02912297,455.11148343,0.01998498,0.01998498,34842,106,0
5736.05170718,5736.05175823,603.14833414,603.14656446,0.08794026,455.33526379,0.01998498,0.01998498,34841,106,0
5736.21479668,5736.21641267,608.85783954,608.80178684,0.07898645,455.55624308,0.01998497,0.01998498,34840,106,0
5736.37785634,5736.38107657,0.00000000,614.45514042,0.08204112,455.77654874,0.01998497,0.01998498,34839,106,1
5736.54581873,5736.54574993,620.28889015,620.29128000,0.04577621,456.00334744,0.01998498,0.01998498,34838,106,0
5736.70853904,5736.71043273,626.01082941,625.94501058,0.08122327,456.22244725,0.01998497,0.01998498,34837,106,0
5736.87856499,5736.87512499,0.00000000,631.85267150,0.07919660,456.45074600,0.01998499,0.01998498,34836,106,1
5737.03946697,5737.03982670,637.46701084,637.45449170,0.01016738,456.66661999,0.01998498,0.01998498,34835,106,0
5737.20164165,5737.20453787,0.00000000,643.09514086,0.09019427,456.88339456,0.01998497,0.01998498,34834,106,1
5737.36932186,5737.36925849,648.93818055,648.94038829,0.05196827,457.10740127,0.01998498,0.01998498,34833,106,0
5737.53083172,5737.53398857,0.00000000,654.56404851,0.03787614,457.32231022,0.01998497,0.01998498,34832,106,1
5737.70210865,5737.69872810,0.00000000,660.53678665,0.08386777,457.54990855,0.01998499,0.01998498,34831,106,1
5737.86430732,5737.86347710,666.16999113,666.19896146,0.12651097,457.76505362,0.01998498,0.01998498,34830,106,0
5738.02930184,5738.02823555,671.92089009,671.95812012,0.05417140,457.98326584,0.01998498,0.01998498,34829,106,0
5738.19366699,5738.19300347,677.67566969,677.69885174,0.14165402,458.20015968,0.01998498,0.01998498,34828,106,0
5738.35705648,5738.35778084,683.43457696,683.40925204,0.03305069,458.41529327,0.01998498,0.01998498,34827,106,0
5738.52289489,5738.52256768,689.19785976,689.20930789,0.06538545,458.63317737,0.01998498,0.01998498,34826,106,0
5738.68926937,5738.68736398,694.96565718,695.03236894,0.04687344,458.85128988,0.01998499,0.01998498,34825,106,0
5738.85155484,5738.85216974,700.73779150,700.71624815,0.15171381,459.06357469,0.01998498,0.01998498,34824,106,0
5739.01686788,5739.01698497,706.51402728,706.50992219,0.04757939,459.27933550,0.01998498,0.01998498,34823,106,0
5739.18052953,5739.18180966,712.29412813,712.24922308,0.07014830,459.49244962,0.01998497,0.01998498,34822,106,0
5739.34705520,5739.34664382,718.07785669,718.09229502,0.08027688,459.70878125,0.01998498,0.01998498,34821,106,0
5739.51241793,5739.51148745,723.86497491,723.89764954,0.06476739,459.92308121,0.01998498,0.01998498,34820,106,0
5739.67351549,5739.67634054,0.00000000,729.55649088,0.06800946,460.13136334,0.01998497,0.01998498,34819,106,1
5739.84155987,5739.84120310,735.44915663,735.46169834,0.01903376,460.34807185,0.01998498,0.01998498,34818,106,0
5740.00515028,5740.00607513,741.24657971,741.21404973,0.06367457,460.55854094,0.01998498,0.01998498,34817,106,0
5740.17133139,5740.17095663,747.04782824,747.06101840,0.04883641,460.77183483,0.01998498,0.01998498,34816,106,0
5740.33438385,5740.33584759,752.85310624,752.80155563,0.04012528,460.98062131,0.01998497,0.01998498,34815,106,0
5740.50020771,5740.50074804,758.66261798,758.64357536,0.08459811,461.19246314,0.01998498,0.01998498,34814,106,0
5740.66693151,5740.66565795,764.47647928,764.52139379,0.04272928,461.40495599,0.01998498,0.01998498,34813,106,0
5740.82971743,5740.83057734,770.29461937,770.26427289,0.09422337,461.61194367,0.01998498,0.01998498,34812,106,0
5740.99582033,5740.99550620,776.11694362,776.12803689,0.05227711,461.82264903,0.01998498,0.01998498,34811,106,0
5741.15937412,5741.16044453,781.94335704,781.90553285,0.04313873,462.02962270,0.01998498,0.01998498,34810,106,0
5741.32628178,5741.32539234,787.77376422,787.80521283,0.06039209,462.24032637,0.01998498,0.01998498,34809,106,0
5741.49013546,5741.49034963,793.60807014,793.60049288,0.08040436,462.44666481,0.01998498,0.01998498,34808,106,0
5741.65465685,5741.65531640,799.44623169,799.42288326,0.05322742,462.65333312,0.01998498,0.01998498,34807,106,0
5741.82052358,5741.82029264,805.28829081,805.29647120,0.07563061,462.86117340,0.01998498,0.01998498,34806,106,0
5741.98530957,5741.98527836,811.13429746,811.13540360,0.06610236,463.06714498,0.01998498,0.01998498,34805,106,0
5742.14797441,5742.15027356,0.00000000,816.91312516,0.06276818,463.27032685,0.01998497,0.01998498,34804,106,1
5742.31519648,5742.31527825,822.83835416,822.83545214,0.03881489,463.47794311,0.01998498,0.01998498,34803,106,0
5742.48039305,5742.48029241,828.69650436,828.70007816,0.09043987,463.68288726,0.01998498,0.01998498,34802,106,0
5742.64401084,5742.64531606,834.55877753,834.51239641,0.06577195,463.88536596,0.01998497,0.01998498,34801,106,0
5742.80987605,5742.81034919,840.42516912,840.40834531,0.00881842,464.09010960,0.01998498,0.01998498,34800,106,0
5742.97617106,5742.97539180,846.29567280,846.32339983,0.07817738,464.29486048,0.01998498,0.01998498,34799,106,0
5743.14134668,5743.14044390,852.17028221,852.20242463,0.06699014,464.49771289,0.01998498,0.01998498,34798,106,0
5743.30537898,5743.30550548,858.04899096,858.04448404,0.06437510,464.69864664,0.01998498,0.01998498,34797,106,0
5743.47108669,5743.47057655,863.93179643,863.94998245,0.04182867,464.90111069,0.01998498,0.01998498,34796,106,0
5743.63589624,5743.63565711,869.81876025,869.82729071,0.08732486,465.10195779,0.01998498,0.01998498,34795,106,0
5743.97478058,5743.96584669,0.00000000,881.93670782,0.09994402,465.51373085,0.01998501,0.01998498,34793,106,1
5744.13579438,5744.13095571,0.00000000,887.68989771,0.22333411,465.70839915,0.01998500,0.01998498,34792,106,1
nan,nan,0.00000000,-1.00000000,0.00000000,465.85383090,nan,0.00000000,-2147483648,106,1
5744.62303028,5744.62633973,0.00000000,905.12132076,0.02762516,466.29442298,0.01998497,0.01998498,34789,106,1
5744.79263433,5744.79148672,911.15253974,911.19368042,0.04903264,466.49722796,0.01998498,0.01998498,34788,106,0
5744.95878048,5744.95664320,0.00000000,917.15247783,0.04830752,466.69556682,0.01998499,0.01998498,34787,106,1
5745.12170693,5745.12180918,923.00149093,922.99782090,0.04015605,466.88948125,0.01998498,0.01998498,34786,106,0
5745.28800800,5745.28698466,928.93150841,928.96825727,0.06041588,467.08688295,0.01998498,0.01998498,34785,106,0
5745.45081620,5745.45216963,934.86495520,934.81632711,0.06193682,467.27958964,0.01998498,0.01998498,34784,106,0
5745.61649574,5745.61736410,940.80198618,940.77076897,0.03873948,467.47514144,0.01998498,0.01998498,34783,106,0
5745.78299204,5745.78256806,946.74286375,946.75811517,0.07758693,467.67110230,0.01998498,0.01998498,34782,106,0
5745.94782408,5745.94778153,952.68785148,952.68938313,0.08389673,467.86456379,0.01998498,0.01998498,34781,106,0
5746.11085222,5746.11300449,0.00000000,958.55620095,0.09527738,468.05527297,0.01998497,0.01998498,34780,106,1
5746.27866214,5746.27823696,964.59121713,964.60654387,0.06824869,468.25127068,0.01998498,0.01998498,34779,106,0
5746.44405722,5746.44347892,970.55001427,970.57087578,0.06679684,468.44380905,0.01998498,0.01998498,34778,106,0
5746.60907300,5746.60873039,976.51345393,976.52582188,0.01182115,468.63537777,0.01998498,0.01998498,34777,106,0
5746.77480945,5746.77399136,982.48133269,982.51088506,0.06092956,468.82724416,0.01998499,0.01998498,34776,106,0
5746.93935984,5746.93926184,988.45344626,988.45698862,0.05564885,469.01719527,0.01998498,0.01998498,34775,106,0
5747.10283933,5747.10454182,994.42958947,994.36801340,0.09174807,469.20536749,0.01998498,0.01998498,34774,106,0
5747.26906757,5747.26983130,1000.40955927,1000.38192061,0.07184103,469.39614132,0.01998498,0.01998498,34773,106,0
5747.43400000,5747.43513029,1006.39329502,1006.35236721,0.08150465,469.58486445,0.01998498,0.01998498,34772,106,0
5747.59917809,5747.60043879,1012.38093866,1012.33526078,0.08760431,469.77330934,0.01998498,0.01998498,34771,106,0
5747.76382414,5747.76575680,1018.37264815,1018.30257981,0.06392844,469.96059391,0.01998498,0.01998498,34770,106,0
5747.93141418,5747.93108431,1024.36858211,1024.38054932,0.02450369,470.15066365,0.01998498,0.01998498,34769,106,0
5748.09522391,5748.09642133,1030.36889985,1030.32542858,0.09977345,470.33590010,0.01998498,0.01998498,34768,106,0
5748.26136686,5748.26176787,1036.37375108,1036.35918257,0.07121006,470.52322699,0.01998498,0.01998498,34767,106,0
5748.42644468,5748.42712391,1042.38314747,1042.35845416,0.04931179,470.70880531,0.01998498,0.01998498,34766,106,0
5748.59230651,5748.59248947,1048.39700099,1048.39034502,0.05771173,470.89471108,0.01998498,0.01998498,34765,106,0
5748.75657719,5748.75786454,1054.41522102,1054.36835712,0.06906968,471.07828198,0.01998498,0.01998498,34764,106,0
5748.92357152,5748.92324913,1060.43771657,1060.44946024,0.09237682,471.26432983,0.01998498,0.01998498,34763,106,0
5749.08783354,5749.08864323,1066.46439622,1066.43488334,0.06087895,471.44677210,0.01998498,0.01998498,34762,106,0
5749.25422629,5749.25404684,1072.49518482,1072.50172982,0.01879321,471.63100951,0.01998498,0.01998498,34761,106,0
5749.41919056,5749.41945997,1078.53009478,1078.52026259,0.06250482,471.81309661,0.01998498,0.01998498,34760,106,0
5749.58500245,5749.58488262,1084.56916740,1084.57354342,0.06651394,471.99554869,0.01998498,0.01998498,34759,106,0
5749.75022740,5749.75031478,1090.61244419,1090.60925092,0.06833833,472.17678582,0.01998498,0.01998498,34758,106,0
5749.91489681,5749.91575646,1096.65996682,1096.62853310,0.06235700,472.35684825,0.01998498,0.01998498,34757,106,0
5750.08076476,5750.08120767,1102.71177735,1102.69557160,0.09199637,472.53765059,0.01998498,0.01998498,34756,106,0
5750.24483873,5750.24666839,1108.76795188,1108.70096043,0.04342344,472.71593484,0.01998498,0.01998498,34755,106,0
5750.41175830,5750.41213864,1114.82863939,1114.81470408,0.06778890,472.89674000,0.01998498,0.01998498,34754,106,0
5750.57750184,5750.57761840,1120.89399893,1120.88972487,0.05848771,473.07570456,0.01998498,0.01998498,34753,106,0
5750.74264616,5750.74310769,1126.96419019,1126.94725475,0.02394188,473.25346364,0.01998498,0.01998498,34752,106,0
5750.90778618,5750.90860650,1133.03937361,1133.00924913,0.02086619,473.43066374,0.01998498,0.01998498,34751,106,0
5751.07441257,5751.07411484,1139.11969921,1139.13064112,0.06236725,473.60889970,0.01998498,0.01998498,34750,106,0
5751.23887503,5751.23963270,1145.20510897,1145.17724207,0.05806797,473.78426699,0.01998498,0.01998498,34749,106,0
5751.40558114,5751.40516009,1151.29535867,1151.31085566,0.08011399,473.96145626,0.01998498,0.01998498,34748,106,0
5751.57168453,5751.57069701,1157.39019649,1157.42656771,0.07020139,474.13742483,0.01998499,0.01998498,34747,106,0
5751.73570258,5751.73624345,1163.48936951,1163.46943604,0.07588292,474.31060744,0.01998498,0.01998498,34746,106,0
5751.90211333,5751.90179942,1169.59262363,1169.60419931,0.07819063,474.48572207,0.01998498,0.01998498,34745,106,0
5752.06798594,5752.06736493,1175.69976757,1175.72268131,0.05687036,474.65966787,0.01998498,0.01998498,34744,106,0
5752.23313578,5752.23293996,1181.81095701,1181.81818706,0.05181805,474.83226127,0.01998498,0.01998498,34743,106,0
5752.39910278,5752.39852452,1187.92646610,1187.94783020,0.02599750,475.00511753,0.01998498,0.01998498,34742,106,0
5752.56447818,5752.56411861,1194.04657030,1194.05986422,0.03318808,475.17677453,0.01998498,0.01998498,34741,106,0
5752.72924126,5752.72972224,1200.17154629,1200.15375004,0.05563724,475.34722330,0.01998498,0.01998498,34740,106,0
5752.89270677,5752.89533540,0.00000000,1206.21581097,0.04536068,475.51608988,0.01998497,0.01998498,34739,106,1
5753.06213868,5753.06095810,1212.43706834,1212.48081950,0.06564035,475.68988454,0.01998499,0.01998498,34738,106,0
5753.22533563,5753.22659033,1218.57759100,1218.53105787,0.08184811,475.85702163,0.01998498,0.01998498,34737,106,0
5753.39221415,5753.39223210,1224.72305964,1224.72239367,0.06620814,476.02734474,0.01998498,0.01998498,34736,106,0
5753.56017384,5753.55788340,0.00000000,1230.96747759,0.21208095,476.19841708,0.01998499,0.01998498,34735,106,1
5753.70468988,nan,0.00000000,1236.33576742,0.10468023,476.34488581,0.01998492,0.01998498,34734,106,1
5753.88875454,5753.88921462,1243.18735637,1243.17024608,0.03656163,476.53057492,0.01998498,0.01998498,34733,106,0
5754.05476384,5754.05489454,1249.35101494,1249.34615077,0.06850895,476.69761634,0.01998498,0.01998498,34732,106,0
5754.21931023,5754.22058400,1255.51919397,1255.47175887,0.08452401,476.86258972,0.01998498,0.01998498,34731,106,0
5754.38716787,5754.38628300,1261.69199803,1261.72497376,0.08362296,477.03027283,0.01998499,0.01998498,34730,106,0
5754.55195696,5754.55199154,1267.86953216,1267.86824233,0.06072638,477.19429252,0.01998498,0.01998498,34729,106,0
5754.71787678,5754.71770963,1274.05190184,1274.05813981,0.04667217,477.35884023,0.01998498,0.01998498,34728,106,0
5754.88326459,5754.88343726,1280.23918237,1280.23273365,0.06609146,477.52226416,0.01998498,0.01998498,34727,106,0
5755.04813574,5755.04917443,1286.43135863,1286.39253764,0.07665813,477.68458315,0.01998498,0.01998498,34726,106,0
5755.21446630,5755.21492115,1292.62839873,1292.61138655,0.07718411,477.84773513,0.01998498,0.01998498,34725,106,0
5755.38032857,5755.38067741,1298.83027061,1298.81721382,0.04324948,478.00982140,0.01998498,0.01998498,34724,106,0
5755.54669099,5755.54644323,1305.03694206,1305.04622226,0.02208568,478.17178574,0.01998498,0.01998498,34723,106,0
5755.71173757,5755.71221859,1311.24838043,1311.23035098,0.04528992,478.33186225,0.01998498,0.01998498,34722,106,0
5755.87787595,5755.87800349,1317.46454765,1317.45976390,0.06445664,478.49238476,0.01998498,0.01998498,34721,106,0
5756.04424825,5756.04379795,1323.68540086,1323.70230265,0.06501950,478.65251437,0.01998499,0.01998498,34720,106,0
5756.20936569,5756.20960196,1329.91089684,1329.90202263,0.04300677,478.81082123,0.01998498,0.01998498,34719,106,0
5756.37541811,5756.37541552,1336.14099216,1336.14108985,0.01981343,478.96940402,0.01998498,0.01998498,34718,106,0
5756.54131593,5756.54123863,1342.37564318,1342.37855060,0.09012389,479.12721517,0.01998498,0.01998498,34717,106,0
5756.70684551,5756.70707129,1348.61484229,1348.60634491,0.07034155,479.28405275,0.01998498,0.01998498,34716,106,0
5756.87303493,5756.87291351,1354.85871733,1354.86329055,0.05297234,479.44089089,0.01998498,0.01998498,34715,106,0
5757.03867369,5757.03876528,1361.10742847,1361.10397638,0.04427198,479.59658905,0.01998498,0.01998498,34714,106,0
5757.20357916,5757.20462660,1367.36113656,1367.32162849,0.04713776,479.75098512,0.01998498,0.01998498,34713,106,0
5757.36901514,5757.37049748,1373.62000324,1373.56404763,0.05855359,479.90526580,0.01998498,0.01998498,34712,106,0
5757.53556475,5757.53637792,1379.88418405,1379.85346384,0.03305694,480.05996786,0.01998498,0.01998498,34711,106,0
5757.70204854,5757.70226792,1386.15369112,1386.14539687,0.02615612,480.21398846,0.01998498,0.01998498,34710,106,0
5757.86801695,5757.86816748,1392.42839921,1392.42270385,0.06684232,480.36691010,0.01998498,0.01998498,34709,106,0
5758.03309237,5758.03407659,1398.70817707,1398.67090996,0.04291803,480.51838789,0.01998498,0.01998498,34708,106,0
5758.19914002,5758.19999527,1404.99289276,1404.96048610,0.04512000,480.67012812,0.01998498,0.01998498,34707,106,0
5758.36518201,5758.36592350,1411.28241374,1411.25429774,0.05175926,480.82122683,0.01998498,0.01998498,34706,106,0
5758.53128178,5758.53186130,1417.57663496,1417.55464570,0.04350940,480.97173735,0.01998498,0.01998498,34705,106,0
5758.69925189,5758.69780866,1423.87555119,1423.93035132,0.02719778,481.12328918,0.01998499,0.01998498,34704,106,0
5758.86343247,5758.86376558,1430.17917953,1430.16652226,0.05212303,481.27078569,0.01998498,0.01998498,34703,106,0
5759.02941070,5759.02973207,1436.48753714,1436.47531760,0.05587908,481.41925671,0.01998498,0.01998498,34702,106,0
5759.19534780,5759.19570813,1442.80064127,1442.78693110,0.03244366,481.56704605,0.01998498,0.01998499,34701,106,0
5759.36175763,5759.36169375,1449.11851730,1449.12094991,0.02864990,481.71460787,0.01998498,0.01998499,34700,106,0
5759.52710483,5759.52768893,1455.44132078,1455.41906392,0.06144504,481.86058615,0.01998498,0.01998499,34699,106,0
5759.69322087,5759.69369369,1461.76931295,1461.75128238,0.06111796,482.00660388,0.01998498,0.01998499,34698,106,0
5759.85877264,5759.85970801,1468.10275931,1468.06706038,0.01225553,482.15149239,0.01998498,0.01998499,34697,106,0
5760.02558623,5760.02573190,1474.44192663,1474.43636193,0.06492276,482.29685007,0.01998498,0.01998499,34696,106,0
5760.19069130,5760.19176537,1480.78708256,1480.74601738,0.03782690,482.44009531,0.01998498,0.01998499,34695,106,0
5760.35818741,5760.35780840,1487.13832440,1487.15282799,0.02300224,482.58478118,0.01998499,0.01998499,34694,106,0
5760.52288165,5760.52386100,1493.49530750,1493.45780013,0.06530158,482.72641461,0.01998498,0.01998499,34693,106,0
5760.69034401,5760.68992318,1499.85761524,1499.87374418,0.03604400,482.86977449,0.01998499,0.01998499,34692,106,0
5760.85559244,5760.85599493,1506.22482893,1506.20939209,0.02347655,483.01058157,0.01998498,0.01998499,34691,106,0
5761.02210725,5761.02207626,1512.59652787,1512.59771730,0.06264200,483.15179611,0.01998499,0.01998499,34690,106,0
5761.18704850,5761.18816716,1518.97234355,1518.92938846,0.04522294,483.29100202,0.01998498,0.01998499,34689,106,0
5761.35441353,5761.35426764,1525.35239391,1525.35799931,0.06686668,483.43156894,0.01998499,0.01998499,34688,106,0
5761.52016570,5761.52037769,1531.73705581,1531.72890462,0.04317806,483.57010836,0.01998498,0.01998499,34687,106,0
5761.68622928,5761.68649733,1538.12671024,1538.11639601,0.02629951,483.70824321,0.01998498,0.01998499,34686,106,0
5761.85249537,5761.85262654,1544.52174011,1544.51668896,0.05164075,483.84588637,0.01998498,0.01998499,34685,106,0
5762.01905399,5762.01876533,1550.92252574,1550.93365172,0.03503699,483.98311571,0.01998499,0.01998499,34684,106,0
5762.18448545,5762.18491370,1557.32922163,1557.31270132,0.06943512,484.11876778,0.01998498,0.01998499,34683,106,0
5762.35189587,5762.35107165,1563.74164965,1563.77347120,0.05531666,484.25537870,0.01998499,0.01998499,34682,106,0
5762.51715747,5762.51723918,1570.15960431,1570.15644695,0.05805419,484.38957487,0.01998499,0.01998499,34681,106,0
5762.68280610,5762.68341630,1576.58287906,1576.55928390,0.06255829,484.52341989,0.01998498,0.01998499,34680,106,0
5762.84882278,5762.84960300,1583.01126633,1582.98107552,0.04019412,484.65688781,0.01998498,0.01998499,34679,106,0
5763.01556626,5763.01579928,1589.44461623,1589.43559287,0.05561755,484.79025547,0.01998498,0.01998499,34678,106,0
5763.18133529,5763.18200515,1595.88301781,1595.85705953,0.02153283,484.92216383,0.01998498,0.01998499,34677,106,0
5763.34818475,5763.34822061,1602.32662169,1602.32523082,0.04479711,485.05424872,0.01998499,0.01998499,34676,106,0
5763.51400027,5763.51444565,1608.77557925,1608.75829331,0.05859582,485.18483734,0.01998498,0.01998499,34675,106,0
5763.68108225,5763.68068028,1615.23004261,1615.24565619,0.06325441,485.31574118,0.01998499,0.01998499,34674,106,0
5763.84692915,5763.84692450,1621.69015324,1621.69033383,0.06327404,485.44500112,0.01998499,0.01998499,34673,106,0
5764.01316589,5764.01317831,1628.15591539,1628.15543211,0.03646720,485.57388693,0.01998499,0.01998499,34672,106,0
5764.17845484,5764.17944171,1634.62724156,1634.58881538,0.07145334,485.70136129,0.01998498,0.01998499,34671,106,0
5764.34512444,5764.34571470,1641.10404216,1641.08104113,0.02349641,485.82921362,0.01998498,0.01998499,34670,106,0
5764.51154446,5764.51199728,1647.58622713,1647.56856790,0.05620494,485.95618273,0.01998498,0.01998499,34669,106,0
5764.67777706,5764.67828946,1654.07370740,1654.05370991,0.03102995,486.08231519,0.01998498,0.01998499,34668,106,0
5764.84533693,5764.84459122,1660.56647687,1660.59560188,0.05398694,486.20875119,0.01998499,0.01998499,34667,106,0
5765.01650594,5765.01090259,0.00000000,1667.29482727,0.02698872,486.33739507,0.01998501,0.01998499,34666,106,1
5765.17793134,5765.17722355,1673.56837655,1673.59606480,0.10068112,486.45762726,0.01998499,0.01998499,34665,106,0
5765.33971116,5765.34355410,0.00000000,1679.93874820,0.07338882,486.57789724,0.01998497,0.01998499,34664,106,1
5765.50929048,5765.50989425,1686.59297161,1686.56931309,0.04534879,486.70281831,0.01998498,0.01998499,34663,106,0
5765.67535067,5765.67624400,1693.11406062,1693.07902635,0.05712055,486.82465932,0.01998498,0.01998499,34662,106,0
5765.84141664,5765.84260335,1699.64094042,1699.59436249,0.06008662,486.94580873,0.01998498,0.01998499,34661,106,0
5766.00992612,5766.00897230,1706.17347461,1706.21094197,0.03330197,487.06802484,0.01998499,0.01998499,34660,106,0
5766.17516768,5766.17535084,1712.71152613,1712.70432564,0.07129959,487.18716605,0.01998499,0.01998499,34659,106,0
5766.34205885,5766.34173899,1719.25495716,1719.26754072,0.06399593,487.30678389,0.01998499,0.01998499,34658,106,0
5766.50807940,5766.50813674,1725.80365127,1725.80139377,0.03758725,487.42506307,0.01998499,0.01998499,34657,106,0
5766.67500757,5766.67454410,1732.35766351,1732.37592450,0.05079254,487.54326940,0.01998499,0.01998499,34656,106,0
5766.84030372,5766.84096106,1738.91712989,1738.89121030,0.00717563,487.65960974,0.01998498,0.01998499,34655,106,0
5767.00717979,5767.00738762,1745.48218755,1745.47398608,0.05794681,487.77634563,0.01998499,0.01998499,34654,106,0
5767.17391609,5767.17382379,1752.05297435,1752.05662011,0.01120863,487.89226525,0.01998499,0.01998499,34653,106,0
5767.33994207,5767.34026956,1758.62962425,1758.61667909,0.05745551,488.00697778,0.01998499,0.01998499,34652,106,0
5767.50637937,5767.50672494,1765.21218409,1765.19851284,0.07509481,488.12125889,0.01998499,0.01998499,34651,106,0
5767.67357347,5767.67318993,1771.80062199,1771.81580824,0.03093810,488.23533561,0.01998499,0.01998499,34650,106,0
5767.83868645,5767.83966453,1778.39490305,1778.35614408,0.05943979,488.34727757,0.01998498,0.01998499,34649,106,0
5768.00571561,5768.00614873,1784.99499222,1784.97781465,0.04667204,488.45979327,0.01998499,0.01998499,34648,106,0
5768.17210780,5768.17264255,1791.60085425,1791.57962865,0.05779245,488.57115187,0.01998499,0.01998499,34647,106,0
5768.33910440,5768.33914598,1798.21245622,1798.21080441,0.07551300,488.68218179,0.01998499,0.01998499,34646,106,0
5768.50581087,5768.50565902,1804.82976903,1804.83580607,0.01520602,488.79228371,0.01998499,0.01998499,34645,106,0
5768.67235030,5768.67218167,1811.45276375,1811.45947292,0.04550948,488.90153946,0.01998499,0.01998499,34644,106,0
5768.83923692,5768.83871394,1818.08141132,1818.10223621,0.01783667,489.01028274,0.01998499,0.01998499,34643,106,0
5769.00420459,5769.00525582,1824.71568252,1824.67378964,0.06881555,489.11704491,0.01998498,0.01998499,34642,106,0
5769.17205543,5769.17180732,1831.35557542,1831.36547062,0.04645639,489.22492533,0.01998499,0.01998499,34641,106,0
5769.33842937,5769.33836844,1838.00116378,1838.00359603,0.03275044,489.33111151,0.01998499,0.01998499,34640,106,0
5769.50408541,5769.50493917,1844.65253467,1844.61842914,0.05058378,489.43610195,0.01998498,0.01998499,34639,106,0
5769.67077762,5769.67151952,1851.30977560,1851.28011427,0.05512755,489.54100556,0.01998499,0.01998499,34638,106,0
5769.83798445,5769.83810948,1857.97297455,1857.96797140,0.02462004,489.64548302,0.01998499,0.01998499,34637,106,0
5770.00497872,5770.00470907,1864.64222087,1864.65301991,0.05048398,489.74907718,0.01998499,0.01998499,34636,106,0
5770.17055275,5770.17131828,1871.31760863,1871.28692347,0.05291297,489.85104915,0.01998499,0.01998499,34635,106,0
5770.33815048,5770.33793711,1877.99923362,1878.00779367,0.02040433,489.95351514,0.01998499,0.01998499,34634,106,0
5770.50385984,5770.50456556,1884.68719213,1884.65885415,0.05996267,490.05408173,0.01998499,0.01998499,34633,106,0
5770.67172859,5770.67120364,1891.38158096,1891.40267968,0.05690355,490.15520278,0.01998499,0.01998499,34632,106,0
5770.83741037,5770.83785133,1898.08246661,1898.06472745,0.02472300,490.25425901,0.01998499,0.01998499,34631,106,0
5771.00463274,5771.00450866,1904.78969221,1904.79468812,0.06003062,490.35347877,0.01998499,0.01998499,34630,106,0
5771.17162722,5771.17117561,1911.50300115,1911.52119939,0.04865922,490.45179777,0.01998499,0.01998499,34629,106,0
5771.33710966,5771.33785218,1918.22213502,1918.19219061,0.08538611,490.54846607,0.01998499,0.01998499,34628,106,0
5771.50392170,5771.50453838,1924.94683394,1924.92194558,0.02527178,490.64513912,0.01998499,0.01998499,34627,106,0
5771.67083048,5771.67123421,1931.67686861,1931.66056267,0.05896755,490.74108730,0.01998499,0.01998499,34626,106,0
5771.83853471,5771.83793967,1938.41236214,1938.43641316,0.04801022,490.83670580,0.01998499,0.01998499,34625,106,0
5772.00428423,5772.00465476,1945.15365829,1945.13866916,0.06513526,490.93043758,0.01998499,0.01998499,34624,106,0
5772.17113825,5772.17137948,1951.90110600,1951.89133868,0.03576183,491.02402129,0.01998499,0.01998499,34623,106,0
5772.33773602,5772.33811383,1958.65505608,1958.63974471,0.05745714,491.11669042,0.01998499,0.01998499,34622,106,0
5772.50457046,5772.50485782,1965.41583909,1965.40418215,0.06147120,491.20872144,0.01998499,0.01998499,34621,106,0
5772.67251598,5772.67161143,1972.18342677,1972.22015402,0.05246902,491.30058445,0.01998499,0.01998499,34620,106,0
5772.83797000,5772.83837468,1978.95749755,1978.94105194,0.02382373,491.39031184,0.01998499,0.01998499,34619,106,0
5773.00447616,5773.00514757,1985.73771961,1985.71041194,0.06422753,491.47982876,0.01998499,0.01998499,34618,106,0
5773.17234527,5773.17193009,1992.52375925,1992.54065834,0.04931771,491.56927866,0.01998499,0.01998499,34617,106,0
5773.33891036,5773.33872225,1999.31529184,1999.32295423,0.04497601,491.65723370,0.01998499,0.01998499,34616,106,0
5773.50561952,5773.50552404,2006.11223958,2006.11613167,0.07116987,491.74446396,0.01998499,0.01998499,34615,106,0
5773.67232176,5773.67233548,2012.91477172,2012.91421223,0.01045721,491.83088963,0.01998499,0.01998499,34614,106,0
5773.83894337,5773.83915655,2019.72306906,2019.71436512,0.03480213,491.91647340,0.01998499,0.01998499,34613,106,0
5774.00558484,5774.00598726,2026.53731343,2026.52086951,0.04157611,492.00126751,0.01998499,0.01998499,34612,106,0
5774.17213303,5774.17282761,2033.35768789,2033.32928152,0.07763632,492.08521501,0.01998499,0.01998499,34611,106,0
5774.33992418,5774.33967761,2040.18438484,2040.19447789,0.06495290,492.16898125,0.01998499,0.01998499,34610,106,0
5774.50628585,5774.50653724,2047.01760720,2047.00730739,0.00994691,492.25123356,0.01998499,0.01998499,34609,106,0
5774.67253949,5774.67340652,2053.85755953,2053.82200323,0.06175856,492.33263642,0.01998499,0.01998499,34608,106,0
5774.83970856,5774.84028545,2060.70444754,2060.68076683,0.05594061,492.41368509,0.01998499,0.01998499,34607,106,0
5775.00748910,5775.00717402,2067.55847362,2067.57142044,0.05165106,492.49422102,0.01998499,0.01998499,34606,106,0
5775.17439189,5775.17407223,2074.41968631,2074.43283387,0.04656137,492.57352922,0.01998499,0.01998499,34605,106,0
5775.34072563,5775.34098009,2081.28794232,2081.27746638,0.04528236,492.65176259,0.01998499,0.01998499,34604,106,0
5775.50893309,5775.50789760,2088.16308557,2088.20575597,0.06144829,492.73005617,0.01998499,0.01998499,34603,106,0
5775.67408078,5775.67482476,2095.04495908,2095.01427320,0.03221925,492.80611809,0.01998499,0.01998499,34602,106,0
5775.84152130,5775.84176157,2101.93340659,2101.92348783,0.08529643,492.88241502,0.01998499,0.01998499,34601,106,0
5776.00833057,5776.00870802,2108.82832989,2108.81273420,0.04444640,492.95759887,0.01998499,0.01998499,34600,106,0
5776.17502602,5776.17566413,2115.72970447,2115.70331579,0.06573063,493.03190574,0.01998499,0.01998499,34599,106,0
5776.34263212,5776.34262989,2122.63751044,2122.63760305,0.04958030,493.10578380,0.01998499,0.01998499,34598,106,0
5776.50848577,5776.50960530,2129.55172775,2129.50534987,0.04725392,493.17806290,0.01998499,0.01998499,34597,106,0
5776.67681058,5776.67659036,2136.47233857,2136.48146946,0.05421406,493.25057576,0.01998499,0.01998499,34596,106,0
5776.84304718,5776.84358508,2143.39940209,2143.37707962,0.05888130,493.32135362,0.01998499,0.01998499,34595,106,0
5777.00987118,5777.01058946,2150.33307080,2150.30323580,0.05316121,493.39154612,0.01998499,0.01998499,34594,106,0
5777.17779168,5777.17760349,2157.27350358,2157.28132797,0.05738854,493.46135395,0.01998499,0.01998499,34593,106,0
5777.34551351,5777.34462717,2164.22086021,2164.25774530,0.04099758,493.53023092,0.01998499,0.01998499,34592,106,0
5777.51202277,5777.51166052,2171.17529706,2171.19038686,0.05798766,493.59777029,0.01998499,0.01998499,34591,106,0
5777.67830721,5777.67870352,2178.13685667,2178.12033266,0.05732930,493.66438137,0.01998499,0.01998499,34590,106,0
5777.84602682,5777.84575618,2185.10545749,2185.11675259,0.06496180,493.73071654,0.01998499,0.01998499,34589,106,0
5778.01271998,5778.01281850,2192.08101128,2192.07689581,0.06170193,493.79579565,0.01998499,0.01998499,34588,106,0
5778.18095455,5778.17989049,2199.06342926,2199.10792007,0.07138233,493.86061384,0.01998499,0.01998499,34587,106,0
5778.34680481,5778.34697213,2206.05262172,2206.04561952,0.02160489,493.92366173,0.01998499,0.01998499,34586,106,0
5778.51352533,5778.51406344,2213.04849112,2213.02595142,0.07543236,493.98618482,0.01998499,0.01998499,34585,106,0
5778.68121966,5778.68116441,2220.05093258,2220.05324878,0.06277440,494.04820431,0.01998499,0.01998499,34584,106,0
5778.84786240,5778.84827504,2227.05984037,2227.04252581,0.06889374,494.10896839,0.01998499,0.01998499,34583,106,0
5779.01565097,5779.01539535,2234.07510810,2234.08584299,0.06429935,494.16927425,0.01998499,0.01998499,34582,106,0
5779.18241213,5779.18252531,2241.09664264,2241.09188562,0.05768574,494.22833674,0.01998499,0.01998499,34581,106,0
5779.34965862,5779.34966495,2248.12454160,2248.12427564,0.04132791,494.28669436,0.01998499,0.01998499,34580,106,0
5779.51730469,5779.51681425,2255.15904217,2255.17969200,0.07099254,494.34430978,0.01998499,0.01998499,34579,106,0
5779.68361974,5779.68397322,2262.20038605,2262.18548930,0.04498014,494.40059502,0.01998499,0.01998499,34578,106,0
5779.85066027,5779.85114186,2269.24881635,2269.22850094,0.05005100,494.45625017,0.01998499,0.01998499,34577,106,0
5780.01811395,5780.01832017,2276.30455875,2276.29585116,0.04371068,494.51116129,0.01998499,0.01998499,34576,106,0
5780.18492651,5780.18550815,2283.36766662,2283.34308256,0.03349718,494.56498211,0.01998499,0.01998499,34575,106,0
5780.35293171,5780.35270580,2290.43810004,2290.44765803,0.04225791,494.61829680,0.01998499,0.01998499,34574,106,0
5780.51938618,5780.51991312,2297.51581794,2297.49350208,0.03782623,494.67023460,0.01998499,0.01998499,34573,106,0
5780.68712229,5780.68713012,2304.60077899,2304.60044684,0.02960814,494.72167834,0.01998499,0.01998499,34572,106,0
5780.85388639,5780.85435680,2311.69293132,2311.67297183,0.04308154,494.77193128,0.01998499,0.01998499,34571,106,0
5781.02054535,5781.02159315,2318.79216167,2318.74766195,0.04688054,494.82125982,0.01998499,0.01998499,34570,106,0
5781.18781305,5781.18883917,2325.89833355,2325.85471488,0.05899393,494.86986761,0.01998499,0.01998499,34569,106,0
5781.35586812,5781.35609487,2333.01130962,2333.00166215,0.07931807,494.91779170,0.01998499,0.01998499,34568,106,0
5781.52425248,5781.52336025,2340.13095164,2340.16894573,0.05630072,494.96488881,0.01998500,0.01998499,34567,106,0
5781.68995970,5781.69063531,2347.25720982,2347.22841448,0.06141143,495.01033441,0.01998499,0.01998499,34566,106,0
5781.85742777,5781.85792005,2354.39036282,2354.36936150,0.04034525,495.05535236,0.01998499,0.01998499,34565,106,0
5782.02458628,5782.02521447,2361.53076667,2361.50394108,0.03515408,495.09937382,0.01998499,0.01998499,34564,106,0
5782.19221009,5782.19251857,2368.67877956,2368.66559287,0.04902148,495.14260094,0.01998499,0.01998499,34563,106,0
5782.35956669,5782.35983235,2375.83476086,2375.82339229,0.04902001,495.18484239,0.01998499,0.01998499,34562,106,0
5782.52801327,5782.52715582,2382.99888917,2383.03562141,0.08071228,495.22643190,0.01998499,0.01998499,34561,106,0
5782.69502864,5782.69448897,2390.17094711,2390.19408958,0.05733093,495.26674543,0.01998499,0.01998499,34560,106,0
5782.86159588,5782.86183180,2397.35066391,2397.34053672,0.05271461,495.30603134,0.01998499,0.01998499,34559,106,0
5783.02903560,5783.02918432,2404.53776709,2404.53137719,0.03361068,495.34459323,0.01998499,0.01998499,34558,106,0
5783.19662839,5783.19654653,2411.73198688,2411.73550717,0.03651195,495.38225261,0.01998499,0.01998499,34557,106,0
5783.36314989,5783.36391842,2418.93320805,2418.90012676,0.05856646,495.41873880,0.01998499,0.01998499,34556,106,0
5783.53132934,5783.53130000,2426.14150929,2426.14277344,0.05368557,495.45464253,0.01998499,0.01998499,34555,106,0
5783.69900359,5783.69869127,2433.35698197,2433.37045089,0.04200130,495.48948999,0.01998499,0.01998499,34554,106,0
5783.86601275,5783.86609223,2440.57971798,2440.57628685,0.03827420,495.52325554,0.01998499,0.01998499,34553,106,0
5784.03283753,5784.03350288,2447.80981756,2447.78106838,0.04204341,495.55604123,0.01998499,0.01998499,34552,106,0
5784.20104242,5784.20092323,2455.04747930,2455.05263454,0.06654644,495.58814237,0.01998499,0.01998499,34551,106,0
5784.36827405,5784.36835326,2462.29296975,2462.28954000,0.02168550,495.61910459,0.01998499,0.01998499,34550,106,0
5784.53608211,5784.53579299,2469.54655840,2469.55908997,0.03094763,495.64921624,0.01998499,0.01998499,34549,106,0
5784.70284308,5784.70324241,2476.80851640,2476.79118840,0.05651596,495.67818796,0.01998499,0.01998499,34548,106,0
5784.87082481,5784.87070153,2484.07902849,2484.08438407,0.05744620,495.70640968,0.01998499,0.01998499,34547,106,0
5785.03815998,5785.03817034,2491.35780217,2491.35735179,0.03170248,495.73355836,0.01998499,0.01998499,34546,106,0
5785.20545860,5785.20564885,2498.64438145,2498.63610041,0.03466449,495.75973403,0.01998499,0.01998499,34545,106,0
5785.37292831,5785.37313705,2505.93830729,2505.92921263,0.06433102,495.78496343,0.01998499,0.01998499,34544,106,0
5785.54043943,5785.54063496,2513.23911845,2513.23059244,0.03859224,495.80922081,0.01998499,0.01998499,34543,106,0
5785.70808212,5785.70814256,2520.54657384,2520.54393583,0.03562191,495.83251430,0.01998499,0.01998499,34542,106,0
5785.87592346,5785.87565987,2527.86096436,2527.87247897,0.06218796,495.85484860,0.01998499,0.01998499,34541,106,0
5786.04395635,5786.04318687,2535.18266080,2535.21630719,0.05017799,495.87621767,0.01998500,0.01998499,34540,106,0
5786.21029103,5786.21072358,2542.51203632,2542.49310389,0.03758077,495.89639266,0.01998499,0.01998499,34539,106,0
5786.37865797,5786.37826998,2549.84945734,2549.86645767,0.07347131,495.91582102,0.01998500,0.01998499,34538,106,0
5786.54626333,5786.54582610,2557.19505779,2557.21423591,0.05047637,495.93416626,0.01998500,0.01998499,34537,106,0
5786.71352479,5786.71339191,2564.54872222,2564.55455646,0.02970968,495.95148047,0.01998499,0.01998499,34536,106,0
5786.88045620,5786.88096743,2571.91032222,2571.88785262,0.06313154,495.96776765,0.01998499,0.01998499,34535,106,0
5787.04864163,5787.04855266,2579.27972853,2579.28364301,0.03645358,495.98317072,0.01998499,0.01998499,34534,106,0
5787.21624937,5787.21614759,2586.65683133,2586.66131345,0.03432526,495.99751256,0.01998499,0.01998499,34533,106,0
5787.38410041,5787.38375224,2594.04167024,2594.05701874,0.05950606,496.01086348,0.01998499,0.01998499,34532,106,0
5787.55020917,5787.55136659,2601.43435253,2601.38327877,0.03061703,496.02307621,0.01998499,0.01998499,34531,106,0
5787.71906207,5787.71899065,2608.83498645,2608.83814136,0.06292079,496.03446858,0.01998499,0.01998499,34530,106,0
5787.88610983,5787.88662442,2616.24368095,2616.22092673,0.05594440,496.04472214,0.01998499,0.01998499,34529,106,0
5788.05474717,5788.05426790,2623.66054889,2623.68176424,0.04780283,496.05404416,0.01998499,0.01998499,34528,106,0
5788.22116631,5788.22192109,2631.08571220,2631.05226594,0.06301512,496.06222679,0.01998499,0.01998499,34527,106,0
5788.38916456,5788.38958399,2638.51929492,2638.50068853,0.03211503,496.06945942,0.01998499,0.01998499,34526,106,0
5788.55721340,5788.55725661,2645.96142190,2645.95950293,0.04162464,496.07565802,0.01998499,0.01998499,34525,106,0
5788.72547278,5788.72493895,2653.41221341,2653.43594696,0.01746889,496.08082269,0.01998500,0.01998499,34524,106,0
5788.89236048,5788.89263099,2660.87167742,2660.85963743,0.06163432,496.08491219,0.01998499,0.01998499,34523,106,0
5789.06076592,5789.06033276,2668.33971396,2668.35901370,0.04855887,496.08799245,0.01998499,0.01998499,34522,106,0
5789.22824059,5789.22804424,2675.81621805,2675.82497568,0.06412650,496.09000976,0.01998499,0.01998499,34521,106,0
5789.39578819,5789.39576544,2683.30108400,2683.30209985,0.04129766,496.09098086,0.01998499,0.01998499,34520,106,0
5789.56322345,5789.56349636,2690.79423575,2690.78203766,0.06706230,496.09090172,0.01998499,0.01998499,34519,106,0
5789.73176865,5789.73123700,2698.29575505,2698.31954363,0.03764187,496.08975900,0.01998500,0.01998499,34518,106,0
5789.89839263,5789.89898736,2705.80577559,2705.77913605,0.05593689,496.08757753,0.01998499,0.01998499,34517,106,0
5790.06770306,5790.06674743,2713.32443190,2713.36728480,0.03636127,496.08428619,0.01998500,0.01998499,34516,106,0
5790.23448158,5790.23451724,2720.85185723,2720.85025661,0.06728280,496.07998140,0.01998499,0.01998499,34515,106,0
5790.40228479,5790.40229676,2728.38805124,2728.38751307,0.05849598,496.07458225,0.01998499,0.01998499,34514,106,0
5790.57026010,5790.57008601,2735.93280353,2735.94063590,0.04906925,496.06810136,0.01998500,0.01998499,34513,106,0
5790.73728127,5790.73788498,2743.48588395,2743.45869553,0.04037009,496.06058652,0.01998499,0.01998499,34512,106,0
5790.90575183,5790.90569368,2751.04706076,2751.04968217,0.05577126,496.05192172,0.01998499,0.01998499,34511,106,0
5791.07340111,5791.07351211,2758.61614378,2758.61113500,0.03057382,496.04221468,0.01998499,0.01998499,34510,106,0
5791.24139692,5791.24134026,2766.19329097,2766.19585065,0.07498134,496.03139894,0.01998500,0.01998499,34509,106,0
5791.40866342,5791.40917814,2773.77883079,2773.75555537,0.07180779,496.01954372,0.01998499,0.01998499,34508,106,0
5791.57711902,5791.57702575,2781.37309500,2781.37731729,0.04030995,496.00650456,0.01998500,0.01998499,34507,106,0
5791.74452377,5791.74488309,2788.97641669,2788.96013176,0.05308512,495.99244930,0.01998499,0.01998499,34506,106,0
5791.91295651,5791.91275016,2796.58900361,2796.59836691,0.02721616,495.97719949,0.01998500,0.01998499,34505,106,0
5792.08010551,5792.08062696,2804.21080794,2804.18712019,0.05334125,495.96096330,0.01998499,0.01998499,34504,106,0
5792.24817491,5792.24851349,2811.84175069,2811.82635233,0.05944307,495.94352663,0.01998499,0.01998500,34503,106,0
5792.41656202,5792.41640976,2819.48175225,2819.48868477,0.02240087,495.92493617,0.01998500,0.01998500,34502,106,0
5792.58414696,5792.58431576,2827.13073686,2827.12304280,0.04146216,495.90531687,0.01998499,0.01998500,34501,106,0
5792.75294392,5792.75223149,2834.78867007,2834.82117898,0.04693755,495.88442522,0.01998500,0.01998500,34500,106,0
5792.91963560,5792.92015696,2842.45554023,2842.43172353,0.03181083,495.86267712,0.01998499,0.01998500,34499,106,0
5793.08763281,5793.08809217,2850.13133578,2850.11032825,0.06666766,495.83963200,0.01998499,0.01998500,34498,106,0
5793.25498919,5793.25603712,2857.81604484,2857.76806840,0.06115118,495.81554657,0.01998499,0.01998500,34497,106,0
5793.42330830,5793.42399180,2865.50962634,2865.47829978,0.04667193,495.79018326,0.01998499,0.01998500,34496,106,0
5793.59144691,5793.59195622,2873.21198047,2873.18861235,0.05653582,495.76370307,0.01998499,0.01998500,34495,106,0
5793.75945940,5793.75993039,2880.92299965,2880.90136712,0.05942266,495.73609734,0.01998499,0.01998500,34494,106,0
5793.92852623,5793.92791429,2888.64257552,2888.67071155,0.05825679,495.70715941,0.01998500,0.01998500,34493,106,0
5794.09538799,5794.09590794,2896.37063323,2896.34670209,0.02888909,495.67745575,0.01998499,0.01998500,34492,106,0
5794.26360652,5794.26391132,2904.10737422,2904.09332989,0.03985050,495.64635671,0.01998500,0.01998500,34491,106,0
5794.43187005,5794.43192446,2911.85313507,2911.85062543,0.04687288,495.61408533,0.01998500,0.01998500,34490,106,0
5794.60033368,5794.59994733,2919.60825564,2919.62609827,0.05688861,495.58060407,0.01998500,0.01998500,34489,106,0
5794.76788212,5794.76797995,2927.37307456,2927.36855116,0.03875755,495.54613662,0.01998500,0.01998500,34488,106,0
5794.93502692,5794.93602232,2935.14771630,2935.10163589,0.07129790,495.51058694,0.01998499,0.01998500,34487,106,0
5795.10309737,5795.10407443,2942.93196928,2942.88668516,0.05575257,495.47366377,0.01998499,0.01998500,34486,106,0
5795.27213034,5795.27213630,2950.72559126,2950.72531471,0.05815165,495.43533629,0.01998500,0.01998500,34485,106,0
5795.43910943,5795.44020791,2958.52833817,2958.47731376,0.04388681,495.39629732,0.01998499,0.01998500,34484,106,0
5795.60799063,5795.60828927,2966.34003346,2966.32614678,0.05292901,495.35562069,0.01998500,0.01998500,34483,106,0
5795.77565859,5795.77638038,2974.16085793,2974.12725606,0.04446267,495.31404476,0.01998499,0.01998500,34482,106,0
5795.94458308,5795.94448124,2981.99110932,2981.99585583,0.04684107,495.27095113,0.01998500,0.01998500,34481,106,0
5796.11254958,5796.11259185,2989.83108757,2989.82911510,0.04640505,495.22689587,0.01998500,0.01998500,34480,106,0
5796.28038236,5796.28071222,2997.68108530,2997.66567406,0.06551643,495.18166875,0.01998500,0.01998500,34479,106,0
5796.44832997,5796.44884234,3005.54119942,3005.51723183,0.05097170,495.13519820,0.01998499,0.01998500,34478,106,0
5796.61703866,5796.61698221,3013.41133999,3013.41398379,0.06019180,495.08729215,0.01998500,0.01998500,34477,106,0
5796.78520041,5796.78513184,3021.29140898,3021.29462452,0.06646412,495.03831608,0.01998500,0.01998500,34476,106,0
5796.95268830,5796.95329123,3029.18130773,3029.15300239,0.04142099,494.98831671,0.01998499,0.01998500,34475,106,0
5797.12106777,5797.12146037,3037.08100222,3037.06254884,0.04284738,494.93682042,0.01998500,0.01998500,34474,106,0
5797.28928267,5797.28963927,3044.99062643,3044.97384479,0.03913120,494.88413717,0.01998500,0.01998500,34473,106,0
5797.45727145,5797.45782793,3052.91034196,3052.88412197,0.04151711,494.83028525,0.01998499,0.01998500,34472,106,0
5797.62717061,5797.62602635,3060.84031157,3060.89429324,0.06265877,494.77455550,0.01998500,0.01998500,34471,106,0
5797.79464065,5797.79423453,3068.78064877,3068.79983143,0.06220679,494.71837196,0.01998500,0.01998500,34470,106,0
5797.96192156,5797.96245247,3076.73109869,3076.70599171,0.04457950,494.66100985,0.01998500,0.01998500,34469,106,0
5798.13048625,5798.13068018,3084.69124030,3084.68205880,0.06597706,494.60195074,0.01998500,0.01998500,34468,106,0
5798.29859725,5798.29891764,3092.66064862,3092.64546355,0.05791292,494.54179318,0.01998500,0.01998500,34467,106,0
5798.46791395,5798.46716488,3100.63891446,3100.67445381,0.02737696,494.47993415,0.01998500,0.01998500,34466,106,0
5798.63446251,5798.63542187,3108.62610985,3108.58054350,0.06101088,494.41783868,0.01998499,0.01998500,34465,106,0
5798.80346123,5798.80368863,3116.62281896,3116.61200543,0.04817476,494.35355626,0.01998500,0.01998500,34464,106,0
5798.97141757,5798.97196516,3124.62965479,3124.60358314,0.07081877,494.28839034,0.01998500,0.01998500,34463,106,0
5799.14158160,5799.14025146,3132.64723410,3132.71064810,0.06463239,494.22105684,0.01998500,0.01998500,34462,106,0
5799.30920676,5799.30854752,3140.67592616,3140.70739643,0.05546490,494.15342999,0.01998500,0.01998500,34461,106,0
5799.47767838,5799.47685335,3148.71550590,3148.75494046,0.04698118,494.08416081,0.01998500,0.01998500,34460,106,0
5799.64485823,5799.64516896,3156.76566007,3156.75078976,0.05184344,494.01413167,0.01998500,0.01998500,34459,106,0
5799.81286557,5799.81349433,3164.82607295,3164.79594650,0.04712198,493.94245852,0.01998500,0.01998500,34458,106,0
5799.98159151,5799.98182948,3172.89649554,3172.88507979,0.02713029,493.86916769,0.01998500,0.01998500,34457,106,0
5800.15082446,5800.15017440,3180.97704902,3181.00827107,0.05773016,493.79433127,0.01998500,0.01998500,34456,106,0
5800.31843394,5800.31852909,3189.06797997,3189.06340440,0.02243417,493.71889776,0.01998500,0.01998500,34455,106,0
5800.48702344,5800.48689355,3197.16953688,3197.17579067,0.04873873,493.64169613,0.01998500,0.01998500,34454,106,0
5800.65501007,5800.65526780,3205.28194989,3205.26952434,0.04131354,493.56343993,0.01998500,0.01998500,34453,106,0
5800.82382031,5800.82365181,3213.40519913,3213.41333277,0.05962967,493.48345746,0.01998500,0.01998500,34452,106,0
5800.99056874,5800.99204561,0.00000000,3221.46464954,0.02201079,493.40315857,0.01998499,0.01998500,34451,106,1
5801.16033976,5801.16044918,3229.68343950,3229.67814449,0.07350430,493.31998737,0.01998500,0.01998500,34450,106,0
5801.32773422,5801.32886253,3237.83804424,3237.78337871,0.06638057,493.23667000,0.01998499,0.01998500,34449,106,0
5801.49761643,5801.49728566,3246.00291591,3246.01896077,0.04453602,493.15074861,0.01998500,0.01998500,34448,106,0
5801.66428724,5801.66571857,3254.17830995,3254.10879298,0.05764176,493.06510723,0.01998499,0.01998500,34447,106,0
5801.83397084,5801.83416126,3262.36449912,3262.35523899,0.04603562,492.97654243,0.01998500,0.01998500,34446,106,0
5802.00275716,5802.00261374,3270.56175778,3270.56874180,0.04318486,492.88706150,0.01998500,0.01998500,34445,106,0
5802.17094043,5802.17107599,3278.77026795,3278.76365805,0.03843485,492.79651993,0.01998500,0.01998500,34444,106,0
5802.33968100,5802.33954803,3286.99000930,3286.99650103,0.03743839,492.70428888,0.01998500,0.01998500,34443,106,0
5802.50783101,5802.50802986,3295.22093474,3295.21121410,0.06322053,492.61099173,0.01998500,0.01998500,34442,106,0
5802.67688856,5802.67652147,3303.46299676,3303.48096527,0.06039207,492.51578891,0.01998500,0.01998500,34441,106,0
5802.84442557,5802.84502286,3311.71615115,3311.68687708,0.04240833,492.42005101,0.01998500,0.01998500,34440,106,0
5803.01264547,5803.01353405,3319.98036715,3319.93676143,0.04232587,492.32252479,0.01998500,0.01998500,34439,106,0
5803.18163395,5803.18205502,3328.25561688,3328.23492701,0.03992668,492.22313785,0.01998500,0.01998500,34438,106,0
5803.35115829,5803.35058578,3336.54187213,3336.57003905,0.06262961,492.12200603,0.01998500,0.01998500,34437,106,0
5803.51824776,5803.51912633,3344.83914062,3344.79586071,0.04836423,492.02092053,0.01998500,0.01998500,34436,106,0
5803.68720571,5803.68767667,3353.14764542,3353.12441471,0.05155415,491.91727738,0.01998500,0.01998500,34435,106,0
5803.85645103,5803.85623680,3361.46769061,3361.47827169,0.07364865,491.81201015,0.01998500,0.01998500,34434,106,0
5804.02450798,5804.02480673,3369.79958286,3369.78480660,0.04418273,491.70603918,0.01998500,0.01998500,34433,106,0
5804.19336048,5804.19338645,3378.14359477,3378.14230874,0.06657548,491.59810965,0.01998500,0.01998500,34432,106,0
5804.36173241,5804.36197596,3386.49966463,3386.48758506,0.07084719,491.48902854,0.01998500,0.01998500,34431,106,0
5804.53043100,5804.53057527,3394.86754836,3394.86038325,0.04099564,491.37827270,0.01998500,0.01998500,34430,106,0
5804.69809173,5804.69918437,3403.24699805,3403.19266131,0.03671964,491.26674524,0.01998500,0.01998500,34429,106,0
5804.86747559,5804.86780327,3411.63777891,3411.62146241,0.05783519,491.15259861,0.01998500,0.01998500,34428,106,0
5805.03616658,5805.03643197,3420.03986597,3420.02663434,0.02691795,491.03744272,0.01998500,0.01998500,34427,106,0
5805.20489587,5805.20507046,3428.45338882,3428.44467265,0.05925097,490.92078010,0.01998500,0.01998500,34426,106,0
5805.37367845,5805.37371876,3436.87848163,3436.87646685,0.05074586,490.80259211,0.01998500,0.01998500,34425,106,0
5805.54102462,5805.54237685,3445.31528045,3445.24759269,0.05344802,490.68393304,0.01998499,0.01998500,34424,106,0
5805.70944173,5805.71104475,0.00000000,3453.67974860,0.05408735,490.56307776,0.01998499,0.01998500,34423,106,1
5805.85390383,5805.87972244,0.00000000,3460.92478246,0.15661153,490.45817002,0.01998491,0.01998500,34422,106,1
5806.04845256,5806.04840995,3470.69752731,3470.69966929,0.03674740,490.31506712,0.01998500,0.01998500,34421,106,0
5806.21748269,5806.21710725,3479.18279847,3479.20169591,0.07008895,490.18913882,0.01998500,0.01998500,34420,106,0
5806.38622986,5806.38581436,3487.68045897,3487.70140232,0.04983780,490.06188720,0.01998500,0.01998500,34419,106,0
5806.55493238,5806.55453127,3496.19035214,3496.21059765,0.03441594,489.93313375,0.01998500,0.01998500,34418,106,0
5806.72293026,5806.72325799,3504.71231108,3504.69574732,0.04839219,489.80338937,0.01998500,0.01998500,34417,106,0
5806.89209579,5806.89199452,3513.24616730,3513.25129269,0.08001312,489.67119882,0.01998500,0.01998500,34416,106,0
5807.06166735,5807.06074085,3521.79174873,3521.83869888,0.06128944,489.53713288,0.01998500,0.01998500,34415,106,0
5807.22953199,5807.22949700,3530.34887922,3530.35065460,0.06491921,489.40287738,0.01998500,0.01998500,34414,106,0
5807.39898730,5807.39826295,3538.91738084,3538.95418023,0.03406378,489.26579408,0.01998500,0.01998500,34413,106,0
5807.56667963,5807.56703871,3547.49708614,3547.47882082,0.06232242,489.12859584,0.01998500,0.01998500,34412,106,0
5807.73615099,5807.73582429,3556.08829334,3556.10493382,0.06659504,488.98837444,0.01998500,0.01998500,34411,106,0
5807.90421894,5807.90461967,3564.69190891,3564.67146851,0.06497095,488.84773772,0.01998500,0.01998500,34410,106,0
5808.07357822,5808.07342487,3573.30888749,3573.31672138,0.05086694,488.70441059,0.01998500,0.01998500,34409,106,0
5808.24158693,5808.24223989,3581.94016998,3581.90675802,0.03920431,488.56060783,0.01998500,0.01998500,34408,106,0
5808.41164883,5808.41106472,3590.58587232,3590.61580832,0.03238088,488.41339713,0.01998500,0.01998500,34407,106,0
5808.58065497,5808.57989936,3599.24504150,3599.28382276,0.05331807,488.26546481,0.01998500,0.01998500,34406,106,0
5808.74915175,5808.74874382,3607.91664577,3607.93761018,0.04459357,488.11636684,0.01998500,0.01998500,34405,106,0
5808.91748255,5808.91759810,3616.59967555,3616.59372987,0.07962346,487.96582083,0.01998500,0.01998500,34404,106,0
5809.08502473,5809.08646219,0.00000000,3625.22700529,0.07458330,487.81426961,0.01998500,0.01998500,34403,106,1
5809.25472788,5809.25533611,3634.00123881,3633.96985527,0.06927352,487.65936744,0.01998500,0.01998500,34402,106,0
5809.42335302,5809.42421984,3642.72229945,3642.67750062,0.04511523,487.50366123,0.01998500,0.01998500,34401,106,0
5809.59267920,5809.59311340,3651.45858494,3651.43610572,0.05871254,487.34560633,0.01998500,0.01998500,34400,106,0
5809.76269904,5809.76201678,3660.21022449,3660.24560420,0.02044121,487.18517877,0.01998500,0.01998500,34399,106,0
5809.93201031,5809.93092998,3668.97613897,3669.03224562,0.08746456,487.02371466,0.01998500,0.01998500,34398,106,0
5810.09910963,5810.09985300,3677.75518223,3677.71652283,0.06729803,486.86270593,0.01998500,0.01998500,34397,106,0
5810.26841428,5810.26878585,3686.54625680,3686.52690832,0.03390213,486.69791078,0.01998500,0.01998500,34396,106,0
5810.43825263,5810.43772852,3695.34931881,3695.37664683,0.06067716,486.53091095,0.01998500,0.01998500,34395,106,0
5810.60684851,5810.60668102,3704.16524494,3704.17399072,0.03651323,486.36344101,0.01998500,0.01998500,34394,106,0
5810.77516982,5810.77564335,3712.99495018,3712.97018511,0.06363777,486.19453874,0.01998500,0.01998500,34393,106,0
5810.94450748,5810.94461550,3721.83928577,3721.83362696,0.04644101,486.02287433,0.01998500,0.01998500,34392,106,0
5811.11208878,5811.11359748,0.00000000,3730.61088342,0.04124460,485.85142413,0.01998500,0.01998500,34391,106,1
5811.28147267,5811.28258930,3739.57115785,3739.51248634,0.03319310,485.67606620,0.01998500,0.01998500,34390,106,0
5811.45197785,5811.45159094,3748.45744315,3748.47780159,0.06156516,485.49794789,0.01998500,0.01998500,34389,106,0
5811.62021001,5811.62060241,3757.35651751,3757.33584216,0.04221305,485.32047722,0.01998500,0.01998500,34388,106,0
5811.79154704,5811.78962372,0.00000000,3766.35394499,0.03866091,485.13828477,0.01998501,0.01998500,34387,106,1
5811.95839252,5811.95865485,3775.19343957,3775.17957816,0.04916302,484.95850086,0.01998500,0.01998500,34386,106,0
5812.12677585,5812.12769583,3784.13193133,3784.08324972,0.03882237,484.77564380,0.01998500,0.01998500,34385,106,0
5812.29655794,5812.29674663,3793.08418445,3793.07418458,0.09348151,484.58948262,0.01998500,0.01998500,34384,106,0
5812.46473677,5812.46580728,3802.05035661,3801.99353996,0.07585194,484.40330227,0.01998500,0.01998500,34383,106,0
5812.63512028,5812.63487775,3811.03056045,3811.04345178,0.05325319,484.21286845,0.01998500,0.01998500,34382,106,0
5812.80372956,5812.80395807,3820.02490953,3820.01274480,0.10049236,484.02261219,0.01998500,0.01998500,34381,106,0
5812.97275472,5812.97304822,3829.03348881,3829.01783993,0.10011928,483.83007535,0.01998500,0.01998500,34380,106,0
5813.14321497,5813.14214822,3838.05629138,3838.11325464,0.03601201,483.63406018,0.01998501,0.01998500,34379,106,0
5813.31141532,5813.31125805,3847.09329205,3847.10170284,0.08282824,483.43882263,0.01998500,0.01998500,34378,106,0
5813.48003609,5813.48037772,3856.14446764,3856.12617013,0.05157690,483.24127497,0.01998500,0.01998500,34377,106,0
5813.65111896,5813.64950724,0.00000000,3865.29806673,0.06466841,483.03893153,0.01998501,0.01998500,34376,106,1
5813.81807722,5813.81864660,3874.29058830,3874.25999512,0.03968856,482.83969289,0.01998500,0.01998500,34375,106,0
5813.98699151,5813.98779580,3883.38683840,3883.34354985,0.04235966,482.63620973,0.01998500,0.01998500,34374,106,0
5814.16000047,5814.15695484,0.00000000,3892.66886314,0.09082043,482.42569744,0.01998501,0.01998500,34373,106,1
5814.32760502,5814.32612373,3901.62827257,3901.70827410,0.07185182,482.22007896,0.01998501,0.01998500,34372,106,0
5814.49290068,5814.49530247,0.00000000,3910.64443738,0.07111560,482.01529932,0.01998499,0.01998500,34371,106,1
5814.66478314,5814.66449105,3919.93122996,3919.94705319,0.07588587,481.80052743,0.01998500,0.01998500,34370,106,0
5814.83319578,5814.83368948,3929.10366223,3929.07687886,0.09612414,481.58816311,0.01998500,0.01998500,34369,106,0
5815.00428761,5815.00289776,3938.29038457,3938.36590341,0.05831244,481.37048764,0.01998501,0.01998500,34368,106,0
5815.17101599,5815.17211589,3947.49273918,3947.43287365,0.07147224,481.15645140,0.01998500,0.01998500,34367,106,0
5815.34199887,5815.34134386,3956.71208962,3956.74780753,0.04008578,480.93495231,0.01998500,0.01998500,34366,106,0
5815.51147226,5815.51058169,3965.94931001,3965.99796253,0.06794560,480.71337946,0.01998501,0.01998500,34365,106,0
5815.68078349,5815.67982938,3975.20315391,3975.25536371,0.04623549,480.49002264,0.01998501,0.01998500,34364,106,0
5815.84889215,5815.84908691,3984.47179876,3984.46112606,0.04148644,480.26631414,0.01998500,0.01998500,34363,106,0
5816.01788790,5816.01835430,3993.75341588,3993.72782592,0.06865087,480.03951580,0.01998500,0.01998500,34362,106,0
5816.18659465,5816.18763154,4003.04746988,4002.99050028,0.05832028,479.81120271,0.01998500,0.01998500,34361,106,0
5816.35902317,5816.35691864,0.00000000,4012.46315934,0.06845997,479.57604557,0.01998501,0.01998500,34360,106,1
5816.52621121,5816.52621559,4021.68082887,4021.68058721,0.05465148,479.34560516,0.01998500,0.01998500,34359,106,0
5816.69517598,5816.69552240,4031.02444136,4031.00530418,0.08869144,479.11085723,0.01998500,0.01998500,34358,106,0
5816.86531640,5816.86483907,4040.38684855,4040.41326682,0.05615454,478.87235697,0.01998501,0.01998500,34357,106,0
5817.03332266,5817.03416560,4049.76652992,4049.71979733,0.09946625,478.63479093,0.01998500,0.01998500,34356,106,0
5817.20522910,5817.20350199,0.00000000,4059.24058973,0.07025155,478.39007048,0.01998501,0.01998500,34355,106,1
5817.37196446,5817.37284824,4068.57163347,4068.52249035,0.03231064,478.14984987,0.01998500,0.01998500,34354,106,0
5817.54366997,5817.54220435,0.00000000,4078.05850952,0.04639230,477.90136565,0.01998501,0.01998500,34353,106,1
5817.71412515,5817.71157032,0.00000000,4087.56007823,0.09884959,477.65207870,0.01998501,0.01998500,34352,106,1
nan,nan,0.00000000,-1.00000000,0.00000000,477.45569706,nan,0.00000000,-2147483648,106,1
nan,nan,0.00000000,-1.00000000,0.00000000,470.49097558,nan,0.00000000,-2147483648,105,1
5772.83226335,5772.83837468,0.00000000,8.27191771,0.14760800,470.80782667,0.01998497,0.01998499,34619,105,1
5772.83226335,5772.83837468,0.00000000,8.27191771,0.14760800,470.80782667,0.01998497,0.01998499,34619,105,1
5773.01886307,5773.00514757,0.00000000,14.31148199,0.02822387,471.11223712,0.01998504,0.01998499,34618,105,1
5773.33024429,5773.33872225,0.00000000,24.39765714,0.05901952,471.61907147,0.01998496,0.01998499,34616,105,1
5773.33024429,5773.33872225,0.00000000,24.39765714,0.05901952,471.61907147,0.01998496,0.01998499,34616,105,1
nan,nan,0.00000000,-1.00000000,0.00000000,471.89976132,nan,0.00000000,-2147483648,105,1
5773.64343595,nan,0.00000000,34.55244571,0.06611593,472.12741239,0.01998489,0.01998499,34614,105,1
5773.64343595,nan,0.00000000,34.55244571,0.06611593,472.12741239,0.01998489,0.01998499,34614,105,1
5773.64343595,nan,0.00000000,34.55244571,0.06611593,472.12741239,0.01998489,0.01998499,34614,105,1
5774.01812293,5774.00598726,0.00000000,46.71431424,0.09216650,472.73366304,0.01998503,0.01998499,34612,105,1
5774.16886691,5774.17282761,0.00000000,51.61133729,0.08071304,472.97698335,0.01998498,0.01998499,34611,105,1
5774.51083156,5774.50653724,0.00000000,62.72896641,0.19390808,473.52770825,0.01998500,0.01998499,34609,105,1
5774.51083156,5774.50653724,0.00000000,62.72896641,0.19390808,473.52770825,0.01998500,0.01998499,34609,105,1
5774.68935847,5774.67340652,0.00000000,68.53785578,0.14289414,473.81453013,0.01998505,0.01998499,34608,105,1
5774.84086626,5774.84028545,73.45432490,73.47323668,0.16741817,474.05772071,0.01998499,0.01998499,34607,105,0
5775.02770549,nan,0.00000000,79.55600126,0.28216690,474.35681584,0.01998506,0.01998499,34606,105,1
5775.02770549,nan,0.00000000,79.55600126,0.28216690,474.35681584,0.01998506,0.01998499,34606,105,1
5775.33475348,5775.34098009,0.00000000,89.56518625,0.04671755,474.84745625,0.01998497,0.01998499,34604,105,1
5775.50412766,5775.50789760,0.00000000,95.09066322,0.06812620,475.11749948,0.01998498,0.01998499,34603,105,1
5775.84062428,5775.84176157,106.11233942,106.07519192,0.16056529,475.65262790,0.01998499,0.01998499,34601,105,0
5775.84062428,5775.84176157,106.11233942,106.07519192,0.16056529,475.65262790,0.01998499,0.01998499,34601,105,0
nan,nan,0.00000000,-1.00000000,0.00000000,475.94031863,nan,0.00000000,-2147483648,105,1
5776.17428089,5776.17566413,117.02495261,116.97971990,0.07497819,476.18160630,0.01998499,0.01998499,34599,105,0
5776.33629092,5776.34262989,0.00000000,122.28180792,0.18338501,476.43799957,0.01998497,0.01998499,34598,105,1
nan,nan,0.00000000,-1.00000000,0.00000000,476.66571124,nan,0.00000000,-2147483648,105,1
5776.67446125,5776.67659036,133.41940973,133.34966940,0.06894153,476.97149894,0.01998498,0.01998499,34596,105,0
5776.84806175,5776.84358508,0.00000000,139.04019364,0.13394087,477.24489704,0.01998501,0.01998499,34595,105,1
nan,nan,0.00000000,-1.00000000,0.00000000,477.53057756,nan,0.00000000,-2147483648,105,1
5777.16713279,5777.17760349,0.00000000,149.50246913,0.05491911,477.74595688,0.01998495,0.01998499,34593,105,1
nan,nan,0.00000000,-1.00000000,0.00000000,478.05609737,nan,0.00000000,-2147483648,105,1
5777.51639152,5777.51166052,0.00000000,160.96698423,0.25975355,478.29264454,0.01998501,0.01998499,34591,105,1
5777.68798351,5777.67870352,0.00000000,166.60429829,0.05818230,478.56055154,0.01998502,0.01998499,34590,105,1
5777.84702246,5777.84575618,171.78775354,171.82938375,0.11992885,478.80833248,0.01998500,0.01998499,34589,105,0
5778.01863737,5778.01281850,0.00000000,177.47614296,0.06877259,479.07553073,0.01998501,0.01998499,34588,105,1
5778.17946006,5778.17989049,182.77824905,182.76408399,0.23267701,479.32520477,0.01998499,0.01998499,34587,105,0
5778.34758732,5778.34697213,188.27829608,188.29855266,0.11007872,479.58595389,0.01998499,0.01998499,34586,105,0
5778.50553062,5778.51406344,0.00000000,193.50644899,0.05713507,479.83078939,0.01998496,0.01998499,34585,105,1
5778.68034615,5778.68116441,199.28857000,199.26159603,0.10838308,480.10075744,0.01998499,0.01998499,34584,105,0
5778.84692267,5778.84827504,204.79903067,204.75442266,0.20413344,480.35783770,0.01998499,0.01998499,34583,105,0
5779.01807515,5779.01539535,0.00000000,210.40887686,0.06875165,480.62188824,0.01998500,0.01998499,34582,105,1
5779.18234690,5779.18252531,215.83102044,215.82512826,0.06276460,480.87424987,0.01998499,0.01998499,34581,105,0
5779.34885568,5779.34966495,221.35241179,221.32567055,0.28828036,481.12997272,0.01998499,0.01998499,34580,105,0
5779.51777955,5779.51681425,226.87724241,226.90915764,0.11276589,481.38896824,0.01998499,0.01998499,34579,105,0
5779.68113504,5779.68397322,0.00000000,232.31715530,0.10807249,481.63926311,0.01998498,0.01998499,34578,105,1
5779.84818093,5779.85114186,0.00000000,237.84409734,0.11246083,481.89449326,0.01998498,0.01998499,34577,105,1
5780.01505029,5780.01832017,0.00000000,243.36824335,0.12423561,482.14901880,0.01998498,0.01998499,34576,105,1
5780.19103469,5780.18550815,0.00000000,249.19744234,0.09926514,482.41697584,0.01998501,0.01998499,34575,105,1
5780.34959187,5780.35270580,0.00000000,254.45230195,0.07085283,482.65798259,0.01998498,0.01998499,34574,105,1
5780.52301904,5780.51991312,0.00000000,260.20314189,0.10578657,482.92114022,0.01998500,0.01998499,34573,105,1
5780.52301904,5780.51991312,0.00000000,260.20314189,0.10578657,482.92114022,0.01998500,0.01998499,34573,105,1
5780.85317776,5780.85435680,271.19084750,271.15170203,0.12925689,483.42042161,0.01998499,0.01998499,34571,105,0
5781.02051768,5781.02159315,276.74494080,276.70921315,0.06032368,483.67299332,0.01998499,0.01998499,34570,105,0
5781.18961076,5781.18883917,282.30261385,282.32826171,0.06512974,483.92776989,0.01998499,0.01998499,34569,105,0
5781.35497701,5781.35609487,287.86386953,287.82668968,0.10815943,484.17650129,0.01998499,0.01998499,34568,105,0
5781.52283926,5781.52336025,293.42870151,293.41136337,0.05967498,484.42855094,0.01998499,0.01998499,34567,105,0
5781.69077440,5781.69063531,298.99710340,299.00173469,0.08981257,484.68026909,0.01998499,0.01998499,34566,105,0
5781.84979703,5781.85792005,0.00000000,304.30909374,0.13764612,484.91869906,0.01998496,0.01998499,34565,105,1
5782.02249687,5782.02521447,0.00000000,310.06454079,0.04853468,485.17665923,0.01998498,0.01998499,34564,105,1
5782.19377218,5782.19251857,315.72366765,315.76548383,0.08510334,485.43156119,0.01998500,0.01998499,34563,105,0
5782.36098995,5782.35983235,321.30630682,321.34494286,0.06803965,485.68043839,0.01998500,0.01998499,34562,105,0
5782.52675324,5782.52715582,326.89252105,326.87907669,0.12585066,485.92671443,0.01998499,0.01998499,34561,105,0
5782.69522695,5782.69448897,332.48232254,332.50698234,0.13576726,486.17657168,0.01998499,0.01998499,34560,105,0
5782.86445275,5782.86183180,0.00000000,338.17174452,0.14275415,486.42746264,0.01998500,0.01998499,34559,105,1
5783.02637737,5783.02918432,0.00000000,343.58646988,0.06875321,486.66671445,0.01998498,0.01998499,34558,105,1
5783.18977925,5783.19654653,0.00000000,349.05360274,0.03500297,486.90772156,0.01998497,0.01998499,34557,105,1
5783.35881080,5783.36391842,0.00000000,354.71228030,0.14674550,487.15657956,0.01998497,0.01998499,34556,105,1
5783.53160797,5783.53130000,360.48533077,360.49565146,0.11622953,487.41029812,0.01998499,0.01998499,34555,105,0
5783.70553010,5783.69869127,0.00000000,366.32958270,0.15812369,487.66559651,0.01998502,0.01998499,34554,105,1
5783.86553134,5783.86609223,371.71123149,371.69241382,0.09793359,487.89971364,0.01998499,0.01998499,34553,105,0
5784.03411978,5784.03350288,377.32928280,377.34999049,0.06213236,488.14611092,0.01998499,0.01998499,34552,105,0
5784.19947149,5784.20092323,382.95067422,382.90191718,0.03680460,488.38732093,0.01998499,0.01998499,34551,105,0
5784.37049368,5784.36835326,388.57542863,388.64735506,0.12388892,488.63632709,0.01998500,0.01998499,34550,105,0
5784.53787524,5784.53579299,394.20360689,394.27361774,0.18401648,488.87956582,0.01998500,0.01998499,34549,105,0
5784.69976307,5784.70324241,0.00000000,399.71891855,0.12312375,489.11441345,0.01998498,0.01998499,34548,105,1
5784.93600555,nan,0.00000000,407.66936632,0.08210735,489.45630161,0.01998522,0.01998499,34547,105,1
5785.20544698,5785.20564885,416.75178987,416.74498668,0.03311725,489.84512016,0.01998499,0.01998499,34545,105,0
5785.37238904,5785.37313705,422.39796796,422.37274418,0.07046686,490.08544611,0.01998499,0.01998499,34544,105,0
5785.53820511,5785.54063496,0.00000000,427.96487740,0.07497276,490.32366016,0.01998498,0.01998499,34543,105,1
5785.70507785,5785.70814256,0.00000000,433.59633105,0.04329125,490.56295425,0.01998498,0.01998499,34542,105,1
5785.87550237,5785.87565987,439.35854720,439.35322696,0.11917745,490.80696159,0.01998499,0.01998499,34541,105,0
5786.04240657,5786.04318687,445.01938966,444.99301515,0.07364700,491.04540033,0.01998499,0.01998499,34540,105,0
5786.20754662,5786.21072358,0.00000000,450.57278220,0.02335022,491.28071231,0.01998498,0.01998499,34539,105,1
5786.37930271,5786.37826998,456.35199744,456.38694497,0.04760358,491.52528586,0.01998500,0.01998499,34538,105,0
5786.54557049,5786.54582610,462.02376205,462.01510726,0.12098971,491.76142922,0.01998499,0.01998499,34537,105,0
5786.71499388,5786.71339191,467.69917083,467.75344513,0.08965543,492.00158146,0.01998500,0.01998499,34536,105,0
5786.88593378,5786.88096743,0.00000000,473.53984566,0.08793584,492.24311763,0.01998501,0.01998499,34535,105,1
5787.04865976,5787.04855266,479.06093225,479.06456481,0.03005980,492.47314265,0.01998499,0.01998499,34534,105,0
5787.21594112,5787.21614759,484.74728943,484.74028171,0.09704374,492.70885641,0.01998499,0.01998499,34533,105,0
5787.38436710,5787.38375224,490.43726695,490.45814681,0.04155133,492.94570762,0.01998500,0.01998499,34532,105,0
5787.54859317,5787.55136659,0.00000000,496.02696629,0.10486062,493.17579355,0.01998498,0.01998499,34531,105,1
5787.71757879,5787.71899065,501.82780756,501.77981011,0.06000814,493.41287001,0.01998499,0.01998499,34530,105,0
5787.88734551,5787.88662442,507.52822931,507.55275694,0.01782219,493.65014894,0.01998500,0.01998499,34529,105,0
5788.05333623,5788.05426790,513.23199069,513.20028422,0.14779645,493.88166613,0.01998499,0.01998499,34528,105,0
5788.22008352,5788.22192109,518.93902372,518.87645573,0.09028273,494.11375294,0.01998499,0.01998499,34527,105,0
5788.38857707,5788.38958399,524.64938033,524.61507660,0.07788469,494.34777697,0.01998499,0.01998499,34526,105,0
5788.55843618,5788.55725661,530.36326208,530.40347087,0.02281923,494.58320318,0.01998500,0.01998499,34525,105,0
5788.72447970,5788.72493895,536.08088066,536.06521663,0.06913851,494.81286854,0.01998499,0.01998499,34524,105,0
5788.89046874,5788.89263099,0.00000000,541.72369000,0.05649946,495.04179869,0.01998499,0.01998499,34523,105,1
5789.05807814,5789.06033276,0.00000000,547.44675815,0.09947409,495.27272957,0.01998499,0.01998499,34522,105,1
5789.22781769,5789.22804424,553.25828148,553.25053839,0.06746685,495.50628808,0.01998499,0.01998499,34521,105,0
5789.39541465,5789.39576544,558.99277159,558.98077363,0.05691370,495.73626537,0.01998499,0.01998499,34520,105,0
5789.56127350,5789.56349636,0.00000000,564.64898472,0.09687549,495.96314580,0.01998499,0.01998499,34519,105,1
5789.73038475,5789.73123700,570.47395655,570.44477164,0.06206882,496.19450786,0.01998499,0.01998499,34518,105,0
5789.90148345,5789.89898736,0.00000000,576.29687766,0.06719292,496.42747713,0.01998500,0.01998499,34517,105,1
5790.06856331,5790.06674743,581.96972374,582.03197421,0.05670637,496.65516345,0.01998500,0.01998499,34516,105,0
5790.23257488,5790.23451724,587.72244366,587.65582605,0.07577111,496.87783263,0.01998499,0.01998499,34515,105,0
5790.40060953,5790.40229676,593.47826663,593.42037028,0.07098461,497.10545509,0.01998499,0.01998499,34514,105,0
5790.57065929,5790.57008601,599.23742516,599.25710783,0.10560570,497.33529157,0.01998500,0.01998499,34513,105,0
5790.73685884,5790.73788498,605.00017010,604.96491867,0.04912549,497.55943171,0.01998499,0.01998499,34512,105,0
5790.90594661,5790.90569368,610.76675326,610.77544769,0.07216094,497.78697628,0.01998500,0.01998499,34511,105,0
5791.07116040,5791.07351211,0.00000000,616.45199136,0.04111626,498.00866087,0.01998499,0.01998499,34510,105,1
5791.24149394,5791.24134026,622.31243983,622.31772996,0.08997593,498.23709757,0.01998500,0.01998499,34509,105,0
5791.41170373,5791.40917814,0.00000000,628.17468632,0.10402453,498.46454684,0.01998500,0.01998499,34508,105,1
5791.57380516,5791.57702575,0.00000000,633.75985886,0.03595373,498.68084092,0.01998498,0.01998499,34507,105,1
5791.74712256,5791.74488309,0.00000000,639.73510461,0.08139523,498.91159187,0.01998500,0.01998499,34506,105,1
5791.91253361,5791.91275016,645.45416922,645.44669642,0.03197348,499.13153367,0.01998500,0.01998499,34505,105,0
5792.07909850,5792.08062696,651.24894159,651.19616869,0.09812827,499.35231482,0.01998499,0.01998499,34504,105,0
5792.25008477,5792.24851349,657.04701905,657.10129796,0.05690865,499.57842640,0.01998500,0.01998500,34503,105,0
5792.41636527,5792.41640976,662.84841516,662.84687762,0.09023388,499.79779958,0.01998500,0.01998500,34502,105,0
5792.58446163,5792.58431576,668.65337157,668.65841626,0.05378405,500.01905995,0.01998500,0.01998500,34501,105,0
5792.75306916,5792.75223149,674.46214102,674.49112783,0.06359045,500.24048816,0.01998500,0.01998500,34500,105,0
5792.91801208,5792.92015696,0.00000000,680.20123476,0.08899145,500.45664252,0.01998499,0.01998500,34499,105,1
5793.08882141,5793.08809217,686.09213506,686.11740432,0.03507461,500.67995096,0.01998500,0.01998500,34498,105,0
5793.25385582,5793.25603712,0.00000000,691.84004124,0.07535328,500.89532856,0.01998499,0.01998500,34497,105,1
5793.42574913,5793.42399180,697.74011487,697.80109726,0.07945519,501.11902489,0.01998500,0.01998500,34496,105,0
5793.59049586,5793.59195622,703.57068091,703.51997059,0.08016145,501.33300538,0.01998499,0.01998500,34495,105,0
5793.75973820,5793.75993039,709.40530965,709.39863178,0.05100176,501.55232400,0.01998500,0.01998500,34494,105,0
5793.92465553,5793.92791429,0.00000000,715.12995161,0.04962850,501.76552050,0.01998498,0.01998500,34493,105,1
5794.09622665,5794.09590794,721.08577864,721.09686487,0.06004658,501.98682492,0.01998500,0.01998500,34492,105,0
5794.26358856,5794.26391132,726.93115167,726.91991876,0.06504060,502.20214881,0.01998499,0.01998500,34491,105,0
5794.43298050,5794.43192446,732.77991629,732.81668866,0.09999778,502.41954931,0.01998500,0.01998500,34490,105,0
5794.59974022,5794.59994733,738.63227795,738.62506197,0.03365857,502.63305215,0.01998500,0.01998500,34489,105,0
5794.76647275,5794.76797995,744.48844547,744.43590140,0.08417762,502.84601139,0.01998499,0.01998500,34488,105,0
5794.93507999,5794.93602232,750.34862850,750.31575578,0.06760396,503.06085422,0.01998499,0.01998500,34487,105,0
5795.10302325,5795.10407443,756.21303757,756.17634266,0.06222788,503.27434673,0.01998499,0.01998500,34486,105,0
5795.27381201,5795.27213630,762.08185737,762.14039501,0.05825784,503.49094592,0.01998500,0.01998500,34485,105,0
5795.43780013,5795.44020791,0.00000000,767.87865014,0.07760711,503.69871402,0.01998499,0.01998500,34484,105,1
5795.60830587,5795.60828927,773.83260247,773.83318328,0.03189744,503.91365906,0.01998500,0.01998500,34483,105,0
5795.77567261,5795.77638038,779.71433326,779.68955973,0.06447989,504.12441124,0.01998499,0.01998500,34482,105,0
5795.94551080,5795.94448124,785.60017227,785.63623267,0.04594352,504.33775370,0.01998500,0.01998500,34481,105,0
5796.11193430,5796.11259185,791.49002101,791.46697632,0.06876738,504.54629218,0.01998499,0.01998500,34480,105,0
5796.28068370,5796.28071222,797.38380225,797.38280235,0.05795322,504.75722106,0.01998500,0.01998500,34479,105,0
5796.44934523,5796.44884234,803.28153842,803.29918470,0.06893419,504.96751239,0.01998500,0.01998500,34478,105,0
5796.61684793,5796.61698221,809.18328087,809.17856604,0.07118880,505.17583730,0.01998500,0.01998500,34477,105,0
5796.78383648,5796.78513184,815.08908118,815.04357099,0.06622229,505.38300601,0.01998499,0.01998500,34476,105,0
5796.95211667,5796.95329123,820.99899111,820.95769857,0.05656865,505.59125574,0.01998499,0.01998500,34475,105,0
5797.12079302,5797.12146037,826.91306262,826.88958598,0.04294764,505.79947103,0.01998499,0.01998500,34474,105,0
5797.28855919,5797.28963927,832.83133399,832.79331315,0.04132470,506.00604180,0.01998499,0.01998500,34473,105,0
5797.45909905,5797.45782793,838.75380529,838.79858029,0.05124695,506.21549396,0.01998500,0.01998500,34472,105,0
5797.62564557,5797.62602635,844.68047001,844.66704852,0.07609458,506.41952063,0.01998499,0.01998500,34471,105,0
5797.79257122,5797.79423453,850.61132160,850.55265623,0.02713556,506.62349368,0.01998499,0.01998500,34470,105,0
5797.96158618,5797.96245247,856.54635348,856.51577915,0.05303204,506.82948979,0.01998499,0.01998500,34469,105,0
5798.12933496,5798.13068018,862.48555975,862.43805240,0.02527438,507.03341395,0.01998499,0.01998500,34468,105,0
5798.29970041,5798.29891764,868.42898044,868.45664281,0.07049551,507.23997997,0.01998500,0.01998500,34467,105,0
5798.46613718,5798.46716488,874.37672927,874.34038671,0.06460151,507.44126048,0.01998499,0.01998500,34466,105,0
5798.63510556,5798.63542187,880.32892702,880.31773335,0.05195947,507.64507759,0.01998500,0.01998500,34465,105,0
5798.80392160,5798.80368863,886.28569499,886.29394504,0.10289014,507.84818542,0.01998500,0.01998500,34464,105,0
5798.97027701,5798.97196516,892.24715499,892.18732757,0.06441574,508.04782162,0.01998499,0.01998500,34463,105,0
5799.14079246,5799.14025146,898.21341938,898.23260690,0.03945385,508.25192583,0.01998500,0.01998500,34462,105,0
5799.30789179,5799.30854752,904.18441196,904.16113914,0.06092709,508.45142207,0.01998499,0.01998500,34461,105,0
5799.47672816,5799.47685335,910.15988656,910.15544015,0.03405917,508.65246066,0.01998500,0.01998500,34460,105,0
5799.64611853,5799.64516896,916.13958995,916.17333559,0.05857527,508.85361211,0.01998500,0.01998500,34459,105,0
5799.81326009,5799.81349433,922.12326779,922.11493848,0.02859198,509.05154654,0.01998500,0.01998500,34458,105,0
5799.98207217,5799.98182948,928.11066467,928.11929917,0.03868669,509.25089848,0.01998500,0.01998500,34457,105,0
5800.15032181,5800.15017440,934.10156660,934.10681393,0.04736918,509.44901728,0.01998500,0.01998500,34456,105,0
5800.31714855,5800.31852909,940.09608826,940.04691803,0.04657684,509.64490242,0.01998499,0.01998500,34455,105,0
5800.48760340,5800.48689355,946.09449889,946.11979695,0.04238411,509.84448145,0.01998500,0.01998500,34454,105,0
5800.65460846,5800.65526780,952.09706969,952.07355629,0.06719267,510.03947380,0.01998500,0.01998500,34453,105,0
5800.82389937,5800.82365181,958.10407306,958.11290760,0.05042305,510.23658973,0.01998500,0.01998500,34452,105,0
5800.99277527,5800.99204561,964.11578253,964.14184168,0.03536476,510.43268293,0.01998500,0.01998500,34451,105,0
5801.15960043,5801.16044918,970.13237886,970.10204435,0.05226447,510.62587012,0.01998500,0.01998500,34450,105,0
5801.32786476,5801.32886253,976.15372202,976.11803598,0.05297078,510.82018957,0.01998500,0.01998500,34449,105,0
5801.49745692,5801.49728566,982.17960263,982.18573201,0.04017160,511.01549115,0.01998500,0.01998500,34448,105,0
5801.66606450,5801.66571857,988.20981041,988.22219926,0.05909557,511.20910204,0.01998500,0.01998500,34447,105,0
5801.83435756,5801.83416126,994.24413416,994.25116836,0.07771778,511.40178996,0.01998500,0.01998500,34446,105,0
5802.00189036,5802.00261374,1000.28236429,1000.25642728,0.06206516,511.59304208,0.01998500,0.01998500,34445,105,0
5802.17150293,5802.17107599,1006.32443163,1006.33974869,0.04462644,511.78609038,0.01998500,0.01998500,34444,105,0
5802.33881407,5802.33954803,1012.37048040,1012.34413228,0.07024181,511.97595276,0.01998500,0.01998500,34443,105,0
5802.50670342,5802.50802986,1018.42067323,1018.37302544,0.08481717,512.16590957,0.01998499,0.01998500,34442,105,0
5802.67641449,5802.67652147,1024.47517342,1024.47132801,0.07564013,512.35735955,0.01998500,0.01998500,34441,105,0
5802.84442639,5802.84502286,1030.53414498,1030.51268955,0.08019234,512.54633395,0.01998500,0.01998500,34440,105,0
5803.01368071,5803.01353405,1036.59774045,1036.60301981,0.04566849,512.73614700,0.01998500,0.01998500,34439,105,0
5803.18273931,5803.18205502,1042.66596601,1042.69061494,0.06625286,512.92517942,0.01998500,0.01998500,34438,105,0
5803.35053961,5803.35058578,1048.73873050,1048.73706624,0.06079535,513.11224604,0.01998500,0.01998500,34437,105,0
5803.51883932,5803.51912633,1054.81594060,1054.80558830,0.03455346,513.29930589,0.01998500,0.01998500,34436,105,0
5803.68799719,5803.68767667,1060.89750260,1060.90907108,0.04240854,513.48674658,0.01998500,0.01998500,34435,105,0
5803.85596954,5803.85623680,1066.98332234,1066.97366997,0.02026207,513.67230098,0.01998500,0.01998500,34434,105,0
5804.02393875,5804.02480673,1073.07332778,1073.04196018,0.05142591,513.85727778,0.01998500,0.01998500,34433,105,0
5804.19397340,5804.19338645,1079.16753812,1079.18876353,0.02974693,514.04394365,0.01998500,0.01998500,34432,105,0
5804.36141924,5804.36197596,1085.26599593,1085.24585122,0.04431138,514.22719178,0.01998500,0.01998500,34431,105,0
5804.53013812,5804.53057527,1091.36874395,1091.35291546,0.04785083,514.41125517,0.01998500,0.01998500,34430,105,0
5804.69868490,5804.69918437,1097.47582512,1097.45772821,0.08384835,514.59455155,0.01998500,0.01998500,34429,105,0
5804.86757872,5804.86780327,1103.58728345,1103.57914214,0.06773289,514.77764451,0.01998500,0.01998500,34428,105,0
5805.03644374,5805.03643197,1109.70320914,1109.70363640,0.03944607,514.96012627,0.01998500,0.01998500,34427,105,0
5805.20511268,5805.20507046,1115.82375999,1115.82529296,0.03844182,515.14182048,0.01998500,0.01998500,34426,105,0
5805.37406117,5805.37371876,1121.94909986,1121.96154111,0.04983355,515.32324243,0.01998500,0.01998500,34425,105,0
5805.54280963,5805.54237685,1128.07939327,1128.09512983,0.03665804,515.50388005,0.01998500,0.01998500,34424,105,0
5805.71034028,5805.71104475,1134.21480554,1134.18917011,0.05054344,515.68265421,0.01998500,0.01998500,34423,105,0
5805.87909596,5805.87972244,1140.35547396,1140.33265782,0.05113797,515.86217401,0.01998500,0.01998500,34422,105,0
5806.04864585,5806.04840995,1146.50127844,1146.50987643,0.07630228,516.04196583,0.01998500,0.01998500,34421,105,0
5806.21632418,5806.21710725,1152.65196188,1152.62340131,0.06932550,516.21919928,0.01998500,0.01998500,34420,105,0
5806.38442189,5806.38581436,1158.80726476,1158.75644374,0.05278582,516.39629432,0.01998499,0.01998500,34419,105,0
5806.55350943,5806.55453127,1164.96692641,1164.92960858,0.04809676,516.57383564,0.01998500,0.01998500,34418,105,0
5806.72356760,5806.72325799,1171.13068525,1171.14199887,0.01757930,516.75178368,0.01998500,0.01998500,34417,105,0
5806.89251162,5806.89199452,1177.29841500,1177.31732211,0.05718547,516.92795277,0.01998500,0.01998500,34416,105,0
5807.06103513,5807.06074085,1183.47034120,1183.48110804,0.07316876,517.10307967,0.01998500,0.01998500,34415,105,0
5807.22880238,5807.22949700,1189.64674651,1189.62131502,0.06056004,517.27682835,0.01998500,0.01998500,34414,105,0
5807.39796090,5807.39826295,1195.82791487,1195.81684813,0.04735551,517.45142610,0.01998500,0.01998500,34413,105,0
5807.56687112,5807.56703871,1202.01413152,1202.00798638,0.03248463,517.62518107,0.01998500,0.01998500,34412,105,0
5807.73614774,5807.73582429,1208.20566763,1208.21753785,0.05802949,517.79873093,0.01998500,0.01998500,34411,105,0
5807.90221613,5807.90461967,0.00000000,1214.32533060,0.06055526,517.96873150,0.01998499,0.01998500,34410,105,1
5808.07342406,5808.07342487,1220.60459199,1220.60456217,0.06206574,518.14277466,0.01998500,0.01998500,34409,105,0
5808.24207719,5808.24223989,1226.81161825,1226.80563408,0.05120436,518.31392598,0.01998500,0.01998500,34408,105,0
5808.41018754,5808.41106472,1233.02344062,1232.99115439,0.01882484,518.48392986,0.01998500,0.01998500,34407,105,0
5808.58037588,5808.57989936,1239.23987308,1239.25742442,0.03520433,518.65542169,0.01998500,0.01998500,34406,105,0
5808.74907380,5808.74874382,1245.46078321,1245.47294495,0.06460093,518.82479743,0.01998500,0.01998500,34405,105,0
5808.91801961,5808.91759810,1251.68623402,1251.70178007,0.04319293,518.99380944,0.01998500,0.01998500,34404,105,0
5809.08582610,5809.08646219,1257.91633287,1257.89285662,0.04348822,519.16107618,0.01998500,0.01998500,34403,105,0
5809.25481889,5809.25533611,1264.15118758,1264.13208480,0.04880001,519.32891693,0.01998500,0.01998500,34402,105,0
5809.42489914,5809.42421984,1270.39090649,1270.41601346,0.06899161,519.49722257,0.01998500,0.01998500,34401,105,0
5809.59217115,5809.59311340,1276.63559519,1276.60074327,0.06167654,519.66214854,0.01998500,0.01998500,34400,105,0
5809.76228760,5809.76201678,1282.88529038,1282.89531506,0.02087812,519.82926739,0.01998500,0.01998500,34399,105,0
5809.93161312,5809.93092998,1289.13996200,1289.16526726,0.04271711,519.99499426,0.01998500,0.01998500,34398,105,0
5810.09925714,5810.09985300,1295.39957715,1295.37748890,0.06537232,520.15846847,0.01998500,0.01998500,34397,105,0
5810.26858718,5810.26878585,1301.66410274,1301.65673263,0.02237373,520.32297124,0.01998500,0.01998500,34396,105,0
5810.43826583,5810.43772852,1307.93350554,1307.95345190,0.05255382,520.48718970,0.01998500,0.01998500,34395,105,0
5810.60725475,5810.60668102,1314.20775029,1314.22906402,0.05443867,520.65011827,0.01998500,0.01998500,34394,105,0
5810.77586131,5810.77564335,1320.48679448,1320.49489716,0.05741936,520.81205651,0.01998500,0.01998500,34393,105,0
5810.94371050,5810.94461550,1326.77059373,1326.73692643,0.04240481,520.97264788,0.01998500,0.01998500,34392,105,0
5811.11474315,5811.11359748,1333.05910342,1333.10175307,0.01368805,521.13564656,0.01998500,0.01998500,34391,105,0
5811.28211950,5811.28258930,1339.35227874,1339.33477781,0.05590677,521.29453404,0.01998500,0.01998500,34390,105,0
5811.45124457,5811.45159094,1345.65008019,1345.63716865,0.06625433,521.45444942,0.01998500,0.01998500,34389,105,0
5811.62077116,5811.62060241,1351.95257386,1351.95886872,0.03468792,521.61410689,0.01998500,0.01998500,34388,105,0
5811.79064237,5811.78962372,1358.25992091,1358.29794787,0.06206575,521.77345121,0.01998500,0.01998500,34387,105,0
5811.95822907,5811.95865485,1364.57228661,1364.55637985,0.07017370,521.93002954,0.01998500,0.01998500,34386,105,0
5812.12826001,5812.12769583,1370.88983700,1370.91093043,0.03315156,522.08826161,0.01998500,0.01998500,34385,105,0
5812.29636528,5812.29674663,1377.21273889,1377.19846953,0.04973429,522.24408022,0.01998500,0.01998500,34384,105,0
5812.46506630,5812.46580728,1383.54109446,1383.51334695,0.06625396,522.39983064,0.01998500,0.01998500,34383,105,0
5812.63511820,5812.63487775,1389.87480714,1389.88381821,0.02386406,522.55619502,0.01998500,0.01998500,34382,105,0
5812.80412085,5812.80395807,1396.21374202,1396.21984708,0.05074023,522.71095965,0.01998500,0.01998500,34381,105,0
5812.97240383,5812.97304822,1402.55776356,1402.53357815,0.06127718,522.86443130,0.01998500,0.01998500,34380,105,0
5813.14287215,5813.14214822,1408.90673555,1408.93392587,0.01386084,523.01924594,0.01998500,0.01998500,34379,105,0
5813.31174569,5813.31125805,1415.26052869,1415.27885666,0.07216235,523.17196243,0.01998500,0.01998500,34378,105,0
5813.48126858,5813.48037772,1421.61910199,1421.65260826,0.05911011,523.32461309,0.01998500,0.01998500,34377,105,0
5813.65002350,5813.64950724,1427.98247203,1428.00190293,0.01722809,523.47592113,0.01998500,0.01998500,34376,105,0
5813.81881123,5813.81864660,1434.35065646,1434.35685736,0.06841810,523.62660763,0.01998500,0.01998500,34375,105,0
5813.98821018,5813.98779580,1440.72367300,1440.73929133,0.04938071,523.77718406,0.01998500,0.01998500,34374,105,0
5814.15617972,5814.15695484,1447.10154019,1447.07230524,0.02513369,523.92584010,0.01998500,0.01998500,34373,105,0
5814.32552129,5814.32612373,1453.48435818,1453.46161950,0.05716414,524.07505613,0.01998500,0.01998500,34372,105,0
5814.49505693,5814.49530247,1459.87238156,1459.86310665,0.02905280,524.22378934,0.01998500,0.01998500,34371,105,0
5814.66462550,5814.66449105,1466.26588327,1466.27096602,0.06772042,524.37190162,0.01998500,0.01998500,34370,105,0
5814.83398901,5814.83368948,1472.66513756,1472.67647111,0.06670047,524.51919056,0.01998500,0.01998500,34369,105,0
5815.00242286,5815.00289776,1479.07042000,1479.05243483,0.03383507,524.66503676,0.01998500,0.01998500,34368,105,0
5815.17207111,5815.17211589,1485.48192746,1485.48023007,0.08061503,524.81129756,0.01998500,0.01998500,34367,105,0
5815.34128932,5815.34134386,1491.89939738,1491.89732809,0.04127818,524.95654277,0.01998500,0.01998500,34366,105,0
5815.51084625,5815.51058169,1498.32240157,1498.33244582,0.06076925,525.10142105,0.01998500,0.01998500,34365,105,0
5815.67962204,5815.67982938,1504.75050950,1504.74263222,0.06611243,525.24496666,0.01998500,0.01998500,34364,105,0
5815.84968882,5815.84908691,1511.18328855,1511.20617175,0.04049446,525.38892753,0.01998500,0.01998500,34363,105,0
5816.01920936,5816.01835430,1517.62032365,1517.65284998,0.07143791,525.53173320,0.01998501,0.01998500,34362,105,0
5816.18789236,5816.18763154,1524.06160570,1524.07153360,0.01965490,525.67314516,0.01998500,0.01998500,34361,105,0
5816.35686025,5816.35691864,1530.50750979,1530.50528578,0.06243630,525.81411450,0.01998500,0.01998500,34360,105,0
5816.52566658,5816.52621559,1536.95842778,1536.93750009,0.03979856,525.95427492,0.01998500,0.01998500,34359,105,0
5816.69568240,5816.69552240,1543.41475351,1543.42085734,0.05697423,526.09476537,0.01998500,0.01998500,34358,105,0
5816.86507933,5816.86483907,1549.87688202,1549.88605546,0.03150186,526.23407814,0.01998500,0.01998500,34357,105,0
5817.03391051,5817.03416560,1556.34504208,1556.33529336,0.06066956,526.37226682,0.01998500,0.01998500,34356,105,0
5817.20425364,5817.20350199,1562.81907712,1562.84782589,0.03783016,526.51102099,0.01998500,0.01998500,34355,105,0
5817.37266336,5817.37284824,1569.29877572,1569.29169877,0.05803850,526.64753027,0.01998500,0.01998500,34354,105,0
5817.54246904,5817.54220435,1575.78392538,1575.79406490,0.03279305,526.78449017,0.01998500,0.01998500,34353,105,0
5817.71213138,5817.71157032,1582.27431256,1582.29582093,0.07022879,526.92064524,0.01998500,0.01998500,34352,105,0
5817.88146874,5817.88094616,1588.76976461,1588.78981239,0.04140198,527.05584720,0.01998500,0.01998500,34351,105,0
5818.05104383,5818.05033186,1595.27034980,1595.29768370,0.07646825,527.19054556,0.01998500,0.01998500,34350,105,0
5818.22020557,5818.21972743,1601.77622301,1601.79459404,0.03076235,527.32422565,0.01998500,0.01998500,34349,105,0
5818.38853627,5818.38913286,1608.28754001,1608.26460028,0.04240091,527.45656634,0.01998500,0.01998500,34348,105,0
5818.55846922,5818.55854816,1614.80445733,1614.80141972,0.06364571,527.58947728,0.01998500,0.01998500,34347,105,0
5818.72896747,5818.72797332,1621.32712359,1621.36541293,0.06636950,527.72213526,0.01998501,0.01998500,34346,105,0
5818.89769375,5818.89740836,1627.85555447,1627.86655531,0.02706537,527.85272746,0.01998500,0.01998500,34345,105,0
5819.06686153,5819.06685326,1634.38966101,1634.38997994,0.06680854,527.98297144,0.01998500,0.01998500,34344,105,0
5819.23627706,5819.23630803,1640.92935099,1640.92815534,0.01784979,528.11271005,0.01998500,0.01998500,34343,105,0
5819.40561354,5819.40577268,1647.47453170,1647.46838317,0.05191875,528.24168822,0.01998500,0.01998500,34342,105,0
5819.57596021,5819.57524719,1654.02511132,1654.05268164,0.01311076,528.37072610,0.01998501,0.01998500,34341,105,0
5819.74484212,5819.74473158,1660.58108180,1660.58535918,0.05976023,528.49794975,0.01998500,0.01998500,34340,105,0
5819.91505165,5819.91422585,1667.14256662,1667.17454802,0.03163172,528.62546412,0.01998501,0.01998500,34339,105,0
5820.08327038,5820.08372998,1673.70970135,1673.69188737,0.07238577,528.75078801,0.01998500,0.01998500,34338,105,0
5820.25402802,5820.25324400,1680.28262220,1680.31303542,0.07064807,528.87729328,0.01998501,0.01998500,34337,105,0
5820.42270176,5820.42276789,1686.86146608,1686.85889890,0.04220212,529.00155290,0.01998500,0.01998500,34336,105,0
5820.59294978,5820.59230165,1693.44631056,1693.47149483,0.04562079,529.12626434,0.01998501,0.01998500,34335,105,0
5820.76218357,5820.76184530,1700.03705054,1700.05020582,0.01665419,529.24952392,0.01998500,0.01998500,34334,105,0
5820.93125834,5820.93139882,1706.63354558,1706.62807786,0.04748765,529.37195723,0.01998500,0.01998500,34333,105,0
5821.10072638,5821.10096223,1713.23565450,1713.22646799,0.08400814,529.49395814,0.01998500,0.01998500,34332,105,0
5821.27078609,5821.27053551,1719.84323536,1719.85300294,0.04207115,529.61565866,0.01998500,0.01998500,34331,105,0
5821.44083472,5821.44011868,1726.45617713,1726.48410993,0.04140053,529.73661976,0.01998501,0.01998500,34330,105,0
5821.60943145,5821.60971172,1733.07455298,1733.06361101,0.02497299,529.85582541,0.01998500,0.01998500,34329,105,0
5821.77910041,5821.77931466,1739.69850340,1739.69013235,0.05807750,529.97506337,0.01998500,0.01998500,34328,105,0
5821.94907536,5821.94892747,1746.32816964,1746.33395247,0.05872808,530.09378686,0.01998500,0.01998500,34327,105,0
5822.11865841,5822.11855017,1752.96369371,1752.96792958,0.01607846,530.21150946,0.01998500,0.01998500,34326,105,0
5822.28821927,5822.28818276,1759.60520884,1759.60663886,0.05372223,530.32849080,0.01998500,0.01998500,34325,105,0
5822.45735655,5822.45782523,1766.25274464,1766.23437122,0.06574502,530.44445520,0.01998500,0.01998500,34324,105,0
5822.62770150,5822.62747759,1772.90626631,1772.91505120,0.03754156,530.56051332,0.01998500,0.01998500,34323,105,0
5822.79736528,5822.79713984,1779.56573791,1779.57459014,0.05346068,530.67537213,0.01998500,0.01998500,34322,105,0
5822.96733233,5822.96681198,1786.23112330,1786.25157319,0.05455471,530.78969779,0.01998501,0.01998500,34321,105,0
5823.13698485,5823.13649401,1792.90238627,1792.92169233,0.02367984,530.90307213,0.01998501,0.01998500,34320,105,0
5823.30578864,5823.30618593,1799.57949389,1799.56385478,0.04753073,531.01514314,0.01998500,0.01998500,34319,105,0
5823.47658835,5823.47588774,1806.26241640,1806.29001778,0.04970612,531.12778931,0.01998501,0.01998500,34318,105,0
5823.64510762,5823.64559945,1812.95112398,1812.93173210,0.01869658,531.23818964,0.01998500,0.01998500,34317,105,0
5823.81589452,5823.81532105,1819.64558665,1819.66821562,0.05390275,531.34932119,0.01998501,0.01998500,34316,105,0
5823.98502067,5823.98505254,1826.34577525,1826.34451662,0.06605205,531.45862123,0.01998500,0.01998500,34315,105,0
5824.15540339,5824.15479393,1833.05170746,1833.07579511,0.02884945,531.56797606,0.01998501,0.01998500,34314,105,0
5824.32503690,5824.32454522,1839.76346753,1839.78291604,0.08208367,531.67609427,0.01998501,0.01998500,34313,105,0
5824.49488277,5824.49430640,1846.48114523,1846.50396240,0.06302222,531.78359167,0.01998501,0.01998500,34312,105,0
5824.66475859,5824.66407748,1853.20483078,1853.23181712,0.07161410,531.89035053,0.01998501,0.01998500,34311,105,0
5824.83472572,5824.83385846,1859.93461486,1859.96900624,0.02491041,531.99640788,0.01998501,0.01998500,34310,105,0
5825.17053539,5825.17345012,0.00000000,1873.30583001,0.11374586,532.20384971,0.01998500,0.01998501,34308,105,1
5825.34565871,5825.34326080,0.00000000,1880.26547353,0.08224497,532.31077747,0.01998501,0.01998501,34307,105,1
5825.51167194,5825.51308138,1886.91665126,1886.86056096,0.03859615,532.41126694,0.01998500,0.01998501,34306,105,0
5825.68260593,5825.68291187,1893.67837983,1893.66619335,0.05620078,532.51411031,0.01998500,0.01998501,34305,105,0
5825.85224836,5825.85275226,1900.44670502,1900.42661507,0.05977581,532.61541150,0.01998500,0.01998501,34304,105,0
5826.02344727,5826.02260256,1907.22140069,1907.25510764,0.06676947,532.71686361,0.01998501,0.01998501,34303,105,0
5826.19200455,5826.19246276,1914.00220171,1913.98390237,0.02572218,532.81598007,0.01998500,0.01998501,34302,105,0
5826.36277782,5826.36233287,1920.78884149,1920.80662501,0.07123656,532.91561414,0.01998501,0.01998501,34301,105,0
5826.53222339,5826.53221289,1927.58105199,1927.58147190,0.03471815,533.01368624,0.01998501,0.01998501,34300,105,0
5826.70198579,5826.70210282,1934.37869197,1934.37400781,0.05469797,533.11115125,0.01998501,0.01998501,34299,105,0
5826.87216747,5826.87200265,1941.18203428,1941.18863675,0.05464051,533.20806475,0.01998501,0.01998501,34298,105,0
5827.04299150,5827.04191240,1947.99143696,1948.03470245,0.08742968,533.30454938,0.01998501,0.01998501,34297,105,0
5827.21221090,5827.21183206,1954.80726003,1954.82246314,0.03014366,533.39934549,0.01998501,0.01998501,34296,105,0
5827.38154859,5827.38176163,1961.62986548,1961.62130798,0.03968146,533.49343121,0.01998501,0.01998501,34295,105,0
5827.55173181,5827.55170111,1968.45949293,1968.46072729,0.05526094,533.58720473,0.01998501,0.01998501,34294,105,0
5827.72197488,5827.72165050,1975.29591387,1975.30896838,0.04285311,533.68022121,0.01998501,0.01998501,34293,105,0
5827.89146194,5827.89160981,1982.13878771,1982.13283166,0.07373728,533.77203272,0.01998501,0.01998501,34292,105,0
5828.06129612,5828.06157904,1988.98777194,1988.97636708,0.02252641,533.86323282,0.01998501,0.01998501,34291,105,0
5828.23132354,5828.23155818,1995.84252213,1995.83305598,0.06381629,533.95372831,0.01998501,0.01998501,34290,105,0
5828.40086869,5828.40154724,2002.70277830,2002.67538354,0.06315917,534.04315629,0.01998500,0.01998501,34289,105,0
5828.57102093,5828.57154622,2009.56863423,2009.54741057,0.03380643,534.13208964,0.01998500,0.01998501,34288,105,0
5828.74165396,5828.74155512,2016.44027558,2016.44427237,0.03675028,534.22045490,0.01998501,0.01998501,34287,105,0
5828.91129553,5828.91157394,2023.31788898,2023.30662212,0.05176982,534.30749353,0.01998501,0.01998501,34286,105,0
5829.08182483,5829.08160267,2030.20166215,2030.21065998,0.06552486,534.39417064,0.01998501,0.01998501,34285,105,0
5829.25187667,5829.25164133,2037.09178685,2037.10132720,0.07383491,534.47978949,0.01998501,0.01998501,34284,105,0
5829.42210102,5829.42168992,2043.98846870,2044.00514959,0.07030504,534.56467972,0.01998501,0.01998501,34283,105,0
5829.59216198,5829.59174842,2050.89191775,2050.90871364,0.02279948,534.64867388,0.01998501,0.01998501,34282,105,0
5829.76153571,5829.76181685,2057.80234523,2057.79091604,0.05764022,534.73151938,0.01998500,0.01998501,34281,105,0
5829.93176047,5829.93189521,2064.71996357,2064.71448072,0.05000646,534.81396740,0.01998500,0.01998501,34280,105,0
5830.10159222,5830.10198349,2071.64492327,2071.62898498,0.04999933,534.89541120,0.01998500,0.01998501,34279,105,0
5830.27177548,5830.27208170,2078.57712623,2078.56464063,0.02696594,534.97620428,0.01998500,0.01998501,34278,105,0
5830.44202649,5830.44218984,2085.51641215,2085.50974552,0.03193061,535.05620435,0.01998500,0.01998501,34277,105,0
5830.61195616,5830.61230790,2092.46261980,2092.44825116,0.03747281,535.13522598,0.01998500,0.01998501,34276,105,0
5830.78226527,5830.78243590,2099.41558698,2099.40861047,0.03261409,535.21359023,0.01998501,0.01998501,34275,105,0
5830.95216762,5830.95257382,2106.37517794,2106.35855471,0.04180086,535.29093156,0.01998500,0.01998501,34274,105,0
5831.12208718,5831.12272168,2113.34135165,2113.31536259,0.05124570,535.36744292,0.01998500,0.01998501,34273,105,0
5831.29338251,5831.29287947,2120.31408767,2120.33471030,0.03622974,535.44372303,0.01998501,0.01998501,34272,105,0
5831.46259629,5831.46304719,2127.29336540,2127.27486401,0.05226309,535.51823492,0.01998500,0.01998501,34271,105,0
5831.63436988,5831.63322485,2134.27916415,2134.32618843,0.04594952,535.59301608,0.01998501,0.01998501,34270,105,0
5831.80265766,5831.80341244,2141.27150479,2141.24048035,0.05653205,535.66543932,0.01998500,0.01998501,34269,105,0
5831.97353393,5831.97360996,2148.27052830,2148.26739999,0.05365224,535.73812447,0.01998501,0.01998501,34268,105,0
5832.14462651,5832.14381743,2155.27639796,2155.30971618,0.04260349,535.81004061,0.01998501,0.01998501,34267,105,0
5832.31470884,5832.31403483,2162.28927797,2162.31706013,0.04038171,535.88067722,0.01998501,0.01998501,34266,105,0
5832.48449275,5832.48426217,2169.30933313,2169.31884690,0.04360132,535.95033881,0.01998501,0.01998501,34265,105,0
5832.65461697,5832.65449944,2176.33665670,2176.34151048,0.04846364,536.01928533,0.01998501,0.01998501,34264,105,0
5832.82460565,5832.82474666,2183.37118037,2183.36535090,0.03914294,536.08731901,0.01998501,0.01998501,34263,105,0
5832.99480413,5832.99500382,2190.41281342,2190.40455027,0.04237358,536.15457395,0.01998501,0.01998501,34262,105,0
5833.16516982,5833.16527092,2197.46146459,2197.45727702,0.03811146,536.22102691,0.01998501,0.01998501,34261,105,0
5833.33563194,5833.33554797,2204.51704197,2204.52052289,0.04118028,536.28664477,0.01998501,0.01998501,34260,105,0
5833.50663623,5833.50583496,2211.57944773,2211.61269437,0.04265227,536.35159067,0.01998501,0.01998501,34259,105,0
5833.67522779,5833.67613189,2218.64857461,2218.61102851,0.03736295,536.41475328,0.01998500,0.01998501,34258,105,0
5833.84632627,5833.84643877,2225.72431390,2225.71963779,0.03762678,536.47797151,0.01998501,0.01998501,34257,105,0
5834.01667697,5834.01675559,2232.80655618,2232.80328543,0.04714326,536.54002571,0.01998501,0.01998501,34256,105,0
5834.18693992,5834.18708236,2239.89519670,2239.88926626,0.05891910,536.60115948,0.01998501,0.01998501,34255,105,0
5834.35686655,5834.35741908,2246.99028917,2246.96726456,0.07066847,536.66128495,0.01998501,0.01998501,34254,105,0
5834.52781166,5834.52776575,2254.09207068,2254.09398576,0.07346020,536.72087566,0.01998501,0.01998501,34253,105,0
5834.69858753,5834.69812237,2261.20078980,2261.22020954,0.06656351,536.77951040,0.01998501,0.01998501,34252,105,0
5834.86780845,5834.86848894,2268.31669659,2268.28826013,0.04119380,536.83672630,0.01998501,0.01998501,34251,105,0
5835.03870225,5835.03886546,2275.44003165,2275.43320460,0.03406346,536.89361299,0.01998501,0.01998501,34250,105,0
5835.20853992,5835.20925193,2282.57087708,2282.54106390,0.03876769,536.94925501,0.01998501,0.01998501,34249,105,0
5835.37915756,5835.37964835,2289.70919390,2289.68862311,0.03847059,537.00425291,0.01998501,0.01998501,34248,105,0
5835.55067075,5835.55005473,2296.85493985,2296.88078431,0.05716085,537.05862744,0.01998501,0.01998501,34247,105,0
5835.72040451,5835.72047107,2304.00807241,2304.00527733,0.06941484,537.11153445,0.01998501,0.01998501,34246,105,0
5835.89100643,5835.89089736,2311.16854087,2311.17312540,0.04047731,537.16380326,0.01998501,0.01998501,34245,105,0
5836.06080124,5836.06133361,2318.33623375,2318.31383433,0.05135577,537.21491656,0.01998501,0.01998501,34244,105,0
5836.23118644,5836.23177981,2325.51101072,2325.48602191,0.03322053,537.26529303,0.01998501,0.01998501,34243,105,0
5836.40172529,5836.40223598,2332.69273042,2332.67120416,0.04114532,537.31479387,0.01998501,0.01998501,34242,105,0
5836.57249015,5836.57270210,2339.88125059,2339.87230888,0.07800453,537.36343339,0.01998501,0.01998501,34241,105,0
5836.74184408,5836.74317819,2347.07651093,2347.02017734,0.06182445,537.41075196,0.01998500,0.01998501,34240,105,0
5836.91352034,5836.91366423,2354.27878955,2354.27270807,0.03491321,537.45778444,0.01998501,0.01998501,34239,105,0
5837.08444401,5837.08416024,2361.48845292,2361.50045837,0.03889073,537.50367517,0.01998501,0.01998501,34238,105,0
5837.25450606,5837.25466621,2368.70586972,2368.69908714,0.04068374,537.54840753,0.01998501,0.01998501,34237,105,0
5837.42552909,5837.42518214,2375.93140970,2375.94611950,0.06394032,537.59245931,0.01998501,0.01998501,34236,105,0
5837.59637021,5837.59570804,2383.16525178,2383.19335653,0.04748815,537.63552764,0.01998501,0.01998501,34235,105,0
5837.76668702,5837.76624391,2390.40716989,2390.42599674,0.03190135,537.67752746,0.01998501,0.01998501,34234,105,0
5837.93691102,5837.93678974,2397.65688522,2397.66204330,0.04099699,537.71856556,0.01998501,0.01998501,34233,105,0
5838.10716625,5838.10734554,2404.91411721,2404.90648471,0.05898506,537.75866781,0.01998501,0.01998501,34232,105,0
5838.27794621,5838.27791130,2412.17859021,2412.18007737,0.06107768,537.79794144,0.01998501,0.01998501,34231,105,0
5838.44894725,5838.44848704,2419.45020174,2419.46982946,0.01971090,537.83630701,0.01998501,0.01998501,34230,105,0
5838.61900378,5838.61907275,2426.72903615,2426.72609197,0.04019577,537.87350673,0.01998501,0.01998501,34229,105,0
5838.78936023,5838.78966842,2434.01518754,2434.00201845,0.06354372,537.90981590,0.01998501,0.01998501,34228,105,0
5838.96067332,5838.96027407,2441.30875053,2441.32582700,0.02405752,537.94536148,0.01998501,0.01998501,34227,105,0
5839.13067825,5839.13088969,2448.60983286,2448.60078008,0.04410067,537.97967414,0.01998501,0.01998501,34226,105,0
5839.30077743,5839.30151529,2455.91865214,2455.88702965,0.06559170,538.01304526,0.01998501,0.01998501,34225,105,0
5839.47163332,5839.47215086,2463.23548381,2463.21328011,0.04834530,538.04559576,0.01998501,0.01998501,34224,105,0
5839.64250134,5839.64279640,2470.56060546,2470.54793268,0.05260625,538.07717525,0.01998501,0.01998501,34223,105,0
5839.81294219,5839.81345192,2477.89429644,2477.87237894,0.05627162,538.10770397,0.01998501,0.01998501,34222,105,0
5839.98496666,5839.98411742,2485.23669421,2485.27325057,0.04515788,538.13752926,0.01998501,0.01998501,34221,105,0
5840.15402702,5840.15479290,2492.58743901,2492.55443669,0.02652718,538.16586973,0.01998501,0.01998501,34220,105,0
5840.32506748,5840.32547835,2499.94606081,2499.92833861,0.04763017,538.19355763,0.01998501,0.01998501,34219,105,0
5840.49668895,5840.49617379,2507.31208651,2507.33432741,0.03234138,538.22033946,0.01998501,0.01998501,34218,105,0
5840.66673785,5840.66687920,2514.68504725,2514.67893949,0.02969534,538.24588330,0.01998501,0.01998501,34217,105,0
5840.83749398,5840.83759460,2522.06481046,2522.06045895,0.05925395,538.27053601,0.01998501,0.01998501,34216,105,0
5841.00849843,5841.00831998,2529.45172027,2529.45944522,0.03676677,538.29422136,0.01998501,0.01998501,34215,105,0
5841.17956794,5841.17905534,2536.84615889,2536.86837009,0.07011560,538.31690950,0.01998501,0.01998501,34214,105,0
5841.35022114,5841.34980069,2544.24851096,2544.26674842,0.03965619,538.33853781,0.01998501,0.01998501,34213,105,0
5841.51989872,5841.52055602,2551.65913181,2551.63059042,0.03918112,538.35904550,0.01998501,0.01998501,34212,105,0
5841.69154785,5841.69132134,2559.07806784,2559.08791379,0.05165317,538.37877677,0.01998501,0.01998501,34211,105,0
5841.86207857,5841.86209664,2566.50518952,2566.50440293,0.03008043,538.39736522,0.01998501,0.01998501,34210,105,0
5842.03304164,5842.03288194,2573.94036444,2573.94732093,0.05695453,538.41498243,0.01998501,0.01998501,34209,105,0
5842.20379501,5842.20367722,2581.38345931,2581.38859509,0.04350379,538.43155672,0.01998501,0.01998501,34208,105,0
5842.37427006,5842.37448249,2588.83439190,2588.82512079,0.05570505,538.44708250,0.01998501,0.01998501,34207,105,0
5842.54479150,5842.54529775,2596.29324125,2596.27112425,0.03835414,538.46158844,0.01998501,0.01998501,34206,105,0
5842.71621313,5842.71612300,2603.76011831,2603.76406022,0.07087598,538.47513562,0.01998501,0.01998501,34205,105,0
5842.88717157,5842.88695824,2611.23513470,2611.24447388,0.04489554,538.48760930,0.01998501,0.01998501,34204,105,0
5843.05713075,5843.05780348,2618.71840303,2618.68892093,0.04741223,538.49898052,0.01998501,0.01998501,34203,105,0
5843.22870787,5843.22865871,2626.21004278,2626.21219954,0.06939321,538.50941559,0.01998501,0.01998501,34202,105,0
5843.39964792,5843.39952394,2633.71018080,2633.71562585,0.05429097,538.51876516,0.01998501,0.01998501,34201,105,0
5843.57100257,5843.57039916,2641.21894501,2641.24547561,0.05048923,538.52708546,0.01998501,0.01998501,34200,105,0
5843.74178194,5843.74128437,2648.73646420,2648.75836504,0.05747552,538.53432651,0.01998501,0.01998501,34199,105,0
5843.91217602,5843.91217959,2656.26283995,2656.26268254,0.03909326,538.54050177,0.01998501,0.01998501,34198,105,0
5844.08291522,5844.08308480,2663.79801879,2663.79053758,0.05614825,538.54563445,0.01998501,0.01998501,34197,105,0
5844.25323943,5844.25400002,2671.34189316,2671.30830402,0.06959151,538.54969874,0.01998501,0.01998501,34196,105,0
5844.42478116,5844.42492523,2678.89435469,2678.88798538,0.05082301,538.55272254,0.01998501,0.01998501,34195,105,0
5844.59561353,5844.59586044,2686.45529574,2686.44436861,0.04308949,538.55466359,0.01998501,0.01998501,34194,105,0
5844.76715762,5844.76680566,2694.02469893,2694.04029233,0.06018031,538.55553453,0.01998501,0.01998501,34193,105,0
5844.93772759,5844.93776087,2701.60268907,2701.60121273,0.03306269,538.55532581,0.01998501,0.01998501,34192,105,0
5845.10837062,5845.10872610,2709.18940415,2709.17362087,0.04693410,538.55404113,0.01998501,0.01998501,34191,105,0
5845.27945980,5845.27970132,2716.78498308,2716.77424757,0.05680212,538.55166913,0.01998501,0.01998501,34190,105,0
5845.45036636,5845.45068655,2724.38953451,2724.37528616,0.02409166,538.54821233,0.01998501,0.01998501,34189,105,0
5845.62200225,5845.62168179,2732.00293192,2732.01720799,0.05064311,538.54364342,0.01998501,0.01998501,34188,105,0
5845.79220681,5845.79268703,2739.62493981,2739.60352423,0.02505602,538.53802321,0.01998501,0.01998501,34187,105,0
5845.96325094,5845.96370228,2747.25532047,2747.23517217,0.06071829,538.53127909,0.01998501,0.01998501,34186,105,0
5846.13395463,5846.13472754,2754.89383660,2754.85929889,0.05391166,538.52344961,0.01998501,0.01998501,34185,105,0
5846.30590114,5846.30576282,2762.54044240,2762.54662955,0.03315589,538.51445010,0.01998501,0.01998501,34184,105,0
5846.47685708,5846.47680810,2770.19543979,2770.19763335,0.05577425,538.50439124,0.01998501,0.01998501,34183,105,0
5846.64792671,5846.64786339,2777.85916917,2777.86200772,0.05535577,538.49321261,0.01998501,0.01998501,34182,105,0
5846.81826708,5846.81892869,2785.53197328,2785.50228088,0.02998412,538.48097114,0.01998501,0.01998501,34181,105,0
5846.98936537,5846.99000401,2793.21416248,2793.18546735,0.05623790,538.46755533,0.01998501,0.01998501,34180,105,0
5847.16097268,5847.16108934,2800.90578110,2800.90053305,0.04313863,538.45296824,0.01998501,0.01998501,34179,105,0
5847.33283897,5847.33218469,2808.60674873,2808.63621486,0.01556641,538.43721972,0.01998501,0.01998501,34178,105,0
5847.50348609,5847.50329005,2816.31698370,2816.32582250,0.05740485,538.42045100,0.01998501,0.01998501,34177,105,0
5847.67372301,5847.67440543,2824.03640407,2824.00560133,0.04297596,538.40259514,0.01998501,0.01998501,34176,105,0
5847.84586481,5847.84553082,2831.76495313,2831.78004520,0.06299185,538.38339070,0.01998501,0.01998501,34175,105,0
5848.01692450,5848.01666624,2839.50261537,2839.51429900,0.03134100,538.36315889,0.01998501,0.01998501,34174,105,0
5848.18754051,5848.18781167,2847.24937894,2847.23709835,0.06640016,538.34183574,0.01998501,0.01998501,34173,105,0
5848.35813964,5848.35896713,2855.00523187,2854.96771376,0.03990846,538.31936881,0.01998501,0.01998501,34172,105,0
5848.53086459,5848.53013260,2862.77015123,2862.80337637,0.04408734,538.29545078,0.01998502,0.01998501,34171,105,0
5848.70120248,5848.70130810,2870.54405038,2870.53925122,0.02401477,538.27070568,0.01998501,0.01998501,34170,105,0
5848.87178460,5848.87249362,2878.32681890,2878.29456705,0.05704978,538.24476971,0.01998501,0.01998501,34169,105,0
5849.04368399,5849.04368916,2886.11834552,2886.11811013,0.03778377,538.21746044,0.01998501,0.01998501,34168,105,0
5849.21429021,5849.21489473,2893.91852516,2893.89096857,0.04579000,538.18918906,0.01998501,0.01998501,34167,105,0
5849.38696643,5849.38611032,2901.72745767,2901.76652495,0.05837458,538.15938617,0.01998502,0.01998501,34166,105,0
5849.55764910,5849.55733594,2909.54547710,2909.55978355,0.06154585,538.12874727,0.01998501,0.01998501,34165,105,0
5849.72755180,5849.72857159,2917.37293253,2917.32628906,0.04603435,538.09707797,0.01998501,0.01998501,34164,105,0
5849.89996649,5849.89981726,2925.21017546,2925.21700926,0.05926243,538.06374113,0.01998501,0.01998501,34163,105,0
5850.07072661,5850.07107297,2933.05744252,2933.04156233,0.04134101,538.02952821,0.01998501,0.01998501,34162,105,0
5850.24267411,5850.24233870,2940.91457144,2940.92996785,0.04791679,537.99387116,0.01998501,0.01998501,34161,105,0
5850.41378242,5850.41361446,2948.78131330,2948.78903206,0.04903314,537.95718354,0.01998501,0.01998501,34160,105,0
5850.58428033,5850.58490026,2956.65741736,2956.62889563,0.04421216,537.91942871,0.01998501,0.01998501,34159,105,0
5850.75536471,5850.75619609,2964.54266003,2964.50436838,0.02736239,537.88033903,0.01998501,0.01998501,34158,105,0
5850.92694653,5850.92750195,2972.43714049,2972.41153012,0.05061809,537.83991895,0.01998501,0.01998501,34157,105,0
5851.09811874,5851.09881785,2980.34116167,2980.30888790,0.06764045,537.79837565,0.01998501,0.01998501,34156,105,0
5851.26993069,5851.27014378,2988.25503183,2988.24518322,0.04396551,537.75544617,0.01998501,0.01998501,34155,105,0
5851.44070078,5851.44147974,2996.17905901,2996.14301095,0.05330642,537.71154904,0.01998501,0.01998501,34154,105,0
5851.61257756,5851.61282575,3004.11340222,3004.10190258,0.03805277,537.66612595,0.01998501,0.01998501,34153,105,0
5851.78435850,5851.78418179,3012.05798240,3012.06618027,0.04282429,537.61947972,0.01998501,0.01998501,34152,105,0
5851.95501143,5851.95554787,3020.01269877,3019.98778296,0.05572988,537.57190013,0.01998501,0.01998501,34151,105,0
5852.12700648,5852.12692398,3027.97744973,3027.98128611,0.04491205,537.52269238,0.01998501,0.01998501,34150,105,0
5852.29889953,5852.29831014,3035.95217721,3035.97961846,0.05763467,537.47225206,0.01998502,0.01998501,34149,105,0
5852.46896335,5852.46970634,3043.93700150,3043.90236686,0.03109219,537.42110211,0.01998501,0.01998501,34148,105,0
5852.64152527,5852.64111259,3051.93208873,3051.95135011,0.04779349,537.36792810,0.01998502,0.01998501,34147,105,0
5852.81279394,5852.81252887,3059.93760628,3059.94999310,0.05963939,537.31387936,0.01998501,0.01998501,34146,105,0
5852.98461410,5852.98395520,3067.95368945,3067.98451976,0.04797828,537.25837647,0.01998502,0.01998501,34145,105,0
5853.15496899,5853.15539158,3075.98012174,3075.96032505,0.05170931,537.20207805,0.01998501,0.01998501,34144,105,0
5853.32760979,5853.32683800,3084.01647222,3084.05266965,0.04119639,537.14373382,0.01998502,0.01998501,34143,105,0
5853.49793035,5853.49829446,3092.06230372,3092.04520819,0.04463856,537.08489974,0.01998501,0.01998501,34142,105,0
5853.66917806,5853.66976098,3100.11718795,3100.08979022,0.04785222,537.02446880,0.01998501,0.01998501,34141,105,0
5853.84153164,5853.84123754,3108.18114388,3108.19498241,0.04835000,536.96235098,0.01998502,0.01998501,34140,105,0
5854.01305184,5854.01272415,3116.25476109,3116.27019792,0.04460891,536.89923350,0.01998502,0.01998501,34139,105,0
5854.18412262,5854.18422081,3124.33867032,3124.33403899,0.05330482,536.83498031,0.01998501,0.01998501,34138,105,0
5854.35482681,5854.35572752,3132.43350656,3132.39096591,0.04449111,536.76955996,0.01998501,0.01998501,34137,105,0
5854.52826380,5854.52724428,3140.53966699,3140.58788291,0.06761806,536.70174912,0.01998502,0.01998501,34136,105,0
5854.69919094,5854.69877110,3148.65692937,3148.67681033,0.05682071,536.63359183,0.01998502,0.01998501,34135,105,0
5854.87006222,5854.87030797,3156.78497127,3156.77331969,0.04551126,536.56413726,0.01998501,0.01998501,34134,105,0
5855.04169563,5855.04185489,3164.92346769,3164.91590718,0.03531215,536.49304283,0.01998501,0.01998501,34133,105,0
5855.21385782,5855.21341187,3173.07216540,3173.09335976,0.03890001,536.42038775,0.01998502,0.01998501,34132,105,0
5855.38520146,5855.38497891,3181.23119348,3181.24178368,0.05029489,536.34673829,0.01998502,0.01998501,34131,105,0
5855.55728697,5855.55655600,3189.40080580,3189.43563257,0.05098285,536.27141764,0.01998502,0.01998501,34130,105,0
5855.72837118,5855.72814315,3197.58125821,3197.59213630,0.06251104,536.19518472,0.01998502,0.01998501,34129,105,0
5855.90044636,5855.89974036,3205.77278200,3205.80650606,0.04018066,536.11714482,0.01998502,0.01998501,34128,105,0
5856.07165811,5856.07134763,3213.97533907,3213.99018917,0.03815801,536.03813287,0.01998502,0.01998501,34127,105,0
5856.24300611,5856.24296496,3222.18873192,3222.19070243,0.04571646,535.95769325,0.01998502,0.01998501,34126,105,0
5856.41517226,5856.41459235,3230.41275941,3230.44056468,0.07860318,535.87549153,0.01998502,0.01998501,34125,105,0
5856.58576905,5856.58622980,3238.64722958,3238.62511126,0.04329127,535.79267386,0.01998501,0.01998501,34124,105,0
5856.75795802,5856.75787732,3246.89218418,3246.89606293,0.04389594,535.70770003,0.01998502,0.01998501,34123,105,0
5856.92912170,5856.92953490,3255.14789279,3255.12800779,0.04725345,535.62184738,0.01998501,0.01998501,34122,105,0
5857.10105048,5857.10120255,3263.41463638,3263.40730878,0.06196031,535.53421318,0.01998501,0.01998502,34121,105,0
5857.27345880,5857.27288026,3271.69269580,3271.72061102,0.05570906,535.44491969,0.01998502,0.01998502,34120,105,0
5857.44541163,5857.44456804,3279.98222715,3280.02298523,0.04482082,535.35444400,0.01998502,0.01998502,34119,105,0
5857.61607427,5857.61626588,3288.28319778,3288.27392805,0.04677614,535.26324202,0.01998501,0.01998502,34118,105,0
5857.78764194,5857.78797380,3296.59555913,3296.57948341,0.06621471,535.17014075,0.01998501,0.01998502,34117,105,0
5857.96030712,5857.95969178,3304.91926222,3304.94910925,0.04776516,535.07500622,0.01998502,0.01998502,34116,105,0
5858.13014516,5858.13141983,3313.25426369,3313.19235628,0.04468110,534.98001774,0.01998501,0.01998502,34115,105,0
5858.30155171,5858.30315796,0.00000000,3321.52476585,0.05738144,534.88270026,0.01998501,0.01998502,34114,105,1
5858.47535229,5858.47490616,3329.95804214,3329.97976564,0.04501998,534.78261330,0.01998502,0.01998502,34113,105,0
5858.64642432,5858.64666443,3338.32676124,3338.31505493,0.03320544,534.68262437,0.01998501,0.01998502,34112,105,0
5858.81826333,5858.81843277,3346.70673328,3346.69846158,0.04852915,534.58073711,0.01998501,0.01998502,34111,105,0
5858.99049952,5858.99021119,3355.09822609,3355.11232055,0.03812638,534.47714752,0.01998502,0.01998502,34110,105,0
5859.16218617,5859.16199968,3363.50155334,3363.51068204,0.05337131,534.37241767,0.01998502,0.01998502,34109,105,0
5859.33431729,5859.33379825,3371.91703123,3371.94247391,0.04725033,534.26593306,0.01998502,0.01998502,34108,105,0
5859.50676103,5859.50560690,3380.34488684,3380.40154092,0.05478401,534.15775685,0.01998502,0.01998502,34107,105,0
5859.67818185,5859.67742563,3388.78496722,3388.82214016,0.04379397,534.04873235,0.01998502,0.01998502,34106,105,0
5859.84939508,5859.84925443,3397.23701878,3397.24394151,0.04320207,533.93835474,0.01998502,0.01998502,34105,105,0
5860.02131040,5860.02109332,3405.70078567,3405.71148491,0.05940109,533.82602897,0.01998502,0.01998502,34104,105,0
5860.19304875,5860.19294228,3414.17606020,3414.18131449,0.06382181,533.71231991,0.01998502,0.01998502,34103,105,0
5860.36548464,5860.36480133,3422.66289448,3422.69666034,0.06680530,533.59663562,0.01998502,0.01998502,34102,105,0
5860.53747610,5860.53667046,3431.16142579,3431.20128930,0.05168929,533.47973157,0.01998502,0.01998502,34101,105,0
5860.70856693,5860.70854967,3439.67179252,3439.67264758,0.06729048,533.36192828,0.01998502,0.01998502,34100,105,0
5860.87922531,5860.88043897,3448.19413797,3448.13392361,0.06437903,533.24291358,0.01998501,0.01998502,34099,105,0
5861.05628613,5861.05233836,0.00000000,3456.92170972,0.32524620,533.11787613,0.01998503,0.01998502,34098,105,1
5861.23319544,5861.22424783,0.00000000,3465.71720257,0.24609466,532.99126983,0.01998505,0.01998502,34097,105,1
5861.39622853,5861.39616738,3473.83476397,3473.83781058,0.03834957,532.87308189,0.01998502,0.01998502,34096,105,0
5861.56750564,5861.56809703,3482.40673191,3482.37722587,0.05703827,532.74745606,0.01998502,0.01998502,34095,105,0
5861.73986430,5861.74003676,3490.99127100,3490.98265434,0.02266916,532.61946669,0.01998502,0.01998502,34094,105,0
5861.91359775,5861.91198658,0.00000000,3499.66122567,0.07521736,532.48897373,0.01998502,0.01998502,34093,105,1
5862.08357081,5862.08394650,3508.19737838,3508.17855681,0.05949987,532.35952274,0.01998502,0.01998502,34092,105,0
5862.25687231,5862.25591650,3516.81859975,3516.86654817,0.03556590,532.22606692,0.01998502,0.01998502,34091,105,0
5862.42797870,5862.42789660,3525.45169550,3525.45581920,0.07394994,532.09272659,0.01998502,0.01998502,34090,105,0
5862.60137500,5862.59988679,0.00000000,3534.16285285,0.07044331,531.95613626,0.01998502,0.01998502,34089,105,1
5862.77284829,5862.77188708,3542.75277964,3542.80118557,0.05391444,531.81920892,0.01998502,0.01998502,34088,105,0
5862.94356639,5862.94389746,3551.42051690,3551.40382319,0.05638501,531.68144687,0.01998502,0.01998502,34087,105,0
5863.11649729,5863.11591793,3560.10037525,3560.12962924,0.05627847,531.54028451,0.01998502,0.01998502,34086,105,0
5863.28847564,5863.28794850,3568.79333201,3568.81998933,0.03043053,531.39826616,0.01998502,0.01998502,34085,105,0
5863.45929771,5863.45998917,3577.50037375,3577.46535012,0.04308378,531.25556764,0.01998501,0.01998502,34084,105,0
5863.63218319,5863.63203994,3586.22225328,3586.22952107,0.03814927,531.10946681,0.01998502,0.01998502,34083,105,0
5863.80376905,5863.80410081,3594.95838380,3594.94152651,0.05721624,530.96279732,0.01998502,0.01998502,34082,105,0
5863.97466342,5863.97617178,0.00000000,3603.63607106,0.05930109,530.81499201,0.01998501,0.01998502,34081,105,1
5864.14913263,5864.14825285,3612.46916063,3612.51398249,0.03833843,530.66259552,0.01998502,0.01998502,34080,105,0
5864.32120003,5864.32034402,3621.24201534,3621.28568094,0.04959808,530.51055940,0.01998502,0.01998502,34079,105,0
5864.49228303,5864.49244530,3630.02714534,3630.01885634,0.02753391,530.35774636,0.01998502,0.01998502,34078,105,0
5864.66556493,5864.66455668,3638.82588812,3638.87747372,0.05483761,530.20126556,0.01998502,0.01998502,34077,105,0
5864.83697682,5864.83667816,3647.63959323,3647.65489970,0.05076963,530.04475588,0.01998502,0.01998502,34076,105,0
5865.00932328,5865.00880975,3656.46914081,3656.49550491,0.04991412,529.88564742,0.01998502,0.01998502,34075,105,0
5865.18183085,5865.18095144,3665.31373222,3665.35895084,0.04961140,529.72464453,0.01998502,0.01998502,34074,105,0
5865.35231605,5865.35310325,3674.17219227,3674.13165680,0.06694035,529.56382724,0.01998502,0.01998502,34073,105,0
5865.52647454,5865.52526516,3683.04333624,3683.10569372,0.06605827,529.39781347,0.01998502,0.01998502,34072,105,0
5865.69860547,5865.69743718,3691.92651195,3691.98683051,0.02417996,529.23201888,0.01998502,0.01998502,34071,105,0
5865.86971642,5865.86961931,3700.82243696,3700.82745767,0.05459668,529.06549899,0.01998502,0.01998502,34070,105,0
5866.04238786,5866.04181155,3709.73204971,3709.76189229,0.06606814,528.89571024,0.01998502,0.01998502,34069,105,0
5866.21398526,5866.21401391,3718.65629074,3718.65480519,0.06318871,528.72521110,0.01998502,0.01998502,34068,105,0
5866.38656038,5866.38622637,3727.59556174,3727.61291310,0.03749274,528.55194942,0.01998502,0.01998502,34067,105,0
5866.55760105,5866.55844895,3736.54931341,3736.50519831,0.05610192,528.37845925,0.01998502,0.01998502,34066,105,0
5866.73097954,5866.73068165,3745.51689534,3745.53241699,0.05246333,528.20080611,0.01998502,0.01998502,34065,105,0
5866.90335679,5866.90292446,3754.49766566,3754.52022328,0.03362377,528.02239661,0.01998502,0.01998502,34064,105,0
5867.07465184,5867.07517738,3763.49141941,3763.46396044,0.05371415,527.84334434,0.01998502,0.01998502,34063,105,0
5867.24822503,5867.24744043,3772.49845870,3772.53951263,0.05241893,527.66010556,0.01998502,0.01998502,34062,105,0
5867.41962251,5867.41971359,3781.51911650,3781.51434419,0.06007475,527.47736716,0.01998502,0.01998502,34061,105,0
5867.59182251,5867.59199687,3790.55371954,3790.54456957,0.04750803,527.29196193,0.01998502,0.01998502,34060,105,0
5867.76390484,5867.76429027,3799.60247289,3799.58221505,0.06168804,527.10485862,0.01998502,0.01998502,34059,105,0
5867.93693538,5867.93659379,3808.66549409,3808.68347531,0.04569644,526.91487544,0.01998502,0.01998502,34058,105,0
5868.10956175,5868.10890743,3817.74289972,3817.77739556,0.06177458,526.72347886,0.01998502,0.01998502,34057,105,0
5868.28031592,5868.28123120,3826.83479358,3826.78646608,0.07059508,526.53232380,0.01998502,0.01998502,34056,105,0
5868.45486675,5868.45356508,3835.94118798,3836.01002299,0.04837429,526.33502522,0.01998502,0.01998502,34055,105,0
5868.62464010,5868.62590910,3845.06205717,3844.99484808,0.08365058,526.14128388,0.01998501,0.01998502,34054,105,0
5868.79873985,5868.79826323,3854.19737494,3854.22265638,0.04502192,525.94071123,0.01998502,0.01998502,34053,105,0
5868.97134472,5868.97062750,3863.34725538,3863.38535882,0.04617633,525.73995750,0.01998502,0.01998502,34052,105,0
5869.14168408,5869.14300189,0.00000000,3872.44651399,0.07116441,525.53986430,0.01998501,0.01998502,34051,105,1
5869.31505519,5869.31538641,3881.69317174,3881.67551636,0.04485600,525.33446531,0.01998502,0.01998502,34050,105,0
5869.48817786,5869.48778105,3890.89059914,3890.91178793,0.05917928,525.12728849,0.01998502,0.01998502,34049,105,0
5869.65931551,5869.66018583,3900.10469770,3900.05814477,0.09095321,524.92053522,0.01998502,0.01998502,34048,105,0
5869.83332717,5869.83260074,3909.33463497,3909.37355442,0.04642949,524.70833060,0.01998502,0.01998502,34047,105,0
5870.00516917,5870.00502578,3918.57947898,3918.58717267,0.06200986,524.49682663,0.01998502,0.01998502,34046,105,0
5870.17704567,5870.17746095,3927.83836356,3927.81604883,0.06226311,524.28335898,0.01998502,0.01998502,34045,105,0
5870.35006585,5870.34990625,3937.11164221,3937.12023153,0.05814145,524.06651472,0.01998502,0.01998502,34044,105,0
5870.52450580,5870.52236169,0.00000000,3946.51883436,0.02065990,523.84580325,0.01998503,0.01998502,34043,105,1
5870.69467528,5870.69482727,3955.70686001,3955.69865110,0.04865709,523.62861244,0.01998502,0.01998502,34042,105,0
5870.86809821,5870.86730297,3965.03125125,3965.07428303,0.05588782,523.40513891,0.01998502,0.01998502,34041,105,0
5871.03948614,5871.03978882,3974.37276532,3974.35635932,0.07080986,523.18225279,0.01998502,0.01998502,34040,105,0
5871.21301416,5871.21228480,3983.72952928,3983.76912043,0.04604075,522.95455945,0.01998502,0.01998502,34039,105,0
5871.38424448,5871.38479093,3993.09965476,3993.06995449,0.06381674,522.72792247,0.01998502,0.01998502,34038,105,0
5871.55911922,5871.55730719,0.00000000,4002.56986117,0.04460856,522.49474010,0.01998503,0.01998502,34037,105,1
5871.72994509,5871.72983359,4011.87961005,4011.88568844,0.06631277,522.26441290,0.01998502,0.01998502,34036,105,0
5871.90296202,5871.90237013,4021.29358254,4021.32590778,0.04969943,522.02932995,0.01998502,0.01998502,34035,105,0
5872.07623575,5872.07491682,4030.72649487,4030.79867266,0.06415452,521.79173622,0.01998502,0.01998502,34034,105,0
5872.24734859,5872.24747365,4040.17859626,4040.17173947,0.02789544,521.55496645,0.01998502,0.01998502,34033,105,0
5872.42124596,5872.42004062,4049.64833669,4049.71453700,0.06103407,521.31219562,0.01998503,0.01998502,34032,105,0
5872.59135800,5872.59261773,0.00000000,4059.04837117,0.09151787,521.07306814,0.01998502,0.01998502,34031,105,1
5872.76373995,5872.76520500,0.00000000,4068.53549298,0.06775752,520.82831813,0.01998502,0.01998502,34030,105,1
5872.93980425,5872.93780241,0.00000000,4078.24183869,0.07177217,520.57614346,0.01998503,0.01998502,34029,105,1
5873.11130646,5873.11040996,4087.68054881,4087.73009092,0.08544946,520.32790531,0.01998502,0.01998502,34028,105,0
nan,nan,0.00000000,-1.00000000,0.00000000,520.13654781,nan,0.00000000,-2147483648,105,1
nan,nan,0.00000000,-1.00000000,0.00000000,513.58139216,nan,0.00000000,-2147483648,104,1
nan,nan,0.00000000,-1.00000000,0.00000000,513.78221790,nan,0.00000000,-2147483648,104,1
5828.57318910,5828.57154622,15.44116263,15.49386915,0.03769833,514.10763047,0.01998501,0.01998501,34288,104,0
5828.74559078,5828.74155512,0.00000000,21.02911772,0.23541050,514.38439855,0.01998502,0.01998501,34287,104,1
5828.91836030,5828.91157394,0.00000000,26.57599142,0.04386221,514.66118716,0.01998503,0.01998501,34286,104,1
5829.09531563,5829.08160267,0.00000000,32.26035075,0.03652532,514.94425382,0.01998505,0.01998501,34285,104,1
5829.24869393,5829.25164133,0.00000000,37.18988179,0.25290972,515.18925453,0.01998500,0.01998501,34284,104,1
5829.42599133,5829.42168992,0.00000000,42.89110947,0.17571520,515.47205592,0.01998502,0.01998501,34283,104,1
5829.60232463,5829.59174842,0.00000000,48.56447258,0.22868889,515.75288611,0.01998504,0.01998501,34282,104,1
5829.76037058,5829.76181685,53.70115299,53.65457631,0.10471087,516.00434496,0.01998500,0.01998501,34281,104,0
nan,nan,0.00000000,-1.00000000,0.00000000,516.31715601,nan,0.00000000,-2147483648,104,1
5830.09528053,5830.10198349,0.00000000,64.44152588,0.19234711,516.53567292,0.01998498,0.01998501,34279,104,1
5830.28485759,5830.27208170,0.00000000,70.55394507,0.23467650,516.83580631,0.01998505,0.01998501,34278,104,1
5830.28485759,5830.27208170,0.00000000,70.55394507,0.23467650,516.83580631,0.01998505,0.01998501,34278,104,1
nan,nan,0.00000000,-1.00000000,0.00000000,517.39599730,nan,0.00000000,-2147483648,104,1
5830.78689787,5830.78243590,0.00000000,86.75857216,0.12029749,517.62818608,0.01998502,0.01998501,34275,104,1
5830.94752562,5830.95257382,0.00000000,91.94866662,0.09421073,517.88095865,0.01998499,0.01998501,34274,104,1
5831.13223773,5831.12272168,0.00000000,97.92021926,0.10384454,518.17118135,0.01998504,0.01998501,34273,104,1
5831.45788062,5831.46304719,0.00000000,108.45643485,0.20569225,518.68166083,0.01998499,0.01998501,34271,104,1
5831.45788062,5831.46304719,0.00000000,108.45643485,0.20569225,518.68166083,0.01998499,0.01998501,34271,104,1
5831.64196724,5831.63322485,0.00000000,114.41739940,0.03736150,518.96957041,0.01998504,0.01998501,34270,104,1
5831.80396475,5831.80341244,119.64614976,119.66404838,0.09618050,519.22244145,0.01998501,0.01998501,34269,104,0
5831.96684436,5831.97360996,0.00000000,124.94586200,0.10065467,519.47649874,0.01998498,0.01998501,34268,104,1
5832.14210688,5832.14381743,130.68374819,130.62825293,0.13345327,519.74925410,0.01998500,0.01998501,34267,104,0
5832.30680173,5832.31403483,0.00000000,135.97471618,0.03527519,520.00534548,0.01998498,0.01998501,34266,104,1
5832.48442806,5832.48426217,141.73498624,141.74037420,0.05580411,520.28092979,0.01998501,0.01998501,34265,104,0
5832.65615455,5832.65449944,147.26563647,147.31942215,0.12971054,520.54701544,0.01998501,0.01998501,34264,104,0
5832.83144976,5832.82474666,0.00000000,153.01881769,0.11519492,520.81825264,0.01998503,0.01998501,34263,104,1
5833.00112595,5832.99500382,0.00000000,158.53717836,0.15545237,521.08030769,0.01998503,0.01998501,34262,104,1
5833.16171034,5833.16527092,0.00000000,163.76261731,0.14121781,521.32793860,0.01998500,0.01998501,34261,104,1
5833.33717964,5833.33554797,169.42071752,169.47385170,0.11796154,521.59801924,0.01998501,0.01998501,34260,104,0
5833.50811204,5833.50583496,0.00000000,175.04377361,0.09735461,521.86084194,0.01998502,0.01998501,34259,104,1
5833.68349386,5833.67613189,0.00000000,180.76018175,0.16329312,522.12998590,0.01998503,0.01998501,34258,104,1
5833.84587684,5833.84643877,186.07022246,186.05189530,0.06091293,522.37860056,0.01998501,0.01998501,34257,104,0
5834.01869043,5834.01675559,191.62664425,191.68978463,0.16518107,522.64291473,0.01998501,0.01998501,34256,104,0
5834.18820023,5834.18708236,197.18655829,197.22305916,0.16452766,522.90175808,0.01998501,0.01998501,34255,104,0
5834.36010605,5834.35741908,0.00000000,202.84411662,0.18640506,523.16413335,0.01998502,0.01998501,34254,104,1
5834.52785950,5834.52776575,208.31734466,208.32040963,0.14783006,523.41919450,0.01998501,0.01998501,34253,104,0
5834.69391273,5834.69812237,0.00000000,213.75708179,0.01358183,523.67186650,0.01998499,0.01998501,34252,104,1
5834.87355108,5834.86848894,0.00000000,219.63480668,0.08541600,523.94442705,0.01998503,0.01998501,34251,104,1
5835.03815357,5835.03886546,225.04134326,225.01802911,0.04700255,524.19350089,0.01998501,0.01998501,34250,104,0
5835.20810171,5835.20925193,230.62302345,230.58533326,0.13533339,524.45053293,0.01998500,0.01998501,34249,104,0
5835.37519197,5835.37964835,0.00000000,236.06661312,0.11441451,524.70303804,0.01998499,0.01998501,34248,104,1
5835.54903471,5835.55005473,241.79616285,241.76270493,0.08849052,524.96485494,0.01998500,0.01998501,34247,104,0
5835.72343261,5835.72047107,0.00000000,247.48947297,0.10825928,525.22748182,0.01998502,0.01998501,34246,104,1
5835.88745689,5835.89089736,0.00000000,252.87425256,0.33352820,525.47387636,0.01998500,0.01998501,34245,104,1
5836.05797810,5836.06133361,0.00000000,258.47539472,0.16004994,525.72960657,0.01998500,0.01998501,34244,104,1
5836.22483122,5836.23177981,0.00000000,263.95908873,0.10956237,525.97941669,0.01998498,0.01998501,34243,104,1
5836.40290437,5836.40223598,269.78509298,269.80707566,0.14530270,526.24521403,0.01998501,0.01998501,34242,104,0
5836.56975544,5836.57270210,0.00000000,275.30471271,0.09531515,526.49451509,0.01998500,0.01998501,34241,104,1
5836.75171415,5836.74317819,0.00000000,281.29509811,0.10923111,526.76552906,0.01998504,0.01998501,34240,104,1
5836.91066727,5836.91366423,0.00000000,286.53104775,0.09353354,527.00187156,0.01998500,0.01998501,34239,104,1
5837.08658752,5837.08416024,0.00000000,292.32910829,0.06034438,527.26299942,0.01998502,0.01998501,34238,104,1
5837.25351184,5837.25466621,297.86187793,297.82379995,0.11474068,527.50989459,0.01998500,0.01998501,34237,104,0
5837.42990386,5837.42518214,0.00000000,303.65402272,0.00627618,527.77125990,0.01998503,0.01998501,34236,104,1
5837.59188999,5837.59570804,0.00000000,309.00191217,0.12493205,528.01045338,0.01998500,0.01998501,34235,104,1
5837.76595515,5837.76624391,314.75160419,314.74206254,0.11681858,528.26660668,0.01998501,0.01998501,34234,104,0
5837.93662805,5837.93678974,320.38876788,320.38342200,0.02322482,528.51776152,0.01998501,0.01998501,34233,104,0
5838.10761998,5838.10734554,326.02957441,326.03865390,0.09742824,528.76894691,0.01998501,0.01998501,34232,104,0
5838.28194398,5838.27791130,0.00000000,331.81602727,0.03018729,529.02495037,0.01998502,0.01998501,34231,104,1
5838.44809249,5838.44848704,337.32216633,337.30909801,0.13579286,529.26778694,0.01998501,0.01998501,34230,104,0
5838.62070248,5838.61907275,342.97397699,343.02798909,0.10973164,529.52001709,0.01998501,0.01998501,34229,104,0
5838.78687470,5838.78966842,0.00000000,348.54306715,0.04105345,529.76268851,0.01998500,0.01998501,34228,104,1
5838.95944603,5838.96027407,354.28863660,354.26116169,0.06551114,530.01370233,0.01998501,0.01998501,34227,104,0
5839.13242173,5839.13088969,359.95140482,360.00226815,0.12756637,530.26512133,0.01998501,0.01998501,34226,104,0
5839.30225942,5839.30151529,365.61773023,365.64244923,0.10433756,530.51153013,0.01998501,0.01998501,34225,104,0
5839.47335808,5839.47215086,371.28756121,371.32768551,0.04530171,530.75931504,0.01998501,0.01998501,34224,104,0
5839.64254323,5839.64279640,376.96084594,376.95242657,0.08281194,531.00387809,0.01998501,0.01998501,34223,104,0
5839.81501789,5839.81345192,382.63753772,382.68964228,0.06821968,531.25273177,0.01998502,0.01998501,34222,104,0
5839.98442252,5839.98411742,388.31765497,388.32781217,0.09130740,531.49669913,0.01998501,0.01998501,34221,104,0
5840.15647076,5840.15479290,394.00126001,394.05714971,0.08854656,531.74401200,0.01998502,0.01998501,34220,104,0
5840.32292753,5840.32547835,0.00000000,399.60352669,0.09470034,531.98285157,0.01998500,0.01998501,34219,104,1
5840.49829697,5840.49617379,405.37918715,405.44999240,0.10891983,532.23400049,0.01998502,0.01998501,34218,104,0
5840.66798092,5840.66687920,411.07363668,411.11039897,0.07002931,532.47655716,0.01998501,0.01998501,34217,104,0
5840.83285520,5840.83759460,0.00000000,416.61300784,0.08058324,532.71178639,0.01998499,0.01998501,34216,104,1
5841.00557775,5841.00831998,0.00000000,422.38115468,0.04035970,532.95776836,0.01998500,0.01998501,34215,104,1
5841.17897287,5841.17905534,428.17948044,428.17672334,0.03437128,533.20430250,0.01998501,0.01998501,34214,104,0
5841.34928893,5841.34980069,433.88892618,433.87180856,0.04165140,533.44595949,0.01998501,0.01998501,34213,104,0
5841.51941031,5841.52055602,439.60210435,439.56375957,0.03026716,533.68688641,0.01998501,0.01998501,34212,104,0
5841.68988052,5841.69132134,445.31900494,445.27075486,0.07588662,533.92785079,0.01998501,0.01998501,34211,104,0
5841.86483007,5841.86209664,0.00000000,451.12695140,0.07815674,534.17449089,0.01998502,0.01998501,34210,104,1
5842.03347494,5842.03288194,456.76394154,456.78382357,0.09208221,534.41213605,0.01998501,0.01998501,34209,104,0
5842.20339598,5842.20367722,462.49197744,462.48254276,0.06254443,534.65094280,0.01998501,0.01998501,34208,104,0
5842.37375200,5842.37448249,468.22372889,468.19920856,0.08507086,534.88990010,0.01998501,0.01998501,34207,104,0
5842.54649234,5842.54529775,473.95919883,473.99932173,0.08745952,535.13172972,0.01998502,0.01998501,34206,104,0
5842.71638353,5842.71612300,479.69839016,479.70714591,0.07236953,535.36910586,0.01998501,0.01998501,34205,104,0
5842.88310512,5842.88695824,0.00000000,485.30288007,0.07443698,535.60123720,0.01998500,0.01998501,34204,104,1
5843.05777270,5843.05780348,491.18790008,491.18686443,0.05702827,535.84470330,0.01998501,0.01998501,34203,104,0
5843.22667378,5843.22865871,496.93810856,496.87128622,0.04542949,536.07930546,0.01998501,0.01998501,34202,104,0
5843.39786359,5843.39952394,502.69185625,502.63593038,0.07780495,536.31660971,0.01998501,0.01998501,34201,104,0
5843.57070372,5843.57039916,508.44907015,508.45933428,0.03927201,536.55571031,0.01998501,0.01998501,34200,104,0
5843.74063400,5843.74128437,514.20967702,514.18774709,0.05859684,536.79030020,0.01998501,0.01998501,34199,104,0
5843.91447803,5843.91217959,0.00000000,520.04151062,0.07069227,537.02939786,0.01998502,0.01998501,34198,104,1
5844.08195971,5844.08308480,525.74097074,525.70299294,0.09224170,537.26004015,0.01998501,0.01998501,34197,104,0
5844.25440652,5844.25400002,531.51196321,531.52569309,0.07467049,537.49663312,0.01998501,0.01998501,34196,104,0
5844.42588456,5844.42492523,537.28680895,537.31923106,0.00401732,537.73141997,0.01998502,0.01998501,34195,104,0
5844.59594609,5844.59586044,543.06572697,543.06862363,0.08697396,537.96380515,0.01998501,0.01998501,34194,104,0
5844.76629486,5844.76680566,548.84893718,548.83165045,0.11124079,538.19612889,0.01998501,0.01998501,34193,104,0
5844.93550109,5844.93776087,0.00000000,554.55500430,0.08452423,538.42624628,0.01998500,0.01998501,34192,104,1
5845.10740033,5845.10872610,560.42876741,560.38383670,0.07840821,538.65998282,0.01998501,0.01998501,34191,104,0
5845.27760434,5845.27970132,566.22506431,566.15395147,0.09089090,538.89074668,0.01998501,0.01998501,34190,104,0
5845.45255822,5845.45068655,572.02526978,572.08877993,0.08962837,539.12745628,0.01998502,0.01998501,34189,104,0
5845.62226787,5845.62168179,577.82912211,577.84901998,0.05803993,539.35658016,0.01998501,0.01998501,34188,104,0
5845.79423974,5845.79268703,583.63635850,583.68910076,0.04224746,539.58825395,0.01998502,0.01998501,34187,104,0
5845.96281167,5845.96370228,589.44674522,589.41647862,0.06170955,539.81484473,0.01998501,0.01998501,34186,104,0
5846.13558363,5846.13472754,595.26035621,595.28946462,0.07139736,540.04656662,0.01998502,0.01998501,34185,104,0
5846.30487868,5846.30576282,601.07744679,601.04736776,0.03467943,540.27312894,0.01998501,0.01998501,34184,104,0
5846.47707592,5846.47680810,606.89827562,606.90739263,0.05007856,540.50308029,0.01998501,0.01998501,34183,104,0
5846.64860040,5846.64786339,612.72310238,612.74820750,0.06034524,540.73164610,0.01998502,0.01998501,34182,104,0
5846.81916504,5846.81892869,618.55218780,618.56024426,0.02513865,540.95845964,0.01998501,0.01998501,34181,104,0
5846.98989750,5846.99000401,624.38575336,624.38212032,0.06472896,541.18503092,0.01998501,0.01998501,34180,104,0
5847.16096751,5847.16108934,630.22371596,630.21955718,0.07345150,541.41157846,0.01998501,0.01998501,34179,104,0
5847.33179204,5847.33218469,636.06585207,636.05244060,0.04197191,541.63731978,0.01998501,0.01998501,34178,104,0
5847.50364559,5847.50329005,641.91193653,641.92408790,0.06253232,541.86392570,0.01998501,0.01998501,34177,104,0
5847.67517114,5847.67440543,647.76174327,647.78792748,0.09480868,542.08959377,0.01998502,0.01998501,34176,104,0
5847.84312920,5847.84553082,0.00000000,653.52713984,0.01527452,542.30984959,0.01998500,0.01998501,34175,104,1
5848.01645529,5848.01666624,659.47167494,659.46445395,0.05007442,542.53706663,0.01998501,0.01998501,34174,104,0
5848.18872555,5848.18781167,665.33178483,665.36308551,0.06054861,542.76215733,0.01998502,0.01998501,34173,104,0
5848.35865628,5848.35896713,671.19563458,671.18498160,0.04633028,542.98368840,0.01998501,0.01998501,34172,104,0
5848.52959125,5848.53013260,677.06348491,677.04492035,0.05906328,543.20603352,0.01998501,0.01998501,34171,104,0
5848.70101323,5848.70130810,682.93559762,682.92547890,0.05420629,543.42852201,0.01998501,0.01998501,34170,104,0
5848.87136405,5848.87249362,688.81223554,688.77344410,0.04768074,543.64914246,0.01998501,0.01998501,34169,104,0
5849.04234029,5849.04368916,694.69356587,694.64720963,0.05738999,543.87009887,0.01998501,0.01998501,34168,104,0
5849.21378112,5849.21489473,700.57941502,700.54111761,0.01350034,544.09117084,0.01998501,0.01998501,34167,104,0
5849.38568131,5849.38611032,706.46953336,706.45476990,0.07966809,544.31233684,0.01998501,0.01998501,34166,104,0
5849.55705746,5849.55733594,712.36367025,712.35408112,0.07624450,544.53232116,0.01998501,0.01998501,34165,104,0
5849.72822689,5849.72857159,718.26157399,718.24969827,0.09852645,544.75152370,0.01998501,0.01998501,34164,104,0
5849.89944242,5849.89981726,724.16299250,724.15007129,0.06082623,544.97025842,0.01998501,0.01998501,34163,104,0
5850.07217770,5850.07107297,730.06780545,730.10590639,0.03429480,545.19039507,0.01998502,0.01998501,34162,104,0
5850.24333827,5850.24233870,735.97618709,736.01068045,0.05210018,545.40799562,0.01998502,0.01998501,34161,104,0
5850.41392294,5850.41361446,741.88835205,741.89900329,0.04487873,545.62434653,0.01998501,0.01998501,34160,104,0
5850.58604247,5850.58490026,747.80451587,747.84398017,0.06913317,545.84212720,0.01998502,0.01998501,34159,104,0
5850.75742137,5850.75619609,753.72489498,753.76725795,0.03443620,546.05846150,0.01998502,0.01998501,34158,104,0
5850.92505668,5850.92750195,0.00000000,759.57157590,0.07857376,546.26982019,0.01998500,0.01998501,34157,104,1
5851.09927939,5851.09881785,765.57902815,765.59500787,0.07429923,546.48849737,0.01998501,0.01998501,34156,104,0
5851.27102453,5851.27014378,771.51278082,771.54329539,0.02630630,546.70378635,0.01998502,0.01998501,34155,104,0
5851.43919594,5851.44147974,0.00000000,777.37940855,0.08711720,546.91437777,0.01998501,0.01998501,34154,104,1
5851.61366945,5851.61282575,783.39316858,783.42243778,0.06241771,547.13177002,0.01998502,0.01998501,34153,104,0
5851.78573850,5851.78418179,789.33960159,789.39363999,0.02755465,547.34591315,0.01998502,0.01998501,34152,104,0
5851.95641279,5851.95554787,795.29006390,795.32010642,0.07811292,547.55779806,0.01998502,0.01998501,34151,104,0
5852.12651431,5852.12692398,801.24454148,801.23030290,0.07439837,547.76845248,0.01998501,0.01998501,34150,104,0
5852.29834078,5852.29831014,807.20308539,807.20415086,0.04180051,547.98071712,0.01998501,0.01998501,34149,104,0
5852.46814488,5852.46970634,813.16574865,813.11141009,0.05352430,548.18996467,0.01998501,0.01998501,34148,104,0
5852.64209668,5852.64111259,819.13258451,819.16685293,0.01677770,548.40378916,0.01998502,0.01998501,34147,104,0
5852.81313207,5852.81252887,825.10364643,825.12466498,0.04953509,548.61350216,0.01998501,0.01998501,34146,104,0
5852.98297328,5852.98395520,831.07898250,831.04474468,0.05073427,548.82123453,0.01998501,0.01998501,34145,104,0
5853.15548218,5853.15539158,837.05860237,837.06176350,0.02966559,549.03170191,0.01998501,0.01998501,34144,104,0
5853.32746760,5853.32683800,843.04249939,843.06448139,0.04897991,549.24099947,0.01998502,0.01998501,34143,104,0
5853.49892750,5853.49829446,849.03066683,849.05278300,0.04556154,549.44912791,0.01998502,0.01998501,34142,104,0
5853.66922387,5853.66976098,855.02309793,855.00432114,0.07551956,549.65531900,0.01998501,0.01998501,34141,104,0
5853.84198289,5853.84123754,861.01978589,861.04586002,0.03528107,549.86395554,0.01998502,0.01998501,34140,104,0
5854.01482641,5854.01272415,867.02075082,867.09434173,0.06446357,550.07215293,0.01998502,0.01998501,34139,104,0
5854.18411623,5854.18422081,873.02609927,873.02243612,0.06775256,550.27554720,0.01998501,0.01998501,34138,104,0
5854.35612292,5854.35572752,879.03595551,879.04981594,0.04567801,550.48167885,0.01998501,0.01998501,34137,104,0
5854.52652897,5854.52724428,885.05044435,885.02535188,0.04834015,550.68537140,0.01998501,0.01998501,34136,104,0
5854.69851989,5854.69877110,891.06969109,891.06087232,0.06439132,550.89043542,0.01998501,0.01998501,34135,104,0
5854.87047597,5854.87030797,897.09381882,897.09972111,0.05300864,551.09493525,0.01998501,0.01998501,34134,104,0
5855.04322767,5855.04185489,903.12280382,903.17106715,0.06408689,551.29985259,0.01998502,0.01998501,34133,104,0
5855.21425406,5855.21341187,909.15640413,909.18603373,0.05142839,551.50219166,0.01998502,0.01998501,34132,104,0
5855.38570705,5855.38497891,915.19435915,915.21999286,0.04108167,551.70449415,0.01998502,0.01998501,34131,104,0
5855.55661660,5855.55655600,921.23640714,921.23854188,0.06776291,551.90560598,0.01998502,0.01998501,34130,104,0
5855.72875061,5855.72814315,927.28228522,927.30369477,0.06620561,552.10759405,0.01998502,0.01998501,34129,104,0
5855.89884504,5855.89974036,933.33175426,933.30018252,0.08254033,552.30662319,0.01998501,0.01998501,34128,104,0
5856.07234016,5856.07134763,939.38488113,939.41990088,0.06834731,552.50905334,0.01998502,0.01998501,34127,104,0
5856.24262419,5856.24296496,945.44193998,945.42990911,0.07958489,552.70717685,0.01998501,0.01998501,34126,104,0
5856.41353423,5856.41459235,951.50320997,951.46582870,0.07568329,552.90547866,0.01998501,0.01998501,34125,104,0
5856.58447490,5856.58622980,957.56897151,957.50693029,0.09466256,553.10327246,0.01998501,0.01998501,34124,104,0
5856.75827499,5856.75787732,963.63950621,963.65357550,0.05823956,553.30382538,0.01998502,0.01998501,34123,104,0
5856.92904461,5856.92953490,969.71502024,969.69766091,0.07427542,553.50034688,0.01998501,0.01998501,34122,104,0
5857.10164203,5857.10120255,975.79538858,975.81096024,0.04496135,553.69842772,0.01998502,0.01998502,34121,104,0
5857.27385892,5857.27288026,981.88039566,981.91509562,0.04709014,553.89551809,0.01998502,0.01998502,34120,104,0
5857.44435031,5857.44456804,987.96982498,987.96210006,0.05506591,554.09008041,0.01998502,0.01998502,34119,104,0
5857.61746082,5857.61626588,994.06345906,994.10588091,0.01933185,554.28705987,0.01998502,0.01998502,34118,104,0
5857.78826959,5857.78797380,1000.16108159,1000.17158878,0.03740596,554.48084726,0.01998502,0.01998502,34117,104,0
5857.96019514,5857.95969178,1006.26261489,1006.28050591,0.05470282,554.67532321,0.01998502,0.01998502,34116,104,0
5858.13020236,5858.13141983,1012.36820547,1012.32490622,0.06116654,554.86706183,0.01998501,0.01998502,34115,104,0
5858.30259841,5858.30315796,1018.47802079,1018.45810746,0.07169122,555.06092243,0.01998501,0.01998502,34114,104,0
5858.47475310,5858.47490616,1024.59222903,1024.58677844,0.07151174,555.25394055,0.01998502,0.01998502,34113,104,0
5858.64674628,5858.64666443,1030.71099912,1030.71391632,0.05159521,555.44621157,0.01998502,0.01998502,34112,104,0
5858.81926466,5858.81843277,1036.83448619,1036.86415355,0.02638018,555.63850470,0.01998502,0.01998502,34111,104,0
5858.99067528,5858.99021119,1042.96269047,1042.97925287,0.04003228,555.82900111,0.01998502,0.01998502,34110,104,0
5859.16231532,5859.16199968,1049.09551758,1049.10678982,0.02840205,556.01918668,0.01998502,0.01998502,34109,104,0
5859.33380983,5859.33379825,1055.23287140,1055.23328509,0.05877081,556.20864105,0.01998502,0.01998502,34108,104,0
5859.50540561,5859.50560690,1061.37465538,1061.36745732,0.04475045,556.39763263,0.01998502,0.01998502,34107,104,0
5859.67763953,5859.67742563,1067.52077254,1067.52842643,0.06609508,556.58674453,0.01998502,0.01998502,34106,104,0
5859.84948736,5859.84925443,1073.67115527,1073.67949514,0.06580788,556.77484737,0.01998502,0.01998502,34105,104,0
5860.02191600,5860.02109332,1079.82582908,1079.85530439,0.03266581,556.96299788,0.01998502,0.01998502,34104,104,0
5860.19300869,5860.19294228,1085.98483781,1085.98721856,0.03894006,557.14910825,0.01998502,0.01998502,34103,104,0
5860.36494447,5860.36480133,1092.14822549,1092.15336060,0.03801148,557.33555121,0.01998502,0.01998502,34102,104,0
5860.53716376,5860.53667046,1098.31603637,1098.33374515,0.05015388,557.52171408,0.01998502,0.01998502,34101,104,0
5860.70880142,5860.70854967,1104.48831740,1104.49736076,0.06219602,557.70666312,0.01998502,0.01998502,34100,104,0
5860.88091347,5860.88043897,1110.66517452,1110.68223175,0.02857300,557.89153849,0.01998502,0.01998502,34099,104,0
5861.05153922,5861.05233836,1116.84677324,1116.81802543,0.05165209,558.07424257,0.01998501,0.01998502,34098,104,0
5861.22407907,5861.22424783,1123.03328240,1123.02720719,0.03378343,558.25841772,0.01998502,0.01998502,34097,104,0
5861.39635342,5861.39616738,1129.22487158,1129.23157429,0.06162167,558.44173242,0.01998502,0.01998502,34096,104,0
5861.56800440,5861.56809703,1135.42171115,1135.41837142,0.05738207,558.62381363,0.01998502,0.01998502,34095,104,0
5861.73876626,5861.74003676,1141.62391217,1141.57806491,0.06618393,558.80438842,0.01998501,0.01998502,34094,104,0
5861.91305343,5861.91198658,1147.83129648,1147.86982408,0.04646242,558.98810465,0.01998502,0.01998502,34093,104,0
5862.08438402,5862.08394650,1154.04359782,1154.05940965,0.03748188,559.16811740,0.01998502,0.01998502,34092,104,0
5862.25565835,5862.25591650,1160.26054865,1160.25121301,0.07520544,559.34748005,0.01998502,0.01998502,34091,104,0
5862.42707743,5862.42789660,1166.48188023,1166.45223796,0.05745514,559.52639345,0.01998501,0.01998502,34090,104,0
5862.60034567,5862.59988679,1172.70732859,1172.72394344,0.04124805,559.70661687,0.01998502,0.01998502,34089,104,0
5862.77216565,5862.77188708,1178.93686146,1178.94695421,0.03071717,559.88471607,0.01998502,0.01998502,34088,104,0
5862.94341554,5862.94389746,1185.17074887,1185.15327769,0.04262955,560.06161843,0.01998501,0.01998502,34087,104,0
5863.11541667,5863.11591793,1191.40928228,1191.39109689,0.06531211,560.23869470,0.01998501,0.01998502,34086,104,0
5863.28836519,5863.28794850,1197.65275446,1197.66788279,0.06208706,560.41614462,0.01998502,0.01998502,34085,104,0
5863.46022570,5863.45998917,1203.90145952,1203.91005384,0.04370374,560.59188716,0.01998502,0.01998502,34084,104,0
5863.63142692,5863.63203994,1210.15563662,1210.13334378,0.04555831,560.76637459,0.01998501,0.01998502,34083,104,0
5863.80397218,5863.80410081,1216.41520832,1216.41052678,0.06596421,560.94164118,0.01998502,0.01998502,34082,104,0
5863.97514866,5863.97617178,1222.67998553,1222.64272157,0.05484609,561.11492442,0.01998501,0.01998502,34081,104,0
5864.14808116,5864.14825285,1228.94977813,1228.94352038,0.03003190,561.28937850,0.01998502,0.01998502,34080,104,0
5864.32011095,5864.32034402,1235.22439514,1235.21589406,0.05488215,561.46230982,0.01998502,0.01998502,34079,104,0
5864.49193141,5864.49244530,1241.50364778,1241.48489182,0.05278205,561.63441453,0.01998502,0.01998502,34078,104,0
5864.66455215,5864.66455668,1247.78747129,1247.78730585,0.07380177,561.80669737,0.01998502,0.01998502,34077,104,0
5864.83554193,5864.83667816,1254.07596479,1254.03443823,0.02942388,561.97673748,0.01998501,0.01998502,34076,104,0
5865.00923842,5865.00880975,1260.36923901,1260.38491711,0.06297749,562.14884402,0.01998502,0.01998502,34075,104,0
5865.18023942,5865.18095144,1266.66740520,1266.64134484,0.03885182,562.31766556,0.01998501,0.01998502,34074,104,0
5865.35265119,5865.35310325,1272.97057512,1272.95401716,0.02491045,562.48726426,0.01998502,0.01998502,34073,104,0
5865.52454472,5865.52526516,1279.27884152,1279.25243358,0.03529603,562.65573859,0.01998501,0.01998502,34072,104,0
5865.69634260,5865.69743718,1285.59220067,1285.55204885,0.07718183,562.82350420,0.01998501,0.01998502,34071,104,0
5865.86979367,5865.86961931,1291.91061878,1291.91701963,0.01346047,562.99225782,0.01998502,0.01998502,34070,104,0
5866.04216774,5866.04181155,1298.23406188,1298.24714702,0.03540954,563.15933743,0.01998502,0.01998502,34069,104,0
5866.21341919,5866.21401391,1304.56249582,1304.54063203,0.07781763,563.32470818,0.01998502,0.01998502,34068,104,0
5866.38630887,5866.38622637,1310.89588608,1310.89892113,0.01996610,563.49103068,0.01998502,0.01998502,34067,104,0
5866.55989980,5866.55844895,1317.23419286,1317.28760765,0.04337302,563.65738794,0.01998502,0.01998502,34066,104,0
5866.73059299,5866.73068165,1323.57737079,1323.57410437,0.06006698,563.82034018,0.01998502,0.01998502,34065,104,0
5866.90193577,5866.90292446,1329.92537404,1329.88892359,0.04641158,563.98328348,0.01998501,0.01998502,34064,104,0
5867.07514942,5867.07517738,1336.27815658,1336.27712487,0.04384715,564.14736242,0.01998502,0.01998502,34063,104,0
5867.24680395,5867.24744043,1342.63567211,1342.61217444,0.05560688,564.30932340,0.01998502,0.01998502,34062,104,0
5867.41885264,5867.41971359,1348.99791727,1348.96611031,0.01753340,564.47101417,0.01998502,0.01998502,34061,104,0
5867.59192495,5867.59199687,1355.36503163,1355.36237293,0.06325048,564.63302029,0.01998502,0.01998502,34060,104,0
5867.76475867,5867.76429027,1361.73718503,1361.75451494,0.04791957,564.79415844,0.01998502,0.01998502,34059,104,0
5867.93648975,5867.93659379,1368.11454808,1368.11069599,0.04095548,564.95363310,0.01998502,0.01998502,34058,104,0
5868.10832110,5868.10890743,1374.49729222,1374.47556494,0.05883204,565.11256931,0.01998502,0.01998502,34057,104,0
5868.28145435,5868.28123120,1380.88557442,1380.89385035,0.02780763,565.27207283,0.01998502,0.01998502,34056,104,0
5868.45368169,5868.45356508,1387.27937378,1387.28370173,0.04432299,565.43010505,0.01998502,0.01998502,34055,104,0
5868.62529639,5868.62590910,1393.67855359,1393.65579488,0.05837269,565.58693822,0.01998502,0.01998502,34054,104,0
5868.79866713,5868.79826323,1400.08297454,1400.09798833,0.03463742,565.74472534,0.01998502,0.01998502,34053,104,0
5868.97132677,5868.97062750,1406.49249661,1406.51850913,0.05392192,565.90120988,0.01998502,0.01998502,34052,104,0
5869.14382288,5869.14300189,1412.90697977,1412.93754168,0.03779178,566.05688792,0.01998502,0.01998502,34051,104,0
5869.31645552,5869.31538641,1419.32633799,1419.36616414,0.06307725,566.21202662,0.01998502,0.01998502,34050,104,0
5869.48755688,5869.48778105,1425.75057985,1425.74222309,0.07586451,566.36513376,0.01998502,0.01998502,34049,104,0
5869.66041098,5869.66018583,1432.17972351,1432.18812241,0.03751370,566.51914544,0.01998502,0.01998502,34048,104,0
5869.83192523,5869.83260074,1438.61378717,1438.58856999,0.07607926,566.67130256,0.01998502,0.01998502,34047,104,0
5870.00497935,5870.00502578,1445.05278913,1445.05105477,0.02466650,566.82415742,0.01998502,0.01998502,34046,104,0
5870.17730280,5870.17746095,1451.49678383,1451.49087140,0.05190250,566.97569937,0.01998502,0.01998502,34045,104,0
5870.35015756,5870.34990625,1457.94599900,1457.95540124,0.03239312,567.12704297,0.01998502,0.01998502,34044,104,0
5870.52245435,5870.52236169,1464.40071526,1464.40418481,0.04330333,567.27723935,0.01998502,0.01998502,34043,104,0
5870.69502543,5870.69482727,1470.86121463,1470.86864100,0.03962918,567.42702025,0.01998502,0.01998502,34042,104,0
5870.86787930,5870.86730297,1477.32778049,1477.34939847,0.06846590,567.57639439,0.01998502,0.01998502,34041,104,0
5871.04044332,5871.03978882,1483.80066992,1483.82524257,0.03429077,567.72487069,0.01998502,0.01998502,34040,104,0
5871.21302993,5871.21228480,1490.27974549,1490.30774486,0.06737663,567.87271411,0.01998502,0.01998502,34039,104,0
5871.38523192,5871.38479093,1496.76457362,1496.78115803,0.05034537,568.01956591,0.01998502,0.01998502,34038,104,0
5871.55752978,5871.55730719,1503.25471153,1503.26308862,0.04592140,568.16582556,0.01998502,0.01998502,34037,104,0
5871.72905649,5871.72983359,1509.74971419,1509.72044997,0.05712000,568.31074937,0.01998502,0.01998502,34036,104,0
5871.90142762,5871.90237013,1516.24913849,1516.21362382,0.03635803,568.45569041,0.01998502,0.01998502,34035,104,0
5872.07450491,5872.07491682,1522.75283955,1522.73730873,0.06326199,568.60051823,0.01998502,0.01998502,34034,104,0
5872.24738106,5872.24747365,1529.26117154,1529.25767811,0.06866122,568.74447686,0.01998502,0.01998502,34033,104,0
5872.42043958,5872.42004062,1535.77453762,1535.78960193,0.02743360,568.88789305,0.01998502,0.01998502,34032,104,0
5872.59389346,5872.59261773,1542.29334295,1542.34155132,0.05785037,569.03094697,0.01998502,0.01998502,34031,104,0
5872.76585017,5872.76520500,1548.81799473,1548.84239615,0.02760426,569.17209124,0.01998502,0.01998502,34030,104,0
5872.93861140,5872.93780241,1555.34878930,1555.37941372,0.05460959,569.31322349,0.01998502,0.01998502,34029,104,0
5873.11048556,5873.11040996,1561.88560651,1561.88847069,0.01992221,569.45295757,0.01998502,0.01998502,34028,104,0
5873.28357102,5873.28302767,1568.42822880,1568.44883147,0.05621628,569.59299079,0.01998502,0.01998502,34027,104,0
5873.45602114,5873.45565552,1574.97643750,1574.99031161,0.04270551,569.73181903,0.01998502,0.01998502,34026,104,0
5873.62800578,5873.62829352,1581.53001283,1581.51908567,0.04616284,569.86957912,0.01998502,0.01998502,34025,104,0
5873.80039982,5873.80094168,1588.08876259,1588.06817030,0.02917434,570.00696628,0.01998502,0.01998502,34024,104,0
5873.97298055,5873.97359999,1594.65272953,1594.62917170,0.04969995,570.14379848,0.01998502,0.01998502,34023,104,0
5874.14763567,5874.14626844,1601.22207237,1601.27411001,0.05986949,570.28155997,0.01998502,0.01998502,34022,104,0
5874.31966373,5874.31894706,1607.79695146,1607.82425012,0.01568274,570.41654722,0.01998502,0.01998502,34021,104,0
5874.49210006,5874.49163583,1614.37752790,1614.39522566,0.04226115,570.55115690,0.01998502,0.01998502,34020,104,0
5874.66414566,5874.66433475,1620.96395718,1620.95674259,0.02783275,570.68476628,0.01998502,0.01998502,34019,104,0
5874.83737604,5874.83704383,1627.55626707,1627.56895297,0.04573124,570.81859257,0.01998502,0.01998502,34018,104,0
5875.01045457,5875.00976307,1634.15436748,1634.18079453,0.03317476,570.95159296,0.01998502,0.01998502,34017,104,0
5875.18167733,5875.18249246,1640.75816346,1640.72698704,0.06282098,571.08246647,0.01998502,0.01998502,34016,104,0
5875.35495265,5875.35523201,1647.36755953,1647.35686624,0.05367866,571.21419532,0.01998502,0.01998502,34015,104,0
5875.52799581,5875.52798173,1653.98246104,1653.98300048,0.02201166,571.34502747,0.01998502,0.01998502,34014,104,0
5875.70089664,5875.70074160,1660.60285804,1660.60880152,0.07023720,571.47503101,0.01998502,0.01998502,34013,104,0
5875.87392838,5875.87351164,1667.22887720,1667.24486655,0.06927239,571.60441199,0.01998502,0.01998502,34012,104,0
5876.04672651,5876.04629184,1673.86065809,1673.87734873,0.01019096,571.73289917,0.01998502,0.01998502,34011,104,0
5876.21919483,5876.21908220,1680.49834102,1680.50266931,0.04863515,571.86042519,0.01998502,0.01998502,34010,104,0
5876.39236282,5876.39188273,1687.14206687,1687.16053337,0.06592812,571.98774955,0.01998502,0.01998502,34009,104,0
5876.56594474,5876.56469342,1693.79190848,1693.84008076,0.03469815,572.11465439,0.01998502,0.01998502,34008,104,0
5876.73734211,5876.73751428,1700.44775294,1700.44111941,0.05711161,572.23924674,0.01998502,0.01998502,34007,104,0
5876.91060277,5876.91034530,1707.10945557,1707.11938372,0.00904907,572.36446624,0.01998502,0.01998502,34006,104,0
5877.08280122,5877.08318650,1713.77687092,1713.76200292,0.05490670,572.48818876,0.01998502,0.01998502,34005,104,0
5877.25597103,5877.25603786,1720.44985277,1720.44727193,0.04636498,572.61187123,0.01998502,0.01998502,34004,104,0
5877.42855210,5877.42889939,1727.12829812,1727.11487559,0.03407789,572.73439308,0.01998502,0.01998502,34003,104,0
5877.60172828,5877.60177109,1733.81229768,1733.81064183,0.07023101,572.85659443,0.01998502,0.01998502,34002,104,0
5877.77443694,5877.77465297,1740.50199628,1740.49363357,0.04505074,572.97772525,0.01998502,0.01998502,34001,104,0
5877.94811062,5877.94754501,1747.19753946,1747.21945264,0.07844927,573.09878763,0.01998502,0.01998502,34000,104,0
5878.12102767,5878.12044723,1753.89907355,1753.92158049,0.01426791,573.21858065,0.01998502,0.01998502,33999,104,0
5878.29329251,5878.29335963,1760.60672833,1760.60412351,0.04261617,573.33718582,0.01998502,0.01998502,33998,104,0
5878.46646852,5878.46628220,1767.32051635,1767.32775352,0.05020543,573.45567590,0.01998502,0.01998502,33997,104,0
5878.63989890,5878.63921494,1774.04040091,1774.06698962,0.02645984,573.57359114,0.01998502,0.01998502,33996,104,0
5878.81191219,5878.81215786,1780.76634497,1780.75678660,0.06260229,573.68979980,0.01998502,0.01998502,33995,104,0
5878.98525414,5878.98511096,1787.49831126,1787.50388674,0.03900350,573.80615459,0.01998502,0.01998502,33994,104,0
5879.15835884,5879.15807424,1794.23626272,1794.24735417,0.05192519,573.92159451,0.01998502,0.01998502,33993,104,0
5879.33171794,5879.33104770,1800.98016642,1801.00630857,0.01582909,574.03644458,0.01998502,0.01998502,33992,104,0
5879.50341564,5879.50403134,1807.72999179,1807.70595735,0.06367304,574.14944217,0.01998502,0.01998502,33991,104,0
5879.67715284,5879.67702516,1814.48570807,1814.49069648,0.04346287,574.26301780,0.01998502,0.01998502,33990,104,0
5879.85023845,5879.85002916,1821.24728435,1821.25546756,0.06799723,574.37540042,0.01998502,0.01998502,33989,104,0
5880.02314730,5880.02304334,1828.01469421,1828.01876213,0.02278283,574.48690128,0.01998502,0.01998502,33988,104,0
5880.19622970,5880.19606771,1834.78797807,1834.79432185,0.05126695,574.59774487,0.01998502,0.01998502,33987,104,0
5880.36909250,5880.36910227,1841.56722681,1841.56684375,0.04513794,574.70767906,0.01998502,0.01998502,33986,104,0
5880.54313368,5880.54214701,1848.35253295,1848.39123795,0.04814758,574.81758583,0.01998503,0.01998502,33985,104,0
5880.71578370,5880.71520194,1855.14398953,1855.16683058,0.05653983,574.92584322,0.01998502,0.01998502,33984,104,0
5880.88842783,5880.88826705,1861.94169024,1861.94800824,0.01959290,575.03332844,0.01998502,0.01998502,33983,104,0
5881.06101284,5881.06134235,1868.74573267,1868.73277297,0.05624960,575.14000805,0.01998502,0.01998502,33982,104,0
5881.23447478,5881.23442785,1875.55621805,1875.55806571,0.04210562,575.24645445,0.01998502,0.01998502,33981,104,0
5881.40783200,5881.40752353,1882.37324824,1882.38540249,0.04600784,575.35205926,0.01998502,0.01998502,33980,104,0
5881.58114978,5881.58062940,1889.19692562,1889.21744780,0.05788451,575.45686239,0.01998502,0.01998502,33979,104,0
5881.75411879,5881.75374547,1896.02734585,1896.04208217,0.01198532,575.56067843,0.01998502,0.01998502,33978,104,0
5881.92685573,5881.92687173,1902.86442796,1902.86379591,0.06303170,575.66357766,0.01998502,0.01998502,33977,104,0
5882.10016538,5882.10000818,1909.70790819,1909.71412442,0.04985800,575.76603080,0.01998502,0.01998502,33976,104,0
5882.27334133,5882.27315483,1916.55751298,1916.56489396,0.02924753,575.86761089,0.01998502,0.01998502,33975,104,0
5882.44592003,5882.44631167,1923.41296723,1923.39745578,0.04141792,575.96804482,0.01998502,0.01998502,33974,104,0
5882.61978222,5882.61947871,1930.27400499,1930.28603476,0.04867296,576.06841633,0.01998502,0.01998502,33973,104,0
5882.79238964,5882.79265595,1937.14065294,1937.13008930,0.06169260,576.16725824,0.01998502,0.01998502,33972,104,0
5882.96611494,5882.96584339,1944.01326201,1944.02404241,0.00947771,576.26593316,0.01998502,0.01998502,33971,104,0
5883.13876144,5883.13904102,1950.89220172,1950.88109259,0.07523188,576.36319614,0.01998502,0.01998502,33970,104,0
5883.31217667,5883.31224886,1957.77784364,1957.77497251,0.05906082,576.46009305,0.01998502,0.01998502,33969,104,0
5883.48495287,5883.48546690,1964.67054960,1964.65008521,0.05572489,576.55583894,0.01998502,0.01998502,33968,104,0
5883.65912499,5883.65869514,1971.57035419,1971.58748375,0.04218901,576.65155413,0.01998503,0.01998502,33967,104,0
5883.83234406,5883.83193358,1978.47692668,1978.49329878,0.03318059,576.74593753,0.01998503,0.01998502,33966,104,0
5884.00597417,5884.00518222,1985.38991544,1985.42152895,0.03944772,576.83972893,0.01998503,0.01998502,33965,104,0
5884.17898013,5884.17844107,1992.30896684,1992.33050241,0.05416551,576.93236358,0.01998503,0.01998502,33964,104,0
5884.35153480,5884.35171013,1999.23373539,1999.22672554,0.05847868,577.02393492,0.01998502,0.01998502,33963,104,0
5884.52476317,5884.52498939,2006.16412982,2006.15507846,0.05245131,577.11503512,0.01998502,0.01998502,33962,104,0
5884.69864170,5884.69827886,2013.10032802,2013.11485701,0.07030051,577.20564252,0.01998503,0.01998502,33961,104,0
5884.87174748,5884.87157854,2020.04252166,2020.04929209,0.06895170,577.29501687,0.01998502,0.01998502,33960,104,0
5885.04476478,5885.04488843,2026.99090350,2026.98594419,0.00950945,577.38351790,0.01998502,0.01998502,33959,104,0
5885.21846152,5885.21820852,2033.94566783,2033.95582429,0.06750960,577.47153432,0.01998502,0.01998502,33958,104,0
5885.39143754,5885.39153883,2040.90701979,2040.90294977,0.07846726,577.55835713,0.01998502,0.01998502,33957,104,0
5885.56472335,5885.56487935,2047.87517477,2047.86890066,0.04331374,577.64450674,0.01998502,0.01998502,33956,104,0
5885.73778154,5885.73823008,2054.85034975,2054.83229299,0.05524983,577.72971551,0.01998502,0.01998502,33955,104,0
5885.91080089,5885.91159103,2061.83276292,2061.80092301,0.06263668,577.81407830,0.01998502,0.01998502,33954,104,0
5886.08556037,5886.08496219,2068.82262048,2068.84674981,0.05558570,577.89845005,0.01998503,0.01998502,33953,104,0
5886.25827600,5886.25834357,2075.81992427,2075.81719584,0.06418219,577.98100332,0.01998502,0.01998502,33952,104,0
5886.43129157,5886.43173516,2082.82451396,2082.80658532,0.04666096,578.06286633,0.01998502,0.01998502,33951,104,0
5886.60426849,5886.60513697,2089.83622389,2089.80108922,0.05612554,578.14387239,0.01998502,0.01998502,33950,104,0
5886.77757749,5886.77854900,2096.85488742,2096.81554868,0.04980185,578.22418843,0.01998502,0.01998502,33949,104,0
5886.95242125,5886.95197125,2103.88034470,2103.89858300,0.06902889,578.30435365,0.01998503,0.01998502,33948,104,0
5887.12546983,5887.12540372,2110.91252090,2110.91520278,0.05823247,578.38283983,0.01998502,0.01998502,33947,104,0
5887.29858453,5887.29884640,2117.95139421,2117.94076174,0.06562024,578.46050122,0.01998502,0.01998502,33946,104,0
5887.47232106,5887.47229931,2124.99694347,2124.99782717,0.07378692,578.53757930,0.01998502,0.01998502,33945,104,0
5887.64580942,5887.64576245,2132.04914737,2132.05105772,0.06767943,578.61368258,0.01998502,0.01998502,33944,104,0
5887.82016529,5887.81923580,2139.10800018,2139.14583905,0.05841684,578.68929327,0.01998503,0.01998502,33943,104,0
5887.99264353,5887.99271938,2146.17361470,2146.17052386,0.05129445,578.76322718,0.01998502,0.01998502,33942,104,0
5888.16656478,5888.16621319,2153.24615847,2153.26049772,0.04397307,578.83691020,0.01998503,0.01998502,33941,104,0
5888.34002272,5888.33971722,2160.32580030,2160.33827185,0.03331909,578.90952646,0.01998503,0.01998503,33940,104,0
5888.51289388,5888.51323148,2167.41270994,2167.39891444,0.03038779,578.98103122,0.01998502,0.01998503,33939,104,0
5888.68665257,5888.68675597,2174.50702269,2174.50279342,0.03542706,579.05203064,0.01998502,0.01998503,33938,104,0
5888.86010273,5888.86029069,2181.60869951,2181.60100396,0.05827039,579.12202846,0.01998502,0.01998503,33937,104,0
5889.03411039,5889.03383563,2188.71764715,2188.72890738,0.04664309,579.19136859,0.01998503,0.01998503,33936,104,0
5889.20683615,5889.20739081,2195.83377176,2195.81101871,0.06337152,579.25931993,0.01998502,0.01998503,33935,104,0
5889.38091321,5889.38095622,2202.95697891,2202.95521294,0.07081070,579.32691428,0.01998503,0.01998503,33934,104,0
5889.55497986,5889.55453186,2210.08717024,2210.10558142,0.06458774,579.39360898,0.01998503,0.01998503,33933,104,0
5889.72861879,5889.72811774,2217.22423654,2217.24484676,0.05142380,579.45924388,0.01998503,0.01998503,33932,104,0
5889.90168183,5889.90171385,2224.36806600,2224.36674805,0.03413964,579.52376715,0.01998503,0.01998503,33931,104,0
5890.07552725,5890.07532019,2231.51854608,2231.52707814,0.03834482,579.58768003,0.01998503,0.01998503,33930,104,0
5890.24874633,5890.24893677,2238.67556480,2238.66771103,0.03437112,579.65045994,0.01998503,0.01998503,33929,104,0
5890.42287937,5890.42256359,2245.83913079,2245.85216513,0.05870224,579.71266050,0.01998503,0.01998503,33928,104,0
5890.59630734,5890.59620065,2253.00947467,2253.01388246,0.05998007,579.77370122,0.01998503,0.01998503,33927,104,0
5890.77054646,5890.76984794,2260.18685218,2260.21573766,0.04853185,579.83411449,0.01998503,0.01998503,33926,104,0
5890.94308805,5890.94350548,2267.37152056,2267.35424225,0.04121247,579.89303689,0.01998502,0.01998503,33925,104,0
5891.11720315,5891.11717325,2274.56373307,2274.56497187,0.03675819,579.95158571,0.01998503,0.01998503,33924,104,0
5891.29091203,5891.29085127,2281.76360305,2281.76612325,0.05176812,580.00908408,0.01998503,0.01998503,33923,104,0
5891.46513258,5891.46453953,2288.97109448,2288.99571652,0.04949670,580.06583177,0.01998503,0.01998503,33922,104,0
5891.63897658,5891.63823803,2296.18616389,2296.21685689,0.05132743,580.12153514,0.01998503,0.01998503,33921,104,0
5891.81284231,5891.81194678,2303.40876746,2303.44602094,0.03152173,580.17632139,0.01998503,0.01998503,33920,104,0
5891.98578467,5891.98566577,2310.63885530,2310.64380602,0.03271722,580.22989667,0.01998503,0.01998503,33919,104,0
5892.15932673,5892.15939501,2317.87631814,2317.87347222,0.06141616,580.28273175,0.01998503,0.01998503,33918,104,0
5892.33453239,5892.33313450,2325.12101179,2325.17932896,0.07149011,580.33512846,0.01998503,0.01998503,33917,104,0
5892.50657370,5892.50688423,2332.37279076,2332.35982431,0.04408207,580.38565131,0.01998503,0.01998503,33916,104,0
5892.68050007,5892.68064421,2339.63150859,2339.62548435,0.04399315,580.43578981,0.01998503,0.01998503,33915,104,0
5892.85440010,5892.85441445,2346.89709467,2346.89649467,0.06266071,580.48497479,0.01998503,0.01998503,33914,104,0
5893.02873341,5893.02819493,2354.16982594,2354.19237214,0.05735827,580.53333209,0.01998503,0.01998503,33913,104,0
5893.20269526,5893.20198566,2361.45007968,2361.47982026,0.03616300,580.58063769,0.01998503,0.01998503,33912,104,0
5893.37524985,5893.37578665,2368.73823549,2368.71571357,0.04243545,580.62662392,0.01998502,0.01998503,33911,104,0
5893.54972007,5893.54959789,2376.03467388,2376.03980593,0.05799601,580.67217149,0.01998503,0.01998503,33910,104,0
5893.72375988,5893.72341938,2383.33957366,2383.35389101,0.05377734,580.71665366,0.01998503,0.01998503,33909,104,0
5893.89707159,5893.89725113,2390.65269959,2390.64514202,0.03552074,580.75999920,0.01998503,0.01998503,33908,104,0
5894.07154261,5894.07109314,2397.97376453,2397.99270276,0.06891206,580.80267175,0.01998503,0.01998503,33907,104,0
5894.24536009,5894.24494540,2405.30247951,2405.31996914,0.03927713,580.84421901,0.01998503,0.01998503,33906,104,0
5894.41949582,5894.41880792,2412.63856346,2412.66760283,0.04174911,580.88487158,0.01998503,0.01998503,33905,104,0
5894.59334417,5894.59268070,2419.98192770,2420.00996178,0.05302782,580.92448449,0.01998503,0.01998503,33904,104,0
5894.76712890,5894.76656374,2427.33266192,2427.35656492,0.02659122,580.96310933,0.01998503,0.01998503,33903,104,0
5894.94053392,5894.94045704,2434.69086303,2434.69411768,0.02253941,581.00067724,0.01998503,0.01998503,33902,104,0
5895.11403845,5895.11436060,2442.05662851,2442.04297687,0.06394516,581.03729199,0.01998503,0.01998503,33901,104,0
5895.28760110,5895.28827443,2449.43007548,2449.40151399,0.03013671,581.07294119,0.01998502,0.01998503,33900,104,0
5895.46191503,5895.46219851,2456.81144071,2456.79940331,0.04812283,581.10775845,0.01998503,0.01998503,33899,104,0
5895.63624842,5895.63613286,2464.20100837,2464.20592026,0.06363686,581.14158926,0.01998503,0.01998503,33898,104,0
5895.80985477,5895.81007748,2471.59906452,2471.58958705,0.03820388,581.17429283,0.01998503,0.01998503,33897,104,0
5895.98478033,5895.98403236,2479.00589605,2479.03776226,0.05352332,581.20624743,0.01998503,0.01998503,33896,104,0
5896.15808855,5896.15799751,2486.42157487,2486.42545762,0.03902922,581.23691603,0.01998503,0.01998503,33895,104,0
5896.33129992,5896.33197293,2493.84568574,2493.81695145,0.04477392,581.26657730,0.01998503,0.01998503,33894,104,0
5896.50633435,5896.50595861,2501.27774417,2501.29380224,0.02303857,581.29553998,0.01998503,0.01998503,33893,104,0
5896.68023578,5896.67995457,2508.71726246,2508.72929185,0.03263968,581.32330406,0.01998503,0.01998503,33892,104,0
5896.85392162,5896.85396079,2516.16377632,2516.16209926,0.06776752,581.35002323,0.01998503,0.01998503,33891,104,0
5897.02762552,5897.02797729,2523.61727750,2523.60220347,0.03662626,581.37573241,0.01998503,0.01998503,33890,104,0
5897.20170118,5897.20200406,2531.07814544,2531.06515436,0.04389880,581.40047910,0.01998503,0.01998503,33889,104,0
5897.37569952,5897.37604110,2538.54677423,2538.53210801,0.02764961,581.42419520,0.01998503,0.01998503,33888,104,0
5897.54994073,5897.55008842,2546.02356047,2546.01721275,0.05205679,581.44692106,0.01998503,0.01998503,33887,104,0
5897.72513055,5897.72414601,2553.50882537,2553.55118810,0.02019506,581.46873588,0.01998503,0.01998503,33886,104,0
5897.89796088,5897.89821388,2561.00253550,2560.99163786,0.04133693,581.48923676,0.01998503,0.01998503,33885,104,0
5898.07251690,5898.07229202,2568.50455518,2568.51425148,0.02568735,581.50891025,0.01998503,0.01998503,33884,104,0
5898.24594787,5898.24638045,2576.01474782,2575.99607717,0.05230976,581.52742613,0.01998503,0.01998503,33883,104,0
5898.42067128,5898.42047915,2583.53297799,2583.54127927,0.03233248,581.54503746,0.01998503,0.01998503,33882,104,0
5898.59487073,5898.59458813,2591.05920887,2591.07143118,0.05358371,581.56155104,0.01998503,0.01998503,33881,104,0
5898.76818754,5898.76870739,2598.59354366,2598.57103787,0.04688555,581.57694257,0.01998503,0.01998503,33880,104,0
5898.94270887,5898.94283693,2606.13609680,2606.13054666,0.05429061,581.59139150,0.01998503,0.01998503,33879,104,0
5899.11680042,5899.11697676,2613.68698346,2613.67933344,0.02589135,581.60475250,0.01998503,0.01998503,33878,104,0
5899.29077112,5899.29112687,2621.24632074,2621.23087053,0.05719990,581.61705116,0.01998503,0.01998503,33877,104,0
5899.46523596,5899.46528726,2628.81423517,2628.81200470,0.05161565,581.62832437,0.01998503,0.01998503,33876,104,0
5899.63958296,5899.63945794,2636.39085793,2636.39629968,0.03214306,581.63852592,0.01998503,0.01998503,33875,104,0
5899.81369553,5899.81363890,2643.97632104,2643.97878883,0.04062775,581.64764889,0.01998503,0.01998503,33874,104,0
5899.98794651,5899.98783015,2651.57075665,2651.57583265,0.03223240,581.65571031,0.01998503,0.01998503,33873,104,0
5900.16280793,5900.16203169,2659.17421817,2659.20811842,0.05159292,581.66272154,0.01998503,0.01998503,33872,104,0
5900.33668021,5900.33624352,2666.78661129,2666.80570376,0.04724708,581.66861829,0.01998503,0.01998503,33871,104,0
5900.51092620,5900.51046563,2674.40782491,2674.42798306,0.02446252,581.67344884,0.01998503,0.01998503,33870,104,0
5900.68476278,5900.68469804,2682.03774710,2682.04058374,0.04169861,581.67718827,0.01998503,0.01998503,33869,104,0
5900.85946700,5900.85894074,2689.67628295,2689.69936585,0.05490173,581.67985624,0.01998503,0.01998503,33868,104,0
5901.03337558,5901.03319373,2697.32349249,2697.33147748,0.03707522,581.68142327,0.01998503,0.01998503,33867,104,0
5901.20830947,5901.20745701,2704.97951661,2705.01698907,0.04683397,581.68190011,0.01998503,0.01998503,33866,104,0
5901.38097286,5901.38173059,2712.64449779,2712.61115221,0.03241630,581.68128597,0.01998503,0.01998503,33865,104,0
5901.55605072,5901.55601446,2720.31857836,2720.32017564,0.06833335,581.67955918,0.01998503,0.01998503,33864,104,0
5901.73048040,5901.73030863,2728.00177860,2728.00935477,0.03826615,581.67672955,0.01998503,0.01998503,33863,104,0
5901.90415343,5901.90461310,2735.69388286,2735.67358663,0.03918517,581.67280868,0.01998503,0.01998503,33862,104,0
5902.07913927,5902.07892786,2743.39464725,2743.40399141,0.05169068,581.66774113,0.01998503,0.01998503,33861,104,0
5902.25409443,5902.25325292,2751.10382616,2751.14105900,0.05335797,581.66155021,0.01998503,0.01998503,33860,104,0
5902.42797814,5902.42758829,2758.82122011,2758.83848654,0.04849791,581.65428019,0.01998503,0.01998503,33859,104,0
5902.60246458,5902.60193395,2766.54700123,2766.57052776,0.03662053,581.64586209,0.01998503,0.01998503,33858,104,0
5902.77622593,5902.77628991,2774.28151785,2774.27867823,0.04111655,581.63635737,0.01998503,0.01998503,33857,104,0
5902.95056483,5902.95065618,2782.02512172,2782.02106247,0.04484269,581.62569217,0.01998503,0.01998503,33856,104,0
5903.12557836,5903.12503275,2789.77816422,2789.80243749,0.04651448,581.61384412,0.01998503,0.01998503,33855,104,0
5903.29968643,5903.29941962,2797.54083503,2797.55271878,0.02269931,581.60091828,0.01998503,0.01998503,33854,104,0
5903.47294949,5903.47381680,2805.31307235,2805.27439716,0.06611229,581.58692354,0.01998503,0.01998503,33853,104,0
5903.64788611,5903.64822428,2813.09479232,2813.07969510,0.05829218,581.57164463,0.01998503,0.01998503,33852,104,0
5903.82229151,5903.82264207,2820.88591045,2820.87024216,0.05883184,581.55525917,0.01998503,0.01998503,33851,104,0
5903.99803654,5903.99707017,2828.68635088,2828.72959169,0.05977779,581.53757965,0.01998503,0.01998503,33850,104,0
5904.17120741,5904.17150858,2836.49608584,2836.48259471,0.02636990,581.51900837,0.01998503,0.01998503,33849,104,0
5904.34626890,5904.34595730,2844.31510314,2844.32907734,0.05744227,581.49906957,0.01998503,0.01998503,33848,104,0
5904.52058043,5904.52041633,2852.14339048,2852.15075816,0.04208474,581.47804886,0.01998503,0.01998503,33847,104,0
5904.69505568,5904.69488567,2859.98093322,2859.98857473,0.05777082,581.45583821,0.01998503,0.01998503,33846,104,0
5904.86940063,5904.86936532,2867.82766791,2867.82925665,0.04692536,581.43247114,0.01998503,0.01998503,33845,104,0
5905.04493825,5905.04385528,2875.68348308,2875.73226651,0.05530969,581.40775617,0.01998503,0.01998503,33844,104,0
5905.21875814,5905.21835556,2883.54826443,2883.56641858,0.02745696,581.38210507,0.01998503,0.01998503,33843,104,0
5905.39246983,5905.39286616,2891.42189697,2891.40400577,0.05633561,581.35529562,0.01998503,0.01998503,33842,104,0
5905.56739201,5905.56738707,2899.30437783,2899.30460140,0.06708537,581.32710951,0.01998503,0.01998503,33841,104,0
5905.74189308,5905.74191829,2907.19601163,2907.19487116,0.04642736,581.29779684,0.01998503,0.01998503,33840,104,0
5905.91615180,5905.91645984,2915.09715696,2915.08320472,0.03124797,581.26732923,0.01998503,0.01998503,33839,104,0
5906.09029091,5906.09101170,2923.00817501,2922.97548755,0.04220726,581.23568360,0.01998503,0.01998503,33838,104,0
5906.26518554,5906.26557388,2930.92938142,2930.91174859,0.02816363,581.20268892,0.01998503,0.01998503,33837,104,0
5906.44023727,5906.44014639,2938.86070801,2938.86483954,0.04691757,581.16844467,0.01998503,0.01998503,33836,104,0
5906.61502045,5906.61472921,2946.80190017,2946.81515551,0.05050060,581.13303222,0.01998503,0.01998503,33835,104,0
5906.78944207,5906.78932236,2954.75270019,2954.75815481,0.06315255,581.09647414,0.01998503,0.01998503,33834,104,0
5906.96389157,5906.96392583,2962.71285668,2962.71129409,0.06342993,581.05868957,0.01998503,0.01998503,33833,104,0
5907.13886006,5907.13853963,2970.68237104,2970.69700441,0.04776293,581.01956251,0.01998503,0.01998503,33832,104,0
5907.31319289,5907.31316375,2978.66154125,2978.66287370,0.05476744,580.97934702,0.01998503,0.01998503,33831,104,0
5907.48872291,5907.48779819,2986.65068416,2986.69301395,0.05154291,580.93760863,0.01998503,0.01998503,33830,104,0
5907.66275135,5907.66244296,2994.65011877,2994.66425284,0.03188390,580.89498646,0.01998503,0.01998503,33829,104,0
5907.83599908,5907.83709806,3002.66006402,3002.60963161,0.06386953,580.85132287,0.01998503,0.01998503,33828,104,0
5908.01212974,5908.01176349,3010.68046322,3010.69729129,0.05932377,580.80566788,0.01998503,0.01998503,33827,104,0
5908.18643912,5908.18643925,3018.71121270,3018.71120667,0.04888254,580.75922571,0.01998503,0.01998503,33826,104,0
5908.36174069,5908.36112534,3026.75220800,3026.78055034,0.04611103,580.71125200,0.01998503,0.01998503,33825,104,0
5908.53568246,5908.53582176,3034.80337156,3034.79694783,0.04441599,580.66239062,0.01998503,0.01998503,33824,104,0
5908.71048804,5908.71052852,3042.86480320,3042.86293431,0.04270145,580.61201746,0.01998503,0.01998503,33823,104,0
5908.88584107,5908.88524560,3050.93667363,3050.96420133,0.04774060,580.56020285,0.01998503,0.01998503,33822,104,0
5909.06007158,5909.05997302,3059.01915499,3059.02371692,0.05459587,580.50744107,0.01998503,0.01998503,33821,104,0
5909.23453121,5909.23471078,3067.11240034,3067.10407792,0.04363808,580.45332715,0.01998503,0.01998503,33820,104,0
5909.40909548,5909.40945887,3075.21623675,3075.19937435,0.06690118,580.39789272,0.01998503,0.01998503,33819,104,0
5909.58508396,5909.58421730,3083.33022536,3083.37048736,0.08052943,580.34070039,0.01998504,0.01998503,33818,104,0
5909.75918745,5909.75898607,3091.45391635,3091.46328228,0.02384735,580.28282970,0.01998503,0.01998503,33817,104,0
5909.93368417,5909.93376517,3099.58686364,3099.58309244,0.06228786,580.22353920,0.01998503,0.01998503,33816,104,0
5910.10819618,5910.10855462,3107.72903105,3107.71232478,0.05350527,580.16294920,0.01998503,0.01998503,33815,104,0
5910.28338470,5910.28335441,3115.88101053,3115.88242434,0.04049670,580.10081403,0.01998503,0.01998503,33814,104,0
5910.45803786,5910.45816453,3124.04345121,3124.03753245,0.05734056,580.03755273,0.01998503,0.01998503,33813,104,0
5910.63262837,5910.63298500,3132.21700690,3132.20032163,0.05544248,579.97299122,0.01998503,0.01998503,33812,104,0
5910.80742371,5910.80781582,3140.40210350,3140.38373371,0.05349691,579.90702081,0.01998503,0.01998503,33811,104,0
5910.98290953,5910.98265698,3148.59852246,3148.61036957,0.06492528,579.83944481,0.01998503,0.01998503,33810,104,0
5911.15663488,5911.15750848,3156.80593183,3156.76490001,0.05326635,579.77121733,0.01998503,0.01998503,33809,104,0
5911.33198658,5911.33237033,3165.02399697,3165.00595096,0.04744619,579.70100798,0.01998503,0.01998503,33808,104,0
5911.50650359,5911.50724252,3173.25246044,3173.21766948,0.05319432,579.62979082,0.01998503,0.01998503,33807,104,0
5911.68224479,5911.68212507,3181.49145960,3181.49710347,0.07006004,579.55671548,0.01998503,0.01998503,33806,104,0
5911.85740780,5911.85701796,3189.74125588,3189.75965655,0.04696126,579.48251704,0.01998503,0.01998503,33805,104,0
5912.03146975,5912.03192120,3198.00211275,3197.98077616,0.05154565,579.40742958,0.01998503,0.01998503,33804,104,0
5912.20697328,5912.20683480,3206.27426166,3206.28081518,0.06524243,579.33034534,0.01998503,0.01998503,33803,104,0
5912.38161629,5912.38175874,3214.55764570,3214.55089555,0.05072114,579.25226435,0.01998503,0.01998503,33802,104,0
5912.55646756,5912.55669304,3222.85206045,3222.84136266,0.04052276,579.17271364,0.01998503,0.01998503,33801,104,0
5912.73239598,5912.73163769,3231.15729868,3231.19331974,0.03115757,579.09127997,0.01998504,0.01998503,33800,104,0
5912.90680351,5912.90659269,3239.47316995,3239.48319626,0.08077896,579.00916848,0.01998503,0.01998503,33799,104,0
5913.08191218,5913.08155805,3247.79975209,3247.81661569,0.03852947,578.92533742,0.01998503,0.01998503,33798,104,0
5913.25632030,5913.25653377,3256.13732739,3256.12714917,0.04368478,578.84045040,0.01998503,0.01998503,33797,104,0
5913.43245391,5913.43151984,3264.48618535,3264.53078065,0.05094456,578.75330652,0.01998504,0.01998503,33796,104,0
5913.60588234,5913.60651628,3272.84661139,3272.81630492,0.05210459,578.66610189,0.01998503,0.01998503,33795,104,0
5913.78056167,5913.78152307,3281.21873209,3281.17270933,0.04126516,578.57685859,0.01998503,0.01998503,33794,104,0
5913.95654630,5913.95654022,3289.60250581,3289.60279761,0.04864010,578.48551315,0.01998503,0.01998503,33793,104,0
5914.13142791,5914.13156773,3297.99788244,3297.99117149,0.06350933,578.39330865,0.01998503,0.01998503,33792,104,0
5914.30676097,5914.30660560,3306.40481163,3306.41227902,0.02901422,578.29942905,0.01998503,0.01998503,33791,104,0
5914.48209646,5914.48165384,3314.82325133,3314.84455221,0.06668543,578.20410465,0.01998504,0.01998503,33790,104,0
5914.65703607,5914.65671243,3323.25317126,3323.26876606,0.05116853,578.10755223,0.01998503,0.01998503,33789,104,0
5914.83275649,5914.83178140,3331.69454167,3331.74158863,0.05809124,578.00911292,0.01998504,0.01998503,33788,104,0
5915.00726490,5915.00686073,3340.14733407,3340.16686018,0.04319561,577.90990385,0.01998504,0.01998503,33787,104,0
5915.18177542,5915.18195042,3348.61164126,3348.60317573,0.07000898,577.80924382,0.01998503,0.01998503,33786,104,0
5915.35708498,5915.35705048,3357.08776410,3357.08943510,0.04365199,577.70665450,0.01998503,0.01998503,33785,104,0
5915.53211485,5915.53216091,3365.57602613,3365.57379145,0.05765096,577.60275150,0.01998503,0.01998503,33784,104,0
5915.73234812,5915.70728171,0.00000000,3375.29977924,0.04733023,577.48199895,0.01998512,0.01998503,33783,104,1
5915.73234812,5915.70728171,0.00000000,3375.29977924,0.04733023,577.48199895,0.01998512,0.01998503,33783,104,1
5915.88405600,5915.88241288,0.00000000,3382.67439909,0.06143550,577.38926928,0.01998504,0.01998503,33782,104,1
5916.05736246,5916.05755442,3391.11581476,3391.10646374,0.05313286,577.28200629,0.01998503,0.01998503,33781,104,0
5916.23229625,5916.23270633,3399.65367284,3399.63366995,0.05002024,577.17219121,0.01998503,0.01998503,33780,104,0
5916.40883350,5916.40786862,3408.20339805,3408.25052523,0.04763819,577.05985111,0.01998504,0.01998503,33779,104,0
5916.58298957,5916.58304128,3416.76484178,3416.76231315,0.03244690,576.94752840,0.01998503,0.01998503,33778,104,0
5916.75842699,5916.75822431,3425.33811085,3425.34803644,0.05729636,576.83286857,0.01998504,0.01998503,33777,104,0
5916.93491167,5916.93341772,0.00000000,3433.99488857,0.03342489,576.71601057,0.01998504,0.01998503,33776,104,1
5917.10927356,5917.10862150,3442.52069293,3442.55271186,0.04059062,576.59899060,0.01998504,0.01998503,33775,104,0
5917.28343764,5917.28383566,3451.13030305,3451.11073179,0.04609886,576.48060998,0.01998503,0.01998503,33774,104,0
5917.45861217,5917.45906020,3459.75235602,3459.73029494,0.06607977,576.36000559,0.01998503,0.01998503,33773,104,0
5917.63558114,5917.63429512,3468.38703520,3468.45044868,0.06293069,576.23659237,0.01998504,0.01998503,33772,104,0
5917.81032611,5917.80954042,3477.03452490,3477.07332278,0.04685425,576.11317012,0.01998504,0.01998503,33771,104,0
5917.98436307,5917.98479610,3485.69490708,3485.67349365,0.05957857,575.98870043,0.01998503,0.01998503,33770,104,0
5918.15985660,5918.16006216,3494.36803670,3494.35785737,0.03881754,575.86162167,0.01998503,0.01998503,33769,104,0
5918.33537306,5918.33533861,3503.05373719,3503.05544565,0.06582998,575.73294906,0.01998504,0.01998503,33768,104,0
5918.51011804,5918.51062543,3511.75183035,3511.72663570,0.03363404,575.60327218,0.01998503,0.01998503,33767,104,0
5918.68819495,5918.68592265,0.00000000,3520.56654999,0.05714100,575.46963867,0.01998504,0.01998503,33766,104,1
5918.86153739,5918.86123024,3529.18446407,3529.19975592,0.06141080,575.33773338,0.01998504,0.01998503,33765,104,0
5919.03692814,5919.03654823,3537.91863004,3537.93756888,0.05980616,575.20282475,0.01998504,0.01998504,33764,104,0
5919.21244780,5919.21187660,3546.66444779,3546.69295851,0.04658959,575.06622719,0.01998504,0.01998504,33763,104,0
5919.38805052,5919.38721536,3555.42214437,3555.46388687,0.04962529,574.92796465,0.01998504,0.01998504,33762,104,0
5919.56281800,5919.56256451,3564.19265371,3564.20534197,0.05268141,574.78875031,0.01998504,0.01998504,33761,104,0
5919.73804697,5919.73792405,3572.97698677,3572.98314909,0.06310317,574.64753440,0.01998504,0.01998504,33760,104,0
5919.91329216,5919.91329398,3581.77614432,3581.77605301,0.03616463,574.50464657,0.01998504,0.01998504,33759,104,0
5920.08913850,5920.08867431,3590.59029003,3590.61363776,0.06248527,574.35959171,0.01998504,0.01998504,33758,104,0
5920.26452429,5920.26406502,3599.41842432,3599.44155793,0.03659377,574.21325349,0.01998504,0.01998504,33757,104,0
5920.43971265,5920.43946613,3608.25945373,3608.27188766,0.02548071,574.06543375,0.01998504,0.01998504,33756,104,0
5920.61515836,5920.61487764,3617.11232095,3617.12649754,0.02203820,573.91576009,0.01998504,0.01998504,33755,104,0
5920.78986331,5920.79029954,3625.97711951,3625.95506005,0.05994182,573.76508389,0.01998503,0.01998504,33754,104,0
5920.96521268,5920.96573183,3634.85516338,3634.82887076,0.05983145,573.61218389,0.01998503,0.01998504,33753,104,0
5921.14153466,5921.14117453,3643.74783629,3643.76610601,0.06052150,573.45672039,0.01998504,0.01998504,33752,104,0
5921.31621321,5921.31662762,3652.65643717,3652.63537727,0.05493310,573.30098027,0.01998503,0.01998504,33751,104,0
5921.49388615,5921.49209111,0.00000000,3661.68138123,0.06046323,573.14064007,0.01998504,0.01998504,33750,104,1
5921.66872484,5921.66756500,3670.51992520,3670.57905440,0.04372862,572.98145473,0.01998504,0.01998504,33749,104,0
5921.84287467,5921.84304930,3679.47241694,3679.46350202,0.05300841,572.82104742,0.01998504,0.01998504,33748,104,0
5922.01957061,5922.01854399,3688.43726519,3688.48974285,0.03088440,572.65658774,0.01998504,0.01998504,33747,104,0
5922.19440386,5922.19404909,3697.41474005,3697.43290024,0.06181071,572.49215869,0.01998504,0.01998504,33746,104,0
5922.36963214,5922.36956459,3706.40579892,3706.40926193,0.04353491,572.32563486,0.01998504,0.01998504,33745,104,0
5922.54543021,5922.54509050,3715.41141340,3715.42885692,0.03764721,572.15681148,0.01998504,0.01998504,33744,104,0
5922.72124817,5922.72062681,3724.43234485,3724.46430269,0.04105587,571.98618661,0.01998504,0.01998504,33743,104,0
5922.89716674,5922.89617353,3733.46826894,3733.51943208,0.03225357,571.81367927,0.01998504,0.01998504,33742,104,0
5923.07031561,5923.07173066,0.00000000,3742.43516136,0.04298045,571.64235021,0.01998503,0.01998504,33741,104,1
5923.24720440,5923.24729820,3751.58241944,3751.57757371,0.04743602,571.46514305,0.01998504,0.01998504,33740,104,0
5923.42256696,5923.42287614,3760.65953157,3760.64353610,0.04341680,571.28789614,0.01998504,0.01998504,33739,104,0
5923.59876277,5923.59846450,3769.75007856,3769.76553176,0.05160427,571.10802475,0.01998504,0.01998504,33738,104,0
5923.77366380,5923.77406326,3778.85440217,3778.83367551,0.03801610,570.92769537,0.01998504,0.01998504,33737,104,0
5923.94907845,5923.94967244,3787.97284583,3787.94197955,0.06096077,570.74504223,0.01998504,0.01998504,33736,104,0
5924.12580400,5924.12529204,3797.10566951,3797.13231360,0.04711422,570.55919517,0.01998504,0.01998504,33735,104,0
5924.30109849,5924.30092204,3806.25300298,3806.26219983,0.03904613,570.37303023,0.01998504,0.01998504,33734,104,0
5924.47651947,5924.47656247,3815.41496594,3815.41272157,0.04064139,570.18490443,0.01998504,0.01998504,33733,104,0
5924.65219048,5924.65221330,3824.59167436,3824.59048101,0.05044777,569.99467025,0.01998504,0.01998504,33732,104,0
5924.82758296,5924.82787456,3833.78316700,3833.76789717,0.05992870,569.80289286,0.01998504,0.01998504,33731,104,0
5925.00323082,5925.00354623,3842.98941914,3842.97287692,0.06254719,569.60898252,0.01998504,0.01998504,33730,104,0
5925.17809177,5925.17922832,3852.21040381,3852.15070419,0.04044546,569.41409206,0.01998503,0.01998504,33729,104,0
5925.35354654,5925.35492083,0.00000000,3861.37601188,0.04464101,569.21663182,0.01998503,0.01998504,33728,104,1
5925.53123430,5925.53062376,3870.69722812,3870.72940042,0.06748630,569.01483211,0.01998504,0.01998504,33727,104,0
5925.70591149,5925.70633712,3879.96430302,3879.94183644,0.04702458,568.81450096,0.01998504,0.01998504,33726,104,0
5925.88173603,5925.88206089,3889.24811315,3889.23093486,0.05763819,568.61092295,0.01998504,0.01998504,33725,104,0
5926.05827949,5926.05779509,3898.54898908,3898.57464843,0.06797528,568.40454800,0.01998504,0.01998504,33724,104,0
5926.23307190,5926.23353971,3907.86616786,3907.84134635,0.07144089,568.19828952,0.01998504,0.01998504,33723,104,0
5926.41025494,5926.40929476,3917.19869158,3917.24971550,0.06980363,567.98726366,0.01998504,0.01998504,33722,104,0
5926.58455609,5926.58506023,3926.54562543,3926.51879658,0.06139485,567.77777196,0.01998504,0.01998504,33721,104,0
5926.76099956,5926.76083614,3935.90707573,3935.91578646,0.05611103,567.56377873,0.01998504,0.01998504,33720,104,0
5926.93613341,5926.93662246,3945.28439748,3945.25828613,0.04643880,567.34941914,0.01998504,0.01998504,33719,104,0
5927.11236636,5927.11241922,3954.67903174,3954.67620422,0.03948023,567.13170742,0.01998504,0.01998504,33718,104,0
5927.28839696,5927.28822641,3964.09218118,3964.10132122,0.08691133,566.91219956,0.01998504,0.01998504,33717,104,0
5927.46363451,5927.46404403,3973.52296804,3973.50098304,0.07597947,566.69166118,0.01998504,0.01998504,33716,104,0
5927.63930079,5927.63987208,3982.96947213,3982.93875677,0.06075990,566.46859789,0.01998504,0.01998504,33715,104,0
5927.81603752,5927.81571056,3992.42974725,3992.44734887,0.05339707,566.24220874,0.01998504,0.01998504,33714,104,0
5927.99158929,5927.99155948,4001.90282349,4001.90443080,0.06354502,566.01540156,0.01998504,0.01998504,33713,104,0
5928.16760561,5928.16741883,4011.39052284,4011.40060814,0.06388724,565.78600700,0.01998504,0.01998504,33712,104,0
5928.34247016,5928.34328861,4020.89517495,4020.85090092,0.04051210,565.55608002,0.01998504,0.01998504,33711,104,0
5928.51920436,5928.51916884,4030.41905156,4030.42097706,0.04852138,565.32157096,0.01998504,0.01998504,33710,104,0
5928.69540526,5928.69505950,4039.96252174,4039.98129968,0.06191863,565.08562562,0.01998504,0.01998504,33709,104,0
5928.87201453,5928.87096059,4049.52400794,4049.58134619,0.09588878,564.84701543,0.01998504,0.01998504,33708,104,0
5929.04591391,5929.04687213,4059.10182923,4059.04961765,0.05278987,564.61002752,0.01998504,0.01998504,33707,104,0
5929.22579772,5929.22279411,0.00000000,4068.84094942,0.06764619,564.36322738,0.01998505,0.01998504,33706,104,1
5929.39730472,5929.39872653,0.00000000,4078.20719666,0.03253190,564.12549985,0.01998503,0.01998504,33705,104,1
5929.57134031,5929.57466938,0.00000000,4087.72754374,0.06702933,563.88221599,0.01998503,0.01998504,33704,104,1
5885.06747027,5885.04488843,0.00000000,12.28159020,0.32865284,557.38713967,0.01998510,0.01998502,33959,103,1
5885.06747027,5885.04488843,0.00000000,12.28159020,0.32865284,557.38713967,0.01998510,0.01998502,33959,103,1
5885.23682001,5885.21820852,0.00000000,17.66319638,0.21220908,557.65810307,0.01998509,0.01998502,33958,103,1
nan,nan,0.00000000,-1.00000000,0.00000000,557.87606997,nan,0.00000000,-2147483648,103,1
5885.56139457,5885.56487935,0.00000000,27.98539822,0.25836479,558.17632206,0.01998501,0.01998502,33956,103,1
5885.73533209,5885.73823008,0.00000000,33.52125958,0.11383160,558.45343214,0.01998501,0.01998502,33955,103,1
5885.92297316,5885.91159103,0.00000000,39.49659833,0.07764021,558.75190344,0.01998506,0.01998502,33954,103,1
nan,nan,0.00000000,-1.00000000,0.00000000,558.97641311,nan,0.00000000,-2147483648,103,1
5886.24901972,5886.25834357,0.00000000,49.88765371,0.38740950,559.26936504,0.01998499,0.01998502,33952,103,1
5886.42264814,5886.43173516,0.00000000,55.42545456,0.09607911,559.54432257,0.01998499,0.01998502,33951,103,1
5886.60753077,5886.60513697,0.00000000,61.32548833,0.08152526,559.83663947,0.01998503,0.01998502,33950,103,1
5886.78428176,5886.77854900,0.00000000,66.96919570,0.16660932,560.11565246,0.01998504,0.01998502,33949,103,1
5886.95726415,5886.95197125,0.00000000,72.49557978,0.12948440,560.38829269,0.01998504,0.01998502,33948,103,1
5887.12955068,5887.12540372,0.00000000,78.00269679,0.12513187,560.65941880,0.01998504,0.01998502,33947,103,1
5887.28665870,5887.29884640,0.00000000,83.02721753,0.08017702,560.90629493,0.01998498,0.01998502,33946,103,1
5887.45980543,5887.47229931,0.00000000,88.56753649,0.16404980,561.17797147,0.01998498,0.01998502,33945,103,1
5887.64961573,5887.64576245,0.00000000,94.64450447,0.20386599,561.47530838,0.01998504,0.01998502,33944,103,1
5887.64961573,5887.64576245,0.00000000,94.64450447,0.20386599,561.47530838,0.01998504,0.01998502,33944,103,1
5887.81543669,5887.81923580,0.00000000,99.95638899,0.21609488,561.73464971,0.01998501,0.01998502,33943,103,1
5888.00117494,5887.99271938,0.00000000,105.90958383,0.07513582,562.02467948,0.01998505,0.01998502,33942,103,1
5888.15970757,5888.16621319,0.00000000,110.99354601,0.05257957,562.27184111,0.01998500,0.01998502,33941,103,1
5888.34656369,5888.33971722,0.00000000,116.98906697,0.13218555,562.56270274,0.01998505,0.01998503,33940,103,1
5888.51618265,5888.51323148,0.00000000,122.43456800,0.17362400,562.82630312,0.01998504,0.01998503,33939,103,1
5888.69126556,5888.68675597,0.00000000,128.05854137,0.17111093,563.09796520,0.01998504,0.01998503,33938,103,1
5888.86214970,5888.86029069,133.48974756,133.54951251,0.04686650,563.36263639,0.01998503,0.01998503,33937,103,0
5889.03646570,5889.03383563,0.00000000,139.15609974,0.09151406,563.63230308,0.01998503,0.01998503,33936,103,1
5889.20907420,5889.20739081,144.65474451,144.70892324,0.18812948,563.89880883,0.01998503,0.01998503,33935,103,0
5889.37711951,5889.38095622,0.00000000,150.11939844,0.11230039,564.15793217,0.01998501,0.01998503,33934,103,1
5889.55631814,5889.55453186,155.83326711,155.89081907,0.10338794,564.43374335,0.01998503,0.01998503,33933,103,0
5889.72468828,5889.72811774,0.00000000,161.31746635,0.05223644,564.69251415,0.01998501,0.01998503,33932,103,1
5889.90222092,5889.90171385,167.02493316,167.04128751,0.19923590,564.96486343,0.01998503,0.01998503,33931,103,0
5890.07252319,5890.07532019,0.00000000,172.53651488,0.16072569,565.22576363,0.01998502,0.01998503,33930,103,1
5890.25198269,5890.24893677,0.00000000,178.32966031,0.03401734,565.50020131,0.01998504,0.01998503,33929,103,1
5890.42256224,5890.42256359,183.83646451,183.83642091,0.11473930,565.76049456,0.01998503,0.01998503,33928,103,0
5890.59666810,5890.59620065,189.44693244,189.46204073,0.04754407,566.02582474,0.01998503,0.01998503,33927,103,0
5890.76098171,5890.76984794,0.00000000,194.77879021,0.09873880,566.27604713,0.01998500,0.01998503,33926,103,1
5890.94076253,5890.94350548,0.00000000,200.59511297,0.08615929,566.54917988,0.01998502,0.01998503,33925,103,1
5891.11386527,5891.11717325,0.00000000,206.19855793,0.11134301,566.81172193,0.01998501,0.01998503,33924,103,1
5891.28938788,5891.29085127,211.92514569,211.87773361,0.15996757,567.07721740,0.01998502,0.01998503,33923,103,0
5891.46164208,5891.46453953,0.00000000,217.46574762,0.12429303,567.33786664,0.01998502,0.01998503,33922,103,1
5891.64049048,5891.63823803,0.00000000,223.26495274,0.04644552,567.60775366,0.01998503,0.01998503,33921,103,1
5891.81384248,5891.81194678,228.82307061,228.88459625,0.06024735,567.86868836,0.01998503,0.01998503,33920,103,0
5891.98677128,5891.98566577,234.46269547,234.49859445,0.08834229,568.12877538,0.01998503,0.01998503,33919,103,0
5892.15395045,5892.15939501,0.00000000,239.93265228,0.07426826,568.37996864,0.01998501,0.01998503,33918,103,1
5892.33086958,5892.33313450,0.00000000,245.68213946,0.05670391,568.64514580,0.01998502,0.01998503,33917,103,1
5892.51078764,5892.50688423,0.00000000,251.53247104,0.02971039,568.91434395,0.01998504,0.01998503,33916,103,1
5892.68032029,5892.68064421,257.05352057,257.04298028,0.13502244,569.16732411,0.01998503,0.01998503,33915,103,0
5892.86045232,5892.85441445,0.00000000,262.91218234,0.08813036,569.43615114,0.01998505,0.01998503,33914,103,1
5893.03050951,5893.02819493,268.36897080,268.44437106,0.06954805,569.68895621,0.01998503,0.01998503,33913,103,0
5893.20222631,5893.20198566,274.03204748,274.03989126,0.09034597,569.94407708,0.01998503,0.01998503,33912,103,0
5893.37583783,5893.37578665,279.69882018,279.70048947,0.08900499,570.20157336,0.01998503,0.01998503,33911,103,0
5893.55248822,5893.54959789,0.00000000,285.47251913,0.06380050,570.46352568,0.01998504,0.01998503,33910,103,1
5893.72273957,5893.72341938,291.04354094,291.02134241,0.10411943,570.71476477,0.01998502,0.01998503,33909,103,0
5893.89845094,5893.89725113,296.72147599,296.76067759,0.06629296,570.97402808,0.01998503,0.01998503,33908,103,0
5894.07218040,5894.07109314,302.40311848,302.43866379,0.11007399,571.22991793,0.01998503,0.01998503,33907,103,0
5894.24537821,5894.24494540,308.08846157,308.10261958,0.08665332,571.48457874,0.01998503,0.01998503,33906,103,0
5894.41709015,5894.41880792,313.77749932,313.72127496,0.09093051,571.73661390,0.01998502,0.01998503,33905,103,0
5894.59405117,5894.59268070,319.47023681,319.51512031,0.05265031,571.99589328,0.01998503,0.01998503,33904,103,0
5894.76749841,5894.76656374,325.16668679,325.19731582,0.07609041,572.24957047,0.01998503,0.01998503,33903,103,0
5894.94025061,5894.94045704,330.86686223,330.86009332,0.11083451,572.50178391,0.01998503,0.01998503,33902,103,0
5895.11668745,5895.11436060,336.57077609,336.64711830,0.07405784,572.75891560,0.01998503,0.01998503,33901,103,0
5895.28582911,5895.28827443,0.00000000,342.20481265,0.07548156,573.00527178,0.01998502,0.01998503,33900,103,1
5895.46121464,5895.46219851,347.98986885,347.95755033,0.10281838,573.25966912,0.01998502,0.01998503,33899,103,0
5895.63385177,5895.63613286,0.00000000,353.63484410,0.07535354,573.51012726,0.01998502,0.01998503,33898,103,1
5895.80337873,5895.81007748,0.00000000,359.20737264,0.10642797,573.75538110,0.01998500,0.01998503,33897,103,1
5895.98299227,5895.98403236,365.14636471,365.11213972,0.07532197,574.01462744,0.01998502,0.01998503,33896,103,0
5896.15825958,5896.15799751,370.87242533,370.88105366,0.10776223,574.26728341,0.01998503,0.01998503,33895,103,0
5896.33212182,5896.33197293,376.60201151,376.60691642,0.07038538,574.51744230,0.01998503,0.01998503,33894,103,0
5896.50610514,5896.50595861,382.33507379,382.33990329,0.04717272,574.76730195,0.01998503,0.01998503,33893,103,0
5896.68128208,5896.67995457,388.07162598,388.11540552,0.07448922,575.01839684,0.01998503,0.01998503,33892,103,0
5896.85317608,5896.85396079,393.81173178,393.78583832,0.05829486,575.26432056,0.01998503,0.01998503,33891,103,0
5897.02978799,5897.02797729,399.55545644,399.61523935,0.06669888,575.51651562,0.01998503,0.01998503,33890,103,0
5897.20280809,5897.20200406,405.30286547,405.32942724,0.04903605,575.76311320,0.01998503,0.01998503,33889,103,0
5897.37509940,5897.37604110,411.05402463,411.02289611,0.08788778,576.00821297,0.01998503,0.01998503,33888,103,0
5897.55047558,5897.55008842,416.80899713,416.82180279,0.04793596,576.25723234,0.01998503,0.01998503,33887,103,0
5897.72377157,5897.72414601,422.56780511,422.55541285,0.02654014,576.50283309,0.01998503,0.01998503,33886,103,0
5897.89662727,5897.89821388,428.33043916,428.27789756,0.10701434,576.74734790,0.01998502,0.01998503,33885,103,0
5898.07476040,5898.07229202,0.00000000,434.17599528,0.05322880,576.99872932,0.01998504,0.01998503,33884,103,1
5898.24841430,5898.24638045,439.86714447,439.93457823,0.06620644,577.24354052,0.01998504,0.01998503,33883,103,0
5898.42111393,5898.42047915,445.64119511,445.66225430,0.05545524,577.48642619,0.01998503,0.01998503,33882,103,0
5898.59559611,5898.59458813,451.41903117,451.45249118,0.02602593,577.73134479,0.01998503,0.01998503,33881,103,0
5898.76905031,5898.76870739,457.20065029,457.21204024,0.04774839,577.97434691,0.01998503,0.01998503,33880,103,0
5898.94599558,5898.94283693,0.00000000,463.08469329,0.11317645,578.22148590,0.01998504,0.01998503,33879,103,1
5899.11642020,5899.11697676,468.77524935,468.75674149,0.09089427,578.45957402,0.01998503,0.01998503,33878,103,0
5899.28968102,5899.29112687,474.56823529,474.52012597,0.06265987,578.70088326,0.01998502,0.01998503,33877,103,0
5899.46584562,5899.46528726,480.36501619,480.38360619,0.05234941,578.94574956,0.01998503,0.01998503,33876,103,0
5899.63829340,5899.63945794,486.16559080,486.12679570,0.12839213,579.18497255,0.01998503,0.01998503,33875,103,0
5899.81880579,5899.81363890,0.00000000,492.13195977,0.08557791,579.43445162,0.01998505,0.01998503,33874,103,1
5899.98672229,5899.98783015,497.77790702,497.74095760,0.06201672,579.66686656,0.01998503,0.01998503,33873,103,0
5900.16129752,5900.16203169,503.58949948,503.56499986,0.07754766,579.90757291,0.01998503,0.01998503,33872,103,0
5900.33574740,5900.33624352,509.40461464,509.38805019,0.05534781,580.14760755,0.01998503,0.01998503,33871,103,0
5900.51029226,5900.51046563,515.22317698,515.21738516,0.09027149,580.38726955,0.01998503,0.01998503,33870,103,0
5900.68530687,5900.68469804,521.04513349,521.06548283,0.06363090,580.62706785,0.01998503,0.01998503,33869,103,0
5900.85846088,5900.85894074,526.87061664,526.85456896,0.09623822,580.86381985,0.01998503,0.01998503,33868,103,0
5901.03401969,5901.03319373,532.69984986,532.72748909,0.07090437,581.10336334,0.01998503,0.01998503,33867,103,0
5901.20854190,5901.20745701,538.53305810,538.56938512,0.09034764,581.34100491,0.01998503,0.01998503,33866,103,0
5901.38117093,5901.38173059,544.37046716,544.35171447,0.05080465,581.57559819,0.01998503,0.01998503,33865,103,0
5901.55618135,5901.55601446,550.21230378,550.21789987,0.05279587,581.81295797,0.01998503,0.01998503,33864,103,0
5901.73021660,5901.73030863,556.05874077,556.05565256,0.09256909,582.04853176,0.01998503,0.01998503,33863,103,0
5901.90332195,5901.90461310,561.90962892,561.86627456,0.03926991,582.28238113,0.01998503,0.01998503,33862,103,0
5902.07646461,5902.07892786,0.00000000,567.67400844,0.06534076,582.51548658,0.01998502,0.01998503,33861,103,1
5902.25495963,5902.25325292,573.62368709,573.68106544,0.08495649,582.75593205,0.01998504,0.01998503,33860,103,0
5902.42678727,5902.42758829,579.48631836,579.45937443,0.06814022,582.98658785,0.01998503,0.01998503,33859,103,0
5902.60154572,5902.60193395,585.35232342,585.33925817,0.03194214,583.22066055,0.01998503,0.01998503,33858,103,0
5902.77885687,5902.77628991,0.00000000,591.29771787,0.08421071,583.45720504,0.01998504,0.01998503,33857,103,1
5902.94908749,5902.95065618,597.09408007,597.04123313,0.03505932,583.68459115,0.01998503,0.01998503,33856,103,0
5903.12588119,5903.12503275,602.97027204,602.99887145,0.05345142,583.91980581,0.01998503,0.01998503,33855,103,0
5903.30051126,5903.29941962,608.85036182,608.88718212,0.04997620,584.15163433,0.01998503,0.01998503,33854,103,0
5903.47193686,5903.47381680,614.73461726,614.67116566,0.04339215,584.37872722,0.01998502,0.01998503,33853,103,0
5903.64665859,5903.64822428,620.62330705,620.57042423,0.10113952,584.60970476,0.01998503,0.01998503,33852,103,0
5903.82232339,5903.82264207,626.51657643,626.50580501,0.03370029,584.84144300,0.01998503,0.01998503,33851,103,0
5903.99730665,5903.99707017,632.41424685,632.42224525,0.06239762,585.07178924,0.01998503,0.01998503,33850,103,0
5904.17183665,5904.17150858,638.31608698,638.32718992,0.08615119,585.30103834,0.01998503,0.01998503,33849,103,0
5904.34353410,5904.34595730,0.00000000,644.13361471,0.03262769,585.52582976,0.01998502,0.01998503,33848,103,1
5904.52080514,5904.52041633,650.13134610,650.14451993,0.04086681,585.75787644,0.01998503,0.01998503,33847,103,0
5904.69574692,5904.69488567,656.04430028,656.07349670,0.06280921,585.98610152,0.01998503,0.01998503,33846,103,0
5904.87011183,5904.86936532,661.96067503,661.98599530,0.05218696,586.21304071,0.01998503,0.01998503,33845,103,0
5905.04282109,5905.04385528,667.88071067,667.84561256,0.03728789,586.43730816,0.01998503,0.01998503,33844,103,0
5905.21746347,5905.21835556,673.80467516,673.77438080,0.08273771,586.66357176,0.01998503,0.01998503,33843,103,0
5905.39414700,5905.39286616,679.73283759,679.77636315,0.04162434,586.89196298,0.01998504,0.01998503,33842,103,0
5905.56772264,5905.56738707,685.66546812,685.67687958,0.07812057,587.11583946,0.01998503,0.01998503,33841,103,0
5905.74120677,5905.74191829,691.60282625,691.57861195,0.07349482,587.33911374,0.01998503,0.01998503,33840,103,0
5905.91512471,5905.91645984,697.54491539,697.49944634,0.01326526,587.56245910,0.01998503,0.01998503,33839,103,0
5906.09258837,5906.09101170,703.49148919,703.54522063,0.08860362,587.78984399,0.01998504,0.01998503,33838,103,0
5906.26611411,5906.26557388,709.44228996,709.46071185,0.04983609,588.01167019,0.01998503,0.01998503,33837,103,0
5906.44023116,5906.44014639,715.39705898,715.39995161,0.09272748,588.23373151,0.01998503,0.01998503,33836,103,0
5906.61392121,5906.61472921,721.35553640,721.32795195,0.06501092,588.45471769,0.01998503,0.01998503,33835,103,0
5906.79070986,5906.78932236,727.31749242,727.36488485,0.07734156,588.67909225,0.01998504,0.01998503,33834,103,0
5906.96334854,5906.96392583,733.28298712,733.26325807,0.04852498,588.89766156,0.01998503,0.01998503,33833,103,0
5907.13793953,5907.13853963,739.25223959,739.23171887,0.06562391,589.11816862,0.01998503,0.01998503,33832,103,0
5907.31448190,5907.31316375,745.22547147,745.27057477,0.07163316,589.34060135,0.01998504,0.01998503,33831,103,0
5907.48948873,5907.48779819,751.20290529,751.26078912,0.04883753,589.56057154,0.01998504,0.01998503,33830,103,0
5907.66140616,5907.66244296,757.18476451,757.14924000,0.06450866,589.77615354,0.01998503,0.01998503,33829,103,0
5907.83671058,5907.83709806,763.17122373,763.15793779,0.05649220,589.99547228,0.01998503,0.01998503,33828,103,0
5908.01140020,5908.01176349,769.16223981,769.14977463,0.06671489,590.21350605,0.01998503,0.01998503,33827,103,0
5908.18680056,5908.18643925,775.15770946,775.17011482,0.03838578,590.43190361,0.01998503,0.01998503,33826,103,0
5908.36179776,5908.36112534,781.15752900,781.18063176,0.05384216,590.64927146,0.01998503,0.01998503,33825,103,0
5908.53525109,5908.53582176,787.16159426,787.14197465,0.05001335,590.86419636,0.01998503,0.01998503,33824,103,0
5908.70940474,5908.71052852,793.16980100,793.13114211,0.05218856,591.07945789,0.01998503,0.01998503,33823,103,0
5908.88384432,5908.88524560,799.18209300,799.13385778,0.04151607,591.29453601,0.01998503,0.01998503,33822,103,0
5909.05928137,5909.05997302,805.19851262,805.17468936,0.04846748,591.51030228,0.01998503,0.01998503,33821,103,0
5909.23454623,5909.23471078,811.21911441,811.21344286,0.02713624,591.72531497,0.01998503,0.01998503,33820,103,0
5909.40877510,5909.40945887,817.24395313,817.22037078,0.06119097,591.93852060,0.01998503,0.01998503,33819,103,0
5909.58504782,5909.58421730,823.27308380,823.30174596,0.05157487,592.15368393,0.01998503,0.01998503,33818,103,0
5909.75817498,5909.75898607,829.30656016,829.27854981,0.06339925,592.36447620,0.01998503,0.01998503,33817,103,0
5909.93377487,5909.93376517,835.34440556,835.34474058,0.08316206,592.57774056,0.01998503,0.01998503,33816,103,0
5910.10982960,5910.10855462,841.38661424,841.43070310,0.05857777,592.79101115,0.01998504,0.01998503,33815,103,0
5910.28395272,5910.28335441,847.43317927,847.45388247,0.07053742,593.00140226,0.01998503,0.01998503,33814,103,0
5910.45814497,5910.45816453,853.48409370,853.48341628,0.07319815,593.21133839,0.01998503,0.01998503,33813,103,0
5910.63347800,5910.63298500,859.53935051,859.55643213,0.07552049,593.42210384,0.01998503,0.01998503,33812,103,0
5910.80817711,5910.80781582,865.59895545,865.61148183,0.06948875,593.63156167,0.01998503,0.01998503,33811,103,0
5910.98195242,5910.98265698,871.66300035,871.63855565,0.04988242,593.83937340,0.01998503,0.01998503,33810,103,0
5911.15848111,5911.15750848,877.73161299,877.76538221,0.05196027,594.04993088,0.01998503,0.01998503,33809,103,0
5911.33211197,5911.33237033,883.80492181,883.79594525,0.06526153,594.25649709,0.01998503,0.01998503,33808,103,0
5911.50654891,5911.50724252,889.88305578,889.85893853,0.03633283,594.46349105,0.01998503,0.01998503,33807,103,0
5911.68125913,5911.68212507,895.96614416,895.93601209,0.03181810,594.67027838,0.01998503,0.01998503,33806,103,0
5911.85558436,5911.85701796,902.05421398,902.00429179,0.01106020,594.87607982,0.01998503,0.01998503,33805,103,0
5912.03176211,5912.03192120,908.14703698,908.14149290,0.03921443,595.08352076,0.01998503,0.01998503,33804,103,0
5912.20746996,5912.20683480,914.24434489,914.26649331,0.03058911,595.28984953,0.01998504,0.01998503,33803,103,0
5912.38102352,5912.38175874,920.34586828,920.32021539,0.06517072,595.49309026,0.01998503,0.01998503,33802,103,0
5912.55783050,5912.55669304,926.45133652,926.49104673,0.05745702,595.69955978,0.01998504,0.01998503,33801,103,0
5912.73272272,5912.73163769,932.56049074,932.59839073,0.06883369,595.90320637,0.01998504,0.01998503,33800,103,0
5912.90621026,5912.90659269,938.67334496,938.65997894,0.05197988,596.10463991,0.01998503,0.01998503,33799,103,0
5913.08157253,5913.08155805,944.79017498,944.79068121,0.04956139,596.30767367,0.01998503,0.01998503,33798,103,0
5913.25598465,5913.25653377,950.91126824,950.89205206,0.04787046,596.50904057,0.01998503,0.01998503,33797,103,0
5913.43207941,5913.43151984,957.03691346,957.05650900,0.03646266,596.71178493,0.01998504,0.01998503,33796,103,0
5913.60727944,5913.60651628,963.16740060,963.19414590,0.04065545,596.91294354,0.01998504,0.01998503,33795,103,0
5913.78049741,5913.78152307,969.30295920,969.26698715,0.07121723,597.11128746,0.01998503,0.01998503,33794,103,0
5913.95598174,5913.95654022,975.44348251,975.42388110,0.07570405,597.31167488,0.01998503,0.01998503,33793,103,0
5914.13220394,5914.13156773,981.58874861,981.61109397,0.05521801,597.51233729,0.01998504,0.01998503,33792,103,0
5914.30568851,5914.30660560,987.73853453,987.70630290,0.04906733,597.70931811,0.01998503,0.01998503,33791,103,0
5914.48125310,5914.48165384,993.89261629,993.87852361,0.04064262,597.90808205,0.01998503,0.01998503,33790,103,0
5914.65594867,5914.65671243,1000.05077068,1000.02389544,0.03337375,598.10527586,0.01998503,0.01998503,33789,103,0
5914.83180832,5914.83178140,1006.21291170,1006.21385974,0.02838848,598.30318888,0.01998504,0.01998503,33788,103,0
5915.00596273,5915.00686073,1012.37918830,1012.34755100,0.08682336,598.49859812,0.01998503,0.01998503,33787,103,0
5915.18107403,5915.18195042,1018.54977296,1018.51887686,0.06427890,598.69449851,0.01998503,0.01998503,33786,103,0
5915.35771582,5915.35705048,1024.72483893,1024.74831062,0.05451913,598.89152339,0.01998504,0.01998503,33785,103,0
5915.53223831,5915.53216091,1030.90456024,1030.90729259,0.02025198,599.08560880,0.01998504,0.01998503,33784,103,0
5915.70787644,5915.70728171,1037.08909437,1037.11010523,0.03601122,599.28036065,0.01998504,0.01998503,33783,103,0
5915.88153192,5915.88241288,1043.27843487,1043.24728987,0.03756359,599.47234599,0.01998503,0.01998503,33782,103,0
5916.05826687,5916.05755442,1049.47248412,1049.49768910,0.06298630,599.66715115,0.01998504,0.01998503,33781,103,0
5916.23437726,5916.23270633,1055.67114307,1055.73029762,0.05341065,599.86067655,0.01998504,0.01998503,33780,103,0
5916.40830753,5916.40786862,1061.87431222,1061.88986089,0.01839892,600.05122226,0.01998504,0.01998503,33779,103,0
5916.58266217,5916.58304128,1068.08189175,1068.06845297,0.03090179,600.24164594,0.01998503,0.01998503,33778,103,0
5916.75764953,5916.75822431,1074.29381992,1074.27343192,0.06311728,600.43216649,0.01998503,0.01998503,33777,103,0
5916.93309896,5916.93341772,1080.51012799,1080.49881387,0.05881511,600.62259204,0.01998503,0.01998503,33776,103,0
5917.10892764,5917.10862150,1086.73086114,1086.74173449,0.05303125,600.81282835,0.01998504,0.01998503,33775,103,0
5917.28432485,5917.28383566,1092.95606475,1092.97345104,0.02757434,601.00199846,0.01998504,0.01998503,33774,103,0
5917.45887720,5917.45906020,1099.18578440,1099.17927588,0.03570363,601.18966294,0.01998503,0.01998503,33773,103,0
5917.63399460,5917.63429512,1105.42007149,1105.40937623,0.07283382,601.37733912,0.01998503,0.01998503,33772,103,0
5917.80861698,5917.80954042,1111.65904880,1111.62616129,0.05235541,601.56389270,0.01998503,0.01998503,33771,103,0
5917.98508769,5917.98479610,1117.90288863,1117.91328087,0.02567408,601.75182385,0.01998504,0.01998503,33770,103,0
5918.15999484,5918.16006216,1124.15176503,1124.14936394,0.03752200,601.93750124,0.01998503,0.01998503,33769,103,0
5918.33624639,5918.33533861,1130.40585283,1130.43825672,0.05722909,602.12401653,0.01998504,0.01998503,33768,103,0
5918.51070321,5918.51062543,1136.66532745,1136.66810592,0.03532344,602.30805346,0.01998503,0.01998503,33767,103,0
5918.68694615,5918.68592265,1142.93025565,1142.96684900,0.02822438,602.49338971,0.01998504,0.01998503,33766,103,0
5918.86155329,5918.86123024,1149.20041217,1149.21197053,0.03558024,602.67641766,0.01998504,0.01998503,33765,103,0
5919.03706005,5919.03654823,1155.47552241,1155.49384820,0.05902076,602.85978897,0.01998504,0.01998504,33764,103,0
5919.21235623,5919.21187660,1161.75531052,1161.77249510,0.05388181,603.04233052,0.01998504,0.01998504,33763,103,0
5919.38772596,5919.38721536,1168.03949934,1168.05780486,0.04500540,603.22432933,0.01998504,0.01998504,33762,103,0
5919.56254011,5919.56256451,1174.32783742,1174.32696202,0.04809606,603.40512641,0.01998503,0.01998504,33761,103,0
5919.73824288,5919.73792405,1180.62040048,1180.63184477,0.06716505,603.58621441,0.01998504,0.01998504,33760,103,0
5919.91293983,5919.91329398,1186.91748375,1186.90476269,0.04112204,603.76564846,0.01998503,0.01998504,33759,103,0
5920.08794675,5920.08867431,1193.21938782,1193.19323495,0.04797167,603.94479071,0.01998503,0.01998504,33758,103,0
5920.26334820,5920.26406502,1199.52641469,1199.50062771,0.06550873,604.12373097,0.01998503,0.01998504,33757,103,0
5920.43957466,5920.43946613,1205.83886710,1205.84277462,0.07787808,604.30290893,0.01998504,0.01998504,33756,103,0
5920.61521251,5920.61487764,1212.15690975,1212.16897624,0.06053630,604.48088890,0.01998504,0.01998504,33755,103,0
5920.79068475,5920.79029954,1218.48039174,1218.49428297,0.07190688,604.65809727,0.01998504,0.01998504,33754,103,0
5920.96528008,5920.96573183,1224.80911787,1224.79281477,0.03323059,604.83381387,0.01998503,0.01998504,33753,103,0
5921.14062163,5921.14117453,1231.14289198,1231.12292432,0.03326332,605.00966576,0.01998503,0.01998504,33752,103,0
5921.31642195,5921.31662762,1237.48151702,1237.47408440,0.05711871,605.18535115,0.01998503,0.01998504,33751,103,0
5921.49290244,5921.49209111,1243.82481762,1243.85415832,0.04864396,605.36107867,0.01998504,0.01998504,33750,103,0
5921.66689088,5921.66756500,1250.17280974,1250.14841405,0.05468790,605.53369831,0.01998503,0.01998504,33749,103,0
5921.84307837,5921.84304930,1256.52560639,1256.52665914,0.06158754,605.70786735,0.01998504,0.01998504,33748,103,0
5922.01874020,5922.01854399,1262.88332184,1262.89043255,0.02531127,605.88088478,0.01998504,0.01998504,33747,103,0
5922.19401113,5922.19404909,1269.24607089,1269.24469423,0.03923515,606.05288971,0.01998504,0.01998504,33746,103,0
5922.37106851,5922.36956459,1275.61396783,1275.66855262,0.05878697,606.22601279,0.01998504,0.01998504,33745,103,0
5922.54518849,5922.54509050,1281.98707058,1281.99062994,0.03896949,606.39564112,0.01998504,0.01998504,33744,103,0
5922.72008588,5922.72062681,1288.36535148,1288.34568897,0.05374006,606.56540278,0.01998503,0.01998504,33743,103,0
5922.89646685,5922.89617353,1294.74877564,1294.75944562,0.03257966,606.73596836,0.01998504,0.01998504,33742,103,0
5923.07143831,5923.07173066,1301.13730798,1301.12666536,0.02825475,606.90453711,0.01998504,0.01998504,33741,103,0
5923.24704102,5923.24729820,1307.53091325,1307.52154437,0.04533846,607.07307670,0.01998504,0.01998504,33740,103,0
5923.42289573,5923.42287614,1313.92955438,1313.93026844,0.04831180,607.24121560,0.01998504,0.01998504,33739,103,0
5923.59927645,5923.59846450,1320.33318666,1320.36280877,0.05810564,607.40920865,0.01998504,0.01998504,33738,103,0
5923.77379119,5923.77406326,1326.74176300,1326.73183013,0.05479808,607.57478209,0.01998504,0.01998504,33737,103,0
5923.94863991,5923.94967244,1333.15523607,1333.11751354,0.05400889,607.74002875,0.01998503,0.01998504,33736,103,0
5924.12549513,5924.12529204,1339.57355831,1339.58098311,0.05653372,607.90651341,0.01998504,0.01998504,33735,103,0
5924.30003891,5924.30092204,1345.99668936,1345.96438041,0.02004893,608.07017039,0.01998503,0.01998504,33734,103,0
5924.47699453,5924.47656247,1352.42470648,1352.44052457,0.05153603,608.23542812,0.01998504,0.01998504,33733,103,0
5924.65271855,5924.65221330,1358.85778160,1358.87629287,0.03353501,608.39888014,0.01998504,0.01998504,33732,103,0
5924.82815017,5924.82787456,1365.29609009,1365.30619579,0.06096722,608.56141126,0.01998504,0.01998504,33731,103,0
5925.00421325,5925.00354623,1371.73980818,1371.76428476,0.03691994,608.72387817,0.01998504,0.01998504,33730,103,0
5925.17915043,5925.17922832,1378.18911216,1378.18625154,0.04043387,608.88466448,0.01998504,0.01998504,33729,103,0
5925.35485797,5925.35492083,1384.64408002,1384.64176971,0.06030125,609.04551505,0.01998504,0.01998504,33728,103,0
5925.53042500,5925.53062376,1391.10459251,1391.09728135,0.02647768,609.20558766,0.01998504,0.01998504,33727,103,0
5925.70584960,5925.70633712,1397.57050641,1397.55255996,0.04564665,609.36487673,0.01998504,0.01998504,33726,103,0
5925.88140160,5925.88206089,1404.04167776,1404.01738976,0.01577736,609.52362199,0.01998503,0.01998504,33725,103,0
5926.05820133,5926.05779509,1410.51796193,1410.53293851,0.06508049,609.68282338,0.01998504,0.01998504,33724,103,0
5926.23374242,5926.23353971,1416.99923484,1417.00671301,0.02940718,609.84021928,0.01998504,0.01998504,33723,103,0
5926.40967396,5926.40929476,1423.48548063,1423.49947998,0.06799247,609.99729124,0.01998504,0.01998504,33722,103,0
5926.58530021,5926.58506023,1429.97671792,1429.98558378,0.02792567,610.15341633,0.01998504,0.01998504,33721,103,0
5926.76183298,5926.76083614,1436.47296545,1436.50981950,0.05175936,610.30966707,0.01998504,0.01998504,33720,103,0
5926.93685367,5926.93662246,1442.97424204,1442.98279593,0.03204599,610.46390499,0.01998504,0.01998504,33719,103,0
5927.11272082,5927.11241922,1449.48057727,1449.49174353,0.05315460,610.61821137,0.01998504,0.01998504,33718,103,0
5927.28811653,5927.28822641,1455.99214872,1455.98807743,0.03641937,610.77143017,0.01998504,0.01998504,33717,103,0
5927.46390568,5927.46404403,1462.50924261,1462.50411224,0.05380930,610.92432224,0.01998504,0.01998504,33716,103,0
5927.63881134,5927.63987208,1469.03214900,1468.99278050,0.03276712,611.07578456,0.01998503,0.01998504,33715,103,0
5927.81522710,5927.81571056,1475.56115939,1475.54320015,0.05984252,611.22789111,0.01998504,0.01998504,33714,103,0
5927.99218379,5927.99155948,1482.09656157,1482.11977483,0.02128113,611.37979918,0.01998504,0.01998504,33713,103,0
5928.16691094,5928.16741883,1488.63836196,1488.61946067,0.05527605,611.52913792,0.01998504,0.01998504,33712,103,0
5928.34341964,5928.34328861,1495.18614209,1495.19102218,0.02036382,611.67932630,0.01998504,0.01998504,33711,103,0
5928.51912068,5928.51916884,1501.73944643,1501.73765154,0.07148630,611.82814322,0.01998504,0.01998504,33710,103,0
5928.69606055,5928.69505950,1508.29781710,1508.33515562,0.05940959,611.97730715,0.01998504,0.01998504,33709,103,0
5928.87162507,5928.87096059,1514.86079407,1514.88559336,0.01952417,612.12460299,0.01998504,0.01998504,33708,103,0
5929.04725048,5929.04687213,1521.42810516,1521.44223446,0.05990021,612.27123611,0.01998504,0.01998504,33707,103,0
5929.22201793,5929.22279411,1528.00005448,1527.97104884,0.02499021,612.41644939,0.01998504,0.01998504,33706,103,0
5929.39923460,5929.39872653,1534.57705688,1534.59605778,0.05561144,612.56298873,0.01998504,0.01998504,33705,103,0
5929.57419071,5929.57466938,1541.15952931,1541.14161350,0.02904263,612.70696586,0.01998504,0.01998504,33704,103,0
5929.75091327,5929.75062269,1547.74789082,1547.75877624,0.06432630,612.85170495,0.01998504,0.01998504,33703,103,0
5929.92636351,5929.92658643,1554.34249330,1554.33413518,0.05151713,612.99471985,0.01998504,0.01998504,33702,103,0
5930.10283132,5930.10256062,1560.94327071,1560.95342904,0.01544662,613.13787497,0.01998504,0.01998504,33701,103,0
5930.27822524,5930.27854526,1567.54999939,1567.53798065,0.04339526,613.27946706,0.01998504,0.01998504,33700,103,0
5930.45425505,5930.45454034,1574.16245425,1574.15173102,0.02568150,613.42087210,0.01998504,0.01998504,33699,103,0
5930.62981653,5930.63054587,1580.78040905,1580.75297508,0.07087818,613.56119533,0.01998504,0.01998504,33698,103,0
5930.80726545,5930.80656185,1587.40365489,1587.43014020,0.05985805,613.70230465,0.01998504,0.01998504,33697,103,0
5930.98259457,5930.98258828,1594.03220519,1594.03244223,0.02290127,613.84101333,0.01998504,0.01998504,33696,103,0
5931.15838961,5931.15862516,1600.66622155,1600.65734145,0.05316397,613.97937863,0.01998504,0.01998504,33695,103,0
5931.33480560,5931.33467248,1607.30586905,1607.31089172,0.05231812,614.11751746,0.01998504,0.01998504,33694,103,0
5931.51149610,5931.51073026,1613.95131356,1613.98023270,0.02972408,614.25515452,0.01998504,0.01998504,33693,103,0
5931.68704800,5931.68679850,1620.60271718,1620.61214663,0.05389878,614.39119558,0.01998504,0.01998504,33692,103,0
5931.86356975,5931.86287719,1627.26012029,1627.28631647,0.06870936,614.52727427,0.01998504,0.01998504,33691,103,0
5932.03948990,5932.03896633,1633.92343205,1633.94325227,0.03844484,614.66217297,0.01998504,0.01998504,33690,103,0
5932.21483306,5932.21506593,1640.59255467,1640.58373232,0.04454717,614.79591374,0.01998504,0.01998504,33689,103,0
5932.39123056,5932.39117598,1647.26738983,1647.26945941,0.06054789,614.92973390,0.01998504,0.01998504,33688,103,0
5932.56740798,5932.56729649,1653.94783991,1653.95207024,0.01547031,615.06265754,0.01998504,0.01998504,33687,103,0
5932.74388918,5932.74342746,1660.63389324,1660.65142739,0.05779182,615.19507718,0.01998504,0.01998504,33686,103,0
5932.91996930,5932.91956890,1667.32567979,1667.34089780,0.05485976,615.32646509,0.01998504,0.01998504,33685,103,0
5933.09593599,5933.09572079,1674.02334336,1674.03152946,0.02038557,615.45703990,0.01998504,0.01998504,33684,103,0
5933.27134297,5933.27188314,1680.72702845,1680.70646407,0.06484392,615.58647532,0.01998504,0.01998504,33683,103,0
5933.44859012,5933.44805595,1687.43688007,1687.45723363,0.04663819,615.71653495,0.01998504,0.01998504,33682,103,0
5933.62480573,5933.62423923,1694.15296534,1694.17456973,0.07908490,615.84510566,0.01998504,0.01998504,33681,103,0
5933.80080675,5933.80043297,1700.87516343,1700.88942983,0.00987758,615.97278674,0.01998504,0.01998504,33680,103,0
5933.97672895,5933.97663718,1707.60332526,1707.60683079,0.04119890,616.09967355,0.01998504,0.01998504,33679,103,0
5934.15298746,5934.15285185,1714.33730097,1714.34248509,0.05322642,616.22605899,0.01998504,0.01998504,33678,103,0
5934.32843730,5934.32907699,1721.07693987,1721.05246582,0.02045690,616.35112019,0.01998504,0.01998504,33677,103,0
5934.50452039,5934.50531260,1727.82215019,1727.79181770,0.05993706,616.47588239,0.01998504,0.01998504,33676,103,0
5934.68157796,5934.68155867,1734.57303902,1734.57377789,0.04370162,616.60057703,0.01998504,0.01998504,33675,103,0
5934.85805869,5934.85781522,1741.32975560,1741.33909281,0.05568229,616.72410973,0.01998504,0.01998504,33674,103,0
5935.03464566,5935.03408224,1748.09244995,1748.11407544,0.07576295,616.84696228,0.01998504,0.01998504,33673,103,0
5935.21112918,5935.21035972,1754.86127288,1754.89083161,0.02053397,616.96898935,0.01998504,0.01998504,33672,103,0
5935.38679062,5935.38664768,1761.63634715,1761.64184270,0.05187525,617.08969995,0.01998504,0.01998504,33671,103,0
5935.56277946,5935.56294612,1768.41766957,1768.41125627,0.05769708,617.20988486,0.01998504,0.01998504,33670,103,0
5935.73859480,5935.73925503,1775.20520214,1775.17977397,0.06900764,617.32919811,0.01998504,0.01998504,33669,103,0
5935.91523897,5935.91557441,1781.99890664,1781.98597647,0.01486233,617.44831279,0.01998504,0.01998504,33668,103,0
5936.09152126,5936.09190427,1788.79874466,1788.78396848,0.06512857,617.56642009,0.01998504,0.01998504,33667,103,0
5936.26810089,5936.26824461,1795.60467843,1795.59912931,0.04404470,617.68395922,0.01998504,0.01998504,33666,103,0
5936.44507023,5936.44459542,1802.41667497,1802.43502319,0.04758441,617.80098441,0.01998504,0.01998504,33665,103,0
5936.62165759,5936.62095671,1809.23470275,1809.26180924,0.06650684,617.91698257,0.01998504,0.01998504,33664,103,0
5936.79780009,5936.79732849,1816.05873006,1816.07698446,0.01377943,618.03191513,0.01998504,0.01998504,33663,103,0
5936.97318015,5936.97371074,1822.88872500,1822.86817076,0.06830721,618.14558013,0.01998504,0.01998504,33662,103,0
5937.15011480,5937.15010348,1829.72466867,1829.72510782,0.04781111,618.25947157,0.01998504,0.01998504,33661,103,0
5937.32659193,5937.32650670,1836.56662413,1836.56993154,0.04466541,618.37228587,0.01998504,0.01998504,33660,103,0
5937.50270027,5937.50292040,1843.41468625,1843.40613752,0.04210613,618.48408462,0.01998504,0.01998504,33659,103,0
5937.68014892,5937.67934459,1850.26895047,1850.30021316,0.04791635,618.59594568,0.01998504,0.01998504,33658,103,0
5937.85607249,5937.85577926,1857.12951275,1857.14091991,0.06286117,618.70606325,0.01998504,0.01998504,33657,103,0
5938.03211899,5938.03222442,1863.99647022,1863.99236550,0.00665481,618.81547749,0.01998504,0.01998504,33656,103,0
5938.20786073,5938.20868006,1870.86992502,1870.83799532,0.06149700,618.92392308,0.01998504,0.01998504,33655,103,0
5938.38458301,5938.38514620,1877.74998167,1877.72801402,0.04710036,619.03218793,0.01998504,0.01998504,33654,103,0
5938.56217718,5938.56162282,1884.63674526,1884.65838856,0.03595688,619.14019229,0.01998504,0.01998504,33653,103,0
5938.73780296,5938.73810994,1891.53032144,1891.51832522,0.04228670,619.24621533,0.01998504,0.01998504,33652,103,0
5938.91464443,5938.91460754,1898.43077930,1898.43222211,0.05707477,619.35218286,0.01998504,0.01998504,33651,103,0
5939.09135497,5939.09111564,1905.33794069,1905.34731029,0.04816687,619.45727545,0.01998504,0.01998504,33650,103,0
5939.26847393,5939.26763423,1912.25152512,1912.28442717,0.04532782,619.56180525,0.01998504,0.01998504,33649,103,0
5939.44440239,5939.44416331,1919.17125023,1919.18062548,0.05658063,619.66482742,0.01998504,0.01998504,33648,103,0
5939.62098649,5939.62070289,1926.09683207,1926.10796171,0.07307601,619.76742030,0.01998504,0.01998504,33647,103,0
5939.79700985,5939.79725296,1933.02805449,1933.01850648,0.02280298,619.86887129,0.01998504,0.01998504,33646,103,0
5939.97293592,5939.97381353,1939.96513055,1939.93063493,0.06576308,619.96945308,0.01998504,0.01998504,33645,103,0
5940.15015581,5940.15038460,1946.90843930,1946.89943865,0.06201466,620.06995602,0.01998504,0.01998504,33644,103,0
5940.32665208,5940.32696617,1953.85836221,1953.84599436,0.06000420,620.16923518,0.01998504,0.01998504,33643,103,0
5940.50317897,5940.50355824,1960.81528289,1960.80033421,0.06077912,620.26772260,0.01998504,0.01998504,33642,103,0
5940.68055168,5940.68016080,1967.77949574,1967.79491734,0.05586087,620.36586859,0.01998504,0.01998504,33641,103,0
5940.85609553,5940.85677387,1974.75080542,1974.72401753,0.06382412,620.46219454,0.01998504,0.01998504,33640,103,0
5941.03331929,5941.03339744,1981.72885096,1981.72576187,0.05861042,620.55861924,0.01998504,0.01998504,33639,103,0
5941.20982378,5941.21003152,1988.71326921,1988.70505146,0.04370644,620.65382322,0.01998504,0.01998504,33638,103,0
5941.38644962,5941.38667610,1995.70369495,1995.69472931,0.04663021,620.74825687,0.01998504,0.01998504,33637,103,0
5941.56355116,5941.56333118,2002.69984710,2002.70856241,0.04770114,620.84209939,0.01998504,0.01998504,33636,103,0
5941.73960745,5941.73999677,2009.70181940,2009.68638306,0.04707255,620.93454809,0.01998504,0.01998504,33635,103,0
5941.91665107,5941.91667286,2016.70980873,2016.70894382,0.04961902,621.02667114,0.01998504,0.01998504,33634,103,0
5942.09291968,5942.09335947,2023.72401308,2023.70654675,0.04411892,621.11755034,0.01998504,0.01998504,33633,103,0
5942.26907939,5942.27005658,2030.74463157,2030.70578859,0.03983026,621.20753569,0.01998504,0.01998504,33632,103,0
5942.44654201,5942.44676420,2037.77186849,2037.76302825,0.06027454,621.29734002,0.01998504,0.01998504,33631,103,0
5942.62327551,5942.62348234,2044.80594273,2044.79770640,0.05944848,621.38593123,0.01998504,0.01998504,33630,103,0
5942.79900805,5942.80021098,2051.84707722,2051.79912791,0.04460828,621.47318562,0.01998504,0.01998504,33629,103,0
5942.97653157,5942.97695014,2058.89549614,2058.87879516,0.04889604,621.56048390,0.01998504,0.01998504,33628,103,0
5943.15361425,5943.15369981,2065.95142458,2065.94800747,0.07983849,621.64671892,0.01998504,0.01998504,33627,103,0
5943.33095295,5943.33045999,2073.01498219,2073.03469127,0.06530482,621.73222995,0.01998504,0.01998504,33626,103,0
5943.50668992,5943.50723069,2080.08603624,2080.06439414,0.07508456,621.81612642,0.01998504,0.01998504,33625,103,0
5943.68381159,5943.68401191,2087.16441647,2087.15639170,0.04500234,621.89983080,0.01998504,0.01998504,33624,103,0
5943.86105379,5943.86080364,2094.24995163,2094.25998180,0.03576923,621.98273000,0.01998504,0.01998504,33623,103,0
5944.03709713,5944.03760590,2101.34247022,2101.32205140,0.03513236,622.06421013,0.01998504,0.01998504,33622,103,0
5944.21510970,5944.21441867,2108.44185449,2108.46961323,0.02977558,622.14572788,0.01998504,0.01998504,33621,103,0
5944.39137223,5944.39124196,2115.54807474,2115.55331228,0.03421990,622.22557555,0.01998504,0.01998504,33620,103,0
5944.56814735,5944.56807577,2122.66110923,2122.66398963,0.04313804,622.30478445,0.01998504,0.01998504,33619,103,0
5944.74501755,5944.74492011,2129.78093605,2129.78486100,0.05757590,622.38316022,0.01998504,0.01998504,33618,103,0
5944.92241170,5944.92177496,2136.90753667,2136.93320627,0.07129030,622.46088551,0.01998504,0.01998504,33617,103,0
5945.09918441,5945.09864034,2144.04098276,2144.06293657,0.07598194,622.53745744,0.01998504,0.01998504,33616,103,0
5945.27552863,5945.27551625,2151.18144227,2151.18194249,0.04590113,622.61296659,0.01998504,0.01998504,33615,103,0
5945.45293199,5945.45240268,2158.32908875,2158.35048754,0.04021739,622.68804441,0.01998504,0.01998504,33614,103,0
5945.62938454,5945.62929964,2165.48409675,2165.48753243,0.04381628,622.76183853,0.01998504,0.01998504,33613,103,0
5945.80614165,5945.80620712,2172.64662872,2172.64397653,0.04149183,622.83487766,0.01998504,0.01998504,33612,103,0
5945.98296702,5945.98312514,2179.81669239,2179.81028104,0.04373668,622.90705859,0.01998504,0.01998504,33611,103,0
5946.15955065,5946.16005368,2186.99419358,2186.97377713,0.06374816,622.97825229,0.01998504,0.01998504,33610,103,0
5946.33678773,5946.33699275,2194.17903578,2194.17070647,0.05592104,623.04881278,0.01998504,0.01998504,33609,103,0
5946.51379262,5946.51394236,2201.37112184,2201.36503272,0.04722874,623.11838055,0.01998504,0.01998504,33608,103,0
5946.69121744,5946.69090249,2208.57035228,2208.58317087,0.03986921,623.18720675,0.01998505,0.01998504,33607,103,0
5946.86795141,5946.86787316,2215.77661660,2215.77980423,0.05179799,623.25485881,0.01998504,0.01998504,33606,103,0
5947.04473424,5947.04485437,2222.98979976,2222.98490139,0.05712436,623.32162108,0.01998504,0.01998504,33605,103,0
5947.22247552,5947.22184611,2230.20978600,2230.23547284,0.03905003,623.38782559,0.01998505,0.01998504,33604,103,0
5947.39917857,5947.39884838,2237.43645889,2237.44994555,0.04049569,623.45272561,0.01998505,0.01998504,33603,103,0
5947.57591219,5947.57586119,2244.66978463,2244.67186930,0.04103409,623.51671870,0.01998505,0.01998504,33602,103,0
5947.75342978,5947.75288454,2251.90997864,2251.93228861,0.06332264,623.58007063,0.01998505,0.01998504,33601,103,0
5947.93047868,5947.92991843,2259.15730404,2259.18025020,0.04970649,623.64233153,0.01998505,0.01998504,33600,103,0
5948.10739745,5948.10696286,2266.41202554,2266.42984223,0.03861282,623.70362462,0.01998505,0.01998504,33599,103,0
5948.28422875,5948.28401783,2273.67440720,2273.68306286,0.03545157,623.76396571,0.01998505,0.01998504,33598,103,0
5948.46112630,5948.46108334,2280.94459508,2280.94635987,0.05955882,623.82340567,0.01998504,0.01998504,33597,103,0
5948.63900457,5948.63815939,2288.22255893,2288.25731373,0.04910898,623.88224027,0.01998505,0.01998504,33596,103,0
5948.81477473,5948.81524599,2295.50825398,2295.48885594,0.03668534,623.93945339,0.01998504,0.01998504,33595,103,0
5948.99213521,5948.99234313,2302.80163514,2302.79306831,0.06694984,623.99624964,0.01998504,0.01998504,33594,103,0
5949.16956509,5949.16945082,2310.10265285,2310.10736613,0.04807534,624.05212547,0.01998505,0.01998504,33593,103,0
5949.34676939,5949.34656905,2317.41120053,2317.41947137,0.04385468,624.10698548,0.01998505,0.01998504,33592,103,0
5949.52431555,5949.52369783,2324.72713021,2324.75265604,0.03801474,624.16100038,0.01998505,0.01998505,33591,103,0
5949.70091655,5949.70083716,2332.05029204,2332.05357577,0.06217362,624.21377956,0.01998505,0.01998505,33590,103,0
5949.90731821,nan,0.00000000,2340.59682157,0.22557605,624.27427520,0.01998514,0.01998505,33589,103,1
5950.05489595,5950.05514746,2346.71777902,2346.70735777,0.04370171,624.31670810,0.01998504,0.01998505,33588,103,0
5950.23159545,5950.23231844,2354.06229849,2354.03231304,0.07227379,624.36665486,0.01998504,0.01998505,33587,103,0
5950.40935557,5950.40949997,2361.41448215,2361.40848752,0.03533197,624.41593791,0.01998504,0.01998505,33586,103,0
5950.58661360,5950.58669205,2368.77472093,2368.77146060,0.06000698,624.46411900,0.01998504,0.01998505,33585,103,0
5950.76763555,5950.76389469,0.00000000,2376.30741085,0.04256902,624.51238318,0.01998506,0.01998505,33584,103,1
5950.94067377,5950.94110788,2383.52071713,2383.50263558,0.04425366,624.55747506,0.01998504,0.01998505,33583,103,0
5951.11852655,5951.11833162,2390.90640803,2390.91453562,0.05970409,624.60291348,0.01998505,0.01998505,33582,103,0
5951.29514887,5951.29556593,2398.30018340,2398.28277609,0.04589467,624.64706695,0.01998504,0.01998505,33581,103,0
5951.47246601,5951.47281079,2405.70174550,2405.68734108,0.03416700,624.69041631,0.01998504,0.01998505,33580,103,0
5951.65065199,5951.65006621,2413.11080844,2413.13530490,0.05352721,624.73298641,0.01998505,0.01998505,33579,103,0
5951.82764196,5951.82733218,2420.52729829,2420.54026490,0.02950101,624.77428334,0.01998505,0.01998505,33578,103,0
5952.00430380,5952.00460872,2427.95130972,2427.93853390,0.06218172,624.81451995,0.01998504,0.01998505,33577,103,0
5952.18200016,5952.18189582,2435.38294258,2435.38731843,0.02798787,624.85399825,0.01998505,0.01998505,33576,103,0
5952.35924811,5952.35919349,2442.82229732,2442.82459057,0.05569478,624.89238138,0.01998505,0.01998505,33575,103,0
5952.53696840,5952.53650171,2450.26950269,2450.28911447,0.03058630,624.92986614,0.01998505,0.01998505,33574,103,0
5952.71347341,5952.71382050,2457.72481426,2457.71021338,0.06567183,624.96610096,0.01998504,0.01998505,33573,103,0
5952.89077007,5952.89114986,2465.18852500,2465.17253108,0.04001823,625.00149962,0.01998504,0.01998505,33572,103,0
5953.06785519,5953.06848978,2472.66092978,2472.63417575,0.04044174,625.03585493,0.01998504,0.01998505,33571,103,0
5953.24623788,5953.24584027,2480.14231979,2480.15910247,0.05078149,625.06944823,0.01998505,0.01998505,33570,103,0
5953.42355561,5953.42320132,2487.63268637,2487.64765711,0.03156489,625.10182901,0.01998505,0.01998505,33569,103,0
5953.60071214,5953.60057295,2495.13156986,2495.13745793,0.05927957,625.13316731,0.01998505,0.01998505,33568,103,0
5953.77778109,5953.77795514,2502.63847067,2502.63110130,0.02725671,625.16347294,0.01998505,0.01998505,33567,103,0
5953.95527554,5953.95534790,2510.15288591,2510.14981915,0.05642757,625.19282569,0.01998505,0.01998505,33566,103,0
5954.13324875,5954.13275124,2517.67437609,2517.69547848,0.03671026,625.22122190,0.01998505,0.01998505,33565,103,0
5954.30955914,5954.31016515,2525.20306062,2525.17733221,0.06526805,625.24832784,0.01998505,0.01998505,33564,103,0
5954.48721289,5954.48758963,2532.73934122,2532.72333098,0.05606504,625.27460699,0.01998505,0.01998505,33563,103,0
5954.66495057,5954.66502469,2540.28362431,2540.28047129,0.02756590,625.29985889,0.01998505,0.01998505,33562,103,0
5954.84192043,5954.84247032,2547.83631828,2547.81290029,0.06576564,625.32396662,0.01998505,0.01998505,33561,103,0
5955.01975983,5955.01992653,2555.39767949,2555.39057257,0.02741382,625.34714974,0.01998505,0.01998505,33560,103,0
5955.19796761,5955.19739332,2562.96761655,2562.99212643,0.04303701,625.36932823,0.01998505,0.01998505,33559,103,0
5955.37507495,5955.37487068,2570.54598947,2570.55471645,0.03176026,625.39032196,0.01998505,0.01998505,33558,103,0
5955.55182068,5955.55235863,2578.13265728,2578.10965106,0.04245508,625.41022772,0.01998505,0.01998505,33557,103,0
5955.73021971,5955.72985715,2585.72749018,2585.74301125,0.07125590,625.42925730,0.01998505,0.01998505,33556,103,0
5955.90820932,5955.90736626,2593.33050515,2593.36663348,0.04514413,625.44717630,0.01998505,0.01998505,33555,103,0
5956.08410753,5956.08488594,2600.94181773,2600.90842514,0.06957353,625.46383476,0.01998504,0.01998505,33554,103,0
5956.26215489,5956.26241621,2608.56154601,2608.55032376,0.02318540,625.47963067,0.01998505,0.01998505,33553,103,0
5956.44028227,5956.43995707,2616.18980882,2616.20378888,0.06437437,625.49435721,0.01998505,0.01998505,33552,103,0
5956.61804675,5956.61750850,2623.82672920,2623.84989312,0.05077625,625.50797707,0.01998505,0.01998505,33551,103,0
5956.79495827,5956.79507053,2631.47244018,2631.46760379,0.03176369,625.52046045,0.01998505,0.01998505,33550,103,0
5956.97320961,5956.97264314,2639.12707716,2639.15150984,0.06663064,625.53195426,0.01998505,0.01998505,33549,103,0
5957.15018937,5957.15022634,2646.79077643,2646.78918023,0.05235382,625.54228607,0.01998505,0.01998505,33548,103,0
5957.32798809,5957.32782013,2654.46366416,2654.47092513,0.03519712,625.55157850,0.01998505,0.01998505,33547,103,0
5957.50538712,5957.50542450,2662.14572624,2662.14410839,0.05888592,625.55976029,0.01998505,0.01998505,33546,103,0
5957.68289926,5957.68303947,2669.83685067,2669.83077569,0.05227866,625.56685388,0.01998505,0.01998505,33545,103,0
5957.86079188,5957.86066503,2677.53692264,2677.54242466,0.02771096,625.57286161,0.01998505,0.01998505,33544,103,0
5958.03883978,5958.03830118,2685.24582676,2685.26921322,0.05427344,625.57776717,0.01998505,0.01998505,33543,103,0
5958.21572008,5958.21594793,2692.96351543,2692.95361162,0.05592278,625.58153992,0.01998505,0.01998505,33542,103,0
5958.39400061,5958.39360526,2700.69010878,2700.70731231,0.04974651,625.58422890,0.01998505,0.01998505,33541,103,0
5958.57131026,5958.57127320,2708.42575299,2708.42736747,0.02490775,625.58579071,0.01998505,0.01998505,33540,103,0
5958.74883363,5958.74895173,2716.17059522,2716.16544459,0.04649673,625.58623919,0.01998505,0.01998505,33539,103,0
5958.92758884,5958.92664086,2723.92475913,2723.96615170,0.05358185,625.58555943,0.01998505,0.01998505,33538,103,0
5959.10365737,5959.10434058,2731.68813101,2731.65826646,0.05328158,625.58377634,0.01998505,0.01998505,33537,103,0
5959.28236871,5959.28205091,2739.46046210,2739.47436877,0.04176864,625.58083267,0.01998505,0.01998505,33536,103,0
5959.46006199,5959.45977183,2747.24150033,2747.25421054,0.05274790,625.57676970,0.01998505,0.01998505,33535,103,0
5959.63696888,5959.63750336,2755.03099435,2755.00755793,0.03996120,625.57159603,0.01998505,0.01998505,33534,103,0
5959.81586080,5959.81524548,2762.82890083,2762.85591011,0.03916203,625.56521565,0.01998505,0.01998505,33533,103,0
5959.99320120,5959.99299821,2770.63554191,2770.64446145,0.05749523,625.55774674,0.01998505,0.01998505,33532,103,0
5960.17142445,5960.17076155,2778.45127864,2778.48044113,0.06387585,625.54908918,0.01998505,0.01998505,33531,103,0
5960.34982802,5960.34853549,2786.27647462,2786.33340295,0.03734769,625.53926253,0.01998505,0.01998505,33530,103,0
5960.52627458,5960.52632003,2794.11144337,2794.10943907,0.05761606,625.52839744,0.01998505,0.01998505,33529,103,0
5960.70433480,5960.70411518,2801.95620330,2801.96589900,0.03792473,625.51627329,0.01998505,0.01998505,33528,103,0
5960.88206928,5960.88192094,2809.81066842,2809.81722514,0.05206658,625.50300564,0.01998505,0.01998505,33527,103,0
5961.05980875,5961.05973731,2817.67475198,2817.67791340,0.06268883,625.48856907,0.01998505,0.01998505,33526,103,0
5961.23857482,5961.23756428,2825.54836817,2825.59313722,0.07358477,625.47286654,0.01998505,0.01998505,33525,103,0
5961.41561230,5961.41540187,2833.43146712,2833.44080057,0.02603159,625.45614316,0.01998505,0.01998505,33524,103,0
5961.59303534,5961.59325007,2841.32403480,2841.31450030,0.05580450,625.43820866,0.01998505,0.01998505,33523,103,0
5961.77180047,5961.77110887,2849.22605857,2849.25680281,0.03700556,625.41894519,0.01998505,0.01998505,33522,103,0
5961.94909208,5961.94897830,2857.13752560,2857.14258917,0.04524199,625.39865357,0.01998505,0.01998505,33521,103,0
5962.12790111,5962.12685834,2865.05839729,2865.10485751,0.05146335,625.37698714,0.01998505,0.01998505,33520,103,0
5962.30493069,5962.30474899,2872.98856781,2872.99667225,0.04408842,625.35434443,0.01998505,0.01998505,33519,103,0
5962.48276359,5962.48265026,2880.92791971,2880.93298055,0.05232450,625.33040141,0.01998505,0.01998505,33518,103,0
5962.66123964,5962.66056214,2888.87633469,2888.90661887,0.03840395,625.30516155,0.01998505,0.01998505,33517,103,0
5962.83851127,5962.83848464,2896.83373644,2896.83492780,0.05565708,625.27888828,0.01998505,0.01998505,33516,103,0
5963.01604976,5963.01641777,2904.80035643,2904.78387022,0.05201744,625.25136855,0.01998505,0.01998505,33515,103,0
5963.19423887,5963.19436151,2912.77656260,2912.77106214,0.03555789,625.22252826,0.01998505,0.01998505,33514,103,0
5963.37287977,5963.37231587,2920.76272612,2920.78804810,0.05579079,625.19238275,0.01998505,0.01998505,33513,103,0
5963.55001968,5963.55028085,2928.75920782,2928.74746525,0.04582367,625.16126677,0.01998505,0.01998505,33512,103,0
5963.72717327,5963.72825646,2936.76606633,2936.71730585,0.04836251,625.12892506,0.01998505,0.01998505,33511,103,0
5963.90608392,5963.90624269,2944.78305229,2944.77589647,0.05513957,625.09501759,0.01998505,0.01998505,33510,103,0
5964.08427394,5964.08423955,2952.80990078,2952.81145239,0.03583441,625.05999997,0.01998505,0.01998505,33509,103,0
5964.26231674,5964.26224703,2960.84634573,2960.84949459,0.05346930,625.02376564,0.01998505,0.01998505,33508,103,0
5964.44096789,5964.44026514,2968.89228878,2968.92406940,0.03369825,624.98615235,0.01998505,0.01998505,33507,103,0
5964.61847607,5964.61829387,2976.94800406,2976.95625350,0.04365085,624.94752909,0.01998505,0.01998505,33506,103,0
5964.79735452,5964.79633323,2985.01381735,2985.06011351,0.03568725,624.90734077,0.01998505,0.01998505,33505,103,0
5964.97442132,5964.97438322,2993.09005683,2993.09178576,0.04403825,624.86630096,0.01998505,0.01998505,33504,103,0
5965.15233383,5965.15244385,3001.17699280,3001.17199317,0.04420649,624.82379818,0.01998505,0.01998505,33503,103,0
5965.33006707,5965.33051510,3009.27460650,3009.25422026,0.05599280,624.78006571,0.01998505,0.01998505,33502,103,0
5965.50858552,5965.50859699,3017.38279136,3017.38226906,0.04831050,624.73485573,0.01998505,0.01998505,33501,103,0
5965.68643263,5965.68668951,3025.50143987,3025.48972277,0.06265820,624.68853195,0.01998505,0.01998505,33500,103,0
5965.86408222,5965.86479266,3033.63045946,3033.59801388,0.05209353,624.64097643,0.01998505,0.01998505,33499,103,0
5966.04317757,5966.04290645,3041.76992362,3041.78232104,0.05388839,624.59173078,0.01998505,0.01998505,33498,103,0
5966.22091206,5966.22103087,3049.92000680,3049.91456716,0.02602317,624.54156021,0.01998505,0.01998505,33497,103,0
5966.39972318,5966.39916593,3058.08088607,3058.10643156,0.02769288,624.48977403,0.01998505,0.01998505,33496,103,0
5966.57694624,5966.57731163,3066.25272874,3066.23595709,0.05662318,624.43714386,0.01998505,0.01998505,33495,103,0
5966.75594894,5966.75546797,3074.43540946,3074.45751400,0.02261797,624.38266354,0.01998505,0.01998505,33494,103,0
5966.93350299,5966.93363494,3082.62848455,3082.62241328,0.04645781,624.32731030,0.01998505,0.01998505,33493,103,0
5967.11188076,5967.11181256,3090.83149106,3090.83463278,0.04348787,624.27038141,0.01998505,0.01998505,33492,103,0
5967.29010137,5967.29000082,3099.04396615,3099.04860295,0.04877320,624.21218153,0.01998505,0.01998505,33491,103,0
5967.46808612,5967.46819972,3107.26581673,3107.26057223,0.05867556,624.15273733,0.01998505,0.01998505,33490,103,0
5967.64646880,5967.64640927,3115.49763326,3115.50038490,0.06254097,624.09182685,0.01998505,0.01998505,33489,103,0
5967.82419430,5967.82462946,3123.74008398,3123.71994568,0.04757573,624.02980392,0.01998505,0.01998505,33488,103,0
5968.00286024,5968.00286029,3131.99384214,3131.99383952,0.03387899,623.96609788,0.01998505,0.01998505,33487,103,0
5968.18166432,5968.18110178,3140.25936339,3140.28546756,0.04151210,623.90097392,0.01998505,0.01998505,33486,103,0
5968.36015373,5968.35935390,3148.53643408,3148.57359818,0.06603201,623.83459552,0.01998505,0.01998505,33485,103,0
5968.53826744,5968.53761668,3156.82471233,3156.85498814,0.03424983,623.76699106,0.01998505,0.01998505,33484,103,0
5968.71595784,5968.71589011,3165.12385351,3165.12700833,0.03054283,623.69818576,0.01998505,0.01998505,33483,103,0
5968.89435801,5968.89417419,3173.43359587,3173.44216921,0.04524989,623.62773506,0.01998505,0.01998505,33482,103,0
5969.07224063,5969.07246891,3181.75408527,3181.74342547,0.04107453,623.55611551,0.01998505,0.01998505,33481,103,0
5969.25136118,5969.25077429,3190.08559099,3190.11303174,0.03625405,623.48260480,0.01998505,0.01998505,33480,103,0
5969.42925361,5969.42909033,3198.42838442,3198.43602891,0.05715687,623.40820759,0.01998505,0.01998505,33479,103,0
5969.60806394,5969.60741701,3206.78269605,3206.81302368,0.04054725,623.33202289,0.01998505,0.01998505,33478,103,0
5969.78547066,5969.78575436,3215.14844984,3215.13513328,0.02487453,623.25504118,0.01998505,0.01998505,33477,103,0
5969.96388390,5969.96410235,3223.52543455,3223.51516737,0.05642778,623.17621826,0.01998505,0.01998505,33476,103,0
5970.14257557,5970.14246101,3231.91343658,3231.91882768,0.02334539,623.09585768,0.01998505,0.01998505,33475,103,0
5970.32065486,5970.32083032,3240.31226995,3240.30400273,0.05252410,623.01436097,0.01998505,0.01998505,33474,103,0
5970.49954812,5970.49921029,3248.72204961,3248.73798651,0.04897394,622.93106698,0.01998505,0.01998505,33473,103,0
5970.67790094,5970.67760092,3257.14306935,3257.15724117,0.04240551,622.84659523,0.01998505,0.01998505,33472,103,0
5970.85554462,5970.85600222,3265.57562758,3265.55398405,0.06140399,622.76103262,0.01998505,0.01998505,33471,103,0
5971.03403556,5971.03441417,3274.02001130,3274.00207936,0.04552501,622.67361971,0.01998505,0.01998505,33470,103,0
5971.21369141,5971.21283679,3282.47631557,3282.51684784,0.05849106,622.58417011,0.01998506,0.01998505,33469,103,0
5971.39127352,5971.39127007,3290.94449255,3290.94465679,0.04775518,622.49430259,0.01998505,0.01998505,33468,103,0
5971.56881922,5971.56971401,3299.42449054,3299.38194046,0.06807938,622.40300725,0.01998505,0.01998505,33467,103,0
5971.74864627,5971.74816862,3307.91625799,3307.93900214,0.03962210,622.30905994,0.01998505,0.01998505,33466,103,0
5971.92594928,5971.92663389,3316.41975446,3316.38711267,0.04883858,622.21496934,0.01998505,0.01998505,33465,103,0
5972.10496479,5972.10510984,3324.93494923,3324.92802433,0.02549681,622.11849233,0.01998505,0.01998505,33464,103,0
5972.28374436,5972.28359645,3333.46181159,3333.46888221,0.04345808,622.02065574,0.01998505,0.01998505,33463,103,0
5972.46213838,5972.46209373,3342.00031858,3342.00245608,0.03832453,621.92154419,0.01998505,0.01998505,33462,103,0
5972.64043609,5972.64060168,3350.55062270,3350.54268591,0.05997420,621.82099598,0.01998505,0.01998505,33461,103,0
5972.81889610,5972.81912030,3359.11304809,3359.10228709,0.04887095,621.71885521,0.01998505,0.01998505,33460,103,0
5972.99839286,5972.99764960,3367.68792854,3367.72365339,0.06350395,621.61459660,0.01998506,0.01998505,33459,103,0
5973.17693278,5973.17618956,3376.27558834,3376.31136230,0.05930195,621.50936739,0.01998506,0.01998505,33458,103,0
5973.35494104,5973.35474020,3384.87606560,3384.88574650,0.02112501,621.40292977,0.01998505,0.01998505,33457,103,0
5973.53355381,5973.53330152,3393.48910546,3393.50128314,0.03866609,621.29460084,0.01998505,0.01998505,33456,103,0
5973.71230636,5973.71187351,3402.11443767,3402.13535926,0.04436047,621.18465061,0.01998505,0.01998505,33455,103,0
5973.89016955,5973.89045618,3410.75179833,3410.73792593,0.05350419,621.07371960,0.01998505,0.01998505,33454,103,0
5974.06992864,5974.06904953,3419.40112260,3419.44372691,0.05922135,620.96005298,0.01998506,0.01998505,33453,103,0
5974.24712656,5974.24765355,3428.06254683,3428.03697316,0.03394668,620.84647046,0.01998505,0.01998505,33452,103,0
5974.42610821,5974.42626826,3436.73621727,3436.72843965,0.04845743,620.73018963,0.01998505,0.01998505,33451,103,0
5974.60473019,5974.60489364,3445.42228227,3445.41432822,0.05444949,620.61257680,0.01998505,0.01998505,33450,103,0
5974.78395167,5974.78352971,3454.12091010,3454.14147153,0.05396140,620.49298918,0.01998506,0.01998505,33449,103,0
5974.96269935,5974.96217646,3462.83228789,3462.85780392,0.04011195,620.37213288,0.01998506,0.01998505,33448,103,0
5975.14080674,5975.14083390,3471.55660496,3471.55527778,0.04716328,620.25012673,0.01998505,0.01998505,33447,103,0
5975.31909319,5975.31950201,3480.29404026,3480.27403295,0.03429001,620.12640715,0.01998505,0.01998505,33446,103,0
5975.49858406,5975.49818082,3489.04457808,3489.06434031,0.05077635,620.00023815,0.01998506,0.01998505,33445,103,0
5975.67691678,5975.67687031,3497.80804226,3497.81032277,0.07531182,619.87327634,0.01998505,0.01998505,33444,103,0
5975.85667697,5975.85557048,3506.58425027,3506.63862904,0.05448722,619.74367392,0.01998506,0.01998505,33443,103,0
5976.03385266,5976.03428135,3515.37301765,3515.35192119,0.03692088,619.61433594,0.01998505,0.01998505,33442,103,0
5976.21292776,5976.21300291,3524.17415524,3524.17045212,0.06014661,619.48199548,0.01998505,0.01998505,33441,103,0
5976.39233734,5976.39173515,3532.98747011,3533.01718377,0.06265517,619.34777590,0.01998506,0.01998505,33440,103,0
5976.57065101,5976.57047809,3541.81276749,3541.82131070,0.02647662,619.21275505,0.01998506,0.01998505,33439,103,0
5976.74903616,5976.74923172,3550.64993574,3550.64026172,0.04071013,619.07605911,0.01998505,0.01998505,33438,103,0
5976.92717293,5976.92799604,3559.49961168,3559.45883521,0.04614282,618.93792019,0.01998505,0.01998505,33437,103,0
5977.10574736,5977.10677105,3568.36282806,3568.31203686,0.05877652,618.79778155,0.01998505,0.01998505,33436,103,0
5977.28631596,5977.28555676,3577.24063024,3577.27836040,0.05187950,618.65436410,0.01998506,0.01998505,33435,103,0
5977.46510260,5977.46435317,3586.13383869,3586.17114564,0.04564452,618.51064370,0.01998506,0.01998505,33434,103,0
5977.64346533,5977.64316027,3595.04186696,3595.05707608,0.06590133,618.36556273,0.01998506,0.01998505,33433,103,0
5977.82158158,5977.82197808,3603.96359500,3603.94379913,0.05479391,618.21899789,0.01998505,0.01998505,33432,103,0
5978.00080007,5978.00080658,3612.89789151,3612.89756629,0.06850809,618.06983971,0.01998505,0.01998505,33431,103,0
5978.18025738,5978.17964578,3621.84404765,3621.87466256,0.05581877,617.91879389,0.01998506,0.01998505,33430,103,0
5978.35813276,5978.35849568,3630.80305347,3630.78486068,0.04957547,617.76738954,0.01998505,0.01998505,33429,103,0
5978.53663592,5978.53735628,3639.77632793,3639.74015872,0.05265401,617.61372906,0.01998505,0.01998505,33428,103,0
5978.71623576,5978.71622758,3648.76530087,3648.76571192,0.04055219,617.45735199,0.01998505,0.01998505,33427,103,0
5978.89583704,5978.89510959,3657.77070831,3657.80736132,0.06026075,617.29917503,0.01998506,0.01998505,33426,103,0
5979.07319022,5979.07400231,3666.79156941,3666.75058717,0.03556553,617.14122239,0.01998505,0.01998505,33425,103,0
5979.25324470,5979.25290573,3675.82663640,3675.84376744,0.05321538,616.97909436,0.01998506,0.01998505,33424,103,0
5979.43215782,5979.43181985,3684.87466659,3684.89176971,0.03217972,616.81624371,0.01998506,0.01998505,33423,103,0
5979.61047902,5979.61074468,3693.93527607,3693.92181390,0.05068783,616.65219658,0.01998505,0.01998506,33422,103,0
5979.79116242,5979.78968023,0.00000000,3703.08415980,0.05745503,616.48419428,0.01998506,0.01998506,33421,103,1
5979.96937260,5979.96862648,3712.09789197,3712.13581777,0.04636326,616.31668690,0.01998506,0.01998506,33420,103,0
5980.14856117,5980.14758344,3721.20185092,3721.25163221,0.06259220,616.14645072,0.01998506,0.01998506,33419,103,0
5980.32721096,5980.32655111,3730.32131300,3730.35496300,0.04011959,615.97490394,0.01998506,0.01998506,33418,103,0
5980.50574810,5980.50552950,3739.45561653,3739.46678151,0.05736275,615.80165244,0.01998506,0.01998506,33417,103,0
5980.68380102,5980.68451859,3748.60406982,3748.56736690,0.05806918,615.62707197,0.01998505,0.01998506,33416,103,0
5980.86316294,5980.86351840,3757.76606266,3757.74785552,0.05209377,615.44939677,0.01998506,0.01998506,33415,103,0
5981.04281080,5981.04252893,3766.94164229,3766.95610053,0.05323845,615.26960860,0.01998506,0.01998506,33414,103,0
5981.22143402,5981.22155018,3776.13115809,3776.12519127,0.04239901,615.08901686,0.01998506,0.01998506,33413,103,0
5981.40011403,5981.40058214,3785.33496422,3785.31088102,0.03824592,614.90652932,0.01998506,0.01998506,33412,103,0
5981.57878543,5981.57962481,3794.55337226,3794.51012157,0.01496925,614.72219887,0.01998505,0.01998506,33411,103,0
5981.75822030,5981.75867821,3803.78653804,3803.76290689,0.05050124,614.53520695,0.01998506,0.01998506,33410,103,0
5981.93790465,5981.93774233,3813.03458450,3813.04297463,0.07105462,614.34606352,0.01998506,0.01998506,33409,103,0
5982.11568239,5982.11681717,3822.29763476,3822.23889022,0.02165683,614.15705454,0.01998505,0.01998506,33408,103,0
5982.29669128,5982.29590273,3831.57575721,3831.61664282,0.04162033,613.96268777,0.01998506,0.01998506,33407,103,0
5982.47474277,5982.47499901,3840.86893230,3840.85562578,0.04275636,613.76959712,0.01998506,0.01998506,33406,103,0
5982.65379328,5982.65410602,3850.17713232,3850.16086677,0.05333253,613.57351655,0.01998506,0.01998506,33405,103,0
5982.83391732,5982.83322375,3859.50035990,3859.53648967,0.04137446,613.37432373,0.01998506,0.01998506,33404,103,0
5983.01240040,5983.01235220,3868.83903663,3868.84155121,0.03690307,613.17501324,0.01998506,0.01998506,33403,103,0
5983.19073511,5983.19149139,3878.19389100,3878.15436363,0.08103870,612.97392411,0.01998505,0.01998506,33402,103,0
5983.37112672,5983.37064130,3887.56566539,3887.59108210,0.03455874,612.76851396,0.01998506,0.01998506,33401,103,0
5983.55004768,5983.54980194,3896.95486532,3896.96775515,0.05756120,612.56277025,0.01998506,0.01998506,33400,103,0
5983.72892003,5983.72897331,3906.36085108,3906.35805176,0.05359463,612.35508879,0.01998506,0.01998506,33399,103,0
5983.90661253,5983.90815541,0.00000000,3915.70493621,0.03408524,612.14673890,0.01998505,0.01998506,33398,103,1
5984.08859189,5984.08734824,3925.21924099,3925.28478190,0.06142166,611.93151014,0.01998506,0.01998506,33397,103,0
5984.26745104,5984.26655180,3934.67050992,3934.71797373,0.05914667,611.71790859,0.01998506,0.01998506,33396,103,0
5984.44584757,5984.44576610,3944.13776546,3944.14207308,0.04215542,611.50286063,0.01998506,0.01998506,33395,103,0
5984.62626569,5984.62499113,3953.62248962,3953.69000456,0.05240482,611.28330285,0.01998506,0.01998506,33394,103,0
5984.80313001,5984.80422690,3963.12601515,3963.06780024,0.06410770,611.06600743,0.01998505,0.01998506,33393,103,0
5984.98455541,5984.98347340,3972.64770522,3972.70523206,0.06544343,610.84099233,0.01998506,0.01998506,33392,103,0
5985.16259092,5985.16273064,3982.18560037,3982.17816075,0.04782643,610.61813526,0.01998506,0.01998506,33391,103,0
5985.34098529,5985.34199862,3991.73769713,3991.68366846,0.06356469,610.39283491,0.01998505,0.01998506,33390,103,0
5985.52067855,5985.52127733,4001.30281161,4001.27084217,0.04028928,610.16389758,0.01998506,0.01998506,33389,103,0
5985.69971410,5985.70056679,4010.88268274,4010.83708387,0.06118938,609.93375718,0.01998505,0.01998506,33388,103,0
5985.87950401,5985.87986699,4020.47970793,4020.46026138,0.05276288,609.70053085,0.01998506,0.01998506,33387,103,0
5986.05957158,5986.05917793,4030.09624329,4030.11737678,0.04169031,609.46475172,0.01998506,0.01998506,33386,103,0
5986.24034444,5986.23849961,0.00000000,4039.82530359,0.06839728,609.22598507,0.01998506,0.01998506,33385,103,1
5986.41830550,5986.41783204,4049.38773871,4049.41325092,0.02642425,608.98845022,0.01998506,0.01998506,33384,103,0
5986.59630984,5986.59717521,4059.05936591,4059.01266227,0.06732796,608.74891997,0.01998506,0.01998506,33383,103,0
5986.77611095,5986.77652913,4068.74622088,4068.72361830,0.04211108,608.50486414,0.01998506,0.01998506,33382,103,0
5986.95635202,5986.95589380,4078.44851178,4078.47331827,0.06975536,608.25807185,0.01998506,0.01998506,33381,103,0
5987.13525230,5987.13526921,4088.16702640,4088.16610955,0.04076712,608.01096938,0.01998506,0.01998506,33380,103,0
nan,nan,0.00000000,-1.00000000,0.00000000,601.22610622,nan,0.00000000,-2147483648,102,1
nan,nan,0.00000000,-1.00000000,0.00000000,601.47876102,nan,0.00000000,-2147483648,102,1
nan,nan,0.00000000,-1.00000000,0.00000000,601.73095522,nan,0.00000000,-2147483648,102,1
5942.96637930,5942.97695014,0.00000000,18.41778549,0.24296852,602.05398581,0.01998501,0.01998504,33628,102,1
5943.15187056,5943.15369981,24.31713606,24.25949805,0.15331913,602.34736075,0.01998504,0.01998504,33627,102,0
5943.32493897,5943.33045999,0.00000000,29.71436593,0.15753936,602.62074033,0.01998502,0.01998504,33626,102,1
5943.50678196,5943.50723069,35.46299752,35.44884190,0.05242104,602.90754171,0.01998504,0.01998504,33625,102,0
5943.86819686,5943.86080364,0.00000000,46.85357352,0.23273767,603.47613146,0.01998507,0.01998504,33623,102,1
5943.86819686,5943.86080364,0.00000000,46.85357352,0.23273767,603.47613146,0.01998507,0.01998504,33623,102,1
5944.03563973,5944.03760590,52.20795212,52.14582668,0.18583962,603.73916563,0.01998504,0.01998504,33622,102,0
5944.21449162,5944.21441867,57.79619750,57.79850386,0.20806078,604.01954334,0.01998504,0.01998504,33621,102,0
5944.39712245,5944.39124196,0.00000000,63.56809736,0.14816379,604.30511285,0.01998506,0.01998504,33620,102,1
5944.56462116,5944.56807577,0.00000000,68.86688425,0.05396199,604.56683895,0.01998503,0.01998504,33619,102,1
5944.74395088,5944.74492011,74.57914707,74.54846307,0.04548019,604.84689752,0.01998504,0.01998504,33618,102,0
5944.91983645,5944.92177496,80.17939559,80.11799619,0.10725141,605.12085548,0.01998504,0.01998504,33617,102,0
5945.09236399,5945.09864034,0.00000000,85.57985190,0.06541917,605.38896154,0.01998502,0.01998504,33616,102,1
5945.28227015,5945.27551625,0.00000000,91.60062775,0.06114827,605.68386600,0.01998507,0.01998504,33615,102,1
5945.45585530,5945.45240268,0.00000000,97.10706600,0.12415368,605.95299247,0.01998506,0.01998504,33614,102,1
5945.62776263,5945.62929964,102.61300346,102.56421472,0.10880237,606.21915834,0.01998504,0.01998504,33613,102,0
5945.81097274,5945.80620712,0.00000000,108.38129476,0.08397812,606.50227476,0.01998506,0.01998504,33612,102,1
5945.98537043,5945.98312514,0.00000000,113.92261651,0.11059836,606.77138975,0.01998505,0.01998504,33611,102,1
5946.15527877,5946.16005368,0.00000000,119.32419071,0.13275764,607.03317287,0.01998503,0.01998504,33610,102,1
5946.33948460,5946.33699275,0.00000000,125.18353506,0.05933144,607.31653305,0.01998505,0.01998504,33609,102,1
5946.50427028,5946.51394236,0.00000000,130.42800919,0.02832333,607.56962087,0.01998501,0.01998504,33608,102,1
5946.69405443,5946.69090249,0.00000000,136.47143643,0.05921301,607.86063547,0.01998505,0.01998504,33607,102,1
5946.86429878,5946.86787316,0.00000000,141.89570264,0.02963327,608.12126139,0.01998503,0.01998504,33606,102,1
5947.03667242,5947.04485437,0.00000000,147.39076390,0.12647882,608.38473550,0.01998502,0.01998504,33605,102,1
5947.22621664,5947.22184611,0.00000000,153.43663754,0.04073691,608.67397610,0.01998506,0.01998504,33604,102,1
5947.40708299,5947.39884838,0.00000000,159.20907541,0.06404141,608.94950603,0.01998507,0.01998504,33603,102,1
5947.57320541,5947.57586119,0.00000000,164.51385124,0.06342852,609.20217149,0.01998504,0.01998504,33602,102,1
5947.75246431,5947.75288454,170.25434923,170.24091981,0.12399426,609.47436788,0.01998504,0.01998504,33601,102,0
5947.92302668,5947.92991843,0.00000000,175.69376479,0.23443888,609.73296858,0.01998502,0.01998504,33600,102,1
5948.11669928,5948.10696286,0.00000000,181.88865095,0.20341430,610.02609485,0.01998508,0.01998504,33599,102,1
5948.28407047,5948.28401783,187.24089226,187.24257701,0.07923030,610.27885859,0.01998504,0.01998504,33598,102,0
5948.45952222,5948.46108334,192.90997115,192.85997483,0.18108559,610.54349246,0.01998504,0.01998504,33597,102,0
5948.63389012,5948.63815939,0.00000000,198.45035659,0.16535324,610.80627550,0.01998503,0.01998504,33596,102,1
5948.81171134,5948.81524599,0.00000000,204.15090922,0.10320420,611.07364338,0.01998503,0.01998504,33595,102,1
5948.99387539,5948.99234313,209.93967805,209.98884143,0.04479402,611.34683308,0.01998505,0.01998504,33594,102,0
5949.16638545,5949.16945082,0.00000000,215.53061359,0.09481373,611.60558184,0.01998503,0.01998504,33593,102,1
5949.34340206,5949.34656905,0.00000000,221.21500060,0.04775208,611.87040047,0.01998503,0.01998504,33592,102,1
5949.52057387,5949.52369783,0.00000000,226.90759105,0.08384507,612.13500359,0.01998503,0.01998505,33591,102,1
5949.69893650,5949.70083716,232.69919487,232.63806964,0.02042230,612.40076369,0.01998504,0.01998505,33590,102,0
5949.88075341,5949.87798703,0.00000000,238.49023626,0.09891784,612.67154165,0.01998505,0.01998505,33589,102,1
5950.05543085,5950.05514746,244.09979142,244.10891482,0.06762386,612.93092131,0.01998505,0.01998505,33588,102,0
5950.22714220,5950.23231844,0.00000000,249.64202650,0.13315419,613.18578131,0.01998503,0.01998505,33587,102,1
5950.40673876,5950.40949997,0.00000000,255.42892458,0.04508564,613.45172626,0.01998504,0.01998505,33586,102,1
5950.58235458,5950.58669205,0.00000000,261.09079369,0.10526283,613.71132693,0.01998503,0.01998505,33585,102,1
5950.76423124,5950.76389469,266.94089416,266.95175246,0.08358398,613.97943255,0.01998505,0.01998505,33584,102,0
5950.94143564,5950.94110788,272.66002851,272.67060957,0.10296332,614.24042644,0.01998505,0.01998505,33583,102,0
5951.11822715,5951.11833162,278.38291189,278.37953716,0.04475933,614.50036484,0.01998504,0.01998505,33582,102,0
5951.29503854,5951.29556593,284.10959582,284.09255025,0.04811046,614.75988678,0.01998504,0.01998505,33581,102,0
5951.47274693,5951.47281079,289.84007621,289.83801114,0.05311248,615.02027483,0.01998504,0.01998505,33580,102,0
5951.65025177,5951.65006621,295.57434612,295.58035102,0.07660856,615.27991231,0.01998505,0.01998505,33579,102,0
5951.83115432,5951.82733218,0.00000000,301.44502413,0.08848687,615.54445246,0.01998506,0.01998505,33578,102,1
5952.00480955,5952.00460872,307.05422652,307.06073304,0.08148941,615.79716712,0.01998505,0.01998505,33577,102,0
5952.18433120,5952.18189582,0.00000000,312.88743883,0.15972653,616.05876121,0.01998505,0.01998505,33576,102,1
5952.35919635,5952.35919349,318.54919147,318.54928432,0.08767924,616.31235306,0.01998505,0.01998505,33575,102,0
5952.53308811,5952.53650171,0.00000000,324.19959890,0.06266646,616.56483811,0.01998503,0.01998505,33574,102,1
5952.71614033,5952.71382050,0.00000000,330.14218273,0.06647458,616.82974694,0.01998505,0.01998505,33573,102,1
5952.88839717,5952.89114986,0.00000000,335.73756155,0.12226501,617.07858174,0.01998504,0.01998505,33572,102,1
5953.07090339,5953.06848978,0.00000000,341.66931900,0.05093272,617.34174420,0.01998505,0.01998505,33571,102,1
5953.24816766,5953.24584027,0.00000000,347.43410899,0.04191694,617.59687628,0.01998505,0.01998505,33570,102,1
5953.42305268,5953.42320132,353.12529883,353.12045978,0.07475755,617.84793535,0.01998505,0.01998505,33569,102,0
5953.60107520,5953.60057295,358.90130059,358.91766094,0.09352905,618.10327358,0.01998505,0.01998505,33568,102,0
5953.77911224,5953.77795514,364.68101155,364.71872459,0.10906140,618.35816034,0.01998505,0.01998505,33567,102,0
5953.95526881,5953.95534790,370.46437693,370.46179761,0.04315715,618.60988656,0.01998505,0.01998505,33566,102,0
5954.13391416,5954.13275124,376.25134175,376.28928713,0.06621864,618.86468987,0.01998505,0.01998505,33565,102,0
5954.31075072,5954.31016515,382.04185396,382.06097130,0.10173411,619.11643454,0.01998505,0.01998505,33564,102,0
5954.48713783,5954.48758963,387.83592264,387.82116429,0.09986315,619.36706420,0.01998505,0.01998505,33563,102,0
5954.66846712,5954.66502469,0.00000000,393.74542542,0.08649209,619.62419291,0.01998506,0.01998505,33562,102,1
5954.84245377,5954.84247032,399.43499154,399.43445032,0.05974207,619.87050120,0.01998505,0.01998505,33561,102,0
5955.02152702,5955.01992653,405.24012648,405.29249915,0.05511293,620.12350231,0.01998505,0.01998505,33560,102,0
5955.19656216,5955.19739332,411.04908534,411.02187105,0.04232575,620.37033247,0.01998504,0.01998505,33559,102,0
5955.37549238,5955.37487068,416.86193321,416.88230183,0.07731857,620.62218111,0.01998505,0.01998505,33558,102,0
5955.55424492,5955.55235863,422.67869270,422.74053078,0.10010209,620.87330060,0.01998505,0.01998505,33557,102,0
5955.73003700,5955.72985715,428.49935412,428.50525355,0.03776976,621.11979253,0.01998505,0.01998505,33556,102,0
5955.90556183,5955.90736626,434.32390691,434.26468100,0.09800524,621.36544453,0.01998504,0.01998505,33555,102,0
5956.08225099,5956.08488594,0.00000000,440.06197237,0.03995638,621.61209217,0.01998504,0.01998505,33554,102,1
5956.26258032,5956.26241621,445.98464411,445.99003710,0.04680014,621.86366106,0.01998505,0.01998505,33553,102,0
5956.44011757,5956.43995707,451.82080796,451.82608572,0.03793732,622.11069036,0.01998505,0.01998505,33552,102,0
5956.61696290,5956.61750850,457.66083020,457.64287868,0.08590186,622.35627795,0.01998505,0.01998505,33551,102,0
5956.79379670,5956.79507053,463.50471384,463.46277720,0.04322980,622.60137051,0.01998504,0.01998505,33550,102,0
5956.97194730,5956.97264314,469.35246198,469.32953996,0.08688997,622.84780273,0.01998505,0.01998505,33549,102,0
5957.14901151,5957.15022634,475.20407770,475.16403538,0.07291226,623.09224832,0.01998504,0.01998505,33548,102,0
5957.32499292,5957.32782013,0.00000000,480.95712572,0.08822830,623.33433632,0.01998504,0.01998505,33547,102,1
5957.50395011,5957.50542450,486.91891718,486.87026113,0.06586454,623.58080082,0.01998504,0.01998505,33546,102,0
5957.68429936,5957.68303947,492.78208218,492.82368412,0.04729035,623.82829123,0.01998505,0.01998505,33545,102,0
5957.86095190,5957.86066503,498.64898226,498.65846016,0.09340886,624.07021327,0.01998505,0.01998505,33544,102,0
5958.03621979,5958.03830118,504.51954019,504.45073503,0.00588530,624.30975029,0.01998504,0.01998505,33543,102,0
5958.21763904,5958.21594793,510.39367840,510.44961281,0.10125907,624.55717709,0.01998506,0.01998505,33542,102,0
5958.39401019,5958.39360526,516.27131901,516.28471902,0.04007293,624.79721038,0.01998505,0.01998505,33541,102,0
5958.57189805,5958.57127320,522.15242804,522.17311716,0.06618478,625.03879738,0.01998505,0.01998505,33540,102,0
5958.75030354,5958.74895173,528.03717644,528.08196187,0.07998005,625.28057848,0.01998505,0.01998505,33539,102,0
5958.92630391,5958.92664086,533.92579525,533.91462525,0.05830290,625.51860885,0.01998505,0.01998505,33538,102,0
5959.10474263,5959.10434058,539.81851643,539.83185331,0.03455028,625.75944714,0.01998505,0.01998505,33537,102,0
5959.28083131,5959.28205091,545.71557288,545.67508832,0.07608538,625.99663812,0.01998505,0.01998505,33536,102,0
5959.46033544,5959.45977183,551.61719830,551.63592104,0.06058634,626.23795172,0.01998505,0.01998505,33535,102,0
5959.63591233,5959.63750336,557.52351098,557.47061978,0.05832453,626.47352229,0.01998504,0.01998505,33534,102,0
5959.81592722,5959.81524548,563.43429529,563.45697382,0.01255918,626.71456107,0.01998505,0.01998505,33533,102,0
5959.99348724,5959.99299821,569.34927504,569.36555312,0.04157833,626.95181800,0.01998505,0.01998505,33532,102,0
5960.17187358,5960.17076155,575.26817291,575.30521044,0.08425027,627.18967169,0.01998505,0.01998505,33531,102,0
5960.34553918,5960.34853549,0.00000000,581.08012375,0.06276903,627.42030222,0.01998504,0.01998505,33530,102,1
5960.52774072,5960.52632003,587.11661042,587.16397643,0.05479694,627.66260313,0.01998505,0.01998505,33529,102,0
5960.70361366,5960.70411518,593.04578563,593.02905643,0.05960821,627.89554248,0.01998505,0.01998505,33528,102,0
5960.88338972,5960.88192094,598.97847691,599.02749853,0.00629524,628.13311991,0.01998505,0.01998505,33527,102,0
5961.06028849,5961.05973731,604.91495839,604.93336556,0.07670670,628.36638012,0.01998505,0.01998505,33526,102,0
5961.23772901,5961.23756428,610.85550537,610.86101026,0.07456225,628.59985127,0.01998505,0.01998505,33525,102,0
5961.41534639,5961.41540187,616.80039423,616.79853914,0.05200032,628.83305968,0.01998505,0.01998505,33524,102,0
5961.59321912,5961.59325007,622.74989162,622.74885600,0.06486917,629.06611564,0.01998505,0.01998505,33523,102,0
5961.77232103,5961.77110887,628.70401735,628.74461049,0.06715888,629.30028828,0.01998505,0.01998505,33522,102,0
5961.94776841,5961.94897830,634.66254424,634.62200041,0.06756900,629.52919207,0.01998505,0.01998505,33521,102,0
5962.12723250,5962.12685834,640.62523352,640.63777982,0.07448792,629.76282335,0.01998505,0.01998505,33520,102,0
5962.30433158,5962.30474899,646.59184541,646.57784135,0.08248571,629.99285658,0.01998505,0.01998505,33519,102,0
5962.48265737,5962.48265026,652.56213916,652.56237794,0.05152307,630.22395149,0.01998505,0.01998505,33518,102,0
5962.66183772,5962.66056214,658.53590667,658.57874839,0.09543000,630.45560722,0.01998505,0.01998505,33517,102,0
5962.83830297,5962.83848464,664.51325161,664.50714652,0.05629125,630.68322003,0.01998505,0.01998505,33516,102,0
5963.01537691,5963.01641777,670.49444779,670.45944895,0.02740006,630.91109586,0.01998505,0.01998505,33515,102,0
5963.19396947,5963.19436151,676.47977184,676.46658085,0.06223766,631.14040557,0.01998505,0.01998505,33514,102,0
5963.37079155,5963.37231587,682.46950151,682.41817681,0.07804503,631.36693628,0.01998504,0.01998505,33513,102,0
5963.54969397,5963.55028085,688.46391572,688.44414029,0.04035054,631.59562924,0.01998505,0.01998505,33512,102,0
5963.72734644,5963.72825646,694.46320829,694.43252160,0.06620896,631.82222968,0.01998505,0.01998505,33511,102,0
5963.90556553,5963.90624269,700.46721060,700.44435984,0.03006719,632.04904964,0.01998505,0.01998505,33510,102,0
5964.08347369,5964.08423955,706.47565769,706.44979712,0.08562256,632.27495974,0.01998505,0.01998505,33509,102,0
5964.26347101,5964.26224703,712.48828351,712.52963887,0.07230720,632.50298828,0.01998505,0.01998505,33508,102,0
5964.43964257,5964.44026514,718.50482087,718.48377405,0.06923716,632.72563850,0.01998505,0.01998505,33507,102,0
5964.61768126,5964.61829387,724.52500286,724.50428172,0.09143361,632.95010293,0.01998505,0.01998505,33506,102,0
5964.79764516,5964.79633323,730.54872061,730.59312005,0.07602359,633.17643203,0.01998505,0.01998505,33505,102,0
5964.97637073,5964.97438322,736.57616736,736.64346942,0.08791286,633.40065014,0.01998506,0.01998505,33504,102,0
5965.15256922,5965.15244385,742.60757104,742.61181903,0.08082633,633.62116500,0.01998505,0.01998505,33503,102,0
5965.33185592,5965.33051510,748.64316054,748.68862185,0.05700442,633.84500887,0.01998505,0.01998505,33502,102,0
5965.50845585,5965.50859699,754.68316571,754.67837701,0.06283930,634.06497672,0.01998505,0.01998505,33501,102,0
5965.68584695,5965.68668951,760.72780768,760.69920037,0.06563888,634.28541561,0.01998505,0.01998505,33500,102,0
5965.86437146,5965.86479266,766.77713506,766.76282398,0.05619060,634.50674267,0.01998505,0.01998505,33499,102,0
5966.04378328,5966.04290645,772.83104656,772.86085958,0.03544554,634.72863870,0.01998505,0.01998505,33498,102,0
5966.22151140,5966.22103087,778.88943547,778.90578468,0.04200496,634.94792205,0.01998505,0.01998505,33497,102,0
5966.39903217,5966.39916593,784.95219467,784.94764078,0.02990666,635.16641744,0.01998505,0.01998505,33496,102,0
5966.57833707,5966.57731163,791.01921653,791.05415041,0.06052443,635.38656356,0.01998505,0.01998505,33495,102,0
5966.75573534,5966.75546797,797.09041142,797.09952590,0.07138042,635.60382501,0.01998505,0.01998505,33494,102,0
5966.93246484,5966.93363494,803.16579663,803.12588417,0.05828125,635.81972889,0.01998505,0.01998505,33493,102,0
5967.11301314,5967.11181256,809.24542822,809.28640674,0.06128219,636.03974368,0.01998505,0.01998505,33492,102,0
5967.28952445,5967.29000082,815.32936256,815.31309251,0.06669086,636.25429801,0.01998505,0.01998505,33491,102,0
5967.46874747,5967.46819972,821.41765624,821.43637659,0.09078702,636.47160182,0.01998505,0.01998505,33490,102,0
5967.64668575,5967.64640927,827.51036596,827.51982177,0.07596615,636.68680360,0.01998505,0.01998505,33489,102,0
5967.82442889,5967.82462946,833.60752970,833.60066576,0.06023582,636.90122780,0.01998505,0.01998505,33488,102,0
5968.00233010,5968.00286029,839.70914542,839.69098840,0.06630358,637.11529919,0.01998505,0.01998505,33487,102,0
5968.18236903,5968.18110178,845.81520600,845.85863309,0.04722485,637.33138765,0.01998505,0.01998505,33486,102,0
5968.35950923,5968.35935390,851.92570427,851.93103068,0.05861779,637.54345011,0.01998505,0.01998505,33485,102,0
5968.53764247,5968.53761668,858.04063302,858.04151787,0.05825402,637.75615268,0.01998505,0.01998505,33484,102,0
5968.71449621,5968.71589011,864.15998964,864.11212733,0.02771583,637.96678166,0.01998505,0.01998505,33483,102,0
5968.89333312,5968.89417419,870.28384506,870.25494553,0.04741315,638.17922052,0.01998505,0.01998505,33482,102,0
5969.07334346,5969.07246891,876.41232929,876.44240047,0.05970104,638.39249579,0.01998505,0.01998505,33481,102,0
5969.25110765,5969.25077429,882.54557455,882.55704543,0.05867288,638.60256399,0.01998505,0.01998505,33480,102,0
5969.43018175,5969.42909033,888.68371361,888.72129758,0.04556182,638.81363470,0.01998505,0.01998505,33479,102,0
5969.60789865,5969.60741701,894.82687982,894.84347803,0.04028000,639.02256742,0.01998505,0.01998505,33478,102,0
5969.78568663,5969.78575436,900.97514386,900.97280796,0.04433065,639.23104787,0.01998505,0.01998505,33477,102,0
5969.96363122,5969.96410235,907.12830396,907.11204365,0.04599263,639.43916687,0.01998505,0.01998505,33476,102,0
5970.14291385,5970.14246101,913.28608389,913.30172338,0.05429255,639.64828830,0.01998505,0.01998505,33475,102,0
5970.32027333,5970.32083032,919.44820620,919.42895801,0.05618822,639.85460019,0.01998505,0.01998505,33474,102,0
5970.50033448,5970.49921029,925.61439224,925.65326377,0.08256917,640.06346766,0.01998506,0.01998505,33473,102,0
5970.67773480,5970.67760092,931.78436765,931.78899919,0.03244077,640.26865971,0.01998505,0.01998505,33472,102,0
5970.85588829,5970.85600222,937.95809074,937.95414693,0.04009992,640.47413207,0.01998505,0.01998505,33471,102,0
5971.03370106,5971.03441417,944.13583421,944.11113435,0.02622549,640.67862886,0.01998505,0.01998505,33470,102,0
5971.21218860,5971.21283679,950.31789411,950.29542792,0.05416349,640.88332474,0.01998505,0.01998505,33469,102,0
5971.39010590,5971.39127007,956.50456778,956.46418932,0.06833646,641.08679974,0.01998505,0.01998505,33468,102,0
5971.56982557,5971.56971401,962.69615388,962.70002643,0.05523722,641.29176975,0.01998505,0.01998505,33467,102,0
5971.74877943,5971.74816862,968.89290349,968.91412168,0.02333603,641.49530752,0.01998506,0.01998505,33466,102,0
5971.92562124,5971.92663389,975.09473121,975.05952787,0.04553692,641.69589090,0.01998505,0.01998505,33465,102,0
5972.10415939,5972.10510984,981.30140887,981.26834452,0.06739981,641.89783244,0.01998505,0.01998505,33464,102,0
5972.28346597,5972.28359645,987.51270674,987.50816451,0.08020454,642.10006180,0.01998505,0.01998505,33463,102,0
5972.46270990,5972.46209373,993.72839408,993.74985714,0.03646780,642.30162914,0.01998506,0.01998505,33462,102,0
5972.64025780,5972.64060168,999.94824059,999.93625508,0.03779516,642.50069754,0.01998505,0.01998505,33461,102,0
5972.81963893,5972.81912030,1006.17215205,1006.19023920,0.03899515,642.70121896,0.01998506,0.01998505,33460,102,0
5972.99866611,5972.99764960,1012.40027992,1012.43575296,0.06907361,642.90074452,0.01998506,0.01998505,33459,102,0
5973.17624341,5973.17618956,1018.63280190,1018.63468232,0.07144401,643.09806612,0.01998505,0.01998505,33458,102,0
5973.35523632,5973.35474020,1024.86989653,1024.88723261,0.04126601,643.29637222,0.01998506,0.01998505,33457,102,0
5973.53293697,5973.53330152,1031.11174313,1031.09899502,0.03347408,643.49266628,0.01998505,0.01998505,33456,102,0
5973.71153155,5973.71187351,1037.35850119,1037.34653434,0.04947771,643.68936863,0.01998505,0.01998505,33455,102,0
5973.89015194,5973.89045618,1043.61015708,1043.59950269,0.06451611,643.88551661,0.01998505,0.01998505,33454,102,0
5974.06812826,5974.06904953,1049.86660982,1049.83432501,0.05727205,644.08037287,0.01998505,0.01998505,33453,102,0
5974.24805886,5974.24765355,1056.12775734,1056.14197067,0.03654429,644.27677090,0.01998506,0.01998505,33452,102,0
5974.42579301,5974.42626826,1062.39349707,1062.37681986,0.06004442,644.47017660,0.01998505,0.01998505,33451,102,0
5974.60445477,5974.60489364,1068.66372644,1068.64831592,0.06254353,644.66399119,0.01998505,0.01998505,33450,102,0
5974.78334445,5974.78352971,1074.93839096,1074.93188128,0.03736271,644.85744660,0.01998505,0.01998505,33449,102,0
5974.96222599,5974.96217646,1081.21752701,1081.21926855,0.05450318,645.05028612,0.01998505,0.01998505,33448,102,0
5975.14046447,5975.14083390,1087.50118116,1087.48818352,0.06983734,645.24182851,0.01998505,0.01998505,33447,102,0
5975.31951505,5975.31950201,1093.78940021,1093.78985913,0.03061210,645.43363662,0.01998505,0.01998505,33446,102,0
5975.49809725,5975.49818082,1100.08223114,1100.07928704,0.02774905,645.62433689,0.01998505,0.01998505,33445,102,0
5975.67715878,5975.67687031,1106.37973182,1106.38990187,0.06447577,645.81494149,0.01998505,0.01998505,33444,102,0
5975.85510330,5975.85557048,1112.68204220,1112.66555969,0.06096205,646.00375706,0.01998505,0.01998505,33443,102,0
5976.03367245,5976.03428135,1118.98934071,1118.96784245,0.03478644,646.19263784,0.01998505,0.01998505,33442,102,0
5976.21379027,5976.21300291,1125.30180683,1125.32962764,0.05261631,646.38255402,0.01998506,0.01998505,33441,102,0
5976.39237157,5976.39173515,1131.61962084,1131.64212592,0.06097127,646.57025612,0.01998506,0.01998505,33440,102,0
5976.57100871,5976.57047809,1137.94296087,1137.96174034,0.04495222,646.75742869,0.01998506,0.01998505,33439,102,0
5976.74854200,5976.74923172,1144.27183280,1144.24740341,0.05216828,646.94286011,0.01998505,0.01998505,33438,102,0
5976.92868791,5976.92799604,1150.60597711,1150.63050130,0.06872150,647.13041514,0.01998506,0.01998505,33437,102,0
5977.10656486,5977.10677105,1156.94511058,1156.93779679,0.04615701,647.31499970,0.01998505,0.01998505,33436,102,0
5977.28549141,5977.28555676,1163.28894866,1163.28662898,0.05247971,647.50005378,0.01998505,0.01998505,33435,102,0
5977.46418611,5977.46435317,1169.63720548,1169.63127203,0.05459310,647.68423798,0.01998505,0.01998505,33434,102,0
5977.64362069,5977.64316027,1175.98966841,1176.00603045,0.04621032,647.86854353,0.01998506,0.01998505,33433,102,0
5977.82251885,5977.82197808,1182.34651651,1182.36574693,0.04610163,648.05166215,0.01998506,0.01998505,33432,102,0
5977.99983312,5978.00080658,1188.70805840,1188.67341705,0.06439659,648.23254021,0.01998505,0.01998505,33431,102,0
5978.17951409,5978.17964578,1195.07460418,1195.06991447,0.02641697,648.41521084,0.01998505,0.01998505,33430,102,0
5978.35860063,5978.35849568,1201.44646542,1201.45020592,0.05993638,648.59666163,0.01998505,0.01998505,33429,102,0
5978.53776500,5978.53735628,1207.82394418,1207.83852370,0.04654655,648.77758315,0.01998506,0.01998505,33428,102,0
5978.71573947,5978.71622758,1214.20709597,1214.18967035,0.04558886,648.95670053,0.01998505,0.01998505,33427,102,0
5978.89493907,5978.89510959,1220.59573073,1220.58963810,0.06041192,649.13643686,0.01998505,0.01998505,33426,102,0
5979.07342706,5979.07400231,1226.98964701,1226.96907907,0.00988611,649.31483953,0.01998505,0.01998505,33425,102,0
5979.25245178,5979.25290573,1233.38864239,1233.37239980,0.04345041,649.49314977,0.01998505,0.01998505,33424,102,0
5979.43147236,5979.43181985,1239.79251356,1239.78007149,0.07218054,649.67081870,0.01998505,0.01998505,33423,102,0
5979.61036205,5979.61074468,1246.20113139,1246.18742177,0.03143042,649.84771603,0.01998505,0.01998506,33422,102,0
5979.78897244,5979.78968023,1252.61457642,1252.58919874,0.05756219,650.02369780,0.01998505,0.01998506,33421,102,0
5979.96871188,5979.96862648,1259.03296603,1259.03603025,0.02747991,650.20014866,0.01998506,0.01998506,33420,102,0
5980.14737739,5980.14758344,1265.45641817,1265.44901954,0.04829474,650.37490715,0.01998505,0.01998506,33419,102,0
5980.32659616,5980.32655111,1271.88505133,1271.88667000,0.03638106,650.54956917,0.01998506,0.01998506,33418,102,0
5980.50648991,5980.50552950,1278.31897317,1278.35351150,0.06551404,650.72424792,0.01998506,0.01998506,33417,102,0
5980.68401690,5980.68451859,1284.75819602,1284.74014047,0.04766405,650.89599739,0.01998505,0.01998506,33416,102,0
5980.86397864,5980.86351840,1291.20268439,1291.21926041,0.02893034,651.06945968,0.01998506,0.01998506,33415,102,0
5981.04205350,5981.04252893,1297.65240222,1297.63526594,0.05844654,651.24046358,0.01998505,0.01998506,33414,102,0
5981.22076423,5981.22155018,1304.10731329,1304.07896418,0.01780011,651.41143567,0.01998505,0.01998506,33413,102,0
5981.40055266,5981.40058214,1310.56738103,1310.56631715,0.05234593,651.58278663,0.01998506,0.01998506,33412,102,0
5981.58017310,5981.57962481,1317.03256371,1317.05236930,0.02543009,651.75332140,0.01998506,0.01998506,33411,102,0
5981.75894823,5981.75867821,1323.50281331,1323.51257414,0.05620626,651.92239945,0.01998506,0.01998506,33410,102,0
5981.93738029,5981.93774233,1329.97808117,1329.96498472,0.03594569,652.09049932,0.01998505,0.01998506,33409,102,0
5982.11688648,5982.11681717,1336.45831841,1336.46082745,0.05482498,652.25894912,0.01998506,0.01998506,33408,102,0
5982.29605024,5982.29590273,1342.94347593,1342.94881947,0.02215027,652.42641254,0.01998506,0.01998506,33407,102,0
5982.47451592,5982.47499901,1349.43355626,1349.41604382,0.05476572,652.59256133,0.01998505,0.01998506,33406,102,0
5982.65321535,5982.65410602,1355.92871199,1355.89640093,0.03752707,652.75826778,0.01998505,0.01998506,33405,102,0
5982.83417633,5982.83322375,1362.42912340,1362.46370729,0.05753121,652.92540125,0.01998506,0.01998506,33404,102,0
5983.01259857,5983.01235220,1368.93497168,1368.94392300,0.02969422,653.08953254,0.01998506,0.01998506,33403,102,0
5983.19179623,5983.19149139,1375.44643886,1375.45752406,0.05256887,653.25372282,0.01998506,0.01998506,33402,102,0
5983.37018244,5983.37064130,1381.96367777,1381.94697832,0.03253011,653.41652017,0.01998505,0.01998506,33401,102,0
5983.55077318,5983.54980194,1388.48663153,1388.52200710,0.06121777,653.58066590,0.01998506,0.01998506,33400,102,0
5983.72902482,5983.72897331,1395.01515320,1395.01703101,0.03851736,653.74202528,0.01998506,0.01998506,33399,102,0
5983.90704091,5983.90815541,1401.54909475,1401.50843896,0.04607851,653.90251128,0.01998505,0.01998506,33398,102,0
5984.08806058,5984.08734824,1408.08830741,1408.11431212,0.03682771,654.06502298,0.01998506,0.01998506,33397,102,0
5984.26627579,5984.26655180,1414.63264635,1414.62256313,0.06050468,654.22433971,0.01998506,0.01998506,33396,102,0
5984.44548362,5984.44576610,1421.18205238,1421.17172569,0.02938720,654.38386302,0.01998506,0.01998506,33395,102,0
5984.62432430,5984.62499113,1427.73654210,1427.71214662,0.07221912,654.54237756,0.01998505,0.01998506,33394,102,0
5984.80471669,5984.80422690,1434.29613476,1434.31406640,0.05195063,654.70157604,0.01998506,0.01998506,33393,102,0
5984.98412859,5984.98347340,1440.86084972,1440.88485396,0.02679698,654.85921915,0.01998506,0.01998506,33392,102,0
5985.16354452,5985.16273064,1447.43070768,1447.46054773,0.03925883,655.01617631,0.01998506,0.01998506,33391,102,0
5985.34194208,5985.34199862,1454.00582637,1454.00375191,0.02630551,655.17155994,0.01998506,0.01998506,33390,102,0
5985.52068994,5985.52127733,1460.58648714,1460.56491749,0.05578682,655.32657074,0.01998505,0.01998506,33389,102,0
5985.70154524,5985.70056679,1467.17298842,1467.20894892,0.06431564,655.48272359,0.01998506,0.01998506,33388,102,0
5985.88009749,5985.87986699,1473.76563013,1473.77410928,0.04785267,655.63621647,0.01998506,0.01998506,33387,102,0
5986.05906332,5986.05917793,1480.36471359,1480.36049377,0.06735817,655.78940019,0.01998506,0.01998506,33386,102,0
5986.23835031,5986.23849961,1486.97038039,1486.96487818,0.02533065,655.94219253,0.01998506,0.01998506,33385,102,0
5986.41741810,5986.41783204,1493.58226380,1493.56699590,0.05391092,656.09412172,0.01998506,0.01998506,33384,102,0
5986.59706621,5986.59717521,1500.19989502,1500.19587152,0.04673052,656.24585113,0.01998506,0.01998506,33383,102,0
5986.77562328,5986.77652913,1506.82280286,1506.78934160,0.06667271,656.39595948,0.01998505,0.01998506,33382,102,0
5986.95646489,5986.95589380,1513.45051374,1513.47162275,0.03667835,656.54726479,0.01998506,0.01998506,33381,102,0
5987.13557967,5987.13526921,1520.08265395,1520.09413641,0.02506639,656.69639744,0.01998506,0.01998506,33380,102,0
5987.31432656,5987.31465537,1526.71943798,1526.70726887,0.06227262,656.84450487,0.01998506,0.01998506,33379,102,0
5987.49428089,5987.49405228,1533.36129258,1533.36975952,0.05951517,656.99289520,0.01998506,0.01998506,33378,102,0
5987.67355936,5987.67345994,1540.00864693,1540.01233205,0.01327467,657.14001998,0.01998506,0.01998506,33377,102,0
5987.85283357,5987.85287836,1546.66193241,1546.66027087,0.04588204,657.28644192,0.01998506,0.01998506,33376,102,0
5988.03265279,5988.03230752,1553.32154426,1553.33436481,0.06190677,657.43261303,0.01998506,0.01998506,33375,102,0
5988.21091919,5988.21174744,1559.98748629,1559.95670475,0.02359682,657.57683172,0.01998505,0.01998506,33374,102,0
5988.39071990,5988.39119812,1566.65953085,1566.64174331,0.05564448,657.72158844,0.01998506,0.01998506,33373,102,0
5988.57089107,5988.57065955,1573.33744621,1573.34606473,0.05556344,657.86592781,0.01998506,0.01998506,33372,102,0
5988.74889016,5988.75013173,1580.02099940,1579.97474561,0.02675098,658.00781665,0.01998505,0.01998506,33371,102,0
5988.92850545,5988.92961467,1586.70996724,1586.66861362,0.04927400,658.15027135,0.01998505,0.01998506,33370,102,0
5989.10906131,5989.10910838,1593.40433072,1593.40257450,0.05133810,658.29273822,0.01998506,0.01998506,33369,102,0
5989.28899468,5989.28861284,1600.10425272,1600.11851036,0.02551722,658.43398352,0.01998506,0.01998506,33368,102,0
5989.46794619,5989.46812806,1606.80990321,1606.80310685,0.06159135,658.57373647,0.01998506,0.01998506,33367,102,0
5989.64697662,5989.64765404,1613.52145306,1613.49611723,0.04669001,658.71283245,0.01998506,0.01998506,33366,102,0
5989.82785173,5989.82719079,1620.23907076,1620.26381134,0.06727165,658.85263309,0.01998506,0.01998506,33365,102,0
5990.00704097,5990.00673830,1626.96280988,1626.97414940,0.01789281,658.99040758,0.01998506,0.01998506,33364,102,0
5990.18641875,5990.18629657,1633.69257931,1633.69716035,0.06950246,659.12760211,0.01998506,0.01998506,33363,102,0
5990.36545262,5990.36586561,1640.42827830,1640.41278084,0.04730203,659.26380623,0.01998506,0.01998506,33362,102,0
5990.54514928,5990.54544541,1647.16980557,1647.15868447,0.06177506,659.39977972,0.01998506,0.01998506,33361,102,0
5990.72479324,5990.72503598,1653.91706046,1653.90793714,0.02092658,659.53497334,0.01998506,0.01998506,33360,102,0
5990.90452407,5990.90463732,1660.67002956,1660.66576969,0.05161860,659.66948960,0.01998506,0.01998506,33359,102,0
5991.08447710,5991.08424943,1667.42884634,1667.43741725,0.04657239,659.80342846,0.01998506,0.01998506,33358,102,0
5991.26416947,5991.26387230,1674.19365894,1674.20485531,0.07233995,659.93643158,0.01998506,0.01998506,33357,102,0
5991.44394987,5991.44350595,1680.96461627,1680.98135619,0.03492668,660.06875887,0.01998506,0.01998506,33356,102,0
5991.62263246,5991.62315037,1687.74186749,1687.72232016,0.06959145,660.19954439,0.01998506,0.01998506,33355,102,0
5991.80319945,5991.80280557,1694.52547314,1694.54035208,0.05304675,660.33096498,0.01998506,0.01998506,33354,102,0
5991.98269833,5991.98247154,1701.31530446,1701.32387912,0.04498129,660.46086195,0.01998506,0.01998506,33353,102,0
5992.16225894,5992.16214828,1708.11120781,1708.11539497,0.06952128,660.59005402,0.01998506,0.01998506,33352,102,0
5992.34135575,5992.34183579,1714.91302869,1714.89485015,0.03080059,660.71816055,0.01998506,0.01998506,33351,102,0
5992.52161116,5992.52153409,1721.72061196,1721.72353263,0.05050911,660.84633259,0.01998506,0.01998506,33350,102,0
5992.70162542,5992.70124316,1728.53388030,1728.54837851,0.03696454,660.97356548,0.01998506,0.01998506,33349,102,0
5992.88109419,5992.88096301,1735.35295566,1735.35793473,0.05042275,661.09964935,0.01998506,0.01998506,33348,102,0
5993.06094777,5993.06069364,1742.17799190,1742.18764615,0.05960530,661.22523954,0.01998506,0.01998506,33347,102,0
5993.24053053,5993.24043505,1749.00914367,1749.01277389,0.00842895,661.34987815,0.01998506,0.01998506,33346,102,0
5993.42012402,5993.42018725,1755.84656640,1755.84416038,0.07615091,661.47376283,0.01998506,0.01998506,33345,102,0
5993.59971673,5993.59995022,1762.69037147,1762.68147824,0.05049217,661.59688531,0.01998506,0.01998506,33344,102,0
5993.77974268,5993.77972398,1769.54054259,1769.54125523,0.04316279,661.71953778,0.01998506,0.01998506,33343,102,0
5993.95962116,5993.95950852,1776.39704056,1776.40133800,0.04034601,661.84131976,0.01998506,0.01998506,33342,102,0
5994.13989555,5994.13930385,1783.25982598,1783.28242071,0.05615418,661.96259451,0.01998506,0.01998506,33341,102,0
5994.31882858,5994.31910997,1790.12885920,1790.11810513,0.06583212,662.08219647,0.01998506,0.01998506,33340,102,0
5994.49932404,5994.49892687,1797.00410202,1797.01929407,0.02171906,662.20206219,0.01998506,0.01998506,33339,102,0
5994.67872469,5994.67875456,1803.88552116,1803.88437754,0.07128339,662.32042116,0.01998506,0.01998506,33338,102,0
5994.85827127,5994.85859304,1810.77308410,1810.76075580,0.05400953,662.43809537,0.01998506,0.01998506,33337,102,0
5995.03740984,5995.03844231,1817.66675811,1817.62716711,0.05079118,662.55472068,0.01998506,0.01998506,33336,102,0
5995.21843717,5995.21830237,1824.56651031,1824.57168347,0.05429717,662.67177985,0.01998506,0.01998506,33335,102,0
5995.39889776,5995.39817323,1831.47233641,1831.50016519,0.03646406,662.78767404,0.01998506,0.01998506,33334,102,0
5995.57788326,5995.57805487,1838.38431803,1838.37772091,0.03602759,662.90183252,0.01998506,0.01998506,33333,102,0
5995.75804673,5995.75794731,1845.30255309,1845.30637794,0.04901631,663.01594877,0.01998506,0.01998506,33332,102,0
5995.93830038,5995.93785055,1852.22714008,1852.24446182,0.04654243,663.12932470,0.01998506,0.01998506,33331,102,0
5996.11810675,5996.11776458,1859.15817800,1859.17136563,0.05551669,663.24162388,0.01998506,0.01998506,33330,102,0
5996.29814279,5996.29768941,1866.09576808,1866.11325754,0.06892323,663.35326981,0.01998506,0.01998506,33329,102,0
5996.47766268,5996.47762504,1873.04001682,1873.04147006,0.06496012,663.46380116,0.01998506,0.01998506,33328,102,0
5996.65775507,5996.65757146,1879.99103207,1879.99812776,0.01005244,663.57388710,0.01998506,0.01998506,33327,102,0
5996.83717373,5996.83752869,1886.94892230,1886.93519166,0.06490617,663.68276570,0.01998506,0.01998506,33326,102,0
5997.01779413,5997.01749672,1893.91379618,1893.92531171,0.06981830,663.79157070,0.01998506,0.01998506,33325,102,0
5997.19696510,5997.19747555,1900.88565649,1900.86587407,0.06621609,663.89870416,0.01998506,0.01998506,33324,102,0
5997.37746274,5997.37746518,1907.86425191,1907.86415730,0.05548697,664.00582041,0.01998506,0.01998506,33323,102,0
5997.55775871,5997.55746561,1914.84929255,1914.86067099,0.05520969,664.11199796,0.01998506,0.01998506,33322,102,0
5997.73722109,5997.73747685,1921.84048688,1921.83054973,0.06001040,664.21686500,0.01998506,0.01998506,33321,102,0
5997.91762347,5997.91749890,1928.83754346,1928.84238698,0.05101429,664.32145056,0.01998506,0.01998506,33320,102,0
5998.09763225,5998.09753175,1935.84038444,1935.84429523,0.05300058,664.42497442,0.01998506,0.01998506,33319,102,0
5998.27718640,5998.27757541,1942.84935120,1942.83420071,0.07209948,664.52741021,0.01998506,0.01998506,33318,102,0
5998.45739508,5998.45762988,1949.86483549,1949.85568291,0.05549948,664.62939273,0.01998506,0.01998506,33317,102,0
5998.63760451,5998.63769516,1956.88723126,1956.88369440,0.06004539,664.73055071,0.01998506,0.01998506,33316,102,0
5998.81783420,5998.81777125,1963.91692944,1963.91938801,0.06590366,664.83089792,0.01998506,0.01998506,33315,102,0
5998.99766680,5998.99785815,1970.95403262,1970.94655173,0.07346888,664.93020330,0.01998506,0.01998506,33314,102,0
5999.17827379,5999.17795586,1977.99820596,1978.01064666,0.06485993,665.02910370,0.01998506,0.01998506,33313,102,0
5999.35838977,5999.35806439,1985.04907647,1985.06181999,0.05463365,665.12689639,0.01998506,0.01998506,33312,102,0
5999.53813486,5999.53818373,1992.10626897,1992.10435322,0.05729073,665.22364501,0.01998506,0.01998506,33311,102,0
5999.71871103,5999.71831389,1999.16941571,1999.18499411,0.04334479,665.31998593,0.01998506,0.01998506,33310,102,0
5999.89830471,5999.89845486,2006.23841178,2006.23251718,0.04864519,665.41494905,0.01998506,0.01998506,33309,102,0
6000.07904434,6000.07860665,2013.31344443,2013.33064046,0.04247517,665.50965897,0.01998506,0.01998506,33308,102,0
6000.25850606,6000.25876926,2020.39471707,2020.38436751,0.02423183,665.60284692,0.01998506,0.01998506,33307,102,0
6000.43879055,6000.43894269,2027.48243428,2027.47644679,0.02678885,665.69560729,0.01998506,0.01998506,33306,102,0
6000.61917451,6000.61912694,2034.57680258,2034.57867621,0.02929434,665.78756160,0.01998506,0.01998506,33305,102,0
6000.79861479,6000.79932201,2041.67804094,2041.65015746,0.03399585,665.87818439,0.01998506,0.01998506,33304,102,0
6000.97987449,6000.97952790,2048.78637822,2048.80005609,0.05292703,665.96886517,0.01998506,0.01998506,33303,102,0
6001.15886228,6001.15974462,2055.90204480,2055.86718945,0.07592648,666.05756054,0.01998506,0.01998506,33302,102,0
6001.33912823,6001.33997216,2063.02527240,2062.99190051,0.05806693,666.14603686,0.01998506,0.01998506,33301,102,0
6001.52056620,6001.52021052,2070.15626343,2070.17034257,0.04348222,666.23422418,0.01998506,0.01998506,33300,102,0
6001.70022158,6001.70045971,2077.29496864,2077.28553266,0.04136852,666.32068726,0.01998506,0.01998506,33299,102,0
6001.88127431,6001.88071973,2084.44121389,2084.46321033,0.03030984,666.40695422,0.01998506,0.01998506,33298,102,0
6002.06105968,6002.06099058,2091.59482314,2091.59756646,0.03316658,666.49174951,0.01998506,0.01998506,33297,102,0
6002.24048475,6002.24127226,2098.75561929,2098.72432500,0.04342323,666.57550789,0.01998506,0.01998506,33296,102,0
6002.42182748,6002.42156476,2105.92344677,2105.93389646,0.06532133,666.65927688,0.01998506,0.01998506,33295,102,0
6002.60174587,6002.60186810,2113.09825338,2113.09338751,0.08009068,666.74150580,0.01998506,0.01998506,33294,102,0
6002.78243045,6002.78218227,2120.28001678,2120.28990610,0.04221334,666.82319771,0.01998506,0.01998506,33293,102,0
6002.96245508,6002.96250727,2127.46871444,2127.46663292,0.04711141,666.90370418,0.01998506,0.01998506,33292,102,0
6003.14226485,6003.14284310,2134.66432383,2134.64124043,0.04684517,666.98322781,0.01998506,0.01998506,33291,102,0
6003.32355449,6003.32318977,2141.86687391,2141.88144629,0.05780000,667.06250644,0.01998506,0.01998506,33290,102,0
6003.50381165,6003.50354728,2149.07652252,2149.08709536,0.06279733,667.14043710,0.01998506,0.01998506,33289,102,0
6003.68412254,6003.68391562,2156.29344816,2156.30173146,0.04819960,667.21749589,0.01998506,0.01998506,33288,102,0
6003.86422544,6003.86429480,2163.51783035,2163.51505102,0.03806007,667.29357121,0.01998506,0.01998506,33287,102,0
6004.04455139,6004.04468482,2170.74984684,2170.74449478,0.04329179,667.36884398,0.01998506,0.01998506,33286,102,0
6004.22487577,6004.22508568,2177.98956141,2177.98113323,0.05947444,667.44321652,0.01998506,0.01998506,33285,102,0
6004.40549813,6004.40549738,2185.23688580,2185.23691594,0.03715705,667.51680630,0.01998506,0.01998506,33284,102,0
6004.58543448,6004.58591993,2192.49172072,2192.47219148,0.03043194,667.58921143,0.01998506,0.01998506,33283,102,0
6004.76638063,6004.76635331,2199.75396623,2199.75506642,0.02808095,667.66110796,0.01998506,0.01998506,33282,102,0
6004.94645095,6004.94679754,2207.02352103,2207.00955133,0.07265291,667.73174181,0.01998506,0.01998506,33281,102,0
6005.12746209,6005.12725261,2214.30027387,2214.30872488,0.03890206,667.80182121,0.01998506,0.01998506,33280,102,0
6005.30744516,6005.30771853,2221.58410651,2221.57306793,0.03630671,667.87058067,0.01998506,0.01998506,33279,102,0
6005.48838012,6005.48819530,2228.87489980,2228.88236954,0.05551393,667.93877334,0.01998506,0.01998506,33278,102,0
6005.66886829,6005.66868291,2236.17253388,2236.18003242,0.05823659,668.00586441,0.01998506,0.01998506,33277,102,0
6005.84905133,6005.84918137,2243.47693941,2243.47167448,0.03622087,668.07190911,0.01998506,0.01998506,33276,102,0
6006.02952885,6006.02969068,2250.78830494,2250.78174712,0.05144656,668.13712638,0.01998506,0.01998506,33275,102,0
6006.21021055,6006.21021085,2258.10690127,2258.10688904,0.06039087,668.20147937,0.01998506,0.01998506,33274,102,0
6006.39052422,6006.39074186,2265.43300087,2265.42416444,0.04275292,668.26476511,0.01998506,0.01998506,33273,102,0
6006.57116617,6006.57128373,2272.76687725,2272.76209959,0.03432203,668.32722768,0.01998506,0.01998506,33272,102,0
6006.75203237,6006.75183645,2280.10870954,2280.11668049,0.05769359,668.38882526,0.01998506,0.01998506,33271,102,0
6006.93186149,6006.93240002,2287.45847700,2287.43654506,0.02989732,668.44913137,0.01998506,0.01998506,33270,102,0
6007.11225371,6007.11297445,2294.81613351,2294.78675143,0.04161828,668.50868289,0.01998506,0.01998506,33269,102,0
6007.29355939,6007.29355974,2302.18163267,2302.18161843,0.05492697,668.56758041,0.01998506,0.01998506,33268,102,0
6007.47430559,6007.47415588,2309.55492488,2309.56103998,0.04156529,668.62533917,0.01998506,0.01998506,33267,102,0
6007.65536401,6007.65476288,2316.93590666,2316.96048537,0.05492175,668.68223585,0.01998507,0.01998506,33266,102,0
6007.83589080,6007.83538074,2324.32442634,2324.34530115,0.03345700,668.73800284,0.01998507,0.01998506,33265,102,0
6008.01552017,6008.01600947,2331.72032961,2331.70028581,0.03820959,668.79253454,0.01998506,0.01998506,33264,102,0
6008.19593442,6008.19664905,2339.12346116,2339.09416049,0.06272186,668.84633856,0.01998506,0.01998506,33263,102,0
6008.37707781,6008.37729950,2346.53373000,2346.52463240,0.02688218,668.89938263,0.01998506,0.01998506,33262,102,0
6008.55816055,6008.55796080,2353.95140856,2353.95961384,0.04939811,668.95142915,0.01998507,0.01998506,33261,102,0
6008.73923601,6008.73863298,2361.37689692,2361.40169368,0.04072206,669.00249382,0.01998507,0.01998506,33260,102,0
6008.91872142,6008.91931602,2368.81059782,2368.78612182,0.05231602,669.05214283,0.01998506,0.01998506,33259,102,0
6009.09968374,6009.10000992,2376.25291446,2376.23947214,0.06413258,669.10122484,0.01998506,0.01998506,33258,102,0
6009.28022517,6009.28071469,2383.70402453,2383.68382849,0.04495777,669.14921432,0.01998506,0.01998506,33257,102,0
6009.46113467,6009.46143033,2391.16367334,2391.15146217,0.05864860,669.19631632,0.01998506,0.01998506,33256,102,0
6009.64174780,6009.64215684,2398.63155605,2398.61464523,0.02613591,669.24235202,0.01998506,0.01998506,33255,102,0
6009.82346324,6009.82289422,2406.10736586,2406.13091331,0.05637848,669.28766613,0.01998507,0.01998507,33254,102,0
6010.00355704,6010.00364247,2413.59081273,2413.58727382,0.03823908,669.33157887,0.01998506,0.01998507,33253,102,0
6010.18443321,6010.18440160,2421.08183812,2421.08314892,0.05893647,669.37468002,0.01998507,0.01998507,33252,102,0
6010.36462311,6010.36517159,2428.58054134,2428.55777815,0.02151940,669.41661640,0.01998506,0.01998507,33251,102,0
6010.54604069,6010.54595246,2436.08702529,2436.09069064,0.05847343,669.45782643,0.01998507,0.01998507,33250,102,0
6010.72644955,6010.72674421,2443.60139351,2443.58914017,0.02928365,669.49779773,0.01998506,0.01998507,33249,102,0
6010.90781622,6010.90754683,2451.12378904,2451.13500294,0.05806888,669.53696402,0.01998507,0.01998507,33248,102,0
6011.08804520,6011.08836033,2458.65448526,2458.64135322,0.03408291,669.57487245,0.01998506,0.01998507,33247,102,0
6011.26879612,6011.26918471,2466.19378424,2466.17757362,0.06314588,669.61187545,0.01998506,0.01998507,33246,102,0
6011.44975381,6011.45001996,2473.74198999,2473.73087419,0.03519482,669.64790031,0.01998506,0.01998507,33245,102,0
6011.63057648,6011.63086610,2481.29939173,2481.28728183,0.06012491,669.68287615,0.01998506,0.01998507,33244,102,0
6011.81184165,6011.81172312,2488.86588985,2488.87085167,0.04760414,669.71690789,0.01998507,0.01998507,33243,102,0
6011.99267906,6011.99259101,2496.44098975,2496.44467914,0.02406392,669.74982623,0.01998507,0.01998507,33242,102,0
6012.17391170,6012.17346980,2504.02417618,2504.04271147,0.05108363,669.78177565,0.01998507,0.01998507,33241,102,0
6012.35458026,6012.35435946,2511.61493041,2511.62419985,0.03301181,669.81258318,0.01998507,0.01998507,33240,102,0
6012.53526415,6012.53526001,2519.21286661,2519.21304042,0.06197626,669.84234786,0.01998507,0.01998507,33239,102,0
6012.71680633,6012.71617145,2526.81822099,2526.84492365,0.05084266,669.87119897,0.01998507,0.01998507,33238,102,0
6012.89742712,6012.89709377,2534.43141007,2534.44544442,0.02433492,669.89885274,0.01998507,0.01998507,33237,102,0
6013.07794060,6013.07802698,2542.05285316,2542.04921255,0.04204981,669.92544109,0.01998507,0.01998507,33236,102,0
6013.25836317,6013.25897108,2549.68296446,2549.65731577,0.05932217,669.95096619,0.01998506,0.01998507,33235,102,0
6013.44098267,6013.43992607,2557.32191151,2557.36653952,0.03636467,669.97573024,0.01998507,0.01998507,33234,102,0
6013.62074765,6013.62089196,2564.96956775,2564.96346594,0.04614866,669.99905008,0.01998507,0.01998507,33233,102,0
6013.80185285,6013.80186873,2572.62578870,2572.62511661,0.03182730,670.02147926,0.01998507,0.01998507,33232,102,0
6013.98279084,6013.98285639,2580.29042885,2580.28765132,0.06336246,670.04281689,0.01998507,0.01998507,33231,102,0
6014.16357513,6014.16385495,2587.96337865,2587.95151000,0.04422712,670.06306373,0.01998507,0.01998507,33230,102,0
6014.34543784,6014.34486441,2595.64470547,2595.66905246,0.05282946,670.08234627,0.01998507,0.01998507,33229,102,0
6014.52572561,6014.52588476,2603.33453039,2603.32776623,0.03120112,670.10038452,0.01998507,0.01998507,33228,102,0
6014.70652671,6014.70691600,2611.03297527,2611.01641162,0.05073953,670.11739373,0.01998507,0.01998507,33227,102,0
6014.88778340,6014.88795815,2618.74016304,2618.73271978,0.04941602,670.13335651,0.01998507,0.01998507,33226,102,0
6015.06871237,6015.06901119,2626.45622405,2626.44348177,0.02874879,670.14819940,0.01998507,0.01998507,33225,102,0
6015.24960091,6015.25007514,2634.18129684,2634.16105278,0.04584518,670.16194590,0.01998506,0.01998507,33224,102,0
6015.43118028,6015.43114998,2641.91552119,2641.91681617,0.03952984,670.17464219,0.01998507,0.01998507,33223,102,0
6015.61189944,6015.61223572,2649.65903783,2649.64464932,0.05401151,670.18617782,0.01998507,0.01998507,33222,102,0
6015.79345165,6015.79333237,2657.41194334,2657.41705256,0.02812985,670.19665740,0.01998507,0.01998507,33221,102,0
6015.97427162,6015.97443992,2665.17416205,2665.16694470,0.04704486,670.20598571,0.01998507,0.01998507,33220,102,0
6016.15507846,6016.15555838,2672.94557620,2672.92497226,0.04711636,670.21420275,0.01998506,0.01998507,33219,102,0
6016.33633258,6016.33668774,2680.72606719,2680.71080264,0.04880778,670.22132156,0.01998507,0.01998507,33218,102,0
6016.51763847,6016.51782801,2688.51552456,2688.50736949,0.02858451,670.22731816,0.01998507,0.01998507,33217,102,0
6016.69947435,6016.69897919,2696.31398026,2696.33530834,0.06290729,670.23219922,0.01998507,0.01998507,33216,102,0
6016.87955740,6016.88014127,2704.12158110,2704.09640378,0.03926073,670.23591125,0.01998506,0.01998507,33215,102,0
6017.06191019,6017.06131427,2711.93847812,2711.96420477,0.04864299,670.23852854,0.01998507,0.01998507,33214,102,0
6017.24273586,6017.24249817,2719.76482295,2719.77509620,0.05644962,670.23998579,0.01998507,0.01998507,33213,102,0
6017.42351566,6017.42369299,2727.60065776,2727.59298489,0.03125921,670.24030584,0.01998507,0.01998507,33212,102,0
6017.60401887,6017.60489872,2735.44576330,2735.40765024,0.05827667,670.23948747,0.01998506,0.01998507,33211,102,0
6017.78582599,6017.78611536,2743.29988085,2743.28733265,0.05492248,670.23750998,0.01998507,0.01998507,33210,102,0
6017.96692353,6017.96734292,2751.16274983,2751.14454448,0.04709478,670.23438601,0.01998507,0.01998507,33209,102,0
6018.14921231,6018.14858139,2759.03416087,2759.06157685,0.04408192,670.23007461,0.01998507,0.01998507,33208,102,0
6018.32981902,6018.32983078,2766.91430152,2766.91379019,0.02992916,670.22464475,0.01998507,0.01998507,33207,102,0
6018.51114150,6018.51109108,2774.80354160,2774.80573702,0.04758876,670.21802968,0.01998507,0.01998507,33206,102,0
6018.69267606,6018.69236231,2782.70225443,2782.71593359,0.05651767,670.21023462,0.01998507,0.01998507,33205,102,0
6018.87392588,6018.87364445,2790.61080954,2790.62309439,0.04813866,670.20127720,0.01998507,0.01998507,33204,102,0
6019.05506885,6019.05493752,2798.52937441,2798.53511405,0.01887113,670.19114807,0.01998507,0.01998507,33203,102,0
6019.23578717,6019.23624151,2806.45787463,2806.43799479,0.05854034,670.17986611,0.01998507,0.01998507,33202,102,0
6019.41710057,6019.41755641,2814.39622111,2814.37625152,0.04441089,670.16736196,0.01998507,0.01998507,33201,102,0
6019.59938922,6019.59888225,2822.34432408,2822.36655923,0.06375540,670.15358996,0.01998507,0.01998507,33200,102,0
6019.78051161,6019.78021900,2830.30211018,2830.31495858,0.02479198,670.13870980,0.01998507,0.01998507,33199,102,0
6019.96114273,6019.96156668,2838.26955702,2838.25092007,0.05049806,670.12267841,0.01998507,0.01998507,33198,102,0
6020.14341460,6020.14292529,2846.24665162,2846.26818624,0.04134961,670.10529108,0.01998507,0.01998507,33197,102,0
6020.32429468,6020.32429483,2854.23338085,2854.23337415,0.03544844,670.08683059,0.01998507,0.01998507,33196,102,0
6020.50583363,6020.50567529,2862.22972303,2862.23670739,0.05160704,670.06709094,0.01998507,0.01998507,33195,102,0
6020.68637598,6020.68706669,2870.23558983,2870.20508797,0.03822513,670.04625173,0.01998507,0.01998507,33194,102,0
6020.86832401,6020.86846901,2878.25086079,2878.24445040,0.04983504,670.02402785,0.01998507,0.01998507,33193,102,0
6021.04982001,6021.04988226,2886.27541431,2886.27265896,0.05775920,670.00063298,0.01998507,0.01998507,33192,102,0
6021.23084563,6021.23130645,2894.30913750,2894.28872084,0.04652672,669.97607524,0.01998507,0.01998507,33191,102,0
6021.41219678,6021.41274157,2902.35215271,2902.32798868,0.05305927,669.95024386,0.01998507,0.01998507,33190,102,0
6021.59409164,6021.59418763,2910.40482749,2910.40056514,0.06617092,669.92309368,0.01998507,0.01998507,33189,102,0
6021.77555772,6021.77564462,2918.46754334,2918.46367990,0.06488123,669.89476318,0.01998507,0.01998507,33188,102,0
6021.95695332,6021.95711254,2926.54068344,2926.53359555,0.05295186,669.86519583,0.01998507,0.01998507,33187,102,0
6022.13919430,6022.13859141,2934.62444059,2934.65131259,0.05495310,669.83422910,0.01998507,0.01998507,33186,102,0
6022.32030179,6022.32008121,2942.71859696,2942.72844054,0.05068772,669.80219853,0.01998507,0.01998507,33185,102,0
6022.50094758,6022.50158195,2950.82288019,2950.79453828,0.02433358,669.76899859,0.01998507,0.01998507,33184,102,0
6022.68346599,6022.68309363,2958.93701578,2958.95367061,0.04685715,669.73418240,0.01998507,0.01998507,33183,102,0
6022.86356226,6022.86461625,2967.06081958,2967.01362277,0.03520302,669.69857157,0.01998507,0.01998507,33182,102,0
6023.04630380,6023.04614982,2975.19451306,2975.20141622,0.03860789,669.66115655,0.01998507,0.01998507,33181,102,0
6023.22756372,6023.22769433,2983.33843125,2983.33256898,0.04982860,669.62276419,0.01998507,0.01998507,33180,102,0
6023.40866516,6023.40924978,2991.49291169,2991.46663718,0.06358133,669.58312555,0.01998507,0.01998507,33179,102,0
6023.59054946,6023.59081618,2999.65826356,2999.64626123,0.04965670,669.54202180,0.01998507,0.01998507,33178,102,0
6023.77271486,6023.77239352,3007.83452298,3007.84900205,0.04008910,669.49955004,0.01998507,0.01998507,33177,102,0
6023.95284965,6023.95398181,3016.02158152,3015.97050550,0.04107160,669.45626385,0.01998507,0.01998507,33176,102,0
6024.13592082,6024.13558105,3024.21932859,3024.23467595,0.04917023,669.41095583,0.01998507,0.01998507,33175,102,0
6024.31670919,6024.31719124,3032.42766038,3032.40585996,0.05277760,669.36490657,0.01998507,0.01998507,33174,102,0
6024.49872896,6024.49881237,3040.64661969,3040.64284266,0.05402705,669.31722749,0.01998507,0.01998507,33173,102,0
6024.68124466,6024.68044446,3048.87638266,3048.91266267,0.03591138,669.26808674,0.01998507,0.01998507,33172,102,0
6024.86221852,6024.86208750,3057.11713153,3057.12307946,0.02426274,669.21803854,0.01998507,0.01998507,33171,102,0
6025.04359708,6025.04374150,3065.36904479,3065.36247995,0.04248012,669.16655115,0.01998507,0.01998507,33170,102,0
6025.22579275,6025.22540645,3073.63204764,3073.64962946,0.05874368,669.11348962,0.01998507,0.01998507,33169,102,0
6025.40694484,6025.40708235,3081.90569587,3081.89942980,0.03501004,669.05939646,0.01998507,0.01998507,33168,102,0
6025.58795160,6025.58876921,3090.18951290,3090.15221401,0.04376873,669.00401515,0.01998507,0.01998507,33167,102,0
6025.77108221,6025.77046703,3098.48301994,3098.51111462,0.05483093,668.94662836,0.01998507,0.01998507,33166,102,0
6025.95195289,6025.95217580,3106.78606546,3106.77587407,0.03087012,668.88860816,0.01998507,0.01998507,33165,102,0
6026.13388174,6026.13389554,3115.09923359,3115.09860196,0.04624723,668.82889516,0.01998507,0.01998507,33164,102,0
6026.31558674,6026.31562623,3123.42321240,3123.42140225,0.06336493,668.76789127,0.01998507,0.01998507,33163,102,0
6026.49703484,6026.49736788,3131.75869530,3131.74340970,0.03496606,668.70560304,0.01998507,0.01998507,33162,102,0
6026.67946507,6026.67912050,3140.10616905,3140.12200533,0.02389562,668.64158798,0.01998507,0.01998507,33161,102,0
6026.86114900,6026.86088408,3148.46542646,3148.47761804,0.06613917,668.57644623,0.01998507,0.01998507,33160,102,0
6027.04207467,6027.04265863,3156.83611539,3156.80920724,0.02938853,668.51019690,0.01998507,0.01998507,33159,102,0
6027.22394239,6027.22444413,3165.21788079,3165.19473220,0.04473230,668.44221310,0.01998507,0.01998507,33158,102,0
6027.40636790,6027.40624061,3173.61045634,3173.61633639,0.04399303,668.37261857,0.01998507,0.01998507,33157,102,0
6027.58777754,6027.58804805,3182.01399643,3182.00148496,0.03669038,668.30201282,0.01998507,0.01998507,33156,102,0
6027.76972645,6027.76986646,3190.42877849,3190.42229432,0.04897621,668.22978881,0.01998507,0.01998507,33155,102,0
6027.95185309,6027.95169584,3198.85508213,3198.86237397,0.04096629,668.15607423,0.01998507,0.01998507,33154,102,0
6028.13389979,6028.13353619,3207.29313568,3207.31001933,0.04984022,668.08096500,0.01998507,0.01998507,33153,102,0
6028.31507339,6028.31538751,3215.74284408,3215.72823901,0.05198740,668.00479520,0.01998507,0.01998507,33152,102,0
6028.49671921,6028.49724980,3224.20398922,3224.17928786,0.04453128,667.92700074,0.01998507,0.01998507,33151,102,0
6028.67909949,6028.67912307,3232.67635088,3232.67525187,0.06272186,667.84745203,0.01998507,0.01998507,33150,102,0
6028.86077439,6028.86100731,3241.15975103,3241.14888050,0.04421374,667.76677343,0.01998507,0.01998507,33149,102,0
6029.04240387,6029.04290252,3249.65434173,3249.63103986,0.05379134,667.68467435,0.01998507,0.01998507,33148,102,0
6029.22516770,6029.22480871,3258.16042743,3258.17722515,0.04121791,667.60060043,0.01998507,0.01998507,33147,102,0
6029.40686817,6029.40672588,3266.67831579,3266.68498283,0.04757862,667.51555353,0.01998507,0.01998507,33146,102,0
6029.58865343,6029.58865402,3275.20829136,3275.20826349,0.05398401,667.42899979,0.01998507,0.01998507,33145,102,0
6029.77092912,6029.77059315,3283.75041746,3283.76620224,0.04034421,667.34073299,0.01998507,0.01998507,33144,102,0
6029.95115648,6029.95254325,3292.30464220,3292.23940084,0.03620292,667.25199653,0.01998507,0.01998507,33143,102,0
6030.13508844,6030.13450433,3300.87091224,3300.89842920,0.05736812,667.15993269,0.01998507,0.01998507,33142,102,0
6030.31723972,6030.31647640,3309.44917519,3309.48518280,0.05486357,667.06725851,0.01998507,0.01998507,33141,102,0
6030.49803328,6030.49845945,3318.03939223,3318.01926214,0.05886977,666.97379245,0.01998507,0.01998507,33140,102,0
6030.67991902,6030.68045348,3326.64153189,3326.61625329,0.05346000,666.87826619,0.01998507,0.01998507,33139,102,0
6030.86253769,6030.86245850,3335.25556245,3335.25931270,0.05397435,666.78084075,0.01998507,0.01998507,33138,102,0
6031.04446265,6031.04447451,3343.88147544,3343.88091307,0.03851703,666.68227143,0.01998507,0.01998507,33137,102,0
6031.22694552,6031.22650150,3352.51948603,3352.54057125,0.06335183,666.58187379,0.01998507,0.01998507,33136,102,0
6031.40903703,6031.40853948,3361.16993457,3361.19359513,0.05685935,666.48015843,0.01998507,0.01998507,33135,102,0
6031.59082123,6031.59058844,3369.83316554,3369.84425123,0.02199671,666.37707740,0.01998507,0.01998507,33134,102,0
6031.77312385,6031.77264840,3378.50948283,3378.53215771,0.03922391,666.27215019,0.01998507,0.01998507,33133,102,0
6031.95431538,6031.95471935,3387.19881080,3387.17951798,0.05155961,666.16631722,0.01998507,0.01998507,33132,102,0
6032.13678016,6032.13680129,3395.90087452,3395.89986394,0.02530329,666.05818117,0.01998507,0.01998507,33131,102,0
6032.31915180,6032.31889422,3404.61539491,3404.62773009,0.05481585,665.94853430,0.01998507,0.01998507,33130,102,0
6032.50117894,6032.50099815,3413.34212616,3413.35079578,0.05234245,665.83753076,0.01998507,0.01998507,33129,102,0
6032.68368759,6032.68311307,3422.08109223,3422.10867965,0.05146206,665.72465912,0.01998507,0.01998507,33128,102,0
6032.86621026,6032.86523899,3430.83244227,3430.87914491,0.05485401,665.61019441,0.01998508,0.01998507,33127,102,0
6033.04739947,6033.04737591,3439.59632725,3439.59746188,0.05452253,665.49499113,0.01998507,0.01998507,33126,102,0
6033.22904758,6033.22952382,3448.37290351,3448.34994052,0.04768063,665.37791320,0.01998507,0.01998507,33125,102,0
6033.41190318,6033.41168273,3457.16235388,3457.17299840,0.04253647,665.25844790,0.01998507,0.01998507,33124,102,0
6033.59393358,6033.59385264,3465.96487228,3465.96878584,0.06062008,665.13790951,0.01998507,0.01998507,33123,102,0
6033.77605464,6033.77603355,3474.78065427,3474.78167557,0.06187825,665.01569250,0.01998507,0.01998507,33122,102,0
6033.95815161,6033.95822547,3483.60984269,3483.60626065,0.03350883,664.89186480,0.01998507,0.01998507,33121,102,0
6034.14048438,6034.14042839,3492.45232639,3492.45504566,0.06800216,664.76624213,0.01998507,0.01998507,33120,102,0
6034.32303996,6034.32264231,3501.30791841,3501.32725777,0.03969301,664.63882373,0.01998508,0.01998507,33119,102,0
6034.50478354,6034.50486723,3510.17643003,3510.17235427,0.05985644,664.51033642,0.01998507,0.01998507,33118,102,0
6034.68773361,6034.68710317,3519.05766965,3519.08841530,0.05939711,664.37934463,0.01998508,0.01998507,33117,102,0
6034.86951315,6034.86935010,3527.95144031,3527.95940215,0.03391694,664.24754678,0.01998507,0.01998507,33116,102,0
6035.05095420,6035.05160805,3536.85754241,3536.82557110,0.06244235,664.11435719,0.01998507,0.01998507,33115,102,0
6035.23418508,6035.23387701,3545.77577599,3545.79085928,0.03764528,663.97819110,0.01998507,0.01998507,33114,102,0
6035.41631864,6035.41615697,3554.70629081,3554.71421726,0.05549560,663.84117659,0.01998507,0.01998507,33113,102,0
6035.59896122,6035.59844795,3563.65003896,3563.67524075,0.05331485,663.70209261,0.01998508,0.01998507,33112,102,0
6035.78055797,6035.78074993,3572.60809207,3572.59865178,0.04408760,663.56210759,0.01998507,0.01998507,33111,102,0
6035.96316187,6035.96306293,3581.58151552,3581.58638930,0.05185000,663.41961572,0.01998507,0.01998507,33110,102,0
6036.14618836,6036.14538695,3590.57053013,3590.61007318,0.05142139,663.27504186,0.01998508,0.01998507,33109,102,0
6036.32800209,6036.32772198,3599.57408871,3599.58793074,0.04680711,663.12969867,0.01998507,0.01998507,33108,102,0
6036.51075519,6036.51006802,3608.59103122,3608.62503405,0.03887155,662.98188179,0.01998508,0.01998507,33107,102,0
6036.69283384,6036.69242509,3617.62025144,3617.64050313,0.05195036,662.83290475,0.01998507,0.01998507,33106,102,0
6036.87407981,6036.87479317,3626.66194078,3626.62654829,0.05347396,662.68290914,0.01998507,0.01998507,33105,102,0
6037.05705747,6037.05717226,3635.71750890,3635.71180474,0.05427667,662.52973025,0.01998507,0.01998507,33104,102,0
6037.23951153,6037.23956238,3644.78842468,3644.78589346,0.05346044,662.37520689,0.01998507,0.01998507,33103,102,0
6037.42245366,6037.42196352,3653.87599155,3653.90043314,0.07693284,662.21845268,0.01998508,0.01998507,33102,102,0
6037.60516792,6037.60437568,3662.97985342,3663.01942517,0.05746629,662.06007536,0.01998508,0.01998507,33101,102,0
6037.78641142,6037.78679887,3672.09873919,3672.07935709,0.05785304,661.90119192,0.01998507,0.01998507,33100,102,0
6037.97056688,6037.96923308,3681.23135644,3681.29817178,0.04215876,661.73795493,0.01998508,0.01998507,33099,102,0
6038.15251680,6038.15167831,3690.37673648,3690.41879626,0.04727604,661.57490094,0.01998508,0.01998507,33098,102,0
6038.33444563,6038.33413457,3699.53545082,3699.55107665,0.04499234,661.41008834,0.01998508,0.01998507,33097,102,0
6038.51559400,6038.51660185,3708.70852261,3708.65781570,0.05243613,661.24419202,0.01998507,0.01998507,33096,102,0
6038.69940599,6038.69908017,3717.89698243,3717.91340282,0.04233867,661.07400369,0.01998508,0.01998507,33095,102,0
6038.88064977,6038.88156951,3727.10137682,3727.05494917,0.06808458,660.90434838,0.01998507,0.01998507,33094,102,0
6039.06329957,6039.06406988,3736.32115143,3736.28220581,0.03184130,660.73152631,0.01998507,0.01998507,33093,102,0
6039.24656046,6039.24658128,3745.55559614,3745.55454194,0.08634477,660.55626491,0.01998508,0.01998507,33092,102,0
6039.42955322,6039.42910372,3754.80401228,3754.82680476,0.06066662,660.37940608,0.01998508,0.01998507,33091,102,0
6039.61215964,6039.61163718,3764.06619220,3764.09272203,0.07343263,660.20107117,0.01998508,0.01998507,33090,102,0
6039.79393940,6039.79418169,3773.34246909,3773.33014793,0.02844907,660.02169545,0.01998508,0.01998507,33089,102,0
6039.97734303,6039.97673722,3782.63320665,3782.66406135,0.05350932,659.83883450,0.01998508,0.01998508,33088,102,0
6040.15854764,6040.15930379,3791.93875421,3791.90018266,0.06239408,659.65629485,0.01998507,0.01998508,33087,102,0
6040.34290026,6040.34188140,3801.25931307,3801.31136606,0.05878938,659.46866386,0.01998508,0.01998508,33086,102,0
6040.52392251,6040.52447005,3810.59501009,3810.56699281,0.05743311,659.28252808,0.01998507,0.01998508,33085,102,0
6040.70745374,6040.70706974,3819.94597265,3819.96565290,0.06139270,659.09188604,0.01998508,0.01998508,33084,102,0
6040.89027655,6040.88968046,3829.31229706,3829.34289546,0.06902303,658.90004181,0.01998508,0.01998508,33083,102,0
6041.07216424,6041.07230223,3838.69397612,3838.68688185,0.06710702,658.70725195,0.01998508,0.01998508,33082,102,0
6041.25566024,6041.25493504,3848.09098134,3848.12832440,0.05896649,658.51080280,0.01998508,0.01998508,33081,102,0
6041.43886792,6041.43757889,3857.50329253,3857.56977400,0.04413658,658.31269649,0.01998508,0.01998508,33080,102,0
6041.62011512,6041.62023378,3866.93121653,3866.92508638,0.05151470,658.11476320,0.01998508,0.01998508,33079,102,0
6041.80277555,6041.80289972,3876.37548194,3876.36905638,0.04512853,657.91330417,0.01998507,0.01998508,33078,102,0
6041.98479537,6041.98557671,3885.83685187,3885.79634792,0.05904542,657.71054760,0.01998507,0.01998508,33077,102,0
6042.16891874,6042.16826474,3895.31596458,3895.34992906,0.07363613,657.50338974,0.01998508,0.01998508,33076,102,0
6042.35159414,6042.35096382,3904.81236280,3904.84515335,0.05912073,657.29581650,0.01998508,0.01998508,33075,102,0
6042.53264096,6042.53367395,3914.32503775,3914.27121344,0.09445183,657.08809797,0.01998507,0.01998508,33074,102,0
6042.71679350,6042.71639513,3923.85296750,3923.87375560,0.05931510,656.87479255,0.01998508,0.01998508,33073,102,0
6042.89965272,6042.89912736,3933.39574990,3933.42320724,0.07931883,656.66096714,0.01998508,0.01998508,33072,102,0
6043.08027993,6043.08187064,0.00000000,3942.87636001,0.04159649,656.44762901,0.01998507,0.01998508,33071,102,1
6043.26344680,6043.26462498,3952.53113114,3952.46933577,0.04568602,656.22943789,0.01998507,0.01998508,33070,102,0
6043.44676572,6043.44739037,3962.12669711,3962.09387014,0.05141192,656.00881066,0.01998507,0.01998508,33069,102,0
6043.63137079,6043.63016681,3971.74096361,3971.80435024,0.04767504,655.78446907,0.01998508,0.01998508,33068,102,0
6043.81193738,6043.81295431,3981.37194589,3981.31832348,0.03626673,655.56296835,0.01998507,0.01998508,33067,102,0
6043.99483007,6043.99575287,3991.01758215,3990.96885736,0.05274920,655.33657030,0.01998507,0.01998508,33066,102,0
6044.17854598,6044.17856248,4000.67648143,4000.67560865,0.05710898,655.10710812,0.01998508,0.01998508,33065,102,0
6044.36214847,6044.36138316,4010.35026671,4010.39079592,0.04312405,654.87569396,0.01998508,0.01998508,33064,102,0
6044.54428690,6044.54421489,4020.04140572,4020.04522615,0.06474167,654.64399019,0.01998508,0.01998508,33063,102,0
6044.72677684,6044.72705768,4029.75234025,4029.73740886,0.06055658,654.40963889,0.01998508,0.01998508,33062,102,0
6044.90959383,6044.90991154,4039.48371063,4039.46678611,0.06731688,654.17263340,0.01998508,0.01998508,33061,102,0
6045.09176836,6045.09277646,4049.23389386,4049.18009637,0.05877300,653.93426552,0.01998507,0.01998508,33060,102,0
6045.27586258,6045.27565244,4059.00110776,4059.01233945,0.05450909,653.69119443,0.01998508,0.01998508,33059,102,0
6045.45820770,6045.45853949,4068.78385562,4068.76609414,0.06726672,653.44828983,0.01998508,0.01998508,33058,102,0
6045.64028800,6045.64143761,4078.58234415,4078.52070695,0.03316097,653.20359692,0.01998507,0.01998508,33057,102,0
nan,nan,0.00000000,-1.00000000,0.00000000,652.93875683,nan,0.00000000,-2147483648,102,1
nan,nan,0.00000000,-1.00000000,0.00000000,646.29468400,nan,0.00000000,-2147483648,101,1
6001.52845515,6001.52021052,0.00000000,9.49615198,0.01019145,646.57417469,0.01998509,0.01998506,33300,101,1
6001.69825150,6001.70045971,14.85663428,14.78778558,0.10943227,646.84272673,0.01998506,0.01998506,33299,101,0
6001.88173287,6001.88071973,20.47845331,20.51005935,0.15088095,647.13253943,0.01998507,0.01998506,33298,101,0
6002.06449597,6002.06099058,0.00000000,26.21299454,0.03442480,647.42075818,0.01998507,0.01998506,33297,101,1
6002.24656633,6002.24127226,0.00000000,31.89716333,0.12325280,647.70741811,0.01998508,0.01998506,33296,101,1
6002.42249005,6002.42156476,37.36527320,37.39418884,0.07219612,647.98406057,0.01998507,0.01998506,33295,101,0
6002.60459212,6002.60186810,0.00000000,43.08374666,0.12724139,648.26979226,0.01998507,0.01998506,33294,101,1
6002.78295641,6002.78218227,48.64101596,48.66523514,0.14244530,648.54950356,0.01998507,0.01998506,33293,101,0
6002.96144738,6002.96250727,54.28398582,54.25080986,0.05900070,648.82883159,0.01998506,0.01998506,33292,101,0
6003.13772212,6003.14284310,0.00000000,59.76406081,0.22811746,649.10396598,0.01998505,0.01998506,33291,101,1
6003.32545121,6003.32318977,0.00000000,65.64408898,0.14602392,649.39677263,0.01998507,0.01998506,33290,101,1
6003.49714492,6003.50354728,0.00000000,71.02480974,0.11901865,649.66414428,0.01998504,0.01998506,33289,101,1
6003.69254798,6003.68391562,0.00000000,77.15199557,0.07932307,649.96794377,0.01998509,0.01998506,33288,101,1
6003.86523350,6003.86429480,82.54564458,82.57509866,0.10094634,650.23624299,0.01998507,0.01998506,33287,101,0
6004.04319286,6004.04468482,88.20733111,88.16049241,0.11319389,650.51199190,0.01998506,0.01998506,33286,101,0
nan,nan,0.00000000,-1.00000000,0.00000000,650.75044132,nan,0.00000000,-2147483648,101,1
6004.40131858,6004.40549738,0.00000000,99.40748140,0.05401554,651.06546809,0.01998505,0.01998506,33284,101,1
6004.58441795,6004.58591993,105.21325851,105.16602413,0.08544993,651.34792951,0.01998506,0.01998506,33283,101,0
6004.76658406,6004.76635331,110.88926358,110.89652468,0.10673512,651.62839525,0.01998506,0.01998506,33282,101,0
6004.94705318,6004.94679754,116.56899511,116.57704423,0.08779508,651.90580424,0.01998506,0.01998506,33281,101,0
6005.12902683,6005.12725261,122.25242199,122.30831730,0.05284737,652.18507580,0.01998507,0.01998506,33280,101,0
6005.30475348,6005.30771853,0.00000000,127.84591317,0.16781154,652.45432225,0.01998505,0.01998506,33279,101,1
6005.49441955,6005.48819530,0.00000000,133.82633597,0.07795656,652.74445097,0.01998508,0.01998506,33278,101,1
6005.66884895,6005.66868291,139.32456184,139.32980187,0.12367486,653.01084595,0.01998506,0.01998506,33277,101,0
6005.84050868,6005.84918137,0.00000000,144.74805519,0.09959898,653.27255906,0.01998504,0.01998506,33276,101,1
6006.02472093,6006.02969068,0.00000000,150.56612966,0.09514463,653.55296891,0.01998505,0.01998506,33275,101,1
6006.21231698,6006.21021085,156.42872350,156.49530055,0.04610772,653.83807753,0.01998507,0.01998506,33274,101,0
6006.39494402,6006.39074186,0.00000000,162.26918126,0.07038073,654.11508284,0.01998508,0.01998506,33273,101,1
6006.56958931,6006.57128373,167.84864774,167.79502903,0.12395813,654.37960093,0.01998506,0.01998506,33272,101,0
6006.74865533,6006.75183645,0.00000000,173.46291711,0.00526150,654.65032126,0.01998505,0.01998506,33271,101,1
6006.93197875,6006.93240002,179.28186290,179.26851801,0.07093413,654.92699244,0.01998506,0.01998506,33270,101,0
6007.10897002,6007.11297445,0.00000000,184.87836945,0.13174859,655.19373240,0.01998505,0.01998506,33269,101,1
6007.29728496,6007.29355974,0.00000000,190.84967673,0.07859702,655.47700834,0.01998508,0.01998506,33268,101,1
6007.47342191,6007.47415588,196.45770456,196.43441452,0.07723152,655.74133841,0.01998506,0.01998506,33267,101,0
6007.65591094,6007.65476288,202.19044133,202.22689365,0.05949599,656.01488105,0.01998507,0.01998506,33266,101,0
6007.83798419,6007.83538074,0.00000000,208.01444913,0.12412679,656.28756072,0.01998507,0.01998506,33265,101,1
6008.01676493,6008.01600947,213.66781935,213.69183685,0.10511871,656.55443758,0.01998507,0.01998506,33264,101,0
6008.19880113,6008.19664905,219.41241251,219.48087263,0.07060198,656.82593835,0.01998507,0.01998506,33263,101,0
6008.36991930,6008.37729950,0.00000000,224.92958038,0.12765141,657.08090216,0.01998504,0.01998506,33262,101,1
6008.56051240,6008.55796080,0.00000000,230.99722407,0.06225398,657.36417099,0.01998507,0.01998506,33261,101,1
6008.74104459,6008.73863298,0.00000000,236.74795400,0.06465204,657.63200555,0.01998507,0.01998506,33260,101,1
6008.91675437,6008.91931602,0.00000000,242.34823492,0.03204851,657.89223539,0.01998506,0.01998506,33259,101,1
6009.09678313,6009.10000992,0.00000000,248.08941606,0.06382790,658.15840029,0.01998505,0.01998506,33258,101,1
6009.28251112,6009.28071469,253.95472620,254.01205784,0.07731647,658.43232838,0.01998507,0.01998506,33257,101,0
6009.46137086,6009.46143033,259.72371386,259.72181466,0.06861924,658.69578597,0.01998506,0.01998506,33256,101,0
6009.64350706,6009.64215684,265.49628813,265.53942765,0.06491896,658.96358986,0.01998507,0.01998506,33255,101,0
6009.82147245,6009.82289422,271.27255572,271.22710341,0.10963884,659.22479726,0.01998506,0.01998507,33254,101,0
6010.00589019,6010.00364247,277.05262348,277.12452446,0.04401182,659.49499512,0.01998507,0.01998507,33253,101,0
6010.17988629,6010.18440160,0.00000000,282.69962381,0.08887374,659.74982434,0.01998505,0.01998507,33252,101,1
6010.36813797,6010.36517159,0.00000000,288.72739379,0.08980725,660.02468722,0.01998508,0.01998507,33251,101,1
6010.54632857,6010.54595246,294.41606048,294.42811344,0.08302151,660.28400856,0.01998507,0.01998507,33250,101,0
6010.72778556,6010.72674421,300.21160221,300.24499421,0.08836788,660.54798452,0.01998507,0.01998507,33249,101,0
6010.90700171,6010.90754683,306.01099662,305.99350625,0.09643876,660.80823324,0.01998506,0.01998507,33248,101,0
6011.08870618,6011.08836033,311.81423654,311.82533998,0.08796951,661.07161972,0.01998507,0.01998507,33247,101,0
6011.27106200,6011.26918471,317.62132195,317.68162878,0.08661805,661.33546771,0.01998507,0.01998507,33246,101,0
6011.45107252,6011.45001996,323.43226530,323.46609835,0.05834009,661.59544751,0.01998507,0.01998507,33245,101,0
6011.62842522,6011.63086610,0.00000000,329.17573738,0.09353292,661.85144774,0.01998506,0.01998507,33244,101,1
6011.80943991,6011.81172312,0.00000000,334.99887197,0.05318204,662.11190603,0.01998506,0.01998507,33243,101,1
6011.99156926,6011.99259101,340.88838048,340.85547775,0.07714750,662.37321908,0.01998506,0.01998507,33242,101,0
6012.17232951,6012.17346980,346.71489273,346.67815037,0.07061656,662.63237954,0.01998506,0.01998507,33241,101,0
6012.35291216,6012.35435946,352.54530298,352.49863997,0.07931556,662.89080656,0.01998506,0.01998507,33240,101,0
6012.53772551,6012.53526001,0.00000000,358.46204928,0.07777013,663.15491939,0.01998507,0.01998507,33239,101,1
6012.71583353,6012.71617145,364.21760181,364.20669380,0.07887495,663.40871198,0.01998506,0.01998507,33238,101,0
6012.89479081,6012.89709377,0.00000000,369.98599919,0.11904139,663.66341068,0.01998506,0.01998507,33237,101,1
6013.08202188,6013.07802698,0.00000000,376.03409070,0.07418003,663.92928357,0.01998508,0.01998507,33236,101,1
6013.25543536,6013.25897108,0.00000000,381.63914685,0.07486996,664.17506768,0.01998505,0.01998507,33235,101,1
6013.43913807,6013.43992607,387.60659942,387.58110538,0.10693939,664.43498119,0.01998506,0.01998507,33234,101,0
6013.62056575,6013.62089196,393.46298846,393.45242882,0.08879243,664.69115409,0.01998507,0.01998507,33233,101,0
6013.80446316,6013.80186873,0.00000000,399.40585307,0.04359648,664.95024858,0.01998508,0.01998507,33232,101,1
6013.98205354,6013.98285639,405.18711796,405.16109796,0.04597355,665.20008598,0.01998506,0.01998507,33231,101,0
6014.16451784,6014.16385495,411.05499782,411.07649470,0.07633943,665.45622793,0.01998507,0.01998507,33230,101,0
6014.34420585,6014.34486441,416.92684470,416.90547474,0.06266030,665.70798572,0.01998506,0.01998507,33229,101,0
6014.52765560,6014.52588476,422.80268163,422.86018030,0.06626868,665.96451546,0.01998507,0.01998507,33228,101,0
6014.70816724,6014.70691600,428.68249857,428.72315064,0.03740916,666.21644332,0.01998507,0.01998507,33227,101,0
6014.88885426,6014.88795815,434.56628463,434.59541677,0.04323283,666.46812425,0.01998507,0.01998507,33226,101,0
6015.07262107,6015.06901119,0.00000000,440.56715625,0.08522930,666.72340520,0.01998508,0.01998507,33225,101,1
6015.25034272,6015.25007514,446.34572032,446.35442986,0.03799291,666.97016236,0.01998507,0.01998507,33224,101,0
6015.43219723,6015.43114998,452.24134899,452.27545703,0.06012874,667.22197241,0.01998507,0.01998507,33223,101,0
6015.61255328,6015.61223572,458.14091365,458.15126255,0.07611629,667.47120932,0.01998507,0.01998507,33222,101,0
6015.79410302,6015.79333237,464.04441745,464.06954705,0.04449732,667.72159363,0.01998507,0.01998507,33221,101,0
6015.97520594,6015.97443992,469.95186356,469.97685746,0.04530121,667.97085872,0.01998507,0.01998507,33220,101,0
6016.15566617,6016.15555838,475.86325518,475.86677418,0.05912911,668.21873848,0.01998507,0.01998507,33219,101,0
6016.33455715,6016.33668774,0.00000000,481.69930968,0.03507055,668.46356240,0.01998506,0.01998507,33218,101,1
6016.51753993,6016.51782801,487.69787645,487.68845990,0.07820449,668.71429667,0.01998507,0.01998507,33217,101,0
6016.69819689,6016.69897919,493.62103546,493.59544882,0.06687235,668.96093266,0.01998507,0.01998507,33216,101,0
6016.87869893,6016.88014127,499.54799318,499.50079173,0.08163704,669.20684617,0.01998506,0.01998507,33215,101,0
6017.05866293,6017.06131427,0.00000000,505.37992608,0.02357030,669.45101902,0.01998506,0.01998507,33214,101,1
6017.24193957,6017.24249817,511.41298575,511.39468491,0.06977069,669.70015428,0.01998507,0.01998507,33213,101,0
6017.42482198,6017.42369299,517.35086039,517.38786801,0.04593082,669.94772154,0.01998507,0.01998507,33212,101,0
6017.60509672,6017.60489872,523.29228997,523.29878396,0.05327778,670.19123122,0.01998507,0.01998507,33211,101,0
6017.78753737,6017.78611536,529.23747743,529.28414353,0.05681711,670.43714066,0.01998507,0.01998507,33210,101,0
6017.96691032,6017.96734292,535.18666110,535.17245552,0.05779309,670.67840790,0.01998507,0.01998507,33209,101,0
6018.14921160,6018.14858139,541.14008027,541.16078888,0.09242027,670.92310719,0.01998507,0.01998507,33208,101,0
6018.33052506,6018.32983078,547.09797521,547.12080532,0.06174686,671.16598235,0.01998507,0.01998507,33207,101,0
6018.51159029,6018.51109108,553.06058329,553.07701089,0.04043818,671.40803746,0.01998507,0.01998507,33206,101,0
6018.69319813,6018.69236231,559.02794133,559.05546605,0.05798742,671.65032853,0.01998507,0.01998507,33205,101,0
6018.87096899,6018.87364445,0.00000000,564.90355166,0.08121294,671.88668839,0.01998506,0.01998507,33204,101,1
6019.05478490,6019.05493752,570.97584197,570.97080961,0.06447379,672.13122948,0.01998507,0.01998507,33203,101,0
6019.23589226,6019.23624151,576.95581342,576.94429112,0.05159261,672.37131744,0.01998507,0.01998507,33202,101,0
6019.41838036,6019.41755641,582.93941624,582.96661452,0.06081172,672.61269207,0.01998507,0.01998507,33201,101,0
6019.60008192,6019.59888225,588.92638190,588.96600221,0.04921773,672.85247221,0.01998507,0.01998507,33200,101,0
6019.77785470,6019.78021900,0.00000000,594.82816480,0.06633804,673.08611687,0.01998506,0.01998507,33199,101,1
6019.96250194,6019.96156668,600.91078591,600.94170792,0.07818020,673.32909530,0.01998507,0.01998507,33198,101,0
6020.14252691,6020.14292529,606.90878268,606.89560296,0.06070081,673.56505611,0.01998507,0.01998507,33197,101,0
6020.32447699,6020.32429483,612.91102106,612.91705140,0.07443594,673.80301923,0.01998507,0.01998507,33196,101,0
6020.50575767,6020.50567529,618.91778631,618.92051526,0.02572442,674.03959599,0.01998507,0.01998507,33195,101,0
6020.68790716,6020.68706669,624.92930867,624.95717317,0.05900545,674.27680062,0.01998507,0.01998507,33194,101,0
6020.86583553,6020.86846901,0.00000000,630.85225516,0.06417008,674.50778396,0.01998506,0.01998507,33193,101,1
6021.04968219,6021.04988226,636.96603784,636.95939590,0.05909394,674.74639039,0.01998507,0.01998507,33192,101,0
6021.23101103,6021.23130645,642.99075291,642.98093959,0.03579444,674.98096920,0.01998507,0.01998507,33191,101,0
6021.41277170,6021.41274157,649.01937193,649.02037333,0.03326585,675.21556345,0.01998507,0.01998507,33190,101,0
6021.59272955,6021.59418763,655.05164661,655.00315947,0.05857636,675.44728441,0.01998507,0.01998507,33189,101,0
6021.77605382,6021.77564462,661.08746036,661.10107558,0.03213561,675.68277537,0.01998507,0.01998507,33188,101,0
6021.95726382,6021.95711254,667.12704130,667.13207767,0.06041560,675.91499799,0.01998507,0.01998507,33187,101,0
6022.13873890,6022.13859141,673.17067387,673.17558734,0.03407580,676.14701967,0.01998507,0.01998507,33186,101,0
6022.32060120,6022.32008121,679.21864372,679.23597776,0.04134248,676.37900337,0.01998507,0.01998507,33185,101,0
6022.50052663,6022.50158195,685.27123766,685.23603240,0.06821217,676.60800075,0.01998507,0.01998507,33184,101,0
6022.68224537,6022.68309363,691.32873486,691.30041537,0.06703292,676.83876908,0.01998507,0.01998507,33183,101,0
6022.86395159,6022.86461625,697.39116218,697.36895596,0.06171438,677.06900712,0.01998507,0.01998507,33182,101,0
6023.04789432,6023.04614982,703.45826216,703.51658597,0.06945827,677.30154357,0.01998508,0.01998507,33181,101,0
6023.22757267,6023.22769433,709.52976114,709.52569119,0.07017580,677.52815726,0.01998507,0.01998507,33180,101,0
6023.41101438,6023.40924978,715.60538429,715.66445308,0.05225447,677.75896334,0.01998508,0.01998507,33179,101,0
6023.59060485,6023.59081618,721.68485562,721.67777785,0.06003376,677.98437008,0.01998507,0.01998507,33178,101,0
6023.77095008,6023.77239352,727.76793978,727.71956970,0.08076167,678.21016305,0.01998507,0.01998507,33177,101,0
6023.95467670,6023.95398181,733.85472137,733.87802072,0.06843691,678.43961348,0.01998507,0.01998507,33176,101,0
6024.13557829,6024.13558105,739.94543407,739.94534163,0.06861318,678.66497529,0.01998507,0.01998507,33175,101,0
6024.31693227,6024.31719124,746.04031334,746.03161946,0.02269679,678.89034990,0.01998507,0.01998507,33174,101,0
6024.49856721,6024.49881237,752.13959567,752.13135974,0.03246349,679.11552835,0.01998507,0.01998507,33173,101,0
6024.68033912,6024.68044446,758.24351835,758.23997705,0.05977186,679.34033761,0.01998507,0.01998507,33172,101,0
6024.86315886,6024.86208750,764.35223358,764.38827662,0.07079194,679.56590307,0.01998507,0.01998507,33171,101,0
6025.04402932,6025.04374150,770.46566846,770.47535845,0.07346938,679.78852671,0.01998507,0.01998507,33170,101,0
6025.22519922,6025.22540645,776.58371321,776.57673197,0.06647340,680.01097823,0.01998507,0.01998507,33169,101,0
6025.40806145,6025.40708235,782.70625758,782.73926463,0.07198784,680.23495350,0.01998507,0.01998507,33168,101,0
6025.58848150,6025.58876921,788.83319082,788.82348531,0.05145652,680.45538645,0.01998507,0.01998507,33167,101,0
6025.76941047,6025.77046703,794.96440571,794.92874205,0.06770173,680.67588636,0.01998507,0.01998507,33166,101,0
6025.95096813,6025.95217580,801.09987797,801.05908765,0.04371965,680.89659175,0.01998507,0.01998507,33165,101,0
6026.13426616,6026.13389554,807.23966227,807.25218876,0.06075215,681.11884363,0.01998507,0.01998507,33164,101,0
6026.31584919,6026.31562623,813.38381662,813.39135734,0.08111095,681.33845294,0.01998507,0.01998507,33163,101,0
6026.49723713,6026.49736788,819.53239925,819.52797407,0.06703654,681.55726743,0.01998507,0.01998507,33162,101,0
6026.68027327,6026.67912050,825.68546866,825.72450801,0.06631064,681.77750473,0.01998507,0.01998507,33161,101,0
6026.86130633,6026.86088408,831.84307496,831.85738432,0.02571508,681.99477344,0.01998507,0.01998507,33160,101,0
6027.04117847,6027.04265863,838.00522466,837.95503055,0.03924928,682.21009770,0.01998507,0.01998507,33159,101,0
6027.22396479,6027.22444413,844.17191043,844.15564426,0.02912905,682.42834602,0.01998507,0.01998507,33158,101,0
6027.40697012,6027.40624061,850.34312487,850.36789705,0.06000018,682.64628410,0.01998507,0.01998507,33157,101,0
6027.58761619,6027.58804805,856.51886056,856.50418603,0.05214235,682.86084981,0.01998507,0.01998507,33156,101,0
6027.76951984,6027.76986646,862.69911101,862.68732501,0.04370584,683.07634264,0.01998507,0.01998507,33155,101,0
6027.95240292,6027.95169584,868.88392358,868.90798285,0.04043062,683.29242282,0.01998507,0.01998507,33154,101,0
6028.13346576,6028.13353619,875.07342710,875.07102879,0.03563709,683.50578943,0.01998507,0.01998507,33153,101,0
6028.31572465,6028.31538751,881.26775772,881.27924589,0.04973603,683.72000304,0.01998507,0.01998507,33152,101,0
6028.49761899,6028.49724980,887.46705216,887.47964187,0.07797231,683.93322874,0.01998507,0.01998507,33151,101,0
6028.67900944,6028.67912307,893.67144774,893.66757011,0.04814698,684.14531030,0.01998507,0.01998507,33150,101,0
6028.86084307,6028.86100731,899.88104783,899.87543865,0.04136106,684.35735720,0.01998507,0.01998507,33149,101,0
6029.04348769,6029.04290252,906.09569162,906.11569165,0.04742430,684.56978544,0.01998507,0.01998507,33148,101,0
6029.22421114,6029.22480871,912.31509531,912.29465746,0.06673651,684.77941136,0.01998507,0.01998507,33147,101,0
6029.40583925,6029.40672588,918.53897313,918.50862985,0.08082474,684.98950641,0.01998507,0.01998507,33146,101,0
6029.58886661,6029.58865402,924.76703805,924.77431790,0.02858421,685.20062047,0.01998507,0.01998507,33145,101,0
6029.76972206,6029.77059315,930.99900345,930.96915811,0.01124826,685.40862729,0.01998507,0.01998507,33144,101,0
6029.95231501,6029.95254325,937.23477120,937.22694687,0.03008766,685.61802085,0.01998507,0.01998507,33143,101,0
6030.13471946,6030.13450433,943.47460451,943.48198390,0.05340320,685.82659226,0.01998507,0.01998507,33142,101,0
6030.31650083,6030.31647640,949.71880835,949.71964701,0.04504082,686.03385752,0.01998507,0.01998507,33141,101,0
6030.49785030,6030.49845945,955.96768907,955.94676478,0.01827048,686.24004843,0.01998507,0.01998507,33140,101,0
6030.68043108,6030.68045348,962.22155434,962.22078432,0.04797902,686.44706088,0.01998507,0.01998507,33139,101,0
6030.86333648,6030.86245850,968.48067528,968.51088075,0.08025713,686.65386678,0.01998508,0.01998507,33138,101,0
6031.04467699,6031.04447451,974.74499085,974.75196215,0.05655329,686.85833187,0.01998507,0.01998507,33137,101,0
6031.22644720,6031.22650150,981.01426687,981.01239606,0.02943296,687.06270117,0.01998507,0.01998507,33136,101,0
6031.40888596,6031.40853948,987.28826662,987.30021241,0.03335900,687.26722870,0.01998507,0.01998507,33135,101,0
6031.59148636,6031.59058844,993.56675230,993.59772933,0.06871948,687.47133280,0.01998508,0.01998507,33134,101,0
6031.77201103,6031.77264840,999.84948631,999.82748472,0.03685002,687.67251316,0.01998507,0.01998507,33133,101,0
6031.95447507,6031.95471935,1006.13636611,1006.12792869,0.03022320,687.87524033,0.01998507,0.01998507,33132,101,0
6032.13643557,6032.13680129,1012.42754568,1012.41490566,0.04941003,688.07679646,0.01998507,0.01998507,33131,101,0
6032.31884874,6032.31889422,1018.72320820,1018.72163495,0.04740581,688.27824549,0.01998507,0.01998507,33130,101,0
6032.49980195,6032.50099815,1025.02353768,1024.98213779,0.03927034,688.47748461,0.01998507,0.01998507,33129,101,0
6032.68239096,6032.68311307,1031.32871895,1031.30370901,0.05477498,688.67792589,0.01998507,0.01998507,33128,101,0
6032.86655976,6032.86523899,1037.63891319,1037.68469144,0.06452407,688.87949554,0.01998508,0.01998507,33127,101,0
6033.04775588,6033.04737591,1043.95409913,1043.96727857,0.02936649,689.07721551,0.01998508,0.01998507,33126,101,0
6033.22857067,6033.22952382,1050.27417242,1050.24108912,0.04123036,689.27392518,0.01998507,0.01998507,33125,101,0
6033.41166874,6033.41168273,1056.59902782,1056.59854192,0.04662915,689.47250908,0.01998507,0.01998507,33124,101,0
6033.59405562,6033.59385264,1062.92855957,1062.93561433,0.03356241,689.66970679,0.01998507,0.01998507,33123,101,0
6033.77480859,6033.77603355,1069.26266260,1069.22005882,0.04016276,689.86452778,0.01998507,0.01998507,33122,101,0
6033.95768452,6033.95822547,1075.60129083,1075.58246456,0.06606476,690.06101593,0.01998507,0.01998507,33121,101,0
6034.14027548,6034.14042839,1081.94448517,1081.93916026,0.02679333,690.25657451,0.01998507,0.01998507,33120,101,0
6034.32305702,6034.32264231,1088.29229364,1088.30674574,0.06163898,690.45171331,0.01998508,0.01998507,33119,101,0
6034.50425016,6034.50486723,1094.64476450,1094.62324569,0.06402261,690.64454023,0.01998507,0.01998507,33118,101,0
6034.68785692,6034.68710317,1101.00194619,1101.02824945,0.03006844,690.83930997,0.01998508,0.01998507,33117,101,0
6034.86891547,6034.86935010,1107.36390573,1107.34872808,0.07303706,691.03076022,0.01998507,0.01998507,33116,101,0
6035.05114267,6035.05160805,1113.73079961,1113.71453626,0.05507726,691.22283136,0.01998507,0.01998507,33115,101,0
6035.23679221,6035.23387701,0.00000000,1120.20880032,0.06334213,691.41800049,0.01998508,0.01998507,33114,101,1
6035.42007193,6035.41615697,0.00000000,1126.62260255,0.11673708,691.60998053,0.01998509,0.01998507,33113,101,1
6035.60383907,6035.59844795,0.00000000,1133.05810064,0.04285764,691.80183993,0.01998509,0.01998507,33112,101,1
6035.77899614,6035.78074993,1139.25140401,1139.18991987,0.04466330,691.98392827,0.01998507,0.01998507,33111,101,0
6035.96195157,6035.96306293,1145.64547257,1145.60647969,0.05593696,692.17372244,0.01998507,0.01998507,33110,101,0
6036.14569707,6036.14538695,1152.04485676,1152.05574563,0.03195621,692.36371145,0.01998507,0.01998507,33109,101,0
6036.32784225,6036.32772198,1158.44926435,1158.45349010,0.05432941,692.55141745,0.01998507,0.01998507,33108,101,0
6036.51010582,6036.51006802,1164.85840175,1164.85973066,0.03323929,692.73860906,0.01998507,0.01998507,33107,101,0
6036.69212516,6036.69242509,1171.27197443,1171.26142277,0.04913642,692.92490447,0.01998507,0.01998507,33106,101,0
6036.87444217,6036.87479317,1177.68984642,1177.67749029,0.04940303,693.11085265,0.01998507,0.01998507,33105,101,0
6037.05604357,6037.05717226,1184.11227537,1184.07251508,0.04643549,693.29542835,0.01998507,0.01998507,33104,101,0
6037.23957907,6037.23956238,1190.53957983,1190.54016818,0.05431269,693.48132594,0.01998507,0.01998507,33103,101,0
6037.42187711,6037.42196352,1196.97207985,1196.96903139,0.03227348,693.66533691,0.01998507,0.01998507,33102,101,0
6037.60524847,6037.60437568,1203.41009697,1203.44091379,0.05146401,693.84980213,0.01998508,0.01998507,33101,101,0
6037.78654578,6037.78679887,1209.85390664,1209.84496286,0.03708367,694.03156652,0.01998507,0.01998507,33100,101,0
6037.97001354,6037.96923308,1216.30344837,1216.33105098,0.05754376,694.21488135,0.01998508,0.01998507,33099,101,0
6038.15081446,6038.15167831,1222.75851578,1222.72794040,0.02606621,694.39490829,0.01998507,0.01998507,33098,101,0
6038.33419314,6038.33413457,1229.21890088,1229.22097546,0.01948085,694.57686224,0.01998507,0.01998507,33097,101,0
6038.51615821,6038.51660185,1235.68439469,1235.66866912,0.06759825,694.75676922,0.01998507,0.01998507,33096,101,0
6038.69943822,6038.69908017,1242.15479351,1242.16749386,0.04107859,694.93732005,0.01998508,0.01998507,33095,101,0
6038.88108055,6038.88156951,1248.63004843,1248.61269278,0.05490587,695.11560484,0.01998507,0.01998507,33094,101,0
6039.06361759,6039.06406988,1255.11027255,1255.09420705,0.03247092,695.29411470,0.01998507,0.01998507,33093,101,0
6039.24626280,6039.24658128,1261.59558706,1261.58426591,0.04578101,695.47207670,0.01998507,0.01998507,33092,101,0
6039.42928225,6039.42910372,1268.08611374,1268.09246485,0.03260381,695.64974916,0.01998508,0.01998507,33091,101,0
6039.61152307,6039.61163718,1274.58197481,1274.57791216,0.04788637,695.82601663,0.01998507,0.01998507,33090,101,0
6039.79353689,6039.79418169,1281.08324996,1281.06027687,0.02463792,696.00141840,0.01998507,0.01998507,33089,101,0
6039.97654389,6039.97673722,1287.58991711,1287.58302357,0.05199996,696.17712383,0.01998507,0.01998508,33088,101,0
6040.15853881,6040.15930379,1294.10193921,1294.07464257,0.02801204,696.35120499,0.01998507,0.01998508,33087,101,0
6040.34068912,6040.34188140,1300.61927901,1300.57670301,0.05381660,696.52478041,0.01998507,0.01998508,33086,101,0
6040.52467763,6040.52447005,1307.14189909,1307.14931724,0.02418155,696.69944010,0.01998508,0.01998508,33085,101,0
6040.70665474,6040.70706974,1313.66976038,1313.65491893,0.05151019,696.87152781,0.01998507,0.01998508,33084,101,0
6040.88904921,6040.88968046,1320.20281582,1320.18022408,0.04298407,697.04334601,0.01998507,0.01998508,33083,101,0
6041.07241719,6041.07230223,1326.74101539,1326.74513262,0.05980426,697.21540792,0.01998508,0.01998508,33082,101,0
6041.25458144,6041.25493504,1333.28430883,1333.27163578,0.07017268,697.38566881,0.01998507,0.01998508,33081,101,0
6041.43808295,6041.43757889,1339.83264561,1339.85072418,0.03603470,697.55649985,0.01998508,0.01998508,33080,101,0
6041.62007472,6041.62023378,1346.38598493,1346.38027598,0.05970676,697.72524884,0.01998508,0.01998508,33079,101,0
6041.80320824,6041.80289972,1352.94441719,1352.95549811,0.01986362,697.89437704,0.01998508,0.01998508,33078,101,0
6041.98631796,6041.98557671,1359.50812584,1359.53476984,0.12737360,698.06280483,0.01998508,0.01998508,33077,101,0
6041.98631796,6041.98557671,1359.50812584,1359.53476984,0.12737360,698.06280483,0.01998508,0.01998508,33077,101,0
6042.16841539,6042.16826474,1366.07729721,1366.08271648,0.02901935,698.22963164,0.01998508,0.01998508,33076,101,0
6042.35040174,6042.35096382,1372.65211850,1372.63188269,0.05614963,698.39569219,0.01998507,0.01998508,33075,101,0
6042.53439084,6042.53367395,1379.23277437,1379.25860536,0.05910710,698.56290767,0.01998508,0.01998508,33074,101,0
6042.71694586,6042.71639513,1385.81931025,1385.83917039,0.03020598,698.72815060,0.01998508,0.01998508,33073,101,0
6042.89926623,6042.89912736,1392.41158721,1392.41659909,0.05598381,698.89251038,0.01998508,0.01998508,33072,101,0
6043.08178849,6043.08187064,1399.00945300,1399.00648590,0.03414787,699.05637502,0.01998508,0.01998508,33071,101,0
6043.26490671,6043.26462498,1405.61275457,1405.62293789,0.05371340,699.22008816,0.01998508,0.01998508,33070,101,0
6043.44875303,6043.44739037,1412.22133830,1412.27062840,0.05519651,699.38375481,0.01998508,0.01998508,33069,101,0
6043.63002932,6043.63016681,1418.83509682,1418.83011979,0.03005977,699.54444494,0.01998508,0.01998508,33068,101,0
6043.81313918,6043.81295431,1425.45403379,1425.46073048,0.04546999,699.70606459,0.01998508,0.01998508,33067,101,0
6043.99580139,6043.99575287,1432.07816903,1432.07992813,0.01756171,699.86659112,0.01998508,0.01998508,33066,101,0
6044.17878079,6044.17856248,1438.70752242,1438.71544204,0.05448958,700.02669613,0.01998508,0.01998508,33065,101,0
6044.36069196,6044.36138316,1445.34211399,1445.31702129,0.06229585,700.18517043,0.01998507,0.01998508,33064,101,0
6044.54402507,6044.54421489,1451.98200925,1451.97511308,0.03408491,700.34418110,0.01998508,0.01998508,33063,101,0
6044.72621767,6044.72705768,1458.62746428,1458.59692144,0.04908609,700.50150827,0.01998507,0.01998508,33062,101,0
6044.91017884,6044.90991154,1465.27878619,1465.28851351,0.05631337,700.65966579,0.01998508,0.01998508,33061,101,0
6045.09306798,6045.09277646,1471.93628360,1471.94690173,0.01688534,700.81621278,0.01998508,0.01998508,33060,101,0
6045.27555398,6045.27565244,1478.60026671,1478.59667690,0.04791408,700.97173519,0.01998508,0.01998508,33059,101,0
6045.45836355,6045.45853949,1485.27097589,1485.26455562,0.06721796,701.12685614,0.01998508,0.01998508,33058,101,0
6045.64123951,6045.64143761,1491.94814818,1491.94091303,0.01880286,701.28134681,0.01998508,0.01998508,33057,101,0
6045.82365647,6045.82434679,1498.63130190,1498.60606912,0.04833197,701.43475235,0.01998507,0.01998508,33056,101,0
6046.00737534,6046.00726704,1505.31995202,1505.32391352,0.05494614,701.58853554,0.01998508,0.01998508,33055,101,0
6046.18994829,6046.19019836,1512.01361101,1512.00445788,0.02935049,701.74063357,0.01998508,0.01998508,33054,101,0
6046.37317314,6046.37314074,1518.71183463,1518.71302096,0.05451686,701.89253533,0.01998508,0.01998508,33053,101,0
6046.55608043,6046.55609420,1525.41471058,1525.41420561,0.04249395,702.04343550,0.01998508,0.01998508,33052,101,0
6046.73952512,6046.73905873,1532.12267275,1532.13977816,0.07636410,702.19404627,0.01998508,0.01998508,33051,101,0
6046.92151553,6046.92203434,1538.83616300,1538.81711998,0.02329894,702.34274591,0.01998508,0.01998508,33050,101,0
6047.10480196,6047.10502102,1545.55562552,1545.54757797,0.05014633,702.49179047,0.01998508,0.01998508,33049,101,0
6047.28838151,6047.28801877,1552.28148874,1552.29482698,0.05434672,702.64036249,0.01998508,0.01998508,33048,101,0
6047.47108822,6047.47102760,1559.01383763,1559.01606855,0.01293623,702.78752131,0.01998508,0.01998508,33047,101,0
6047.65321264,6047.65404751,1565.75244585,1565.72169400,0.05281693,702.93350229,0.01998507,0.01998508,33046,101,0
6047.83652894,6047.83707849,1572.49707471,1572.47681566,0.05562631,703.07971658,0.01998508,0.01998508,33045,101,0
6048.02056525,6048.02012055,1579.24748429,1579.26389057,0.05417138,703.22576921,0.01998508,0.01998508,33044,101,0
6048.20308736,6048.20317370,1586.00343915,1586.00025143,0.02304924,703.36988479,0.01998508,0.01998508,33043,101,0
6048.38606783,6048.38623792,1592.76488546,1592.75860071,0.05985136,703.51362414,0.01998508,0.01998508,33042,101,0
6048.56930977,6048.56931323,1599.53198505,1599.53185706,0.02678138,703.65682974,0.01998508,0.01998508,33041,101,0
6048.75311627,6048.75239962,1606.30491303,1606.33143508,0.05109050,703.79973518,0.01998508,0.01998508,33040,101,0
6048.93622573,6048.93549709,1613.08384541,1613.11083357,0.07229413,703.94136201,0.01998508,0.01998508,33039,101,0
6049.11912641,6049.11860565,1619.86895700,1619.88826221,0.03672492,704.08209487,0.01998508,0.01998508,33038,101,0
6049.30159516,6049.30172530,1626.66031511,1626.65548668,0.05273723,704.22176511,0.01998508,0.01998508,33037,101,0
6049.48534799,6049.48485603,1633.45782897,1633.47609735,0.05017058,704.36167704,0.01998508,0.01998508,33036,101,0
6049.66797325,6049.66799785,1640.26139478,1640.26048060,0.05686057,704.49998919,0.01998508,0.01998508,33035,101,0
6049.85106288,6049.85115076,1647.07090814,1647.06763938,0.02839721,704.63790704,0.01998508,0.01998508,33034,101,0
6050.03457109,6050.03431476,1653.88626524,1653.89580668,0.07440883,704.77538650,0.01998508,0.01998508,33033,101,0
6050.21738413,6050.21748985,1660.70745089,1660.70351226,0.04584238,704.91159254,0.01998508,0.01998508,33032,101,0
6050.40090366,6050.40067603,1667.53460214,1667.54308905,0.04877139,705.04757008,0.01998508,0.01998508,33031,101,0
6050.58443873,6050.58387331,1674.36787168,1674.38897100,0.04666633,705.18280360,0.01998508,0.01998508,33030,101,0
6050.76775706,6050.76708168,1681.20741300,1681.23263741,0.05287284,705.31712405,0.01998508,0.01998508,33029,101,0
6050.95051757,6050.95030115,1688.05337943,1688.06146986,0.03590101,705.45028703,0.01998508,0.01998508,33028,101,0
6051.13313385,6051.13353171,1694.90582415,1694.89093869,0.06778223,705.58259695,0.01998508,0.01998508,33027,101,0
6051.31693744,6051.31677337,1701.76461052,1701.77075427,0.05885045,705.71500718,0.01998508,0.01998508,33026,101,0
6051.49992165,6051.50002612,1708.62958012,1708.62566463,0.04974229,705.84606457,0.01998508,0.01998508,33025,101,0
6051.68401193,6051.68328998,1715.50057367,1715.52765200,0.03937084,705.97714113,0.01998508,0.01998508,33024,101,0
6051.86675270,6051.86656494,1722.37743183,1722.38447979,0.04239139,706.10648484,0.01998508,0.01998508,33023,101,0
6052.04990434,6052.04985099,1729.26009460,1729.26209846,0.04327868,706.23534445,0.01998508,0.01998508,33022,101,0
6052.23409964,6052.23314815,1736.14869730,1736.18447046,0.06394755,706.36415638,0.01998508,0.01998508,33021,101,0
6052.41671142,6052.41645642,1743.04339855,1743.05299389,0.01875878,706.49108762,0.01998508,0.01998508,33020,101,0
6052.59916940,6052.59977579,1749.94435785,1749.92152100,0.07113247,706.61714371,0.01998508,0.01998508,33019,101,0
6052.78287191,6052.78310626,1756.85173495,1756.84290158,0.05330266,706.74328449,0.01998508,0.01998508,33018,101,0
6052.96624705,6052.96644784,1763.76562585,1763.75805069,0.05048159,706.86842422,0.01998508,0.01998508,33017,101,0
6053.15051839,6053.14980052,1770.68600404,1770.71311063,0.04698898,706.99339144,0.01998508,0.01998508,33016,101,0
6053.33259474,6053.33316432,1777.61282911,1777.59130308,0.03514814,707.11609504,0.01998508,0.01998508,33015,101,0
6053.51675239,6053.51653922,1784.54606038,1784.55412352,0.03654548,707.23941455,0.01998508,0.01998508,33014,101,0
6053.70011112,6053.69992524,1791.48565697,1791.49269413,0.03831414,707.36141001,0.01998508,0.01998508,33013,101,0
6053.88368999,6053.88332236,1798.43158049,1798.44550979,0.04568717,707.48276021,0.01998508,0.01998508,33012,101,0
6054.06628833,6054.06673060,1805.38379710,1805.36702535,0.04833109,707.60267355,0.01998508,0.01998508,33011,101,0
6054.25014499,6054.25014995,1812.34227322,1812.34208478,0.03027344,707.72261565,0.01998508,0.01998508,33010,101,0
6054.43416616,6054.43358042,1819.30697508,1819.32922452,0.04446597,707.84186082,0.01998508,0.01998508,33009,101,0
6054.61730550,6054.61702200,1826.27786961,1826.28864738,0.05640300,707.95973294,0.01998508,0.01998508,33008,101,0
6054.80101809,6054.80047470,1833.25497434,1833.27564923,0.04156303,708.07716859,0.01998508,0.01998508,33007,101,0
6054.98399033,6054.98393851,1840.23838348,1840.24035671,0.04898235,708.19332854,0.01998508,0.01998508,33006,101,0
6055.16780181,6055.16741345,1847.22819812,1847.24300008,0.04889411,708.30921429,0.01998508,0.01998508,33005,101,0
6055.35114625,6055.35089950,1854.22451987,1854.23393260,0.04957112,708.42399919,0.01998508,0.01998508,33004,101,0
6055.53438905,6055.53439667,1861.22745101,1861.22715993,0.04890200,708.53791505,0.01998508,0.01998508,33003,101,0
6055.71789143,6055.71790497,1868.23709753,1868.23658003,0.04354001,708.65118469,0.01998508,0.01998508,33002,101,0
6055.90232180,6055.90142439,1875.25356995,1875.28789646,0.04275232,708.76421215,0.01998508,0.01998508,33001,101,0
6056.08530705,6056.08495493,1882.27697960,1882.29046123,0.03659813,708.87554577,0.01998508,0.01998508,33000,101,0
6056.26912768,6056.26849659,1889.30743844,1889.33162328,0.04486278,708.98657632,0.01998508,0.01998508,32999,101,0
6056.45216698,6056.45204938,1896.34504944,1896.34956028,0.04204785,709.09632597,0.01998508,0.01998508,32998,101,0
6056.63541957,6056.63561330,1903.38971457,1903.38227627,0.04712084,709.20539070,0.01998508,0.01998508,32997,101,0
6056.81905321,6056.81918835,1910.44114370,1910.43595069,0.04490633,709.31385939,0.01998508,0.01998508,32996,101,0
6057.00279798,6057.00277452,1917.49903744,1917.49993979,0.04096976,709.42156225,0.01998508,0.01998508,32995,101,0
6057.18609159,6057.18637182,1924.56309472,1924.55230827,0.02434470,709.52816511,0.01998508,0.01998508,32994,101,0
6057.36918347,6057.36998026,1931.63304376,1931.60235107,0.04068580,709.63381123,0.01998508,0.01998508,32993,101,0
6057.55315742,6057.55359982,1938.70900743,1938.69195201,0.04145955,709.73912097,0.01998508,0.01998508,32992,101,0
6057.73665380,6057.73723052,1945.79138270,1945.76912966,0.05058585,709.84331686,0.01998508,0.01998508,32991,101,0
6057.92077875,6057.92087235,1952.88057424,1952.87695904,0.05826730,709.94702952,0.01998508,0.01998508,32990,101,0
6058.10467671,6058.10452532,1959.97698899,1959.98284164,0.06672058,710.04977765,0.01998508,0.01998508,32989,101,0
6058.28847072,6058.28818942,1967.08097209,1967.09185791,0.05582467,710.15163450,0.01998508,0.01998508,32988,101,0
6058.47249081,6058.47186466,1974.19237412,1974.21662864,0.05730798,710.25277718,0.01998508,0.01998508,32987,101,0
6058.65507671,6058.65555104,1981.31081316,1981.29242352,0.03569752,710.35229338,0.01998508,0.01998508,32986,101,0
6058.83904935,6058.83924855,1988.43590377,1988.42817396,0.03524692,710.45171297,0.01998508,0.01998508,32985,101,0
6059.02332377,6059.02295721,1995.56725823,1995.58149343,0.03281866,710.55043008,0.01998508,0.01998508,32984,101,0
6059.20669298,6059.20667700,2002.70457302,2002.70519417,0.04734829,710.64779592,0.01998508,0.01998508,32983,101,0
6059.38948257,6059.39040794,2009.84794169,2009.81194925,0.05587416,710.74399296,0.01998508,0.01998508,32982,101,0
6059.57475330,6059.57415002,2016.99757327,2017.02105758,0.06729816,710.84061906,0.01998508,0.01998508,32981,101,0
6059.75737965,6059.75790324,2024.15367801,2024.13327835,0.06387288,710.93500268,0.01998508,0.01998508,32980,101,0
6059.94183533,6059.94166761,2031.31646738,2031.32300779,0.04938795,711.02946204,0.01998508,0.01998508,32979,101,0
6060.12546182,6060.12544312,2038.48615937,2038.48688912,0.04194155,711.12262898,0.01998508,0.01998508,32978,101,0
6060.30917999,6060.30922979,2045.66298716,2045.66104159,0.05060407,711.21497635,0.01998508,0.01998508,32977,101,0
6060.49300543,6060.49302759,2052.84718760,2052.84632097,0.04634965,711.30651092,0.01998508,0.01998508,32976,101,0
6060.67699088,6060.67683655,2060.03899886,2060.04504021,0.06717569,711.39725727,0.01998508,0.01998508,32975,101,0
6060.86070269,6060.86065666,2067.23865742,2067.24046121,0.04234083,711.48700239,0.01998508,0.01998508,32974,101,0
6061.04484482,6061.04448792,2074.44623941,2074.46023977,0.02847960,711.57608701,0.01998508,0.01998508,32973,101,0
6061.22895961,6061.22833033,2081.66158379,2081.68629384,0.04031343,711.66428190,0.01998508,0.01998508,32972,101,0
6061.41184218,6061.41218389,2088.88450954,2088.87107849,0.05191590,711.75101380,0.01998508,0.01998508,32971,101,0
6061.59587040,6061.59604861,2096.11483456,2096.10782327,0.06152449,711.83740600,0.01998508,0.01998508,32970,101,0
6061.78020734,6061.77992448,2103.35238109,2103.36351994,0.03047848,711.92305024,0.01998508,0.01998508,32969,101,0
6061.96331481,6061.96381151,2110.59705638,2110.57747854,0.03309273,712.00723474,0.01998508,0.01998508,32968,101,0
6062.14761351,6062.14770969,2117.84883555,2117.84504106,0.05266029,712.09106974,0.01998508,0.01998508,32967,101,0
6062.33179580,6062.33161904,2125.10769542,2125.11467521,0.04970084,712.17394958,0.01998508,0.01998508,32966,101,0
6062.51544529,6062.51553954,2132.37361267,2132.36988744,0.03743208,712.25568874,0.01998508,0.01998508,32965,101,0
6062.69964589,6062.69947120,2139.64658450,2139.65349497,0.02881547,712.33676679,0.01998508,0.01998508,32964,101,0
6062.88267462,6062.88341402,2146.92674105,2146.89746293,0.05665317,712.41642869,0.01998508,0.01998508,32963,101,0
6063.06723300,6063.06736801,2154.21426579,2154.20891456,0.04015880,712.49584684,0.01998508,0.01998508,32962,101,0
6063.25094114,6063.25133316,2161.50934341,2161.49379039,0.03612897,712.57399130,0.01998508,0.01998508,32961,101,0
6063.43514864,6063.43530947,2168.81215960,2168.80577217,0.04518006,712.65143782,0.01998508,0.01998508,32960,101,0
6063.61855778,6063.61929695,2176.12283314,2176.09344799,0.05867432,712.72764130,0.01998508,0.01998508,32959,101,0
6063.80354598,6063.80329559,2183.44129479,2183.45125884,0.04602740,712.80357996,0.01998508,0.01998508,32958,101,0
6063.98672732,6063.98730540,2190.76744234,2190.74441550,0.04040427,712.87786155,0.01998508,0.01998508,32957,101,0
6064.17115795,6064.17132638,2198.10117298,2198.09445733,0.06087764,712.95172557,0.01998508,0.01998508,32956,101,0
6064.35508150,6064.35535853,2205.44238298,2205.43132661,0.03652826,713.02445909,0.01998508,0.01998508,32955,101,0
6064.53965432,6064.53940185,2212.79096066,2212.80104617,0.03365905,713.09651434,0.01998508,0.01998508,32954,101,0
6064.72341537,6064.72345634,2220.14678471,2220.14514676,0.05574291,713.16731819,0.01998508,0.01998508,32953,101,0
6064.90771913,6064.90752200,2227.50973250,2227.51762150,0.02410344,713.23739063,0.01998508,0.01998508,32952,101,0
6065.09193564,6065.09159883,2234.87968062,2234.89317128,0.05841222,713.30648478,0.01998508,0.01998508,32951,101,0
6065.27628771,6065.27568684,2242.25653311,2242.28062182,0.03244685,713.37468027,0.01998509,0.01998508,32950,101,0
6065.45981711,6065.45978603,2249.64043964,2249.64168691,0.03612806,713.44162664,0.01998508,0.01998508,32949,101,0
6065.64332107,6065.64389639,2257.03167799,2257.00857052,0.06673960,713.50762099,0.01998508,0.01998508,32948,101,0
6065.82769585,6065.82801793,2264.43052867,2264.41757969,0.04112703,713.57297877,0.01998508,0.01998508,32947,101,0
6066.01254584,6066.01215064,2271.83727388,2271.85317869,0.05338340,713.63754878,0.01998509,0.01998508,32946,101,0
6066.19646808,6066.19629454,2279.25212482,2279.25911635,0.04230931,713.70084320,0.01998508,0.01998508,32945,101,0
6066.38009239,6066.38044962,2286.67507511,2286.66066845,0.03425975,713.76308507,0.01998508,0.01998508,32944,101,0
6066.56493723,6066.56461587,2294.10607725,2294.11905033,0.06462901,713.82477836,0.01998508,0.01998508,32943,101,0
6066.74901384,6066.74879331,2301.54508343,2301.55399491,0.03287549,713.88525224,0.01998508,0.01998508,32942,101,0
6066.93334928,6066.93298194,2308.99204368,2309.00690315,0.05290821,713.94484460,0.01998509,0.01998508,32941,101,0
6067.11722701,6067.11718175,2316.44685801,2316.44869079,0.03048213,714.00332147,0.01998508,0.01998508,32940,101,0
6067.30130125,6067.30139274,2323.90937123,2323.90566327,0.04321708,714.06088873,0.01998508,0.01998508,32939,101,0
6067.48579547,6067.48561492,2331.37942437,2331.38674908,0.02972278,714.11760717,0.01998508,0.01998508,32938,101,0
6067.67014430,6067.66984829,2338.85685743,2338.86887718,0.05887731,714.17329666,0.01998509,0.01998508,32937,101,0
6067.85409673,6067.85409284,2346.34156914,2346.34172692,0.02334766,714.22788210,0.01998508,0.01998508,32936,101,0
6068.03869450,6068.03834859,2353.83382814,2353.84790077,0.05548140,714.28166968,0.01998509,0.01998508,32935,101,0
6068.22258133,6068.22261553,2361.33404652,2361.33265378,0.03484587,714.33426464,0.01998508,0.01998508,32934,101,0
6068.40670445,6068.40689365,2368.84263928,2368.83492595,0.05621223,714.38594143,0.01998508,0.01998508,32933,101,0
6068.59138973,6068.59118297,2376.36002161,2376.36846026,0.02272425,714.43678455,0.01998508,0.01998508,32932,101,0
6068.77533017,6068.77548349,2383.88637068,2383.88010611,0.05734894,714.48643333,0.01998508,0.01998508,32931,101,0
6068.95955495,6068.95979520,2391.42142169,2391.41159459,0.04442436,714.53516404,0.01998508,0.01998508,32930,101,0
6069.14469146,6069.14411810,2398.96486041,2398.98833723,0.05542378,714.58312746,0.01998509,0.01998508,32929,101,0
6069.32847824,6069.32845220,2406.51637058,2406.51743792,0.03896683,714.62973603,0.01998508,0.01998508,32928,101,0
6069.51310633,6069.51279750,2414.07565881,2414.08832877,0.05630079,714.67554461,0.01998509,0.01998508,32927,101,0
6069.69635410,6069.69715400,2421.64268235,2421.60983413,0.02397620,714.72000312,0.01998508,0.01998508,32926,101,0
6069.88114128,6069.88152170,2429.21754484,2429.20190741,0.04929896,714.76381615,0.01998508,0.01998508,32925,101,0
6070.06600554,6070.06590060,2436.80035235,2436.80467028,0.05249740,714.80662104,0.01998509,0.01998508,32924,101,0
6070.25053232,6070.25029070,2444.39121179,2444.40116369,0.02906813,714.84832140,0.01998509,0.01998509,32923,101,0
6070.43495072,6070.43469200,2451.99028306,2452.00095040,0.04650402,714.88897034,0.01998509,0.01998509,32922,101,0
6070.61898114,6070.61910451,2459.59785625,2459.59276432,0.03176218,714.92850860,0.01998508,0.01998509,32921,101,0
6070.80346142,6070.80352822,2467.21424287,2467.21148259,0.05634358,714.96711381,0.01998508,0.01998509,32920,101,0
6070.98734650,6070.98796314,2474.83975646,2474.81424674,0.04029380,715.00456649,0.01998508,0.01998509,32919,101,0
6071.17249656,6071.17240926,2482.47467473,2482.47829029,0.02406913,715.04123751,0.01998509,0.01998509,32918,101,0
6071.35715525,6071.35686659,2490.11880176,2490.13077075,0.04726410,715.07676777,0.01998509,0.01998509,32917,101,0
6071.54163768,6071.54133513,2497.77161570,2497.78417339,0.05394472,715.11121752,0.01998509,0.01998509,32916,101,0
6071.72621949,6071.72581489,2505.43258494,2505.44939500,0.04705236,715.14463308,0.01998509,0.01998509,32915,101,0
6071.91018136,6071.91030585,2513.10117483,2513.09599791,0.05580066,715.17688321,0.01998509,0.01998509,32914,101,0
6072.09413157,6072.09480802,2520.77708977,2520.74893404,0.05337475,715.20807575,0.01998508,0.01998509,32913,101,0
6072.27911050,6072.27932141,2528.46065796,2528.45187094,0.02894582,715.23837671,0.01998509,0.01998509,32912,101,0
6072.46389473,6072.46384601,2536.15230924,2536.15434081,0.06093392,715.26757695,0.01998509,0.01998509,32911,101,0
6072.64839731,6072.64838183,2543.85247631,2543.85312249,0.05439323,715.29566518,0.01998509,0.01998509,32910,101,0
6072.83309522,6072.83292886,2551.56156469,2551.56851759,0.01516203,715.32271267,0.01998509,0.01998509,32909,101,0
6073.01703013,6073.01748711,2559.27964335,2559.26052231,0.04374188,715.34858064,0.01998508,0.01998509,32908,101,0
6073.20268699,6073.20205658,2567.00656748,2567.03297344,0.05233123,715.37360604,0.01998509,0.01998509,32907,101,0
6073.38682772,6073.38663727,2574.74218789,2574.75017359,0.06014614,715.39734654,0.01998509,0.01998509,32906,101,0
6073.57110978,6073.57122918,2582.48635486,2582.48134326,0.02451902,715.42002395,0.01998509,0.01998509,32905,101,0
6073.75584778,6073.75583231,2590.23899975,2590.23964999,0.06126199,715.44166807,0.01998509,0.01998509,32904,101,0
6073.94016201,6073.94044666,2598.00022533,2597.98825229,0.04522142,715.46217235,0.01998509,0.01998509,32903,101,0
6074.12436146,6074.12507224,2605.77015662,2605.74022802,0.05573536,715.48157276,0.01998508,0.01998509,32902,101,0
6074.30936427,6074.30970903,2613.54891944,2613.53438662,0.02642676,715.49995659,0.01998508,0.01998509,32901,101,0
6074.49403443,6074.49435706,2621.33664170,2621.32302707,0.05311459,715.51720340,0.01998508,0.01998509,32900,101,0
6074.67850122,6074.67901631,2629.13346159,2629.11170089,0.05751863,715.53332666,0.01998508,0.01998509,32899,101,0
6074.86352115,6074.86368679,2636.93952252,2636.93251693,0.04631893,715.54838586,0.01998509,0.01998509,32898,101,0
6075.04848113,6075.04836850,2644.75496887,2644.75973825,0.05710920,715.56232307,0.01998509,0.01998509,32897,101,0
6075.23308733,6075.23306143,2652.57994339,2652.58104114,0.02815308,715.57511623,0.01998509,0.01998509,32896,101,0
6075.41741189,6075.41776560,2660.41448128,2660.39946956,0.06360266,715.58677222,0.01998508,0.01998509,32895,101,0
6075.60276615,6075.60248100,2668.25847194,2668.27058780,0.04204387,715.59736302,0.01998509,0.01998509,32894,101,0
6075.78750745,6075.78720763,2676.11179368,2676.12454709,0.05143714,715.60678690,0.01998509,0.01998509,32893,101,0
6075.97268736,6075.97194549,2683.97432388,2684.00591556,0.04485667,715.61509506,0.01998509,0.01998509,32892,101,0
6076.15707955,6076.15669459,2691.84598576,2691.86239684,0.04773703,715.62223184,0.01998509,0.01998509,32891,101,0
6076.34160451,6076.34145493,2699.72688750,2699.73327146,0.04864696,715.62823518,0.01998509,0.01998509,32890,101,0
6076.52641301,6076.52622650,2707.61718412,2707.62515317,0.06251242,715.63310239,0.01998509,0.01998509,32889,101,0
6076.71083235,6076.71100931,2715.51703169,2715.50946183,0.02802700,715.63681287,0.01998509,0.01998509,32888,101,0
6076.89572079,6076.89580335,2723.42656887,2723.42303267,0.06108522,715.63937920,0.01998509,0.01998509,32887,101,0
6077.08056662,6077.08060864,2731.34569829,2731.34389658,0.02463662,715.64078620,0.01998509,0.01998509,32886,101,0
6077.26491724,6077.26542517,2739.27415760,2739.25235575,0.04961700,715.64103148,0.01998509,0.01998509,32885,101,0
6077.45025099,6077.45025294,2747.21167924,2747.21159548,0.05118818,715.64010854,0.01998509,0.01998509,32884,101,0
6077.63443512,6077.63509195,2755.15799666,2755.12974447,0.03777127,715.63802588,0.01998509,0.01998509,32883,101,0
6077.81957181,6077.81994221,2763.11306858,2763.09711970,0.04214564,715.63475793,0.01998509,0.01998509,32882,101,0
6078.00448100,6078.00480371,2771.07723865,2771.06332786,0.04102678,715.63031473,0.01998509,0.01998509,32881,101,0
6078.19000180,6078.18967646,2779.05089026,2779.06493064,0.04793731,715.62466827,0.01998509,0.01998509,32880,101,0
6078.37447813,6078.37456045,2787.03440955,2787.03085247,0.03939452,715.61786877,0.01998509,0.01998509,32879,101,0
6078.55931267,6078.55945570,2795.02810911,2795.02192193,0.04133405,715.60986662,0.01998509,0.01998509,32878,101,0
6078.74442310,6078.74436219,2803.03198225,2803.03462060,0.04920663,715.60065494,0.01998509,0.01998509,32877,101,0
6078.92994800,6078.92927993,2811.04593744,2811.07490758,0.04107471,715.59021589,0.01998509,0.01998509,32876,101,0
6079.11327845,6079.11420892,2819.06988246,2819.02948610,0.03013581,715.57870949,0.01998508,0.01998509,32875,101,0
6079.29856891,6079.29914917,2827.10372870,2827.07850778,0.03805179,715.56587318,0.01998509,0.01998509,32874,101,0
6079.48372623,6079.48410066,2835.14743401,2835.13113994,0.04599257,715.55182994,0.01998509,0.01998509,32873,101,0
6079.66852069,6079.66906341,2843.20098465,2843.17733978,0.04195814,715.53659790,0.01998509,0.01998509,32872,101,0
6079.85438946,6079.85403742,2851.26436714,2851.27972227,0.05556137,715.52004734,0.01998509,0.01998509,32871,101,0
6080.03921486,6080.03902268,2859.33756654,2859.34595827,0.05183638,715.50236235,0.01998509,0.01998509,32870,101,0
6080.22435970,6080.22401920,2867.42052121,2867.43540688,0.05069357,715.48341567,0.01998509,0.01998509,32869,101,0
6080.40861669,6080.40902698,2875.51311078,2875.49515373,0.01652114,715.46333267,0.01998509,0.01998509,32868,101,0
6080.59438071,6080.59404602,2883.61521028,2883.62987475,0.05604293,715.44184231,0.01998509,0.01998509,32867,101,0
6080.78000339,6080.77907632,2891.72669411,2891.76735782,0.05779442,715.41911780,0.01998509,0.01998509,32866,101,0
6080.96381276,6080.96411788,2899.84756998,2899.83417203,0.03513580,715.39537952,0.01998509,0.01998509,32865,101,0
6081.14857535,6081.14917070,2907.97817731,2907.95200427,0.02888192,715.37027375,0.01998509,0.01998509,32864,101,0
6081.33399335,6081.33423478,2916.11890833,2916.10828151,0.02889549,715.34381920,0.01998509,0.01998509,32863,101,0
6081.51901008,6081.51931013,2924.27015818,2924.25693476,0.03627069,715.31615827,0.01998509,0.01998509,32862,101,0
6081.70392114,6081.70439675,2932.43223214,2932.41124532,0.07355533,715.28724631,0.01998509,0.01998509,32861,101,0
6081.88970655,6081.88949463,2940.60498760,2940.61435032,0.05566748,715.25691798,0.01998509,0.01998509,32860,101,0
6082.07455171,6082.07460378,2948.78814444,2948.78584136,0.03887140,715.22546662,0.01998509,0.01998509,32859,101,0
6082.25975952,6082.25972420,2956.98142037,2956.98298456,0.03363208,715.19267315,0.01998509,0.01998509,32858,101,0
6082.44472225,6082.44485588,2965.18457170,2965.17864715,0.03988218,715.15864059,0.01998509,0.01998509,32857,101,0
6082.63049233,6082.62999884,2973.39773317,2973.41963797,0.05229609,715.12316453,0.01998509,0.01998509,32856,101,0
6082.80821307,6082.81515307,0.00000000,2981.31704118,0.12941217,715.08798641,0.01998507,0.01998509,32855,101,1
6083.00007071,6083.00031857,2989.85546157,2989.84443223,0.05153381,715.04870405,0.01998509,0.01998509,32854,101,0
6083.18514980,6083.18549535,2998.10071290,2998.08531689,0.03845869,715.00946083,0.01998509,0.01998509,32853,101,0
6083.37076827,6083.37068340,3006.35710456,3006.36089084,0.05537075,714.96878562,0.01998509,0.01998509,32852,101,0
6083.55643175,6083.55588272,3014.62453086,3014.64905556,0.04921078,714.92677614,0.01998509,0.01998509,32851,101,0
6083.74019137,6083.74109332,3022.90287798,3022.86253811,0.03190855,714.88388897,0.01998509,0.01998509,32850,101,0
6083.92596241,6083.92631521,3031.19203404,3031.17623594,0.04875068,714.83920496,0.01998509,0.01998509,32849,101,0
6084.11169883,6084.11154836,3039.49200845,3039.49875474,0.04791055,714.79319019,0.01998509,0.01998509,32848,101,0
6084.29658749,6084.29679280,3047.80297578,3047.79375871,0.04061729,714.74604983,0.01998509,0.01998509,32847,101,0
6084.48263957,6084.48204852,3056.12512359,3056.15169195,0.03427102,714.69726166,0.01998509,0.01998509,32846,101,0
6084.66774976,6084.66731553,3064.45863917,3064.47818459,0.05869447,714.64736922,0.01998509,0.01998509,32845,101,0
6084.85294871,6084.85259381,3072.80349946,3072.81949413,0.03956221,714.59609916,0.01998509,0.01998509,32844,101,0
6085.03743371,6085.03788338,3081.15926560,3081.13897519,0.03575534,714.54367830,0.01998509,0.01998509,32843,101,0
6085.22275209,6085.22318423,3089.52544684,3089.50592459,0.05694268,714.48966401,0.01998509,0.01998509,32842,101,0
6085.40970682,6085.40849637,3097.90154892,3097.95629082,0.04210158,714.43379369,0.01998509,0.01998509,32841,101,0
6085.59387647,6085.59381980,3106.28736120,3106.28992713,0.06177289,714.37739835,0.01998509,0.01998509,32840,101,0
6085.77812521,6085.77915452,3114.68345544,3114.63679712,0.04153794,714.31962256,0.01998509,0.01998509,32839,101,0
6085.96396150,6085.96450052,3123.09054033,3123.06607528,0.03786972,714.25996522,0.01998509,0.01998509,32838,101,0
6086.15005134,6086.14985781,3131.50933017,3131.51812613,0.04414357,714.19882373,0.01998509,0.01998509,32837,101,0
6086.33515912,6086.33522640,3139.94034427,3139.93728200,0.03111108,714.13660312,0.01998509,0.01998509,32836,101,0
6086.52202428,6086.52060628,3148.38338389,3148.44800975,0.05446834,714.07236969,0.01998510,0.01998509,32835,101,0
6086.70579758,6086.70599745,3156.83808619,3156.82896537,0.04185601,714.00780291,0.01998509,0.01998509,32834,101,0
6086.89139370,6086.89139992,3165.30408530,3165.30380139,0.05363825,713.94118817,0.01998509,0.01998509,32833,101,0
6087.07699403,6087.07681368,3173.78110998,3173.78936100,0.02994822,713.87315447,0.01998509,0.01998509,32832,101,0
6087.26301881,6087.26223873,3182.26932304,3182.30505537,0.04424223,713.80353648,0.01998509,0.01998509,32831,101,0
6087.44831562,6087.44767509,3190.76901039,3190.79838911,0.02942802,713.73276148,0.01998509,0.01998509,32830,101,0
6087.63321800,6087.63312274,3199.28046023,3199.28483523,0.04429740,713.66070740,0.01998509,0.01998509,32829,101,0
6087.81846923,6087.81858169,3207.80389747,3207.79872522,0.04745202,713.58707784,0.01998509,0.01998509,32828,101,0
6088.00380166,6088.00405195,3216.33920826,3216.32768244,0.04747756,713.51196972,0.01998509,0.01998509,32827,101,0
6088.18934078,6088.18953350,3224.88616753,3224.87728114,0.03061967,713.43532541,0.01998509,0.01998509,32826,101,0
6088.37431539,6088.37502636,3233.44454821,3233.41172465,0.05010321,713.35746448,0.01998509,0.01998509,32825,101,0
6088.56074082,6088.56053052,3242.01418425,3242.02390562,0.03244878,713.27752448,0.01998509,0.01998509,32824,101,0
6088.74536296,6088.74604599,3250.59526393,3250.56364991,0.04749475,713.19689803,0.01998509,0.01998509,32823,101,0
6088.93201864,6088.93157276,3259.18810184,3259.20876721,0.03849409,713.11389845,0.01998509,0.01998509,32822,101,0
6089.11616012,6089.11711084,3267.79301525,3267.74889259,0.05909719,713.03054525,0.01998509,0.01998509,32821,101,0
6089.30192584,6089.30266022,3276.41028117,3276.37615185,0.05723992,712.94496746,0.01998509,0.01998509,32820,101,0
6089.48871919,6089.48822092,3285.03993267,3285.06312100,0.03012490,712.85740183,0.01998509,0.01998509,32819,101,0
6089.67400616,6089.67379292,3293.68191533,3293.69185227,0.05122809,712.76903688,0.01998509,0.01998509,32818,101,0
6089.85997799,6089.85937624,3302.33617405,3302.36425446,0.04978339,712.67883243,0.01998509,0.01998509,32817,101,0
6090.04482499,6090.04497086,3311.00265612,3310.99583992,0.02284620,712.58766653,0.01998509,0.01998509,32816,101,0
6090.22991965,6090.23057681,3319.68132412,3319.65057611,0.04894287,712.49486775,0.01998509,0.01998509,32815,101,0
6090.41601243,6090.41619406,3328.37214560,3328.36363595,0.05970005,712.40003924,0.01998509,0.01998509,32814,101,0
6090.60110409,6090.60182263,3337.07508778,3337.04137763,0.02518654,712.30419451,0.01998509,0.01998509,32813,101,0
6090.78766001,6090.78746251,3345.79016999,3345.79944810,0.05939002,712.20604529,0.01998509,0.01998509,32812,101,0
6090.97274720,6090.97311372,3354.51766578,3354.50042394,0.06016249,712.10712592,0.01998509,0.01998509,32811,101,0
6091.15905272,6091.15877624,3363.25792780,3363.27095296,0.05023436,712.00599349,0.01998509,0.01998509,32810,101,0
6091.34411511,6091.34445008,3372.01131165,3371.99550856,0.02523072,711.90397433,0.01998509,0.01998509,32809,101,0
6091.52962309,6091.53013524,3380.77806913,3380.75387142,0.04506314,711.80013843,0.01998509,0.01998509,32808,101,0
6091.71569781,6091.71583172,3389.55802428,3389.55168860,0.04080055,711.69440090,0.01998509,0.01998509,32807,101,0
6091.90139494,6091.90153952,3398.35089139,3398.34404117,0.04703263,711.58729321,0.01998509,0.01998509,32806,101,0
6092.08739917,6092.08725865,3407.15638220,3407.16304938,0.05482792,711.47841883,0.01998509,0.01998509,32805,101,0
6092.27259900,6092.27298910,3415.97429984,3415.95576667,0.03728521,711.36843123,0.01998509,0.01998509,32804,101,0
6092.45843484,6092.45873088,3424.80474056,3424.79065702,0.05384724,711.25647003,0.01998509,0.01998509,32803,101,0
6092.64410446,6092.64448398,3433.64785905,3433.62977889,0.06087827,711.14300457,0.01998509,0.01998509,32802,101,0
6092.82985228,6092.83024841,3442.50381130,3442.48491369,0.04263620,711.02787857,0.01998509,0.01998509,32801,101,0
6093.01638256,6093.01602417,3451.37276562,3451.38988758,0.03920887,710.91063589,0.01998509,0.01998509,32800,101,0
6093.20113052,6093.20181126,3460.25491716,3460.22234889,0.05937559,710.79289295,0.01998509,0.01998509,32799,101,0
6093.38828075,6093.38760967,3469.15046631,3469.18261935,0.05755979,710.67196552,0.01998510,0.01998509,32798,101,0
6093.57390380,6093.57341943,3478.05961308,3478.08285516,0.06119218,710.55037185,0.01998509,0.01998509,32797,101,0
6093.76049082,6093.75924051,3486.98241727,3487.04249910,0.02755346,710.42648023,0.01998510,0.01998509,32796,101,0
6093.94563603,6093.94507293,3495.91870830,3495.94580633,0.04996078,710.30189028,0.01998510,0.01998509,32795,101,0
6094.13077295,6094.13091668,3504.86829280,3504.86136668,0.03913267,710.17565307,0.01998509,0.01998509,32794,101,0
6094.31652325,6094.31677176,3513.83097542,3513.81898289,0.04666712,710.04733303,0.01998509,0.01998509,32793,101,0
6094.50215041,6094.50263819,3522.80655646,3522.78298547,0.05758483,709.91742896,0.01998509,0.01998509,32792,101,0
6094.68773682,6094.68851595,3531.79483149,3531.75713109,0.04415889,709.78588223,0.01998509,0.01998509,32791,101,0
6094.87394515,6094.87440505,3540.79559400,3540.77331078,0.02947239,709.65221219,0.01998509,0.01998509,32790,101,0
6095.05976621,6095.06030549,3549.80869192,3549.78252845,0.04127570,709.51713636,0.01998509,0.01998509,32789,101,0
6095.24554549,6095.24621727,3558.83470083,3558.80206220,0.04848976,709.38039476,0.01998509,0.01998509,32788,101,0
6095.43308294,6095.43214040,3567.87470931,3567.92057391,0.04501881,709.24061555,0.01998510,0.01998509,32787,101,0
6095.61871086,6095.61807486,3576.92982614,3576.96082560,0.03421099,709.10051033,0.01998510,0.01998509,32786,101,0
6095.80368820,6095.80402067,3586.00094791,3585.98471493,0.05275420,708.95914362,0.01998509,0.01998509,32785,101,0
6095.99039991,6095.98997783,3595.08749790,3595.10813809,0.02093001,708.81467871,0.01998509,0.01998509,32784,101,0
6096.17608111,6096.17594633,3604.18828815,3604.19488826,0.06185830,708.66925634,0.01998509,0.01998509,32783,101,0
6096.36224252,6096.36192618,3613.30211775,3613.31762972,0.05374502,708.52171371,0.01998509,0.01998509,32782,101,0
6096.54815366,6096.54791738,3622.42829711,3622.43989861,0.04303667,708.37263141,0.01998509,0.01998509,32781,101,0
6096.73291464,6096.73391993,3631.56793401,3631.51850002,0.03352794,708.22272649,0.01998509,0.01998509,32780,101,0
6096.91927394,6096.91993382,3640.72253542,3640.69003221,0.04671839,708.06973081,0.01998509,0.01998509,32779,101,0
6097.10501557,6097.10595907,3649.89361099,3649.84705414,0.04288886,707.91541658,0.01998509,0.01998509,32778,101,0
6097.29298398,6097.29199567,3659.08171282,3659.13056614,0.06525995,707.75737881,0.01998510,0.01998509,32777,101,0
6097.47782285,6097.47804363,3668.28569721,3668.27476674,0.06128871,707.60014554,0.01998509,0.01998509,32776,101,0
6097.66358865,6097.66410293,3677.50423783,3677.47873887,0.06327518,707.44031391,0.01998509,0.01998509,32775,101,0
6097.85075394,6097.85017360,3686.73606196,3686.76487493,0.03262208,707.27745848,0.01998510,0.01998509,32774,101,0
6098.03665165,6098.03625562,3695.98110811,3696.00079799,0.07871868,707.11389247,0.01998510,0.01998509,32773,101,0
6098.22271953,6098.22234900,3705.24039035,3705.25884115,0.03883725,706.94834202,0.01998510,0.01998509,32772,101,0
6098.40817001,6098.40845373,3714.51496903,3714.50081797,0.03112215,706.78148830,0.01998509,0.01998509,32771,101,0
6098.59440857,6098.59456983,3723.80574102,3723.79768434,0.04349800,706.61204013,0.01998509,0.01998509,32770,101,0
6098.78108411,6098.78069729,3733.11245450,3733.13181171,0.07030786,706.44029480,0.01998510,0.01998509,32769,101,0
6098.96698188,6098.96683611,3742.43438166,3742.44168756,0.05070690,706.26738065,0.01998510,0.01998509,32768,101,0
6099.15222201,6099.15298629,3751.77078652,3751.73242666,0.06330573,706.09321382,0.01998509,0.01998509,32767,101,0
6099.33882179,6099.33914784,3761.12119870,3761.10481027,0.05767361,705.91588867,0.01998509,0.01998509,32766,101,0
6099.52534852,6099.52532075,3770.48586980,3770.48726811,0.03748724,705.73673524,0.01998510,0.01998509,32765,101,0
6099.71251702,6099.71150502,3779.86517343,3779.91619338,0.05665341,705.55504366,0.01998510,0.01998509,32764,101,0
6099.89813350,6099.89770067,3789.25948250,3789.28133785,0.05813106,705.37294281,0.01998510,0.01998509,32763,101,0
6100.08441164,6100.08390768,3798.66905762,3798.69454458,0.03172796,705.18826194,0.01998510,0.01998509,32762,101,0
6100.26869240,6100.27012606,3808.09403493,3808.02141710,0.04137447,705.00364772,0.01998509,0.01998509,32761,101,0
6100.45580745,6100.45635581,3817.53454533,3817.50672561,0.06179454,704.81423614,0.01998509,0.01998510,32760,101,0
6100.64147165,6100.64259693,3826.99070623,3826.93352617,0.07691410,704.62433296,0.01998509,0.01998510,32759,101,0
6100.82880216,6100.82884942,3836.46253289,3836.46012715,0.04533105,704.43073797,0.01998510,0.01998510,32758,101,0
6101.01470599,6101.01511329,3845.94999617,3845.92923343,0.06268643,704.23663633,0.01998509,0.01998510,32757,101,0
6101.20117917,6101.20138853,3855.45306722,3855.44237786,0.06090467,704.03995021,0.01998509,0.01998510,32756,101,0
6101.38685825,6101.38767515,3864.97193751,3864.93016133,0.06048905,703.84210938,0.01998509,0.01998510,32755,101,0
6101.57334002,6101.57397314,3874.50731230,3874.47487896,0.03926666,703.64138927,0.01998509,0.01998510,32754,101,0
6101.76040223,6101.76028251,3884.05997624,3884.06611993,0.04664795,703.43798109,0.01998510,0.01998510,32753,101,0
6101.94657455,6101.94660326,3893.63066197,3893.62918594,0.05460176,703.23346399,0.01998510,0.01998510,32752,101,0
6102.13371759,6102.13293539,3903.21913976,3903.25942609,0.05368752,703.02578821,0.01998510,0.01998510,32751,101,0
6102.32027926,6102.31927890,3912.82439048,3912.87599662,0.06344093,702.81668264,0.01998510,0.01998510,32750,101,0
6102.50586080,6102.50563379,3922.44536165,3922.45709032,0.04934856,702.60663452,0.01998510,0.01998510,32749,101,0
6102.69210760,6102.69200006,3932.08142224,3932.08698684,0.06635860,702.39379246,0.01998510,0.01998510,32748,101,0
6102.87935956,6102.87837772,3941.73368594,3941.78457806,0.05101636,702.17770736,0.01998510,0.01998510,32747,101,0
6103.06439411,6103.06476676,3951.40372121,3951.38436975,0.05553566,701.96207480,0.01998509,0.01998510,32746,101,0
6103.25193973,6103.25116719,3961.09306235,3961.13325996,0.06402488,701.74133486,0.01998510,0.01998510,32745,101,0
6103.43840576,6103.43757900,3970.80164323,3970.84474047,0.05492046,701.51968016,0.01998510,0.01998510,32744,101,0
6103.62456888,6103.62400220,3980.52747473,3980.55706207,0.04773855,701.29624745,0.01998510,0.01998510,32743,101,0
6103.81106413,6103.81043680,3990.26843461,3990.30123403,0.06653253,701.07031433,0.01998510,0.01998510,32742,101,0
6103.99845516,6103.99688278,0.00000000,4000.09671499,0.04051149,700.84140677,0.01998510,0.01998510,32741,101,1
6104.18314197,6104.18334015,4009.79244813,4009.78205575,0.04649191,700.61331350,0.01998510,0.01998510,32740,101,0
6104.37007749,6104.36980891,4019.57951200,4019.59362238,0.04209077,700.38046346,0.01998510,0.01998510,32739,101,0
6104.55594465,6104.55628907,4029.38665595,4029.36852377,0.04809253,700.14669782,0.01998510,0.01998510,32738,101,0
6104.74347903,6104.74278062,4039.21467375,4039.25151595,0.06271238,699.90853493,0.01998510,0.01998510,32737,101,0
6104.92947368,6104.92928356,4049.06192679,4049.07197341,0.05830616,699.67007390,0.01998510,0.01998510,32736,101,0
6105.11660173,6105.11579791,4058.92657932,4058.96912664,0.07499149,699.42792982,0.01998510,0.01998510,32735,101,0
6105.30265212,6105.30232365,4068.80708269,4068.82449591,0.07478892,699.18499164,0.01998510,0.01998510,32734,101,0
6105.48869119,6105.48886078,4078.70363941,4078.69463439,0.05025584,698.93987259,0.01998510,0.01998510,32733,101,0
nan,nan,0.00000000,-1.00000000,0.00000000,698.68200454,nan,0.00000000,-2147483648,101,1
nan,nan,0.00000000,-1.00000000,0.00000000,692.25440917,nan,0.00000000,-2147483648,100,1
6061.59704429,6061.59604861,10.89704687,10.92777895,0.17203767,692.55557058,0.01998509,0.01998508,32970,100,0
6061.77943315,6061.77992448,16.57405240,16.55887880,0.16629903,692.84105190,0.01998508,0.01998508,32969,100,0
6061.96977880,6061.96381151,0.00000000,22.43847260,0.13022949,693.13849977,0.01998510,0.01998508,32968,100,1
6062.15315677,6062.14770969,0.00000000,28.10613158,0.15331629,693.42461530,0.01998510,0.01998508,32967,100,1
6062.33188949,6062.33161904,33.62668165,33.63504852,0.06776346,693.70314932,0.01998508,0.01998508,32966,100,0
6062.51825166,6062.51553954,0.00000000,39.39939181,0.04413161,693.99293627,0.01998509,0.01998508,32965,100,1
6062.69880030,6062.69947120,45.01341315,44.99263389,0.16571638,694.27352895,0.01998508,0.01998508,32964,100,0
6062.87902756,6062.88341402,0.00000000,50.57122871,0.11656983,694.55280545,0.01998507,0.01998508,32963,100,1
6063.06598030,6063.06736801,56.41416401,56.37113788,0.09925593,694.84254582,0.01998508,0.01998508,32962,100,0
6063.24595242,6063.25133316,0.00000000,61.94593274,0.10400981,695.12044888,0.01998507,0.01998508,32961,100,1
6063.44114466,6063.43530947,0.00000000,68.00204445,0.08573653,695.42168852,0.01998510,0.01998508,32960,100,1
6063.61988962,6063.61929695,73.53946988,73.55787252,0.10860599,695.69744158,0.01998509,0.01998508,32959,100,0
6063.80255071,6063.80329559,79.25406688,79.23092682,0.05942076,695.97841879,0.01998508,0.01998508,32958,100,0
6063.98480891,6063.98730540,0.00000000,84.88885574,0.15533875,696.25804892,0.01998508,0.01998508,32957,100,1
6064.17090628,6064.17132638,90.69309817,90.68003356,0.11125807,696.54364617,0.01998508,0.01998508,32956,100,0
6064.35328404,6064.35535853,96.41781691,96.35326723,0.12556870,696.82282031,0.01998508,0.01998508,32955,100,0
6064.53611134,6064.53940185,0.00000000,102.04139569,0.09762289,697.10212471,0.01998507,0.01998508,32954,100,1
6064.72886402,6064.72345634,0.00000000,108.04525884,0.02886575,697.39627799,0.01998510,0.01998508,32953,100,1
6064.91040165,6064.90752200,0.00000000,113.70302519,0.06631896,697.67285931,0.01998509,0.01998508,32952,100,1
6065.09422424,6065.09159883,0.00000000,119.43520245,0.08133706,697.95246938,0.01998509,0.01998508,32951,100,1
6065.27738396,6065.27568684,125.09765634,125.15062213,0.14288550,698.23065191,0.01998509,0.01998508,32950,100,0
6065.45543744,6065.45978603,0.00000000,130.70838500,0.19779002,698.50057668,0.01998507,0.01998508,32949,100,1
6065.64242066,6065.64389639,136.59585018,136.54974050,0.05943062,698.78365386,0.01998508,0.01998508,32948,100,0
6065.82700875,6065.82801793,142.35044841,142.31889840,0.10997275,699.06260771,0.01998508,0.01998508,32947,100,0
6066.01850596,6066.01215064,0.00000000,148.30625244,0.04252518,699.35145558,0.01998510,0.01998508,32946,100,1
6066.19495215,6066.19629454,153.87042394,153.82840993,0.05023174,699.61726838,0.01998508,0.01998508,32945,100,0
6066.37399549,6066.38044962,0.00000000,159.43226300,0.12062867,699.88643234,0.01998506,0.01998508,32944,100,1
6066.56605539,6066.56461587,165.40442146,165.44952412,0.06052688,700.17480114,0.01998509,0.01998508,32943,100,0
6066.74918080,6066.74879331,171.17654636,171.18869339,0.08094152,700.44921374,0.01998509,0.01998508,32942,100,0
6066.93675079,6066.93298194,0.00000000,177.07021352,0.14345885,700.72979551,0.01998510,0.01998508,32941,100,1
6067.11235506,6067.11718175,0.00000000,182.58032075,0.05540808,700.99207361,0.01998507,0.01998508,32940,100,1
6067.29858501,6067.30139274,0.00000000,188.42712212,0.12183955,701.26975916,0.01998508,0.01998508,32939,100,1
6067.48613344,6067.48561492,194.29965246,194.31594352,0.03500417,701.54879615,0.01998509,0.01998508,32938,100,0
6067.66935496,6067.66984829,200.08969715,200.07418831,0.12270176,701.82102070,0.01998508,0.01998508,32937,100,0
6067.85465960,6067.85409284,205.88372056,205.90154928,0.11535398,702.09588343,0.01998509,0.01998508,32936,100,0
6068.04043194,6068.03834859,211.68183385,211.74741343,0.03107165,702.37098282,0.01998509,0.01998508,32935,100,0
6068.22443035,6068.22261553,217.48397310,217.54113547,0.09259544,702.64299990,0.01998509,0.01998508,32934,100,0
6068.40539964,6068.40689365,223.29000011,223.24291461,0.09941874,702.91008930,0.01998508,0.01998508,32933,100,0
6068.58821397,6068.59118297,0.00000000,229.00902897,0.07870257,703.17957605,0.01998507,0.01998508,32932,100,1
6068.77547978,6068.77548349,234.91316098,234.91304386,0.11682166,703.45486558,0.01998508,0.01998508,32931,100,0
6068.95939892,6068.95979520,240.73001528,240.71750569,0.08017663,703.72487981,0.01998508,0.01998508,32930,100,0
6069.14442899,6069.14411810,246.55022839,246.56004750,0.09564264,703.99603126,0.01998509,0.01998508,32929,100,0
6069.33071088,6069.32845220,252.37385365,252.44523093,0.00243281,704.26851848,0.01998509,0.01998508,32928,100,0
6069.51554660,6069.51279750,0.00000000,258.29177398,0.09976518,704.53857742,0.01998509,0.01998508,32927,100,1
6069.69733303,6069.69715400,264.03177711,264.03744096,0.05334372,704.80335609,0.01998509,0.01998508,32926,100,0
6069.87896070,6069.88152170,0.00000000,269.79081893,0.08791810,705.06787359,0.01998508,0.01998508,32925,100,1
6070.06536413,6070.06590060,275.70466315,275.68767071,0.05792600,705.33834728,0.01998508,0.01998508,32924,100,0
6070.25029024,6070.25029070,281.54697359,281.54695922,0.06048666,705.60645618,0.01998508,0.01998509,32923,100,0
6070.43399103,6070.43469200,287.39323852,287.37100828,0.07149843,705.87231855,0.01998508,0.01998509,32922,100,0
6070.61948610,6070.61910451,293.24345056,293.25555969,0.14376603,706.14030082,0.01998509,0.01998509,32921,100,0
6070.80392835,6070.80352822,299.09760229,299.11030766,0.11308160,706.40628545,0.01998509,0.01998509,32920,100,0
6070.98974601,6070.98796314,304.95568628,305.01233193,0.05659039,706.67377137,0.01998509,0.01998509,32919,100,0
6071.17472098,6071.17240926,310.81769503,310.89118798,0.10715495,706.93956200,0.01998509,0.01998509,32918,100,0
6071.35899475,6071.35686659,316.68362608,316.75132433,0.05826941,707.20386539,0.01998509,0.01998509,32917,100,0
6071.54093385,6071.54133513,322.55349105,322.54071814,0.06268284,707.46434982,0.01998508,0.01998509,32916,100,0
6071.72765702,6071.72581489,328.42730409,328.48597539,0.05423438,707.73119713,0.01998509,0.01998509,32915,100,0
6071.90924074,6071.91030585,334.30507939,334.27113536,0.07593267,707.99022642,0.01998508,0.01998509,32914,100,0
6072.09435765,6072.09480802,340.18683121,340.17246931,0.09158850,708.25381492,0.01998508,0.01998509,32913,100,0
6072.27890616,6072.27932141,346.07257361,346.05932352,0.08343038,708.51611023,0.01998508,0.01998509,32912,100,0
6072.46648699,6072.46384601,0.00000000,352.05030497,0.04441845,708.78238218,0.01998509,0.01998509,32911,100,1
6072.64956902,6072.64838183,357.85594983,357.89387726,0.07321160,709.04145829,0.01998509,0.01998509,32910,100,0
6072.83186146,6072.83292886,363.75347279,363.71935202,0.06873390,709.29909885,0.01998508,0.01998509,32909,100,0
6073.01670521,6073.01748711,369.65480819,369.62979928,0.06259404,709.55985137,0.01998508,0.01998509,32908,100,0
6073.20329960,6073.20205658,375.55989760,375.59967776,0.08780375,709.82256524,0.01998509,0.01998509,32907,100,0
6073.38651070,6073.38663727,381.46868410,381.46463107,0.02572437,710.08001523,0.01998509,0.01998509,32906,100,0
6073.57322046,6073.57122918,387.38116687,387.44496606,0.05694666,710.34187029,0.01998509,0.01998509,32905,100,0
6073.75465979,6073.75583231,393.29741304,393.25982489,0.08331927,710.59584104,0.01998508,0.01998509,32904,100,0
6073.94120191,6073.94044666,399.21749404,399.24171998,0.02711749,710.85645010,0.01998509,0.01998509,32903,100,0
6074.12553112,6074.12507224,405.14148159,405.15621005,0.09483467,711.11346732,0.01998509,0.01998509,32902,100,0
6074.30847864,6074.30970903,411.06944766,411.02993236,0.06043251,711.36806814,0.01998508,0.01998509,32901,100,0
6074.49392865,6074.49435706,417.00146126,416.98769389,0.03756587,711.62565529,0.01998509,0.01998509,32900,100,0
6074.67823279,6074.67901631,422.93754571,422.91235075,0.09866995,711.88115559,0.01998508,0.01998509,32899,100,0
6074.86241695,6074.86368679,428.87769063,428.83683231,0.03777825,712.13599464,0.01998508,0.01998509,32898,100,0
6075.04854265,6075.04836850,434.82188479,434.82749199,0.07803237,712.39301566,0.01998509,0.01998509,32897,100,0
6075.23479753,6075.23306143,440.77011690,440.82604734,0.07629103,712.64970579,0.01998509,0.01998509,32896,100,0
6075.41827926,6075.41776560,446.72237564,446.73893404,0.06540648,712.90207421,0.01998509,0.01998509,32895,100,0
6075.60290579,6075.60248100,452.67865102,452.69235312,0.12316483,713.15551483,0.01998509,0.01998509,32894,100,0
6075.78504707,6075.78720763,458.63894241,458.56920973,0.04834305,713.40504884,0.01998508,0.01998509,32893,100,0
6075.97119383,6075.97194549,464.60325305,464.57897797,0.05906078,713.65956125,0.01998509,0.01998509,32892,100,0
6076.15621843,6076.15669459,470.57158624,470.55619901,0.02219646,713.91202825,0.01998509,0.01998509,32891,100,0
6076.33944335,6076.34145493,476.54394524,476.47890160,0.08519968,714.16153634,0.01998508,0.01998509,32890,100,0
6076.52727794,6076.52622650,482.52033336,482.55435237,0.06330847,714.41680071,0.01998509,0.01998509,32889,100,0
6076.70945554,6076.71100931,488.50073702,488.45043502,0.02764403,714.66387171,0.01998508,0.01998509,32888,100,0
6076.89490050,6076.89580335,494.48508635,494.45583980,0.06567609,714.91485843,0.01998509,0.01998509,32887,100,0
6077.08186553,6077.08060864,500.47329951,500.51403810,0.03248689,715.16737127,0.01998509,0.01998509,32886,100,0
6077.26537630,6077.26542517,506.46529429,506.46370925,0.07247142,715.41469555,0.01998509,0.01998509,32885,100,0
6077.44743007,6077.45025294,0.00000000,512.35728917,0.09331243,715.65903845,0.01998508,0.01998509,32884,100,1
6077.63350475,6077.63509195,518.46029995,518.40877050,0.04693585,715.90925498,0.01998508,0.01998509,32883,100,0
6077.81856240,6077.81994221,524.46326604,524.41844418,0.06877345,716.15706820,0.01998508,0.01998509,32882,100,0
6078.00381262,6078.00480371,530.47011394,530.43789975,0.11213466,716.40461085,0.01998509,0.01998509,32881,100,0
6078.18890484,6078.18967646,536.48108958,536.45599276,0.03999559,716.65142322,0.01998509,0.01998509,32880,100,0
6078.37268254,6078.37456045,542.49643989,542.43531961,0.07409683,716.89597809,0.01998508,0.01998509,32879,100,0
6078.55762219,6078.55945570,548.51641280,548.45669419,0.06390159,717.14158021,0.01998508,0.01998509,32878,100,0
6078.74467395,6078.74436219,554.54123825,554.55140032,0.06131244,717.38948618,0.01998509,0.01998509,32877,100,0
6078.92883240,6078.92927993,560.57085656,560.55625882,0.05599856,717.63306140,0.01998509,0.01998509,32876,100,0
6079.11186891,6079.11420892,0.00000000,566.51987477,0.05206232,717.87429949,0.01998508,0.01998509,32875,100,1
6079.29927818,6079.29914917,572.64331685,572.64753036,0.06286567,718.12148380,0.01998509,0.01998509,32874,100,0
6079.48591025,6079.48410066,578.68556930,578.74470392,0.05861974,718.36674489,0.01998510,0.01998509,32873,100,0
6079.67003060,6079.66906341,584.73144155,584.76306390,0.05251676,718.60815719,0.01998509,0.01998509,32872,100,0
6079.85500285,6079.85403742,590.78070610,590.81228678,0.04855486,718.85012824,0.01998509,0.01998509,32871,100,0
6080.03962515,6080.03902268,596.83352098,596.85323934,0.02758978,719.09108890,0.01998509,0.01998509,32870,100,0
6080.22437910,6080.22401920,602.89017698,602.90196332,0.04897630,719.33167915,0.01998509,0.01998509,32869,100,0
6080.40957513,6080.40902698,608.95096622,608.96892913,0.05136492,719.57231108,0.01998509,0.01998509,32868,100,0
6080.59492619,6080.59404602,615.01618201,615.04504551,0.03994404,719.81261948,0.01998509,0.01998509,32867,100,0
6080.77978796,6080.77907632,621.08611796,621.10947212,0.05752364,720.05178058,0.01998509,0.01998509,32866,100,0
6080.96500520,6080.96411788,627.16090757,627.19004813,0.03733720,720.29089153,0.01998509,0.01998509,32865,100,0
6081.14846679,6081.14917070,633.24034207,633.21720929,0.05611102,720.52722312,0.01998509,0.01998509,32864,100,0
6081.33376022,6081.33423478,639.32416799,639.30856209,0.04169886,720.76538501,0.01998509,0.01998509,32863,100,0
6081.51850411,6081.51931013,645.41213076,645.38560905,0.07593087,721.00229968,0.01998509,0.01998509,32862,100,0
6081.70380745,6081.70439675,651.50397473,651.48457358,0.05609459,721.23937800,0.01998509,0.01998509,32861,100,0
6081.89007930,6081.88949463,657.59945950,657.61871833,0.06050739,721.47712583,0.01998509,0.01998509,32860,100,0
6082.07552118,6082.07460378,663.69862813,663.72886440,0.07249382,721.71324762,0.01998509,0.01998509,32859,100,0
6082.25990432,6082.25972420,669.80176555,669.80770596,0.03360217,721.94747047,0.01998509,0.01998509,32858,100,0
6082.44482015,6082.44485588,675.90916556,675.90798651,0.03330433,722.18182834,0.01998509,0.01998509,32857,100,0
6082.65419796,nan,0.00000000,682.81959929,0.06935349,722.44651915,0.01998517,0.01998509,32856,100,1
6082.81466281,6082.81515307,688.13793476,688.12173209,0.05088366,722.64897016,0.01998509,0.01998509,32855,100,0
6083.00025914,6083.00031857,694.25982014,694.25785453,0.04858987,722.88261257,0.01998509,0.01998509,32854,100,0
6083.18435355,6083.18549535,700.38661672,700.34882563,0.06816732,723.11384314,0.01998509,0.01998509,32853,100,0
6083.36986934,6083.37068340,706.51804301,706.49108142,0.08383772,723.34632184,0.01998509,0.01998509,32852,100,0
6083.55556169,6083.55588272,712.65381626,712.64317707,0.07173349,723.57846957,0.01998509,0.01998509,32851,100,0
6083.74083135,6083.74109332,718.79365251,718.78496537,0.03184772,723.80952619,0.01998509,0.01998509,32850,100,0
6083.92676631,6083.92631521,724.93726946,724.95223615,0.03579303,724.04083554,0.01998509,0.01998509,32849,100,0
6084.11108988,6084.11154836,731.08457437,731.06935437,0.03030014,724.26956511,0.01998509,0.01998509,32848,100,0
6084.29600147,6084.29679280,737.23578094,737.20949629,0.06891130,724.49845574,0.01998509,0.01998509,32847,100,0
6084.48332529,6084.48204852,743.39113146,743.43356713,0.07588505,724.72975949,0.01998509,0.01998509,32846,100,0
6084.66767271,6084.66731553,749.55086928,749.56274883,0.05788130,724.95683289,0.01998509,0.01998509,32845,100,0
6084.85371079,6084.85259381,755.71523879,755.75241494,0.04420676,725.18543814,0.01998509,0.01998509,32844,100,0
6085.03766932,6085.03788338,761.88446194,761.87733208,0.02676126,725.41095072,0.01998509,0.01998509,32843,100,0
6085.22408547,6085.22318423,768.05854446,768.08858362,0.03580674,725.63892964,0.01998509,0.01998509,32842,100,0
6085.40923397,6085.40849637,774.23737450,774.26197670,0.03635476,725.86480819,0.01998509,0.01998509,32841,100,0
6085.59392328,6085.59381980,780.42083857,780.42429251,0.05878775,726.08957471,0.01998509,0.01998509,32840,100,0
6085.77855868,6085.77915452,786.60882270,786.58892220,0.05832901,726.31371918,0.01998509,0.01998509,32839,100,0
6085.96409600,6085.96450052,792.80121251,792.78769312,0.03159561,726.53839256,0.01998509,0.01998509,32838,100,0
6086.14944058,6086.14985781,798.99793885,798.98398555,0.01543231,726.76226214,0.01998509,0.01998509,32837,100,0
6086.33508074,6086.33522640,805.19904435,805.19417010,0.03945992,726.98591742,0.01998509,0.01998509,32836,100,0
6086.52159469,6086.52060628,811.40458874,811.43768643,0.06764065,727.21005035,0.01998509,0.01998509,32835,100,0
6086.70632280,6086.70599745,817.61463198,817.62553388,0.04118523,727.43146982,0.01998509,0.01998509,32834,100,0
6086.89161714,6086.89139992,823.82923429,823.83651790,0.05069855,727.65300138,0.01998509,0.01998509,32833,100,0
6087.07660881,6087.07681368,830.04845339,830.04157936,0.04562760,727.87360561,0.01998509,0.01998509,32832,100,0
6087.26139397,6087.26223873,836.27230955,836.24394524,0.05064377,728.09339874,0.01998509,0.01998509,32831,100,0
6087.44781251,6087.44767509,842.50079582,842.50541308,0.05325758,728.31456092,0.01998509,0.01998509,32830,100,0
6087.63261766,6087.63312274,848.73390458,848.71692251,0.05471537,728.53323845,0.01998509,0.01998509,32829,100,0
6087.81820707,6087.81858169,854.97162820,854.95902367,0.02495982,728.75227051,0.01998509,0.01998509,32828,100,0
6088.00338742,6088.00405195,861.21395901,861.19158570,0.02314471,728.97024527,0.01998509,0.01998509,32827,100,0
6088.18984779,6088.18953350,867.46092209,867.47151069,0.06069649,729.18914625,0.01998509,0.01998509,32826,100,0
6088.37505273,6088.37502636,873.71263936,873.71352827,0.06168725,729.40599952,0.01998509,0.01998509,32825,100,0
6088.56112155,6088.56053052,879.96925102,879.98919246,0.03705464,729.62329169,0.01998509,0.01998509,32824,100,0
6088.74680549,6088.74604599,886.23089792,886.25654294,0.04969335,729.83956552,0.01998509,0.01998509,32823,100,0
6088.93284701,6088.93157276,892.49772149,892.54078074,0.06946372,730.05568914,0.01998509,0.01998509,32822,100,0
6089.11718524,6089.11711084,898.76984782,898.77236405,0.05835821,730.26927719,0.01998509,0.01998509,32821,100,0
6089.30280341,6089.30266022,905.04716818,905.05201428,0.02890844,730.48378273,0.01998509,0.01998509,32820,100,0
6089.48762014,6089.48822092,911.32939398,911.30904753,0.04340718,730.69678685,0.01998509,0.01998509,32819,100,0
6089.67286388,6089.67379292,917.61623081,917.58474639,0.05107515,730.90969563,0.01998509,0.01998509,32818,100,0
6089.85969855,6089.85937624,923.90738296,923.91831242,0.06238947,731.12382562,0.01998509,0.01998509,32817,100,0
6090.04404925,6090.04497086,930.20255357,930.17128483,0.03808622,731.33449962,0.01998509,0.01998509,32816,100,0
6090.22985753,6090.23057681,936.50158998,936.47717261,0.05463737,731.54622070,0.01998509,0.01998509,32815,100,0
6090.41650170,6090.41619406,942.80473767,942.81518785,0.05414506,731.75827596,0.01998509,0.01998509,32814,100,0
6090.60239131,6090.60182263,949.11231088,949.13164086,0.04648002,731.96886725,0.01998509,0.01998509,32813,100,0
6090.78694468,6090.78746251,955.42462532,955.40701100,0.04960683,732.17735478,0.01998509,0.01998509,32812,100,0
6090.97229260,6090.97311372,961.74199806,961.71404628,0.02556018,732.38615714,0.01998509,0.01998509,32811,100,0
6091.15831555,6091.15877624,968.06471891,968.04902391,0.03288886,732.59514063,0.01998509,0.01998509,32810,100,0
6091.34408556,6091.34445008,974.39275397,974.38032590,0.06176322,732.80325795,0.01998509,0.01998509,32809,100,0
6091.53044356,6091.53013524,980.72586359,980.73638323,0.05903491,733.01143996,0.01998509,0.01998509,32808,100,0
6091.71524637,6091.71583172,987.06380378,987.04381886,0.02450188,733.21728755,0.01998509,0.01998509,32807,100,0
6091.90235829,6091.90153952,993.40632941,993.43430180,0.07254042,733.42509176,0.01998510,0.01998509,32806,100,0
6092.08669639,6092.08725865,999.75319530,999.73397467,0.05782292,733.62920052,0.01998509,0.01998509,32805,100,0
6092.27323135,6092.27298910,1006.10429040,1006.11257693,0.06023369,733.83511549,0.01998509,0.01998509,32804,100,0
6092.45851974,6092.45873088,1012.45977130,1012.45254462,0.05807386,734.03903438,0.01998509,0.01998509,32803,100,0
6092.64365355,6092.64448398,1018.81982685,1018.79138412,0.04480994,734.24217058,0.01998509,0.01998509,32802,100,0
6092.83014349,6092.83024841,1025.18464676,1025.18105080,0.02901504,734.44618031,0.01998509,0.01998509,32801,100,0
6093.01597852,6093.01602417,1031.55442160,1031.55285591,0.07045369,734.64886462,0.01998509,0.01998509,32800,100,0
6093.20251975,6093.20181126,1037.92931382,1037.95363340,0.05197553,734.85171133,0.01998510,0.01998509,32799,100,0
6093.38767069,6093.38760967,1044.30929419,1044.31139028,0.06056475,735.05244144,0.01998509,0.01998509,32798,100,0
6093.57449571,6093.57341943,1050.69425492,1050.73125227,0.04004694,735.25437064,0.01998510,0.01998509,32797,100,0
6093.75954583,6093.75924051,1057.08408744,1057.09459004,0.03151005,735.45376662,0.01998509,0.01998509,32796,100,0
6093.94473311,6093.94507293,1063.47868271,1063.46698573,0.06273452,735.65269286,0.01998509,0.01998509,32795,100,0
6094.13064540,6094.13091668,1069.87793353,1069.86858958,0.04073250,735.85177162,0.01998509,0.01998509,32794,100,0
6094.31607872,6094.31677176,1076.28180327,1076.25791563,0.03378900,736.04970975,0.01998509,0.01998509,32793,100,0
6094.50237677,6094.50263819,1082.69033677,1082.68132036,0.06192723,736.24793951,0.01998509,0.01998509,32792,100,0
6094.68749964,6094.68851595,1089.10358357,1089.06850657,0.05598030,736.44429186,0.01998509,0.01998509,32791,100,0
6094.87403850,6094.87440505,1095.52159342,1095.50893363,0.06615358,736.64151393,0.01998509,0.01998509,32790,100,0
6095.05948905,6095.06030549,1101.94441633,1101.91619886,0.02914650,736.83695627,0.01998509,0.01998509,32789,100,0
6095.24621645,6095.24621727,1108.37213179,1108.37210339,0.07340448,737.03311134,0.01998509,0.01998509,32788,100,0
6095.43211495,6095.43214040,1114.80491126,1114.80403036,0.04175970,737.22776836,0.01998509,0.01998509,32787,100,0
6095.61747365,6095.61807486,1121.24294485,1121.22211962,0.04492730,737.42124101,0.01998509,0.01998509,32786,100,0
6095.80454311,6095.80402067,1127.68642355,1127.70453462,0.07231759,737.61587647,0.01998509,0.01998509,32785,100,0
6095.99035794,6095.98997783,1134.13553923,1134.14872722,0.02785053,737.80859105,0.01998509,0.01998509,32784,100,0
6096.17667517,6096.17594633,1140.59045128,1140.61575968,0.04980814,738.00121362,0.01998510,0.01998509,32783,100,0
6096.36175127,6096.36192618,1147.05102003,1147.04494165,0.02347389,738.19193923,0.01998509,0.01998509,32782,100,0
6096.54773764,6096.54791738,1153.51694674,1153.51069597,0.05819290,738.38297591,0.01998509,0.01998509,32781,100,0
6096.73259684,6096.73391993,1159.98792984,1159.94188411,0.01993808,738.57222147,0.01998509,0.01998509,32780,100,0
6096.91926513,6096.91993382,1166.46366629,1166.44037940,0.06574052,738.76266779,0.01998509,0.01998509,32779,100,0
6097.10615988,6097.10595907,1172.94385950,1172.95085697,0.02306520,738.95267923,0.01998509,0.01998509,32778,100,0
6097.29227552,6097.29199567,1179.42848281,1179.43824051,0.05559914,739.14123410,0.01998509,0.01998509,32777,100,0
6097.47847547,6097.47804363,1185.91784312,1185.93291111,0.02913473,739.32921829,0.01998510,0.01998509,32776,100,0
6097.66517837,6097.66410293,1192.41226925,1192.44982165,0.05393823,739.51705929,0.01998510,0.01998509,32775,100,0
6097.85046399,6097.85017360,1198.91209158,1198.92223945,0.02862180,739.70283767,0.01998509,0.01998509,32774,100,0
6098.03623430,6098.03625562,1205.41764191,1205.41689617,0.05736242,739.88847288,0.01998509,0.01998509,32773,100,0
6098.22293842,6098.22234900,1211.92912484,1211.94975769,0.03637290,740.07441035,0.01998510,0.01998509,32772,100,0
6098.40765226,6098.40845373,1218.44638879,1218.41831043,0.05952119,740.25773709,0.01998509,0.01998509,32771,100,0
6098.59403394,6098.59456983,1224.96922005,1224.95043150,0.03716404,740.44207747,0.01998509,0.01998509,32770,100,0
6098.78085504,6098.78069729,1231.49740385,1231.50293898,0.05223342,740.62619764,0.01998509,0.01998509,32769,100,0
6098.96664336,6098.96683611,1238.03072438,1238.02395689,0.01988345,740.80864197,0.01998509,0.01998509,32768,100,0
6099.15316225,6099.15298629,1244.56899962,1244.57518230,0.06141018,740.99113689,0.01998509,0.01998509,32767,100,0
6099.34068862,6099.33914784,1251.11226754,1251.16644319,0.04354458,741.17394335,0.01998510,0.01998509,32766,100,0
6099.52534396,6099.52532075,1257.66065254,1257.66146950,0.07731373,741.35329224,0.01998509,0.01998509,32765,100,0
6099.70489764,6099.71150502,0.00000000,1263.98739574,0.04749688,741.52721928,0.01998507,0.01998509,32764,100,1
6099.89879855,6099.89770067,1270.77327508,1270.81196450,0.10395687,741.71402359,0.01998510,0.01998509,32763,100,0
6100.08271002,6100.08390768,1277.33775895,1277.29552056,0.07986074,741.89069314,0.01998509,0.01998509,32762,100,0
6100.26872330,6100.27012606,1283.90776392,1283.85825403,0.06523305,742.06872594,0.01998509,0.01998509,32761,100,0
6100.45825668,6100.45635581,1290.48325369,1290.55039651,0.11096074,742.24944649,0.01998510,0.01998510,32760,100,0
6100.64351270,6100.64259693,1297.06419000,1297.09656155,0.02565138,742.42542108,0.01998510,0.01998510,32759,100,0
nan,nan,0.00000000,-1.00000000,0.00000000,742.61013868,nan,0.00000000,-2147483648,100,1
nan,nan,0.00000000,-1.00000000,0.00000000,742.71676347,nan,0.00000000,-2147483648,100,1
6101.20127099,6101.20138853,1316.83928698,1316.83512264,0.03355034,742.95122244,0.01998509,0.01998510,32756,100,0
6101.38763024,6101.38767515,1323.44160056,1323.44000819,0.05848795,743.12555141,0.01998510,0.01998510,32755,100,0
6101.57428822,6101.57397314,1330.04913698,1330.06031609,0.02136636,743.29947539,0.01998510,0.01998510,32754,100,0
6101.75986313,6101.76028251,1336.66184428,1336.64695365,0.06358804,743.47170803,0.01998509,0.01998510,32753,100,0
6101.94669628,6101.94660326,1343.27967040,1343.28297530,0.06632328,743.64441823,0.01998510,0.01998510,32752,100,0
6102.13268249,6102.13293539,1349.90262528,1349.89363293,0.02978532,743.81565618,0.01998509,0.01998510,32751,100,0
6102.31937937,6102.31927890,1356.53087549,1356.53445048,0.03617518,743.98685929,0.01998510,0.01998510,32750,100,0
6102.50525310,6102.50563379,1363.16461269,1363.15105570,0.03708952,744.15662474,0.01998509,0.01998510,32749,100,0
6102.69051442,6102.69200006,1369.80402945,1369.75108107,0.05978485,744.32515589,0.01998509,0.01998510,32748,100,0
6102.87846687,6102.87837772,1376.44931932,1376.45249939,0.03877394,744.49544953,0.01998510,0.01998510,32747,100,0
6103.06506834,6103.06476676,1383.10062300,1383.11138919,0.03873963,744.66383751,0.01998510,0.01998510,32746,100,0
6103.25121470,6103.25116719,1389.75784794,1389.75954534,0.05160045,744.83113375,0.01998510,0.01998510,32745,100,0
6103.43835182,6103.43757900,1396.42083750,1396.44847169,0.04679364,744.99862878,0.01998510,0.01998510,32744,100,0
6103.62357486,6103.62400220,1403.08943422,1403.07414158,0.01487527,745.16372187,0.01998509,0.01998510,32743,100,0
6103.80999673,6103.81043680,1409.76347985,1409.74772057,0.06735149,745.32918583,0.01998509,0.01998510,32742,100,0
6103.99756944,6103.99688278,1416.44283121,1416.46743979,0.04700285,745.49495938,0.01998510,0.01998510,32741,100,0
6104.17578379,nan,0.00000000,1422.86003336,0.21927312,745.65188570,0.01998507,0.01998510,32740,100,1
6104.36952102,6104.36980891,1429.81738237,1429.80704987,0.05885179,745.82156295,0.01998510,0.01998510,32739,100,0
6104.55630578,6104.55628907,1436.51262285,1436.51322318,0.05468918,745.98450890,0.01998510,0.01998510,32738,100,0
6104.74332274,6104.74278062,1443.21320067,1443.23268617,0.06644809,746.14694146,0.01998510,0.01998510,32737,100,0
6104.92986903,6104.92928356,1449.91915108,1449.94021021,0.02610474,746.30825053,0.01998510,0.01998510,32736,100,0
6105.11589071,6105.11579791,1456.63067855,1456.63401933,0.04390370,746.46839821,0.01998510,0.01998510,32735,100,0
6105.30246889,6105.30232365,1463.34809742,1463.35333040,0.05395550,746.62832059,0.01998510,0.01998510,32734,100,0
6105.48855255,6105.48886078,1470.07172538,1470.06061042,0.02862252,746.78712186,0.01998509,0.01998510,32733,100,0
6105.67450043,6105.67540932,1476.80188175,1476.76907603,0.05807612,746.94511700,0.01998509,0.01998510,32732,100,0
6105.86176742,6105.86196926,1483.53886492,1483.53157259,0.05832986,747.10354029,0.01998510,0.01998510,32731,100,0
6106.04851118,6106.04854060,1490.28255804,1490.28149418,0.04338995,747.26082362,0.01998510,0.01998510,32730,100,0
6106.23560936,6106.23512334,1497.03247675,1497.05006655,0.02423447,747.41769349,0.01998510,0.01998510,32729,100,0
6106.42164659,6106.42171748,1503.78812164,1503.78555408,0.05434108,747.57295359,0.01998510,0.01998510,32728,100,0
6106.60870459,6106.60832303,1510.54899071,1510.56281952,0.04988023,747.72832798,0.01998510,0.01998510,32727,100,0
6106.79560511,6106.79493999,1517.31459419,1517.33871504,0.06788967,747.88281989,0.01998510,0.01998510,32726,100,0
6106.98213862,6106.98156835,1524.08487083,1524.10556516,0.01810264,748.03625628,0.01998510,0.01998510,32725,100,0
6107.16838666,6107.16820812,1530.86024726,1530.86673110,0.07166400,748.18871619,0.01998510,0.01998510,32724,100,0
6107.35506328,6107.35485930,1537.64117857,1537.64859219,0.04703937,748.34079163,0.01998510,0.01998510,32723,100,0
6107.54079290,6107.54152189,1544.42812224,1544.40160543,0.03992093,748.49137323,0.01998509,0.01998510,32722,100,0
6107.72878278,6107.72819588,1551.22153168,1551.24289961,0.06586846,748.64306157,0.01998510,0.01998510,32721,100,0
6107.91538760,6107.91488130,1558.02157941,1558.04002988,0.03342406,748.79291172,0.01998510,0.01998510,32720,100,0
6108.10101273,6108.10157812,1564.82804901,1564.80742777,0.05239583,748.94125582,0.01998510,0.01998510,32719,100,0
6108.28804410,6108.28828636,1571.64069461,1571.63185152,0.05423392,749.08999052,0.01998510,0.01998510,32718,100,0
6108.47414327,6108.47500601,1578.45926902,1578.42775149,0.04931802,749.23724595,0.01998509,0.01998510,32717,100,0
6108.66217387,6108.66173708,1585.28352622,1585.29949521,0.04593709,749.38527462,0.01998510,0.01998510,32716,100,0
6108.84878864,6108.84847956,1592.11337614,1592.12468449,0.07397368,749.53143433,0.01998510,0.01998510,32715,100,0
6109.03545260,6109.03523347,1598.94897649,1598.95700021,0.02844389,749.67688216,0.01998510,0.01998510,32714,100,0
6109.22179246,6109.22199879,1605.79050772,1605.78294621,0.05635335,749.82133069,0.01998510,0.01998510,32713,100,0
6109.40879542,6109.40877554,1612.63815117,1612.63888051,0.05267946,749.96554485,0.01998510,0.01998510,32712,100,0
6109.59523402,6109.59556370,1619.49208791,1619.47998534,0.05732306,750.10857904,0.01998510,0.01998510,32711,100,0
6109.78281509,6109.78236329,1626.35239949,1626.36899937,0.05329261,750.25173873,0.01998510,0.01998510,32710,100,0
6109.96940097,6109.96917430,1633.21899619,1633.22733161,0.05908426,750.39338745,0.01998510,0.01998510,32709,100,0
6110.15545406,6110.15599673,1640.09177103,1640.07179894,0.04928281,750.53388107,0.01998510,0.01998510,32708,100,0
6110.34244998,6110.34283059,1646.97061638,1646.95659733,0.05901296,750.67432702,0.01998510,0.01998510,32707,100,0
6110.52965819,6110.52967588,1653.85542515,1653.85477307,0.06564964,750.81416521,0.01998510,0.01998510,32706,100,0
6110.71657522,6110.71653260,1660.74618027,1660.74775279,0.05912211,750.95301760,0.01998510,0.01998510,32705,100,0
6110.90335651,6110.90340074,1667.64302254,1667.64138950,0.05290693,751.09100297,0.01998510,0.01998510,32704,100,0
6111.09005555,6111.09028031,1674.54610936,1674.53780339,0.03527244,751.22816314,0.01998510,0.01998510,32703,100,0
6111.27720837,6111.27717132,1681.45559896,1681.45696943,0.04606038,751.36489051,0.01998510,0.01998510,32702,100,0
6111.46496737,6111.46407375,1688.37164890,1688.40473089,0.03707662,751.50129069,0.01998510,0.01998510,32701,100,0
6111.65068316,6111.65098762,1695.29430417,1695.28302295,0.04348657,751.63544633,0.01998510,0.01998510,32700,100,0
6111.83870981,6111.83791293,1702.22342028,1702.25297273,0.04956132,751.77049584,0.01998510,0.01998510,32699,100,0
6112.02561558,6112.02484966,1709.15883385,1709.18726145,0.05248890,751.90396154,0.01998510,0.01998510,32698,100,0
6112.21252781,6112.21179784,1716.10038062,1716.12749610,0.06347327,752.03665002,0.01998510,0.01998510,32697,100,0
6112.39936671,6112.39875745,1723.04789760,1723.07054695,0.06533303,752.16849976,0.01998510,0.01998510,32696,100,0
6112.58567859,6112.58572850,1730.00134471,1729.99948794,0.06839207,752.29919154,0.01998510,0.01998510,32695,100,0
6112.77323278,6112.77271099,1736.96086920,1736.98029846,0.02358054,752.42996259,0.01998510,0.01998510,32694,100,0
6112.95869361,6112.95970492,1743.92663470,1743.88894639,0.07037686,752.55849335,0.01998510,0.01998510,32693,100,0
6113.14653373,6113.14671029,1750.89880571,1750.89222020,0.06168113,752.68788249,0.01998510,0.01998510,32692,100,0
6113.33387975,6113.33372710,1757.87754538,1757.88324431,0.06200808,752.81613951,0.01998510,0.01998510,32691,100,0
6113.52045037,6113.52075535,1764.86293116,1764.85153519,0.05885468,752.94307889,0.01998510,0.01998510,32690,100,0
6113.70764222,6113.70779505,1771.85492897,1771.84921328,0.05945649,753.06964884,0.01998510,0.01998510,32689,100,0
6113.89438755,6113.89484620,1778.85349707,1778.83632916,0.06234717,753.19512314,0.01998510,0.01998510,32688,100,0
6114.08168986,6114.08190879,1785.85859348,1785.85039153,0.05554176,753.32017221,0.01998510,0.01998510,32687,100,0
6114.26912589,6114.26898283,1792.87017613,1792.87554049,0.05498446,753.44450593,0.01998510,0.01998510,32686,100,0
6114.45570022,6114.45606832,1799.88820656,1799.87439254,0.06011412,753.56746564,0.01998510,0.01998510,32685,100,0
6114.64315421,6114.64316526,1806.91265015,1806.91223541,0.05404658,753.69019592,0.01998510,0.01998510,32684,100,0
6114.82988762,6114.83027365,1813.94347223,1813.92896073,0.06279447,753.81164509,0.01998510,0.01998510,32683,100,0
6115.01695489,6115.01739349,1820.98063792,1820.96413630,0.06077498,753.93249857,0.01998510,0.01998510,32682,100,0
6115.20466373,6115.20452478,1828.02411685,1828.02934903,0.07513738,754.05294594,0.01998510,0.01998510,32681,100,0
6115.39075506,6115.39166753,1835.07395228,1835.03956439,0.01640241,754.17154245,0.01998510,0.01998510,32680,100,0
6115.57896948,6115.57882173,1842.13024637,1842.13581956,0.06799099,754.29066806,0.01998510,0.01998510,32679,100,0
6115.76602302,6115.76598739,1849.19310347,1849.19444867,0.05129057,754.40823731,0.01998510,0.01998510,32678,100,0
6115.95281735,6115.95316450,1856.26262848,1856.24951092,0.04553446,754.52482562,0.01998510,0.01998510,32677,100,0
6116.14070483,6116.14035308,1863.33892736,1863.35223076,0.04697032,754.64127086,0.01998510,0.01998510,32676,100,0
6116.32766105,6116.32755311,1870.42211121,1870.42619730,0.04032038,754.75631663,0.01998510,0.01998510,32675,100,0
6116.51463464,6116.51476460,1877.51229436,1877.50737006,0.04378074,754.87055200,0.01998510,0.01998510,32674,100,0
6116.70215689,6116.70198756,1884.60959177,1884.61601396,0.04520818,754.98429711,0.01998510,0.01998510,32673,100,0
6116.88954886,6116.88922197,1891.71411905,1891.72652861,0.04319514,755.09713657,0.01998510,0.01998510,32672,100,0
6117.07616763,6117.07646785,1898.82594714,1898.81453880,0.04971742,755.20868764,0.01998510,0.01998510,32671,100,0
6117.26418019,6117.26372520,1905.94487275,1905.96217810,0.06370327,755.32023564,0.01998510,0.01998510,32670,100,0
6117.45145495,6117.45099401,1913.07058859,1913.08813557,0.05661975,755.43050414,0.01998510,0.01998510,32669,100,0
6117.63842092,6117.63827428,1920.20278537,1920.20837202,0.04422014,755.53974556,0.01998510,0.01998510,32668,100,0
6117.82560797,6117.82556603,1927.34115202,1927.34275132,0.04724810,755.64826303,0.01998510,0.01998510,32667,100,0
6118.01337655,6118.01286924,1934.48550980,1934.50486813,0.04279862,755.75625506,0.01998510,0.01998510,32666,100,0
6118.19967049,6118.20018392,1941.63616339,1941.61655489,0.03472261,755.86254753,0.01998510,0.01998510,32665,100,0
6118.38646777,6118.38751007,1948.79352852,1948.75368591,0.04425922,755.96827945,0.01998510,0.01998510,32664,100,0
6118.57523884,6118.57484770,1955.95802333,1955.97298944,0.05925653,756.07426987,0.01998510,0.01998510,32663,100,0
6118.76286427,6118.76219680,1963.13006675,1963.15563198,0.04912641,756.17876509,0.01998510,0.01998510,32662,100,0
6118.95011596,6118.94955737,1970.30983445,1970.33125062,0.03659323,756.28220502,0.01998510,0.01998510,32661,100,0
6119.13701753,6119.13692942,1977.49699517,1977.50037661,0.03652554,756.38460005,0.01998510,0.01998510,32660,100,0
6119.32401215,6119.32431294,1984.69115280,1984.67959977,0.03862057,756.48618642,0.01998510,0.01998510,32659,100,0
6119.51205028,6119.51170794,1991.89190890,1991.90506910,0.06092594,756.58746443,0.01998510,0.01998510,32658,100,0
6119.69973529,6119.69911442,1999.09887162,1999.12275747,0.05463768,756.68766913,0.01998510,0.01998510,32657,100,0
6119.88668681,6119.88653237,2006.31192076,2006.31786691,0.02971755,756.78660117,0.01998510,0.01998510,32656,100,0
6120.07402611,6120.07396181,2013.53125347,2013.53373125,0.03407841,756.88485679,0.01998510,0.01998510,32655,100,0
6120.26088623,6120.26140273,2020.75708587,2020.73716641,0.04288768,756.98198249,0.01998510,0.01998510,32654,100,0
6120.44856858,6120.44885513,2027.98963534,2027.97857431,0.06445539,757.07865277,0.01998510,0.01998510,32653,100,0
6120.63691146,6120.63631902,2035.22912169,2035.25201101,0.04696997,757.17477423,0.01998510,0.01998510,32652,100,0
6120.82380064,6120.82379439,2042.47577890,2042.47602077,0.03475298,757.26927394,0.01998510,0.01998510,32651,100,0
6121.01169777,6121.01128124,2049.72985034,2049.74597408,0.03911285,757.36340019,0.01998510,0.01998510,32650,100,0
6121.19835398,6121.19877958,2056.99158093,2056.97508929,0.06298696,757.45602840,0.01998510,0.01998510,32649,100,0
6121.38674816,6121.38628941,2064.26121701,2064.27901179,0.03330312,757.54863354,0.01998510,0.01998510,32648,100,0
6121.57412919,6121.57381073,2071.53894612,2071.55131227,0.02943694,757.63985752,0.01998510,0.01998510,32647,100,0
6121.76154159,6121.76134354,2078.82466877,2078.83236695,0.06817449,757.73021148,0.01998510,0.01998510,32646,100,0
6121.94951256,6121.94888784,2086.11819881,2086.14250608,0.04831428,757.81994009,0.01998510,0.01998510,32645,100,0
6122.13701181,6122.13644363,2093.41934895,2093.44147795,0.04247411,757.90854566,0.01998510,0.01998510,32644,100,0
6122.32354903,6122.32401091,2100.72793104,2100.70992543,0.04745188,757.99580169,0.01998510,0.01998510,32643,100,0
6122.51151086,6122.51158969,2108.04380540,2108.04072977,0.05704843,758.08281676,0.01998510,0.01998510,32642,100,0
6122.69940792,6122.69917996,2115.36693541,2115.37583869,0.03218901,758.16888832,0.01998510,0.01998510,32641,100,0
6122.88721439,6122.88678173,2122.69729721,2122.71421099,0.04095555,758.25400264,0.01998510,0.01998510,32640,100,0
6123.07446638,6123.07439499,2130.03486682,2130.03766006,0.06375514,758.33795118,0.01998510,0.01998510,32639,100,0
6123.26210280,6123.26201976,2137.37962526,2137.38287749,0.03549261,758.42115317,0.01998510,0.01998510,32638,100,0
6123.44928806,6123.44965602,2144.73165894,2144.71723475,0.03911617,758.50323683,0.01998510,0.01998510,32637,100,0
6123.63722730,6123.63730378,2152.09115306,2152.08815205,0.05508445,758.58472765,0.01998510,0.01998510,32636,100,0
6123.82504312,6123.82496305,2159.45829767,2159.46144264,0.03161300,758.66523975,0.01998510,0.01998510,32635,100,0
6124.01267777,6124.01263382,2166.83328394,2166.83501223,0.05985256,758.74474976,0.01998510,0.01998510,32634,100,0
6124.20046675,6124.20031609,2174.21627323,2174.22220313,0.05147738,758.82339873,0.01998510,0.01998510,32633,100,0
6124.38785450,6124.38800986,2181.60723493,2181.60111418,0.02558919,758.90095242,0.01998510,0.01998510,32632,100,0
6124.57577035,6124.57571514,2189.00606402,2189.00824110,0.05388277,758.97779035,0.01998510,0.01998510,32631,100,0
6124.76398541,6124.76343193,2196.41265464,2196.43450353,0.02711993,759.05380862,0.01998510,0.01998510,32630,100,0
6124.95107028,6124.95116023,2203.82690022,2203.82334594,0.06460070,759.12843211,0.01998510,0.01998510,32629,100,0
6125.13858155,6125.13890003,2211.24868855,2211.23609235,0.03587153,759.20228295,0.01998510,0.01998510,32628,100,0
6125.32617469,6125.32665135,2218.67789564,2218.65902604,0.02755644,759.27521752,0.01998510,0.01998510,32627,100,0
6125.51444682,6125.51441417,2226.11439525,2226.11568893,0.04792867,759.34745810,0.01998510,0.01998510,32626,100,0
6125.70209126,6125.70218851,2233.55806031,2233.55420333,0.02445636,759.41849892,0.01998510,0.01998510,32625,100,0
6125.88952978,6125.88997436,2241.00877604,2240.99112868,0.05075260,759.48850224,0.01998510,0.01998510,32624,100,0
6126.07791279,6126.07777173,2248.46664440,2248.47224896,0.03027239,759.55789023,0.01998510,0.01998510,32623,100,0
6126.26566297,6126.26558061,2255.93194719,2255.93522256,0.05382976,759.62607932,0.01998510,0.01998510,32622,100,0
6126.45388356,6126.45340100,2263.40497332,2263.42418306,0.03207316,759.69347116,0.01998511,0.01998510,32621,100,0
6126.64183978,6126.64123291,2270.88601345,2270.91019636,0.05633903,759.75980063,0.01998511,0.01998510,32620,100,0
6126.82886700,6126.82907635,2278.37530830,2278.36695746,0.03928925,759.82484135,0.01998510,0.01998510,32619,100,0
6127.01690743,6127.01693130,2285.87287182,2285.87191889,0.05489468,759.88926500,0.01998510,0.01998510,32618,100,0
6127.20426259,6127.20479777,2293.37865506,2293.35726199,0.03300138,759.95248351,0.01998510,0.01998510,32617,100,0
6127.39264929,6127.39267576,2300.89260876,2300.89154955,0.05151647,760.01506986,0.01998510,0.01998510,32616,100,0
6127.58024323,6127.58056528,2308.41468225,2308.40178254,0.02620840,760.07641251,0.01998510,0.01998510,32615,100,0
6127.76889344,6127.76846632,2315.94477927,2315.96190471,0.04941244,760.13711006,0.01998511,0.01998510,32614,100,0
6127.95578513,6127.95637888,2323.48274143,2323.45891185,0.04009553,760.19625802,0.01998510,0.01998510,32613,100,0
6128.14446164,6128.14430297,2331.02840490,2331.03477871,0.04840444,760.25497325,0.01998510,0.01998510,32612,100,0
6128.33173587,6128.33223859,2338.58160479,2338.56139117,0.02569586,760.31225666,0.01998510,0.01998510,32611,100,0
6128.52055064,6128.52018574,2346.14222950,2346.15691563,0.06001753,760.36900352,0.01998511,0.01998510,32610,100,0
6128.70825932,6128.70814441,2353.71054282,2353.71517207,0.06082194,760.42441393,0.01998510,0.01998510,32609,100,0
6128.89723217,6128.89611461,2361.28696922,2361.33203798,0.03639381,760.47918633,0.01998511,0.01998510,32608,100,0
6129.08417294,6129.08409635,2368.87193643,2368.87502868,0.05984852,760.53237126,0.01998510,0.01998510,32607,100,0
6129.27216086,6129.27208962,2376.46587213,2376.46875187,0.02224570,760.58485221,0.01998510,0.01998510,32606,100,0
6129.46053890,6129.46009442,2384.06895301,2384.08693839,0.05016378,760.63643185,0.01998511,0.01998510,32605,100,0
6129.64814416,6129.64811075,2391.68090384,2391.68225727,0.04314840,760.68678943,0.01998510,0.01998510,32604,100,0
6129.83510859,6129.83613862,2399.30140063,2399.25963349,0.05631501,760.73596622,0.01998510,0.01998510,32603,100,0
6130.01684326,6130.02417803,0.00000000,2406.63771088,0.07326371,760.78283050,0.01998508,0.01998510,32602,100,1
6130.21245373,6130.21222897,2414.56675801,2414.57588963,0.03550647,760.83212958,0.01998511,0.01998510,32601,100,0
6130.40001656,6130.40029145,2422.21129610,2422.20011652,0.04884507,760.87838316,0.01998510,0.01998510,32600,100,0
6130.58880448,6130.58836548,2429.86383930,2429.88171099,0.04819372,760.92389901,0.01998511,0.01998511,32599,100,0
6130.77631133,6130.77645104,2437.52449700,2437.51880364,0.02921864,760.96807082,0.01998510,0.01998511,32598,100,0
6130.96454849,6130.96454814,2445.19337996,2445.19339398,0.05310089,761.01137439,0.01998510,0.01998511,32597,100,0
6131.15249533,6131.15265679,2452.87066735,2452.86407401,0.04829861,761.05356898,0.01998510,0.01998511,32596,100,0
6131.34114438,6131.34077698,2460.55666491,2460.57168403,0.02942724,761.09487223,0.01998511,0.01998511,32595,100,0
6131.52891781,6131.52890872,2468.25169401,2468.25206625,0.05329099,761.13493832,0.01998511,0.01998511,32594,100,0
6131.71718172,6131.71705200,2475.95607810,2475.96139321,0.04507577,761.17405993,0.01998511,0.01998511,32593,100,0
6131.90509535,6131.90520683,2483.67007020,2483.66549700,0.05643603,761.21205865,0.01998511,0.01998511,32592,100,0
6132.09328770,6132.09337321,2491.39337802,2491.38986638,0.03425811,761.24905702,0.01998511,0.01998511,32591,100,0
6132.28136715,6132.28155114,2499.12545789,2499.11789412,0.03734814,761.28497040,0.01998511,0.01998511,32590,100,0
6132.47036139,6132.46974061,2506.86576116,2506.89130630,0.04237080,761.31998222,0.01998511,0.01998511,32589,100,0
6132.65800832,6132.65794164,2514.61374217,2514.61648855,0.06656350,761.35367148,0.01998511,0.01998511,32588,100,0
6132.84674740,6132.84615422,2522.36922742,2522.39368153,0.03445953,761.38647454,0.01998511,0.01998511,32587,100,0
6133.03341400,6133.03437836,2530.13261070,2530.09281579,0.04373456,761.41784840,0.01998510,0.01998511,32586,100,0
6133.22304778,6133.22261404,2537.90433571,2537.92225273,0.05880680,761.44863092,0.01998511,0.01998511,32585,100,0
6133.41052004,6133.41086129,2545.68484915,2545.67073712,0.06068128,761.47798094,0.01998511,0.01998511,32584,100,0
6133.59954377,6133.59912009,2553.47452383,2553.49206448,0.03498438,761.50648280,0.01998511,0.01998511,32583,100,0
6133.78734851,6133.78739045,2561.27333610,2561.27159802,0.05576379,761.53371210,0.01998511,0.01998511,32582,100,0
6133.97554467,6133.97567236,2569.08113304,2569.07583490,0.04615485,761.55990530,0.01998511,0.01998511,32581,100,0
6134.16406538,6134.16396584,2576.89776057,2576.90189506,0.04029755,761.58504271,0.01998511,0.01998511,32580,100,0
6134.35172167,6134.35227088,2584.72306968,2584.70023448,0.05902667,761.60896651,0.01998510,0.01998511,32579,100,0
6134.54027504,6134.54058748,2592.55704784,2592.54404361,0.06082748,761.63189741,0.01998511,0.01998511,32578,100,0
6134.72854838,6134.72891564,2600.39981764,2600.38451518,0.02934173,761.65368364,0.01998510,0.01998511,32577,100,0
6134.91677305,6134.91725537,2608.25150819,2608.23139005,0.04077387,761.67435162,0.01998510,0.01998511,32576,100,0
6135.10640906,6135.10560666,2616.11224946,2616.14575552,0.05195795,761.69404620,0.01998511,0.01998511,32575,100,0
6135.29393934,6135.29396952,2623.98217590,2623.98091441,0.04448523,761.71240489,0.01998511,0.01998511,32574,100,0
6135.48258080,6135.48234395,2631.86143295,2631.87134539,0.04269201,761.72974807,0.01998511,0.01998511,32573,100,0
6135.67107022,6135.67072994,2639.75016878,2639.76442638,0.04764219,761.74594746,0.01998511,0.01998511,32572,100,0
6135.85897869,6135.85912751,2647.64853255,2647.64229008,0.06649567,761.76096918,0.01998511,0.01998511,32571,100,0
6136.04796631,6136.04753664,2655.55665433,2655.57469953,0.05539074,761.77493769,0.01998511,0.01998511,32570,100,0
6136.23604110,6136.23595735,2663.47449539,2663.47801692,0.06033309,761.78770015,0.01998511,0.01998511,32569,100,0
6136.42491124,6136.42438962,2671.40193148,2671.42388847,0.03455288,761.79936936,0.01998511,0.01998511,32568,100,0
6136.61301587,6136.61283348,2679.33883675,2679.34652327,0.05999460,761.80984449,0.01998511,0.01998511,32567,100,0
6136.80152131,6136.80128890,2687.28508798,2687.29489270,0.05621444,761.81918976,0.01998511,0.01998511,32566,100,0
6136.98922913,6136.98975591,2695.24068346,2695.21843467,0.04594135,761.82734556,0.01998510,0.01998511,32565,100,0
6137.17841124,6137.17823449,2703.20577304,2703.21324712,0.04370789,761.83440062,0.01998511,0.01998511,32564,100,0
6137.36634774,6137.36672464,2711.18051695,2711.16456144,0.05493020,761.84024757,0.01998511,0.01998511,32563,100,0
6137.55551250,6137.55522638,2719.16507648,2719.17720314,0.04440215,761.84495959,0.01998511,0.01998511,32562,100,0
6137.74389472,6137.74373970,2727.15951752,2727.16609555,0.05041841,761.84847837,0.01998511,0.01998511,32561,100,0
6137.93265627,6137.93226459,2735.16361990,2735.18025835,0.04269669,761.85082521,0.01998511,0.01998511,32560,100,0
6138.12118593,6138.12080108,2743.17710886,2743.19347537,0.04116318,761.85198707,0.01998511,0.01998511,32559,100,0
6138.30944666,6138.30934914,2751.19970761,2751.20385918,0.04808113,761.85196454,0.01998511,0.01998511,32558,100,0
6138.49780135,6138.49790879,2759.23119561,2759.22661700,0.04613791,761.85075551,0.01998511,0.01998511,32557,100,0
6138.68642240,6138.68648002,2767.27177593,2767.26931769,0.05047258,761.84835169,0.01998511,0.01998511,32556,100,0
6138.87456936,6138.87506284,2775.32184156,2775.30076400,0.04770239,761.84476050,0.01998511,0.01998511,32555,100,0
6139.06349366,6139.06365725,2783.38178916,2783.37479392,0.04805989,761.83995092,0.01998511,0.01998511,32554,100,0
6139.25167711,6139.25226324,2791.45200590,2791.42691035,0.05681827,761.83395682,0.01998511,0.01998511,32553,100,0
6139.44079715,6139.44088083,2799.53263427,2799.52904703,0.05811930,761.82671838,0.01998511,0.01998511,32552,100,0
6139.62984049,6139.62951001,2807.62358877,2807.63777291,0.05496455,761.81826178,0.01998511,0.01998511,32551,100,0
6139.81774265,6139.81815078,2815.72477464,2815.70723738,0.04936630,761.80864218,0.01998511,0.01998511,32550,100,0
6140.00748765,6140.00680314,2823.83609664,2823.86554532,0.04521079,761.79769578,0.01998511,0.01998511,32549,100,0
6140.19551433,6140.19546709,2831.95748654,2831.95952111,0.03366405,761.78562264,0.01998511,0.01998511,32548,100,0
6140.38405259,6140.38414264,2840.08892545,2840.08504198,0.04390607,761.77228715,0.01998511,0.01998511,32547,100,0
6140.57309275,6140.57282979,2848.23039951,2848.24175243,0.04141196,761.75767583,0.01998511,0.01998511,32546,100,0
6140.76185110,6140.76152853,2856.38189472,2856.39583718,0.05981365,761.74184284,0.01998511,0.01998511,32545,100,0
6140.95080374,6140.95023888,2864.54337522,2864.56781893,0.05100950,761.72474493,0.01998511,0.01998511,32544,100,0
6141.13918225,6141.13896082,2872.71472966,2872.72432264,0.05005450,761.70645141,0.01998511,0.01998511,32543,100,0
6141.32825872,6141.32769436,2880.89582956,2880.92030664,0.03502969,761.68683362,0.01998511,0.01998511,32542,100,0
6141.51697351,6141.51643951,2889.08654539,2889.10973146,0.03821479,761.66599437,0.01998511,0.01998511,32541,100,0
6141.70457890,6141.70519625,2897.28679927,2897.25996422,0.06045065,761.64402706,0.01998511,0.01998511,32540,100,0
6141.89451775,6141.89396460,2905.49685523,2905.52092735,0.06141819,761.62051142,0.01998511,0.01998511,32539,100,0
6142.08240831,6142.08274456,2913.71711626,2913.70246604,0.03681786,761.59598168,0.01998511,0.01998511,32538,100,0
6142.27109838,6142.27153612,2921.94798874,2921.92889244,0.03585204,761.57007302,0.01998511,0.01998511,32537,100,0
6142.46019307,6142.46033928,2930.18984935,2930.18346236,0.04845213,761.54282161,0.01998511,0.01998511,32536,100,0
6142.64946655,6142.64915406,2938.44267993,2938.45634687,0.05407074,761.51424933,0.01998511,0.01998511,32535,100,0
6142.83813800,6142.83798044,2946.70619707,2946.71309630,0.05162403,761.48447470,0.01998511,0.01998511,32534,100,0
6143.02676663,6143.02681844,2954.98011036,2954.97783912,0.03943073,761.45341260,0.01998511,0.01998511,32533,100,0
6143.21505116,6143.21566804,2963.26413989,2963.23706420,0.04241124,761.42111328,0.01998511,0.01998511,32532,100,0
6143.40447272,6143.40452926,2971.55831104,2971.55582651,0.06192699,761.38731000,0.01998511,0.01998511,32531,100,0
6143.59371379,6143.59340209,2979.86296429,2979.87667806,0.03941790,761.35222209,0.01998511,0.01998511,32530,100,0
6143.78191800,6143.78228654,2988.17845694,2988.16222196,0.03398545,761.31601492,0.01998511,0.01998511,32529,100,0
6143.97075011,6143.97118260,2996.50514559,2996.48606892,0.04880399,761.27836616,0.01998511,0.01998511,32528,100,0
6144.16029542,6144.16009028,3004.84320651,3004.85226699,0.04503460,761.23923897,0.01998511,0.01998511,32527,100,0
6144.34886971,6144.34900957,3013.19254536,3013.18636029,0.04946914,761.19897924,0.01998511,0.01998511,32526,100,0
6144.53793725,6144.53794049,3021.55304500,3021.55290165,0.05394337,761.15727509,0.01998511,0.01998511,32525,100,0
6144.72690738,6144.72688302,3029.92458789,3029.92566775,0.03724904,761.11424833,0.01998511,0.01998511,32524,100,0
6144.91598472,6144.91583717,3038.30714955,3038.31369934,0.05736802,761.06984757,0.01998511,0.01998511,32523,100,0
6145.10457689,6145.10480295,3046.70089813,3046.69085008,0.03523000,761.02421023,0.01998511,0.01998511,32522,100,0
6145.29394783,6145.29378035,3055.10602674,3055.11348051,0.02511933,760.97702127,0.01998511,0.01998511,32521,100,0
6145.48238926,6145.48276937,3063.52272968,3063.50578992,0.05315942,760.92870189,0.01998511,0.01998511,32520,100,0
6145.67172180,6145.67177002,3071.95103474,3071.94888305,0.03546020,760.87878040,0.01998511,0.01998511,32519,100,0
6145.86125700,6145.86078229,3080.39051587,3080.41172483,0.04698814,760.82742389,0.01998511,0.01998511,32518,100,0
6146.05046812,6146.04980620,3088.84066760,3088.87027545,0.04156679,760.77477469,0.01998511,0.01998511,32517,100,0
6146.23959318,6146.23884173,3097.30098040,3097.33463051,0.05362957,760.72076962,0.01998511,0.01998511,32516,100,0
6146.42788211,6146.42788888,3105.77118503,3105.77088130,0.03559953,760.66563029,0.01998511,0.01998511,32515,100,0
6146.61727419,6146.61694767,3114.25183385,3114.26648958,0.05077400,760.60877776,0.01998511,0.01998511,32514,100,0
6146.80607689,6146.80601810,3122.74365698,3122.74629921,0.04028442,760.55070483,0.01998511,0.01998511,32513,100,0
6146.99548471,6146.99510015,3131.24739039,3131.26469753,0.04638051,760.49103372,0.01998511,0.01998511,32512,100,0
6147.18420794,6147.18419384,3139.76358719,3139.76422290,0.03781943,760.43016233,0.01998511,0.01998511,32511,100,0
6147.37370662,6147.37329916,3148.29205921,3148.31044754,0.05691387,760.36761456,0.01998511,0.01998511,32510,100,0
6147.56186230,6147.56241612,3156.83243246,3156.80740635,0.03433896,760.30409339,0.01998511,0.01998511,32509,100,0
6147.75242095,6147.75154471,3165.38432983,3165.42397599,0.04787295,760.23831974,0.01998511,0.01998511,32508,100,0
6147.94116766,6147.94068495,3173.94747478,3173.96934293,0.03717811,760.17173877,0.01998511,0.01998511,32507,100,0
6148.13027667,6148.12983682,3182.52203862,3182.54199083,0.04845608,760.10359359,0.01998511,0.01998511,32506,100,0
6148.31907743,6148.31900033,3191.10831609,3191.11181798,0.06435163,760.03411775,0.01998511,0.01998511,32505,100,0
6148.50853367,6148.50817549,3199.70660428,3199.72289529,0.04142799,759.96294487,0.01998511,0.01998511,32504,100,0
6148.69758585,6148.69736228,3208.31712328,3208.32730565,0.05110107,759.89046283,0.01998511,0.01998511,32503,100,0
6148.88658061,6148.88656072,3216.93974078,3216.94064794,0.02528829,759.81653972,0.01998511,0.01998511,32502,100,0
6149.07611714,6149.07577080,3225.57422459,3225.59003980,0.04912782,759.74093214,0.01998511,0.01998511,32501,100,0
6149.26476195,6149.26499253,3234.22034049,3234.20979792,0.06107666,759.66421276,0.01998511,0.01998511,32500,100,0
6149.45422887,6149.45422591,3242.87793920,3242.87807467,0.03232046,759.58568152,0.01998511,0.01998511,32499,100,0
6149.64306189,6149.64347093,3251.54724344,3251.52849295,0.05176118,759.50593248,0.01998511,0.01998511,32498,100,0
6149.83274168,6149.83272761,3260.22857787,3260.22922400,0.04847009,759.42432942,0.01998511,0.01998511,32497,100,0
6150.02225436,6150.02199593,3268.92226978,3268.93414849,0.06066880,759.34129187,0.01998511,0.01998511,32496,100,0
6150.21152658,6150.21127590,3277.62858220,3277.64012071,0.04258225,759.25684859,0.01998511,0.01998511,32495,100,0
6150.40187579,6150.40056753,3286.34752136,3286.40782298,0.04338487,759.17039593,0.01998512,0.01998511,32494,100,0
6150.59071676,6150.58987080,3295.07903095,3295.11807697,0.06755522,759.08310801,0.01998511,0.01998511,32493,100,0
6150.77991288,6150.77918574,3303.82305408,3303.85666226,0.03029058,758.99413229,0.01998511,0.01998511,32492,100,0
6150.96919345,6150.96851232,3312.57953833,3312.61106236,0.04980621,758.90358560,0.01998511,0.01998511,32491,100,0
6151.15823078,6151.15785057,3321.34844723,3321.36606821,0.03787293,758.81162132,0.01998511,0.01998511,32490,100,0
6151.34741282,6151.34720047,3330.12974724,3330.13960174,0.04220239,758.71804660,0.01998511,0.01998511,32489,100,0
6151.53713970,6151.53656203,3338.92340467,3338.95024878,0.03278575,758.62264977,0.01998511,0.01998511,32488,100,0
6151.72622636,6151.72593525,3347.72948406,3347.74303018,0.03549909,758.52602147,0.01998511,0.01998511,32487,100,0
6151.91490390,6151.91532013,3356.54830601,3356.52891048,0.04233977,758.42804726,0.01998511,0.01998511,32486,100,0
6152.10465916,6152.10471667,3365.38023464,3365.37755101,0.03804374,758.32793678,0.01998511,0.01998511,32485,100,0
6152.29533414,6152.29412487,3374.22563549,3374.28215070,0.04846383,758.22573801,0.01998512,0.01998511,32484,100,0
6152.48453299,6152.48354474,3383.08466860,3383.13092200,0.05396395,758.12273395,0.01998512,0.01998511,32483,100,0
6152.67313829,6152.67297628,3391.95708807,3391.96468154,0.01837302,758.01846687,0.01998511,0.01998511,32482,100,0
6152.86219474,6152.86241947,3400.84259869,3400.83205056,0.04666283,757.91235835,0.01998511,0.01998511,32481,100,0
6153.05197123,6153.05187434,3409.74090644,3409.74546016,0.04005337,757.80424018,0.01998511,0.01998511,32480,100,0
6153.24077927,6153.24134088,3418.65189668,3418.62546502,0.06002994,757.69507296,0.01998511,0.01998511,32479,100,0
6153.43115430,6153.43081908,3427.57570895,3427.59150798,0.04221091,757.58337539,0.01998511,0.01998511,32478,100,0
6153.62065428,6153.62030895,3436.51250308,3436.52880122,0.05306105,757.47056338,0.01998511,0.01998511,32477,100,0
6153.81019924,6153.80981050,3445.46244114,3445.48081393,0.05532010,757.35609177,0.01998511,0.01998511,32476,100,0
6153.99880247,6153.99932372,3454.42570676,3454.40103616,0.05094080,757.24055952,0.01998511,0.01998511,32475,100,0
6154.18897390,6154.18884861,3463.40250455,3463.40844328,0.05058315,757.12241206,0.01998511,0.01998511,32474,100,0
6154.37796037,6154.37838517,3472.39304161,3472.37287639,0.06026049,757.00334573,0.01998511,0.01998511,32473,100,0
6154.56815725,6154.56793341,3481.39750517,3481.40814618,0.03672119,756.88184200,0.01998511,0.01998511,32472,100,0
6154.75876695,6154.75749333,3490.41584655,3490.47648377,0.04368570,756.75838295,0.01998512,0.01998511,32471,100,0
6154.94788210,6154.94706493,3499.44786972,3499.48683133,0.03602847,756.63421453,0.01998512,0.01998511,32470,100,0
6155.13710479,6155.13664821,3508.49337459,3508.51517464,0.04230971,756.50829961,0.01998512,0.01998511,32469,100,0
6155.32646883,6155.32624316,3517.55215851,3517.56294858,0.05847738,756.38060890,0.01998511,0.01998511,32468,100,0
6155.51547992,6155.51584980,3526.62401315,3526.60630424,0.04542691,756.25147528,0.01998511,0.01998511,32467,100,0
6155.70600622,6155.70546812,3535.70872679,3535.73452474,0.04769935,756.11960373,0.01998512,0.01998511,32466,100,0
6155.89539174,6155.89509812,3544.80608580,3544.82018158,0.05032042,755.98682460,0.01998511,0.01998511,32465,100,0
6156.08442603,6156.08473980,3553.91615787,3553.90107421,0.04889735,755.85259739,0.01998511,0.01998511,32464,100,0
6156.27437034,6156.27439318,3563.03989829,3563.03879877,0.05555516,755.71599862,0.01998511,0.01998511,32463,100,0
6156.46340385,6156.46405823,3572.17844425,3572.14688854,0.04739699,755.57831406,0.01998511,0.01998511,32462,100,0
6156.65394053,6156.65373498,3581.33293095,3581.34285998,0.04787043,755.43775259,0.01998511,0.01998511,32461,100,0
6156.84397470,6156.84342342,3590.50365100,3590.53032525,0.04929095,755.29576748,0.01998512,0.01998511,32460,100,0
6157.03309699,6157.03312354,3599.68951036,3599.68822371,0.04542299,755.15269389,0.01998511,0.01998511,32459,100,0
6157.22255138,6157.22283535,3608.88927699,3608.87549671,0.06055536,755.00761108,0.01998511,0.01998511,32458,100,0
6157.41234930,6157.41255886,3618.10179340,3618.09161099,0.05274440,754.86051275,0.01998511,0.01998511,32457,100,0
6157.60296672,6157.60229406,3627.32734991,3627.36008065,0.03681639,754.71100297,0.01998512,0.01998511,32456,100,0
6157.79196902,6157.79204096,3636.56745613,3636.56395043,0.03975004,754.56097151,0.01998511,0.01998511,32455,100,0
6157.98200978,6157.98179955,3645.82367308,3645.83393742,0.05338364,754.40828722,0.01998511,0.01998511,32454,100,0
6158.17201022,6158.17156983,3655.09727926,3655.11881945,0.03360567,754.25377313,0.01998511,0.01998511,32453,100,0
6158.36126713,6158.36135182,3664.38766742,3664.38351861,0.04524736,754.09801439,0.01998511,0.01998511,32452,100,0
6158.55153491,6158.55114550,3673.69347786,3673.71258543,0.04926640,753.93957825,0.01998512,0.01998511,32451,100,0
6158.74079098,6158.74095088,3683.01333717,3683.00548047,0.05730851,753.78016498,0.01998511,0.01998511,32450,100,0
6158.93167684,6158.93076796,3692.34647257,3692.39119330,0.04628334,753.61754732,0.01998512,0.01998511,32449,100,0
6159.12108882,6159.12059674,3701.69370672,3701.71795547,0.03556668,753.45434613,0.01998512,0.01998511,32448,100,0
6159.31090095,6159.31043723,3711.05612842,3711.07901678,0.04809146,753.28893614,0.01998512,0.01998511,32447,100,0
6159.49935181,6159.50028942,3720.43480571,3720.38844822,0.06238921,753.12284021,0.01998511,0.01998511,32446,100,0
6159.69224903,6159.69015331,0.00000000,3729.93103960,0.06606101,752.95093016,0.01998512,0.01998511,32445,100,1
6159.88036924,6159.88002891,3739.24090864,3739.25778952,0.04891046,752.78129033,0.01998512,0.01998511,32444,100,0
6160.06980998,6160.06991622,3748.66687586,3748.66159801,0.05298839,752.60862942,0.01998512,0.01998511,32443,100,0
6160.26035939,6160.25981524,3758.10720528,3758.13427582,0.06059557,752.43306000,0.01998512,0.01998511,32442,100,0
6160.44845650,6160.44972596,3767.56195809,3767.49871068,0.05906368,752.25787498,0.01998511,0.01998511,32441,100,0
6160.63949674,6160.63964840,3777.03151681,3777.02394908,0.05105719,752.07802753,0.01998512,0.01998512,32440,100,0
6160.82860032,6160.82958255,3786.51626875,3786.46718075,0.03927610,751.89808170,0.01998511,0.01998512,32439,100,0
6161.01896378,6161.01952841,3796.01653585,3795.98827353,0.05419327,751.71499225,0.01998511,0.01998512,32438,100,0
6161.21069401,6161.20948598,3805.53247594,3805.59304090,0.03927144,751.52860503,0.01998512,0.01998512,32437,100,0
6161.39843843,6161.39945527,3815.06422356,3815.01316265,0.05346379,751.34415350,0.01998511,0.01998512,32436,100,0
6161.58909117,6161.58943627,3824.61190959,3824.59455227,0.03191187,751.15487069,0.01998511,0.01998512,32435,100,0
6161.77920251,6161.77942899,3834.17558005,3834.16417022,0.05712324,750.96413580,0.01998512,0.01998512,32434,100,0
6161.96960133,6161.96943343,3843.75520718,3843.76367879,0.03039542,750.77111373,0.01998512,0.01998512,32433,100,0
6162.15737104,6162.15944959,0.00000000,3853.24888516,0.06202985,750.57872609,0.01998511,0.01998512,32432,100,1
6162.34889638,6162.34947747,3862.96233326,3862.93291764,0.04445033,750.38059944,0.01998511,0.01998512,32431,100,0
6162.54006086,6162.53951707,3872.59057305,3872.61814785,0.04163614,750.18072408,0.01998512,0.01998512,32430,100,0
6162.72914715,6162.72956839,3882.23628671,3882.21488837,0.05089191,749.98097418,0.01998511,0.01998512,32429,100,0
6162.91825173,6162.91963143,0.00000000,3891.84046013,0.05245029,749.77892369,0.01998511,0.01998512,32428,100,1
6163.11031380,6163.10970620,3901.58254585,3901.61352363,0.06429551,749.57203486,0.01998512,0.01998512,32427,100,0
6163.30073561,6163.29979270,3911.28211236,3911.33026640,0.04763295,749.36459790,0.01998512,0.01998512,32426,100,0
6163.48942671,6163.48989092,3920.99788646,3920.97414302,0.05909032,749.15700069,0.01998511,0.01998512,32425,100,0
6163.68058199,6163.68000087,3930.72904809,3930.75881741,0.04807524,748.94462567,0.01998512,0.01998512,32424,100,0
6163.87015092,6163.87012254,3940.47651512,3940.47797122,0.03293578,748.73193083,0.01998512,0.01998512,32423,100,0
6164.06036798,6164.06025595,3950.24190013,3950.24765960,0.04570852,748.51638050,0.01998512,0.01998512,32422,100,0
6164.25040272,6164.25040109,3960.02681317,3960.02689690,0.04528681,748.29886285,0.01998512,0.01998512,32421,100,0
6164.44192387,6164.44055796,3969.83150113,3969.90199372,0.06038715,748.07742963,0.01998512,0.01998512,32420,100,0
6164.63039618,6164.63072657,3979.65399945,3979.63692074,0.06088120,747.85738543,0.01998512,0.01998512,32419,100,0
6164.82129483,6164.82090690,3989.49212308,3989.51220473,0.05795201,747.63238936,0.01998512,0.01998512,32418,100,0
6165.01128921,6165.01109898,3999.34410076,3999.35396179,0.05711876,747.40637427,0.01998512,0.01998512,32417,100,0
6165.20245185,6165.20130279,4009.21121394,4009.27087277,0.05140600,747.17683304,0.01998512,0.01998512,32416,100,0
6165.39213291,6165.39151833,4019.09607437,4019.12804238,0.03838410,746.94688387,0.01998512,0.01998512,32415,100,0
6165.58320627,6165.58174562,0.00000000,4029.07623362,0.05229891,746.71300126,0.01998512,0.01998512,32414,100,1
6165.77239129,6165.77198465,4038.92784545,4038.94908478,0.03594622,746.47909216,0.01998512,0.01998512,32413,100,0
6165.96330028,6165.96223541,4048.87406637,4048.92978737,0.05335860,746.24080750,0.01998512,0.01998512,32412,100,0
6166.15045263,6166.15249792,0.00000000,4058.71847399,0.04520859,746.00532947,0.01998511,0.01998512,32411,100,1
6166.34314555,6166.34277217,4068.81825241,4068.83785207,0.03446202,745.76004570,0.01998512,0.01998512,32410,100,0
6166.53519137,6166.53305817,0.00000000,4078.91254141,0.06225031,745.51397634,0.01998512,0.01998512,32409,100,1
nan,nan,0.00000000,-1.00000000,0.00000000,745.26572692,nan,0.00000000,-2147483648,100,1
nan,nan,0.00000000,-1.00000000,0.00000000,738.75100590,nan,0.00000000,-2147483648,99,1
nan,nan,0.00000000,-1.00000000,0.00000000,739.05672651,nan,0.00000000,-2147483648,99,1
6122.89089608,6122.88678173,0.00000000,12.72749282,0.12110942,739.34793576,0.01998512,0.01998510,32640,99,1
6123.07581124,6123.07439499,18.33912500,18.38244382,0.12899372,739.63485666,0.01998511,0.01998510,32639,99,0
6123.26117225,6123.26201976,24.07966897,24.05373123,0.03345813,739.92200767,0.01998510,0.01998510,32638,99,0
6123.45407123,6123.44965602,0.00000000,29.95720776,0.10603386,740.22027806,0.01998512,0.01998510,32637,99,1
6123.64029060,6123.63730378,0.00000000,35.66071296,0.05510750,740.50782796,0.01998511,0.01998510,32636,99,1
6123.82524401,6123.82496305,41.32368743,41.33230156,0.12805535,740.79316745,0.01998510,0.01998510,32635,99,0
6124.01966011,6124.01263382,0.00000000,47.28976984,0.06371939,741.09224397,0.01998513,0.01998510,32634,99,1
6124.20098191,6124.20031609,52.83806205,52.85849794,0.14062621,741.37120681,0.01998511,0.01998510,32633,99,0
6124.38685271,6124.38800986,58.60042237,58.56488777,0.09584854,741.65646618,0.01998510,0.01998510,32632,99,0
6124.57903808,6124.57571514,0.00000000,64.46074482,0.14368868,741.95055948,0.01998511,0.01998510,32631,99,1
6124.76882385,6124.76343193,0.00000000,70.29303696,0.13910941,742.24084472,0.01998512,0.01998510,32630,99,1
6124.95277932,6124.95116023,75.90675504,75.95654796,0.05747906,742.52212274,0.01998511,0.01998510,32629,99,0
6125.14415954,6125.13890003,0.00000000,81.83721772,0.07009385,742.81355343,0.01998512,0.01998510,32628,99,1
6125.33017872,6125.32665135,0.00000000,87.56342134,0.07022578,743.09670997,0.01998512,0.01998510,32627,99,1
6125.51858916,6125.51441417,0.00000000,93.36650003,0.11541799,743.38304462,0.01998512,0.01998510,32626,99,1
6125.70022399,6125.70218851,99.02792548,98.96737791,0.11128579,743.65880730,0.01998510,0.01998510,32625,99,0
6125.89035083,6125.88997436,104.81735153,104.82896170,0.07204649,743.94678012,0.01998511,0.01998510,32624,99,0
6126.07930496,6126.07777173,110.61067615,110.65798930,0.03224962,744.23251874,0.01998511,0.01998510,32623,99,0
6126.26827898,6126.26558061,0.00000000,116.48976637,0.12094075,744.51775872,0.01998511,0.01998510,32622,99,1
6126.45441358,6126.45340100,122.20893716,122.24022114,0.03070056,744.79840079,0.01998511,0.01998510,32621,99,0
6126.64233013,6126.64123291,128.01380727,128.04772633,0.11948738,745.08120197,0.01998511,0.01998510,32620,99,0
6126.83276687,6126.82907635,0.00000000,133.93534304,0.08035508,745.36726298,0.01998512,0.01998510,32619,99,1
6127.01648960,6127.01693130,139.63485989,139.62118951,0.02611716,745.64290779,0.01998510,0.01998510,32618,99,0
6127.20157589,6127.20479777,0.00000000,145.34959985,0.00990259,745.92000717,0.01998509,0.01998510,32617,99,1
6127.39193947,6127.39267576,151.27073322,151.24791915,0.09159092,746.20468695,0.01998510,0.01998510,32616,99,0
6127.57933003,6127.58056528,157.09409927,157.05580407,0.07674791,746.48436890,0.01998510,0.01998510,32615,99,0
6127.76619573,6127.76846632,0.00000000,162.84887113,0.09357004,746.76271154,0.01998510,0.01998510,32614,99,1
6127.95462984,6127.95637888,168.75141839,168.69713624,0.08131876,747.04307245,0.01998510,0.01998510,32613,99,0
6128.14314515,6128.14430297,174.58526353,174.54931115,0.07948937,747.32298331,0.01998510,0.01998510,32612,99,0
6128.32665876,6128.33223859,0.00000000,180.24921964,0.08888976,747.59499824,0.01998509,0.01998510,32611,99,1
6128.51999291,6128.52018574,186.26346406,186.25746997,0.03175044,747.88107321,0.01998510,0.01998510,32610,99,0
6128.71153521,6128.70814441,0.00000000,192.21558654,0.06018145,748.16409745,0.01998512,0.01998510,32609,99,1
nan,nan,0.00000000,-1.00000000,0.00000000,748.43823814,nan,0.00000000,-2147483648,99,1
6129.06949469,6129.08409635,0.00000000,203.35779928,0.06267855,748.69160466,0.01998506,0.01998510,32607,99,1
6129.27232330,6129.27208962,209.66573154,209.67301393,0.06429609,748.98956055,0.01998511,0.01998510,32606,99,0
6129.45772015,6129.46009442,0.00000000,215.45602794,0.04621475,749.26175571,0.01998510,0.01998510,32605,99,1
6129.64625524,6129.64811075,221.39134271,221.33344624,0.06235828,749.53775650,0.01998510,0.01998510,32604,99,0
6129.83840528,6129.83613862,227.26002790,227.33079509,0.05159087,749.81872642,0.01998511,0.01998510,32603,99,0
6130.02207791,6130.02417803,233.13244139,233.06683723,0.10514848,750.08682807,0.01998510,0.01998510,32602,99,0
6130.21249073,6130.21222897,239.00843891,239.01662030,0.08847626,750.36427297,0.01998511,0.01998510,32601,99,0
6130.39888095,6130.40029145,244.88788520,244.84377695,0.09858580,750.63536111,0.01998510,0.01998510,32600,99,0
6130.59056037,6130.58836548,250.77078425,250.83945845,0.06312188,750.91362973,0.01998511,0.01998511,32599,99,0
6130.77605758,6130.77645104,256.65724582,256.64492841,0.03102828,751.18243293,0.01998510,0.01998511,32598,99,0
6130.96691753,6130.96454814,262.54738271,262.62160022,0.08428889,751.45850793,0.01998511,0.01998511,32597,99,0
6131.15379129,6131.15265679,268.44130813,268.47686559,0.03009123,751.72833041,0.01998511,0.01998511,32596,99,0
6131.34160654,6131.34077698,274.33913576,274.36515154,0.07179633,751.99903127,0.01998511,0.01998511,32595,99,0
6131.53139418,6131.52890872,0.00000000,280.32551212,0.06755361,752.27238865,0.01998511,0.01998511,32594,99,1
6131.71821897,6131.71705200,286.14684227,286.18348508,0.06279949,752.54040631,0.01998511,0.01998511,32593,99,0
6131.90365293,6131.90520683,292.05674360,292.00792077,0.03466986,752.80625664,0.01998510,0.01998511,32592,99,0
6132.09180422,6132.09337321,297.97066688,297.92133967,0.06189315,753.07552294,0.01998510,0.01998511,32591,99,0
6132.28408398,6132.28155114,0.00000000,303.97586086,0.02264365,753.35054039,0.01998511,0.01998511,32590,99,1
6132.46964403,6132.46974061,309.81054858,309.80750851,0.02859769,753.61478949,0.01998510,0.01998511,32589,99,0
6132.66070779,6132.65794164,0.00000000,315.83090620,0.10402363,753.88706329,0.01998511,0.01998511,32588,99,1
6132.84520106,6132.84615422,321.66645302,321.63641286,0.05826210,754.14884922,0.01998510,0.01998511,32587,99,0
6133.03346152,6133.03437836,327.60043811,327.57152482,0.10869168,754.41583144,0.01998510,0.01998511,32586,99,0
6133.22345314,6133.22261404,333.53846460,333.56494279,0.05365315,754.68477170,0.01998511,0.01998511,32585,99,0
6133.40998541,6133.41086129,339.48054717,339.45289127,0.05525347,754.94832882,0.01998510,0.01998511,32584,99,0
6133.60113941,6133.59912009,345.42670051,345.49050093,0.06980819,755.21791564,0.01998511,0.01998511,32583,99,0
6133.78928923,6133.78739045,351.37692067,351.43694987,0.04461256,755.48276949,0.01998511,0.01998511,32582,99,0
6133.97434603,6133.97567236,357.33115568,357.28919900,0.04867003,755.74278576,0.01998510,0.01998511,32581,99,0
6134.16390871,6134.16396584,363.28934582,363.28753736,0.04123553,756.00863197,0.01998511,0.01998511,32580,99,0
6134.35349374,6134.35227088,369.25143111,369.29016060,0.03041112,756.27399844,0.01998511,0.01998511,32579,99,0
6134.53889243,6134.54058748,375.21735133,375.16363643,0.09182726,756.53300711,0.01998510,0.01998511,32578,99,0
6134.72963894,6134.72891564,381.18704721,381.20998104,0.06838983,756.79896905,0.01998511,0.01998511,32577,99,0
6134.91551177,6134.91725537,387.16051281,387.10519634,0.03964596,757.05762889,0.01998510,0.01998511,32576,99,0
6135.10642771,6135.10560666,393.13781610,393.16387963,0.03708111,757.32278797,0.01998511,0.01998511,32575,99,0
6135.29342631,6135.29396952,399.11903076,399.10177648,0.00509840,757.58199876,0.01998511,0.01998511,32574,99,0
6135.48236599,6135.48234395,405.10423072,405.10493145,0.04426357,757.84339212,0.01998511,0.01998511,32573,99,0
6135.67183986,6135.67072994,411.09349024,411.12878850,0.09393807,758.10501363,0.01998511,0.01998511,32572,99,0
6135.85788721,6135.85912751,417.08688032,417.04741112,0.04674901,758.36140789,0.01998510,0.01998511,32571,99,0
6136.04620331,6136.04753664,423.08442453,423.04196783,0.08606382,758.62042801,0.01998510,0.01998511,32570,99,0
6136.23701366,6136.23595735,429.08611209,429.11976894,0.05116281,758.88236329,0.01998511,0.01998511,32569,99,0
6136.42531146,6136.42438962,435.09193143,435.12132194,0.06525877,759.14033892,0.01998511,0.01998511,32568,99,0
6136.61161628,6136.61283348,441.10187090,441.06303936,0.05618194,759.39508320,0.01998510,0.01998511,32567,99,0
6136.80205641,6136.80128890,447.11591881,447.14041930,0.01048702,759.65496524,0.01998511,0.01998511,32566,99,0
6136.98996395,6136.98975591,453.13406524,453.14071046,0.07592866,759.91087754,0.01998511,0.01998511,32565,99,0
6137.17773784,6137.17823449,459.15631015,459.14043660,0.03589360,760.16609691,0.01998511,0.01998511,32564,99,0
6137.36641143,6137.36672464,465.18265691,465.17263975,0.04100987,760.42202358,0.01998511,0.01998511,32563,99,0
6137.55403428,6137.55522638,471.21310890,471.17496019,0.06223524,760.67601145,0.01998510,0.01998511,32562,99,0
6137.74299557,6137.74373970,477.24766951,477.22384181,0.01039335,760.93129245,0.01998511,0.01998511,32561,99,0
6137.93179507,6137.93226459,483.28634203,483.27129810,0.05472430,761.18583384,0.01998511,0.01998511,32560,99,0
6138.11950366,6138.12080108,489.32910576,489.28750997,0.05867222,761.43838606,0.01998510,0.01998511,32559,99,0
6138.31042570,6138.30934914,495.37588437,495.41042021,0.05790372,761.69472703,0.01998511,0.01998511,32558,99,0
6138.49719653,6138.49790879,501.42659339,501.40373113,0.07509155,761.94496783,0.01998511,0.01998511,32557,99,0
6138.68550658,6138.68648002,507.48114799,507.44988455,0.07751019,762.19673899,0.01998511,0.01998511,32556,99,0
6138.87536468,6138.87506284,513.53946298,513.54916250,0.06956574,762.45003443,0.01998511,0.01998511,32555,99,0
6139.06407682,6139.06365725,519.60145994,519.61495008,0.08442175,762.70125386,0.01998511,0.01998511,32554,99,0
6139.25167461,6139.25226324,525.66722254,525.64828591,0.05809200,762.95045146,0.01998511,0.01998511,32553,99,0
6139.44105141,6139.44088083,531.73699662,531.74248750,0.04527617,763.20147680,0.01998511,0.01998511,32552,99,0
6139.62884747,6139.62951001,537.81103601,537.78969472,0.05571195,763.44988472,0.01998511,0.01998511,32551,99,0
6139.81925402,6139.81815078,543.88959560,543.92515812,0.05186359,763.70122408,0.01998511,0.01998511,32550,99,0
6140.17685383,nan,0.00000000,555.45341424,0.22581008,764.17158883,0.01998505,0.01998511,32548,99,1
6140.38299537,6140.38414264,562.15438088,562.11731775,0.06945413,764.44235758,0.01998511,0.01998511,32547,99,0
6140.57211287,6140.57282979,568.25203608,568.22886053,0.03642963,764.68995795,0.01998511,0.01998511,32546,99,0
6140.76076932,6140.76152853,574.35390716,574.32934948,0.06572738,764.93641898,0.01998511,0.01998511,32545,99,0
6140.94927477,6140.95023888,580.45968916,580.42848682,0.08458043,765.18213477,0.01998511,0.01998511,32544,99,0
6141.13956557,6141.13896082,586.56907657,586.58865860,0.07895513,765.42960853,0.01998511,0.01998511,32543,99,0
6141.32823287,6141.32769436,592.68193299,592.69937913,0.05328766,765.67439974,0.01998511,0.01998511,32542,99,0
6141.51721908,6141.51643951,598.79850529,598.82377583,0.03213386,765.91904339,0.01998511,0.01998511,32541,99,0
6141.70598948,6141.70519625,604.91909386,604.94482299,0.02723852,766.16285765,0.01998511,0.01998511,32540,99,0
6141.89398549,6141.89396460,611.04400039,611.04467827,0.03680582,766.40513601,0.01998511,0.01998511,32539,99,0
6142.08230719,6142.08274456,617.17352779,617.15932188,0.05878552,766.64730868,0.01998511,0.01998511,32538,99,0
6142.27265494,6142.27153612,623.30796213,623.34432978,0.08550658,766.89156227,0.01998511,0.01998511,32537,99,0
6142.46023813,6142.46033928,629.44729301,629.44400245,0.05112743,767.13175059,0.01998511,0.01998511,32536,99,0
6142.64948138,6142.64915406,635.59126680,635.60192139,0.04751005,767.37353215,0.01998511,0.01998511,32535,99,0
6142.83911800,6142.83798044,641.73962163,641.77667309,0.06729466,767.61526810,0.01998511,0.01998511,32534,99,0
6143.02600858,6143.02681844,647.89209453,647.86570129,0.05066303,767.85295525,0.01998511,0.01998511,32533,99,0
6143.21439086,6143.21566804,654.04842141,654.00677519,0.04996321,768.09197726,0.01998511,0.01998511,32532,99,0
6143.40449745,6143.40452926,660.20842608,660.20738822,0.03723149,768.33260672,0.01998511,0.01998511,32531,99,0
6143.59418457,6143.59340209,666.37230966,666.39785349,0.06519536,768.57213082,0.01998511,0.01998511,32530,99,0
6143.78304678,6143.78228654,672.54037444,672.56520846,0.05899587,768.81005375,0.01998511,0.01998511,32529,99,0
6143.97051459,6143.97118260,678.71292397,678.69108782,0.04439857,769.04567813,0.01998511,0.01998511,32528,99,0
6144.16005820,6144.16009028,684.89026311,684.88921370,0.03786964,769.28337288,0.01998511,0.01998511,32527,99,0
6144.34872001,6144.34900957,691.07269139,691.06321164,0.03346752,769.51943387,0.01998511,0.01998511,32526,99,0
6144.53675768,6144.53794049,697.26025986,697.22150830,0.06422390,769.75419017,0.01998511,0.01998511,32525,99,0
6144.72745034,6144.72688302,703.45269966,703.47129957,0.06638140,769.99171509,0.01998511,0.01998511,32524,99,0
6144.91588740,6144.91583717,709.64971982,709.65136754,0.04721025,770.22587776,0.01998511,0.01998511,32523,99,0
6145.10557945,6145.10480295,715.85102810,715.87651815,0.05579555,770.46103249,0.01998511,0.01998511,32522,99,0
6145.29302521,6145.29378035,722.05633101,722.03152848,0.04834414,770.69283107,0.01998511,0.01998511,32521,99,0
6145.48215521,6145.48276937,728.26538996,728.24520664,0.04571709,770.92612645,0.01998511,0.01998511,32520,99,0
6145.67225710,6145.67177002,734.47831751,734.49433378,0.06396199,771.16003063,0.01998511,0.01998511,32519,99,0
6145.86169049,6145.86078229,740.69536278,740.72524478,0.04393767,771.39253198,0.01998511,0.01998511,32518,99,0
6146.04995930,6146.04980620,746.91677626,746.92181714,0.05890278,771.62303804,0.01998511,0.01998511,32517,99,0
6146.23840451,6146.23884173,753.14280952,753.12840447,0.05007288,771.85320294,0.01998511,0.01998511,32516,99,0
6146.42841521,6146.42788888,759.37371315,759.39106706,0.04791407,772.08472337,0.01998511,0.01998511,32515,99,0
6146.61617933,6146.61694767,765.60960448,765.58425222,0.06909177,772.31296021,0.01998511,0.01998511,32514,99,0
6146.80614689,6146.80601810,771.85038639,771.85463909,0.02996035,772.54331768,0.01998511,0.01998511,32513,99,0
6146.99545968,6146.99510015,778.09594204,778.10782185,0.04860235,772.77231720,0.01998511,0.01998511,32512,99,0
6147.18448165,6147.18419384,784.34615407,784.35567037,0.07271856,773.00039739,0.01998511,0.01998511,32511,99,0
6147.37259730,6147.37329916,790.60090459,790.57768273,0.05827556,773.22681527,0.01998511,0.01998511,32510,99,0
6147.56297608,6147.56241612,796.86009134,796.87863039,0.05289193,773.45537425,0.01998511,0.01998511,32509,99,0
6147.75253152,6147.75154471,803.12372610,803.15641818,0.06247553,773.68236124,0.01998511,0.01998511,32508,99,0
6147.94095923,6147.94068495,809.39187014,809.40096294,0.04756784,773.90742156,0.01998511,0.01998511,32507,99,0
6148.13108297,6148.12983682,815.66458524,815.70592459,0.05670366,774.13392609,0.01998511,0.01998511,32506,99,0
6148.31968925,6148.31900033,821.94193340,821.96480289,0.03086528,774.35804635,0.01998511,0.01998511,32505,99,0
6148.50767891,6148.50817549,828.22397650,828.20748093,0.04115071,774.58086331,0.01998511,0.01998511,32504,99,0
6148.69728077,6148.69736228,834.51075091,834.50804131,0.07676747,774.80501391,0.01998511,0.01998511,32503,99,0
6148.88705571,6148.88656072,840.80225239,840.81871817,0.03833497,775.02878698,0.01998511,0.01998511,32502,99,0
6149.07575751,6149.07577080,847.09847311,847.09803064,0.04205333,775.25071538,0.01998511,0.01998511,32501,99,0
6149.26599438,6149.26499253,853.39940520,853.43277747,0.06376640,775.47386262,0.01998511,0.01998511,32500,99,0
6149.45421158,6149.45422591,859.70504074,859.70456310,0.06253828,775.69405946,0.01998511,0.01998511,32499,99,0
6149.64321219,6149.64347093,866.01538797,866.00675724,0.03345477,775.91458975,0.01998511,0.01998511,32498,99,0
6149.83149775,6149.83272761,872.33055378,872.28950096,0.05920771,776.13370692,0.01998511,0.01998511,32497,99,0
6150.02128933,6150.02199593,878.65068256,878.62707877,0.06118116,776.35399553,0.01998511,0.01998511,32496,99,0
6150.21182458,6150.21127590,884.97591940,884.99426196,0.02748091,776.57456384,0.01998511,0.01998511,32495,99,0
6150.40060902,6150.40056753,891.30641003,891.30779833,0.04319773,776.79253214,0.01998511,0.01998511,32494,99,0
6150.59033900,6150.58987080,897.64229530,897.65797193,0.07112601,777.01102041,0.01998511,0.01998511,32493,99,0
6150.77905542,6150.77918574,903.98352470,903.97915801,0.01572127,777.22776942,0.01998511,0.01998511,32492,99,0
6150.96925603,6150.96851232,910.32981076,910.35474894,0.05520887,777.44563416,0.01998511,0.01998511,32491,99,0
6151.15856688,6151.15785057,916.68085010,916.70488548,0.07530795,777.66188065,0.01998511,0.01998511,32490,99,0
6151.34741283,6151.34720047,923.03633792,923.04346801,0.03867146,777.87698879,0.01998511,0.01998511,32489,99,0
6151.53672367,6151.53656203,929.39596809,929.40139832,0.05949669,778.09200593,0.01998511,0.01998511,32488,99,0
6151.72658370,6151.72593525,935.75953817,935.78133470,0.05514563,778.30701471,0.01998511,0.01998511,32487,99,0
6151.91468691,6151.91532013,942.12726580,942.10596820,0.02799721,778.51941564,0.01998511,0.01998511,32486,99,0
6152.10527572,6152.10471667,948.49947490,948.51829047,0.05747475,778.73400515,0.01998511,0.01998511,32485,99,0
6152.29467409,6152.29412487,954.87649088,954.89498874,0.00893378,778.94664734,0.01998511,0.01998511,32484,99,0
6152.48340796,6152.48354474,961.25864061,961.25403029,0.03757383,779.15795085,0.01998511,0.01998511,32483,99,0
6152.67340208,6152.67297628,967.64623140,967.66059518,0.05851941,779.37007628,0.01998511,0.01998511,32482,99,0
6152.86232215,6152.86241947,974.03925886,974.03597335,0.01604774,779.58041460,0.01998511,0.01998511,32481,99,0
6153.05237721,6153.05187434,980.43747868,980.45446758,0.07145907,779.79141516,0.01998512,0.01998511,32480,99,0
6153.24166610,6153.24134088,986.84063928,986.85163412,0.03864278,780.00095559,0.01998511,0.01998511,32479,99,0
6153.43060615,6153.43081908,993.24848792,993.24128473,0.04916495,780.20949345,0.01998511,0.01998511,32478,99,0
6153.62039392,6153.62030895,999.66077154,999.66364778,0.06307923,780.41833722,0.01998511,0.01998511,32477,99,0
6153.81017123,6153.80981050,1006.07737051,1006.08958885,0.02673590,780.62653307,0.01998512,0.01998511,32476,99,0
6153.99931503,6153.99932372,1012.49844408,1012.49814961,0.04779990,780.83340444,0.01998511,0.01998511,32475,99,0
6154.18858538,6154.18884861,1018.92418700,1018.91525924,0.03167943,781.03978995,0.01998511,0.01998511,32474,99,0
6154.37867597,6154.37838517,1025.35479492,1025.36466448,0.06374556,781.24644607,0.01998512,0.01998511,32473,99,0
6154.56824169,6154.56793341,1031.79046438,1031.80093490,0.03932012,781.45191370,0.01998512,0.01998511,32472,99,0
6154.75807039,6154.75749333,1038.23135863,1038.25097320,0.06586210,781.65705157,0.01998512,0.01998511,32471,99,0
6154.94750096,6154.94706493,1044.67744011,1044.69227197,0.04796511,781.86114299,0.01998512,0.01998511,32470,99,0
6155.13672632,6155.13664821,1051.12859748,1051.13125663,0.04064137,782.06439355,0.01998511,0.01998511,32469,99,0
6155.32661886,6155.32624316,1057.58471876,1057.59751669,0.05351015,782.26773281,0.01998512,0.01998511,32468,99,0
6155.51612757,6155.51584980,1064.04569143,1064.05515985,0.02254457,782.47002879,0.01998512,0.01998511,32467,99,0
6155.70443768,6155.70546812,1070.51140679,1070.47625876,0.04972638,782.67041473,0.01998511,0.01998511,32466,99,0
6155.89526243,6155.89509812,1076.98183853,1076.98744700,0.02935356,782.87283296,0.01998511,0.01998511,32465,99,0
6156.08507573,6156.08473980,1083.45703488,1083.46850860,0.05439220,783.07353549,0.01998512,0.01998511,32464,99,0
6156.27320727,6156.27439318,1089.93704694,1089.89651360,0.02470850,783.27182720,0.01998511,0.01998511,32463,99,0
6156.46405674,6156.46405823,1096.42192606,1096.42187490,0.05451991,783.47234012,0.01998511,0.01998511,32462,99,0
6156.65448191,6156.65373498,1102.91172409,1102.93728945,0.03483071,783.67176129,0.01998512,0.01998511,32461,99,0
6156.84340892,6156.84342342,1109.40653642,1109.40604006,0.04619082,783.86897713,0.01998511,0.01998511,32460,99,0
6157.03336091,6157.03312354,1115.90654753,1115.91468419,0.04370845,784.06662780,0.01998511,0.01998511,32459,99,0
6157.22342633,6157.22283535,1122.41195361,1122.43222666,0.05250857,784.26376330,0.01998512,0.01998511,32458,99,0
6157.41312632,6157.41255886,1128.92295179,1128.94243402,0.03134595,784.45989235,0.01998512,0.01998511,32457,99,0
6157.60265329,6157.60229406,1135.43974010,1135.45208369,0.06489161,784.65522059,0.01998511,0.01998511,32456,99,0
6157.79311909,6157.79204096,1141.96244638,1141.99952358,0.02587838,784.85089197,0.01998512,0.01998511,32455,99,0
6157.98110941,6157.98179955,1148.49086171,1148.46710919,0.04927540,785.04339829,0.01998511,0.01998511,32454,99,0
6158.17127490,6158.17156983,1155.02467624,1155.01451809,0.02103893,785.23749235,0.01998511,0.01998511,32453,99,0
6158.36140964,6158.36135182,1161.56357861,1161.56557181,0.05673377,785.43090081,0.01998511,0.01998511,32452,99,0
6158.55171537,6158.55114550,1168.10725595,1168.12691021,0.03013475,785.62381719,0.01998512,0.01998511,32451,99,0
6158.74145621,6158.74095088,1174.65542783,1174.67286706,0.06065659,785.81548781,0.01998512,0.01998511,32450,99,0
6158.93098307,6158.93076796,1181.20819109,1181.21561957,0.07285000,786.00627262,0.01998511,0.01998511,32449,99,0
6159.12093024,6159.12059674,1187.76588003,1187.77740506,0.04820243,786.19681722,0.01998512,0.01998511,32448,99,0
6159.31074044,6159.31043723,1194.32883422,1194.33932055,0.05766583,786.38656924,0.01998512,0.01998511,32447,99,0
6159.50047202,6159.50028942,1200.89739484,1200.90371511,0.03935600,786.57559614,0.01998511,0.01998511,32446,99,0
6159.69054847,6159.69015331,1207.47189695,1207.48558621,0.04670152,786.76432619,0.01998512,0.01998511,32445,99,0
6159.88060387,6159.88002891,1214.05243029,1214.07236494,0.02923225,786.95239493,0.01998512,0.01998511,32444,99,0
6160.06943377,6160.06991622,1220.63879208,1220.62205123,0.05601694,787.13860904,0.01998511,0.01998511,32443,99,0
6160.26056655,6160.25981524,1227.23076156,1227.25685196,0.05885514,787.32643423,0.01998512,0.01998511,32442,99,0
6160.45068482,6160.44972596,1233.82811686,1233.86143900,0.03116107,787.51259566,0.01998512,0.01998511,32441,99,0
6160.63945034,6160.63964840,1240.43063563,1240.42374774,0.06029569,787.69676656,0.01998511,0.01998512,32440,99,0
6160.82973547,6160.82958255,1247.03819721,1247.04351891,0.03298727,787.88174340,0.01998512,0.01998512,32439,99,0
6161.01879391,6161.01952841,1253.65090124,1253.62532159,0.04855470,788.06485600,0.01998511,0.01998512,32438,99,0
6161.21037219,6161.20948598,1260.26887642,1260.29976283,0.06035905,788.24972798,0.01998512,0.01998512,32437,99,0
6161.39843267,6161.39945527,1266.89225209,1266.85658497,0.03239798,788.43054011,0.01998511,0.01998512,32436,99,0
6161.58938707,6161.58943627,1273.52115820,1273.51944070,0.04075292,788.61346204,0.01998511,0.01998512,32435,99,0
6161.77946213,6161.77942899,1280.15569568,1280.15685332,0.06358072,788.79486945,0.01998512,0.01998512,32434,99,0
6161.96916948,6161.96943343,1286.79585241,1286.78662448,0.03239511,788.97525499,0.01998511,0.01998512,32433,99,0
6162.15889176,6162.15944959,1293.44158901,1293.42207151,0.04546601,789.15498140,0.01998511,0.01998512,32432,99,0
6162.34888197,6162.34947747,1300.09286590,1300.07201463,0.02234068,789.33428389,0.01998511,0.01998512,32431,99,0
6162.53917042,6162.53951707,1306.74964329,1306.73749611,0.04713845,789.51318504,0.01998511,0.01998512,32430,99,0
6162.73058854,6162.72956839,1313.41187995,1313.44765472,0.04458747,789.69245584,0.01998512,0.01998512,32429,99,0
6162.92026396,6162.91963143,1320.07952626,1320.10172451,0.03369229,789.86940632,0.01998512,0.01998512,32428,99,0
6163.10931861,6163.10970620,1326.75252905,1326.73891685,0.04912739,790.04509272,0.01998511,0.01998512,32427,99,0
6163.29936292,6163.29979270,1333.43083489,1333.41573003,0.06085949,790.22100641,0.01998511,0.01998512,32426,99,0
6163.48988420,6163.48989092,1340.11439004,1340.11415379,0.02958486,790.39666155,0.01998512,0.01998512,32425,99,0
6163.68062243,6163.68000087,1346.80315380,1346.82503071,0.04823127,790.57181171,0.01998512,0.01998512,32424,99,0
6163.86999538,6163.87012254,1353.49723126,1353.49275235,0.04541449,790.74501127,0.01998512,0.01998512,32423,99,0
6164.06125334,6164.06025595,1360.19681828,1360.23197620,0.05075644,790.91923331,0.01998512,0.01998512,32422,99,0
6164.25087248,6164.25040109,1366.90211300,1366.91874292,0.02187411,791.09126973,0.01998512,0.01998512,32421,99,0
6164.44077315,6164.44055796,1373.61331457,1373.62091224,0.05179176,791.26287333,0.01998512,0.01998512,32420,99,0
6164.63099938,6164.63072657,1380.33061307,1380.34025366,0.04867764,791.43408339,0.01998512,0.01998512,32419,99,0
6164.82032393,6164.82090690,1387.05401486,1387.03339668,0.01888471,791.60379652,0.01998511,0.01998512,32418,99,0
6165.01151021,6165.01109898,1393.78336421,1393.79792030,0.06204273,791.77447858,0.01998512,0.01998512,32417,99,0
6165.20130674,6165.20130279,1400.51849908,1400.51863914,0.05688105,791.94321809,0.01998512,0.01998512,32416,99,0
6165.39208028,6165.39151833,1407.25925657,1407.27917802,0.04966995,792.11211543,0.01998512,0.01998512,32415,99,0
6165.58234404,6165.58174562,1414.00547560,1414.02670571,0.03773457,792.27984573,0.01998512,0.01998512,32414,99,0
6165.77142450,6165.77198465,1420.75707615,1420.73718928,0.05311371,792.44582097,0.01998511,0.01998512,32413,99,0
6165.96268576,6165.96223541,1427.51407377,1427.53007441,0.05347234,792.61298701,0.01998512,0.01998512,32412,99,0
6166.15297789,6166.15249792,1434.27648954,1434.29355523,0.05599251,792.77858253,0.01998512,0.01998512,32411,99,0
6166.34343673,6166.34277217,1441.04434466,1441.06799118,0.07728470,792.94359917,0.01998512,0.01998512,32410,99,0
6166.53357708,6166.53305817,1447.81766258,1447.83614055,0.03395079,793.10761611,0.01998512,0.01998512,32409,99,0
6166.72259589,6166.72335591,1454.59658275,1454.56949830,0.04409847,793.26995027,0.01998511,0.01998512,32408,99,0
6166.91377002,6166.91366539,1461.38141686,1461.38514836,0.05407920,793.43341553,0.01998512,0.01998512,32407,99,0
6167.10476529,6167.10398663,1468.17249206,1468.20028886,0.07125529,793.59601064,0.01998512,0.01998512,32406,99,0
6167.29487482,6167.29431961,1474.97013714,1474.98997543,0.02045632,793.75714540,0.01998512,0.01998512,32405,99,0
6167.48430583,6167.48466434,1481.77467937,1481.76185673,0.05829506,793.91700949,0.01998512,0.01998512,32404,99,0
6167.67453177,6167.67502082,1488.58616265,1488.56865508,0.04560253,794.07684433,0.01998512,0.01998512,32403,99,0
6167.86578076,6167.86538906,1495.40412667,1495.41816116,0.04904892,794.23681826,0.01998512,0.01998512,32402,99,0
6168.05701405,6168.05576904,1502.22805706,1502.27269973,0.06090518,794.39604232,0.01998512,0.01998512,32401,99,0
6168.24619997,6168.24616079,1509.05743679,1509.05884288,0.02977154,794.55282287,0.01998512,0.01998512,32400,99,0
6168.43623734,6168.43656428,1515.89174836,1515.88000942,0.05745040,794.70955553,0.01998512,0.01998512,32399,99,0
6168.62658736,6168.62697953,1522.73077693,1522.71668699,0.04912559,794.86578244,0.01998512,0.01998512,32398,99,0
6168.81759540,6168.81740654,1529.57491673,1529.58170694,0.03494955,795.02178854,0.01998512,0.01998512,32397,99,0
6169.00741965,6169.00784531,1536.42463660,1536.40932056,0.03695114,795.17608143,0.01998512,0.01998512,32396,99,0
6169.19897776,6169.19829583,1543.28040782,1543.30496615,0.05289443,795.33103806,0.01998512,0.01998512,32395,99,0
6169.38977243,6169.38875812,1550.14270290,1550.17926520,0.04926908,795.48464109,0.01998512,0.01998512,32394,99,0
6169.58016648,6169.57923217,1557.01178238,1557.04549194,0.02304306,795.63719275,0.01998512,0.01998512,32393,99,0
6169.76969740,6169.76971798,1563.88745227,1563.88670900,0.06384960,795.78832305,0.01998512,0.01998512,32392,99,0
6169.96032216,6169.96021555,1570.76945919,1570.77331224,0.05351638,795.93958326,0.01998512,0.01998512,32391,99,0
6170.15020931,6170.15072489,1577.65754840,1577.63889962,0.03760523,796.08951029,0.01998512,0.01998512,32390,99,0
6170.34092307,6170.34124600,1584.55146457,1584.53977524,0.02927154,796.23933098,0.01998512,0.01998512,32389,99,0
6170.53218203,6170.53177887,1591.45108110,1591.46568628,0.03111379,796.38881125,0.01998512,0.01998512,32388,99,0
6170.72238033,6170.72232351,1598.35654771,1598.35860793,0.04509907,796.53670030,0.01998512,0.01998512,32387,99,0
6170.91321392,6170.91287992,1605.26805037,1605.28016960,0.05065381,796.68432126,0.01998512,0.01998512,32386,99,0
6171.10407021,6171.10344810,1612.18577602,1612.20836885,0.04327515,796.83119814,0.01998512,0.01998512,32385,99,0
6171.29460999,6171.29402805,1619.10991192,1619.13106450,0.07767978,796.97707335,0.01998512,0.01998512,32384,99,0
6171.48467176,6171.48461977,1626.04055423,1626.04244575,0.06414086,797.12182771,0.01998512,0.01998512,32383,99,0
6171.67551998,6171.67522326,1632.97761510,1632.98841867,0.01916016,797.26641823,0.01998512,0.01998512,32382,99,0
6171.86644932,6171.86583853,1639.92098420,1639.94324190,0.06153472,797.41030076,0.01998512,0.01998512,32381,99,0
6172.05639571,6172.05646558,1646.87055058,1646.86800220,0.05624375,797.55267435,0.01998512,0.01998512,32380,99,0
6172.24718815,6172.24710440,1653.82620373,1653.82926041,0.06636375,797.69490629,0.01998512,0.01998512,32379,99,0
6172.43732566,6172.43775500,1660.78792465,1660.77224049,0.04881545,797.83587391,0.01998512,0.01998512,32378,99,0
6172.62769030,6172.62841738,1667.75585805,1667.72927503,0.05283443,797.97623452,0.01998512,0.01998512,32377,99,0
6172.81869312,6172.81909154,1674.73016623,1674.71558659,0.03664415,798.11628692,0.01998512,0.01998512,32376,99,0
6173.00929561,6173.00977748,1681.71101239,1681.69336353,0.03526545,798.25526913,0.01998512,0.01998512,32375,99,0
6173.20046281,6173.20047521,1688.69855822,1688.69810395,0.05417917,798.39388464,0.01998512,0.01998512,32374,99,0
6173.39165091,6173.39118471,1695.69283972,1695.70994530,0.04165495,798.53173383,0.01998512,0.01998512,32373,99,0
6173.58231639,6173.58190600,1702.69370453,1702.70877526,0.04940562,798.66842247,0.01998512,0.01998512,32372,99,0
6173.77243704,6173.77263908,1709.70098413,1709.69355831,0.04623811,798.80393561,0.01998512,0.01998512,32371,99,0
6173.96315869,6173.96338394,1716.71450903,1716.70622351,0.03406913,798.93908404,0.01998512,0.01998512,32370,99,0
6174.15410038,6174.15414059,1723.73411351,1723.73263316,0.04228536,799.07358728,0.01998512,0.01998512,32369,99,0
6174.34501206,6174.34490903,1730.75977976,1730.76357590,0.04427067,799.20726544,0.01998512,0.01998512,32368,99,0
6174.53598394,6174.53568926,1737.79166562,1737.80253175,0.05271191,799.34018229,0.01998512,0.01998512,32367,99,0
6174.72651807,6174.72648128,1744.82993993,1744.83129788,0.04991500,799.47199455,0.01998512,0.01998512,32366,99,0
6174.91664944,6174.91728509,1751.87477245,1751.85129274,0.06169865,799.60273252,0.01998512,0.01998512,32365,99,0
6175.10750181,6175.10810069,1758.92632800,1758.90418656,0.06388890,799.73316758,0.01998512,0.01998512,32364,99,0
6175.29880575,6175.29892809,1765.98466337,1765.98013607,0.06849715,799.86310681,0.01998512,0.01998512,32363,99,0
6175.48957457,6175.48976728,1773.04973904,1773.04260139,0.06037333,799.99187735,0.01998512,0.01998512,32362,99,0
6175.68071717,6175.68061828,1780.12151193,1780.12517807,0.05482291,800.12009047,0.01998512,0.01998512,32361,99,0
6175.87104588,6175.87148106,1787.19993871,1787.18379236,0.04315007,800.24694911,0.01998512,0.01998512,32360,99,0
6176.06285189,6176.06235565,1794.28497622,1794.30340424,0.04859267,800.37397295,0.01998512,0.01998512,32359,99,0
6176.25377886,6176.25324203,1801.37658597,1801.39653805,0.05359400,800.49959453,0.01998512,0.01998512,32358,99,0
6176.44454311,6176.44414022,1808.47473234,1808.48971925,0.04415056,800.62428885,0.01998512,0.01998512,32357,99,0
6176.63496092,6176.63505021,1815.57937953,1815.57605512,0.03860142,800.74793611,0.01998512,0.01998512,32356,99,0
6176.82627313,6176.82597200,1822.69049153,1822.70171226,0.04687855,800.87133548,0.01998512,0.01998512,32355,99,0
6177.01704940,6177.01690560,1829.80804587,1829.81340896,0.05277427,800.99355929,0.01998512,0.01998512,32354,99,0
6177.20795571,6177.20785100,1836.93211168,1836.93602000,0.05351326,801.11503566,0.01998512,0.01998512,32353,99,0
6177.39864443,6177.39880820,1844.06279600,1844.05667773,0.06468439,801.23554340,0.01998512,0.01998512,32352,99,0
6177.59044630,6177.58977722,1851.20020659,1851.22522467,0.05482326,801.35591697,0.01998512,0.01998512,32351,99,0
6177.78093620,6177.78075804,1858.34445179,1858.35111945,0.03809198,801.47463501,0.01998512,0.01998512,32350,99,0
6177.97151249,6177.97175067,1865.49564187,1865.48671971,0.03450130,801.59257632,0.01998512,0.01998512,32349,99,0
6178.16278125,6178.16275511,1872.65389303,1872.65487311,0.03336196,801.71011022,0.01998512,0.01998512,32348,99,0
6178.35331756,6178.35377137,1879.81932336,1879.80229221,0.04224464,801.82636066,0.01998512,0.01998512,32347,99,0
6178.54496952,6178.54479943,1886.99205162,1886.99844115,0.06105156,801.94245191,0.01998512,0.01998512,32346,99,0
6178.73549037,6178.73583931,1894.17219660,1894.15907543,0.05317517,802.05702230,0.01998512,0.01998512,32345,99,0
6178.92709781,6178.92689101,1901.35975257,1901.36753642,0.02952844,802.17140288,0.01998512,0.01998512,32344,99,0
6179.11815650,6179.11795452,1908.55443972,1908.56204878,0.04245101,802.28460671,0.01998512,0.01998512,32343,99,0
6179.30870857,6179.30902985,1915.75594029,1915.74382635,0.04728495,802.39665822,0.01998512,0.01998512,32342,99,0
6179.49948651,6179.50011700,1922.96393467,1922.94014244,0.07296370,802.50798260,0.01998512,0.01998512,32341,99,0
6179.69132970,6179.69121596,1930.17811109,1930.18240643,0.05235700,802.61905370,0.01998512,0.01998512,32340,99,0
6179.88270487,6179.88232675,1937.39848048,1937.41277245,0.03198995,802.72897758,0.01998512,0.01998512,32339,99,0
6180.07377704,6180.07344936,1944.62544666,1944.63784297,0.03549602,802.83785809,0.01998512,0.01998512,32338,99,0
6180.26449748,6180.26458379,1951.85943935,1951.85617145,0.05418217,802.94567586,0.01998512,0.01998512,32337,99,0
6180.45572521,6180.45573004,1959.10089077,1959.10070760,0.06017968,803.05291916,0.01998512,0.01998512,32336,99,0
6180.64754505,6180.64688812,1966.35019349,1966.37511914,0.02910411,803.15963107,0.01998512,0.01998512,32335,99,0
6180.83803672,6180.83805802,1973.60725711,1973.60644796,0.03881740,803.26474402,0.01998512,0.01998512,32334,99,0
6181.02978934,6181.02923976,1980.87167952,1980.89257201,0.06061073,803.36967839,0.01998512,0.01998512,32333,99,0
6181.22077514,6181.22043332,1988.14305113,1988.15605667,0.04210751,803.47331254,0.01998512,0.01998512,32332,99,0
6181.41178125,6181.41163871,1995.42095992,1995.42638775,0.02538958,803.57607037,0.01998512,0.01998512,32331,99,0
6181.60304252,6181.60285592,2002.70507786,2002.71218881,0.03492256,803.67806929,0.01998512,0.01998512,32330,99,0
6181.79403584,6181.79408498,2009.99549764,2009.99362356,0.05594546,803.77902938,0.01998512,0.01998512,32329,99,0
6181.98585457,6181.98532586,2017.29244145,2017.31262354,0.02772583,803.87952537,0.01998512,0.01998512,32328,99,0
6182.17688047,6182.17657858,2024.59613279,2024.60766679,0.03227254,803.97870979,0.01998512,0.01998512,32327,99,0
6182.36770670,6182.36784313,2031.90679655,2031.90157937,0.05972255,804.07689805,0.01998512,0.01998512,32326,99,0
6182.55981877,6182.55911951,2039.22466567,2039.25143037,0.03559977,804.17484736,0.01998512,0.01998512,32325,99,0
6182.75095652,6182.75040774,2046.54998875,2046.57101444,0.01723570,804.27140369,0.01998512,0.01998512,32324,99,0
6182.94182078,6182.94170780,2053.88301769,2053.88735054,0.06150204,804.36693028,0.01998512,0.01998512,32323,99,0
6183.13278335,6183.13301970,2061.22400584,2061.21493184,0.05297782,804.46161476,0.01998512,0.01998512,32322,99,0
6183.32422110,6183.32434344,2068.57319712,2068.56849527,0.03546178,804.55564003,0.01998512,0.01998512,32321,99,0
6183.51545856,6183.51567903,2075.93061452,2075.92213275,0.05830107,804.64866955,0.01998512,0.01998512,32320,99,0
6183.70796032,6183.70702645,2083.29607435,2083.33203967,0.03518709,804.74140276,0.01998512,0.01998512,32319,99,0
6183.89834283,6183.89838572,2090.66938394,2090.66773051,0.03251470,804.83221035,0.01998512,0.01998512,32318,99,0
6184.08903668,6184.08975683,2098.05034940,2098.02256066,0.05720179,804.92225920,0.01998512,0.01998512,32317,99,0
6184.28097357,6184.28113979,2105.43879375,2105.43237359,0.03266423,805.01197306,0.01998512,0.01998512,32316,99,0
6184.47215508,6184.47253459,2112.83465046,2112.81997854,0.03471406,805.10041069,0.01998512,0.01998512,32315,99,0
6184.66337119,6184.66394125,2120.23789489,2120.21583574,0.06376094,805.18793961,0.01998512,0.01998512,32314,99,0
6184.85465947,6184.85535975,2127.64850237,2127.62137907,0.03609823,805.27457313,0.01998512,0.01998512,32313,99,0
6185.04689333,6185.04679010,2135.06644835,2135.07045019,0.05221533,805.36069625,0.01998512,0.01998512,32312,99,0
6185.23816308,6185.23823230,2142.49177157,2142.48908549,0.02574645,805.44545118,0.01998512,0.01998512,32311,99,0
6185.42916183,6185.42968636,2149.92464858,2149.90427474,0.05842772,805.52915323,0.01998512,0.01998512,32310,99,0
6185.62085577,6185.62115227,2157.36527499,2157.35374693,0.03890357,805.61222197,0.01998512,0.01998512,32309,99,0
6185.81337207,6185.81263003,2164.81384757,2164.84272807,0.05632690,805.69470050,0.01998513,0.01998512,32308,99,0
6186.00434753,6186.00411965,2172.27055407,2172.27943254,0.03438367,805.77558061,0.01998512,0.01998512,32307,99,0
6186.19525972,6186.19562112,2179.73542037,2179.72132557,0.03921463,805.85549699,0.01998512,0.01998512,32306,99,0
6186.38702188,6186.38713446,2187.20834185,2187.20394670,0.06160322,805.93482185,0.01998512,0.01998512,32305,99,0
6186.57823106,6186.57865965,2194.68920952,2194.67246098,0.02734453,806.01296840,0.01998512,0.01998512,32304,99,0
6186.76908263,6186.77019670,2202.17791366,2202.13433476,0.05460618,806.09001907,0.01998512,0.01998512,32303,99,0
6186.96194863,6186.96174561,2209.67434105,2209.68228992,0.03456902,806.16691486,0.01998512,0.01998512,32302,99,0
6187.15314450,6187.15330639,2217.17836564,2217.17202087,0.05402914,806.24217989,0.01998512,0.01998512,32301,99,0
6187.34482237,6187.34487903,2224.68985744,2224.68763489,0.03689719,806.31666608,0.01998512,0.01998512,32300,99,0
6187.53635669,6187.53646353,2232.20868556,2232.20449075,0.05478653,806.39012362,0.01998512,0.01998512,32299,99,0
6187.72809192,6187.72805990,2239.73472284,2239.73598115,0.05943385,806.46268009,0.01998512,0.01998512,32298,99,0
6187.91935760,6187.91966813,2247.26801850,2247.25580408,0.02914535,806.53408152,0.01998512,0.01998512,32297,99,0
6188.11099772,6188.11128823,2254.80885290,2254.79741495,0.03161517,806.60464348,0.01998512,0.01998512,32296,99,0
6188.30273569,6188.30292020,2262.35752364,2262.35025192,0.06892882,806.67426028,0.01998512,0.01998512,32295,99,0
6188.49493223,6188.49456404,2269.91433017,2269.92885598,0.05467664,806.74305824,0.01998513,0.01998512,32294,99,0
6188.68636679,6188.68621975,2277.47953897,2277.48534617,0.03827337,806.81060196,0.01998512,0.01998512,32293,99,0
6188.87796104,6188.87788734,2285.05319083,2285.05610460,0.05058778,806.87721830,0.01998512,0.01998512,32292,99,0
6189.06933741,6189.06956679,2292.63523556,2292.62615752,0.02766745,806.94277268,0.01998512,0.01998512,32291,99,0
6189.26126782,6189.26125812,2300.22562238,2300.22600651,0.05349976,807.00752315,0.01998512,0.01998512,32290,99,0
6189.45324950,6189.45296133,2307.82429964,2307.83572800,0.05488143,807.07129166,0.01998513,0.01998512,32289,99,0
6189.64447845,6189.64467641,2315.43117491,2315.42331606,0.02640725,807.13381260,0.01998512,0.01998512,32288,99,0
6189.83639811,6189.83640337,2323.04608697,2323.04587798,0.05142449,807.19555385,0.01998512,0.01998512,32287,99,0
6190.02796339,6190.02814221,2330.66886697,2330.66175433,0.04079878,807.25617202,0.01998512,0.01998512,32286,99,0
6190.22029401,6190.21989293,2338.29934490,2338.31531268,0.04958576,807.31601376,0.01998513,0.01998512,32285,99,0
6190.41164789,6190.41165553,2345.93739885,2345.93709431,0.04483504,807.37453474,0.01998512,0.01998512,32284,99,0
6190.60341372,6190.60343001,2353.58328673,2353.58263710,0.04388732,807.43216309,0.01998512,0.01998513,32283,99,0
6190.79509079,6190.79521637,2361.23744573,2361.23243109,0.04432896,807.48874587,0.01998512,0.01998513,32282,99,0
6190.98742183,6190.98701462,2368.90031688,2368.91659523,0.04966786,807.54449769,0.01998513,0.01998513,32281,99,0
6191.17874799,6191.17882476,2376.57234079,2376.56926860,0.02606706,807.59894011,0.01998512,0.01998513,32280,99,0
6191.37103958,6191.37064678,2384.25369361,2384.26943201,0.05340321,807.65263164,0.01998513,0.01998513,32279,99,0
6191.56288637,6191.56248068,2391.94408930,2391.96036183,0.05042881,807.70516864,0.01998513,0.01998513,32278,99,0
6191.75465706,6191.75432648,2399.64319374,2399.65646738,0.02769070,807.75665043,0.01998513,0.01998513,32277,99,0
6191.94598710,6191.94618416,2407.35067054,2407.34275004,0.05404090,807.80697767,0.01998512,0.01998513,32276,99,0
6192.13750586,6192.13805374,2415.06622268,2415.04418022,0.05555294,807.85631275,0.01998512,0.01998513,32275,99,0
6192.32935278,6192.32993521,2422.78983968,2422.76638432,0.04676530,807.90468407,0.01998512,0.01998513,32274,99,0
6192.52192525,6192.52182857,2430.52163323,2430.52553071,0.02763910,807.95218062,0.01998513,0.01998513,32273,99,0
6192.71323361,6192.71373383,2438.26171617,2438.24153092,0.05457763,807.99831347,0.01998512,0.01998513,32272,99,0
6192.90597624,6192.90565098,2446.01020389,2446.02334288,0.04240059,808.04372922,0.01998513,0.01998513,32271,99,0
6193.09756513,6193.09758002,2453.76729691,2453.76669469,0.04864009,808.08781350,0.01998513,0.01998513,32270,99,0
6193.28986571,6193.28952097,2461.53331581,2461.54727204,0.03227011,808.13099748,0.01998513,0.01998513,32269,99,0
6193.48107207,6193.48147381,2469.30859219,2469.29230981,0.04994316,808.17287693,0.01998512,0.01998513,32268,99,0
6193.67389877,6193.67343855,2477.09345987,2477.11213471,0.04762790,808.21404001,0.01998513,0.01998513,32267,99,0
6193.86521548,6193.86541519,2484.88812983,2484.88001641,0.05615925,808.25381472,0.01998513,0.01998513,32266,99,0
6194.05747049,6194.05740374,2492.69221922,2492.69493418,0.03392776,808.29270894,0.01998513,0.01998513,32265,99,0
6194.24888836,6194.24940419,2500.50516554,2500.48416476,0.06372798,808.33035614,0.01998512,0.01998513,32264,99,0
6194.44100757,6194.44141654,2508.32640240,2508.30973594,0.06494057,808.36705385,0.01998513,0.01998513,32263,99,0
6194.63322484,6194.63344080,2516.15538594,2516.14657728,0.04190513,808.40267423,0.01998513,0.01998513,32262,99,0
6194.82514019,6194.82547696,2523.99208455,2523.97833496,0.03484617,808.43714161,0.01998513,0.01998513,32261,99,0
6195.01807234,6195.01752503,2531.83693631,2531.85930454,0.04610930,808.47068539,0.01998513,0.01998513,32260,99,0
6195.20934443,6195.20958501,2539.69039934,2539.68055656,0.05467360,808.50284423,0.01998513,0.01998513,32259,99,0
6195.40122635,6195.40165690,2547.55293455,2547.53529993,0.02857230,808.53400707,0.01998513,0.01998513,32258,99,0
6195.59417973,6195.59374069,2555.42484854,2555.44285123,0.07222637,808.56423182,0.01998513,0.01998513,32257,99,0
6195.78566636,6195.78583641,2563.30604738,2563.29906692,0.04522147,808.59312012,0.01998513,0.01998513,32256,99,0
6195.97798638,6195.97794403,2571.19637303,2571.19811328,0.04693356,808.62102007,0.01998513,0.01998513,32255,99,0
6196.16994324,6196.17006357,2579.09566630,2579.09071608,0.04533480,808.64774974,0.01998513,0.01998513,32254,99,0
6196.36172162,6196.36219502,2587.00379094,2586.98429540,0.03281119,808.67333546,0.01998513,0.01998513,32253,99,0
6196.55460965,6196.55433839,2594.92079377,2594.93197685,0.04178308,808.69793740,0.01998513,0.01998513,32252,99,0
6196.74639682,6196.74649367,2602.84680684,2602.84280967,0.04181652,808.72127025,0.01998513,0.01998513,32251,99,0
6196.93881522,6196.93866088,2610.78196353,2610.78834026,0.04815374,808.74354553,0.01998513,0.01998513,32250,99,0
6197.13110143,6197.13084000,2618.72639833,2618.73721156,0.04467116,808.76466699,0.01998513,0.01998513,32249,99,0
6197.32293587,6197.32303105,2626.68025380,2626.67631246,0.05518083,808.78460123,0.01998513,0.01998513,32248,99,0
6197.51518976,6197.51523402,2634.64368159,2634.64184694,0.05351912,808.80343549,0.01998513,0.01998513,32247,99,0
6197.70762921,6197.70744890,2642.61683480,2642.62431849,0.05584653,808.82113780,0.01998513,0.01998513,32246,99,0
6197.90002089,6197.89967572,2650.59986748,2650.61421082,0.05025563,808.83768169,0.01998513,0.01998513,32245,99,0
6198.09280194,6198.09191446,2658.59286662,2658.62978859,0.04741885,808.85309767,0.01998513,0.01998513,32244,99,0
6198.28536797,6198.28416512,2666.59573486,2666.64583529,0.05029847,808.86733148,0.01998513,0.01998513,32243,99,0
6198.47680571,6198.47642771,2674.60834304,2674.62410513,0.05024213,808.88032346,0.01998513,0.01998513,32242,99,0
6198.66907105,6198.66870223,2682.63056101,2682.64595792,0.04390952,808.89220481,0.01998513,0.01998513,32241,99,0
6198.86138552,6198.86098868,2690.66228633,2690.67887127,0.05286350,808.90291530,0.01998513,0.01998513,32240,99,0
6199.05389281,6199.05328706,2698.70360561,2698.72895062,0.04683032,808.91245680,0.01998513,0.01998513,32239,99,0
6199.24626824,6199.24559737,2706.75468322,2706.78278565,0.05063583,808.92080878,0.01998513,0.01998513,32238,99,0
6199.43724866,6199.43791962,2714.81568487,2714.78754566,0.04317322,808.92792652,0.01998513,0.01998513,32237,99,0
6199.63045622,6199.63025380,2722.88676423,2722.89526381,0.04728187,808.93393322,0.01998513,0.01998513,32236,99,0
6199.82274335,6199.82259991,2730.96784422,2730.97387388,0.05204140,808.93871461,0.01998513,0.01998513,32235,99,0
6200.01493822,6200.01495796,2739.05864895,2739.05781805,0.04149266,808.94229638,0.01998513,0.01998513,32234,99,0
6200.20759435,6200.20732795,2747.15889409,2747.17011778,0.03619462,808.94468122,0.01998513,0.01998513,32233,99,0
6200.40019574,6200.39970987,2755.26829660,2755.28878815,0.04643540,808.94585489,0.01998513,0.01998513,32232,99,0
6200.59277821,6200.59210374,2763.38681628,2763.41529267,0.06577786,808.94581444,0.01998513,0.01998513,32231,99,0
6200.78487819,6200.78450954,2771.51481969,2771.53040168,0.06351987,808.94456075,0.01998513,0.01998513,32230,99,0
6200.97727866,6200.97692729,2779.65271440,2779.66758359,0.04900130,808.94208627,0.01998513,0.01998513,32229,99,0
6201.16878536,6201.16935698,2787.80091091,2787.77669126,0.04618487,808.93840761,0.01998513,0.01998513,32228,99,0
6201.36202882,6201.36179861,2795.95971611,2795.96948189,0.03513799,808.93346155,0.01998513,0.01998513,32227,99,0
6201.55489649,6201.55425219,2804.12910015,2804.15646666,0.05282875,808.92728458,0.01998513,0.01998513,32226,99,0
6201.74645652,6201.74671772,2812.30896561,2812.29785785,0.04073202,808.91991831,0.01998513,0.01998513,32225,99,0
6201.93898432,6201.93919519,2820.49921432,2820.49023625,0.06216000,808.91127416,0.01998513,0.01998513,32224,99,0
6202.13158672,6202.13168461,2828.69975666,2828.69558382,0.05011021,808.90137779,0.01998513,0.01998513,32223,99,0
6202.32447577,6202.32418598,2836.91055806,2836.92292599,0.04661705,808.89021040,0.01998513,0.01998513,32222,99,0
6202.51710217,6202.51669930,2845.13160425,2845.14881833,0.03927133,808.87779915,0.01998513,0.01998513,32221,99,0
6202.70969357,6202.70922457,2853.36288083,2853.38294415,0.06040797,808.86412789,0.01998513,0.01998513,32220,99,0
6202.90160653,6202.90176180,2861.60436709,2861.59771693,0.04174344,808.84924496,0.01998513,0.01998513,32219,99,0
6203.09406377,6203.09431098,2869.85597434,2869.84537411,0.04368280,808.83305264,0.01998513,0.01998513,32218,99,0
6203.28667995,6203.28687211,2878.11757106,2878.10932209,0.03387817,808.81557232,0.01998513,0.01998513,32217,99,0
6203.47925175,6203.47944520,2886.38902406,2886.38071013,0.04877950,808.79681732,0.01998513,0.01998513,32216,99,0
6203.67269532,6203.67203025,2894.67021166,2894.69882568,0.04731978,808.77668616,0.01998513,0.01998513,32215,99,0
6203.86441938,6203.86462725,2902.96127975,2902.95232593,0.03435938,808.75545240,0.01998513,0.01998513,32214,99,0
6204.05708429,6204.05723622,2911.26263295,2911.25608072,0.04213385,808.73282381,0.01998513,0.01998513,32213,99,0
6204.24985981,6204.24985714,2919.57468930,2919.57480445,0.04649563,808.70888160,0.01998513,0.01998513,32212,99,0
6204.44216060,6204.44249003,2927.89786373,2927.88362042,0.03381070,808.68369623,0.01998513,0.01998513,32211,99,0
6204.63484966,6204.63513488,2936.23228800,2936.21994060,0.03364340,808.65715025,0.01998513,0.01998513,32210,99,0
6204.82763576,6204.82779170,2944.57769508,2944.57093604,0.05715749,808.62927480,0.01998513,0.01998513,32209,99,0
6205.01995376,6205.02046048,2952.93378611,2952.91179670,0.02871302,808.60015165,0.01998513,0.01998513,32208,99,0
6205.21311000,6205.21314122,2961.30026163,2961.29890506,0.04332114,808.56957561,0.01998513,0.01998513,32207,99,0
6205.40507280,6205.40583393,2969.67703141,2969.64392389,0.06334850,808.53786776,0.01998513,0.01998513,32206,99,0
6205.59786515,6205.59853861,2978.06441399,2978.03508369,0.03739376,808.50469192,0.01998513,0.01998513,32205,99,0
6205.79097870,6205.79125526,2986.46277712,2986.45071720,0.05923001,808.47011740,0.01998513,0.01998513,32204,99,0
6205.98394527,6205.98398389,2994.87249111,2994.87080480,0.03672518,808.43421974,0.01998513,0.01998513,32203,99,0
6206.17692399,6206.17672448,3003.29380409,3003.30252679,0.05679984,808.39696458,0.01998513,0.01998513,32202,99,0
6206.37026530,6206.36947704,3011.72664640,3011.76115483,0.03887060,808.35827546,0.01998513,0.01998513,32201,99,0
6206.56169744,6206.56224158,3020.17089739,3020.14704546,0.02866019,808.31861882,0.01998513,0.01998513,32200,99,0
6206.75485426,6206.75501810,3028.62643543,3028.61924470,0.05248469,808.27723936,0.01998513,0.01998513,32199,99,0
6206.94802540,6206.94780659,3037.09320405,3037.10281969,0.02629308,808.23448027,0.01998513,0.01998513,32198,99,0
6207.14060677,6207.14060706,3045.57135852,3045.57134595,0.05163651,808.19047561,0.01998513,0.01998513,32197,99,0
6207.33301451,6207.33341950,3054.06109772,3054.04325385,0.02463102,808.14513232,0.01998513,0.01998513,32196,99,0
6207.52593664,6207.52624393,3062.56262202,3062.54906489,0.05569969,808.09827833,0.01998513,0.01998513,32195,99,0
6207.71852044,6207.71908033,3071.07600665,3071.05127234,0.02987581,808.05011311,0.01998513,0.01998513,32194,99,0
6207.91250797,6207.91192872,3079.60084762,3079.62646911,0.05012609,808.00018643,0.01998513,0.01998513,32193,99,0
6208.10482535,6208.10478909,3088.13662419,3088.13823001,0.02887194,807.94929034,0.01998513,0.01998513,32192,99,0
6208.29816423,6208.29766145,3096.68281131,3096.70510206,0.04412976,807.89671795,0.01998513,0.01998513,32191,99,0
6208.49041427,6208.49054579,3105.23908318,3105.23324558,0.04676262,807.84304124,0.01998513,0.01998513,32190,99,0
6208.68353264,6208.68344211,3113.80596452,3113.80998760,0.03528221,807.78770826,0.01998513,0.01998513,32189,99,0
6208.87643512,6208.87635043,3122.38420774,3122.38797647,0.05363995,807.73101269,0.01998513,0.01998513,32188,99,0
6209.06982555,6209.06927073,3130.97457133,3130.99929388,0.04427283,807.67273430,0.01998513,0.01998513,32187,99,0
6209.26217088,6209.26220302,3139.57764324,3139.57620907,0.04878596,807.61333170,0.01998513,0.01998513,32186,99,0
6209.45467781,6209.45514730,3148.19324808,3148.17226950,0.05308030,807.55243766,0.01998513,0.01998513,32185,99,0
6209.64814642,6209.64810358,3156.82100032,3156.82291719,0.04014451,807.48978357,0.01998513,0.01998513,32184,99,0
6209.84074925,6209.84107184,3165.46051111,3165.44605882,0.04036738,807.42595756,0.01998513,0.01998513,32183,99,0
6210.03448908,6210.03405211,3174.11149834,3174.13109962,0.04396583,807.36028964,0.01998513,0.01998513,32182,99,0
6210.22736813,6210.22704436,3182.77414192,3182.78868419,0.05067795,807.29344720,0.01998513,0.01998513,32181,99,0
6210.42010541,6210.42004861,3191.44874576,3191.45130016,0.04339261,807.22518477,0.01998513,0.01998513,32180,99,0
6210.61380982,6210.61306486,3200.13561623,3200.16916695,0.04479023,807.15509217,0.01998513,0.01998513,32179,99,0
6210.80646503,6210.80609311,3208.83496701,3208.85174002,0.04228238,807.08389258,0.01998513,0.01998513,32178,99,0
6210.99814504,6210.99913336,3217.54664771,3217.50201636,0.04011651,807.01157763,0.01998513,0.01998513,32177,99,0
6211.19258188,6211.19218561,3226.27041876,3226.28833739,0.05714552,806.93671505,0.01998513,0.01998513,32176,99,0
6211.38550530,6211.38524986,3235.00603852,3235.01760403,0.02943617,806.86093109,0.01998513,0.01998513,32175,99,0
6211.57847484,6211.57832611,3243.75337999,3243.76012256,0.04687335,806.78362596,0.01998513,0.01998513,32174,99,0
6211.77181125,6211.77141437,3252.51269777,3252.53071413,0.04935331,806.70465860,0.01998513,0.01998513,32173,99,0
6211.96462734,6211.96451463,3261.28432682,3261.28945035,0.05701024,806.62438459,0.01998513,0.01998513,32172,99,0
6212.15675673,6212.15762690,3270.06860471,3270.02899467,0.03010113,806.54287867,0.01998513,0.01998513,32171,99,0
6212.35024901,6212.35075118,3278.86577324,3278.84288248,0.04811154,806.45925513,0.01998513,0.01998513,32170,99,0
6212.54397775,6212.54388746,3287.67581664,3287.67993811,0.04486157,806.37397583,0.01998513,0.01998513,32169,99,0
6212.73739812,6212.73703575,3296.49867673,3296.51524082,0.04859083,806.28727602,0.01998513,0.01998513,32168,99,0
6212.93012739,6212.93019606,3305.33429479,3305.33115156,0.05292631,806.19933393,0.01998513,0.01998513,32167,99,0
6213.12247012,6213.12336838,3314.18261939,3314.14144630,0.06429873,806.11001823,0.01998513,0.01998513,32166,99,0
6213.31623711,6213.31655271,3323.04361437,3323.02912867,0.05302290,806.01846992,0.01998513,0.01998513,32165,99,0
6213.51006735,6213.50974905,3331.91724507,3331.93187466,0.02411638,805.92530832,0.01998513,0.01998513,32164,99,0
6213.70310247,6213.70295741,3340.80347952,3340.81015593,0.05417109,805.83094937,0.01998513,0.01998513,32163,99,0
6213.89558584,6213.89617779,3349.70244277,3349.67516103,0.05267631,805.73528339,0.01998513,0.01998513,32162,99,0
6214.08893438,6214.08941018,3358.61448990,3358.59253004,0.05191958,805.63759243,0.01998513,0.01998513,32161,99,0
6214.28266385,6214.28265459,3367.53999701,3367.54042525,0.04597040,805.53809532,0.01998513,0.01998513,32160,99,0
6214.47578631,6214.47591102,3376.47932938,3376.47355645,0.06120239,805.43729176,0.01998513,0.01998513,32159,99,0
6214.66894659,6214.66917947,3385.43252813,3385.42173170,0.03239169,805.33484530,0.01998513,0.01998513,32158,99,0
6214.86327050,6214.86245995,3394.39930526,3394.43693575,0.01801045,805.23014044,0.01998514,0.01998513,32157,99,0
6215.05579711,6215.05575245,3403.37935559,3403.38143214,0.03850240,805.12477778,0.01998513,0.01998513,32156,99,0
6215.24896746,6215.24905697,3412.37239385,3412.36822705,0.04275122,805.01743318,0.01998513,0.01998513,32155,99,0
6215.44316779,6215.44237351,3421.37840296,3421.41543172,0.05107695,804.90786479,0.01998514,0.01998513,32154,99,0
6215.63537279,6215.63570209,3430.39754361,3430.38217056,0.04911783,804.79778367,0.01998513,0.01998513,32153,99,0
6215.82923186,6215.82904269,3439.42998094,3439.43882473,0.04660143,804.68509576,0.01998513,0.01998513,32152,99,0
6216.02214672,6216.02239532,3448.47588576,3448.46424663,0.03171945,804.57129380,0.01998513,0.01998513,32151,99,0
6216.21517440,6216.21575998,3457.53545775,3457.50800234,0.03989647,804.45575602,0.01998513,0.01998513,32150,99,0
6216.40854027,6216.40913667,3466.60890922,3466.58090467,0.03164291,804.33833240,0.01998513,0.01998513,32149,99,0
6216.60264868,6216.60252539,3475.69645427,3475.70225230,0.04544465,804.21875369,0.01998513,0.01998513,32148,99,0
6216.79579779,6216.79592615,3484.79822790,3484.79218262,0.03872381,804.09806257,0.01998513,0.01998513,32147,99,0
6216.98862396,6216.98933894,3493.91408672,3493.88036405,0.05863961,803.97587343,0.01998513,0.01998513,32146,99,0
6217.18261193,6217.18276376,3503.04382560,3503.03665406,0.06459530,803.85123034,0.01998513,0.01998513,32145,99,0
6217.37607913,6217.37620062,3512.18723743,3512.18149044,0.03890804,803.72520205,0.01998513,0.01998513,32144,99,0
6217.56972212,6217.56964952,3521.34411110,3521.34754995,0.04431215,803.59733573,0.01998513,0.01998513,32143,99,0
6217.76251242,6217.76311046,3530.51422991,3530.48586325,0.04502622,803.46831613,0.01998513,0.01998513,32142,99,0
6217.95694187,6217.95658344,3539.69737465,3539.71439885,0.04598740,803.33646186,0.01998514,0.01998513,32141,99,0
6218.14982084,6218.15006846,3548.89335756,3548.88158083,0.05625568,803.20393123,0.01998513,0.01998513,32140,99,0
6218.34325267,6218.34356552,3558.10267479,3558.08777386,0.05383398,803.06927891,0.01998513,0.01998513,32139,99,0
6218.53704633,6218.53707462,3567.32646848,3567.32511850,0.05698006,802.93260201,0.01998513,0.01998513,32138,99,0
6218.73043957,6218.73059577,3576.56591599,3576.55845203,0.02186948,802.79441385,0.01998513,0.01998513,32137,99,0
6218.92338045,6218.92412897,3585.82199874,3585.78616880,0.03838478,802.65474088,0.01998513,0.01998513,32136,99,0
6219.11841070,6219.11767421,3595.09416120,3595.12947220,0.05199643,802.51172037,0.01998514,0.01998513,32135,99,0
6219.31178391,6219.31123150,3604.38114256,3604.40766650,0.03306311,802.36810530,0.01998514,0.01998513,32134,99,0
6219.50454918,6219.50480084,3613.68166684,3613.66956744,0.04482627,802.22316094,0.01998513,0.01998513,32133,99,0
6219.69823342,6219.69838222,3622.99506563,3622.98790163,0.04290112,802.07573882,0.01998513,0.01998513,32132,99,0
6219.89316382,6219.89197566,3632.32256601,3632.37985753,0.04308864,801.92553349,0.01998514,0.01998513,32131,99,0
6220.08559907,6220.08558115,3641.66577026,3641.66663572,0.03999222,801.77541257,0.01998513,0.01998513,32130,99,0
6220.27839746,6220.27919870,3651.02626273,3650.98749099,0.05910383,801.62314334,0.01998513,0.01998514,32129,99,0
6220.47364260,6220.47282830,3660.40437816,3660.44385162,0.04070040,801.46702494,0.01998514,0.01998514,32128,99,0
6220.66659573,6220.66646995,3669.79882515,3669.80493187,0.04566390,801.31085705,0.01998514,0.01998514,32127,99,0
6220.86113983,6220.86012366,3679.20819223,3679.25760150,0.04740959,801.15152311,0.01998514,0.01998514,32126,99,0
6221.05380652,6221.05378943,3688.63122594,3688.63205804,0.02551482,800.99188181,0.01998514,0.01998514,32125,99,0
6221.24849293,6221.24746726,3698.06821162,3698.11822486,0.05453334,800.82869008,0.01998514,0.01998514,32124,99,0
6221.44049597,6221.44115715,3707.52026008,3707.48796842,0.05131392,800.66587375,0.01998513,0.01998514,32123,99,0
6221.63496159,6221.63485910,3716.98850014,3716.99351429,0.05346511,800.49904483,0.01998514,0.01998514,32122,99,0
6221.82994939,6221.82857311,3726.47365084,3726.54109731,0.02252338,800.32980237,0.01998514,0.01998514,32121,99,0
6222.02245021,6222.02229919,3735.97517607,3735.98258921,0.06286304,800.16078891,0.01998514,0.01998514,32120,99,0
6222.21606624,6222.21603733,3745.49229868,3745.49372016,0.06163860,799.98886821,0.01998514,0.01998514,32119,99,0
6222.41092632,6222.40978753,3755.02425500,3755.08032135,0.05982293,799.81389668,0.01998514,0.01998514,32118,99,0
6222.60376917,6222.60354981,3764.57082580,3764.58164175,0.04542710,799.63881085,0.01998514,0.01998514,32117,99,0
6222.79883399,6222.79732415,0.00000000,3774.19719950,0.04880456,799.45992639,0.01998514,0.01998514,32116,99,1
6222.99076332,6222.99111056,3783.70930793,3783.69213417,0.03509931,799.28161422,0.01998514,0.01998514,32115,99,0
6223.18493539,6223.18490904,3793.30198947,3793.30329484,0.05401740,799.09942750,0.01998514,0.01998514,32114,99,0
6223.37829824,6223.37871959,3802.91062171,3802.88971573,0.05270164,798.91601412,0.01998514,0.01998514,32113,99,0
6223.57261209,6223.57254221,3812.53534302,3812.53881579,0.04260547,798.72969141,0.01998514,0.01998514,32112,99,0
6223.76543727,6223.76637691,3822.17629218,3822.12951839,0.06254655,798.54279615,0.01998513,0.01998514,32111,99,0
6223.95986800,6223.96022368,3831.83354919,3831.81581520,0.06161674,798.35231755,0.01998514,0.01998514,32110,99,0
6224.15389003,6224.15408253,3841.50709284,3841.49747922,0.05796275,798.16020223,0.01998514,0.01998514,32109,99,0
6224.34911859,6224.34795346,3851.19689164,3851.25517293,0.05745164,797.96483038,0.01998514,0.01998514,32108,99,0
6224.54173955,6224.54183646,3860.90297240,3860.89811708,0.04673566,797.77003219,0.01998514,0.01998514,32107,99,0
6224.73565126,6224.73573154,3870.62588400,3870.62185483,0.05891089,797.57186653,0.01998514,0.01998514,32106,99,0
6224.93121736,6224.92963871,0.00000000,3880.45674980,0.04705847,797.36966290,0.01998514,0.01998514,32105,99,1
6225.12259583,6225.12355795,3890.12551859,3890.07705395,0.05156796,797.17014641,0.01998513,0.01998514,32104,99,0
6225.31906143,6225.31748928,3899.90335674,3899.98269473,0.05474489,796.96292981,0.01998514,0.01998514,32103,99,0
6225.51095223,6225.51143269,3909.69902505,3909.67473778,0.05028584,796.75843098,0.01998514,0.01998514,32102,99,0
6225.70621022,6225.70538819,3919.51140910,3919.55302911,0.06386639,796.54822067,0.01998514,0.01998514,32101,99,0
6225.89943643,6225.89935577,3929.33954025,3929.34363033,0.03330846,796.33810160,0.01998514,0.01998514,32100,99,0
6226.09380213,6226.09333544,3939.18408330,3939.20778856,0.03663015,796.12461699,0.01998514,0.01998514,32099,99,0
6226.28726318,6226.28732720,3949.04668716,3949.04342946,0.04620590,795.90996368,0.01998514,0.01998514,32098,99,0
6226.48165131,6226.48133104,3958.92902524,3958.94535601,0.05593960,795.69206234,0.01998514,0.01998514,32097,99,0
6226.67589749,6226.67534698,3968.83166117,3968.85978558,0.03944013,795.47207492,0.01998514,0.01998514,32096,99,0
6226.86951526,6226.86937501,3978.75269293,3978.75986985,0.04966910,795.25059760,0.01998514,0.01998514,32095,99,0
6227.06461516,6227.06341513,3988.68987020,3988.75136969,0.04848440,795.02524316,0.01998514,0.01998514,32094,99,0
6227.25823843,6227.25746735,3998.64125065,3998.68082089,0.04790663,794.79946479,0.01998514,0.01998514,32093,99,0
6227.45276350,6227.45153166,4008.60789181,4008.67120857,0.06454450,794.57046629,0.01998514,0.01998514,32092,99,0
6227.64657763,6227.64560807,4018.59247444,4018.64240311,0.05677716,794.34007280,0.01998514,0.01998514,32091,99,0
6227.83953891,6227.83969657,4028.59770437,4028.58956798,0.03591743,794.10840797,0.01998514,0.01998514,32090,99,0
6228.03479428,6228.03379717,4038.62471465,4038.67627571,0.06738444,793.87163023,0.01998514,0.01998514,32089,99,0
6228.22796604,6228.22790988,4048.67185510,4048.67476459,0.06114902,793.63507186,0.01998514,0.01998514,32088,99,0
6228.42204893,6228.42203468,4058.73717627,4058.73791562,0.04319849,793.39512228,0.01998514,0.01998514,32087,99,0
6228.61526358,6228.61617159,4068.81901543,4068.77182444,0.03803978,793.15401069,0.01998514,0.01998514,32086,99,0
6228.81061509,6228.81032059,4078.91755899,4078.93288979,0.04518300,792.90795150,0.01998514,0.01998514,32085,99,0
nan,nan,0.00000000,-1.00000000,0.00000000,792.66228980,nan,0.00000000,-2147483648,99,1
nan,nan,0.00000000,-1.00000000,0.00000000,786.39902060,nan,0.00000000,-2147483648,98,1
6185.23538598,6185.23823230,0.00000000,8.47511285,0.16804483,786.67805449,0.01998511,0.01998512,32311,98,1
6185.42397382,6185.42968636,0.00000000,14.18234370,0.08870637,786.96832714,0.01998511,0.01998512,32310,98,1
6185.62045524,6185.62115227,20.15440268,20.13328900,0.25457034,787.27035290,0.01998512,0.01998512,32309,98,0
6185.81155099,6185.81263003,25.95616101,25.92345649,0.11560349,787.56358935,0.01998512,0.01998512,32308,98,0
6186.00784322,6186.00411965,0.00000000,31.87197739,0.09187511,787.86419894,0.01998514,0.01998512,32307,98,1
6186.19344463,6186.19562112,37.57111958,37.50507362,0.14564876,788.14826448,0.01998512,0.01998512,32306,98,0
6186.39267126,6186.38713446,0.00000000,43.54780250,0.08857739,788.45233377,0.01998514,0.01998512,32305,98,1
6186.58044457,6186.57865965,49.20123024,49.25545622,0.19188715,788.73892123,0.01998513,0.01998512,32304,98,0
6186.76594054,6186.77019670,0.00000000,54.88558344,0.10126959,789.02102505,0.01998511,0.01998512,32303,98,1
6186.96218455,6186.96174561,60.84557280,60.85892163,0.11376263,789.31968419,0.01998513,0.01998512,32302,98,0
6187.15390891,6187.15330639,66.67275771,66.69109068,0.09518162,789.61064768,0.01998513,0.01998512,32301,98,0
6187.34379570,6187.34487903,72.50311923,72.47014108,0.05237404,789.89833993,0.01998512,0.01998512,32300,98,0
6187.53811071,6187.53646353,78.33667699,78.38684481,0.13436147,790.19224424,0.01998513,0.01998512,32299,98,0
6187.72953468,6187.72805990,84.17357703,84.21851753,0.10708330,790.48129054,0.01998513,0.01998512,32298,98,0
6187.91804020,6187.91966813,90.01397033,89.96433583,0.12229693,790.76546570,0.01998512,0.01998512,32297,98,0
6188.11319029,6188.11128823,95.85800843,95.91603460,0.10413532,791.05917880,0.01998513,0.01998512,32296,98,0
6188.29797084,6188.30292020,0.00000000,101.55138952,0.03400478,791.33667608,0.01998511,0.01998512,32295,98,1
6188.49230815,6188.49456404,107.55761921,107.48871517,0.01759344,791.62840707,0.01998512,0.01998512,32294,98,0
6188.68708857,6188.68621975,113.41337346,113.43992705,0.07564054,791.92016549,0.01998513,0.01998512,32293,98,0
6188.87933270,6188.87788734,119.27307339,119.31727486,0.10156652,792.20765924,0.01998513,0.01998512,32292,98,0
6189.06702601,6189.06956679,0.00000000,125.05732578,0.15278717,792.48781983,0.01998512,0.01998512,32291,98,1
6189.26117090,6189.26125812,131.00417335,131.00150277,0.12336858,792.77730058,0.01998512,0.01998512,32290,98,0
6189.45328150,6189.45296133,136.87550458,136.88531353,0.09632775,793.06319739,0.01998513,0.01998512,32289,98,0
6189.64797264,6189.64467641,0.00000000,142.84977016,0.10593702,793.35235877,0.01998514,0.01998512,32288,98,1
6189.83618177,6189.83640337,148.62953665,148.62273965,0.10172499,793.63160958,0.01998512,0.01998512,32287,98,0
6190.02906767,6190.02814221,154.51213224,154.54053348,0.06122505,793.91722557,0.01998513,0.01998512,32286,98,0
6190.22068638,6190.21989293,160.39837299,160.42273660,0.14142267,794.20048144,0.01998513,0.01998512,32285,98,0
6190.41027354,6190.41165553,166.28820268,166.24574453,0.10725660,794.48025600,0.01998512,0.01998512,32284,98,0
6190.60515628,6190.60343001,172.18156489,172.23462872,0.07267749,794.76734566,0.01998513,0.01998513,32283,98,0
6190.79714929,6190.79521637,178.07843086,178.13787867,0.10682325,795.04968059,0.01998513,0.01998513,32282,98,0
6190.98502780,6190.98701462,183.97890423,183.91776451,0.04416158,795.32549049,0.01998512,0.01998513,32281,98,0
6191.17702082,6191.17882476,189.88312832,189.82758400,0.04304465,795.60686138,0.01998512,0.01998513,32280,98,0
6191.36674055,6191.37064678,0.00000000,195.67310489,0.06303790,795.88453509,0.01998511,0.01998513,32279,98,1
6191.56542308,6191.56248068,0.00000000,201.79707578,0.10807410,796.17475743,0.01998514,0.01998513,32278,98,1
6191.75679998,6191.75432648,207.61974629,207.69605219,0.11321883,796.45366073,0.01998513,0.01998513,32277,98,0
6191.94668279,6191.94618416,213.54034925,213.55574164,0.04518402,796.73006898,0.01998513,0.01998513,32276,98,0
6192.13778743,6192.13805374,219.46509990,219.45687404,0.10980567,797.00778996,0.01998512,0.01998513,32275,98,0
6192.32871796,6192.32993521,225.39385075,225.35622922,0.05071525,797.28478315,0.01998512,0.01998513,32274,98,0
6192.52229220,6192.52182857,231.32645371,231.34079160,0.06678298,797.56511904,0.01998513,0.01998513,32273,98,0
6192.71444960,6192.71373383,237.26276012,237.28490759,0.06377497,797.84290423,0.01998513,0.01998513,32272,98,0
6192.90599233,6192.90565098,243.20262214,243.21319000,0.13729395,798.11929826,0.01998513,0.01998513,32271,98,0
6193.09571036,6193.09758002,249.14598686,249.08807465,0.06360333,798.39256116,0.01998512,0.01998513,32270,98,0
6193.42914216,nan,0.00000000,259.42429702,0.18311244,798.87178732,0.01998496,0.01998513,32268,98,1
6193.42914216,nan,0.00000000,259.42429702,0.18311244,798.87178732,0.01998496,0.01998513,32268,98,1
6193.67423619,6193.67343855,266.99817287,267.02292223,0.05635240,799.22282734,0.01998513,0.01998513,32267,98,0
6193.86370292,6193.86541519,272.95665448,272.90349347,0.08835959,799.49376366,0.01998512,0.01998513,32266,98,0
6194.05816894,6194.05740374,278.91920494,278.94297719,0.05037570,799.77135555,0.01998513,0.01998513,32265,98,0
6194.24714471,6194.24940419,0.00000000,284.82227913,0.08848323,800.04093677,0.01998512,0.01998513,32264,98,1
6194.44193107,6194.44141654,290.85666136,290.87266614,0.06608530,800.31769494,0.01998513,0.01998513,32263,98,0
6194.63401035,6194.63344080,296.83155369,296.84928122,0.06566979,800.59041366,0.01998513,0.01998513,32262,98,0
6194.82635634,6194.82547696,302.81054489,302.83793279,0.04893482,800.86301875,0.01998513,0.01998513,32261,98,0
6195.01759844,6195.01752503,308.79362700,308.79591483,0.08871858,801.13356932,0.01998513,0.01998513,32260,98,0
6195.20900623,6195.20958501,314.78079385,314.76274582,0.04838790,801.40386353,0.01998512,0.01998513,32259,98,0
6195.40183891,6195.40165690,320.77205356,320.77773288,0.06941448,801.67567251,0.01998513,0.01998513,32258,98,0
6195.59458837,6195.59374069,326.76742112,326.79388727,0.04899564,801.94686471,0.01998513,0.01998513,32257,98,0
6195.78518228,6195.78583641,332.76691162,332.74647565,0.07186792,802.21453252,0.01998512,0.01998513,32256,98,0
6195.97913843,6195.97794403,338.77054018,338.80787852,0.07141995,802.48641977,0.01998513,0.01998513,32255,98,0
6196.16907915,6196.17006357,344.77832200,344.74752851,0.02980537,802.75218640,0.01998512,0.01998513,32254,98,0
6196.36285129,6196.36219502,350.79025790,350.81079955,0.10739403,803.02281126,0.01998513,0.01998513,32253,98,0
6196.55373305,6196.55433839,356.80629771,356.78733863,0.03986597,803.28889943,0.01998513,0.01998513,32252,98,0
6196.74604021,6196.74649367,362.82637983,362.81216872,0.10724435,803.55646886,0.01998513,0.01998513,32251,98,0
6196.93902863,6196.93866088,368.85044242,368.86197424,0.06160776,803.82447185,0.01998513,0.01998513,32250,98,0
6197.12946302,6197.13084000,374.87842335,374.83521992,0.06143713,804.08841907,0.01998512,0.01998513,32249,98,0
6197.32219286,6197.32303105,380.91026107,380.88394744,0.05455212,804.35502918,0.01998513,0.01998513,32248,98,0
6197.51532499,6197.51523402,386.94594443,386.94880197,0.04403072,804.62167066,0.01998513,0.01998513,32247,98,0
6197.70749222,6197.70744890,392.98554213,392.98690371,0.04117094,804.88646011,0.01998513,0.01998513,32246,98,0
6197.90216648,6197.89967572,0.00000000,399.10522543,0.03476243,805.15407962,0.01998514,0.01998513,32245,98,1
6198.08974772,6198.09191446,0.00000000,405.00619851,0.02741271,805.41153624,0.01998512,0.01998513,32244,98,1
6198.28434887,6198.28416512,411.12858250,411.13436839,0.04184250,805.67822364,0.01998513,0.01998513,32243,98,0
6198.47488728,6198.47642771,417.18459653,417.13605975,0.04814594,805.93873370,0.01998512,0.01998513,32242,98,0
6198.66965265,6198.66870223,423.24485051,423.27481615,0.07027667,806.20450405,0.01998513,0.01998513,32241,98,0
6198.86152380,6198.86098868,429.30933324,429.32621548,0.05799439,806.46581023,0.01998513,0.01998513,32240,98,0
6199.05259924,6199.05328706,435.37803278,435.35631909,0.04475398,806.72552317,0.01998513,0.01998513,32239,98,0
6199.24449033,6199.24559737,441.45093712,441.41596730,0.04854198,806.98583115,0.01998513,0.01998513,32238,98,0
6199.43943011,6199.43791962,447.52803419,447.57577862,0.08532593,807.24974592,0.01998513,0.01998513,32237,98,0
6199.63201648,6199.63025380,453.60931420,453.66506472,0.08300604,807.50994938,0.01998513,0.01998513,32236,98,0
6199.82188282,6199.82259991,459.69477772,459.67208319,0.07286289,807.76596557,0.01998513,0.01998513,32235,98,0
6200.01523683,6200.01495796,465.78442824,465.79325932,0.04753651,808.02616068,0.01998513,0.01998513,32234,98,0
6200.20697257,6200.20732795,471.87826924,471.86700819,0.05510186,808.28365495,0.01998513,0.01998513,32233,98,0
6200.39894450,6200.39970987,477.97630420,477.95203609,0.05958318,808.54094332,0.01998513,0.01998513,32232,98,0
6200.59101837,6200.59210374,484.07853614,484.04410036,0.06306355,808.79784333,0.01998513,0.01998513,32231,98,0
6200.78265068,6200.78450954,490.18493580,490.12592294,0.03643567,809.05362693,0.01998512,0.01998513,32230,98,0
6200.97865647,6200.97692729,496.29542115,496.35035020,0.06635226,809.31469988,0.01998514,0.01998513,32229,98,0
6201.17017963,6201.16935698,502.40990497,502.43605231,0.08639991,809.56926163,0.01998513,0.01998513,32228,98,0
6201.36290335,6201.36179861,508.52829971,508.56343314,0.06891676,809.82487495,0.01998513,0.01998513,32227,98,0
6201.55432561,6201.55425219,514.65051740,514.65285339,0.06009336,810.07821693,0.01998513,0.01998513,32226,98,0
6201.74778066,6201.74671772,520.77648869,520.81033041,0.04680411,810.33369319,0.01998513,0.01998513,32225,98,0
6201.93879970,6201.93919519,526.90634796,526.89374887,0.04601699,810.58540833,0.01998513,0.01998513,32224,98,0
6202.13253527,6202.13168461,533.04035443,533.06747077,0.04229342,810.84016045,0.01998513,0.01998513,32223,98,0
6202.32415650,6202.32418598,539.17877022,539.17782981,0.04518883,811.09160411,0.01998513,0.01998513,32222,98,0
6202.51605249,6202.51669930,545.32185849,545.30121143,0.06978917,811.34289117,0.01998513,0.01998513,32221,98,0
6202.70930468,6202.70922457,551.46988347,551.47244260,0.04778283,811.59544050,0.01998513,0.01998513,32220,98,0
6202.90350639,6202.90176180,557.62298848,557.67876288,0.07326367,811.84871572,0.01998514,0.01998513,32219,98,0
6203.09544499,6203.09431098,563.78093636,563.81721589,0.07896851,812.09852089,0.01998513,0.01998513,32218,98,0
6203.28681012,6203.28687211,569.94341477,569.94143034,0.04418332,812.34705246,0.01998513,0.01998513,32217,98,0
6203.47861916,6203.47944520,576.11011004,576.08365036,0.02840875,812.59561834,0.01998513,0.01998513,32216,98,0
6203.67057239,6203.67203025,582.28070715,582.23398351,0.04290700,812.84381374,0.01998513,0.01998513,32215,98,0
6203.86543175,6203.86462725,588.45490282,588.48069957,0.06613529,813.09518290,0.01998513,0.01998513,32214,98,0
6204.05748589,6204.05723622,594.63269271,594.64070299,0.07173938,813.34235636,0.01998513,0.01998513,32213,98,0
6204.24913465,6204.24985714,600.81437285,600.79117930,0.03033549,813.58844776,0.01998513,0.01998513,32212,98,0
6204.44207830,6204.44249003,607.00025355,606.98702750,0.03444237,813.83564757,0.01998513,0.01998513,32211,98,0
6204.63536754,6204.63513488,613.19064647,613.19812536,0.04791034,814.08274362,0.01998513,0.01998513,32210,98,0
6204.82703347,6204.82779170,619.38586456,619.36147328,0.05386687,814.32723518,0.01998513,0.01998513,32209,98,0
6205.02017671,6205.02046048,625.58614160,625.57700643,0.05931391,814.57308579,0.01998513,0.01998513,32208,98,0
6205.21409847,6205.21314122,631.79132516,631.82216385,0.02422024,814.81938901,0.01998513,0.01998513,32207,98,0
6205.40577193,6205.40583393,638.00114581,637.99914688,0.03173691,815.06229439,0.01998513,0.01998513,32206,98,0
6205.59779876,6205.59853861,644.21533298,644.19146762,0.04095670,815.30509510,0.01998513,0.01998513,32205,98,0
6205.79122150,6205.79125526,650.43361491,650.43252521,0.05909986,815.54908970,0.01998513,0.01998513,32204,98,0
6205.98527328,6205.98398389,656.65572489,656.69736327,0.04468086,815.79329002,0.01998514,0.01998513,32203,98,0
6206.17683998,6206.17672448,662.88163751,662.88536967,0.03827965,816.03378341,0.01998513,0.01998513,32202,98,0
6206.37002781,6206.36947704,669.11164280,669.12944994,0.03139588,816.27573878,0.01998513,0.01998513,32201,98,0
6206.56187323,6206.56224158,675.34605319,675.33413585,0.06132434,816.51545391,0.01998513,0.01998513,32200,98,0
6206.75662358,6206.75501810,681.58518241,681.63716223,0.04760799,816.75823992,0.01998514,0.01998513,32199,98,0
6206.94822951,6206.94780659,687.82934560,687.84304873,0.04283714,816.99656693,0.01998513,0.01998513,32198,98,0
6207.14121567,6207.14060706,694.07878875,694.09852389,0.03951140,817.23607806,0.01998513,0.01998513,32197,98,0
6207.33280830,6207.33341950,700.33335612,700.31352227,0.05550612,817.47332330,0.01998513,0.01998513,32196,98,0
6207.52729274,6207.52624393,706.59274836,706.62680611,0.05865859,817.71358961,0.01998513,0.01998513,32195,98,0
6207.71968557,6207.71908033,712.85666465,712.87633087,0.03311947,817.95070405,0.01998513,0.01998513,32194,98,0
6207.91149107,6207.91192872,719.12480284,719.11057363,0.03630541,818.18651962,0.01998513,0.01998513,32193,98,0
6208.10443790,6208.10478909,725.39686485,725.38544053,0.05473724,818.42314666,0.01998513,0.01998513,32192,98,0
6208.29652168,6208.29766145,731.67277926,731.63568136,0.05454073,818.65812179,0.01998513,0.01998513,32191,98,0
6208.49107652,6208.49054579,737.95278130,737.97006649,0.04435838,818.89552384,0.01998513,0.01998513,32190,98,0
6208.68262559,6208.68344211,744.23712889,744.21051868,0.06067516,819.12868049,0.01998513,0.01998513,32189,98,0
6208.87581974,6208.87635043,750.52608106,750.50877428,0.06410956,819.36326724,0.01998513,0.01998513,32188,98,0
6209.06963701,6209.06927073,756.81989796,756.83185188,0.02462858,819.59804128,0.01998513,0.01998513,32187,98,0
6209.26309668,6209.26220302,763.11879245,763.14797972,0.03311480,819.83181983,0.01998513,0.01998513,32186,98,0
6209.45544497,6209.45514730,769.42272618,769.43245520,0.07387205,820.06369531,0.01998513,0.01998513,32185,98,0
6209.64753660,6209.64810358,775.73157885,775.71303453,0.04982751,820.29469807,0.01998513,0.01998513,32184,98,0
6209.84183613,6209.84107184,782.04522959,782.07024440,0.03704132,820.52777720,0.01998513,0.01998513,32183,98,0
6210.03430457,6210.03405211,788.36355700,788.37182554,0.05843283,820.75807994,0.01998513,0.01998513,32182,98,0
6210.22731851,6210.22704436,794.68644216,794.69542673,0.03519424,820.98845000,0.01998513,0.01998513,32181,98,0
6210.42053724,6210.42004861,801.01385011,801.02987431,0.02758402,821.21847458,0.01998513,0.01998513,32180,98,0
6210.61307325,6210.61306486,807.34583938,807.34611460,0.04062083,821.44709995,0.01998513,0.01998513,32179,98,0
6210.80516695,6210.80609311,813.68247356,813.65205963,0.05667583,821.67461750,0.01998513,0.01998513,32178,98,0
6210.99872491,6210.99913336,820.02381656,820.01039431,0.03569530,821.90328154,0.01998513,0.01998513,32177,98,0
6211.19306022,6211.19218561,826.36993253,826.39869316,0.05737840,822.13227110,0.01998513,0.01998513,32176,98,0
6211.38581095,6211.38524986,832.72087264,832.73933652,0.04877372,822.35880702,0.01998513,0.01998513,32175,98,0
6211.57801746,6211.57832611,839.07663982,839.06647598,0.03125323,822.58412023,0.01998513,0.01998513,32174,98,0
6211.77144957,6211.77141437,845.43722600,845.43838614,0.05470001,822.81028046,0.01998513,0.01998513,32173,98,0
6211.96504352,6211.96451463,851.80262308,851.82006357,0.02878061,823.03603570,0.01998513,0.01998513,32172,98,0
6212.15874265,6212.15762690,858.17282288,858.20964104,0.02961969,823.26131680,0.01998514,0.01998513,32171,98,0
6212.35084850,6212.35075118,864.54782351,864.55103720,0.06145101,823.48415359,0.01998513,0.01998513,32170,98,0
6212.54408250,6212.54388746,870.92770948,870.93415452,0.05126773,823.70770641,0.01998513,0.01998513,32169,98,0
6212.73711843,6212.73703575,877.31262825,877.31536225,0.05739702,823.93044017,0.01998513,0.01998513,32168,98,0
6212.92997357,6212.93019606,883.70272937,883.69536618,0.04315159,824.15238008,0.01998513,0.01998513,32167,98,0
6213.12277539,6213.12336838,890.09816304,890.07852295,0.03043971,824.37367738,0.01998513,0.01998513,32166,98,0
6213.31499721,6213.31655271,896.49907909,896.44751896,0.05145954,824.59373376,0.01998513,0.01998513,32165,98,0
6213.50916452,6213.50974905,902.90548608,902.88609568,0.02122160,824.81543279,0.01998513,0.01998513,32164,98,0
6213.70278034,6213.70295741,909.31710683,909.31122870,0.04127686,825.03590575,0.01998513,0.01998513,32163,98,0
6213.89551269,6213.89617779,915.73362857,915.71153444,0.05916487,825.25476884,0.01998513,0.01998513,32162,98,0
6214.08892211,6214.08941018,922.15473714,922.13851348,0.02357283,825.47378284,0.01998513,0.01998513,32161,98,0
6214.28217326,6214.28265459,928.58011689,928.56410822,0.04847993,825.69198715,0.01998513,0.01998513,32160,98,0
6214.47613699,6214.47591102,935.00952292,935.01704261,0.03861835,825.91035259,0.01998513,0.01998513,32159,98,0
6214.66810977,6214.66917947,941.44313358,941.40751369,0.06431877,826.12584650,0.01998513,0.01998513,32158,98,0
6214.86261752,6214.86245995,947.88128263,947.88653310,0.02340187,826.34355654,0.01998513,0.01998513,32157,98,0
6215.05466556,6215.05575245,954.32430562,954.28806315,0.03684366,826.55790150,0.01998513,0.01998513,32156,98,0
6215.24753357,6215.24905697,960.77253958,960.72170272,0.06052462,826.77255923,0.01998513,0.01998513,32155,98,0
6215.44352860,6215.44237351,967.22630825,967.26488606,0.03631839,826.99008799,0.01998514,0.01998513,32154,98,0
6215.63608266,6215.63570209,973.68563880,973.69835906,0.05877864,827.20319870,0.01998514,0.01998513,32153,98,0
6215.82858389,6215.82904269,980.15028326,980.13493690,0.03444162,827.41564753,0.01998513,0.01998513,32152,98,0
6216.02203664,6216.02239532,986.61998216,986.60797627,0.05466627,827.62852839,0.01998513,0.01998513,32151,98,0
6216.21567682,6216.21575998,993.09447481,993.09168957,0.02960761,827.84098480,0.01998513,0.01998513,32150,98,0
6216.40930508,6216.40913667,999.57350004,999.57914437,0.04399757,828.05278701,0.01998514,0.01998513,32149,98,0
6216.60410868,6216.60252539,1006.05692953,1006.11002680,0.03280615,828.26522222,0.01998514,0.01998513,32148,98,0
6216.79611586,6216.79592615,1012.54492532,1012.55129170,0.04904119,828.47397108,0.01998514,0.01998513,32147,98,0
6216.98928029,6216.98933894,1019.03768830,1019.03571895,0.04712065,828.68334508,0.01998514,0.01998513,32146,98,0
6217.18296828,6217.18276376,1025.53542032,1025.54229331,0.04858243,828.89265397,0.01998514,0.01998513,32145,98,0
6217.37693233,6217.37620062,1032.03832414,1032.06293190,0.02938277,829.10163123,0.01998514,0.01998513,32144,98,0
6217.56940184,6217.56964952,1038.54656320,1038.53822706,0.05164792,829.30837857,0.01998513,0.01998513,32143,98,0
6217.76298117,6217.76311046,1045.06009124,1045.05573651,0.02150753,829.51569217,0.01998514,0.01998513,32142,98,0
6217.95634858,6217.95658344,1051.57879329,1051.57087740,0.04138136,829.72214674,0.01998513,0.01998513,32141,98,0
6218.15085974,6218.15006846,1058.10255381,1058.12924296,0.02302319,829.92917970,0.01998514,0.01998513,32140,98,0
6218.34391223,6218.34356552,1064.63125669,1064.64295885,0.04735142,830.13401731,0.01998514,0.01998513,32139,98,0
6218.53736398,6218.53707462,1071.16479248,1071.17456539,0.03336570,830.33863116,0.01998514,0.01998513,32138,98,0
6218.73033758,6218.73059577,1077.70314591,1077.69441947,0.05728266,830.54209152,0.01998513,0.01998513,32137,98,0
6218.92489840,6218.92412897,1084.24636811,1084.27239114,0.05652392,830.74657040,0.01998514,0.01998513,32136,98,0
6219.11792846,6219.11767421,1090.79451181,1090.80311671,0.03666273,830.94879056,0.01998514,0.01998513,32135,98,0
6219.31123242,6219.31123150,1097.34763001,1097.34766114,0.05145611,831.15064894,0.01998514,0.01998513,32134,98,0
6219.50489713,6219.50480084,1103.90577729,1103.90904074,0.04157551,831.35223302,0.01998514,0.01998513,32133,98,0
6219.69870312,6219.69838222,1110.46906770,1110.47995156,0.05762486,831.55331364,0.01998514,0.01998513,32132,98,0
6219.89314786,6219.89197566,1117.03769701,1117.07748508,0.02504508,831.75440725,0.01998514,0.01998513,32131,98,0
6220.08620686,6220.08558115,1123.61186777,1123.63312319,0.05470812,831.95342822,0.01998514,0.01998513,32130,98,0
6220.27903654,6220.27919870,1130.19178347,1130.18627024,0.05599930,832.15158089,0.01998513,0.01998514,32129,98,0
6220.47340049,6220.47282830,1136.77764832,1136.79711850,0.03453456,832.35067532,0.01998514,0.01998514,32128,98,0
6220.66658635,6220.66646995,1143.36953668,1143.37350070,0.04691016,832.54793156,0.01998514,0.01998514,32127,98,0
6220.86031814,6220.86012366,1149.96718411,1149.97381239,0.03689366,832.74510309,0.01998514,0.01998514,32126,98,0
6221.05313856,6221.05378943,1156.57027062,1156.54807081,0.04051957,832.94069718,0.01998513,0.01998514,32125,98,0
6221.24877760,6221.24746726,1163.17847465,1163.22319801,0.06615795,833.13847626,0.01998514,0.01998514,32124,98,0
6221.44124560,6221.44115715,1169.79147308,1169.79449372,0.01947084,833.33237579,0.01998514,0.01998514,32123,98,0
6221.63450468,6221.63485910,1176.40903328,1176.39692113,0.03971846,833.52639145,0.01998513,0.01998514,32122,98,0
6221.82869913,6221.82857311,1183.03136804,1183.03567765,0.01526139,833.72066365,0.01998514,0.01998514,32121,98,0
6222.02213524,6222.02229919,1189.65882640,1189.65321566,0.04551478,833.91350561,0.01998513,0.01998514,32120,98,0
6222.21621213,6222.21603733,1196.29175908,1196.29774613,0.05019112,834.10632121,0.01998514,0.01998514,32119,98,0
6222.40942367,6222.40978753,1202.93051853,1202.91804545,0.03348737,834.29762351,0.01998513,0.01998514,32118,98,0
6222.60371085,6222.60354981,1209.57541849,1209.58094368,0.05093619,834.48934029,0.01998514,0.01998514,32117,98,0
6222.79818725,6222.79732415,1216.22641855,1216.25605560,0.06936165,834.68058718,0.01998514,0.01998514,32116,98,0
6222.99156215,6222.99111056,1222.88329329,1222.89881224,0.02719507,834.87009097,0.01998514,0.01998514,32115,98,0
6223.18439390,6223.18490904,1229.54581459,1229.52809806,0.04036069,835.05839886,0.01998513,0.01998514,32114,98,0
6223.37864239,6223.37871959,1236.21375321,1236.21109606,0.06694282,835.24741181,0.01998514,0.01998514,32113,98,0
6223.57297870,6223.57254221,1242.88689056,1242.90192357,0.02801267,835.43582079,0.01998514,0.01998514,32112,98,0
6223.76626638,6223.76637691,1249.56519877,1249.56138933,0.04828156,835.62252659,0.01998514,0.01998514,32111,98,0
6223.96081851,6223.96022368,1256.24880572,1256.26932215,0.05073678,835.80976413,0.01998514,0.01998514,32110,98,0
6224.15427101,6224.15408253,1262.93784443,1262.94435009,0.03462039,835.99525924,0.01998514,0.01998514,32109,98,0
6224.34750587,6224.34795346,1269.63244855,1269.61698666,0.04580451,836.17986642,0.01998513,0.01998514,32108,98,0
6224.54197013,6224.54183646,1276.33275001,1276.33737130,0.04501783,836.36496446,0.01998514,0.01998514,32107,98,0
6224.73525638,6224.73573154,1283.03880458,1283.02236400,0.02411002,836.54826119,0.01998513,0.01998514,32106,98,0
6224.92855297,6224.92963871,1289.75057707,1289.71298145,0.05734221,836.73088677,0.01998513,0.01998514,32105,98,0
6225.12344128,6225.12355795,1296.46802674,1296.46398358,0.05149793,836.91432369,0.01998514,0.01998514,32104,98,0
6225.31798328,6225.31748928,1303.19111268,1303.20824507,0.04546753,837.09673807,0.01998514,0.01998514,32103,98,0
6225.51159820,6225.51143269,1309.91979367,1309.92553790,0.02237857,837.27758908,0.01998514,0.01998514,32102,98,0
6225.70485351,6225.70538819,1316.65402362,1316.63545225,0.05721902,837.45741058,0.01998514,0.01998514,32101,98,0
6225.89991382,6225.89935577,1323.39374854,1323.41314612,0.04921800,837.63820550,0.01998514,0.01998514,32100,98,0
6226.09300150,6226.09333544,1330.13891344,1330.12729735,0.02718932,837.81647005,0.01998514,0.01998514,32099,98,0
6226.28669709,6226.28732720,1336.88946303,1336.86752836,0.05992705,837.99459078,0.01998514,0.01998514,32098,98,0
6226.48078133,6226.48133104,1343.64534214,1343.62619217,0.05181842,838.17235732,0.01998514,0.01998514,32097,98,0
6226.67544844,6226.67534698,1350.40656985,1350.41010690,0.04505386,838.34994085,0.01998514,0.01998514,32096,98,0
6226.86893233,6226.86937501,1357.17332780,1357.15788336,0.05825225,838.52573642,0.01998514,0.01998514,32095,98,0
6227.06378275,6227.06341513,1363.94581995,1363.95865585,0.02026961,838.70206305,0.01998514,0.01998514,32094,98,0
6227.25784433,6227.25746735,1370.72425125,1370.73742517,0.05651349,838.87697042,0.01998514,0.01998514,32093,98,0
6227.45159913,6227.45153166,1377.50882757,1377.51118724,0.03821187,839.05090214,0.01998514,0.01998514,32092,98,0
6227.64589181,6227.64560807,1384.29966678,1384.30959947,0.05151447,839.22461608,0.01998514,0.01998514,32091,98,0
6227.83987179,6227.83969657,1391.09664392,1391.10278259,0.06077290,839.39734511,0.01998514,0.01998514,32090,98,0
6228.03437141,6228.03379717,1397.89959219,1397.91972648,0.02479723,839.56982289,0.01998514,0.01998514,32089,98,0
6228.22803835,6228.22790988,1404.70834391,1404.71285186,0.04536257,839.74084563,0.01998514,0.01998514,32088,98,0
6228.42195775,6228.42203468,1411.52273051,1411.52002914,0.03998389,839.91136861,0.01998514,0.01998514,32087,98,0
6228.61651939,6228.61617159,1418.34262178,1418.35484458,0.04973443,840.08172433,0.01998514,0.01998514,32086,98,0
6228.81088305,6228.81032059,1425.16801377,1425.18779447,0.05040772,840.25117258,0.01998514,0.01998514,32085,98,0
6229.00446273,6229.00448171,1431.99892821,1431.99826040,0.02525618,840.41920665,0.01998514,0.01998514,32084,98,0
6229.19919373,6229.19865492,1438.83538689,1438.85436427,0.06507442,840.58750296,0.01998514,0.01998514,32083,98,0
6229.39243702,6229.39284025,1445.67741174,1445.66319901,0.05020874,840.75378126,0.01998514,0.01998514,32082,98,0
6229.58682634,6229.58703768,1452.52508250,1452.51762736,0.04267387,840.92030966,0.01998514,0.01998514,32081,98,0
6229.78121386,6229.78124722,1459.37868763,1459.37750993,0.04313940,841.08610336,0.01998514,0.01998514,32080,98,0
6229.97603263,6229.97546887,1466.23856407,1466.25848471,0.06106637,841.25153526,0.01998514,0.01998514,32079,98,0
6230.16940874,6230.16970263,1473.10505048,1473.09465624,0.06207648,841.41502565,0.01998514,0.01998514,32078,98,0
6230.36339194,6230.36394850,1479.97848730,1479.95878363,0.02960263,841.57831779,0.01998514,0.01998514,32077,98,0
6230.55860304,6230.55820649,1486.85906264,1486.87311512,0.05898429,841.74192612,0.01998514,0.01998514,32076,98,0
6230.75180393,6230.75247659,1493.74638532,1493.72252762,0.04361578,841.90312941,0.01998514,0.01998514,32075,98,0
6230.94704739,6230.94675880,1500.63992542,1500.65016908,0.05255972,842.06529415,0.01998514,0.01998514,32074,98,0
6231.14125631,6231.14105313,1507.53915026,1507.54636760,0.04349598,842.22584421,0.01998514,0.01998514,32073,98,0
6231.33509219,6231.33535958,1514.44352431,1514.43401988,0.03928695,842.38532031,0.01998514,0.01998514,32072,98,0
6231.52972020,6231.52967815,1521.35269393,1521.35418949,0.04293738,842.54466868,0.01998514,0.01998514,32071,98,0
6231.72418142,6231.72400884,1528.26698392,1528.27312671,0.05034733,842.70310620,0.01998514,0.01998514,32070,98,0
6231.91818545,6231.91835165,1535.18687742,1535.18095712,0.05985845,842.86040914,0.01998514,0.01998514,32069,98,0
6232.11270131,6232.11270658,1542.11286008,1542.11267197,0.06555674,843.01737190,0.01998514,0.01998514,32068,98,0
6232.30714003,6232.30707364,1549.04542013,1549.04778936,0.07266216,843.17352546,0.01998514,0.01998514,32067,98,0
6232.50183170,6232.50145282,1555.98490032,1555.99843322,0.01945984,843.32913920,0.01998514,0.01998514,32066,98,0
6232.69635775,6232.69584412,1562.93114562,1562.94950740,0.05861886,843.48387210,0.01998514,0.01998514,32065,98,0
6232.89009770,6232.89024755,1569.88389484,1569.87853306,0.05807467,843.63722794,0.01998514,0.01998514,32064,98,0
6233.08426063,6233.08466311,1576.84288541,1576.82847281,0.06359290,843.79015782,0.01998514,0.01998514,32063,98,0
6233.27928382,6233.27909080,1583.80785340,1583.81477044,0.05797911,843.94299058,0.01998514,0.01998514,32062,98,0
6233.47331542,6233.47353062,1590.77863677,1590.77091868,0.06050683,844.09427014,0.01998514,0.01998514,32061,98,0
6233.66771521,6233.66798257,1597.75537243,1597.74577604,0.04943429,844.24506126,0.01998514,0.01998514,32060,98,0
6233.86127474,6233.86244665,1604.73825212,1604.69615328,0.04582451,844.39443136,0.01998514,0.01998514,32059,98,0
6234.05660652,6234.05692287,1611.72746857,1611.71609444,0.04368630,844.54439286,0.01998514,0.01998514,32058,98,0
6234.25183500,6234.25141122,1618.72321526,1618.73846555,0.04285074,844.69349771,0.01998514,0.01998514,32057,98,0
6234.44588522,6234.44591170,1625.72560317,1625.72464920,0.05663097,844.84093253,0.01998514,0.01998514,32056,98,0
6234.64036902,6234.64042433,1632.73454724,1632.73255357,0.04692185,844.98792220,0.01998514,0.01998514,32055,98,0
6234.83489905,6234.83494909,1639.74993369,1639.74812847,0.04703485,845.13416637,0.01998514,0.01998514,32054,98,0
6235.02921704,6235.02948599,1646.77164807,1646.76193646,0.05439058,845.27946717,0.01998514,0.01998514,32053,98,0
6235.22411568,6235.22403503,1653.79957632,1653.80249094,0.05140403,845.42441047,0.01998514,0.01998514,32052,98,0
6235.41816061,6235.41859621,1660.83369752,1660.81794223,0.05051663,845.56792856,0.01998514,0.01998514,32051,98,0
6235.61317032,6235.61316954,1667.87416044,1667.87418870,0.05192551,845.71136650,0.01998514,0.01998514,32050,98,0
6235.80758355,6235.80775501,1674.92113251,1674.91492041,0.06831673,845.85357474,0.01998514,0.01998514,32049,98,0
6236.00227577,6236.00235262,1681.97478208,1681.97199513,0.06178861,845.99519661,0.01998514,0.01998514,32048,98,0
6236.19746033,6236.19696238,1689.03527492,1689.05334914,0.06714348,846.13638346,0.01998514,0.01998514,32047,98,0
6236.39267336,6236.39158429,1696.10263709,1696.14220282,0.06693622,846.27679456,0.01998514,0.01998514,32046,98,0
6236.58672432,6236.58621834,1703.17670839,1703.19510645,0.06592949,846.41557485,0.01998514,0.01998514,32045,98,0
6236.78123886,6236.78086455,1710.25731492,1710.27093701,0.04581821,846.55388544,0.01998514,0.01998514,32044,98,0
6236.97613810,6236.97552290,1717.34428178,1717.36668847,0.04114088,846.69165920,0.01998514,0.01998514,32043,98,0
6237.17008557,6237.17019341,1724.43744180,1724.43351090,0.03589363,846.82794943,0.01998514,0.01998514,32042,98,0
6237.36529271,6237.36487607,1731.53680136,1731.55200108,0.03606973,846.96430607,0.01998514,0.01998514,32041,98,0
6237.55942449,6237.55957088,1738.64252778,1738.63718251,0.04497771,847.09909781,0.01998514,0.01998514,32040,98,0
6237.75378396,6237.75427785,1745.75479532,1745.73674654,0.05857469,847.23323568,0.01998514,0.01998514,32039,98,0
6237.94769926,6237.94899698,1752.87377918,1752.82631334,0.06066839,847.36625821,0.01998514,0.01998514,32038,98,0
6238.14355648,6238.14372826,1759.99964335,1759.99335452,0.05958612,847.49979339,0.01998514,0.01998514,32037,98,0
6238.33908514,6238.33847170,1767.13242292,1767.15490146,0.04878934,847.63228119,0.01998514,0.01998514,32036,98,0
6238.53379091,6238.53322730,1774.27207475,1774.29274580,0.04843784,847.76339054,0.01998514,0.01998514,32035,98,0
6238.72845947,6238.72799506,1781.41855433,1781.43560235,0.02973838,847.89365260,0.01998514,0.01998514,32034,98,0
6238.92319804,6238.92277498,1788.57181691,1788.58736036,0.03890584,848.02313557,0.01998514,0.01998514,32033,98,0
6239.11747163,6239.11756707,1795.73181843,1795.72830890,0.03808949,848.15148298,0.01998514,0.01998514,32032,98,0
6239.31322175,6239.31237132,1802.89852029,1802.92982069,0.06330306,848.27996781,0.01998514,0.01998514,32031,98,0
6239.50782594,6239.50718774,1810.07188573,1810.09539517,0.05832216,848.40686352,0.01998514,0.01998514,32030,98,0
6239.70260828,6239.70201632,1817.25187778,1817.27370266,0.04286556,848.53303661,0.01998514,0.01998514,32029,98,0
6239.89726943,6239.89685707,1824.43845922,1824.45367561,0.03729394,848.65828974,0.01998514,0.01998514,32028,98,0
6240.09180383,6240.09170999,1831.63162335,1831.63508915,0.02852840,848.78261839,0.01998514,0.01998514,32027,98,0
6240.28631018,6240.28657507,1838.83146103,1838.82166942,0.04611601,848.90608576,0.01998514,0.01998514,32026,98,0
6240.48105831,6240.48145233,1846.03808292,1846.02350525,0.06657740,849.02886116,0.01998514,0.01998514,32025,98,0
6240.67651932,6240.67634177,1853.25160034,1853.25817519,0.04410017,849.15123472,0.01998514,0.01998514,32024,98,0
6240.87115201,6240.87124337,1860.47212522,1860.46873910,0.03142894,849.27224156,0.01998514,0.01998514,32023,98,0
6241.06675555,6241.06615715,1867.69977303,1867.72197301,0.04350989,849.39299865,0.01998514,0.01998514,32022,98,0
6241.26055552,6241.26108311,1874.93466463,1874.91507332,0.04777999,849.51179792,0.01998514,0.01998514,32021,98,0
6241.45550988,6241.45602124,1882.17692206,1882.15791528,0.05686554,849.63045615,0.01998514,0.01998514,32020,98,0
6241.65052378,6241.65097155,1889.42666803,1889.41000860,0.03547334,849.74829824,0.01998514,0.01998514,32019,98,0
6241.84648111,6241.84593404,1896.68401343,1896.70438777,0.03703329,849.86585066,0.01998514,0.01998514,32018,98,0
6242.04113147,6242.04090870,1903.94884031,1903.95714452,0.06289232,849.98176107,0.01998514,0.01998514,32017,98,0
6242.23688802,6242.23589555,1911.22082889,1911.25785943,0.04010095,850.09745986,0.01998515,0.01998514,32016,98,0
6242.43085078,6242.43089459,1918.49965070,1918.49801500,0.03375916,850.21122984,0.01998514,0.01998514,32015,98,0
6242.62628399,6242.62590580,1925.78497533,1925.79910934,0.04667271,850.32498015,0.01998514,0.01998514,32014,98,0
6242.82107880,6242.82092920,1933.07654152,1933.08213682,0.06017534,850.43747130,0.01998514,0.01998514,32013,98,0
6243.01625150,6243.01596479,1940.37457981,1940.38531279,0.03996977,850.54929314,0.01998514,0.01998514,32012,98,0
6243.21039105,6243.21101256,1947.67953118,1947.65624352,0.03459608,850.65964592,0.01998514,0.01998514,32011,98,0
6243.40623240,6243.40607252,1954.99183994,1954.99783628,0.05676384,850.77008375,0.01998514,0.01998514,32010,98,0
6243.60156553,6243.60114468,1962.31195281,1962.32775381,0.04067480,850.87935618,0.01998514,0.01998514,32009,98,0
6243.79643804,6243.79622902,1969.64012101,1969.64797686,0.03707421,850.98749706,0.01998514,0.01998514,32008,98,0
6243.99139457,6243.99132555,1976.97602723,1976.97862362,0.05880687,851.09480349,0.01998514,0.01998514,32007,98,0
6244.18678981,6244.18643428,1984.31925033,1984.33263726,0.04624068,851.20145810,0.01998514,0.01998514,32006,98,0
6244.38160835,6244.38155520,1991.66936666,1991.67136988,0.02997778,851.30689877,0.01998514,0.01998514,32005,98,0
6244.57689515,6244.57668831,1999.02595834,1999.03375956,0.05282059,851.41168328,0.01998514,0.01998514,32004,98,0
6244.77193174,6244.77183362,2006.38888826,2006.39259171,0.03851452,851.51542023,0.01998514,0.01998514,32003,98,0
6244.96681150,6244.96699113,2013.75836413,2013.75157814,0.03499052,851.61816266,0.01998514,0.01998514,32002,98,0
6245.16251452,6245.16216083,2021.13461583,2021.14798877,0.06031995,851.72042331,0.01998514,0.01998514,32001,98,0
6245.35704254,6245.35734274,2028.51787461,2028.50651350,0.03496005,851.82116106,0.01998514,0.01998514,32000,98,0
6245.55318051,6245.55253685,2035.90837480,2035.93275700,0.06165203,851.92181557,0.01998515,0.01998514,31999,98,0
6245.74794359,6245.74774315,2043.30636667,2043.31396674,0.03273925,852.02085400,0.01998514,0.01998514,31998,98,0
6245.94282122,6245.94296167,2050.71210929,2050.70677888,0.04000892,852.11904313,0.01998514,0.01998514,31997,98,0
6246.13833594,6246.13819238,2058.12586332,2058.13131773,0.05598953,852.21664142,0.01998514,0.01998514,31996,98,0
6246.33314270,6246.33343530,2065.54789087,2065.53676182,0.03507603,852.31297823,0.01998514,0.01998514,31995,98,0
6246.52841232,6246.52869043,2072.97834931,2072.96776027,0.05744015,852.40863312,0.01998514,0.01998514,31994,98,0
6246.72417051,6246.72395776,2080.41709464,2080.42520345,0.04253785,852.50360689,0.01998514,0.01998514,31993,98,0
6246.91928871,6246.91923731,2087.86392859,2087.86588978,0.05792704,852.59734738,0.01998514,0.01998514,31992,98,0
6247.11463279,6247.11452906,2095.31865165,2095.32261344,0.03951109,852.69026793,0.01998514,0.01998514,31991,98,0
6247.31015857,6247.30983302,2102.78106659,2102.79351146,0.05695833,852.78233912,0.01998514,0.01998514,31990,98,0
6247.50559205,6247.50514920,2110.25105927,2110.26800451,0.04418892,852.87342694,0.01998514,0.01998514,31989,98,0
6247.70046912,6247.70047759,2117.72860063,2117.72827616,0.03968185,852.96331648,0.01998514,0.01998514,31988,98,0
6247.89557215,6247.89581819,2125.21366525,2125.20423283,0.05903000,853.05236780,0.01998514,0.01998514,31987,98,0
6248.09113678,6248.09117101,2132.70622751,2132.70491401,0.03733919,853.14068028,0.01998514,0.01998514,31986,98,0
6248.28609855,6248.28653605,2140.20628850,2140.18948505,0.05466013,853.22777136,0.01998514,0.01998514,31985,98,0
6248.48207203,6248.48191330,2147.71399773,2147.72010014,0.03886951,853.31435810,0.01998514,0.01998514,31984,98,0
6248.67739199,6248.67730277,2155.22955654,2155.23299000,0.06453175,853.39970144,0.01998514,0.01998514,31983,98,0
6248.87305006,6248.87270447,2162.75316754,2162.76648090,0.05349999,853.48423618,0.01998515,0.01998514,31982,98,0
6249.06840475,6249.06811838,2170.28503291,2170.29607641,0.03800667,853.56768400,0.01998515,0.01998514,31981,98,0
6249.26386028,6249.26354452,2177.82524245,2177.83743185,0.05620965,853.65021678,0.01998515,0.01998514,31980,98,0
6249.45918840,6249.45898288,2185.37370151,2185.38164346,0.03857646,853.73173407,0.01998515,0.01998514,31979,98,0
6249.65395209,6249.65443346,2192.93029786,2192.91167749,0.05212630,853.81205419,0.01998514,0.01998514,31978,98,0
6249.85018771,6249.84989627,2200.49491851,2200.50620323,0.03319867,853.89200582,0.01998515,0.01998515,31977,98,0
6250.04525269,6250.04537131,2208.06744836,2208.06285081,0.05155580,853.97050573,0.01998514,0.01998515,31976,98,0
6250.24078151,6250.24085857,2215.64776013,2215.64477037,0.03409264,854.04821258,0.01998515,0.01998515,31975,98,0
6250.43637840,6250.43635807,2223.23571992,2223.23650945,0.05559847,854.12496070,0.01998515,0.01998515,31974,98,0
6250.63142893,6250.63186980,2230.83119290,2230.81405773,0.05000542,854.20050830,0.01998514,0.01998515,31973,98,0
6250.82705925,6250.82739375,2238.43404420,2238.42103143,0.02715548,854.27528706,0.01998514,0.01998515,31972,98,0
6251.02238965,6251.02292994,2246.04426969,2246.02323186,0.05001224,854.34895566,0.01998514,0.01998515,31971,98,0
6251.21871306,6251.21847837,2253.66213991,2253.67128706,0.05899231,854.42199610,0.01998515,0.01998515,31970,98,0
6251.41392816,6251.41403902,2261.28796151,2261.28363617,0.03123480,854.49362734,0.01998515,0.01998515,31969,98,0
6251.60972072,6251.60961192,2268.92204306,2268.92629212,0.04761591,854.56447173,0.01998515,0.01998515,31968,98,0
6251.80494560,6251.80519705,2276.56467324,2276.55484255,0.02427923,854.63411419,0.01998514,0.01998515,31967,98,0
6252.00053305,6252.00079442,2284.21592542,2284.20569581,0.05262540,854.70288539,0.01998514,0.01998515,31966,98,0
6252.19555081,6252.19640403,2291.87574907,2291.84232035,0.04689641,854.77045530,0.01998514,0.01998515,31965,98,0
6252.39187387,6252.39202588,2299.54409185,2299.53812983,0.01601511,854.83746401,0.01998515,0.01998515,31964,98,0
6252.58771093,6252.58765998,2307.22090082,2307.22290145,0.04716528,854.90328992,0.01998515,0.01998515,31963,98,0
6252.78364543,6252.78330631,2314.90608743,2314.91941504,0.05636573,854.96812803,0.01998515,0.01998515,31962,98,0
6252.97810368,6252.97896489,2322.59948811,2322.56560797,0.03153206,855.03146370,0.01998514,0.01998515,31961,98,0
6253.17480909,6253.17463572,2330.30092874,2330.30775592,0.05304007,855.09449891,0.01998515,0.01998515,31960,98,0
6253.37019639,6253.37031879,2338.01023403,2338.00540953,0.04847019,855.15607925,0.01998515,0.01998515,31959,98,0
6253.56612192,6253.56601411,2345.72727173,2345.73152510,0.05535249,855.21679180,0.01998515,0.01998515,31958,98,0
6253.76143901,6253.76172168,2353.45229287,2353.44112959,0.02967914,855.27628066,0.01998515,0.01998515,31957,98,0
6253.95714445,6253.95744149,2361.18574770,2361.17400419,0.04748283,855.33485135,0.01998515,0.01998515,31956,98,0
6254.15308443,6254.15317356,2368.92809105,2368.92456340,0.04541262,855.39245288,0.01998515,0.01998515,31955,98,0
6254.34891467,6254.34891788,2376.67977700,2376.67964950,0.06161049,855.44898274,0.01998515,0.01998515,31954,98,0
6254.54462291,6254.54467446,2384.44098107,2384.43893629,0.02597860,855.50443671,0.01998515,0.01998515,31953,98,0
6254.74000022,6254.74044329,2392.21140601,2392.19381017,0.04567192,855.55875330,0.01998514,0.01998515,31952,98,0
6254.93627081,6254.93622437,2399.99070710,2399.99255313,0.04896753,855.61226226,0.01998515,0.01998515,31951,98,0
6255.13206504,6255.13201772,2407.77853729,2407.78042077,0.04965221,855.66458092,0.01998515,0.01998515,31950,98,0
6255.32771698,6255.32782332,2415.57459963,2415.57036365,0.02868449,855.71579821,0.01998515,0.01998515,31949,98,0
6255.52492280,6255.52364117,2423.37889989,2423.43000489,0.06689529,855.76634330,0.01998515,0.01998515,31948,98,0
6255.71860236,6255.71947129,2431.19155361,2431.15686996,0.06348686,855.81492766,0.01998514,0.01998515,31947,98,0
6255.91479501,6255.91531367,2439.01267724,2438.99195324,0.05063715,855.86307191,0.01998515,0.01998515,31946,98,0
6256.11129221,6256.11116832,2446.84239185,2446.84734739,0.05496355,855.91020825,0.01998515,0.01998515,31945,98,0
6256.30700481,6256.30703523,2454.68092114,2454.67970317,0.04761612,855.95607719,0.01998515,0.01998515,31944,98,0
6256.50276203,6256.50291440,2462.52859977,2462.52249189,0.01917829,856.00087749,0.01998515,0.01998515,31943,98,0
6256.69867536,6256.69880583,2470.38577004,2470.38053358,0.05669729,856.04463116,0.01998515,0.01998515,31942,98,0
6256.89472098,6256.89470954,2478.25277641,2478.25323611,0.05156822,856.08732845,0.01998515,0.01998515,31941,98,0
6257.09091184,6257.09062551,2486.12976641,2486.14128516,0.04142773,856.12896659,0.01998515,0.01998515,31940,98,0
6257.28626232,6257.28655376,2494.01627868,2494.00454139,0.04206046,856.16933579,0.01998515,0.01998515,31939,98,0
6257.48214339,6257.48249427,2501.91173234,2501.89758656,0.04688128,856.20871521,0.01998515,0.01998515,31938,98,0
6257.67868965,6257.67844705,2509.81554247,2509.82533232,0.04444423,856.24711533,0.01998515,0.01998515,31937,98,0
6257.87461286,6257.87441211,2517.72718871,2517.73529713,0.05163765,856.28427830,0.01998515,0.01998515,31936,98,0
6258.07057016,6258.07038945,2525.64678749,2525.65409383,0.06691636,856.32033112,0.01998515,0.01998515,31935,98,0
6258.26724195,6258.26637905,2533.57480533,2533.60972884,0.05846383,856.35539137,0.01998515,0.01998515,31934,98,0
6258.46257856,6258.46238094,2541.51171546,2541.51972233,0.02116965,856.38909749,0.01998515,0.01998515,31933,98,0
6258.65790011,6258.65839510,2549.45798798,2549.43791025,0.05605878,856.42168711,0.01998515,0.01998515,31932,98,0
6258.85446195,6258.85442154,2557.41383374,2557.41547479,0.05314228,856.45335613,0.01998515,0.01998515,31931,98,0
6259.05043615,6259.05046026,2565.37911474,2565.37813469,0.05312612,856.48379996,0.01998515,0.01998515,31930,98,0
6259.24638930,6259.24651126,2573.35366766,2573.34870400,0.05573063,856.51310739,0.01998515,0.01998515,31929,98,0
6259.44259271,6259.44257454,2581.33732799,2581.33806828,0.04706396,856.54131260,0.01998515,0.01998515,31928,98,0
6259.63856556,6259.63865011,2589.32999220,2589.32654381,0.05028187,856.56834220,0.01998515,0.01998515,31927,98,0
6259.83408448,6259.83473796,2597.33175630,2597.30507519,0.05117167,856.59416795,0.01998515,0.01998515,31926,98,0
6260.03057133,6260.03083810,2605.34275720,2605.33185323,0.05305601,856.61896981,0.01998515,0.01998515,31925,98,0
6260.22590893,6260.22695052,2613.36313274,2613.32051141,0.04509667,856.64247870,0.01998514,0.01998515,31924,98,0
6260.42255128,6260.42307523,2621.39302296,2621.37155901,0.05185197,856.66498507,0.01998515,0.01998515,31923,98,0
6260.61929405,6260.61921223,2629.43257911,2629.43593498,0.05920137,856.68633504,0.01998515,0.01998515,31922,98,0
6260.81572141,6260.81536152,2637.48195837,2637.49673583,0.06826239,856.70648171,0.01998515,0.01998515,31921,98,0
6261.01176749,6261.01152310,2645.54131903,2645.55136590,0.06304525,856.72542081,0.01998515,0.01998515,31920,98,0
6261.20778664,6261.20769698,2653.61081423,2653.61450476,0.06407661,856.74318634,0.01998515,0.01998515,31919,98,0
6261.40423375,6261.40388314,2661.69045725,2661.70490516,0.04423642,856.75981172,0.01998515,0.01998515,31918,98,0
6261.60020748,6261.60008161,2669.78012143,2669.78531461,0.05419699,856.77521657,0.01998515,0.01998515,31917,98,0
6261.79653391,6261.79629237,2677.87967311,2677.88964979,0.04362619,856.78946248,0.01998515,0.01998515,31916,98,0
6261.99214728,6261.99251542,2685.98897846,2685.97375568,0.03711150,856.80247103,0.01998515,0.01998515,31915,98,0
6262.18816700,6262.18875078,2694.10799885,2694.08383187,0.04263409,856.81431533,0.01998515,0.01998515,31914,98,0
6262.38450366,6262.38499843,2702.23688204,2702.21637620,0.04345366,856.82497946,0.01998515,0.01998515,31913,98,0
6262.58170881,6262.58125838,2710.37579826,2710.39448852,0.05875115,856.83447849,0.01998515,0.01998515,31912,98,0
6262.77799660,6262.77753064,2718.52491896,2718.54427692,0.05900407,856.84272275,0.01998515,0.01998515,31911,98,0
6262.97380339,6262.97381520,2726.68433481,2726.68384370,0.04880061,856.84973925,0.01998515,0.01998515,31910,98,0
6263.17030405,6263.17011206,2734.85382817,2734.86182313,0.03180016,856.85556360,0.01998515,0.01998515,31909,98,0
6263.36662449,6263.36642123,2743.03310692,2743.04158034,0.03121731,856.86016070,0.01998515,0.01998515,31908,98,0
6263.56295044,6263.56274270,2751.22187674,2751.23054618,0.04858172,856.86353229,0.01998515,0.01998515,31907,98,0
6263.75863081,6263.75907649,2759.41990462,2759.40128493,0.05517299,856.86566914,0.01998515,0.01998515,31906,98,0
6263.95527706,6263.95542258,2767.62740963,2767.62132331,0.04957005,856.86658192,0.01998515,0.01998515,31905,98,0
6264.15187105,6264.15178098,2775.84480987,2775.84858167,0.03919613,856.86625321,0.01998515,0.01998515,31904,98,0
6264.34859439,6264.34815169,2784.07252729,2784.09108735,0.04088304,856.86467765,0.01998515,0.01998515,31903,98,0
6264.54465814,6264.54453471,2792.31096560,2792.31614668,0.05554853,856.86186200,0.01998515,0.01998515,31902,98,0
6264.74091726,6264.74093005,2800.56023974,2800.55970218,0.05791995,856.85779376,0.01998515,0.01998515,31901,98,0
6264.93736421,6264.93733770,2808.82025426,2808.82136992,0.02809857,856.85246483,0.01998515,0.01998515,31900,98,0
6265.13350986,6265.13375767,2817.09090823,2817.08046724,0.03631264,856.84588506,0.01998515,0.01998515,31899,98,0
6265.33019778,6265.33018995,2825.37210132,2825.37243128,0.05291990,856.83801935,0.01998515,0.01998515,31898,98,0
6265.52697665,6265.52663456,2833.66377237,2833.67822025,0.04287243,856.82887515,0.01998515,0.01998515,31897,98,0
6265.72389993,6265.72309148,2841.96590441,2842.00008952,0.03696851,856.81844315,0.01998515,0.01998515,31896,98,0
6265.91958746,6265.91956072,2850.27848263,2850.27961461,0.04301041,856.80680263,0.01998515,0.01998515,31895,98,0
6266.11600877,6266.11604228,2858.60149144,2858.60007116,0.05977829,856.79383688,0.01998515,0.01998515,31894,98,0
6266.31220013,6266.31253617,2866.93487210,2866.92061236,0.03384637,856.77960019,0.01998515,0.01998515,31893,98,0
6266.50877051,6266.50904238,2875.27849513,2875.26694526,0.05428671,856.76404267,0.01998515,0.01998515,31892,98,0
6266.70546220,6266.70556091,2883.63222352,2883.62802514,0.05918261,856.74717565,0.01998515,0.01998515,31891,98,0
6266.90210517,6266.90209177,2891.99591981,2891.99649021,0.02953901,856.72900890,0.01998515,0.01998515,31890,98,0
6267.09896897,6267.09863496,2900.36960233,2900.38384107,0.06198974,856.70951144,0.01998515,0.01998515,31889,98,0
6267.29615630,6267.29519047,2908.75364840,2908.79487050,0.02732324,856.68866233,0.01998515,0.01998515,31888,98,0
6267.49141186,6267.49175832,2917.14848817,2917.13368268,0.03961994,856.66671051,0.01998515,0.01998515,31887,98,0
6267.68897864,6267.68833849,2925.55455494,2925.58194672,0.06342951,856.64316915,0.01998515,0.01998515,31886,98,0
6267.88525455,6267.88493100,2933.97212481,2933.98598751,0.02535460,856.61845145,0.01998515,0.01998515,31885,98,0
6268.08167516,6268.08153584,2942.40098531,2942.40696185,0.05525068,856.59238388,0.01998515,0.01998515,31884,98,0
6268.27797496,6268.27815302,2950.84082884,2950.83318100,0.04041824,856.56499752,0.01998515,0.01998515,31883,98,0
6268.47563376,6268.47478253,2959.29134531,2959.32795032,0.06097424,856.53606950,0.01998515,0.01998515,31882,98,0
6268.67102622,6268.67142437,2967.75234120,2967.73519943,0.03972255,856.50613575,0.01998515,0.01998515,31881,98,0
6268.86827614,6268.86807856,2976.22408185,2976.23259911,0.03950498,856.47456309,0.01998515,0.01998515,31880,98,0
6269.06406122,6269.06474508,2984.70694588,2984.67742986,0.05471770,856.44187310,0.01998515,0.01998515,31879,98,0
6269.26128428,6269.26142394,2993.20131486,2993.19527913,0.05141320,856.40757489,0.01998515,0.01998515,31878,98,0
6269.45830686,6269.45811515,3001.70749945,3001.71579599,0.03400394,856.37193407,0.01998515,0.01998515,31877,98,0
6269.65495492,6269.65481869,3010.22547318,3010.23137634,0.03580210,856.33498303,0.01998515,0.01998515,31876,98,0
6269.85127691,6269.85153458,3018.75511180,3018.74393197,0.05981520,856.29671537,0.01998515,0.01998515,31875,98,0
6270.04796918,6270.04826282,3027.29628998,3027.28353340,0.03352178,856.25699031,0.01998515,0.01998515,31874,98,0
6270.24422453,6270.24500340,3035.84892398,3035.81504354,0.05663991,856.21596688,0.01998515,0.01998515,31873,98,0
6270.44220087,6270.44175632,3044.41314785,3044.43251089,0.05331703,856.17317455,0.01998515,0.01998515,31872,98,0
6270.63851176,6270.63852160,3052.98916642,3052.98873734,0.02804956,856.12933849,0.01998515,0.01998515,31871,98,0
6270.83553877,6270.83529922,3061.57718614,3061.58764800,0.05311729,856.08393066,0.01998515,0.01998515,31870,98,0
6271.03269588,6271.03208920,3070.17732377,3070.20385467,0.05222270,856.03707100,0.01998515,0.01998515,31869,98,0
6271.22947141,6271.22889152,3078.78920850,3078.81460002,0.04227383,855.98888051,0.01998515,0.01998515,31868,98,0
6271.42613377,6271.42570620,3087.41230377,3087.43104811,0.06088593,855.93929669,0.01998515,0.01998515,31867,98,0
6271.62310753,6271.62253323,3096.04606846,3096.07127398,0.03442980,855.88820856,0.01998515,0.01998515,31866,98,0
6271.81963754,6271.81937262,3104.69012326,3104.70176387,0.05751987,855.83581098,0.01998515,0.01998515,31865,98,0
6272.01622398,6272.01622437,3113.34495599,3113.34493911,0.05181199,855.78196718,0.01998515,0.01998515,31864,98,0
6272.21254836,6272.21308847,3122.01134211,3121.98754959,0.01401528,855.72675685,0.01998515,0.01998515,31863,98,0
6272.40984172,6272.40996493,3130.69006354,3130.68462843,0.04182111,855.66981562,0.01998515,0.01998515,31862,98,0
6272.60697016,6272.60685375,3139.38174406,3139.38688676,0.04465294,855.61145199,0.01998515,0.01998515,31861,98,0
6272.80379820,6272.80375493,3148.08622362,3148.08813781,0.05379203,855.55170649,0.01998515,0.01998515,31860,98,0
6273.00109928,6273.00066847,3156.80310466,3156.82218823,0.03685711,855.49033941,0.01998515,0.01998515,31859,98,0
6273.19724961,6273.19759438,3165.53198616,3165.51669430,0.04796281,855.42786071,0.01998515,0.01998515,31858,98,0
6273.39477121,6273.39453265,3174.27258003,3174.28317475,0.04679482,855.36346126,0.01998515,0.01998515,31857,98,0
6273.59223121,6273.59148328,3183.02507491,3183.05833513,0.05916066,855.29758667,0.01998516,0.01998515,31856,98,0
6273.78920690,6273.78844628,3191.78978426,3191.82365399,0.02927345,855.23037629,0.01998516,0.01998515,31855,98,0
6273.98525013,6273.98542165,3200.56702409,3200.55937567,0.04229350,855.16199114,0.01998515,0.01998515,31854,98,0
6274.18287262,6274.18240939,3209.35700001,3209.37768436,0.04317570,855.09154028,0.01998515,0.01998515,31853,98,0
6274.37971440,6274.37940950,3218.15954403,3218.17317697,0.04904716,855.01985139,0.01998515,0.01998515,31852,98,0
6274.57657724,6274.57642198,3226.97440891,3226.98136006,0.03128056,854.94663755,0.01998515,0.01998515,31851,98,0
6274.77298756,6274.77344683,3235.80134561,3235.78075640,0.06923256,854.87207639,0.01998515,0.01998515,31850,98,0
6274.96996859,6274.97048406,3244.64025477,3244.61711601,0.04048337,854.79577344,0.01998515,0.01998515,31849,98,0
6275.16756212,6275.16753366,3253.49142009,3253.49269929,0.03294887,854.71769073,0.01998515,0.01998515,31848,98,0
6275.36468829,6275.36459564,3262.35518732,3262.35935772,0.04022673,854.63824447,0.01998515,0.01998515,31847,98,0
6275.56216948,6275.56166999,3271.23190372,3271.25441786,0.04802863,854.55709553,0.01998516,0.01998515,31846,98,0
6275.75947653,6275.75875673,3280.12178355,3280.15427434,0.05527341,854.47445116,0.01998516,0.01998515,31845,98,0
6275.95610947,6275.95585584,3289.02479370,3289.03625826,0.06029506,854.39052511,0.01998515,0.01998515,31844,98,0
6276.15370220,6276.15296733,3297.94087406,3297.97413839,0.03429324,854.30461107,0.01998516,0.01998515,31843,98,0
6276.34982377,6276.35009121,3306.86996417,3306.85784175,0.05849382,854.21776672,0.01998515,0.01998515,31842,98,0
6276.54797870,6276.54722746,3315.81201407,3315.84611374,0.03925150,854.12842787,0.01998516,0.01998515,31841,98,0
6276.74415630,6276.74437611,3324.76698739,3324.75699645,0.04941260,854.03839646,0.01998515,0.01998515,31840,98,0
6276.94139591,6276.94153713,3333.73484828,3333.72842022,0.05416241,853.94628309,0.01998515,0.01998515,31839,98,0
6277.13805707,6277.13871055,3342.71557319,3342.68578846,0.04523719,853.85284229,0.01998515,0.01998515,31838,98,0
6277.33626775,6277.33589635,3351.70935653,3351.72630844,0.04722081,853.75704298,0.01998516,0.01998515,31837,98,0
6277.53316291,6277.53309454,3360.71657796,3360.71970311,0.06378844,853.66025679,0.01998515,0.01998515,31836,98,0
6277.72963385,6277.73030512,3369.73762611,3369.70689729,0.05580417,853.56205655,0.01998515,0.01998515,31835,98,0
6277.92800870,6277.92752809,3378.77284403,3378.79487851,0.04106414,853.46124980,0.01998516,0.01998515,31834,98,0
6278.12432054,6278.12476345,3387.82214639,3387.80181027,0.04462538,853.35984869,0.01998515,0.01998515,31833,98,0
6278.32143513,6278.32201121,3396.88522245,3396.85873409,0.05376335,853.25638571,0.01998515,0.01998515,31832,98,0
6278.51971137,6278.51927136,3405.96175669,3405.98201716,0.05950305,853.15064493,0.01998516,0.01998515,31831,98,0
6278.71715276,6278.71654391,3415.05150002,3415.07957373,0.04731237,853.04368354,0.01998516,0.01998515,31830,98,0
6278.91385120,6278.91382885,3424.15452610,3424.15555802,0.05475577,852.93546457,0.01998515,0.01998515,31829,98,0
6279.11126462,6279.11112619,3433.27100419,3433.27740491,0.04408885,852.82517792,0.01998516,0.01998515,31828,98,0
6279.30862683,6279.30843593,3442.40110508,3442.40994460,0.04138356,852.71323469,0.01998516,0.01998515,31827,98,0
6279.50623892,6279.50575807,3451.54501259,3451.56731118,0.03685766,852.59945275,0.01998516,0.01998516,31826,98,0
6279.70282100,6279.70309262,3460.70294023,3460.69032571,0.03054710,852.48456984,0.01998515,0.01998516,31825,98,0
6279.90060584,6279.90043956,3469.87510759,3469.88284139,0.04595947,852.36726939,0.01998516,0.01998516,31824,98,0
6280.09846397,6280.09779892,3479.06173094,3479.09271147,0.05894901,852.24819494,0.01998516,0.01998516,31823,98,0
6280.29571076,6280.29517067,3488.26284432,3488.28804123,0.04520752,852.12775819,0.01998516,0.01998516,31822,98,0
6280.49297115,6280.49255483,3497.47825177,3497.49770301,0.03141120,852.00558110,0.01998516,0.01998516,31821,98,0
6280.69091988,6280.68995140,3506.70774095,3506.75305593,0.06308291,851.88123247,0.01998516,0.01998516,31820,98,0
6280.88785274,6280.88736038,3515.95109709,3515.97416737,0.05175158,851.75578337,0.01998516,0.01998516,31819,98,0
6281.08516495,6281.08478177,3525.20809979,3525.22607948,0.04190003,851.62834985,0.01998516,0.01998516,31818,98,0
6281.28245991,6281.28221557,3534.47852425,3534.49000542,0.05063215,851.49917984,0.01998516,0.01998516,31817,98,0
6281.48007191,6281.47966178,3543.76214346,3543.78144037,0.03624347,851.36804728,0.01998516,0.01998516,31816,98,0
6281.67774003,6281.67712040,3553.05894426,3553.08813855,0.04388251,851.23511411,0.01998516,0.01998516,31815,98,0
6281.87471920,6281.87459144,3562.36986441,3562.37589327,0.04575205,851.10086992,0.01998516,0.01998516,31814,98,0
6282.07114849,6282.07207489,3571.69611198,3571.65232571,0.05569463,850.96521233,0.01998515,0.01998516,31813,98,0
6282.26995955,6282.26957076,3581.03889738,3581.05730590,0.05552477,850.82606592,0.01998516,0.01998516,31812,98,0
6282.46740944,6282.46707905,3590.39859900,3590.41426879,0.04000880,850.68602232,0.01998516,0.01998516,31811,98,0
6282.66453236,6282.66459976,3599.77407734,3599.77087593,0.03049890,850.54438070,0.01998516,0.01998516,31810,98,0
6282.86200407,6282.86213289,3609.16402241,3609.15789445,0.05492647,850.40066762,0.01998516,0.01998516,31809,98,0
6283.06007335,6283.05967844,3618.56722276,3618.58603336,0.05310131,850.25470071,0.01998516,0.01998516,31808,98,0
6283.25690249,6283.25723641,3627.98407058,3627.96814204,0.05697648,850.10783058,0.01998515,0.01998516,31807,98,0
6283.45509636,6283.45480681,3637.41618124,3637.43001608,0.04171295,849.95807929,0.01998516,0.01998516,31806,98,0
6283.65255890,6283.65238963,3646.86521560,3646.87331810,0.06021848,849.80698740,0.01998516,0.01998516,31805,98,0
6283.84968441,6283.84998488,3656.33238992,3656.31798081,0.04610462,849.65424052,0.01998515,0.01998516,31804,98,0
6284.04837214,6284.04759255,3665.81685080,3665.85429950,0.05089146,849.49835416,0.01998516,0.01998516,31803,98,0
6284.24570346,6284.24521265,3675.31714870,3675.34076126,0.03879491,849.34163072,0.01998516,0.01998516,31802,98,0
6284.44314004,6284.44284519,3684.83183587,3684.84604078,0.04769042,849.18294381,0.01998516,0.01998516,31801,98,0
6284.64044773,6284.64049015,3694.36042426,3694.35837770,0.05846288,849.02248306,0.01998516,0.01998516,31800,98,0
6284.83837609,6284.83814755,3703.90393355,3703.91497705,0.04360152,848.85960749,0.01998516,0.01998516,31799,98,0
6285.03608311,6285.03581738,3713.46352375,3713.47638610,0.02867369,848.69497670,0.01998516,0.01998516,31798,98,0
6285.23395862,6285.23349964,3723.04023926,3723.06249383,0.04896724,848.52824053,0.01998516,0.01998516,31797,98,0
6285.43108258,6285.43119434,3732.63394250,3732.62851488,0.04686236,848.36017679,0.01998516,0.01998516,31796,98,0
6285.62901589,6285.62890147,3742.24384139,3742.24940726,0.03310786,848.18945946,0.01998516,0.01998516,31795,98,0
6285.82622815,6285.82662105,3751.86912974,3751.84998868,0.04754456,848.01741353,0.01998516,0.01998516,31794,98,0
6286.02394699,6286.02435306,3761.50929662,3761.48948466,0.02943775,847.84297281,0.01998516,0.01998516,31793,98,0
6286.22141168,6286.22209751,3771.16462043,3771.13110726,0.04169272,847.66679223,0.01998516,0.01998516,31792,98,0
6286.41943907,6286.41985441,3780.83551063,3780.81518355,0.05340265,847.48812314,0.01998516,0.01998516,31791,98,0
6286.61736236,6286.61762374,3790.52237159,3790.50955877,0.04239848,847.30754481,0.01998516,0.01998516,31790,98,0
6286.81510207,6286.81540552,3800.22546497,3800.21056572,0.03985304,847.12512112,0.01998516,0.01998516,31789,98,0
6287.01218293,6287.01319975,3809.94493631,3809.89493008,0.04337975,846.94129243,0.01998515,0.01998516,31788,98,0
6287.21173044,6287.21100642,3819.68092913,3819.71659463,0.05290429,846.75310442,0.01998516,0.01998516,31787,98,0
6287.40873610,6287.40882554,3829.43355484,3829.42914177,0.03363738,846.56527108,0.01998516,0.01998516,31786,98,0
6287.60593692,6287.60665711,3839.20280747,3839.16721423,0.05724831,846.37521097,0.01998516,0.01998516,31785,98,0
6287.80408006,6287.80450112,3848.98865464,3848.96781065,0.03963548,846.18217847,0.01998516,0.01998516,31784,98,0
6288.00265359,6288.00235759,3858.79108430,3858.80576113,0.07007569,845.98664253,0.01998516,0.01998516,31783,98,0
6288.20045220,6288.20022651,3868.61051879,3868.62172867,0.06291810,845.78977842,0.01998516,0.01998516,31782,98,0
6288.39811164,6288.39810788,3878.44779627,3878.44798325,0.04016670,845.59094217,0.01998516,0.01998516,31781,98,0
6288.59619405,6288.59600171,3888.30377974,3888.31336834,0.05174935,845.38953684,0.01998516,0.01998516,31780,98,0
6288.79456976,6288.79390799,3898.17898152,3898.21203287,0.03184305,845.18566233,0.01998516,0.01998516,31779,98,0
6288.99194294,6288.99182673,3908.07257664,3908.07839034,0.04493086,844.98066926,0.01998516,0.01998516,31778,98,0
6289.18919694,6289.18975793,3917.98341790,3917.95530565,0.04942160,844.77367299,0.01998516,0.01998516,31777,98,0
6289.38777846,6289.38770159,3927.91042396,3927.91428238,0.04839927,844.56314986,0.01998516,0.01998516,31776,98,0
6289.58507583,6289.58565770,3937.85396270,3937.82470985,0.03807882,844.35185179,0.01998516,0.01998516,31775,98,0
6289.78482163,6289.78362628,3947.81570081,3947.87590738,0.03744551,844.13571716,0.01998516,0.01998516,31774,98,0
6289.98191833,6289.98160732,3957.79736699,3957.81306346,0.05908282,843.92021804,0.01998516,0.01998516,31773,98,0
6290.17933672,6290.17960082,3967.79983273,3967.78647780,0.03629148,843.70211636,0.01998516,0.01998516,31772,98,0
6290.37882737,6290.37760679,3977.82130726,3977.88313530,0.04916947,843.47946619,0.01998516,0.01998516,31771,98,0
6290.57535489,6290.57562523,3987.85947245,3987.84575833,0.04355941,843.25794402,0.01998516,0.01998516,31770,98,0
6290.77452577,6290.77365613,3997.91222762,3997.95640410,0.04040886,843.03127439,0.01998516,0.01998516,31769,98,0
6290.97097081,6290.97169950,4007.98037238,4007.94329673,0.06213908,842.80554362,0.01998516,0.01998516,31768,98,0
6291.16867792,6291.16975534,4018.06665034,4018.01172876,0.03442588,842.57612325,0.01998516,0.01998516,31767,98,0
6291.36802189,6291.36782365,4028.17385776,4028.18398445,0.04353319,842.34245432,0.01998516,0.01998516,31766,98,0
6291.56429508,6291.56590443,0.00000000,4038.21863763,0.05263342,842.11009209,0.01998515,0.01998516,31765,98,1
6291.76476078,6291.76399769,4048.45337171,4048.49250757,0.05062110,841.87028269,0.01998516,0.01998516,31764,98,0
6291.96282915,6291.96210342,4058.62202532,4058.65930706,0.06947957,841.63107227,0.01998516,0.01998516,31763,98,0
6292.16047851,6292.16022163,4068.80754829,4068.82076577,0.04799978,841.39009880,0.01998516,0.01998516,31762,98,0
6292.35821394,6292.35835231,4079.01011462,4079.00298358,0.05732050,841.14673909,0.01998516,0.01998516,31761,98,0
nan,nan,0.00000000,-1.00000000,0.00000000,840.88177587,nan,0.00000000,-2147483648,98,1
nan,nan,0.00000000,-1.00000000,0.00000000,834.81556453,nan,0.00000000,-2147483648,97,1
6249.07430194,6249.06811838,0.00000000,10.48834252,0.04381593,835.14745813,0.01998516,0.01998514,31981,97,1
6249.26292938,6249.26354452,16.16106948,16.14262947,0.07048937,835.43604567,0.01998514,0.01998514,31980,97,0
6249.46071040,6249.45898288,22.02147948,22.07329653,0.04701898,835.73809670,0.01998515,0.01998514,31979,97,0
6249.65946007,6249.65443346,0.00000000,28.03398871,0.06181156,836.04101405,0.01998516,0.01998514,31978,97,1
6249.84684337,6249.84989627,0.00000000,33.65887728,0.12878554,836.32625675,0.01998514,0.01998515,31977,97,1
6250.04442066,6250.04537131,39.62596150,39.59739539,0.08161079,836.62676179,0.01998514,0.01998515,31976,97,0
6250.24165762,6250.24085857,45.50188813,45.52591277,0.06960644,836.92610300,0.01998515,0.01998515,31975,97,0
6250.42250273,6250.43635807,0.00000000,50.95827946,0.08552640,837.19981573,0.01998510,0.01998515,31974,97,1
6250.62737755,6250.63186980,0.00000000,57.12208100,0.13384718,837.50971407,0.01998513,0.01998515,31973,97,1
6250.82513400,6250.82739375,63.15143175,63.08338001,0.09093091,837.80875555,0.01998514,0.01998515,31972,97,0
6251.02244785,6251.02292994,69.04142238,69.02689729,0.01761725,838.10624375,0.01998515,0.01998515,31971,97,0
6251.22236464,6251.21847837,0.00000000,75.04365169,0.06654190,838.40672516,0.01998516,0.01998515,31970,97,1
6251.41341531,6251.41403902,80.83117146,80.81236030,0.03524008,838.69418368,0.01998514,0.01998515,31969,97,0
6251.60755143,6251.60961192,86.73118502,86.66900763,0.04474401,838.98538810,0.01998514,0.01998515,31968,97,0
6251.80498718,6251.80519705,92.63483248,92.62849580,0.10414003,839.28104808,0.01998515,0.01998515,31967,97,0
6252.00221293,6252.00079442,98.54227047,98.58512517,0.03791162,839.57590316,0.01998515,0.01998515,31966,97,0
6252.19501316,6252.19640403,104.45365619,104.41161073,0.05397394,839.86367479,0.01998514,0.01998515,31965,97,0
6252.39046673,6252.39202588,110.36910176,110.32193957,0.13479715,840.15493956,0.01998514,0.01998515,31964,97,0
6252.58595546,6252.58765998,116.28859362,116.23700254,0.11963243,840.44578437,0.01998514,0.01998515,31963,97,0
6252.78673444,6252.78330631,0.00000000,122.31394169,0.06141287,840.74390814,0.01998516,0.01998515,31962,97,1
6252.98154778,6252.97896489,0.00000000,128.21591806,0.03837040,841.03278839,0.01998515,0.01998515,31961,97,1
6253.17221611,6253.17463572,0.00000000,133.99562947,0.05322342,841.31505384,0.01998514,0.01998515,31960,97,1
6253.36995909,6253.37031879,140.00631724,139.99540387,0.08583867,841.60740676,0.01998515,0.01998515,31959,97,0
6253.56590161,6253.56601411,145.94550127,145.94208613,0.03532156,841.89650947,0.01998515,0.01998515,31958,97,0
6253.76492754,6253.76172168,0.00000000,151.98341371,0.03459329,842.18953743,0.01998516,0.01998515,31957,97,1
6253.95638398,6253.95744149,157.83522503,157.80308467,0.10213569,842.47116992,0.01998514,0.01998515,31956,97,0
6254.14894601,6254.15317356,0.00000000,163.65473358,0.06938120,842.75371255,0.01998513,0.01998515,31955,97,1
6254.35043729,6254.34891788,169.73970409,169.78593331,0.02249614,843.04906750,0.01998515,0.01998515,31954,97,0
6254.54694246,6254.54467446,175.69733660,175.76637951,0.09490495,843.33648442,0.01998515,0.01998515,31953,97,0
6254.73839801,6254.74044329,181.65859633,181.59629924,0.03255508,843.61602472,0.01998514,0.01998515,31952,97,0
6254.93387810,6254.93622437,0.00000000,187.55272027,0.06797288,843.90097571,0.01998514,0.01998515,31951,97,1
6255.13260351,6255.13201772,193.59257839,193.61044225,0.06499164,844.19009396,0.01998515,0.01998515,31950,97,0
6255.32670790,6255.32782332,199.56559780,199.53156153,0.02671626,844.47203096,0.01998514,0.01998515,31949,97,0
6255.52254257,6255.52364117,205.54283514,205.50928991,0.09867483,844.75600004,0.01998514,0.01998515,31948,97,0
6255.72012256,6255.71947129,211.52441739,211.54431674,0.09788745,845.04201496,0.01998515,0.01998515,31947,97,0
6255.91623676,6255.91531367,217.51028461,217.53850745,0.07259699,845.32542215,0.01998515,0.01998515,31946,97,0
6256.11323785,6256.11116832,223.50028540,223.56359921,0.09223691,845.60961513,0.01998515,0.01998515,31945,97,0
6256.30762081,6256.30703523,229.49426713,229.51219252,0.06480323,845.88953573,0.01998515,0.01998515,31944,97,0
6256.50331848,6256.50291440,235.49207657,235.50445294,0.01755744,846.17084410,0.01998515,0.01998515,31943,97,0
6256.69982299,6256.69880583,241.49355987,241.52473070,0.03143996,846.45279361,0.01998515,0.01998515,31942,97,0
6256.89768950,6256.89470954,0.00000000,247.59163592,0.04115528,846.73624331,0.01998516,0.01998515,31941,97,1
6257.08990437,6257.09062551,253.50731165,253.48518815,0.10400892,847.01093687,0.01998515,0.01998515,31940,97,0
6257.28518627,6257.28655376,259.51977757,259.47780126,0.06633428,847.28958377,0.01998514,0.01998515,31939,97,0
6257.48285535,6257.48249427,265.53613043,265.54722068,0.06807034,847.57111983,0.01998515,0.01998515,31938,97,0
6257.67966954,6257.67844705,271.55649100,271.59406166,0.06054003,847.85092590,0.01998515,0.01998515,31937,97,0
6257.87336815,6257.87441211,277.58097989,277.54887552,0.07481827,848.12580773,0.01998514,0.01998515,31936,97,0
6258.07060516,6258.07038945,283.60967212,283.61630999,0.08579207,848.40520872,0.01998515,0.01998515,31935,97,0
6258.26655215,6258.26637905,289.64256674,289.64789678,0.04486250,848.68227914,0.01998515,0.01998515,31934,97,0
6258.46419732,6258.46238094,295.67965563,295.73562023,0.08453631,848.96124108,0.01998515,0.01998515,31933,97,0
6258.65815729,6258.65839510,301.72093063,301.71359886,0.03695828,849.23450232,0.01998515,0.01998515,31932,97,0
6258.85510417,6258.85442154,307.76638352,307.78744237,0.07868334,849.51146395,0.01998515,0.01998515,31931,97,0
6259.05022174,6259.05046026,313.81600698,313.80864432,0.04217060,849.78534700,0.01998515,0.01998515,31930,97,0
6259.24814650,6259.24651126,319.86980657,319.92031655,0.04296979,850.06265477,0.01998515,0.01998515,31929,97,0
6259.44296308,6259.44257454,325.92779754,325.93980644,0.07522820,850.33510002,0.01998515,0.01998515,31928,97,0
6259.63683615,6259.63865011,331.98999545,331.93389438,0.04070457,850.60572516,0.01998514,0.01998515,31927,97,0
6259.83623577,6259.83473796,338.05641591,338.10276875,0.08377644,850.88354321,0.01998515,0.01998515,31926,97,0
6260.03041281,6260.03083810,344.12707459,344.11390497,0.03017066,851.15357595,0.01998515,0.01998515,31925,97,0
6260.22596065,6260.22695052,350.20197648,350.17130393,0.02766989,851.42500651,0.01998515,0.01998515,31924,97,0
6260.42199170,6260.42307523,356.28107417,356.24747859,0.06132939,851.69659226,0.01998515,0.01998515,31923,97,0
6260.61892621,6260.61921223,362.36430412,362.35543053,0.06054486,851.96890582,0.01998515,0.01998515,31922,97,0
6260.81406218,6260.81536152,368.45160252,368.41126671,0.05821296,852.23821045,0.01998514,0.01998515,31921,97,0
6261.01262188,6261.01152310,374.54290528,374.57703502,0.06190393,852.51170267,0.01998515,0.01998515,31920,97,0
6261.20673242,6261.20769698,380.63814857,380.60817067,0.07117208,852.77853867,0.01998515,0.01998515,31919,97,0
6261.40252706,6261.40388314,386.73731603,386.69514500,0.05421489,853.04715896,0.01998515,0.01998515,31918,97,0
6261.59973893,6261.60008161,392.84047686,392.82981392,0.04612489,853.31718662,0.01998515,0.01998515,31917,97,0
6261.79516881,6261.79629237,398.94770946,398.91272706,0.02570401,853.58424491,0.01998515,0.01998515,31916,97,0
6261.99165640,6261.99251542,405.05909254,405.03232985,0.04629041,853.85221949,0.01998515,0.01998515,31915,97,0
6262.18877311,6262.18875078,411.17470512,411.17540144,0.04463156,854.12052123,0.01998515,0.01998515,31914,97,0
6262.38465789,6262.38499843,417.29462242,417.28399947,0.05090568,854.38662138,0.01998515,0.01998515,31913,97,0
6262.58092652,6262.58125838,423.41886810,423.40850910,0.06764963,854.65271805,0.01998515,0.01998515,31912,97,0
6262.77654322,6262.77753064,429.54743056,429.51658861,0.06365861,854.91740620,0.01998515,0.01998515,31911,97,0
6262.97711396,6262.97381520,0.00000000,435.77861669,0.06218136,855.18804545,0.01998516,0.01998515,31910,97,1
6263.17061384,6263.17011206,441.81745637,441.83314935,0.03649633,855.44902374,0.01998515,0.01998515,31909,97,0
6263.36654714,6263.36642123,447.95889486,447.96283529,0.03457857,855.71254729,0.01998515,0.01998515,31908,97,0
6263.56287850,6263.56274270,454.10460339,454.10885580,0.05209005,855.97607188,0.01998515,0.01998515,31907,97,0
6263.75891005,6263.75907649,460.25458312,460.24936790,0.04978115,856.23865913,0.01998515,0.01998515,31906,97,0
6263.95573152,6263.95542258,466.40883763,466.41852426,0.06340105,856.50176562,0.01998515,0.01998515,31905,97,0
6264.15072714,6264.15178098,472.56737050,472.53430778,0.05409842,856.76189771,0.01998515,0.01998515,31904,97,0
6264.34824818,6264.34815169,478.73018534,478.73321464,0.06887188,857.02485615,0.01998515,0.01998515,31903,97,0
6264.54536732,6264.54453471,484.89728440,484.92343948,0.02613532,857.28673381,0.01998515,0.01998515,31902,97,0
6264.74122137,6264.74093005,491.06862859,491.07778547,0.03911808,857.54638786,0.01998515,0.01998515,31901,97,0
6264.93902702,6264.93733770,497.24413091,497.29726303,0.05255767,857.80807497,0.01998516,0.01998515,31900,97,0
6265.13480874,6265.13375767,503.42370130,503.45677875,0.08093752,858.06653097,0.01998516,0.01998515,31899,97,0
6265.32861142,6265.33018995,509.60724932,509.55754419,0.05796587,858.32182711,0.01998515,0.01998515,31898,97,0
6265.52587215,6265.52663456,515.79468416,515.77066391,0.03162442,858.58111440,0.01998515,0.01998515,31897,97,0
6265.72413786,6265.72309148,521.98595497,522.01894100,0.03584939,858.84114587,0.01998516,0.01998515,31896,97,0
6265.91933352,6265.91956072,528.18124568,528.17407932,0.05757585,859.09659237,0.01998515,0.01998515,31895,97,0
6266.11576477,6266.11604228,534.38082575,534.37206665,0.06152708,859.35310631,0.01998515,0.01998515,31894,97,0
6266.31214843,6266.31253617,540.58496586,540.57271907,0.07220594,859.60901682,0.01998515,0.01998515,31893,97,0
6266.50951303,6266.50904238,546.79393786,546.80881459,0.03743282,859.86567019,0.01998515,0.01998515,31892,97,0
6266.70565042,6266.70556091,553.00801117,553.01084264,0.04500973,860.12020543,0.01998515,0.01998515,31891,97,0
6266.90309447,6266.90209177,559.22723721,559.25897955,0.05255707,860.37591101,0.01998516,0.01998515,31890,97,0
6267.09898735,6267.09863496,565.45132443,565.46248768,0.06807341,860.62907329,0.01998515,0.01998515,31889,97,0
6267.29496228,6267.29519047,571.67995014,571.67271660,0.06844669,860.88179443,0.01998515,0.01998515,31888,97,0
6267.49240288,6267.49175832,577.91279027,577.93323439,0.01885811,861.13583760,0.01998515,0.01998515,31887,97,0
6267.68847317,6267.68833849,584.14951935,584.15379336,0.01441438,861.38753892,0.01998515,0.01998515,31886,97,0
6267.88341541,6267.88493100,590.38986668,590.34174559,0.06889972,861.63720851,0.01998515,0.01998515,31885,97,0
6268.08024924,6268.08153584,596.63396930,596.59309558,0.05959822,861.88871466,0.01998515,0.01998515,31884,97,0
6268.27837973,6268.27815302,602.88214574,602.88935257,0.03833078,862.14129468,0.01998515,0.01998515,31883,97,0
6268.47515541,6268.47478253,609.13471667,609.14657806,0.03360533,862.39158032,0.01998515,0.01998515,31882,97,0
6268.67043339,6268.67142437,615.39200416,615.36045887,0.06282890,862.63941346,0.01998515,0.01998515,31881,97,0
6268.86775814,6268.86807856,621.65432889,621.64412153,0.04072281,862.88930148,0.01998515,0.01998515,31880,97,0
6269.06481797,6269.06474508,627.92180249,627.92412638,0.01667044,863.13831237,0.01998515,0.01998515,31879,97,0
6269.26034201,6269.26142394,634.19418178,634.15966539,0.01768492,863.38483649,0.01998515,0.01998515,31878,97,0
6269.45897089,6269.45811515,640.47118827,640.49850651,0.05854707,863.63470566,0.01998516,0.01998515,31877,97,0
6269.65452915,6269.65481869,646.75254226,646.74329345,0.04470241,863.88013879,0.01998515,0.01998515,31876,97,0
6269.85170328,6269.85153458,653.03796281,653.04335450,0.06290913,864.12701164,0.01998515,0.01998515,31875,97,0
6270.04812122,6270.04826282,659.32722327,659.32269541,0.04399892,864.37234033,0.01998515,0.01998515,31874,97,0
6270.24508534,6270.24500340,665.62048083,665.62310292,0.05977584,864.61775745,0.01998515,0.01998515,31873,97,0
6270.44243182,6270.44175632,671.91805654,671.93968477,0.03361998,864.86306595,0.01998515,0.01998515,31872,97,0
6270.63734362,6270.63852160,678.22027339,678.18253061,0.02988318,865.10478424,0.01998515,0.01998515,31871,97,0
6270.83456678,6270.83529922,684.52745579,684.50397055,0.04947677,865.34880961,0.01998515,0.01998515,31870,97,0
6271.03273864,6271.03208920,690.83992462,690.86076535,0.03159029,865.59345300,0.01998515,0.01998515,31869,97,0
6271.22883447,6271.22889152,697.15775531,697.15592312,0.05107712,865.83498631,0.01998515,0.01998515,31868,97,0
6271.42573768,6271.42570620,703.48066714,703.48167867,0.06342123,866.07695394,0.01998515,0.01998515,31867,97,0
6271.62275883,6271.62253323,709.80835036,709.81560514,0.05213404,866.31849127,0.01998515,0.01998515,31866,97,0
6271.81913497,6271.81937262,716.14049383,716.13284659,0.04011455,866.55865202,0.01998515,0.01998515,31865,97,0
6272.01728284,6272.01622437,722.47678504,722.51086484,0.05544389,866.80037330,0.01998516,0.01998515,31864,97,0
6272.21338459,6272.21308847,728.81698577,728.82652525,0.03413029,867.03898876,0.01998515,0.01998515,31863,97,0
6272.40928696,6272.40996493,735.16123996,735.13938625,0.02848208,867.27676012,0.01998515,0.01998515,31862,97,0
6272.60735541,6272.60685375,741.50981317,741.52599420,0.04774692,867.51655806,0.01998515,0.01998515,31861,97,0
6272.80332791,6272.80375493,747.86297219,747.84918951,0.03547799,867.75323086,0.01998515,0.01998515,31860,97,0
6273.00143224,6273.00066847,754.22098499,754.24565480,0.03551138,867.99189277,0.01998516,0.01998515,31859,97,0
6273.19852256,6273.19759438,760.58411224,760.61411537,0.06500365,868.22875715,0.01998516,0.01998515,31858,97,0
6273.39472435,6273.39453265,766.95242545,766.95862668,0.04250903,868.46398406,0.01998515,0.01998515,31857,97,0
6273.59140109,6273.59148328,773.32580860,773.32314805,0.07854577,868.69920409,0.01998515,0.01998515,31856,97,0
6273.78988842,6273.78844628,779.70413717,779.75085475,0.03920267,868.93599822,0.01998516,0.01998515,31855,97,0
6273.98521593,6273.98542165,786.08728609,786.08061722,0.03150190,869.16843672,0.01998515,0.01998515,31854,97,0
6274.18274100,6274.18240939,792.47512974,792.48588648,0.06268000,869.40289300,0.01998515,0.01998515,31853,97,0
6274.38028379,6274.37940950,798.86758554,798.89596468,0.05962321,869.63676509,0.01998516,0.01998515,31852,97,0
6274.57651698,6274.57642198,805.26469630,805.26778197,0.05561545,869.86848757,0.01998515,0.01998515,31851,97,0
6274.77361647,6274.77344683,811.66652758,811.67204124,0.06135021,870.10063278,0.01998515,0.01998515,31850,97,0
6274.96931357,6274.97048406,818.07314520,818.03507398,0.04214744,870.33053195,0.01998515,0.01998515,31849,97,0
6275.16759264,6275.16753366,824.48461528,824.48653492,0.05307943,870.56286122,0.01998515,0.01998515,31848,97,0
6275.36486239,6275.36459564,830.90099923,830.90968787,0.05350742,870.79340606,0.01998515,0.01998515,31847,97,0
6275.56223124,6275.56166999,837.32231319,837.34060691,0.07340598,871.02346498,0.01998515,0.01998515,31846,97,0
6275.75909337,6275.75875673,843.74854907,843.75952962,0.05158855,871.25233183,0.01998515,0.01998515,31845,97,0
6275.95597140,6275.95585584,850.17969849,850.18347047,0.04551899,871.48061455,0.01998515,0.01998515,31844,97,0
6276.15318707,6276.15296733,856.61575304,856.62293049,0.05135329,871.70868271,0.01998515,0.01998515,31843,97,0
6276.34962943,6276.35009121,863.05670580,863.04161211,0.04123680,871.93525172,0.01998515,0.01998515,31842,97,0
6276.54764205,6276.54722746,869.50261528,869.51617611,0.04560046,872.16302138,0.01998515,0.01998515,31841,97,0
6276.74425368,6276.74437611,875.95362869,875.94962139,0.01943423,872.38857669,0.01998515,0.01998515,31840,97,0
6276.94174263,6276.94153713,882.40990020,882.41663195,0.05255212,872.61453745,0.01998515,0.01998515,31839,97,0
6277.13840968,6277.13871055,888.87158465,888.86172099,0.02307578,872.83896291,0.01998515,0.01998515,31838,97,0
6277.33602242,6277.33589635,895.33883757,895.34297417,0.04644289,873.06387318,0.01998515,0.01998515,31837,97,0
6277.53341442,6277.53309454,901.81172168,901.82222582,0.04029842,873.28793776,0.01998516,0.01998515,31836,97,0
6277.73015870,6277.73030512,908.28998284,908.28517133,0.06010942,873.51066532,0.01998515,0.01998515,31835,97,0
6277.92753479,6277.92752809,914.77329856,914.77351910,0.03289044,873.73349166,0.01998515,0.01998515,31834,97,0
6278.12555714,6278.12476345,921.26134486,921.28746137,0.07129241,873.95641424,0.01998516,0.01998515,31833,97,0
6278.32201463,6278.32201121,927.75379625,927.75390895,0.04890300,874.17693578,0.01998516,0.01998515,31832,97,0
6278.52012896,6278.51927136,934.25037239,934.27862478,0.04872735,874.39866117,0.01998516,0.01998515,31831,97,0
6278.71722865,6278.71654391,940.75120214,940.77377389,0.03105598,874.61860044,0.01998516,0.01998515,31830,97,0
6278.91379780,6278.91382885,947.25662818,947.25560388,0.05660429,874.83731157,0.01998516,0.01998515,31829,97,0
6279.11135981,6279.11112619,953.76699657,953.77470842,0.03575321,875.05649743,0.01998516,0.01998515,31828,97,0
6279.30939687,6279.30843593,960.28265497,960.31439996,0.05145130,875.27558655,0.01998516,0.01998515,31827,97,0
6279.50668405,6279.50575807,966.80394262,966.83455762,0.03491755,875.49323471,0.01998516,0.01998516,31826,97,0
6279.70337155,6279.70309262,973.33092001,973.34014954,0.06134575,875.70961395,0.01998516,0.01998516,31825,97,0
6279.89988159,6279.90043956,979.86333683,979.84486029,0.04612132,875.92518226,0.01998515,0.01998516,31824,97,0
6280.09841322,6280.09779892,986.40092538,986.42128154,0.05213282,876.14233261,0.01998516,0.01998516,31823,97,0
6280.29566500,6280.29517067,992.94341671,992.95980824,0.02673674,876.35743982,0.01998516,0.01998516,31822,97,0
6280.49230579,6280.49255483,999.49054120,999.48227812,0.04704406,876.57123214,0.01998516,0.01998516,31821,97,0
6280.68992967,6280.68995140,1006.04216175,1006.04144017,0.03255002,876.78543489,0.01998516,0.01998516,31820,97,0
6280.88706466,6280.88736038,1012.59844330,1012.58861867,0.05876836,876.99845405,0.01998516,0.01998516,31819,97,0
6281.08544487,6281.08478177,1019.15959317,1019.18163850,0.06189962,877.21216489,0.01998516,0.01998516,31818,97,0
6281.28326905,6281.28221557,1025.72581963,1025.76086907,0.03909586,877.42462873,0.01998516,0.01998516,31817,97,0
6281.47974679,6281.47966178,1032.29733195,1032.30016266,0.04536611,877.63501101,0.01998516,0.01998516,31816,97,0
6281.67782226,6281.67712040,1038.87429303,1038.89767947,0.02976000,877.84646647,0.01998516,0.01998516,31815,97,0
6281.87413217,6281.87459144,1045.45664766,1045.44133319,0.05488037,878.05540191,0.01998516,0.01998516,31814,97,0
6282.07217785,6282.07207489,1052.04427715,1052.04771269,0.02796670,878.26553840,0.01998516,0.01998516,31813,97,0
6282.26860734,6282.26957076,1058.63706221,1058.60489013,0.05573515,878.47331332,0.01998515,0.01998516,31812,97,0
6282.46713444,6282.46707905,1065.23488298,1065.23673394,0.03551562,878.68264703,0.01998516,0.01998516,31811,97,0
6282.66411366,6282.66459976,1071.83763036,1071.82137544,0.06179482,878.88968781,0.01998516,0.01998516,31810,97,0
6282.86183447,6282.86213289,1078.44530051,1078.43531483,0.04993682,879.09684438,0.01998516,0.01998516,31809,97,0
6283.05923125,6283.05967844,1085.05794704,1085.04297261,0.01646068,879.30299819,0.01998516,0.01998516,31808,97,0
6283.25647102,6283.25723641,1091.67562442,1091.64997676,0.05475055,879.50832616,0.01998515,0.01998516,31807,97,0
6283.45526945,6283.45480681,1098.29838733,1098.31390099,0.05462663,879.71460726,0.01998516,0.01998516,31806,97,0
6283.65156539,6283.65238963,1104.92629451,1104.89863542,0.03099432,879.91763234,0.01998515,0.01998516,31805,97,0
6283.84937037,6283.84998488,1111.55948077,1111.53884436,0.04457968,880.12155789,0.01998515,0.01998516,31804,97,0
6284.04845496,6284.04759255,1118.19815164,1118.22713575,0.06030291,880.32613790,0.01998516,0.01998516,31803,97,0
6284.24582821,6284.24521265,1124.84251630,1124.86322084,0.02066760,880.52830560,0.01998516,0.01998516,31802,97,0
6284.44262785,6284.44284519,1131.49278492,1131.48546838,0.04586608,880.72924207,0.01998516,0.01998516,31801,97,0
6284.64038221,6284.64049015,1138.14916476,1138.14552788,0.03566505,880.93051015,0.01998516,0.01998516,31800,97,0
6284.83814387,6284.83814755,1144.81165711,1144.81153297,0.06927925,881.13113884,0.01998516,0.01998516,31799,97,0
6285.03549439,6285.03581738,1151.47995752,1151.46905749,0.04169532,881.33069446,0.01998516,0.01998516,31798,97,0
6285.23334688,6285.23349964,1158.15373542,1158.14857636,0.05232080,881.53008805,0.01998516,0.01998516,31797,97,0
6285.43203741,6285.43119434,1164.83265863,1164.86115063,0.02430860,881.72963967,0.01998516,0.01998516,31796,97,0
6285.62856637,6285.62890147,1171.51639416,1171.50506190,0.04115414,881.92633207,0.01998516,0.01998516,31795,97,0
6285.82618901,6285.82662105,1178.20480156,1178.19018174,0.06512406,882.12342310,0.01998516,0.01998516,31794,97,0
6286.02480514,6286.02435306,1184.89817946,1184.91348804,0.02747984,882.32080905,0.01998516,0.01998516,31793,97,0
6286.22186671,6286.22209751,1191.59688852,1191.58906696,0.06123648,882.51596943,0.01998516,0.01998516,31792,97,0
6286.42024470,6286.41985441,1198.30129117,1198.31452845,0.06018915,882.71175752,0.01998516,0.01998516,31791,97,0
6286.61776927,6286.61762374,1205.01175158,1205.01669157,0.03203247,882.90603805,0.01998516,0.01998516,31790,97,0
6286.81513880,6286.81540552,1211.72851669,1211.71945485,0.05908227,883.09950803,0.01998516,0.01998516,31789,97,0
6287.01349095,6287.01319975,1218.45143603,1218.46133770,0.04930001,883.29327199,0.01998516,0.01998516,31788,97,0
6287.21122389,6287.21100642,1225.18027499,1225.18767551,0.06058779,883.48575450,0.01998516,0.01998516,31787,97,0
6287.40798846,6287.40882554,1231.91479777,1231.88628960,0.02932022,883.67661516,0.01998515,0.01998516,31786,97,0
6287.60669151,6287.60665711,1238.65476739,1238.65593996,0.03977297,883.86865988,0.01998516,0.01998516,31785,97,0
6287.80444067,6287.80450112,1245.39999868,1245.39793690,0.04504204,884.05908096,0.01998516,0.01998516,31784,97,0
6288.00275783,6288.00235759,1252.15055483,1252.16421530,0.06166293,884.24934593,0.01998516,0.01998516,31783,97,0
6288.20030618,6288.20022651,1258.90657268,1258.90929392,0.02541327,884.43817536,0.01998516,0.01998516,31782,97,0
6288.39870664,6288.39810788,1265.66818975,1265.68865727,0.04853306,884.62712013,0.01998516,0.01998516,31781,97,0
6288.59591668,6288.59600171,1272.43554422,1272.43263536,0.04820574,884.81423878,0.01998516,0.01998516,31780,97,0
6288.79404843,6288.79390799,1279.20875613,1279.21356447,0.06683141,885.00153810,0.01998516,0.01998516,31779,97,0
6288.99208418,6288.99182673,1285.98782882,1285.99665045,0.01459729,885.18804976,0.01998516,0.01998516,31778,97,0
6289.18969446,6289.18975793,1292.77272049,1292.77054389,0.05139077,885.37346306,0.01998516,0.01998516,31777,97,0
6289.38729030,6289.38770159,1299.56338902,1299.54927374,0.04488360,885.55816286,0.01998516,0.01998516,31776,97,0
6289.58583722,6289.58565770,1306.35979208,1306.36595786,0.04937479,885.74304356,0.01998516,0.01998516,31775,97,0
6289.78425106,6289.78362628,1313.16188599,1313.18336134,0.05522591,885.92708805,0.01998516,0.01998516,31774,97,0
6289.98185952,6289.98160732,1319.96961844,1319.97829374,0.06848764,886.10967442,0.01998516,0.01998516,31773,97,0
6290.18016817,6290.17960082,1326.78293284,1326.80246372,0.02823918,886.29219091,0.01998516,0.01998516,31772,97,0
6290.37697276,6290.37760679,1333.60177229,1333.57992967,0.04438030,886.47260975,0.01998516,0.01998516,31771,97,0
6290.57590357,6290.57562523,1340.42607959,1340.43567575,0.04037072,886.65425216,0.01998516,0.01998516,31770,97,0
6290.77378301,6290.77365613,1347.25581490,1347.26019233,0.05659345,886.83420789,0.01998516,0.01998516,31769,97,0
6290.97160170,6290.97169950,1354.09109991,1354.08772306,0.06240117,887.01338529,0.01998516,0.01998516,31768,97,0
6291.17019209,6291.16975534,1360.93214375,1360.94723550,0.02869382,887.19253801,0.01998516,0.01998516,31767,97,0
6291.36829017,6291.36782365,1367.77915744,1367.79529137,0.06304968,887.37052772,0.01998516,0.01998516,31766,97,0
6291.56517097,6291.56590443,1374.63235306,1374.60696566,0.04355968,887.54671567,0.01998516,0.01998516,31765,97,0
6291.76413292,6291.76399769,1381.49192097,1381.49660558,0.03669521,887.72405171,0.01998516,0.01998516,31764,97,0
6291.96315816,6291.96210342,1388.35782349,1388.39439391,0.04385229,887.90072249,0.01998516,0.01998516,31763,97,0
6292.16025217,6292.16022163,1395.22989044,1395.23095040,0.05273658,888.07496114,0.01998516,0.01998516,31762,97,0
6292.35864373,6292.35835231,1402.10794915,1402.11806966,0.05964538,888.24961895,0.01998516,0.01998516,31761,97,0
6292.55646624,6292.55649547,1408.99182603,1408.99081013,0.01429010,888.42304220,0.01998516,0.01998516,31760,97,0
6292.75466545,6292.75465111,1415.88135801,1415.88185679,0.06982787,888.59605495,0.01998516,0.01998516,31759,97,0
6292.95267696,6292.95281923,1422.77649823,1422.77154645,0.05120105,888.76816034,0.01998516,0.01998516,31758,97,0
6293.15118239,6293.15099983,1429.67726818,1429.68362759,0.04286790,888.93994766,0.01998516,0.01998516,31757,97,0
6293.34926210,6293.34919291,1436.58369034,1436.58610247,0.04285482,889.11061927,0.01998516,0.01998516,31756,97,0
6293.54777930,6293.54739848,1443.49578725,1443.50907280,0.04624856,889.28091746,0.01998516,0.01998516,31755,97,0
6293.74626669,6293.74561653,1450.41360158,1450.43630124,0.05164153,889.45043811,0.01998516,0.01998516,31754,97,0
6293.94370285,6293.94384707,1457.33736954,1457.33233032,0.04779111,889.61831872,0.01998516,0.01998516,31753,97,0
6294.14208466,6294.14209009,1464.26743703,1464.26724717,0.04738790,889.78626410,0.01998516,0.01998516,31752,97,0
6294.34073445,6294.34034560,1471.20415299,1471.21776453,0.05720161,889.95369994,0.01998516,0.01998516,31751,97,0
6294.53877904,6294.53861361,1478.14786817,1478.15366463,0.05194813,890.11989815,0.01998516,0.01998516,31750,97,0
6294.73649477,6294.73689410,1485.09887034,1485.08486443,0.06003187,890.28510012,0.01998516,0.01998516,31749,97,0
6294.93592148,6294.93518709,1492.05689649,1492.08267758,0.05960313,890.45099374,0.01998516,0.01998516,31748,97,0
6295.13411162,6295.13349257,1499.02140270,1499.04315277,0.02681539,890.61510912,0.01998516,0.01998516,31747,97,0
6295.33189647,6295.33181054,1505.99183999,1505.99486149,0.06173748,890.77812883,0.01998516,0.01998516,31746,97,0
6295.52994243,6295.53014101,1512.96765646,1512.96066957,0.06952532,890.94058810,0.01998516,0.01998516,31745,97,0
6295.72812204,6295.72848397,1519.94839262,1519.93565017,0.02526028,891.10236762,0.01998516,0.01998516,31744,97,0
6295.92640378,6295.92683944,1526.93425681,1526.91890813,0.07336901,891.26344330,0.01998516,0.01998516,31743,97,0
6296.12440478,6296.12520740,1533.92574594,1533.89744641,0.05337348,891.42351472,0.01998516,0.01998516,31742,97,0
6296.32293433,6296.32358786,1540.92336064,1540.90029846,0.05650851,891.58324411,0.01998516,0.01998516,31741,97,0
6296.52205462,6296.52198082,1547.92760422,1547.93021085,0.06799073,891.74268424,0.01998516,0.01998516,31740,97,0
6296.72002282,6296.72038629,1554.93888930,1554.92603900,0.02549112,891.90044976,0.01998516,0.01998516,31739,97,0
6296.91875751,6296.91880426,1561.95712060,1561.95546629,0.06675547,892.05806714,0.01998516,0.01998516,31738,97,0
6297.11821580,6297.11723474,1568.98202896,1569.01677593,0.06414647,892.21548525,0.01998516,0.01998516,31737,97,0
6297.31615932,6297.31567772,1576.01334363,1576.03041491,0.06891492,892.37093373,0.01998516,0.01998516,31736,97,0
6297.51477350,6297.51413320,1583.05079237,1583.07350695,0.06026255,892.52612550,0.01998516,0.01998516,31735,97,0
6297.71287005,6297.71260120,1590.09417994,1590.10372466,0.05496218,892.68012474,0.01998516,0.01998516,31734,97,0
6297.91147956,6297.91108171,1597.14362463,1597.15776099,0.05821416,892.83373312,0.01998516,0.01998516,31733,97,0
6298.10968274,6298.10957473,1604.19932419,1604.20316525,0.04627798,892.98624112,0.01998516,0.01998516,31732,97,0
6298.30883442,6298.30808025,1611.26147740,1611.28831973,0.05469519,893.13869001,0.01998516,0.01998516,31731,97,0
6298.50663323,6298.50659830,1618.33028402,1618.33152827,0.05529596,893.28932245,0.01998516,0.01998516,31730,97,0
6298.70484858,6298.70512885,1625.40587000,1625.39587654,0.04761670,893.43949174,0.01998516,0.01998516,31729,97,0
6298.90428544,6298.90367193,1632.48815414,1632.51004832,0.04076421,893.58979384,0.01998516,0.01998516,31728,97,0
6299.10183786,6299.10222752,1639.57701905,1639.56310150,0.04485825,893.73788709,0.01998516,0.01998516,31727,97,0
6299.30027951,6299.30079562,1646.67234666,1646.65389691,0.03568833,893.88585190,0.01998516,0.01998516,31726,97,0
6299.49931589,6299.49937625,1653.77401920,1653.77185981,0.04269724,894.03345498,0.01998516,0.01998516,31725,97,0
6299.69762405,6299.69796940,1660.88201379,1660.86964820,0.05699998,894.17971327,0.01998516,0.01998516,31724,97,0
6299.89726532,6299.89657506,1667.99648341,1668.02122055,0.05443171,894.32614424,0.01998516,0.01998516,31723,97,0
6300.09540052,6300.09519326,1675.11760084,1675.12503515,0.05515183,894.47066764,0.01998516,0.01998516,31722,97,0
6300.29396297,6300.29382397,1682.24553979,1682.25053027,0.04508673,894.61470133,0.01998516,0.01998516,31721,97,0
6300.49239757,6300.49246721,1689.38046999,1689.37796752,0.03173763,894.75784173,0.01998516,0.01998516,31720,97,0
6300.69097571,6300.69112298,1696.52240671,1696.51710978,0.03648035,894.90028226,0.01998516,0.01998516,31719,97,0
6300.88990508,6300.88979127,1703.67118191,1703.67527900,0.04669633,895.04216302,0.01998516,0.01998516,31718,97,0
6301.08782976,6301.08847209,1710.82661608,1710.80347280,0.05484268,895.18251493,0.01998516,0.01998516,31717,97,0
6301.28683016,6301.28716544,1717.98852866,1717.97643843,0.06593483,895.32280688,0.01998516,0.01998516,31716,97,0
6301.48621422,6301.48587132,1725.15675283,1725.16912762,0.04682388,895.46253629,0.01998516,0.01998516,31715,97,0
6301.68509105,6301.68458974,1732.33132054,1732.34942764,0.03521815,895.60107789,0.01998516,0.01998516,31714,97,0
6301.88286072,6301.88332069,1739.51240757,1739.49577980,0.03234818,895.73802492,0.01998516,0.01998516,31713,97,0
6302.08141225,6302.08206417,1746.70019382,1746.67660619,0.04062021,895.87468851,0.01998516,0.01998516,31712,97,0
6302.28044010,6302.28082019,1753.89486022,1753.88109550,0.04838593,896.01085145,0.01998516,0.01998516,31711,97,0
6302.47999327,6302.47958874,1761.09656638,1761.11122978,0.06349383,896.14654147,0.01998516,0.01998516,31710,97,0
6302.67883971,6302.67836983,1768.30532609,1768.32237392,0.05100840,896.28091960,0.01998516,0.01998516,31709,97,0
6302.87765673,6302.87716347,1775.52109385,1775.53900627,0.02971955,896.41444472,0.01998516,0.01998516,31708,97,0
6303.07547264,6303.07596964,1782.74382367,1782.72575934,0.04029042,896.54646733,0.01998516,0.01998516,31707,97,0
6303.27499604,6303.27478835,1789.97346932,1789.98102479,0.06783637,896.67878727,0.01998516,0.01998516,31706,97,0
6303.47439579,6303.47361961,1797.20998611,1797.23824786,0.04414842,896.81017674,0.01998517,0.01998516,31705,97,0
6303.67325171,6303.67246341,1804.45333508,1804.48206344,0.03963837,896.94035990,0.01998517,0.01998516,31704,97,0
6303.87126688,6303.87131976,1811.70347826,1811.70154940,0.04452157,897.06914801,0.01998516,0.01998516,31703,97,0
6304.07003483,6304.07018865,1818.96037741,1818.95476185,0.05658551,897.19757490,0.01998516,0.01998516,31702,97,0
6304.26868969,6304.26907009,1826.22399494,1826.21009604,0.04259649,897.32507387,0.01998516,0.01998516,31701,97,0
6304.46775403,6304.46796408,1833.49434830,1833.48666699,0.03320143,897.45197620,0.01998516,0.01998516,31700,97,0
6304.66678680,6304.66687062,1840.77154335,1840.76847556,0.05610895,897.57799762,0.01998516,0.01998516,31699,97,0
6304.86615563,6304.86578971,1848.05569445,1848.06910017,0.06619060,897.70336834,0.01998516,0.01998516,31698,97,0
6305.06459617,6305.06472135,1855.34691662,1855.34232664,0.04158949,897.82729650,0.01998516,0.01998516,31697,97,0
6305.26342783,6305.26366554,1862.64532581,1862.63660100,0.03544269,897.95060887,0.01998516,0.01998516,31696,97,0
6305.46291678,6305.46262229,1869.95104313,1869.96186192,0.05984887,898.07346309,0.01998516,0.01998516,31695,97,0
6305.66157576,6305.66159160,1877.26419393,1877.26361144,0.04360850,898.19494366,0.01998516,0.01998516,31694,97,0
6305.86048910,6305.86057346,1884.58490431,1884.58179900,0.03542393,898.31571672,0.01998516,0.01998516,31693,97,0
6306.05934917,6306.05956788,1891.91330112,1891.90524261,0.05328109,898.43559339,0.01998516,0.01998516,31692,97,0
6306.25921295,6306.25857486,1899.24945657,1899.27299041,0.03949106,898.55520289,0.01998517,0.01998516,31691,97,0
6306.45711976,6306.45759440,1906.59313868,1906.57561630,0.02714783,898.67277301,0.01998516,0.01998516,31690,97,0
6306.65617823,6306.65662651,1913.94400989,1913.92744642,0.05853710,898.79014761,0.01998516,0.01998516,31689,97,0
6306.85577377,6306.85567117,1921.30173054,1921.30552482,0.03675977,898.90694501,0.01998516,0.01998516,31688,97,0
6307.05459880,6307.05472840,1928.66596022,1928.66116354,0.03878961,899.02239371,0.01998516,0.01998516,31687,97,0
6307.25316961,6307.25379820,1936.03658890,1936.01330533,0.05533411,899.13679632,0.01998516,0.01998516,31686,97,0
6307.45327997,6307.45288056,1943.41400619,1943.42881382,0.03485190,899.25118116,0.01998517,0.01998516,31685,97,0
6307.65156588,6307.65197549,1950.79866895,1950.78346870,0.05468774,899.36363166,0.01998516,0.01998516,31684,97,0
6307.85170025,6307.85108299,1958.19103673,1958.21396587,0.04114313,899.47623484,0.01998517,0.01998516,31683,97,0
6308.05024168,6308.05020306,1965.59154653,1965.59298274,0.04218992,899.58705632,0.01998516,0.01998516,31682,97,0
6308.24935987,6308.24933570,1973.00017872,1973.00107872,0.05999368,899.69731058,0.01998517,0.01998516,31681,97,0
6308.44831619,6308.44848091,1980.41651348,1980.41037652,0.03536547,899.80657660,0.01998516,0.01998516,31680,97,0
6308.65029985,6308.64763869,0.00000000,1987.93758460,0.06622652,899.91655113,0.01998517,0.01998516,31679,97,1
6308.84718698,6308.84680905,1995.27054507,1995.28464994,0.04094440,900.02289230,0.01998517,0.01998516,31678,97,0
6309.04574458,6309.04599199,2002.70744899,2002.69820751,0.03497657,900.12919314,0.01998516,0.01998516,31677,97,0
6309.24556611,6309.24518750,2010.15091817,2010.16507180,0.05780604,900.23524021,0.01998517,0.01998517,31676,97,0
6309.44444937,6309.44439560,2017.60118904,2017.60320108,0.03504832,900.33986334,0.01998517,0.01998517,31675,97,0
6309.64351121,6309.64361627,2025.05849951,2025.05456506,0.05335996,900.44365609,0.01998516,0.01998517,31674,97,0
6309.84321286,6309.84284952,2032.52308902,2032.53670851,0.03223802,900.54685385,0.01998517,0.01998517,31673,97,0
6310.04170040,6310.04209536,2039.99520690,2039.98038804,0.04620537,900.64850319,0.01998516,0.01998517,31672,97,0
6310.24098718,6310.24135377,2047.47511836,2047.46135003,0.03326001,900.74963877,0.01998516,0.01998517,31671,97,0
6310.44085219,6310.44062478,2054.96309166,2054.97164164,0.05341984,900.85013941,0.01998517,0.01998517,31670,97,0
6310.64187197,6310.63990836,0.00000000,2062.55080785,0.10057915,900.95051403,0.01998517,0.01998517,31669,97,1
6310.83817608,6310.83920454,2069.96427730,2069.92552793,0.08434752,901.04717083,0.01998516,0.01998517,31668,97,0
6311.03890519,6311.03851330,2077.47769718,2077.49247838,0.02635860,901.14531142,0.01998517,0.01998517,31667,97,0
6311.23825382,6311.23783465,2084.99945429,2085.01528063,0.05742352,901.24183962,0.01998517,0.01998517,31666,97,0
6311.43697690,6311.43716859,2092.52934328,2092.52209834,0.03266689,901.33712927,0.01998516,0.01998517,31665,97,0
6311.63684410,6311.63651513,2100.06715754,2100.07960294,0.05159301,901.43201955,0.01998517,0.01998517,31664,97,0
6311.83548343,6311.83587425,2107.61273274,2107.59793342,0.03224991,901.52537984,0.01998516,0.01998517,31663,97,0
6312.03724623,6312.03524597,2115.16602282,2115.24184014,0.10115292,901.61923800,0.01998517,0.01998517,31662,97,0
6312.23479686,6312.23463029,2122.72700159,2122.73332117,0.01251937,901.71018612,0.01998517,0.01998517,31661,97,0
6312.43473821,6312.43402720,2130.29564269,2130.32264397,0.05819625,901.80127386,0.01998517,0.01998517,31660,97,0
6312.63385339,6312.63343671,2137.87192700,2137.88776576,0.05575550,901.89102124,0.01998517,0.01998517,31659,97,0
6312.83283944,6312.83285881,2145.45595785,2145.45522071,0.03091958,901.97974761,0.01998517,0.01998517,31658,97,0
6313.03188031,6313.03229352,2153.04793969,2153.03220176,0.05065707,902.06753488,0.01998516,0.01998517,31657,97,0
6313.23194983,6313.23174083,2160.64808118,2160.65604946,0.03694356,902.15480394,0.01998517,0.01998517,31656,97,0
6313.43075387,6313.43120074,2168.25659226,2168.23953705,0.04648322,902.24055500,0.01998516,0.01998517,31655,97,0
6313.63110495,6313.63067325,2175.87362187,2175.89011514,0.06124286,902.32599751,0.01998517,0.01998517,31654,97,0
6313.83057427,6313.83015837,2183.49910229,2183.51500853,0.02943814,902.41008671,0.01998517,0.01998517,31653,97,0
6314.02920351,6314.02965610,2191.13291788,2191.11559083,0.05616294,902.49284824,0.01998517,0.01998517,31652,97,0
6314.22891488,6314.22916643,2198.77495224,2198.76531220,0.05495775,902.57507673,0.01998517,0.01998517,31651,97,0
6314.42857082,6314.42868937,2206.42508770,2206.42054026,0.02915855,902.65629174,0.01998517,0.01998517,31650,97,0
6314.62816073,6314.62822492,2214.08319618,2214.08073158,0.05979641,902.73648531,0.01998517,0.01998517,31649,97,0
6314.82823550,6314.82777308,2221.74913999,2221.76691320,0.04805422,902.81587111,0.01998517,0.01998517,31648,97,0
6315.02762028,6315.02733385,2229.42278018,2229.43379924,0.02401841,902.89398001,0.01998517,0.01998517,31647,97,0
6315.22601387,6315.22690723,2237.10397691,2237.06957762,0.05061416,902.97070231,0.01998516,0.01998517,31646,97,0
6315.42667217,6315.42649323,2244.79267692,2244.79957355,0.05137371,903.04728398,0.01998517,0.01998517,31645,97,0
6315.62570308,6315.62609184,2252.48912929,2252.47413154,0.02711191,903.12223421,0.01998517,0.01998517,31644,97,0
6315.82555124,6315.82570307,2260.19365007,2260.18778677,0.05083253,903.19647972,0.01998517,0.01998517,31643,97,0
6316.02486328,6316.02532692,2267.90655734,2267.88863404,0.04952021,903.26951539,0.01998517,0.01998517,31642,97,0
6316.22451396,6316.22496339,2275.62815878,2275.61076638,0.03091117,903.34166279,0.01998517,0.01998517,31641,97,0
6316.42452071,6316.42461248,2283.35856510,2283.35500984,0.05826049,903.41292048,0.01998517,0.01998517,31640,97,0
6316.62417630,6316.62427419,2291.09772723,2291.09393107,0.05117541,903.48303247,0.01998517,0.01998517,31639,97,0
6316.82387489,6316.82394852,2298.84559117,2298.84273285,0.04169620,903.55213557,0.01998517,0.01998517,31638,97,0
6317.02368323,6317.02363547,2306.60210251,2306.60395854,0.06474816,903.62024773,0.01998517,0.01998517,31637,97,0
6317.22355149,6317.22333505,2314.36717642,2314.37559656,0.01911938,903.68734647,0.01998517,0.01998517,31636,97,0
6317.42341046,6317.42304726,2322.14064760,2322.15479180,0.03849940,903.75340332,0.01998517,0.01998517,31635,97,0
6317.62316271,6317.62277209,2329.92233647,2329.93756347,0.04717628,903.81838213,0.01998517,0.01998517,31634,97,0
6317.82300675,6317.82250955,2337.71206223,2337.73146202,0.05400676,903.88234282,0.01998517,0.01998517,31633,97,0
6318.02150481,6318.02225964,2345.50968227,2345.48020192,0.02141821,903.94483078,0.01998517,0.01998517,31632,97,0
6318.22144611,6318.22202236,2353.31543949,2353.29291071,0.04948150,904.00672204,0.01998517,0.01998517,31631,97,0
6318.42188886,6318.42179772,2361.12979758,2361.13336474,0.05610104,904.06771003,0.01998517,0.01998517,31630,97,0
6318.62108361,6318.62158571,2368.95322574,2368.93355320,0.03984760,904.12726842,0.01998517,0.01998517,31629,97,0
6318.82112665,6318.82138633,2376.78619205,2376.77600547,0.04802399,904.18602698,0.01998517,0.01998517,31628,97,0
6319.02100057,6319.02119959,2384.62887141,2384.62105540,0.02601856,904.24367888,0.01998517,0.01998517,31627,97,0
6319.22114982,6319.22102548,2392.48095502,2392.48584365,0.05398863,904.30034530,0.01998517,0.01998517,31626,97,0
6319.42071555,6319.42086401,2400.34208715,2400.33624369,0.05754593,904.35577922,0.01998517,0.01998517,31625,97,0
6319.62033013,6319.62071519,2408.21190960,2408.19673889,0.05353337,904.41015449,0.01998517,0.01998517,31624,97,0
6319.82043152,6319.82057900,2416.09012696,2416.08431091,0.03528712,904.46358055,0.01998517,0.01998517,31623,97,0
6320.01984157,6320.02045545,2423.97676103,2423.95252651,0.04728346,904.51574127,0.01998517,0.01998517,31622,97,0
6320.22052245,6320.22034455,2431.87193119,2431.87896159,0.04433821,904.56714251,0.01998517,0.01998517,31621,97,0
6320.42051110,6320.42024629,2439.77575762,2439.78623330,0.05688351,904.61727400,0.01998517,0.01998517,31620,97,0
6320.62013128,6320.62016068,2447.68836848,2447.68720435,0.05503524,904.66622286,0.01998517,0.01998517,31619,97,0
6320.82003262,6320.82008771,2455.61001205,2455.60782788,0.05204941,904.71414700,0.01998517,0.01998517,31618,97,0
6321.01998888,6321.02002739,2463.54103649,2463.53950794,0.02353809,904.76098774,0.01998517,0.01998517,31617,97,0
6321.21961769,6321.21997972,2471.48179522,2471.46740935,0.05757420,904.80665591,0.01998517,0.01998517,31616,97,0
6321.42004555,6321.41994470,2479.43264195,2479.43665430,0.02319374,904.85140328,0.01998517,0.01998517,31615,97,0
6321.61968562,6321.61992233,2487.39363986,2487.38421121,0.04704490,904.89487164,0.01998517,0.01998517,31614,97,0
6321.82002905,6321.81991261,2495.36426323,2495.36890626,0.04562889,904.93737939,0.01998517,0.01998517,31613,97,0
6322.01986298,6322.01991555,2503.34391206,2503.34181338,0.05794834,904.97866053,0.01998517,0.01998517,31612,97,0
6322.22024323,6322.21993114,2511.33198212,2511.34445199,0.05641243,905.01892613,0.01998517,0.01998517,31611,97,0
6322.41967363,6322.41995939,2519.32800789,2519.31657932,0.04353812,905.05787326,0.01998517,0.01998517,31610,97,0
6322.61995739,6322.62000030,2527.33224444,2527.33052689,0.05633050,905.09585282,0.01998517,0.01998517,31609,97,0
6322.82052209,6322.82005386,2535.34517731,2535.36394165,0.04898460,905.13274543,0.01998517,0.01998517,31608,97,0
6323.02010821,6323.02012008,2543.36729542,2543.36681921,0.05545961,905.16832391,0.01998517,0.01998517,31607,97,0
6323.22006885,6323.22019897,2551.39906380,2551.39383765,0.05733520,905.20283275,0.01998517,0.01998517,31606,97,0
6323.41950086,6323.42029051,2559.44058310,2559.40882975,0.05809246,905.23611384,0.01998517,0.01998517,31605,97,0
6323.61983875,6323.62039472,2567.49169138,2567.46930985,0.05081318,905.26839862,0.01998517,0.01998517,31604,97,0
6323.81993572,6323.82051160,2575.55221979,2575.52901132,0.06030295,905.29949192,0.01998517,0.01998517,31603,97,0
6324.02006310,6324.02064113,2583.62200056,2583.59868000,0.05909425,905.32943320,0.01998517,0.01998517,31602,97,0
6324.22115923,6324.22078334,2591.70098484,2591.71616639,0.05428079,905.35835008,0.01998517,0.01998517,31601,97,0
6324.42106161,6324.42093822,2599.78929929,2599.79428860,0.04576951,905.38593013,0.01998517,0.01998517,31600,97,0
6324.62069340,6324.62110576,2607.88708545,2607.87039396,0.04172141,905.41231007,0.01998517,0.01998517,31599,97,0
6324.82120288,6324.82128597,2615.99448580,2615.99111859,0.04394364,905.43763279,0.01998517,0.01998517,31598,97,0
6325.02113394,6325.02147886,2624.11164762,2624.09765420,0.03419563,905.46170815,0.01998517,0.01998517,31597,97,0
6325.22216210,6325.22168442,2632.23873031,2632.25813239,0.04297937,905.48472964,0.01998517,0.01998517,31596,97,0
6325.42186677,6325.42190265,2640.37589644,2640.37443743,0.04846256,905.50641829,0.01998517,0.01998517,31595,97,0
6325.62225243,6325.62213356,2648.52330968,2648.52814946,0.05708409,905.52699365,0.01998517,0.01998517,31594,97,0
6325.82268327,6325.82237714,2656.68110124,2656.69358031,0.04576075,905.54637991,0.01998517,0.01998517,31593,97,0
6326.02255474,6326.02263340,2664.84920612,2664.84599544,0.04000392,905.56451865,0.01998517,0.01998517,31592,97,0
6326.22247186,6326.22290235,2673.02748714,2673.00989755,0.04253801,905.58146475,0.01998517,0.01998517,31591,97,0
6326.42342812,6326.42318397,2681.21580602,2681.22579364,0.03541430,905.59728805,0.01998517,0.01998517,31590,97,0
6326.62372955,6326.62347827,2689.41403885,2689.42432988,0.05694303,905.61184720,0.01998517,0.01998517,31589,97,0
6326.82395269,6326.82378525,2697.62224133,2697.62910645,0.04246637,905.62518664,0.01998517,0.01998517,31588,97,0
6327.02438696,6327.02410492,2705.84058642,2705.85216419,0.04245419,905.63732042,0.01998517,0.01998517,31587,97,0
6327.22425196,6327.22443728,2714.06925027,2714.06163364,0.03797383,905.64820046,0.01998517,0.01998517,31586,97,0
6327.42412721,6327.42478232,2722.30840154,2722.28144426,0.04780155,905.65785923,0.01998517,0.01998517,31585,97,0
6327.62472626,6327.62514004,2730.55798734,2730.54094014,0.05030419,905.66631991,0.01998517,0.01998517,31584,97,0
6327.82610074,6327.82551046,2738.81771867,2738.84206518,0.05306348,905.67356608,0.01998517,0.01998517,31583,97,0
6328.02611042,6328.02589356,2747.08729307,2747.09624735,0.03577975,905.67952163,0.01998517,0.01998517,31582,97,0
6328.22652284,6328.22628936,2755.36640950,2755.37606083,0.04523469,905.68424378,0.01998517,0.01998517,31581,97,0
6328.42647335,6328.42669785,2763.65502813,2763.64573790,0.04459707,905.68770861,0.01998517,0.01998517,31580,97,0
6328.62703527,6328.62711903,2771.95353998,2771.95006991,0.03176346,905.68992933,0.01998517,0.01998517,31579,97,0
6328.82752399,6328.82755290,2780.26237885,2780.26117958,0.04643108,905.69088905,0.01998517,0.01998517,31578,97,0
6329.02800822,6329.02799948,2788.58198132,2788.58234465,0.06489456,905.69058433,0.01998517,0.01998517,31577,97,0
6329.22881820,6329.22845874,2796.91264363,2796.92759145,0.03775313,905.68900684,0.01998517,0.01998517,31576,97,0
6329.42845225,6329.42893071,2805.25431463,2805.23439336,0.04043896,905.68617171,0.01998517,0.01998517,31575,97,0
6329.62947173,6329.62941538,2813.60689053,2813.60923987,0.05029661,905.68203581,0.01998517,0.01998517,31574,97,0
6329.82931521,6329.82991274,2821.97026669,2821.94532642,0.04334668,905.67664518,0.01998517,0.01998517,31573,97,0
6330.03024364,6330.03042281,2830.34435505,2830.33686742,0.04639878,905.66993508,0.01998517,0.01998517,31572,97,0
6330.23082156,6330.23094558,2838.72912747,2838.72393815,0.05721737,905.66194171,0.01998517,0.01998517,31571,97,0
6330.43178622,6330.43148106,2847.12456872,2847.13735216,0.03018656,905.65263067,0.01998517,0.01998517,31570,97,0
6330.63215712,6330.63202924,2855.53066340,2855.53602661,0.04919300,905.64204475,0.01998517,0.01998517,31569,97,0
6330.83289752,6330.83259013,2863.94737845,2863.96028602,0.02878017,905.63013062,0.01998517,0.01998517,31568,97,0
6331.03283359,6331.03316372,2872.37459811,2872.36071936,0.05367385,905.61695776,0.01998517,0.01998517,31567,97,0
6331.23419895,6331.23375003,2880.81218142,2880.83107629,0.03908720,905.60236849,0.01998517,0.01998517,31566,97,0
6331.43492557,6331.43434904,2889.25998624,2889.28427928,0.05007217,905.58650057,0.01998517,0.01998517,31565,97,0
6331.63485293,6331.63496077,2897.71793246,2897.71338317,0.04762609,905.56937660,0.01998517,0.01998517,31564,97,0
6331.83597073,6331.83558521,2906.18631900,2906.20260185,0.04584821,905.55081714,0.01998517,0.01998517,31563,97,0
6332.03593273,6332.03622236,2914.66558834,2914.65334058,0.05421193,905.53103271,0.01998517,0.01998517,31562,97,0
6332.23710541,6332.23687223,2923.15618658,2923.16606036,0.03800041,905.50978266,0.01998517,0.01998517,31561,97,0
6332.43699872,6332.43753481,2931.65849590,2931.63576618,0.05363834,905.48732465,0.01998517,0.01998517,31560,97,0
6332.63826628,6332.63821011,2940.17241504,2940.17479951,0.03473239,905.46335467,0.01998517,0.01998517,31559,97,0
6332.83805395,6332.83889813,2948.69762821,2948.66174565,0.05066456,905.43820951,0.01998517,0.01998517,31558,97,0
6333.03945015,6333.03959887,2957.23381615,2957.22748704,0.04970168,905.41149514,0.01998517,0.01998517,31557,97,0
6333.24076353,6333.24031233,2965.78071129,2965.79993615,0.02763509,905.38341633,0.01998517,0.01998517,31556,97,0
6333.44072489,6333.44103851,2974.33848569,2974.32510649,0.05067200,905.35415944,0.01998517,0.01998517,31555,97,0
6333.64211240,6333.64177742,2982.90752785,2982.92183668,0.03237156,905.32331091,0.01998517,0.01998517,31554,97,0
6333.84225069,6333.84252905,2991.48823075,2991.47632494,0.05355753,905.29127222,0.01998517,0.01998517,31553,97,0
6334.04325079,6334.04329341,3000.08095266,3000.07912739,0.03606640,905.25770277,0.01998517,0.01998517,31552,97,0
6334.24337826,6334.24407049,3008.68573110,3008.65604415,0.05550316,905.22288682,0.01998517,0.01998517,31551,97,0
6334.44515988,6334.44486030,3017.30243935,3017.31530395,0.05282467,905.18637169,0.01998517,0.01998517,31550,97,0
6334.64570175,6334.64566284,3025.93094827,3025.93262120,0.03021537,905.14867190,0.01998517,0.01998517,31549,97,0
6334.84607728,6334.84647812,3034.57115268,3034.55389515,0.04639272,905.10959565,0.01998517,0.01998517,31548,97,0
6335.04717651,6335.04730612,3043.22315686,3043.21756925,0.05901397,905.06895770,0.01998517,0.01998517,31547,97,0
6335.24728660,6335.24814686,3051.88717116,3051.85003589,0.03488747,905.02710064,0.01998517,0.01998517,31546,97,0
6335.44875042,6335.44900033,3060.56340830,3060.55260579,0.04042775,904.98352397,0.01998517,0.01998517,31545,97,0
6335.65054429,6335.64986654,3069.25202028,3069.28135672,0.03712330,904.93842466,0.01998518,0.01998517,31544,97,0
6335.85111082,6335.85074548,3077.95268038,3077.96851437,0.02755153,904.89215657,0.01998518,0.01998517,31543,97,0
6336.05156599,6336.05163716,3086.66483659,3086.66174831,0.04182718,904.84447425,0.01998517,0.01998517,31542,97,0
6336.25216547,6336.25254158,3095.38793104,3095.37159132,0.05046326,904.79531451,0.01998517,0.01998517,31541,97,0
6336.45359976,6336.45345875,3104.12153404,3104.12766736,0.02767469,904.74449509,0.01998518,0.01998517,31540,97,0
6336.65408413,6336.65438865,3112.86608699,3112.85282585,0.05148498,904.69246009,0.01998517,0.01998517,31539,97,0
6336.85519656,6336.85533130,3121.62238866,3121.61651365,0.04398591,904.63879349,0.01998517,0.01998517,31538,97,0
6337.05594138,6337.05628669,3130.39124539,3130.37616675,0.04174927,904.58374765,0.01998517,0.01998517,31537,97,0
6337.25697034,6337.25725482,3139.17331788,3139.16087723,0.03387857,904.52713466,0.01998517,0.01998517,31536,97,0
6337.45789686,6337.45823570,3147.96846433,3147.95362605,0.04953693,904.46905622,0.01998517,0.01998517,31535,97,0
6337.65895965,6337.65922933,3156.77627475,3156.76444875,0.04784306,904.40943972,0.01998517,0.01998517,31534,97,0
6337.85974318,6337.86023571,3165.59633543,3165.57470941,0.04118583,904.34840699,0.01998517,0.01998517,31533,97,0
6338.06048588,6338.06125484,3174.42835183,3174.39454465,0.04271782,904.28588562,0.01998517,0.01998517,31532,97,0
6338.26299155,6338.26228672,3183.27252131,3183.30355012,0.03679992,904.22128739,0.01998518,0.01998517,31531,97,0
6338.46294915,6338.46333135,3192.12916731,3192.11231841,0.05664269,904.15598832,0.01998517,0.01998517,31530,97,0
6338.66489987,6338.66438874,3200.99861578,3201.02117978,0.02703401,904.08850338,0.01998518,0.01998517,31529,97,0
6338.86579191,6338.86545888,3209.88106270,3209.89578478,0.05943564,904.01983424,0.01998518,0.01998518,31528,97,0
6339.06615418,6339.06654178,3218.77632304,3218.75916536,0.05699093,903.94981375,0.01998517,0.01998518,31527,97,0
6339.26705362,6339.26763743,3227.68414155,3227.65826352,0.03185666,903.87806507,0.01998517,0.01998518,31526,97,0
6339.46872112,6339.46874584,3236.60426222,3236.60316498,0.04755833,903.80448693,0.01998518,0.01998518,31525,97,0
6339.66998291,6339.66986702,3245.53661815,3245.54176846,0.04170721,903.72949820,0.01998518,0.01998518,31524,97,0
6339.87079284,6339.87100095,3254.48151950,3254.47225807,0.04685664,903.65311763,0.01998517,0.01998518,31523,97,0
6340.07145826,6340.07214765,3263.43932327,3263.40860085,0.02981395,903.57522627,0.01998517,0.01998518,31522,97,0
6340.27401563,6340.27330711,3272.41038489,3272.44200534,0.03332530,903.49500378,0.01998518,0.01998518,31521,97,0
6340.47470371,6340.47447933,3281.39488625,3281.40491448,0.04184033,903.41393159,0.01998518,0.01998518,31520,97,0
6340.67554384,6340.67566432,3290.39278104,3290.38738866,0.04524315,903.33120761,0.01998517,0.01998518,31519,97,0
6340.87677327,6340.87686208,3299.40400712,3299.40002677,0.04601240,903.24672195,0.01998518,0.01998518,31518,97,0
6341.07813718,6341.07807260,3308.42850254,3308.43140073,0.04014460,903.16056959,0.01998518,0.01998518,31517,97,0
6341.27947223,6341.27929590,3317.46621908,3317.47414452,0.04245870,903.07281332,0.01998518,0.01998518,31516,97,0
6341.48100074,6341.48053196,3326.51711970,3326.53821821,0.03880950,902.98334831,0.01998518,0.01998518,31515,97,0
6341.68237694,6341.68178080,3335.58116729,3335.60803549,0.04291015,902.89232165,0.01998518,0.01998518,31514,97,0
6341.88346029,6341.88304241,3344.65835788,3344.67721780,0.04740397,902.79979603,0.01998518,0.01998518,31513,97,0
6342.08407242,6342.08431680,3353.74895682,3353.73791154,0.04186399,902.70585382,0.01998517,0.01998518,31512,97,0
6342.28573021,6342.28560396,3362.85336152,3362.85907614,0.05632708,902.60976703,0.01998518,0.01998518,31511,97,0
6342.48657803,6342.48690390,3371.97197366,3371.95720110,0.03557052,902.51240602,0.01998517,0.01998518,31510,97,0
6342.68775581,6342.68821661,3381.10507925,3381.08415816,0.04661208,902.41321421,0.01998517,0.01998518,31509,97,0
6342.88908811,6342.88954211,3390.25248070,3390.23183767,0.05288760,902.31226728,0.01998517,0.01998518,31508,97,0
6343.09097265,6343.09088038,3399.41385468,3399.41805623,0.04273775,902.20935369,0.01998518,0.01998518,31507,97,0
6343.29220059,6343.29223144,3408.58887590,3408.58746942,0.04541641,902.10508794,0.01998518,0.01998518,31506,97,0
6343.49312301,6343.49359528,3417.77736992,3417.75580480,0.03630421,901.99929565,0.01998518,0.01998518,31505,97,0
6343.69468275,6343.69497190,3426.97947288,3426.96625053,0.05606308,901.89146810,0.01998518,0.01998518,31504,97,0
6343.89665143,6343.89636131,3436.19535984,3436.20864579,0.06206655,901.78170547,0.01998518,0.01998518,31503,97,0
6344.09789063,6344.09776350,3445.42520828,3445.43103856,0.03989000,901.67062165,0.01998518,0.01998518,31502,97,0
6344.29946799,6344.29917849,3454.66921884,3454.68251534,0.04042791,901.55762307,0.01998518,0.01998518,31501,97,0
6344.49991461,6344.50060626,3463.92761575,3463.89580081,0.04906689,901.44353367,0.01998517,0.01998518,31500,97,0
6344.70205857,6344.70204682,3473.20062613,3473.20116740,0.04464105,901.32672654,0.01998518,0.01998518,31499,97,0
6344.90404417,6344.90350017,3482.48844383,3482.51354337,0.04414186,901.20824425,0.01998518,0.01998518,31498,97,0
6345.10497966,6345.10496632,3491.79098528,3491.79160166,0.04050756,901.08861953,0.01998518,0.01998518,31497,97,0
6345.30589500,6345.30644526,3501.10803351,3501.08256870,0.04594025,900.96724888,0.01998518,0.01998518,31496,97,0
6345.50791029,6345.50793700,3510.43936858,3510.43813088,0.03208849,900.84343725,0.01998518,0.01998518,31495,97,0
6345.70959941,6345.70944153,3519.78476703,3519.79209435,0.05033044,900.71804445,0.01998518,0.01998518,31494,97,0
6345.91145312,6345.91095886,3529.14399904,3529.16697086,0.04709029,900.59076366,0.01998518,0.01998518,31493,97,0
6346.11246466,6346.11248898,3538.51683171,3538.51569995,0.02206538,900.46223511,0.01998518,0.01998518,31492,97,0
6346.31410583,6346.31403191,3547.90304670,3547.90649183,0.04920037,900.33151687,0.01998518,0.01998518,31491,97,0
6346.51554465,6346.51558764,3557.30304387,3557.30103739,0.04417198,900.19913034,0.01998518,0.01998518,31490,97,0
6346.71702565,6346.71715617,3566.71801298,3566.71191155,0.04235686,900.06489306,0.01998518,0.01998518,31489,97,0
6346.91808421,6346.91873750,3576.14920564,3576.11861424,0.05658597,899.92909426,0.01998518,0.01998518,31488,97,0
6347.12006075,6347.12033164,3585.59769672,3585.58498916,0.04315066,899.79079781,0.01998518,0.01998518,31487,97,0
6347.32181408,6347.32193859,3595.06296522,3595.05711494,0.05732740,899.65077442,0.01998518,0.01998518,31486,97,0
6347.52420725,6347.52355834,3604.54367252,3604.57420870,0.04033347,899.50843107,0.01998518,0.01998518,31485,97,0
6347.72498303,6347.72519090,3614.03846159,3614.02866682,0.05162207,899.36538169,0.01998518,0.01998518,31484,97,0
6347.92647979,6347.92683627,3623.54668627,3623.52986514,0.03817966,899.21997545,0.01998518,0.01998518,31483,97,0
6348.12911615,6348.12849445,3633.06969595,3633.09907852,0.04767714,899.07185671,0.01998518,0.01998518,31482,97,0
6348.32959031,6348.33016544,3642.60919630,3642.58196712,0.03344245,898.92341917,0.01998518,0.01998518,31481,97,0
6348.53128572,6348.53184925,3652.16683631,3652.14010602,0.05015877,898.77213649,0.01998518,0.01998518,31480,97,0
6348.73362195,6348.73354587,3661.74270562,3661.74632059,0.04770048,898.61840634,0.01998518,0.01998518,31479,97,0
6348.93631208,6348.93525531,3671.33537623,3671.38567302,0.03677076,898.46244628,0.01998518,0.01998518,31478,97,0
6349.13705651,6349.13697756,3680.94334419,3680.94710733,0.03878746,898.30606488,0.01998518,0.01998518,31477,97,0
6349.33914826,6349.33871263,3690.56544880,3690.58624166,0.03114423,898.14671691,0.01998518,0.01998518,31476,97,0
6349.54013479,6349.54046052,3700.20231404,3700.18674273,0.05869260,897.98631514,0.01998518,0.01998518,31475,97,0
6349.74239290,6349.74222124,3709.85513174,3709.86335130,0.04434498,897.82293252,0.01998518,0.01998518,31474,97,0
6349.94408429,6349.94399477,3719.52509023,3719.52938408,0.01990987,897.65801516,0.01998518,0.01998518,31473,97,0
6350.14527899,6350.14578113,3729.21260157,3729.18847430,0.05514371,897.49150566,0.01998518,0.01998518,31472,97,0
6350.34723749,6350.34758031,3738.91693442,3738.90043550,0.05623240,897.32236060,0.01998518,0.01998518,31471,97,0
6350.54967289,6350.54939231,3748.63725939,3748.65078350,0.05851075,897.15080781,0.01998518,0.01998518,31470,97,0
6350.75123764,6350.75121715,3758.37285073,3758.37383995,0.04571296,896.97799981,0.01998518,0.01998518,31469,97,0
6350.95281801,6350.95305481,3768.12377775,3768.11232891,0.04348606,896.80318035,0.01998518,0.01998518,31468,97,0
6351.15429794,6351.15490530,3777.89046007,3777.86104924,0.04442341,896.62643585,0.01998518,0.01998518,31467,97,0
6351.35663805,6351.35676862,3787.67332177,3787.66698869,0.05069136,896.44689622,0.01998518,0.01998518,31466,97,0
6351.55834886,6351.55864477,3797.47269434,3797.45831858,0.05088490,896.26586503,0.01998518,0.01998518,31465,97,0
6351.76082914,6351.76053376,3807.28874135,3807.30311510,0.03885291,896.08207304,0.01998518,0.01998518,31464,97,0
6351.96128686,6351.96243558,3817.12161041,3817.06562043,0.03842743,895.89806239,0.01998518,0.01998518,31463,97,0
6352.16486137,6352.16435023,3826.97143597,3826.99639122,0.06577986,895.70908703,0.01998518,0.01998518,31462,97,0
6352.36648782,6352.36627772,3836.83823922,3836.84851370,0.05435841,895.51982117,0.01998518,0.01998518,31461,97,0
6352.56735552,6352.56821805,3846.72198713,3846.67973696,0.04141145,895.32918236,0.01998518,0.01998518,31460,97,0
6352.76934681,6352.77017122,3856.62264985,3856.58220043,0.04929749,895.13537014,0.01998518,0.01998518,31459,97,0
6352.97151652,6352.97213723,3866.54051231,3866.51000541,0.03717439,894.93925647,0.01998518,0.01998518,31458,97,0
6353.17423969,6353.17411608,3876.47640140,3876.48248776,0.05884334,894.74044016,0.01998518,0.01998518,31457,97,0
6353.37533361,6353.37610777,3886.43120539,3886.39301598,0.05285704,894.54105168,0.01998518,0.01998518,31456,97,0
6353.57718519,6353.57811231,3896.40562020,3896.35979909,0.03837331,894.33871426,0.01998518,0.01998518,31455,97,0
6353.78082340,6353.78012969,3906.39901503,3906.43336179,0.04299929,894.13235729,0.01998518,0.01998518,31454,97,0
6353.98232747,6353.98215992,3916.41021017,3916.41851953,0.03973506,893.92597396,0.01998518,0.01998518,31453,97,0
6354.18524329,6354.18420299,3926.43804182,3926.48971429,0.05584786,893.71595926,0.01998518,0.01998518,31452,97,0
6354.38605106,6354.38625892,3936.48255288,3936.47221126,0.04580594,893.50595756,0.01998518,0.01998518,31451,97,0
6354.58874712,6354.58832769,3946.54539662,3946.56630360,0.03557022,893.29174886,0.01998518,0.01998518,31450,97,0
6354.79067620,6354.79040931,3956.62835423,3956.64168402,0.05302004,893.07607261,0.01998518,0.01998518,31449,97,0
6354.99195415,6354.99250379,3966.73258135,3966.70507363,0.05157246,892.85879334,0.01998518,0.01998518,31448,97,0
6355.19526891,6355.19461112,3976.85645983,3976.88943804,0.04752583,892.63700973,0.01998518,0.01998518,31447,97,0
6355.39730130,6355.39673131,3986.99760103,3987.02622104,0.05507594,892.41437184,0.01998518,0.01998518,31446,97,0
6355.59861939,6355.59886435,3997.15375838,3997.14144197,0.05385307,892.19032738,0.01998518,0.01998518,31445,97,0
6355.80096097,6355.80101025,4007.32544065,4007.32295883,0.05005158,891.96291773,0.01998518,0.01998518,31444,97,0
6356.00384883,6356.00316901,4017.51544422,4017.54974408,0.04772444,891.73258119,0.01998518,0.01998518,31443,97,0
6356.20580330,6356.20534063,4027.72665726,4027.75005148,0.04960183,891.50092826,0.01998518,0.01998518,31442,97,0
6356.40702493,6356.40752511,4037.96059303,4037.93524943,0.04576280,891.26771234,0.01998518,0.01998518,31441,97,0
6356.60967688,6356.60972245,4048.21562674,4048.21331321,0.04516587,891.03043903,0.01998518,0.01998518,31440,97,0
6356.81191987,6356.81193265,4058.48968588,4058.48903559,0.04515527,890.79128054,0.01998518,0.01998518,31439,97,0
6357.01444608,6357.01415572,4068.78097880,4068.79576680,0.04568205,890.54945242,0.01998518,0.01998518,31438,97,0
6357.21606941,6357.21639166,4079.08966322,4079.07322328,0.05109362,890.30636849,0.01998518,0.01998518,31437,97,0
nan,nan,0.00000000,-1.00000000,0.00000000,890.06973698,nan,0.00000000,-2147483648,97,1
nan,nan,0.00000000,-1.00000000,0.00000000,884.03997531,nan,0.00000000,-2147483648,96,1
nan,nan,0.00000000,-1.00000000,0.00000000,884.29568662,nan,0.00000000,-2147483648,96,1
6314.22970256,6314.22916643,12.09566052,12.11156402,0.14894998,884.60761917,0.01998517,0.01998517,31651,96,0
6314.43019644,6314.42868937,18.01589834,18.06062944,0.08507683,884.91059576,0.01998517,0.01998517,31650,96,0
6314.62809192,6314.62822492,23.94002709,23.93607722,0.04288853,885.20918209,0.01998517,0.01998517,31649,96,0
6314.82396370,6314.82777308,0.00000000,29.75176992,0.07241684,885.50410439,0.01998516,0.01998517,31648,96,1
6315.02801534,6315.02733385,35.80016365,35.82042761,0.13211993,885.81118954,0.01998517,0.01998517,31647,96,0
6315.22640531,6315.22690723,41.73622754,41.72129399,0.05146523,886.10913256,0.01998517,0.01998517,31646,96,0
6315.43006520,6315.42649323,0.00000000,47.77635360,0.07530825,886.41419322,0.01998518,0.01998517,31645,96,1
6315.62814685,6315.62609184,53.61986226,53.68107373,0.04390367,886.71102821,0.01998517,0.01998517,31644,96,0
6315.82326450,6315.82570307,59.56715854,59.49448379,0.14501158,887.00264466,0.01998516,0.01998517,31643,96,0
6316.02490699,6316.02532692,65.51792352,65.50540225,0.16278153,887.30351315,0.01998517,0.01998517,31642,96,0
6316.22700160,6316.22496339,71.47202097,71.53282504,0.09822991,887.60453858,0.01998518,0.01998517,31641,96,0
6316.42142802,6316.42461248,0.00000000,77.32620386,0.05045743,887.89324372,0.01998516,0.01998517,31640,96,1
6316.62409558,6316.62427419,83.39029991,83.38496636,0.06844634,888.19451173,0.01998517,0.01998517,31639,96,0
6316.82268910,6316.82394852,89.35478936,89.31715879,0.03040780,888.48883024,0.01998516,0.01998517,31638,96,0
6317.02414932,6317.02363547,95.32306041,95.33842284,0.06000653,888.78690433,0.01998517,0.01998517,31637,96,0
6317.22262271,6317.22333505,101.29527505,101.27396517,0.06090548,889.08008059,0.01998517,0.01998517,31636,96,0
6317.42568330,6317.42304726,0.00000000,107.34731431,0.04738808,889.37939122,0.01998518,0.01998517,31635,96,1
6317.62203905,6317.62277209,113.25205104,113.23009436,0.08807601,889.66866174,0.01998517,0.01998517,31634,96,0
6317.82058452,6317.82250955,119.23662749,119.17893153,0.06632472,889.96053167,0.01998516,0.01998517,31633,96,0
6318.02100385,6318.02225964,125.22528177,125.18762081,0.08898727,890.25467591,0.01998516,0.01998517,31632,96,0
6318.22224736,6318.22202236,131.21797731,131.22472897,0.03734526,890.54954109,0.01998517,0.01998517,31631,96,0
6318.42173440,6318.42179772,137.21467736,137.21277612,0.08208019,890.84134642,0.01998517,0.01998517,31630,96,0
6318.62159411,6318.62158571,143.21534278,143.21559525,0.10348537,891.13320829,0.01998517,0.01998517,31629,96,0
6318.82138792,6318.82138633,149.21991995,149.21996777,0.03221887,891.42448133,0.01998517,0.01998517,31628,96,0
6319.02236712,6319.02119959,155.22834943,155.26346764,0.06541005,891.71698154,0.01998517,0.01998517,31627,96,0
6319.21866895,6319.22102548,161.24057156,161.16965023,0.10474512,892.00218543,0.01998516,0.01998517,31626,96,0
6319.42346553,6319.42086401,0.00000000,167.33248392,0.05745960,892.29909749,0.01998518,0.01998517,31625,96,1
6319.62355797,6319.62071519,0.00000000,173.35997245,0.09237621,892.58881200,0.01998518,0.01998517,31624,96,1
6319.82022163,6319.82057900,179.29944410,179.28867095,0.05990540,892.87312511,0.01998517,0.01998517,31623,96,0
6320.02086698,6320.02045545,185.32652552,185.33893824,0.11101188,893.16260049,0.01998517,0.01998517,31622,96,0
6320.22091549,6320.22034455,191.35755101,191.37478253,0.04538743,893.45071385,0.01998517,0.01998517,31621,96,0
6320.42155196,6320.42024629,197.39267398,197.43210522,0.10164182,893.73917778,0.01998517,0.01998517,31620,96,0
6320.61966058,6320.62016068,203.43204844,203.41693550,0.02668263,894.02352569,0.01998517,0.01998517,31619,96,0
6320.82201479,6320.82008771,209.47582506,209.53410045,0.08558098,894.31347924,0.01998518,0.01998517,31618,96,0
6321.01964908,6321.02002739,215.52402094,215.51257317,0.08572457,894.59619286,0.01998517,0.01998517,31617,96,0
6321.22036104,6321.21997972,221.57648927,221.58803517,0.07847074,894.88281861,0.01998517,0.01998517,31616,96,0
6321.42035620,6321.41994470,227.63307271,227.64553995,0.07961705,895.16792046,0.01998517,0.01998517,31615,96,0
6321.62112613,6321.61992233,233.69361326,233.73010629,0.07373347,895.45361577,0.01998517,0.01998517,31614,96,0
6321.81905281,6321.81991261,239.75795230,239.73187331,0.02531968,895.73475546,0.01998517,0.01998517,31613,96,0
6322.02251446,6322.01991555,0.00000000,245.90618806,0.03246821,896.02328566,0.01998518,0.01998517,31612,96,1
6322.21885251,6322.21993114,251.89763795,251.86488574,0.02663726,896.30107439,0.01998517,0.01998517,31611,96,0
6322.42031135,6322.41995939,257.97313925,257.98383256,0.06285538,896.58565349,0.01998517,0.01998517,31610,96,0
6322.61968648,6322.62000030,264.05257785,264.04303774,0.05863430,896.86677494,0.01998517,0.01998517,31609,96,0
6322.81852810,6322.82005386,270.13607830,270.08966661,0.05778958,897.14663917,0.01998516,0.01998517,31608,96,0
6323.01884949,6323.02012008,276.22376563,276.18509144,0.07848403,897.42808073,0.01998517,0.01998517,31607,96,0
6323.21894917,6323.22019897,282.31573701,282.27767137,0.05493971,897.70870756,0.01998517,0.01998517,31606,96,0
6323.42086934,6323.42029051,288.41200130,288.42964220,0.05319809,897.99137675,0.01998517,0.01998517,31605,96,0
6323.62140744,6323.62039472,294.51255014,294.54343465,0.06284487,898.27160167,0.01998517,0.01998517,31604,96,0
6323.81955748,6323.82051160,300.61737509,300.58825928,0.05031846,898.54798919,0.01998517,0.01998517,31603,96,0
6324.02065222,6324.02064113,306.72646770,306.72680628,0.03960920,898.82797385,0.01998517,0.01998517,31602,96,0
6324.22018816,6324.22078334,312.83981982,312.82163439,0.06509172,899.10527848,0.01998517,0.01998517,31601,96,0
6324.41870415,6324.42093822,0.00000000,318.89564779,0.02699565,899.38095607,0.01998516,0.01998517,31600,96,1
6324.62115645,6324.62110576,325.07932598,325.08087666,0.05731751,899.66098378,0.01998517,0.01998517,31599,96,0
6324.82269851,6324.82128597,331.20551135,331.24875370,0.05791609,899.93952503,0.01998517,0.01998517,31598,96,0
6325.02214298,6325.02147886,337.33600637,337.35635016,0.07773983,900.21465437,0.01998517,0.01998517,31597,96,0
6325.22268172,6325.22168442,343.47082720,343.50139713,0.05161933,900.49077821,0.01998517,0.01998517,31596,96,0
6325.42357750,6325.42190265,349.60998235,349.66135356,0.04392862,900.76687487,0.01998518,0.01998517,31595,96,0
6325.62100283,6325.62213356,355.75342812,355.71872459,0.07820297,901.03769290,0.01998517,0.01998517,31594,96,0
6325.82170165,6325.82237714,361.90109901,361.88035443,0.04589635,901.31247985,0.01998517,0.01998517,31593,96,0
6326.02216834,6326.02263340,368.05292916,368.03863822,0.05231086,901.58641989,0.01998517,0.01998517,31592,96,0
6326.22184000,6326.22290235,374.20885244,374.17618815,0.05655103,901.85874369,0.01998517,0.01998517,31591,96,0
6326.42149286,6326.42318397,380.36880274,380.31677511,0.06096775,902.13050900,0.01998517,0.01998517,31590,96,0
6326.62541292,6326.62347827,386.53275844,386.59231411,0.05619873,902.40753050,0.01998518,0.01998517,31589,96,0
6326.82298315,6326.82378525,392.70078906,392.67608247,0.05572326,902.67539537,0.01998517,0.01998517,31588,96,0
6327.02407018,6327.02410492,398.87297552,398.87190458,0.07840503,902.94749444,0.01998517,0.01998517,31587,96,0
6327.22416100,6327.22443728,405.04939904,405.04087865,0.04027924,903.21771323,0.01998517,0.01998517,31586,96,0
6327.42445067,6327.42478232,411.23014122,411.21990659,0.04197823,903.48767105,0.01998517,0.01998517,31585,96,0
6327.62521228,6327.62514004,417.41527943,417.41751019,0.05447544,903.75773535,0.01998517,0.01998517,31584,96,0
6327.82574143,6327.82551046,423.60483722,423.61197449,0.05064492,904.02695730,0.01998517,0.01998517,31583,96,0
6328.02569636,6328.02589356,429.79880254,429.79270492,0.05023132,904.29487936,0.01998517,0.01998517,31582,96,0
6328.22494332,6328.22628936,435.99716264,435.95551555,0.07143449,904.56132551,0.01998517,0.01998517,31581,96,0
6328.42722010,6328.42669785,442.19990470,442.21607395,0.02392114,904.83128297,0.01998517,0.01998517,31580,96,0
6328.62829696,6328.62711903,448.40701588,448.44350852,0.06312657,905.09909747,0.01998518,0.01998517,31579,96,0
6328.82836112,6328.82755290,454.61848698,454.64354169,0.06493389,905.36502553,0.01998518,0.01998517,31578,96,0
6329.02739103,6329.02799948,460.83431973,460.81544598,0.03844113,905.62904549,0.01998517,0.01998517,31577,96,0
6329.22736261,6329.22845874,467.05451781,467.02049431,0.04169468,905.89377763,0.01998517,0.01998517,31576,96,0
6329.42832761,6329.42893071,473.27908493,473.26035282,0.05549070,906.15928146,0.01998517,0.01998517,31575,96,0
6329.62753590,6329.62941538,479.50802480,479.44961192,0.04918479,906.42192556,0.01998517,0.01998517,31574,96,0
6329.83025622,6329.82991274,485.74133810,485.75201983,0.07178833,906.68864794,0.01998517,0.01998517,31573,96,0
6330.03149369,6330.03042281,491.97897508,492.01229920,0.04628496,906.95286495,0.01998518,0.01998517,31572,96,0
6330.23152975,6330.23094558,498.22084435,498.23903374,0.06399505,907.21495197,0.01998518,0.01998517,31571,96,0
6330.43115699,6330.43148106,504.46685288,504.45675615,0.03176959,907.47594894,0.01998517,0.01998517,31570,96,0
6330.63292968,6330.63202924,510.71690724,510.74497727,0.07365682,907.73918290,0.01998518,0.01998517,31569,96,0
6330.83201566,6330.83259013,516.97091363,516.95299541,0.01082848,907.99834695,0.01998517,0.01998517,31568,96,0
6331.03320025,6331.03316372,523.22885273,523.22999262,0.04897708,908.25967092,0.01998517,0.01998517,31567,96,0
6331.23292850,6331.23375003,529.49095150,529.46529616,0.05706044,908.51854263,0.01998517,0.01998517,31566,96,0
6331.43385305,6331.43434904,535.75748845,535.74198891,0.03850363,908.77841151,0.01998517,0.01998517,31565,96,0
6331.63524583,6331.63496077,542.02874325,542.03765782,0.03310687,909.03833925,0.01998517,0.01998517,31564,96,0
6331.83492649,6331.83558521,548.30499678,548.28438210,0.06560895,909.29552681,0.01998517,0.01998517,31563,96,0
6332.03603806,6332.03622236,554.58651138,554.58073918,0.05916771,909.55403271,0.01998517,0.01998517,31562,96,0
6332.23607211,6332.23687223,560.87322719,560.84814915,0.05340051,909.81062719,0.01998517,0.01998517,31561,96,0
6332.43649747,6332.43753481,567.16481983,567.13228416,0.03993419,910.06718228,0.01998517,0.01998517,31560,96,0
6332.63826480,6332.63821011,573.46095582,573.46267237,0.05845443,910.32489260,0.01998517,0.01998517,31559,96,0
6332.83931905,6332.83889813,579.76130021,579.77451826,0.03558236,910.58111555,0.01998518,0.01998517,31558,96,0
6333.04038116,6333.03959887,586.06551677,586.09009584,0.04385609,910.83675793,0.01998518,0.01998517,31557,96,0
6333.24087691,6333.24031233,592.37341962,592.39116779,0.06774900,911.09108343,0.01998518,0.01998517,31556,96,0
6333.44028058,6333.44103851,598.68525946,598.66141924,0.04215931,911.34344144,0.01998517,0.01998517,31555,96,0
6333.64190507,6333.64177742,605.00136635,605.00538423,0.02609106,911.59803173,0.01998517,0.01998517,31554,96,0
6333.84157641,6333.84252905,611.32207181,611.29206738,0.06241710,911.84959448,0.01998517,0.01998517,31553,96,0
6334.04307044,6334.04329341,617.64770875,617.64068103,0.06687831,912.10289921,0.01998517,0.01998517,31552,96,0
6334.24447558,6334.24407049,623.97858102,623.99135927,0.04649722,912.35554622,0.01998518,0.01998517,31551,96,0
6334.44463890,6334.44486030,630.31463703,630.30764796,0.04432582,912.60609094,0.01998517,0.01998517,31550,96,0
6334.64504527,6334.64566284,636.65559395,636.63608546,0.06565744,912.85638328,0.01998517,0.01998517,31549,96,0
6334.84677402,6334.84647812,643.00116383,643.01051716,0.03844740,913.10775173,0.01998518,0.01998517,31548,96,0
6335.04802452,6335.04730612,649.35105742,649.37377891,0.06850647,913.35793603,0.01998518,0.01998517,31547,96,0
6335.24725272,6335.24814686,655.70498568,655.67669039,0.05381679,913.60501509,0.01998517,0.01998517,31546,96,0
6335.44835082,6335.44900033,662.06285128,662.04228545,0.03267149,913.85381155,0.01998517,0.01998517,31545,96,0
6335.65002057,6335.64986654,668.42494020,668.42982059,0.05841601,914.10271822,0.01998518,0.01998517,31544,96,0
6335.85057925,6335.85074548,674.79158506,674.78631469,0.04906541,914.34967217,0.01998517,0.01998517,31543,96,0
6336.05113786,6336.05163716,681.16311994,681.14727813,0.04683630,914.59605770,0.01998517,0.01998517,31542,96,0
6336.25194613,6336.25254158,687.53988037,687.52097311,0.04735204,914.84219186,0.01998517,0.01998517,31541,96,0
6336.45452531,6336.45345875,693.92213874,693.95603212,0.04820710,915.08993971,0.01998518,0.01998517,31540,96,0
6336.65333437,6336.65438865,700.30974659,700.27621832,0.04080750,915.33252559,0.01998517,0.01998517,31539,96,0
6336.85400571,6336.85533130,706.70238533,706.66019956,0.06428196,915.57681626,0.01998517,0.01998517,31538,96,0
6337.05605927,6337.05628669,713.09973450,713.09249258,0.03635571,915.82219960,0.01998517,0.01998517,31537,96,0
6337.25793130,6337.25725482,719.50147219,719.52302751,0.04447520,916.06675732,0.01998518,0.01998517,31536,96,0
6337.45858552,6337.45823570,725.90728466,725.91843749,0.02884460,916.30922701,0.01998518,0.01998517,31535,96,0
6337.65948681,6337.65922933,732.31712759,732.32534102,0.06717963,916.55138031,0.01998518,0.01998517,31534,96,0
6337.86052226,6337.86023571,738.73125881,738.74040538,0.05212877,916.79308783,0.01998518,0.01998517,31533,96,0
6338.06091031,6338.06125484,745.14995317,745.13894838,0.05667577,917.03342111,0.01998517,0.01998517,31532,96,0
6338.26249324,6338.26228672,751.57348675,751.58008792,0.04619484,917.27459607,0.01998518,0.01998517,31531,96,0
6338.46328898,6338.46333135,758.00213679,758.00078146,0.04365327,917.51424833,0.01998517,0.01998517,31530,96,0
6338.66473134,6338.66438874,764.43609207,764.44705969,0.05549947,917.75409512,0.01998518,0.01998517,31529,96,0
6338.86550253,6338.86545888,770.87527443,770.87667282,0.04483910,917.99256290,0.01998517,0.01998518,31528,96,0
6339.06785561,6339.06654178,777.31955554,777.36167639,0.05396291,918.23231730,0.01998518,0.01998518,31527,96,0
6339.26742670,6339.26763743,783.76880652,783.76204588,0.03896858,918.46818673,0.01998517,0.01998518,31526,96,0
6339.46759622,6339.46874584,790.22289787,790.18599113,0.04364648,918.70416984,0.01998517,0.01998518,31525,96,0
6339.67014124,6339.66986702,796.68171401,796.69052346,0.05507683,918.94234250,0.01998518,0.01998518,31524,96,0
6339.87043168,6339.87100095,803.14526091,803.12696080,0.04157662,919.17725833,0.01998517,0.01998518,31523,96,0
6340.07208600,6340.07214765,809.61360566,809.61162266,0.05534221,919.41316630,0.01998517,0.01998518,31522,96,0
6340.27359803,6340.27330711,816.08681612,816.09618129,0.03088739,919.64829976,0.01998518,0.01998518,31521,96,0
6340.47352021,6340.47447933,822.56496044,822.53406395,0.05521463,919.88097829,0.01998517,0.01998518,31520,96,0
6340.67564789,6340.67566432,829.04810596,829.04757632,0.04332194,920.11561716,0.01998517,0.01998518,31519,96,0
6340.87726445,6340.87686208,835.53628596,835.54926602,0.05231552,920.34905470,0.01998518,0.01998518,31518,96,0
6341.07815523,6341.07807260,842.02949408,842.03216153,0.02240902,920.58104608,0.01998518,0.01998518,31517,96,0
6341.27861008,6341.27929590,848.52772168,848.50556646,0.04507958,920.81192933,0.01998517,0.01998518,31516,96,0
6341.47952014,6341.48053196,855.03096010,854.99825010,0.02286074,921.04272882,0.01998517,0.01998518,31515,96,0
6341.68172673,6341.68178080,861.53920070,861.53745129,0.04713382,921.27440111,0.01998518,0.01998518,31514,96,0
6341.88307573,6341.88304241,868.05247651,868.05355530,0.03703387,921.50447569,0.01998518,0.01998518,31513,96,0
6342.08408091,6342.08431680,874.57092867,874.56328627,0.05523214,921.73354839,0.01998517,0.01998518,31512,96,0
6342.28500680,6342.28560396,881.09471612,881.07535443,0.03803596,921.96192647,0.01998517,0.01998518,31511,96,0
6342.48704106,6342.48690390,887.62399854,887.62844948,0.05775790,922.19095903,0.01998518,0.01998518,31510,96,0
6342.68903623,6342.68821661,894.15893635,894.18555332,0.05762830,922.41934421,0.01998518,0.01998518,31509,96,0
6342.88943268,6342.88954211,900.69963579,900.69607949,0.04863615,922.64532775,0.01998518,0.01998518,31508,96,0
6343.09145324,6343.09088038,907.24588204,907.26451492,0.05886364,922.87253444,0.01998518,0.01998518,31507,96,0
6343.29308757,6343.29223144,913.79734265,913.82520889,0.04597180,923.09868437,0.01998518,0.01998518,31506,96,0
6343.49408937,6343.49359528,920.35368343,920.36977618,0.05071230,923.32349285,0.01998518,0.01998518,31505,96,0
6343.69572040,6343.69497190,926.91456861,926.93896205,0.02814055,923.54835797,0.01998518,0.01998518,31504,96,0
6343.89628210,6343.89636131,933.47968864,933.47710571,0.04614661,923.77137564,0.01998518,0.01998518,31503,96,0
6344.09758793,6344.09776350,940.04911454,940.04338582,0.02157297,923.99456502,0.01998518,0.01998518,31502,96,0
6344.29903686,6344.29917849,946.62319548,946.61857124,0.04982585,924.21726578,0.01998518,0.01998518,31501,96,0
6344.50109103,6344.50060626,953.20228849,953.21812790,0.05954447,924.43999576,0.01998518,0.01998518,31500,96,0
6344.70219092,6344.70204682,959.78675228,959.79146434,0.04355216,924.66104791,0.01998518,0.01998518,31499,96,0
6344.90368773,6344.90350017,966.37694091,966.38307897,0.05885657,924.88192011,0.01998518,0.01998518,31498,96,0
6345.10456258,6345.10496632,972.97294973,972.95972591,0.04107877,925.10149778,0.01998518,0.01998518,31497,96,0
6345.30685165,6345.30644526,979.57452773,979.58784847,0.05097218,925.32199271,0.01998518,0.01998518,31496,96,0
6345.50813553,6345.50793700,986.18139865,986.18791097,0.04195055,925.54075480,0.01998518,0.01998518,31495,96,0
6345.70909806,6345.70944153,992.79328491,992.78201112,0.05560026,925.75852270,0.01998518,0.01998518,31494,96,0
6345.91109869,6345.91095886,999.40990812,999.41450096,0.04710516,925.97675525,0.01998518,0.01998518,31493,96,0
6346.11233161,6346.11248898,1006.03112218,1006.02595001,0.02229727,926.19349385,0.01998518,0.01998518,31492,96,0
6346.31382405,6346.31403191,1012.65709504,1012.65025899,0.04796911,926.40985137,0.01998518,0.01998518,31491,96,0
6346.51551906,6346.51558764,1019.28804069,1019.28578391,0.06139845,926.62576976,0.01998518,0.01998518,31490,96,0
6346.71726321,6346.71715617,1025.92417412,1025.92769941,0.01431666,926.84108882,0.01998518,0.01998518,31489,96,0
6346.91883984,6346.91873750,1032.56571137,1032.56908451,0.05144664,927.05558314,0.01998518,0.01998518,31488,96,0
6347.12050812,6347.12033164,1039.21281404,1039.21863541,0.05178573,927.26953222,0.01998518,0.01998518,31487,96,0
6347.32148785,6347.32193859,1045.86541782,1045.85053874,0.02628291,927.48210727,0.01998518,0.01998518,31486,96,0
6347.52365351,6347.52355834,1052.52340014,1052.52654408,0.04173311,927.69528276,0.01998518,0.01998518,31485,96,0
6347.72630271,6347.72519090,1059.18663783,1059.22339228,0.05235546,927.90830412,0.01998518,0.01998518,31484,96,0
6347.92682667,6347.92683627,1065.85500714,1065.85468972,0.03618606,928.11843146,0.01998518,0.01998518,31483,96,0
6348.13114049,6348.12849445,0.00000000,1072.60698463,0.10361517,928.33156581,0.01998519,0.01998518,31482,96,1
6348.32851917,6348.33016544,1079.20682589,1079.15228992,0.05301554,928.53737006,0.01998517,0.01998518,31481,96,0
6348.32851917,6348.33016544,1079.20682589,1079.15228992,0.05301554,928.53737006,0.01998517,0.01998518,31481,96,0
6348.53775831,6348.53184925,0.00000000,1086.07973074,0.12758767,928.75433568,0.01998520,0.01998518,31480,96,1
6348.73026609,6348.73354587,0.00000000,1092.46528327,0.19336270,928.95355156,0.01998517,0.01998518,31479,96,1
6348.93597573,6348.93525531,1099.27285260,1099.29676887,0.05812862,929.16585337,0.01998518,0.01998518,31478,96,0
6349.13670939,6349.13697756,1105.97197503,1105.96306589,0.03357651,929.37219824,0.01998518,0.01998518,31477,96,0
6349.33826000,6349.33871263,1112.67651944,1112.66147054,0.05481542,929.57871781,0.01998518,0.01998518,31476,96,0
6349.54366594,6349.54046052,0.00000000,1119.49642143,0.07071935,929.78860088,0.01998519,0.01998518,31475,96,1
6349.73827112,6349.74222124,0.00000000,1125.97573195,0.04960007,929.98677385,0.01998517,0.01998518,31474,96,1
6349.94427222,6349.94399477,1132.82483511,1132.83408219,0.06676322,930.19570301,0.01998518,0.01998518,31473,96,0
6350.14565015,6350.14578113,1139.55320886,1139.54883974,0.04492079,930.39942397,0.01998518,0.01998518,31472,96,0
6350.34754609,6350.34758031,1146.28777041,1146.28662806,0.05240383,930.60301441,0.01998518,0.01998518,31471,96,0
6350.54909721,6350.54939231,1153.02818795,1153.01832780,0.02290545,930.80559134,0.01998518,0.01998518,31470,96,0
6350.75086353,6350.75121715,1159.77411987,1159.76229599,0.06125653,931.00770605,0.01998518,0.01998518,31469,96,0
6350.95297743,6350.95305481,1166.52522289,1166.52263396,0.04465568,931.20947620,0.01998518,0.01998518,31468,96,0
6351.15524836,6351.15490530,1173.28116317,1173.29264904,0.04960593,931.41069721,0.01998518,0.01998518,31467,96,0
6351.35694148,6351.35676862,1180.04192801,1180.04771922,0.02668055,931.61063828,0.01998518,0.01998518,31466,96,0
6351.55871490,6351.55864477,1186.80786895,1186.81022000,0.06458751,931.80996308,0.01998518,0.01998518,31465,96,0
6351.76018952,6351.76053376,1193.57935877,1193.56780827,0.05222176,932.00830739,0.01998518,0.01998518,31464,96,0
6351.96240698,6351.96243558,1200.35677207,1200.35581173,0.04944971,932.20670338,0.01998518,0.01998518,31463,96,0
6352.16474805,6352.16435023,1207.14047999,1207.15385139,0.05975994,932.40454793,0.01998518,0.01998518,31462,96,0
6352.36679657,6352.36627772,1213.93060956,1213.94806409,0.04051794,932.60143645,0.01998518,0.01998518,31461,96,0
6352.56866748,6352.56821805,1220.72694486,1220.74207680,0.05715610,932.79747482,0.01998518,0.01998518,31460,96,0
6352.77025836,6352.77017122,1227.52924332,1227.53217961,0.03613430,932.99255676,0.01998518,0.01998518,31459,96,0
6352.97252465,6352.97213723,1234.33726113,1234.35032550,0.03708903,933.18759583,0.01998518,0.01998518,31458,96,0
6353.17435810,6353.17411608,1241.15075521,1241.15892252,0.06930316,933.38151324,0.01998518,0.01998518,31457,96,0
6353.37638799,6353.37610777,1247.96961952,1247.97908271,0.02709073,933.57490994,0.01998518,0.01998518,31456,96,0
6353.57821680,6353.57811231,1254.79397397,1254.79750542,0.05022987,933.76740693,0.01998518,0.01998518,31455,96,0
6353.78032254,6353.78012969,1261.62396007,1261.63048274,0.05201726,933.95946181,0.01998518,0.01998518,31454,96,0
6353.98220759,6353.98215992,1268.45972004,1268.46133385,0.04240579,934.15060342,0.01998518,0.01998518,31453,96,0
6354.18456167,6354.18420299,1275.30139613,1275.31354683,0.04480809,934.34148542,0.01998518,0.01998518,31452,96,0
6354.38693050,6354.38625892,1282.14906938,1282.17183853,0.05931093,934.53167692,0.01998518,0.01998518,31451,96,0
6354.58783245,6354.58832769,1289.00270852,1288.98590449,0.02897632,934.71979009,0.01998518,0.01998518,31450,96,0
6354.79061807,6354.79040931,1295.86227022,1295.86935903,0.05955304,934.90895673,0.01998518,0.01998518,31449,96,0
6354.99292163,6354.99250379,1302.72771090,1302.74191110,0.05786646,935.09695933,0.01998518,0.01998518,31448,96,0
6355.19512224,6355.19461112,1309.59898668,1309.61637052,0.03536412,935.28415005,0.01998518,0.01998518,31447,96,0
6355.39723126,6355.39673131,1316.47604901,1316.49306608,0.02798606,935.47053707,0.01998518,0.01998518,31446,96,0
6355.59890550,6355.59886435,1323.35884058,1323.36024234,0.04884873,935.65580317,0.01998518,0.01998518,31445,96,0
6355.80046382,6355.80101025,1330.24730280,1330.22867510,0.04666355,935.84024063,0.01998518,0.01998518,31444,96,0
6356.00322787,6356.00316901,1337.14137678,1337.14338491,0.05744478,936.02504944,0.01998518,0.01998518,31443,96,0
6356.20560125,6356.20534063,1344.04100413,1344.04990166,0.02268358,936.20876658,0.01998518,0.01998518,31442,96,0
6356.40714807,6356.40752511,1350.94621509,1350.93333314,0.06842863,936.39100187,0.01998518,0.01998518,31441,96,0
6356.60937913,6356.60972245,1357.85720744,1357.84546846,0.05690289,936.57312534,0.01998518,0.01998518,31440,96,0
6356.81186148,6356.81193265,1364.77419848,1364.77176297,0.04523593,936.75474567,0.01998518,0.01998518,31439,96,0
6357.01393651,6357.01415572,1371.69740662,1371.68989841,0.04738252,936.93527650,0.01998518,0.01998518,31438,96,0
6357.21578967,6357.21639166,1378.62704983,1378.60641337,0.03573017,937.11489035,0.01998518,0.01998518,31437,96,0
6357.41882336,6357.41864046,1385.56321194,1385.56948723,0.05121681,937.29482984,0.01998518,0.01998518,31436,96,0
6357.62155154,6357.62090213,1392.50573994,1392.52803969,0.03987427,937.47376698,0.01998518,0.01998518,31435,96,0
6357.82336546,6357.82317668,1399.45445597,1399.46094381,0.03512269,937.65116425,0.01998518,0.01998518,31434,96,0
6358.02577814,6358.02546409,1406.40918120,1406.41998255,0.04394338,937.82834659,0.01998518,0.01998518,31433,96,0
6358.22771679,6358.22776437,1413.36973716,1413.36809927,0.03669165,938.00436764,0.01998518,0.01998518,31432,96,0
6358.43008862,6358.43007753,1420.33602023,1420.33640218,0.03517675,938.18001371,0.01998518,0.01998518,31431,96,0
6358.63260946,6358.63240356,1427.30804345,1427.31514128,0.04496412,938.35503323,0.01998518,0.01998518,31430,96,0
6358.83512649,6358.83474247,1434.28582997,1434.29907815,0.04714413,938.52929183,0.01998518,0.01998518,31429,96,0
6359.03753308,6359.03709425,1441.26940304,1441.28455373,0.04632783,938.70269695,0.01998518,0.01998518,31428,96,0
6359.23979922,6359.23945892,1448.25878966,1448.27054801,0.04200159,938.87522289,0.01998518,0.01998518,31427,96,0
6359.44213429,6359.44183646,1455.25415583,1455.26445509,0.04379967,939.04705066,0.01998518,0.01998518,31426,96,0
6359.64430385,6359.64422688,1462.25584750,1462.25851134,0.04562194,939.21798798,0.01998518,0.01998518,31425,96,0
6359.84642749,6359.84663019,1469.26422425,1469.25720235,0.04532266,939.38814358,0.01998518,0.01998518,31424,96,0
6360.04909743,6360.04904637,1476.27964757,1476.28141813,0.03737729,939.55801958,0.01998518,0.01998518,31423,96,0
6360.25173810,6360.25147545,1483.30246236,1483.31157916,0.04723066,939.72713641,0.01998518,0.01998518,31422,96,0
6360.45462118,6360.45391740,1490.33257506,1490.35702607,0.04119029,939.89571470,0.01998518,0.01998518,31421,96,0
6360.65623168,6360.65637225,1497.36944285,1497.36455506,0.04308851,940.06248579,0.01998518,0.01998518,31420,96,0
6360.85934745,6360.85883998,1504.41249981,1504.43015942,0.04467306,940.22973035,0.01998518,0.01998518,31419,96,0
6361.06130783,6361.06132061,1511.46117698,1511.46073220,0.04137310,940.39524007,0.01998518,0.01998518,31418,96,0
6361.26365175,6361.26381412,1518.51494228,1518.50928454,0.04522094,940.56026622,0.01998518,0.01998518,31417,96,0
6361.46601492,6361.46632052,1525.57384935,1525.56319290,0.03964101,940.72450876,0.01998518,0.01998518,31416,96,0
6361.66840203,6361.66883982,1532.63840045,1532.62312295,0.03919030,940.88798100,0.01998518,0.01998518,31415,96,0
6361.87109489,6361.87137201,1539.70911180,1539.69943298,0.04838162,941.05091847,0.01998518,0.01998518,31414,96,0
6362.07669238,6362.07391710,0.00000000,1546.89103784,0.10551135,941.21557310,0.01998519,0.01998518,31413,96,1
6362.27648027,6362.27647508,1553.87104059,1553.87122195,0.04748928,941.37448328,0.01998518,0.01998518,31412,96,0
6362.47843568,6362.47904597,1560.96271093,1560.94133596,0.06321334,941.53453314,0.01998518,0.01998518,31411,96,0
6362.68150356,6362.68162975,1568.06123811,1568.05681443,0.06197601,941.69468766,0.01998518,0.01998518,31410,96,0
6362.88470811,6362.88422643,1575.16634286,1575.18324268,0.04590418,941.85416129,0.01998518,0.01998518,31409,96,0
6363.08662017,6363.08683601,1582.27774436,1582.27016561,0.04388644,942.01183053,0.01998518,0.01998518,31408,96,0
6363.28914122,6363.28945850,1589.39521762,1589.38406821,0.04165205,942.16917699,0.01998518,0.01998518,31407,96,0
6363.49187109,6363.49209389,1596.51885561,1596.51101994,0.03148298,942.32588476,0.01998518,0.01998518,31406,96,0
6363.69475585,6363.69474218,1603.64886222,1603.64934329,0.03927064,942.48191219,0.01998518,0.01998518,31405,96,0
6363.89715994,6363.89740339,1610.78544253,1610.77686593,0.04683209,942.63677456,0.01998518,0.01998518,31404,96,0
6364.10079774,6364.10007750,1617.92880272,1617.95419944,0.06092681,942.79178115,0.01998519,0.01998518,31403,96,0
6364.30366155,6364.30276452,1625.07908378,1625.11074321,0.06292922,942.94540154,0.01998519,0.01998518,31402,96,0
6364.50452022,6364.50546444,1632.23620963,1632.20285540,0.04905194,943.09671564,0.01998518,0.01998518,31401,96,0
6364.70834700,6364.70817729,1639.40005912,1639.40605935,0.04382636,943.24945918,0.01998518,0.01998518,31400,96,0
6364.91040249,6364.91090304,1646.57051041,1646.55279836,0.03656399,943.40006844,0.01998518,0.01998518,31399,96,0
6365.11281870,6365.11364171,1653.74744187,1653.71829536,0.04559396,943.55013609,0.01998518,0.01998518,31398,96,0
6365.31654030,6365.31639329,1660.93082850,1660.93603924,0.05923541,943.70034952,0.01998518,0.01998518,31397,96,0
6365.51906605,6365.51915779,1668.12082770,1668.11757310,0.05811823,943.84886465,0.01998518,0.01998518,31396,96,0
6365.72231405,6365.72193521,1675.31761780,1675.33106927,0.04636695,943.99709214,0.01998518,0.01998518,31395,96,0
6365.92426797,6365.92472554,1682.52137809,1682.50511636,0.03680058,944.14356606,0.01998518,0.01998518,31394,96,0
6366.12746230,6366.12752880,1689.73228211,1689.72991654,0.04072950,944.29012587,0.01998518,0.01998518,31393,96,0
6366.33070997,6366.33034497,1696.95033353,1696.96332940,0.05700082,944.43590500,0.01998518,0.01998518,31392,96,0
6366.53357260,6366.53317407,1704.17535652,1704.18955866,0.03972747,944.58058481,0.01998519,0.01998518,31391,96,0
6366.73628421,6366.73601610,1711.40716569,1711.41672869,0.03694430,944.72432922,0.01998518,0.01998518,31390,96,0
6366.93860898,6366.93887105,1718.64557461,1718.63621945,0.02727112,944.86696812,0.01998518,0.01998518,31389,96,0
6367.14228714,6367.14173892,1725.89041900,1725.91000500,0.06303271,945.00971671,0.01998519,0.01998518,31388,96,0
6367.34439248,6367.34461972,1733.14175716,1733.13363148,0.04651710,945.15052427,0.01998518,0.01998518,31387,96,0
6367.54787841,6367.54751345,1740.39977252,1740.41283356,0.04725668,945.29145078,0.01998519,0.01998518,31386,96,0
6367.75011960,6367.75042012,1747.66465089,1747.65388640,0.03086030,945.43067824,0.01998518,0.01998518,31385,96,0
6367.95377128,6367.95333971,1754.93657911,1754.95205243,0.05818852,945.57003455,0.01998519,0.01998518,31384,96,0
6368.15688498,6368.15627223,1762.21570795,1762.23769705,0.03977301,945.70818116,0.01998519,0.01998518,31383,96,0
6368.35880612,6368.35921769,1769.50203181,1769.48724849,0.03250518,945.84468083,0.01998518,0.01998518,31382,96,0
6368.56181634,6368.56217609,1776.79550351,1776.78256992,0.04237692,945.98107300,0.01998518,0.01998518,31381,96,0
6368.76554216,6368.76514742,1784.09607553,1784.11028039,0.05893498,946.11709190,0.01998519,0.01998519,31380,96,0
6368.96824553,6368.96813168,1791.40370012,1791.40780052,0.03031301,946.25157548,0.01998519,0.01998519,31379,96,0
6369.17054225,6369.17112889,1798.71833224,1798.69718439,0.03100249,946.38493783,0.01998518,0.01998519,31378,96,0
6369.37423249,6369.37413904,1806.03993225,1806.04330405,0.05518960,946.51835609,0.01998519,0.01998519,31377,96,0
6369.57739042,6369.57716212,1813.36846091,1813.37670517,0.03531766,946.65056001,0.01998519,0.01998519,31376,96,0
6369.77974531,6369.78019815,1820.70387869,1820.68751091,0.04300183,946.78137863,0.01998518,0.01998519,31375,96,0
6369.98320788,6369.98324713,1828.04615062,1828.04473082,0.05243267,946.91204203,0.01998519,0.01998519,31374,96,0
6370.18615495,6370.18630904,1835.39532321,1835.38974378,0.04153466,947.04150221,0.01998518,0.01998519,31373,96,0
6370.38893579,6370.38938391,1842.75151190,1842.73527194,0.03902258,947.16998577,0.01998518,0.01998519,31372,96,0
6370.59246764,6370.59247172,1850.11483489,1850.11468704,0.06900894,947.29806949,0.01998519,0.01998519,31371,96,0
6370.79578740,6370.79557248,1857.48541105,1857.49321399,0.03162279,947.42514313,0.01998519,0.01998519,31370,96,0
6370.99899215,6370.99868619,1864.86336097,1864.87447988,0.05757624,947.55126877,0.01998519,0.01998519,31369,96,0
6371.20157539,6371.20181285,1872.24881161,1872.24017380,0.04917501,947.67613614,0.01998518,0.01998519,31368,96,0
6371.40492990,6371.40495246,1879.64189264,1879.64107095,0.04432328,947.80060202,0.01998519,0.01998519,31367,96,0
6371.60817503,6371.60810503,1887.04273444,1887.04528559,0.04503768,947.92412237,0.01998519,0.01998519,31366,96,0
6371.81142008,6371.81127055,1894.45146711,1894.45692260,0.03851007,948.04676349,0.01998519,0.01998519,31365,96,0
6372.01464609,6372.01444903,1901.86807425,1901.87527101,0.06204249,948.16851075,0.01998519,0.01998519,31364,96,0
6372.21793182,6372.21764047,1909.29224382,1909.30289401,0.03350782,948.28940296,0.01998519,0.01998519,31363,96,0
6372.42087035,6372.42084486,1916.72362658,1916.72455920,0.03403972,948.40919152,0.01998519,0.01998519,31362,96,0
6372.62454419,6372.62406221,1924.16187115,1924.17951990,0.06432255,948.52850442,0.01998519,0.01998519,31361,96,0
6372.82705713,6372.82729253,1931.60665457,1931.59802812,0.03469288,948.64622603,0.01998519,0.01998519,31360,96,0
6373.03037774,6373.03053580,1939.05809860,1939.05230094,0.05680401,948.76350246,0.01998519,0.01998519,31359,96,0
6373.23361244,6373.23379204,1946.51666476,1946.51007126,0.03183668,948.87981806,0.01998519,0.01998519,31358,96,0
6373.43719414,6373.43706125,1953.98282572,1953.98770950,0.04626905,948.99542337,0.01998519,0.01998519,31357,96,0
6373.64030075,6373.64034342,1961.45705699,1961.45548746,0.02906404,949.10985672,0.01998519,0.01998519,31356,96,0
6373.84362083,6373.84363856,1968.93968505,1968.93903225,0.05307621,949.22350962,0.01998519,0.01998519,31355,96,0
6374.04744747,6374.04694666,1976.43042049,1976.44888159,0.02677814,949.33653345,0.01998519,0.01998519,31354,96,0
6374.24988129,6374.25026774,1983.92881505,1983.91455665,0.04768395,949.44787118,0.01998519,0.01998519,31353,96,0
6374.45319046,6374.45360178,1991.43441769,1991.41922835,0.02722500,949.55876420,0.01998519,0.01998519,31352,96,0
6374.65686706,6374.65694880,1998.94678236,1998.94376115,0.05320642,949.66891766,0.01998519,0.01998519,31351,96,0
6374.86076989,6374.86030879,2006.46575302,2006.48280842,0.03396963,949.77824620,0.01998519,0.01998519,31350,96,0
6375.06332709,6375.06368176,2013.99154852,2013.97841822,0.05443011,949.88591538,0.01998519,0.01998519,31349,96,0
6375.26724038,6375.26706770,2021.52441369,2021.53081219,0.02473038,949.99336205,0.01998519,0.01998519,31348,96,0
6375.47054644,6375.47046662,2029.06459482,2029.06755517,0.04060343,950.09954719,0.01998519,0.01998519,31347,96,0
6375.67334976,6375.67387852,2036.61234218,2036.59271263,0.02460457,950.20453370,0.01998519,0.01998519,31346,96,0
6375.87708498,6375.87730340,2044.16792367,2044.15980719,0.04211735,950.30906202,0.01998519,0.01998519,31345,96,0
6376.07995916,6376.08074126,2051.73161537,2051.70252263,0.05383580,950.41221244,0.01998518,0.01998519,31344,96,0
6376.28455984,6376.28419210,2059.30369506,2059.31738900,0.03667614,950.51529514,0.01998519,0.01998519,31343,96,0
6376.48820832,6376.48765592,2066.88444024,2066.90503302,0.05605763,950.61695556,0.01998519,0.01998519,31342,96,0
6376.69102217,6376.69113273,2074.47396239,2074.46983625,0.03216431,950.71726279,0.01998519,0.01998519,31341,96,0
6376.89477301,6376.89462252,2082.07208073,2082.07770266,0.06072435,950.81708651,0.01998519,0.01998519,31340,96,0
6377.09790878,6377.09812531,2089.67858380,2089.67048624,0.02487788,950.91565793,0.01998519,0.01998519,31339,96,0
6377.30126280,6377.30164107,2097.29325880,2097.27909851,0.04628597,951.01337820,0.01998519,0.01998519,31338,96,0
6377.50482767,6377.50516983,2104.91590557,2104.90308453,0.05405822,951.11023495,0.01998519,0.01998519,31337,96,0
6377.70925270,6377.70871158,2112.54643933,2112.56673497,0.03592578,951.20652526,0.01998519,0.01998519,31336,96,0
6377.91167410,6377.91226633,2120.18483270,2120.16259863,0.05518527,951.30090491,0.01998519,0.01998519,31335,96,0
6378.11584740,6378.11583406,2127.83105853,2127.83155999,0.05313987,951.39512329,0.01998519,0.01998519,31334,96,0
6378.31917420,6378.31941479,2135.48509015,2135.47604043,0.02807328,951.48797140,0.01998519,0.01998519,31333,96,0
6378.52259470,6378.52300852,2143.14697797,2143.13139704,0.05220176,951.57988152,0.01998519,0.01998519,31332,96,0
6378.72651396,6378.72661524,2150.81691936,2150.81310234,0.04987755,951.67103157,0.01998519,0.01998519,31331,96,0
6378.93057062,6378.93023496,2158.49512925,2158.50779304,0.03885928,951.76125472,0.01998519,0.01998519,31330,96,0
6379.13377618,6379.13386768,2166.18182396,2166.17836829,0.05527737,951.85011825,0.01998519,0.01998519,31329,96,0
6379.33737578,6379.33751340,2173.87719489,2173.87199176,0.04852455,951.93816877,0.01998519,0.01998519,31328,96,0
6379.54074687,6379.54117212,2181.58122457,2181.56512943,0.02554626,952.02513219,0.01998519,0.01998519,31327,96,0
6379.74429398,6379.74484385,2189.29379446,2189.27296162,0.05185080,952.11117708,0.01998519,0.01998519,31326,96,0
6379.94828766,6379.94852858,2197.01478463,2197.00564773,0.04074053,952.19640848,0.01998519,0.01998519,31325,96,0
6380.15191458,6380.15222632,2204.74407421,2204.73223965,0.05755670,952.28048129,0.01998519,0.01998519,31324,96,0
6380.35626740,6380.35593706,2212.48153445,2212.49408763,0.03401741,952.36383923,0.01998519,0.01998519,31323,96,0
6380.55925979,6380.55966081,2220.22702416,2220.21177037,0.04691845,952.44563124,0.01998519,0.01998519,31322,96,0
6380.76353017,6380.76339757,2227.98040012,2227.98544867,0.04460711,952.52691629,0.01998519,0.01998519,31321,96,0
6380.96708721,6380.96714734,2235.74151817,2235.73922655,0.05439943,952.60689309,0.01998519,0.01998519,31320,96,0
6381.17088447,6381.17091013,2243.51028526,2243.50930674,0.03577432,952.68593581,0.01998519,0.01998519,31319,96,0
6381.37410745,6381.37468592,2251.28691404,2251.26482737,0.05892077,952.76373011,0.01998519,0.01998519,31318,96,0
6381.57805337,6381.57847474,2259.07173021,2259.05562556,0.04540461,952.84077147,0.01998519,0.01998519,31317,96,0
6381.78226814,6381.78227656,2266.86506171,2266.86473939,0.04997262,952.91688069,0.01998519,0.01998519,31316,96,0
6381.98666793,6381.98609141,2274.66723259,2274.68931457,0.05625289,952.99202270,0.01998519,0.01998519,31315,96,0
6382.19036661,6382.18991927,2282.47839439,2282.49554702,0.02139991,953.06587347,0.01998519,0.01998519,31314,96,0
6382.39397442,6382.39376015,2290.29850232,2290.30672714,0.05547385,953.13865620,0.01998519,0.01998519,31313,96,0
6382.59702536,6382.59761405,2298.12750070,2298.10487998,0.05098212,953.21020509,0.01998519,0.01998519,31312,96,0
6382.80182898,6382.80148098,2305.96533345,2305.97872000,0.04988533,953.28132064,0.01998519,0.01998519,31311,96,0
6383.00563854,6383.00536092,2313.81191919,2313.82260938,0.03424557,953.35103890,0.01998519,0.01998519,31310,96,0
6383.20913755,6383.20925389,2321.66709166,2321.66260714,0.04690388,953.41959875,0.01998519,0.01998519,31309,96,0
6383.41349745,6383.41315989,2329.53066559,2329.54368989,0.02526444,953.48738547,0.01998519,0.01998519,31308,96,0
6383.61619904,6383.61707892,2337.40245445,2337.36847284,0.05383127,953.55356468,0.01998519,0.01998519,31307,96,0
6383.82046583,6383.82101097,2345.28230518,2345.26123121,0.05370440,953.61918492,0.01998519,0.01998519,31306,96,0
6384.02486309,6384.02495605,2353.17045125,2353.16685397,0.04712832,953.68377051,0.01998519,0.01998519,31305,96,0
6384.22898310,6384.22891416,2361.06736999,2361.07004046,0.04349713,953.74719418,0.01998519,0.01998519,31304,96,0
6384.43304181,6384.43288531,2368.97354561,2368.97961551,0.04316505,953.80952585,0.01998519,0.01998519,31303,96,0
6384.63734195,6384.63686948,2376.88946075,2376.90780645,0.04618712,953.87085644,0.01998519,0.01998519,31302,96,0
6384.84123644,6384.84086670,2384.81528995,2384.82966374,0.04713565,953.93099025,0.01998519,0.01998519,31301,96,0
6385.04490539,6385.04487694,2392.75071250,2392.75181968,0.05063274,953.98997890,0.01998519,0.01998519,31300,96,0
6385.24848237,6385.24890023,2400.69536117,2400.67908115,0.06046494,954.04785699,0.01998519,0.01998519,31299,96,0
6385.45280329,6385.45293655,2408.64886615,2408.64366875,0.05432829,954.10485050,0.01998519,0.01998519,31298,96,0
6385.65697423,6385.65698591,2416.61093522,2416.61047922,0.04925645,954.16069958,0.01998519,0.01998519,31297,96,0
6385.86172222,6385.86104832,2424.58160564,2424.60794181,0.05808703,954.21559630,0.01998519,0.01998519,31296,96,0
6386.06521643,6386.06512376,2432.56100071,2432.56462599,0.05896125,954.26905253,0.01998519,0.01998519,31295,96,0
6386.26926245,6386.26921225,2440.54924451,2440.55121064,0.05962841,954.32154547,0.01998519,0.01998519,31294,96,0
6386.47279129,6386.47331378,2448.54647404,2448.52599032,0.01975960,954.37279702,0.01998519,0.01998519,31293,96,0
6386.67741017,6386.67742836,2456.55296306,2456.55224935,0.05822451,954.42320516,0.01998519,0.01998519,31292,96,0
6386.88209846,6386.88155598,2464.56907285,2464.59038853,0.05514815,954.47250722,0.01998519,0.01998519,31291,96,0
6387.08583606,6387.08569666,2472.59516846,2472.60065261,0.05164198,954.52046286,0.01998519,0.01998519,31290,96,0
6387.29046307,6387.28985038,2480.63160814,2480.65574165,0.04091898,954.56750355,0.01998519,0.01998519,31289,96,0
6387.49482035,6387.49401715,2488.67835447,2488.71002900,0.03721594,954.61335308,0.01998519,0.01998519,31288,96,0
6387.69875166,6387.69819698,2496.73482995,2496.75672847,0.04360760,954.65797466,0.01998519,0.01998519,31287,96,0
6387.90231783,6387.90238986,2504.80041460,2504.79756802,0.04675282,954.70138078,0.01998519,0.01998519,31286,96,0
6388.10708992,6388.10659579,2512.87448432,2512.89403096,0.04610300,954.74389233,0.01998519,0.01998519,31285,96,0
6388.31084908,6388.31081478,2520.95666957,2520.95802765,0.03962149,954.78504159,0.01998519,0.01998519,31284,96,0
6388.51508428,6388.51504682,2529.04733828,2529.04882304,0.03507959,954.82513223,0.01998519,0.01998519,31283,96,0
6388.71888782,6388.71929193,2537.14699234,2537.13095802,0.04781774,954.86398447,0.01998519,0.01998519,31282,96,0
6388.92375384,6388.92355009,2545.25613711,2545.26423061,0.03284016,954.90187629,0.01998519,0.01998519,31281,96,0
6389.12761597,6389.12782131,2553.37520783,2553.36704162,0.04536029,954.93842291,0.01998519,0.01998519,31280,96,0
6389.33212409,6389.33210560,2561.50419779,2561.50493412,0.05965793,954.97391886,0.01998519,0.01998519,31279,96,0
6389.53686874,6389.53640295,2569.64293392,2569.66150060,0.05260465,955.00828056,0.01998519,0.01998519,31278,96,0
6389.74047238,6389.74071336,2577.79124164,2577.78162569,0.05070477,955.04127973,0.01998519,0.01998519,31277,96,0
6389.94498871,6389.94503684,2585.94895885,2585.94703635,0.04409826,955.07324650,0.01998519,0.01998519,31276,96,0
6390.14934743,6390.14937338,2594.11610228,2594.11506432,0.03869627,955.10400305,0.01998519,0.01998519,31275,96,0
6390.35387163,6390.35372300,2602.29281471,2602.29876520,0.05256108,955.13359442,0.01998519,0.01998519,31274,96,0
6390.55837375,6390.55808568,2610.47924248,2610.49078858,0.06109228,955.16198859,0.01998519,0.01998519,31273,96,0
6390.76244587,6390.76246144,2618.67553318,2618.67490839,0.04511477,955.18912917,0.01998519,0.01998519,31272,96,0
6390.96689403,6390.96685026,2626.88184303,2626.88360141,0.03913338,955.21512009,0.01998519,0.01998519,31271,96,0
6391.17067657,6391.17125216,2635.09833847,2635.07518745,0.03628834,955.23982764,0.01998519,0.01998519,31270,96,0
6391.37565716,6391.37566713,2643.32518766,2643.32478577,0.04742357,955.26346913,0.01998519,0.01998519,31269,96,0
6391.58050053,6391.58009518,2651.56255915,2651.57890244,0.05737445,955.28587709,0.01998519,0.01998519,31268,96,0
6391.78473632,6391.78453631,2659.81052564,2659.81859970,0.03509936,955.30700229,0.01998519,0.01998519,31267,96,0
6391.98909913,6391.98899052,2668.06896843,2668.07335828,0.04051052,955.32692013,0.01998519,0.01998519,31266,96,0
6392.19369350,6392.19345780,2676.33774545,2676.34728276,0.04714764,955.34563270,0.01998519,0.01998519,31265,96,0
6392.39867231,6392.39793817,2684.61671354,2684.64645476,0.05607571,955.36314363,0.01998519,0.01998519,31264,96,0
6392.60225383,6392.60243161,2692.90579645,2692.89858603,0.04729222,955.37930529,0.01998519,0.01998519,31263,96,0
6392.80741498,6392.80693814,2701.20513200,2701.22449445,0.04166327,955.39434815,0.01998519,0.01998519,31262,96,0
6393.01142571,6393.01145776,2709.51490126,2709.51359826,0.05478482,955.40806397,0.01998519,0.01998519,31261,96,0
6393.21582291,6393.21599046,2717.83528655,2717.82846646,0.04182940,955.42055874,0.01998519,0.01998519,31260,96,0
6393.42051010,6393.42053625,2726.16640397,2726.16533847,0.04380613,955.43181585,0.01998519,0.01998519,31259,96,0
6393.62483153,6393.62509512,2734.50804315,2734.49728802,0.05631429,955.44179499,0.01998519,0.01998519,31258,96,0
6393.82976467,6393.82966709,2742.85989315,2742.86387927,0.04227211,955.45053667,0.01998519,0.01998519,31257,96,0
6394.03429938,6394.03425214,2751.22164063,2751.22357244,0.04477582,955.45799109,0.01998519,0.01998519,31256,96,0
6394.23854084,6394.23885029,2759.59303847,2759.58037013,0.04914362,955.46416399,0.01998519,0.01998519,31255,96,0
6394.44345651,6394.44346153,2767.97432184,2767.97411597,0.03641452,955.46907693,0.01998519,0.01998519,31254,96,0
6394.64757447,6394.64808587,2776.36593604,2776.34495114,0.05358392,955.47269159,0.01998519,0.01998519,31253,96,0
6394.85315781,6394.85272330,2784.76833046,2784.78618241,0.03783299,955.47503725,0.01998519,0.01998519,31252,96,0
6395.05697034,6395.05737383,2793.18192375,2793.16532493,0.03790271,955.47607511,0.01998519,0.01998519,31251,96,0
6395.26180736,6395.26203746,2801.60680169,2801.59732367,0.05063699,955.47582149,0.01998519,0.01998519,31250,96,0
6395.46674498,6395.46671418,2810.04285971,2810.04412969,0.02464139,955.47426182,0.01998519,0.01998519,31249,96,0
6395.67179054,6395.67140401,2818.48999019,2818.50595120,0.05177922,955.47138908,0.01998520,0.01998519,31248,96,0
6395.87615424,6395.87610694,2826.94808863,2826.95004416,0.03889674,955.46721497,0.01998519,0.01998519,31247,96,0
6396.08103585,6396.08082298,2835.41710213,2835.42591408,0.05310284,955.46171167,0.01998519,0.01998519,31246,96,0
6396.28545932,6396.28555211,2843.89701429,2843.89316833,0.03654542,955.45489998,0.01998519,0.01998519,31245,96,0
6396.49059662,6396.49029436,2852.38780925,2852.40035195,0.05826877,955.44673346,0.01998520,0.01998519,31244,96,0
6396.69462780,6396.69504971,2860.88946690,2860.87193822,0.04003987,955.43728357,0.01998519,0.01998519,31243,96,0
6396.89983054,6396.89981817,2869.40189966,2869.40241409,0.04627303,955.42643937,0.01998520,0.01998519,31242,96,0
6397.10433530,6397.10459974,2877.92496405,2877.91395171,0.03794041,955.41429042,0.01998519,0.01998519,31241,96,0
6397.30952369,6397.30939442,2886.45851380,2886.46390363,0.04675300,955.40075021,0.01998520,0.01998519,31240,96,0
6397.51460609,6397.51420221,2895.00241716,2895.01927535,0.02760669,955.38586065,0.01998520,0.01998519,31239,96,0
6397.71860935,6397.71902311,2903.55684468,2903.53955334,0.04253952,955.36969914,0.01998519,0.01998519,31238,96,0
6397.92386242,6397.92385714,2912.12224235,2912.12246350,0.06015369,955.35207376,0.01998520,0.01998519,31237,96,0
6398.12832358,6398.12870427,2920.69906945,2920.68311958,0.04936482,955.33314928,0.01998519,0.01998519,31236,96,0
6398.33385370,6398.33356452,2929.28776993,2929.29990152,0.04721610,955.31274435,0.01998520,0.01998519,31235,96,0
6398.53860974,6398.53843790,2937.88840001,2937.89561876,0.03465930,955.29103341,0.01998520,0.01998519,31234,96,0
6398.74279900,6398.74332439,2946.50064777,2946.47854944,0.04476711,955.26800349,0.01998519,0.01998520,31233,96,0
6398.94851396,6398.94822400,2955.12418441,2955.13639510,0.02892688,955.24340448,0.01998520,0.01998520,31232,96,0
6399.15344838,6399.15313674,2963.75869650,2963.77183640,0.05618118,955.21750036,0.01998520,0.01998520,31231,96,0
6399.35807066,6399.35806260,2972.40423326,2972.40457352,0.04521438,955.19023792,0.01998520,0.01998520,31230,96,0
6399.56280248,6399.56300158,2981.06118358,2981.05276791,0.03906679,955.16155670,0.01998519,0.01998520,31229,96,0
6399.76826670,6399.76795369,2989.72995230,2989.74320044,0.05376154,955.13135408,0.01998520,0.01998520,31228,96,0
6399.97271086,6399.97291892,2998.41093197,2998.40211394,0.04106470,955.09988375,0.01998519,0.01998520,31227,96,0
6400.17745447,6400.17789729,3007.10423952,3007.08544639,0.02130673,955.06694404,0.01998519,0.01998520,31226,96,0
6400.38360852,6400.38288878,3015.80975094,3015.84033679,0.04946247,955.03233306,0.01998520,0.01998520,31225,96,0
6400.58830283,6400.58789341,3024.52733317,3024.54475455,0.04309150,954.99652813,0.01998520,0.01998520,31224,96,0
6400.79321785,6400.79291117,3033.25686481,3033.26993154,0.05344174,954.95924328,0.01998520,0.01998520,31223,96,0
6400.99758399,6400.99794206,3041.99841364,3041.98313698,0.02822865,954.92061620,0.01998519,0.01998520,31222,96,0
6401.20297871,6401.20298609,3050.75219357,3050.75187849,0.05471490,954.88033704,0.01998520,0.01998520,31221,96,0
6401.40814869,6401.40804325,3059.51842389,3059.52293444,0.04046632,954.83863629,0.01998520,0.01998520,31220,96,0
6401.61364185,6401.61311355,3068.29728583,3068.31991708,0.05328319,954.79539476,0.01998520,0.01998520,31219,96,0
6401.81884065,6401.81819699,3077.08850656,3077.11611589,0.05369912,954.75073759,0.01998520,0.01998520,31218,96,0
6402.02340911,6402.02329357,3085.89152026,3085.89648240,0.02990384,954.70474511,0.01998520,0.01998520,31217,96,0
6402.22799436,6402.22840329,3094.70575166,3094.68816828,0.04520492,954.65727610,0.01998520,0.01998520,31216,96,0
6402.43402294,6402.43352615,3103.53072376,3103.55210921,0.04001071,954.60798119,0.01998520,0.01998520,31215,96,0
6402.63903249,6402.63866216,3112.36682195,3112.38278367,0.04746868,954.55743764,0.01998520,0.01998520,31214,96,0
6402.84409097,6402.84381131,3121.21486793,3121.22693750,0.04858769,954.50538264,0.01998520,0.01998520,31213,96,0
6403.04898305,6403.04897361,3130.07569346,3130.07610157,0.03143121,954.45186144,0.01998520,0.01998520,31212,96,0
6403.25402527,6403.25414906,3138.94999738,3138.94463934,0.05400095,954.39678112,0.01998520,0.01998520,31211,96,0
6403.45862045,6403.45933765,3147.83765946,3147.80657248,0.05485023,954.34029983,0.01998519,0.01998520,31210,96,0
6403.66427450,6403.66453939,3156.73825690,3156.72675923,0.05794970,954.28199146,0.01998520,0.01998520,31209,96,0
6403.86989560,6403.86975429,3165.65136277,3165.65750441,0.04343752,954.22215082,0.01998520,0.01998520,31208,96,0
6404.07404398,6404.07498234,3174.57667547,3174.53583986,0.03220835,954.16120999,0.01998519,0.01998520,31207,96,0
6404.27997128,6404.28022354,3183.51440100,3183.50340818,0.04546696,954.09818759,0.01998520,0.01998520,31206,96,0
6404.48421134,6404.48547790,3192.46487319,3192.40960468,0.04283133,954.03413510,0.01998519,0.01998520,31205,96,0
6404.69083959,6404.69074541,3201.42842821,3201.43254364,0.04553677,953.96775777,0.01998520,0.01998520,31204,96,0
6404.89593266,6404.89602608,3210.40525106,3210.40116319,0.03438733,953.90029849,0.01998520,0.01998520,31203,96,0
6405.10117809,6405.10131991,3219.39514013,3219.38892561,0.04793650,953.83121332,0.01998520,0.01998520,31202,96,0
6405.30747981,6405.30662690,3228.39783186,3228.43525716,0.04545091,953.76017982,0.01998520,0.01998520,31201,96,0
6405.51216555,6405.51194705,3237.41306413,3237.42266454,0.03775815,953.68812057,0.01998520,0.01998520,31200,96,0
6405.71784880,6405.71728036,3246.44080664,3246.46581549,0.05111233,953.61411686,0.01998520,0.01998520,31199,96,0
6405.92207769,6405.92262684,3255.48139364,3255.45719991,0.04231348,953.53904739,0.01998520,0.01998520,31198,96,0
6406.12821893,6406.12798649,3264.53519382,3264.54544879,0.03637046,953.46165989,0.01998520,0.01998520,31197,96,0
6406.33372805,6406.33335930,3273.60256830,3273.61886100,0.03408479,953.38288494,0.01998520,0.01998520,31196,96,0
6406.53815649,6406.53874527,3282.68366327,3282.65761162,0.04100850,953.30290692,0.01998520,0.01998520,31195,96,0
6406.74418375,6406.74414442,3291.77842279,3291.78016568,0.05476979,953.22066520,0.01998520,0.01998520,31194,96,0
6406.94923033,6406.94955674,3300.88678260,3300.87229874,0.05818467,953.13717606,0.01998520,0.01998520,31193,96,0
6407.15534177,6407.15498222,3310.00867968,3310.02465646,0.05540058,953.05159952,0.01998520,0.01998520,31192,96,0
6407.36047013,6407.36042089,3319.14406751,3319.14625888,0.04050162,952.96477874,0.01998520,0.01998520,31191,96,0
6407.56607641,6407.56587272,3328.29290804,3328.30198495,0.04443057,952.87609523,0.01998520,0.01998520,31190,96,0
6407.77186464,6407.77133773,3337.45516287,3337.47867544,0.04072874,952.78566242,0.01998520,0.01998520,31189,96,0
6407.97580006,6407.97681592,3346.63086356,3346.58546789,0.03662314,952.69438796,0.01998519,0.01998520,31188,96,0
6408.18268652,6408.18230728,3355.82034004,3355.83731194,0.04951054,952.60009833,0.01998520,0.01998520,31187,96,0
6408.38833037,6408.38781183,3365.02400401,3365.04724464,0.02414291,952.50467269,0.01998520,0.01998520,31186,96,0
6408.59382531,6408.59332955,3374.24226907,3374.26452313,0.05625652,952.40760934,0.01998520,0.01998520,31185,96,0
6408.79943295,6408.79886046,3383.47532042,3383.50105810,0.04043232,952.30877598,0.01998520,0.01998520,31184,96,0
6409.00454098,6409.00440455,3392.72288127,3392.72902386,0.04877794,952.20846750,0.01998520,0.01998520,31183,96,0
6409.21026307,6409.20996182,3401.98461708,3401.99820001,0.05737587,952.10613433,0.01998520,0.01998520,31182,96,0
6409.41516402,6409.41553228,3411.26020236,3411.24357412,0.04584748,952.00248965,0.01998520,0.01998520,31181,96,0
6409.62034901,6409.62111593,3420.54956454,3420.51488623,0.04558272,951.89697518,0.01998520,0.01998520,31180,96,0
6409.82738299,6409.82671276,3429.85287363,3429.88322390,0.05365577,951.78875022,0.01998520,0.01998520,31179,96,0
6410.03194738,6410.03232278,3439.17031072,3439.15328661,0.04813455,951.68007110,0.01998520,0.01998520,31178,96,0
6410.23714862,6410.23794600,3448.50206280,3448.46584876,0.04345866,951.56930165,0.01998520,0.01998520,31177,96,0
6410.44337194,6410.44358240,3457.84834829,3457.83877535,0.04153855,951.45620276,0.01998520,0.01998520,31176,96,0
6410.64899946,6410.64923200,3467.20940016,3467.19880684,0.05560180,951.34164605,0.01998520,0.01998520,31175,96,0
6410.85505853,6410.85489480,3476.58545327,3476.59292357,0.03457695,951.22505089,0.01998520,0.01998520,31174,96,0
6411.06128230,6411.06057078,3485.97663064,3486.00914346,0.05704731,951.10655130,0.01998520,0.01998520,31173,96,0
6411.26678175,6411.26625997,3495.38275700,3495.40663594,0.03663730,950.98666010,0.01998520,0.01998520,31172,96,0
6411.47173292,6411.47196235,3504.80360676,3504.79309112,0.04316182,950.86528675,0.01998520,0.01998520,31171,96,0
6411.67801021,6411.67767794,3514.23895190,3514.25420320,0.05906038,950.74130648,0.01998520,0.01998520,31170,96,0
6411.88430825,6411.88340672,3523.68855910,3523.72999816,0.03098211,950.61548177,0.01998520,0.01998520,31169,96,0
6412.08912856,6412.08914871,3533.15218951,3533.15126217,0.05116369,950.48874193,0.01998520,0.01998520,31168,96,0
6412.29538841,6412.29490390,3542.62960173,3542.65193475,0.04970036,950.35927847,0.01998520,0.01998520,31167,96,0
6412.50048388,6412.50067229,3552.12070732,3552.11201056,0.05194460,950.22871638,0.01998520,0.01998520,31166,96,0
6412.70627472,6412.70645389,3561.62639907,3561.61811631,0.04619427,950.09585853,0.01998520,0.01998520,31165,96,0
6412.91212535,6412.91224870,3571.14796101,3571.14224941,0.05276560,949.96107931,0.01998520,0.01998520,31164,96,0
6413.11809821,6413.11805671,3580.68668451,3580.68860973,0.04142826,949.82430853,0.01998520,0.01998520,31163,96,0
6413.32405641,6413.32387794,3590.24305098,3590.25134457,0.04095914,949.68561971,0.01998520,0.01998520,31162,96,0
6413.52942482,6413.52971237,3599.81587921,3599.80249565,0.04770310,949.54541690,0.01998520,0.01998520,31161,96,0
6413.73535252,6413.73556002,3609.40377470,3609.39410305,0.04192376,949.40292840,0.01998520,0.01998520,31160,96,0
6413.94170511,6413.94142088,3619.00546793,3619.01873365,0.04589103,949.25824500,0.01998520,0.01998520,31159,96,0
6414.14769348,6414.14729496,3628.62145317,3628.64008163,0.03931440,949.11190438,0.01998520,0.01998520,31158,96,0
6414.35289899,6414.35318225,3638.25345820,3638.24019518,0.04126061,948.96418596,0.01998520,0.01998520,31157,96,0
6414.55979288,6414.55908276,3647.90325207,3647.93656448,0.03140182,948.81326172,0.01998520,0.01998520,31156,96,0
6414.76476967,6414.76499649,3657.57194609,3657.56128595,0.03807075,948.66173837,0.01998520,0.01998520,31155,96,0
6414.97102905,6414.97092344,3667.25845599,3667.26342797,0.04497982,948.50726737,0.01998520,0.01998520,31154,96,0
6415.17716915,6415.17686360,3676.96123645,3676.97564283,0.06348715,948.35089739,0.01998520,0.01998520,31153,96,0
6415.38273397,6415.38281700,3686.67879067,3686.67487032,0.04578696,948.19300032,0.01998520,0.01998520,31152,96,0
6415.58904254,6415.58878361,3696.41097724,3696.42322122,0.04738813,948.03255514,0.01998520,0.01998520,31151,96,0
6415.79438897,6415.79476345,3706.15896889,3706.14123222,0.04973277,947.87086447,0.01998520,0.01998520,31150,96,0
6416.00120150,6416.00075652,3715.92400309,3715.94511589,0.04335007,947.70597958,0.01998520,0.01998520,31149,96,0
6416.20722308,6416.20676281,3725.70699425,3725.72887113,0.04863200,947.53966526,0.01998520,0.01998520,31148,96,0
6416.41276453,6416.41278233,3735.50746198,3735.50661468,0.05293319,947.37168844,0.01998520,0.01998520,31147,96,0
6416.61884738,6416.61881508,3745.32455356,3745.32609390,0.04432562,947.20121897,0.01998520,0.01998520,31146,96,0
6416.82380098,6416.82486107,3755.15743068,3755.10680358,0.05176663,947.02965346,0.01998520,0.01998520,31145,96,0
6417.03148015,6417.03092028,3765.00585157,3765.03263049,0.05228812,946.85373714,0.01998520,0.01998520,31144,96,0
6417.23715743,6417.23699273,3774.87021809,3774.87810793,0.04240432,946.67744812,0.01998520,0.01998520,31143,96,0
6417.44203066,6417.44307842,3784.75096758,3784.70069262,0.04646846,946.49978561,0.01998520,0.01998520,31142,96,0
6417.64973573,6417.64917734,3794.64849453,3794.67533233,0.03562312,946.31754976,0.01998520,0.01998520,31141,96,0
6417.85489977,6417.85528950,3804.56300024,3804.54423773,0.04280379,946.13543747,0.01998520,0.01998520,31140,96,0
6418.06178480,6418.06141489,3814.49463657,3814.51247429,0.05625595,945.94966621,0.01998520,0.01998520,31139,96,0
6418.26801006,6418.26755353,3824.44355242,3824.46560424,0.05603505,945.76234530,0.01998520,0.01998520,31138,96,0
6418.47412300,6418.47370541,3834.40980517,3834.43001028,0.03843761,945.57297906,0.01998520,0.01998520,31137,96,0
6418.67985880,6418.67987053,3844.39336399,3844.39279532,0.06101120,945.38180971,0.01998520,0.01998520,31136,96,0
6418.88640655,6418.88604890,3854.39419408,3854.41155678,0.03676865,945.18771681,0.01998520,0.01998520,31135,96,0
6419.09250762,6419.09224051,3864.41245247,3864.42544161,0.04666276,944.99186490,0.01998520,0.01998520,31134,96,0
6419.29742497,6419.29844537,3874.44891992,3874.39920998,0.04022717,944.79495545,0.01998520,0.01998520,31133,96,0
6419.50499661,6419.50466348,3884.50451098,3884.52077043,0.05790966,944.59324846,0.01998520,0.01998520,31132,96,0
6419.71131811,6419.71089483,3894.58005376,3894.60075317,0.07305778,944.39048794,0.01998520,0.01998520,31131,96,0
6419.91642395,6419.91713944,3904.67517719,3904.64012441,0.05292731,944.18667720,0.01998520,0.01998520,31130,96,0
6420.12384638,6420.12339730,3914.78868043,3914.81071881,0.04613432,943.97830220,0.01998520,0.01998520,31129,96,0
6420.33062878,6420.32966841,3924.91934056,3924.96654487,0.05227452,943.76832111,0.01998520,0.01998520,31128,96,0
6420.53688219,6420.53595277,3935.06686681,3935.11262559,0.04412963,943.55663673,0.01998520,0.01998520,31127,96,0
6420.74135562,6420.74225039,3945.23285294,3945.18871897,0.05027253,943.34452812,0.01998520,0.01998520,31126,96,0
6420.94904571,6420.94856127,3955.41913414,3955.44307712,0.06752077,943.12673863,0.01998520,0.01998520,31125,96,0
6421.15492480,6421.15488540,3965.62711442,3965.62906558,0.04561896,942.90847522,0.01998520,0.01998520,31124,96,0
6421.36146186,6421.36122280,3975.85541833,3975.86727954,0.05432681,942.68715814,0.01998520,0.01998520,31123,96,0
6421.56820507,6421.56757345,3986.10158599,3986.13297237,0.04618964,942.46329946,0.01998521,0.01998520,31122,96,0
6421.77294939,6421.77393737,3996.36323694,3996.31407500,0.07007467,942.23935898,0.01998520,0.01998520,31121,96,0
6421.97982622,6421.98031455,4006.64055838,4006.61622017,0.04991901,942.01080305,0.01998520,0.01998520,31120,96,0
6422.18621816,6422.18670499,4016.93638455,4016.91207542,0.05231493,941.78042364,0.01998520,0.01998520,31119,96,0
6422.39332773,6422.39310870,4027.25369730,4027.26465769,0.04990235,941.54679599,0.01998520,0.01998520,31118,96,0
6422.60017787,6422.59952568,4037.59421511,4037.62692123,0.04826182,941.31096246,0.01998521,0.01998520,31117,96,0
6422.80606091,6422.80595593,4047.95634557,4047.96162028,0.06022480,941.07377560,0.01998520,0.01998520,31116,96,0
6423.01222390,6423.01239944,4058.33795085,4058.32911563,0.06481218,940.83384834,0.01998520,0.01998520,31115,96,0
6423.21883569,6423.21885623,4068.73716839,4068.73613294,0.04849535,940.59100394,0.01998520,0.01998520,31114,96,0
6423.42566899,6423.42532629,4079.15413497,4079.17143992,0.04114519,940.34548463,0.01998521,0.01998520,31113,96,0
nan,nan,0.00000000,-1.00000000,0.00000000,940.08857969,nan,0.00000000,-2147483648,96,1
nan,nan,0.00000000,-1.00000000,0.00000000,934.34389210,nan,0.00000000,-2147483648,95,1
6380.56142577,6380.55966081,7.95386315,8.00566344,0.03149004,934.65121475,0.01998519,0.01998519,31322,95,0
6380.76594822,6380.76339757,0.00000000,14.00793226,0.07003157,934.95770334,0.01998520,0.01998519,31321,95,1
6380.96482532,6380.96714734,19.92035933,19.85212886,0.06631862,935.25548612,0.01998518,0.01998519,31320,95,0
6381.17293958,6381.17091013,25.90956721,25.96923730,0.04200898,935.56650438,0.01998520,0.01998519,31319,95,0
6381.37856814,6381.37468592,0.00000000,32.01339266,0.04706234,935.87314001,0.01998520,0.01998519,31318,95,1
6381.58010338,6381.57847474,37.90016497,37.94810971,0.07705716,936.17357226,0.01998520,0.01998519,31317,95,0
6381.78157758,6381.78227656,43.90156088,43.88097170,0.11535152,936.47326557,0.01998519,0.01998519,31316,95,0
6381.98354160,6381.98609141,0.00000000,49.82496630,0.06727745,936.77287452,0.01998518,0.01998519,31315,95,1
6382.18729053,6382.18991927,55.91595051,55.83843118,0.02497230,937.07532643,0.01998518,0.01998519,31314,95,0
6382.39307343,6382.39376015,61.92866031,61.90839896,0.03336807,937.37994830,0.01998519,0.01998519,31313,95,0
6382.59658963,6382.59761405,67.94485657,67.91461612,0.09040306,937.68070643,0.01998519,0.01998519,31312,95,0
6382.79778575,6382.80148098,0.00000000,73.84657815,0.06796048,937.97709758,0.01998518,0.01998519,31311,95,1
6383.00736094,6383.00536092,79.98742125,80.04652134,0.05389672,938.28618945,0.01998520,0.01998519,31310,95,0
6383.20686242,6383.20925389,0.00000000,85.93626540,0.04071740,938.57916443,0.01998518,0.01998519,31309,95,1
6383.41501802,6383.41315989,92.04440150,92.09937039,0.05567218,938.88505687,0.01998520,0.01998519,31308,95,0
6383.61807635,6383.61707892,98.07871332,98.10823809,0.03316528,939.18262416,0.01998519,0.01998519,31307,95,0
6383.81976159,6383.82101097,104.11712945,104.08012364,0.08633841,939.47770473,0.01998519,0.01998519,31306,95,0
6384.02601266,6384.02495605,110.15977643,110.19109250,0.08153612,939.77898135,0.01998519,0.01998519,31305,95,0
6384.22966721,6384.22891416,116.20664471,116.22897788,0.04061167,940.07598305,0.01998519,0.01998519,31304,95,0
6384.43242818,6384.43288531,122.25769674,122.24413125,0.10452116,940.37120257,0.01998519,0.01998519,31303,95,0
6384.64154258,6384.63686948,0.00000000,128.44933431,0.06697777,940.67505511,0.01998521,0.01998519,31302,95,1
6384.83884054,6384.84086670,134.37220105,134.31200008,0.10000021,940.96148655,0.01998518,0.01998519,31301,95,0
6385.04532959,6385.04487694,140.43557726,140.44903449,0.05761141,941.26064836,0.01998519,0.01998519,31300,95,0
6385.25052924,6385.24890023,146.50297580,146.55143499,0.07620481,941.55743787,0.01998520,0.01998519,31299,95,0
6385.45173145,6385.45293655,152.57433632,152.53846670,0.09181717,941.84795361,0.01998519,0.01998519,31298,95,0
6385.65387548,6385.65698591,0.00000000,158.55412818,0.08395842,942.13919737,0.01998518,0.01998519,31297,95,1
6385.86131333,6385.86104832,164.72869698,164.73659401,0.03751666,942.43782625,0.01998519,0.01998519,31296,95,0
6386.06556470,6386.06512376,170.81157334,170.82472000,0.08297613,942.73121419,0.01998519,0.01998519,31295,95,0
6386.26997442,6386.26921225,176.89817776,176.92091454,0.02975672,943.02431081,0.01998519,0.01998519,31294,95,0
6386.47269534,6386.47331378,182.98859301,182.97013322,0.04904412,943.31447614,0.01998519,0.01998519,31293,95,0
6386.67704075,6386.67742836,189.08297584,189.07139937,0.03389770,943.60645925,0.01998519,0.01998519,31292,95,0
6386.88089546,6386.88155598,195.18148441,195.16174434,0.02777491,943.89723985,0.01998519,0.01998519,31291,95,0
6387.08513311,6387.08569666,201.28427755,201.26742483,0.08082193,944.18807082,0.01998519,0.01998519,31290,95,0
6387.28825786,6387.28985038,207.39151464,207.34385857,0.05417102,944.47683092,0.01998519,0.01998519,31289,95,0
6387.49508552,6387.49401715,213.50328862,213.53528115,0.06273627,944.77036002,0.01998519,0.01998519,31288,95,0
6387.69902883,6387.69819698,219.61947982,219.64440583,0.03433916,945.05929945,0.01998519,0.01998519,31287,95,0
6387.90288264,6387.90238986,225.73992598,225.75470106,0.06023261,945.34761066,0.01998519,0.01998519,31286,95,0
6388.10550961,6388.10659579,231.86446414,231.83187804,0.02553725,945.63368112,0.01998519,0.01998519,31285,95,0
6388.31168666,6388.31081478,237.99293071,238.01910260,0.07528304,945.92423713,0.01998519,0.01998519,31284,95,0
6388.51532962,6388.51504682,244.12516608,244.13365968,0.04644390,946.21069200,0.01998519,0.01998519,31283,95,0
6388.71933657,6388.71929193,250.26114221,250.26248385,0.06174359,946.49712832,0.01998519,0.01998519,31282,95,0
6388.92487735,6388.92355009,256.40097877,256.44088670,0.07876638,946.78518564,0.01998520,0.01998519,31281,95,0
6389.12621129,6389.12782131,262.54480373,262.49636499,0.07324103,947.06683366,0.01998519,0.01998519,31280,95,0
6389.33323289,6389.33210560,268.69274558,268.72668206,0.04979324,947.35591295,0.01998520,0.01998519,31279,95,0
6389.53755712,6389.53640295,274.84493331,274.87970104,0.04505063,947.64070822,0.01998520,0.01998519,31278,95,0
6389.73972920,6389.74071336,281.00148185,280.97181643,0.03710905,947.92200168,0.01998519,0.01998519,31277,95,0
6389.94615204,6389.94503684,287.16241672,287.19605402,0.01966995,948.20869395,0.01998520,0.01998519,31276,95,0
6390.14999617,6390.14937338,293.32772931,293.34652638,0.07453096,948.49129189,0.01998519,0.01998519,31275,95,0
6390.35332954,6390.35372300,299.49741096,299.48552779,0.07852861,948.77267221,0.01998519,0.01998519,31274,95,0
6390.55759171,6390.55808568,305.67145291,305.65652455,0.07022163,949.05482372,0.01998519,0.01998519,31273,95,0
6390.76325503,6390.76246144,311.84984650,311.87384501,0.05211507,949.33838828,0.01998519,0.01998519,31272,95,0
6390.96767442,6390.96685026,318.03259146,318.05753020,0.05560799,949.61971691,0.01998519,0.01998519,31271,95,0
6391.17167178,6391.17125216,324.21970272,324.23240854,0.02749361,949.89994643,0.01998519,0.01998519,31270,95,0
6391.37532884,6391.37566713,330.41119683,330.40094698,0.07792502,950.17919137,0.01998519,0.01998519,31269,95,0
6391.58091816,6391.58009518,336.60709042,336.63204168,0.03322761,950.46056106,0.01998519,0.01998519,31268,95,0
6391.78604094,6391.78453631,342.80740016,342.85304770,0.04803805,950.74076624,0.01998520,0.01998519,31267,95,0
6391.98869830,6391.98899052,349.01213749,349.00326654,0.02616221,951.01708672,0.01998519,0.01998519,31266,95,0
6392.19236903,6392.19345780,355.22126327,355.18818986,0.04880121,951.29426823,0.01998519,0.01998519,31265,95,0
6392.39735112,6392.39793817,361.43471009,361.41686639,0.05445761,951.57270299,0.01998519,0.01998519,31264,95,0
6392.60308279,6392.60243161,367.65240999,367.67221536,0.08515647,951.85161542,0.01998520,0.01998519,31263,95,0
6392.80740317,6392.80693814,373.87429468,373.88844698,0.07124123,952.12807426,0.01998519,0.01998519,31262,95,0
6393.01065968,6393.01145776,380.10029576,380.07599345,0.04053146,952.40255504,0.01998519,0.01998519,31261,95,0
6393.21728152,6393.21599046,386.33038630,386.36972413,0.06904513,952.68102736,0.01998520,0.01998519,31260,95,0
6393.41961761,6393.42053625,392.56463591,392.53662875,0.08622472,952.95318497,0.01998519,0.01998519,31259,95,0
6393.62511085,6393.62509512,398.80312813,398.80360811,0.05282500,953.22904607,0.01998519,0.01998519,31258,95,0
6393.82945869,6393.82966709,405.04594684,405.03958522,0.01947393,953.50282908,0.01998519,0.01998519,31257,95,0
6394.03467799,6394.03425214,411.29317627,411.30618415,0.06396980,953.77723962,0.01998520,0.01998519,31256,95,0
6394.23776371,6394.23885029,417.54489603,417.51168335,0.05415447,954.04826649,0.01998519,0.01998519,31255,95,0
6394.44229686,6394.44346153,423.80112946,423.76550661,0.06090512,954.32069101,0.01998519,0.01998519,31254,95,0
6394.64819532,6394.64808587,430.06186404,430.06521379,0.03343686,954.59439072,0.01998519,0.01998519,31253,95,0
6394.85298318,6394.85272330,436.32708659,436.33504561,0.05186483,954.86607140,0.01998520,0.01998519,31252,95,0
6395.05633465,6395.05737383,442.59678389,442.56493713,0.06472602,955.13530897,0.01998519,0.01998519,31251,95,0
6395.26462140,6395.26203746,0.00000000,448.94370933,0.05622236,955.41024490,0.01998520,0.01998519,31250,95,1
6395.46669874,6395.46671418,455.14955418,455.14908026,0.05875593,955.67699252,0.01998519,0.01998519,31249,95,0
6395.67026060,6395.67140401,461.43262069,461.39751177,0.06419585,955.94487925,0.01998519,0.01998519,31248,95,0
6395.87573481,6395.87610694,467.72014600,467.70871222,0.04385406,956.21473191,0.01998519,0.01998519,31247,95,0
6396.08145315,6396.08082298,474.01213393,474.03150889,0.03160278,956.48434961,0.01998520,0.01998519,31246,95,0
6396.28529181,6396.28555211,480.30858831,480.30057997,0.07777021,956.75095420,0.01998519,0.01998519,31245,95,0
6396.48942732,6396.49029436,486.60950714,486.58281573,0.04821615,957.01739733,0.01998519,0.01998519,31244,95,0
6396.69580399,6396.69504971,492.91482952,492.93806459,0.04950784,957.28620242,0.01998520,0.01998519,31243,95,0
6396.89870274,6396.89981817,499.22446017,499.19007947,0.04797461,957.54992005,0.01998519,0.01998519,31242,95,0
6397.10357420,6397.10459974,505.53830295,505.50667409,0.06997539,957.81563553,0.01998519,0.01998519,31241,95,0
6397.30940485,6397.30939442,511.85626134,511.85658335,0.04184162,958.08201671,0.01998520,0.01998519,31240,95,0
6397.51463629,6397.51420221,518.17823943,518.19164225,0.05027215,958.34703986,0.01998520,0.01998519,31239,95,0
6397.71750588,6397.71902311,524.50426334,524.45738845,0.05293839,958.60844119,0.01998519,0.01998519,31238,95,0
6397.92483309,6397.92385714,530.83459342,530.86476468,0.03595149,958.87500848,0.01998520,0.01998519,31237,95,0
6398.12787968,6398.12870427,537.16951748,537.14400801,0.02159422,959.13551640,0.01998519,0.01998519,31236,95,0
6398.33349720,6398.33356452,543.50932461,543.50724027,0.05203479,959.39877299,0.01998520,0.01998519,31235,95,0
6398.53819539,6398.53843790,549.85430510,549.84679153,0.05757979,959.66031333,0.01998520,0.01998519,31234,95,0
6398.74340285,6398.74332439,556.20469089,556.20712383,0.06309200,959.92197223,0.01998520,0.01998520,31233,95,0
6398.94695067,6398.94822400,562.56030910,562.52079835,0.05865919,960.18097982,0.01998519,0.01998520,31232,95,0
6399.15377706,6399.15313674,568.92081700,568.94069924,0.03249063,960.44359753,0.01998520,0.01998520,31231,95,0
6399.35830954,6399.35806260,575.28586983,575.29354230,0.04580927,960.70273003,0.01998520,0.01998520,31230,95,0
6399.56343440,6399.56300158,581.65512129,581.66857666,0.05656768,960.96202566,0.01998520,0.01998520,31229,95,0
6399.76835383,6399.76795369,588.02823195,588.04067781,0.02365610,961.22045917,0.01998520,0.01998520,31228,95,0
6399.97303756,6399.97291892,594.40515458,594.40884656,0.05510904,961.47799124,0.01998520,0.01998520,31227,95,0
6400.17795696,6400.17789729,600.78620637,600.78806436,0.02674202,961.73522650,0.01998520,0.01998520,31226,95,0
6400.38317793,6400.38288878,607.17172865,607.18073858,0.03633928,961.99225776,0.01998520,0.01998520,31225,95,0
6400.58811865,6400.58789341,613.56206420,613.56908791,0.05505132,962.24836848,0.01998520,0.01998520,31224,95,0
6400.79313193,6400.79291117,619.95755731,619.96444660,0.02943947,962.50401261,0.01998520,0.01998520,31223,95,0
6400.99802788,6400.99794206,626.35843683,626.36111709,0.06079670,962.75896095,0.01998520,0.01998520,31222,95,0
6401.20283754,6401.20298609,632.76450485,632.75986227,0.04761021,963.01324333,0.01998520,0.01998520,31221,95,0
6401.40771788,6401.40804325,639.17546482,639.16528891,0.03546676,963.26704129,0.01998520,0.01998520,31220,95,0
6401.61264449,6401.61311355,645.59101888,645.57633984,0.06657244,963.52031079,0.01998520,0.01998520,31219,95,0
6401.81756771,6401.81819699,652.01086784,651.99116340,0.02666701,963.77297705,0.01998520,0.01998520,31218,95,0
6402.02350265,6402.02329357,658.43474257,658.44129286,0.04913516,964.02627522,0.01998520,0.01998520,31217,95,0
6402.22854128,6402.22840329,664.86274139,664.86706719,0.02482260,964.27786048,0.01998520,0.01998520,31216,95,0
6402.43363189,6402.43352615,671.29520284,671.29851980,0.06226857,964.52891202,0.01998520,0.01998520,31215,95,0
6402.63882620,6402.63866216,677.73247105,677.73762045,0.05078077,964.77950440,0.01998520,0.01998520,31214,95,0
6402.84367701,6402.84381131,684.17489166,684.17067235,0.03233468,965.02910431,0.01998520,0.01998520,31213,95,0
6403.04913839,6403.04897361,690.62280818,690.62798918,0.04869251,965.27888470,0.01998520,0.01998520,31212,95,0
6403.25392329,6403.25414906,697.07632119,697.06921719,0.03290538,965.52728318,0.01998520,0.01998520,31211,95,0
6403.45921075,6403.45933765,703.53513758,703.53114162,0.05517616,965.77571753,0.01998520,0.01998520,31210,95,0
6403.66470490,6403.66453939,709.99892716,710.00414224,0.02289721,966.02381228,0.01998520,0.01998520,31209,95,0
6403.86977049,6403.86975429,716.46735828,716.46786900,0.03591775,966.27078715,0.01998520,0.01998520,31208,95,0
6404.07460527,6404.07498234,722.94009777,722.92820212,0.02404313,966.51686909,0.01998520,0.01998520,31207,95,0
6404.28003725,6404.28022354,729.41691240,729.41103204,0.04800360,966.76304091,0.01998520,0.01998520,31206,95,0
6404.48566124,6404.48547790,735.89798000,735.90377090,0.04724270,967.00881888,0.01998520,0.01998520,31205,95,0
6404.69080100,6404.69074541,742.38358379,742.38534089,0.05952851,967.25340534,0.01998520,0.01998520,31204,95,0
6404.89689239,6404.89602608,748.87400831,748.90140838,0.03589584,967.49851941,0.01998520,0.01998520,31203,95,0
6405.10094955,6405.10131991,755.36953933,755.35781681,0.06680868,967.74062370,0.01998520,0.01998520,31202,95,0
6405.30747507,6405.30662690,761.87044069,761.89730795,0.04295244,967.98506661,0.01998520,0.01998520,31201,95,0
6405.51260702,6405.51194705,768.37673072,768.39765193,0.04807365,968.22727144,0.01998520,0.01998520,31200,95,0
6405.71744418,6405.71728036,774.88827920,774.89347612,0.02457670,968.46853623,0.01998520,0.01998520,31199,95,0
6405.92264944,6405.92262684,781.40495327,781.40567063,0.04890188,968.70963477,0.01998520,0.01998520,31198,95,0
6406.12796381,6406.12798649,787.92661942,787.92589899,0.03444626,968.95025407,0.01998520,0.01998520,31197,95,0
6406.33335012,6406.33335930,794.45314594,794.45285438,0.05083879,969.19034329,0.01998520,0.01998520,31196,95,0
6406.53991484,6406.53874527,800.98448676,801.02169220,0.02563621,969.43118688,0.01998520,0.01998520,31195,95,0
6406.74362996,6406.74414442,807.52070459,807.50432771,0.05377056,969.66809663,0.01998520,0.01998520,31194,95,0
6406.94980676,6406.94955674,814.06186938,814.06983405,0.02544848,969.90725197,0.01998520,0.01998520,31193,95,0
6407.15528093,6407.15498222,820.60805140,820.61757350,0.05514177,970.14497541,0.01998520,0.01998520,31192,95,0
6407.35930037,6407.36042089,827.15932119,827.12357615,0.02137359,970.38040739,0.01998519,0.01998520,31191,95,0
6407.56547317,6407.56587272,833.71572949,833.70297427,0.06404853,970.61770852,0.01998520,0.01998520,31190,95,0
6407.77036621,6407.77133773,840.27727557,840.24623876,0.02903732,970.85292170,0.01998519,0.01998520,31189,95,0
6407.97648639,6407.97681592,846.84395054,846.83341572,0.06628902,971.08892300,0.01998520,0.01998520,31188,95,0
6408.18268522,6408.18230728,853.41574544,853.42783644,0.05713767,971.32438946,0.01998520,0.01998520,31187,95,0
6408.38723900,6408.38781183,859.99265126,859.97431226,0.02703681,971.55735783,0.01998520,0.01998520,31186,95,0
6408.59373048,6408.59332955,866.57468071,866.58752559,0.04473283,971.79190589,0.01998520,0.01998520,31185,95,0
6408.79926008,6408.79886046,873.16196017,873.17477280,0.06676126,972.02473844,0.01998520,0.01998520,31184,95,0
6409.00487879,6409.00440455,879.75465358,879.76987045,0.05029847,972.25705403,0.01998520,0.01998520,31183,95,0
6409.21040835,6409.20996182,886.35292565,886.36726463,0.04101433,972.48865521,0.01998520,0.01998520,31182,95,0
6409.41493489,6409.41553228,892.95694188,892.93774276,0.01921661,972.71852094,0.01998520,0.01998520,31181,95,0
6409.62066071,6409.62111593,899.56684018,899.55219825,0.04982425,972.94912831,0.01998520,0.01998520,31180,95,0
6409.82718508,6409.82671276,906.18246007,906.19766388,0.04615640,973.18001167,0.01998520,0.01998520,31179,95,0
6410.03197588,6410.03232278,912.80346077,912.79228598,0.06669465,973.40833078,0.01998520,0.01998520,31178,95,0
6410.23851051,6410.23794600,919.42949747,919.44769449,0.04493779,973.63794871,0.01998520,0.01998520,31177,95,0
6410.44377303,6410.44358240,926.06022370,926.06637235,0.03031397,973.86549666,0.01998520,0.01998520,31176,95,0
6410.65019243,6410.64923200,932.69530602,932.72630232,0.07242098,974.09365486,0.01998520,0.01998520,31175,95,0
6410.85531901,6410.85489480,939.33475128,939.34845044,0.04535955,974.31971510,0.01998520,0.01998520,31174,95,0
6411.06083456,6411.06057078,945.97891109,945.98743515,0.02332771,974.54554574,0.01998520,0.01998520,31173,95,0
6411.26557074,6411.26625997,952.62815395,952.60586518,0.05065869,974.76987554,0.01998520,0.01998520,31172,95,0
6411.47271983,6411.47196235,959.28285009,959.30736486,0.05656333,974.99620546,0.01998520,0.01998520,31171,95,0
6411.67744920,6411.67767794,965.94336783,965.93595895,0.00836039,975.21926589,0.01998520,0.01998520,31170,95,0
6411.88380230,6411.88340672,972.60983871,972.62266245,0.05552355,975.44346837,0.01998520,0.01998520,31169,95,0
6412.09012953,6412.08914871,979.28201304,979.31383325,0.05582666,975.66700288,0.01998520,0.01998520,31168,95,0
6412.29534729,6412.29490390,985.95960564,985.97400071,0.02710614,975.88868931,0.01998520,0.01998520,31167,95,0
6412.50102359,6412.50067229,992.64232995,992.65374298,0.04962300,976.11021327,0.01998520,0.01998520,31166,95,0
6412.70628882,6412.70645389,999.32989842,999.32453220,0.04960990,976.33062676,0.01998520,0.01998520,31165,95,0
6412.91272192,6412.91224870,1006.02215568,1006.03754943,0.03012945,976.55161478,0.01998520,0.01998520,31164,95,0
6413.11793018,6413.11805671,1012.71927272,1012.71515372,0.04881047,976.77062023,0.01998520,0.01998520,31163,95,0
6413.32314422,6413.32387794,1019.42147048,1019.39756979,0.04482187,976.98896797,0.01998520,0.01998520,31162,95,0
6413.53034653,6413.52971237,1026.12897099,1026.14964379,0.03706091,977.20876317,0.01998520,0.01998520,31161,95,0
6413.73523506,6413.73556002,1032.84199731,1032.83139566,0.06676563,977.42544931,0.01998520,0.01998520,31160,95,0
6413.94085494,6413.94142088,1039.56070893,1039.54223104,0.04470269,977.64225768,0.01998520,0.01998520,31159,95,0
6414.14762323,6414.14729496,1046.28503240,1046.29575858,0.04844244,977.85961472,0.01998520,0.01998520,31158,95,0
6414.35355197,6414.35318225,1053.01484111,1053.02693055,0.01481494,978.07542320,0.01998520,0.01998520,31157,95,0
6414.55890180,6414.55908276,1059.75000784,1059.74408642,0.05163942,978.28995720,0.01998520,0.01998520,31156,95,0
6414.76517816,6414.76499649,1066.49040472,1066.49635361,0.04230996,978.50478190,0.01998520,0.01998520,31155,95,0
6414.97094711,6414.97092344,1073.23592766,1073.23670349,0.05446039,978.71839680,0.01998520,0.01998520,31154,95,0
6415.17744815,6415.17686360,1079.98659542,1080.00576334,0.04076376,978.93208636,0.01998520,0.01998520,31153,95,0
6415.38322213,6415.38281700,1086.74246581,1086.75576018,0.06289863,979.14434068,0.01998520,0.01998520,31152,95,0
6415.58898320,6415.58878361,1093.50359691,1093.51015124,0.04917160,979.35590012,0.01998520,0.01998520,31151,95,0
6415.79485205,6415.79476345,1100.27004708,1100.27295856,0.05112038,979.56688828,0.01998520,0.01998520,31150,95,0
6416.00079542,6416.00075652,1107.04189051,1107.04316994,0.02152065,979.77727067,0.01998520,0.01998520,31149,95,0
6416.20631335,6416.20676281,1113.81930569,1113.80451306,0.05096435,979.98654192,0.01998520,0.01998520,31148,95,0
6416.41303195,6416.41278233,1120.60251470,1120.61073673,0.04774089,980.19635894,0.01998520,0.01998520,31147,95,0
6416.61869012,6416.61881508,1127.39174086,1127.38762121,0.05299371,980.40443087,0.01998520,0.01998520,31146,95,0
6416.82546336,6416.82486107,1134.18720853,1134.20708106,0.05628058,980.61296325,0.01998520,0.01998520,31145,95,0
6417.03078577,6417.03092028,1140.98910077,1140.98465856,0.03488817,980.81937334,0.01998520,0.01998520,31144,95,0
6417.23587483,6417.23699273,1147.79724586,1147.76029790,0.06122100,981.02488579,0.01998520,0.01998520,31143,95,0
6417.44290115,6417.44307842,1154.61129375,1154.60543036,0.03935332,981.23165463,0.01998520,0.01998520,31142,95,0
6417.64919404,6417.64917734,1161.43089133,1161.43144415,0.03682325,981.43699379,0.01998520,0.01998520,31141,95,0
6417.85556621,6417.85528950,1168.25568369,1168.26484927,0.05792374,981.64170295,0.01998520,0.01998520,31140,95,0
6418.06179389,6418.06141489,1175.08535895,1175.09792044,0.06814993,981.84554938,0.01998520,0.01998520,31139,95,0
6418.26791575,6418.26755353,1181.92004539,1181.93205916,0.03158401,982.04857475,0.01998520,0.01998520,31138,95,0
6418.47332450,6418.47370541,1188.76012363,1188.74748018,0.04870535,982.25019462,0.01998520,0.01998520,31137,95,0
6418.68064035,6418.67987053,1195.60597910,1195.63155175,0.04862044,982.45298424,0.01998520,0.01998520,31136,95,0
6418.88579291,6418.88604890,1202.45799917,1202.44948815,0.04019805,982.65297265,0.01998520,0.01998520,31135,95,0
6419.09283561,6419.09224051,1209.31653872,1209.33634227,0.04456523,982.85412082,0.01998520,0.01998520,31134,95,0
6419.29897775,6419.29844537,1216.18158068,1216.19931251,0.04878153,983.05370980,0.01998520,0.01998520,31133,95,0
6419.50576039,6419.50466348,1223.05287875,1223.08944360,0.05652616,983.25322345,0.01998520,0.01998520,31132,95,0
6419.71121723,6419.71089483,1229.93018202,1229.94093749,0.02556091,983.45075867,0.01998520,0.01998520,31131,95,0
6419.91718312,6419.91713944,1236.81323830,1236.81469666,0.05388856,983.64807445,0.01998520,0.01998520,31130,95,0
6420.12313374,6420.12339730,1243.70181506,1243.69300960,0.04313089,983.84465731,0.01998520,0.01998520,31129,95,0
6420.32925317,6420.32966841,1250.59591092,1250.58202764,0.05303927,984.04068022,0.01998520,0.01998520,31128,95,0
6420.53578839,6420.53595277,1257.49566936,1257.49016922,0.03756655,984.23637708,0.01998520,0.01998520,31127,95,0
6420.74285497,6420.74225039,1264.40123676,1264.42148235,0.05163702,984.43185458,0.01998520,0.01998520,31126,95,0
6420.94868003,6420.94856127,1271.31276024,1271.31674036,0.04306792,984.62544486,0.01998520,0.01998520,31125,95,0
6421.15499697,6421.15488540,1278.23037688,1278.23411901,0.04988994,984.81878390,0.01998520,0.01998520,31124,95,0
6421.36121052,6421.36122280,1285.15411084,1285.15369888,0.06011131,985.01131038,0.01998520,0.01998520,31123,95,0
6421.56781878,6421.56757345,1292.08391841,1292.09216069,0.05320689,985.20348441,0.01998520,0.01998520,31122,95,0
6421.77386851,6421.77393737,1299.01975473,1299.01743950,0.01671356,985.39441683,0.01998520,0.01998520,31121,95,0
6421.98072738,6421.98031455,1305.96157466,1305.97546650,0.05615130,985.58537027,0.01998520,0.01998520,31120,95,0
6422.18633894,6422.18670499,1312.90933192,1312.89700467,0.06375395,985.77444534,0.01998520,0.01998520,31119,95,0
6422.39266506,6422.39310870,1319.86297124,1319.84801930,0.06676955,985.96344536,0.01998520,0.01998520,31118,95,0
6422.59943919,6422.59952568,1326.82243235,1326.81951507,0.05194715,986.15211624,0.01998520,0.01998520,31117,95,0
6422.80538763,6422.80595593,1333.78765459,1333.76847225,0.05949175,986.33929414,0.01998520,0.01998520,31116,95,0
6423.01198734,6423.01239944,1340.75857698,1340.74465634,0.04564875,986.52631867,0.01998520,0.01998520,31115,95,0
6423.21882189,6423.21885623,1347.73516144,1347.73400068,0.05126416,986.71280501,0.01998520,0.01998520,31114,95,0
6423.42519016,6423.42532629,1354.71754799,1354.71294283,0.04219602,986.89812397,0.01998520,0.01998520,31113,95,0
6423.63188692,6423.63180962,1361.70596001,1361.70857751,0.04500462,987.08299383,0.01998520,0.01998520,31112,95,0
6423.83801610,6423.83830622,1368.70062250,1368.69079105,0.04224611,987.26661818,0.01998520,0.01998520,31111,95,0
6424.04524705,6424.04481611,1375.70176162,1375.71637795,0.05043985,987.45048492,0.01998520,0.01998520,31110,95,0
6424.25150738,6424.25133927,1382.70956009,1382.71526707,0.04181307,987.63275704,0.01998520,0.01998520,31109,95,0
6424.45740374,6424.45787570,1389.72393438,1389.70789878,0.04959899,987.81397319,0.01998520,0.01998520,31108,95,0
6424.66461791,6424.66442542,1396.74470139,1396.75124673,0.04683925,987.99560134,0.01998520,0.01998520,31107,95,0
6424.87139660,6424.87098842,1403.77167688,1403.78556808,0.03888042,988.17609288,0.01998520,0.01998520,31106,95,0
6425.07704545,6425.07756470,1410.80467561,1410.78699058,0.05886231,988.35484337,0.01998520,0.01998520,31105,95,0
6425.28387876,6425.28415427,1417.84354308,1417.83415240,0.06270957,988.53385803,0.01998520,0.01998520,31104,95,0
6425.49042213,6425.49075712,1424.88826439,1424.87683772,0.05611882,988.71185331,0.01998520,0.01998520,31103,95,0
6425.69683650,6425.69737326,1431.93886340,1431.92053998,0.06642989,988.88896875,0.01998520,0.01998520,31102,95,0
6425.90377613,6425.90400268,1438.99536406,1438.98762437,0.05970011,989.06576202,0.01998520,0.01998520,31101,95,0
6426.11101262,6426.11064539,1446.05779049,1446.07034609,0.06470207,989.24203183,0.01998520,0.01998520,31100,95,0
6426.31752880,6426.31730140,1453.12624049,1453.13402193,0.04382594,989.41691569,0.01998520,0.01998520,31099,95,0
6426.52423030,6426.52397069,1460.20103937,1460.20993027,0.05657422,989.59118933,0.01998520,0.01998520,31098,95,0
6426.73019922,6426.73065328,1467.28255780,1467.26699343,0.04413269,989.76408862,0.01998520,0.01998520,31097,95,0
6426.93731179,6426.93734916,1474.37116847,1474.36988631,0.04127867,989.93719289,0.01998520,0.01998520,31096,95,0
6427.14465673,6427.14405833,1481.46724411,1481.48779667,0.03364176,990.10973941,0.01998521,0.01998520,31095,95,0
6427.35123413,6427.35078081,1488.57087072,1488.58645567,0.04403473,990.28089830,0.01998521,0.01998520,31094,95,0
6427.55761009,6427.55751658,1495.68154067,1495.68475847,0.04865575,990.45112898,0.01998520,0.01998520,31093,95,0
6427.76382549,6427.76426565,1502.79867041,1502.78351243,0.05131672,990.62045080,0.01998520,0.01998520,31092,95,0
6427.97146899,6427.97102802,1509.92167323,1509.93687013,0.06242603,990.79014471,0.01998521,0.01998520,31091,95,0
6428.17810543,6428.17780369,1517.04997050,1517.06037612,0.06546394,990.95820242,0.01998521,0.01998520,31090,95,0
6428.38428316,6428.38459266,1524.18344049,1524.17276012,0.06864396,991.12507382,0.01998520,0.01998520,31089,95,0
6428.59134892,6428.59139494,1531.32257096,1531.32098169,0.04116632,991.29185585,0.01998520,0.01998520,31088,95,0
6428.79856087,6428.79821052,1538.46789435,1538.48000379,0.04248467,991.45795525,0.01998521,0.01998520,31087,95,0
6429.00468752,6429.00503942,1545.61994598,1545.60777189,0.04450301,991.62240031,0.01998520,0.01998521,31086,95,0
6429.21213722,6429.21188161,1552.77923769,1552.78808905,0.04669367,991.78712030,0.01998521,0.01998521,31085,95,0
6429.41888342,6429.41873712,1559.94584914,1559.95092023,0.06481484,991.95050172,0.01998521,0.01998521,31084,95,0
6429.62596868,6429.62560594,1567.11950423,1567.13208875,0.05756152,992.11336152,0.01998521,0.01998521,31083,95,0
6429.83233550,6429.83248807,1574.29991484,1574.29461722,0.03085109,992.27486119,0.01998520,0.01998521,31082,95,0
6430.03950279,6430.03938352,1581.48679121,1581.49093623,0.03174910,992.43617994,0.01998521,0.01998521,31081,95,0
6430.24584164,6430.24629227,1588.67988206,1588.66420979,0.03771275,992.59604161,0.01998520,0.01998521,31080,95,0
6430.45292339,6430.45321435,1595.87924863,1595.86912110,0.06086416,992.75566316,0.01998520,0.01998521,31079,95,0
6430.66054767,6430.66014974,1603.08510057,1603.09896317,0.04782512,992.91488486,0.01998521,0.01998521,31078,95,0
6430.86750635,6430.86709845,1610.29764951,1610.31187200,0.03233080,993.07278318,0.01998521,0.01998521,31077,95,0
6431.07447452,6431.07406048,1617.51710826,1617.53155796,0.03776575,993.22987918,0.01998521,0.01998521,31076,95,0
6431.28147369,6431.28103583,1624.74363279,1624.75892762,0.04431802,993.38618975,0.01998521,0.01998521,31075,95,0
6431.48819925,6431.48802450,1631.97715362,1631.98326320,0.05432555,993.54148217,0.01998521,0.01998521,31074,95,0
6431.69537324,6431.69502650,1639.21754569,1639.22967916,0.03845060,993.69629255,0.01998521,0.01998521,31073,95,0
6431.90202399,6431.90204182,1646.46468319,1646.46405892,0.02929062,993.84989004,0.01998521,0.01998521,31072,95,0
6432.10871281,6432.10907046,1653.71844050,1653.70590382,0.05039558,994.00268961,0.01998520,0.01998521,31071,95,0
6432.31635755,6432.31611244,1660.97879035,1660.98738935,0.05872147,994.15536081,0.01998521,0.01998521,31070,95,0
6432.52346048,6432.52316774,1668.24589466,1668.25617377,0.04647911,994.30680084,0.01998521,0.01998521,31069,95,0
6432.73011162,6432.73023637,1675.51993755,1675.51555311,0.03648455,994.45708278,0.01998521,0.01998521,31068,95,0
6432.93742925,6432.93731834,1682.80110417,1682.80500569,0.05392577,994.60701980,0.01998521,0.01998521,31067,95,0
6433.14411310,6433.14441363,1690.08957161,1690.07898959,0.05914414,994.75567225,0.01998520,0.01998521,31066,95,0
6433.35140711,6433.35152226,1697.38533127,1697.38127297,0.04262273,994.90393203,0.01998521,0.01998521,31065,95,0
6433.55863529,6433.55864423,1704.68819948,1704.68788405,0.03855105,995.05130594,0.01998521,0.01998521,31064,95,0
6433.76539226,6433.76577953,1711.99798477,1711.98431204,0.05190433,995.19750248,0.01998521,0.01998521,31063,95,0
6433.97323871,6433.97292817,1719.31449456,1719.32546770,0.03802992,995.34361498,0.01998521,0.01998521,31062,95,0
6434.18013907,6434.18009015,1726.63756983,1726.63929998,0.02400743,995.48820592,0.01998521,0.01998521,31061,95,0
6434.38713874,6434.38726546,1733.96729536,1733.96280993,0.05538042,995.63201033,0.01998521,0.01998521,31060,95,0
6434.59430853,6434.59445412,1741.30386163,1741.29870389,0.03672275,995.77507695,0.01998521,0.01998521,31059,95,0
6434.80151107,6434.80165613,1748.64746060,1748.64231736,0.03692025,995.91731078,0.01998521,0.01998521,31058,95,0
6435.00915793,6435.00887147,1755.99828523,1756.00845188,0.04691062,996.05899244,0.01998521,0.01998521,31057,95,0
6435.21675033,6435.21610016,1763.35647200,1763.37956848,0.02596079,996.19977906,0.01998521,0.01998521,31056,95,0
6435.42309481,6435.42334220,1770.72199938,1770.71320262,0.04034181,996.33886611,0.01998521,0.01998521,31055,95,0
6435.63085545,6435.63059759,1778.09481857,1778.10399589,0.06060616,996.47804459,0.01998521,0.01998521,31054,95,0
6435.83820017,6435.83786633,1785.47488047,1785.48677284,0.02687570,996.61607725,0.01998521,0.01998521,31053,95,0
6436.04578438,6436.04514841,1792.86213582,1792.88481128,0.05658889,996.75339786,0.01998521,0.01998521,31052,95,0
6436.25264764,6436.25244385,1800.25653944,1800.26381190,0.03719976,996.88937053,0.01998521,0.01998521,31051,95,0
6436.45934625,6436.45975264,1807.65805073,1807.64353481,0.03393618,997.02436310,0.01998521,0.01998521,31050,95,0
6436.66666933,6436.66707479,1815.06662908,1815.05213397,0.04645345,997.15888459,0.01998521,0.01998521,31049,95,0
6436.87436090,6436.87441029,1822.48223363,1822.48046653,0.03241958,997.29275916,0.01998521,0.01998521,31048,95,0
6437.08142879,6437.08175915,1829.90483772,1829.89300661,0.05634593,997.42534576,0.01998521,0.01998521,31047,95,0
6437.28964828,6437.28912136,1837.33451750,1837.35340521,0.03200863,997.55777639,0.01998521,0.01998521,31046,95,0
6437.49609900,6437.49649694,1844.77139432,1844.75711705,0.04140079,997.68819705,0.01998521,0.01998521,31045,95,0
6437.70377595,6437.70388588,1852.21559041,1852.21164289,0.06040499,997.81850265,0.01998521,0.01998521,31044,95,0
6437.91109045,6437.91128818,1859.66722868,1859.66012146,0.03632981,997.94769015,0.01998521,0.01998521,31043,95,0
6438.11854556,6438.11870384,1867.12643525,1867.12074029,0.06358976,998.07607375,0.01998521,0.01998521,31042,95,0
6438.32602901,6438.32613287,1874.59334262,1874.58960236,0.04085972,998.20358226,0.01998521,0.01998521,31041,95,0
6438.53322689,6438.53357526,1882.06808490,1882.05552587,0.05849065,998.33002369,0.01998521,0.01998521,31040,95,0
6438.74089221,6438.74103102,1889.55079697,1889.54578783,0.03134929,998.45585565,0.01998521,0.01998521,31039,95,0
6438.94884079,6438.94850015,1897.04159828,1897.05390341,0.04849738,998.58096055,0.01998521,0.01998521,31038,95,0
6439.15606277,6439.15598265,1904.54034785,1904.54324496,0.02468706,998.70472829,0.01998521,0.01998521,31037,95,0
6439.36331700,6439.36347852,1912.04669250,1912.04084685,0.04837337,998.82760780,0.01998521,0.01998521,31036,95,0
6439.57070564,6439.57098776,1919.56027081,1919.55005124,0.03149805,998.94964978,0.01998521,0.01998521,31035,95,0
6439.77784555,6439.77851038,1927.08071919,1927.05661657,0.05557101,999.07062095,0.01998521,0.01998521,31034,95,0
6439.98611399,6439.98604637,1934.60781274,1934.61026620,0.02975440,999.19131349,0.01998521,0.01998521,31033,95,0
6440.19406533,6440.19359574,1942.14189279,1942.15894669,0.05335443,999.31088699,0.01998521,0.01998521,31032,95,0
6440.40079990,6440.40115848,1949.68344563,1949.67041073,0.03737329,999.42883938,0.01998521,0.01998521,31031,95,0
6440.60848400,6440.60873461,1957.23296050,1957.22384133,0.05026710,999.54641308,0.01998521,0.01998521,31030,95,0
6440.81625878,6440.81632411,1964.79091641,1964.78853630,0.05915735,999.66311923,0.01998521,0.01998521,31029,95,0
6441.02414203,6441.02392700,1972.35737631,1972.36521759,0.02884417,999.77896416,0.01998521,0.01998521,31028,95,0
6441.23141918,6441.23154327,1979.93190744,1979.92737807,0.05300560,999.89354312,0.01998521,0.01998521,31027,95,0
6441.43948861,6441.43917292,1987.51404566,1987.52557911,0.03099274,1000.00761774,0.01998521,0.01998521,31026,95,0
6441.64703469,6441.64681596,1995.10332394,1995.11132184,0.04982980,1000.12045502,0.01998521,0.01998521,31025,95,0
6441.85472850,6441.85447239,2002.69935859,2002.70873117,0.04041439,1000.23241397,0.01998521,0.01998521,31024,95,0
6442.06143545,6442.06214220,2010.30223839,2010.27635282,0.05327605,1000.34288748,0.01998521,0.01998521,31023,95,0
6442.26994069,6442.26982540,2017.91221521,2017.91644141,0.05387605,1000.45335942,0.01998521,0.01998521,31022,95,0
6442.47754946,6442.47752200,2025.52954259,2025.53055016,0.03199054,1000.56239663,0.01998521,0.01998521,31021,95,0
6442.68537089,6442.68523198,2033.15447585,2033.15957747,0.05096213,1000.67058711,0.01998521,0.01998521,31020,95,0
6442.89295382,6442.89295536,2040.78728220,2040.78722551,0.05973407,1000.77769692,0.01998521,0.01998521,31019,95,0
6443.10055921,6443.10069214,2048.42824485,2048.42335312,0.02820067,1000.88386302,0.01998521,0.01998521,31018,95,0
6443.30840612,6443.30844230,2056.07764982,2056.07631676,0.05230971,1000.98919633,0.01998521,0.01998521,31017,95,0
6443.51647954,6443.51620587,2063.73578487,2063.74587775,0.05325847,1001.09368655,0.01998521,0.01998521,31016,95,0
6443.72370836,6443.72398283,2071.40288282,2071.39274901,0.03204728,1001.19679973,0.01998521,0.01998521,31015,95,0
6443.93209651,6443.93177320,2079.07884664,2079.09079664,0.04609672,1001.29952594,0.01998521,0.01998521,31014,95,0
6444.13942455,6444.13957696,2086.76345871,2086.75781954,0.05229112,1001.40076403,0.01998521,0.01998521,31013,95,0
6444.34787163,6444.34739413,2094.45649988,2094.47418507,0.02929756,1001.50157136,0.01998521,0.01998521,31012,95,0
6444.55530240,6444.55522470,2102.15775158,2102.16063215,0.04900644,1001.60090836,0.01998521,0.01998521,31011,95,0
6444.76284677,6444.76306868,2109.86707441,2109.85883952,0.04707658,1001.69931753,0.01998521,0.01998521,31010,95,0
6444.97089945,6444.97092606,2117.58443351,2117.58344522,0.06094725,1001.79697795,0.01998521,0.01998521,31009,95,0
6445.17893440,6445.17879685,2125.30980089,2125.31491541,0.03525564,1001.89363564,0.01998521,0.01998521,31008,95,0
6445.38715480,6445.38668105,2133.04314838,2133.06078081,0.04996612,1001.98938027,0.01998521,0.01998521,31007,95,0
6445.59437762,6445.59457865,2140.78448203,2140.77699261,0.04575932,1002.08367059,0.01998521,0.01998521,31006,95,0
6445.80211930,6445.80248967,2148.53397293,2148.52016099,0.02584993,1002.17719895,0.01998521,0.01998521,31005,95,0
6446.00974243,6446.01041411,2156.29184258,2156.26676855,0.05019111,1002.26967486,0.01998521,0.01998521,31004,95,0
6446.21837699,6446.21835195,2164.05831386,2164.05924950,0.04659278,1002.36159443,0.01998521,0.01998521,31003,95,0
6446.42654364,6446.42630321,2171.83360362,2171.84259793,0.04788676,1002.45230100,0.01998521,0.01998521,31002,95,0
6446.63449975,6446.63426789,2179.61776197,2179.62644521,0.05006561,1002.54190868,0.01998521,0.01998521,31001,95,0
6446.84186391,6446.84224599,2187.41067313,2187.39634920,0.02690055,1002.63025406,0.01998521,0.01998521,31000,95,0
6447.05015759,6447.05023750,2195.21221345,2195.20921438,0.05447470,1002.71797799,0.01998521,0.01998521,30999,95,0
6447.25781162,6447.25824244,2203.02225843,2203.00607419,0.04215850,1002.80441265,0.01998521,0.01998521,30998,95,0
6447.46655786,6447.46626079,2210.84067834,2210.85184902,0.04346544,1002.89027070,0.01998521,0.01998521,30997,95,0
6447.67442267,6447.67429257,2218.66732906,2218.67222586,0.05114247,1002.97473391,0.01998521,0.01998521,30996,95,0
6447.88226143,6447.88233778,2226.50206295,2226.49918630,0.02665149,1003.05815172,0.01998521,0.01998521,30995,95,0
6448.09058846,6448.09039641,2234.34473133,2234.35197383,0.05750978,1003.14072229,0.01998521,0.01998521,30994,95,0
6448.29836346,6448.29846847,2242.19521182,2242.19124797,0.04133314,1003.22202932,0.01998521,0.01998521,30993,95,0
6448.50632894,6448.50655395,2250.05366680,2250.04516515,0.04160170,1003.30236463,0.01998521,0.01998521,30992,95,0
6448.71408046,6448.71465287,2257.92043008,2257.89878053,0.04722540,1003.38157226,0.01998521,0.01998521,30991,95,0
6448.92319235,6448.92276521,2265.79583988,2265.81201227,0.04881747,1003.46024376,0.01998521,0.01998521,30990,95,0
6449.13109530,6449.13089099,2273.68023438,2273.68797835,0.05113391,1003.53741114,0.01998521,0.01998521,30989,95,0
6449.33911422,6449.33903020,2281.57380811,2281.57699617,0.01519975,1003.61357265,0.01998521,0.01998521,30988,95,0
6449.54670632,6449.54718285,2289.47652461,2289.45842287,0.05704697,1003.68852781,0.01998521,0.01998521,30987,95,0
6449.75445895,6449.75534893,2297.38832640,2297.35448255,0.05418322,1003.76248648,0.01998521,0.01998521,30986,95,0
6449.96360657,6449.96352845,2305.30915561,2305.31212978,0.04321712,1003.83587197,0.01998521,0.01998521,30985,95,0
6450.17145601,6450.17172140,2313.23893388,2313.22882004,0.04890252,1003.90773416,0.01998521,0.01998521,30984,95,0
6450.38007058,6450.37992780,2321.17749492,2321.18294175,0.04456153,1003.97878537,0.01998521,0.01998521,30983,95,0
6450.58708258,6450.58814764,2329.12464754,2329.08397709,0.04300522,1004.04822044,0.01998521,0.01998521,30982,95,0
6450.79564894,6450.79638092,2337.08019921,2337.05222026,0.03494053,1004.11709347,0.01998521,0.01998521,30981,95,0
6451.00416335,6451.00462765,2345.04398641,2345.02622203,0.03895930,1004.18485748,0.01998521,0.01998521,30980,95,0
6451.21322616,6451.21288782,2353.01623162,2353.02919026,0.04140212,1004.25170212,0.01998521,0.01998521,30979,95,0
6451.42118369,6451.42116144,2360.99742609,2360.99827944,0.04073687,1004.31710354,0.01998521,0.01998521,30978,95,0
6451.62923705,6451.62944850,2368.98806967,2368.97995285,0.04714622,1004.38144773,0.01998521,0.01998521,30977,95,0
6451.83770008,6451.83774901,2376.98866018,2376.98677947,0.03600812,1004.44482777,0.01998521,0.01998521,30976,95,0
6452.04665828,6452.04606298,2384.99937209,2385.02227794,0.04225381,1004.50725974,0.01998521,0.01998521,30975,95,0
6452.25483467,6452.25439039,2393.01987247,2393.03698644,0.04266706,1004.56835763,0.01998521,0.01998521,30974,95,0
6452.46256194,6452.46273126,2401.04978208,2401.04325237,0.04832874,1004.62822197,0.01998521,0.01998521,30973,95,0
6452.67106932,6452.67108559,2409.08871905,2409.08809112,0.04024361,1004.68719771,0.01998521,0.01998521,30972,95,0
6452.87927229,6452.87945336,2417.13639601,2417.12939896,0.04046605,1004.74496850,0.01998521,0.01998521,30971,95,0
6453.08761289,6453.08783460,2425.19286504,2425.18428872,0.04681214,1004.80165507,0.01998521,0.01998521,30970,95,0
6453.29628586,6453.29622929,2433.25825346,2433.26044387,0.03713153,1004.85730384,0.01998521,0.01998521,30969,95,0
6453.50410539,6453.50463745,2441.33268943,2441.31206494,0.05440055,1004.91159994,0.01998521,0.01998521,30968,95,0
6453.71335021,6453.71305906,2449.41632087,2449.42761911,0.05182625,1004.96513125,0.01998521,0.01998521,30967,95,0
6453.92066504,6453.92149414,2457.50944755,2457.47723699,0.05639258,1005.01704159,0.01998521,0.01998521,30966,95,0
6454.12933123,6454.12994268,2465.61244364,2465.58866099,0.04824279,1005.06815566,0.01998521,0.01998521,30965,95,0
6454.33825209,6454.33840468,2473.72568632,2473.71974392,0.05328720,1005.11818984,0.01998521,0.01998521,30964,95,0
6454.54699546,6454.54688015,2481.84953017,2481.85402623,0.03896764,1005.16703778,0.01998521,0.01998521,30963,95,0
6454.75504614,6454.75536909,2489.98382611,2489.97121870,0.03392892,1005.21458071,0.01998521,0.01998521,30962,95,0
6454.96329837,6454.96387149,2498.12795535,2498.10555699,0.03840937,1005.26101917,0.01998521,0.01998521,30961,95,0
6455.17179534,6455.17238737,2506.28127704,2506.25811621,0.05278049,1005.30635143,0.01998521,0.01998521,30960,95,0
6455.38081511,6455.38091672,2514.44315125,2514.43917262,0.05523186,1005.35062421,0.01998521,0.01998521,30959,95,0
6455.59017046,6455.58945954,2522.61334318,2522.64120911,0.04831241,1005.39378577,0.01998522,0.01998521,30958,95,0
6455.79868709,6455.79801583,2530.79230302,2530.81864172,0.03981559,1005.43559706,0.01998522,0.01998521,30957,95,0
6456.00628634,6456.00658560,2538.98054962,2538.96879439,0.03448450,1005.47605601,0.01998521,0.01998521,30956,95,0
6456.21518128,6456.21516884,2547.17860541,2547.17909435,0.03865471,1005.51558926,0.01998521,0.01998521,30955,95,0
6456.42352327,6456.42376557,2555.38684009,2555.37730017,0.03923902,1005.55383822,0.01998521,0.01998521,30954,95,0
6456.63206923,6456.63237577,2563.60516104,2563.59307794,0.06146755,1005.59094008,0.01998521,0.01998521,30953,95,0
6456.84085220,6456.84099945,2571.83338897,2571.82757808,0.03938531,1005.62689188,0.01998521,0.01998521,30952,95,0
6457.05000221,6457.04963662,2580.07134326,2580.08578674,0.03752578,1005.66170584,0.01998522,0.01998521,30951,95,0
6457.25847782,6457.25828726,2588.31888463,2588.32642119,0.04650110,1005.69520655,0.01998521,0.01998521,30950,95,0
6457.46734200,6457.46695139,2596.57609245,2596.59155806,0.05535727,1005.72756350,0.01998522,0.01998521,30949,95,0
6457.67546228,6457.67562901,2604.84311701,2604.83650807,0.03590716,1005.75860078,0.01998521,0.01998521,30948,95,0
6457.88432480,6457.88432011,2613.12010972,2613.12029557,0.03682153,1005.78853636,0.01998521,0.01998521,30947,95,0
6458.09327021,6458.09302471,2621.40722430,2621.41697830,0.06138345,1005.81726480,0.01998521,0.01998521,30946,95,0
6458.30223512,6458.30174279,2629.70462668,2629.72421070,0.03773702,1005.84477266,0.01998522,0.01998521,30945,95,0
6458.51035538,6458.51047436,2638.01248959,2638.00775116,0.03396645,1005.87094954,0.01998521,0.01998521,30944,95,0
6458.71953492,6458.71921942,2646.33098704,2646.34356730,0.05751948,1005.89602901,0.01998521,0.01998521,30943,95,0
6458.92839013,6458.92797798,2654.66028187,2654.67673661,0.04547720,1005.91983456,0.01998522,0.01998521,30942,95,0
6459.13617184,6459.13675003,2663.00036220,2662.97725033,0.03899789,1005.94228850,0.01998521,0.01998522,30941,95,0
6459.34498041,6459.34553558,2671.35108510,2671.32886664,0.04614514,1005.96361320,0.01998521,0.01998522,30940,95,0
6459.55463489,6459.55433463,2679.71230342,2679.72433428,0.06028745,1005.98376848,0.01998522,0.01998522,30939,95,0
6459.76269152,6459.76314717,2688.08387555,2688.06559716,0.03071564,1006.00252130,0.01998521,0.01998522,30938,95,0
6459.97174593,6459.97197322,2696.46581798,2696.45668942,0.05555063,1006.02010656,0.01998521,0.01998522,30937,95,0
6460.18094232,6460.18081277,2704.85830960,2704.86351899,0.03313875,1006.03643780,0.01998522,0.01998522,30936,95,0
6460.38995788,6460.38966581,2713.26153787,2713.27329652,0.03694427,1006.05148587,0.01998522,0.01998522,30935,95,0
6460.59811708,6460.59853237,2721.67568643,2721.65894627,0.05737779,1006.06520721,0.01998521,0.01998522,30934,95,0
6460.80747409,6460.80741242,2730.10073116,2730.10321984,0.03314867,1006.07772928,0.01998522,0.01998522,30933,95,0
6461.01601010,6461.01630599,2738.53637114,2738.52441551,0.04896016,1006.08892275,0.01998521,0.01998522,30932,95,0
6461.22538415,6461.22521306,2746.98228417,2746.98920516,0.03218628,1006.09887151,0.01998522,0.01998522,30931,95,0
6461.43378858,6461.43413364,2755.43814963,2755.42417598,0.04818983,1006.10748610,0.01998521,0.01998522,30930,95,0
6461.64321487,6461.64306773,2763.90392613,2763.90989140,0.03356788,1006.11484396,0.01998522,0.01998522,30929,95,0
6461.85153492,6461.85201534,2772.38003067,2772.36053062,0.04841585,1006.12086706,0.01998521,0.01998522,30928,95,0
6462.06023915,6462.06097645,2780.86692554,2780.83696165,0.03247859,1006.12560094,0.01998521,0.01998522,30927,95,0
6462.26967139,6462.26995108,2789.36507484,2789.35369338,0.05341472,1006.12903837,0.01998521,0.01998522,30926,95,0
6462.47917897,6462.47893923,2797.87476010,2797.88452832,0.03211974,1006.13115612,0.01998522,0.01998522,30925,95,0
6462.68788779,6462.68794090,2806.39591083,2806.39374434,0.06269142,1006.13194709,0.01998522,0.01998522,30924,95,0
6462.89698880,6462.89695608,2814.92841631,2814.92975307,0.03366936,1006.13141458,0.01998522,0.01998522,30923,95,0
6463.10602935,6463.10598478,2823.47216507,2823.47398805,0.05001033,1006.12955156,0.01998522,0.01998522,30922,95,0
6463.31519375,6463.31502700,2832.02707349,2832.03390182,0.02982815,1006.12635084,0.01998522,0.01998522,30921,95,0
6463.52382042,6463.52408275,2840.59311788,2840.58236262,0.05143132,1006.12182158,0.01998522,0.01998522,30920,95,0
6463.73317400,6463.73315202,2849.17028191,2849.17118432,0.02938429,1006.11592955,0.01998522,0.01998522,30919,95,0
6463.94214839,6463.94223481,2857.75854891,2857.75499717,0.05731604,1006.10869760,0.01998522,0.01998522,30918,95,0
6464.15172808,6464.15133113,2866.35786412,2866.37419889,0.05614879,1006.10008455,0.01998522,0.01998522,30917,95,0
6464.36023542,6464.36044098,2874.96808915,2874.95962044,0.03489779,1006.09015914,0.01998522,0.01998522,30916,95,0
6464.56971405,6464.56956435,2883.58907340,2883.59524806,0.05034365,1006.07882041,0.01998522,0.01998522,30915,95,0
6464.77878459,6464.77870126,2892.22066600,2892.22410742,0.05315627,1006.06613294,0.01998522,0.01998522,30914,95,0
6464.98804660,6464.98785170,2900.86289528,2900.87095353,0.03417270,1006.05205769,0.01998522,0.01998522,30913,95,0
6465.19673484,6465.19701567,2909.51618004,2909.50455498,0.04393085,1006.03664437,0.01998522,0.01998522,30912,95,0
6465.40624728,6465.40619317,2918.18099327,2918.18323624,0.05369150,1006.01978132,0.01998522,0.01998522,30911,95,0
6465.61469714,6465.61538421,2926.85780981,2926.82929243,0.03921471,1006.00161660,0.01998522,0.01998522,30910,95,0
6465.82448260,6465.82458879,2935.54685698,2935.54244393,0.04237184,1005.98193250,0.01998522,0.01998522,30909,95,0
6466.03408801,6466.03380690,2944.24785878,2944.25955701,0.03634537,1005.96085478,0.01998522,0.01998522,30908,95,0
6466.24292052,6466.24303856,2952.96047651,2952.95555825,0.05325756,1005.93844815,0.01998522,0.01998522,30907,95,0
6466.45211249,6466.45228375,2961.68437156,2961.67722696,0.04957358,1005.91459098,0.01998522,0.01998522,30906,95,0
6466.66180380,6466.66154249,2970.41945933,2970.43037397,0.04296131,1005.88925376,0.01998522,0.01998522,30905,95,0
6466.87078236,6466.87081477,2979.16610783,2979.16475267,0.04934168,1005.86257889,0.01998522,0.01998522,30904,95,0
6467.08066527,6467.08010059,2987.92473421,2987.94838210,0.02641094,1005.83435134,0.01998522,0.01998522,30903,95,0
6467.28865655,6467.28939996,2996.69575484,2996.66457961,0.05326861,1005.80495045,0.01998522,0.01998522,30902,95,0
6467.49851663,6467.49871288,3005.47937391,3005.47113274,0.05066342,1005.77383847,0.01998522,0.01998522,30901,95,0
6467.70843013,6467.70803934,3014.27548055,3014.29191286,0.04349103,1005.74125924,0.01998522,0.01998522,30900,95,0
6467.91733717,6467.91737936,3023.08393756,3023.08216130,0.05569317,1005.70738202,0.01998522,0.01998522,30899,95,0
6468.12675195,6468.12673293,3031.90461183,3031.90541383,0.02641548,1005.67196133,0.01998522,0.01998522,30898,95,0
6468.33565586,6468.33610005,3040.73753005,3040.71877778,0.05198304,1005.63516380,0.01998522,0.01998522,30897,95,0
6468.54558316,6468.54548072,3049.58290613,3049.58723656,0.04080396,1005.59670719,0.01998522,0.01998522,30896,95,0
6468.75516051,6468.75487495,3058.44096619,3058.45305477,0.05207231,1005.55682917,0.01998522,0.01998522,30895,95,0
6468.96423431,6468.96428273,3067.31191513,3067.30986240,0.04596114,1005.51556122,0.01998522,0.01998522,30894,95,0
6469.17407367,6469.17370408,3076.19554217,3076.21123080,0.04642141,1005.47264509,0.01998522,0.01998522,30893,95,0
6469.38301533,6469.38313898,3085.09127096,3085.08601555,0.05706368,1005.42841943,0.01998522,0.01998522,30892,95,0
6469.59253217,6469.59258744,3093.99850809,3093.99615605,0.02543867,1005.38257344,0.01998522,0.01998522,30891,95,0
6469.80132819,6469.80204947,3102.91673244,3102.88600490,0.05464671,1005.33538979,0.01998522,0.01998522,30890,95,0
6470.01147167,6470.01152505,3111.84626391,3111.84398677,0.05659736,1005.28638747,0.01998522,0.01998522,30889,95,0
6470.22074739,6470.22101420,3120.78794602,3120.77654980,0.05707126,1005.23606783,0.01998522,0.01998522,30888,95,0
6470.43007719,6470.43051692,3129.74263698,3129.72382799,0.04174101,1005.18420739,0.01998522,0.01998522,30887,95,0
6470.64014067,6470.64003320,3138.71107496,3138.71567851,0.04322157,1005.13061857,0.01998522,0.01998522,30886,95,0
6470.84898135,6470.84956306,3147.69316494,3147.66821064,0.04558609,1005.07580004,0.01998522,0.01998522,30885,95,0
6471.05860239,6471.05910648,3156.68847100,3156.66681675,0.04584142,1005.01922726,0.01998522,0.01998522,30884,95,0
6471.26906077,6471.26866347,3165.69655243,3165.71364227,0.03820983,1004.96086355,0.01998522,0.01998522,30883,95,0
6471.47853634,6471.47823404,3174.71709985,3174.73012040,0.04122366,1004.90121135,0.01998522,0.01998522,30882,95,0
6471.68790633,6471.68781818,3183.75032784,3183.75413005,0.04422255,1004.84002568,0.01998522,0.01998522,30881,95,0
6471.89727880,6471.89741589,3192.79658104,3192.79066007,0.05202133,1004.77726777,0.01998522,0.01998522,30880,95,0
6472.10688109,6472.10702718,3201.85620610,3201.84988733,0.05870788,1004.71285824,0.01998522,0.01998522,30879,95,0
6472.31721684,6472.31665205,3210.92937574,3210.95383880,0.04781768,1004.64662376,0.01998522,0.01998522,30878,95,0
6472.52654212,6472.52629049,3220.01587224,3220.02678642,0.05115649,1004.57911187,0.01998522,0.01998522,30877,95,0
6472.73622939,6472.73594252,3229.11542332,3229.12788277,0.05542860,1004.50988311,0.01998522,0.01998522,30876,95,0
6472.94501514,6472.94560813,3238.22776215,3238.20197295,0.05493228,1004.43935676,0.01998522,0.01998522,30875,95,0
6473.15557836,6473.15528732,3247.35289851,3247.36557320,0.04019304,1004.36661163,0.01998522,0.01998522,30874,95,0
6473.36490224,6473.36498009,3256.49118865,3256.48779349,0.03964008,1004.29267478,0.01998522,0.01998522,30873,95,0
6473.57431644,6473.57468645,3265.64301348,3265.62685400,0.04821175,1004.21708047,0.01998522,0.01998522,30872,95,0
6473.78444234,6473.78440640,3274.80873614,3274.81030809,0.04881002,1004.13958546,0.01998522,0.01998522,30871,95,0
6473.99474077,6473.99413993,3283.98846549,3284.01478242,0.05452203,1004.06037058,0.01998522,0.01998522,30870,95,0
6474.20444693,6474.20388706,3293.18213885,3293.20669711,0.06065410,1003.97972268,0.01998522,0.01998522,30869,95,0
6474.41403885,6474.41364777,3302.38968975,3302.40686850,0.03281824,1003.89746021,0.01998522,0.01998522,30868,95,0
6474.62374810,6474.62342208,3311.61105466,3311.62539623,0.03527143,1003.81348615,0.01998522,0.01998522,30867,95,0
6474.83356884,6474.83320998,3320.84618848,3320.86199717,0.06693158,1003.72779391,0.01998522,0.01998522,30866,95,0
6475.04349192,6475.04301148,3330.09505192,3330.11624672,0.04984204,1003.64037839,0.01998522,0.01998522,30865,95,0
6475.25266720,6475.25282657,3339.35760570,3339.35056531,0.04226780,1003.55159514,0.01998522,0.01998522,30864,95,0
6475.46293383,6475.46265526,3348.63393671,3348.64626115,0.04146916,1003.46065192,0.01998522,0.01998522,30863,95,0
6475.67219937,6475.67249754,3357.92442591,3357.91121502,0.05786097,1003.36844220,0.01998522,0.01998522,30862,95,0
6475.88301951,6475.88235343,3367.22949910,3367.25905596,0.03871372,1003.27382182,0.01998522,0.01998522,30861,95,0
6476.09223328,6476.09222292,3376.54957111,3376.55003161,0.03345582,1003.17819875,0.01998522,0.01998522,30860,95,0
6476.30223636,6476.30210601,3385.88469581,3385.89049807,0.05043870,1003.08048023,0.01998522,0.01998522,30859,95,0
6476.51231574,6476.51200271,3395.23454780,3395.24850209,0.03508125,1002.98098346,0.01998522,0.01998522,30858,95,0
6476.72166015,6476.72191301,3404.59878086,3404.58749276,0.03606802,1002.88009742,0.01998522,0.01998522,30857,95,0
6476.93199216,6476.93183691,3413.97709196,3413.98403252,0.05841736,1002.77698517,0.01998522,0.01998522,30856,95,0
6477.14221943,6477.14177443,3423.36951519,3423.38943850,0.03746660,1002.67216386,0.01998522,0.01998522,30855,95,0
6477.35165515,6477.35172555,3432.77623563,3432.77307916,0.05163669,1002.56597821,0.01998522,0.01998522,30854,95,0
6477.56214361,6477.56169029,3442.19744073,3442.21779666,0.04285984,1002.45748062,0.01998522,0.01998522,30853,95,0
6477.77160718,6477.77166863,3451.63333149,3451.63056774,0.03183770,1002.34773223,0.01998522,0.01998522,30852,95,0
6477.98195507,6477.98166059,3461.08414198,3461.09740538,0.05599396,1002.23572443,0.01998522,0.01998522,30851,95,0
6478.19141146,6478.19166617,3470.55011342,3470.53862340,0.04490349,1002.12239269,0.01998522,0.01998522,30850,95,0
6478.40166000,6478.40168536,3480.03147901,3480.03033318,0.04919081,1002.00681693,0.01998522,0.01998522,30849,95,0
6478.61229729,6478.61171817,3489.52824425,3489.55444997,0.04138294,1001.88919585,0.01998522,0.01998522,30848,95,0
6478.82216891,6478.82176459,3499.04018726,3499.05851063,0.04519235,1001.77017413,0.01998522,0.01998522,30847,95,0
6479.03175610,6479.03182464,3508.56707423,3508.56396353,0.05337579,1001.64948802,0.01998522,0.01998522,30846,95,0
6479.24246076,6479.24189831,3518.10866818,3518.13423375,0.04045652,1001.52631498,0.01998522,0.01998522,30845,95,0
6479.45239680,6479.45198559,3527.66472535,3527.68344270,0.05225025,1001.40174888,0.01998522,0.01998522,30844,95,0
6479.66243921,6479.66208651,3537.23499800,3537.25107505,0.04226556,1001.27527534,0.01998522,0.01998522,30843,95,0
6479.87184292,6479.87220105,3546.81924209,3546.80289501,0.04247201,1001.14734621,0.01998522,0.01998522,30842,95,0
6480.08213777,6480.08232921,3556.41774522,3556.40899385,0.02476350,1001.01701268,0.01998522,0.01998522,30841,95,0
6480.29211194,6480.29247100,3566.03173314,3566.01529267,0.04810784,1000.88499418,0.01998522,0.01998522,30840,95,0
6480.50286411,6480.50262643,3575.66253794,3575.67344006,0.03285038,1000.75056719,0.01998522,0.01998522,30839,95,0
6480.71357432,6480.71279548,3585.31133773,3585.34712658,0.05489053,1000.61421932,0.01998522,0.01998522,30838,95,0
6480.92331347,6480.92297816,3594.97766501,3594.99309853,0.04513962,1000.47656340,0.01998522,0.01998522,30837,95,0
6481.13300102,6481.13317448,3604.66009848,3604.65210239,0.03267032,1000.33702182,0.01998522,0.01998522,30836,95,0
6481.34303409,6481.34338443,3614.35719355,3614.34102139,0.05196347,1000.19533932,0.01998522,0.01998522,30835,95,0
6481.55331733,6481.55360802,3624.06832281,3624.05488504,0.04306429,1000.05157402,0.01998522,0.01998522,30834,95,0
6481.76423006,6481.76384524,3633.79496065,3633.81277925,0.05545230,999.90542511,0.01998522,0.01998522,30833,95,0
6481.97415510,6481.97409610,3643.53892492,3643.54166167,0.05353861,999.75798258,0.01998522,0.01998522,30832,95,0
6482.18425870,6482.18436061,3653.30191512,3653.29717895,0.03191163,999.60840370,0.01998522,0.01998522,30831,95,0
6482.39448564,6482.39463875,3663.08375781,3663.07662929,0.05055295,999.45671641,0.01998522,0.01998522,30830,95,0
6482.60426821,6482.60493054,3672.88289593,3672.85200866,0.05623514,999.30334974,0.01998522,0.01998522,30829,95,0
6482.81588272,6482.81523597,3682.69772561,3682.72793071,0.05176753,999.14663651,0.01998522,0.01998522,30828,95,0
6483.02505314,6483.02555504,3692.52727528,3692.50380103,0.05919257,998.98975966,0.01998522,0.01998522,30827,95,0
6483.23618709,6483.23588776,3702.37246241,3702.38648483,0.04616992,998.82939769,0.01998522,0.01998522,30826,95,0
6483.44630099,6483.44623413,3712.23455926,3712.23769695,0.05083310,998.66777424,0.01998522,0.01998522,30825,95,0
6483.65575653,6483.65659415,3722.11476814,3722.07539166,0.05059354,998.50460683,0.01998522,0.01998522,30824,95,0
6483.86751803,6483.86696781,3732.01311848,3732.03902910,0.04868951,998.33755199,0.01998523,0.01998522,30823,95,0
6484.07773975,6484.07735513,3741.92875432,3741.94689622,0.03948985,998.16963738,0.01998522,0.01998522,30822,95,0
6484.28735560,6484.28775611,3751.86079003,3751.84186973,0.04108399,998.00015496,0.01998522,0.01998522,30821,95,0
6484.49831939,6484.49817073,3761.80865982,3761.81569351,0.05487861,997.82751541,0.01998522,0.01998522,30820,95,0
6484.70943180,6484.70859902,3771.77266689,3771.81213139,0.04078397,997.65266450,0.01998523,0.01998522,30819,95,0
6484.91955052,6484.91904096,3781.75326119,3781.77744785,0.04318421,997.47654442,0.01998523,0.01998522,30818,95,0
6485.12904756,6485.12949655,3791.75088081,3791.72953386,0.03303316,997.29885107,0.01998522,0.01998522,30817,95,0
6485.33938250,6485.33996581,3801.76579006,3801.73801095,0.05857774,997.11832958,0.01998522,0.01998522,30816,95,0
6485.55042696,6485.55044873,3811.79814681,3811.79710812,0.04267866,996.93505472,0.01998522,0.01998522,30815,95,0
6485.76024502,6485.76094531,3821.84810826,3821.81464516,0.03805914,996.75070350,0.01998522,0.01998522,30814,95,0
6485.97179641,6485.97145556,3831.91577091,3831.93208616,0.03856631,996.56265650,0.01998523,0.01998522,30813,95,0
6486.18223130,6486.18197947,3842.00111278,3842.01318738,0.04208331,996.37342847,0.01998522,0.01998522,30812,95,0
6486.39275295,6486.39251704,3852.10409795,3852.11542785,0.04407033,996.18194468,0.01998522,0.01998522,30811,95,0
6486.60281951,6486.60306829,3862.22478721,3862.21281893,0.04447992,995.98869321,0.01998522,0.01998522,30810,95,0
6486.81341264,6486.81363320,3872.36386707,3872.35323706,0.04603430,995.79274720,0.01998522,0.01998522,30809,95,0
6487.02390297,6487.02421178,3882.52227875,3882.50736745,0.05350430,995.59465734,0.01998522,0.01998522,30808,95,0
6487.23478406,6487.23480404,3892.70093954,3892.69997332,0.04393572,995.39392604,0.01998522,0.01998522,30807,95,0
6487.44472046,6487.44540996,3902.89978025,3902.86635978,0.03329230,995.19182395,0.01998522,0.01998522,30806,95,0
6487.65569110,6487.65602956,3913.11760695,3913.10117314,0.03085029,994.98645775,0.01998522,0.01998522,30805,95,0
6487.86632147,6487.86666284,3923.35315265,3923.33655093,0.04360626,994.77916985,0.01998522,0.01998522,30804,95,0
6488.07697302,6488.07730980,3933.60580774,3933.58940212,0.05815036,994.56961273,0.01998522,0.01998522,30803,95,0
6488.28784188,6488.28797043,3943.87704312,3943.87076943,0.03970091,994.35754776,0.01998522,0.01998522,30802,95,0
6488.49881642,6488.49864474,3954.16875015,3954.17714559,0.03465660,994.14303221,0.01998522,0.01998522,30801,95,0
6488.70915542,6488.70933273,3964.48254479,3964.47385587,0.05268484,993.92678345,0.01998522,0.01998522,30800,95,0
6488.91979478,6488.92003441,3974.81735962,3974.80559543,0.03785537,993.70785562,0.01998522,0.01998522,30799,95,0
6489.13088795,6489.13074977,3985.17066983,3985.17746449,0.04454308,993.48611939,0.01998523,0.01998522,30798,95,0
6489.34160054,6489.34147881,3995.53997248,3995.54596642,0.05405498,993.26249422,0.01998523,0.01998522,30797,95,0
6489.55245041,6489.55222154,4005.92510652,4005.93639422,0.03652137,993.03642929,0.01998523,0.01998523,30796,95,0
6489.76384969,6489.76297796,4016.32892346,4016.37199713,0.04527826,992.80739966,0.01998523,0.01998523,30795,95,0
6489.97382206,6489.97374807,4026.75450095,4026.75816504,0.04017001,992.57748292,0.01998523,0.01998523,30794,95,0
6490.18442362,6490.18453186,4037.20377115,4037.19839946,0.05547165,992.34438653,0.01998523,0.01998523,30793,95,0
6490.39609664,6490.39532935,4047.67519083,4047.71334244,0.05032116,992.10761279,0.01998523,0.01998523,30792,95,0
6490.60638723,6490.60614053,4058.16655412,4058.17884177,0.05912071,991.86995008,0.01998523,0.01998523,30791,95,0
6490.81708440,6490.81696541,4068.67592304,4068.68185953,0.05900412,991.62942694,0.01998523,0.01998523,30790,95,0
6491.02692190,6491.02780398,4079.20340832,4079.15932671,0.04359275,991.38748424,0.01998522,0.01998523,30789,95,0
nan,nan,0.00000000,-1.00000000,0.00000000,991.13504688,nan,0.00000000,-2147483648,95,1
nan,nan,0.00000000,-1.00000000,0.00000000,985.64671065,nan,0.00000000,-2147483648,94,1
6448.50379462,6448.50655395,0.00000000,9.69343473,0.06373250,985.93868377,0.01998520,0.01998521,30992,94,1
6448.71809165,6448.71465287,0.00000000,15.92084797,0.13178216,986.25735966,0.01998522,0.01998521,30991,94,1
6448.92109266,6448.92276521,21.87485134,21.82620128,0.04829726,986.55889759,0.01998521,0.01998521,30990,94,0
6449.13046459,6449.13089099,27.93054828,27.91813793,0.03082529,986.86929244,0.01998521,0.01998521,30989,94,0
6449.33894664,6449.33903020,33.99039506,33.98796147,0.04208947,987.17788354,0.01998521,0.01998521,30988,94,0
6449.54740430,6449.54718285,40.05442655,40.06088004,0.05098221,987.48595565,0.01998521,0.01998521,30987,94,0
6449.75877576,6449.75534893,0.00000000,46.21626586,0.07693495,987.79752090,0.01998522,0.01998521,30986,94,1
6449.96457059,6449.96352845,52.19461347,52.22501868,0.08056397,988.10099373,0.01998522,0.01998521,30985,94,0
6450.17276705,6450.17172140,58.27047643,58.30100072,0.06073542,988.40718860,0.01998522,0.01998521,30984,94,0
6450.37891395,6450.37992780,64.34998974,64.32037805,0.05854180,988.70986322,0.01998521,0.01998521,30983,94,0
6450.59000674,6450.58814764,70.43300597,70.48733208,0.02756312,989.01926930,0.01998522,0.01998521,30982,94,0
6450.79577937,6450.79638092,76.51946404,76.50187668,0.05921331,989.32035688,0.01998521,0.01998521,30981,94,0
6451.00103155,6451.00462765,0.00000000,82.49656418,0.06646653,989.61979025,0.01998520,0.01998521,30980,94,1
6451.21259577,6451.21288782,88.70330256,88.69475460,0.06087246,989.92869553,0.01998521,0.01998521,30979,94,0
6451.42268603,6451.42116144,94.80102641,94.84567608,0.04393149,990.23454851,0.01998522,0.01998521,30978,94,0
6451.62848820,6451.62944850,100.90285007,100.87470901,0.01187184,990.53366727,0.01998521,0.01998521,30977,94,0
6451.83905897,6451.83774901,107.00894134,107.04735373,0.03728553,990.83922045,0.01998522,0.01998521,30976,94,0
6452.04579402,6452.04606298,113.11936150,113.11146969,0.08259255,991.13872094,0.01998521,0.01998521,30975,94,0
6452.25390404,6452.25439039,119.23407527,119.21979568,0.02952701,991.43972318,0.01998521,0.01998521,30974,94,0
6452.46278580,6452.46273126,125.35304381,125.35464610,0.07184017,991.74134382,0.01998521,0.01998521,30973,94,0
6452.67008247,6452.67108559,131.47622806,131.44673917,0.07393429,992.04017935,0.01998521,0.01998521,30972,94,0
6452.87988428,6452.87945336,137.60358885,137.61626449,0.05767664,992.34211961,0.01998521,0.01998521,30971,94,0
6453.08775716,6453.08783460,143.73508378,143.73280459,0.08079729,992.64077779,0.01998521,0.01998521,30970,94,0
6453.29553452,6453.29622929,149.87065468,149.85019317,0.05710720,992.93879128,0.01998521,0.01998521,30969,94,0
6453.50622321,6453.50463745,156.01023811,156.05696762,0.06030867,993.24045802,0.01998522,0.01998521,30968,94,0
6453.71206583,6453.71305906,162.15377040,162.12448518,0.02863187,993.53467375,0.01998521,0.01998521,30967,94,0
6453.92108819,6453.92149414,168.30118759,168.28921157,0.03051390,993.83291188,0.01998521,0.01998521,30966,94,0
6454.13053859,6454.12994268,174.45242665,174.47001671,0.04774952,994.13122839,0.01998522,0.01998521,30965,94,0
6454.33719436,6454.33840468,180.60750545,180.57175906,0.04856092,994.42504194,0.01998521,0.01998521,30964,94,0
6454.54660381,6454.54688015,186.76657434,186.75840795,0.02806645,994.72224708,0.01998521,0.01998521,30963,94,0
6454.75549318,6454.75536909,192.92979645,192.93346601,0.04030043,995.01819569,0.01998521,0.01998521,30962,94,0
6454.96386836,6454.96387149,199.09733558,199.09724270,0.03393780,995.31290652,0.01998521,0.01998521,30961,94,0
6455.17070079,6455.17238737,205.26935618,205.21941698,0.05861029,995.60493877,0.01998521,0.01998521,30960,94,0
6455.38011905,6455.38091672,211.44600148,211.42236658,0.08862329,995.90012334,0.01998521,0.01998521,30959,94,0
6455.59033002,6455.58945954,217.62721394,217.65302370,0.04263244,996.19591641,0.01998522,0.01998521,30958,94,0
6455.79562422,6455.79801583,0.00000000,223.74390408,0.06586348,996.48438591,0.01998521,0.01998521,30957,94,1
6456.00789441,6456.00658560,230.00267318,230.04152730,0.07022831,996.78193190,0.01998522,0.01998521,30956,94,0
6456.21418632,6456.21516884,236.19658307,236.16739848,0.06293610,997.07066558,0.01998521,0.01998521,30955,94,0
6456.42562761,6456.42376557,242.39438768,242.44972791,0.06874037,997.36605930,0.01998522,0.01998521,30954,94,0
6456.63362754,6456.63237577,248.59599733,248.63322076,0.06175322,997.65609934,0.01998522,0.01998521,30953,94,0
6456.83864678,6456.84099945,0.00000000,254.73368339,0.05913869,997.94155807,0.01998521,0.01998521,30952,94,1
6457.04967894,6457.04963662,261.01107324,261.01233333,0.03615529,998.23464246,0.01998521,0.01998521,30951,94,0
6457.25843577,6457.25828726,267.22480413,267.22922819,0.05367165,998.52413229,0.01998521,0.01998521,30950,94,0
6457.46718302,6457.46695139,273.44284094,273.44974555,0.07112105,998.81308186,0.01998521,0.01998521,30949,94,0
6457.67742994,6457.67562901,279.66531125,279.71903008,0.03894050,999.10357922,0.01998522,0.01998521,30948,94,0
6457.87575272,6457.88432011,0.00000000,285.64281927,0.04468897,999.37740567,0.01998519,0.01998521,30947,94,1
6458.09365997,6458.09302471,292.12368937,292.14266301,0.04594953,999.67712027,0.01998522,0.01998521,30946,94,0
6458.30136715,6458.30174279,298.35958045,298.34835397,0.07536865,999.96254875,0.01998521,0.01998521,30945,94,0
6458.50955654,6458.51047436,304.59992752,304.57247900,0.04905722,1000.24811626,0.01998521,0.01998521,30944,94,0
6458.71955063,6458.71921942,310.84472154,310.85463302,0.04504792,1000.53562635,0.01998522,0.01998521,30943,94,0
6458.92831843,6458.92797798,317.09395944,317.10415402,0.04458442,1000.82092544,0.01998522,0.01998521,30942,94,0
6459.13695161,6459.13675003,323.34765524,323.35369529,0.05933734,1001.10550980,0.01998522,0.01998522,30941,94,0
6459.34398541,6459.34553558,329.60582603,329.55934594,0.05641502,1001.38738742,0.01998521,0.01998522,30940,94,0
6459.55542231,6459.55433463,335.86848896,335.90112323,0.07752488,1001.67471931,0.01998522,0.01998522,30939,94,0
6459.76396470,6459.76314717,342.13566125,342.16020606,0.06603069,1001.95758198,0.01998522,0.01998522,30938,94,0
6459.97151883,6459.97197322,348.40735674,348.39370544,0.06616431,1002.23857510,0.01998521,0.01998522,30937,94,0
6460.18068743,6460.18081277,354.68354155,354.67977382,0.04157140,1002.52121701,0.01998522,0.01998522,30936,94,0
6460.39128400,6460.38966581,360.96414655,361.01282391,0.03844318,1002.80523931,0.01998522,0.01998522,30935,94,0
6460.59933464,6460.59853237,367.24910156,367.27325021,0.05087129,1003.08528243,0.01998522,0.01998522,30934,94,0
6460.80769288,6460.80741242,373.53833606,373.54678292,0.05539637,1003.36519157,0.01998522,0.01998522,30933,94,0
6461.01646096,6461.01630599,379.83177933,379.83644950,0.05188015,1003.64509679,0.01998522,0.01998522,30932,94,0
6461.22421824,6461.22521306,386.12939907,386.09940056,0.03539411,1003.92309304,0.01998521,0.01998522,30931,94,0
6461.43461818,6461.43413364,392.43126473,392.44588479,0.06758274,1004.20406415,0.01998522,0.01998522,30930,94,0
6461.64329254,6461.64306773,398.73746259,398.74425002,0.04938923,1004.48217552,0.01998522,0.01998522,30929,94,0
6461.85179417,6461.85201534,405.04807930,405.04139759,0.04832336,1004.75950669,0.01998522,0.01998522,30928,94,0
6462.06123980,6462.06097645,411.36320184,411.37116324,0.05069687,1005.03754241,0.01998522,0.01998522,30927,94,0
6462.27077701,6462.26995108,417.68291211,417.70789774,0.05660493,1005.31514916,0.01998522,0.01998522,30926,94,0
6462.47747064,6462.47893923,424.00723315,423.96277646,0.03973753,1005.58844861,0.01998521,0.01998522,30925,94,0
6462.68744226,6462.68794090,430.33615195,430.32104758,0.05511989,1005.86553124,0.01998522,0.01998522,30924,94,0
6462.89561949,6462.89695608,436.66965489,436.62914072,0.06074641,1006.13969552,0.01998521,0.01998522,30923,94,0
6463.10434422,6463.10598478,443.00772830,442.95796779,0.03513647,1006.41402858,0.01998521,0.01998522,30922,94,0
6463.31680685,6463.31502700,449.35035850,449.40437939,0.06382905,1006.69270441,0.01998522,0.01998522,30921,94,0
6463.52424902,6463.52408275,455.69753735,455.70258724,0.05946609,1006.96423845,0.01998522,0.01998522,30920,94,0
6463.73337713,6463.73315202,462.04926755,462.05610897,0.02700201,1007.23742121,0.01998522,0.01998522,30919,94,0
6463.94164375,6463.94223481,468.40555304,468.38757845,0.06146469,1007.50892040,0.01998522,0.01998522,30918,94,0
6464.15138800,6464.15133113,474.76639776,474.76812839,0.04375145,1007.78178156,0.01998522,0.01998522,30917,94,0
6464.36024861,6464.36044098,481.13180566,481.12594813,0.03367295,1008.05292917,0.01998522,0.01998522,30916,94,0
6464.56982140,6464.56956435,487.50177063,487.50960297,0.04091071,1008.32443390,0.01998522,0.01998522,30915,94,0
6464.77923904,6464.77870126,493.87622056,493.89261712,0.03894465,1008.59516531,0.01998522,0.01998522,30914,94,0
6464.98784923,6464.98785170,500.25505662,500.25498134,0.05340859,1008.86427848,0.01998522,0.01998522,30913,94,0
6465.19748520,6465.19701567,506.63817943,506.65251273,0.06913695,1009.13413181,0.01998522,0.01998522,30912,94,0
6465.40695347,6465.40619317,513.02548921,513.04871210,0.04172358,1009.40317982,0.01998522,0.01998522,30911,94,0
6465.61524121,6465.61538421,519.41689161,519.41252140,0.04990636,1009.67012203,0.01998522,0.01998522,30910,94,0
6465.82398257,6465.82458879,525.81246845,525.79393021,0.04888513,1009.93705796,0.01998522,0.01998522,30909,94,0
6466.03302978,6466.03380690,532.21250488,532.18872463,0.03984903,1010.20380592,0.01998522,0.01998522,30908,94,0
6466.24299055,6466.24303856,538.61729849,538.61582854,0.06089468,1010.47114729,0.01998522,0.01998522,30907,94,0
6466.45184982,6466.45228375,545.02714814,545.01385032,0.03560672,1010.73652787,0.01998522,0.01998522,30906,94,0
6466.66084990,6466.66154249,551.44235395,551.42111292,0.05836244,1011.00154075,0.01998522,0.01998522,30905,94,0
6466.87170143,6466.87081477,557.86308163,557.89029609,0.04110054,1011.26835231,0.01998522,0.01998522,30904,94,0
6467.08077720,6467.08010059,564.28906382,564.30984613,0.05537789,1011.53235954,0.01998522,0.01998522,30903,94,0
6467.28894969,6467.28939996,570.71994554,570.70610598,0.05642960,1011.79465869,0.01998522,0.01998522,30902,94,0
6467.49869038,6467.49871288,577.15537022,577.15467816,0.04513035,1012.05834499,0.01998522,0.01998522,30901,94,0
6467.70677705,6467.70803934,583.59497972,583.55613645,0.04426683,1012.31935194,0.01998522,0.01998522,30900,94,0
6467.91606729,6467.91737936,590.03845949,589.99806315,0.03394594,1012.58125173,0.01998522,0.01998522,30899,94,0
6468.12663192,6468.12673293,596.48592182,596.48281021,0.04451056,1012.84412527,0.01998522,0.01998522,30898,94,0
6468.33585173,6468.33610005,602.93771573,602.93006124,0.03582693,1013.10471583,0.01998522,0.01998522,30897,94,0
6468.54632179,6468.54548072,609.39419429,609.42013863,0.04839454,1013.36626903,0.01998522,0.01998522,30896,94,0
6468.75376657,6468.75487495,615.85571210,615.82149681,0.03927995,1013.62349165,0.01998522,0.01998522,30895,94,0
6468.96531234,6468.96428273,622.32261850,622.35442717,0.06411862,1013.88522797,0.01998522,0.01998522,30894,94,0
6469.17481129,6469.17370408,628.79499133,628.82922372,0.03835033,1014.14386455,0.01998522,0.01998522,30893,94,0
6469.38384342,6469.38313898,635.27254947,635.29434462,0.07379056,1014.40134916,0.01998522,0.01998522,30892,94,0
6469.59267844,6469.59258744,641.75498609,641.75780357,0.03347168,1014.65800299,0.01998522,0.01998522,30891,94,0
6469.80289938,6469.80204947,648.24199298,648.26832260,0.06776641,1014.91575267,0.01998522,0.01998522,30890,94,0
6470.01093124,6470.01152505,654.73326060,654.71485425,0.04735464,1015.17020488,0.01998522,0.01998522,30889,94,0
6470.21993573,6470.22101420,661.22861996,661.19517118,0.05251122,1015.42522423,0.01998522,0.01998522,30888,94,0
6470.43048805,6470.43051692,667.72833996,667.72744392,0.05395193,1015.68151052,0.01998522,0.01998522,30887,94,0
6470.64001290,6470.64003320,674.23277516,674.23214466,0.04395471,1015.93593925,0.01998522,0.01998522,30886,94,0
6470.84828994,6470.84956306,680.74228171,680.70271464,0.06787438,1016.18826489,0.01998522,0.01998522,30885,94,0
6471.05917038,6471.05910648,687.25721736,687.25920488,0.05618164,1016.44315973,0.01998522,0.01998522,30884,94,0
6471.26936186,6471.26866347,693.77788193,693.79962218,0.03322996,1016.69664610,0.01998522,0.01998522,30883,94,0
6471.47808234,6471.47823404,700.30413515,700.29940938,0.06374444,1016.94778245,0.01998522,0.01998522,30882,94,0
6471.68842055,6471.68781818,706.83563770,706.85441668,0.03816878,1017.20026960,0.01998522,0.01998522,30881,94,0
6471.89730272,6471.89741589,713.37204775,713.36851748,0.05159105,1017.45040238,0.01998522,0.01998522,30880,94,0
6472.10715104,6472.10702718,719.91302191,719.91688828,0.04191407,1017.70106868,0.01998522,0.01998522,30879,94,0
6472.31719046,6472.31665205,726.45823130,726.47504732,0.04295802,1017.95132349,0.01998522,0.01998522,30878,94,0
6472.52666141,6472.52629049,733.00766419,733.01925581,0.02698774,1018.20026170,0.01998522,0.01998522,30877,94,0
6472.73533787,6472.73594252,739.56160172,739.54269354,0.04763824,1018.44763014,0.01998522,0.01998522,30876,94,0
6472.94503145,6472.94560813,746.12033717,746.10229153,0.02298782,1018.69558489,0.01998522,0.01998522,30875,94,0
6473.15500964,6473.15528732,752.68416519,752.67546943,0.06356710,1018.94326349,0.01998522,0.01998522,30874,94,0
6473.36509288,6473.36498009,759.25338002,759.25691482,0.06246143,1019.19046184,0.01998522,0.01998522,30873,94,0
6473.57522059,6473.57468645,765.82812988,765.84488273,0.04322492,1019.43711175,0.01998522,0.01998522,30872,94,0
6473.78469736,6473.78440640,772.40830457,772.41743728,0.04585667,1019.68239359,0.01998522,0.01998522,30871,94,0
6473.99454396,6473.99413993,778.99376708,779.00645789,0.02168121,1019.92749690,0.01998522,0.01998522,30870,94,0
6474.20342717,6474.20388706,785.58437978,785.56992419,0.04710215,1020.17086024,0.01998522,0.01998522,30869,94,0
6474.41377099,6474.41364777,792.18000438,792.18387993,0.03832765,1020.41529870,0.01998522,0.01998522,30868,94,0
6474.62306412,6474.62342208,798.78054410,798.76927705,0.06479883,1020.65788688,0.01998522,0.01998522,30867,94,0
6474.83324218,6474.83320998,805.38604182,805.38705595,0.06585220,1020.90086901,0.01998522,0.01998522,30866,94,0
6475.04330417,6475.04301148,811.99656969,812.00579531,0.02602315,1021.14308537,0.01998522,0.01998522,30865,94,0
6475.25335884,6475.25282657,818.61220018,818.62898910,0.05475623,1021.38466287,0.01998522,0.01998522,30864,94,0
6475.46233158,6475.46265526,825.23300610,825.22278940,0.04473448,1021.62437146,0.01998522,0.01998522,30863,94,0
6475.67236373,6475.67249754,831.85905186,831.85482513,0.06834481,1021.86466813,0.01998522,0.01998522,30862,94,0
6475.88270128,6475.88235343,838.49034865,838.50134432,0.04433303,1022.10468271,0.01998522,0.01998522,30861,94,0
6476.09297704,6476.09222292,845.12688730,845.15074299,0.07111631,1022.34399304,0.01998522,0.01998522,30860,94,0
6476.30223402,6476.30210601,851.76865859,851.77271098,0.04418571,1022.58151275,0.01998522,0.01998522,30859,94,0
6476.51104023,6476.51200271,858.41565322,858.38516271,0.05006364,1022.81789115,0.01998522,0.01998522,30858,94,0
6476.72214510,6476.72191301,865.06787099,865.07522882,0.03120692,1023.05623054,0.01998522,0.01998522,30857,94,0
6476.93180541,6476.93183691,871.72541464,871.72441523,0.05401340,1023.29230280,0.01998522,0.01998522,30856,94,0
6477.14214509,6477.14177443,878.38845237,878.40022105,0.05303538,1023.52850705,0.01998522,0.01998522,30855,94,0
6477.35192110,6477.35172555,885.05715412,885.06336770,0.02249782,1023.76345100,0.01998522,0.01998522,30854,94,0
6477.56163510,6477.56169029,891.73169066,891.72993550,0.05080199,1023.99770336,0.01998522,0.01998522,30853,94,0
6477.77168031,6477.77166863,898.41222169,898.41259338,0.04857169,1024.23170575,0.01998522,0.01998522,30852,94,0
6477.98169114,6477.98166059,905.09865118,905.09962424,0.01452020,1024.46504415,0.01998522,0.01998522,30851,94,0
6478.19160110,6478.19166617,911.79063499,911.78856065,0.05110952,1024.69763133,0.01998522,0.01998522,30850,94,0
6478.40171223,6478.40168536,918.48781721,918.48867430,0.04964330,1024.92978733,0.01998522,0.01998522,30849,94,0
6478.61206331,6478.61171817,925.18984023,925.20085688,0.05544331,1025.16153877,0.01998522,0.01998522,30848,94,0
6478.82154874,6478.82176459,931.89635110,931.88945726,0.01933029,1025.39165689,0.01998522,0.01998522,30847,94,0
6479.03150861,6479.03182464,938.60728852,938.59718893,0.04022545,1025.62161205,0.01998522,0.01998522,30846,94,0
6479.24252154,6479.24189831,945.32300077,945.34293132,0.04774984,1025.85204099,0.01998522,0.01998522,30845,94,0
6479.45193798,6479.45198559,952.04386827,952.04234451,0.02722104,1026.08006428,0.01998522,0.01998522,30844,94,0
6479.66168554,6479.66208651,958.77027324,958.75743099,0.06378096,1026.30779794,0.01998522,0.01998522,30843,94,0
6479.87192859,6479.87220105,965.50259792,965.49386429,0.05216986,1026.53542757,0.01998522,0.01998522,30842,94,0
6480.08255713,6480.08232921,972.24101103,972.24832298,0.05379163,1026.76283371,0.01998522,0.01998522,30841,94,0
6480.29239529,6480.29247100,978.98526660,978.98283583,0.03012982,1026.98873833,0.01998522,0.01998522,30840,94,0
6480.50206103,6480.50262643,985.73507014,985.71690416,0.05642066,1027.21379938,0.01998522,0.01998522,30839,94,0
6480.71227643,6480.71279548,992.49012572,992.47343717,0.05504948,1027.43877847,0.01998522,0.01998522,30838,94,0
6480.92329326,6480.92297816,999.25013628,999.26027393,0.05358495,1027.66392688,0.01998522,0.01998522,30837,94,0
6481.13230624,6481.13317448,1006.01493680,1005.98698476,0.02613121,1027.88625021,0.01998522,0.01998522,30836,94,0
6481.34317073,6481.34338443,1012.78470137,1012.77781687,0.05504128,1028.10985422,0.01998522,0.01998522,30835,94,0
6481.55366270,6481.55360802,1019.55965823,1019.56142100,0.04038511,1028.33237905,0.01998522,0.01998522,30834,94,0
6481.76383859,6481.76384524,1026.34003669,1026.33982206,0.04067221,1028.55389345,0.01998522,0.01998522,30833,94,0
6481.97481021,6481.97409610,1033.12606716,1033.14912464,0.05794238,1028.77557255,0.01998523,0.01998522,30832,94,0
6482.18445350,6482.18436061,1039.91790610,1039.92090780,0.02716599,1028.99519012,0.01998522,0.01998522,30831,94,0
6482.39421262,6482.39463875,1046.71547092,1046.70169045,0.06300132,1029.21426018,0.01998522,0.01998522,30830,94,0
6482.60386245,6482.60493054,1053.51863082,1053.48406441,0.04712087,1029.43254144,0.01998522,0.01998522,30829,94,0
6482.81496241,6482.81523597,1060.32725434,1060.31839469,0.04408325,1029.65164487,0.01998522,0.01998522,30828,94,0
6483.02558951,6483.02555504,1067.14120934,1067.14232653,0.06290469,1029.86956370,0.01998522,0.01998522,30827,94,0
6483.23570757,6483.23588776,1073.96039699,1073.95455294,0.02067899,1030.08626035,0.01998522,0.01998522,30826,94,0
6483.44668219,6483.44623413,1080.78484647,1080.79938841,0.05020719,1030.30314058,0.01998523,0.01998522,30825,94,0
6483.65574841,6483.65659415,1087.61461751,1087.58714906,0.05180083,1030.51736731,0.01998522,0.01998522,30824,94,0
6483.86651946,6483.86696781,1094.44977015,1094.43519747,0.05087059,1030.73264404,0.01998522,0.01998522,30823,94,0
6484.07819803,6484.07735513,1101.29036470,1101.31778104,0.05418710,1030.94814345,0.01998523,0.01998522,30822,94,0
6484.28892621,6484.28775611,1108.13648823,1108.17457598,0.06604097,1031.16197513,0.01998523,0.01998522,30821,94,0
6484.49812920,6484.49817073,1114.98833997,1114.98698679,0.02809694,1031.37357238,0.01998522,0.01998522,30820,94,0
6484.70850997,6484.70859902,1121.84614961,1121.84324633,0.06665419,1031.58567588,0.01998522,0.01998522,30819,94,0
6484.91955815,6484.91904096,1128.71014798,1128.72702467,0.04409287,1031.79776708,0.01998522,0.01998522,30818,94,0
6485.12926630,6485.12949655,1135.58056705,1135.57304681,0.04247629,1032.00783680,0.01998522,0.01998522,30817,94,0
6485.33976297,6485.33996581,1142.45755025,1142.45091951,0.03717109,1032.21802206,0.01998522,0.01998522,30816,94,0
6485.55028096,6485.55044873,1149.34084509,1149.33535636,0.05220271,1032.42754290,0.01998522,0.01998522,30815,94,0
6485.76073837,6485.76094531,1156.23008827,1156.22331275,0.04102944,1032.63630479,0.01998522,0.01998522,30814,94,0
6485.97283334,6485.97145556,1163.12491465,1163.17005705,0.06566067,1032.84597107,0.01998523,0.01998522,30813,94,0
6486.18206005,6486.18197947,1170.02495721,1170.02759939,0.00988143,1033.05208087,0.01998522,0.01998522,30812,94,0
6486.39214773,6486.39251704,1176.92996437,1176.91784802,0.06544237,1033.25830897,0.01998522,0.01998522,30811,94,0
6486.60284228,6486.60306829,1183.84019305,1183.83277298,0.05169890,1033.46440423,0.01998522,0.01998522,30810,94,0
6486.81341792,6486.81363320,1190.75603992,1190.74896646,0.04662653,1033.66966412,0.01998522,0.01998522,30809,94,0
6487.02341635,6487.02421178,1197.67790364,1197.65174617,0.05106554,1033.87365521,0.01998522,0.01998522,30808,94,0
6487.23464241,6487.23480404,1204.60618488,1204.60086510,0.04180248,1034.07813711,0.01998522,0.01998522,30807,94,0
6487.44520626,6487.44540996,1211.54117642,1211.53446568,0.04682554,1034.28128381,0.01998522,0.01998522,30806,94,0
6487.65538923,6487.65602956,1218.48273138,1218.46161844,0.04161250,1034.48336527,0.01998522,0.01998522,30805,94,0
6487.86679080,6487.86666284,1225.43059150,1225.43481389,0.04783883,1034.68590525,0.01998522,0.01998522,30804,94,0
6488.07773779,6488.07730980,1232.38449717,1232.39863156,0.04261228,1034.88728708,0.01998523,0.01998522,30803,94,0
6488.28827473,6488.28797043,1239.34418745,1239.35424457,0.04228113,1035.08754808,0.01998523,0.01998522,30802,94,0
6488.49904283,6488.49864474,1246.30947901,1246.32264541,0.03808757,1035.28729179,0.01998523,0.01998522,30801,94,0
6488.70945655,6488.70933273,1253.28046237,1253.28456056,0.05447969,1035.48596458,0.01998522,0.01998522,30800,94,0
6488.92051751,6488.92003441,1260.25728827,1260.27329133,0.05576262,1035.68451292,0.01998523,0.01998522,30799,94,0
6489.13063215,6489.13074977,1267.24010819,1267.23620880,0.05208599,1035.88144147,0.01998522,0.01998522,30798,94,0
6489.34254553,6489.34147881,1274.22907434,1274.26446743,0.05041133,1036.07932077,0.01998523,0.01998522,30797,94,0
6489.55228634,6489.55222154,1281.22429379,1281.22644549,0.05584199,1036.27444524,0.01998523,0.01998523,30796,94,0
6489.76340547,6489.76297796,1288.22574351,1288.23995155,0.04973313,1036.47011958,0.01998523,0.01998523,30795,94,0
6489.97438211,6489.97374807,1295.23337730,1295.25446646,0.04971178,1036.66492428,0.01998523,0.01998523,30794,94,0
6490.18533165,6490.18453186,1302.24714870,1302.27377213,0.04692385,1036.85896329,0.01998523,0.01998523,30793,94,0
6490.39588874,6490.39532935,1309.26701096,1309.28564692,0.04753890,1037.05189930,0.01998523,0.01998523,30792,94,0
6490.60663942,6490.60614053,1316.29291282,1316.30954632,0.04851394,1037.24426678,0.01998523,0.01998523,30791,94,0
6490.81745061,6490.81696541,1323.32479340,1323.34098312,0.04584099,1037.43593910,0.01998523,0.01998523,30790,94,0
6491.02769898,6491.02780398,1330.36259022,1330.35908395,0.04034853,1037.62634843,0.01998523,0.01998523,30789,94,0
6491.23917246,6491.23865625,1337.40624044,1337.42349122,0.03584260,1037.81710659,0.01998523,0.01998523,30788,94,0
6491.44944245,6491.44952222,1344.45568244,1344.45301455,0.03524223,1038.00601907,0.01998523,0.01998523,30787,94,0
6491.66039570,6491.66040188,1351.51095947,1351.51075250,0.03739796,1038.19478290,0.01998523,0.01998523,30786,94,0
6491.87131401,6491.87129525,1358.57228648,1358.57291493,0.03905387,1038.38275553,0.01998523,0.01998523,30785,94,0
6492.08258854,6492.08220232,1365.63989529,1365.65284299,0.04171485,1038.57028780,0.01998523,0.01998523,30784,94,0
6492.29266740,6492.29312310,1372.71401896,1372.69872857,0.04057399,1038.75601059,0.01998522,0.01998523,30783,94,0
6492.50400358,6492.50405757,1379.79488547,1379.79307226,0.05643405,1038.94209578,0.01998523,0.01998523,30782,94,0
6492.71467062,6492.71500576,1386.88253517,1386.87126986,0.05203474,1039.12684259,0.01998522,0.01998523,30781,94,0
6492.92637258,6492.92596765,1393.97679116,1393.99041398,0.06915583,1039.31173637,0.01998523,0.01998523,30780,94,0
6493.13697776,6493.13694325,1401.07746355,1401.07862532,0.05956801,1039.49490842,0.01998523,0.01998523,30779,94,0
6493.34841127,6493.34793256,1408.18436140,1408.20049239,0.04362329,1039.67802733,0.01998523,0.01998523,30778,94,0
6493.55903617,6493.55893559,1415.29730052,1415.30069254,0.04140302,1039.85966832,0.01998523,0.01998523,30777,94,0
6493.77062256,6493.76995232,1422.41621290,1422.43883288,0.03856967,1040.04135316,0.01998523,0.01998523,30776,94,0
6493.98195943,6493.98098277,1429.54112078,1429.57410811,0.04015106,1040.22203643,0.01998523,0.01998523,30775,94,0
6494.19151666,6494.19202694,1436.67204886,1436.65480027,0.03766429,1040.40041973,0.01998522,0.01998523,30774,94,0
6494.40274394,6494.40308482,1443.80902197,1443.79749054,0.05424923,1040.57943865,0.01998523,0.01998523,30773,94,0
6494.61382398,6494.61415643,1450.95209224,1450.94083695,0.06334886,1040.75754360,0.01998523,0.01998523,30772,94,0
6494.82507813,6494.82524175,1458.10153262,1458.09598864,0.06670720,1040.93501015,0.01998523,0.01998523,30771,94,0
6495.03719156,6495.03634079,1465.25772467,1465.28657877,0.04012587,1041.11241524,0.01998523,0.01998523,30770,94,0
6495.24726601,6495.24745355,1472.42105269,1472.41468608,0.03205324,1041.28734830,0.01998523,0.01998523,30769,94,0
6495.45824939,6495.45858004,1479.59190305,1479.58066697,0.03445870,1041.46227707,0.01998523,0.01998523,30768,94,0
6495.66982304,6495.66972026,1486.77051592,1486.77401214,0.04086865,1041.63693224,0.01998523,0.01998523,30767,94,0
6495.88121579,6495.88087420,1493.95647434,1493.96810460,0.06109790,1041.81066206,0.01998523,0.01998523,30766,94,0
6496.09249750,6496.09204186,1501.14917643,1501.16470238,0.05241891,1041.98350838,0.01998523,0.01998523,30765,94,0
6496.30296392,6496.30322326,1508.34801696,1508.33917340,0.03720448,1042.15488349,0.01998523,0.01998523,30764,94,0
6496.51418882,6496.51441839,1515.55238852,1515.54455502,0.03071461,1042.32605257,0.01998523,0.01998523,30763,94,0
6496.72498033,6496.72562725,1522.76199373,1522.73990351,0.04475130,1042.49603890,0.01998523,0.01998523,30762,94,0
6496.93620399,6496.93684984,1529.97727294,1529.95520243,0.05497177,1042.66554892,0.01998523,0.01998523,30761,94,0
6497.14780894,6497.14808616,1537.19877550,1537.18929394,0.04016249,1042.83454780,0.01998523,0.01998523,30760,94,0
6497.35895780,6497.35933623,1544.42705376,1544.41409919,0.02843481,1043.00237775,0.01998523,0.01998523,30759,94,0
6497.57085214,6497.57060002,1551.66265285,1551.67129196,0.03982855,1043.17000229,0.01998523,0.01998523,30758,94,0
6497.78221534,6497.78187756,1558.90575725,1558.91734264,0.05827145,1043.33641180,0.01998523,0.01998523,30757,94,0
6497.99346009,6497.99316884,1566.15609948,1566.16609814,0.04643025,1043.50192601,0.01998523,0.01998523,30756,94,0
6498.20494484,6498.20447386,1573.41338217,1573.42956500,0.03980963,1043.66681563,0.01998523,0.01998523,30755,94,0
6498.41558771,6498.41579262,1580.67730629,1580.67025968,0.04428881,1043.83023138,0.01998523,0.01998523,30754,94,0
6498.62740676,6498.62712512,1587.94759746,1587.95729021,0.05697749,1043.99372832,0.01998523,0.01998523,30753,94,0
6498.83825794,6498.83847137,1595.22427954,1595.21692812,0.04062473,1044.15564849,0.01998523,0.01998523,30752,94,0
6499.04993590,6499.04983137,1602.50756681,1602.51117030,0.03849972,1044.31737329,0.01998523,0.01998523,30751,94,0
6499.26129138,6499.26120511,1609.79767775,1609.80065425,0.04547535,1044.47802407,0.01998523,0.01998523,30750,94,0
6499.47256555,6499.47259260,1617.09483205,1617.09389758,0.05553157,1044.63778879,0.01998523,0.01998523,30749,94,0
6499.68438652,6499.68399385,1624.39920047,1624.41277425,0.03568835,1044.79714078,0.01998523,0.01998523,30748,94,0
6499.89493063,6499.89540884,1631.71072176,1631.69417605,0.04437547,1044.95470840,0.01998523,0.01998523,30747,94,0
6500.10687865,6500.10683759,1639.02926680,1639.03068868,0.06223671,1045.11249170,0.01998523,0.01998523,30746,94,0
6500.31787065,6500.31828010,1646.35470567,1646.34051439,0.03384827,1045.26872583,0.01998523,0.01998523,30745,94,0
6500.52979554,6500.52973635,1653.68690855,1653.68896176,0.03305659,1045.42480430,0.01998523,0.01998523,30744,94,0
6500.74120051,6500.74120637,1661.02584572,1661.02564231,0.05774166,1045.57965152,0.01998523,0.01998523,30743,94,0
6500.95318203,6500.95269015,1668.37168379,1668.38877692,0.03452587,1045.73407126,0.01998523,0.01998523,30742,94,0
6501.16397848,6501.16418768,1675.72461292,1675.71733646,0.04068538,1045.88678529,0.01998523,0.01998523,30741,94,0
6501.37577639,6501.37569898,1683.08482436,1683.08751966,0.04766412,1046.03938006,0.01998523,0.01998523,30740,94,0
6501.58678330,6501.58722403,1690.45249849,1690.43714002,0.02699911,1046.19056386,0.01998523,0.01998523,30739,94,0
6501.79898962,6501.79876286,1697.82761373,1697.83552319,0.04078659,1046.34175708,0.01998523,0.01998523,30738,94,0
6502.01010116,6502.01031544,1705.20997859,1705.20249758,0.05723907,1046.49131789,0.01998523,0.01998523,30737,94,0
6502.22172651,6502.22188180,1712.59939522,1712.59396925,0.03416950,1046.64038268,0.01998523,0.01998523,30736,94,0
6502.43384884,6502.43346192,1719.99566462,1720.00919609,0.05053805,1046.78892679,0.01998523,0.01998523,30735,94,0
6502.64543682,6502.64505581,1727.39863634,1727.41197229,0.03782347,1046.93622268,0.01998523,0.01998523,30734,94,0
6502.85648573,6502.85666347,1734.80842105,1734.80219442,0.06075157,1047.08227338,0.01998523,0.01998523,30733,94,0
6503.06852605,6503.06828491,1742.22521595,1742.23367103,0.03458947,1047.22813653,0.01998523,0.01998523,30732,94,0
6503.27992406,6503.27992011,1749.64921944,1749.64935784,0.03975911,1047.37268735,0.01998523,0.01998523,30731,94,0
6503.49211387,6503.49156910,1757.08063019,1757.09976739,0.05119355,1047.51690665,0.01998523,0.01998523,30730,94,0
6503.70325341,6503.70323185,1764.51956548,1764.52032343,0.03003285,1047.65954348,0.01998523,0.01998523,30729,94,0
6503.91406612,6503.91490839,1771.96599137,1771.93634783,0.05714637,1047.80109156,0.01998523,0.01998523,30728,94,0
6504.12666824,6504.12659870,1779.41985741,1779.42230694,0.03180927,1047.94295897,0.01998523,0.01998523,30727,94,0
6504.33867123,6504.33830280,1786.88111283,1786.89410381,0.04717970,1048.08354066,0.01998523,0.01998523,30726,94,0
6504.55060513,6504.55002067,1794.34970698,1794.37033364,0.02952800,1048.22318852,0.01998523,0.01998523,30725,94,0
6504.76192407,6504.76175233,1801.82559456,1801.83166121,0.05384290,1048.36154356,0.01998523,0.01998523,30724,94,0
6504.97334553,6504.97349777,1809.30873377,1809.30335095,0.03002229,1048.49907522,0.01998523,0.01998523,30723,94,0
6505.18475405,6505.18525700,1816.79908262,1816.78128427,0.03348838,1048.63570434,0.01998523,0.01998523,30722,94,0
6505.39700770,6505.39703002,1824.29659883,1824.29580834,0.05650006,1048.77197667,0.01998523,0.01998523,30721,94,0
6505.60885777,6505.60881682,1831.80127268,1831.80272434,0.05492215,1048.90708479,0.01998523,0.01998523,30720,94,0
6505.82094108,6505.82061741,1839.31320570,1839.32469063,0.04029065,1049.04143501,0.01998523,0.01998523,30719,94,0
6506.03317722,6506.03243180,1846.83252357,1846.85899823,0.05840350,1049.17497336,0.01998523,0.01998523,30718,94,0
6506.24459970,6506.24425997,1854.35935271,1854.37142987,0.02109528,1049.30709538,0.01998523,0.01998523,30717,94,0
6506.45585040,6506.45610194,1861.89382043,1861.88486982,0.05329615,1049.43820783,0.01998523,0.01998523,30716,94,0
6506.66753380,6506.66795770,1869.43605912,1869.42096056,0.03517795,1049.56868359,0.01998523,0.01998523,30715,94,0
6506.87962913,6506.87982726,1876.98620650,1876.97914248,0.05257810,1049.69850379,0.01998523,0.01998523,30714,94,0
6507.09161827,6507.09171062,1884.54440130,1884.54110541,0.02943307,1049.82734865,0.01998523,0.01998523,30713,94,0
6507.30384545,6507.30360778,1892.11078307,1892.11927437,0.05219323,1049.95542577,0.01998523,0.01998523,30712,94,0
6507.51504588,6507.51551873,1899.68542505,1899.66851468,0.03131125,1050.08197501,0.01998523,0.01998523,30711,94,0
6507.72764718,6507.72744349,1907.26806310,1907.27535468,0.05307811,1050.20844098,0.01998523,0.01998523,30710,94,0
6507.93952279,6507.93938205,1914.85832547,1914.86336824,0.04942946,1050.33354507,0.01998523,0.01998523,30709,94,0
6508.15148343,6508.15133442,1922.45583805,1922.46118173,0.02966269,1050.45776117,0.01998523,0.01998523,30708,94,0
6508.36264795,6508.36330059,1930.06023310,1930.03680988,0.05439975,1050.58056895,0.01998523,0.01998523,30707,94,0
6508.57519431,6508.57528057,1937.67149907,1937.66840077,0.03942208,1050.70322830,0.01998523,0.01998523,30706,94,0
6508.78733390,6508.78727435,1945.29010324,1945.29224431,0.05919491,1050.82470527,0.01998523,0.01998523,30705,94,0
6508.99911564,6508.99928195,1952.91654907,1952.91056356,0.05741812,1050.94503806,0.01998523,0.01998523,30704,94,0
6509.21100175,6509.21130336,1960.55134313,1960.54047662,0.03009183,1051.06449585,0.01998523,0.01998523,30703,94,0
6509.42318654,6509.42333858,1968.19488437,1968.18940097,0.05169748,1051.18318843,0.01998523,0.01998523,30702,94,0
6509.63539152,6509.63538761,1975.84692958,1975.84707083,0.04729050,1051.30095076,0.01998523,0.01998523,30701,94,0
6509.84738252,6509.84745046,1983.50700131,1983.50454612,0.02672747,1051.41764360,0.01998523,0.01998523,30700,94,0
6510.06023444,6510.05952712,1991.17461881,1991.20020322,0.05396172,1051.53384386,0.01998523,0.01998523,30699,94,0
6510.27135158,6510.27161760,1998.84930532,1998.83967510,0.05200286,1051.64813047,0.01998523,0.01998523,30698,94,0
6510.48365856,6510.48372191,2006.53088279,2006.52858760,0.03346394,1051.76208504,0.01998523,0.01998523,30697,94,0
6510.69490088,6510.69584003,2014.21958164,2014.18552498,0.06037632,1051.87449732,0.01998523,0.01998523,30696,94,0
6510.90802404,6510.90797197,2021.91566293,2021.91755266,0.04196168,1051.98693016,0.01998523,0.01998523,30695,94,0
6511.12030265,6511.12011774,2029.61938936,2029.62610712,0.02795880,1052.09793951,0.01998523,0.01998523,30694,94,0
6511.33184031,6511.33227733,2037.33102860,2037.31513575,0.05459869,1052.20759131,0.01998523,0.01998523,30693,94,0
6511.54408794,6511.54445075,2045.05086769,2045.03766016,0.04978102,1052.31663881,0.01998523,0.01998523,30692,94,0
6511.75672169,6511.75663799,2052.77920118,2052.78225108,0.05117799,1052.42490894,0.01998523,0.01998523,30691,94,0
6511.96890418,6511.96883907,2060.51632549,2060.51870072,0.03751460,1052.53197651,0.01998523,0.01998523,30690,94,0
6512.18093002,6512.18105397,2068.26253030,2068.25800318,0.04802252,1052.63799484,0.01998523,0.01998523,30689,94,0
6512.39358713,6512.39328271,2076.01786881,2076.02899914,0.04450445,1052.74335174,0.01998523,0.01998523,30688,94,0
6512.60614041,6512.60552527,2083.78213033,2083.80464533,0.05401467,1052.84767292,0.01998523,0.01998523,30687,94,0
6512.81786729,6512.81778168,2091.55508904,2091.55822588,0.02504203,1052.95060367,0.01998523,0.01998523,30686,94,0
6513.02968231,6513.03005191,2099.33651770,2099.32296192,0.05049368,1053.05258738,0.01998523,0.01998523,30685,94,0
6513.24209859,6513.24233599,2107.12622430,2107.11750866,0.04211749,1053.15386042,0.01998523,0.01998523,30684,94,0
6513.45475240,6513.45463390,2114.92414981,2114.92850479,0.04722746,1053.25423942,0.01998523,0.01998523,30683,94,0
6513.66710008,6513.66694565,2122.73026540,2122.73594604,0.05497344,1053.35346459,0.01998523,0.01998523,30682,94,0
6513.87972988,6513.87927124,2130.54454200,2130.56142982,0.02822613,1053.45180739,0.01998523,0.01998523,30681,94,0
6514.09141709,6514.09161068,2138.36696063,2138.35982562,0.05562726,1053.54870262,0.01998523,0.01998523,30680,94,0
6514.30397381,6514.30396395,2146.19764356,2146.19800726,0.06065353,1053.64497853,0.01998523,0.01998523,30679,94,0
6514.51623143,6514.51633108,2154.03681681,2154.03313679,0.04798503,1053.74010115,0.01998523,0.01998523,30678,94,0
6514.72858191,6514.72871204,2161.88471012,2161.87989899,0.04949868,1053.83424698,0.01998523,0.01998523,30677,94,0
6514.94080266,6514.94110686,2169.74155395,2169.73029509,0.04495395,1053.92731683,0.01998523,0.01998523,30676,94,0
6515.15325804,6515.15351553,2177.60747076,2177.59793021,0.05752439,1054.01946756,0.01998523,0.01998523,30675,94,0
6515.36583054,6515.36593804,2185.48236084,2185.47837328,0.02573489,1054.11064089,0.01998523,0.01998523,30674,94,0
6515.57819680,6515.57837441,2193.36609670,2193.35950213,0.05456251,1054.20069371,0.01998523,0.01998523,30673,94,0
6515.79041083,6515.79082463,2201.25854996,2201.24316970,0.04810299,1054.28964655,0.01998523,0.01998523,30672,94,0
6516.00328672,6516.00328870,2209.15958909,2209.15951541,0.04327192,1054.37783195,0.01998523,0.01998523,30671,94,0
6516.21564659,6516.21576663,2217.06906793,2217.06459702,0.03566018,1054.46475583,0.01998523,0.01998523,30670,94,0
6516.42860411,6516.42825842,2224.98683418,2224.99972155,0.04343095,1054.55086842,0.01998524,0.01998523,30669,94,0
6516.64066233,6516.64076407,2232.91273451,2232.90893839,0.05224242,1054.63556166,0.01998523,0.01998523,30668,94,0
6516.85299756,6516.85328357,2240.84662619,2240.83594353,0.04713803,1054.71930529,0.01998523,0.01998523,30667,94,0
6517.06611524,6517.06581694,2248.78861158,2248.79976414,0.04312824,1054.80228854,0.01998524,0.01998523,30666,94,0
6517.27887886,6517.27836417,2256.73902808,2256.75829031,0.04997454,1054.88406584,0.01998524,0.01998523,30665,94,0
6517.49138963,6517.49092526,2264.69822465,2264.71562206,0.05206957,1054.96468080,0.01998524,0.01998523,30664,94,0
6517.70358020,6517.70350022,2272.66655204,2272.66955202,0.05467675,1055.04411207,0.01998523,0.01998523,30663,94,0
6517.91560080,6517.91608904,2280.64424817,2280.62591598,0.05060196,1055.12241821,0.01998523,0.01998523,30662,94,0
6518.12867165,6518.12869173,2288.63129022,2288.63053528,0.05406670,1055.20003922,0.01998523,0.01998523,30661,94,0
6518.34107163,6518.34130829,2296.62761891,2296.61871344,0.04355247,1055.27634086,0.01998523,0.01998523,30660,94,0
6518.55410629,6518.55393873,2304.63317448,2304.63948681,0.05064730,1055.35178806,0.01998524,0.01998523,30659,94,0
6518.76645644,6518.76658303,2312.64788096,2312.64310732,0.04956004,1055.42590954,0.01998523,0.01998523,30658,94,0
6518.97893970,6518.97924121,2320.67157310,2320.66019128,0.05237902,1055.49898969,0.01998523,0.01998523,30657,94,0
6519.19232410,6519.19191326,2328.70405355,2328.71957853,0.04731756,1055.57127926,0.01998524,0.01998523,30656,94,0
6519.40439341,6519.40459919,2336.74512355,2336.73733970,0.05303400,1055.64202533,0.01998523,0.01998523,30655,94,0
6519.61722448,6519.61729899,2344.79460907,2344.79178779,0.04456369,1055.71192005,0.01998523,0.01998523,30654,94,0
6519.82980382,6519.83001268,2352.85272006,2352.84480407,0.04191725,1055.78062496,0.01998523,0.01998523,30653,94,0
6520.04278762,6520.04274024,2360.91996185,2360.92175981,0.03631299,1055.84835162,0.01998523,0.01998524,30652,94,0
6520.25548741,6520.25548169,2368.99685060,2368.99706819,0.04218566,1055.91488064,0.01998523,0.01998524,30651,94,0
6520.46778236,6520.46823701,2377.08389997,2377.06660749,0.03902881,1055.98017975,0.01998523,0.01998524,30650,94,0
6520.68094186,6520.68100623,2385.18128471,2385.17883373,0.03892509,1056.04463296,0.01998523,0.01998524,30649,94,0
6520.89324425,6520.89378933,2393.28865929,2393.26787931,0.04260790,1056.10771271,0.01998523,0.01998524,30648,94,0
6521.10597607,6521.10658631,2401.40563196,2401.38234214,0.05456147,1056.16979753,0.01998523,0.01998524,30647,94,0
6521.31929538,6521.31939718,2409.53180829,2409.52791884,0.05672657,1056.23091856,0.01998523,0.01998524,30646,94,0
6521.53193043,6521.53222195,2417.66690756,2417.65575885,0.04699535,1056.29070634,0.01998523,0.01998524,30645,94,0
6521.74478044,6521.74506060,2425.81099588,2425.80027022,0.04230586,1056.34941426,0.01998523,0.01998524,30644,94,0
6521.95775552,6521.95791315,2433.96420479,2433.95816367,0.03595046,1056.40701200,0.01998524,0.01998524,30643,94,0
6522.17101972,6522.17077959,2442.12666671,2442.13587952,0.03885814,1056.46353771,0.01998524,0.01998524,30642,94,0
6522.38326184,6522.38365992,2450.29854298,2450.28325334,0.04794292,1056.51864704,0.01998523,0.01998524,30641,94,0
6522.59629544,6522.59655415,2458.48015938,2458.47021119,0.05013482,1056.57281095,0.01998523,0.01998524,30640,94,0
6522.80976068,6522.80946228,2466.67190300,2466.68339074,0.04654659,1056.62592646,0.01998524,0.01998524,30639,94,0
6523.02249373,6523.02238431,2474.87416369,2474.87838120,0.03880118,1056.67770461,0.01998524,0.01998524,30638,94,0
6523.23539978,6523.23532024,2483.08728025,2483.09034992,0.03217434,1056.72836791,0.01998524,0.01998524,30637,94,0
6523.44856846,6523.44827007,2491.31098646,2491.32251619,0.04909208,1056.77792799,0.01998524,0.01998524,30636,94,0
6523.66089457,6523.66123381,2499.54463044,2499.53150779,0.06066382,1056.82612444,0.01998524,0.01998524,30635,94,0
6523.87381215,6523.87421144,2507.78754955,2507.77208765,0.04369218,1056.87327695,0.01998524,0.01998524,30634,94,0
6524.08747492,6524.08720299,2516.03910067,2516.04964070,0.04186559,1056.91940102,0.01998524,0.01998524,30633,94,0
6524.29958149,6524.30020844,2524.29920937,2524.27488451,0.04478125,1056.96400265,0.01998524,0.01998524,30632,94,0
6524.51400628,6524.51322780,2532.56838272,2532.59861857,0.05511214,1057.00788920,0.01998524,0.01998524,30631,94,0
6524.72647995,6524.72626107,2540.84715735,2540.85566812,0.04452595,1057.05018271,0.01998524,0.01998524,30630,94,0
6524.93933037,6524.93930825,2549.13606913,2549.13693016,0.04787152,1057.09135838,0.01998524,0.01998524,30629,94,0
6525.15218416,6525.15236935,2557.43538647,2557.42816849,0.05316483,1057.13133778,0.01998524,0.01998524,30628,94,0
6525.36569297,6525.36544436,2565.74496080,2565.75466199,0.04455393,1057.17023266,0.01998524,0.01998524,30627,94,0
6525.57812758,6525.57853328,2574.06460659,2574.04875779,0.03110194,1057.20772640,0.01998524,0.01998524,30626,94,0
6525.79186000,6525.79163612,2582.39413734,2582.40289261,0.04535824,1057.24423067,0.01998524,0.01998524,30625,94,0
6526.00534679,6526.00475288,2590.73346147,2590.75671416,0.04363522,1057.27946826,0.01998524,0.01998524,30624,94,0
6526.21779093,6526.21788356,2599.08270392,2599.07907284,0.03967852,1057.31331506,0.01998524,0.01998524,30623,94,0
6526.43115927,6526.43102816,2607.44202026,2607.44716518,0.05725714,1057.34608183,0.01998524,0.01998524,30622,94,0
6526.64407081,6526.64418669,2615.81156715,2615.80701477,0.05115574,1057.37754876,0.01998524,0.01998524,30621,94,0
6526.85684966,6526.85735913,2624.19150625,2624.17146679,0.03579644,1057.40776509,0.01998524,0.01998524,30620,94,0
6527.07042289,6527.07054550,2632.58201273,2632.57718412,0.05659695,1057.43685287,0.01998524,0.01998524,30619,94,0
6527.28349820,6527.28374580,2640.98326542,2640.97350273,0.03606395,1057.46462957,0.01998524,0.01998524,30618,94,0
6527.49695000,6527.49696003,2649.39544446,2649.39504855,0.05567440,1057.49120618,0.01998524,0.01998524,30617,94,0
6527.71020249,6527.71018818,2657.81867883,2657.81924438,0.04944468,1057.51650514,0.01998524,0.01998524,30616,94,0
6527.92333714,6527.92343027,2666.25287668,2666.24919132,0.04397391,1057.54053388,0.01998524,0.01998524,30615,94,0
6528.13678557,6528.13668628,2674.69788677,2674.70182100,0.05810068,1057.56333422,0.01998524,0.01998524,30614,94,0
6528.34959423,6528.34995623,2683.15355663,2683.13919555,0.04013806,1057.58480216,0.01998524,0.01998524,30613,94,0
6528.56347606,6528.56324012,2691.61977541,2691.62914666,0.04750095,1057.60510179,0.01998524,0.01998524,30612,94,0
6528.77649947,6528.77653794,2700.09665936,2700.09512953,0.03718188,1057.62404355,0.01998524,0.01998524,30611,94,0
6528.98994637,6528.98984970,2708.58440122,2708.58825027,0.05130796,1057.64174112,0.01998524,0.01998524,30610,94,0
6529.20298542,6529.20317539,2717.08319518,2717.07562189,0.02977860,1057.65812110,0.01998524,0.01998524,30609,94,0
6529.41688640,6529.41651503,2725.59318310,2725.60800604,0.04804036,1057.67327244,0.01998524,0.01998524,30608,94,0
6529.62942009,6529.62986861,2734.11416796,2734.09624425,0.03224554,1057.68703669,0.01998524,0.01998524,30607,94,0
6529.84344544,6529.84323613,2742.64581862,2742.65419300,0.05484245,1057.69959260,0.01998524,0.01998524,30606,94,0
6530.05612793,6530.05661759,2751.18780110,2751.16818839,0.05105123,1057.71076751,0.01998524,0.01998524,30605,94,0
6530.27039903,6530.27001300,2759.73985190,2759.75533100,0.04758353,1057.72070840,0.01998524,0.01998524,30604,94,0
6530.48370814,6530.48342236,2768.30222172,2768.31369444,0.05143235,1057.72928702,0.01998524,0.01998524,30603,94,0
6530.69650330,6530.69684567,2776.87538535,2776.86162407,0.03694214,1057.73653095,0.01998524,0.01998524,30602,94,0
6530.90991327,6530.91028292,2785.45982206,2785.44494508,0.05026895,1057.74247328,0.01998524,0.01998524,30601,94,0
6531.12399242,6531.12373413,2794.05596345,2794.06637241,0.03689787,1057.74709881,0.01998524,0.01998524,30600,94,0
6531.33710251,6531.33719929,2802.66386563,2802.65996051,0.04961287,1057.75036983,0.01998524,0.01998524,30599,94,0
6531.55096631,6531.55067840,2811.28341543,2811.29504754,0.05193947,1057.75230959,0.01998524,0.01998524,30598,94,0
6531.76417569,6531.76417147,2819.91449794,2819.91466896,0.02857108,1057.75289927,0.01998524,0.01998524,30597,94,0
6531.97821449,6531.97767849,2828.55700606,2828.57871625,0.04496564,1057.75213624,0.01998524,0.01998524,30596,94,0
6532.19128304,6532.19119947,2837.21089538,2837.21428458,0.05432177,1057.75002324,0.01998524,0.01998524,30595,94,0
6532.40480908,6532.40473441,2845.87614900,2845.87918074,0.02482849,1057.74654598,0.01998524,0.01998524,30594,94,0
6532.61838133,6532.61828332,2854.55274992,2854.55673466,0.04468737,1057.74170136,0.01998524,0.01998524,30593,94,0
6532.83192286,6532.83184618,2863.24066776,2863.24378911,0.06059483,1057.73548597,0.01998524,0.01998524,30592,94,0
6533.04497863,6533.04542301,2871.93978417,2871.92167351,0.03067574,1057.72791317,0.01998524,0.01998524,30591,94,0
6533.25906882,6533.25901380,2880.64994419,2880.65218931,0.05034352,1057.71891882,0.01998524,0.01998524,30590,94,0
6533.47235857,6533.47261856,2889.37099142,2889.36037035,0.05483533,1057.70857306,0.01998524,0.01998524,30589,94,0
6533.68602698,6533.68623728,2898.10284180,2898.09424032,0.03405844,1057.69681811,0.01998524,0.01998524,30588,94,0
6533.90015225,6533.89986997,2906.84583086,2906.85739047,0.05578970,1057.68363616,0.01998524,0.01998524,30587,94,0
6534.11323580,6534.11351664,2915.60044565,2915.58893013,0.05519793,1057.66911944,0.01998524,0.01998524,30586,94,0
6534.32742914,6534.32717727,2924.36717727,2924.37751863,0.04207424,1057.65311455,0.01998524,0.01998524,30585,94,0
6534.54068832,6534.54085188,2933.14639943,2933.13967465,0.05257879,1057.63576632,0.01998524,0.01998524,30584,94,0
6534.75466261,6534.75454047,2941.93792715,2941.94295561,0.04028866,1057.61693754,0.01998524,0.01998524,30583,94,0
6534.96767100,6534.96824302,2950.74141142,2950.71783190,0.05536315,1057.59677398,0.01998524,0.01998524,30582,94,0
6535.18207403,6535.18195956,2959.55650028,2959.56122476,0.04125502,1057.57504339,0.01998524,0.01998524,30581,94,0
6535.39624460,6535.39569007,2968.38298615,2968.40590096,0.04628262,1057.55189434,0.01998524,0.01998524,30580,94,0
6535.60901315,6535.60943457,2977.22118119,2977.20374452,0.05032285,1057.52746376,0.01998524,0.01998524,30579,94,0
6535.82303425,6535.82319304,2986.07151537,2986.06493630,0.03015342,1057.50144179,0.01998524,0.01998524,30578,94,0
6536.03739926,6536.03696550,2994.93442186,2994.95241768,0.05543461,1057.47391582,0.01998524,0.01998524,30577,94,0
6536.25031422,6536.25075194,3003.81019116,3003.79200576,0.06060499,1057.44512085,0.01998524,0.01998524,30576,94,0
6536.46417058,6536.46455237,3012.69874173,3012.68285851,0.04357259,1057.41473314,0.01998524,0.01998524,30575,94,0
6536.67809449,6536.67836678,3021.59993211,3021.58858912,0.04161403,1057.38286120,0.01998524,0.01998524,30574,94,0
6536.89267789,6536.89219518,3030.51362101,3030.53375649,0.04051197,1057.34940408,0.01998524,0.01998524,30573,94,0
6537.10610660,6537.10603757,3039.43979214,3039.44267562,0.04072617,1057.31464414,0.01998524,0.01998524,30572,94,0
6537.31964317,6537.31989395,3048.37865387,3048.36816431,0.04481418,1057.27838016,0.01998524,0.01998524,30571,94,0
6537.53414695,6537.53376433,3057.33043940,3057.34646560,0.04481898,1057.24044812,0.01998524,0.01998524,30570,94,0
6537.74810919,6537.74764869,3066.29537235,3066.31468754,0.05004940,1057.20110344,0.01998524,0.01998524,30569,94,0
6537.96165821,6537.96154705,3075.27331009,3075.27797884,0.05003178,1057.16032724,0.01998524,0.01998524,30568,94,0
6538.17562520,6538.17545941,3084.26367086,3084.27064308,0.04581530,1057.11795760,0.01998524,0.01998524,30567,94,0
6538.38976152,6538.38938577,3093.26584233,3093.28166388,0.05347733,1057.07403486,0.01998524,0.01998524,30566,94,0
6538.60315581,6538.60332612,3102.27926249,3102.27208281,0.04597723,1057.02874953,0.01998524,0.01998524,30565,94,0
6538.81690649,6538.81728048,3111.30417675,3111.28839125,0.04421455,1056.98186623,0.01998524,0.01998524,30564,94,0
6539.03127098,6539.03124883,3120.34144832,3120.34238423,0.04206961,1056.93330815,0.01998524,0.01998524,30563,94,0
6539.24550905,6539.24523119,3129.39196302,3129.40372392,0.03593954,1056.88322702,0.01998524,0.01998524,30562,94,0
6539.45964620,6539.45922756,3138.45649942,3138.47424562,0.03985214,1056.83160872,0.01998524,0.01998524,30561,94,0
6539.67307757,6539.67323793,3147.53499162,3147.52818447,0.04147005,1056.77860176,0.01998524,0.01998524,30560,94,0
6539.88718278,6539.88726230,3156.62699036,3156.62360992,0.04241220,1056.72386014,0.01998524,0.01998524,30559,94,0
6540.10075750,6540.10130069,3165.73204057,3165.70891842,0.04282885,1056.66768677,0.01998524,0.01998524,30558,94,0
6540.31509800,6540.31535308,3174.84982432,3174.83895158,0.04935470,1056.60973412,0.01998524,0.01998524,30557,94,0
6540.53000545,6540.52941949,3183.98056470,3184.00557526,0.05739093,1056.55003379,0.01998524,0.01998524,30556,94,0
6540.74349478,6540.74349991,3193.12461763,3193.12439845,0.04803703,1056.48913825,0.01998524,0.01998524,30555,94,0
6540.95782559,6540.95759434,3202.28234042,3202.29223909,0.03934730,1056.42640073,0.01998524,0.01998524,30554,94,0
6541.17188576,6541.17170279,3211.45389230,3211.46173536,0.03251936,1056.36213284,0.01998524,0.01998524,30553,94,0
6541.38591429,6541.38582526,3220.63903982,3220.64286148,0.04209981,1056.29626146,0.01998524,0.01998524,30552,94,0
6541.60006234,6541.59996174,3229.83750160,3229.84182565,0.05321863,1056.22873479,0.01998524,0.01998524,30551,94,0
6541.81436722,6541.81411225,3239.04900795,3239.05998277,0.05351583,1056.15953373,0.01998524,0.01998524,30550,94,0
6542.02800217,6542.02827677,3248.27361159,3248.26177590,0.04502021,1056.08892459,0.01998524,0.01998524,30549,94,0
6542.24147491,6542.24245532,3257.51168900,3257.46937146,0.03813476,1056.01674000,0.01998524,0.01998524,30548,94,0
6542.45662762,6542.45664789,3266.76363385,3266.76275783,0.04823808,1055.94233003,0.01998524,0.01998524,30547,94,0
6542.67097545,6542.67085448,3276.02980651,3276.03504324,0.05704552,1055.86653440,0.01998524,0.01998524,30546,94,0
6542.88493989,6542.88507511,3285.31027854,3285.30441651,0.03983176,1055.78921055,0.01998524,0.01998524,30545,94,0
6543.09882667,6543.09930976,3294.60498274,3294.58400870,0.03697158,1055.71024719,0.01998524,0.01998524,30544,94,0
6543.31362332,6543.31355844,3303.91385032,3303.91667157,0.04476487,1055.62926382,0.01998524,0.01998524,30543,94,0
6543.52831819,6543.52782114,3313.23681792,3313.25846103,0.04126982,1055.54662617,0.01998524,0.01998524,30542,94,0
6543.74159885,6543.74209789,3322.57384139,3322.55208059,0.03835491,1055.46285101,0.01998524,0.01998524,30541,94,0
6543.95605480,6543.95638866,3331.92488000,3331.91030085,0.05701741,1055.37691773,0.01998524,0.01998524,30540,94,0
6544.17139686,6544.17069347,3341.28989733,3341.32065729,0.03590525,1055.28891132,0.01998524,0.01998524,30539,94,0
6544.38495316,6544.38501232,3350.66905134,3350.66646057,0.04226587,1055.19992628,0.01998524,0.01998524,30538,94,0
6544.59914131,6544.59934520,3360.06276084,3360.05381817,0.05757247,1055.10895827,0.01998524,0.01998524,30537,94,0
6544.81339148,6544.81369212,3369.47146635,3369.45825940,0.04077984,1055.01622961,0.01998524,0.01998524,30536,94,0
6545.02805016,6545.02805308,3378.89556072,3378.89543190,0.04476099,1054.92157340,0.01998524,0.01998524,30535,94,0
6545.24262972,6545.24242809,3388.33495675,3388.34384197,0.03377438,1054.82519411,0.01998524,0.01998524,30534,94,0
6545.45695261,6545.45681714,3397.78930208,3397.79528062,0.05556082,1054.72717190,0.01998524,0.01998524,30533,94,0
6545.67168756,6545.67122023,3407.25823828,3407.27889245,0.04472405,1054.62719558,0.01998524,0.01998524,30532,94,0
6545.88601966,6545.88563736,3416.74152197,3416.75844245,0.05736978,1054.52564003,0.01998524,0.01998524,30531,94,0
6546.10059635,6546.10006855,3426.23927384,3426.26266869,0.03596142,1054.42219218,0.01998525,0.01998524,30530,94,0
6546.31508824,6546.31451378,3435.75168618,3435.77718711,0.05016729,1054.31699967,0.01998525,0.01998524,30529,94,0
6546.52915916,6546.52897306,3445.27895383,3445.28722714,0.03616581,1054.21022442,0.01998524,0.01998524,30528,94,0
6546.74375872,6546.74344640,3454.82129615,3454.83520260,0.04873901,1054.10138168,0.01998524,0.01998524,30527,94,0
6546.95751909,6546.95793378,3464.37895946,3464.36046626,0.02491680,1053.99115897,0.01998524,0.01998524,30526,94,0
6547.17254340,6547.17243522,3473.95219358,3473.95702526,0.04532831,1053.87845600,0.01998524,0.01998524,30525,94,0
6547.38597909,6547.38695072,3483.54119751,3483.49773090,0.03773820,1053.76476213,0.01998524,0.01998524,30524,94,0
6547.60128289,6547.60148027,3493.14585211,3493.13700846,0.05333744,1053.64822612,0.01998524,0.01998524,30523,94,0
6547.81619754,6547.81602388,3502.76591762,3502.77371016,0.04740062,1053.53004596,0.01998524,0.01998524,30522,94,0
6548.03065832,6548.03058155,3512.40115158,3512.40460152,0.03059715,1053.41026360,0.01998524,0.01998524,30521,94,0
6548.24571743,6548.24515328,3522.05130671,3522.07669714,0.05081141,1053.28828517,0.01998525,0.01998524,30520,94,0
6548.45965095,6548.45973908,3531.71612908,3531.71215706,0.03522891,1053.16509124,0.01998524,0.01998524,30519,94,0
6548.67420633,6548.67433893,3541.39536172,3541.38937658,0.05076096,1053.03967824,0.01998524,0.01998524,30518,94,0
6548.88970573,6548.88895286,3551.08884809,3551.12287771,0.04834889,1052.91183240,0.01998525,0.01998524,30517,94,0
6549.10353756,6549.10358084,3560.79740533,3560.79544596,0.04231359,1052.78309460,0.01998524,0.01998524,30516,94,0
6549.31725716,6549.31822290,3570.52239608,3570.47860295,0.05537750,1052.65252623,0.01998524,0.01998524,30515,94,0
6549.53182131,6549.53287903,3580.26519879,3580.21714721,0.05016740,1052.51950601,0.01998524,0.01998524,30514,94,0
6549.74776044,6549.74754922,3590.02641797,3590.03603060,0.04730782,1052.38365744,0.01998524,0.01998524,30513,94,0
6549.96215599,6549.96223349,3599.80483771,3599.80130491,0.03839416,1052.24682680,0.01998524,0.01998524,30512,94,0
6550.17944987,6550.17693183,0.00000000,3609.72650722,0.13702297,1052.10599383,0.01998525,0.01998524,30511,94,1
6550.39189788,6550.39164425,3619.40748646,3619.41908096,0.06383759,1051.96674805,0.01998525,0.01998524,30510,94,0
6550.60627673,6550.60637074,3629.23097597,3629.22667179,0.05042329,1051.82412639,0.01998524,0.01998524,30509,94,0
6550.82133405,6550.82111131,3639.07128822,3639.08150392,0.05049791,1051.67907161,0.01998524,0.01998525,30508,94,0
6551.03549360,6551.03586596,3648.93030728,3648.91319609,0.03870366,1051.53261338,0.01998524,0.01998525,30507,94,0
6551.25143795,6551.25063469,3658.80899920,3658.84598119,0.03808152,1051.38288035,0.01998525,0.01998525,30506,94,0
6551.46589367,6551.46541750,3668.70606598,3668.72802633,0.04074521,1051.23214799,0.01998525,0.01998525,30505,94,0
6551.68109508,6551.68021439,3678.61985814,3678.66053646,0.04910394,1051.07887280,0.01998525,0.01998525,30504,94,0
6551.89572577,6551.89502537,3688.54887500,3688.58127226,0.04137702,1050.92400498,0.01998525,0.01998525,30503,94,0
6552.10973496,6552.10985043,3698.49335420,3698.48800441,0.05903260,1050.76758634,0.01998524,0.01998525,30502,94,0
6552.32493920,6552.32468959,3708.45458995,3708.46617368,0.05413397,1050.60825253,0.01998525,0.01998525,30501,94,0
6552.53969650,6552.53954282,3718.43389908,3718.44104342,0.05454272,1050.44717875,0.01998525,0.01998525,30500,94,0
6552.75506174,6552.75441015,3728.43192419,3728.46226987,0.02569020,1050.28355165,0.01998525,0.01998525,30499,94,0
6552.96949176,6552.96929158,3738.44792802,3738.45726690,0.05969985,1050.11855107,0.01998525,0.01998525,30498,94,0
6553.18462240,6553.18418709,3748.48099883,3748.50133857,0.05974755,1049.95092781,0.01998525,0.01998525,30497,94,0
6553.39886745,6553.39909670,3758.53033419,3758.51960599,0.04441287,1049.78192532,0.01998525,0.01998525,30496,94,0
6553.61481174,6553.61402040,3768.59600151,3768.63309257,0.05847655,1049.60948324,0.01998525,0.01998525,30495,94,0
6553.82916144,6553.82895820,3778.67846200,3778.68800353,0.04885064,1049.43621405,0.01998525,0.01998525,30494,94,0
6554.04383338,6554.04391010,3788.77818046,3788.77457304,0.05714760,1049.26057024,0.01998525,0.01998525,30493,94,0
6554.25922650,6554.25887610,3798.89549886,3798.91200439,0.03824766,1049.08219504,0.01998525,0.01998525,30492,94,0
6554.47391314,6554.47385619,3809.03059018,3809.03327692,0.03988748,1048.90225836,0.01998525,0.01998525,30491,94,0
6554.68895041,6554.68885040,3819.18361683,3819.18834408,0.05557915,1048.71986740,0.01998525,0.01998525,30490,94,0
6554.90434266,6554.90385870,3829.35471015,3829.37762394,0.03016696,1048.53499613,0.01998525,0.01998525,30489,94,0
6555.11887943,6555.11888111,3839.54386807,3839.54378840,0.05577855,1048.34868175,0.01998525,0.01998525,30488,94,0
6555.33301369,6555.33391763,3849.75105359,3849.70811010,0.04243920,1048.16054139,0.01998524,0.01998525,30487,94,0
6555.54977756,6555.54896825,3859.97626809,3860.01478227,0.04563919,1047.96786741,0.01998525,0.01998525,30486,94,0
6555.76410736,6555.76403299,3870.22006107,3870.22360685,0.03817979,1047.77513794,0.01998525,0.01998525,30485,94,0
6555.97889609,6555.97911183,3880.48339334,3880.47308841,0.05235648,1047.57975415,0.01998525,0.01998525,30484,94,0
6556.19498565,6556.19420479,3890.76723870,3890.80460946,0.03553917,1047.38089329,0.01998525,0.01998525,30483,94,0
6556.40889453,6556.40931186,3901.07184393,3901.05183308,0.04668633,1047.18175776,0.01998525,0.01998525,30482,94,0
6556.62430796,6556.62443304,3911.39606940,3911.39006087,0.04115992,1046.97893916,0.01998525,0.01998525,30481,94,0
6556.83917816,6556.83956835,3921.73860902,3921.71983597,0.04925042,1046.77436584,0.01998525,0.01998525,30480,94,0
6557.05440977,6557.05471777,3932.09857678,3932.08373389,0.05858330,1046.56718757,0.01998525,0.01998525,30479,94,0
6557.26899477,6557.26988130,3942.47723799,3942.43443534,0.04408038,1046.35834457,0.01998524,0.01998525,30478,94,0
6557.48530365,6557.48505896,3952.87654229,3952.88838009,0.04698175,1046.14546234,0.01998525,0.01998525,30477,94,0
6557.69981160,6557.70025074,3963.29828289,3963.27699302,0.05007006,1045.93196322,0.01998525,0.01998525,30476,94,0
6557.91531659,6557.91545665,3973.74175715,3973.73495410,0.05503873,1045.71507835,0.01998525,0.01998525,30475,94,0
6558.13042820,6558.13067668,3984.20439064,3984.19230152,0.03766292,1045.49623944,0.01998525,0.01998525,30474,94,0
6558.34495772,6558.34591083,3994.68356830,3994.63713174,0.05024716,1045.27569941,0.01998525,0.01998525,30473,94,0
6558.56073183,6558.56115911,4005.17875976,4005.15790905,0.05696187,1045.05157259,0.01998525,0.01998525,30472,94,0
6558.77712966,6558.77642152,4015.69280645,4015.72742725,0.04169540,1044.82440331,0.01998525,0.01998525,30471,94,0
6558.99275442,6558.99169806,4026.22888451,4026.28064240,0.06431243,1044.59558049,0.01998525,0.01998525,30470,94,0
6559.20722050,6559.20698874,4036.78914617,4036.80052679,0.03355168,1044.36548756,0.01998525,0.01998525,30469,94,0
6559.42244261,6559.42229354,4047.37211734,4047.37945153,0.04131657,1044.13209699,0.01998525,0.01998525,30468,94,0
6559.63772283,6559.63761248,4057.97552126,4057.98096005,0.03555648,1043.89618996,0.01998525,0.01998525,30467,94,0
6559.85225485,6559.85294556,4068.59733993,4068.56324144,0.05119229,1043.65869603,0.01998525,0.01998525,30466,94,0
6560.06797242,6560.06829277,4079.23765250,4079.22181054,0.04571921,1043.41745540,0.01998525,0.01998525,30465,94,0
nan,nan,0.00000000,-1.00000000,0.00000000,1043.17143107,nan,0.00000000,-2147483648,94,1
nan,nan,0.00000000,-1.00000000,0.00000000,1037.96758208,nan,0.00000000,-2147483648,93,1
6517.91901579,6517.91608904,0.00000000,11.72788703,0.06290679,1038.26135940,0.01998524,0.01998523,30662,93,1
6518.13172909,6518.12869173,0.00000000,17.84611494,0.05852146,1038.57449502,0.01998524,0.01998523,30661,93,1
6518.34206574,6518.34130829,23.88070510,23.90251249,0.02814273,1038.88379278,0.01998524,0.01998523,30660,93,0
6518.55489314,6518.55393873,30.00434971,30.03184507,0.05112864,1039.19613329,0.01998524,0.01998523,30659,93,0
6518.76797844,6518.76658303,36.13225375,36.17247911,0.07855884,1039.50836173,0.01998524,0.01998523,30658,93,0
6518.97926707,6518.97924121,42.26441550,42.26516141,0.06661520,1039.81747149,0.01998524,0.01998523,30657,93,0
6519.19102689,6519.19191326,48.40070219,48.37511996,0.08175320,1040.12677706,0.01998523,0.01998523,30656,93,0
6519.40425469,6519.40459919,54.54096275,54.53101438,0.06085484,1040.43771871,0.01998523,0.01998523,30655,93,0
6519.61742908,6519.61729899,60.68504547,60.68880433,0.08197920,1040.74806391,0.01998524,0.01998523,30654,93,0
6519.83047233,6519.83001268,66.83279808,66.84608625,0.06159374,1041.05769132,0.01998524,0.01998523,30653,93,0
6520.04164505,6520.04274024,72.98407931,72.95240256,0.05550531,1041.36407231,0.01998523,0.01998524,30652,93,0
6520.25622354,6520.25548169,79.13892438,79.16039269,0.03979584,1041.67485695,0.01998524,0.01998524,30651,93,0
6520.46577163,6520.46823701,85.29750637,85.22612178,0.10590450,1041.97784022,0.01998523,0.01998524,30650,93,0
6520.68205286,6520.68100623,91.46000265,91.49032551,0.04657895,1042.29003240,0.01998524,0.01998524,30649,93,0
6520.89500019,6520.89378933,97.62659130,97.66169382,0.09455819,1042.59689752,0.01998524,0.01998524,30648,93,0
6521.10621393,6521.10658631,103.79745112,103.78664916,0.05464069,1042.90076752,0.01998523,0.01998524,30647,93,0
6521.31992497,6521.31939718,109.97272343,109.98804361,0.04616460,1043.20773226,0.01998524,0.01998524,30646,93,0
6521.52979965,6521.53222195,116.15240340,116.08204599,0.03669665,1043.50869749,0.01998523,0.01998524,30645,93,0
6521.74384159,6521.74506060,122.33645094,122.30102115,0.03853543,1043.81513608,0.01998523,0.01998524,30644,93,0
6521.95836568,6521.95791315,128.52482582,128.53798677,0.06125134,1044.12175235,0.01998524,0.01998524,30643,93,0
6522.17189462,6522.17077959,134.71748760,134.74993595,0.03977530,1044.42643327,0.01998524,0.01998524,30642,93,0
6522.38339536,6522.38365992,140.91439533,140.90669168,0.06817012,1044.72771237,0.01998524,0.01998524,30641,93,0
6522.59596976,6522.59655415,147.11549690,147.09846990,0.05058142,1045.03000781,0.01998523,0.01998524,30640,93,0
6522.80997002,6522.80946228,153.32072758,153.33552989,0.06682275,1045.33380687,0.01998524,0.01998524,30639,93,0
6523.02160818,6523.02238431,159.53002165,159.50738127,0.06428248,1045.63373113,0.01998523,0.01998524,30638,93,0
6523.23547133,6523.23532024,165.74331317,165.74772316,0.04792678,1045.93627726,0.01998524,0.01998524,30637,93,0
6523.44612339,6523.44827007,171.96053588,171.89784468,0.02041553,1046.23375428,0.01998523,0.01998524,30636,93,0
6523.66328249,6523.66123381,178.18165276,178.24151633,0.04575576,1046.53987036,0.01998524,0.01998524,30635,93,0
6523.87514952,6523.87421144,184.40678115,184.43420842,0.08745651,1046.83799289,0.01998524,0.01998524,30634,93,0
6524.08720838,6524.08720299,190.63608931,190.63624716,0.07845994,1047.13586436,0.01998524,0.01998524,30633,93,0
6524.30102512,6524.30020844,196.86974626,196.89365444,0.03221568,1047.43568414,0.01998524,0.01998524,30632,93,0
6524.51370208,6524.51322780,203.10792165,203.12181541,0.06859529,1047.73339355,0.01998524,0.01998524,30631,93,0
6524.72598349,6524.72626107,209.35078246,209.34264524,0.04974743,1048.03004643,0.01998524,0.01998524,30630,93,0
6524.93952524,6524.93930825,215.59835603,215.60472126,0.07266009,1048.32795351,0.01998524,0.01998524,30629,93,0
6525.15277004,6525.15236935,221.85048259,221.86224424,0.04334910,1048.62492976,0.01998524,0.01998524,30628,93,0
6525.36564048,6525.36544436,228.10698866,228.11274921,0.05824466,1048.92086021,0.01998524,0.01998524,30627,93,0
6525.57890696,6525.57853328,234.36770008,234.37868215,0.05087127,1049.21680615,0.01998524,0.01998524,30626,93,0
6525.79138739,6525.79163612,240.63244192,240.62512757,0.08716459,1049.51111923,0.01998524,0.01998524,30625,93,0
6526.00424498,6526.00475288,246.90107523,246.88613141,0.02913715,1049.80540445,0.01998524,0.01998524,30624,93,0
6526.21711215,6526.21788356,253.17366510,253.15095523,0.03242182,1050.09915398,0.01998523,0.01998524,30623,93,0
6526.43148561,6526.43102816,259.45034773,259.46382270,0.06559446,1050.39443252,0.01998524,0.01998524,30622,93,0
6526.64616094,6526.64418669,265.73125998,265.78945139,0.04786125,1050.68957935,0.01998524,0.01998524,30621,93,0
6526.85897040,6526.85735913,272.01653925,272.06406219,0.04077523,1050.98162521,0.01998524,0.01998524,30620,93,0
6527.06922102,6527.07054550,278.30632181,278.26723177,0.05611890,1051.26964056,0.01998523,0.01998524,30619,93,0
6527.28305389,6527.28374580,284.60068200,284.58024792,0.04000771,1051.56203610,0.01998523,0.01998524,30618,93,0
6527.49680272,6527.49696003,290.89961561,290.89496691,0.03390631,1051.85378390,0.01998524,0.01998524,30617,93,0
6527.71041226,6527.71018818,297.20311339,297.20973979,0.01859338,1052.14480751,0.01998524,0.01998524,30616,93,0
6527.92508893,6527.92343027,303.51116602,303.56024824,0.05375601,1052.43674522,0.01998524,0.01998524,30615,93,0
6528.13673873,6528.13668628,309.82376414,309.82531729,0.02686143,1052.72403511,0.01998524,0.01998524,30614,93,0
6528.34944139,6528.34995623,316.14090225,316.12564744,0.04148147,1053.01222070,0.01998524,0.01998524,30613,93,0
6528.56275742,6528.56324012,322.46259278,322.44828096,0.07623919,1053.30069940,0.01998524,0.01998524,30612,93,0
6528.77574932,6528.77653794,328.78885337,328.76545580,0.03527011,1053.58820167,0.01998524,0.01998524,30611,93,0
6528.98988520,6528.98984970,335.11970172,335.12075590,0.03253445,1053.87670544,0.01998524,0.01998524,30610,93,0
6529.20465048,6529.20317539,341.45515562,341.49897828,0.05244671,1054.16551000,0.01998524,0.01998524,30609,93,0
6529.41681499,6529.41651503,347.79523087,347.80414805,0.05304024,1054.45027836,0.01998524,0.01998524,30608,93,0
6529.62973755,6529.62986861,354.13989934,354.13600076,0.03692984,1054.73552306,0.01998524,0.01998524,30607,93,0
6529.84331331,6529.84323613,360.48909054,360.49138797,0.05446568,1055.02109362,0.01998524,0.01998524,30606,93,0
6530.05671124,6530.05661759,366.84273193,366.84552117,0.04399191,1055.30587236,0.01998524,0.01998524,30605,93,0
6530.26970849,6530.27001300,373.20075070,373.19167497,0.06093065,1055.58955951,0.01998524,0.01998524,30604,93,0
6530.48416247,6530.48342236,379.56307370,379.58514508,0.06873975,1055.87462009,0.01998524,0.01998524,30603,93,0
6530.69617670,6530.69684567,385.92966329,385.90970144,0.06674984,1056.15587564,0.01998524,0.01998524,30602,93,0
6530.90826334,6530.91028292,392.30058847,392.24028708,0.06800291,1056.43666984,0.01998523,0.01998524,30601,93,0
6531.12264356,6531.12373413,398.67593837,398.64335487,0.06450126,1056.71993663,0.01998524,0.01998524,30600,93,0
6531.33752684,6531.33719929,405.05580252,405.06559537,0.02338568,1057.00330168,0.01998524,0.01998524,30599,93,0
6531.55111236,6531.55067840,411.44027079,411.45325354,0.04022116,1057.28439593,0.01998524,0.01998524,30598,93,0
6531.76475978,6531.76417147,417.82942741,417.84703969,0.02775103,1057.56501586,0.01998524,0.01998524,30597,93,0
6531.97717001,6531.97767849,424.22329506,424.20806244,0.05149210,1057.84345923,0.01998524,0.01998524,30596,93,0
6532.19030776,6532.19119947,430.62186017,430.59512937,0.04757717,1058.12230146,0.01998524,0.01998524,30595,93,0
6532.40536875,6532.40473441,437.02510870,437.04413684,0.02965943,1058.40309433,0.01998524,0.01998524,30594,93,0
6532.61827229,6532.61828332,443.43302651,443.43269557,0.05703025,1058.68050873,0.01998524,0.01998524,30593,93,0
6532.83202176,6532.83184618,449.84559949,449.85087322,0.02579228,1058.95846116,0.01998524,0.01998524,30592,93,0
6533.04617448,6533.04542301,456.26282022,456.28540678,0.05392478,1059.23636922,0.01998524,0.01998524,30591,93,0
6533.25915920,6533.25901380,462.68469181,462.68906500,0.05976559,1059.51219557,0.01998524,0.01998524,30590,93,0
6533.47171295,6533.47261856,469.11121833,469.08396337,0.02806798,1059.78689976,0.01998524,0.01998524,30589,93,0
6533.68636125,6533.68623728,475.54240386,475.54613731,0.05124977,1060.06373779,0.01998524,0.01998524,30588,93,0
6533.90051650,6533.89986997,481.97825248,481.99773587,0.03564281,1060.33936464,0.01998524,0.01998524,30587,93,0
6534.11341238,6534.11351664,488.41875205,488.41560807,0.05858013,1060.61279905,0.01998524,0.01998524,30586,93,0
6534.32717254,6534.32717727,494.86381981,494.86367691,0.02852038,1060.88676513,0.01998524,0.01998524,30585,93,0
6534.54167885,6534.54085188,501.31335348,501.33832245,0.04456525,1061.16109911,0.01998524,0.01998524,30584,93,0
6534.75452009,6534.75454047,507.76725032,507.76663488,0.06828359,1061.43271529,0.01998524,0.01998524,30583,93,0
6534.96747363,6534.96824302,514.22540713,514.20214916,0.04694144,1061.70388259,0.01998524,0.01998524,30582,93,0
6535.18105760,6535.18195956,520.68773803,520.66045660,0.06186410,1061.97525273,0.01998524,0.01998524,30581,93,0
6535.39606588,6535.39569007,527.15438608,527.16576013,0.04071371,1062.24783040,0.01998524,0.01998524,30580,93,0
6535.60993200,6535.60943457,533.62565450,533.64071987,0.05715315,1062.51837209,0.01998524,0.01998524,30579,93,0
6535.82430803,6535.82319304,540.10185106,540.13564406,0.03019145,1062.78898168,0.01998524,0.01998524,30578,93,0
6536.03598502,6536.03696550,546.58328489,546.55354591,0.05330890,1063.05562833,0.01998524,0.01998524,30577,93,0
6536.24971373,6536.25075194,553.07026252,553.03874694,0.03773103,1063.32430996,0.01998524,0.01998524,30576,93,0
6536.46416026,6536.46455237,559.56284451,559.55093265,0.05076347,1063.59333973,0.01998524,0.01998524,30575,93,0
6536.67879375,6536.67836678,566.06069979,566.07368000,0.03335089,1063.86203253,0.01998524,0.01998524,30574,93,0
6536.89324609,6536.89219518,572.56346109,572.59543096,0.05250160,1064.12991059,0.01998525,0.01998524,30573,93,0
6537.10677258,6537.10603757,579.07075955,579.09313283,0.03794922,1064.39603150,0.01998524,0.01998524,30572,93,0
6537.32062737,6537.31989395,585.58222461,585.60456157,0.05711004,1064.66194429,0.01998524,0.01998524,30571,93,0
6537.53289413,6537.53376433,592.09761919,592.07110187,0.02765650,1064.92526078,0.01998524,0.01998524,30570,93,0
6537.74778339,6537.74764869,598.61719493,598.62130200,0.05723737,1065.19120858,0.01998524,0.01998524,30569,93,0
6537.96151964,6537.96154705,605.14131555,605.14047908,0.04688785,1065.45512209,0.01998524,0.01998524,30568,93,0
6538.17501093,6538.17545941,611.67034637,611.65665277,0.06261948,1065.71814170,0.01998524,0.01998524,30567,93,0
6538.38920413,6538.38938577,618.20465437,618.19910412,0.03230644,1065.98144519,0.01998524,0.01998524,30566,93,0
6538.60254301,6538.60332612,624.74455774,624.72060939,0.05081724,1066.24313112,0.01998524,0.01998524,30565,93,0
6538.81744948,6538.81728048,631.28995343,631.29512566,0.05570630,1066.50616144,0.01998524,0.01998524,30564,93,0
6539.03105267,6539.03124883,637.84052683,637.83451915,0.03631760,1066.76700697,0.01998524,0.01998524,30563,93,0
6539.24569191,6539.24523119,644.39596032,644.41007918,0.04437924,1067.02851115,0.01998524,0.01998524,30562,93,0
6539.45936694,6539.45922756,650.95593485,650.96020878,0.03483977,1067.28822246,0.01998524,0.01998524,30561,93,0
6539.67325744,6539.67323793,657.52014515,657.52074373,0.04292382,1067.54756447,0.01998524,0.01998524,30560,93,0
6539.88812584,6539.88726230,664.08861817,664.11512854,0.02370552,1067.80745609,0.01998524,0.01998524,30559,93,0
6540.10104870,6540.10130069,670.66170594,670.65396494,0.06316414,1068.06437793,0.01998524,0.01998524,30558,93,0
6540.31604661,6540.31535308,677.23977556,677.26109616,0.05191209,1068.32319375,0.01998524,0.01998524,30557,93,0
6540.52974158,6540.52941949,683.82319576,683.83310510,0.03089655,1068.57984657,0.01998524,0.01998524,30556,93,0
6540.74326769,6540.74349991,690.41233433,690.40518382,0.04951709,1068.83571703,0.01998524,0.01998524,30555,93,0
6540.95717352,6540.95759434,697.00731842,696.99435028,0.02437761,1069.09146464,0.01998524,0.01998524,30554,93,0
6541.17141343,6541.17170279,703.60784208,703.59891834,0.04533165,1069.34701817,0.01998524,0.01998524,30553,93,0
6541.38493462,6541.38582526,710.21355292,710.18606732,0.04378789,1069.60110804,0.01998524,0.01998524,30552,93,0
6541.60016028,6541.59996174,716.82409693,716.83022790,0.06407954,1069.85659822,0.01998524,0.01998524,30551,93,0
6541.81398264,6541.81411225,723.43911848,723.43511376,0.05818602,1070.10978300,0.01998524,0.01998524,30550,93,0
6542.02768057,6542.02827677,730.05839500,730.03996251,0.03733628,1070.36217360,0.01998524,0.01998524,30549,93,0
6542.24203773,6542.24245532,736.68213961,736.66922097,0.04981311,1070.61469984,0.01998524,0.01998524,30548,93,0
6542.45717639,6542.45664789,743.31065474,743.32701571,0.05496810,1070.86750937,0.01998524,0.01998524,30547,93,0
6542.67121939,6542.67085448,749.94424422,749.95554869,0.02668567,1071.11840764,0.01998524,0.01998524,30546,93,0
6542.88489812,6542.88507511,756.58321327,756.57772625,0.04415251,1071.36826816,0.01998524,0.01998524,30545,93,0
6543.09976728,6543.09930976,763.22781725,763.24201328,0.04526362,1071.61891311,0.01998524,0.01998524,30544,93,0
6543.31429917,6543.31355844,769.87801935,769.90102032,0.03685621,1071.86855352,0.01998524,0.01998524,30543,93,0
6543.52737152,6543.52782114,776.53367839,776.51970649,0.03719361,1072.11588402,0.01998524,0.01998524,30542,93,0
6543.74208429,6543.74209789,783.19465240,783.19422952,0.06647717,1072.36449511,0.01998524,0.01998524,30541,93,0
6543.95614677,6543.95638866,789.86079873,789.85327151,0.02511069,1072.61172307,0.01998524,0.01998524,30540,93,0
6544.17101583,6544.17069347,796.53198729,796.54202565,0.04018817,1072.85924320,0.01998524,0.01998524,30539,93,0
6544.38538636,6544.38501232,803.20821758,803.21987328,0.06186992,1073.10554901,0.01998524,0.01998524,30538,93,0
6544.59994467,6544.59934520,809.88956318,809.90825696,0.02609480,1073.35143147,0.01998524,0.01998524,30537,93,0
6544.81391961,6544.81369212,816.57609886,816.58319778,0.04256811,1073.59600962,0.01998524,0.01998524,30536,93,0
6545.02833083,6545.02805308,823.26789974,823.27657340,0.05316439,1073.84045062,0.01998524,0.01998524,30535,93,0
6545.24198600,6545.24242809,829.96503868,829.95122268,0.02075870,1074.08339741,0.01998524,0.01998524,30534,93,0
6545.45567302,6545.45681714,836.66754455,836.63176269,0.04970416,1074.32574839,0.01998524,0.01998524,30533,93,0
6545.67133427,6545.67122023,843.37540903,843.37897822,0.05690112,1074.56969545,0.01998524,0.01998524,30532,93,0
6545.88508768,6545.88563736,850.08862258,850.07140619,0.01916612,1074.81084490,0.01998524,0.01998524,30531,93,0
6546.10037671,6546.10006855,856.80717561,856.81683451,0.06244937,1075.05308104,0.01998524,0.01998524,30530,93,0
6546.31392630,6546.31451378,863.53106107,863.51263419,0.04018498,1075.29271777,0.01998524,0.01998524,30529,93,0
6546.52923258,6546.52897306,870.26035294,870.26849918,0.04750360,1075.53367904,0.01998524,0.01998524,30528,93,0
6546.74314807,6546.74344640,876.99522045,876.98584878,0.02558613,1075.77244485,0.01998524,0.01998524,30527,93,0
6546.95782898,6546.95793378,883.73583904,883.73254415,0.05465774,1076.01142902,0.01998524,0.01998524,30526,93,0
6547.17289611,6547.17243522,890.48238498,890.49688684,0.04124351,1076.25020856,0.01998524,0.01998524,30525,93,0
6547.38687900,6547.38695072,897.23503200,897.23277353,0.04832789,1076.48715804,0.01998524,0.01998524,30524,93,0
6547.60103850,6547.60148027,903.99375324,903.97982964,0.03791428,1076.72367457,0.01998524,0.01998524,30523,93,0
6547.81564101,6547.81602388,910.75820970,910.74613339,0.05335911,1076.96003578,0.01998524,0.01998524,30522,93,0
6548.03001483,6548.03058155,917.52803391,917.51014613,0.03268949,1077.19548618,0.01998524,0.01998524,30521,93,0
6548.24590910,6548.24515328,924.30285665,924.32672819,0.04624712,1077.43192615,0.01998525,0.01998524,30520,93,0
6548.46007905,6548.45973908,931.08230883,931.09305297,0.07313024,1077.66578865,0.01998525,0.01998524,30519,93,0
6548.67472042,6548.67433893,937.86625970,937.87832310,0.03172537,1077.89947132,0.01998525,0.01998524,30518,93,0
6548.88964713,6548.88895286,944.65504639,944.67701570,0.05014415,1078.13277801,0.01998525,0.01998524,30517,93,0
6549.10339262,6549.10358084,951.44906175,951.44310121,0.03972190,1078.36413271,0.01998524,0.01998524,30516,93,0
6549.31802871,6549.31822290,958.24870054,958.24254646,0.04932065,1078.59579093,0.01998524,0.01998524,30515,93,0
6549.53316367,6549.53287903,965.05435869,965.06338715,0.01695091,1078.82733495,0.01998525,0.01998524,30514,93,0
6549.74783819,6549.74754922,971.86624266,971.87541578,0.07227250,1079.05773701,0.01998525,0.01998524,30513,93,0
6549.96228614,6549.96223349,978.68411307,978.68578566,0.03783080,1079.28724102,0.01998525,0.01998524,30512,93,0
6550.17630154,6550.17693183,985.50766571,985.48762651,0.04685523,1079.51561738,0.01998524,0.01998524,30511,93,0
6550.39211766,6550.39164425,992.33659486,992.35165701,0.03887574,1079.74523057,0.01998525,0.01998524,30510,93,0
6550.60644922,6550.60637074,999.17059355,999.17309208,0.06568975,1079.97257172,0.01998525,0.01998524,30509,93,0
6550.82115921,6550.82111131,1006.00948677,1006.01101267,0.02241550,1080.19961476,0.01998525,0.01998525,30508,93,0
6551.03551941,6551.03586596,1012.85345178,1012.84240392,0.06512744,1080.42559367,0.01998525,0.01998525,30507,93,0
6551.25041418,6551.25063469,1019.70272436,1019.69568959,0.05547137,1080.65144587,0.01998525,0.01998525,30506,93,0
6551.46589603,6551.46541750,1026.55754149,1026.57281967,0.04087782,1080.87722710,0.01998525,0.01998525,30505,93,0
6551.68100385,6551.68021439,1033.41814118,1033.44336657,0.04934799,1081.10193520,0.01998525,0.01998525,30504,93,0
6551.89585096,6551.89502537,1040.28467594,1040.31107693,0.04582642,1081.32569450,0.01998525,0.01998525,30503,93,0
6552.11015512,6552.10985043,1047.15705406,1047.16680492,0.04989517,1081.54820981,0.01998525,0.01998525,30502,93,0
6552.32542453,6552.32468959,1054.03514032,1054.05867833,0.06906091,1081.77103870,0.01998525,0.01998525,30501,93,0
6552.53974304,6552.53954282,1060.91879886,1060.92521591,0.03242515,1081.99219136,0.01998525,0.01998525,30500,93,0
6552.75407362,6552.75441015,1067.80789313,1067.79709921,0.05994935,1082.21265972,0.01998525,0.01998525,30499,93,0
6552.96895447,6552.96929158,1074.70233175,1074.69151180,0.05379252,1082.43298989,0.01998525,0.01998525,30498,93,0
6553.18386333,6553.18418709,1081.60215323,1081.59175416,0.03909036,1082.65264288,0.01998525,0.01998525,30497,93,0
6553.39900867,6553.39909670,1088.50741934,1088.50458978,0.03100855,1082.87183057,0.01998525,0.01998525,30496,93,0
6553.61408138,6553.61402040,1095.41819213,1095.42015354,0.04269043,1083.09023729,0.01998525,0.01998525,30495,93,0
6553.82935239,6553.82895820,1102.33453401,1102.34722322,0.04619726,1083.30813761,0.01998525,0.01998525,30494,93,0
6554.04477188,6554.04391010,1109.25654946,1109.28431198,0.04338930,1083.52548072,0.01998525,0.01998525,30493,93,0
6554.26018204,6554.25887610,1116.18445609,1116.22656114,0.05287919,1083.74211155,0.01998525,0.01998525,30492,93,0
6554.47428785,6554.47385619,1123.11849142,1123.13242010,0.05111025,1083.95673945,0.01998525,0.01998525,30491,93,0
6554.68976768,6554.68885040,1130.05889416,1130.08851862,0.06159265,1084.17205419,0.01998525,0.01998525,30490,93,0
6554.90485548,6554.90385870,1137.00590367,1137.03812464,0.06749779,1084.38629149,0.01998525,0.01998525,30489,93,0
6555.11901757,6555.11888111,1143.95959739,1143.96401227,0.01418991,1084.59892605,0.01998525,0.01998525,30488,93,0
6555.33363503,6555.33391763,1150.91965935,1150.91050895,0.06436366,1084.81131940,0.01998525,0.01998525,30487,93,0
6555.54856475,6555.54896825,1157.88571373,1157.87263814,0.05984805,1085.02331255,0.01998525,0.01998525,30486,93,0
6555.76337611,6555.76403299,1164.85738282,1164.83608165,0.05934160,1085.23446633,0.01998524,0.01998525,30485,93,0
6555.97839193,6555.97911183,1171.83428856,1171.81092834,0.05574566,1085.44508427,0.01998524,0.01998525,30484,93,0
6556.19431002,6556.19420479,1178.81629087,1178.81970783,0.05444856,1085.65583811,0.01998525,0.01998525,30483,93,0
6556.40951615,6556.40931186,1185.80373864,1185.81037720,0.06017195,1085.86515994,0.01998525,0.01998525,30482,93,0
6556.62468802,6556.62443304,1192.79704228,1192.80533443,0.04770650,1086.07372306,0.01998525,0.01998525,30481,93,0
6556.83937353,6556.83956835,1199.79661430,1199.79027298,0.05074776,1086.28110201,0.01998525,0.01998525,30480,93,0
6557.05463548,6557.05471777,1206.80286582,1206.80018495,0.04781717,1086.48833288,0.01998525,0.01998525,30479,93,0
6557.26977715,6557.26988130,1213.81596641,1213.81257024,0.05143804,1086.69474529,0.01998525,0.01998525,30478,93,0
6557.48454290,6557.48505896,1220.83568702,1220.81884432,0.05909979,1086.90008727,0.01998525,0.01998525,30477,93,0
6557.69932676,6557.70025074,1227.86176033,1227.83157967,0.05900993,1087.10472724,0.01998524,0.01998525,30476,93,0
6557.91511419,6557.91545665,1234.89391763,1234.88272289,0.05555937,1087.30958890,0.01998525,0.01998525,30475,93,0
6558.13037364,6558.13067668,1241.93189385,1241.92198063,0.05771111,1087.51320598,0.01998525,0.01998525,30474,93,0
6558.34625647,6558.34591083,1248.97560350,1248.98691902,0.07194906,1087.71666249,0.01998525,0.01998525,30473,93,0
6558.56145844,6558.56115911,1256.02518755,1256.03499465,0.05611146,1087.91873160,0.01998525,0.01998525,30472,93,0
6558.77702541,6558.77642152,1263.08080202,1263.10060349,0.06158753,1088.12039932,0.01998525,0.01998525,30471,93,0
6558.99131459,6558.99169806,1270.14260374,1270.13001947,0.04194889,1088.32013580,0.01998525,0.01998525,30470,93,0
6559.20716815,6559.20698874,1277.21074507,1277.21663800,0.05283088,1088.52059079,0.01998525,0.01998525,30469,93,0
6559.42217571,6559.42229354,1284.28527580,1284.28140234,0.04760447,1088.71952130,0.01998525,0.01998525,30468,93,0
6559.63803249,6559.63761248,1291.36615176,1291.37996959,0.03577037,1088.91849224,0.01998525,0.01998525,30467,93,0
6559.85380703,6559.85294556,1298.45332508,1298.48169005,0.04155848,1089.11663740,0.01998525,0.01998525,30466,93,0
6560.06800891,6560.06829277,1305.54674762,1305.53739356,0.03681545,1089.31259316,0.01998525,0.01998525,30465,93,0
6560.28373629,6560.28365412,1312.64637019,1312.64907996,0.04978866,1089.50919042,0.01998525,0.01998525,30464,93,0
6560.49911912,6560.49902961,1319.75213438,1319.75508882,0.04743384,1089.70471496,0.01998525,0.01998525,30463,93,0
6560.71422907,6560.71441924,1326.86397591,1326.85769415,0.05411257,1089.89923110,0.01998525,0.01998525,30462,93,0
6560.93010120,6560.92982302,1333.98183003,1333.99102586,0.06291418,1090.09366829,0.01998525,0.01998525,30461,93,0
6561.14601368,6561.14524094,1341.10563166,1341.13119596,0.05094021,1090.28736813,0.01998525,0.01998525,30460,93,0
6561.36081269,6561.36067300,1348.23534549,1348.23997039,0.04630009,1090.47929818,0.01998525,0.01998525,30459,93,0
6561.57643695,6561.57611921,1355.37113148,1355.38165955,0.03410784,1090.67119449,0.01998525,0.01998525,30458,93,0
6561.79199265,6561.79157957,1362.51322837,1362.52692693,0.04465095,1090.86226171,0.01998525,0.01998525,30457,93,0
6562.00729588,6562.00705408,1369.66187639,1369.66990188,0.04792037,1091.05234265,0.01998525,0.01998525,30456,93,0
6562.22266516,6562.22254274,1376.81731702,1376.82138369,0.04363497,1091.24172348,0.01998525,0.01998525,30455,93,0
6562.43821713,6562.43804555,1383.97971421,1383.98541908,0.05957813,1091.43050728,0.01998525,0.01998525,30454,93,0
6562.65441000,6562.65356252,1391.14894059,1391.17714437,0.04864253,1091.61908510,0.01998525,0.01998525,30453,93,0
6562.86940946,6562.86909364,1398.32480040,1398.33531947,0.04326352,1091.80585229,0.01998525,0.01998525,30452,93,0
6563.08491165,6563.08463892,1405.50709678,1405.51618825,0.03558468,1091.99227846,0.01998525,0.01998525,30451,93,0
6563.29996620,6563.30019836,1412.69563225,1412.68788721,0.04000035,1092.17753377,0.01998525,0.01998525,30450,93,0
6563.51588223,6563.51577195,1419.89027626,1419.89395804,0.05942386,1092.36273806,0.01998525,0.01998525,30449,93,0
6563.73208156,6563.73135971,1427.09103712,1427.11515701,0.05124103,1092.54738707,0.01998525,0.01998525,30448,93,0
6563.94696230,6563.94696163,1434.29794030,1434.29796266,0.04230245,1092.73011680,0.01998525,0.01998525,30447,93,0
6564.16341682,6564.16257771,1441.51101140,1441.53909367,0.03159497,1092.91338387,0.01998525,0.01998525,30446,93,0
6564.37805974,6564.37820796,1448.73028192,1448.72531777,0.04845788,1093.09432180,0.01998525,0.01998525,30445,93,0
6564.59368874,6564.59385237,1455.95594913,1455.95046410,0.06111709,1093.27529623,0.01998525,0.01998525,30444,93,0
6564.80964136,6564.80951095,1463.18839746,1463.19277284,0.04484517,1093.45575112,0.01998525,0.01998525,30443,93,0
6565.02531715,6565.02518370,1470.42802335,1470.43250492,0.04578475,1093.63519179,0.01998525,0.01998525,30442,93,0
6565.23986830,6565.24087062,1477.67522537,1477.64152979,0.04326847,1093.81292755,0.01998525,0.01998525,30441,93,0
6565.45662708,6565.45657172,1484.93034549,1484.93220871,0.06689667,1093.99171862,0.01998525,0.01998525,30440,93,0
6565.67224159,6565.67228698,1492.19312366,1492.19159466,0.04955643,1094.16878525,0.01998525,0.01998525,30439,93,0
6565.88780113,6565.88801642,1499.46294337,1499.45568513,0.02784799,1094.34501073,0.01998525,0.01998525,30438,93,0
6566.10366121,6566.10376004,1506.73918013,1506.73584579,0.04134022,1094.52066671,0.01998525,0.01998525,30437,93,0
6566.31961487,6566.31951784,1514.02120596,1514.02448192,0.06092516,1094.69556510,0.01998525,0.01998525,30436,93,0
6566.53542219,6566.53528981,1521.30857069,1521.31304316,0.03988296,1094.86949907,0.01998525,0.01998525,30435,93,0
6566.75077433,6566.75107596,1528.60161977,1528.59142135,0.03404920,1095.04222945,0.01998525,0.01998525,30434,93,0
6566.96669410,6566.96687630,1535.90092013,1535.89475461,0.05349327,1095.21458721,0.01998525,0.01998525,30433,93,0
6567.18329979,6567.18269082,1543.20704189,1543.22766748,0.04107789,1095.38667068,0.01998525,0.01998525,30432,93,0
6567.39852690,6567.39851952,1550.52055585,1550.52080607,0.02823383,1095.55685435,0.01998525,0.01998525,30431,93,0
6567.61466210,6567.61436241,1557.84175440,1557.85192452,0.05789110,1095.72695297,0.01998525,0.01998525,30430,93,0
6567.83060885,6567.83021949,1565.17039272,1565.18361838,0.03692431,1095.89609100,0.01998525,0.01998525,30429,93,0
6568.04692182,6568.04609075,1572.50616383,1572.53441778,0.03138500,1096.06469202,0.01998525,0.01998525,30428,93,0
6568.26231575,6568.26197621,1579.84875898,1579.86031234,0.06346384,1096.23174774,0.01998525,0.01998525,30427,93,0
6568.47806678,6568.47787585,1587.19788365,1587.20438533,0.03623827,1096.39824198,0.01998525,0.01998525,30426,93,0
6568.69346356,6568.69378969,1594.55351955,1594.54240425,0.03165506,1096.56362295,0.01998525,0.01998525,30425,93,0
6568.90978621,6568.90971773,1601.91588363,1601.91821970,0.05021145,1096.72887262,0.01998525,0.01998525,30424,93,0
6569.12570607,6569.12565996,1609.28520151,1609.28677582,0.03792535,1096.89297544,0.01998525,0.01998525,30423,93,0
6569.34169688,6569.34161638,1616.66170009,1616.66445106,0.03968158,1097.05629580,0.01998525,0.01998525,30422,93,0
6569.55756891,6569.55758701,1624.04556460,1624.04494546,0.04349781,1097.21869186,0.01998525,0.01998525,30421,93,0
6569.77324012,6569.77357183,1631.43674382,1631.42538698,0.03423414,1097.38009989,0.01998525,0.01998525,30420,93,0
6569.98953447,6569.98957086,1638.83510442,1638.83385755,0.05997322,1097.54112841,0.01998525,0.01998525,30419,93,0
6570.20588013,6570.20558409,1646.24051219,1646.25066558,0.02939713,1097.70134210,0.01998525,0.01998525,30418,93,0
6570.42176579,6570.42161152,1653.65283295,1653.65812854,0.03726623,1097.86035921,0.01998525,0.01998525,30417,93,0
6570.63745917,6570.63765316,1661.07203433,1661.06536939,0.05762191,1098.01837753,0.01998525,0.01998525,30416,93,0
6570.85369656,6570.85370901,1668.49828776,1668.49785969,0.02849955,1098.17593539,0.01998525,0.01998525,30415,93,0
6571.06988524,6571.06977906,1675.93178974,1675.93544418,0.05042843,1098.33259942,0.01998525,0.01998525,30414,93,0
6571.28622971,6571.28586332,1683.37273786,1683.38536068,0.03625663,1098.48851857,0.01998525,0.01998525,30413,93,0
6571.50222037,6571.50196180,1690.82131548,1690.83023235,0.06195211,1098.64332768,0.01998525,0.01998525,30412,93,0
6571.71843713,6571.71807449,1698.27748736,1698.29000499,0.03886274,1098.79743952,0.01998525,0.01998525,30411,93,0
6571.93353726,6571.93420139,1705.74105414,1705.71810915,0.03805045,1098.94989541,0.01998525,0.01998525,30410,93,0
6572.15068237,6572.15034250,1713.21181131,1713.22356358,0.05207563,1099.10292362,0.01998525,0.01998525,30409,93,0
6572.36606946,6572.36649784,1720.68955317,1720.67472766,0.03807158,1099.25383545,0.01998525,0.01998525,30408,93,0
6572.58270028,6572.58266739,1728.17414178,1728.17528103,0.06086684,1099.40473180,0.01998525,0.01998525,30407,93,0
6572.79865241,6572.79885116,1735.66571231,1735.65882178,0.03407849,1099.55427020,0.01998525,0.01998525,30406,93,0
6573.01486015,6573.01504915,1743.16446868,1743.15791038,0.05181976,1099.70310160,0.01998525,0.01998525,30405,93,0
6573.23066859,6573.23126136,1750.67061599,1750.65002721,0.03393320,1099.85077731,0.01998525,0.01998525,30404,93,0
6573.44768762,6573.44748780,1758.18435745,1758.19130459,0.05175310,1099.99839515,0.01998525,0.01998525,30403,93,0
6573.66378621,6573.66372846,1765.70578730,1765.70779679,0.04263161,1100.14450268,0.01998525,0.01998525,30402,93,0
6573.88063253,6573.87998335,1773.23486234,1773.25747484,0.04755722,1100.29022505,0.01998525,0.01998525,30401,93,0
6574.09612918,6574.09625247,1780.77153039,1780.76723210,0.04340879,1100.43415254,0.01998525,0.01998525,30400,93,0
6574.31235886,6574.31253581,1788.31573891,1788.30956359,0.05955794,1100.57767605,0.01998525,0.01998525,30399,93,0
6574.52928912,6574.52883339,1795.86743608,1795.88335445,0.05534001,1100.72076126,0.01998525,0.01998525,30398,93,0
6574.74533899,6574.74514520,1803.42657639,1803.43335148,0.03439051,1100.86236275,0.01998525,0.01998525,30397,93,0
6574.96189691,6574.96147124,1810.99311666,1811.00801241,0.05408317,1101.00338916,0.01998525,0.01998525,30396,93,0
6575.17822156,6575.17781152,1818.56701342,1818.58137529,0.03053755,1101.14335234,0.01998525,0.01998525,30395,93,0
6575.39417713,6575.39416603,1826.14822370,1826.14861289,0.05506743,1101.28216461,0.01998525,0.01998525,30394,93,0
6575.61080182,6575.61053478,1833.73676440,1833.74613412,0.05649000,1101.42048887,0.01998525,0.01998525,30393,93,0
6575.82688538,6575.82691777,1841.33275493,1841.33161737,0.02690862,1101.55755083,0.01998525,0.01998525,30392,93,0
6576.04339813,6576.04331501,1848.93632531,1848.93924756,0.05149299,1101.69396610,0.01998525,0.01998525,30391,93,0
6576.25928126,6576.25972648,1856.54760636,1856.53194050,0.02883403,1101.82906823,0.01998525,0.01998525,30390,93,0
6576.47621759,6576.47615219,1864.16673038,1864.16903389,0.05002843,1101.96390695,0.01998525,0.01998525,30389,93,0
6576.69246612,6576.69259216,1871.79383639,1871.78939285,0.05313869,1102.09739716,0.01998525,0.01998525,30388,93,0
6576.90940417,6576.90904636,1879.42906714,1879.44169475,0.02550480,1102.23038841,0.01998525,0.01998525,30387,93,0
6577.12519871,6577.12551482,1887.07256622,1887.06139877,0.05444586,1102.36175918,0.01998525,0.01998525,30386,93,0
6577.34250729,6577.34199752,1894.72447639,1894.74250431,0.05320411,1102.49312410,0.01998525,0.01998525,30385,93,0
6577.55869655,6577.55849447,1902.38476940,1902.39192282,0.03079958,1102.62288498,0.01998525,0.01998525,30384,93,0
6577.77542856,6577.77500568,1910.05309719,1910.06808163,0.04774574,1102.75203396,0.01998526,0.01998525,30383,93,0
6577.99152368,6577.99153114,1917.72907478,1917.72881017,0.04244989,1102.87985920,0.01998525,0.01998525,30382,93,0
6578.20777935,6578.20807085,1925.41231477,1925.40196742,0.02423520,1103.00682616,0.01998525,0.01998525,30381,93,0
6578.42443895,6578.42462482,1933.10249940,1933.09589580,0.05029244,1103.13306597,0.01998525,0.01998525,30380,93,0
6578.64083709,6578.64119305,1940.79987573,1940.78721822,0.04914665,1103.25819125,0.01998525,0.01998525,30379,93,0
6578.85792201,6578.85777554,1948.50496043,1948.51017402,0.03290583,1103.38275296,0.01998525,0.01998525,30378,93,0
6579.07388240,6579.07437228,1956.21827498,1956.20082043,0.05433903,1103.50571991,0.01998525,0.01998525,30377,93,0
6579.29097316,6579.29098329,1963.94033868,1963.93997748,0.05128616,1103.62838095,0.01998525,0.01998525,30376,93,0
6579.50771216,6579.50760856,1971.67130774,1971.67500709,0.05643814,1103.74989249,0.01998525,0.01998525,30375,93,0
6579.72402461,6579.72424809,1979.41074436,1979.40275643,0.02836311,1103.87020738,0.01998525,0.01998525,30374,93,0
6579.94100059,6579.94090190,1987.15815352,1987.16168457,0.04509101,1103.98991937,0.01998526,0.01998525,30373,93,0
6580.15751117,6580.15756996,1994.91303705,1994.91093191,0.04234969,1104.10839353,0.01998525,0.01998525,30372,93,0
6580.37392524,6580.37425230,2002.67497895,2002.66325799,0.05590464,1104.22582630,0.01998525,0.01998525,30371,93,0
6580.59118404,6580.59094891,2010.44406359,2010.45249725,0.02901396,1104.34272178,0.01998526,0.01998525,30370,93,0
6580.80794187,6580.80765978,2018.22055959,2018.23068671,0.04707757,1104.45835470,0.01998526,0.01998525,30369,93,0
6581.02464670,6581.02438494,2026.00473751,2026.01414392,0.04256960,1104.57296887,0.01998526,0.01998525,30368,93,0
6581.24143024,6581.24112436,2033.79687002,2033.80787236,0.05007210,1104.68663466,0.01998526,0.01998525,30367,93,0
6581.45806522,6581.45787806,2041.59724385,2041.60398267,0.03009662,1104.79923434,0.01998525,0.01998525,30366,93,0
6581.67444399,6581.67464604,2049.40616171,2049.39887925,0.06090940,1104.91071572,0.01998525,0.01998526,30365,93,0
6581.89137500,6581.89142830,2057.22392895,2057.22200595,0.05241296,1105.02149416,0.01998525,0.01998526,30364,93,0
6582.10842129,6582.10822483,2065.05085287,2065.05794947,0.04281231,1105.13134268,0.01998525,0.01998526,30363,93,0
6582.32527919,6582.32503565,2072.88713942,2072.89594674,0.04872795,1105.24010723,0.01998525,0.01998526,30362,93,0
6582.54198722,6582.54186075,2080.73263551,2080.73721395,0.04924467,1105.34780354,0.01998525,0.01998526,30361,93,0
6582.75877011,6582.75870014,2088.58710844,2088.58964425,0.05747706,1105.45453694,0.01998525,0.01998526,30360,93,0
6582.97544818,6582.97555381,2096.45032401,2096.44649179,0.03726438,1105.56021241,0.01998525,0.01998526,30359,93,0
6583.19233423,6583.19242176,2104.32205658,2104.31887760,0.05388245,1105.66497524,0.01998525,0.01998526,30358,93,0
6583.40920122,6583.40930401,2112.20219825,2112.19846176,0.04796981,1105.76870960,0.01998525,0.01998526,30357,93,0
6583.62658082,6583.62620055,2120.09071798,2120.10455552,0.04558715,1105.87166247,0.01998526,0.01998526,30356,93,0
6583.84269745,6583.84311137,2127.98758582,2127.97250892,0.04412311,1105.97299447,0.01998525,0.01998526,30355,93,0
6584.06031380,6584.06003649,2135.89277282,2135.90288333,0.04603620,1106.07399552,0.01998526,0.01998526,30354,93,0
6584.27711602,6584.27697591,2143.80634254,2143.81145622,0.04940853,1106.17358422,0.01998526,0.01998526,30353,93,0
6584.49394807,6584.49392961,2151.72851542,2151.72918975,0.04477055,1106.27215318,0.01998526,0.01998526,30352,93,0
6584.71128859,6584.71089762,2159.65952836,2159.67382764,0.04867855,1106.36991552,0.01998526,0.01998526,30351,93,0
6584.92781169,6584.92787992,2167.59961979,2167.59712136,0.05680967,1106.46627630,0.01998526,0.01998526,30350,93,0
6585.14475645,6585.14487653,2175.54897465,2175.54457348,0.05476954,1106.56178830,0.01998526,0.01998526,30349,93,0
6585.36175287,6585.36188743,2183.50753149,2183.50259396,0.02327235,1106.65628068,0.01998526,0.01998526,30348,93,0
6585.57853675,6585.57891264,2191.47515882,2191.46135156,0.05474971,1106.74963426,0.01998525,0.01998526,30347,93,0
6585.79544173,6585.79595215,2199.45172422,2199.43295556,0.05316760,1106.84198812,0.01998525,0.01998526,30346,93,0
6586.01287224,6586.01300597,2207.43709341,2207.43217098,0.05836214,1106.93350454,0.01998526,0.01998526,30345,93,0
6586.23006020,6586.23007409,2215.43111894,2215.43060705,0.05470466,1107.02385286,0.01998526,0.01998526,30344,93,0
6586.44750593,6586.44715652,2223.43364384,2223.44653069,0.02693633,1107.11323578,0.01998526,0.01998526,30343,93,0
6586.66444940,6586.66425326,2231.44450991,2231.45175079,0.05111302,1107.20133745,0.01998526,0.01998526,30342,93,0
6586.88162013,6586.88136431,2239.46356126,2239.47301445,0.05284612,1107.28845107,0.01998526,0.01998526,30341,93,0
6587.09848669,6587.09848968,2247.49083530,2247.49072473,0.05885353,1107.37436106,0.01998526,0.01998526,30340,93,0
6587.31590796,6587.31562936,2255.52666521,2255.53698086,0.05890636,1107.45940592,0.01998526,0.01998526,30339,93,0
6587.53265654,6587.53278335,2263.57141109,2263.56671072,0.05377157,1107.54310660,0.01998526,0.01998526,30338,93,0
6587.74967734,6587.74995166,2271.62543544,2271.61525621,0.04880327,1107.62583098,0.01998526,0.01998526,30337,93,0
6587.96743167,6587.96713429,2279.68901795,2279.70006560,0.04738682,1107.70774634,0.01998526,0.01998526,30336,93,0
6588.18437083,6588.18433123,2287.76215640,2287.76362891,0.04335517,1107.78826667,0.01998526,0.01998526,30335,93,0
6588.40173919,6588.40154250,2295.84478956,2295.85211256,0.04722654,1107.86785215,0.01998526,0.01998526,30334,93,0
6588.61869513,6588.61876809,2303.93685574,2303.93413632,0.04402759,1107.94618995,0.01998526,0.01998526,30333,93,0
6588.83637725,6588.83600801,2312.03828073,2312.05205822,0.04583976,1108.02368414,0.01998526,0.01998526,30332,93,0
6589.05295255,6589.05326225,2320.14890132,2320.13733377,0.03881998,1108.09967966,0.01998526,0.01998526,30331,93,0
6589.27030971,6589.27053081,2328.26851389,2328.26024675,0.04513065,1108.17483600,0.01998526,0.01998526,30330,93,0
6589.48784957,6589.48781370,2336.39691315,2336.39825562,0.04830545,1108.24893295,0.01998526,0.01998526,30329,93,0
6589.70546202,6589.70511093,2344.53391452,2344.54706817,0.05438243,1108.32192567,0.01998526,0.01998526,30328,93,0
6589.92269164,6589.92242248,2352.67971385,2352.68980838,0.05239247,1108.39366194,0.01998526,0.01998526,30327,93,0
6590.13984890,6590.13974837,2360.83483066,2360.83860525,0.04053648,1108.46424860,0.01998526,0.01998526,30326,93,0
6590.35743450,6590.35708859,2368.99979808,2369.01280076,0.03378898,1108.53384618,0.01998526,0.01998526,30325,93,0
6590.57431477,6590.57444314,2377.17514635,2377.17031501,0.03584456,1108.60209446,0.01998526,0.01998526,30324,93,0
6590.79199344,6590.79181203,2385.36105087,2385.36788639,0.05023734,1108.66946291,0.01998526,0.01998526,30323,93,0
6591.00886261,6591.00919526,2393.55715309,2393.54460373,0.05033884,1108.73544666,0.01998526,0.01998526,30322,93,0
6591.22662285,6591.22659283,2401.76304821,2401.76418190,0.04711106,1108.80055495,0.01998526,0.01998526,30321,93,0
6591.44393978,6591.44400474,2409.97832885,2409.97587300,0.03838436,1108.86437797,0.01998526,0.01998526,30320,93,0
6591.66105187,6591.66143099,2418.20272261,2418.18837464,0.04000543,1108.92698488,0.01998526,0.01998526,30319,93,0
6591.87905380,6591.87887158,2426.43630895,2426.44321221,0.05351740,1108.98868257,0.01998526,0.01998526,30318,93,0
6592.09734617,6592.09632652,2434.67922382,2434.71789590,0.04855444,1109.04928897,0.01998526,0.01998526,30317,93,0
6592.31361450,6592.31379581,2442.93160406,2442.92471999,0.03036963,1109.10817245,0.01998526,0.01998526,30316,93,0
6592.53170692,6592.53127944,2451.19362739,2451.20987593,0.04503152,1109.16637953,0.01998526,0.01998526,30315,93,0
6592.74844309,6592.74877743,2459.46564507,2459.45292200,0.05677955,1109.22305592,0.01998526,0.01998526,30314,93,0
6592.96662027,6592.96628976,2467.74805737,2467.76065028,0.04139319,1109.27893078,0.01998526,0.01998526,30313,93,0
6593.18390759,6593.18381645,2476.04126738,2476.04474455,0.03805620,1109.33340085,0.01998526,0.01998526,30312,93,0
6593.40108155,6593.40135749,2484.34558173,2484.33504155,0.04768514,1109.38666621,0.01998526,0.01998526,30311,93,0
6593.61874612,6593.61891288,2492.66061786,2492.65424061,0.05422299,1109.43886477,0.01998526,0.01998526,30310,93,0
6593.83671764,6593.83648263,2500.98569639,2500.99469389,0.03663773,1109.48993717,0.01998526,0.01998526,30309,93,0
6594.05335002,6594.05406674,2509.32013193,2509.29266493,0.04064760,1109.53949789,0.01998526,0.01998526,30308,93,0
6594.27178688,6594.27166520,2517.66330039,2517.66796783,0.05892049,1109.58825460,0.01998526,0.01998526,30307,93,0
6594.48938376,6594.48927803,2526.01529849,2526.01935854,0.03990671,1109.63560577,0.01998526,0.01998526,30306,93,0
6594.70703898,6594.70690522,2534.37667094,2534.38181295,0.05356147,1109.68175260,0.01998526,0.01998526,30305,93,0
6594.92564879,6594.92454677,2542.74797294,2542.79038531,0.03791818,1109.72687547,0.01998526,0.01998526,30304,93,0
6595.14215717,6595.14220269,2551.12974052,2551.12798660,0.04177448,1109.77035167,0.01998526,0.01998526,30303,93,0
6595.35965552,6595.35987298,2559.52212043,2559.51373150,0.05077219,1109.81280749,0.01998526,0.01998526,30302,93,0
6595.57794232,6595.57755763,2567.92493206,2567.93979012,0.03596740,1109.85418309,0.01998526,0.01998526,30301,93,0
6595.79551558,6595.79525665,2576.33798336,2576.34799562,0.05965448,1109.89418768,0.01998526,0.01998526,30300,93,0
6596.01301187,6596.01297004,2584.76108715,2584.76270623,0.03891112,1109.93293971,0.01998526,0.01998526,30299,93,0
6596.23114747,6596.23069780,2593.19421937,2593.21164607,0.05417608,1109.97055749,0.01998526,0.01998526,30298,93,0
6596.44879755,6596.44843994,2601.63753142,2601.65140619,0.04088295,1110.00684196,0.01998526,0.01998526,30297,93,0
6596.66622365,6596.66619645,2610.09118433,2610.09224090,0.03233591,1110.04183904,0.01998526,0.01998526,30296,93,0
6596.88376112,6596.88396734,2618.55534047,2618.54732049,0.04887466,1110.07559978,0.01998526,0.01998526,30295,93,0
6597.10187188,6597.10175260,2627.03017142,2627.03481584,0.03383387,1110.10818595,0.01998526,0.01998526,30294,93,0
6597.31982634,6597.31955225,2635.51586035,2635.52654573,0.04998394,1110.13948087,0.01998526,0.01998526,30293,93,0
6597.53685184,6597.53736627,2644.01259246,2643.99251259,0.03766801,1110.16937891,0.01998526,0.01998526,30292,93,0
6597.75495467,6597.75519468,2652.52055183,2652.51117157,0.04184462,1110.19815090,0.01998526,0.01998526,30291,93,0
6597.97288694,6597.97303747,2661.03979308,2661.03390245,0.03658412,1110.22561943,0.01998526,0.01998526,30290,93,0
6598.19121164,6598.19089464,2669.57017639,2669.58259624,0.04103890,1110.25184805,0.01998526,0.01998526,30289,93,0
6598.40888671,6598.40876620,2678.11154503,2678.11627231,0.03594425,1110.27670845,0.01998526,0.01998526,30288,93,0
6598.62649108,6598.62665215,2686.66374288,2686.65741674,0.04895922,1110.30026785,0.01998526,0.01998526,30287,93,0
6598.84491358,6598.84455249,2695.22674105,2695.24093950,0.03311195,1110.32261089,0.01998526,0.01998526,30286,93,0
6599.06247220,6599.06246722,2703.80071891,2703.80091503,0.05912724,1110.34356155,0.01998526,0.01998526,30285,93,0
6599.28050188,6599.28039634,2712.38587624,2712.39003660,0.04932288,1110.36324744,0.01998526,0.01998526,30284,93,0
6599.49802128,6599.49833985,2720.98241169,2720.96983811,0.03378400,1110.38157573,0.01998526,0.01998526,30283,93,0
6599.71612328,6599.71629776,2729.59033453,2729.58343948,0.04004010,1110.39863276,0.01998526,0.01998526,30282,93,0
6599.93430960,6599.93427006,2738.20933408,2738.21089837,0.03291457,1110.41436783,0.01998526,0.01998526,30281,93,0
6600.15213828,6600.15225676,2746.83906668,2746.83437341,0.04957250,1110.42874605,0.01998526,0.01998526,30280,93,0
6600.37030160,6600.37025786,2755.47919025,2755.48092470,0.04212900,1110.44180799,0.01998526,0.01998526,30279,93,0
6600.58814530,6600.58827336,2764.12965943,2764.12457513,0.05127910,1110.45350963,0.01998526,0.01998526,30278,93,0
6600.80676751,6600.80630326,2772.79091871,2772.80937221,0.03414490,1110.46390154,0.01998526,0.01998526,30277,93,0
6601.02474309,6601.02434757,2781.46346138,2781.47920299,0.04459531,1110.47291035,0.01998526,0.01998526,30276,93,0
6601.24230674,6601.24240628,2790.14778036,2790.14381353,0.03624508,1110.48055090,0.01998526,0.01998526,30275,93,0
6601.46087242,6601.46047940,2798.84413899,2798.85982230,0.05053514,1110.48686216,0.01998526,0.01998526,30274,93,0
6601.67840157,6601.67856692,2807.55244918,2807.54584241,0.04643544,1110.49178008,0.01998526,0.01998526,30273,93,0
6601.89733280,6601.89666885,2816.27259263,2816.29915553,0.04833546,1110.49535083,0.01998526,0.01998526,30272,93,0
6602.11497084,6602.11478520,2825.00445108,2825.01188754,0.02870857,1110.49752403,0.01998526,0.01998526,30271,93,0
6602.33258487,6602.33291595,2833.74794770,2833.73466844,0.04930672,1110.49831950,0.01998526,0.01998526,30270,93,0
6602.55120050,6602.55106112,2842.50306137,2842.50865877,0.04537233,1110.49772637,0.01998526,0.01998526,30269,93,0
6602.76991206,6602.76922070,2851.26977460,2851.29757432,0.05106760,1110.49573126,0.01998526,0.01998526,30268,93,0
6602.98728884,6602.98739470,2860.04806738,2860.04380552,0.03365980,1110.49235383,0.01998526,0.01998526,30267,93,0
6603.20526064,6603.20558312,2868.83785526,2868.82485602,0.05251240,1110.48756597,0.01998526,0.01998526,30266,93,0
6603.42416204,6603.42378595,2877.63898214,2877.65416079,0.04067619,1110.48134043,0.01998526,0.01998526,30265,93,0
6603.64177472,6603.64200321,2886.45128690,2886.44205435,0.04705648,1110.47373873,0.01998526,0.01998526,30264,93,0
6603.86033700,6603.86023489,2895.27462578,2895.27875699,0.04061429,1110.46468100,0.01998526,0.01998526,30263,93,0
6604.07915661,6604.07848099,2904.10919340,2904.13655975,0.05254792,1110.45417877,0.01998526,0.01998526,30262,93,0
6604.29644011,6604.29674151,2912.95548197,2912.94325791,0.03040347,1110.44232482,0.01998526,0.01998526,30261,93,0
6604.51459469,6604.51501646,2921.81399755,2921.79686854,0.05237925,1110.42898817,0.01998526,0.01998526,30260,93,0
6604.73313543,6604.73330584,2930.68520766,2930.67827756,0.04218817,1110.41417953,0.01998526,0.01998526,30259,93,0
6604.95137822,6604.95160965,2939.56908351,2939.55965921,0.04126739,1110.39793854,0.01998526,0.01998526,30258,93,0
6605.17025780,6605.16992789,2948.46527081,2948.47872288,0.04489158,1110.38018705,0.01998526,0.01998526,30257,93,0
6605.38821139,6605.38826056,2957.37340675,2957.37139950,0.04026831,1110.36104978,0.01998526,0.01998526,30256,93,0
6605.60654561,6605.60660766,2966.29319342,2966.29065683,0.04007983,1110.34041264,0.01998526,0.01998526,30255,93,0
6605.82524994,6605.82496920,2975.22483999,2975.23633067,0.04477614,1110.31826305,0.01998526,0.01998526,30254,93,0
6606.04412484,6606.04334517,2984.16878866,2984.20074273,0.04973576,1110.29460897,0.01998527,0.01998526,30253,93,0
6606.26168315,6606.26173559,2993.12548640,2993.12333423,0.04495092,1110.26961575,0.01998526,0.01998526,30252,93,0
6606.48075959,6606.48014044,3002.09529882,3002.12074497,0.05730730,1110.24294854,0.01998526,0.01998526,30251,93,0
6606.69894880,6606.69855973,3011.07819671,3011.09420895,0.05101044,1110.21488758,0.01998526,0.01998526,30250,93,0
6606.91676741,6606.91699346,3020.07403417,3020.06471837,0.04770270,1110.18537373,0.01998526,0.01998526,30249,93,0
6607.13630411,6607.13544164,3029.08266407,3029.11825586,0.04631866,1110.15410442,0.01998527,0.01998526,30248,93,0
6607.35449870,6607.35390426,3038.10402846,3038.12859269,0.04706562,1110.12150574,0.01998526,0.01998526,30247,93,0
6607.57263096,6607.57238132,3047.13832232,3047.14865224,0.05453324,1110.08739440,0.01998526,0.01998526,30246,93,0
6607.79097592,6607.79087284,3056.18578624,3056.19005763,0.05087297,1110.05171874,0.01998526,0.01998526,30245,93,0
6608.00964907,6608.00937880,3065.24665831,3065.25787373,0.04007678,1110.01444691,0.01998526,0.01998526,30244,93,0
6608.22799177,6608.22789921,3074.32086774,3074.32471392,0.04170971,1109.97568515,0.01998526,0.01998526,30243,93,0
6608.44645995,6608.44643408,3083.40783458,3083.40891108,0.04030462,1109.93535094,0.01998526,0.01998526,30242,93,0
6608.66488529,6608.66498340,3092.50692682,3092.50283955,0.03897654,1109.89347136,0.01998526,0.01998526,30241,93,0
6608.88368562,6608.88354717,3101.61754471,3101.62331934,0.04948859,1109.84995988,0.01998526,0.01998526,30240,93,0
6609.10185323,6609.10212540,3110.73985072,3110.72848450,0.04042199,1109.80501336,0.01998526,0.01998526,30239,93,0
6609.32064475,6609.32071809,3119.87472457,3119.87165775,0.05067722,1109.75836286,0.01998526,0.01998526,30238,93,0
6609.53989267,6609.53932523,3129.02308085,3129.04684467,0.06124131,1109.71002144,0.01998527,0.01998526,30237,93,0
6609.75798566,6609.75794684,3138.18573958,3138.18736786,0.04288722,1109.66034098,0.01998526,0.01998526,30236,93,0
6609.97658057,6609.97658291,3147.36266823,3147.36256987,0.04083783,1109.60894450,0.01998526,0.01998526,30235,93,0
6610.19542876,6610.19523344,3156.55340404,3156.56161995,0.04142674,1109.55587796,0.01998526,0.01998526,30234,93,0
6610.41426326,6610.41389844,3165.75747697,3165.77284364,0.05334121,1109.50119958,0.01998527,0.01998526,30233,93,0
6610.63278209,6610.63257790,3174.97455969,3174.98317196,0.05127627,1109.44498404,0.01998527,0.01998526,30232,93,0
6610.85166233,6610.85127183,3184.20488375,3184.22137691,0.03845586,1109.38704885,0.01998527,0.01998526,30231,93,0
6611.06980636,6611.06998023,3193.44881681,3193.44146295,0.03367635,1109.32767992,0.01998526,0.01998526,30230,93,0
6611.28851707,6611.28870310,3202.70672701,3202.69884714,0.03738133,1109.26651549,0.01998526,0.01998526,30229,93,0
6611.50695062,6611.50744044,3211.97875899,3211.95798140,0.05400683,1109.20378051,0.01998526,0.01998526,30228,93,0
6611.72633888,6611.72619225,3221.26466381,3221.27089225,0.05367317,1109.13910832,0.01998527,0.01998526,30227,93,0
6611.94469544,6611.94495854,3230.56415063,3230.55295888,0.03591298,1109.07308067,0.01998526,0.01998526,30226,93,0
6612.16401346,6612.16373931,3239.87694925,3239.88862693,0.05165844,1109.00509098,0.01998527,0.01998526,30225,93,0
6612.38228039,6612.38253455,3249.20315757,3249.19231630,0.03996873,1108.93575693,0.01998526,0.01998526,30224,93,0
6612.60129077,6612.60134427,3258.54317079,3258.54088551,0.03838363,1108.86450238,0.01998526,0.01998527,30223,93,0
6612.82016124,6612.82016848,3267.89739594,3267.89708630,0.05572869,1108.79159775,0.01998526,0.01998527,30222,93,0
6613.03845074,6613.03900716,3277.26618452,3277.24234576,0.03555428,1108.71718851,0.01998526,0.01998527,30221,93,0
6613.25749916,6613.25786033,3286.64957280,3286.63407628,0.03602599,1108.64080837,0.01998526,0.01998527,30220,93,0
6613.47737838,6613.47672798,3296.04749039,3296.07543832,0.05019832,1108.56240689,0.01998527,0.01998527,30219,93,0
6613.69523864,6613.69561012,3305.45986616,3305.44387990,0.03460483,1108.48300761,0.01998526,0.01998527,30218,93,0
6613.91456646,6613.91450675,3314.88663771,3314.88921102,0.04613534,1108.40133975,0.01998527,0.01998527,30217,93,0
6614.13280862,6614.13341787,3324.32776108,3324.30146657,0.03518986,1108.31834276,0.01998526,0.01998527,30216,93,0
6614.35177700,6614.35234347,3333.78319410,3333.75871065,0.04036113,1108.23332510,0.01998526,0.01998527,30215,93,0
6614.57111853,6614.57128357,3343.25291127,3343.24576760,0.04684092,1108.14640380,0.01998526,0.01998527,30214,93,0
6614.78972338,6614.79023816,3352.73715045,3352.71483561,0.04024427,1108.05801364,0.01998526,0.01998527,30213,93,0
6615.00903154,6615.00920725,3362.23635801,3362.22872981,0.04995207,1107.96756123,0.01998526,0.01998527,30212,93,0
6615.22790248,6615.22819083,3371.75098988,3371.73845133,0.04820744,1107.87550175,0.01998526,0.01998527,30211,93,0
6615.44670741,6615.44718891,3381.28137986,3381.26040913,0.04024827,1107.78167417,0.01998526,0.01998527,30210,93,0
6615.66595893,6615.66620149,3390.82731305,3390.81673248,0.04782513,1107.68584819,0.01998526,0.01998527,30209,93,0
6615.88515481,6615.88522857,3400.38842177,3400.38519930,0.03491509,1107.58823439,0.01998527,0.01998527,30208,93,0
6616.10478589,6616.10427016,3409.96433950,3409.98690259,0.05097677,1107.48860563,0.01998527,0.01998527,30207,93,0
6616.32384355,6616.32332624,3419.55492190,3419.57758720,0.04121729,1107.38741516,0.01998527,0.01998527,30206,93,0
6616.54247588,6616.54239684,3429.16034244,3429.16381099,0.04688926,1107.28459773,0.01998527,0.01998527,30205,93,0
6616.76168854,6616.76148193,3438.78080023,3438.78987951,0.05034766,1107.17966876,0.01998527,0.01998527,30204,93,0
6616.98071292,6616.98058154,3448.41650035,3448.42228287,0.03676564,1107.07298127,0.01998527,0.01998527,30203,93,0
6617.19946699,6617.19969565,3458.06768195,3458.05760227,0.04898923,1106.96457057,0.01998527,0.01998527,30202,93,0
6617.41930213,6617.41882428,3467.73460142,3467.75569860,0.04969529,1106.85374569,0.01998527,0.01998527,30201,93,0
6617.63882527,6617.63796742,3477.41751660,3477.45545167,0.03590758,1106.74118794,0.01998527,0.01998527,30200,93,0
6617.85721517,6617.85712507,3487.11653611,3487.12052664,0.05330474,1106.62732755,0.01998527,0.01998527,30199,93,0
6618.07621850,6618.07629723,3496.83145292,3496.82796029,0.04066304,1106.51125484,0.01998527,0.01998527,30198,93,0
6618.29565550,6618.29548392,3506.56201815,3506.56964123,0.02964300,1106.39304636,0.01998527,0.01998527,30197,93,0
6618.51491450,6618.51468512,3516.30797996,3516.31818613,0.05103910,1106.27302332,0.01998527,0.01998527,30196,93,0
6618.73389785,6618.73390084,3526.06907977,3526.06894659,0.03861116,1106.15124039,0.01998527,0.01998527,30195,93,0
6618.95271709,6618.95313108,3535.84505375,3535.82657985,0.05535582,1106.02763688,0.01998527,0.01998527,30194,93,0
6619.17180583,6619.17237584,3545.63563643,3545.61016411,0.05840342,1105.90196221,0.01998527,0.01998527,30193,93,0
6619.39169007,6619.39163513,3555.44099182,3555.44345061,0.02374178,1105.77389090,0.01998527,0.01998527,30192,93,0
6619.61057213,6619.61090894,3565.26236226,3565.24726380,0.05010757,1105.64444860,0.01998527,0.01998527,30191,93,0
6619.83027557,6619.83019728,3575.10116721,3575.10468324,0.05519715,1105.51253177,0.01998527,0.01998527,30190,93,0
6620.04872496,6620.04950014,3584.95869771,3584.92382177,0.04126163,1105.37936583,0.01998526,0.01998527,30189,93,0
6620.26911772,6620.26881754,3594.83456261,3594.84809129,0.04725903,1105.24298768,0.01998527,0.01998527,30188,93,0
6620.47015577,nan,0.00000000,3603.92816534,0.49029317,1105.11663694,0.01998521,0.01998527,30187,93,1
6620.70804005,6620.70749593,3614.63523127,3614.65982683,0.05151266,1104.96536533,0.01998527,0.01998527,30186,93,0
6620.92639166,6620.92685692,3624.55788107,3624.53681946,0.03686219,1104.82428469,0.01998527,0.01998527,30185,93,0
6621.14605712,6621.14623245,3634.49680592,3634.48885587,0.05580814,1104.68033237,0.01998527,0.01998527,30184,93,0
6621.36564904,6621.36562251,3644.45394580,3644.45515123,0.06184195,1104.53436318,0.01998527,0.01998527,30183,93,0
6621.58521932,6621.58502711,3654.43103257,3654.43978146,0.03617668,1104.38630839,0.01998527,0.01998527,30182,93,0
6621.80454779,6621.80444626,3664.42761811,3664.43224784,0.04149943,1104.23631639,0.01998527,0.01998527,30181,93,0
6622.01806928,6622.02387994,0.00000000,3674.18758488,0.09666152,1104.08812627,0.01998525,0.01998527,30180,93,1
6622.24387140,6622.24332816,3684.47253407,3684.49738225,0.05650824,1103.92962609,0.01998527,0.01998527,30179,93,0
6622.46271942,6622.46279093,3694.51847444,3694.51519834,0.05415230,1103.77375662,0.01998527,0.01998527,30178,93,0
6622.68273801,6622.68226825,3704.58099626,3704.60255186,0.05205610,1103.61495450,0.01998527,0.01998527,30177,93,0
6622.90160934,6622.90176011,3714.66145932,3714.65452898,0.04966010,1103.45486179,0.01998527,0.01998527,30176,93,0
6623.12144673,6623.12126652,3724.76099139,3724.76929055,0.04931731,1103.29190740,0.01998527,0.01998527,30175,93,0
6623.34096468,6623.34078748,3734.87922765,3734.88740236,0.04633135,1103.12703042,0.01998527,0.01998527,30174,93,0
6623.56017267,6623.56032299,3745.01523096,3745.00828518,0.03278222,1102.96023844,0.01998527,0.01998527,30173,93,0
6623.77959818,6623.77987305,3755.16807655,3755.15535567,0.03892504,1102.79113734,0.01998527,0.01998527,30172,93,0
6623.99924158,6623.99943767,3765.33748326,3765.32839371,0.05621400,1102.61971614,0.01998527,0.01998527,30171,93,0
6624.22064299,6624.21901684,0.00000000,3775.59288436,0.04957988,1102.44483842,0.01998527,0.01998527,30170,93,1
6624.43883159,6624.43861057,3785.72778016,3785.73805910,0.04883632,1102.27010269,0.01998527,0.01998527,30169,93,0
6624.65722689,6624.65821886,3795.94956972,3795.90335880,0.03574164,1102.09313482,0.01998527,0.01998527,30168,93,0
6624.87796222,6624.87784171,3806.18946648,3806.19509003,0.03684486,1101.91204298,0.01998527,0.01998527,30167,93,0
6625.09759952,6625.09747911,3816.44763770,3816.45326630,0.06096361,1101.72961605,0.01998527,0.01998527,30166,93,0
6625.31711418,6625.31713109,3826.72423907,3826.72344724,0.05028574,1101.54504969,0.01998527,0.01998527,30165,93,0
6625.53702561,6625.53679762,3837.01930244,3837.02999684,0.03735305,1101.35789226,0.01998527,0.01998527,30164,93,0
6625.75623188,6625.75647872,3847.33279044,3847.32119165,0.05543845,1101.16907691,0.01998527,0.01998527,30163,93,0
6625.97637399,6625.97617439,3857.66467424,3857.67406901,0.04825496,1100.97717693,0.01998527,0.01998527,30162,93,0
6626.19577525,6626.19588463,3868.01534358,3868.01018597,0.04513338,1100.78363343,0.01998527,0.01998527,30161,93,0
6626.41471771,6626.41560943,3878.38575852,3878.34363160,0.04397858,1100.58818792,0.01998527,0.01998527,30160,93,0
6626.63494454,6626.63534881,3888.77692948,3888.75779303,0.05623740,1100.38924087,0.01998527,0.01998527,30159,93,0
6626.85447389,6626.85510276,3899.18939989,3899.15957388,0.04474481,1100.18855109,0.01998527,0.01998527,30158,93,0
6627.07559423,6627.07487129,3909.62215447,3909.65650482,0.04991583,1099.98402004,0.01998527,0.01998527,30157,93,0
6627.29500446,6627.29465439,3920.07384680,3920.09050805,0.02808500,1099.77871841,0.01998527,0.01998527,30156,93,0
6627.51422925,6627.51445206,3930.54337130,3930.53274940,0.05081900,1099.57126141,0.01998527,0.01998527,30155,93,0
6627.73427450,6627.73426432,3941.03170047,3941.03218672,0.04049811,1099.36065744,0.01998527,0.01998527,30154,93,0
6627.95442882,6627.95409115,3951.54083817,3951.55699715,0.05875669,1099.14752084,0.01998527,0.01998527,30153,93,0
6628.17352462,6628.17393257,3962.07272325,3962.05315865,0.04363787,1098.93294637,0.01998527,0.01998527,30152,93,0
6628.39440660,6628.39378857,3972.62706339,3972.65676032,0.04806371,1098.71412893,0.01998527,0.01998527,30151,93,0
6628.61345589,6628.61365916,3983.20126086,3983.19147727,0.03760621,1098.49469582,0.01998527,0.01998527,30150,93,0
6628.83347608,6628.83354433,3993.79259710,3993.78930746,0.05231090,1098.27189907,0.01998527,0.01998527,30149,93,0
6629.05312530,6629.05344409,4004.40015810,4004.38476805,0.04006803,1098.04709746,0.01998527,0.01998527,30148,93,0
6629.27314096,6629.27335843,4015.02673992,4015.01622122,0.03627675,1097.81946708,0.01998527,0.01998527,30147,93,0
6629.49288255,6629.49328737,4025.67562056,4025.65599747,0.05048557,1097.58958720,0.01998527,0.01998527,30146,93,0
6629.71304778,6629.71323090,4036.34917640,4036.34028021,0.04713670,1097.35666041,0.01998527,0.01998527,30145,93,0
6629.93295598,6629.93318902,4047.04602633,4047.03468195,0.04433981,1097.12142014,0.01998527,0.01998527,30144,93,0
6630.15208584,6630.15316174,4057.76381969,4057.71135313,0.04065460,1096.88448100,0.01998527,0.01998527,30143,93,0
6630.37275303,6630.37314905,4068.50045376,4068.48110993,0.04044728,1096.64336135,0.01998527,0.01998527,30142,93,0
6630.59339350,6630.59315096,4079.25596984,4079.26783774,0.04514437,1096.39973256,0.01998527,0.01998527,30141,93,0
nan,nan,0.00000000,-1.00000000,0.00000000,1096.15522125,nan,0.00000000,-2147483648,93,1
nan,nan,0.00000000,-1.00000000,0.00000000,1091.02627772,nan,0.00000000,-2147483648,92,1
nan,nan,0.00000000,-1.00000000,0.00000000,1091.28320330,nan,0.00000000,-2147483648,92,1
6588.83852009,6588.83600801,0.00000000,13.63508283,0.08249276,1091.62344942,0.01998527,0.01998526,30332,92,1
6589.05295022,6589.05326225,19.75043309,19.74154792,0.04347034,1091.93588425,0.01998526,0.01998526,30331,92,0
6589.27268157,6589.27053081,25.93921783,26.00050063,0.05538193,1092.25542093,0.01998526,0.01998526,30330,92,0
6589.48967898,6589.48781370,32.13231746,32.18549961,0.06860928,1092.57048585,0.01998526,0.01998526,30329,92,0
6589.70280020,6589.70511093,38.32978496,38.26386060,0.06685628,1092.87944433,0.01998525,0.01998526,30328,92,0
6589.92074117,6589.92242248,44.53156385,44.48356679,0.04977049,1093.19489540,0.01998525,0.01998526,30327,92,0
6590.13902876,6590.13974837,50.73750157,50.71694645,0.08628405,1093.51033781,0.01998526,0.01998526,30326,92,0
6590.35742018,6590.35708859,56.94744171,56.95691865,0.05859142,1093.82540982,0.01998526,0.01998526,30325,92,0
6590.57744676,6590.57444314,0.00000000,63.23835767,0.06205589,1094.14186419,0.01998527,0.01998526,30324,92,1
6590.79066621,6590.79181203,69.37870044,69.34591772,0.05093285,1094.44887428,0.01998526,0.01998526,30323,92,0
6591.00953407,6591.00919526,75.59976161,75.60946010,0.06187127,1094.76302432,0.01998526,0.01998526,30322,92,0
6591.22843674,6591.22659283,81.82453796,81.87734955,0.06951130,1095.07668199,0.01998526,0.01998526,30321,92,0
6591.44296888,6591.44400474,88.05321245,88.02352724,0.06571750,1095.38355889,0.01998526,0.01998526,30320,92,0
6591.66096092,6591.66143099,94.28596873,94.27248953,0.02633537,1095.69486726,0.01998526,0.01998526,30319,92,0
6591.88053197,6591.87887158,100.52299122,100.57063280,0.06992533,1096.00791103,0.01998526,0.01998526,30318,92,0
6592.09673650,6592.09632652,106.76446064,106.77623182,0.03947891,1096.31565324,0.01998526,0.01998526,30317,92,0
6592.31255697,6592.31379581,113.01045106,112.97485848,0.06240696,1096.62235432,0.01998526,0.01998526,30316,92,0
6592.53006947,6592.53127944,119.26092618,119.22614035,0.05361005,1096.93095689,0.01998526,0.01998526,30315,92,0
6592.74888617,6592.74877743,125.51584449,125.51897271,0.06376915,1097.24089679,0.01998526,0.01998526,30314,92,0
6592.96595200,6592.96628976,131.77516428,131.76544144,0.04480629,1097.54784484,0.01998526,0.01998526,30313,92,0
6593.18353647,6593.18381645,138.03884368,138.03077917,0.03694905,1097.85501123,0.01998526,0.01998526,30312,92,0
6593.40086324,6593.40135749,144.30683658,144.29259151,0.04899247,1098.16129543,0.01998526,0.01998526,30311,92,0
6593.61921318,6593.61891288,150.57907983,150.58774032,0.06744574,1098.46849542,0.01998526,0.01998526,30310,92,0
6593.83675815,6593.83648263,156.85550566,156.86345608,0.03591726,1098.77403372,0.01998526,0.01998526,30309,92,0
6594.05477700,6594.05406674,163.13604599,163.15655374,0.06120950,1099.07970306,0.01998526,0.01998526,30308,92,0
6594.27076925,6594.27166520,169.42063247,169.39474864,0.05770579,1099.38199880,0.01998526,0.01998526,30307,92,0
6594.48981790,6594.48927803,175.70920174,175.72480714,0.07238115,1099.68802679,0.01998526,0.01998526,30306,92,0
6594.70673191,6594.70690522,182.00180742,181.99679468,0.02998453,1099.99053266,0.01998526,0.01998526,30305,92,0
6594.92680381,6594.92454677,188.29861839,188.36393947,0.05498700,1100.29690045,0.01998527,0.01998526,30304,92,0
6595.14378784,6595.14220269,194.59980905,194.64571446,0.04726161,1100.59844210,0.01998526,0.01998526,30303,92,0
6595.36046698,6595.35987298,200.90555454,200.92276821,0.04863059,1100.89904436,0.01998526,0.01998526,30302,92,0
6595.57687444,6595.57755763,207.21603067,207.19621883,0.05190495,1101.19876221,0.01998526,0.01998526,30301,92,0
6595.79683862,6595.79525665,213.53134595,213.57725398,0.06008398,1101.50288993,0.01998526,0.01998526,30300,92,0
6596.01134072,6596.01297004,219.85137307,219.80405981,0.05189528,1101.79895713,0.01998525,0.01998526,30299,92,0
6596.23043008,6596.23069780,226.17593297,226.16815376,0.05015491,1102.10082756,0.01998526,0.01998526,30298,92,0
6596.44797228,6596.44843994,232.50484582,232.49124881,0.05329502,1102.40002803,0.01998526,0.01998526,30297,92,0
6596.66590052,6596.66619645,238.83793105,238.82932192,0.04476380,1102.69921176,0.01998526,0.01998526,30296,92,0
6596.88455410,6596.88396734,245.17501943,245.19209879,0.03908624,1102.99883105,0.01998526,0.01998526,30295,92,0
6597.10142911,6597.10175260,251.51611629,251.50669474,0.04750657,1103.29545785,0.01998526,0.01998526,30294,92,0
6597.31940366,6597.31955225,257.86135912,257.85702881,0.02662513,1103.59303639,0.01998526,0.01998526,30293,92,0
6597.53749070,6597.53736627,264.21088923,264.21451757,0.05979772,1103.89021987,0.01998526,0.01998526,30292,92,0
6597.75540735,6597.75519468,270.56484850,270.57105413,0.05900613,1104.18662828,0.01998526,0.01998526,30291,92,0
6597.97477188,6597.97303747,276.92337923,276.97402133,0.02922477,1104.48446325,0.01998527,0.01998526,30290,92,0
6598.19011472,6598.19089464,283.28658212,283.26379435,0.03448285,1104.77631133,0.01998526,0.01998526,30289,92,0
6598.41057266,6598.40876620,289.65446119,289.70727735,0.04721559,1105.07454998,0.01998527,0.01998526,30288,92,0
6598.62815539,6598.62665215,296.02700687,296.07098716,0.04146233,1105.36835961,0.01998526,0.01998526,30287,92,0
6598.84491267,6598.84455249,302.40420953,302.41475424,0.04029389,1105.66051983,0.01998526,0.01998526,30286,92,0
6599.06224219,6599.06246722,308.78605952,308.77946724,0.03710474,1105.95291360,0.01998526,0.01998526,30285,92,0
6599.28105691,6599.28039634,315.17254941,315.19191415,0.04573116,1106.24675970,0.01998526,0.01998526,30284,92,0
6599.49885694,6599.49833985,321.56368930,321.57885780,0.05187735,1106.53869823,0.01998526,0.01998526,30283,92,0
6599.71701373,6599.71629776,327.95949735,327.98051394,0.05421269,1106.83056930,0.01998526,0.01998526,30282,92,0
6599.93572705,6599.93427006,334.35999188,334.40278895,0.05453441,1107.12263607,0.01998527,0.01998526,30281,92,0
6600.15282758,6600.15225676,340.76519123,340.78196962,0.05117458,1107.41200496,0.01998526,0.01998526,30280,92,0
6600.37085358,6600.37025786,347.17511276,347.19263461,0.05014169,1107.70206098,0.01998526,0.01998526,30279,92,0
6600.58801510,6600.58827336,353.58973452,353.58213326,0.05687146,1107.99042015,0.01998526,0.01998526,30278,92,0
6600.80627632,6600.80630326,360.00898502,360.00819137,0.02794929,1108.27968496,0.01998526,0.01998526,30277,92,0
6601.02359964,6601.02434757,366.43278932,366.41074751,0.06103983,1108.56714955,0.01998526,0.01998526,30276,92,0
6601.24183771,6601.24240628,372.86107216,372.84430567,0.06513554,1108.85525975,0.01998526,0.01998526,30275,92,0
6601.46018117,6601.46047940,379.29375795,379.28495819,0.05394976,1109.14293829,0.01998526,0.01998526,30274,92,0
6601.67676878,6601.67856692,385.73080365,385.67771380,0.03918991,1109.42773606,0.01998526,0.01998526,30273,92,0
6601.89626588,6601.89666885,392.17227752,392.16037228,0.05275018,1109.71578471,0.01998526,0.01998526,30272,92,0
6602.11463889,6602.11478520,398.61827168,398.61394639,0.05250545,1110.00178660,0.01998526,0.01998526,30271,92,0
6602.33218127,6602.33291595,405.06887864,405.04714537,0.03780256,1110.28613635,0.01998526,0.01998526,30270,92,0
6602.55130761,6602.55106112,411.52419132,411.53148789,0.04522594,1110.57198973,0.01998526,0.01998526,30269,92,0
6602.77023423,6602.76922070,417.98429632,418.01431890,0.04734912,1110.85701685,0.01998527,0.01998526,30268,92,0
6602.98767364,6602.98739470,424.44921584,424.45748406,0.05938053,1111.13954741,0.01998526,0.01998526,30267,92,0
6603.20579524,6603.20558312,430.91893579,430.92522772,0.03545706,1111.42240116,0.01998526,0.01998526,30266,92,0
6603.42357151,6603.42378595,437.39344163,437.38707652,0.06343265,1111.70424216,0.01998526,0.01998526,30265,92,0
6603.64135379,6603.64200321,443.87271875,443.85342996,0.04274978,1111.98552423,0.01998526,0.01998526,30264,92,0
6603.86069559,6603.86023489,450.35675265,450.37044548,0.06392427,1112.26824553,0.01998526,0.01998526,30263,92,0
6604.07856145,6604.07848099,456.84553669,456.84792965,0.03117109,1112.54849132,0.01998526,0.01998526,30262,92,0
6604.29587394,6604.29674151,463.33907438,463.31325431,0.05043719,1112.82745494,0.01998526,0.01998526,30261,92,0
6604.51472543,6604.51501646,469.83736991,469.82870271,0.05032303,1113.10781711,0.01998526,0.01998526,30260,92,0
6604.73343155,6604.73330584,476.34042751,476.34417372,0.04762503,1113.38741312,0.01998526,0.01998526,30259,92,0
6604.95260301,6604.95160965,482.84825136,482.87787417,0.02649364,1113.66702106,0.01998527,0.01998526,30258,92,0
6605.17030488,6605.16992789,489.36082105,489.37207055,0.04974427,1113.94417401,0.01998527,0.01998526,30257,92,0
6605.38720979,6605.38826056,495.87804422,495.84666888,0.02998518,1114.21973193,0.01998526,0.01998526,30256,92,0
6605.60721287,6605.60660766,502.39981507,502.41789767,0.05806585,1114.49862789,0.01998527,0.01998526,30255,92,0
6605.82483985,6605.82496920,508.92602732,508.92216033,0.04304284,1114.77391330,0.01998526,0.01998526,30254,92,0
6606.04409719,6606.04334517,515.45657421,515.47907006,0.04801082,1115.05065320,0.01998527,0.01998526,30253,92,0
6606.26274756,6606.26173559,521.99138901,522.02167899,0.02938724,1115.32601522,0.01998527,0.01998526,30252,92,0
6606.48055607,6606.48014044,528.53067601,528.54312460,0.05018626,1115.59971682,0.01998527,0.01998526,30251,92,0
6606.69789517,6606.69855973,535.07475189,535.05483421,0.03356713,1115.87224309,0.01998526,0.01998526,30250,92,0
6606.91737820,6606.91699346,541.62393506,541.63547492,0.04936770,1116.14687589,0.01998527,0.01998526,30249,92,0
6607.13591587,6607.13544164,548.17854534,548.19278064,0.03301417,1116.41975655,0.01998527,0.01998526,30248,92,0
6607.35383843,6607.35390426,554.73888167,554.73690424,0.05746704,1116.69131409,0.01998526,0.01998526,30247,92,0
6607.57247239,6607.57238132,561.30487649,561.30761445,0.04123532,1116.96319640,0.01998526,0.01998526,30246,92,0
6607.79117713,6607.79087284,567.87616030,567.88531544,0.03472274,1117.23458668,0.01998527,0.01998526,30245,92,0
6608.00983686,6608.00937880,574.45235302,574.46614324,0.05126967,1117.50532370,0.01998527,0.01998526,30244,92,0
6608.22756899,6608.22789921,581.03307289,581.02312536,0.03139316,1117.77430152,0.01998526,0.01998526,30243,92,0
6608.44631621,6608.44643408,587.61794143,587.61438889,0.05548345,1118.04390275,0.01998526,0.01998526,30242,92,0
6608.66547423,6608.66498340,594.20686435,594.22166649,0.05550671,1118.31337122,0.01998527,0.01998526,30241,92,0
6608.88301267,6608.88354717,600.80018043,600.78405135,0.03076639,1118.58022812,0.01998526,0.01998526,30240,92,0
6609.10335539,6609.10212540,607.39826616,607.43540804,0.05613504,1118.84990911,0.01998527,0.01998526,30239,92,0
6609.32060632,6609.32071809,614.00149973,613.99812229,0.03759123,1119.11521273,0.01998526,0.01998526,30238,92,0
6609.53885320,6609.53932523,620.61026077,620.59598500,0.05480055,1119.38115290,0.01998526,0.01998526,30237,92,0
6609.75828282,6609.75794684,627.22476225,627.23493159,0.05596515,1119.64795525,0.01998527,0.01998526,30236,92,0
6609.97792564,6609.97658291,633.84475636,633.88542724,0.02312165,1119.91442341,0.01998527,0.01998526,30235,92,0
6610.19428084,6610.19523344,640.46991572,640.44104191,0.04505756,1120.17630793,0.01998526,0.01998526,30234,92,0
6610.41426535,6610.41389844,647.09991147,647.11104002,0.02855938,1120.44196506,0.01998527,0.01998526,30233,92,0
6610.63258879,6610.63257790,653.73441321,653.73474360,0.04939053,1120.70498300,0.01998527,0.01998526,30232,92,0
6610.85172107,6610.85127183,660.37318557,660.38682707,0.05770396,1120.96833020,0.01998527,0.01998526,30231,92,0
6611.07098384,6611.06998023,667.01646272,667.04695740,0.03774449,1121.23119516,0.01998527,0.01998526,30230,92,0
6611.28821098,6611.28870310,673.66462308,673.64965959,0.04288919,1121.49100257,0.01998526,0.01998526,30229,92,0
6611.50734639,6611.50744044,680.31804686,680.31518491,0.05907236,1121.75248318,0.01998526,0.01998526,30228,92,0
6611.72638421,6611.72619225,686.97711598,686.98296172,0.01802843,1122.01324915,0.01998527,0.01998526,30227,92,0
6611.94435686,6611.94495854,693.64215913,693.62382031,0.05408304,1122.27216415,0.01998526,0.01998526,30226,92,0
6612.16472317,6612.16373931,700.31304538,700.34305605,0.04258461,1122.53332414,0.01998527,0.01998526,30225,92,0
6612.38168867,6612.38253455,706.98941301,706.96359250,0.03782153,1122.78985029,0.01998526,0.01998526,30224,92,0
6612.60082046,6612.60134427,713.67089694,713.65489664,0.05294117,1123.04831401,0.01998526,0.01998527,30223,92,0
6612.82077620,6612.82016848,720.35713037,720.37570524,0.05149796,1123.30710327,0.01998527,0.01998527,30222,92,0
6613.03901180,6613.03900716,727.04777044,727.04791225,0.03134999,1123.56321405,0.01998527,0.01998527,30221,92,0
6613.25773878,6613.25786033,733.74284340,733.73912374,0.05868979,1123.81924674,0.01998527,0.01998527,30220,92,0
6613.47658059,6613.47672798,740.44265445,740.43814097,0.04265538,1124.07476800,0.01998527,0.01998527,30219,92,0
6613.69555683,6613.69561012,747.14751698,747.14588399,0.03433254,1124.32980991,0.01998527,0.01998527,30218,92,0
6613.91367738,6613.91450675,753.85774587,753.83231210,0.06825287,1124.58323257,0.01998526,0.01998527,30217,92,0
6614.13350453,6614.13341787,760.57364902,760.57630884,0.04889342,1124.83801916,0.01998527,0.01998527,30216,92,0
6614.35243552,6614.35234347,767.29532023,767.29814736,0.05308916,1125.09115118,0.01998527,0.01998527,30215,92,0
6614.57118860,6614.57128357,774.02262473,774.01970543,0.03481380,1125.34345660,0.01998527,0.01998527,30214,92,0
6614.78992689,6614.79023816,780.75541603,780.74584112,0.05514873,1125.59511701,0.01998526,0.01998527,30213,92,0
6615.00859120,6615.00920725,787.49354694,787.47458303,0.04699019,1125.84605734,0.01998526,0.01998527,30212,92,0
6615.22844697,6615.22819083,794.23687143,794.24476154,0.05585714,1126.09771768,0.01998527,0.01998527,30211,92,0
6615.44763214,6615.44718891,800.98533115,800.99899418,0.01714442,1126.34796037,0.01998527,0.01998527,30210,92,0
6615.66583388,6615.66620149,807.73899337,807.72765341,0.04932333,1126.59643631,0.01998526,0.01998527,30209,92,0
6615.88501895,6615.88522857,814.49793524,814.49146398,0.04309710,1126.84538620,0.01998526,0.01998527,30208,92,0
6616.10473948,6616.10427016,821.26223428,821.27673291,0.05218539,1127.09429569,0.01998527,0.01998527,30207,92,0
6616.32336401,6616.32332624,828.03196806,828.03313559,0.02915339,1127.34132005,0.01998527,0.01998527,30206,92,0
6616.54195803,6616.54239684,834.80718528,834.79360927,0.05126337,1127.58766807,0.01998526,0.01998527,30205,92,0
6616.76142269,6616.76148193,841.58788175,841.58604762,0.04336946,1127.83434957,0.01998527,0.01998527,30204,92,0
6616.98014008,6616.98058154,848.37404761,848.36036942,0.04984046,1128.07954322,0.01998526,0.01998527,30203,92,0
6617.19977980,6617.19969565,855.16567296,855.16828202,0.05909807,1128.32511769,0.01998527,0.01998527,30202,92,0
6617.41908862,6617.41882428,861.96274812,861.97095073,0.03785310,1128.56966695,0.01998527,0.01998527,30201,92,0
6617.63750403,6617.63796742,868.76531757,868.75092782,0.06118269,1128.81256890,0.01998526,0.01998527,30200,92,0
6617.85751327,6617.85712507,875.57354570,875.58561002,0.04809370,1129.05659049,0.01998527,0.01998527,30199,92,0
6618.07639092,6618.07629723,882.38761366,882.39052767,0.04792848,1129.29871128,0.01998527,0.01998527,30198,92,0
6618.29553376,6618.29548392,889.20770343,889.20925482,0.05304808,1129.54048460,0.01998527,0.01998527,30197,92,0
6618.51473101,6618.51468512,896.03399757,896.03542741,0.03548282,1129.78168087,0.01998527,0.01998527,30196,92,0
6618.73368368,6618.73390084,902.86653689,902.85976562,0.05947749,1130.02197117,0.01998527,0.01998527,30195,92,0
6618.95288209,6618.95313108,909.70500017,909.69723055,0.05290412,1130.26188020,0.01998527,0.01998527,30194,92,0
6619.17245460,6619.17237584,916.54900787,916.55146716,0.03511003,1130.50153034,0.01998527,0.01998527,30193,92,0
6619.39155511,6619.39163513,923.39817864,923.39567838,0.04040110,1130.73998339,0.01998527,0.01998527,30192,92,0
6619.61079748,6619.61090894,930.25212947,930.24864453,0.04925630,1130.97789392,0.01998527,0.01998527,30191,92,0
6619.83044038,6619.83019728,937.11066183,937.11826766,0.06243313,1131.21553154,0.01998527,0.01998527,30190,92,0
6620.04971886,6620.04950014,943.97409163,943.98093896,0.03630315,1131.45207776,0.01998527,0.01998527,30189,92,0
6620.26845323,6620.26881754,950.84282471,950.83141065,0.06135823,1131.68735526,0.01998527,0.01998527,30188,92,0
6620.48793077,6620.48814947,957.71726890,957.71041156,0.05771191,1131.92275984,0.01998527,0.01998527,30187,92,0
6620.70755579,6620.70749593,964.59783383,964.59971265,0.05064167,1132.15766045,0.01998527,0.01998527,30186,92,0
6620.92651661,6620.92685692,971.48476386,971.47407528,0.04274507,1132.39119742,0.01998527,0.01998527,30185,92,0
6621.14660159,6621.14623245,978.37782951,978.38943326,0.04684499,1132.62526608,0.01998527,0.01998527,30184,92,0
6621.36595238,6621.36562251,985.27671642,985.28709335,0.04705734,1132.85787546,0.01998527,0.01998527,30183,92,0
6621.58524874,6621.58502711,992.18110867,992.18808536,0.05408349,1133.08973743,0.01998527,0.01998527,30182,92,0
6621.81271783,6621.80444626,0.00000000,999.33866974,0.14672918,1133.32907810,0.01998529,0.01998527,30181,92,1
6622.02360671,6622.02387994,1006.00527184,1005.99665930,0.02509255,1133.55110081,0.01998527,0.01998527,30180,92,0
6622.24312713,6622.24332816,1012.92503781,1012.91869632,0.06074872,1133.78107994,0.01998527,0.01998527,30179,92,0
6622.46220810,6622.46279093,1019.85023055,1019.83183247,0.06105389,1134.00989981,0.01998527,0.01998527,30178,92,0
6622.68220018,6622.68226825,1026.78109502,1026.77894474,0.04802194,1134.23897490,0.01998527,0.01998527,30177,92,0
6622.90164591,6622.90176011,1033.71787708,1033.71426641,0.04249436,1134.46679194,0.01998527,0.01998527,30176,92,0
6623.12199245,6623.12126652,1040.66072437,1040.68369423,0.04582468,1134.69485438,0.01998527,0.01998527,30175,92,0
6623.34096023,6623.34078748,1047.60953605,1047.61500656,0.05014359,1134.92079966,0.01998527,0.01998527,30174,92,0
6623.56029584,6623.56032299,1054.56417231,1054.56331196,0.03547492,1135.14642816,0.01998527,0.01998527,30173,92,0
6623.78004115,6623.77987305,1061.52449267,1061.52982381,0.03549797,1135.37177268,0.01998527,0.01998527,30172,92,0
6623.99942480,6623.99943767,1068.49035622,1068.48994792,0.04576437,1135.59603543,0.01998527,0.01998527,30171,92,0
6624.21960221,6624.21901684,1075.46168107,1075.48027241,0.03213171,1135.82039084,0.01998527,0.01998527,30170,92,0
6624.43879519,6624.43861057,1082.43851403,1082.44438178,0.02799638,1136.04302749,0.01998527,0.01998527,30169,92,0
6624.65811673,6624.65821886,1089.42091896,1089.41767072,0.03605302,1136.26508015,0.01998527,0.01998527,30168,92,0
6624.87813058,6624.87784171,1096.40896002,1096.41815481,0.03872490,1136.48711561,0.01998527,0.01998527,30167,92,0
6625.09730237,6625.09747911,1103.40270240,1103.39707228,0.04315145,1136.70758623,0.01998527,0.01998527,30166,92,0
6625.31756761,6625.31713109,1110.40227205,1110.41618813,0.03914879,1136.92843969,0.01998527,0.01998527,30165,92,0
6625.53678539,6625.53679762,1117.40790255,1117.40751234,0.03778898,1137.14753438,0.01998527,0.01998527,30164,92,0
6625.75659910,6625.75647872,1124.41983961,1124.42368351,0.03627005,1137.36652044,0.01998527,0.01998527,30163,92,0
6625.97539236,6625.97617439,1131.43833016,1131.41333588,0.04900737,1137.58379498,0.01998527,0.01998527,30162,92,0
6626.19627999,6626.19588463,1138.46361667,1138.47626445,0.04069809,1137.80245126,0.01998527,0.01998527,30161,92,0
6626.41602155,6626.41560943,1145.49568840,1145.50888341,0.03330017,1138.01927426,0.01998527,0.01998527,30160,92,0
6626.63561044,6626.63534881,1152.53418388,1152.54256767,0.02661719,1138.23523689,0.01998527,0.01998527,30159,92,0
6626.85470062,6626.85510276,1159.57871425,1159.56581835,0.04106383,1138.44998785,0.01998527,0.01998527,30158,92,0
6627.07459868,6627.07487129,1166.62888860,1166.62014037,0.03939355,1138.66479234,0.01998527,0.01998527,30157,92,0
6627.29443900,6627.29465439,1173.68433019,1173.67741372,0.03600194,1138.87878759,0.01998527,0.01998527,30156,92,0
6627.51505270,6627.51445206,1180.74504770,1180.76434929,0.04883332,1139.09277732,0.01998527,0.01998527,30155,92,0
6627.73435381,6627.73426432,1187.81144590,1187.81432387,0.05733648,1139.30475124,0.01998527,0.01998527,30154,92,0
6627.95401440,6627.95409115,1194.88394960,1194.88147923,0.05139199,1139.51634104,0.01998527,0.01998527,30153,92,0
6628.17394193,6628.17393257,1201.96298576,1201.96328706,0.06251257,1139.72746492,0.01998527,0.01998527,30152,92,0
6628.39383221,6628.39378857,1209.04895470,1209.05036190,0.05720615,1139.93783927,0.01998527,0.01998527,30151,92,0
6628.61400492,6628.61365916,1216.14186814,1216.15302715,0.05014103,1140.14776652,0.01998527,0.01998527,30150,92,0
6628.83420325,6628.83354433,1223.24145689,1223.26274094,0.05283372,1140.35698987,0.01998527,0.01998527,30149,92,0
6629.05376391,6629.05344409,1230.34744419,1230.35778339,0.04800447,1140.56487160,0.01998527,0.01998527,30148,92,0
6629.27380150,6629.27335843,1237.45955178,1237.47388632,0.03961623,1140.77245741,0.01998527,0.01998527,30147,92,0
6629.49368692,6629.49328737,1244.57753497,1244.59047119,0.04285735,1140.97914287,0.01998527,0.01998527,30146,92,0
6629.71372864,6629.71323090,1251.70142327,1251.71755130,0.04420972,1141.18521666,0.01998527,0.01998527,30145,92,0
6629.93289134,6629.93318902,1258.83137664,1258.82172334,0.04948414,1141.38971534,0.01998527,0.01998527,30144,92,0
6630.15339106,6630.15316174,1265.96755667,1265.97499941,0.06614077,1141.59470679,0.01998527,0.01998527,30143,92,0
6630.37355899,6630.37314905,1273.11012580,1273.12344145,0.05200573,1141.79863674,0.01998527,0.01998527,30142,92,0
6630.59391171,6630.59315096,1280.25921623,1280.28394766,0.04477029,1142.00198586,0.01998527,0.01998527,30141,92,0
6630.81333556,6630.81316747,1287.41481915,1287.42028844,0.03764622,1142.20372762,0.01998527,0.01998527,30140,92,0
6631.03352354,6631.03319858,1294.57688523,1294.58746718,0.03525717,1142.40541565,0.01998527,0.01998527,30139,92,0
6631.25314044,6631.25324429,1301.74536488,1301.74198048,0.04403276,1142.60582223,0.01998527,0.01998527,30138,92,0
6631.47337084,6631.47330460,1308.92020820,1308.92236863,0.06054587,1142.80602434,0.01998527,0.01998527,30137,92,0
6631.69370874,6631.69337952,1316.10136100,1316.11210783,0.05582990,1143.00555444,0.01998527,0.01998527,30136,92,0
6631.91459065,6631.91346904,1323.28875853,1323.32540117,0.03962333,1143.20480027,0.01998527,0.01998527,30135,92,0
6632.13374532,6632.13357318,1330.48233407,1330.48796236,0.03057570,1143.40171519,0.01998527,0.01998527,30134,92,0
6632.35399105,6632.35369192,1337.68202051,1337.69180825,0.03450109,1143.59883079,0.01998527,0.01998527,30133,92,0
6632.57366990,6632.57382527,1344.88775299,1344.88266539,0.05228535,1143.79465649,0.01998527,0.01998527,30132,92,0
6632.79342638,6632.79397323,1352.09958977,1352.08166812,0.06068078,1143.98976879,0.01998527,0.01998527,30131,92,0
6633.01466431,6633.01413581,1359.31776405,1359.33509859,0.03804620,1144.18540982,0.01998527,0.01998527,30130,92,0
6633.23390018,6633.23431300,1366.54252350,1366.52897145,0.03599875,1144.37850615,0.01998527,0.01998527,30129,92,0
6633.45458376,6633.45450481,1373.77411713,1373.77671108,0.04762200,1144.57210341,0.01998527,0.01998527,30128,92,0
6633.67525694,6633.67471124,1381.01277856,1381.03072519,0.05462096,1144.76491856,0.01998527,0.01998527,30127,92,0
6633.89527395,6633.89493228,1388.25849732,1388.26974400,0.04978375,1144.95638795,0.01998527,0.01998527,30126,92,0
6634.11521032,6634.11516795,1395.51107614,1395.51247218,0.03691880,1145.14700851,0.01998527,0.01998527,30125,92,0
6634.33528925,6634.33541824,1402.77031201,1402.76605892,0.04970888,1145.33696556,0.01998527,0.01998527,30124,92,0
6634.55519719,6634.55568315,1410.03600078,1410.01996440,0.05843599,1145.52598087,0.01998527,0.01998527,30123,92,0
6634.77612976,6634.77596269,1417.30796198,1417.31347960,0.03336755,1145.71507039,0.01998527,0.01998527,30122,92,0
6634.99616958,6634.99625685,1424.58616515,1424.58328080,0.03110963,1145.90258928,0.01998527,0.01998527,30121,92,0
6635.21717224,6635.21656564,1431.87063646,1431.89070154,0.04461976,1146.09011684,0.01998527,0.01998527,30120,92,0
6635.43659639,6635.43688906,1439.16140233,1439.15171350,0.05764841,1146.27549841,0.01998527,0.01998527,30119,92,0
6635.65760154,6635.65722711,1446.45848945,1446.47089444,0.03451909,1146.46140164,0.01998527,0.01998527,30118,92,0
6635.87777819,6635.87757980,1453.76201754,1453.76859606,0.04120073,1146.64579628,0.01998527,0.01998527,30117,92,0
6636.09883703,6636.09794712,1461.07235326,1461.10188825,0.05722291,1146.83012152,0.01998527,0.01998527,30116,92,0
6636.31795824,6636.31832907,1468.38990566,1468.37758685,0.03690864,1147.01203950,0.01998527,0.01998527,30115,92,0
6636.53875738,6636.53872566,1475.71508605,1475.71614104,0.03136099,1147.19456082,0.01998527,0.01998527,30114,92,0
6636.75876515,6636.75913689,1483.04829326,1483.03591910,0.05737915,1147.37564644,0.01998527,0.01998527,30113,92,0
6636.98005178,6636.97956275,1490.38946449,1490.40575906,0.03683916,1147.55699314,0.01998527,0.01998527,30112,92,0
6637.19972755,6637.20000326,1497.73799000,1497.72879490,0.03403930,1147.73621672,0.01998527,0.01998527,30111,92,0
6637.42052580,6637.42045841,1505.09322522,1505.09547437,0.05464654,1147.91553142,0.01998527,0.01998527,30110,92,0
6637.64105838,6637.64092821,1512.45452195,1512.45886969,0.03358631,1148.09378691,0.01998527,0.01998527,30109,92,0
6637.86145572,6637.86141265,1519.82131745,1519.82275721,0.05584551,1148.27107516,0.01998527,0.01998527,30108,92,0
6638.08223750,6638.08191174,1527.19380707,1527.20470328,0.04284031,1148.44781540,0.01998527,0.01998527,30107,92,0
6638.30204274,6638.30242547,1534.57257311,1534.55976106,0.03157234,1148.62293323,0.01998527,0.01998527,30106,92,0
6638.52368667,6638.52295386,1541.95820416,1541.98275794,0.05206447,1148.79867822,0.01998528,0.01998527,30105,92,0
6638.74392918,6638.74349689,1549.35129202,1549.36579045,0.03701706,1148.97249006,0.01998527,0.01998527,30104,92,0
6638.96389384,6638.96405458,1556.75223266,1556.74683630,0.05776861,1149.14527122,0.01998527,0.01998527,30103,92,0
6639.18477042,6639.18462693,1564.16082321,1564.16564507,0.04817722,1149.31794502,0.01998527,0.01998527,30102,92,0
6639.40476157,6639.40521393,1571.57674663,1571.56153209,0.03448228,1149.48909604,0.01998527,0.01998527,30101,92,0
6639.62629435,6639.62581558,1578.99968405,1579.01580078,0.05422485,1149.66059862,0.01998527,0.01998527,30100,92,0
6639.84611933,6639.84643190,1586.42932341,1586.41879274,0.03359109,1149.82992838,0.01998527,0.01998527,30099,92,0
6640.06699063,6640.06706287,1593.86560043,1593.86316461,0.05669046,1149.99920665,0.01998527,0.01998527,30098,92,0
6640.28827489,6640.28770851,1601.30873188,1601.32784615,0.03338984,1150.16794188,0.01998528,0.01998527,30097,92,0
6640.50847587,6640.50836881,1608.75895084,1608.76256726,0.03784559,1150.33499969,0.01998527,0.01998527,30096,92,0
6640.72836405,6640.72904377,1616.21649167,1616.19351014,0.05813876,1150.50097519,0.01998527,0.01998527,30095,92,0
6640.94972713,6640.94973340,1623.68155391,1623.68134148,0.03694164,1150.66721267,0.01998527,0.01998527,30094,92,0
6641.17059995,6641.17043770,1631.15409809,1631.15959406,0.05179719,1150.83222694,0.01998527,0.01998527,30093,92,0
6641.39120910,6641.39115667,1638.63398665,1638.63576431,0.03943417,1150.99618575,0.01998527,0.01998527,30092,92,0
6641.61173414,6641.61189030,1646.12108091,1646.11578174,0.05272881,1151.15921879,0.01998527,0.01998527,30091,92,0
6641.83220999,6641.83263861,1653.61524211,1653.60068456,0.03330515,1151.32134691,0.01998527,0.01998527,30090,92,0
6642.05310385,6642.05340159,1661.11643502,1661.10631381,0.05255742,1151.48290803,0.01998527,0.01998527,30089,92,0
6642.27414461,6642.27417925,1668.62483606,1668.62365741,0.03761107,1151.64370156,0.01998527,0.01998527,30088,92,0
6642.49450236,6642.49497158,1676.14064829,1676.12466856,0.05356071,1151.80312852,0.01998527,0.01998527,30087,92,0
6642.71664514,6642.71577859,1683.66407597,1683.69361569,0.05884046,1151.96296943,0.01998528,0.01998527,30086,92,0
6642.93722846,6642.93660028,1691.19530503,1691.21673986,0.03854620,1152.12081740,0.01998528,0.01998527,30085,92,0
6643.15797594,6643.15743665,1698.73428600,1698.75270517,0.04934822,1152.27791005,0.01998528,0.01998527,30084,92,0
6643.37851947,6643.37828770,1706.28081153,1706.28873482,0.03773347,1152.43397838,0.01998528,0.01998527,30083,92,0
6643.59911562,6643.59915343,1713.83467018,1713.83337636,0.05422538,1152.58919764,0.01998527,0.01998527,30082,92,0
6643.82030753,6643.82003385,1721.39564932,1721.40502168,0.02783218,1152.74393891,0.01998528,0.01998528,30081,92,0
6644.04079164,6644.04092896,1728.96362788,1728.95892122,0.05001018,1152.89728575,0.01998527,0.01998528,30080,92,0
6644.26124786,6644.26183875,1736.53876353,1736.51849234,0.02456944,1153.04971600,0.01998527,0.01998528,30079,92,0
6644.48260840,6644.48276323,1744.12126712,1744.11595067,0.04747452,1153.20187030,0.01998527,0.01998528,30078,92,0
6644.70358523,6644.70370240,1751.71135078,1751.70732365,0.05305020,1153.35286149,0.01998527,0.01998528,30077,92,0
6644.92455999,6644.92465627,1759.30922010,1759.30590772,0.03275045,1153.50295379,0.01998527,0.01998528,30076,92,0
6645.14527722,6645.14562483,1766.91494379,1766.90297353,0.04672075,1153.65197357,0.01998527,0.01998528,30075,92,0
6645.36653703,6645.36660808,1774.52847205,1774.52602296,0.02693813,1153.80045526,0.01998528,0.01998528,30074,92,0
6645.58791970,6645.58760603,1782.14975086,1782.16057298,0.04542779,1153.94810900,0.01998528,0.01998528,30073,92,0
6645.80851847,6645.80861868,1789.77872587,1789.77526492,0.05370366,1154.09433004,0.01998528,0.01998528,30072,92,0
6646.03008397,6646.02964603,1797.41534436,1797.43048253,0.03087110,1154.24027360,0.01998528,0.01998528,30071,92,0
6646.25059991,6646.25068808,1805.05956036,1805.05650977,0.04707008,1154.38460821,0.01998528,0.01998528,30070,92,0
6646.47125874,6646.47174483,1812.71132917,1812.69449551,0.05644408,1154.52811626,0.01998527,0.01998528,30069,92,0
6646.69269947,6646.69281629,1820.37060581,1820.36655680,0.02771885,1154.67120373,0.01998528,0.01998528,30068,92,0
6646.91376700,6646.91390245,1828.03734971,1828.03265065,0.04900993,1154.81311796,0.01998528,0.01998528,30067,92,0
6647.13491591,6647.13500332,1835.71161047,1835.70857541,0.05786300,1154.95415060,0.01998528,0.01998528,30066,92,0
6647.35565602,6647.35611889,1843.39351904,1843.37743044,0.03254615,1155.09399054,0.01998527,0.01998528,30065,92,0
6647.57706575,6647.57724918,1851.08321001,1851.07682842,0.04625409,1155.23331875,0.01998528,0.01998528,30064,92,0
6647.79875884,6647.79839418,1858.78081879,1858.79351827,0.05291483,1155.37188544,0.01998528,0.01998528,30063,92,0
6648.01954429,6648.01955389,1866.48648357,1866.48614905,0.03177230,1155.50894949,0.01998528,0.01998528,30062,92,0
6648.24023436,6648.24072831,1874.20034990,1874.18311388,0.04324888,1155.64502090,0.01998527,0.01998528,30061,92,0
6648.46157190,6648.46191745,1881.92256559,1881.91049543,0.04378774,1155.78055350,0.01998528,0.01998528,30060,92,0
6648.68278364,6648.68312131,1889.65327930,1889.64147210,0.05448158,1155.91506974,0.01998528,0.01998528,30059,92,0
6648.90367639,6648.90433988,1897.39262018,1897.36939599,0.03274632,1156.04845382,0.01998527,0.01998528,30058,92,0
6649.12597591,6649.12557318,1905.14042190,1905.15453300,0.04699512,1156.18173455,0.01998528,0.01998528,30057,92,0
6649.34645541,6649.34682119,1912.89629362,1912.88346518,0.04615674,1156.31296999,0.01998528,0.01998528,30056,92,0
6649.56771180,6649.56808393,1920.65983653,1920.64677343,0.05336523,1156.44370277,0.01998528,0.01998528,30055,92,0
6649.78939437,6649.78936140,1928.43065010,1928.43180867,0.03019847,1156.57370806,0.01998528,0.01998528,30054,92,0
6650.01059996,6650.01065359,1936.20857966,1936.20669383,0.04790567,1156.70245110,0.01998528,0.01998528,30053,92,0
6650.23186038,6650.23196051,1943.99407038,1943.99054618,0.04700231,1156.83024866,0.01998528,0.01998528,30052,92,0
6650.45301078,6650.45328215,1951.78765923,1951.77809833,0.04823089,1156.95701159,0.01998528,0.01998528,30051,92,0
6650.67508508,6650.67461853,1959.58988651,1959.60634171,0.05592029,1157.08333262,0.01998528,0.01998528,30050,92,0
6650.89648386,6650.89596964,1967.40122011,1967.41937667,0.02835269,1157.20830431,0.01998528,0.01998528,30049,92,0
6651.11748609,6651.11733548,1975.22148267,1975.22680610,0.04544549,1157.33208466,0.01998528,0.01998528,30048,92,0
6651.33849438,6651.33871605,1983.05016691,1983.04232396,0.04764609,1157.45489024,0.01998528,0.01998528,30047,92,0
6651.56080502,6651.56011137,1990.88675971,1990.91132360,0.04315495,1157.57742122,0.01998528,0.01998528,30046,92,0
6651.78146172,6651.78152142,1998.73075088,1998.72863487,0.05035605,1157.69803957,0.01998528,0.01998528,30045,92,0
6652.00374796,6652.00294621,2006.58193665,2006.61037737,0.05856919,1157.81853425,0.01998528,0.01998528,30044,92,0
6652.22423382,6652.22438574,2014.44055939,2014.43516557,0.02762383,1157.93704793,0.01998528,0.01998528,30043,92,0
6652.44552868,6652.44584001,2022.30689784,2022.29583401,0.05198926,1158.05499114,0.01998528,0.01998528,30042,92,0
6652.66753434,6652.66730903,2030.18123251,2030.18924757,0.04483819,1158.17230222,0.01998528,0.01998528,30041,92,0
6652.88889886,6652.88879279,2038.06385027,2038.06762745,0.04436743,1158.28826727,0.01998528,0.01998528,30040,92,0
6653.10998060,6653.11029129,2045.95505884,2045.94398421,0.04879717,1158.40308144,0.01998528,0.01998528,30039,92,0
6653.33149321,6653.33180455,2053.85517293,2053.84406307,0.04634752,1158.51711535,0.01998528,0.01998528,30038,92,0
6653.55257252,6653.55333255,2061.76450925,2061.73735819,0.04639820,1158.62992504,0.01998527,0.01998528,30037,92,0
6653.77497617,6653.77487531,2069.68336314,2069.68697045,0.05086740,1158.74240168,0.01998528,0.01998528,30036,92,0
6653.99656432,6653.99643282,2077.61172086,2077.61642919,0.05414709,1158.85345553,0.01998528,0.01998528,30035,92,0
6654.21832198,6654.21800508,2085.54934725,2085.56070618,0.05304895,1158.96357751,0.01998528,0.01998528,30034,92,0
6654.43926028,6654.43959210,2093.49600087,2093.48409480,0.02495975,1159.07227395,0.01998528,0.01998528,30033,92,0
6654.66083658,6654.66119387,2101.45143958,2101.43860655,0.05555477,1159.18025613,0.01998528,0.01998528,30032,92,0
6654.88313673,6654.88281040,2109.41549394,2109.42722684,0.05537062,1159.28755050,0.01998528,0.01998528,30031,92,0
6655.10434111,6655.10444169,2117.38812084,2117.38450083,0.04870969,1159.39327734,0.01998528,0.01998528,30030,92,0
6655.32601414,6655.32608775,2125.36928940,2125.36663771,0.05151495,1159.49818485,0.01998528,0.01998528,30029,92,0
6655.54786849,6655.54774856,2133.35896852,2133.36329337,0.05262796,1159.60212855,0.01998528,0.01998528,30028,92,0
6655.76956868,6655.76942414,2141.35717006,2141.36238792,0.05396877,1159.70494773,0.01998528,0.01998528,30027,92,0
6655.99089988,6655.99111449,2149.36408883,2149.35633359,0.05226994,1159.80654543,0.01998528,0.01998528,30026,92,0
6656.21267511,6656.21281960,2157.37996916,2157.37474239,0.04686297,1159.90729377,0.01998528,0.01998528,30025,92,0
6656.43396577,6656.43453948,2165.40505698,2165.38428025,0.05263844,1160.00677053,0.01998528,0.01998528,30024,92,0
6656.65599015,6656.65627413,2173.43957894,2173.42928318,0.05337967,1160.10552055,0.01998528,0.01998528,30023,92,0
6656.87836875,6656.87802355,2181.48353836,2181.49606706,0.05240174,1160.20336334,0.01998528,0.01998528,30022,92,0
6657.09967695,6657.09978775,2189.53680148,2189.53277555,0.05457762,1160.29967174,0.01998528,0.01998528,30021,92,0
6657.32169311,6657.32156672,2197.59923169,2197.60382887,0.05024798,1160.39521677,0.01998528,0.01998528,30020,92,0
6657.54359881,6657.54336047,2205.67069115,2205.67936922,0.04444391,1160.48963646,0.01998528,0.01998528,30019,92,0
6657.76574522,6657.76516899,2213.75103145,2213.77203369,0.04478584,1160.58307382,0.01998528,0.01998528,30018,92,0
6657.98700397,6657.98699229,2221.84009121,2221.84051717,0.03896507,1160.67505345,0.01998528,0.01998528,30017,92,0
6658.20886118,6658.20883038,2229.93770713,2229.93883220,0.04063879,1160.76618984,0.01998528,0.01998528,30016,92,0
6658.43068767,6658.43068324,2238.04371517,2238.04387698,0.03977786,1160.85621495,0.01998528,0.01998528,30015,92,0
6658.65240621,6658.65255089,2246.15808856,2246.15279455,0.04001630,1160.94509470,0.01998528,0.01998528,30014,92,0
6658.87371972,6658.87443332,2254.28114441,2254.25500604,0.05000559,1161.03271374,0.01998528,0.01998528,30013,92,0
6659.09625163,6659.09633054,2262.41325447,2262.41036114,0.05284514,1161.11970904,0.01998528,0.01998528,30012,92,0
6659.31793928,6659.31824255,2270.55479299,2270.54366029,0.05099030,1161.20527155,0.01998528,0.01998528,30011,92,0
6659.54013849,6659.54016934,2278.70607759,2278.70494382,0.04232357,1161.28992637,0.01998528,0.01998528,30010,92,0
6659.76193731,6659.76211093,2286.86713527,2286.86074746,0.04114611,1161.37332137,0.01998528,0.01998528,30009,92,0
6659.98391189,6659.98406731,2295.03790282,2295.03217817,0.04169435,1161.45567011,0.01998528,0.01998528,30008,92,0
6660.20645885,6660.20603848,2303.21831651,2303.23381715,0.04578949,1161.53710934,0.01998528,0.01998528,30007,92,0
6660.42804771,6660.42802445,2311.40830326,2311.40916203,0.05484991,1161.61707712,0.01998528,0.01998528,30006,92,0
6660.65015522,6660.65002522,2319.60770292,2319.61250717,0.04685305,1161.69610414,0.01998528,0.01998528,30005,92,0
6660.87227033,6660.87204078,2327.81630547,2327.82479723,0.03616018,1161.77399857,0.01998528,0.01998528,30004,92,0
6661.09420881,6661.09407114,2336.03389885,2336.03899666,0.03656899,1161.85069125,0.01998528,0.01998528,30003,92,0
6661.31574368,6661.31611630,2344.26028791,2344.24647595,0.04030142,1161.92610266,0.01998528,0.01998528,30002,92,0
6661.53816132,6661.53817627,2352.49565265,2352.49509812,0.05550397,1162.00066484,0.01998528,0.01998528,30001,92,0
6661.76004841,6661.76025104,2360.74052675,2360.73299951,0.04495806,1162.07390218,0.01998528,0.01998528,30000,92,0
6661.98211597,6661.98234061,2368.99546112,2368.98710636,0.04395496,1162.14605280,0.01998528,0.01998528,29999,92,0
6662.20444699,6662.20444500,2377.26100327,2377.26107754,0.04643528,1162.21714057,0.01998528,0.01998528,29998,92,0
6662.42647098,6662.42656419,2385.53732979,2385.53385480,0.04791717,1162.28698036,0.01998528,0.01998528,29997,92,0
6662.64860283,6662.64869819,2393.82406875,2393.82050932,0.04409580,1162.35569652,0.01998528,0.01998528,29996,92,0
6662.87072923,6662.87084700,2402.12080169,2402.11640094,0.04038671,1162.42324535,0.01998528,0.01998528,29995,92,0
6663.09306303,6663.09301062,2410.42710797,2410.42906825,0.05146398,1162.48968234,0.01998528,0.01998528,29994,92,0
6663.31544803,6663.31518906,2418.74272503,2418.75242270,0.03382722,1162.55495261,0.01998528,0.01998528,29993,92,0
6663.53699220,6663.53738232,2427.06774502,2427.05312055,0.03363547,1162.61879737,0.01998528,0.01998528,29992,92,0
6663.75933883,6663.75959039,2435.40230847,2435.39286761,0.05079755,1162.68168747,0.01998528,0.01998528,29991,92,0
6663.98231995,6663.98181328,2443.74655691,2443.76559228,0.03798732,1162.74356083,0.01998528,0.01998528,29990,92,0
6664.20361769,6664.20405099,2452.10068771,2452.08438995,0.04263947,1162.80377992,0.01998528,0.01998528,29989,92,0
6664.42587294,6664.42630353,2460.46507659,2460.44886200,0.04900090,1162.86306760,0.01998528,0.01998528,29988,92,0
6664.64821130,6664.64857088,2468.84013751,2468.82658000,0.04319648,1162.92118063,0.01998528,0.01998528,29987,92,0
6664.87013802,6664.87085307,2477.22628740,2477.19929335,0.03531347,1162.97799050,0.01998528,0.01998528,29986,92,0
6665.09327168,6665.09315007,2485.62377969,2485.62837651,0.05711564,1163.03390193,0.01998528,0.01998528,29985,92,0
6665.31558137,6665.31546191,2494.03212321,2494.03664412,0.03558997,1163.08839478,0.01998528,0.01998528,29984,92,0
6665.53825214,6665.53778857,2502.45061395,2502.46817650,0.05390578,1163.14175414,0.01998528,0.01998528,29983,92,0
6665.76054868,6665.76013007,2510.87854270,2510.89441839,0.03423213,1163.19379515,0.01998528,0.01998528,29982,92,0
6665.98235649,6665.98248640,2519.31533719,2519.31040588,0.04825169,1163.24449069,0.01998528,0.01998528,29981,92,0
6666.20479142,6666.20485756,2527.76125931,2527.75874619,0.04306053,1163.29409231,0.01998528,0.01998528,29980,92,0
6666.42747617,6666.42724355,2536.21687907,2536.22572877,0.04068620,1163.34250779,0.01998528,0.01998528,29979,92,0
6666.64890595,6666.64964439,2544.68277112,2544.65464528,0.05210729,1163.38941729,0.01998528,0.01998528,29978,92,0
6666.87187378,6666.87206006,2553.15944718,2553.15234372,0.04077762,1163.43540836,0.01998528,0.01998528,29977,92,0
6667.09457984,6667.09449057,2561.64693022,2561.65033863,0.05133507,1163.48009442,0.01998528,0.01998528,29976,92,0
6667.31681082,6667.31693592,2570.14502390,2570.14024209,0.03325828,1163.52343313,0.01998528,0.01998528,29975,92,0
6667.53959460,6667.53939611,2578.65352933,2578.66112519,0.05454758,1163.56561860,0.01998528,0.01998528,29974,92,0
6667.76180213,6667.76187115,2587.17227217,2587.16962803,0.04123757,1163.60643184,0.01998528,0.01998528,29973,92,0
6667.98446710,6667.98436103,2595.70130176,2595.70536999,0.05031383,1163.64605943,0.01998528,0.01998528,29972,92,0
6668.20739410,6668.20686576,2604.24078272,2604.26107171,0.04574103,1163.68445659,0.01998528,0.01998528,29971,92,0
6668.42921288,6668.42938534,2612.79088182,2612.78425108,0.04431131,1163.72139067,0.01998528,0.01998528,29970,92,0
6668.65221752,6668.65191977,2621.35176825,2621.36322945,0.05049845,1163.75723896,0.01998528,0.01998528,29969,92,0
6668.87427580,6668.87446905,2629.92362444,2629.91617647,0.03536765,1163.79165256,0.01998528,0.01998528,29968,92,0
6669.09680553,6669.09703318,2638.50664076,2638.49785615,0.04098604,1163.82485115,0.01998528,0.01998528,29967,92,0
6669.31907325,6669.31961217,2647.10100906,2647.08018668,0.02712963,1163.85671923,0.01998528,0.01998528,29966,92,0
6669.54207418,6669.54220602,2655.70690092,2655.70180082,0.04768213,1163.88739089,0.01998528,0.01998528,29965,92,0
6669.76519851,6669.76481472,2664.32427709,2664.33914358,0.05158496,1163.91676942,0.01998528,0.01998528,29964,92,0
6669.98712013,6669.98743828,2672.95297771,2672.94063888,0.03854273,1163.94468406,0.01998528,0.01998528,29963,92,0
6670.20990472,6670.21007670,2681.59284026,2681.58616242,0.05114515,1163.97139209,0.01998528,0.01998528,29962,92,0
6670.43240475,6670.43272998,2690.24372455,2690.23108059,0.05126060,1163.99674539,0.01998528,0.01998528,29961,92,0
6670.65560877,6670.65539812,2698.90571198,2698.91391128,0.02680319,1164.02084811,0.01998528,0.01998528,29960,92,0
6670.87773845,6670.87808113,2707.57900683,2707.56565141,0.04665062,1164.04350708,0.01998528,0.01998528,29959,92,0
6671.10063665,6671.10077901,2716.26381618,2716.25826078,0.05040526,1164.06490839,0.01998528,0.01998528,29958,92,0
6671.32356062,6671.32349175,2724.96030782,2724.96299852,0.03541406,1164.08496876,0.01998528,0.01998528,29957,92,0
6671.54595833,6671.54621937,2733.66830494,2733.65809278,0.05335449,1164.10363738,0.01998528,0.01998528,29956,92,0
6671.76882154,6671.76896185,2742.38745519,2742.38195934,0.04621871,1164.12099215,0.01998528,0.01998528,29955,92,0
6671.99145306,6671.99171921,2751.11740206,2751.10696570,0.03347533,1164.13697099,0.01998528,0.01998528,29954,92,0
6672.21433307,6672.21449144,2759.85786314,2759.85164592,0.04737229,1164.15160286,0.01998528,0.01998528,29953,92,0
6672.43726005,6672.43727854,2768.60910374,2768.60837671,0.04022839,1164.16486741,0.01998528,0.01998528,29952,92,0
6672.65992528,6672.66008053,2777.37163071,2777.36552138,0.05054266,1164.17674403,0.01998528,0.01998528,29951,92,0
6672.88308770,6672.88289739,2786.14595583,2786.15345504,0.04767548,1164.18726642,0.01998528,0.01998528,29950,92,0
6673.10588601,6673.10572913,2794.93252136,2794.93871167,0.03877875,1164.19638777,0.01998528,0.01998528,29949,92,0
6673.32865265,6673.32857575,2803.73135386,2803.73439214,0.05267642,1164.20411978,0.01998528,0.01998528,29948,92,0
6673.55130332,6673.55143725,2812.54233169,2812.53703330,0.03902442,1164.21045521,0.01998528,0.01998528,29947,92,0
6673.77472023,6673.77431364,2821.36533198,2821.38143802,0.04870612,1164.21540738,0.01998529,0.01998528,29946,92,0
6673.99767985,6673.99720491,2830.20024741,2830.21908506,0.04532568,1164.21894069,0.01998529,0.01998528,29945,92,0
6674.22090760,6674.22011107,2839.04704112,2839.07867419,0.05672210,1164.22106292,0.01998529,0.01998528,29944,92,0
6674.44293168,6674.44303212,2847.90569512,2847.90170103,0.02190069,1164.22176350,0.01998528,0.01998528,29943,92,0
6674.66595615,6674.66596806,2856.77619115,2856.77571693,0.05021732,1164.22104587,0.01998529,0.01998528,29942,92,0
6674.88824606,6674.88891889,2865.65847950,2865.63165747,0.04517023,1164.21890766,0.01998528,0.01998528,29941,92,0
6675.11137041,6675.11188462,2874.55241384,2874.53188988,0.05279686,1164.21532742,0.01998528,0.01998528,29940,92,0
6675.33471034,6675.33486524,2883.45782817,2883.45163834,0.03892155,1164.21029966,0.01998529,0.01998529,29939,92,0
6675.55799470,6675.55786075,2892.37455630,2892.37991577,0.03679528,1164.20382372,0.01998529,0.01998529,29938,92,0
6675.78085097,6675.78087116,2901.30263424,2901.30182522,0.04528332,1164.19590984,0.01998529,0.01998529,29937,92,0
6676.00383046,6676.00389648,2910.24252591,2910.23987797,0.04864241,1164.18653561,0.01998529,0.01998529,29936,92,0
6676.22711703,6676.22693669,2919.19475295,2919.20199625,0.04537388,1164.17568291,0.01998529,0.01998529,29935,92,0
6676.44978033,6676.44999180,2928.15983325,2928.15132762,0.04417391,1164.16339356,0.01998528,0.01998529,29934,92,0
6676.67342746,6676.67306182,2937.13792954,2937.15265585,0.04968836,1164.14956899,0.01998529,0.01998529,29933,92,0
6676.89641368,6676.89614674,2946.12870730,2946.13947252,0.04580941,1164.13430214,0.01998529,0.01998529,29932,92,0
6677.11925323,6677.11924657,2955.13179242,2955.13206137,0.05252320,1164.11756064,0.01998529,0.01998529,29931,92,0
6677.34214898,6677.34236131,2964.14683070,2964.13824602,0.04951400,1164.09932512,0.01998529,0.01998529,29930,92,0
6677.56533891,6677.56549096,2973.17389103,2973.16773584,0.04137708,1164.07956684,0.01998529,0.01998529,29929,92,0
6677.78833100,6677.78863551,2982.21341798,2982.20107384,0.04430019,1164.05832165,0.01998528,0.01998529,29928,92,0
6678.01197870,6678.01179498,2991.26587253,2991.27333018,0.04305163,1164.03549650,0.01998529,0.01998529,29927,92,0
6678.23501792,6678.23496937,3000.33167718,3000.33365073,0.04581985,1164.01121263,0.01998529,0.01998529,29926,92,0
6678.45791807,6678.45815867,3009.41088080,3009.40108649,0.04415277,1163.98542011,0.01998528,0.01998529,29925,92,0
6678.68125742,6678.68136288,3018.50333457,3018.49903526,0.03953901,1163.95804305,0.01998529,0.01998529,29924,92,0
6678.90471364,6678.90458202,3027.60888656,3027.61425919,0.03476565,1163.92910939,0.01998529,0.01998529,29923,92,0
6679.12755834,6679.12781608,3036.72744209,3036.71690687,0.04318385,1163.89871268,0.01998529,0.01998529,29922,92,0
6679.35115608,6679.35106505,3045.85917228,3045.86289846,0.04686325,1163.86665848,0.01998529,0.01998529,29921,92,0
6679.57443215,6679.57432895,3055.00432542,3055.00855573,0.05924313,1163.83308913,0.01998529,0.01998529,29920,92,0
6679.79819920,6679.79760778,3064.16315080,3064.18742856,0.03728111,1163.79787324,0.01998529,0.01998529,29919,92,0
6680.02138486,6680.02090153,3073.33565022,3073.35551830,0.04164324,1163.76117396,0.01998529,0.01998529,29918,92,0
6680.24401928,6680.24421020,3082.52125539,3082.51339696,0.03879026,1163.72299417,0.01998529,0.01998529,29917,92,0
6680.46728774,6680.46753381,3091.71931377,3091.70917241,0.04142004,1163.68312633,0.01998529,0.01998529,29916,92,0
6680.69062589,6680.69087235,3100.92919083,3100.91902138,0.05629191,1163.64166068,0.01998529,0.01998529,29915,92,0
6680.91365694,6680.91422582,3110.15095838,3110.12745574,0.04950483,1163.59866372,0.01998529,0.01998529,29914,92,0
6681.13735381,6681.13759422,3119.38550804,3119.37556208,0.04582380,1163.55393393,0.01998529,0.01998529,29913,92,0
6681.36164358,6681.36097755,3128.63378438,3128.66137887,0.03913013,1163.50746128,0.01998529,0.01998529,29912,92,0
6681.58442422,6681.58437583,3137.89665000,3137.89865792,0.04869819,1163.45968006,0.01998529,0.01998529,29911,92,0
6681.80773987,6681.80778904,3147.17411036,3147.17206685,0.05475300,1163.41015539,0.01998529,0.01998529,29910,92,0
6682.03111009,6682.03121719,3156.46568928,3156.46123212,0.04194097,1163.35898291,0.01998529,0.01998529,29909,92,0
6682.25426144,6682.25466028,3165.77090104,3165.75427990,0.04589928,1163.30622301,0.01998529,0.01998529,29908,92,0
6682.47784302,6682.47811832,3175.08940800,3175.07791998,0.05154710,1163.25171525,0.01998529,0.01998529,29907,92,0
6682.70152039,6682.70159129,3184.42144991,3184.41848698,0.03775356,1163.19552740,0.01998529,0.01998529,29906,92,0
6682.92467681,6682.92507922,3193.76740675,3193.75056638,0.03629277,1163.13781013,0.01998529,0.01998529,29905,92,0
6683.14839682,6683.14858209,3203.12765759,3203.11989274,0.05378903,1163.07827319,0.01998529,0.01998529,29904,92,0
6683.37250994,6683.37209991,3212.50233152,3212.51954154,0.04204374,1163.01694330,0.01998529,0.01998529,29903,92,0
6683.59594984,6683.59563268,3221.89116438,3221.90449527,0.05236907,1162.95411010,0.01998529,0.01998529,29902,92,0
6683.81965747,6683.81918040,3231.29385544,3231.31393556,0.03418827,1162.88950869,0.01998529,0.01998529,29901,92,0
6684.04336092,6684.04274307,3240.71013688,3240.73617820,0.05846511,1162.82320968,0.01998529,0.01998529,29900,92,0
6684.26702527,6684.26632070,3250.14015318,3250.16989163,0.04305102,1162.75521614,0.01998529,0.01998529,29899,92,0
6684.49042205,6684.48991328,3259.58431716,3259.60582261,0.03874354,1162.68559116,0.01998529,0.01998529,29898,92,0
6684.71355451,6684.71352082,3269.04304974,3269.04447598,0.04429323,1162.61432968,0.01998529,0.01998529,29897,92,0
6684.93671046,6684.93714332,3278.51668625,3278.49833467,0.04550845,1162.54133276,0.01998529,0.01998529,29896,92,0
6685.16044437,6685.16078078,3288.00523160,3287.99094752,0.04282722,1162.46640460,0.01998529,0.01998529,29895,92,0
6685.38449940,6685.38443320,3297.50861284,3297.51142769,0.03314915,1162.38961385,0.01998529,0.01998529,29894,92,0
6685.60834927,6685.60810059,3307.02675657,3307.03734720,0.04428378,1162.31113270,0.01998529,0.01998529,29893,92,0
6685.83161945,6685.83178294,3316.55960187,3316.55262928,0.03614422,1162.23109486,0.01998529,0.01998529,29892,92,0
6686.05512977,6686.05548025,3326.10710439,3326.09213446,0.05842800,1162.14920351,0.01998529,0.01998529,29891,92,0
6686.27867525,6686.27919254,3335.66922042,3335.64709390,0.04715465,1162.06552353,0.01998529,0.01998529,29890,92,0
6686.50310707,6686.50291979,3345.24594839,3345.25397085,0.03278412,1161.97971795,0.01998529,0.01998529,29889,92,0
6686.72702094,6686.72666202,3354.83760693,3354.85300524,0.04209737,1161.89230895,0.01998529,0.01998529,29888,92,0
6686.95058156,6686.95041921,3364.44466309,3364.45163904,0.02971815,1161.80323082,0.01998529,0.01998529,29887,92,0
6687.17454757,6687.17419138,3374.06758755,3374.08291695,0.05050700,1161.71216838,0.01998529,0.01998529,29886,92,0
6687.39838937,6687.39797853,3383.70660700,3383.72431672,0.05261482,1161.61932327,0.01998529,0.01998529,29885,92,0
6687.62181305,6687.62178065,3393.36141353,3393.36281235,0.03894414,1161.52481896,0.01998529,0.01998529,29884,92,0
6687.84519305,6687.84559776,3403.03162621,3403.01412729,0.04661096,1161.42849858,0.01998529,0.01998529,29883,92,0
6688.07050648,6688.06942984,3412.71688722,3412.76350839,0.04575901,1161.32948204,0.01998529,0.01998529,29882,92,0
6688.29327814,6688.29327690,3422.41717001,3422.41722386,0.03101837,1161.22973621,0.01998529,0.01998529,29881,92,0
6688.51721414,6688.51713895,3432.13267476,3432.13594078,0.04330571,1161.12760901,0.01998529,0.01998529,29880,92,0
6688.74053972,6688.74101598,3441.86360774,3441.84289109,0.05183176,1161.02389301,0.01998529,0.01998529,29879,92,0
6688.96440564,6688.96490799,3451.61018903,3451.58830338,0.03650817,1160.91804437,0.01998529,0.01998529,29878,92,0
6689.18882644,6689.18881500,3461.37267568,3461.37317508,0.04869684,1160.81003146,0.01998529,0.01998529,29877,92,0
6689.41290471,6689.41273699,3471.15133344,3471.15866348,0.04387732,1160.70027230,0.01998529,0.01998529,29876,92,0
6689.63714510,6689.63667397,3480.94641331,3480.96703730,0.05476357,1160.58851074,0.01998529,0.01998529,29875,92,0
6689.86103817,6689.86062595,3490.75789101,3490.77596512,0.05073034,1160.47499488,0.01998529,0.01998529,29874,92,0
6690.08431723,6690.08459292,3500.58551734,3500.57341088,0.04681812,1160.35986685,0.01998529,0.01998529,29873,92,0
6690.30928264,6690.30857488,3510.42903408,3510.46016269,0.05278966,1160.24192133,0.01998529,0.01998529,29872,92,0
6690.53304843,6690.53257184,3520.28817879,3520.30917153,0.03588203,1160.12266006,0.01998529,0.01998529,29871,92,0
6690.75622647,6690.75658380,3530.16268137,3530.14691875,0.05192200,1160.00177544,0.01998529,0.01998529,29870,92,0
6690.98043119,6690.98061075,3540.05226796,3540.04433566,0.04845384,1159.87838276,0.01998529,0.01998529,29869,92,0
6691.20445346,6691.20465271,3549.95672272,3549.94790789,0.04773923,1159.75313137,0.01998529,0.01998529,29868,92,0
6691.42834257,6691.42870967,3559.87675522,3559.86048895,0.04122810,1159.62598098,0.01998529,0.01998529,29867,92,0
6691.65341029,6691.65278164,3569.81380530,3569.84170883,0.04404911,1159.49614558,0.01998529,0.01998529,29866,92,0
6691.87681804,6691.87686861,3579.76934503,3579.76709631,0.04965219,1159.36524072,0.01998529,0.01998529,29865,92,0
6692.10133791,6692.10097058,3589.74412315,3589.76048771,0.04235185,1159.23162971,0.01998529,0.01998529,29864,92,0
6692.32424097,6692.32508757,3599.73690017,3599.69912215,0.17045629,1159.09695017,0.01998529,0.01998529,29863,92,0
6692.55527157,nan,0.00000000,3610.02965918,0.28438359,1158.95505650,0.01998531,0.01998529,29862,92,1
6692.77319736,6692.77336657,3619.77028709,3619.76271411,0.04772783,1158.81959422,0.01998529,0.01998529,29861,92,0
6692.99721277,6692.99752859,3629.81018202,3629.79602525,0.05190221,1158.67815005,0.01998529,0.01998529,29860,92,0
6693.22139573,6693.22170562,3639.86775192,3639.85383582,0.04493480,1158.53452330,0.01998529,0.01998529,29859,92,0
6693.44562578,6693.44589768,3649.94500002,3649.93276626,0.05054072,1158.38874959,0.01998529,0.01998529,29858,92,0
6693.66981140,6693.67010474,3660.04271281,3660.02948887,0.04979889,1158.24086626,0.01998529,0.01998529,29857,92,0
6693.89449985,6693.89432683,3670.15939163,3670.16720490,0.04829563,1158.09051715,0.01998529,0.01998529,29856,92,0
6694.11822874,6694.11856394,3680.29327343,3680.27811359,0.04310599,1157.93870379,0.01998529,0.01998529,29855,92,0
6694.34261444,6694.34281607,3690.44292024,3690.43378790,0.04980732,1157.78434641,0.01998529,0.01998529,29854,92,0
6694.57009214,6694.56708322,0.00000000,3700.75175407,0.12972056,1157.62560103,0.01998530,0.01998529,29853,92,1
6694.78790603,6694.79136540,0.00000000,3710.64132814,0.12725057,1157.47162889,0.01998528,0.01998529,29852,92,1
6695.01507391,6695.01566260,3720.99572648,3720.96892286,0.03922613,1157.30893788,0.01998529,0.01998529,29851,92,0
6695.23968750,6695.23997484,3731.21810198,3731.20499606,0.03836572,1157.14577381,0.01998529,0.01998529,29850,92,0
6695.46396474,6695.46430210,3741.45897898,3741.44356513,0.05564820,1156.98066285,0.01998529,0.01998529,29849,92,0
6695.68842805,6695.68864439,3751.71738175,3751.70748127,0.05690303,1156.81322858,0.01998529,0.01998529,29848,92,0
6695.91279504,6695.91300172,3761.99267021,3761.98319722,0.04192936,1156.64368148,0.01998529,0.01998529,29847,92,0
6696.13731936,6696.13737408,3772.28516811,3772.28265587,0.04181737,1156.47181440,0.01998529,0.01998529,29846,92,0
6696.36172105,6696.36176147,3782.59537130,3782.59351250,0.05195679,1156.29782332,0.01998529,0.01998529,29845,92,0
6696.58590622,6696.58616391,3792.92375443,3792.91188387,0.04939106,1156.12176833,0.01998529,0.01998529,29844,92,0
6696.81101209,6696.81058138,3803.27058761,3803.29046306,0.05041006,1155.94273113,0.01998529,0.01998529,29843,92,0
6697.03485301,6697.03501389,3813.63604369,3813.62860702,0.03572655,1155.76244215,0.01998529,0.01998529,29842,92,0
6697.25933079,6697.25946144,3824.02029323,3824.01424293,0.05013854,1155.57936590,0.01998529,0.01998529,29841,92,0
6697.48390705,6697.48392404,3834.42341127,3834.42262291,0.04676768,1155.39391858,0.01998529,0.01998529,29840,92,0
6697.70814842,6697.70840168,3844.84536425,3844.83359574,0.03848585,1155.20645191,0.01998529,0.01998529,29839,92,0
6697.93266165,6697.93289437,3855.28611292,3855.27528017,0.04444223,1155.01644994,0.01998529,0.01998529,29838,92,0
6698.15722099,6698.15740210,3865.74588838,3865.73744268,0.04094081,1154.82408417,0.01998529,0.01998529,29837,92,0
6698.38142870,6698.38192489,3876.22561405,3876.20243216,0.04680729,1154.62967235,0.01998529,0.01998529,29836,92,0
6698.60680574,6698.60646272,3886.72633159,3886.74238888,0.05569172,1154.43185187,0.01998529,0.01998529,29835,92,0
6698.83068557,6698.83101561,3897.24882493,3897.23334408,0.04501839,1154.23294188,0.01998529,0.01998529,29834,92,0
6699.05572305,6699.05558355,3907.79229716,3907.79885268,0.04074117,1154.03059225,0.01998529,0.01998529,29833,92,0
6699.28003663,6699.28016655,3918.35536074,3918.34924485,0.04876234,1153.82650309,0.01998529,0.01998529,29832,92,0
6699.50476171,6699.50476460,3928.93674283,3928.93660644,0.04001765,1153.61966039,0.01998529,0.01998529,29831,92,0
6699.72928105,6699.72937771,3939.53705203,3939.53248567,0.03885386,1153.41060670,0.01998529,0.01998529,29830,92,0
6699.95417809,6699.95400589,3950.15832814,3950.16647867,0.04397479,1153.19874444,0.01998529,0.01998529,29829,92,0
6700.17854387,6700.17864912,3960.80262798,3960.79763549,0.02975438,1152.98487908,0.01998529,0.01998529,29828,92,0
6700.40379874,6700.40330741,3971.47010178,3971.49345402,0.05086740,1152.76763462,0.01998529,0.01998529,29827,92,0
6700.62814673,6700.62798077,3982.15816784,3982.16606904,0.05857994,1152.54878346,0.01998529,0.01998529,29826,92,0
6700.85202679,6700.85266920,3992.86401033,3992.83337933,0.03405711,1152.32796674,0.01998529,0.01998529,29825,92,0
6701.07732856,6701.07737269,4003.58632542,4003.58421774,0.04804744,1152.10332257,0.01998529,0.01998529,29824,92,0
6701.30155937,6701.30209126,4014.32781868,4014.30237018,0.05760682,1151.87726426,0.01998529,0.01998529,29823,92,0
6701.52628652,6701.52682489,4025.09187416,4025.06605933,0.06445382,1151.64813807,0.01998529,0.01998529,29822,92,0
6701.75133372,6701.75157359,4035.88109435,4035.86956615,0.03581637,1151.41604046,0.01998529,0.01998529,29821,92,0
6701.97628206,6701.97633737,4046.69421942,4046.69155601,0.05699278,1151.18141240,0.01998529,0.01998529,29820,92,0
6702.20126930,6702.20111622,4057.52882184,4057.53620667,0.04424412,1150.94415098,0.01998529,0.01998529,29819,92,0
6702.42565183,6702.42591015,4068.38270916,4068.37022588,0.03444580,1150.70498084,0.01998529,0.01998529,29818,92,0
6702.65118568,6702.65071916,4079.25587746,4079.27846131,0.05909574,1150.46200985,0.01998530,0.01998529,29817,92,0
nan,nan,0.00000000,-1.00000000,0.00000000,1150.22108273,nan,0.00000000,-2147483648,92,1
nan,nan,0.00000000,-1.00000000,0.00000000,1145.42279417,nan,0.00000000,-2147483648,91,1
nan,nan,0.00000000,-1.00000000,0.00000000,1145.68019802,nan,0.00000000,-2147483648,91,1
6661.31672659,6661.31611630,15.53570377,15.55288979,0.08260733,1146.01686200,0.01998528,0.01998528,30002,91,0
6661.53668651,6661.53817627,21.79101165,21.74903277,0.05396114,1146.33448407,0.01998528,0.01998528,30001,91,0
6661.76367911,6661.76025104,0.00000000,28.14409269,0.03421765,1146.66157555,0.01998529,0.01998528,30000,91,1
6661.97961322,6661.98234061,0.00000000,34.23383277,0.02856650,1146.97236392,0.01998527,0.01998528,29999,91,1
6662.20338534,6662.20444500,40.58337587,40.55345901,0.05801010,1147.29417611,0.01998528,0.01998528,29998,91,0
6662.42817032,6662.42656419,46.85630419,46.90167740,0.03865365,1147.61671789,0.01998529,0.01998528,29997,91,0
6662.64622824,6662.64869819,53.13342411,53.06360739,0.04320042,1147.92909838,0.01998527,0.01998528,29996,91,0
6662.87096813,6662.87084700,59.41457363,59.41799962,0.04274046,1148.25051739,0.01998528,0.01998528,29995,91,0
6663.09371701,6663.09301062,65.69959013,65.71957910,0.06807111,1148.56854463,0.01998528,0.01998528,29994,91,0
6663.31611929,6663.31518906,71.98831479,72.01465137,0.07014240,1148.88552720,0.01998529,0.01998528,29993,91,0
6663.53520690,6663.53738232,78.28074015,78.21911673,0.05605408,1149.19724683,0.01998528,0.01998528,29992,91,0
6663.75903909,6663.75959039,84.57704379,84.56141812,0.05383813,1149.51517272,0.01998528,0.01998528,29991,91,0
6663.98231628,6663.98181328,90.87741520,90.89168023,0.05151199,1149.83177050,0.01998528,0.01998528,29990,91,0
6664.20462652,6664.20405099,97.18204464,97.19837666,0.06086619,1150.14646979,0.01998528,0.01998528,29989,91,0
6664.42618460,6664.42630353,103.49112313,103.48774607,0.07796963,1150.45958890,0.01998528,0.01998528,29988,91,0
6664.64891533,6664.64857088,109.80480730,109.81459493,0.05558601,1150.77385295,0.01998528,0.01998528,29987,91,0
6664.87111424,6664.87085307,116.12309784,116.13052415,0.02706791,1151.08685333,0.01998528,0.01998528,29986,91,0
6665.09490235,6665.09315007,122.44595189,122.49580880,0.04003789,1151.40157052,0.01998529,0.01998528,29985,91,0
6665.31521259,6665.31546191,128.77332643,128.76622815,0.02870179,1151.71088164,0.01998528,0.01998528,29984,91,0
6665.53690941,6665.53778857,135.10517825,135.08013190,0.04521854,1152.02162009,0.01998528,0.01998528,29983,91,0
6665.76021794,6665.76013007,141.44146331,141.44396824,0.04664232,1152.33408722,0.01998528,0.01998528,29982,91,0
6665.98293630,6665.98248640,147.78212447,147.79495786,0.05229468,1152.64519417,0.01998528,0.01998528,29981,91,0
6666.20398586,6666.20485756,154.12709226,154.10221240,0.05444038,1152.95343757,0.01998528,0.01998528,29980,91,0
6666.42747764,6666.42724355,160.47629640,160.48298163,0.04645307,1153.26454246,0.01998528,0.01998528,29979,91,0
6666.64931482,6666.64964439,166.82966635,166.82024874,0.05099402,1153.57279832,0.01998528,0.01998528,29978,91,0
6666.87236856,6666.87206006,173.18713130,173.19595196,0.04103475,1153.88219165,0.01998528,0.01998528,29977,91,0
6667.09477261,6667.09449057,179.54867633,179.55674520,0.05352516,1154.19012968,0.01998528,0.01998528,29976,91,0
6667.31817108,6667.31693592,185.91445094,185.94980887,0.03768161,1154.49889350,0.01998529,0.01998528,29975,91,0
6667.54008153,6667.53939611,192.28463519,192.30426868,0.06895192,1154.80506121,0.01998528,0.01998528,29974,91,0
6667.76244349,6667.76187115,198.65940988,198.67581514,0.05500213,1155.11131979,0.01998528,0.01998528,29973,91,0
6667.98420346,6667.98436103,205.03895655,205.03443672,0.05772066,1155.41622596,0.01998528,0.01998528,29972,91,0
6668.20658503,6668.20686576,211.42343597,211.41537772,0.04406316,1155.72146812,0.01998528,0.01998528,29971,91,0
6668.43043578,6668.42938534,217.81279162,217.84296372,0.04556688,1156.02819799,0.01998529,0.01998528,29970,91,0
6668.65276205,6668.65191977,224.20684014,224.23104916,0.03817110,1156.33230340,0.01998529,0.01998528,29969,91,0
6668.87354701,6668.87446905,230.60539584,230.57887784,0.06597802,1156.63376214,0.01998528,0.01998528,29968,91,0
6669.09706472,6669.09703318,237.00827224,237.00917964,0.03335202,1156.93839536,0.01998528,0.01998528,29967,91,0
6669.32099451,6669.31961217,243.41528402,243.45508644,0.06057011,1157.24301819,0.01998529,0.01998528,29966,91,0
6669.54392934,6669.54220602,249.82636717,249.87601636,0.04993922,1157.54571441,0.01998529,0.01998528,29965,91,0
6669.76451038,6669.76481472,256.24165014,256.23287681,0.05868137,1157.84465659,0.01998528,0.01998528,29964,91,0
6669.98847413,6669.98743828,262.66127886,262.69115837,0.04043470,1158.14762072,0.01998529,0.01998528,29963,91,0
6670.20957286,6670.21007670,269.08539991,269.07085727,0.04073161,1158.44615869,0.01998528,0.01998528,29962,91,0
6670.43240551,6670.43272998,275.51416044,275.50478885,0.05612840,1158.74648983,0.01998528,0.01998528,29961,91,0
6670.65542010,6670.65539812,281.94768434,281.94831967,0.03391681,1159.04651959,0.01998528,0.01998528,29960,91,0
6670.87815212,6670.87808113,288.38599064,288.38804380,0.06006108,1159.34562273,0.01998528,0.01998528,29959,91,0
6671.09975968,6671.10077901,294.82906944,294.79956847,0.02539571,1159.64267188,0.01998528,0.01998528,29958,91,0
6671.32397028,6671.32349175,301.27691082,301.29076954,0.04845234,1159.94265599,0.01998528,0.01998528,29957,91,0
6671.54655945,6671.54621937,307.72950477,307.73936066,0.03831650,1160.23991724,0.01998528,0.01998528,29956,91,0
6671.76976231,6671.76896185,314.18684247,314.21005553,0.04849377,1160.53744235,0.01998529,0.01998528,29955,91,0
6671.99065859,6671.99171921,320.64893105,320.61815277,0.05427002,1160.83134378,0.01998528,0.01998528,29954,91,0
6672.21536895,6672.21449144,327.11578909,327.14127113,0.04342314,1161.12975866,0.01998529,0.01998528,29953,91,0
6672.43844124,6672.43727854,333.58743551,333.62122156,0.06031872,1161.42543769,0.01998529,0.01998528,29952,91,0
6672.65930738,6672.66008053,340.06388928,340.04140784,0.04369811,1161.71764164,0.01998528,0.01998528,29951,91,0
6672.88246995,6672.88289739,346.54516896,346.53273166,0.05051788,1162.01232629,0.01998528,0.01998528,29950,91,0
6673.10601965,6673.10572913,353.03125900,353.03971828,0.04559427,1162.30695804,0.01998529,0.01998528,29949,91,0
6673.32927803,6673.32857575,359.52208749,359.54254943,0.04854983,1162.60063753,0.01998529,0.01998528,29948,91,0
6673.55126717,6673.55143725,366.01757697,366.01261827,0.02914721,1162.89207930,0.01998528,0.01998528,29947,91,0
6673.77481444,6673.77431364,372.51764964,372.53225987,0.05203632,1163.18498915,0.01998529,0.01998528,29946,91,0
6673.99784748,6673.99720491,379.02222734,379.04098506,0.03739659,1163.47664266,0.01998529,0.01998528,29945,91,0
6674.21941208,6674.22011107,385.53126168,385.51084425,0.05150402,1163.76579620,0.01998528,0.01998528,29944,91,0
6674.44309186,6674.44303212,392.04481980,392.04656579,0.02379370,1164.05712556,0.01998529,0.01998528,29943,91,0
6674.66661626,6674.66596806,398.56299693,398.58195502,0.05378548,1164.34766857,0.01998529,0.01998528,29942,91,0
6674.88884747,6674.88891889,405.08588873,405.08379835,0.02103397,1164.63595464,0.01998529,0.01998528,29941,91,0
6675.11132071,6675.11188462,411.61359126,411.59707619,0.05163264,1164.92398206,0.01998528,0.01998528,29940,91,0
6675.33505998,6675.33486524,418.14619358,418.15190091,0.04984172,1165.21307310,0.01998529,0.01998529,29939,91,0
6675.55757811,6675.55786075,424.68371732,424.67542840,0.06252493,1165.50001326,0.01998528,0.01998529,29938,91,0
6675.78147192,6675.78087116,431.22614784,431.24377832,0.05358764,1165.78814829,0.01998529,0.01998529,29937,91,0
6676.00339689,6676.00389648,437.77347011,437.75879883,0.03884717,1166.07317407,0.01998528,0.01998529,29936,91,0
6676.22678354,6676.22693669,444.32566899,444.32116852,0.06285232,1166.35949625,0.01998529,0.01998529,29935,91,0
6676.45055238,6676.44999180,450.88272965,450.89921429,0.02639387,1166.64572171,0.01998529,0.01998529,29934,91,0
6676.67319621,6676.67306182,457.44464631,457.44860089,0.05284716,1166.92992364,0.01998529,0.01998529,29933,91,0
6676.89549960,6676.89614674,464.01142282,463.99236711,0.02506821,1167.21310788,0.01998528,0.01998529,29932,91,0
6677.11835874,6677.11924657,470.58306354,470.55690274,0.04960950,1167.49641375,0.01998528,0.01998529,29931,91,0
6677.34265455,6677.34236131,477.15957281,477.16821938,0.05613817,1167.78095183,0.01998529,0.01998529,29930,91,0
6677.56600472,6677.56549096,483.74095472,483.75611373,0.05168952,1168.06369653,0.01998529,0.01998529,29929,91,0
6677.78887893,6677.78863551,490.32717839,490.33436518,0.04718844,1168.34524516,0.01998529,0.01998529,29928,91,0
6678.01278866,6678.01179498,496.91814307,496.94750041,0.02437152,1168.62749895,0.01998529,0.01998529,29927,91,0
6678.23478399,6678.23496937,503.51373927,503.50825886,0.04877121,1168.90673667,0.01998529,0.01998529,29926,91,0
6678.45750990,6678.45815867,510.11385702,510.09466607,0.02658015,1169.18628401,0.01998529,0.01998529,29925,91,0
6678.68070419,6678.68136288,516.71838583,516.69888964,0.05015463,1169.46580078,0.01998529,0.01998529,29924,91,0
6678.90443919,6678.90458202,523.32729307,523.32306301,0.05132164,1169.74537053,0.01998529,0.01998529,29923,91,0
6679.12790598,6679.12781608,529.94083773,529.94350220,0.02170814,1170.02399078,0.01998529,0.01998529,29922,91,0
6679.35067786,6679.35106505,536.55934789,536.54786486,0.04776260,1170.30114566,0.01998529,0.01998529,29921,91,0
6679.57548769,6679.57432895,543.18315311,543.21754371,0.06011954,1170.58024202,0.01998529,0.01998529,29920,91,0
6679.79747383,6679.79760778,549.81258442,549.80860585,0.02555131,1170.85525927,0.01998529,0.01998529,29919,91,0
6680.02164519,6680.02090153,556.44790604,556.47001351,0.04236771,1171.13241450,0.01998529,0.01998529,29918,91,0
6680.24324966,6680.24421020,563.08892016,563.06034358,0.03303231,1171.40582376,0.01998528,0.01998529,29917,91,0
6680.46667304,6680.46753381,569.73523570,569.70960952,0.06025486,1171.68088304,0.01998529,0.01998529,29916,91,0
6680.69136022,6680.69087235,576.38645920,576.40099318,0.04252378,1171.95687844,0.01998529,0.01998529,29915,91,0
6680.91455667,6680.91422582,583.04219537,583.05205738,0.03734789,1172.23040939,0.01998529,0.01998529,29914,91,0
6681.13724830,6681.13759422,589.70208324,589.69176674,0.05121119,1172.50267644,0.01998529,0.01998529,29913,91,0
6681.36044981,6681.36097755,596.36620527,596.35045661,0.04757511,1172.77492212,0.01998529,0.01998529,29912,91,0
6681.58379039,6681.58437583,603.03494398,603.01746213,0.04122232,1173.04670550,0.01998529,0.01998529,29911,91,0
6681.80663577,6681.80778904,609.70868925,609.67422668,0.05491309,1173.31727044,0.01998528,0.01998529,29910,91,0
6682.03137831,6682.03121719,616.38783271,616.39265108,0.04356725,1173.58953006,0.01998529,0.01998529,29909,91,0
6682.25368801,6682.25466028,623.07275302,623.04365298,0.04439307,1173.85825444,0.01998529,0.01998529,29908,91,0
6682.47688199,6682.47811832,629.76348192,629.72644980,0.05902819,1174.12745877,0.01998528,0.01998529,29907,91,0
6682.70105817,6682.70159129,636.45969758,636.44371725,0.04063421,1174.39723885,0.01998529,0.01998529,29906,91,0
6682.92509631,6682.92507922,643.16106090,643.16157349,0.05760725,1174.66622753,0.01998529,0.01998529,29905,91,0
6683.14784682,6683.14858209,649.86723120,649.84516291,0.02566742,1174.93303530,0.01998529,0.01998529,29904,91,0
6683.37158414,6683.37209991,656.57787185,656.56238248,0.04279402,1175.20037271,0.01998529,0.01998529,29903,91,0
6683.59573329,6683.59563268,663.29292908,663.29595261,0.05056134,1175.46754297,0.01998529,0.01998529,29902,91,0
6683.81896360,6683.81918040,670.01276105,670.00624207,0.01960584,1175.73297488,0.01998529,0.01998529,29901,91,0
6684.04202436,6684.04274307,676.73775987,676.71613234,0.04998723,1175.99757786,0.01998529,0.01998529,29900,91,0
6684.26605016,6684.26632070,683.46831947,683.46017214,0.04374626,1176.26270820,0.01998529,0.01998529,29899,91,0
6684.49022999,6684.48991328,690.20483376,690.21437969,0.05173944,1176.52741499,0.01998529,0.01998529,29898,91,0
6684.71390355,6684.71352082,696.94745833,696.95900378,0.01325901,1176.79092408,0.01998529,0.01998529,29897,91,0
6684.93777673,6684.93714332,703.69587398,703.71499612,0.04384205,1177.05405369,0.01998529,0.01998529,29896,91,0
6685.16073333,6685.16078078,710.44970411,710.44827047,0.03399140,1177.31547835,0.01998529,0.01998529,29895,91,0
6685.38480576,6685.38443320,717.20857029,717.21983270,0.06548976,1177.57756381,0.01998529,0.01998529,29894,91,0
6685.60794296,6685.60810059,723.97209271,723.96732470,0.03816787,1177.83789397,0.01998529,0.01998529,29893,91,0
6685.83130926,6685.83178294,730.74006589,730.72572950,0.05322017,1178.09782095,0.01998529,0.01998529,29892,91,0
6686.05512394,6686.05548025,737.51273922,737.50194796,0.05349689,1178.35760491,0.01998529,0.01998529,29891,91,0
6686.27888831,6686.27919254,744.29043610,744.28121574,0.04400819,1178.61667599,0.01998529,0.01998529,29890,91,0
6686.50254558,6686.50291979,751.07348143,751.06213151,0.03363529,1178.87497979,0.01998529,0.01998529,29889,91,0
6686.72620230,6686.72666202,757.86220159,757.84824732,0.06262675,1179.13265036,0.01998529,0.01998529,29888,91,0
6686.95022756,6686.95041921,764.65682599,764.65100393,0.03986666,1179.39011810,0.01998529,0.01998529,29887,91,0
6687.17459288,6687.17419138,771.45726770,771.46947375,0.03996005,1179.64734195,0.01998529,0.01998529,29886,91,0
6687.39873190,6687.39797853,778.26337552,778.28629667,0.04597803,1179.90366441,0.01998529,0.01998529,29885,91,0
6687.62196165,6687.62178065,785.07499754,785.08050829,0.02152846,1180.15830167,0.01998529,0.01998529,29884,91,0
6687.84569262,6687.84559776,791.89198111,791.89487151,0.06282616,1180.41285688,0.01998529,0.01998529,29883,91,0
6688.06950319,6688.06942984,798.71421382,798.71645042,0.05233280,1180.66684177,0.01998529,0.01998529,29882,91,0
6688.29403190,6688.29327690,805.54173827,805.56477464,0.03226147,1180.92097721,0.01998529,0.01998529,29881,91,0
6688.51701541,6688.51713895,812.37463411,812.37086196,0.03152354,1181.17270619,0.01998529,0.01998529,29880,91,0
6688.74125946,6688.74101598,819.21298136,819.22042140,0.04345303,1181.42519852,0.01998529,0.01998529,29879,91,0
6688.96464790,6688.96490799,826.05686044,826.04890709,0.06515110,1181.67607072,0.01998529,0.01998529,29878,91,0
6689.18931369,6689.18881500,832.90633767,832.92159881,0.04311998,1181.92771684,0.01998529,0.01998529,29877,91,0
6689.41249319,6689.41273699,839.76141887,839.75395252,0.06189954,1182.17704056,0.01998529,0.01998529,29876,91,0
6689.63592058,6689.63667397,846.62209387,846.59900398,0.03766278,1182.42598236,0.01998529,0.01998529,29875,91,0
6689.86078372,6689.86062595,853.48835244,853.49319140,0.03135817,1182.67585596,0.01998529,0.01998529,29874,91,0
6690.08451587,6690.08459292,860.36018429,860.35781939,0.04029943,1182.92380548,0.01998529,0.01998529,29873,91,0
6690.30897700,6690.30857488,867.23760886,867.24996075,0.05010092,1183.17189277,0.01998529,0.01998529,29872,91,0
6690.53355109,6690.53257184,874.12077658,874.15087987,0.05429212,1183.41943668,0.01998529,0.01998529,29871,91,0
6690.75711379,6690.75658380,881.00987453,881.02618036,0.01850769,1183.66520651,0.01998529,0.01998529,29870,91,0
6690.97985083,6690.98061075,887.90509072,887.88169176,0.05892853,1183.90941911,0.01998529,0.01998529,29869,91,0
6691.20459129,6691.20465271,894.80661404,894.80472121,0.05901850,1184.15517572,0.01998529,0.01998529,29868,91,0
6691.42829366,6691.42870967,901.71454467,901.70171313,0.05647772,1184.39914753,0.01998529,0.01998529,29867,91,0
6691.65272332,6691.65278164,908.62859634,908.62679632,0.04996581,1184.64324889,0.01998529,0.01998529,29866,91,0
6691.87720715,6691.87686861,915.54837694,915.55883488,0.03834426,1184.88672822,0.01998529,0.01998529,29865,91,0
6692.10168346,6692.10097058,922.47349245,922.49552878,0.04494443,1185.12950258,0.01998529,0.01998529,29864,91,0
6692.32549876,6692.32508757,929.40354687,929.41626556,0.05050242,1185.37085268,0.01998529,0.01998529,29863,91,0
6692.54943048,6692.54921956,936.33827877,936.34480655,0.04353684,1185.61160869,0.01998529,0.01998529,29862,91,0
6692.77370749,6692.77336657,943.27797027,943.28852882,0.04373828,1185.85202266,0.01998529,0.01998529,29861,91,0
6692.99860718,6692.99752859,950.22304076,950.25647071,0.05404687,1186.09240012,0.01998529,0.01998529,29860,91,0
6693.22170211,6693.22170562,957.17391171,957.17380276,0.05819308,1186.33016459,0.01998529,0.01998529,29859,91,0
6693.44635654,6693.44589768,964.13100666,964.14525214,0.05523845,1186.56891513,0.01998529,0.01998529,29858,91,0
6693.67046947,6693.67010474,971.09460757,971.10594035,0.06773382,1186.80642172,0.01998529,0.01998529,29857,91,0
6693.89353516,6693.89432683,978.06449884,978.03988000,0.02507010,1187.04214590,0.01998529,0.01998529,29856,91,0
6694.11847943,6694.11856394,985.04035552,985.03772549,0.06001375,1187.27916255,0.01998529,0.01998529,29855,91,0
6694.34331225,6694.34281607,992.02185100,992.03730374,0.06050995,1187.51535346,0.01998529,0.01998529,29854,91,0
6694.56698330,6694.56708322,999.00865719,999.00554335,0.05627650,1187.74960831,0.01998529,0.01998529,29853,91,0
6694.79177020,6694.79136540,1006.00057780,1006.01320152,0.07177783,1187.98430425,0.01998529,0.01998529,29852,91,0
6695.01599584,6695.01566260,1012.99779642,1013.00819583,0.06282559,1188.21769191,0.01998529,0.01998529,29851,91,0
6695.24002259,6695.23997484,1020.00056505,1020.00205644,0.05541674,1188.45015863,0.01998529,0.01998529,29850,91,0
6695.46466268,6695.46430210,1027.00913695,1027.02040685,0.06416928,1188.68255167,0.01998529,0.01998529,29849,91,0
6695.68956966,6695.68864439,1034.02376609,1034.05270879,0.06644638,1188.91451479,0.01998530,0.01998529,29848,91,0
6695.91334958,6695.91300172,1041.04459434,1041.05548427,0.06366876,1189.14461683,0.01998529,0.01998529,29847,91,0
6696.13837695,6696.13737408,1048.07151176,1048.10293219,0.05837347,1189.37529299,0.01998530,0.01998529,29846,91,0
6696.36230909,6696.36176147,1055.10437377,1055.12154411,0.04851198,1189.60413420,0.01998529,0.01998529,29845,91,0
6696.58681994,6696.58616391,1062.14303503,1062.16362003,0.04922871,1189.83284673,0.01998529,0.01998529,29844,91,0
6696.81123879,6696.81058138,1069.18735051,1069.20799365,0.04995965,1190.06073824,0.01998529,0.01998529,29843,91,0
6697.03505079,6697.03501389,1076.23724968,1076.23840925,0.04731350,1190.28728507,0.01998529,0.01998529,29842,91,0
6697.25962606,6697.25946144,1083.29278658,1083.29796307,0.04334946,1190.51387307,0.01998529,0.01998529,29841,91,0
6697.48376967,6697.48392404,1090.35402726,1090.34916916,0.04504071,1190.73929511,0.01998529,0.01998529,29840,91,0
6697.70814284,6697.70840168,1097.42103812,1097.41288622,0.03317702,1190.96421723,0.01998529,0.01998529,29839,91,0
6697.93284649,6697.93289437,1104.49388842,1104.49237941,0.03274821,1191.18873800,0.01998529,0.01998529,29838,91,0
6698.15794261,6698.15740210,1111.57272882,1111.58977803,0.03613711,1191.41291851,0.01998529,0.01998529,29837,91,0
6698.38200370,6698.38192489,1118.65780676,1118.66029492,0.03946948,1191.63534582,0.01998529,0.01998529,29836,91,0
6698.60640997,6698.60646272,1125.74937650,1125.74770966,0.05245468,1191.85739911,0.01998529,0.01998529,29835,91,0
6698.83129523,6698.83101561,1132.84769358,1132.85653641,0.05443484,1192.07921244,0.01998529,0.01998529,29834,91,0
6699.05491888,6699.05558355,1139.95299311,1139.93195327,0.05619730,1192.29907757,0.01998529,0.01998529,29833,91,0
6699.27987880,6699.28016655,1147.06516336,1147.05604687,0.05744212,1192.51954236,0.01998529,0.01998529,29832,91,0
6699.50498810,6699.50476460,1154.18381176,1154.19089849,0.05141254,1192.73942193,0.01998529,0.01998529,29831,91,0
6699.72967382,6699.72937771,1161.30853577,1161.31793166,0.04232773,1192.95814325,0.01998529,0.01998529,29830,91,0
6699.95430962,6699.95400589,1168.43893070,1168.44857552,0.03136949,1193.17605788,0.01998529,0.01998529,29829,91,0
6700.17833212,6700.17864912,1175.57464942,1175.56457659,0.04338023,1193.39261013,0.01998529,0.01998529,29828,91,0
6700.40367473,6700.40330741,1182.71586058,1182.72754071,0.04450572,1193.60966855,0.01998529,0.01998529,29827,91,0
6700.62825402,6700.62798077,1189.86299957,1189.87169539,0.05144083,1193.82523459,0.01998529,0.01998529,29826,91,0
6700.85298674,6700.85266920,1197.01650621,1197.02662011,0.05657548,1194.04020236,0.01998529,0.01998529,29825,91,0
6701.07774546,6701.07737269,1204.17682266,1204.18870661,0.04631638,1194.25445998,0.01998529,0.01998529,29824,91,0
6701.30199651,6701.30209126,1211.34429250,1211.34126908,0.03610116,1194.46750875,0.01998529,0.01998529,29823,91,0
6701.52671028,6701.52682489,1218.51877669,1218.51511628,0.03361751,1194.68026410,0.01998529,0.01998529,29822,91,0
6701.75116832,6701.75157359,1225.69999008,1225.68703531,0.04161920,1194.89203384,0.01998529,0.01998529,29821,91,0
6701.97700798,6701.97633737,1232.88764600,1232.90909979,0.06013938,1195.10434622,0.01998530,0.01998529,29820,91,0
6702.20119899,6702.20111622,1240.08145647,1240.08410647,0.06192277,1195.31434308,0.01998529,0.01998529,29819,91,0
6702.42593485,6702.42591015,1247.28124596,1247.28203739,0.04055696,1195.52407737,0.01998529,0.01998529,29818,91,0
6702.65107533,6702.65071916,1254.48713322,1254.49855408,0.03087076,1195.73341460,0.01998529,0.01998529,29817,91,0
6702.87534878,6702.87554325,1261.69928478,1261.69304406,0.04421647,1195.94117735,0.01998529,0.01998529,29816,91,0
6703.10044889,6703.10038241,1268.91786805,1268.92000307,0.05641624,1196.14893734,0.01998529,0.01998529,29815,91,0
6703.32563415,6703.32523666,1276.14304933,1276.15582702,0.04752096,1196.35600792,0.01998529,0.01998529,29814,91,0
6703.55071704,6703.55010600,1283.37490793,1283.39456772,0.04011424,1196.56221659,0.01998530,0.01998529,29813,91,0
6703.77481612,6703.77499042,1290.61340187,1290.60778937,0.03310718,1196.76675772,0.01998529,0.01998529,29812,91,0
6703.99956344,6703.99988993,1297.85848003,1297.84795785,0.05941812,1196.97111880,0.01998529,0.01998529,29811,91,0
6704.22562718,6704.22480452,1305.11009098,1305.13662579,0.04968698,1197.17589339,0.01998530,0.01998529,29810,91,0
6704.44997113,6704.44973421,1312.36818232,1312.37583045,0.03693849,1197.37832942,0.01998530,0.01998529,29809,91,0
6704.67449051,6704.67467898,1319.63269231,1319.62660302,0.03791588,1197.58014104,0.01998529,0.01998529,29808,91,0
6704.89896183,6704.89963885,1326.90355228,1326.88166162,0.05307646,1197.78112245,0.01998529,0.01998529,29807,91,0
6705.12488153,6705.12461382,1334.18069305,1334.18935581,0.04377282,1197.98260186,0.01998530,0.01998529,29806,91,0
6705.34937469,6705.34960388,1341.46404503,1341.45662275,0.03840068,1198.18201106,0.01998529,0.01998529,29805,91,0
6705.57544318,6705.57460904,1348.75357690,1348.78061160,0.03795522,1198.38201256,0.01998530,0.01998529,29804,91,0
6705.79969651,6705.79962930,1356.04947013,1356.05165038,0.05586372,1198.57961072,0.01998529,0.01998529,29803,91,0
6706.02430181,6706.02466466,1363.35198008,1363.34020059,0.03617443,1198.77672743,0.01998529,0.01998529,29802,91,0
6706.24959216,6706.24971512,1370.66136357,1370.65736838,0.03324936,1198.97365396,0.01998529,0.01998529,29801,91,0
6706.47476571,6706.47478068,1377.97787834,1377.97739136,0.06216695,1199.16969075,0.01998529,0.01998529,29800,91,0
6706.69991286,6706.69986135,1385.30165598,1385.30333255,0.03659790,1199.36491810,0.01998529,0.01998529,29799,91,0
6706.92444781,6706.92495713,1392.63253054,1392.61593587,0.04144689,1199.55882436,0.01998529,0.01998529,29798,91,0
6707.14982512,6707.15006802,1399.97029258,1399.96237178,0.05712390,1199.75265627,0.01998529,0.01998530,29797,91,0
6707.37512298,6707.37519401,1407.31473148,1407.31241316,0.03411663,1199.94560889,0.01998529,0.01998530,29796,91,0
6707.59971070,6707.60033512,1414.66564024,1414.64524467,0.03638094,1200.13713850,0.01998529,0.01998530,29795,91,0
6707.82565979,6707.82549134,1422.02292491,1422.02843142,0.05441411,1200.32900327,0.01998530,0.01998530,29794,91,0
6708.05111886,6708.05066267,1429.38660742,1429.40153199,0.03214123,1200.51962452,0.01998530,0.01998530,29793,91,0
6708.27590646,6708.27584912,1436.75671500,1436.75859243,0.05922543,1200.70885354,0.01998530,0.01998530,29792,91,0
6708.50156221,6708.50105069,1444.13327503,1444.15003681,0.05637006,1200.89798364,0.01998530,0.01998530,29791,91,0
6708.72655127,6708.72626737,1451.51635147,1451.52566202,0.03816399,1201.08572654,0.01998530,0.01998530,29790,91,0
6708.95101500,6708.95149918,1458.90625906,1458.89036587,0.05655936,1201.27221227,0.01998529,0.01998530,29789,91,0
6709.17667641,6709.17674611,1466.30341966,1466.30112947,0.03781624,1201.45887666,0.01998529,0.01998530,29788,91,0
6709.40225245,6709.40200816,1473.70825780,1473.71629206,0.03868466,1201.64466028,0.01998530,0.01998530,29787,91,0
6709.62758576,6709.62728534,1481.12119950,1481.13109022,0.05248227,1201.82944297,0.01998530,0.01998530,29786,91,0
6709.85254788,6709.85257764,1488.54238332,1488.54140226,0.02755480,1202.01312303,0.01998530,0.01998530,29785,91,0
6710.07761323,6710.07788508,1495.97125008,1495.96228276,0.05315590,1202.19607238,0.01998529,0.01998530,29784,91,0
6710.30330735,6710.30320764,1503.40713427,1503.41042628,0.03775764,1202.37869504,0.01998530,0.01998530,29783,91,0
6710.52861593,6710.52854533,1510.84936662,1510.85169914,0.05454119,1202.56014998,0.01998530,0.01998530,29782,91,0
6710.75402224,6710.75389816,1518.29730815,1518.30141043,0.04391787,1202.74081020,0.01998530,0.01998530,29781,91,0
6710.97918075,6710.97926612,1525.75096382,1525.74813954,0.05877818,1202.92039767,0.01998530,0.01998530,29780,91,0
6711.20497819,6711.20464921,1533.21091782,1533.22181121,0.04812761,1203.09962925,0.01998530,0.01998530,29779,91,0
6711.42997473,6711.43004744,1540.67777803,1540.67536793,0.03653860,1203.27737505,0.01998530,0.01998530,29778,91,0
6711.65558364,6711.65546082,1548.15215580,1548.15623053,0.05933642,1203.45476448,0.01998530,0.01998530,29777,91,0
6711.88050610,6711.88088933,1555.63453804,1555.62181177,0.03215221,1203.63078529,0.01998529,0.01998530,29776,91,0
6712.10664113,6712.10633298,1563.12478898,1563.13503200,0.04889775,1203.80691445,0.01998530,0.01998530,29775,91,0
6712.33168815,6712.33179178,1570.62258114,1570.61913348,0.03480987,1203.98134882,0.01998530,0.01998530,29774,91,0
6712.55723662,6712.55726572,1578.12758509,1578.12661603,0.05385390,1204.15531322,0.01998530,0.01998530,29773,91,0
6712.78252490,6712.78275481,1585.63947339,1585.63181121,0.03086852,1204.32820860,0.01998530,0.01998530,29772,91,0
6713.00803563,6713.00825904,1593.15813307,1593.15068090,0.05069099,1204.50040036,0.01998530,0.01998530,29771,91,0
6713.23348016,6713.23377843,1600.68377675,1600.67381894,0.03430853,1204.67166947,0.01998530,0.01998530,29770,91,0
6713.45927945,6713.45931297,1608.21664527,1608.21552523,0.05353201,1204.84233682,0.01998530,0.01998530,29769,91,0
6713.68476922,6713.68486266,1615.75698082,1615.75385580,0.06222173,1205.01190277,0.01998530,0.01998530,29768,91,0
6713.91052819,6713.91042750,1623.30499699,1623.30836802,0.04308371,1205.18080463,0.01998530,0.01998530,29767,91,0
6714.13651572,6714.13600750,1630.86066797,1630.87769855,0.05395303,1205.34900560,0.01998530,0.01998530,29766,91,0
6714.36199349,6714.36160265,1638.42385198,1638.43696085,0.02939831,1205.51595171,0.01998530,0.01998530,29765,91,0
6714.58717710,6714.58721297,1645.99440567,1645.99320149,0.05051358,1205.68180129,0.01998530,0.01998530,29764,91,0
6714.81266936,6714.81283844,1653.57218552,1653.56650435,0.03281900,1205.84699230,0.01998530,0.01998530,29763,91,0
6715.03853844,6715.03847908,1661.15715312,1661.15914957,0.05037944,1206.01156702,0.01998530,0.01998530,29762,91,0
6715.26385031,6715.26413488,1668.74948999,1668.73991113,0.06013044,1206.17484712,0.01998530,0.01998530,29761,91,0
6715.49017946,6715.48980584,1676.34940609,1676.36199447,0.03700397,1206.33797252,0.01998530,0.01998530,29760,91,0
6715.71567913,6715.71549197,1683.95711260,1683.96342484,0.04752217,1206.49961265,0.01998530,0.01998530,29759,91,0
6715.94117906,6715.94119327,1691.57279763,1691.57231812,0.02636730,1206.66036809,0.01998530,0.01998530,29758,91,0
6716.16676085,6716.16690974,1699.19639695,1699.19136604,0.04936061,1206.82029212,0.01998530,0.01998530,29757,91,0
6716.39264969,6716.39264137,1706.82769514,1706.82797627,0.04820178,1206.97953452,0.01998530,0.01998530,29756,91,0
6716.61826283,6716.61838818,1714.46647353,1714.46222999,0.02576020,1207.13767683,0.01998530,0.01998530,29755,91,0
6716.84432646,6716.84415017,1722.11251256,1722.11848590,0.04806145,1207.29521957,0.01998530,0.01998530,29754,91,0
6717.06989634,6717.06992733,1729.76571225,1729.76466151,0.05916005,1207.45150016,0.01998530,0.01998530,29753,91,0
6717.29595305,6717.29571966,1737.42625059,1737.43417235,0.02950603,1207.60719883,0.01998530,0.01998530,29752,91,0
6717.52213228,6717.52152718,1745.09434573,1745.11490366,0.05150045,1207.76206252,0.01998530,0.01998530,29751,91,0
6717.74761005,6717.74734987,1752.77021711,1752.77906488,0.05393593,1207.91553201,0.01998530,0.01998530,29750,91,0
6717.97351444,6717.97318775,1760.45406959,1760.46519012,0.02947151,1208.06837783,0.01998530,0.01998530,29749,91,0
6718.19890796,6718.19904081,1768.14594532,1768.14141873,0.04781241,1208.21996390,0.01998530,0.01998530,29748,91,0
6718.42518479,6718.42490905,1775.84578999,1775.85519449,0.05849893,1208.37122141,0.01998530,0.01998530,29747,91,0
6718.65103340,6718.65079248,1783.55354769,1783.56177238,0.03502499,1208.52126665,0.01998530,0.01998530,29746,91,0
6718.87689882,6718.87669110,1791.26916217,1791.27626030,0.05644536,1208.67039364,0.01998530,0.01998530,29745,91,0
6719.10263331,6719.10260491,1798.99258014,1798.99355173,0.04973629,1208.81850145,0.01998530,0.01998530,29744,91,0
6719.32843964,6719.32853390,1806.72375482,1806.72052749,0.05030658,1208.96571956,0.01998530,0.01998530,29743,91,0
6719.55478798,6719.55447809,1814.46263990,1814.47325891,0.03824087,1209.11234678,0.01998530,0.01998530,29742,91,0
6719.77998824,6719.78043748,1822.20918879,1822.19378059,0.04869544,1209.25728817,0.01998530,0.01998530,29741,91,0
6720.00638248,6720.00641206,1829.96336946,1829.96235411,0.04783865,1209.40204723,0.01998530,0.01998530,29740,91,0
6720.23241619,6720.23240183,1837.72526539,1837.72575864,0.05466797,1209.54562329,0.01998530,0.01998530,29739,91,0
6720.45825882,6720.45840681,1845.49501482,1845.48992494,0.02929589,1209.68812697,0.01998530,0.01998530,29738,91,0
6720.68431704,6720.68442698,1853.27275711,1853.26897220,0.05260415,1209.82981416,0.01998530,0.01998530,29737,91,0
6720.91096780,6720.91046236,1861.05863253,1861.07605151,0.04547934,1209.97091537,0.01998530,0.01998530,29736,91,0
6721.13627085,6721.13651293,1868.85278616,1868.84443509,0.04818372,1210.11022688,0.01998530,0.01998530,29735,91,0
6721.36260950,6721.36257872,1876.65536969,1876.65643279,0.05007066,1210.24922374,0.01998530,0.01998530,29734,91,0
6721.58851477,6721.58865970,1884.46653619,1884.46152614,0.02681230,1210.38699937,0.01998530,0.01998530,29733,91,0
6721.81504611,6721.81475590,1892.28643965,1892.29648235,0.04677567,1210.52419796,0.01998530,0.01998530,29732,91,0
6722.04124032,6722.04086731,1900.11515472,1900.12807628,0.04537625,1210.66023212,0.01998530,0.01998530,29731,91,0
6722.26710256,6722.26699392,1907.95238189,1907.95614915,0.04473160,1210.79510058,0.01998530,0.01998530,29730,91,0
6722.49278730,6722.49313575,1915.79771051,1915.78561628,0.04953914,1210.92888848,0.01998530,0.01998530,29729,91,0
6722.71949274,6722.71929279,1923.65072732,1923.65767345,0.05518412,1211.06229048,0.01998530,0.01998530,29728,91,0
6722.94531529,6722.94546505,1931.51104503,1931.50583828,0.02615920,1211.19417600,0.01998530,0.01998530,29727,91,0
6723.17138725,6723.17165252,1939.37877520,1939.36954378,0.05258689,1211.32520949,0.01998530,0.01998530,29726,91,0
6723.39757768,6723.39785521,1947.25445732,1947.24478977,0.04973931,1211.45531857,0.01998530,0.01998530,29725,91,0
6723.62386679,6723.62407313,1955.13864798,1955.13145286,0.04274907,1211.58449633,0.01998530,0.01998530,29724,91,0
6723.84996384,6723.85030626,1963.03190590,1963.01995231,0.04838385,1211.71258306,0.01998530,0.01998530,29723,91,0
6724.07799168,6724.07655461,1970.93448911,1970.98471137,0.05311734,1211.84077048,0.01998530,0.01998530,29722,91,0
6724.30308210,6724.30281820,1978.84596696,1978.85519924,0.03958597,1211.96631791,0.01998530,0.01998530,29721,91,0
6724.52903357,6724.52909700,1986.76581079,1986.76358965,0.04339526,1212.09134581,0.01998530,0.01998530,29720,91,0
6724.75532656,6724.75539104,1994.69348850,1994.69122872,0.05337521,1212.21554710,0.01998530,0.01998530,29719,91,0
6724.98194459,6724.98170030,2002.62854813,2002.63711724,0.05363020,1212.33889810,0.01998530,0.01998530,29718,91,0
6725.20815940,6725.20802479,2010.57106712,2010.57579324,0.05214333,1212.46100121,0.01998530,0.01998530,29717,91,0
6725.43425357,6725.43436452,2018.52133227,2018.51743332,0.06038615,1212.58201389,0.01998530,0.01998530,29716,91,0
6725.66045837,6725.66071948,2026.47963267,2026.47044814,0.02534040,1212.70206125,0.01998530,0.01998530,29715,91,0
6725.88711583,6725.88708967,2034.44625999,2034.44718125,0.04948848,1212.82132209,0.01998530,0.01998530,29714,91,0
6726.11347483,6726.11347510,2042.42152230,2042.42151272,0.05252676,1212.93940131,0.01998530,0.01998530,29713,91,0
6726.33938324,6726.33987577,2050.40574345,2050.38836442,0.05364073,1213.05622589,0.01998530,0.01998530,29712,91,0
6726.56600457,6726.56629168,2058.39924993,2058.38910783,0.04588778,1213.17239682,0.01998530,0.01998530,29711,91,0
6726.79237902,6726.79272283,2066.40236939,2066.39021072,0.05098087,1213.28741984,0.01998530,0.01998530,29710,91,0
6727.01915882,6727.01916922,2074.41526287,2074.41489454,0.05569318,1213.40162362,0.01998530,0.01998530,29709,91,0
6727.24577428,6727.24563086,2082.43772974,2082.44281321,0.01949223,1213.51471283,0.01998530,0.01998530,29708,91,0
6727.47177953,6727.47210774,2090.46952105,2090.45787517,0.05555060,1213.62646290,0.01998530,0.01998530,29707,91,0
6727.69892989,6727.69859987,2098.51038614,2098.52210849,0.05454613,1213.73773079,0.01998530,0.01998530,29706,91,0
6727.92487526,6727.92510725,2106.56010219,2106.55185325,0.05629483,1213.84735904,0.01998530,0.01998530,29705,91,0
6728.15186962,6728.15162988,2114.61859209,2114.62712494,0.04577352,1213.95643770,0.01998530,0.01998530,29704,91,0
6728.37838012,6728.37816777,2122.68582397,2122.69338982,0.05045543,1214.06422222,0.01998530,0.01998530,29703,91,0
6728.60449429,6728.60472090,2130.76176575,2130.75368358,0.05147308,1214.17075645,0.01998530,0.01998530,29702,91,0
6728.83127480,6728.83128929,2138.84639867,2138.84588117,0.03847501,1214.27653538,0.01998530,0.01998530,29701,91,0
6729.05767000,6729.05787294,2146.93986583,2146.93261303,0.03324387,1214.38106477,0.01998530,0.01998530,29700,91,0
6729.28408239,6729.28447185,2155.04241746,2155.02848418,0.04508538,1214.48453263,0.01998530,0.01998530,29699,91,0
6729.51078504,6729.51108601,2163.15430732,2163.14352772,0.04396134,1214.58706102,0.01998530,0.01998530,29698,91,0
6729.73779191,6729.73771544,2171.27578612,2171.27852815,0.04717649,1214.68865132,0.01998530,0.01998530,29697,91,0
6729.96438477,6729.96436013,2179.40693761,2179.40782198,0.05143096,1214.78897992,0.01998530,0.01998530,29696,91,0
6730.19047985,6730.19102009,2187.54763501,2187.52822143,0.05477818,1214.88801073,0.01998530,0.01998530,29695,91,0
6730.41779279,6730.41769531,2195.69773731,2195.70124431,0.04894113,1214.98648438,0.01998530,0.01998530,29694,91,0
6730.64406071,6730.64438579,2203.85710248,2203.84539525,0.04151934,1215.08341378,0.01998530,0.01998530,29693,91,0
6730.87110870,6730.87109155,2212.02558107,2212.02619921,0.04191506,1215.17957710,0.01998530,0.01998530,29692,91,0
6731.09755831,6731.09781258,2220.20300775,2220.19383204,0.04460194,1215.27438352,0.01998530,0.01998530,29691,91,0
6731.32453541,6731.32454888,2228.38921395,2228.38872732,0.05312846,1215.36829929,0.01998530,0.01998530,29690,91,0
6731.55130075,6731.55130045,2236.58402988,2236.58404056,0.05095779,1215.46101068,0.01998530,0.01998530,29689,91,0
6731.77793150,6731.77806730,2244.78737196,2244.78245678,0.04539543,1215.55254731,0.01998530,0.01998530,29688,91,0
6732.00488318,6732.00484943,2252.99952485,2253.00074771,0.04039768,1215.64309139,0.01998530,0.01998530,29687,91,0
6732.23128712,6732.23164683,2261.22087243,2261.20782613,0.04992747,1215.73229852,0.01998530,0.01998530,29686,91,0
6732.45842804,6732.45845951,2269.45180122,2269.45065860,0.05025252,1215.82067380,0.01998530,0.01998530,29685,91,0
6732.68571186,6732.68528748,2277.69266189,2277.70808903,0.04618419,1215.90797923,0.01998530,0.01998530,29684,91,0
6732.91168825,6732.91213073,2285.94351968,2285.92741677,0.04190489,1215.99366287,0.01998530,0.01998530,29683,91,0
6733.13892877,6733.13898926,2294.20430992,2294.20210624,0.04401609,1216.07869524,0.01998530,0.01998530,29682,91,0
6733.36576454,6733.36586308,2302.47496676,2302.47137267,0.04735651,1216.16244062,0.01998530,0.01998530,29681,91,0
6733.59290048,6733.59275218,2310.75541763,2310.76083291,0.04032858,1216.24515515,0.01998530,0.01998530,29680,91,0
6733.81993593,6733.81965658,2319.04550632,2319.05571821,0.03565508,1216.32668578,0.01998530,0.01998530,29679,91,0
6734.04678343,6734.04657626,2327.34501651,2327.35259771,0.05193430,1216.40699716,0.01998530,0.01998530,29678,91,0
6734.27355938,6734.27351124,2335.65372907,2335.65549246,0.04611707,1216.48612644,0.01998530,0.01998530,29677,91,0
6734.50048654,6734.50046151,2343.97143822,2343.97235621,0.04080812,1216.56414499,0.01998530,0.01998530,29676,91,0
6734.72681954,6734.72742708,2352.29830620,2352.27600522,0.04763161,1216.64079766,0.01998530,0.01998530,29675,91,0
6734.95423072,6734.95440794,2360.63488073,2360.62836821,0.05528470,1216.71664818,0.01998530,0.01998530,29674,91,0
6735.18145223,6735.18140410,2368.98173124,2368.98350210,0.03780660,1216.79126778,0.01998530,0.01998530,29673,91,0
6735.40830130,6735.40841556,2377.33942337,2377.33521403,0.04281025,1216.86460133,0.01998530,0.01998530,29672,91,0
6735.63594930,6735.63544233,2385.70813567,2385.72683538,0.05294331,1216.93702111,0.01998531,0.01998530,29671,91,0
6735.86220803,6735.86248439,2394.08748236,2394.07727704,0.04123123,1217.00782763,0.01998530,0.01998530,29670,91,0
6736.08909694,6736.08954176,2402.47703080,2402.46058589,0.05423147,1217.07765069,0.01998530,0.01998530,29669,91,0
6736.31708423,6736.31661444,2410.87634676,2410.89373353,0.03785557,1217.14661294,0.01998531,0.01998530,29668,91,0
6736.54345784,6736.54370242,2419.28517893,2419.27611760,0.05172020,1217.21389195,0.01998530,0.01998530,29667,91,0
6736.77090672,6736.77080571,2427.70363147,2427.70737775,0.03954528,1217.28028791,0.01998530,0.01998530,29666,91,0
6736.99750234,6736.99792432,2436.13184973,2436.11618177,0.03394189,1217.34523314,0.01998530,0.01998530,29665,91,0
6737.22543787,6737.22505823,2444.56998028,2444.58409178,0.05091497,1217.40934926,0.01998531,0.01998530,29664,91,0
6737.45185894,6737.45220746,2453.01824344,2453.00527331,0.03033042,1217.47183216,0.01998530,0.01998530,29663,91,0
6737.67932093,6737.67937201,2461.47703818,2461.47513507,0.04328200,1217.53338932,0.01998530,0.01998530,29662,91,0
6737.90653126,6737.90655187,2469.94679281,2469.94602371,0.02926750,1217.59366312,0.01998530,0.01998530,29661,91,0
6738.13337911,6738.13374705,2478.42793847,2478.41419446,0.04422038,1217.65262734,0.01998530,0.01998530,29660,91,0
6738.36078843,6738.36095755,2486.92065023,2486.91432469,0.03285979,1217.71051677,0.01998530,0.01998530,29659,91,0
6738.58828168,6738.58818338,2495.42434290,2495.42802408,0.05188128,1217.76719578,0.01998531,0.01998530,29658,91,0
6738.81546917,6738.81542452,2503.93828780,2503.93996142,0.04322231,1217.82255963,0.01998531,0.01998530,29657,91,0
6739.04266893,6739.04268099,2512.46175087,2512.46129840,0.04705936,1217.87667919,0.01998531,0.01998530,29656,91,0
6739.26995046,6739.26995279,2520.99425573,2520.99416823,0.03892113,1217.92956326,0.01998531,0.01998531,29655,91,0
6739.49692827,6739.49723991,2529.53620516,2529.52448670,0.05067757,1217.98112250,0.01998530,0.01998531,29654,91,0
6739.72421769,6739.72454236,2538.08818977,2538.07596715,0.03676348,1218.03149600,0.01998530,0.01998531,29653,91,0
6739.95199796,6739.95186015,2546.65080450,2546.65599863,0.04824183,1218.08071586,0.01998531,0.01998531,29652,91,0
6740.17969073,6740.17919326,2555.22450014,2555.24327337,0.05451906,1218.12865160,0.01998531,0.01998531,29651,91,0
6740.40634256,6740.40654171,2563.80919409,2563.80166948,0.03659749,1218.17510662,0.01998530,0.01998531,29650,91,0
6740.63328095,6740.63390550,2572.40468193,2572.38105689,0.04869588,1218.22035349,0.01998530,0.01998531,29649,91,0
6740.86120188,6740.86128462,2581.01075761,2581.00762411,0.04256999,1218.26451458,0.01998531,0.01998531,29648,91,0
6741.08810863,6741.08867908,2589.62728244,2589.60565409,0.05458187,1218.30719797,0.01998530,0.01998531,29647,91,0
6741.31595097,6741.31608888,2598.25436925,2598.24913403,0.05551560,1218.34876709,0.01998531,0.01998531,29646,91,0
6741.54335085,6741.54351403,2606.89218953,2606.88598802,0.02951149,1218.38896249,0.01998530,0.01998531,29645,91,0
6741.77018609,6741.77095451,2615.54091601,2615.51167823,0.04856296,1218.42776724,0.01998530,0.01998531,29644,91,0
6741.99833768,6741.99841035,2624.20072662,2624.19795854,0.04349468,1218.46549265,0.01998531,0.01998531,29643,91,0
6742.22546102,6742.22588152,2632.87181427,2632.85577491,0.04975077,1218.50174449,0.01998530,0.01998531,29642,91,0
6742.45320871,6742.45336805,2641.55437632,2641.54829085,0.04526242,1218.53678582,0.01998530,0.01998531,29641,91,0
6742.68058255,6742.68086992,2650.24861152,2650.23762229,0.04865455,1218.57045659,0.01998530,0.01998531,29640,91,0
6742.90833714,6742.90838715,2658.95464314,2658.95272824,0.02920494,1218.60286376,0.01998531,0.01998531,29639,91,0
6743.13568931,6743.13591973,2667.67235268,2667.66351901,0.04504095,1218.63389045,0.01998530,0.01998531,29638,91,0
6743.36349232,6743.36346766,2676.40157293,2676.40251950,0.04473361,1218.66364693,0.01998531,0.01998531,29637,91,0
6743.59078803,6743.59103095,2685.14213551,2685.13279949,0.03415415,1218.69200291,0.01998530,0.01998531,29636,91,0
6743.81824859,6743.81860959,2693.89396328,2693.88007196,0.05838473,1218.71904001,0.01998530,0.01998531,29635,91,0
6744.04616234,6744.04620360,2702.65722690,2702.65563728,0.04230535,1218.74478251,0.01998531,0.01998531,29634,91,0
6744.27384729,6744.27381296,2711.43213952,2711.43346392,0.04959116,1218.76914687,0.01998531,0.01998531,29633,91,0
6744.50136368,6744.50143769,2720.21891495,2720.21605612,0.04948710,1218.79213843,0.01998531,0.01998531,29632,91,0
6744.72900776,6744.72907778,2729.01760038,2729.01489244,0.03139060,1218.81378230,0.01998531,0.01998531,29631,91,0
6744.95675795,6744.95673323,2737.82787897,2737.82883605,0.04942129,1218.83406830,0.01998531,0.01998531,29630,91,0
6745.18430693,6745.18440405,2746.64938372,2746.64561825,0.04698756,1218.85296398,0.01998531,0.01998531,29629,91,0
6745.41241925,6745.41209024,2755.48174895,2755.49451903,0.04175955,1218.87052382,0.01998531,0.01998531,29628,91,0
6745.64009577,6745.63979180,2764.32492202,2764.33673399,0.04999442,1218.88666480,0.01998531,0.01998531,29627,91,0
6745.86728665,6745.86750873,2773.17937640,2773.17073549,0.05014944,1218.90138773,0.01998531,0.01998531,29626,91,0
6746.09547345,6746.09524104,2782.04563915,2782.05469345,0.05036774,1218.91477965,0.01998531,0.01998531,29625,91,0
6746.32267279,6746.32298871,2790.92423314,2790.91190874,0.02827016,1218.92671945,0.01998531,0.01998531,29624,91,0
6746.55049010,6746.55075177,2799.81540097,2799.80517941,0.05349227,1218.93728960,0.01998531,0.01998531,29623,91,0
6746.77852717,6746.77853020,2808.71903832,2808.71892006,0.05176364,1218.94645808,0.01998531,0.01998531,29622,91,0
6747.00635221,6747.00632401,2817.63501863,2817.63612322,0.04478567,1218.95420170,0.01998531,0.01998531,29621,91,0
6747.23402156,6747.23413320,2826.56321745,2826.55883956,0.04168267,1218.96052014,0.01998531,0.01998531,29620,91,0
6747.46200364,6747.46195777,2835.50356626,2835.50536772,0.04013078,1218.96541935,0.01998531,0.01998531,29619,91,0
6747.69002524,6747.68979772,2844.45604492,2844.46499033,0.03949591,1218.96888462,0.01998531,0.01998531,29618,91,0
6747.91766787,6747.91765306,2853.42063467,2853.42121768,0.04444279,1218.97090727,0.01998531,0.01998531,29617,91,0
6748.14538179,6748.14552379,2862.39730738,2862.39170975,0.04105225,1218.97148874,0.01998531,0.01998531,29616,91,0
6748.37374395,6748.37340991,2871.38594473,2871.39912868,0.03504209,1218.97061814,0.01998531,0.01998531,29615,91,0
6748.60127538,6748.60131141,2880.38637621,2880.38495211,0.03822394,1218.96829748,0.01998531,0.01998531,29614,91,0
6748.82950981,6748.82922831,2889.39842922,2889.40956672,0.03854502,1218.96450704,0.01998531,0.01998531,29613,91,0
6749.05723106,6749.05716060,2898.42201286,2898.42480387,0.04463421,1218.95925998,0.01998531,0.01998531,29612,91,0
6749.28507965,6749.28510829,2907.45750029,2907.45636449,0.04535227,1218.95253968,0.01998531,0.01998531,29611,91,0
6749.51288633,6749.51307137,2916.50542919,2916.49807994,0.03934632,1218.94434436,0.01998531,0.01998531,29610,91,0
6749.74123697,6749.74104985,2925.56634169,2925.57378420,0.04533632,1218.93464171,0.01998531,0.01998531,29609,91,0
6749.96889204,6749.96904372,2934.64058609,2934.63454477,0.04021028,1218.92347944,0.01998531,0.01998531,29608,91,0
6750.19680198,6750.19705300,2943.72789798,2943.71788658,0.04043191,1218.91080952,0.01998531,0.01998531,29607,91,0
6750.42444731,6750.42507768,2952.82789150,2952.80271847,0.04706200,1218.89665553,0.01998531,0.01998531,29606,91,0
6750.65263534,6750.65311777,2961.94018142,2961.92089193,0.05003524,1218.88095937,0.01998531,0.01998531,29605,91,0
6750.88095275,6750.88117326,2971.06468096,2971.05585256,0.05682357,1218.86373730,0.01998531,0.01998531,29604,91,0
6751.10948094,6751.10924416,2980.20181297,2980.21130556,0.04212401,1218.84497321,0.01998531,0.01998531,29603,91,0
6751.33754650,6751.33733046,2989.35205309,2989.36072595,0.04328139,1218.82471795,0.01998531,0.01998531,29602,91,0
6751.56544299,6751.56543218,2998.51586440,2998.51629925,0.04348329,1218.80294458,0.01998531,0.01998531,29601,91,0
6751.79357388,6751.79354931,3007.69339272,3007.69438212,0.04127231,1218.77960719,0.01998531,0.01998531,29600,91,0
6752.02151850,6752.02168185,3016.88449317,3016.87790743,0.04945299,1218.75474233,0.01998531,0.01998531,29599,91,0
6752.24926197,6752.24982980,3026.08900894,3026.06608435,0.05433937,1218.72834969,0.01998531,0.01998531,29598,91,0
6752.47824166,6752.47799317,3035.30681617,3035.31686174,0.03977320,1218.70024622,0.01998531,0.01998531,29597,91,0
6752.70588200,6752.70617196,3044.53805033,3044.52631134,0.03667837,1218.67074242,0.01998531,0.01998531,29596,91,0
6752.93441800,6752.93436617,3053.78296715,3053.78506841,0.03944084,1218.63954601,0.01998531,0.01998531,29595,91,0
6753.16269950,6753.16257581,3063.04182502,3063.04684728,0.05811679,1218.60679997,0.01998531,0.01998531,29594,91,0
6753.39103899,6753.39080086,3072.31469560,3072.32437783,0.04067220,1218.57245467,0.01998531,0.01998531,29593,91,0
6753.61909171,6753.61904134,3081.60103510,3081.60308610,0.03560976,1218.53655991,0.01998531,0.01998531,29592,91,0
6753.84775799,6753.84729724,3090.90016958,3090.91895250,0.05913071,1218.49896696,0.01998531,0.01998531,29591,91,0
6754.07595800,6754.07556857,3100.21143248,3100.22732715,0.04381234,1218.45984865,0.01998531,0.01998531,29590,91,0
6754.30361063,6754.30385533,3109.53479806,3109.52479792,0.03620470,1218.41922397,0.01998531,0.01998531,29589,91,0
6754.53200604,6754.53215752,3118.87116357,3118.86496475,0.03872343,1218.37685083,0.01998531,0.01998531,29588,91,0
6754.76054316,6754.76047514,3128.22150489,3128.22429250,0.04656426,1218.33282051,0.01998531,0.01998531,29587,91,0
6754.98800377,6754.98880820,3137.58672822,3137.55370894,0.04360445,1218.28736664,0.01998531,0.01998531,29586,91,0
6755.21691447,6755.21715669,3146.96688232,3146.95692505,0.05519055,1218.23997293,0.01998531,0.01998531,29585,91,0
6755.44603102,6755.44552061,3156.36147773,3156.38249009,0.04343997,1218.19087449,0.01998531,0.01998531,29584,91,0
6755.67368926,6755.67389998,3165.77001241,3165.76132557,0.04274449,1218.14043737,0.01998531,0.01998531,29583,91,0
6755.90157259,6755.90229478,3175.19213720,3175.16232359,0.05518365,1218.08829739,0.01998531,0.01998531,29582,91,0
6756.13071790,6756.13070503,3184.62809982,3184.62863164,0.05613796,1218.03419313,0.01998531,0.01998531,29581,91,0
6756.35997524,6756.35913072,3194.07829306,3194.11325715,0.04735546,1217.97837198,0.01998531,0.01998531,29580,91,0
6756.58716999,6756.58757186,3203.54310707,3203.52644454,0.03311376,1217.92137578,0.01998531,0.01998531,29579,91,0
6756.81612119,6756.81602844,3213.02265462,3213.02650605,0.05347734,1217.86224208,0.01998531,0.01998531,29578,91,0
6757.04450543,6757.04450046,3222.51665652,3222.51686314,0.03180450,1217.80155247,0.01998531,0.01998531,29577,91,0
6757.27313263,6757.27298794,3232.02480169,3232.03082687,0.05202467,1217.73909042,0.01998531,0.01998531,29576,91,0
6757.50129042,6757.50149087,3241.54682812,3241.53846938,0.03737747,1217.67504809,0.01998531,0.01998531,29575,91,0
6757.73045053,6757.73000925,3251.08292745,3251.10135535,0.04995928,1217.60899831,0.01998531,0.01998531,29574,91,0
6757.95899965,6757.95854308,3260.63352930,3260.65262376,0.03810270,1217.54139175,0.01998531,0.01998531,29573,91,0
6758.18668712,6758.18709237,3270.19906890,3270.18209483,0.05348454,1217.47230913,0.01998531,0.01998531,29572,91,0
6758.41549171,6758.41565712,3279.77985742,3279.77291870,0.05045425,1217.40113755,0.01998531,0.01998531,29571,91,0
6758.64401503,6758.64423732,3289.37587381,3289.36653457,0.03022870,1217.32829515,0.01998531,0.01998531,29570,91,0
6758.87247818,6758.87283299,3298.98704250,3298.97211375,0.03975619,1217.25370856,0.01998531,0.01998531,29569,91,0
6759.10256839,6759.10144412,3308.61328809,3308.66066395,0.05287019,1217.17680189,0.01998531,0.01998531,29568,91,0
6759.33013334,6759.33007071,3318.25455140,3318.25719453,0.02927097,1217.09896662,0.01998531,0.01998531,29567,91,0
6759.55888922,6759.55871276,3327.91078717,3327.91824487,0.05829629,1217.01894030,0.01998531,0.01998531,29566,91,0
6759.78679384,6759.78737028,3337.58195010,3337.55755106,0.05697018,1216.93742649,0.01998531,0.01998531,29565,91,0
6760.01635567,6760.01604327,3347.26808073,3347.28132297,0.04043078,1216.85351079,0.01998531,0.01998531,29564,91,0
6760.24458145,6760.24473173,3356.96957088,3356.96319070,0.04345021,1216.76827277,0.01998531,0.01998531,29563,91,0
6760.47454224,6760.47343566,3366.68690495,3366.73395981,0.03973439,1216.68054861,0.01998531,0.01998531,29562,91,0
6760.70222512,6760.70215507,3376.42055835,3376.42354220,0.03615077,1216.59186347,0.01998531,0.01998531,29561,91,0
6760.93060581,6760.93088994,3386.17061456,3386.15849352,0.04882169,1216.50106848,0.01998531,0.01998531,29560,91,0
6761.15957734,6761.15964030,3395.93670687,3395.93401692,0.05262792,1216.40818597,0.01998531,0.01998531,29559,91,0
6761.38845592,6761.38840613,3405.71844046,3405.72057117,0.05035160,1216.31348315,0.01998531,0.01998531,29558,91,0
6761.61696806,6761.61718744,3415.51549776,3415.50609638,0.02882629,1216.21707419,0.01998531,0.01998531,29557,91,0
6761.84617769,6761.84598423,3425.32796357,3425.33626672,0.05339115,1216.11849768,0.01998531,0.01998531,29556,91,0
6762.07496601,6762.07479650,3435.15604967,3435.16333626,0.04797943,1216.01822153,0.01998531,0.01998531,29555,91,0
6762.30313640,6762.30362426,3444.99997054,3444.97896709,0.04100834,1215.91633475,0.01998531,0.01998531,29554,91,0
6762.53211375,6762.53246750,3454.85996619,3454.84471258,0.04566964,1215.81218827,0.01998531,0.01998531,29553,91,0
6762.76161127,6762.76132623,3464.73630788,3464.74861878,0.04540318,1215.70588497,0.01998531,0.01998531,29552,91,0
6762.99083485,6762.99020044,3474.62927111,3474.65671525,0.04889177,1215.59777828,0.01998531,0.01998531,29551,91,0
6763.21956062,6763.21909015,3484.53905943,3484.55944490,0.03697179,1215.48797289,0.01998531,0.01998531,29550,91,0
6763.44801277,6763.44799535,3494.46551795,3494.46627398,0.06376528,1215.37636425,0.01998531,0.01998531,29549,91,0
6763.67687430,6763.67691604,3504.40838150,3504.40656725,0.05649061,1215.26261163,0.01998531,0.01998531,29548,91,0
6763.90554439,6763.90585223,3514.36738191,3514.35398026,0.05356085,1215.14700575,0.01998531,0.01998531,29547,91,0
6764.13496912,6764.13480391,3524.34224468,3524.34944799,0.03784857,1215.02905619,0.01998531,0.01998531,29546,91,0
6764.36367955,6764.36377109,3534.33268861,3534.32869174,0.05395129,1214.90951304,0.01998531,0.01998531,29545,91,0
6764.59230333,6764.59275377,3544.33842932,3544.31873262,0.03758246,1214.78805413,0.01998531,0.01998531,29544,91,0
6764.82200749,6764.82175195,3554.35950333,3554.37069443,0.03753409,1214.66403845,0.01998531,0.01998531,29543,91,0
6765.05061286,6765.05076563,3564.39713884,3564.39043709,0.05078829,1214.53861954,0.01998531,0.01998531,29542,91,0
6765.28007209,6765.27979482,3574.45285036,3574.46503551,0.04689916,1214.41070146,0.01998531,0.01998531,29541,91,0
6765.50843149,6765.50883951,3584.52805165,3584.51008662,0.02510873,1214.28134913,0.01998531,0.01998531,29540,91,0
6765.73716271,6765.73789971,3594.62245672,3594.58994969,0.05069760,1214.14973245,0.01998531,0.01998531,29539,91,0
6765.94852717,nan,0.00000000,3603.93293008,0.47968570,1214.02611304,0.01998526,0.01998531,29538,91,1
6766.19621268,6766.19606664,3614.86244030,3614.86890119,0.03841694,1213.87943117,0.01998531,0.01998531,29537,91,0
6766.42519399,6766.42517337,3625.00576441,3625.00667803,0.04823144,1213.74154300,0.01998531,0.01998531,29536,91,0
6766.65374721,6766.65429562,3635.16617458,3635.14183427,0.04703754,1213.60185138,0.01998531,0.01998531,29535,91,0
6766.88259149,6766.88343338,3645.34574389,3645.30830628,0.04906435,1213.45988087,0.01998531,0.01998531,29534,91,0
6767.11229715,6767.11258666,3655.54621575,3655.53331627,0.05652177,1213.31522687,0.01998531,0.01998531,29533,91,0
6767.34184463,6767.34175545,3665.76686331,3665.77084430,0.04457591,1213.16852104,0.01998531,0.01998531,29532,91,0
6767.57120558,6767.57093977,3676.00587673,3676.01776182,0.04244879,1213.01980229,0.01998531,0.01998531,29531,91,0
6767.80099836,6767.80013960,3686.26147206,3686.29992576,0.05875040,1212.86868315,0.01998532,0.01998531,29530,91,0
6768.02935532,6768.02935496,3696.53331666,3696.53333285,0.05142372,1212.71640208,0.01998531,0.01998531,29529,91,0
6768.25843279,6768.25858585,3706.82275927,3706.81588307,0.04432590,1212.56150221,0.01998531,0.01998531,29528,91,0
6768.48785508,6768.48783226,3717.13125474,3717.13228186,0.05788802,1212.40419118,0.01998531,0.01998531,29527,91,0
6768.71702755,6768.71709420,3727.45972161,3727.45671653,0.05049232,1212.24485109,0.01998531,0.01998531,29526,91,0
6768.94654847,6768.94637166,3737.80746096,3737.81544767,0.04363217,1212.08306503,0.01998532,0.01998531,29525,91,0
6769.17577600,6769.17566466,3748.17346770,3748.17850535,0.03208109,1211.91929046,0.01998532,0.01998531,29524,91,0
6769.40534261,6769.40497319,3758.55684588,3758.57358690,0.05172776,1211.75307964,0.01998532,0.01998531,29523,91,0
6769.63439728,6769.63429726,3768.95764610,3768.96218629,0.03693049,1211.58504124,0.01998532,0.01998531,29522,91,0
6769.86331031,6769.86363686,3779.37637631,3779.36152888,0.04867274,1211.41489556,0.01998531,0.01998531,29521,91,0
6770.09294397,6770.09299200,3789.81354656,3789.81135909,0.05364015,1211.24197535,0.01998531,0.01998531,29520,91,0
6770.32300990,6770.32236267,3800.26951187,3800.29904184,0.05762697,1211.06646501,0.01998532,0.01998531,29519,91,0
6770.55152205,6770.55174889,3810.74445821,3810.73409070,0.04196712,1210.88988311,0.01998531,0.01998531,29518,91,0
6770.78131725,6770.78115065,3821.23856458,3821.24619282,0.04134943,1210.71002831,0.01998532,0.01998531,29517,91,0
6771.01000861,6771.01056795,3831.75195078,3831.72629583,0.05642940,1210.52875387,0.01998531,0.01998531,29516,91,0
6771.23994021,6771.24000080,3842.28459616,3842.28181241,0.05440916,1210.34418975,0.01998531,0.01998531,29515,91,0
6771.46922485,6771.46944919,3852.83645958,3852.82613371,0.03624307,1210.15783229,0.01998531,0.01998531,29514,91,0
6771.69904674,6771.69891313,3863.40764265,3863.41380326,0.04372918,1209.96870850,0.01998531,0.01998532,29513,91,0
6771.92867932,6771.92839263,3873.99897828,3874.01222264,0.04955684,1209.77738546,0.01998532,0.01998532,29512,91,0
6772.15816040,6772.15788767,3884.61154041,3884.62416506,0.03825936,1209.58380630,0.01998532,0.01998532,29511,91,0
6772.38759634,6772.38739827,3895.24628636,3895.25547353,0.05515000,1209.38785521,0.01998532,0.01998532,29510,91,0
6772.61679644,6772.61692442,3905.90272696,3905.89677937,0.03971515,1209.18969662,0.01998531,0.01998532,29509,91,0
6772.84591808,6772.84646613,3916.57944449,3916.55393101,0.05763946,1208.98921435,0.01998531,0.01998532,29508,91,0
6773.07617790,6773.07602339,3927.27504412,3927.28224883,0.04789554,1208.78534294,0.01998532,0.01998532,29507,91,0
6773.30536099,6773.30559622,3937.98972083,3937.97873204,0.03411325,1208.58002856,0.01998531,0.01998532,29506,91,0
6773.53424224,6773.53518460,3948.72551447,3948.68140411,0.05356628,1208.37254886,0.01998531,0.01998532,29505,91,0
6773.76540937,6773.76478855,3959.48457761,3959.51370078,0.04425421,1208.16047195,0.01998532,0.01998532,29504,91,0
6773.99404382,6773.99440806,3970.26751812,3970.25039632,0.04933679,1207.94819765,0.01998531,0.01998532,29503,91,0
6774.22491961,6774.22404314,3981.07182545,3981.11309911,0.03100887,1207.73133589,0.01998532,0.01998532,29502,91,0
6774.45394650,6774.45369378,3991.89458961,3991.90650804,0.05171507,1207.51376934,0.01998532,0.01998532,29501,91,0
6774.68319721,6774.68336000,4002.73412120,4002.72643205,0.05373874,1207.29357928,0.01998532,0.01998532,29500,91,0
6774.91225243,6774.91304178,4013.59297845,4013.55562392,0.05350978,1207.07110647,0.01998531,0.01998532,29499,91,0
6775.14213518,6775.14273914,4024.47465597,4024.44601196,0.05353295,1206.84526374,0.01998531,0.01998532,29498,91,0
6775.37319264,6775.37245207,4035.38198336,4035.41718745,0.03964616,1206.61560349,0.01998532,0.01998532,29497,91,0
6775.60259099,6775.60218057,4046.31385375,4046.33340357,0.04477069,1206.38495989,0.01998532,0.01998532,29496,91,0
6775.83262103,6775.83192465,4057.26776046,4057.30099259,0.04163863,1206.15108748,0.01998532,0.01998532,29495,91,0
6776.06172720,6776.06168431,4068.24141606,4068.24346618,0.05514472,1205.91560973,0.01998532,0.01998532,29494,91,0
6776.29158712,6776.29145955,4079.23476277,4079.24087146,0.03399984,1205.67679544,0.01998532,0.01998532,29493,91,0
nan,nan,0.00000000,-1.00000000,0.00000000,1205.44106542,nan,0.00000000,-2147483648,91,1
nan,nan,0.00000000,-1.00000000,0.00000000,1200.84462023,nan,0.00000000,-2147483648,90,1
6735.18280602,6735.18140410,11.23181323,11.27085070,0.05891442,1201.16842262,0.01998531,0.01998530,29673,90,0
6735.41001153,6735.40841556,17.55507308,17.59954177,0.06152003,1201.49449040,0.01998531,0.01998530,29672,90,0
6735.63754015,6735.63544233,23.88276013,23.94124945,0.04190117,1201.82050202,0.01998531,0.01998530,29671,90,0
6735.86228690,6735.86248439,30.21493712,30.20942731,0.04937665,1202.14201870,0.01998530,0.01998530,29670,90,0
6736.08993997,6736.08954176,36.55166646,36.56278336,0.06928638,1202.46717913,0.01998531,0.01998530,29669,90,0
6736.31929899,6736.31661444,0.00000000,42.96261256,0.03850653,1202.79397975,0.01998531,0.01998530,29668,90,1
6736.54365596,6736.54370242,49.23859783,49.23729908,0.05319589,1203.11367071,0.01998531,0.01998530,29667,90,0
6736.76903548,6736.77080571,55.58848181,55.53897110,0.04006076,1203.43401969,0.01998530,0.01998530,29666,90,0
6736.99979650,6736.99792432,61.94242112,61.99481235,0.04080549,1203.76146095,0.01998531,0.01998530,29665,90,0
6737.22389496,6737.22505823,68.30024725,68.26767693,0.05241185,1204.07889935,0.01998530,0.01998530,29664,90,0
6737.45117630,6737.45220746,74.66182703,74.63294059,0.05575926,1204.40028593,0.01998530,0.01998530,29663,90,0
6737.67924661,6737.67937201,81.02726146,81.02374660,0.03462729,1204.72222474,0.01998531,0.01998530,29662,90,0
6737.90915676,6737.90655187,0.00000000,87.46332052,0.06466349,1205.04587286,0.01998531,0.01998530,29661,90,1
6738.13421938,6738.13374705,93.77047652,93.78373124,0.03865045,1205.36280240,0.01998531,0.01998530,29660,90,0
6738.36051412,6738.36095755,100.14865068,100.13619878,0.03298111,1205.68061117,0.01998530,0.01998530,29659,90,0
6738.59034239,6738.58818338,106.53146278,106.59213038,0.05944229,1206.00284815,0.01998531,0.01998530,29658,90,0
6738.81700761,6738.81542452,112.91900065,112.96351473,0.04289566,1206.32012580,0.01998531,0.01998530,29657,90,0
6739.04305183,6739.04268099,119.31122710,119.32166142,0.05012632,1206.63601210,0.01998531,0.01998530,29656,90,0
6739.27279071,6739.26995279,0.00000000,125.78607957,0.05835113,1206.95642836,0.01998531,0.01998531,29655,90,1
6739.49756888,6739.49723991,132.10956786,132.11883612,0.05950374,1207.26958557,0.01998531,0.01998531,29654,90,0
6739.72541607,6739.72454236,138.51559277,138.54022425,0.03847951,1207.58638478,0.01998531,0.01998531,29653,90,0
6739.95276757,6739.95186015,144.92612202,144.95172019,0.02092220,1207.90195166,0.01998531,0.01998531,29652,90,0
6740.18073863,6740.17919326,151.34108709,151.38470842,0.06139508,1208.21782890,0.01998531,0.01998531,29651,90,0
6740.40819360,6740.40654171,157.76041544,157.80707170,0.05240279,1208.53243756,0.01998531,0.01998531,29650,90,0
6740.63427665,6740.63390550,164.18403423,164.19452341,0.03658131,1208.84459586,0.01998531,0.01998531,29649,90,0
6740.86053699,6740.86128462,170.61187028,170.59072910,0.05383190,1209.15644229,0.01998530,0.01998531,29648,90,0
6741.08827097,6741.08867908,177.04386517,177.03231795,0.03130130,1209.46975328,0.01998530,0.01998531,29647,90,0
6741.31643293,6741.31608888,183.48011364,183.48985381,0.03828181,1209.78308641,0.01998531,0.01998531,29646,90,0
6741.54238473,6741.54351403,189.92080053,189.88880861,0.05862605,1210.09283283,0.01998530,0.01998531,29645,90,0
6741.77209207,6741.77095451,196.36611255,196.39835995,0.05120390,1210.40717263,0.01998531,0.01998531,29644,90,0
6741.99875247,6741.99841035,202.81623721,202.82594240,0.03333613,1210.71680199,0.01998531,0.01998531,29643,90,0
6742.22609531,6742.22588152,209.27135973,209.27742880,0.03282291,1211.02683121,0.01998531,0.01998531,29642,90,0
6742.45305669,6742.45336805,215.73151732,215.72267233,0.07981143,1211.33580846,0.01998531,0.01998531,29641,90,0
6742.68127060,6742.68086992,222.19653518,222.20792526,0.03122438,1211.64594512,0.01998531,0.01998531,29640,90,0
6742.90828764,6742.90838715,228.66622148,228.66339102,0.03691596,1211.95390159,0.01998531,0.01998531,29639,90,0
6743.13493175,6743.13591973,235.14038358,235.11226338,0.04259760,1212.26079070,0.01998530,0.01998531,29638,90,0
6743.36328922,6743.36346766,241.61882800,241.61374619,0.04039751,1212.56942177,0.01998531,0.01998531,29637,90,0
6743.59027947,6743.59103095,248.10142626,248.08001277,0.04884518,1212.87562254,0.01998530,0.01998531,29636,90,0
6743.81750750,6743.81860959,254.58827874,254.55685540,0.05238308,1213.18156575,0.01998530,0.01998531,29635,90,0
6744.04584283,6744.04620360,261.07953623,261.06924338,0.01678489,1213.48842277,0.01998531,0.01998531,29634,90,0
6744.27379697,6744.27381296,267.57535018,267.57489361,0.05840512,1213.79419617,0.01998531,0.01998531,29633,90,0
6744.50145103,6744.50143769,274.07587266,274.07625384,0.05444443,1214.09900295,0.01998531,0.01998531,29632,90,0
6744.72876767,6744.72907778,280.58124502,280.57237975,0.04823963,1214.40280052,0.01998531,0.01998531,29631,90,0
6744.95640718,6744.95673323,287.09150919,287.08218176,0.04016138,1214.70647174,0.01998531,0.01998531,29630,90,0
6745.18423134,6745.18440405,293.60665539,293.60171127,0.04624496,1215.00982830,0.01998531,0.01998531,29629,90,0
6745.41222285,6745.41209024,300.12667336,300.13047200,0.03361567,1215.31284375,0.01998531,0.01998531,29628,90,0
6745.63960602,6745.63979180,306.65155275,306.64622724,0.05131150,1215.61448669,0.01998531,0.01998531,29627,90,0
6745.86910059,6745.86750873,313.18128371,313.22694526,0.06644494,1215.91835739,0.01998531,0.01998531,29626,90,0
6746.09419373,6746.09524104,319.71587004,319.68580828,0.04898721,1216.21583945,0.01998530,0.01998531,29625,90,0
6746.32287061,6746.32298871,326.25533045,326.25193821,0.05340344,1216.51748833,0.01998531,0.01998531,29624,90,0
6746.55044153,6746.55075177,332.79968448,332.79076746,0.04574441,1216.81710784,0.01998531,0.01998531,29623,90,0
6746.77843396,6746.77853020,339.34895175,339.34618370,0.05722785,1217.11671087,0.01998531,0.01998531,29622,90,0
6747.00610771,6747.00632401,345.90315180,345.89692618,0.03423643,1217.41532365,0.01998531,0.01998531,29621,90,0
6747.23356632,6747.23413320,352.46227549,352.44594851,0.05134826,1217.71308193,0.01998531,0.01998531,29620,90,0
6747.46223373,6747.46195777,359.02625124,359.03420484,0.02314660,1218.01184107,0.01998531,0.01998531,29619,90,0
6747.68955392,6747.68979772,365.59499896,365.58796767,0.05697044,1218.30825689,0.01998531,0.01998531,29618,90,0
6747.91680679,6747.91765306,372.16843817,372.14401598,0.03664161,1218.60399857,0.01998531,0.01998531,29617,90,0
6748.14498685,6748.14552379,378.74648806,378.73098313,0.05971722,1218.90035186,0.01998531,0.01998531,29616,90,0
6748.37332967,6748.37340991,385.32909487,385.32677650,0.06757760,1219.19631570,0.01998531,0.01998531,29615,90,0
6748.60167811,6748.60131141,391.91632420,391.92692655,0.04310787,1219.49168716,0.01998531,0.01998531,29614,90,0
6748.82972523,6748.82922831,398.50827455,398.52265148,0.04519783,1219.78607326,0.01998531,0.01998531,29613,90,0
6749.05675313,6749.05716060,405.10504485,405.09324788,0.03389095,1220.07855523,0.01998531,0.01998531,29612,90,0
6749.28399655,6749.28510829,411.70673446,411.67452599,0.06324606,1220.37072972,0.01998531,0.01998531,29611,90,0
6749.51353037,6749.51307137,418.31343496,418.32674218,0.06281287,1220.66525716,0.01998531,0.01998531,29610,90,0
6749.74107892,6749.74104985,424.92516734,424.92601090,0.04238721,1220.95664929,0.01998531,0.01998531,29609,90,0
6749.96823218,6749.96904372,431.54191641,431.51835588,0.04714551,1221.24694905,0.01998531,0.01998531,29608,90,0
6750.19847989,6750.19705300,438.16366660,438.20512010,0.06780219,1221.54060344,0.01998531,0.01998531,29607,90,0
6750.42523830,6750.42507768,444.79040226,444.79507165,0.02078886,1221.82921480,0.01998531,0.01998531,29606,90,0
6750.65363622,6750.65311777,451.42210822,451.43719051,0.05349904,1222.11931585,0.01998531,0.01998531,29605,90,0
6750.88214902,6750.88117326,458.05877966,458.08718525,0.03483259,1222.40896133,0.01998531,0.01998531,29604,90,0
6751.10900524,6751.10924416,464.70042076,464.69346092,0.05219913,1222.69591043,0.01998531,0.01998531,29603,90,0
6751.33744314,6751.33733046,471.34703599,471.35032052,0.05964138,1222.98425806,0.01998531,0.01998531,29602,90,0
6751.56542305,6751.56543218,477.99862986,477.99836359,0.03148278,1223.27142372,0.01998531,0.01998531,29601,90,0
6751.79404160,6751.79354931,484.65520584,484.66957601,0.04886592,1223.55878646,0.01998531,0.01998531,29600,90,0
6752.02261612,6752.02168185,491.31672075,491.34401075,0.03571175,1223.84548230,0.01998531,0.01998531,29599,90,0
6752.25103675,6752.24982980,497.98306653,498.01834421,0.03276160,1224.13136791,0.01998531,0.01998531,29598,90,0
6752.47812339,6752.47799317,504.65412986,504.65793831,0.05387116,1224.41496593,0.01998531,0.01998531,29597,90,0
6752.70648055,6752.70617196,511.32979688,511.33882766,0.03959108,1224.69952285,0.01998531,0.01998531,29596,90,0
6752.93413241,6752.93436617,518.00995400,518.00310874,0.02217006,1224.98256796,0.01998531,0.01998531,29595,90,0
6753.16187720,6753.16257581,524.69462006,524.67415008,0.05472562,1225.26509554,0.01998531,0.01998531,29594,90,0
6753.39183634,6753.39080086,531.38409708,531.41445828,0.05242406,1225.54973905,0.01998531,0.01998531,29593,90,0
6753.61894330,6753.61904134,538.07872474,538.07584826,0.02458970,1225.83024236,0.01998531,0.01998531,29592,90,0
6753.84667207,6753.84729724,544.77884425,544.76048603,0.05744633,1226.11091771,0.01998531,0.01998531,29591,90,0
6754.07544747,6754.07556857,551.48479833,551.48123938,0.02625673,1226.39229460,0.01998531,0.01998531,29590,90,0
6754.30515504,6754.30385533,558.19677489,558.23500370,0.05938233,1226.67423048,0.01998531,0.01998531,29589,90,0
6754.53268632,6754.53215752,564.91446750,564.93003296,0.03220393,1226.95290009,0.01998531,0.01998531,29588,90,0
6754.75952448,6754.76047514,571.63747052,571.60946797,0.05383214,1227.23011264,0.01998531,0.01998531,29587,90,0
6754.98938834,6754.98880820,578.36537642,578.38247575,0.05929119,1227.51038462,0.01998531,0.01998531,29586,90,0
6755.21740412,6755.21715669,585.09777581,585.10507288,0.03489796,1227.78775004,0.01998531,0.01998531,29585,90,0
6755.44532241,6755.44552061,591.83437726,591.82852867,0.06218128,1228.06433325,0.01998531,0.01998531,29584,90,0
6755.67398485,6755.67389998,598.57542908,598.57793506,0.04927523,1228.34116158,0.01998531,0.01998531,29583,90,0
6755.90270422,6755.90229478,605.32133326,605.33343074,0.04253233,1228.61741456,0.01998531,0.01998531,29582,90,0
6756.13066466,6756.13070503,612.07249370,612.07130005,0.03733994,1228.89212450,0.01998531,0.01998531,29581,90,0
6756.35955818,6756.35913072,618.82931610,618.84196546,0.06022771,1229.16734442,0.01998531,0.01998531,29580,90,0
6756.58678964,6756.58757186,625.59212734,625.56896112,0.04469386,1229.43996805,0.01998531,0.01998531,29579,90,0
6756.81666057,6756.81602844,632.36076392,632.37949980,0.04806987,1229.71514361,0.01998531,0.01998531,29578,90,0
6757.04448387,6757.04450046,639.13487644,639.13438416,0.05669763,1229.98724181,0.01998531,0.01998531,29577,90,0
6757.27318924,6757.27298794,645.91411350,645.92008808,0.03250445,1230.25975055,0.01998531,0.01998531,29576,90,0
6757.50082238,6757.50149087,652.69812204,652.67826938,0.04620950,1230.53032624,0.01998531,0.01998531,29575,90,0
6757.73019141,6757.73000925,659.48660815,659.49202104,0.04811112,1230.80229052,0.01998531,0.01998531,29574,90,0
6757.95903088,6757.95854308,666.27975112,666.29425567,0.04533884,1231.07295754,0.01998531,0.01998531,29573,90,0
6758.18791772,6758.18709237,673.07795421,673.10251303,0.07664148,1231.34302626,0.01998531,0.01998531,29572,90,0
6758.41579475,6758.41565712,679.88162382,679.88572222,0.02999003,1231.61126767,0.01998531,0.01998531,29571,90,0
6758.64418359,6758.64423732,686.69116830,686.68956681,0.04349237,1231.87948916,0.01998531,0.01998531,29570,90,0
6758.87249523,6758.87283299,693.50694714,693.49687219,0.04486645,1232.14700923,0.01998531,0.01998531,29569,90,0
6759.10178565,6759.10144412,700.32884054,700.33903602,0.04847010,1232.41505471,0.01998531,0.01998531,29568,90,0
6759.33004066,6759.33007071,707.15646262,707.15556498,0.06165610,1232.68125403,0.01998531,0.01998531,29567,90,0
6759.55893134,6759.55871276,713.98942290,713.99595727,0.02839163,1232.94754054,0.01998531,0.01998531,29566,90,0
6759.78674715,6759.78737028,720.82732901,720.80868860,0.06843207,1233.21190920,0.01998531,0.01998531,29565,90,0
6760.01590844,6760.01604327,727.66982601,727.66579008,0.04341154,1233.47715209,0.01998531,0.01998531,29564,90,0
6760.24467473,6760.24473173,734.51698297,734.51527564,0.03812516,1233.74125149,0.01998531,0.01998531,29563,90,0
6760.47366588,6760.47343566,741.36912995,741.37602981,0.04893787,1234.00493489,0.01998531,0.01998531,29562,90,0
6760.70328417,6760.70215507,748.22660231,748.26046771,0.04728304,1234.26867295,0.01998531,0.01998531,29561,90,0
6760.93114235,6760.93088994,755.08973701,755.09731341,0.05972556,1234.52973960,0.01998531,0.01998531,29560,90,0
6761.15965815,6761.15964030,761.95884795,761.95938418,0.02807964,1234.79091956,0.01998531,0.01998531,29559,90,0
6761.38731106,6761.38840613,768.83396532,768.80104226,0.06830201,1235.05047491,0.01998531,0.01998531,29558,90,0
6761.61673581,6761.61718744,775.71493606,775.70134739,0.05230739,1235.31139786,0.01998531,0.01998531,29557,90,0
6761.84600939,6761.84598423,782.60160332,782.60236094,0.04048425,1235.57148651,0.01998531,0.01998531,29556,90,0
6762.07458622,6762.07479650,789.49380947,789.48747328,0.04025144,1235.83011773,0.01998531,0.01998531,29555,90,0
6762.30377841,6762.30362426,796.39140821,796.39605637,0.04109314,1236.08876906,0.01998531,0.01998531,29554,90,0
6762.53247145,6762.53246750,803.29439147,803.29451066,0.04762319,1236.34618009,0.01998531,0.01998531,29553,90,0
6762.76196129,6762.76132623,810.20284007,810.22201739,0.05684901,1236.60380931,0.01998531,0.01998531,29552,90,0
6762.99005832,6762.99020044,817.11683665,817.11254158,0.05518927,1236.85920242,0.01998531,0.01998531,29551,90,0
6763.21874940,6763.21909015,824.03646425,824.02615918,0.03504538,1237.11458871,0.01998531,0.01998531,29550,90,0
6763.44831619,6763.44799535,830.96180110,830.97151161,0.05982003,1237.37027714,0.01998531,0.01998531,29549,90,0
6763.67683928,6763.67691604,837.89287047,837.89054565,0.03649762,1237.62412950,0.01998531,0.01998531,29548,90,0
6763.90568182,6763.90585223,844.82966230,844.82449710,0.05603310,1237.87766085,0.01998531,0.01998531,29547,90,0
6764.13483922,6764.13480391,851.77216605,851.77323725,0.04776277,1238.13086093,0.01998531,0.01998531,29546,90,0
6764.36365625,6764.36377109,858.72037106,858.71688490,0.04524741,1238.38300347,0.01998531,0.01998531,29545,90,0
6764.59204233,6764.59275377,865.67428001,865.65266630,0.04716622,1238.63399022,0.01998531,0.01998531,29544,90,0
6764.82204015,6764.82175195,872.63401860,872.64278114,0.04473685,1238.88606325,0.01998531,0.01998531,29543,90,0
6765.05097199,6765.05076563,879.59977949,879.60605871,0.04130559,1239.13629028,0.01998531,0.01998531,29542,90,0
6765.27967436,6765.27979482,886.57175694,886.56808850,0.04450734,1239.38559618,0.01998531,0.01998531,29541,90,0
6765.50885445,6765.50883951,893.55014614,893.55060139,0.04058884,1239.63475551,0.01998531,0.01998531,29540,90,0
6765.73812511,6765.73789971,900.53509291,900.54196909,0.04289036,1239.88334780,0.01998531,0.01998531,29539,90,0
6765.96675548,6765.96697542,907.52636587,907.51965083,0.03438416,1240.13057250,0.01998531,0.01998531,29538,90,0
6766.19636651,6766.19606664,914.52356067,914.53272308,0.03234859,1240.37816432,0.01998531,0.01998531,29537,90,0
6766.42557689,6766.42517337,921.52627004,921.53860792,0.04234013,1240.62461475,0.01998532,0.01998531,29536,90,0
6766.65464536,6766.65429562,928.53408468,928.54478507,0.03674791,1240.87018823,0.01998532,0.01998531,29535,90,0
6766.88347939,6766.88343338,935.54668820,935.54809691,0.03617250,1241.11477460,0.01998531,0.01998531,29534,90,0
6767.11244687,6767.11258666,942.56431408,942.56003176,0.03521221,1241.35877399,0.01998531,0.01998531,29533,90,0
6767.34196636,6767.34175545,949.58739564,949.59386162,0.03532623,1241.60264247,0.01998532,0.01998531,29532,90,0
6767.57024922,6767.57093977,956.61636859,956.59518135,0.03849036,1241.84449579,0.01998531,0.01998531,29531,90,0
6767.79993706,6767.80013960,963.65167081,963.64545108,0.04450268,1242.08714480,0.01998531,0.01998531,29530,90,0
6768.02942272,6768.02935496,970.69362111,970.69570368,0.04490846,1242.32889488,0.01998531,0.01998531,29529,90,0
6768.25808607,6768.25858585,977.74202241,977.72664907,0.05033689,1242.56908830,0.01998531,0.01998531,29528,90,0
6768.48712449,6768.48783226,984.79653870,984.77475063,0.05307328,1242.80897117,0.01998531,0.01998531,29527,90,0
6768.71660030,6768.71709420,991.85683223,991.84161704,0.05952095,1243.04859138,0.01998531,0.01998531,29526,90,0
6768.94620950,6768.94637166,998.92256365,998.91756457,0.06033558,1243.28761528,0.01998532,0.01998531,29525,90,0
6769.17582920,6769.17566466,1005.99352513,1005.99860085,0.06191284,1243.52590530,0.01998532,0.01998531,29524,90,0
6769.40522059,6769.40497319,1013.06990334,1013.07754073,0.05853809,1243.76321911,0.01998532,0.01998531,29523,90,0
6769.63447545,6769.63429726,1020.15195892,1020.15746395,0.05879518,1243.99966017,0.01998532,0.01998531,29522,90,0
6769.86414522,6769.86363686,1027.23995384,1027.25567168,0.03984573,1244.23580261,0.01998532,0.01998531,29521,90,0
6770.09293211,6770.09299200,1034.33415040,1034.33229723,0.03742845,1244.47032079,0.01998532,0.01998531,29520,90,0
6770.32275464,6770.32236267,1041.43468381,1041.44682286,0.03919639,1244.70518283,0.01998532,0.01998531,29519,90,0
6770.55173698,6770.55174889,1048.54143514,1048.54106604,0.03479384,1244.93846467,0.01998532,0.01998531,29518,90,0
6770.78077771,6770.78115065,1055.65425479,1055.64268691,0.05048637,1245.17107836,0.01998531,0.01998531,29517,90,0
6771.01033597,6771.01056795,1062.77299237,1062.76579139,0.04902811,1245.40348041,0.01998532,0.01998531,29516,90,0
6771.23992901,6771.24000080,1069.89749916,1069.89526916,0.06774636,1245.63517247,0.01998532,0.01998531,29515,90,0
6771.46982707,6771.46944919,1077.02771759,1077.03946477,0.06005299,1245.86642166,0.01998532,0.01998531,29514,90,0
6771.69986088,6771.69891313,1084.16370794,1084.19319242,0.04551837,1246.09705547,0.01998532,0.01998532,29513,90,0
6771.92875893,6771.92839263,1091.30553857,1091.31694284,0.03706914,1246.32580410,0.01998532,0.01998532,29512,90,0
6772.15768376,6772.15788767,1098.45327820,1098.44692500,0.03796816,1246.55383486,0.01998532,0.01998532,29511,90,0
6772.38749739,6772.38739827,1105.60700228,1105.61009321,0.04114795,1246.78200220,0.01998532,0.01998532,29510,90,0
6772.61651819,6772.61692442,1112.76688832,1112.75421107,0.03826031,1247.00863953,0.01998531,0.01998532,29509,90,0
6772.84605113,6772.84646613,1119.93319590,1119.92023424,0.06180225,1247.23504559,0.01998531,0.01998532,29508,90,0
6773.07617680,6773.07602339,1127.10618823,1127.11098379,0.04807262,1247.46130047,0.01998532,0.01998532,29507,90,0
6773.30574740,6773.30559622,1134.28612987,1134.29086025,0.03978138,1247.68628138,0.01998532,0.01998532,29506,90,0
6773.53533732,6773.53518460,1141.47323125,1141.47801414,0.03688868,1247.91055779,0.01998532,0.01998532,29505,90,0
6773.76457491,6773.76478855,1148.66727758,1148.66058073,0.03923341,1248.13375896,0.01998531,0.01998532,29504,90,0
6773.99426363,6773.99440806,1155.86785525,1155.86332411,0.05331589,1248.35665143,0.01998532,0.01998532,29503,90,0
6774.22384591,6774.22404314,1163.07454739,1163.06835545,0.05946554,1248.57867726,0.01998532,0.01998532,29502,90,0
6774.45366677,6774.45369378,1170.28693491,1170.28608638,0.03990708,1248.80015441,0.01998532,0.01998532,29501,90,0
6774.68371011,6774.68336000,1177.50474656,1177.51575353,0.03788536,1249.02105465,0.01998532,0.01998532,29500,90,0
6774.91293242,6774.91304178,1184.72829245,1184.72485166,0.04405606,1249.24038651,0.01998532,0.01998532,29499,90,0
6775.14224655,6775.14273914,1191.95802578,1191.94251528,0.05728593,1249.45903876,0.01998531,0.01998532,29498,90,0
6775.37333065,6775.37245207,1199.19440215,1199.22209145,0.03909524,1249.67861371,0.01998532,0.01998532,29497,90,0
6775.60234423,6775.60218057,1206.43787754,1206.44304010,0.04275532,1249.89547489,0.01998532,0.01998532,29496,90,0
6775.83186410,6775.83192465,1213.68867136,1213.68675943,0.03931929,1250.11207393,0.01998532,0.01998532,29495,90,0
6776.06165386,6776.06168431,1220.94654221,1220.94557994,0.06183653,1250.32817409,0.01998532,0.01998532,29494,90,0
6776.29174555,6776.29145955,1228.21119463,1228.22024049,0.04363922,1250.54379132,0.01998532,0.01998532,29493,90,0
6776.52133267,6776.52125037,1235.48233153,1235.48493675,0.03323396,1250.75815967,0.01998532,0.01998532,29492,90,0
6776.75069767,6776.75105678,1242.75966493,1242.74828861,0.03816903,1250.97153575,0.01998532,0.01998532,29491,90,0
6776.98039123,6776.98087877,1250.04313557,1250.02767849,0.05146036,1251.18442734,0.01998531,0.01998532,29490,90,0
6777.21095781,6777.21071634,1257.33290613,1257.34056799,0.03129218,1251.39733537,0.01998532,0.01998532,29489,90,0
6777.44025818,6777.44056950,1264.62914918,1264.61926284,0.03921769,1251.60828916,0.01998532,0.01998532,29488,90,0
6777.67073032,6777.67043826,1271.93203823,1271.94132104,0.05674171,1251.81953473,0.01998532,0.01998532,29487,90,0
6777.90017076,6777.90032260,1279.24172854,1279.23689826,0.05250060,1252.02905374,0.01998532,0.01998532,29486,90,0
6778.13015150,6778.13022253,1286.55823278,1286.55597124,0.03332114,1252.23828207,0.01998532,0.01998532,29485,90,0
6778.36015611,6778.36013806,1293.88149852,1293.88207343,0.05471249,1252.44674297,0.01998532,0.01998532,29484,90,0
6778.59051734,6778.59006919,1301.21147276,1301.22576535,0.04010768,1252.65473210,0.01998532,0.01998532,29483,90,0
6778.82000808,6778.82001591,1308.54810215,1308.54785219,0.03524132,1252.86114020,0.01998532,0.01998532,29482,90,0
6779.05032126,6779.04997823,1315.89132930,1315.90228748,0.05888177,1253.06748610,0.01998532,0.01998532,29481,90,0
6779.28028366,6779.27995616,1323.24108535,1323.25155615,0.05360138,1253.27271186,0.01998532,0.01998532,29480,90,0
6779.50971471,6779.50994968,1330.59729891,1330.58978059,0.03424045,1253.47665662,0.01998532,0.01998532,29479,90,0
6779.73994889,6779.73995881,1337.95989823,1337.95958074,0.05649527,1253.68050080,0.01998532,0.01998532,29478,90,0
6779.97028706,6779.96998354,1345.32881526,1345.33854245,0.03510814,1253.88361638,0.01998532,0.01998532,29477,90,0
6780.19953754,6780.20002388,1352.70412507,1352.68852616,0.03603561,1254.08495748,0.01998532,0.01998532,29476,90,0
6780.43039644,6780.43007983,1360.08608034,1360.09624380,0.05388666,1254.28689374,0.01998532,0.01998532,29475,90,0
6780.66021892,6780.66015139,1367.47494601,1367.47711589,0.04212350,1254.48711337,0.01998532,0.01998532,29474,90,0
6780.89024316,6780.89023856,1374.87098852,1374.87113634,0.05492447,1254.68670404,0.01998532,0.01998532,29473,90,0
6781.12076548,6781.12034134,1382.27444005,1382.28809272,0.03995360,1254.88592277,0.01998532,0.01998532,29472,90,0
6781.35014658,6781.35045974,1389.68523511,1389.67514531,0.03578126,1255.08335172,0.01998532,0.01998532,29471,90,0
6781.58039065,6781.58059375,1397.10315864,1397.09660894,0.05694433,1255.28070893,0.01998532,0.01998532,29470,90,0
6781.81023871,6781.81074339,1404.52799329,1404.51170507,0.03567950,1255.47690439,0.01998532,0.01998532,29469,90,0
6782.04121318,6782.04090864,1411.95952052,1411.96935749,0.05044090,1255.67322533,0.01998532,0.01998532,29468,90,0
6782.27117421,6782.27108951,1419.39757909,1419.40031707,0.03079410,1255.86784563,0.01998532,0.01998532,29467,90,0
6782.50085270,6782.50128601,1426.84216919,1426.82815024,0.05351720,1256.06138855,0.01998532,0.01998532,29466,90,0
6782.73174610,6782.73149813,1434.29331894,1434.30134834,0.03916680,1256.25510913,0.01998532,0.01998532,29465,90,0
6782.96198993,6782.96172587,1441.75105661,1441.75961356,0.05715316,1256.44743823,0.01998532,0.01998532,29464,90,0
6783.19265981,6783.19196925,1449.21541934,1449.23781635,0.03853452,1256.63927409,0.01998532,0.01998532,29463,90,0
6783.42182101,6783.42222825,1456.68664039,1456.67342096,0.03452471,1256.82901711,0.01998532,0.01998532,29462,90,0
6783.65249580,6783.65250288,1464.16514753,1464.16491731,0.05252524,1257.01917793,0.01998532,0.01998532,29461,90,0
6783.88290664,6783.88279315,1471.65137915,1471.65507046,0.02914205,1257.20829273,0.01998532,0.01998532,29460,90,0
6784.11302596,6784.11309905,1479.14577611,1479.14339652,0.05630810,1257.39634999,0.01998532,0.01998532,29459,90,0
6784.34296703,6784.34342058,1486.64864111,1486.63385890,0.02768525,1257.58344920,0.01998532,0.01998532,29458,90,0
6784.57412689,6784.57375775,1494.15953461,1494.17157711,0.05631895,1257.77070740,0.01998532,0.01998532,29457,90,0
6784.80440942,6784.80411056,1501.67776943,1501.68752749,0.03657602,1257.95640470,0.01998532,0.01998532,29456,90,0
6785.03390562,6785.03447901,1509.20265427,1509.18391753,0.05148936,1258.14060408,0.01998532,0.01998532,29455,90,0
6785.26495939,6785.26486311,1516.73350172,1516.73665016,0.03458975,1258.32516318,0.01998532,0.01998532,29454,90,0
6785.49515914,6785.49526284,1524.27010753,1524.26671409,0.05616878,1258.50814445,0.01998532,0.01998532,29453,90,0
6785.72611091,6785.72567822,1531.81302985,1531.82720026,0.05069720,1258.69083646,0.01998532,0.01998532,29452,90,0
6785.95632479,6785.95610925,1539.36289670,1539.36996184,0.03708374,1258.87207326,0.01998532,0.01998532,29451,90,0
6786.18623936,6786.18655592,1546.92033971,1546.90995310,0.04670742,1259.05221837,0.01998532,0.01998532,29450,90,0
6786.41687198,6786.41701825,1554.48591953,1554.48111553,0.03199238,1259.23207699,0.01998532,0.01998532,29449,90,0
6786.64806081,6786.64749623,1562.05959425,1562.07815605,0.04474441,1259.41151172,0.01998532,0.01998532,29448,90,0
6786.87816795,6786.87798985,1569.64102734,1569.64688792,0.03042607,1259.58924328,0.01998532,0.01998532,29447,90,0
6787.10857581,6787.10849914,1577.22987836,1577.23240364,0.05552446,1259.76633295,0.01998532,0.01998532,29446,90,0
6787.33916928,6787.33902408,1584.82580609,1584.83059273,0.05322570,1259.94267878,0.01998532,0.01998532,29445,90,0
6787.56914809,6787.56956468,1592.42864760,1592.41490340,0.03705108,1260.11766481,0.01998532,0.01998532,29444,90,0
6787.80014708,6787.80012093,1600.03860605,1600.03946959,0.05395486,1260.29253466,0.01998532,0.01998532,29443,90,0
6788.03072935,6788.03069285,1607.65593036,1607.65713684,0.03723717,1260.46620001,0.01998532,0.01998532,29442,90,0
6788.26096899,6788.26128043,1615.28087091,1615.27056744,0.05462282,1260.63872392,0.01998532,0.01998532,29441,90,0
6788.49227096,6788.49188368,1622.91365517,1622.92648020,0.04978557,1260.81115719,0.01998532,0.01998532,29440,90,0
6788.72217950,6788.72250259,1630.55427289,1630.54356372,0.03262899,1260.98166777,0.01998532,0.01998532,29439,90,0
6788.95283114,6788.95313716,1638.20257828,1638.19242514,0.04618865,1261.15183772,0.01998532,0.01998532,29438,90,0
6789.18358791,6789.18378741,1645.85842309,1645.85179809,0.05088015,1261.32118521,0.01998532,0.01998532,29437,90,0
6789.41465770,6789.41445333,1653.52165879,1653.52845154,0.03059194,1261.48985421,0.01998532,0.01998532,29436,90,0
6789.64509881,6789.64513492,1661.19224345,1661.19104241,0.04858055,1261.65715544,0.01998532,0.01998532,29435,90,0
6789.87583481,6789.87583218,1668.87036378,1668.87045138,0.05149945,1261.82376261,0.01998532,0.01998532,29434,90,0
6790.10662655,6790.10654512,1676.55623692,1676.55895117,0.02824103,1261.98950275,0.01998532,0.01998532,29433,90,0
6790.33706859,6790.33727373,1684.25008131,1684.24323747,0.05281429,1262.15408809,0.01998532,0.01998532,29432,90,0
6790.56787011,6790.56801802,1691.95208678,1691.94714714,0.04587610,1262.31802604,0.01998532,0.01998532,29431,90,0
6790.79921699,6790.79877800,1699.66217395,1699.67684857,0.05336010,1262.48143845,0.01998532,0.01998532,29430,90,0
6791.02967572,6791.02955365,1707.38011921,1707.38420340,0.03501980,1262.64330696,0.01998532,0.01998532,29429,90,0
6791.26012798,6791.26034499,1715.10569630,1715.09842889,0.04880435,1262.80424848,0.01998532,0.01998532,29428,90,0
6791.49133767,6791.49115201,1722.83867918,1722.84490208,0.04906932,1262.96478433,0.01998532,0.01998532,29427,90,0
6791.72209459,6791.72197472,1730.57899259,1730.58301399,0.05284284,1263.12406801,0.01998532,0.01998532,29426,90,0
6791.95307540,6791.95281312,1738.32683292,1738.33564014,0.02933997,1263.28256916,0.01998532,0.01998532,29425,90,0
6792.18356824,6792.18366721,1746.08242591,1746.07909933,0.04233504,1263.43980256,0.01998532,0.01998532,29424,90,0
6792.41510799,6792.41453699,1753.84599868,1753.86520942,0.04901562,1263.59681342,0.01998532,0.01998532,29423,90,0
6792.64559548,6792.64542246,1761.61775113,1761.62357819,0.05075980,1263.75217917,0.01998532,0.01998532,29422,90,0
6792.87588238,6792.87632362,1769.39769945,1769.38282493,0.02862884,1263.90647863,0.01998532,0.01998532,29421,90,0
6793.10696926,6793.10724048,1777.18578632,1777.17663417,0.04911063,1264.06037425,0.01998532,0.01998532,29420,90,0
6793.33827856,6793.33817304,1784.98195383,1784.98551788,0.03638987,1264.21347085,0.01998532,0.01998532,29419,90,0
6793.56941201,6793.56912130,1792.78614386,1792.79597205,0.04868886,1264.36550023,0.01998532,0.01998532,29418,90,0
6793.80005853,6793.80008526,1800.59830278,1800.59739821,0.04867416,1264.51625771,0.01998532,0.01998532,29417,90,0
6794.03140414,6794.03106492,1808.41838260,1808.42987250,0.02912143,1264.66651315,0.01998532,0.01998532,29416,90,0
6794.26168612,6794.26206029,1816.24633538,1816.23364948,0.04545555,1264.81511998,0.01998532,0.01998532,29415,90,0
6794.49326623,6794.49307136,1824.08211284,1824.08872578,0.04507970,1264.96359685,0.01998532,0.01998532,29414,90,0
6794.72354956,6794.72409814,1831.92570079,1831.90706743,0.04748586,1265.11027672,0.01998532,0.01998532,29413,90,0
6794.95527497,6794.95514063,1839.77721249,1839.78177998,0.04933712,1265.25690224,0.01998532,0.01998532,29412,90,0
6795.18623933,6795.18619883,1847.63679141,1847.63816975,0.05897986,1265.40207463,0.01998532,0.01998532,29411,90,0
6795.41718079,6795.41727274,1855.50458193,1855.50144964,0.02656574,1265.54626227,0.01998532,0.01998532,29410,90,0
6795.64827992,6795.64836236,1863.38072974,1863.37791861,0.04869236,1265.68957646,0.01998532,0.01998532,29409,90,0
6795.87904041,6795.87946770,1871.26538743,1871.25080228,0.05444282,1265.83171000,0.01998532,0.01998532,29408,90,0
6796.11003581,6796.11058875,1879.15871254,1879.13981825,0.05164344,1265.97301626,0.01998532,0.01998532,29407,90,0
6796.34151216,6796.34172553,1887.06086367,1887.05356496,0.04747378,1266.11364061,0.01998532,0.01998532,29406,90,0
6796.57284545,6796.57287802,1894.97199805,1894.97088256,0.03836512,1266.25320108,0.01998532,0.01998532,29405,90,0
6796.80405555,6796.80404624,1902.89207517,1902.89239425,0.04104075,1266.39170706,0.01998532,0.01998532,29404,90,0
6797.03484122,6797.03523018,1910.82070686,1910.80736088,0.04527486,1266.52897134,0.01998532,0.01998532,29403,90,0
6797.26603484,6797.26642984,1918.75746744,1918.74390127,0.04576370,1266.66547842,0.01998532,0.01998532,29402,90,0
6797.49742768,6797.49764523,1926.70192846,1926.69445017,0.05127337,1266.80109062,0.01998532,0.01998532,29401,90,0
6797.73015368,6797.72887635,1934.65380226,1934.69774826,0.03985675,1266.93645447,0.01998533,0.01998532,29400,90,0
6797.96000022,6797.96012320,1942.61346628,1942.60923112,0.05213610,1267.06913333,0.01998532,0.01998532,29399,90,0
6798.19080820,6798.19138578,1950.58149393,1950.56158357,0.05230106,1267.20136337,0.01998532,0.01998532,29398,90,0
6798.42303592,6798.42266409,1958.55846234,1958.57129409,0.05307438,1267.33339774,0.01998532,0.01998532,29397,90,0
6798.65410748,6798.65395814,1966.54490488,1966.55006457,0.04669645,1267.46377530,0.01998532,0.01998532,29396,90,0
6798.88614710,6798.88526792,1974.54073105,1974.57113826,0.05331326,1267.59369050,0.01998533,0.01998532,29395,90,0
6799.11656855,6799.11659344,1982.54540536,1982.54454376,0.05218078,1267.72168731,0.01998532,0.01998532,29394,90,0
6799.34810643,6799.34793470,1990.55837942,1990.56433026,0.05144436,1267.84927586,0.01998532,0.01998532,29393,90,0
6799.57919062,6799.57929170,1998.57910649,1998.57560082,0.05016570,1267.97557467,0.01998532,0.01998532,29392,90,0
6799.81027415,6799.81066444,2006.60735218,2006.59380367,0.05017686,1268.10082771,0.01998532,0.01998532,29391,90,0
6800.04206551,6800.04205293,2014.64337070,2014.64380763,0.05419870,1268.22541513,0.01998532,0.01998532,29390,90,0
6800.27337417,6800.27345716,2022.68746011,2022.68457362,0.04766908,1268.34869697,0.01998532,0.01998532,29389,90,0
6800.50546527,6800.50487714,2030.73992039,2030.76039478,0.04401132,1268.47134681,0.01998533,0.01998532,29388,90,0
6800.73580224,6800.73631287,2038.80105943,2038.78326433,0.04423089,1268.59203201,0.01998532,0.01998532,29387,90,0
6800.96777368,6800.96776435,2046.87120745,2046.87153295,0.04548792,1268.71253025,0.01998532,0.01998532,29386,90,0
6801.19914198,6801.19923159,2054.95070111,2054.94757156,0.04191092,1268.83167354,0.01998532,0.01998532,29385,90,0
6801.43103295,6801.43071457,2063.03987930,2063.05101156,0.03683785,1268.95004331,0.01998532,0.01998532,29384,90,0
6801.66241899,6801.66221331,2071.13903276,2071.14623274,0.03976861,1269.06711514,0.01998532,0.01998532,29383,90,0
6801.89423592,6801.89372781,2079.24807719,2079.26588449,0.04694872,1269.18335774,0.01998532,0.01998532,29382,90,0
6802.12492761,6802.12525807,2087.36675663,2087.35516285,0.04811633,1269.29798789,0.01998532,0.01998532,29381,90,0
6802.35692667,6802.35680408,2095.49481252,2095.49911808,0.05392619,1269.41220556,0.01998532,0.01998532,29380,90,0
6802.58817085,6802.58836586,2103.63199116,2103.62513495,0.04719827,1269.52498439,0.01998532,0.01998532,29379,90,0
6802.81990299,6802.81994340,2111.77815539,2111.77673319,0.03995730,1269.63692677,0.01998532,0.01998532,29378,90,0
6803.05119959,6803.05153671,2119.93326902,2119.92139179,0.03993024,1269.74758209,0.01998532,0.01998532,29377,90,0
6803.28317414,6803.28314578,2128.09729894,2128.09829885,0.03928935,1269.85747729,0.01998532,0.01998532,29376,90,0
6803.51465609,6803.51477063,2136.27021365,2136.26617027,0.04526501,1269.96605251,0.01998532,0.01998532,29375,90,0
6803.74637701,6803.74641124,2144.45209100,2144.45088144,0.05452393,1270.07365005,0.01998532,0.01998532,29374,90,0
6803.97782092,6803.97806762,2152.64317707,2152.63444930,0.04763848,1270.18003015,0.01998532,0.01998532,29373,90,0
6804.20959120,6804.20973978,2160.84373374,2160.83847160,0.04114195,1270.28546936,0.01998532,0.01998532,29372,90,0
6804.44128765,6804.44142771,2169.05402449,2169.04905849,0.03838120,1270.38978331,0.01998532,0.01998532,29371,90,0
6804.67311982,6804.67313141,2177.27421391,2177.27380253,0.04579915,1270.49306394,0.01998532,0.01998532,29370,90,0
6804.90467953,6804.90485090,2185.50420091,2185.49811113,0.05547142,1270.59512506,0.01998532,0.01998533,29369,90,0
6805.13674734,6805.13658616,2193.74383992,2193.74957388,0.04167535,1270.69630321,0.01998533,0.01998533,29368,90,0
6805.36810550,6805.36833721,2201.99298430,2201.98473242,0.03844768,1270.79606319,0.01998532,0.01998533,29367,90,0
6805.59990760,6805.60010404,2210.25148283,2210.24447950,0.03876240,1270.89489861,0.01998532,0.01998533,29366,90,0
6805.83156999,6805.83188665,2218.51916713,2218.50786604,0.05701066,1270.99255262,0.01998532,0.01998533,29365,90,0
6806.06400358,6806.06368505,2226.79586312,2226.80724265,0.04195231,1271.08939879,0.01998533,0.01998533,29364,90,0
6806.29516752,6806.29549923,2235.08139545,2235.06953355,0.03853272,1271.18458471,0.01998533,0.01998533,29363,90,0
6806.52721429,6806.52732921,2243.37563657,2243.37152327,0.05261027,1271.27899450,0.01998533,0.01998533,29362,90,0
6806.75984039,6806.75917497,2251.67881922,2251.70266266,0.04478843,1271.37249290,0.01998533,0.01998533,29361,90,0
6806.99110091,6806.99103653,2259.99133923,2259.99364852,0.04246026,1271.46430469,0.01998533,0.01998533,29360,90,0
6807.22214420,6807.22291388,2268.31359588,2268.28595576,0.04483109,1271.55489791,0.01998532,0.01998533,29359,90,0
6807.45449934,6807.45480703,2276.64596836,2276.63490598,0.05308451,1271.64486409,0.01998533,0.01998533,29358,90,0
6807.68687476,6807.68671598,2284.98856813,2284.99428359,0.03222105,1271.73369026,0.01998533,0.01998533,29357,90,0
6807.91837810,6807.91864072,2293.34133069,2293.33186699,0.05391836,1271.82103669,0.01998533,0.01998533,29356,90,0
6808.15067179,6808.15058126,2301.70418800,2301.70745401,0.04445423,1271.90752629,0.01998533,0.01998533,29355,90,0
6808.38251638,6808.38253761,2310.07706738,2310.07630080,0.03832634,1271.99269007,0.01998533,0.01998533,29354,90,0
6808.61484554,6808.61450976,2318.45981743,2318.47195804,0.05480284,1272.07686503,0.01998533,0.01998533,29353,90,0
6808.84566888,6808.84649771,2326.85221571,2326.82221602,0.03652246,1272.15933147,0.01998532,0.01998533,29352,90,0
6809.07824082,6809.07850148,2335.25403567,2335.24459117,0.03554127,1272.24124404,0.01998533,0.01998533,29351,90,0
6809.30991707,6809.31052105,2343.66506092,2343.64315476,0.04967762,1272.32165898,0.01998532,0.01998533,29350,90,0
6809.54246376,6809.54255643,2352.08543382,2352.08206907,0.03279344,1272.40118698,0.01998533,0.01998533,29349,90,0
6809.77437633,6809.77460762,2360.51571580,2360.50730826,0.04424939,1272.47931297,0.01998533,0.01998533,29348,90,0
6810.00679303,6810.00667463,2368.95649566,2368.96080493,0.02924419,1272.55642256,0.01998533,0.01998533,29347,90,0
6810.23859432,6810.23875745,2377.40835804,2377.40241357,0.05151844,1272.63214596,0.01998533,0.01998533,29346,90,0
6810.47091417,6810.47085608,2385.87148437,2385.87360388,0.04228938,1272.70685123,0.01998533,0.01998533,29345,90,0
6810.70333843,6810.70297054,2394.34547484,2394.35891368,0.04645373,1272.78039218,0.01998533,0.01998533,29344,90,0
6810.93546380,6810.93510081,2402.82988187,2402.84315658,0.03380946,1272.85263432,0.01998533,0.01998533,29343,90,0
6811.16727376,6811.16724691,2411.32425744,2411.32524023,0.04828902,1272.92356917,0.01998533,0.01998533,29342,90,0
6811.39959926,6811.39940883,2419.82836266,2419.83534198,0.03576255,1272.99344332,0.01998533,0.01998533,29341,90,0
6811.63178519,6811.63158657,2428.34231310,2428.34960036,0.05087486,1273.06205360,0.01998533,0.01998533,29340,90,0
6811.86373946,6811.86378015,2436.86625911,2436.86476456,0.03307474,1273.12937276,0.01998533,0.01998533,29339,90,0
6812.09610539,6812.09598954,2445.40035300,2445.40461293,0.04354210,1273.19558303,0.01998533,0.01998533,29338,90,0
6812.32752860,6812.32821477,2453.94484094,2453.91957901,0.03004954,1273.26030028,0.01998533,0.01998533,29337,90,0
6812.55997394,6812.56045583,2462.50014416,2462.48238139,0.04706223,1273.32407202,0.01998533,0.01998533,29336,90,0
6812.79278539,6812.79271272,2471.06670595,2471.06938777,0.03556651,1273.38670583,0.01998533,0.01998533,29335,90,0
6813.02515310,6813.02498545,2479.64496986,2479.65116574,0.04802851,1273.44798275,0.01998533,0.01998533,29334,90,0
6813.25704454,6813.25727401,2488.23500901,2488.22651796,0.05082107,1273.50789703,0.01998533,0.01998533,29333,90,0
6813.48973811,6813.48957841,2496.83616012,2496.84207665,0.02831808,1273.56676680,0.01998533,0.01998533,29332,90,0
6813.72222773,6813.72189865,2505.44766872,2505.45987336,0.04113886,1273.62432294,0.01998533,0.01998533,29331,90,0
6813.95442151,6813.95423473,2514.06877799,2514.07571199,0.05591677,1273.68053746,0.01998533,0.01998533,29330,90,0
6814.18711329,6814.18658665,2522.69915415,2522.71872561,0.04060578,1273.73559471,0.01998533,0.01998533,29329,90,0
6814.41884908,6814.41895442,2531.33930622,2531.33538717,0.04576081,1273.78915366,0.01998533,0.01998533,29328,90,0
6814.65097697,6814.65133803,2539.98984588,2539.97639741,0.02591948,1273.84153001,0.01998533,0.01998533,29327,90,0
6814.88325292,6814.88373749,2548.65138679,2548.63331575,0.04795516,1273.89266339,0.01998533,0.01998533,29326,90,0
6815.11638243,6815.11615280,2557.32427649,2557.33285071,0.04551784,1273.94269807,0.01998533,0.01998533,29325,90,0
6815.34880217,6815.34858396,2566.00835967,2566.01651739,0.03271695,1273.99129156,0.01998533,0.01998533,29324,90,0
6815.58131805,6815.58103097,2574.70342449,2574.71416976,0.04530992,1274.03861148,0.01998533,0.01998533,29323,90,0
6815.81387296,6815.81349383,2583.40925927,2583.42346581,0.04930649,1274.08463922,0.01998533,0.01998533,29322,90,0
6816.04551054,6816.04597255,2592.12578839,2592.10845563,0.05058919,1274.12918788,0.01998533,0.01998533,29321,90,0
6816.27820587,6816.27846713,2600.85316640,2600.84335322,0.03804539,1274.17263226,0.01998533,0.01998533,29320,90,0
6816.51050296,6816.51097757,2609.59157101,2609.57372314,0.05115285,1274.21469113,0.01998533,0.01998533,29319,90,0
6816.74376849,6816.74350386,2618.34118141,2618.35114517,0.04272463,1274.25560313,0.01998533,0.01998533,29318,90,0
6816.97636976,6816.97604602,2627.10218643,2627.11439083,0.05321720,1274.29507527,0.01998533,0.01998533,29317,90,0
6817.20831177,6817.20860404,2635.87478823,2635.86375625,0.03610704,1274.33311560,0.01998533,0.01998533,29316,90,0
6817.44115548,6817.44117793,2644.65919138,2644.65834307,0.04737211,1274.36997384,0.01998533,0.01998533,29315,90,0
6817.67377340,6817.67376768,2653.45559646,2653.45581271,0.04372737,1274.40546135,0.01998533,0.01998533,29314,90,0
6817.90668957,6817.90637330,2662.26403721,2662.27602165,0.04086345,1274.43965231,0.01998533,0.01998533,29313,90,0
6818.13908612,6818.13899480,2671.08435243,2671.08781753,0.05137733,1274.47242271,0.01998533,0.01998533,29312,90,0
6818.37183003,6818.37163216,2679.91636865,2679.92388526,0.02501690,1274.50389048,0.01998533,0.01998533,29311,90,0
6818.60443056,6818.60428540,2688.75992153,2688.76544293,0.04588843,1274.53398181,0.01998533,0.01998533,29310,90,0
6818.83727553,6818.83695451,2697.61504521,2697.62727047,0.04432094,1274.56274105,0.01998533,0.01998533,29309,90,0
6819.06993823,6819.06963950,2706.48195290,2706.49334404,0.04253179,1274.59011049,0.01998533,0.01998533,29308,90,0
6819.30197981,6819.30234036,2715.36086569,2715.34709964,0.04540476,1274.61604105,0.01998533,0.01998533,29307,90,0
6819.53530124,6819.53505711,2724.25197733,2724.26131079,0.04660037,1274.64073457,0.01998533,0.01998533,29306,90,0
6819.76764081,6819.76778974,2733.15513949,2733.14943889,0.05271666,1274.66394326,0.01998533,0.01998533,29305,90,0
6820.00033806,6820.00053825,2742.06997811,2742.06230568,0.05372331,1274.68580030,0.01998533,0.01998533,29304,90,0
6820.23338944,6820.23330264,2750.99611215,2750.99944288,0.05594392,1274.70629297,0.01998533,0.01998533,29303,90,0
6820.46644389,6820.46608292,2759.93323691,2759.94710356,0.02732665,1274.72538157,0.01998533,0.01998533,29302,90,0
6820.69912806,6820.69887909,2768.88163028,2768.89120611,0.04940400,1274.74303453,0.01998533,0.01998533,29301,90,0
6820.93157092,6820.93169115,2777.84183398,2777.83720369,0.04827204,1274.75926315,0.01998533,0.01998533,29300,90,0
6821.16423582,6821.16451910,2786.81439525,2786.80347101,0.04751224,1274.77409559,0.01998533,0.01998533,29299,90,0
6821.39687840,6821.39736294,2795.79976471,2795.78105354,0.04830015,1274.78750961,0.01998533,0.01998533,29298,90,0
6821.63009801,6821.63022268,2804.79794062,2804.79311994,0.04316250,1274.79952895,0.01998533,0.01998533,29297,90,0
6821.86303450,6821.86309831,2813.80879262,2813.80632183,0.05167095,1274.81010071,0.01998533,0.01998533,29296,90,0
6822.09550534,6822.09598984,2822.83218920,2822.81340478,0.04504722,1274.81921771,0.01998533,0.01998533,29295,90,0
6822.32845152,6822.32889727,2831.86802571,2831.85072110,0.05202476,1274.82691109,0.01998533,0.01998533,29294,90,0
6822.56198742,6822.56182060,2840.91627093,2840.92275548,0.04847462,1274.83316910,0.01998533,0.01998533,29293,90,0
6822.79446517,6822.79475983,2849.97690551,2849.96543636,0.05754666,1274.83794640,0.01998533,0.01998533,29292,90,0
6823.02827581,6823.02771497,2859.04990888,2859.07176615,0.04255358,1274.84128395,0.01998533,0.01998533,29291,90,0
6823.26056731,6823.26068602,2868.13520210,2868.13056978,0.04524473,1274.84313724,0.01998533,0.01998533,29290,90,0
6823.49383576,6823.49367297,2877.23261629,2877.23897676,0.04657681,1274.84352580,0.01998533,0.01998533,29289,90,0
6823.72679181,6823.72667582,2886.34197350,2886.34651093,0.04337909,1274.84243577,0.01998533,0.01998533,29288,90,0
6823.95962393,6823.95969459,2895.46311516,2895.46034730,0.04700601,1274.83986513,0.01998533,0.01998533,29287,90,0
6824.19332409,6824.19272928,2904.59625766,2904.61958480,0.04749772,1274.83579039,0.01998533,0.01998533,29286,90,0
6824.42539879,6824.42577987,2913.74194502,2913.72698000,0.04974470,1274.83025655,0.01998533,0.01998533,29285,90,0
6824.65852306,6824.65884638,2922.90073652,2922.88802207,0.04749827,1274.82319922,0.01998533,0.01998533,29284,90,0
6824.89205331,6824.89192881,2932.07311577,2932.07801845,0.05206512,1274.81461737,0.01998533,0.01998533,29283,90,0
6825.12484197,6825.12502716,2941.25896410,2941.25166107,0.04939381,1274.80455040,0.01998533,0.01998533,29282,90,0
6825.35783148,6825.35814143,2950.45788482,2950.44564596,0.03972896,1274.79295722,0.01998533,0.01998533,29281,90,0
6825.59179372,6825.59127162,2959.66947640,2959.69011921,0.03867501,1274.77978255,0.01998533,0.01998533,29280,90,0
6825.82411631,6825.82441773,2968.89350698,2968.88157389,0.05962419,1274.76517470,0.01998533,0.01998533,29279,90,0
6826.05769638,6826.05757977,2978.13033704,2978.13495979,0.04700508,1274.74894895,0.01998533,0.01998533,29278,90,0
6826.29084631,6826.29075774,2987.38045746,2987.38397348,0.04226151,1274.73120754,0.01998533,0.01998533,29277,90,0
6826.52381652,6826.52395163,2996.64435933,2996.63898780,0.04114186,1274.71193033,0.01998533,0.01998533,29276,90,0
6826.75699303,6826.75716146,3005.92229468,3005.91558922,0.05304839,1274.69107822,0.01998533,0.01998533,29275,90,0
6826.99035168,6826.99038721,3015.21413613,3015.21271941,0.03650054,1274.66864331,0.01998533,0.01998533,29274,90,0
6827.22413139,6827.22362890,3024.51972176,3024.53978327,0.03364136,1274.64459056,0.01998533,0.01998533,29273,90,0
6827.45707406,6827.45688653,3033.83890573,3033.84640334,0.04604570,1274.61904770,0.01998533,0.01998533,29272,90,0
6827.69014426,6827.69016009,3043.17177803,3043.17114437,0.03723734,1274.59190964,0.01998533,0.01998533,29271,90,0
6827.92330184,6827.92344959,3052.51859967,3052.51267553,0.03024723,1274.56317174,0.01998533,0.01998533,29270,90,0
6828.15610999,6828.15675503,3061.87963758,3061.85373705,0.04677883,1274.53288321,0.01998533,0.01998533,29269,90,0
6828.38998095,6828.39007641,3071.25502619,3071.25118762,0.03678879,1274.50084590,0.01998533,0.01998533,29268,90,0
6828.62358788,6828.62341374,3080.64426268,3080.65127482,0.03469198,1274.46722846,0.01998533,0.01998533,29267,90,0
6828.85641737,6828.85676701,3090.04665081,3090.03255382,0.05530683,1274.43211183,0.01998533,0.01998533,29266,90,0
6829.09011069,6829.09013623,3099.46149435,3099.46046369,0.04099033,1274.39524426,0.01998533,0.01998533,29265,90,0
6829.32400098,6829.32352139,3108.88866444,3108.90804916,0.05491959,1274.35671469,0.01998533,0.01998533,29264,90,0
6829.55713574,6829.55692251,3118.32905564,3118.33768634,0.04085264,1274.31667630,0.01998533,0.01998533,29263,90,0
6829.79075385,6829.79033957,3127.78367649,3127.80046947,0.04675609,1274.27490851,0.01998533,0.01998533,29262,90,0
6830.02344850,6830.02377259,3137.25347789,3137.24032002,0.03808244,1274.23165647,0.01998533,0.01998533,29261,90,0
6830.25726611,6830.25722156,3146.73855763,3146.74036899,0.05180798,1274.18653006,0.01998533,0.01998533,29260,90,0
6830.49062453,6830.49068649,3156.23841349,3156.23589048,0.04001061,1274.13982286,0.01998533,0.01998533,29259,90,0
6830.72414265,6830.72416738,3165.75252639,3165.75151803,0.03836902,1274.09140997,0.01998533,0.01998533,29258,90,0
6830.95706439,6830.95766423,3175.28053429,3175.25604022,0.04980713,1274.04144808,0.01998533,0.01998533,29257,90,0
6831.19105018,6831.19117704,3184.82269243,3184.81750501,0.04112094,1273.98956806,0.01998533,0.01998533,29256,90,0
6831.42469397,6831.42470581,3194.37940701,3194.37892232,0.05026947,1273.93606486,0.01998533,0.01998533,29255,90,0
6831.65814770,6831.65825055,3203.95107936,3203.94686099,0.04192443,1273.88090029,0.01998533,0.01998533,29254,90,0
6831.89122820,6831.89181125,3213.53780536,3213.51385585,0.03058832,1273.82411615,0.01998533,0.01998533,29253,90,0
6832.12501032,6832.12538792,3223.13929098,3223.12375802,0.05177193,1273.76544168,0.01998533,0.01998533,29252,90,0
6832.35902334,6832.35898056,3232.75521428,3232.75697658,0.05043346,1273.70497976,0.01998533,0.01998533,29251,90,0
6832.59231252,6832.59258917,3242.38532292,3242.37391038,0.02778157,1273.64297734,0.01998533,0.01998533,29250,90,0
6832.82606175,6832.82621375,3252.02985552,3252.02357584,0.04619589,1273.57911440,0.01998533,0.01998533,29249,90,0
6833.05951798,6833.05985431,3261.68925805,3261.67534294,0.03191337,1273.51358493,0.01998533,0.01998533,29248,90,0
6833.29306631,6833.29351084,3271.36397958,3271.34555932,0.05624863,1273.44627286,0.01998533,0.01998533,29247,90,0
6833.52678789,6833.52718335,3281.05430038,3281.03788788,0.04362569,1273.37714247,0.01998533,0.01998533,29246,90,0
6833.76061737,6833.76087184,3290.76017847,3290.74960140,0.04791749,1273.30620273,0.01998533,0.01998533,29245,90,0
6833.99418892,6833.99457631,3300.48153558,3300.46540899,0.03566571,1273.23355948,0.01998533,0.01998533,29244,90,0
6834.22846222,6834.22829677,3310.21829468,3310.22519248,0.04920762,1273.15890232,0.01998533,0.01998533,29243,90,0
6834.46215164,6834.46203320,3319.97039835,3319.97534358,0.04734343,1273.08263263,0.01998533,0.01998533,29242,90,0
6834.69560094,6834.69578563,3329.73780004,3329.73007704,0.04601170,1273.00464077,0.01998533,0.01998533,29241,90,0
6834.92975588,6834.92955404,3339.52045338,3339.52890639,0.04684739,1272.92459839,0.01998533,0.01998533,29240,90,0
6835.16383949,6835.16333844,3349.31846293,3349.33947846,0.02480676,1272.84275545,0.01998534,0.01998533,29239,90,0
6835.39666387,6835.39713883,3359.13227874,3359.11232668,0.04249298,1272.75953163,0.01998533,0.01998533,29238,90,0
6835.63075249,6835.63095521,3368.96240269,3368.95387291,0.04670263,1272.67401280,0.01998533,0.01998533,29237,90,0
6835.86505931,6835.86478759,3378.80929165,3378.82074354,0.04023813,1272.58655153,0.01998533,0.01998533,29236,90,0
6836.09893813,6836.09863596,3388.67287175,3388.68562733,0.04103719,1272.49738404,0.01998533,0.01998533,29235,90,0
6836.33242120,6836.33250033,3398.55274228,3398.54939646,0.04794110,1272.40650350,0.01998533,0.01998533,29234,90,0
6836.56685642,6836.56638070,3408.44849476,3408.46863826,0.02966176,1272.31337449,0.01998534,0.01998533,29233,90,0
6836.79969326,6836.80027707,3418.35989693,3418.33513927,0.05035333,1272.21901253,0.01998533,0.01998533,29232,90,0
6837.03414298,6837.03418944,3428.28711336,3428.28513996,0.04615048,1272.12210677,0.01998533,0.01998533,29231,90,0
6837.26828315,6837.26811782,3438.23036366,3438.23739654,0.05223724,1272.02342610,0.01998534,0.01998533,29230,90,0
6837.50240390,6837.50206220,3448.18987324,3448.20443170,0.04654934,1271.92284212,0.01998534,0.01998533,29229,90,0
6837.73543394,6837.73602259,3458.16590416,3458.14078413,0.04819808,1271.82081804,0.01998533,0.01998533,29228,90,0
6837.96972126,6837.96999898,3468.15873934,3468.14686865,0.04729736,1271.71631274,0.01998533,0.01998533,29227,90,0
6838.20442360,6838.20399139,3478.16866222,3478.18716688,0.04514745,1271.60966986,0.01998534,0.01998533,29226,90,0
6838.43821549,6838.43799981,3488.19576652,3488.20501588,0.04924364,1271.50148838,0.01998534,0.01998534,29225,90,0
6838.67211135,6838.67202424,3498.23981275,3498.24355436,0.04604479,1271.39130317,0.01998534,0.01998534,29224,90,0
6838.90603494,6838.90606469,3508.30052556,3508.29924553,0.04436450,1271.27914322,0.01998534,0.01998534,29223,90,0
6839.14015436,6839.14012115,3518.37762579,3518.37905647,0.06059830,1271.16492007,0.01998534,0.01998534,29222,90,0
6839.37457227,6839.37419364,3528.47082616,3528.48716499,0.05624001,1271.04857263,0.01998534,0.01998534,29221,90,0
6839.60862157,6839.60828214,3538.57983442,3538.59450336,0.04970696,1270.93042838,0.01998534,0.01998534,29220,90,0
6839.84272313,6839.84238667,3548.70438497,3548.71894709,0.04568699,1270.81027424,0.01998534,0.01998534,29219,90,0
6840.07634656,6840.07650722,3558.84504723,3558.83808312,0.04309252,1270.68837331,0.01998533,0.01998534,29218,90,0
6840.31064273,6840.31064379,3569.00333005,3569.00328390,0.04636914,1270.56409605,0.01998534,0.01998534,29217,90,0
6840.54494090,6840.54479639,3579.18080634,3579.18709327,0.03485601,1270.43776100,0.01998534,0.01998534,29216,90,0
6840.77953983,6840.77896502,3589.37839280,3589.40344774,0.05953137,1270.30918173,0.01998534,0.01998534,29215,90,0
6841.01337903,6841.01314968,3599.59484484,3599.60485849,0.16388203,1270.17895144,0.01998534,0.01998534,29214,90,0
6841.25381873,nan,0.00000000,3610.12460781,0.26296622,1270.04273289,0.01998536,0.01998534,29213,90,1
6841.48170227,6841.48156710,3620.07777255,3620.08369216,0.03708322,1269.91197406,0.01998534,0.01998534,29212,90,0
6841.71565100,6841.71579986,3630.34353853,3630.33700924,0.05426620,1269.77552305,0.01998533,0.01998534,29211,90,0
6841.95017660,6841.95004865,3640.62788204,3640.63350455,0.04162700,1269.63663031,0.01998534,0.01998534,29210,90,0
6842.18449772,6842.18431349,3650.93292754,3650.94103991,0.04079533,1269.49571489,0.01998534,0.01998534,29209,90,0
6842.41910328,6842.41859436,3661.25925706,3661.28170959,0.05978454,1269.35246297,0.01998534,0.01998534,29208,90,0
6842.65390124,6842.65289128,3671.60518119,3671.64981647,0.04408208,1269.20693718,0.01998534,0.01998534,29207,90,0
6842.88769233,6842.88720424,3681.96881289,3681.99041761,0.03546724,1269.05990903,0.01998534,0.01998534,29206,90,0
6843.12156778,6843.12153324,3692.34886418,3692.35039500,0.05275404,1268.91071444,0.01998534,0.01998534,29205,90,0
6843.35674279,6843.35587830,3702.74630328,3702.78469212,0.03070990,1268.75853674,0.01998534,0.01998534,29204,90,0
6843.58977960,6843.59023939,3713.16262862,3713.14217393,0.04089034,1268.60558113,0.01998534,0.01998534,29203,90,0
6843.82481212,6843.82461654,3723.59919457,3723.60791178,0.05286485,1268.44910619,0.01998534,0.01998534,29202,90,0
6844.05871040,6844.05900974,3734.05583370,3734.04246743,0.03699817,1268.29117575,0.01998534,0.01998534,29201,90,0
6844.29346853,6844.29341900,3744.53152001,3744.53373552,0.05533780,1268.13045275,0.01998534,0.01998534,29200,90,0
6844.52778254,6844.52784431,3755.02522827,3755.02246134,0.04176319,1267.96783027,0.01998534,0.01998534,29199,90,0
6844.76180894,6844.76228567,3765.53661426,3765.51522186,0.05329437,1267.80320623,0.01998534,0.01998534,29198,90,0
6844.99681956,6844.99674310,3776.06615630,3776.06959305,0.03397658,1267.63565941,0.01998534,0.01998534,29197,90,0
6845.23148721,6845.23121658,3786.61438593,3786.62657147,0.04747079,1267.46610891,0.01998534,0.01998534,29196,90,0
6845.46539244,6845.46570612,3797.18174703,3797.16759840,0.04629408,1267.29485682,0.01998534,0.01998534,29195,90,0
6845.69997307,6845.70021173,3807.76845723,3807.75767345,0.05456127,1267.12083825,0.01998534,0.01998534,29194,90,0
6845.93451449,6845.93473340,3818.37470130,3818.36479217,0.05480584,1266.94456097,0.01998534,0.01998534,29193,90,0
6846.16875604,6846.16927114,3829.00063648,3828.97727841,0.03986453,1266.76621307,0.01998534,0.01998534,29192,90,0
6846.40388156,6846.40382495,3839.64626962,3839.64884117,0.06120940,1266.58487420,0.01998534,0.01998534,29191,90,0
6846.63777422,6846.63839482,3850.31155831,3850.28331600,0.04413193,1266.40217263,0.01998534,0.01998534,29190,90,0
6846.87264140,6846.87298077,3860.99652049,3860.98104888,0.03520542,1266.21637736,0.01998534,0.01998534,29189,90,0
6847.10737443,6847.10758279,3871.70184027,3871.69232316,0.04299167,1266.02833056,0.01998534,0.01998534,29188,90,0
6847.34118901,6847.34220089,3882.42861949,3882.38231031,0.05788918,1265.83864622,0.01998533,0.01998534,29187,90,0
6847.57683409,6847.57683506,3893.17793192,3893.17788740,0.04520217,1265.64504950,0.01998534,0.01998534,29186,90,0
6847.81130438,6847.81148531,3903.94965618,3903.94134258,0.03418761,1265.44998951,0.01998534,0.01998534,29185,90,0
6848.04545282,6848.04615163,3914.74237714,3914.71020890,0.04903655,1265.25279400,0.01998534,0.01998534,29184,90,0
6848.28092135,6848.28083404,3925.55461407,3925.55863969,0.04921233,1265.05208129,0.01998534,0.01998534,29183,90,0
6848.51600806,6848.51553254,3936.38612533,3936.40809097,0.04928917,1264.84928195,0.01998534,0.01998534,29182,90,0
6848.75091101,6848.75024711,3947.23889383,3947.26962211,0.04918230,1264.64418586,0.01998534,0.01998534,29181,90,0
6848.98417752,6848.98497778,3958.11515253,3958.07803147,0.05484185,1264.43803631,0.01998534,0.01998534,29180,90,0
6849.22022239,6849.21972453,3969.01596063,3969.03910350,0.05680811,1264.22688020,0.01998534,0.01998534,29179,90,0
6849.45515712,6849.45448737,3979.93895275,3979.97014248,0.05628025,1264.01420220,0.01998534,0.01998534,29178,90,0
6849.68871734,6849.68926630,3990.88112373,3990.85551934,0.03642556,1263.80032854,0.01998534,0.01998534,29177,90,0
6849.92428798,6849.92406133,4001.84041623,4001.85100397,0.05106115,1263.58218051,0.01998534,0.01998534,29176,90,0
6850.15806396,6850.15887244,4012.81917030,4012.78133271,0.05135265,1263.36322274,0.01998534,0.01998534,29175,90,0
6850.39425013,6850.39369966,4023.82099580,4023.84681494,0.05447140,1263.13942275,0.01998534,0.01998534,29174,90,0
6850.62839055,6850.62854297,4034.84894971,4034.84178378,0.05124410,1262.91492185,0.01998534,0.01998534,29173,90,0
6850.86342682,6850.86340238,4045.90211276,4045.90326383,0.04208220,1262.68692374,0.01998534,0.01998534,29172,90,0
6851.09769395,6851.09827790,4056.97789811,4056.95033647,0.04405022,1262.45708161,0.01998534,0.01998534,29171,90,0
6851.33343095,6851.33316951,4068.07391791,4068.08627846,0.05439751,1262.22322540,0.01998534,0.01998534,29170,90,0
6851.56879086,6851.56807723,4079.19005051,4079.22385078,0.04088506,1261.98716112,0.01998534,0.01998534,29169,90,0
nan,nan,0.00000000,-1.00000000,0.00000000,1261.75668839,nan,0.00000000,-2147483648,90,1
nan,nan,0.00000000,-1.00000000,0.00000000,1257.19011657,nan,0.00000000,-2147483648,89,1
nan,nan,0.00000000,-1.00000000,0.00000000,1257.50075482,nan,0.00000000,-2147483648,89,1
6810.93662710,6810.93510081,13.22659813,13.26864418,0.07056251,1257.82460930,0.01998533,0.01998533,29343,89,0
6811.16730072,6811.16724691,19.62377123,19.62525458,0.05858226,1258.15228593,0.01998533,0.01998533,29342,89,0
6811.40062178,6811.39940883,26.02549334,26.05895057,0.04551866,1258.48319551,0.01998533,0.01998533,29341,89,0
6811.63190633,6811.63158657,32.43182951,32.44065532,0.05919981,1258.81069480,0.01998533,0.01998533,29340,89,0
6811.86568502,6811.86378015,38.84283592,38.89544814,0.02610396,1259.14119902,0.01998533,0.01998533,29339,89,0
6812.09602158,6812.09598954,45.25843914,45.25932440,0.05169086,1259.46631374,0.01998533,0.01998533,29338,89,0
6812.32936585,6812.32821477,51.67846896,51.71030101,0.04114644,1259.79513407,0.01998533,0.01998533,29337,89,0
6812.56025918,6812.56045583,58.10275217,58.09731084,0.03739694,1260.11995580,0.01998533,0.01998533,29336,89,0
6812.79246350,6812.79271272,64.53111481,64.52421486,0.05475885,1260.44606512,0.01998533,0.01998533,29335,89,0
6813.02623200,6813.02498545,70.96338328,70.99791269,0.04190806,1260.77379708,0.01998533,0.01998533,29334,89,0
6813.25684999,6813.25727401,77.39950367,77.38775206,0.05936366,1261.09654383,0.01998533,0.01998533,29333,89,0
6813.48880218,6813.48957841,83.83965203,83.81812636,0.04349866,1261.42059593,0.01998533,0.01998533,29332,89,0
6813.72173585,6813.72189865,90.28403107,90.27951376,0.04386473,1261.74546113,0.01998533,0.01998533,29331,89,0
6813.95335373,6813.95423473,96.73284436,96.70838318,0.05796994,1262.06794547,0.01998533,0.01998533,29330,89,0
6814.18589117,6814.18658665,103.18629629,103.16697313,0.01131281,1262.39117146,0.01998533,0.01998533,29329,89,0
6814.41918689,6814.41895442,109.64455962,109.65102300,0.05272949,1262.71491625,0.01998533,0.01998533,29328,89,0
6814.65024722,6814.65133803,116.10764155,116.07729365,0.03413726,1263.03502939,0.01998533,0.01998533,29327,89,0
6814.88412213,6814.88373749,122.57549624,122.58620473,0.04464466,1263.35850130,0.01998533,0.01998533,29326,89,0
6815.11664514,6815.11615280,129.04807762,129.06179357,0.04083068,1263.67956040,0.01998533,0.01998533,29325,89,0
6815.34918630,6815.34858396,135.52533942,135.54213072,0.05287409,1264.00009924,0.01998533,0.01998533,29324,89,0
6815.58112368,6815.58103097,142.00723417,142.00982035,0.04509380,1264.31925873,0.01998533,0.01998533,29323,89,0
6815.81246486,6815.81349383,148.49369910,148.46497836,0.04089594,1264.63704901,0.01998533,0.01998533,29322,89,0
6816.04425258,6816.04597255,154.98465960,154.93662203,0.05635054,1264.95489792,0.01998532,0.01998533,29321,89,0
6816.27831668,6816.27846713,161.48004041,161.47583579,0.05271546,1265.27529971,0.01998533,0.01998533,29320,89,0
6816.51134763,6816.51097757,167.97976597,167.99011408,0.04715726,1265.59371440,0.01998533,0.01998533,29319,89,0
6816.74382110,6816.74350386,174.48376161,174.49263760,0.03892695,1265.91079271,0.01998533,0.01998533,29318,89,0
6816.97615981,6816.97604602,180.99204612,180.99523175,0.02838584,1266.22711333,0.01998533,0.01998533,29317,89,0
6817.20850136,6817.20860404,187.50479645,187.50191991,0.06818395,1266.54287126,0.01998533,0.01998533,29316,89,0
6817.44407099,6817.44117793,0.00000000,194.10557976,0.05557338,1266.86255586,0.01998534,0.01998533,29315,89,1
6817.66976755,6817.67376768,0.00000000,200.43540863,0.05840457,1267.16824743,0.01998532,0.01998533,29314,89,1
6817.90695994,6817.90637330,207.07177551,207.08824358,0.02337504,1267.48876085,0.01998533,0.01998533,29313,89,0
6818.13955015,6818.13899480,213.60425601,213.61985692,0.06620867,1267.80265915,0.01998533,0.01998533,29312,89,0
6818.37139931,6818.37163216,220.14177192,220.13522632,0.05574356,1268.11501174,0.01998533,0.01998533,29311,89,0
6818.60488670,6818.60428540,226.68412501,226.70103957,0.04161091,1268.42900967,0.01998533,0.01998533,29310,89,0
6818.83693295,6818.83695451,233.23111622,233.23050938,0.07017526,1268.74050002,0.01998533,0.01998533,29309,89,0
6819.06861650,6819.06963950,239.78254560,239.75373397,0.03213577,1269.05092615,0.01998533,0.01998533,29308,89,0
6819.30251556,6819.30234036,246.33823900,246.34317604,0.05924937,1269.36372582,0.01998533,0.01998533,29307,89,0
6819.53529398,6819.53505711,252.89824231,252.90492159,0.04482892,1269.67443412,0.01998533,0.01998533,29306,89,0
6819.76838850,6819.76778974,259.46271060,259.47960468,0.03569937,1269.98497777,0.01998533,0.01998533,29305,89,0
6820.00097159,6820.00053825,266.03180041,266.04403520,0.03061209,1270.29426096,0.01998533,0.01998533,29304,89,0
6820.23228808,6820.23330264,272.60566894,272.57700560,0.06473860,1270.60129187,0.01998533,0.01998533,29303,89,0
6820.46676355,6820.46608292,279.18446994,279.20371236,0.02481623,1270.91194334,0.01998533,0.01998533,29302,89,0
6820.69911376,6820.69887909,285.76827387,285.77491307,0.06494338,1271.21921230,0.01998533,0.01998533,29301,89,0
6820.93123788,6820.93169115,292.35707316,292.34424084,0.06735395,1271.52561683,0.01998533,0.01998533,29300,89,0
6821.16518223,6821.16451910,298.95085717,298.96964384,0.03139256,1271.83385011,0.01998533,0.01998533,29299,89,0
6821.39706292,6821.39736294,305.54961523,305.54110970,0.04742443,1272.13879367,0.01998533,0.01998533,29298,89,0
6821.62991256,6821.63022268,312.15333676,312.14453916,0.03054650,1272.44443757,0.01998533,0.01998533,29297,89,0
6821.86172330,6821.86309831,318.76202202,318.72298771,0.05507054,1272.74814487,0.01998533,0.01998533,29296,89,0
6822.09584825,6822.09598984,325.37568945,325.37166714,0.06177311,1273.05430315,0.01998533,0.01998533,29295,89,0
6822.32884869,6822.32889727,331.99435924,331.99297812,0.02209263,1273.35841051,0.01998533,0.01998533,29294,89,0
6822.56153510,6822.56182060,338.61805167,338.60992998,0.04906447,1273.66152941,0.01998533,0.01998533,29293,89,0
6822.79464373,6822.79475983,345.24678709,345.24348193,0.04726536,1273.96461781,0.01998533,0.01998533,29292,89,0
6823.02757894,6823.02771497,351.88056265,351.87668757,0.03154350,1274.26689852,0.01998533,0.01998533,29291,89,0
6823.25999435,6823.26068602,358.51930797,358.49959172,0.05062813,1274.56791978,0.01998533,0.01998533,29290,89,0
6823.49325588,6823.49367297,365.16294020,365.15104322,0.03544618,1274.86944409,0.01998533,0.01998533,29289,89,0
6823.72582410,6823.72667582,371.81137610,371.78706552,0.06656492,1275.16947553,0.01998533,0.01998533,29288,89,0
6823.95973640,6823.95969459,378.46453208,378.46572607,0.04121309,1275.47063462,0.01998533,0.01998533,29287,89,0
6824.19329527,6824.19272928,385.12234897,385.13852463,0.02981742,1275.77072773,0.01998533,0.01998533,29286,89,0
6824.42503846,6824.42577987,391.78489039,391.76368777,0.06145404,1276.06788584,0.01998533,0.01998533,29285,89,0
6824.65869528,6824.65884638,398.45225823,398.44793402,0.03098366,1276.36689352,0.01998533,0.01998533,29284,89,0
6824.89158356,6824.89192881,405.12455486,405.11466818,0.03172113,1276.66431697,0.01998533,0.01998533,29283,89,0
6825.12498564,6825.12502716,411.80188308,411.80069338,0.06333352,1276.96179778,0.01998533,0.01998533,29282,89,0
6825.35777186,6825.35814143,418.48433705,418.47373924,0.04947095,1277.25789902,0.01998533,0.01998533,29281,89,0
6825.59125385,6825.59127162,425.17193711,425.17142731,0.07117036,1277.55428795,0.01998533,0.01998533,29280,89,0
6825.82433407,6825.82441773,431.86466748,431.86226494,0.02551740,1277.84956775,0.01998533,0.01998533,29279,89,0
6826.05807839,6826.05757977,438.56251203,438.57684035,0.03920029,1278.14508529,0.01998533,0.01998533,29278,89,0
6826.29073216,6826.29075774,445.26545456,445.26471912,0.04959460,1278.43862142,0.01998533,0.01998533,29277,89,0
6826.52358158,6826.52395163,451.97347966,451.96283122,0.03542431,1278.73180003,0.01998533,0.01998533,29276,89,0
6826.75685003,6826.75716146,458.68658350,458.67761576,0.05311969,1279.02489809,0.01998533,0.01998533,29275,89,0
6826.98929032,6826.99038721,465.40477052,465.37316321,0.04441973,1279.31634864,0.01998533,0.01998533,29274,89,0
6827.22366835,6827.22362890,472.12804538,472.12918288,0.01443178,1279.60961387,0.01998533,0.01998533,29273,89,0
6827.45614952,6827.45688653,478.85641271,478.83514632,0.06940211,1279.89989409,0.01998533,0.01998533,29272,89,0
6827.68945109,6827.69016009,485.58987450,485.56940211,0.05341643,1280.19058471,0.01998533,0.01998533,29271,89,0
6827.92315517,6827.92344959,492.32837392,492.31986668,0.04889032,1280.48115608,0.01998533,0.01998533,29270,89,0
6828.15801136,6828.15675503,499.07179653,499.10812119,0.06452008,1280.77252731,0.01998534,0.01998533,29269,89,0
6828.39138874,6828.39007641,505.82002497,505.85799277,0.03361240,1281.06142894,0.01998534,0.01998533,29268,89,0
6828.62351024,6828.62341374,512.57294136,512.57573513,0.04816110,1281.34814152,0.01998533,0.01998533,29267,89,0
6828.85691857,6828.85676701,519.33043262,519.33482292,0.05045125,1281.63579927,0.01998533,0.01998533,29266,89,0
6829.09017390,6829.09013623,526.09258256,526.09367469,0.02765613,1281.92262505,0.01998533,0.01998533,29265,89,0
6829.32283890,6829.32352139,532.85972538,532.83992934,0.06798200,1282.20809665,0.01998533,0.01998533,29264,89,0
6829.55588809,6829.55692251,539.63221289,539.60218647,0.04459163,1282.49342366,0.01998533,0.01998533,29263,89,0
6829.79075682,6829.79033957,546.41039853,546.42251983,0.04489000,1282.78036782,0.01998533,0.01998533,29262,89,0
6830.02407956,6830.02377259,553.19463272,553.20355799,0.05513360,1283.06482909,0.01998533,0.01998533,29261,89,0
6830.25687980,6830.25722156,559.98498239,559.97503766,0.04310253,1283.34806387,0.01998533,0.01998533,29260,89,0
6830.49037942,6830.49068649,566.78106801,566.77212605,0.05824299,1283.63154021,0.01998533,0.01998533,29259,89,0
6830.72502312,6830.72416738,573.58246933,573.60740575,0.04258829,1283.91577116,0.01998534,0.01998533,29258,89,0
6830.95859265,6830.95766423,580.38876411,580.41583529,0.04497534,1284.19805003,0.01998534,0.01998533,29257,89,0
6831.19139654,6831.19117704,587.19953088,587.20593490,0.05999649,1284.47873840,0.01998533,0.01998533,29256,89,0
6831.42417719,6831.42470581,594.01462182,593.99919047,0.02334934,1284.75872722,0.01998533,0.01998533,29255,89,0
6831.65743132,6831.65825055,600.83439703,600.81046689,0.06287836,1285.03862531,0.01998533,0.01998533,29254,89,0
6831.89187441,6831.89181125,607.65927311,607.66111953,0.04115098,1285.31929967,0.01998533,0.01998533,29253,89,0
6832.12500715,6832.12538792,614.48966860,614.47852964,0.04604860,1285.59777395,0.01998533,0.01998533,29252,89,0
6832.35925402,6832.35898056,621.32600245,621.33400885,0.04908977,1285.87696019,0.01998533,0.01998533,29251,89,0
6832.59363546,6832.59258917,628.16845965,628.19911816,0.05880550,1286.15569142,0.01998534,0.01998533,29250,89,0
6832.82563596,6832.82621375,635.01673920,634.99979614,0.02909123,1286.43097078,0.01998533,0.01998533,29249,89,0
6833.05946991,6833.05985431,641.87047854,641.85919863,0.06150250,1286.70778447,0.01998533,0.01998533,29248,89,0
6833.29305766,6833.29351084,648.72931340,648.71600645,0.05397373,1286.98364759,0.01998533,0.01998533,29247,89,0
6833.52744394,6833.52718335,655.59287892,655.60053532,0.04297738,1287.25977515,0.01998534,0.01998533,29246,89,0
6833.76091099,6833.76087184,662.46103431,662.46218522,0.04100663,1287.53413678,0.01998533,0.01998533,29245,89,0
6833.99396878,6833.99457631,669.33413203,669.31625884,0.04898780,1287.80735002,0.01998533,0.01998533,29244,89,0
6834.22878409,6834.22829677,676.21259153,676.22693897,0.05363412,1288.08196419,0.01998534,0.01998533,29243,89,0
6834.46283522,6834.46203320,683.09683421,683.12046565,0.06184934,1288.35504093,0.01998534,0.01998533,29242,89,0
6834.69560183,6834.69578563,689.98728230,689.98186194,0.06675307,1288.62599612,0.01998533,0.01998533,29241,89,0
6834.93004348,6834.92955404,696.88412287,696.89856881,0.02810747,1288.89827850,0.01998534,0.01998533,29240,89,0
6835.16299449,6835.16333844,703.78702349,703.77686391,0.06017498,1289.16819547,0.01998533,0.01998533,29239,89,0
6835.39599919,6835.39713883,710.69558106,710.66189410,0.05049805,1289.43752458,0.01998533,0.01998533,29238,89,0
6835.63087966,6835.63095521,717.60939055,717.60715590,0.04359302,1289.70834605,0.01998533,0.01998533,29237,89,0
6835.86498763,6835.86478759,724.52804637,724.53396707,0.03618205,1289.97758399,0.01998534,0.01998533,29236,89,0
6836.09861118,6836.09863596,731.45136629,731.45063248,0.04262160,1290.24556655,0.01998533,0.01998533,29235,89,0
6836.33213752,6836.33250033,738.37963658,738.36888442,0.03976145,1290.51274991,0.01998533,0.01998533,29234,89,0
6836.56643943,6836.56638070,745.31320350,745.31494531,0.04260133,1290.78014131,0.01998533,0.01998533,29233,89,0
6836.79959459,6836.80027707,752.25241500,752.23215937,0.04613736,1291.04555995,0.01998533,0.01998533,29232,89,0
6837.03462500,6837.03418944,759.19761913,759.21055678,0.05349715,1291.31245431,0.01998534,0.01998533,29231,89,0
6837.26866795,6837.26811782,766.14899940,766.16535372,0.04281144,1291.57757475,0.01998534,0.01998533,29230,89,0
6837.50282712,6837.50206220,773.10642870,773.12918623,0.06451883,1291.84216811,0.01998534,0.01998533,29229,89,0
6837.73624299,6837.73602259,780.06974504,780.07630727,0.05400948,1292.10525758,0.01998534,0.01998533,29228,89,0
6837.97031655,6837.96999898,787.03878563,787.04824809,0.06218672,1292.36841445,0.01998534,0.01998533,29227,89,0
6838.20382160,6838.20399139,794.01338824,794.00832560,0.06367870,1292.63025170,0.01998533,0.01998533,29226,89,0
6838.43774134,6838.43799981,800.99348035,800.98576786,0.03342866,1292.89186785,0.01998533,0.01998534,29225,89,0
6838.67178646,6838.67202424,807.97913399,807.97203374,0.05756235,1293.15293775,0.01998533,0.01998534,29224,89,0
6838.90554604,6838.90606469,814.97043454,814.95493550,0.05697082,1293.41300494,0.01998533,0.01998534,29223,89,0
6839.13993344,6839.14012115,821.96746779,821.96185410,0.06940305,1293.67308531,0.01998533,0.01998534,29222,89,0
6839.37446959,6839.37419364,828.97031890,828.97857781,0.06492238,1293.93264497,0.01998534,0.01998534,29221,89,0
6839.60836808,6839.60828214,835.97903296,835.98160690,0.02101025,1294.19081538,0.01998533,0.01998534,29220,89,0
6839.84160662,6839.84238667,842.99360264,842.97022100,0.06582685,1294.44757531,0.01998533,0.01998534,29219,89,0
6840.07617386,6840.07650722,850.01401701,850.00401710,0.05740038,1294.70510853,0.01998533,0.01998534,29218,89,0
6840.31151471,6840.31064379,857.04026509,857.06641072,0.06062388,1294.96279386,0.01998534,0.01998534,29217,89,0
6840.54520245,6840.54479639,864.07234012,864.08453962,0.05228815,1295.21797576,0.01998534,0.01998534,29216,89,0
6840.77923897,6840.77896502,871.11033579,871.11857272,0.05024433,1295.47284740,0.01998534,0.01998534,29215,89,0
6841.01303565,6841.01314968,878.15444745,878.15101596,0.06994319,1295.72677219,0.01998533,0.01998534,29214,89,0
6841.24761421,6841.24735037,885.20487586,885.21282199,0.04841771,1295.98086251,0.01998534,0.01998534,29213,89,0
6841.48162077,6841.48156710,892.26182280,892.26344066,0.04723477,1296.23365589,0.01998534,0.01998534,29212,89,0
6841.71599841,6841.71579986,899.32546693,899.33145732,0.04167616,1296.48617605,0.01998534,0.01998534,29211,89,0
6841.94983787,6841.95004865,906.39564781,906.38928314,0.03804399,1296.73743597,0.01998534,0.01998534,29210,89,0
6842.18453555,6842.18431349,913.47195237,913.47866274,0.03370820,1296.98891771,0.01998534,0.01998534,29209,89,0
6842.41880882,6842.41859436,920.55395955,920.56044456,0.03863538,1297.23922790,0.01998534,0.01998534,29208,89,0
6842.65311084,6842.65289128,927.64124616,927.64788981,0.03725441,1297.48883563,0.01998534,0.01998534,29207,89,0
6842.88704126,6842.88720424,934.73344888,934.72851439,0.04096535,1297.73730148,0.01998534,0.01998534,29206,89,0
6843.12155889,6843.12153324,941.83073864,941.83151558,0.05830798,1297.98564706,0.01998534,0.01998534,29205,89,0
6843.35565053,6843.35587830,948.93356156,948.92665560,0.05901675,1298.23281238,0.01998534,0.01998534,29204,89,0
6843.59043347,6843.59023939,956.04236827,956.04825766,0.06220386,1298.47998958,0.01998534,0.01998534,29203,89,0
6843.82500849,6843.82461654,963.15761165,963.16951566,0.04745468,1298.72624327,0.01998534,0.01998534,29202,89,0
6844.05947854,6844.05900974,970.27964613,970.29389672,0.04852823,1298.97169284,0.01998534,0.01998534,29201,89,0
6844.29419070,6844.29341900,977.40829849,977.43177664,0.04195124,1299.21669257,0.01998534,0.01998534,29200,89,0
6844.52787483,6844.52784431,984.54322122,984.54415049,0.03550280,1299.45990599,0.01998534,0.01998534,29199,89,0
6844.76197960,6844.76228567,991.68406494,991.67473889,0.04288104,1299.70282957,0.01998534,0.01998534,29198,89,0
6844.99696771,6844.99674310,998.83047852,998.83732738,0.05083470,1299.94592332,0.01998534,0.01998534,29197,89,0
6845.23119295,6845.23121658,1005.98224185,1005.98152088,0.05731323,1300.18747426,0.01998534,0.01998534,29196,89,0
6845.46554150,6845.46570612,1013.13954449,1013.13451798,0.05101307,1300.42840385,0.01998534,0.01998534,29195,89,0
6845.70022624,6845.70021173,1020.30265613,1020.30309947,0.04128081,1300.66893582,0.01998534,0.01998534,29194,89,0
6845.93439628,6845.93473340,1027.47184784,1027.46153800,0.03301132,1300.90820587,0.01998534,0.01998534,29193,89,0
6846.16972886,6846.16927114,1034.64739044,1034.66140009,0.03762356,1301.14793158,0.01998534,0.01998534,29192,89,0
6846.40353992,6846.40382495,1041.82941172,1041.82068073,0.04877423,1301.38538238,0.01998534,0.01998534,29191,89,0
6846.63853057,6846.63839482,1049.01778382,1049.02194548,0.05671341,1301.62329646,0.01998534,0.01998534,29190,89,0
6846.87360416,6846.87298077,1056.21235192,1056.23147829,0.03999925,1301.86055018,0.01998534,0.01998534,29189,89,0
6847.10765470,6847.10758279,1063.41296034,1063.41516827,0.03242152,1302.09602445,0.01998534,0.01998534,29188,89,0
6847.34167186,6847.34220089,1070.61945735,1070.60320171,0.04046136,1302.33071293,0.01998534,0.01998534,29187,89,0
6847.57691690,6847.57683506,1077.83179959,1077.83431612,0.04788628,1302.56587120,0.01998534,0.01998534,29186,89,0
6847.81119531,6847.81148531,1085.05005273,1085.04112860,0.06440845,1302.79930433,0.01998534,0.01998534,29185,89,0
6848.04605956,6848.04615163,1092.27428754,1092.27145182,0.03979149,1303.03256117,0.01998534,0.01998534,29184,89,0
6848.28148227,6848.28083404,1099.50457515,1099.52455389,0.03374086,1303.26560911,0.01998534,0.01998534,29183,89,0
6848.51518274,6848.51553254,1106.74100021,1106.73021073,0.03851547,1303.49619661,0.01998534,0.01998534,29182,89,0
6848.75077110,6848.75024711,1113.98376792,1113.99994360,0.04943879,1303.72788923,0.01998534,0.01998534,29181,89,0
6848.98520364,6848.98497778,1121.23314885,1121.24012743,0.03346395,1303.95769635,0.01998534,0.01998534,29180,89,0
6849.21999294,6849.21972453,1128.48941554,1128.49771630,0.03466138,1304.18711070,0.01998534,0.01998534,29179,89,0
6849.45469760,6849.45448737,1135.75284200,1135.75934940,0.03852508,1304.41570578,0.01998534,0.01998534,29178,89,0
6849.68977983,6849.68926630,1143.02358902,1143.03949959,0.05861570,1304.64393279,0.01998534,0.01998534,29177,89,0
6849.92395322,6849.92406133,1150.30134884,1150.29799666,0.04107317,1304.87053305,0.01998534,0.01998534,29176,89,0
6850.15897970,6850.15887244,1157.58569189,1157.58902062,0.03686427,1305.09719589,0.01998534,0.01998534,29175,89,0
6850.39407482,6850.39369966,1164.87618630,1164.88783802,0.06072293,1305.32314449,0.01998534,0.01998534,29174,89,0
6850.62843880,6850.62854297,1172.17240080,1172.16916326,0.04205716,1305.54759803,0.01998534,0.01998534,29173,89,0
6850.86353204,6850.86340238,1179.47419759,1179.47823014,0.03537366,1305.77194888,0.01998534,0.01998534,29172,89,0
6851.09797430,6851.09827790,1186.78198498,1186.77253516,0.04204058,1305.99488987,0.01998534,0.01998534,29171,89,0
6851.33299163,6851.33316951,1194.09623256,1194.09069108,0.05740693,1306.21759938,0.01998534,0.01998534,29170,89,0
6851.56841318,6851.56807723,1201.41741246,1201.42788736,0.03562305,1306.43992258,0.01998534,0.01998534,29169,89,0
6851.80382569,6851.80300106,1208.74597592,1208.77171310,0.03889024,1306.66147836,0.01998534,0.01998534,29168,89,0
6852.03749758,6852.03794099,1216.08197173,1216.06811979,0.05669251,1306.88064421,0.01998534,0.01998534,29167,89,0
6852.27281534,6852.27289703,1223.42510603,1223.42255183,0.03939172,1307.10058534,0.01998534,0.01998534,29166,89,0
6852.50802192,6852.50786919,1230.77507254,1230.77985194,0.05583852,1307.31964020,0.01998534,0.01998534,29165,89,0
6852.74292854,6852.74285745,1238.13156332,1238.13378961,0.04782128,1307.53762341,0.01998534,0.01998534,29164,89,0
6852.97785249,6852.97786184,1245.49432408,1245.49403113,0.03967074,1307.75482093,0.01998534,0.01998534,29163,89,0
6853.21208649,6853.21288233,1252.86341822,1252.83845438,0.05474962,1307.97058186,0.01998534,0.01998534,29162,89,0
6853.44772049,6853.44791895,1260.23902358,1260.23279322,0.04262966,1308.18683055,0.01998534,0.01998534,29161,89,0
6853.68304291,6853.68297168,1267.62131909,1267.62355719,0.04165112,1308.40199348,0.01998534,0.01998534,29160,89,0
6853.91818019,6853.91804053,1275.01048424,1275.01487609,0.05719120,1308.61619150,0.01998534,0.01998534,29159,89,0
6854.15355618,6854.15312551,1282.40663064,1282.42018595,0.03587986,1308.82981111,0.01998534,0.01998534,29158,89,0
6854.38887162,6854.38822661,1289.80972285,1289.83004232,0.04961649,1309.04257619,0.01998534,0.01998534,29157,89,0
6854.62383661,6854.62334384,1297.21970619,1297.23524316,0.03658325,1309.25422257,0.01998534,0.01998534,29156,89,0
6854.85846572,6854.85847719,1304.63652563,1304.63616359,0.03247987,1309.46476276,0.01998534,0.01998534,29155,89,0
6855.09341636,6855.09362668,1312.06012530,1312.05348295,0.06013233,1309.67478267,0.01998534,0.01998534,29154,89,0
6855.32899472,6855.32879229,1319.49043984,1319.49683828,0.03754989,1309.88454669,0.01998534,0.01998534,29153,89,0
6855.56434425,6855.56397404,1326.92739584,1326.93910751,0.05180230,1310.09328553,0.01998534,0.01998534,29152,89,0
6855.79950330,6855.79917192,1334.37091925,1334.38141102,0.03653739,1310.30103085,0.01998534,0.01998534,29151,89,0
6856.03451293,6856.03438594,1341.82093560,1341.82495959,0.05202556,1310.50781620,0.01998534,0.01998534,29150,89,0
6856.26996691,6856.26961609,1349.27741871,1349.28854376,0.04021811,1310.71415936,0.01998534,0.01998534,29149,89,0
6856.50557795,6856.50486239,1356.74057280,1356.76328352,0.05884374,1310.91980857,0.01998534,0.01998534,29148,89,0
6856.74066960,6856.74012482,1364.21067133,1364.22797677,0.03767802,1311.12418033,0.01998534,0.01998534,29147,89,0
6856.97532862,6856.97540340,1371.68798927,1371.68561154,0.02979725,1311.32735989,0.01998534,0.01998534,29146,89,0
6857.21096725,6857.21069812,1379.17279985,1379.18136497,0.05467118,1311.53057187,0.01998534,0.01998534,29145,89,0
6857.44627987,6857.44600899,1386.66519020,1386.67381912,0.05621495,1311.73268642,0.01998534,0.01998534,29144,89,0
6857.68169813,6857.68133600,1394.16496125,1394.17650748,0.04781438,1311.93406725,0.01998534,0.01998534,29143,89,0
6857.91666082,6857.91667916,1401.67188860,1401.67130326,0.03423048,1312.13422736,0.01998534,0.01998534,29142,89,0
6858.15201245,6858.15203848,1409.18574657,1409.18491528,0.05811049,1312.33387787,0.01998534,0.01998534,29141,89,0
6858.38731040,6858.38741395,1416.70632651,1416.70301678,0.04121020,1312.53263341,0.01998534,0.01998534,29140,89,0
6858.62333723,6858.62280557,1424.23357649,1424.25058493,0.05405698,1312.73114745,0.01998534,0.01998534,29139,89,0
6858.85847679,6858.85821334,1431.76752493,1431.77595959,0.05108571,1312.92805978,0.01998534,0.01998534,29138,89,0
6859.09411034,6859.09363728,1439.30820099,1439.32335969,0.03700632,1313.12452752,0.01998534,0.01998534,29137,89,0
6859.32904175,6859.32907737,1446.85563449,1446.85449226,0.05587605,1313.31955272,0.01998534,0.01998534,29136,89,0
6859.56477349,6859.56453362,1454.40997067,1454.41767004,0.04005243,1313.51438330,0.01998534,0.01998534,29135,89,0
6859.79978530,6859.80000604,1461.97162238,1461.96453059,0.04855279,1313.70777026,0.01998534,0.01998534,29134,89,0
6860.03522678,6860.03549462,1469.54104243,1469.53242892,0.03120674,1313.90066987,0.01998534,0.01998534,29133,89,0
6860.27128775,6860.27099936,1477.11868619,1477.12797015,0.04837194,1314.09324061,0.01998534,0.01998534,29132,89,0
6860.50646731,6860.50652028,1484.70496032,1484.70325327,0.05382592,1314.28426655,0.01998534,0.01998534,29131,89,0
6860.74196775,6860.74205736,1492.29961812,1492.29672727,0.03118957,1314.47471772,0.01998534,0.01998534,29130,89,0
6860.97766513,6860.97761061,1499.90195843,1499.90371873,0.04887871,1314.66447044,0.01998534,0.01998534,29129,89,0
6861.21313424,6861.21318004,1507.51126696,1507.50978703,0.03199447,1314.85316197,0.01998534,0.01998534,29128,89,0
6861.44832547,6861.44876564,1515.12682563,1515.11259170,0.05655147,1315.04073511,0.01998534,0.01998534,29127,89,0
6861.68420096,6861.68436741,1522.74822721,1522.74284070,0.05045893,1315.22794256,0.01998534,0.01998534,29126,89,0
6861.92050924,6861.91998537,1530.37595927,1530.39292584,0.02900900,1315.41458798,0.01998534,0.01998534,29125,89,0
6862.15538153,6862.15561950,1538.01067083,1538.00295691,0.05063898,1315.59921435,0.01998534,0.01998534,29124,89,0
6862.39124804,6862.39126981,1545.65301471,1545.65230842,0.03949753,1315.78374756,0.01998534,0.01998534,29123,89,0
6862.62675736,6862.62693630,1553.30360968,1553.29779745,0.05194288,1315.96713860,0.01998534,0.01998534,29122,89,0
6862.86204805,6862.86261898,1560.96252934,1560.94396661,0.04730193,1316.14949712,0.01998534,0.01998534,29121,89,0
6863.09850221,6863.09831785,1568.62943389,1568.63543364,0.05142754,1316.33187780,0.01998534,0.01998534,29120,89,0
6863.33388728,6863.33403290,1576.30397137,1576.29922815,0.03025908,1316.51254674,0.01998534,0.01998534,29119,89,0
6863.57005179,6863.56976414,1583.98578788,1583.99516547,0.04558705,1316.69291315,0.01998534,0.01998534,29118,89,0
6863.80554506,6863.80551157,1591.67467081,1591.67576341,0.05298048,1316.87186079,0.01998534,0.01998534,29117,89,0
6864.04153337,6864.04127519,1599.37080701,1599.37923843,0.03122827,1317.05027850,0.01998534,0.01998534,29116,89,0
6864.27717364,6864.27705501,1607.07445389,1607.07833151,0.04845236,1317.22753116,0.01998534,0.01998534,29115,89,0
6864.51284678,6864.51285102,1614.78587036,1614.78573144,0.04073480,1317.40391011,0.01998534,0.01998534,29114,89,0
6864.74874645,6864.74866324,1622.50529756,1622.50802281,0.02598243,1317.57956126,0.01998534,0.01998534,29113,89,0
6864.98437363,6864.98449165,1630.23274289,1630.22887412,0.04561833,1317.75411036,0.01998534,0.01998534,29112,89,0
6865.22026442,6865.22033626,1637.96805680,1637.96569958,0.04575422,1317.92794813,0.01998534,0.01998534,29111,89,0
6865.45620761,6865.45619707,1645.71108594,1645.71143201,0.05472126,1318.10091062,0.01998534,0.01998534,29110,89,0
6865.69214474,6865.69207409,1653.46167656,1653.46399930,0.03303599,1318.27294832,0.01998534,0.01998534,29109,89,0
6865.92766848,6865.92796731,1661.21978269,1661.20995021,0.05144224,1318.44376272,0.01998534,0.01998534,29108,89,0
6866.16353151,6866.16387674,1668.98559632,1668.97422656,0.04201878,1318.61390143,0.01998534,0.01998534,29107,89,0
6866.40004211,6866.39980238,1676.75934210,1676.76724499,0.04932921,1318.78358290,0.01998534,0.01998534,29106,89,0
6866.63527999,6866.63574423,1684.54124607,1684.52592667,0.03312558,1318.95143490,0.01998534,0.01998534,29105,89,0
6866.87128784,6866.87170229,1692.33149930,1692.31780941,0.05039036,1319.11891880,0.01998534,0.01998534,29104,89,0
6867.10781590,6867.10767657,1700.13000697,1700.13461406,0.05018281,1319.28584452,0.01998534,0.01998534,29103,89,0
6867.34356813,6867.34366706,1707.93653712,1707.93326293,0.04205574,1319.45129076,0.01998534,0.01998534,29102,89,0
6867.58020043,6867.57967377,1715.75085552,1715.76830174,0.04950168,1319.61641088,0.01998534,0.01998534,29101,89,0
6867.81589290,6867.81569670,1723.57273048,1723.57923556,0.05295854,1319.77992744,0.01998534,0.01998534,29100,89,0
6868.05167849,6868.05173584,1731.40211463,1731.40021144,0.02730393,1319.94255827,0.01998534,0.01998534,29099,89,0
6868.28750013,6868.28779122,1739.23922091,1739.22955211,0.04872696,1320.10426466,0.01998534,0.01998534,29098,89,0
6868.52322310,6868.52386281,1747.08428303,1747.06301396,0.04690746,1320.26495637,0.01998534,0.01998534,29097,89,0
6868.75994987,6868.75995063,1754.93753615,1754.93751080,0.04553714,1320.42538115,0.01998534,0.01998534,29096,89,0
6868.99602463,6868.99605468,1762.79916981,1762.79816874,0.04454543,1320.58441535,0.01998534,0.01998534,29095,89,0
6869.23230115,6869.23217496,1770.66917667,1770.67338488,0.05483708,1320.74263337,0.01998534,0.01998534,29094,89,0
6869.46803464,6869.46831147,1778.54749715,1778.53825670,0.02788005,1320.89953407,0.01998534,0.01998534,29093,89,0
6869.70442559,6869.70446421,1786.43407127,1786.43278109,0.05001666,1321.05591129,0.01998534,0.01998534,29092,89,0
6869.94030850,6869.94063318,1794.32883910,1794.31798010,0.05093998,1321.21098869,0.01998534,0.01998534,29091,89,0
6870.17713120,6870.17681839,1802.23174676,1802.24221844,0.04907180,1321.36571117,0.01998535,0.01998534,29090,89,0
6870.41254065,6870.41301984,1810.14274480,1810.12668763,0.04690778,1321.51854017,0.01998534,0.01998534,29089,89,0
6870.64893731,6870.64923753,1818.06178351,1818.05171408,0.04519735,1321.67103258,0.01998534,0.01998534,29088,89,0
6870.88570509,6870.88547146,1825.98881348,1825.99665677,0.04660248,1321.82277839,0.01998535,0.01998534,29087,89,0
6871.12145598,6871.12172163,1833.92384942,1833.91492268,0.03835932,1321.97288916,0.01998534,0.01998534,29086,89,0
6871.35775637,6871.35798804,1841.86702609,1841.85923364,0.04012558,1322.12236455,0.01998534,0.01998534,29085,89,0
6871.59419957,6871.59427070,1849.81849218,1849.81609711,0.04305308,1322.27094248,0.01998534,0.01998534,29084,89,0
6871.83055079,6871.83056961,1857.77839727,1857.77776301,0.04325475,1322.41847458,0.01998534,0.01998534,29083,89,0
6872.06738267,6872.06688477,1865.74689337,1865.76369110,0.04704985,1322.56531524,0.01998535,0.01998534,29082,89,0
6872.30306973,6872.30321618,1873.72414068,1873.71919477,0.04848406,1322.71046029,0.01998534,0.01998534,29081,89,0
6872.53952994,6872.53956384,1881.71030258,1881.70915638,0.05068964,1322.85509265,0.01998534,0.01998535,29080,89,0
6872.77617974,6872.77592775,1889.70554345,1889.71407180,0.05088038,1322.99884870,0.01998535,0.01998535,29079,89,0
6873.01212017,6873.01230792,1897.71000387,1897.70364240,0.04851947,1323.14118445,0.01998534,0.01998535,29078,89,0
6873.24903725,6873.24870435,1905.72349113,1905.73478177,0.04159429,1323.28310823,0.01998535,0.01998535,29077,89,0
6873.48527955,6873.48511704,1913.74557179,1913.75108874,0.04516882,1323.42361760,0.01998535,0.01998535,29076,89,0
6873.72167323,6873.72154599,1921.77580439,1921.78012813,0.04804871,1323.56319622,0.01998535,0.01998535,29075,89,0
6873.95788988,6873.95799120,1929.81375128,1929.81030553,0.04142010,1323.70163959,0.01998535,0.01998535,29074,89,0
6874.19442424,6874.19445268,1937.85935968,1937.85839165,0.04286795,1323.83923276,0.01998535,0.01998535,29073,89,0
6874.43054573,6874.43093042,1945.91317065,1945.90006275,0.04302863,1323.97555745,0.01998534,0.01998535,29072,89,0
6874.66764445,6874.66742443,1953.97577900,1953.98328412,0.03791324,1324.11141921,0.01998535,0.01998535,29071,89,0
6874.90402932,6874.90393470,1962.04778332,1962.05101442,0.04469547,1324.24585369,0.01998535,0.01998535,29070,89,0
6875.14050212,6875.14046125,1970.12954938,1970.13094643,0.03920739,1324.37932311,0.01998535,0.01998535,29069,89,0
6875.37689735,6875.37700407,1978.22067212,1978.21701962,0.04271754,1324.51172341,0.01998535,0.01998535,29068,89,0
6875.61336165,6875.61356317,1986.32058617,1986.31368270,0.04283045,1324.64312385,0.01998535,0.01998535,29067,89,0
6875.85070341,6875.85013854,1994.42872244,1994.44809085,0.05142539,1324.77395465,0.01998535,0.01998535,29066,89,0
6876.08695235,6876.08673019,2002.54458853,2002.55221263,0.05133394,1324.90312003,0.01998535,0.01998535,29065,89,0
6876.32315256,6876.32333812,2010.66825083,2010.66187701,0.04928036,1325.03119647,0.01998535,0.01998535,29064,89,0
6876.56066723,6876.55996233,2018.80001582,2018.82425179,0.04300883,1325.15891625,0.01998535,0.01998535,29063,89,0
6876.79680846,6876.79660282,2026.94019288,2026.94727016,0.03784991,1325.28483587,0.01998535,0.01998535,29062,89,0
6877.03286809,6877.03325960,2035.08909445,2035.07560647,0.04048539,1325.40965535,0.01998534,0.01998535,29061,89,0
6877.26993432,6877.26993266,2043.24705189,2043.24710903,0.04173733,1325.53394534,0.01998535,0.01998535,29060,89,0
6877.50613688,6877.50662201,2051.41441209,2051.39766259,0.04560476,1325.65672582,0.01998534,0.01998535,29059,89,0
6877.74314627,6877.74332765,2059.59152464,2059.58525501,0.05098149,1325.77886682,0.01998534,0.01998535,29058,89,0
6877.98035609,6877.98004959,2067.77873586,2067.78934279,0.03926881,1325.90005018,0.01998535,0.01998535,29057,89,0
6878.21704649,6878.21678781,2075.97614695,2075.98510944,0.04340500,1326.01990758,0.01998535,0.01998535,29056,89,0
6878.45349434,6878.45354233,2084.18351779,2084.18185336,0.03474411,1326.13857666,0.01998535,0.01998535,29055,89,0
6878.69066531,6878.69031314,2092.40058160,2092.41281018,0.04743298,1326.25653088,0.01998535,0.01998535,29054,89,0
6878.92753493,6878.92710026,2100.62707001,2100.64217936,0.05354853,1326.37325006,0.01998535,0.01998535,29053,89,0
6879.16406557,6879.16390367,2108.86277790,2108.86841142,0.03342798,1326.48871330,0.01998535,0.01998535,29052,89,0
6879.40085434,6879.40072338,2117.10765006,2117.11221179,0.03938851,1326.60320810,0.01998535,0.01998535,29051,89,0
6879.63760729,6879.63755940,2125.36165232,2125.36332240,0.04289670,1326.71658652,0.01998535,0.01998535,29050,89,0
6879.87392600,6879.87441172,2133.62475021,2133.60779601,0.05681992,1326.82865681,0.01998535,0.01998535,29049,89,0
6880.11102072,6880.11128035,2141.89696179,2141.88789005,0.04172974,1326.93998702,0.01998535,0.01998535,29048,89,0
6880.34769289,6880.34816528,2150.17850752,2150.16198359,0.03920016,1327.05001101,0.01998535,0.01998535,29047,89,0
6880.58501074,6880.58506653,2158.46965780,2158.46770445,0.05238898,1327.15922348,0.01998535,0.01998535,29046,89,0
6880.82179828,6880.82198408,2166.77068482,2166.76417113,0.03583808,1327.26708196,0.01998535,0.01998535,29045,89,0
6881.05890749,6881.05891795,2175.08181709,2175.08145000,0.03644242,1327.37397479,0.01998535,0.01998535,29044,89,0
6881.29616208,6881.29586813,2183.40300842,2183.41333705,0.05127552,1327.47981438,0.01998535,0.01998535,29043,89,0
6881.53316094,6881.53283463,2191.73410863,2191.74558694,0.04128081,1327.58441650,0.01998535,0.01998535,29042,89,0
6881.76941916,6881.76981745,2200.07496630,2200.06094024,0.03315874,1327.68756819,0.01998535,0.01998535,29041,89,0
6882.00710288,6882.00681659,2208.42542727,2208.43551989,0.05341725,1327.79020436,0.01998535,0.01998535,29040,89,0
6882.24368796,6882.24383205,2216.78532118,2216.78023639,0.04109694,1327.89122662,0.01998535,0.01998535,29039,89,0
6882.48067100,6882.48086383,2225.15446826,2225.14765623,0.03938077,1327.99127302,0.01998535,0.01998535,29038,89,0
6882.71744838,6882.71791194,2233.53268736,2233.51629540,0.04504432,1328.09008135,0.01998535,0.01998535,29037,89,0
6882.95458855,6882.95497637,2241.91981938,2241.90609196,0.03360117,1328.18788205,0.01998535,0.01998535,29036,89,0
6883.19252235,6883.19205713,2250.31602914,2250.33251352,0.05090170,1328.28484248,0.01998535,0.01998535,29035,89,0
6883.42951250,6883.42915422,2258.72172098,2258.73442965,0.04500205,1328.38025653,0.01998535,0.01998535,29034,89,0
6883.66589162,6883.66626764,2267.13730753,2267.12395428,0.03623295,1328.47427016,0.01998535,0.01998535,29033,89,0
6883.90296538,6883.90339740,2275.56319240,2275.54783258,0.04748458,1328.56740230,0.01998535,0.01998535,29032,89,0
6884.14092046,6884.14054349,2283.99953978,2284.01295811,0.03528212,1328.65971212,0.01998535,0.01998535,29031,89,0
6884.37757852,6884.37770592,2292.44628847,2292.44174856,0.05173927,1328.75035257,0.01998535,0.01998535,29030,89,0
6884.61465835,6884.61488468,2300.90336812,2300.89529294,0.03751596,1328.83998324,0.01998535,0.01998535,29029,89,0
6884.85206748,6884.85207979,2309.37070536,2309.37026581,0.05053524,1328.92855847,0.01998535,0.01998535,29028,89,0
6885.08930227,6885.08929124,2317.84815433,2317.84854887,0.03480794,1329.01588334,0.01998535,0.01998535,29027,89,0
6885.32715988,6885.32651903,2326.33548681,2326.35842694,0.05064591,1329.10224128,0.01998535,0.01998535,29026,89,0
6885.56366233,6885.56376316,2334.83246853,2334.82885539,0.04065285,1329.18691318,0.01998535,0.01998535,29025,89,0
6885.80123182,6885.80102364,2343.33887245,2343.34634000,0.04798451,1329.27076210,0.01998535,0.01998535,29024,89,0
6886.03864361,6886.03830047,2351.85481879,2351.86714074,0.03873599,1329.35334601,0.01998535,0.01998535,29023,89,0
6886.27576017,6886.27559366,2360.38088215,2360.38686864,0.05116115,1329.43462192,0.01998535,0.01998535,29022,89,0
6886.51248267,6886.51290319,2368.91767159,2368.90253495,0.03019245,1329.51456256,0.01998535,0.01998535,29021,89,0
6886.74998725,6886.75022907,2377.46579167,2377.45707583,0.04827524,1329.59356308,0.01998535,0.01998535,29020,89,0
6886.98737724,6886.98757131,2386.02542802,2386.01842462,0.03117894,1329.67131695,0.01998535,0.01998535,29019,89,0
6887.22528129,6887.22492991,2394.59616637,2394.60886187,0.04911419,1329.74801833,0.01998535,0.01998535,29018,89,0
6887.46203476,6887.46230487,2403.17754360,2403.16777350,0.03184126,1329.82312663,0.01998535,0.01998535,29017,89,0
6887.70039246,6887.69969618,2411.76909770,2411.79431085,0.05098150,1329.89750371,0.01998535,0.01998535,29016,89,0
6887.93726411,6887.93710386,2420.37060316,2420.37641217,0.04977175,1329.97017810,0.01998535,0.01998535,29015,89,0
6888.17427709,6888.17452790,2428.98218638,2428.97308420,0.04061233,1330.04165643,0.01998535,0.01998535,29014,89,0
6888.41168931,6888.41196831,2437.60400295,2437.59386627,0.04478972,1330.11200915,0.01998535,0.01998535,29013,89,0
6888.64968178,6888.64942509,2446.23621189,2446.24554886,0.05274043,1330.18127904,0.01998535,0.01998535,29012,89,0
6888.88696437,6888.88689823,2454.87908774,2454.88149643,0.03342020,1330.24908925,0.01998535,0.01998535,29011,89,0
6889.12423598,6889.12438774,2463.53307319,2463.52753955,0.04817857,1330.31564399,0.01998535,0.01998535,29010,89,0
6889.36254934,6889.36189363,2472.19862717,2472.22256695,0.05289036,1330.38122896,0.01998535,0.01998535,29009,89,0
6889.59946881,6889.59941589,2480.87620031,2480.87813509,0.03296093,1330.44517490,0.01998535,0.01998535,29008,89,0
6889.83667962,6889.83695452,2489.56574546,2489.55568305,0.04372428,1330.50793984,0.01998535,0.01998535,29007,89,0
6890.07423955,6890.07450953,2498.26653510,2498.25664083,0.04766487,1330.56952363,0.01998535,0.01998535,29006,89,0
6890.31229922,6890.31208092,2506.97778773,2506.98579658,0.02995532,1330.62994821,0.01998535,0.01998535,29005,89,0
6890.54968920,6890.54966869,2515.69873459,2515.69948790,0.04803208,1330.68890842,0.01998535,0.01998535,29004,89,0
6890.78733411,6890.78727284,2524.42921820,2524.43147035,0.04407027,1330.74663208,0.01998535,0.01998535,29003,89,0
6891.02465066,6891.02489338,2533.16982365,2533.16089031,0.04676990,1330.80297772,0.01998535,0.01998535,29002,89,0
6891.26259031,6891.26253030,2541.92118471,2541.92339570,0.03144253,1330.85816835,0.01998535,0.01998535,29001,89,0
6891.49972764,6891.50018361,2550.68392263,2550.66709953,0.04699250,1330.91187390,0.01998535,0.01998535,29000,89,0
6891.73814981,6891.73785331,2559.45825357,2559.46920658,0.04064368,1330.96455932,0.01998535,0.01998535,28999,89,0
6891.97581169,6891.97553940,2568.24397822,2568.25404916,0.05038166,1331.01576212,0.01998535,0.01998535,28998,89,0
6892.21312966,6892.21324188,2577.04087695,2577.03672119,0.03002830,1331.06557490,0.01998535,0.01998535,28997,89,0
6892.45058025,6892.45096076,2585.84874144,2585.83463491,0.05406933,1331.11409342,0.01998535,0.01998535,28996,89,0
6892.68904394,6892.68869603,2594.66757520,2594.68048851,0.04444849,1331.16148318,0.01998535,0.01998535,28995,89,0
6892.92649687,6892.92644770,2603.49755605,2603.49938324,0.04948025,1331.20733802,0.01998535,0.01998535,28994,89,0
6893.16422700,6893.16421577,2612.33886821,2612.33928605,0.04288497,1331.25190885,0.01998535,0.01998535,28993,89,0
6893.40224734,6893.40200023,2621.19169844,2621.20090421,0.04446778,1331.29518918,0.01998535,0.01998535,28992,89,0
6893.63964701,6893.63980111,2630.05624772,2630.05049995,0.02911834,1331.33701201,0.01998535,0.01998535,28991,89,0
6893.87761777,6893.87761838,2638.93272651,2638.93270380,0.05179004,1331.37758346,0.01998535,0.01998535,28990,89,0
6894.11540482,6894.11545206,2647.82134695,2647.81958006,0.04971058,1331.41676715,0.01998535,0.01998535,28989,89,0
6894.35294191,6894.35330215,2656.72228859,2656.70879878,0.04816783,1331.45455119,0.01998535,0.01998535,28988,89,0
6894.59152727,6894.59116865,2665.63548376,2665.64893036,0.04403094,1331.49112943,0.01998535,0.01998535,28987,89,0
6894.82912161,6894.82905156,2674.56075438,2674.56338449,0.04800312,1331.52618254,0.01998535,0.01998535,28986,89,0
6895.06720489,6895.06695088,2683.49792040,2683.50746863,0.04235889,1331.55992715,0.01998535,0.01998535,28985,89,0
6895.30452006,6895.30486662,2692.44685846,2692.43381511,0.04183306,1331.59218177,0.01998535,0.01998535,28984,89,0
6895.54253127,6895.54279877,2701.40771589,2701.39763503,0.04480792,1331.62314125,0.01998535,0.01998535,28983,89,0
6895.78115786,6895.78074734,2710.38072039,2710.39621101,0.03864066,1331.65277897,0.01998535,0.01998535,28982,89,0
6896.01900935,6896.01871233,2719.36610130,2719.37732415,0.03959937,1331.68091885,0.01998535,0.01998535,28981,89,0
6896.25679401,6896.25669374,2728.36394807,2728.36774147,0.03811753,1331.70764681,0.01998535,0.01998535,28980,89,0
6896.49428618,6896.49469157,2737.37394361,2737.35858674,0.04166701,1331.73293419,0.01998535,0.01998535,28979,89,0
6896.73300288,6896.73270583,2746.39569544,2746.40696172,0.04335813,1331.75692771,0.01998535,0.01998535,28978,89,0
6896.97050168,6896.97073652,2755.42881190,2755.41989488,0.04458020,1331.77937558,0.01998535,0.01998535,28977,89,0
6897.20904032,6897.20878363,2764.47322805,2764.48298670,0.03934314,1331.80048753,0.01998535,0.01998535,28976,89,0
6897.44683168,6897.44684717,2773.52944744,2773.52885772,0.04122615,1331.82009871,0.01998535,0.01998535,28975,89,0
6897.68454317,6897.68492715,2782.59803399,2782.58339825,0.03720548,1331.83826740,0.01998535,0.01998535,28974,89,0
6897.92271946,6897.92302355,2791.67954175,2791.66793502,0.04619127,1331.85502712,0.01998535,0.01998535,28973,89,0
6898.16071050,6898.16113639,2800.77419136,2800.75791320,0.05008026,1331.87032403,0.01998535,0.01998535,28972,89,0
6898.39976258,6898.39926567,2809.88186345,2809.90088143,0.06217875,1331.88422401,0.01998535,0.01998535,28971,89,0
6898.63711216,6898.63741139,2819.00242246,2818.99095501,0.04453928,1331.89656614,0.01998535,0.01998535,28970,89,0
6898.87631125,6898.87557355,2828.13573888,2828.16404786,0.05124422,1331.90752770,0.01998535,0.01998535,28969,89,0
6899.11344854,6899.11375214,2837.28175301,2837.27008714,0.04304232,1331.91692553,0.01998535,0.01998535,28968,89,0
6899.35198120,6899.35194718,2846.44044447,2846.44175338,0.04497577,1331.92489700,0.01998535,0.01998535,28967,89,0
6899.59024450,6899.59015867,2855.61179306,2855.61509991,0.03843517,1331.93137015,0.01998535,0.01998535,28966,89,0
6899.82805130,6899.82838660,2864.79575468,2864.78281994,0.04654102,1331.93634088,0.01998535,0.01998535,28965,89,0
6900.06682691,6900.06663098,2873.99217752,2873.99974523,0.05577710,1331.93982832,0.01998535,0.01998535,28964,89,0
6900.30518480,6900.30489181,2883.20087804,2883.21220903,0.04758476,1331.94180122,0.01998535,0.01998535,28963,89,0
6900.54267427,6900.54316910,2892.42167242,2892.40251176,0.02955214,1331.94226246,0.01998535,0.01998535,28962,89,0
6900.78142322,6900.78146283,2901.65459930,2901.65306348,0.03809441,1331.94120686,0.01998535,0.01998535,28961,89,0
6901.02021707,6901.01977303,2910.90017125,2910.91740997,0.05527188,1331.93862154,0.01998535,0.01998535,28960,89,0
6901.25839070,6901.25809967,2920.15896529,2920.17027927,0.04195707,1331.93451307,0.01998535,0.01998535,28959,89,0
6901.49639893,6901.49644278,2929.43154250,2929.42983536,0.04326801,1331.92887467,0.01998535,0.01998535,28958,89,0
6901.73446712,6901.73480235,2938.71799055,2938.70492085,0.03852960,1331.92169553,0.01998535,0.01998535,28957,89,0
6901.97308389,6901.97317838,2948.01791923,2948.01423040,0.05276246,1331.91294895,0.01998535,0.01998535,28956,89,0
6902.21141101,6902.21157087,2957.33091408,2957.32466492,0.04030287,1331.90265734,0.01998535,0.01998535,28955,89,0
6902.44995375,6902.44997983,2966.65663592,2966.65561523,0.03780551,1331.89079396,0.01998535,0.01998535,28954,89,0
6902.68842067,6902.68840526,2975.99532638,2975.99593054,0.05242918,1331.87736564,0.01998535,0.01998535,28953,89,0
6902.92664811,6902.92684715,2985.34749104,2985.33967880,0.04580045,1331.86237781,0.01998535,0.01998535,28952,89,0
6903.16513161,6903.16530552,2994.71364076,2994.70680502,0.05461709,1331.84579188,0.01998535,0.01998535,28951,89,0
6903.40414779,6903.40378035,3004.09413157,3004.10859536,0.04297607,1331.82757344,0.01998535,0.01998535,28950,89,0
6903.64203022,6903.64227167,3013.48887506,3013.47935709,0.04174685,1331.80784896,0.01998535,0.01998535,28949,89,0
6903.88027165,6903.88077945,3022.89770402,3022.87765778,0.05374778,1331.78649614,0.01998535,0.01998535,28948,89,0
6904.11938637,6904.11930372,3032.32045676,3032.32372436,0.04369205,1331.76345021,0.01998535,0.01998535,28947,89,0
6904.35852930,6904.35784446,3041.75717092,3041.78428266,0.05472990,1331.73877676,0.01998536,0.01998535,28946,89,0
6904.59636738,6904.59640168,3051.20810830,3051.20674840,0.03815151,1331.71261899,0.01998535,0.01998535,28945,89,0
6904.83452368,6904.83497539,3060.67354466,3060.65560965,0.04983547,1331.68480091,0.01998535,0.01998535,28944,89,0
6905.07402737,6905.07356558,3070.15366764,3070.17202954,0.04162508,1331.65517772,0.01998536,0.01998535,28943,89,0
6905.31210733,6905.31217226,3079.64803332,3079.64544798,0.04071460,1331.62408745,0.01998535,0.01998535,28942,89,0
6905.55061857,6905.55079542,3089.15592311,3089.14887168,0.04767305,1331.59129390,0.01998535,0.01998535,28941,89,0
6905.78909760,6905.78943508,3098.67661309,3098.66314110,0.03895365,1331.55685293,0.01998535,0.01998535,28940,89,0
6906.02813505,6906.02809122,3108.20986745,3108.21161942,0.04677171,1331.52066863,0.01998536,0.01998535,28939,89,0
6906.26675139,6906.26676386,3117.75656723,3117.75606793,0.05119064,1331.48287832,0.01998535,0.01998535,28938,89,0
6906.50549034,6906.50545299,3127.31775507,3127.31925230,0.03836847,1331.44338823,0.01998535,0.01998535,28937,89,0
6906.74353731,6906.74415862,3136.89442758,3136.86948153,0.05146064,1331.40232785,0.01998535,0.01998535,28936,89,0
6906.98283197,6906.98288074,3146.48673796,3146.48477646,0.03735345,1331.35934853,0.01998535,0.01998535,28935,89,0
6907.22152616,6907.22161937,3156.09417202,3156.09041835,0.04369909,1331.31477018,0.01998535,0.01998536,28934,89,0
6907.46038636,6907.46037450,3165.71619288,3165.71667129,0.03828083,1331.26844964,0.01998536,0.01998536,28933,89,0
6907.69839184,6907.69914613,3175.35242407,3175.32196142,0.05081541,1331.22058717,0.01998535,0.01998536,28932,89,0
6907.93792981,6907.93793426,3185.00312780,3185.00294794,0.05030268,1331.17068716,0.01998536,0.01998536,28931,89,0
6908.17680458,6908.17673890,3194.66872425,3194.67138467,0.04817243,1331.11918832,0.01998536,0.01998536,28930,89,0
6908.41626312,6908.41556005,3204.34962611,3204.37814773,0.03229657,1331.06581311,0.01998536,0.01998536,28929,89,0
6908.65454558,6908.65439771,3214.04591199,3214.05191958,0.04518834,1331.01095243,0.01998536,0.01998536,28928,89,0
6908.89364469,6908.89325188,3223.75727304,3223.77325562,0.04592057,1330.95414579,0.01998536,0.01998536,28927,89,0
6909.13232289,6909.13212256,3233.48337604,3233.49153866,0.02679461,1330.89567755,0.01998536,0.01998536,28926,89,0
6909.37069240,6909.37100976,3243.22398262,3243.21103299,0.05176572,1330.83552266,0.01998535,0.01998536,28925,89,0
6909.60973122,6909.60991348,3252.97937735,3252.97192941,0.04133133,1330.77342143,0.01998536,0.01998536,28924,89,0
6909.84892815,6909.84883371,3262.75002249,3262.75388753,0.05047708,1330.70948715,0.01998536,0.01998536,28923,89,0
6910.08849468,6910.08777046,3272.53637961,3272.56606518,0.04330013,1330.64364668,0.01998536,0.01998536,28922,89,0
6910.32735542,6910.32672374,3282.33869274,3282.36462551,0.03593071,1330.57618998,0.01998536,0.01998536,28921,89,0
6910.56583805,6910.56569354,3292.15690349,3292.16284551,0.04649227,1330.50702940,0.01998536,0.01998536,28920,89,0
6910.80459034,6910.80467986,3301.99093073,3301.98724431,0.04837106,1330.43597113,0.01998536,0.01998536,28919,89,0
6911.04391270,6911.04368271,3311.84069636,3311.85018183,0.04802764,1330.36290893,0.01998536,0.01998536,28918,89,0
6911.28266526,6911.28270209,3321.70614449,3321.70462323,0.04825841,1330.28818346,0.01998536,0.01998536,28917,89,0
6911.52177567,6911.52173800,3331.58722693,3331.58878534,0.05015912,1330.21149947,0.01998536,0.01998536,28916,89,0
6911.76117581,6911.76079045,3341.48390044,3341.49986639,0.03996658,1330.13286391,0.01998536,0.01998536,28915,89,0
6911.99946359,6911.99985942,3351.39635073,3351.37992586,0.05362031,1330.05273769,0.01998535,0.01998536,28914,89,0
6912.23871899,6912.23894493,3361.32507192,3361.31568144,0.05162167,1329.97041114,0.01998536,0.01998536,28913,89,0
6912.47774881,6912.47804698,3371.27058419,3371.25817141,0.04191340,1329.88627359,0.01998536,0.01998536,28912,89,0
6912.71710023,6912.71716557,3381.23328836,3381.23056398,0.04076949,1329.80011940,0.01998536,0.01998536,28911,89,0
6912.95580319,6912.95630070,3391.21296307,3391.19218410,0.04229353,1329.71229501,0.01998535,0.01998536,28910,89,0
6913.19585097,6913.19545237,3401.20918806,3401.22586209,0.04280553,1329.62205401,0.01998536,0.01998536,28909,89,0
6913.43455279,6913.43462058,3411.22155059,3411.21871028,0.04486007,1329.53040350,0.01998536,0.01998536,28908,89,0
6913.67366412,6913.67380534,3421.24993859,3421.24401275,0.04871745,1329.43667370,0.01998536,0.01998536,28907,89,0
6913.91326101,6913.91300665,3431.29456225,3431.30525171,0.04927806,1329.34081395,0.01998536,0.01998536,28906,89,0
6914.15206152,6914.15222451,3441.35564929,3441.34878895,0.04494669,1329.24333053,0.01998536,0.01998536,28905,89,0
6914.39174381,6914.39145892,3451.43344094,3451.44545189,0.04999212,1329.14352664,0.01998536,0.01998536,28904,89,0
6914.63045670,6914.63070988,3461.52821983,3461.51752876,0.05221282,1329.04216292,0.01998536,0.01998536,28903,89,0
6914.86991833,6914.86997739,3471.64027965,3471.63778132,0.04542784,1328.93850091,0.01998536,0.01998536,28902,89,0
6915.10979330,6915.10926146,3481.76989111,3481.79242419,0.04060198,1328.83265971,0.01998536,0.01998536,28901,89,0
6915.34890750,6915.34856209,3491.91700065,3491.93165907,0.04571669,1328.72515340,0.01998536,0.01998536,28900,89,0
6915.58809178,6915.58787928,3502.08132966,3502.09036209,0.04094726,1328.61561122,0.01998536,0.01998536,28899,89,0
6915.82741715,6915.82721303,3512.26259207,3512.27128214,0.04490262,1328.50399240,0.01998536,0.01998536,28898,89,0
6916.06667733,6916.06656335,3522.46049613,3522.46535651,0.05117451,1328.39038685,0.01998536,0.01998536,28897,89,0
6916.30579663,6916.30593022,3532.67474198,3532.66903702,0.04575495,1328.27482811,0.01998536,0.01998536,28896,89,0
6916.54523973,6916.54531367,3542.90502592,3542.90186388,0.04762029,1328.15708447,0.01998536,0.01998536,28895,89,0
6916.78417444,6916.78471368,3553.15126381,3553.12816685,0.03869644,1328.03756038,0.01998536,0.01998536,28894,89,0
6917.02348677,6917.02413026,3563.41462353,3563.38701467,0.04105626,1327.91579226,0.01998536,0.01998536,28893,89,0
6917.26304573,6917.26356341,3573.69672267,3573.67447097,0.04821181,1327.79181030,0.01998536,0.01998536,28892,89,0
6917.50267459,6917.50301314,3583.99910761,3583.98452720,0.04160099,1327.66567305,0.01998536,0.01998536,28891,89,0
6917.74228755,6917.74247944,3594.32163492,3594.31335576,0.04280575,1327.53741614,0.01998536,0.01998536,28890,89,0
6917.96566207,nan,0.00000000,3603.97166445,0.44408614,1327.41577397,0.01998531,0.01998536,28889,89,1
6918.22167255,6918.22146178,3615.02029393,3615.02941568,0.04364931,1327.27447582,0.01998536,0.01998536,28888,89,0
6918.46094432,6918.46097782,3625.39404395,3625.39259216,0.04991873,1327.14008544,0.01998536,0.01998536,28887,89,0
6918.70058671,6918.70051043,3635.78573557,3635.78904747,0.03764291,1327.00335063,0.01998536,0.01998536,28886,89,0
6918.93964239,6918.94005964,3646.19758710,3646.17943339,0.03514225,1326.86478153,0.01998536,0.01998536,28885,89,0
6919.17951076,6919.17962542,3656.63133283,3656.62633372,0.05019933,1326.72352972,0.01998536,0.01998536,28884,89,0
6919.41849171,6919.41920780,3667.08597149,3667.05469531,0.02949294,1326.58059961,0.01998536,0.01998536,28883,89,0
6919.65836180,6919.65880676,3677.55956101,3677.54009466,0.04921262,1326.43494483,0.01998536,0.01998536,28882,89,0
6919.89797187,6919.89842232,3688.05026987,3688.03053368,0.05615207,1326.28727059,0.01998536,0.01998536,28881,89,0
6920.13772229,6920.13805446,3698.55816255,3698.54358480,0.04530574,1326.13732196,0.01998536,0.01998536,28880,89,0
6920.37855383,6920.37770320,3709.08474737,3709.12214513,0.06114212,1325.98446261,0.01998536,0.01998536,28879,89,0
6920.61758900,6920.61736854,3719.63156720,3719.64127827,0.04655149,1325.83049633,0.01998536,0.01998536,28878,89,0
6920.85672723,6920.85705047,3730.19919332,3730.18492814,0.05084030,1325.67420440,0.01998536,0.01998536,28877,89,0
6921.09740902,6921.09674901,3740.78668655,3740.81586503,0.03775383,1325.51462515,0.01998536,0.01998536,28876,89,0
6921.33740117,6921.33646414,3751.39296871,3751.43446195,0.05567717,1325.35323312,0.01998536,0.01998536,28875,89,0
6921.57588541,6921.57619587,3762.01729903,3762.00352865,0.04729433,1325.19061117,0.01998536,0.01998536,28874,89,0
6921.81590674,6921.81594421,3772.66001254,3772.65834778,0.04204052,1325.02466773,0.01998536,0.01998536,28873,89,0
6922.05606799,6922.05570916,3783.32165734,3783.33762712,0.04288769,1324.85632644,0.01998536,0.01998536,28872,89,0
6922.29559167,6922.29549071,3794.00274896,3794.00724991,0.05490667,1324.68612108,0.01998536,0.01998536,28871,89,0
6922.53550287,6922.53528888,3804.70356789,3804.71312569,0.03967049,1324.51331191,0.01998536,0.01998536,28870,89,0
6922.77506158,6922.77510365,3815.42430480,3815.42242233,0.05356893,1324.33841780,0.01998536,0.01998536,28869,89,0
6923.01539013,6923.01493504,3826.16514167,3826.18554127,0.04710555,1324.16059952,0.01998536,0.01998536,28868,89,0
6923.25456766,6923.25478304,3836.92612874,3836.91645663,0.05668391,1323.98127234,0.01998536,0.01998536,28867,89,0
6923.49428954,6923.49464766,3847.70722406,3847.69111325,0.03418333,1323.79916401,0.01998536,0.01998536,28866,89,0
6923.73452964,6923.73452890,3858.50840072,3858.50843417,0.04501318,1323.61426821,0.01998536,0.01998536,28865,89,0
6923.97408681,6923.97442675,3869.33015755,3869.31480840,0.04518224,1323.42749237,0.01998536,0.01998536,28864,89,0
6924.21449215,6924.21434123,3880.17360438,3880.18043255,0.03660818,1323.23760955,0.01998536,0.01998536,28863,89,0
6924.45440765,6924.45427233,3891.03988788,3891.04602283,0.06087029,1323.04563889,0.01998536,0.01998536,28862,89,0
6924.69441068,6924.69422006,3901.92927796,3901.93793737,0.02773975,1322.85110733,0.01998536,0.01998536,28861,89,0
6924.93388157,6924.93418441,3912.84042095,3912.82663844,0.05565212,1322.65453592,0.01998536,0.01998536,28860,89,0
6925.17413287,6925.17416539,3923.77177481,3923.77029218,0.03214581,1322.45485983,0.01998536,0.01998536,28859,89,0
6925.41379388,6925.41416300,3934.72267133,3934.70581325,0.05242279,1322.25321674,0.01998536,0.01998536,28858,89,0
6925.65378117,6925.65417724,3945.69495421,3945.67682936,0.05797048,1322.04879443,0.01998536,0.01998536,28857,89,0
6925.89420883,6925.89420812,3956.69093038,3956.69096306,0.04663278,1321.84142819,0.01998536,0.01998536,28856,89,0
6926.13463586,6926.13425563,3967.71207712,3967.72955261,0.04616180,1321.63144985,0.01998536,0.01998536,28855,89,0
6926.37393376,6926.37431978,3978.75627091,3978.73849572,0.04836524,1321.41989027,0.01998536,0.01998536,28854,89,0
6926.61403534,6926.61440057,3989.82040755,3989.80356329,0.05285504,1321.20509365,0.01998536,0.01998536,28853,89,0
6926.85442505,6926.85449800,4000.90208907,4000.89871952,0.02688873,1320.98754032,0.01998536,0.01998536,28852,89,0
6927.09446961,6927.09461207,4012.00335709,4011.99676467,0.05425677,1320.76775415,0.01998536,0.01998536,28851,89,0
6927.33419233,6927.33474278,4023.12793914,4023.10240985,0.05968726,1320.54563894,0.01998536,0.01998536,28850,89,0
6927.57561052,6927.57489014,4034.27911892,4034.31260856,0.04834714,1320.31922272,0.01998536,0.01998536,28849,89,0
6927.81491375,6927.81505415,4045.45620245,4045.44966155,0.04669101,1320.09208548,0.01998536,0.01998536,28848,89,0
6928.05473969,6928.05523480,4056.65652334,4056.63341328,0.05939534,1319.86179105,0.01998536,0.01998536,28847,89,0
6928.29554656,6928.29543211,4067.87758773,4067.88293873,0.03500769,1319.62791354,0.01998536,0.01998536,28846,89,0
6928.53545941,6928.53564607,4079.11919859,4079.11045530,0.05465990,1319.39226513,0.01998536,0.01998536,28845,89,0
nan,nan,0.00000000,-1.00000000,0.00000000,1319.16158369,nan,0.00000000,-2147483648,89,1
nan,nan,0.00000000,-1.00000000,0.00000000,1314.96545497,nan,0.00000000,-2147483648,88,1
6888.17333781,6888.17452790,8.80065551,8.76824625,0.04880729,1315.31613186,0.01998535,0.01998535,29014,88,0
6888.41297561,6888.41196831,15.26884289,15.29629190,0.07267107,1315.65358532,0.01998535,0.01998535,29013,88,0
6888.65032141,6888.64942509,21.74163893,21.76607962,0.04698535,1315.98727340,0.01998535,0.01998535,29012,88,0
6888.88774977,6888.88689823,28.21911079,28.24234568,0.07126615,1316.32054404,0.01998535,0.01998535,29011,88,0
6889.12384999,6889.12438774,34.70132590,34.68664318,0.05105201,1316.65142321,0.01998535,0.01998535,29010,88,0
6889.36217556,6889.36189363,41.18831478,41.19601779,0.03413449,1316.98488795,0.01998535,0.01998535,29009,88,0
6889.59991616,6889.59941589,47.67994426,47.69362142,0.03649857,1317.31699219,0.01998535,0.01998535,29008,88,0
6889.83611511,6889.83695452,54.17603549,54.15307275,0.05591791,1317.64639628,0.01998535,0.01998535,29007,88,0
6890.07540770,6890.07450953,60.67640888,60.70099306,0.05404201,1317.97954860,0.01998535,0.01998535,29006,88,0
6890.31392425,6890.31208092,67.18088407,67.23136651,0.05076999,1318.31104278,0.01998536,0.01998535,29005,88,0
6890.54995628,6890.54966869,73.68929968,73.69717980,0.07272607,1318.63850674,0.01998535,0.01998535,29004,88,0
6890.78773409,6890.78727284,80.20171901,80.21436470,0.06980542,1318.96781424,0.01998535,0.01998535,29003,88,0
6891.02434445,6891.02489338,86.71834913,86.70329049,0.04723148,1319.29493762,0.01998535,0.01998535,29002,88,0
6891.26124651,6891.26253030,93.23940025,93.20416039,0.04186744,1319.62190651,0.01998535,0.01998535,29001,88,0
6891.49777532,6891.50018361,99.76508348,99.69893291,0.05911889,1319.94781250,0.01998534,0.01998535,29000,88,0
6891.73943425,6891.73785331,106.29560812,106.33906321,0.04506416,1320.28023111,0.01998536,0.01998535,28999,88,0
6891.97550671,6891.97553940,112.83107711,112.83017806,0.03749594,1320.60442609,0.01998535,0.01998535,28998,88,0
6892.21267265,6892.21324188,119.37145265,119.35578497,0.05546771,1320.92958281,0.01998535,0.01998535,28997,88,0
6892.45099218,6892.45096076,125.91668715,125.91755264,0.04547040,1321.25577207,0.01998535,0.01998535,28996,88,0
6892.68927279,6892.68869603,132.46673282,132.48262891,0.04851950,1321.58135385,0.01998535,0.01998535,28995,88,0
6892.92565851,6892.92644770,139.02154164,138.99977676,0.03720854,1321.90379504,0.01998535,0.01998535,28994,88,0
6893.16411030,6893.16421577,145.58105830,145.57814771,0.05387069,1322.22849370,0.01998535,0.01998535,28993,88,0
6893.40186120,6893.40200023,152.14520849,152.14136918,0.04756384,1322.55167210,0.01998535,0.01998535,28992,88,0
6893.63842488,6893.63980111,158.71391445,158.67588774,0.05319330,1322.87267063,0.01998535,0.01998535,28991,88,0
6893.87859746,6893.87761838,165.28709810,165.31416765,0.05769616,1323.19798316,0.01998535,0.01998535,28990,88,0
6894.11583405,6894.11545206,171.86468102,171.87524845,0.02103351,1323.51873697,0.01998535,0.01998535,28989,88,0
6894.35327968,6894.35330215,178.44661824,178.44599631,0.05072238,1323.83919071,0.01998535,0.01998535,28988,88,0
6894.59194958,6894.59116865,185.03304714,185.05467773,0.02516043,1324.16071453,0.01998535,0.01998535,28987,88,0
6894.82980600,6894.82905156,191.62416706,191.64507754,0.04650831,1324.48057004,0.01998535,0.01998535,28986,88,0
6895.06732298,6895.06695088,198.22017820,198.23049855,0.05785810,1324.79940702,0.01998535,0.01998535,28985,88,0
6895.30426885,6895.30486662,204.82128162,204.80469030,0.04371913,1325.11692575,0.01998535,0.01998535,28984,88,0
6895.54319081,6895.54279877,211.42765766,211.43854690,0.05023063,1325.43654170,0.01998535,0.01998535,28983,88,0
6895.78114215,6895.78074734,218.03925037,218.05022430,0.03865802,1325.75430505,0.01998535,0.01998535,28982,88,0
6896.01859672,6896.01871233,224.65585699,224.65264140,0.05702512,1326.07084232,0.01998535,0.01998535,28981,88,0
6896.25717093,6896.25669374,231.27727174,231.29055279,0.04266828,1326.38829452,0.01998535,0.01998535,28980,88,0
6896.49499696,6896.49469157,237.90328790,237.91179258,0.03310884,1326.70416356,0.01998535,0.01998535,28979,88,0
6896.73284299,6896.73270583,244.53370488,244.53752685,0.04352909,1327.01946137,0.01998535,0.01998535,28978,88,0
6896.97174632,6896.97073652,251.16849473,251.19665005,0.06502474,1327.33555624,0.01998535,0.01998535,28977,88,0
6897.20893725,6897.20878363,257.80781020,257.81209602,0.03072286,1327.64879186,0.01998535,0.01998535,28976,88,0
6897.44700587,6897.44684717,264.45181312,264.45624366,0.03925897,1327.96259799,0.01998535,0.01998535,28975,88,0
6897.68454641,6897.68492715,271.10066604,271.09002961,0.04072401,1328.27512645,0.01998535,0.01998535,28974,88,0
6897.92219615,6897.92302355,277.75453138,277.73140052,0.06224728,1328.58722324,0.01998535,0.01998535,28973,88,0
6898.16155401,6898.16113639,284.41351056,284.42519365,0.03770447,1328.90098470,0.01998535,0.01998535,28972,88,0
6898.39971937,6898.39926567,291.07760239,291.09030365,0.07086036,1329.21260493,0.01998535,0.01998535,28971,88,0
6898.63824286,6898.63741139,297.74679587,297.77008919,0.03753346,1329.52411366,0.01998535,0.01998535,28970,88,0
6898.87622379,6898.87557355,304.42107996,304.43930884,0.04514763,1329.83433306,0.01998535,0.01998535,28969,88,0
6899.11412053,6899.11375214,311.10044357,311.11077796,0.05431141,1330.14386077,0.01998535,0.01998535,28968,88,0
6899.35229238,6899.35194718,317.78488351,317.79457419,0.04242354,1330.45316176,0.01998535,0.01998535,28967,88,0
6899.58981131,6899.59015867,324.47441731,324.46465915,0.04741226,1330.76103136,0.01998535,0.01998535,28966,88,0
6899.82818660,6899.82838660,331.16906585,331.16344332,0.05431635,1331.06942443,0.01998535,0.01998535,28965,88,0
6900.06688881,6900.06663098,337.86885011,337.87610298,0.02649334,1331.37765092,0.01998535,0.01998535,28964,88,0
6900.30425220,6900.30489181,344.57379117,344.55578527,0.04565992,1331.68356294,0.01998535,0.01998535,28963,88,0
6900.54344486,6900.54316910,351.28389204,351.29166057,0.04959986,1331.99124012,0.01998535,0.01998535,28962,88,0
6900.78100464,6900.78146283,357.99908470,357.98616821,0.03241340,1332.29622349,0.01998535,0.01998535,28961,88,0
6901.01930326,6901.01977303,364.71928342,364.70603185,0.05576971,1332.60155574,0.01998535,0.01998535,28960,88,0
6901.25741476,6901.25809967,371.44440207,371.42506880,0.03879114,1332.90604279,0.01998535,0.01998535,28959,88,0
6901.49618721,6901.49644278,378.17435411,378.16713540,0.03642474,1333.21076177,0.01998535,0.01998535,28958,88,0
6901.73375094,6901.73480235,384.90907499,384.87935858,0.06440234,1333.51332426,0.01998535,0.01998535,28957,88,0
6901.97429549,6901.97317838,391.64862579,391.68021996,0.04616143,1333.81906035,0.01998536,0.01998535,28956,88,0
6902.21199526,6902.21157087,398.39311194,398.40512263,0.05194814,1334.12056824,0.01998536,0.01998535,28955,88,0
6902.44963989,6902.44997983,405.14263940,405.13301226,0.06001628,1334.42140068,0.01998535,0.01998535,28954,88,0
6902.68834481,6902.68840526,411.89731456,411.89560137,0.02655663,1334.72296888,0.01998535,0.01998535,28953,88,0
6902.92680408,6902.92684715,418.65723428,418.65601287,0.05437533,1335.02362250,0.01998535,0.01998535,28952,88,0
6903.16561602,6903.16530552,425.42241821,425.43123057,0.04711805,1335.32411460,0.01998536,0.01998535,28951,88,0
6903.40523903,6903.40378035,432.19284994,432.23427735,0.06431640,1335.62501504,0.01998536,0.01998535,28950,88,0
6903.64296473,6903.64227167,438.96851279,438.98820998,0.02995148,1335.92292450,0.01998536,0.01998535,28949,88,0
6903.88007906,6903.88077945,445.74938997,445.72947064,0.05775710,1336.21946165,0.01998535,0.01998535,28948,88,0
6904.11946798,6904.11930372,452.53546588,452.54014088,0.04468685,1336.51822685,0.01998536,0.01998535,28947,88,0
6904.35780920,6904.35784446,459.32673774,459.32573346,0.04572324,1336.81506719,0.01998536,0.01998535,28946,88,0
6904.59636959,6904.59640168,466.12321024,466.12229557,0.05675526,1337.11156217,0.01998536,0.01998535,28945,88,0
6904.83540340,6904.83497539,472.92488818,472.93709493,0.01257038,1337.40802355,0.01998536,0.01998535,28944,88,0
6905.07348508,6905.07356558,479.73177638,479.72947878,0.05453302,1337.70268361,0.01998536,0.01998535,28943,88,0
6905.31290547,6905.31217226,486.54387406,486.56481422,0.04233061,1337.99837433,0.01998536,0.01998535,28942,88,0
6905.55142479,6905.55079542,493.36110988,493.37909642,0.04886730,1338.29232293,0.01998536,0.01998535,28941,88,0
6905.78900243,6905.78943508,500.18336378,500.17099119,0.05323680,1338.58447982,0.01998535,0.01998535,28940,88,0
6906.02774674,6906.02809122,507.01051419,507.00065658,0.02442832,1338.87742997,0.01998536,0.01998535,28939,88,0
6906.26674144,6906.26676386,513.84243899,513.84179708,0.05327739,1339.17003647,0.01998536,0.01998535,28938,88,0
6906.50584028,6906.50545299,520.67903311,520.69012930,0.05567233,1339.46211273,0.01998536,0.01998535,28937,88,0
6906.74467024,6906.74415862,527.52045304,527.53512123,0.04680583,1339.75320888,0.01998536,0.01998535,28936,88,0
6906.98308640,6906.98288074,534.36705656,534.37295694,0.03480378,1340.04316460,0.01998536,0.01998535,28935,88,0
6907.22176585,6907.22161937,541.21920820,541.22341413,0.05785366,1340.33281757,0.01998536,0.01998536,28934,88,0
6907.46056465,6907.46037450,548.07727417,548.08273854,0.06571690,1340.62200516,0.01998536,0.01998536,28933,88,0
6907.69875058,6907.69914613,554.94159629,554.93022019,0.03884847,1340.90985479,0.01998535,0.01998536,28932,88,0
6907.93763614,6907.93793426,561.81209471,561.80351357,0.06067663,1341.19794682,0.01998536,0.01998536,28931,88,0
6908.17681161,6908.17673890,568.68834577,568.69044007,0.04320082,1341.48576356,0.01998536,0.01998536,28930,88,0
6908.41573485,6908.41556005,575.56991388,575.57495222,0.03525061,1341.77263231,0.01998536,0.01998536,28929,88,0
6908.65419617,6908.65439771,582.45636137,582.45054875,0.04286019,1342.05828429,0.01998536,0.01998536,28928,88,0
6908.89329555,6908.89325188,589.34727649,589.34853670,0.04359199,1342.34401771,0.01998536,0.01998536,28927,88,0
6909.13290933,6909.13212256,596.24270363,596.26542227,0.04481180,1342.62968025,0.01998536,0.01998536,28926,88,0
6909.37194347,6909.37100976,603.14306176,603.17004165,0.05285662,1342.91398367,0.01998536,0.01998536,28925,88,0
6909.61048920,6909.60991348,610.04878276,610.06543072,0.06015260,1343.19705697,0.01998536,0.01998536,28924,88,0
6909.84905928,6909.84883371,616.96030058,616.96682851,0.03316144,1343.47952637,0.01998536,0.01998536,28923,88,0
6910.08793044,6910.08777046,623.87802280,623.88265629,0.06674593,1343.76173281,0.01998536,0.01998536,28922,88,0
6910.32647947,6910.32672374,630.80192416,630.79484332,0.05852630,1344.04293692,0.01998536,0.01998536,28921,88,0
6910.56536781,6910.56569354,637.73163948,637.72219048,0.05348629,1344.32390145,0.01998536,0.01998536,28920,88,0
6910.80435056,6910.80467986,644.66679276,644.65723353,0.04589808,1344.60431944,0.01998536,0.01998536,28919,88,0
6911.04346520,6911.04368271,651.60700619,651.60068812,0.03843803,1344.88421687,0.01998536,0.01998536,28918,88,0
6911.28224654,6911.28270209,658.55193420,658.53869378,0.03658023,1345.16303449,0.01998536,0.01998536,28917,88,0
6911.52176069,6911.52173800,665.50168159,665.50234150,0.04314258,1345.44201801,0.01998536,0.01998536,28916,88,0
6911.76183092,6911.76079045,672.45667456,672.48695731,0.04201715,1345.72097152,0.01998536,0.01998536,28915,88,0
6911.99992062,6911.99985942,679.41734820,679.41913064,0.04502648,1345.99696901,0.01998536,0.01998536,28914,88,0
6912.23863679,6912.23894493,686.38413967,686.37515686,0.03864873,1346.27305347,0.01998536,0.01998536,28913,88,0
6912.47907565,6912.47804698,693.35744196,693.38745572,0.03918521,1346.55049671,0.01998536,0.01998536,28912,88,0
6912.71647767,6912.71716557,700.33714963,700.31706225,0.04741940,1346.82380549,0.01998535,0.01998536,28911,88,0
6912.95622837,6912.95630070,707.32285079,707.32073702,0.04650286,1347.09916422,0.01998536,0.01998536,28910,88,0
6913.19573588,6913.19545237,714.31412717,714.32241821,0.03785122,1347.37356896,0.01998536,0.01998536,28909,88,0
6913.43422927,6913.43462058,721.31055845,721.29910760,0.04302777,1347.64612349,0.01998536,0.01998536,28908,88,0
6913.67346039,6913.67380534,728.31177995,728.30167978,0.04575845,1347.91881513,0.01998536,0.01998536,28907,88,0
6913.91345033,6913.91300665,735.31790720,735.33090671,0.04320965,1348.19166412,0.01998536,0.01998536,28906,88,0
6914.15231556,6914.15222451,742.32929610,742.33196586,0.04239352,1348.46254277,0.01998536,0.01998536,28905,88,0
6914.39178847,6914.39145892,749.34630606,749.35597591,0.04417841,1348.73342991,0.01998536,0.01998536,28904,88,0
6914.63100541,6914.63070988,756.36929822,756.37797676,0.04311813,1349.00335902,0.01998536,0.01998536,28903,88,0
6914.87004097,6914.86997739,763.39857960,763.40044829,0.03954635,1349.27242576,0.01998536,0.01998536,28902,88,0
6915.10873796,6915.10926146,770.43411437,770.41871588,0.03247703,1349.54045172,0.01998536,0.01998536,28901,88,0
6915.34866440,6915.34856209,777.47573542,777.47874704,0.04221631,1349.80918536,0.01998536,0.01998536,28900,88,0
6915.58774131,6915.58787928,784.52327454,784.51920980,0.04152662,1350.07628796,0.01998536,0.01998536,28899,88,0
6915.82654834,6915.82721303,791.57656270,791.55696682,0.04519867,1350.34240349,0.01998536,0.01998536,28898,88,0
6916.06620774,6916.06656335,798.63546961,798.62497817,0.04293449,1350.60877309,0.01998536,0.01998536,28897,88,0
6916.30555230,6916.30593022,805.70003654,805.68887843,0.04517851,1350.87409671,0.01998536,0.01998536,28896,88,0
6916.54500124,6916.54531367,812.77035171,812.76112063,0.04996337,1351.13884131,0.01998536,0.01998536,28895,88,0
6916.78436409,6916.78471368,819.84650379,819.83616666,0.05199064,1351.40279751,0.01998536,0.01998536,28894,88,0
6917.02368242,6917.02413026,826.92858184,826.91532927,0.06521641,1351.66601298,0.01998536,0.01998536,28893,88,0
6917.26315161,6917.26356341,834.01665260,834.00445705,0.05636437,1351.92870254,0.01998536,0.01998536,28892,88,0
6917.50210598,6917.50301314,841.11071679,841.08383053,0.05987076,1352.19013546,0.01998535,0.01998536,28891,88,0
6917.74216008,6917.74247944,848.21076314,848.20129041,0.05447868,1352.45207309,0.01998536,0.01998536,28890,88,0
6917.98188135,6917.98196232,855.31678027,855.31437681,0.03656588,1352.71294641,0.01998536,0.01998536,28889,88,0
6918.22162321,6918.22146178,862.42875741,862.43355305,0.03918940,1352.97313888,0.01998536,0.01998536,28888,88,0
6918.46007554,6918.46097782,869.54675382,869.51992923,0.03601280,1353.23123423,0.01998535,0.01998536,28887,88,0
6918.70028990,6918.70051043,876.67096148,876.66439950,0.04227518,1353.49053817,0.01998536,0.01998536,28886,88,0
6918.93936710,6918.94005964,883.80158796,883.78096466,0.04734895,1353.74792367,0.01998536,0.01998536,28885,88,0
6919.17887716,6919.17962542,890.93884191,890.91653944,0.05769290,1354.00508922,0.01998536,0.01998536,28884,88,0
6919.41872174,6919.41920780,898.08292420,898.06842398,0.05617824,1354.26193080,0.01998536,0.01998536,28883,88,0
6919.65843564,6919.65880676,905.23375556,905.22267474,0.04354677,1354.51794412,0.01998536,0.01998536,28882,88,0
6919.89892139,6919.89842232,912.39092207,912.40583475,0.03566569,1354.77407302,0.01998536,0.01998536,28881,88,0
6920.13822587,6920.13805446,919.55398821,919.55911361,0.03110030,1355.02822144,0.01998536,0.01998536,28880,88,0
6920.37761003,6920.37770320,926.72251628,926.71972834,0.04032073,1355.28171601,0.01998536,0.01998536,28879,88,0
6920.61718966,6920.61736854,933.89610348,933.89074776,0.05739768,1355.53466198,0.01998536,0.01998536,28878,88,0
6920.85758720,6920.85705047,941.07484600,941.09092700,0.05346866,1355.78771332,0.01998536,0.01998536,28877,88,0
6921.09673484,6921.09674901,948.25919987,948.25877526,0.03451969,1356.03870958,0.01998536,0.01998536,28876,88,0
6921.33674989,6921.33646414,955.44963126,955.45820595,0.04179063,1356.28988896,0.01998536,0.01998536,28875,88,0
6921.57591694,6921.57619587,962.64660874,962.63823120,0.04074896,1356.53947024,0.01998536,0.01998536,28874,88,0
6921.81495945,6921.81594421,969.85052124,969.82091816,0.04713977,1356.78822373,0.01998536,0.01998536,28873,88,0
6922.05612284,6922.05570916,977.06122483,977.07367097,0.06248355,1357.03846978,0.01998536,0.01998536,28872,88,0
6922.29580464,6922.29549071,984.27836038,984.28781299,0.03951319,1357.28645260,0.01998536,0.01998536,28871,88,0
6922.53514280,6922.53528888,991.50156631,991.49716460,0.04210198,1357.53334317,0.01998536,0.01998536,28870,88,0
6922.77545252,6922.77510365,998.73047922,998.74099898,0.04622769,1357.78048072,0.01998536,0.01998536,28869,88,0
6923.01502661,6923.01493504,1005.96486584,1005.96762908,0.06447858,1358.02609851,0.01998536,0.01998536,28868,88,0
6923.25504876,6923.25478304,1013.20491831,1013.21294221,0.04722629,1358.27141601,0.01998536,0.01998536,28867,88,0
6923.49414784,6923.49464766,1020.45091579,1020.43581119,0.04336465,1358.51504145,0.01998536,0.01998536,28866,88,0
6923.73365205,6923.73452890,1027.70313888,1027.67661878,0.04269495,1358.75833782,0.01998536,0.01998536,28865,88,0
6923.97467159,6923.97442675,1034.96186710,1034.96927853,0.05828050,1359.00243111,0.01998536,0.01998536,28864,88,0
6924.21481665,6924.21434123,1042.22722012,1042.24162346,0.03754273,1359.24489971,0.01998536,0.01998536,28863,88,0
6924.45446128,6924.45427233,1049.49906128,1049.50479036,0.03152842,1359.48612069,0.01998536,0.01998536,28862,88,0
6924.69429972,6924.69422006,1056.77723023,1056.77964760,0.04646215,1359.72678664,0.01998536,0.01998536,28861,88,0
6924.93380307,6924.93418441,1064.06156580,1064.04998567,0.06163507,1359.96635995,0.01998536,0.01998536,28860,88,0
6925.17396609,6925.17416539,1071.35191420,1071.34585746,0.03096564,1360.20582684,0.01998536,0.01998536,28859,88,0
6925.41399092,6925.41416300,1078.64824716,1078.64301365,0.03687703,1360.44438620,0.01998536,0.01998536,28858,88,0
6925.65426293,6925.65417724,1085.95063499,1085.95324317,0.05259518,1360.68242063,0.01998536,0.01998536,28857,88,0
6925.89450556,6925.89420812,1093.25915099,1093.26821100,0.03834647,1360.91965527,0.01998536,0.01998536,28856,88,0
6926.13348954,6926.13425563,1100.57386881,1100.55051531,0.03216582,1361.15488260,0.01998536,0.01998536,28855,88,0
6926.37392839,6926.37431978,1107.89488620,1107.88294544,0.05301968,1361.39077341,0.01998536,0.01998536,28854,88,0
6926.61450516,6926.61440057,1115.22243561,1115.22562928,0.05154089,1361.62603317,0.01998536,0.01998536,28853,88,0
6926.85462859,6926.85449800,1122.55679788,1122.56078904,0.03655906,1361.86009178,0.01998536,0.01998536,28852,88,0
6927.09459282,6927.09461207,1129.89825540,1129.89766663,0.06253819,1362.09324527,0.01998536,0.01998536,28851,88,0
6927.33528410,6927.33474278,1137.24709112,1137.26366531,0.04323539,1362.32635845,0.01998536,0.01998536,28850,88,0
6927.57483692,6927.57489014,1144.60338558,1144.60175450,0.03527242,1362.55762622,0.01998536,0.01998536,28849,88,0
6927.81505002,6927.81505415,1151.96675893,1151.96663223,0.05463174,1362.78877269,0.01998536,0.01998536,28848,88,0
6928.05514351,6928.05523480,1159.33676600,1159.33396350,0.03457704,1363.01902836,0.01998536,0.01998536,28847,88,0
6928.29592396,6928.29543211,1166.71295921,1166.72806881,0.03939407,1363.24914760,0.01998536,0.01998536,28846,88,0
6928.53560046,6928.53564607,1174.09491119,1174.09350896,0.06147580,1363.47740540,0.01998536,0.01998536,28845,88,0
6928.77623630,6928.77587669,1181.48265559,1181.49371897,0.03140684,1363.70576645,0.01998536,0.01998536,28844,88,0
6929.01576554,6929.01612396,1188.87666000,1188.86562460,0.05799777,1363.93228311,0.01998536,0.01998536,28843,88,0
6929.25607853,6929.25638789,1196.27741120,1196.26787798,0.04346820,1364.15875718,0.01998536,0.01998536,28842,88,0
6929.49604516,6929.49666847,1203.68539861,1203.66617250,0.04462703,1364.38413383,0.01998536,0.01998536,28841,88,0
6929.73694662,6929.73696572,1211.10102398,1211.10043429,0.05658725,1364.60962303,0.01998536,0.01998536,28840,88,0
6929.97767260,6929.97727963,1218.52416355,1218.53630762,0.04052787,1364.83417528,0.01998536,0.01998536,28839,88,0
6930.21748889,6930.21761021,1225.95450172,1225.95074932,0.05967832,1365.05709866,0.01998536,0.01998536,28838,88,0
6930.45828039,6930.45795745,1233.39172091,1233.40171796,0.03150609,1365.28013276,0.01998536,0.01998536,28837,88,0
6930.69829305,6930.69832137,1240.83550295,1240.83462582,0.04973011,1365.50163993,0.01998536,0.01998536,28836,88,0
6930.93855267,6930.93870195,1248.28568525,1248.28105665,0.04082792,1365.72256231,0.01998536,0.01998536,28835,88,0
6931.17851541,6931.17909920,1255.74241513,1255.72429949,0.05793106,1365.94240206,0.01998536,0.01998536,28834,88,0
6931.41950389,6931.41951313,1263.20587719,1263.20559022,0.04256480,1366.16237016,0.01998536,0.01998536,28833,88,0
6931.65954988,6931.65994373,1270.67625699,1270.66401427,0.03634056,1366.38067257,0.01998536,0.01998536,28832,88,0
6931.90048126,6931.90039101,1278.15373087,1278.15653865,0.05079602,1366.59897443,0.01998536,0.01998536,28831,88,0
6932.14064067,6932.14085497,1285.63834023,1285.63166708,0.03352288,1366.81577202,0.01998536,0.01998536,28830,88,0
6932.38123753,6932.38133560,1293.13003066,1293.12697417,0.04993631,1367.03215455,0.01998536,0.01998536,28829,88,0
6932.62147469,6932.62183292,1300.62874540,1300.61757075,0.03759287,1367.24740040,0.01998536,0.01998536,28828,88,0
6932.86190010,6932.86234693,1308.13442733,1308.12047724,0.05196736,1367.46199716,0.01998536,0.01998536,28827,88,0
6933.10280411,6933.10287762,1315.64701561,1315.64471884,0.04218634,1367.67619621,0.01998536,0.01998536,28826,88,0
6933.34367238,6933.34342499,1323.16643692,1323.17417348,0.05369613,1367.88953327,0.01998536,0.01998536,28825,88,0
6933.58436705,6933.58398906,1330.69261482,1330.70444529,0.05177212,1368.10188259,0.01998536,0.01998536,28824,88,0
6933.82463656,6933.82456981,1338.22547245,1338.22756322,0.04565007,1368.31302067,0.01998536,0.01998536,28823,88,0
6934.06243989,6934.06516726,0.00000000,1345.68062030,0.07750479,1368.52119751,0.01998536,0.01998536,28822,88,1
6934.30584947,6934.30578140,1353.31110668,1353.31324240,0.03366991,1368.73336354,0.01998536,0.01998536,28821,88,0
6934.54629789,6934.54641224,1360.86424999,1360.86065898,0.04886873,1368.94213982,0.01998536,0.01998536,28820,88,0
6934.78717952,6934.78705978,1368.42465244,1368.42841613,0.03077076,1369.15045915,0.01998536,0.01998536,28819,88,0
6935.02791491,6935.02772402,1375.99259949,1375.99860526,0.05239575,1369.35782393,0.01998536,0.01998536,28818,88,0
6935.26809239,6935.26840495,1383.56831194,1383.55846911,0.03613889,1369.56388634,0.01998536,0.01998536,28817,88,0
6935.50954159,6935.50910259,1391.15166917,1391.16550637,0.05404517,1369.77020617,0.01998536,0.01998536,28816,88,0
6935.74965420,6935.74981694,1398.74243951,1398.73730554,0.04892256,1369.97454583,0.01998536,0.01998536,28815,88,0
6935.99080170,6935.99054799,1406.34038989,1406.34840104,0.02957992,1370.17891596,0.01998536,0.01998536,28814,88,0
6936.23156176,6936.23129575,1413.94528835,1413.95369473,0.05172888,1370.38209881,0.01998536,0.01998536,28813,88,0
6936.47219668,6936.47206022,1421.55700889,1421.56132484,0.02735721,1370.58431250,0.01998536,0.01998536,28812,88,0
6936.71294631,6936.71284140,1429.17557105,1429.17889215,0.05422077,1370.78575659,0.01998536,0.01998536,28811,88,0
6936.95314985,6936.95363929,1436.80100498,1436.78549916,0.05226571,1370.98587865,0.01998536,0.01998536,28810,88,0
6937.19450554,6937.19445390,1444.43334099,1444.43497849,0.03275768,1371.18608847,0.01998536,0.01998536,28809,88,0
6937.43502673,6937.43528522,1452.07265690,1452.06445370,0.05322087,1371.38473572,0.01998536,0.01998536,28808,88,0
6937.67579493,6937.67613327,1459.71931380,1459.70856708,0.05086344,1371.58272348,0.01998536,0.01998536,28807,88,0
6937.91731189,6937.91699803,1467.37377938,1467.38375826,0.03503730,1371.78046821,0.01998536,0.01998536,28806,88,0
6938.15799442,6938.15787952,1475.03652417,1475.04018119,0.04664555,1371.97668314,0.01998536,0.01998536,28805,88,0
6938.39881719,6938.39877773,1482.70801091,1482.70926827,0.05630950,1372.17217507,0.01998536,0.01998536,28804,88,0
6938.63981484,6938.63969267,1490.38822451,1490.39212137,0.03261453,1372.36696668,0.01998536,0.01998536,28803,88,0
6938.88102430,6938.88062433,1498.07648034,1498.08924935,0.04595779,1372.56106509,0.01998536,0.01998536,28802,88,0
6939.12173642,6939.12157272,1505.77204014,1505.77727057,0.04694412,1372.75387965,0.01998536,0.01998536,28801,88,0
6939.36222896,6939.36253784,1513.47416132,1513.46428469,0.02635768,1372.94561557,0.01998536,0.01998536,28800,88,0
6939.60384512,6939.60351970,1521.18226864,1521.19268145,0.04622832,1373.13732187,0.01998537,0.01998536,28799,88,0
6939.84396630,6939.84451829,1528.89671586,1528.87903938,0.04830318,1373.32692937,0.01998536,0.01998536,28798,88,0
6940.08559046,6940.08553361,1536.61817371,1536.61999574,0.05018284,1373.51681934,0.01998536,0.01998536,28797,88,0
6940.32649589,6940.32656568,1544.34731714,1544.34507812,0.03267357,1373.70525507,0.01998536,0.01998536,28796,88,0
6940.56774983,6940.56761448,1552.08480982,1552.08915664,0.04627116,1373.89308649,0.01998536,0.01998536,28795,88,0
6940.80863782,6940.80868002,1559.83085584,1559.82949897,0.04591300,1374.07975907,0.01998536,0.01998536,28794,88,0
6941.05004215,6941.04976231,1567.58512322,1567.59412849,0.05193119,1374.26594439,0.01998537,0.01998536,28793,88,0
6941.29097862,6941.29086134,1575.34724798,1575.35102554,0.03670549,1374.45087124,0.01998536,0.01998536,28792,88,0
6941.53199929,6941.53197712,1583.11686391,1583.11757878,0.05066462,1374.63495377,0.01998536,0.01998536,28791,88,0
6941.77305795,6941.77310965,1590.89371100,1590.89204316,0.04512810,1374.81814696,0.01998536,0.01998536,28790,88,0
6942.01425073,6942.01425892,1598.67795116,1598.67768651,0.04651410,1375.00052386,0.01998536,0.01998536,28789,88,0
6942.25542010,6942.25542495,1606.46985065,1606.46969374,0.02777711,1375.18196803,0.01998536,0.01998536,28788,88,0
6942.49654084,6942.49660773,1614.26967731,1614.26751297,0.04530095,1375.36246406,0.01998536,0.01998536,28787,88,0
6942.73770761,6942.73780727,1622.07768578,1622.07445805,0.04833557,1375.54208556,0.01998536,0.01998537,28786,88,0
6942.97901947,6942.97902356,1629.89390324,1629.89377070,0.04444391,1375.72090261,0.01998536,0.01998537,28785,88,0
6943.22053720,6943.22025661,1637.71817680,1637.72728194,0.05646325,1375.89895155,0.01998537,0.01998537,28784,88,0
6943.46207417,6943.46150642,1645.55034779,1645.56878834,0.04923489,1376.07608672,0.01998537,0.01998537,28783,88,0
6943.70331324,6943.70277300,1653.39025699,1653.40782012,0.02974647,1376.25207045,0.01998537,0.01998537,28782,88,0
6943.94417954,6943.94405633,1661.23785388,1661.24186283,0.04954479,1376.42684786,0.01998537,0.01998537,28781,88,0
6944.18505208,6944.18535644,1669.09333569,1669.08342269,0.05263657,1376.60069744,0.01998536,0.01998537,28780,88,0
6944.42691836,6944.42667331,1676.95693498,1676.96492423,0.04509884,1376.77432807,0.01998537,0.01998537,28779,88,0
6944.66741713,6944.66800695,1684.82888569,1684.80963696,0.04782856,1376.94604871,0.01998536,0.01998537,28778,88,0
6944.90931401,6944.90935736,1692.70937969,1692.70796358,0.05318709,1377.11783473,0.01998537,0.01998537,28777,88,0
6945.15088859,6945.15072454,1700.59830655,1700.60367088,0.04935403,1377.28845232,0.01998537,0.01998537,28776,88,0
6945.39222785,6945.39210850,1708.49542570,1708.49933218,0.03216649,1377.45795765,0.01998537,0.01998537,28775,88,0
6945.63324353,6945.63350923,1716.40049462,1716.39178967,0.05251758,1377.62628361,0.01998536,0.01998537,28774,88,0
6945.87503236,6945.87492675,1724.31327714,1724.31674024,0.05053970,1377.79418533,0.01998537,0.01998537,28773,88,0
6946.11667573,6946.11636104,1732.23375633,1732.24408485,0.04839278,1377.96101773,0.01998537,0.01998537,28772,88,0
6946.35738144,6946.35781211,1740.16216013,1740.14801179,0.04664844,1378.12624204,0.01998536,0.01998537,28771,88,0
6946.59918529,6946.59927997,1748.09873060,1748.09561745,0.04004236,1378.29125655,0.01998537,0.01998537,28770,88,0
6946.84061620,6946.84076461,1756.04371117,1756.03882619,0.04804034,1378.45505475,0.01998537,0.01998537,28769,88,0
6947.08216176,6947.08226603,1763.99727474,1763.99383888,0.04551329,1378.61796912,0.01998537,0.01998537,28768,88,0
6947.32358132,6947.32378425,1771.95939447,1771.95270129,0.04049040,1378.77983344,0.01998537,0.01998537,28767,88,0
6947.56532486,6947.56531925,1779.93000862,1779.93019376,0.04785779,1378.94094351,0.01998537,0.01998537,28766,88,0
6947.80694218,6947.80687105,1787.90905504,1787.91140586,0.04376988,1379.10099344,0.01998537,0.01998537,28765,88,0
6948.04888146,6948.04843964,1795.89647217,1795.91108796,0.03976162,1379.26027427,0.01998537,0.01998537,28764,88,0
6948.28942705,6948.29002503,1803.89220580,1803.87240506,0.04783818,1379.41765860,0.01998536,0.01998537,28763,88,0
6948.53204354,6948.53162721,1811.89620475,1811.91000373,0.04734853,1379.57540472,0.01998537,0.01998537,28762,88,0
6948.77310967,6948.77324619,1819.90841750,1819.90388827,0.04236834,1379.73115062,0.01998537,0.01998537,28761,88,0
6949.01479810,6949.01488198,1827.92879656,1827.92601137,0.04480640,1379.88630148,0.01998537,0.01998537,28760,88,0
6949.25710544,6949.25653456,1835.95739293,1835.97636867,0.04228387,1380.04084508,0.01998537,0.01998537,28759,88,0
6949.49789867,6949.49820395,1843.99435563,1843.98419824,0.04052620,1380.19342605,0.01998537,0.01998537,28758,88,0
6949.73965598,6949.73989014,1852.03983879,1852.03203969,0.04558929,1380.34561765,0.01998537,0.01998537,28757,88,0
6949.98122237,6949.98159315,1860.09399748,1860.08163593,0.03811368,1380.49668739,0.01998537,0.01998537,28756,88,0
6950.22364454,6950.22331296,1868.15699117,1868.16805727,0.05071113,1380.64728515,0.01998537,0.01998537,28755,88,0
6950.46525872,6950.46504958,1876.22898731,1876.23597440,0.04510278,1380.79637652,0.01998537,0.01998537,28754,88,0
6950.70661543,6950.70680302,1884.31015533,1884.30388152,0.05122088,1380.94430726,0.01998537,0.01998537,28753,88,0
6950.94812932,6950.94857327,1892.40066568,1892.38580145,0.04886411,1381.09133144,0.01998537,0.01998537,28752,88,0
6951.19031918,6951.19036033,1900.50059648,1900.49921718,0.05364055,1381.23775727,0.01998537,0.01998537,28751,88,0
6951.43212644,6951.43216422,1908.60961058,1908.60834309,0.04650361,1381.38293299,0.01998537,0.01998537,28750,88,0
6951.67403248,6951.67398492,1916.72725297,1916.72884997,0.04044018,1381.52713761,0.01998537,0.01998537,28749,88,0
6951.91592779,6951.91582245,1924.85306564,1924.85660675,0.03463090,1381.67029370,0.01998537,0.01998537,28748,88,0
6952.15749013,6952.15767680,1932.98665553,1932.98037506,0.03659922,1381.81220260,0.01998537,0.01998537,28747,88,0
6952.39993358,6952.39954797,1941.12827313,1941.14125939,0.03750346,1381.95357512,0.01998537,0.01998537,28746,88,0
6952.64102324,6952.64143598,1949.27852792,1949.26461398,0.04738560,1382.09311822,0.01998537,0.01998537,28745,88,0
6952.88316150,6952.88334081,1957.43803718,1957.43198577,0.05216221,1382.23223130,0.01998537,0.01998537,28744,88,0
6953.12548508,6953.12526247,1965.60739657,1965.61491838,0.05288254,1382.37041663,0.01998537,0.01998537,28743,88,0
6953.36706877,6953.36720096,1973.78662471,1973.78215325,0.03806678,1382.50714639,0.01998537,0.01998537,28742,88,0
6953.60938372,6953.60915629,1981.97516316,1981.98286433,0.03798954,1382.64323989,0.01998537,0.01998537,28741,88,0
6953.85107889,6953.85112845,1990.17242502,1990.17074527,0.03894800,1382.77792412,0.01998537,0.01998537,28740,88,0
6954.09308893,6954.09311745,1998.37782357,1998.37685623,0.05763475,1382.91170880,0.01998537,0.01998537,28739,88,0
6954.33498292,6954.33512329,2006.59108699,2006.58632090,0.04785234,1383.04434666,0.01998537,0.01998537,28738,88,0
6954.57752213,6954.57714597,2014.81248064,2014.82526478,0.03752507,1383.17625254,0.01998537,0.01998537,28737,88,0
6954.81962635,6954.81918549,2023.04232368,2023.05732115,0.03680908,1383.30683924,0.01998537,0.01998537,28736,88,0
6955.06181454,6955.06124185,2031.28093735,2031.30043921,0.05894851,1383.43639054,0.01998537,0.01998537,28735,88,0
6955.30380108,6955.30331507,2039.52865266,2039.54522062,0.05007171,1383.56475592,0.01998537,0.01998537,28734,88,0
6955.54509235,6955.54540513,2047.78582423,2047.77515029,0.04332090,1383.69168113,0.01998537,0.01998537,28733,88,0
6955.78723202,6955.78751204,2056.05281277,2056.04324557,0.04025124,1383.81797866,0.01998537,0.01998537,28732,88,0
6956.02944658,6956.02963580,2064.32998140,2064.32350902,0.04291677,1383.94324026,0.01998537,0.01998537,28731,88,0
6956.27113419,6956.27177642,2072.61760221,2072.59560821,0.04959930,1384.06715743,0.01998537,0.01998537,28730,88,0
6956.51391758,6956.51393389,2080.91552255,2080.91496335,0.03636219,1384.19055168,0.01998537,0.01998537,28729,88,0
6956.75652059,6956.75610821,2089.22346707,2089.23762173,0.04174617,1384.31275984,0.01998537,0.01998537,28728,88,0
6956.99869304,6956.99829940,2097.54115848,2097.55468481,0.05448827,1384.43365174,0.01998537,0.01998537,28727,88,0
6957.24061039,6957.24050745,2105.86833961,2105.87188078,0.04236143,1384.55331184,0.01998537,0.01998537,28726,88,0
6957.48291303,6957.48273235,2114.20490797,2114.21112937,0.03891832,1384.67205052,0.01998537,0.01998537,28725,88,0
6957.72507523,6957.72497413,2122.55082799,2122.55431310,0.04508538,1384.78960400,0.01998537,0.01998537,28724,88,0
6957.96766680,6957.96723276,2130.90606409,2130.92104150,0.04138249,1384.90624241,0.01998537,0.01998537,28723,88,0
6958.20988777,6958.20950827,2139.27059755,2139.28370665,0.05114792,1385.02157651,0.01998537,0.01998537,28722,88,0
6958.45184720,6958.45180064,2147.64459322,2147.64620319,0.04597259,1385.13566091,0.01998537,0.01998537,28721,88,0
6958.69381950,6958.69410988,2156.02832880,2156.01827602,0.04292166,1385.24862644,0.01998537,0.01998537,28720,88,0
6958.93669085,6958.93643600,2164.42208543,2164.43091809,0.04690636,1385.36088002,0.01998537,0.01998537,28719,88,0
6959.17866949,6959.17877899,2172.82613148,2172.82233205,0.03467999,1385.47159267,0.01998537,0.01998537,28718,88,0
6959.42142330,6959.42113886,2181.24050376,2181.25038477,0.03963626,1385.58152439,0.01998537,0.01998537,28717,88,0
6959.66374567,6959.66351560,2189.66505215,2189.67305313,0.05712667,1385.69011997,0.01998537,0.01998537,28716,88,0
6959.90586027,6959.90590923,2198.09962021,2198.09791557,0.03084479,1385.79747781,0.01998537,0.01998537,28715,88,0
6960.14841863,6960.14831974,2206.54404978,2206.54749666,0.05082712,1385.90387885,0.01998537,0.01998537,28714,88,0
6960.39121061,6960.39074713,2214.99816920,2215.01434097,0.03630034,1386.00921968,0.01998537,0.01998537,28713,88,0
6960.63337360,6960.63319140,2223.46179312,2223.46815710,0.04819611,1386.11312244,0.01998537,0.01998537,28712,88,0
6960.87580112,6960.87565256,2231.93473433,2231.93992843,0.03551252,1386.21596679,0.01998537,0.01998537,28711,88,0
6961.11835805,6961.11813061,2240.41681263,2240.42477274,0.04929127,1386.31768639,0.01998537,0.01998537,28710,88,0
6961.36117653,6961.36062555,2248.90811446,2248.92741801,0.03710876,1386.41833089,0.01998537,0.01998537,28709,88,0
6961.60341658,6961.60313738,2257.40904506,2257.41883737,0.04966359,1386.51755517,0.01998537,0.01998537,28708,88,0
6961.84591328,6961.84566611,2265.92003098,2265.92870980,0.03679339,1386.61570436,0.01998537,0.01998537,28707,88,0
6962.08844622,6962.08821173,2274.44149681,2274.44974038,0.04572742,1386.71268754,0.01998537,0.01998537,28706,88,0
6962.33048529,6962.33077425,2282.97366407,2282.96349396,0.03651386,1386.80829398,0.01998537,0.01998537,28705,88,0
6962.57296074,6962.57335366,2291.51647974,2291.50263412,0.05184047,1386.90288632,0.01998537,0.01998537,28704,88,0
6962.81570382,6962.81594998,2300.06987106,2300.06118708,0.03773054,1386.99638810,0.01998537,0.01998537,28703,88,0
6963.05854055,6963.05856320,2308.63376337,2308.63296323,0.05343690,1387.08872419,0.01998537,0.01998537,28702,88,0
6963.30113501,6963.30119333,2317.20801697,2317.20595518,0.03842820,1387.17976190,0.01998537,0.01998537,28701,88,0
6963.54382640,6963.54384036,2325.79239841,2325.79190423,0.04580376,1387.26962262,0.01998537,0.01998537,28700,88,0
6963.78668847,6963.78650429,2334.38666534,2334.39319178,0.04038980,1387.35832474,0.01998537,0.01998537,28699,88,0
6964.02927394,6964.02918514,2342.99058010,2342.99373008,0.03105281,1387.44569895,0.01998537,0.01998537,28698,88,0
6964.27174474,6964.27188290,2351.60423833,2351.59933214,0.04677857,1387.53180328,0.01998537,0.01998537,28697,88,0
6964.51489250,6964.51459758,2360.22822700,2360.23871229,0.05007403,1387.61691602,0.01998537,0.01998537,28696,88,0
6964.75738925,6964.75732916,2368.86317631,2368.86531528,0.03173466,1387.70057366,0.01998537,0.01998537,28695,88,0
6965.00025951,6965.00007767,2377.50971182,2377.51619315,0.04464395,1387.78313279,0.01998537,0.01998537,28694,88,0
6965.24252322,6965.24284309,2386.16802487,2386.15660935,0.04983395,1387.86425868,0.01998537,0.01998537,28693,88,0
6965.48588723,6965.48562543,2394.83768646,2394.84704083,0.03235156,1387.94450995,0.01998537,0.01998537,28692,88,0
6965.72836861,6965.72842470,2403.51821718,2403.51621072,0.04753164,1388.02322167,0.01998537,0.01998537,28691,88,0
6965.97157607,6965.97124089,2412.20914087,2412.22114454,0.05328104,1388.10090820,0.01998537,0.01998537,28690,88,0
6966.21433083,6966.21407400,2420.91024619,2420.91945371,0.03448182,1388.17718440,0.01998537,0.01998537,28689,88,0
6966.45693397,6966.45692404,2429.62166982,2429.62202605,0.04788430,1388.25214628,0.01998537,0.01998537,28688,88,0
6966.69988309,6966.69979101,2438.34357287,2438.34688132,0.04966292,1388.32594280,0.01998537,0.01998537,28687,88,0
6966.94245867,6966.94267492,2447.07612228,2447.06834286,0.05146025,1388.39835234,0.01998537,0.01998537,28686,88,0
6967.18587425,6967.18557575,2455.81962316,2455.83037446,0.03639194,1388.46973115,0.01998537,0.01998537,28685,88,0
6967.42809518,6967.42849352,2464.57453897,2464.56017333,0.04727806,1388.53948417,0.01998537,0.01998537,28684,88,0
6967.67161084,6967.67142822,2473.34134505,2473.34793950,0.04787804,1388.60832603,0.01998537,0.01998537,28683,88,0
6967.91458550,6967.91437987,2482.12049003,2482.12792587,0.02831721,1388.67572984,0.01998537,0.01998537,28682,88,0
6968.15717013,6968.15734845,2490.91179385,2490.90533788,0.05329987,1388.74173796,0.01998537,0.01998537,28681,88,0
6968.40019421,6968.40033397,2499.71447626,2499.70941022,0.04277402,1388.80656451,0.01998537,0.01998537,28680,88,0
6968.64306079,6968.64333644,2508.52772744,2508.51772500,0.04274439,1388.87003709,0.01998537,0.01998537,28679,88,0
6968.88637923,6968.88635585,2517.35078736,2517.35163661,0.04587882,1388.93230250,0.01998537,0.01998537,28678,88,0
6969.12935794,6969.12939221,2526.18369279,2526.18244657,0.04911559,1388.99315307,0.01998537,0.01998537,28677,88,0
6969.37269621,6969.37244552,2535.02708130,2535.03620803,0.03268257,1389.05276359,0.01998537,0.01998537,28676,88,0
6969.61525849,6969.61551577,2543.88160980,2543.87223163,0.04717972,1389.11085881,0.01998537,0.01998537,28675,88,0
6969.85831376,6969.85860298,2552.74788453,2552.73732867,0.05243156,1389.16774376,0.01998537,0.01998537,28674,88,0
6970.10137314,6970.10170715,2561.62598113,2561.61377586,0.04330537,1389.22329507,0.01998537,0.01998537,28673,88,0
6970.34423463,6970.34482827,2570.51567690,2570.49395759,0.04480032,1389.27746144,0.01998537,0.01998537,28672,88,0
6970.58823868,6970.58796634,2579.41674406,2579.42672011,0.04302513,1389.33052734,0.01998537,0.01998537,28671,88,0
6970.83139700,6970.83112138,2588.32899590,2588.33910398,0.04586642,1389.38205160,0.01998537,0.01998537,28670,88,0
6971.07433530,6971.07429337,2597.25251548,2597.25405474,0.04855952,1389.43217107,0.01998537,0.01998537,28669,88,0
6971.31757346,6971.31748233,2606.18749217,2606.19084229,0.04472903,1389.48098820,0.01998537,0.01998537,28668,88,0
6971.56096905,6971.56068826,2615.13411704,2615.14445284,0.04916718,1389.52846629,0.01998537,0.01998537,28667,88,0
6971.80408325,6971.80391115,2624.09258636,2624.09892918,0.05361043,1389.57451640,0.01998537,0.01998537,28666,88,0
6972.04753150,6972.04715101,2633.06311312,2633.07715452,0.05051430,1389.61925026,0.01998537,0.01998537,28665,88,0
6972.29049218,6972.29040783,2642.04591575,2642.04903238,0.05121012,1389.66251367,0.01998537,0.01998537,28664,88,0
6972.53346590,6972.53368163,2651.04121406,2651.03323175,0.05184167,1389.70439515,0.01998537,0.01998537,28663,88,0
6972.77703021,6972.77697241,2660.04912348,2660.05126503,0.05055311,1389.74498379,0.01998537,0.01998537,28662,88,0
6973.02065666,6973.02028015,2669.06949930,2669.08346708,0.05368318,1389.78417944,0.01998537,0.01998537,28661,88,0
6973.26349799,6973.26360488,2678.10215611,2678.09818578,0.05350164,1389.82184547,0.01998537,0.01998537,28660,88,0
6973.50702325,6973.50694658,2687.14691007,2687.14976164,0.05162071,1389.85820417,0.01998537,0.01998537,28659,88,0
6973.75069512,6973.75030527,2696.20373791,2696.21825585,0.05080538,1389.89316235,0.01998537,0.01998537,28658,88,0
6973.99382641,6973.99368093,2705.27285522,2705.27827977,0.04307581,1389.92662002,0.01998537,0.01998537,28657,88,0
6974.23701809,6974.23707358,2714.35449839,2714.35242630,0.04512436,1389.95865918,0.01998537,0.01998537,28656,88,0
6974.47984535,6974.48048322,2723.44888695,2723.42503859,0.04198222,1389.98922140,0.01998537,0.01998537,28655,88,0
6974.72394699,6974.72390984,2732.55591088,2732.55730131,0.04134242,1390.01849857,0.01998537,0.01998537,28654,88,0
6974.96776213,6974.96735346,2741.67517489,2741.69049315,0.04475571,1390.04628754,0.01998538,0.01998537,28653,88,0
6975.21037508,6975.21081406,2750.80627122,2750.78979714,0.04168638,1390.07249039,0.01998537,0.01998537,28652,88,0
6975.45481349,6975.45429166,2759.94886859,2759.96847513,0.05938860,1390.09742204,0.01998538,0.01998537,28651,88,0
6975.69826521,6975.69778625,2769.10325378,2769.12127218,0.05033684,1390.12078340,0.01998538,0.01998537,28650,88,0
6975.94112516,6975.94129784,2778.27000643,2778.26350175,0.05157117,1390.14262245,0.01998537,0.01998537,28649,88,0
6976.18497270,6976.18482643,2787.44971253,2787.45523027,0.04511551,1390.16307303,0.01998537,0.01998537,28648,88,0
6976.42863707,6976.42837201,2796.64282929,2796.65284154,0.03986190,1390.18202438,0.01998537,0.01998537,28647,88,0
6976.67231068,6976.67193460,2805.84932896,2805.86355422,0.04311307,1390.19948662,0.01998538,0.01998537,28646,88,0
6976.91571606,6976.91551419,2815.06907175,2815.07671794,0.05075810,1390.21543565,0.01998538,0.01998537,28645,88,0
6977.15940795,6977.15911079,2824.30191717,2824.31318780,0.03893867,1390.22990110,0.01998538,0.01998537,28644,88,0
6977.40313437,6977.40272439,2833.54776569,2833.56333586,0.03687587,1390.24285868,0.01998538,0.01998537,28643,88,0
6977.64656937,6977.64635501,2842.80658965,2842.81474169,0.04365954,1390.25428718,0.01998538,0.01998537,28642,88,0
6977.89026817,6977.89000263,2852.07836823,2852.08847979,0.05029211,1390.26420672,0.01998538,0.01998537,28641,88,0
6978.13396239,6978.13366727,2861.36307497,2861.37432794,0.04504413,1390.27259769,0.01998538,0.01998537,28640,88,0
6978.37722928,6978.37734892,2870.66059526,2870.65602743,0.04343085,1390.27944335,0.01998538,0.01998537,28639,88,0
6978.62117447,6978.62104759,2879.97074183,2879.97559223,0.05119691,1390.28476619,0.01998538,0.01998537,28638,88,0
6978.86530487,6978.86476327,2889.29332363,2889.31405381,0.04034763,1390.28854110,0.01998538,0.01998538,28637,88,0
6979.10826628,6979.10849598,2898.62823765,2898.61943482,0.04299822,1390.29075054,0.01998537,0.01998538,28636,88,0
6979.35211152,6979.35224570,2907.97589341,2907.97074425,0.05065457,1390.29140995,0.01998538,0.01998538,28635,88,0
6979.59609018,6979.59601245,2917.33688624,2917.33987333,0.04029745,1390.29050130,0.01998538,0.01998538,28634,88,0
6979.83944944,6979.83979622,2926.71181523,2926.69846955,0.04023904,1390.28802540,0.01998537,0.01998538,28633,88,0
6980.08379438,6980.08359702,2936.10098975,2936.10859585,0.05373615,1390.28395543,0.01998538,0.01998538,28632,88,0
6980.32806151,6980.32741485,2945.50407167,2945.52902800,0.03249595,1390.27829352,0.01998538,0.01998538,28631,88,0
6980.57081330,6980.57124971,2954.92063310,2954.90376811,0.05550433,1390.27108218,0.01998537,0.01998538,28630,88,0
6980.81497170,6980.81510160,2964.35026836,2964.34524162,0.04286419,1390.26222951,0.01998538,0.01998538,28629,88,0
6981.05850554,6981.05897053,2973.79305439,2973.77503764,0.05235419,1390.25179502,0.01998537,0.01998538,28628,88,0
6981.30298721,6981.30285649,2983.24949976,2983.25457193,0.03869230,1390.23970101,0.01998538,0.01998538,28627,88,0
6981.54671995,6981.54675949,2992.72013233,2992.71859576,0.05199705,1390.22602191,0.01998538,0.01998538,28626,88,0
6981.79070240,6981.79067953,3002.20539619,3002.20628619,0.04037711,1390.21069895,0.01998538,0.01998538,28625,88,0
6982.03485265,6982.03461661,3011.70527253,3011.71447171,0.03602269,1390.19372588,0.01998538,0.01998538,28624,88,0
6982.27852230,6982.27857073,3021.21958868,3021.21769886,0.04766325,1390.17514409,0.01998538,0.01998538,28623,88,0
6982.52232462,6982.52254189,3030.74817205,3030.73968019,0.05055078,1390.15490358,0.01998538,0.01998538,28622,88,0
6982.76641109,6982.76653010,3040.29100468,3040.28634657,0.03541060,1390.13298054,0.01998538,0.01998538,28621,88,0
6983.01080938,6983.01053537,3049.84834178,3049.85908233,0.05002278,1390.10935865,0.01998538,0.01998538,28620,88,0
6983.25466107,6983.25455768,3059.42046834,3059.42452707,0.03614100,1390.08411533,0.01998538,0.01998538,28619,88,0
6983.49908559,6983.49859704,3069.00761581,3069.02682307,0.04545474,1390.05712635,0.01998538,0.01998538,28618,88,0
6983.74235642,6983.74265345,3078.60941553,3078.59772129,0.03750083,1390.02858204,0.01998538,0.01998538,28617,88,0
6983.98643641,6983.98672692,3088.22512872,3088.21367562,0.05060082,1389.99825076,0.01998538,0.01998538,28616,88,0
6984.23090961,6984.23081745,3097.85400500,3097.85764280,0.04694196,1389.96616728,0.01998538,0.01998538,28615,88,0
6984.47506285,6984.47492504,3107.49570024,3107.50114715,0.03969770,1389.93241910,0.01998538,0.01998538,28614,88,0
6984.71874427,6984.71904969,3117.15106809,3117.13898011,0.05153810,1389.89702591,0.01998538,0.01998538,28613,88,0
6984.96347380,6984.96319140,3126.82118682,3126.83238085,0.05233617,1389.85974977,0.01998538,0.01998538,28612,88,0
6985.20731899,6985.20735017,3136.50709968,3136.50586165,0.03777442,1389.82087159,0.01998538,0.01998538,28611,88,0
6985.45105339,6985.45152601,3146.20902219,3146.19022894,0.04993469,1389.78026980,0.01998538,0.01998538,28610,88,0
6985.69553625,6985.69571892,3155.92642947,3155.91915502,0.05003670,1389.73778865,0.01998538,0.01998538,28609,88,0
6985.93938642,6985.93992890,3165.65876600,3165.63713183,0.05283646,1389.69366163,0.01998538,0.01998538,28608,88,0
6986.18345685,6986.18415595,3175.40563919,3175.37771914,0.03819576,1389.64773318,0.01998538,0.01998538,28607,88,0
6986.42834915,6986.42840007,3185.16731741,3185.16528075,0.04519161,1389.59987007,0.01998538,0.01998538,28606,88,0
6986.67250125,6986.67266127,3194.94423551,3194.93782593,0.05192169,1389.55036692,0.01998538,0.01998538,28605,88,0
6986.91669086,6986.91693954,3204.73681768,3204.72684116,0.04755264,1389.49906375,0.01998538,0.01998538,28604,88,0
6987.16126417,6987.16123489,3214.54512509,3214.54630167,0.05401366,1389.44587481,0.01998538,0.01998538,28603,88,0
6987.40539813,6987.40554732,3224.36883412,3224.36283051,0.02781645,1389.39097353,0.01998538,0.01998538,28602,88,0
6987.64967759,6987.64987684,3234.20759969,3234.19957041,0.03939876,1389.33422578,0.01998538,0.01998538,28601,88,0
6987.89422243,6987.89422344,3244.06120218,3244.06116160,0.04587277,1389.27559274,0.01998538,0.01998538,28600,88,0
6988.13844034,6988.13858712,3253.92997032,3253.92403816,0.04309454,1389.21520747,0.01998538,0.01998538,28599,88,0
6988.38337181,6988.38296789,3263.81438295,3263.83073263,0.04797784,1389.15279743,0.01998538,0.01998538,28598,88,0
6988.62711143,6988.62736576,3273.71491186,3273.70460102,0.05248762,1389.08884243,0.01998538,0.01998538,28597,88,0
6988.87258302,6988.87178071,3283.63176106,3283.66433972,0.04653447,1389.02255935,0.01998538,0.01998538,28596,88,0
6989.11653025,6989.11621275,3293.56485961,3293.57777180,0.04812178,1388.95481716,0.01998538,0.01998538,28595,88,0
6989.36063342,6989.36066189,3303.51412339,3303.51296361,0.05279367,1388.88515716,0.01998538,0.01998538,28594,88,0
6989.60691791,6989.60512813,3313.47947395,3313.55248877,0.06704080,1388.81296645,0.01998538,0.01998538,28593,88,0
6989.84559534,6989.84961146,0.00000000,3323.30583586,0.09300862,1388.74110141,0.01998537,0.01998538,28592,88,1
6990.09420191,6990.09411190,3333.45822066,3333.46190379,0.04974984,1388.66445462,0.01998538,0.01998538,28591,88,0
6990.33876373,6990.33862943,3343.47153544,3343.47703935,0.05154994,1388.58705854,0.01998538,0.01998538,28590,88,0
6990.58349695,6990.58316407,3353.50107726,3353.51474086,0.04877879,1388.50768160,0.01998538,0.01998538,28589,88,0
6990.82802287,6990.82771582,3363.54737341,3363.55999738,0.03796767,1388.42643422,0.01998538,0.01998538,28588,88,0
6991.07194130,6991.07228467,3373.61096260,3373.59682140,0.05692316,1388.34344582,0.01998538,0.01998538,28587,88,0
6991.31683662,6991.31687063,3383.69213846,3383.69073546,0.04826112,1388.25816129,0.01998538,0.01998538,28586,88,0
6991.56109268,6991.56147371,3393.79056626,3393.77482292,0.03822154,1388.17113306,0.01998538,0.01998538,28585,88,0
6991.80629452,6991.80609389,3403.90580987,3403.91411236,0.04046243,1388.08178739,0.01998538,0.01998538,28584,88,0
6992.05077425,6992.05073119,3414.03747633,3414.03926093,0.03951943,1387.99072400,0.01998538,0.01998538,28583,88,0
6992.29500029,6992.29538561,3424.18558385,3424.16958874,0.04950876,1387.89777142,0.01998538,0.01998538,28582,88,0
6992.54010723,6992.54005714,3434.35036477,3434.35244750,0.05778988,1387.80247922,0.01998538,0.01998538,28581,88,0
6992.78464454,6992.78474579,3444.53205580,3444.52783934,0.03287415,1387.70539637,0.01998538,0.01998538,28580,88,0
6993.02931009,6993.02945157,3454.73091967,3454.72501820,0.05660945,1387.60623969,0.01998538,0.01998538,28579,88,0
6993.27414079,6993.27417447,3464.94725568,3464.94584870,0.03912411,1387.50497838,0.01998538,0.01998538,28578,88,0
6993.51891171,6993.51891449,3475.18136869,3475.18125224,0.04453684,1387.40169171,0.01998538,0.01998538,28577,88,0
6993.76351554,6993.76367164,3485.43346822,3485.42692421,0.05085381,1387.29641609,0.01998538,0.01998538,28576,88,0
6994.00922010,6994.00844592,3495.70336471,3495.73587352,0.04854734,1387.18858634,0.01998538,0.01998538,28575,88,0
6994.25362160,6994.25323733,3505.99076414,3506.00692617,0.04369838,1387.07925352,0.01998538,0.01998538,28574,88,0
6994.49753755,6994.49804587,3516.29536887,3516.27395527,0.04489195,1386.96806852,0.01998538,0.01998538,28573,88,0
6994.74271350,6994.74287155,3526.61687331,3526.61020508,0.05332454,1386.85421988,0.01998538,0.01998538,28572,88,0
6994.98751841,6994.98771436,3536.95496523,3536.94668520,0.03836967,1386.73844801,0.01998538,0.01998538,28571,88,0
6995.23228387,6995.23257431,3547.30933915,3547.29704795,0.05093537,1386.62059590,0.01998538,0.01998538,28570,88,0
6995.47738053,6995.47745140,3557.68039382,3557.67738986,0.04882283,1386.50046783,0.01998538,0.01998538,28569,88,0
6995.72187380,6995.72234563,3568.06968828,3568.04965384,0.04159349,1386.37849792,0.01998538,0.01998538,28568,88,0
6995.96697384,6995.96725700,3578.47890449,3578.46685772,0.04922379,1386.25405222,0.01998538,0.01998538,28567,88,0
6996.21229221,6996.21218552,3588.90915185,3588.91369946,0.03862626,1386.12729239,0.01998538,0.01998538,28566,88,0
6996.45662963,6996.45713119,3599.35921024,3599.33779411,0.04565630,1385.99885194,0.01998538,0.01998538,28565,88,0
6996.70857934,nan,0.00000000,3610.11778944,0.25437273,1385.86397032,0.01998540,0.01998538,28564,88,1
6996.94687582,6996.94707397,3620.31173292,3620.30324632,0.05320613,1385.73460684,0.01998538,0.01998538,28563,88,0
6997.19186353,6997.19207108,3630.81346337,3630.80455902,0.03309829,1385.59927744,0.01998538,0.01998538,28562,88,0
6997.43690222,6997.43708535,3641.33472470,3641.32685296,0.05330295,1385.46168738,0.01998538,0.01998538,28561,88,0
6997.68174332,6997.68211678,3651.87776402,3651.86167820,0.03850082,1385.32193744,0.01998538,0.01998538,28560,88,0
6997.92729916,6997.92716536,3662.44294442,3662.44871857,0.05463900,1385.17948257,0.01998538,0.01998538,28559,88,0
6998.17228209,6998.17223111,3673.02839177,3673.03059582,0.03753885,1385.03508119,0.01998538,0.01998538,28558,88,0
6998.41750013,6998.41731401,3683.63208731,3683.64014622,0.05037635,1384.88827859,0.01998538,0.01998538,28557,88,0
6998.66253873,6998.66241408,3694.25298726,3694.25839303,0.05219126,1384.73932671,0.01998538,0.01998538,28556,88,0
6998.90785644,6998.90753131,3704.89235596,3704.90648096,0.03528306,1384.58791769,0.01998538,0.01998538,28555,88,0
6999.15220419,6999.15266571,3715.55180041,3715.53171229,0.05515161,1384.43479864,0.01998538,0.01998538,28554,88,0
6999.39798476,6999.39781728,3726.23255189,3726.23985574,0.05072402,1384.27842782,0.01998538,0.01998538,28553,88,0
6999.64265893,6999.64298601,3736.93403306,3736.91974321,0.03619537,1384.12041267,0.01998538,0.01998538,28552,88,0
6999.88790278,6999.88817192,3747.65513269,3747.64335402,0.05412923,1383.95968352,0.01998538,0.01998538,28551,88,0
7000.13335438,7000.13337500,3758.39483992,3758.39393597,0.04967507,1383.79647077,0.01998538,0.01998538,28550,88,0
7000.37881690,7000.37859526,3769.15316338,3769.16289528,0.04953423,1383.63089148,0.01998538,0.01998538,28549,88,0
7000.62433147,7000.62383270,3779.93066299,3779.95260170,0.03385004,1383.46289763,0.01998538,0.01998538,28548,88,0
7000.86911935,7000.86908731,3790.72789983,3790.72931151,0.05080679,1383.29301211,0.01998538,0.01998538,28547,88,0
7001.11432905,7001.11435911,3801.54524712,3801.54392030,0.04881231,1383.12042511,0.01998538,0.01998538,28546,88,0
7001.36009139,7001.35964809,3812.38290743,3812.40251170,0.04970225,1382.94501536,0.01998538,0.01998538,28545,88,0
7001.60457009,7001.60495425,3823.24107721,3823.22405733,0.05258721,1382.76808954,0.01998538,0.01998538,28544,88,0
7001.85036589,7001.85027760,3834.11985856,3834.12377734,0.04940164,1382.58775155,0.01998538,0.01998538,28543,88,0
7002.09572241,7002.09561814,3845.01921680,3845.02385354,0.05149875,1382.40526559,0.01998538,0.01998538,28542,88,0
7002.34092867,7002.34097587,3855.93910781,3855.93700545,0.05352918,1382.22041451,0.01998538,0.01998538,28541,88,0
7002.58600059,7002.58635079,3866.87983765,3866.86420820,0.03332458,1382.03317355,0.01998538,0.01998538,28540,88,0
7002.83162522,7002.83174290,3877.84248494,3877.83722269,0.05092387,1381.84298051,0.01998538,0.01998538,28539,88,0
7003.07750740,7003.07715221,3888.82824242,3888.84415952,0.04261769,1381.65001756,0.01998538,0.01998538,28538,88,0
7003.32314439,7003.32257871,3899.83775001,3899.86315141,0.05247573,1381.45465414,0.01998538,0.01998538,28537,88,0
7003.56764717,7003.56802242,3910.86980562,3910.85292362,0.04730956,1381.25762687,0.01998538,0.01998538,28536,88,0
7003.81314540,7003.81348332,3921.92281600,3921.90758631,0.05214837,1381.05723765,0.01998538,0.01998538,28535,88,0
7004.05924616,7004.05896143,3932.99573686,3933.00859177,0.04970199,1380.85378917,0.01998538,0.01998538,28534,88,0
7004.30505990,7004.30445674,3944.09016049,3944.11744568,0.04936191,1380.64797038,0.01998538,0.01998538,28533,88,0
7004.55035184,7004.54996926,3955.20846956,3955.22581429,0.04563085,1380.43993322,0.01998538,0.01998538,28532,88,0
7004.79546147,7004.79549899,3966.35250212,3966.35079733,0.04293968,1380.22935233,0.01998538,0.01998538,28531,88,0
7005.04118482,7005.04104593,3977.52049090,3977.52681387,0.04706685,1380.01555551,0.01998538,0.01998538,28530,88,0
7005.28666028,7005.28661008,3988.70923152,3988.71152073,0.03703757,1379.79933449,0.01998538,0.01998538,28529,88,0
7005.53186616,7005.53219144,3999.91601460,3999.90115920,0.05135159,1379.58075751,0.01998538,0.01998538,28528,88,0
7005.77796687,7005.77779001,4011.14250269,4011.15059444,0.04810143,1379.35873292,0.01998538,0.01998538,28527,88,0
7006.02319358,7006.02340581,4022.39253708,4022.38280532,0.03735648,1379.13476762,0.01998538,0.01998538,28526,88,0
7006.26945533,7006.26903882,4033.66962645,4033.68877113,0.04989460,1378.90702999,0.01998538,0.01998538,28525,88,0
7006.51403924,7006.51468906,4044.97334258,4044.94340946,0.05079233,1378.67803246,0.01998538,0.01998538,28524,88,0
7006.76023924,7006.76035651,4056.30094244,4056.29552984,0.03922603,1378.44473276,0.01998538,0.01998538,28523,88,0
7007.00583038,7007.00604119,4067.64982053,4067.64007398,0.04460773,1378.20926211,0.01998538,0.01998538,28522,88,0
7007.25230565,7007.25174310,4079.01969131,4079.04574734,0.05584633,1377.97017762,0.01998539,0.01998538,28521,88,0
nan,nan,0.00000000,-1.00000000,0.00000000,1377.73834193,nan,0.00000000,-2147483648,88,1
nan,nan,0.00000000,-1.00000000,0.00000000,1374.00906401,nan,0.00000000,-2147483648,87,1
6967.42969487,6967.42849352,10.81293649,10.84529433,0.03224729,1374.36433447,0.01998538,0.01998537,28684,87,0
6967.67179122,6967.67142822,17.35838822,17.36817186,0.05674383,1374.70209309,0.01998537,0.01998537,28683,87,0
6967.91376616,6967.91437987,23.90857817,23.89202661,0.03789569,1375.03914247,0.01998537,0.01998537,28682,87,0
6968.15609686,6968.15734845,30.46357599,30.42979835,0.04524358,1375.37614855,0.01998537,0.01998537,28681,87,0
6968.40087211,6968.40033397,37.02345017,37.03798311,0.09857781,1375.71600874,0.01998537,0.01998537,28680,87,0
6968.64187118,6968.64333644,43.58817702,43.54858020,0.06117596,1376.05008750,0.01998537,0.01998537,28679,87,0
6968.88502360,6968.88635585,50.15758500,50.12155989,0.02921729,1376.38659960,0.01998537,0.01998537,28678,87,0
6969.12764180,6969.12939221,56.73148862,56.68412760,0.05345696,1376.72180911,0.01998537,0.01998537,28677,87,0
6969.37367348,6969.37244552,63.30970158,63.34294571,0.06805026,1377.06114907,0.01998538,0.01998537,28676,87,0
6969.61557257,6969.61551577,69.89203684,69.89357529,0.03478667,1377.39420318,0.01998537,0.01998537,28675,87,0
6969.85776495,6969.85860298,76.47839308,76.45568066,0.04240546,1377.72707261,0.01998537,0.01998537,28674,87,0
6970.10258587,6970.10170715,83.06893550,83.09276472,0.04106185,1378.06296336,0.01998538,0.01998537,28673,87,0
6970.34348452,6970.34482827,89.66388126,89.62741937,0.05907865,1378.39290198,0.01998537,0.01998537,28672,87,0
6970.58925440,6970.58796634,96.26344848,96.29842207,0.06780571,1378.72893848,0.01998538,0.01998537,28671,87,0
6970.83029507,6970.83112138,102.86785617,102.84540490,0.03504590,1379.05795524,0.01998537,0.01998537,28670,87,0
6971.07472908,6971.07429337,109.47729448,109.48914110,0.04221243,1379.39105199,0.01998537,0.01998537,28669,87,0
6971.31891495,6971.31748233,116.09177853,116.13075773,0.05997036,1379.72325480,0.01998538,0.01998537,28668,87,0
6971.56022785,6971.56068826,122.71125923,122.69872371,0.04069660,1380.05099922,0.01998537,0.01998537,28667,87,0
6971.80456505,6971.80391115,129.33568719,129.35350280,0.03764261,1380.38229015,0.01998538,0.01998537,28666,87,0
6972.04644673,6972.04715101,135.96501280,135.94581178,0.03800235,1380.70969159,0.01998537,0.01998537,28665,87,0
6972.29059277,6972.29040783,142.59918468,142.60423004,0.05913129,1381.03958868,0.01998537,0.01998537,28664,87,0
6972.53358253,6972.53368163,149.23813389,149.23542843,0.05575598,1381.36735046,0.01998537,0.01998537,28663,87,0
6972.77755035,6972.77697241,155.88178023,155.89756742,0.03041208,1381.69585098,0.01998538,0.01998537,28662,87,0
6973.01975784,6973.02028015,162.53004299,162.51576673,0.04592863,1382.02140030,0.01998537,0.01998537,28661,87,0
6973.26471702,6973.26360488,169.18284111,169.21325748,0.04200331,1382.35005387,0.01998538,0.01998537,28660,87,0
6973.50798894,6973.50694658,175.84009910,175.86862421,0.05074195,1382.67584706,0.01998538,0.01998537,28659,87,0
6973.75058639,6973.75030527,182.50187876,182.50957661,0.03802285,1383.00014642,0.01998537,0.01998537,28658,87,0
6973.99394168,6973.99368093,189.16838017,189.17552479,0.02976870,1383.32487457,0.01998537,0.01998537,28657,87,0
6974.23622681,6974.23707358,195.83981032,195.81659220,0.06032172,1383.64760181,0.01998537,0.01998537,28656,87,0
6974.47969402,6974.48048322,202.51637710,202.49472218,0.05940019,1383.97133613,0.01998537,0.01998537,28655,87,0
6974.72458623,6974.72390984,209.19828651,209.21685976,0.04814260,1384.29639970,0.01998538,0.01998537,28654,87,0
6974.96752138,6974.96735346,215.88558695,215.89020124,0.03825168,1384.61830567,0.01998537,0.01998537,28653,87,0
6975.21083676,6975.21081406,222.57808654,222.57871058,0.04577879,1384.94014552,0.01998537,0.01998537,28652,87,0
6975.45419629,6975.45429166,229.27557248,229.27294815,0.06246420,1385.26146131,0.01998537,0.01998537,28651,87,0
6975.69769344,6975.69778625,235.97783098,235.97527558,0.04175713,1385.58236392,0.01998537,0.01998537,28650,87,0
6975.94015642,6975.94129784,242.68464787,242.65320157,0.04552427,1385.90130060,0.01998537,0.01998537,28649,87,0
6976.18538064,6976.18482643,249.39591704,249.41119502,0.04135817,1386.22325078,0.01998538,0.01998537,28648,87,0
6976.42914091,6976.42837201,256.11177301,256.13298223,0.06681257,1386.54266730,0.01998538,0.01998537,28647,87,0
6976.67190515,6976.67193460,262.83238318,262.83157026,0.02574662,1386.86017895,0.01998537,0.01998537,28646,87,0
6976.91476310,6976.91551419,269.55791570,269.53717017,0.03842827,1387.17722065,0.01998537,0.01998537,28645,87,0
6977.16013644,6977.15911079,276.28853942,276.31688832,0.04390927,1387.49695056,0.01998538,0.01998537,28644,87,0
6977.40248228,6977.40272439,283.02438543,283.01768861,0.03459332,1387.81215242,0.01998537,0.01998537,28643,87,0
6977.64583479,6977.64635501,289.76546555,289.75106658,0.04949958,1388.12807928,0.01998537,0.01998537,28642,87,0
6977.89071404,6977.89000263,296.51176841,296.53147326,0.03737316,1388.44539482,0.01998538,0.01998537,28641,87,0
6978.13490167,6978.13366727,303.26328256,303.29749773,0.05905044,1388.76121916,0.01998538,0.01998537,28640,87,0
6978.37708514,6978.37734892,310.01999652,310.01267993,0.02495951,1389.07386222,0.01998537,0.01998537,28639,87,0
6978.62043356,6978.62104759,316.78190401,316.76486064,0.05442059,1389.38741617,0.01998537,0.01998537,28638,87,0
6978.86432028,6978.86476327,323.54902080,323.53671622,0.03261607,1389.70106630,0.01998537,0.01998538,28637,87,0
6979.10897444,6979.10849598,330.32136852,330.33466790,0.04906148,1390.01510174,0.01998538,0.01998538,28636,87,0
6979.35313185,6979.35224570,337.09896889,337.12361743,0.05098248,1390.32789798,0.01998538,0.01998538,28635,87,0
6979.59647368,6979.59601245,343.88184369,343.89468218,0.03229029,1390.63905067,0.01998538,0.01998538,28634,87,0
6979.83934159,6979.83979622,350.67000120,350.65733755,0.05054479,1390.94899999,0.01998537,0.01998538,28633,87,0
6980.08374791,6980.08359702,357.46337708,357.46758300,0.04160920,1391.26030544,0.01998538,0.01998538,28632,87,0
6980.32813224,6980.32741485,364.26188260,364.28189260,0.05325317,1391.57096799,0.01998538,0.01998538,28631,87,0
6980.57141544,6980.57124971,371.06542858,371.07005437,0.03377379,1391.87961432,0.01998538,0.01998538,28630,87,0
6980.81541520,6980.81510160,377.87392546,377.88268400,0.06172161,1392.18854613,0.01998538,0.01998538,28629,87,0
6981.05797998,6981.05897053,384.68730318,384.65961971,0.04602101,1392.49503734,0.01998537,0.01998538,28628,87,0
6981.30348757,6981.30285649,391.50561977,391.52326868,0.03715267,1392.80461456,0.01998538,0.01998538,28627,87,0
6981.54680004,6981.54675949,398.32898429,398.33011909,0.04503821,1393.11079942,0.01998538,0.01998538,28626,87,0
6981.79044613,6981.79067953,405.15750645,405.15097021,0.06282922,1393.41678441,0.01998538,0.01998538,28625,87,0
6982.03493239,6982.03461661,411.99129644,412.00014615,0.03006109,1393.72320440,0.01998538,0.01998538,28624,87,0
6982.27822413,6982.27857073,418.83045387,418.82073381,0.06144249,1394.02751325,0.01998538,0.01998538,28623,87,0
6982.52157946,6982.52254189,425.67499774,425.64798731,0.05276162,1394.33128787,0.01998537,0.01998538,28622,87,0
6982.76633124,6982.76653010,432.52491099,432.51932580,0.03330495,1394.63618393,0.01998538,0.01998538,28621,87,0
6983.01099809,6983.01053537,439.38017632,439.39318108,0.03775498,1394.94034840,0.01998538,0.01998538,28620,87,0
6983.25564908,6983.25455768,446.24077636,446.27147175,0.05395249,1395.24386490,0.01998538,0.01998538,28619,87,0
6983.49916925,6983.49859704,453.10669541,453.12279995,0.06028532,1395.54535209,0.01998538,0.01998538,28618,87,0
6983.74338679,6983.74265345,459.97793174,459.99858553,0.06648838,1395.84707314,0.01998538,0.01998538,28617,87,0
6983.98585056,6983.98672692,466.85449027,466.82979081,0.03112544,1396.14600225,0.01998537,0.01998538,28616,87,0
6984.23007333,6984.23081745,473.73637595,473.71538885,0.05698081,1396.44646862,0.01998538,0.01998538,28615,87,0
6984.47483641,6984.47492504,480.62359378,480.62109233,0.05259892,1396.74696234,0.01998538,0.01998538,28614,87,0
6984.71856126,6984.71904969,487.51613855,487.50234367,0.04199026,1397.04554537,0.01998538,0.01998538,28613,87,0
6984.96312165,6984.96319140,494.41392415,494.41195280,0.03876621,1397.34450844,0.01998538,0.01998538,28612,87,0
6985.20721637,6985.20735017,501.31682542,501.31304131,0.05131636,1397.64225225,0.01998538,0.01998538,28611,87,0
6985.45136442,6985.45152601,508.22471638,508.22014328,0.05591633,1397.93940435,0.01998538,0.01998538,28610,87,0
6985.69568383,6985.69571892,515.13747044,515.13647669,0.06243950,1398.23610035,0.01998538,0.01998538,28609,87,0
6985.93957275,6985.93992890,522.05500236,522.04491095,0.06165517,1398.53160515,0.01998538,0.01998538,28608,87,0
6986.18448116,6986.18415595,528.97754243,528.98676384,0.02521639,1398.82768138,0.01998538,0.01998538,28607,87,0
6986.42798173,6986.42840007,535.90546601,535.89359565,0.05433231,1399.12141032,0.01998538,0.01998538,28606,87,0
6986.67278018,6986.67266127,542.83915096,542.84252794,0.05885661,1399.41607044,0.01998538,0.01998538,28605,87,0
6986.91655020,6986.91693954,549.77897690,549.76791118,0.05147965,1399.70887453,0.01998538,0.01998538,28604,87,0
6987.16027527,6987.16123489,556.72524604,556.69794890,0.03497561,1400.00101854,0.01998538,0.01998538,28603,87,0
6987.40503933,6987.40554732,563.67772985,563.66326806,0.04255352,1400.29378618,0.01998538,0.01998538,28602,87,0
6987.64880560,6987.64987684,570.63597951,570.60546098,0.04095994,1400.58472018,0.01998538,0.01998538,28601,87,0
6987.89454151,6987.89422344,577.59954335,577.60861102,0.03643234,1400.87733727,0.01998538,0.01998538,28600,87,0
6988.13858624,6988.13858712,584.56796756,584.56794252,0.03451142,1401.16725635,0.01998538,0.01998538,28599,87,0
6988.38400479,6988.38296789,591.54090045,591.57049498,0.02559041,1401.45810353,0.01998538,0.01998538,28598,87,0
6988.62681667,6988.62736576,598.51857899,598.50289724,0.04477739,1401.74517501,0.01998538,0.01998538,28597,87,0
6988.87184831,6988.87178071,605.50144877,605.50338089,0.04118691,1402.03419539,0.01998538,0.01998538,28596,87,0
6989.11602345,6989.11621275,612.48995773,612.48454329,0.04083584,1402.32154707,0.01998538,0.01998538,28595,87,0
6989.36036857,6989.36066189,619.48455593,619.47615947,0.03816810,1402.60845731,0.01998538,0.01998538,28594,87,0
6989.60632444,6989.60512813,626.48557174,626.51984608,0.04032291,1402.89662218,0.01998538,0.01998538,28593,87,0
6989.84912880,6989.84961146,633.49277583,633.47893666,0.04328425,1403.18045659,0.01998538,0.01998538,28592,87,0
6990.09466108,6990.09411190,640.50578002,640.52153780,0.04041600,1403.46681720,0.01998538,0.01998538,28591,87,0
6990.33870781,6990.33862943,647.52419420,647.52644446,0.03926313,1403.75076707,0.01998538,0.01998538,28590,87,0
6990.58297746,6990.58316407,654.54762644,654.54226490,0.03119713,1404.03428162,0.01998538,0.01998538,28589,87,0
6990.82737776,6990.82771582,661.57584702,661.56612834,0.03974527,1404.31724129,0.01998538,0.01998538,28588,87,0
6991.07219496,6991.07228467,668.60918462,668.60660367,0.04226475,1404.59998665,0.01998538,0.01998538,28587,87,0
6991.31663146,6991.31687063,675.64808857,675.64120267,0.04265488,1404.88161257,0.01998538,0.01998538,28586,87,0
6991.56104906,6991.56147371,682.69301035,682.68077498,0.04635367,1405.16255358,0.01998538,0.01998538,28585,87,0
6991.80576996,6991.80609389,689.74440296,689.73506112,0.04974410,1405.44319471,0.01998538,0.01998538,28584,87,0
6992.05049282,6992.05073119,696.80248944,696.79560912,0.04615495,1405.72319577,0.01998538,0.01998538,28583,87,0
6992.29484169,6992.29538561,703.86692495,703.85121295,0.05381189,1406.00211211,0.01998538,0.01998538,28582,87,0
6992.54033762,6992.54005714,710.93727741,710.94538534,0.05056133,1406.28165750,0.01998538,0.01998538,28581,87,0
6992.78513279,6992.78474579,718.01311262,718.02430751,0.05809087,1406.55970680,0.01998538,0.01998538,28580,87,0
6993.03004919,6993.02945157,725.09399784,725.11129619,0.05227983,1406.83717723,0.01998538,0.01998538,28579,87,0
6993.27482074,6993.27417447,732.17977950,732.19849796,0.04185296,1407.11375975,0.01998538,0.01998538,28578,87,0
6993.51877386,6993.51891449,739.27078100,739.26670505,0.04197061,1407.38870834,0.01998538,0.01998538,28577,87,0
6993.76357395,6993.76367164,746.36737369,746.36454027,0.04011252,1407.66391237,0.01998538,0.01998538,28576,87,0
6994.00841497,6994.00844592,753.46993075,753.46903222,0.03618309,1407.93847432,0.01998538,0.01998538,28575,87,0
6994.25252800,6994.25323733,760.57881876,760.55821085,0.03372099,1408.21154676,0.01998538,0.01998538,28574,87,0
6994.49717091,6994.49804587,767.69415944,767.66871842,0.04048603,1408.48454002,0.01998538,0.01998538,28573,87,0
6994.74315013,6994.74287155,774.81579489,774.82390174,0.05153194,1408.75833788,0.01998538,0.01998538,28572,87,0
6994.98833259,6994.98771436,781.94355128,781.96155577,0.05298915,1409.03055486,0.01998538,0.01998538,28571,87,0
6995.23301328,6995.23257431,789.07725388,789.09004751,0.05307050,1409.30151516,0.01998538,0.01998538,28570,87,0
6995.47835358,6995.47745140,796.21673783,796.24305088,0.05510520,1409.57249584,0.01998538,0.01998538,28569,87,0
6995.72256936,6995.72234563,803.36198501,803.36851512,0.04513060,1409.84152562,0.01998538,0.01998538,28568,87,0
6995.96711610,6995.96725700,810.51308423,810.50896849,0.04465124,1410.11021261,0.01998538,0.01998538,28567,87,0
6996.21245337,6996.21218552,817.67012716,817.67795686,0.04798559,1410.37905822,0.01998538,0.01998538,28566,87,0
6996.45698376,6996.45713119,824.83320588,824.82889289,0.05744018,1410.64631337,0.01998538,0.01998538,28565,87,0
6996.70214517,6996.70209400,832.00240358,832.00390153,0.05865116,1410.91355127,0.01998538,0.01998538,28564,87,0
6996.94737739,6996.94707397,839.17773734,839.18662780,0.04243932,1411.18015669,0.01998538,0.01998538,28563,87,0
6997.19196526,6997.19207108,846.35919561,846.35609233,0.04415055,1411.44535198,0.01998538,0.01998538,28562,87,0
6997.43708141,6997.43708535,853.54676663,853.54665097,0.04208054,1411.71040648,0.01998538,0.01998538,28561,87,0
6997.68175325,6997.68211678,860.74043858,860.72976186,0.05244066,1411.97426547,0.01998538,0.01998538,28560,87,0
6997.92721689,6997.92716536,867.94023979,867.94175432,0.06657957,1412.23825933,0.01998538,0.01998538,28559,87,0
6998.17201016,6998.17223111,875.14634901,875.13984948,0.05544007,1412.50081927,0.01998538,0.01998538,28558,87,0
6998.41696126,6998.41731401,882.35898096,882.34859515,0.03864264,1412.76284135,0.01998538,0.01998538,28557,87,0
6998.66185594,6998.66241408,889.57835143,889.56190438,0.04487203,1413.02410139,0.01998538,0.01998538,28556,87,0
6998.90752742,6998.90753131,896.80467555,896.80456072,0.05268578,1413.28549049,0.01998538,0.01998538,28555,87,0
6999.15205401,6999.15266571,904.03795857,904.01990108,0.05652021,1413.54496330,0.01998538,0.01998538,28554,87,0
6999.39799760,6999.39781728,911.27779846,911.28312586,0.03699505,1413.80522014,0.01998538,0.01998538,28553,87,0
6999.64256054,6999.64298601,918.52374464,918.51116514,0.03494269,1414.06328198,0.01998538,0.01998538,28552,87,0
6999.88821353,6999.88817192,925.77534418,925.77657508,0.03966338,1414.32173890,0.01998538,0.01998538,28551,87,0
7000.13365581,7000.13337500,933.03216145,933.04047446,0.06235585,1414.57920078,0.01998538,0.01998538,28550,87,0
7000.37845433,7000.37859526,940.29420810,940.29003304,0.04289859,1414.83521597,0.01998538,0.01998538,28549,87,0
7000.62395719,7000.62383270,947.56194477,947.56563540,0.03836053,1415.09120838,0.01998538,0.01998538,28548,87,0
7000.86943522,7000.86908731,954.83585393,954.84617654,0.05470006,1415.34642941,0.01998538,0.01998538,28547,87,0
7001.11431371,7001.11435911,962.11642052,962.11507231,0.05291580,1415.60029901,0.01998538,0.01998538,28546,87,0
7001.35929957,7001.35964809,969.40406684,969.39370759,0.03747271,1415.85356445,0.01998538,0.01998538,28545,87,0
7001.60478457,7001.60495425,976.69868391,976.69363607,0.03192568,1416.10662172,0.01998538,0.01998538,28544,87,0
7001.85041243,7001.85027760,983.99990115,984.00391552,0.05879752,1416.35908534,0.01998538,0.01998538,28543,87,0
7002.09576603,7002.09561814,991.30734424,991.31175097,0.04196853,1416.61051188,0.01998538,0.01998538,28542,87,0
7002.34026029,7002.34097587,998.62063689,998.59930044,0.03509876,1416.86029195,0.01998538,0.01998538,28541,87,0
7002.58704907,7002.58635079,1005.93953169,1005.96036721,0.05180083,1417.11163024,0.01998538,0.01998538,28540,87,0
7002.83176704,7002.83174290,1013.26422298,1013.26494375,0.03978036,1417.36008443,0.01998538,0.01998538,28539,87,0
7003.07753642,7003.07715221,1020.59499980,1020.60648144,0.03997630,1417.60883695,0.01998538,0.01998538,28538,87,0
7003.32329628,7003.32257871,1027.93215272,1027.95361352,0.05217026,1417.85681669,0.01998538,0.01998538,28537,87,0
7003.56713232,7003.56802242,1035.27597016,1035.24932641,0.04350566,1418.10210833,0.01998538,0.01998538,28536,87,0
7003.81366821,7003.81348332,1042.62656309,1042.63210211,0.03607854,1418.34936083,0.01998538,0.01998538,28535,87,0
7004.05918022,7004.05896143,1049.98378607,1049.99034620,0.05121682,1418.59482457,0.01998538,0.01998538,28534,87,0
7004.30479185,7004.30445674,1057.34747304,1057.35752850,0.03965132,1418.83961916,0.01998538,0.01998538,28533,87,0
7004.54981058,7004.54996926,1064.71745700,1064.71269182,0.03730966,1419.08304887,0.01998538,0.01998538,28532,87,0
7004.79504967,7004.79549899,1072.09358336,1072.08007994,0.06260210,1419.32591604,0.01998538,0.01998538,28531,87,0
7005.04109915,7005.04104593,1079.47583948,1079.47744033,0.03298459,1419.56879743,0.01998538,0.01998538,28530,87,0
7005.28629052,7005.28661008,1086.86429965,1086.85468127,0.05823086,1419.81004641,0.01998538,0.01998538,28529,87,0
7005.53224220,7005.53219144,1094.25903982,1094.26056888,0.04204219,1420.05125606,0.01998538,0.01998538,28528,87,0
7005.77704127,7005.77779001,1101.66013629,1101.63756387,0.03661230,1420.29055237,0.01998538,0.01998538,28527,87,0
7006.02315028,7006.02340581,1109.06770481,1109.05999506,0.05152038,1420.53034320,0.01998538,0.01998538,28526,87,0
7006.26971723,7006.26903882,1116.48200314,1116.50248928,0.03362038,1420.76979585,0.01998538,0.01998538,28525,87,0
7006.51475159,7006.51468906,1123.90332237,1123.90521241,0.05312399,1421.00698917,0.01998538,0.01998538,28524,87,0
7006.76052739,7006.76035651,1131.33195516,1131.33712459,0.02845230,1421.24413484,0.01998538,0.01998538,28523,87,0
7007.00639697,7007.00604119,1138.76818781,1138.77896153,0.05420284,1421.48061043,0.01998538,0.01998538,28522,87,0
7007.25186264,7007.25174310,1146.21199636,1146.21561958,0.03850572,1421.71593505,0.01998538,0.01998538,28521,87,0
7007.49742362,7007.49746224,1153.66294914,1153.66177783,0.02424194,1421.95057236,0.01998538,0.01998538,28520,87,0
7007.74332393,7007.74319860,1161.12058464,1161.12438963,0.05318270,1422.18473632,0.01998538,0.01998538,28519,87,0
7007.98880068,7007.98895220,1168.58443879,1168.57983523,0.03217278,1422.41768396,0.01998538,0.01998538,28518,87,0
7008.23500459,7008.23472303,1176.05412213,1176.06268265,0.04750264,1422.65049133,0.01998538,0.01998538,28517,87,0
7008.48032182,7008.48051109,1183.52984824,1183.52408926,0.03193488,1422.88163766,0.01998538,0.01998538,28516,87,0
7008.72601118,7008.72631640,1191.01211750,1191.00282298,0.05400634,1423.11232479,0.01998538,0.01998538,28515,87,0
7008.97191214,7008.97213894,1198.50143474,1198.49452192,0.03245573,1423.34241212,0.01998538,0.01998538,28514,87,0
7009.21781427,7009.21797872,1205.99830662,1205.99328949,0.04949150,1423.57171457,0.01998538,0.01998538,28513,87,0
7009.46387542,7009.46383574,1213.50301392,1213.50422560,0.02550050,1423.80038424,0.01998538,0.01998538,28512,87,0
7009.70947514,7009.70971001,1221.01530611,1221.00812685,0.04741658,1424.02783548,0.01998538,0.01998538,28511,87,0
7009.95530172,7009.95560152,1228.53485554,1228.52568331,0.02882140,1424.25469411,0.01998538,0.01998538,28510,87,0
7010.20158261,7010.20151029,1236.06133270,1236.06354716,0.05039769,1424.48115406,0.01998538,0.01998538,28509,87,0
7010.44768470,7010.44743630,1243.59442580,1243.60203780,0.03525864,1424.70661989,0.01998538,0.01998538,28508,87,0
7010.69330618,7010.69337956,1251.13410546,1251.13185485,0.05240400,1424.93081505,0.01998538,0.01998538,28507,87,0
7010.93892570,7010.93934008,1258.68055688,1258.66783761,0.03799305,1425.15418192,0.01998538,0.01998538,28506,87,0
7011.18545254,7011.18531785,1266.23397160,1266.23810947,0.05035998,1425.37754592,0.01998538,0.01998538,28505,87,0
7011.43118732,7011.43131288,1273.79454219,1273.79068150,0.05416349,1425.59936978,0.01998538,0.01998538,28504,87,0
7011.67761685,7011.67732517,1281.36241367,1281.37139056,0.03638626,1425.82099765,0.01998538,0.01998538,28503,87,0
7011.92305641,7011.92335472,1288.93756387,1288.92837498,0.05131982,1426.04091244,0.01998538,0.01998538,28502,87,0
7012.16945338,7012.16940153,1296.51993421,1296.52153268,0.03123836,1426.26085475,0.01998538,0.01998538,28501,87,0
7012.41565424,7012.41546560,1304.10946574,1304.11528640,0.05027163,1426.47978661,0.01998538,0.01998538,28500,87,0
7012.66202169,7012.66154694,1311.70609875,1311.72076052,0.04806617,1426.69802625,0.01998539,0.01998538,28499,87,0
7012.90749544,7012.90764555,1319.30976403,1319.30512419,0.02997074,1426.91463353,0.01998538,0.01998538,28498,87,0
7013.15419356,7013.15376143,1326.92038303,1326.93375129,0.04933595,1427.13147082,0.01998539,0.01998538,28497,87,0
7013.39983788,7013.39989458,1334.53787638,1334.53612072,0.02821416,1427.34652997,0.01998538,0.01998538,28496,87,0
7013.64567321,7013.64604501,1342.16216424,1342.15064360,0.05312640,1427.56090046,0.01998538,0.01998538,28495,87,0
7013.89232678,7013.89221270,1349.79322654,1349.79676429,0.05484852,1427.77512083,0.01998538,0.01998538,28494,87,0
7014.13876710,7014.13839768,1357.43129128,1357.44275777,0.03498372,1427.98829582,0.01998539,0.01998538,28493,87,0
7014.38439910,7014.38459993,1365.07665166,1365.07041238,0.04356571,1428.19992149,0.01998538,0.01998538,28492,87,0
7014.63037369,7014.63081947,1372.72960253,1372.71574019,0.05145416,1428.41099712,0.01998538,0.01998538,28491,87,0
7014.87750904,7014.87705629,1380.39042985,1380.40452264,0.03496522,1428.62222203,0.01998539,0.01998538,28490,87,0
7015.12333379,7015.12331039,1388.05916699,1388.05989607,0.05192914,1428.83148258,0.01998538,0.01998538,28489,87,0
7015.36965284,7015.36958178,1395.73558640,1395.73780245,0.04734278,1429.04031022,0.01998538,0.01998538,28488,87,0
7015.61616230,7015.61587045,1403.41944731,1403.42855667,0.02994944,1429.24843428,0.01998539,0.01998538,28487,87,0
7015.86207739,7015.86217642,1411.11050751,1411.10741397,0.05447240,1429.45518496,0.01998538,0.01998538,28486,87,0
7016.10831619,7016.10849967,1418.80857062,1418.80283393,0.04704653,1429.66132759,0.01998538,0.01998539,28485,87,0
7016.35460411,7016.35484022,1426.51362312,1426.50623499,0.02510572,1429.86662728,0.01998538,0.01998539,28484,87,0
7016.60181005,7016.60119807,1434.22569614,1434.24486194,0.04816049,1430.07180121,0.01998539,0.01998539,28483,87,0
7016.84724166,7016.84757321,1441.94482101,1441.93442899,0.04354653,1430.27461761,0.01998538,0.01998539,28482,87,0
7017.09423918,7017.09396565,1449.67104148,1449.67962232,0.05437789,1430.47783628,0.01998539,0.01998539,28481,87,0
7017.34057044,7017.34037539,1457.40463033,1457.41075466,0.02786723,1430.67962023,0.01998539,0.01998539,28480,87,0
7017.58693905,7017.58680244,1465.14606420,1465.15035799,0.04709056,1430.88055872,0.01998539,0.01998539,28479,87,0
7017.83278141,7017.83324679,1472.89582945,1472.88118754,0.04490976,1431.08020413,0.01998538,0.01998539,28478,87,0
7018.07941610,7018.07970844,1480.65441506,1480.64520726,0.05380438,1431.27963511,0.01998538,0.01998539,28477,87,0
7018.32578577,7018.32618740,1488.42203230,1488.40936852,0.03741230,1431.47799590,0.01998538,0.01998539,28476,87,0
7018.57314534,7018.57268367,1496.19807136,1496.21264214,0.05607536,1431.67627399,0.01998539,0.01998539,28475,87,0
7018.81880718,7018.81919726,1503.98176895,1503.96944711,0.04693228,1431.87229636,0.01998538,0.01998539,28474,87,0
7019.06580061,7019.06572815,1511.77235724,1511.77464770,0.03972571,1432.06845994,0.01998539,0.01998539,28473,87,0
7019.31221685,7019.31227637,1519.56914138,1519.56725862,0.02893566,1432.26322461,0.01998539,0.01998539,28472,87,0
7019.55790777,7019.55884190,1527.37227680,1527.34270246,0.05402361,1432.45648218,0.01998538,0.01998539,28471,87,0
7019.80521942,7019.80542474,1535.18244959,1535.17594326,0.04768051,1432.65008743,0.01998539,0.01998539,28470,87,0
7020.05232697,7020.05202491,1543.00035780,1543.00993853,0.04551648,1432.84261832,0.01998539,0.01998539,28469,87,0
7020.29829717,7020.29864240,1550.82669975,1550.81573814,0.05230859,1433.03336910,0.01998538,0.01998539,28468,87,0
7020.54549183,7020.54527722,1558.66181685,1558.66863829,0.04961456,1433.22417588,0.01998539,0.01998539,28467,87,0
7020.79218485,7020.79192936,1566.50540241,1566.51353107,0.03090843,1433.41369150,0.01998539,0.01998539,28466,87,0
7021.03801036,7021.03859883,1574.35707984,1574.33833979,0.04864271,1433.60163014,0.01998538,0.01998539,28465,87,0
7021.28523303,7021.28528563,1582.21647029,1582.21479384,0.04575832,1433.78970801,0.01998539,0.01998539,28464,87,0
7021.53222069,7021.53198976,1590.08327070,1590.09063785,0.04848845,1433.97666666,0.01998539,0.01998539,28463,87,0
7021.77889555,7021.77871122,1597.95760761,1597.96349328,0.04443252,1434.16245040,0.01998539,0.01998539,28462,87,0
7022.02536524,7022.02545002,1605.83975642,1605.83704685,0.05434581,1434.34714675,0.01998539,0.01998539,28461,87,0
7022.27226665,7022.27220616,1613.72999431,1613.73192959,0.04504434,1434.53123504,0.01998539,0.01998539,28460,87,0
7022.51935800,7022.51897963,1621.62858923,1621.64070582,0.05110439,1434.71453452,0.01998539,0.01998539,28459,87,0
7022.76602598,7022.76577045,1629.53559031,1629.54378130,0.02691585,1434.89658934,0.01998539,0.01998539,28458,87,0
7023.01253308,7023.01257861,1637.45084204,1637.44938117,0.05281121,1435.07758967,0.01998539,0.01998539,28457,87,0
7023.25928085,7023.25940411,1645.37418012,1645.37022160,0.04676023,1435.25782294,0.01998539,0.01998539,28456,87,0
7023.50631038,7023.50624696,1653.30543966,1653.30747819,0.05045711,1435.43730923,0.01998539,0.01998539,28455,87,0
7023.75326421,7023.75310716,1661.24456489,1661.24961800,0.04647934,1435.61578325,0.01998539,0.01998539,28454,87,0
7024.00007701,7023.99998471,1669.19175830,1669.19473108,0.04861641,1435.79320045,0.01998539,0.01998539,28453,87,0
7024.24692237,7024.24687960,1677.14726069,1677.14863954,0.04475673,1435.96968837,0.01998539,0.01998539,28452,87,0
7024.49389744,7024.49379186,1685.11131430,1685.11472163,0.04618996,1436.14531755,0.01998539,0.01998539,28451,87,0
7024.74048333,7024.74072146,1693.08411134,1693.07641859,0.04470532,1436.31972128,0.01998539,0.01998539,28450,87,0
7024.98762720,7024.98766843,1701.06552565,1701.06419256,0.04336155,1436.49356227,0.01998539,0.01998539,28449,87,0
7025.23506229,7025.23463275,1709.05530783,1709.06921092,0.04395021,1436.66663908,0.01998539,0.01998539,28448,87,0
7025.48146787,7025.48161444,1717.05320663,1717.04845832,0.04131716,1436.83802352,0.01998539,0.01998539,28447,87,0
7025.72877203,7025.72861349,1725.05898303,1725.06412420,0.04109343,1437.00904911,0.01998539,0.01998539,28446,87,0
7025.97545930,7025.97562990,1733.07265253,1733.06711543,0.04094523,1437.17866333,0.01998539,0.01998539,28445,87,0
7026.22254071,7026.22266368,1741.09445668,1741.09046161,0.04371587,1437.34756459,0.01998539,0.01998539,28444,87,0
7026.46929288,7026.46971482,1749.12464627,1749.11092467,0.04501268,1437.51526001,0.01998539,0.01998539,28443,87,0
7026.71673785,7026.71678334,1757.16347271,1757.16199202,0.04637998,1437.68244382,0.01998539,0.01998539,28442,87,0
7026.96393440,7026.96386923,1765.21108654,1765.21321041,0.04474896,1437.84847711,0.01998539,0.01998539,28441,87,0
7027.21097812,7027.21097249,1773.26744559,1773.26762927,0.04369524,1438.01342204,0.01998539,0.01998539,28440,87,0
7027.45782996,7027.45809313,1781.33248585,1781.32389273,0.04543873,1438.17724982,0.01998539,0.01998539,28439,87,0
7027.70491929,7027.70523114,1789.40614286,1789.39595021,0.04679051,1438.34024035,0.01998539,0.01998539,28438,87,0
7027.95231100,7027.95238653,1797.48835380,1797.48588265,0.05070976,1438.50242842,0.01998539,0.01998539,28437,87,0
7028.19918975,7028.19955931,1805.57906381,1805.56696103,0.05246081,1438.66327625,0.01998539,0.01998539,28436,87,0
7028.44688279,7028.44674947,1813.67821985,1813.68259033,0.04283087,1438.82364227,0.01998539,0.01998539,28435,87,0
7028.69374388,7028.69395701,1821.78576846,1821.77877529,0.04515752,1438.98245629,0.01998539,0.01998539,28434,87,0
7028.94096636,7028.94118194,1829.90167029,1829.89458992,0.04211083,1439.14048479,0.01998539,0.01998539,28433,87,0
7029.18856292,7029.18842426,1838.02601486,1838.03057357,0.04624428,1439.29772966,0.01998539,0.01998539,28432,87,0
7029.43589959,7029.43568396,1846.15896040,1846.16605652,0.04618479,1439.45378721,0.01998539,0.01998539,28431,87,0
7029.68322514,7029.68296106,1854.30066672,1854.30936591,0.04793199,1439.60881559,0.01998539,0.01998539,28430,87,0
7029.93033559,7029.93025555,1862.45129491,1862.45393406,0.05668827,1439.76268786,0.01998539,0.01998539,28429,87,0
7030.17742229,7030.17756744,1870.61101278,1870.60622097,0.04326216,1439.91552412,0.01998539,0.01998539,28428,87,0
7030.42475047,7030.42489673,1878.77999470,1878.77516138,0.04041978,1440.06748663,0.01998539,0.01998539,28427,87,0
7030.67226892,7030.67224341,1886.95841642,1886.95926020,0.04249837,1440.21854067,0.01998539,0.01998539,28426,87,0
7030.91974586,7030.91960750,1895.14645186,1895.15103408,0.04188335,1440.36854317,0.01998539,0.01998539,28425,87,0
7031.16697415,7031.16698899,1903.34405079,1903.34355864,0.04606561,1440.51736554,0.01998539,0.01998539,28424,87,0
7031.41456169,7031.41438789,1911.55078084,1911.55654908,0.05127859,1440.66536130,0.01998539,0.01998539,28423,87,0
7031.66167360,7031.66180419,1919.76616978,1919.76183172,0.04149369,1440.81202003,0.01998539,0.01998539,28422,87,0
7031.90915771,7031.90923790,1927.98974248,1927.98707639,0.03937434,1440.95783363,0.01998539,0.01998539,28421,87,0
7032.15631354,7032.15668902,1936.22127227,1936.20877600,0.04550833,1441.10238181,0.01998539,0.01998539,28420,87,0
7032.40427559,7032.40415755,1944.46126091,1944.46519351,0.05221967,1441.24633049,0.01998539,0.01998539,28419,87,0
7032.65172038,7032.65164349,1952.71034499,1952.71290913,0.03484781,1441.38891697,0.01998539,0.01998539,28418,87,0
7032.89890911,7032.89914686,1960.96916532,1960.96122734,0.03884306,1441.53030392,0.01998539,0.01998539,28417,87,0
7033.14674135,7033.14666764,1969.23819605,1969.24066021,0.03747502,1441.67100741,0.01998539,0.01998539,28416,87,0
7033.39389631,7033.39420583,1977.51708531,1977.50672792,0.05462476,1441.81026767,0.01998539,0.01998539,28415,87,0
7033.64176369,7033.64176146,1985.80522768,1985.80530248,0.03767118,1441.94885332,0.01998539,0.01998539,28414,87,0
7033.88937896,7033.88933450,1994.10201358,1994.10350433,0.03840832,1442.08620820,0.01998539,0.01998539,28413,87,0
7034.13687203,7034.13692497,2002.40690488,2002.40512841,0.05339106,1442.22239450,0.01998539,0.01998539,28412,87,0
7034.38420721,7034.38453286,2010.71995080,2010.70901236,0.04587858,1442.35739194,0.01998539,0.01998539,28411,87,0
7034.63220849,7034.63215819,2019.04147908,2019.04317022,0.04361906,1442.49164877,0.01998539,0.01998539,28410,87,0
7034.87963816,7034.87980094,2027.37182125,2027.36634287,0.04822491,1442.62449610,0.01998539,0.01998539,28409,87,0
7035.12748669,7035.12746113,2035.71131259,2035.71217386,0.04366650,1442.75646836,0.01998539,0.01998539,28408,87,0
7035.37575960,7035.37513875,2044.06030982,2044.08124975,0.04267374,1442.88756465,0.01998539,0.01998539,28407,87,0
7035.62264838,7035.62283381,2052.41918500,2052.41292377,0.05091187,1443.01683818,0.01998539,0.01998539,28406,87,0
7035.87113595,7035.87054630,2060.78831299,2060.80824638,0.03282567,1443.14585102,0.01998539,0.01998539,28405,87,0
7036.11801534,7036.11827624,2069.16805430,2069.15922381,0.03901723,1443.27293935,0.01998539,0.01998539,28404,87,0
7036.36570162,7036.36602362,2077.55843977,2077.54752834,0.05017569,1443.39934770,0.01998539,0.01998539,28403,87,0
7036.61391697,7036.61378844,2085.95919624,2085.96355689,0.03848955,1443.52491684,0.01998539,0.01998539,28402,87,0
7036.86164789,7036.86157070,2094.37003737,2094.37265891,0.04239741,1443.64912518,0.01998539,0.01998539,28401,87,0
7037.10937723,7037.10937041,2102.79067842,2102.79091006,0.05479576,1443.77220970,0.01998539,0.01998539,28400,87,0
7037.35740877,7037.35718758,2111.22094481,2111.22847341,0.03845121,1443.89431265,0.01998539,0.01998539,28399,87,0
7037.60477295,7037.60502219,2119.66079260,2119.65230045,0.05609560,1444.01495457,0.01998539,0.01998539,28398,87,0
7037.85282848,7037.85287425,2128.11018505,2128.10862375,0.03924124,1444.13479341,0.01998539,0.01998539,28397,87,0
7038.10063593,7038.10074377,2136.56908767,2136.56540557,0.04740298,1444.25336776,0.01998539,0.01998539,28396,87,0
7038.34868098,7038.34863075,2145.03759237,2145.03930943,0.04393263,1444.37090735,0.01998539,0.01998539,28395,87,0
7038.59657450,7038.59653518,2153.51597365,2153.51731912,0.04685159,1444.48722689,0.01998539,0.01998539,28394,87,0
7038.84441752,7038.84445708,2162.00452199,2162.00316674,0.03369390,1444.60237493,0.01998539,0.01998539,28393,87,0
7039.09198213,7039.09239643,2170.50352769,2170.48931751,0.05118364,1444.71624743,0.01998539,0.01998539,28392,87,0
7039.34042900,7039.34035325,2179.01312282,2179.01572407,0.03879457,1444.82937135,0.01998539,0.01998539,28391,87,0
7039.58820647,7039.58832754,2187.53317221,2187.52901022,0.04777807,1444.94103244,0.01998539,0.01998539,28390,87,0
7039.83629054,7039.83631929,2196.06351418,2196.06252490,0.03345833,1445.05166652,0.01998539,0.01998539,28389,87,0
7040.08376391,7040.08432851,2204.60398573,2204.58453240,0.04576365,1445.16086022,0.01998539,0.01998539,28388,87,0
7040.33202799,7040.33235520,2213.15441394,2213.14312744,0.03661772,1445.26922412,0.01998539,0.01998539,28387,87,0
7040.58027258,7040.58039937,2221.71460843,2221.71023066,0.04421599,1445.37639249,0.01998539,0.01998539,28386,87,0
7040.82836877,7040.82846101,2230.28437562,2230.28118755,0.05185356,1445.48230431,0.01998539,0.01998539,28385,87,0
7041.07576118,7041.07654013,2238.86352216,2238.83657088,0.03214480,1445.58672226,0.01998539,0.01998539,28384,87,0
7041.32497548,7041.32463672,2247.45205259,2247.46378597,0.04177340,1445.69070028,0.01998539,0.01998539,28383,87,0
7041.57301219,7041.57275080,2256.05036029,2256.05942370,0.03708278,1445.79298290,0.01998539,0.01998539,28382,87,0
7041.82056103,7041.82088235,2264.65888637,2264.64773198,0.04741230,1445.89386761,0.01998539,0.01998539,28381,87,0
7042.06885772,7042.06903140,2273.27807372,2273.27203759,0.05190057,1445.99385685,0.01998539,0.01998539,28380,87,0
7042.31726292,7042.31719792,2281.90820352,2281.91046503,0.03398909,1446.09268553,0.01998539,0.01998539,28379,87,0
7042.56488006,7042.56538194,2290.54923782,2290.53175354,0.04762506,1446.18999677,0.01998539,0.01998539,28378,87,0
7042.81372160,7042.81358344,2299.20110135,2299.20592019,0.05124999,1446.28657269,0.01998539,0.01998539,28377,87,0
7043.06143277,7043.06180244,2307.86371767,2307.85080892,0.03594694,1446.38149319,0.01998539,0.01998539,28376,87,0
7043.30984529,7043.31003893,2316.53695357,2316.53018390,0.04485926,1446.47545727,0.01998539,0.01998539,28375,87,0
7043.55829523,7043.55829292,2325.22057122,2325.22065224,0.05093791,1446.56820118,0.01998539,0.01998539,28374,87,0
7043.80677012,7043.80656440,2333.91431982,2333.92152741,0.03207674,1446.65971269,0.01998539,0.01998539,28373,87,0
7044.05486829,7044.05485338,2342.61795106,2342.61847423,0.04118024,1446.74983957,0.01998539,0.01998539,28372,87,0
7044.30363963,7044.30315986,2351.33153355,2351.34837928,0.04720551,1446.83895740,0.01998539,0.01998539,28371,87,0
7044.55167098,7044.55148384,2360.05566542,2360.06224389,0.03489787,1446.92656211,0.01998539,0.01998539,28370,87,0
7044.79965827,7044.79982533,2368.79099899,2368.78511909,0.04961457,1447.01290725,0.01998539,0.01998539,28369,87,0
7045.04809597,7045.04818432,2377.53818193,2377.53506820,0.03979206,1447.09816328,0.01998539,0.01998539,28368,87,0
7045.29639241,7045.29656083,2386.29741312,2386.29147014,0.04853673,1447.18212153,0.01998539,0.01998539,28367,87,0
7045.54494277,7045.54495484,2395.06824857,2395.06782203,0.03030763,1447.26490532,0.01998539,0.01998539,28366,87,0
7045.79289040,7045.79336636,2403.85019183,2403.83335569,0.04612955,1447.34622234,0.01998539,0.01998539,28365,87,0
7046.04174893,7046.04179540,2412.64275247,2412.64110694,0.04412157,1447.42655731,0.01998539,0.01998539,28364,87,0
7046.29019982,7046.29024195,2421.44573379,2421.44424010,0.04174869,1447.50547431,0.01998539,0.01998539,28363,87,0
7046.53892040,7046.53870602,2430.25928236,2430.26689123,0.04632422,1447.58318626,0.01998539,0.01998539,28362,87,0
7046.78730933,7046.78718761,2439.08356504,2439.08789004,0.05263432,1447.65950258,0.01998539,0.01998539,28361,87,0
7047.03564741,7047.03568672,2447.91875825,2447.91735979,0.03249903,1447.73450928,0.01998539,0.01998539,28360,87,0
7047.28407868,7047.28420335,2456.76519944,2456.76075888,0.04538573,1447.80824754,0.01998539,0.01998539,28359,87,0
7047.53251209,7047.53273751,2465.62337238,2465.61533291,0.04888998,1447.88068854,0.01998539,0.01998539,28358,87,0
7047.78114936,7047.78128919,2474.49376962,2474.48877578,0.04443814,1447.95188820,0.01998539,0.01998539,28357,87,0
7048.02964875,7048.02985841,2483.37682478,2483.36932730,0.04227552,1448.02174609,0.01998539,0.01998539,28356,87,0
7048.27829096,7048.27844515,2492.27221832,2492.26669749,0.04335264,1448.09033299,0.01998539,0.01998539,28355,87,0
7048.52749341,7048.52704943,2501.17912619,2501.19504244,0.04786556,1448.15774677,0.01998540,0.01998539,28354,87,0
7048.77602222,7048.77567123,2510.09670892,2510.10930479,0.05351959,1448.22364328,0.01998540,0.01998539,28353,87,0
7049.02450458,7049.02431058,2519.02424646,2519.03121567,0.04912618,1448.28818474,0.01998539,0.01998539,28352,87,0
7049.27299839,7049.27296746,2527.96197075,2527.96308316,0.02764010,1448.35138374,0.01998539,0.01998539,28351,87,0
7049.52122923,7049.52164188,2536.91055543,2536.89569736,0.05353649,1448.41317263,0.01998539,0.01998539,28350,87,0
7049.77003853,7049.77033385,2545.87068164,2545.86003501,0.05284372,1448.47375802,0.01998539,0.01998539,28349,87,0
7050.01856888,7050.01904335,2554.84290554,2554.82577812,0.04592328,1448.53292718,0.01998539,0.01998539,28348,87,0
7050.26771157,7050.26777040,2563.82717390,2563.82504754,0.04379614,1448.59088381,0.01998539,0.01998539,28347,87,0
7050.51633003,7050.51651500,2572.82325233,2572.81655842,0.04737393,1448.64735593,0.01998539,0.01998539,28346,87,0
7050.76554260,7050.76527715,2581.83090465,2581.84052233,0.04775741,1448.70259026,0.01998540,0.01998539,28345,87,0
7051.01358016,7051.01405685,2590.84999380,2590.83270199,0.04804773,1448.75619350,0.01998539,0.01998539,28344,87,0
7051.26273633,7051.26285410,2599.88066582,2599.87638862,0.04951563,1448.80865751,0.01998539,0.01998539,28343,87,0
7051.51118642,7051.51166890,2608.92311742,2608.90557221,0.04765907,1448.85959052,0.01998539,0.01998539,28342,87,0
7051.76069909,7051.76050126,2617.97754696,2617.98474999,0.05452295,1448.90934790,0.01998539,0.01998539,28341,87,0
7052.00934766,7052.00935118,2627.04416271,2627.04403419,0.05381744,1448.95753944,0.01998539,0.01998539,28340,87,0
7052.25828335,7052.25821866,2636.12318836,2636.12554983,0.04575672,1449.00438874,0.01998539,0.01998539,28339,87,0
7052.50758479,7052.50710370,2645.21485062,2645.23243621,0.04402232,1449.04990056,0.01998540,0.01998539,28338,87,0
7052.75567823,7052.75600631,2654.31936788,2654.30735925,0.04256568,1449.09379004,0.01998539,0.01998539,28337,87,0
7053.00470143,7053.00492648,2663.43675238,2663.42850386,0.04589244,1449.13643193,0.01998539,0.01998539,28336,87,0
7053.25391104,7053.25386421,2672.56682071,2672.56853927,0.04161450,1449.17768275,0.01998539,0.01998539,28335,87,0
7053.50236137,7053.50281952,2681.70938030,2681.69254445,0.04772878,1449.21738427,0.01998539,0.01998539,28334,87,0
7053.75191544,7053.75179240,2690.86426825,2690.86879548,0.05570415,1449.25582484,0.01998539,0.01998539,28333,87,0
7054.00096760,7054.00078285,2700.03158935,2700.03839591,0.05233880,1449.29274672,0.01998539,0.01998540,28332,87,0
7054.24978246,7054.24979087,2709.21158613,2709.21127555,0.04589512,1449.32819078,0.01998539,0.01998540,28331,87,0
7054.49856388,7054.49881648,2718.40450415,2718.39517304,0.03819478,1449.36218351,0.01998539,0.01998540,28330,87,0
7054.74796475,7054.74785966,2727.61047846,2727.61436595,0.04772461,1449.39480353,0.01998540,0.01998540,28329,87,0
7054.99743333,7054.99692042,2736.82920101,2736.84819805,0.04924700,1449.42596559,0.01998540,0.01998540,28328,87,0
7055.24664667,7055.24599876,2746.06025150,2746.08427823,0.04921290,1449.45562381,0.01998540,0.01998540,28327,87,0
7055.49504602,7055.49509469,2755.30320957,2755.30140261,0.04526865,1449.48371428,0.01998540,0.01998540,28326,87,0
7055.74407976,7055.74420820,2764.55799106,2764.55321635,0.03841980,1449.51039671,0.01998540,0.01998540,28325,87,0
7055.99332427,7055.99333930,2773.82513010,2773.82457067,0.04940471,1449.53561414,0.01998540,0.01998540,28324,87,0
7056.24218760,7056.24248799,2783.10523094,2783.09403450,0.05246679,1449.55930403,0.01998539,0.01998540,28323,87,0
7056.49154379,7056.49165428,2792.39888034,2792.39475627,0.04079369,1449.58154393,0.01998540,0.01998540,28322,87,0
7056.74051023,7056.74083815,2801.70627730,2801.69402048,0.04123781,1449.60224832,0.01998539,0.01998540,28321,87,0
7056.98957746,7056.99003962,2811.02728822,2811.00998965,0.05213440,1449.62145396,0.01998539,0.01998540,28320,87,0
7057.23967802,7057.23925869,2820.36176765,2820.37748431,0.04062194,1449.63921580,0.01998540,0.01998540,28319,87,0
7057.48817876,7057.48849536,2829.70958270,2829.69770047,0.04337657,1449.65534553,0.01998540,0.01998540,28318,87,0
7057.73793718,7057.73774963,2839.07068197,2839.07773064,0.05026537,1449.67002545,0.01998540,0.01998540,28317,87,0
7057.98716610,7057.98702150,2848.44504396,2848.45048575,0.03784967,1449.68313758,0.01998540,0.01998540,28316,87,0
7058.23611331,7058.23631097,2857.83264671,2857.82519837,0.04747207,1449.69469624,0.01998540,0.01998540,28315,87,0
7058.48578496,7058.48561806,2867.23341959,2867.23971713,0.04243844,1449.70473777,0.01998540,0.01998540,28314,87,0
7058.73518112,7058.73494275,2876.64718205,2876.65618807,0.03604788,1449.71321146,0.01998540,0.01998540,28313,87,0
7058.98409035,7058.98428505,2886.07373691,2886.06637159,0.04736993,1449.72011104,0.01998540,0.01998540,28312,87,0
7059.23349381,7059.23364496,2895.51290678,2895.50718181,0.03832120,1449.72545759,0.01998540,0.01998540,28311,87,0
7059.48277285,7059.48302249,2904.96492328,2904.95545533,0.05075868,1449.72922853,0.01998540,0.01998540,28310,87,0
7059.73246743,7059.73241763,2914.43038830,2914.43227981,0.03981975,1449.73142331,0.01998540,0.01998540,28309,87,0
7059.98189044,7059.98183039,2923.90992190,2923.91220608,0.05094823,1449.73202818,0.01998540,0.01998540,28308,87,0
7060.23124264,7060.23126077,2933.40401662,2933.40332617,0.03646039,1449.73104013,0.01998540,0.01998540,28307,87,0
7060.48085936,7060.48070877,2942.91246507,2942.91820939,0.04691515,1449.72844914,0.01998540,0.01998540,28306,87,0
7060.73024272,7060.73017439,2952.43482546,2952.43743545,0.03929976,1449.72425348,0.01998540,0.01998540,28305,87,0
7060.97968897,7060.97965764,2961.97065595,2961.97185434,0.04709314,1449.71844352,0.01998540,0.01998540,28304,87,0
7061.22875991,7061.22915852,2971.51984990,2971.50458345,0.03484226,1449.71102622,0.01998540,0.01998540,28303,87,0
7061.47867033,7061.47867702,2981.08288947,2981.08263277,0.04752596,1449.70195405,0.01998540,0.01998540,28302,87,0
7061.72854721,7061.72821316,2990.66031999,2990.67315071,0.03420232,1449.69124352,0.01998540,0.01998540,28301,87,0
7061.97806335,7061.97776692,3000.25265069,3000.26405330,0.05232631,1449.67890497,0.01998540,0.01998540,28300,87,0
7062.22733620,7062.22733833,3009.85996440,3009.85988235,0.05017802,1449.66493127,0.01998540,0.01998540,28299,87,0
7062.47766248,7062.47692737,3019.48208601,3019.51044688,0.03372855,1449.64923478,0.01998540,0.01998540,28298,87,0
7062.72640671,7062.72653404,3029.11883539,3029.11391574,0.04388074,1449.63197927,0.01998540,0.01998540,28297,87,0
7062.97621201,7062.97615836,3038.77014024,3038.77221603,0.04725665,1449.61297971,0.01998540,0.01998540,28296,87,0
7063.22598322,7063.22580032,3048.43623842,3048.44332546,0.03602291,1449.59230155,0.01998540,0.01998540,28295,87,0
7063.47542134,7063.47545992,3058.11742454,3058.11592738,0.04408625,1449.56996542,0.01998540,0.01998540,28294,87,0
7063.72476439,7063.72513717,3067.81396496,3067.79947673,0.04922096,1449.54594638,0.01998540,0.01998540,28293,87,0
7063.97474424,7063.97483207,3077.52558029,3077.52216173,0.03835524,1449.52016174,0.01998540,0.01998540,28292,87,0
7064.22484021,7064.22454461,3087.25151642,3087.26303717,0.05144987,1449.49265236,0.01998540,0.01998540,28291,87,0
7064.47456946,7064.47427481,3096.99099685,3097.00249567,0.04732798,1449.46346940,0.01998540,0.01998540,28290,87,0
7064.72392723,7064.72402266,3106.74357099,3106.73984206,0.05022560,1449.43261593,0.01998540,0.01998540,28289,87,0
7064.97423656,7064.97378816,3116.51004753,3116.52759357,0.05197975,1449.39991317,0.01998540,0.01998540,28288,87,0
7065.22346336,7065.22357133,3126.29154202,3126.28731072,0.03773046,1449.36561751,0.01998540,0.01998540,28287,87,0
7065.47307820,7065.47337215,3136.08914517,3136.07760656,0.05307629,1449.32952242,0.01998540,0.01998540,28286,87,0
7065.72380443,7065.72319063,3145.90314223,3145.92727404,0.04535813,1449.29149847,0.01998540,0.01998540,28285,87,0
7065.97319520,7065.97302677,3155.73299947,3155.73963136,0.04668162,1449.25191326,0.01998540,0.01998540,28284,87,0
7066.22378455,7066.22288058,3165.57814186,3165.61378747,0.04981630,1449.21036067,0.01998540,0.01998540,28283,87,0
7066.47308352,7066.47275205,3175.43815881,3175.45124809,0.02655222,1449.16724875,0.01998540,0.01998540,28282,87,0
7066.72246179,7066.72264120,3185.31332385,3185.30622871,0.04917439,1449.12234501,0.01998540,0.01998540,28281,87,0
7066.97247584,7066.97254801,3195.20408718,3195.20122883,0.04575458,1449.07553200,0.01998540,0.01998540,28280,87,0
7067.22303830,7067.22247249,3205.11088474,3205.13333036,0.04568353,1449.02680341,0.01998540,0.01998540,28279,87,0
7067.47243700,7067.47241465,3215.03376029,3215.03464817,0.04194249,1448.97649074,0.01998540,0.01998540,28278,87,0
7067.72236949,7067.72237449,3224.97237532,3224.97217640,0.04652229,1448.92425224,0.01998540,0.01998540,28277,87,0
7067.97215491,7067.97235200,3234.92637240,3234.91851883,0.04632254,1448.87022021,0.01998540,0.01998540,28276,87,0
7068.22227572,7068.22234719,3244.89555569,3244.89270349,0.04289259,1448.81428170,0.01998540,0.01998540,28275,87,0
7068.47217698,7068.47236006,3254.88029568,3254.87297841,0.04481756,1448.75654987,0.01998540,0.01998540,28274,87,0
7068.72278233,7068.72239061,3264.88108844,3264.89676862,0.04002835,1448.69679520,0.01998540,0.01998540,28273,87,0
7068.97259294,7068.97243885,3274.89841271,3274.90459072,0.04457623,1448.63536510,0.01998540,0.01998540,28272,87,0
7069.22283747,7069.22250478,3284.93243030,3284.94579030,0.04359220,1448.57195217,0.01998540,0.01998540,28271,87,0
7069.47248831,7069.47258840,3294.98306092,3294.97903528,0.04394545,1448.50681079,0.01998540,0.01998540,28270,87,0
7069.72268586,7069.72268970,3305.05021731,3305.05006260,0.03696350,1448.43963620,0.01998540,0.01998540,28269,87,0
7069.97324342,7069.97280870,3315.13382151,3315.15136088,0.03854105,1448.37046046,0.01998540,0.01998540,28268,87,0
7070.22284742,7070.22294539,3325.23381881,3325.22985963,0.04259610,1448.29964513,0.01998540,0.01998540,28267,87,0
7070.47300839,7070.47309978,3335.35015729,3335.34645851,0.04809477,1448.22675833,0.01998540,0.01998540,28266,87,0
7070.72370797,7070.72327187,3345.48283116,3345.50050831,0.05194079,1448.15178462,0.01998540,0.01998540,28265,87,0
7070.97358636,7070.97346166,3355.63220949,3355.63727233,0.04812502,1448.07512287,0.01998540,0.01998540,28264,87,0
7071.22402322,7071.22366915,3365.79884525,3365.81324438,0.04956162,1447.99634004,0.01998540,0.01998540,28263,87,0
7071.47379638,7071.47389434,3375.98328803,3375.97929778,0.03407367,1447.91580874,0.01998540,0.01998540,28262,87,0
7071.72340322,7071.72413724,3386.18568037,3386.15572969,0.04841845,1447.83336817,0.01998540,0.01998540,28261,87,0
7071.97429148,7071.97439784,3396.40561265,3396.40126546,0.05019562,1447.74852125,0.01998540,0.01998540,28260,87,0
7072.22481252,7072.22467616,3406.64263215,3406.64821401,0.05445396,1447.66180961,0.01998540,0.01998540,28259,87,0
7072.47533987,7072.47497219,3416.89640561,3416.91148039,0.03908006,1447.57310244,0.01998540,0.01998540,28258,87,0
7072.72541638,7072.72528592,3427.16706444,3427.17242123,0.03759595,1447.48255719,0.01998540,0.01998540,28257,87,0
7072.97606414,7072.97561738,3437.45485153,3437.47322670,0.05184111,1447.38979149,0.01998540,0.01998540,28256,87,0
7073.22590740,7073.22596655,3447.76001529,3447.75757839,0.04275296,1447.29530629,0.01998540,0.01998540,28255,87,0
7073.47603444,7073.47633344,3458.08284283,3458.07050470,0.04161537,1447.19868473,0.01998540,0.01998540,28254,87,0
7073.72649643,7073.72671805,3468.42364725,3468.41448663,0.04884346,1447.09988742,0.01998540,0.01998540,28253,87,0
7073.97708132,7073.97712039,3478.78274098,3478.78112339,0.04278365,1446.99898003,0.01998540,0.01998540,28252,87,0
7074.22741967,7074.22754044,3489.16020575,3489.15519639,0.04400313,1446.89610259,0.01998540,0.01998540,28251,87,0
7074.47792707,7074.47797823,3499.55576868,3499.55364334,0.05493748,1446.79107852,0.01998540,0.01998540,28250,87,0
7074.72850145,7074.72843374,3509.96912413,3509.97194163,0.04589334,1446.68394149,0.01998540,0.01998540,28249,87,0
7074.97844117,7074.97890698,3520.39996148,3520.38054735,0.05138020,1446.57499264,0.01998540,0.01998540,28248,87,0
7075.22833842,7075.22939796,3530.84796085,3530.80373329,0.04158782,1446.46397669,0.01998540,0.01998540,28247,87,0
7075.48036314,7075.47990667,3541.31279750,3541.33188080,0.04874061,1446.34989811,0.01998540,0.01998540,28246,87,0
7075.73072531,7075.73043311,3551.79428034,3551.80651468,0.03785993,1446.23445995,0.01998540,0.01998540,28245,87,0
7075.98067145,7075.98097729,3562.29346057,3562.28063289,0.04235717,1446.11709326,0.01998540,0.01998540,28244,87,0
7076.23103056,7076.23153922,3572.81206309,3572.79068963,0.04872621,1445.99737989,0.01998540,0.01998540,28243,87,0
7076.48229323,7076.48211888,3583.35177622,3583.35911682,0.04968207,1445.87503824,0.01998540,0.01998540,28242,87,0
7076.73290119,7076.73271628,3593.91264548,3593.92044500,0.03182201,1445.75081205,0.01998540,0.01998540,28241,87,0
7076.96749197,nan,0.00000000,3603.83687453,0.42844490,1445.63238188,0.01998536,0.01998540,28240,87,1
7077.23391767,7077.23396433,3615.09064607,3615.08867134,0.03883570,1445.49590484,0.01998540,0.01998540,28239,87,0
7077.48435825,7077.48461498,3625.70523222,3625.69435121,0.05348785,1445.36522225,0.01998540,0.01998540,28238,87,0
7077.73539844,7077.73528338,3636.33865976,3636.34354525,0.04484856,1445.23200925,0.01998540,0.01998540,28237,87,0
7077.98611716,7077.98596953,3646.99330581,3646.99958709,0.04514165,1445.09671052,0.01998540,0.01998540,28236,87,0
7078.23679539,7078.23667343,3657.67087785,3657.67607713,0.04286471,1444.95914582,0.01998540,0.01998540,28235,87,0
7078.48728068,7078.48739509,3668.37011053,3668.36522347,0.04706503,1444.81940638,0.01998540,0.01998540,28234,87,0
7078.73865302,7078.73813451,3679.08892020,3679.11110366,0.05113318,1444.67689649,0.01998540,0.01998540,28233,87,0
7078.98890120,7078.98889169,3689.82547618,3689.82588337,0.03242108,1444.53277391,0.01998540,0.01998540,28232,87,0
7079.23949923,7079.23966663,3700.58025424,3700.57306859,0.05063852,1444.38618422,0.01998540,0.01998540,28231,87,0
7079.49047594,7079.49045934,3711.35490188,3711.35561576,0.04483480,1444.23706799,0.01998540,0.01998540,28230,87,0
7079.74154016,7079.74126981,3722.15100907,3722.16265743,0.05060352,1444.08555866,0.01998540,0.01998540,28229,87,0
7079.99179942,7079.99209805,3732.96871504,3732.95582388,0.05119202,1443.93219127,0.01998540,0.01998540,28228,87,0
7080.24345307,7080.24294406,3743.80691328,3743.82892488,0.04707576,1443.77561409,0.01998540,0.01998540,28227,87,0
7080.49396678,7080.49380784,3754.66446178,3754.67134638,0.05081843,1443.61740610,0.01998540,0.01998540,28226,87,0
7080.74487293,7080.74468940,3765.54091733,3765.54888082,0.04572350,1443.45660616,0.01998540,0.01998540,28225,87,0
7080.99549086,7080.99558873,3776.43679504,3776.43254140,0.04152089,1443.29363112,0.01998540,0.01998540,28224,87,0
7081.24640084,7081.24650583,3787.35268326,3787.34811169,0.04174086,1443.12808412,0.01998540,0.01998540,28223,87,0
7081.49761797,7081.49744072,3798.28905768,3798.29678986,0.04433080,1442.95992842,0.01998540,0.01998540,28222,87,0
7081.74869984,7081.74839338,3809.24615145,3809.25954437,0.05193806,1442.78944286,0.01998540,0.01998540,28221,87,0
7081.99956040,7081.99936383,3820.22416927,3820.23277553,0.04614110,1442.61667649,0.01998540,0.01998540,28220,87,0
7082.25062431,7082.25035207,3831.22326368,3831.23520525,0.04854005,1442.44132323,0.01998540,0.01998540,28219,87,0
7082.50193870,7082.50135809,3842.24342029,3842.26893479,0.04872487,1442.26333219,0.01998540,0.01998540,28218,87,0
7082.75305943,7082.75238190,3853.28459169,3853.31441986,0.03941600,1442.08300632,0.01998540,0.01998540,28217,87,0
7083.00365558,7083.00342350,3864.34691878,3864.35715526,0.04533724,1441.90057996,0.01998540,0.01998540,28216,87,0
7083.25442134,7083.25448289,3875.43138688,3875.42866681,0.04674399,1441.71552491,0.01998540,0.01998540,28215,87,0
7083.50564852,7083.50556008,3886.53922756,3886.54314427,0.05075692,1441.52758321,0.01998540,0.01998540,28214,87,0
7083.75638233,7083.75665506,3897.67137859,3897.65927492,0.04048081,1441.33744057,0.01998540,0.01998540,28213,87,0
7084.00790697,7084.00776784,3908.82691302,3908.83309985,0.04651686,1441.14412114,0.01998540,0.01998540,28212,87,0
7084.25887877,7084.25889842,3920.00418655,3920.00331136,0.05626472,1440.94866990,0.01998540,0.01998540,28211,87,0
7084.50993488,7084.51004680,3931.20185780,3931.19686334,0.04496996,1440.75060959,0.01998540,0.01998540,28210,87,0
7084.76105924,7084.76121299,3942.42114099,3942.41426622,0.04541404,1440.54991745,0.01998540,0.01998540,28209,87,0
7085.01218352,7085.01239698,3953.66449057,3953.65492545,0.04317977,1440.34659038,0.01998540,0.01998540,28208,87,0
7085.26343799,7085.26359878,3964.93404570,3964.92682420,0.05045170,1440.14046800,0.01998540,0.01998540,28207,87,0
7085.51479604,7085.51481839,3976.22850300,3976.22749754,0.03873807,1439.93157776,0.01998540,0.01998540,28206,87,0
7085.76653346,7085.76605580,3987.54456950,3987.56610150,0.04649095,1439.71973073,0.01998541,0.01998540,28205,87,0
7086.01733409,7086.01731104,3998.87925467,3998.88029528,0.04737269,1439.50608785,0.01998540,0.01998540,28204,87,0
7086.26862239,7086.26858408,4010.23376351,4010.23549607,0.05350376,1439.28940909,0.01998540,0.01998540,28203,87,0
7086.51966297,7086.51987495,4021.61203867,4021.60242975,0.04138997,1439.07023749,0.01998540,0.01998540,28202,87,0
7086.77144802,7086.77118363,4033.01781106,4033.02982499,0.05390383,1438.84761206,0.01998540,0.01998540,28201,87,0
7087.02195337,7087.02251014,4044.45096090,4044.42560554,0.04181321,1438.62331812,0.01998540,0.01998540,28200,87,0
7087.27362997,7087.27385446,4055.90867447,4055.89843111,0.04377576,1438.39520356,0.01998540,0.01998540,28199,87,0
7087.52496003,7087.52521661,4067.38822902,4067.37650068,0.04106265,1438.16467137,0.01998540,0.01998540,28198,87,0
7087.77632273,7087.77659659,4078.88923575,4078.87669447,0.04720503,1437.93137448,0.01998540,0.01998540,28197,87,0
nan,nan,0.00000000,-1.00000000,0.00000000,1437.70351381,nan,0.00000000,-2147483648,87,1
nan,nan,0.00000000,-1.00000000,0.00000000,1434.05418270,nan,0.00000000,-2147483648,86,1
nan,nan,0.00000000,-1.00000000,0.00000000,1434.31465080,nan,0.00000000,-2147483648,86,1
7048.52631348,7048.52704943,12.87065069,12.85104773,0.02846210,1434.67082098,0.01998539,0.01998539,28354,86,0
7048.77468313,7048.77567123,19.49519715,19.46886030,0.04515345,1435.01406916,0.01998539,0.01998539,28353,86,0
7049.02510239,7049.02431058,26.12461678,26.14573577,0.04545368,1435.35958748,0.01998540,0.01998539,28352,86,0
7049.27293841,7049.27296746,32.75898183,32.75820651,0.06210595,1435.70098766,0.01998539,0.01998539,28351,86,0
7049.52243766,7049.52164188,39.39835122,39.41960494,0.05155887,1436.04412385,0.01998540,0.01998539,28350,86,0
7049.77003595,7049.77033385,46.04263138,46.03467005,0.03888015,1436.38408863,0.01998539,0.01998539,28349,86,0
7050.01818461,7050.01904335,52.69163213,52.66866749,0.05281855,1436.72424110,0.01998539,0.01998539,28348,86,0
7050.26736789,7050.26777040,59.34516098,59.33439046,0.05716158,1437.06522825,0.01998539,0.01998539,28347,86,0
7050.51729447,7050.51651500,66.00302463,66.02389372,0.02925872,1437.40663378,0.01998540,0.01998539,28346,86,0
7050.76504447,7050.76527715,72.66503777,72.65880469,0.05267602,1437.74446343,0.01998539,0.01998539,28345,86,0
7051.01350641,7051.01405685,79.33121588,79.31646251,0.05297704,1438.08266080,0.01998539,0.01998539,28344,86,0
7051.26206117,7051.26285410,86.00177484,85.98050910,0.03961185,1438.42038979,0.01998539,0.01998539,28343,86,0
7051.51052191,7051.51166890,92.67694005,92.64615879,0.05993343,1438.75740650,0.01998539,0.01998539,28342,86,0
7051.76074386,7051.76050126,99.35693789,99.36345263,0.02467658,1439.09623151,0.01998540,0.01998539,28341,86,0
7052.00937364,7052.00935118,106.04199373,106.04259734,0.03148150,1439.43233324,0.01998540,0.01998539,28340,86,0
7052.25797288,7052.25821866,112.73222761,112.72561791,0.07268613,1439.76783263,0.01998539,0.01998539,28339,86,0
7052.50750813,7052.50710370,119.42760156,119.43848493,0.03344271,1440.10402744,0.01998540,0.01998539,28338,86,0
7052.75608132,7052.75600631,126.12806452,126.13008445,0.02700504,1440.43835629,0.01998540,0.01998539,28337,86,0
7053.00569553,7053.00492648,132.83356520,132.85428916,0.05882806,1440.77350882,0.01998540,0.01998539,28336,86,0
7053.25379280,7053.25386421,139.54405204,139.54212644,0.04858995,1441.10604796,0.01998539,0.01998539,28335,86,0
7053.50266308,7053.50281952,146.25946419,146.25524281,0.03677885,1441.43904100,0.01998539,0.01998539,28334,86,0
7053.75148482,7053.75179240,152.97972108,152.97141638,0.03429712,1441.77138064,0.01998539,0.01998539,28333,86,0
7054.00031777,7054.00078285,159.70473928,159.69217391,0.05102066,1442.10314109,0.01998539,0.01998540,28332,86,0
7054.24968819,7054.24979087,166.43443494,166.43165889,0.03731980,1442.43501638,0.01998540,0.01998540,28331,86,0
7054.49976400,7054.49881648,173.16872390,173.19435501,0.04461722,1442.76721978,0.01998540,0.01998540,28330,86,0
7054.74742639,7054.74785966,179.90758692,179.89585949,0.02849203,1443.09561209,0.01998539,0.01998540,28329,86,0
7054.99684544,7054.99692042,186.65120065,186.64916989,0.04472272,1443.42573223,0.01998540,0.01998540,28328,86,0
7055.24605194,7055.24599876,193.39977919,193.40122039,0.03702353,1443.75497715,0.01998540,0.01998540,28327,86,0
7055.49628155,7055.49509469,200.15353754,200.18572855,0.06208033,1444.08498539,0.01998540,0.01998540,28326,86,0
7055.74464045,7055.74420820,206.91269165,206.92442414,0.04006916,1444.41195224,0.01998540,0.01998540,28325,86,0
7055.99351848,7055.99333930,213.67738574,213.68225281,0.04960765,1444.73903379,0.01998540,0.01998540,28324,86,0
7056.24170153,7056.24248799,220.44747329,220.42609529,0.03915777,1445.06462617,0.01998539,0.01998540,28323,86,0
7056.49270626,7056.49165428,227.22273415,227.25134900,0.06391862,1445.39332300,0.01998540,0.01998540,28322,86,0
7056.74058885,7056.74083815,234.00294715,233.99616151,0.03439722,1445.71732951,0.01998539,0.01998540,28321,86,0
7056.98898779,7056.99003962,240.78789016,240.75924353,0.06066846,1446.04139888,0.01998539,0.01998540,28320,86,0
7057.23826073,7057.23925869,247.57739175,247.55019599,0.05383128,1446.36598286,0.01998539,0.01998540,28319,86,0
7057.48893750,7057.48849536,254.37154185,254.38359841,0.04127081,1446.69176556,0.01998540,0.01998540,28318,86,0
7057.73883299,7057.73774963,261.17051364,261.20007443,0.04501747,1447.01591160,0.01998540,0.01998540,28317,86,0
7057.98679679,7057.98702150,267.97448111,267.96834547,0.04670519,1447.33694551,0.01998540,0.01998540,28316,86,0
7058.23615814,7058.23631097,274.78361903,274.77944292,0.05469953,1447.65918612,0.01998540,0.01998540,28315,86,0
7058.48498560,7058.48561806,281.59808281,281.58078921,0.05048367,1447.98013997,0.01998539,0.01998540,28314,86,0
7058.73517356,7058.73494275,288.41790646,288.42422208,0.04650238,1448.30224742,0.01998540,0.01998540,28313,86,0
7058.98442137,7058.98428505,295.24307827,295.24681108,0.05810088,1448.62254262,0.01998540,0.01998540,28312,86,0
7059.23346806,7059.23364496,302.07358642,302.06873908,0.05707007,1448.94197707,0.01998540,0.01998540,28311,86,0
7059.48245129,7059.48302249,308.90941900,308.89375616,0.03223365,1449.26072597,0.01998539,0.01998540,28310,86,0
7059.73215749,7059.73241763,315.75056723,315.74342881,0.05434894,1449.57979152,0.01998540,0.01998540,28309,86,0
7059.98149100,7059.98183039,322.59704420,322.58772471,0.04185862,1449.89777130,0.01998539,0.01998540,28308,86,0
7060.23144904,7060.23126077,329.44887225,329.45404585,0.04353342,1450.21593538,0.01998540,0.01998540,28307,86,0
7060.48100359,7060.48070877,336.30607387,336.31418117,0.04906402,1450.53297370,0.01998540,0.01998540,28306,86,0
7060.73034186,7060.73017439,343.16867162,343.17328018,0.05634191,1450.84912561,0.01998540,0.01998540,28305,86,0
7060.98024712,7060.97965764,350.03667832,350.05291180,0.06388063,1451.16538174,0.01998540,0.01998540,28304,86,0
7061.22961785,7061.22915852,356.91003468,356.92269299,0.02849467,1451.48034347,0.01998540,0.01998540,28303,86,0
7061.47890277,7061.47867702,363.78864893,363.79487438,0.05609890,1451.79457388,0.01998540,0.01998540,28302,86,0
7061.72856685,7061.72821316,370.67242873,370.68218912,0.04591835,1452.10865203,0.01998540,0.01998540,28301,86,0
7061.97820310,7061.97776692,377.56128130,377.57332582,0.03656329,1452.42205863,0.01998540,0.01998540,28300,86,0
7062.22710096,7062.22733833,384.45513106,384.44857210,0.04777946,1452.73389946,0.01998540,0.01998540,28299,86,0
7062.47713956,7062.47692737,391.35403231,391.35989939,0.04454186,1453.04652811,0.01998540,0.01998540,28298,86,0
7062.72687638,7062.72653404,398.25809788,398.26757004,0.05210074,1453.35814115,0.01998540,0.01998540,28297,86,0
7062.97612960,7062.97615836,405.16744140,405.16664498,0.04428579,1453.66851808,0.01998540,0.01998540,28296,86,0
7063.22697492,7063.22580032,412.08217701,412.11472361,0.05403411,1453.98024278,0.01998540,0.01998540,28295,86,0
7063.47591401,7063.47545992,419.00240724,419.01499863,0.06177858,1454.28897182,0.01998540,0.01998540,28294,86,0
7063.72583601,7063.72513717,425.92815041,425.94754245,0.02854784,1454.59829068,0.01998540,0.01998540,28293,86,0
7063.97419168,7063.97483207,432.85938882,432.84160612,0.05938977,1454.90504387,0.01998540,0.01998540,28292,86,0
7064.22407526,7064.22454461,439.79610454,439.78306177,0.04740671,1455.21305067,0.01998540,0.01998540,28291,86,0
7064.47374947,7064.47427481,446.73827955,446.72367056,0.05600097,1455.52016208,0.01998540,0.01998540,28290,86,0
7064.72369093,7064.72402266,453.68589816,453.67666655,0.05224180,1455.82696159,0.01998540,0.01998540,28289,86,0
7064.97366900,7064.97378816,460.63895970,460.63564130,0.03503056,1456.13316305,0.01998540,0.01998540,28288,86,0
7065.22279340,7065.22357133,467.59746928,467.57578991,0.03422413,1456.43767747,0.01998540,0.01998540,28287,86,0
7065.47325092,7065.47337215,474.56143205,474.55805117,0.04135270,1456.74317439,0.01998540,0.01998540,28286,86,0
7065.72377866,7065.72319063,481.53085315,481.54726398,0.04199066,1457.04810631,0.01998540,0.01998540,28285,86,0
7065.97290091,7065.97302677,488.50572083,488.50220585,0.03313776,1457.35067987,0.01998540,0.01998540,28284,86,0
7066.22362238,7066.22288058,495.48593458,495.50666551,0.03906343,1457.65453749,0.01998540,0.01998540,28283,86,0
7066.47229333,7066.47275205,502.47136442,502.45853613,0.03531841,1457.95525034,0.01998540,0.01998540,28282,86,0
7066.72284620,7066.72264120,509.46187974,509.46761650,0.04428456,1458.25756709,0.01998540,0.01998540,28281,86,0
7066.97306877,7066.97254801,516.45734928,516.47193115,0.04319568,1458.55880488,0.01998540,0.01998540,28280,86,0
7067.22211506,7067.22247249,523.45772413,523.44770921,0.04236845,1458.85794764,0.01998540,0.01998540,28279,86,0
7067.47262334,7067.47241465,530.46330213,530.46915359,0.03545056,1459.15817427,0.01998540,0.01998540,28278,86,0
7067.72222284,7067.72237449,537.47447326,537.47021801,0.03611894,1459.45665605,0.01998540,0.01998540,28277,86,0
7067.97283863,7067.97235200,544.49162933,544.50529532,0.04035285,1459.75570945,0.01998540,0.01998540,28276,86,0
7068.22288578,7068.22234719,551.51516398,551.53030221,0.03045089,1460.05345609,0.01998540,0.01998540,28275,86,0
7068.47194740,7068.47236006,558.54529265,558.53368435,0.03667014,1460.34941223,0.01998540,0.01998540,28274,86,0
7068.72221384,7068.72239061,565.58166293,565.57668612,0.03601028,1460.64616269,0.01998540,0.01998540,28273,86,0
7068.97241569,7068.97243885,572.62380855,572.62315605,0.03704600,1460.94217621,0.01998540,0.01998540,28272,86,0
7069.22198257,7069.22250478,579.67126101,579.65653918,0.05209136,1461.23675919,0.01998540,0.01998540,28271,86,0
7069.47248913,7069.47258840,586.72355062,586.72075065,0.04165985,1461.53174767,0.01998540,0.01998540,28270,86,0
7069.72225285,7069.72268970,593.78046494,593.76813477,0.05024654,1461.82514903,0.01998540,0.01998540,28269,86,0
7069.97161907,7069.97280870,600.84238252,600.80878286,0.05426775,1462.11738790,0.01998540,0.01998540,28268,86,0
7070.22284362,7070.22294539,607.90976590,607.90688938,0.06004110,1462.41111929,0.01998540,0.01998540,28267,86,0
7070.47333866,7070.47309978,614.98307985,614.98983715,0.06079681,1462.70333026,0.01998540,0.01998540,28266,86,0
7070.72301941,7070.72327187,622.06278643,622.05563895,0.05249470,1462.99394497,0.01998540,0.01998540,28265,86,0
7070.97453916,7070.97346166,629.14903263,629.17956382,0.04998874,1463.28605150,0.01998540,0.01998540,28264,86,0
7071.22359425,7071.22366915,636.24146208,636.23933831,0.04296329,1463.57463740,0.01998540,0.01998540,28263,86,0
7071.47414152,7071.47389434,643.33967190,643.34668630,0.04301820,1463.86427284,0.01998540,0.01998540,28262,86,0
7071.72330070,7071.72413724,650.44325720,650.41950303,0.03982562,1464.15160950,0.01998540,0.01998540,28261,86,0
7071.97485112,7071.97439784,657.55182676,657.56470595,0.04458604,1464.44098382,0.01998540,0.01998540,28260,86,0
7072.22480662,7072.22467616,664.66539220,664.66910157,0.04234499,1464.72780564,0.01998540,0.01998540,28259,86,0
7072.47440194,7072.47497219,671.78439685,671.76817188,0.04753180,1465.01351623,0.01998540,0.01998540,28258,86,0
7072.72477670,7072.72528592,678.90930714,678.89480692,0.05237969,1465.29943514,0.01998540,0.01998540,28257,86,0
7072.97559972,7072.97561738,686.04059183,686.04008865,0.06242212,1465.58519583,0.01998540,0.01998540,28256,86,0
7073.22563413,7073.22596655,693.17868067,693.16919817,0.05177530,1465.86940537,0.01998540,0.01998540,28255,86,0
7073.47644813,7073.47633344,700.32348764,700.32676184,0.04288142,1466.15384054,0.01998540,0.01998540,28254,86,0
7073.72632712,7073.72671805,707.47457301,707.46340340,0.03673287,1466.43653778,0.01998540,0.01998540,28253,86,0
7073.97668864,7073.97712039,714.63148807,714.61914383,0.04203985,1466.71908280,0.01998540,0.01998540,28252,86,0
7074.22719710,7074.22754044,721.79378186,721.78395855,0.03847665,1467.00107445,0.01998540,0.01998540,28251,86,0
7074.47812853,7074.47797823,728.96108258,728.96538540,0.05799179,1467.28280454,0.01998540,0.01998540,28250,86,0
7074.72862300,7074.72843374,736.13355444,736.13897616,0.05287681,1467.56331232,0.01998540,0.01998540,28249,86,0
7074.97872665,7074.97890698,743.31158066,743.30641070,0.04661655,1467.84266619,0.01998540,0.01998540,28248,86,0
7075.22947718,7075.22939796,750.49554699,750.49781978,0.04549902,1468.12203715,0.01998540,0.01998540,28247,86,0
7075.47989820,7075.47990667,757.68584108,757.68559785,0.04755438,1468.40034893,0.01998540,0.01998540,28246,86,0
7075.73047228,7075.73043311,764.88274446,764.88387015,0.06020256,1468.67814719,0.01998540,0.01998540,28245,86,0
7075.98083846,7075.98097729,772.08616095,772.08216760,0.05815584,1468.95502593,0.01998540,0.01998540,28244,86,0
7076.23197759,7076.23153922,779.29591082,779.30852972,0.03843551,1469.23205832,0.01998540,0.01998540,28243,86,0
7076.48277679,7076.48211888,786.51181341,786.53076649,0.03444523,1469.50800576,0.01998540,0.01998540,28242,86,0
7076.73199531,7076.73271628,793.73368806,793.71290292,0.04565156,1469.78150224,0.01998540,0.01998540,28241,86,0
7076.98444678,7076.98333143,800.96144451,800.99362331,0.05803983,1470.05781766,0.01998540,0.01998540,28240,86,0
7077.23398473,7077.23396433,808.19515932,808.19574832,0.04349799,1470.33022397,0.01998540,0.01998540,28239,86,0
7077.48495026,7077.48461498,815.43492726,815.44461528,0.03731578,1470.60346799,0.01998540,0.01998540,28238,86,0
7077.73525822,7077.73528338,822.68084360,822.68011608,0.04525989,1470.87527758,0.01998540,0.01998540,28237,86,0
7077.98586880,7077.98596953,829.93300154,829.93008647,0.06287153,1471.14669825,0.01998540,0.01998540,28236,86,0
7078.23742093,7078.23667343,837.19144154,837.21309194,0.04497001,1471.41841590,0.01998540,0.01998540,28235,86,0
7078.48769561,7078.48739509,844.45615353,844.46486454,0.03579407,1471.68803248,0.01998540,0.01998540,28234,86,0
7078.73805479,7078.73813451,851.72712536,851.72481267,0.04767775,1471.95701769,0.01998540,0.01998540,28233,86,0
7078.98859037,7078.98889169,859.00434478,858.99559662,0.06129083,1472.22546645,0.01998540,0.01998540,28232,86,0
7079.23983499,7079.23966663,866.28781826,866.29270989,0.04524777,1472.49394365,0.01998540,0.01998540,28231,86,0
7079.49061110,7079.49045934,873.57769838,873.58211132,0.04012731,1472.76119325,0.01998540,0.01998540,28230,86,0
7079.74132325,7079.74126981,880.87420692,880.87576216,0.06462048,1473.02765451,0.01998540,0.01998540,28229,86,0
7079.99223903,7079.99209805,888.17756718,888.18167384,0.04708326,1473.29361695,0.01998540,0.01998540,28228,86,0
7080.24293182,7080.24294406,895.48800355,895.48764674,0.03331446,1473.55863409,0.01998540,0.01998540,28227,86,0
7080.49331650,7080.49380784,902.80560113,902.79126247,0.04814490,1473.82261870,0.01998540,0.01998540,28226,86,0
7080.74503408,7080.74468940,910.12998830,910.14005527,0.05935135,1474.08728057,0.01998540,0.01998540,28225,86,0
7080.99627789,7080.99558873,917.46069870,917.48084199,0.03038367,1474.35069712,0.01998540,0.01998540,28224,86,0
7081.24642953,7081.24650583,924.79726352,924.79503173,0.05540412,1474.61220804,0.01998540,0.01998540,28223,86,0
7081.49750229,7081.49744072,932.13921989,932.14102193,0.05070627,1474.87390030,0.01998540,0.01998540,28222,86,0
7081.74880449,7081.74839338,939.48648802,939.49852821,0.03736723,1475.13504284,0.01998540,0.01998540,28221,86,0
7081.99960548,7081.99936383,946.83952517,946.84660766,0.05899044,1475.39489199,0.01998540,0.01998540,28220,86,0
7082.25046777,7082.25035207,954.19883084,954.20222470,0.04723704,1475.65404804,0.01998540,0.01998540,28219,86,0
7082.50114014,7082.50135809,961.56490713,961.55850821,0.03864604,1475.91226736,0.01998540,0.01998540,28218,86,0
7082.75250601,7082.75238190,968.93820854,968.94185566,0.05830978,1476.17047114,0.01998540,0.01998540,28217,86,0
7083.00283428,7083.00342350,976.31866685,976.30133661,0.03362356,1476.42687770,0.01998540,0.01998540,28216,86,0
7083.25452361,7083.25448289,983.70590060,983.70709925,0.04190793,1476.68392666,0.01998540,0.01998540,28215,86,0
7083.50579145,7083.50556008,991.09952211,991.10633792,0.05163913,1476.93977739,0.01998540,0.01998540,28214,86,0
7083.75643235,7083.75665506,998.49914165,998.49257632,0.03651436,1477.19420983,0.01998540,0.01998540,28213,86,0
7084.00715496,7084.00776784,1005.90449652,1005.88641609,0.05351352,1477.44793476,0.01998540,0.01998540,28212,86,0
7084.25872978,7084.25889842,1013.31578270,1013.31080404,0.04049718,1477.70173212,0.01998540,0.01998540,28211,86,0
7084.50996430,7084.51004680,1020.73329960,1020.73086188,0.04995687,1477.95440449,0.01998540,0.01998540,28210,86,0
7084.76124457,7084.76121299,1028.15734821,1028.15828224,0.05192954,1478.20634948,0.01998540,0.01998540,28209,86,0
7085.01175161,7085.01239698,1035.58822606,1035.56912555,0.02730402,1478.45675689,0.01998540,0.01998540,28208,86,0
7085.26380618,7085.26359878,1043.02603488,1043.03217849,0.05432048,1478.70794397,0.01998540,0.01998540,28207,86,0
7085.51479690,7085.51481839,1050.47062056,1050.46998368,0.03625939,1478.95729839,0.01998540,0.01998540,28206,86,0
7085.76610943,7085.76605580,1057.92181100,1057.92340213,0.05838089,1479.20619199,0.01998540,0.01998540,28205,86,0
7086.01728479,7086.01731104,1065.37943316,1065.37865391,0.04126956,1479.45416119,0.01998540,0.01998540,28204,86,0
7086.26782586,7086.26858408,1072.84333310,1072.82080205,0.04902624,1479.70071144,0.01998540,0.01998540,28203,86,0
7086.51956666,7086.51987495,1080.31351391,1080.30434587,0.03695336,1479.94764266,0.01998540,0.01998540,28202,86,0
7086.77087909,7086.77118363,1087.79005342,1087.78098960,0.05036855,1480.19335444,0.01998540,0.01998540,28201,86,0
7087.02193433,7087.02251014,1095.27303034,1095.25587954,0.04155041,1480.43801767,0.01998540,0.01998540,28200,86,0
7087.27404563,7087.27385446,1102.76252398,1102.76822280,0.05416304,1480.68290858,0.01998540,0.01998540,28199,86,0
7087.52566738,7087.52521661,1110.25867344,1110.27212192,0.04725478,1480.92652522,0.01998541,0.01998540,28198,86,0
7087.77688194,7087.77659659,1117.76175882,1117.77027971,0.04311412,1481.16895821,0.01998540,0.01998540,28197,86,0
7088.02867073,7088.02799440,1125.27208191,1125.29229615,0.05680705,1481.41116101,0.01998541,0.01998540,28196,86,0
7088.27951249,7088.27941003,1132.78994615,1132.79301130,0.05308489,1481.65167903,0.01998540,0.01998540,28195,86,0
7088.53085717,7088.53084350,1140.31562867,1140.31603813,0.03728248,1481.89191060,0.01998540,0.01998540,28194,86,0
7088.78271337,7088.78229480,1147.84898759,1147.86153337,0.05300722,1482.13185178,0.01998540,0.01998540,28193,86,0
7089.03437595,7089.03376394,1155.38955524,1155.40791474,0.03114728,1482.37081165,0.01998541,0.01998540,28192,86,0
7089.28477974,7089.28525091,1162.93685296,1162.92270735,0.05357024,1482.60776804,0.01998540,0.01998540,28191,86,0
7089.53667589,7089.53675573,1170.49039942,1170.48800085,0.03018333,1482.84530566,0.01998540,0.01998540,28190,86,0
7089.78856684,7089.78827838,1178.04989689,1178.05856964,0.05566267,1483.08199332,0.01998540,0.01998540,28189,86,0
7090.03958364,7090.03981888,1185.61571433,1185.60863585,0.03508716,1483.31702820,0.01998540,0.01998540,28188,86,0
7090.29094735,7090.29137723,1193.18837259,1193.17542636,0.05359906,1483.55156998,0.01998540,0.01998540,28187,86,0
7090.54345982,7090.54295342,1200.76839537,1200.78366031,0.05603234,1483.78637316,0.01998541,0.01998540,28186,86,0
7090.79490569,7090.79454746,1208.35629194,1208.36710112,0.03546225,1484.01939026,0.01998540,0.01998540,28185,86,0
7091.04635575,7091.04615936,1215.95216214,1215.95809379,0.05415367,1484.25161864,0.01998540,0.01998540,28184,86,0
7091.29758169,7091.29778910,1223.55568659,1223.54941646,0.03099721,1484.48283583,0.01998540,0.01998540,28183,86,0
7091.54921725,7091.54943670,1231.16652522,1231.15988530,0.05027457,1484.71361102,0.01998540,0.01998540,28182,86,0
7091.80123009,7091.80110216,1238.78433607,1238.78821005,0.05102443,1484.94389763,0.01998540,0.01998540,28181,86,0
7092.05289741,7092.05278548,1246.40885748,1246.41224971,0.03050331,1485.17302454,0.01998540,0.01998540,28180,86,0
7092.30423344,7092.30448665,1254.04018754,1254.03250711,0.05050370,1485.40100854,0.01998540,0.01998540,28179,86,0
7092.55565061,7092.55620569,1261.67852394,1261.66167301,0.03427467,1485.62822830,0.01998540,0.01998540,28178,86,0
7092.80787214,7092.80794259,1269.32406551,1269.32192473,0.05372511,1485.85533624,0.01998540,0.01998540,28177,86,0
7093.05987498,7093.05969736,1276.97700778,1276.98240952,0.04638774,1486.08141132,0.01998541,0.01998541,28176,86,0
7093.31111783,7093.31147000,1284.63742788,1284.62670803,0.03531221,1486.30597225,0.01998540,0.01998541,28175,86,0
7093.56306030,7093.56326051,1292.30527200,1292.29917241,0.05074241,1486.53031951,0.01998540,0.01998541,28174,86,0
7093.81445763,7093.81506889,1299.98047928,1299.96183987,0.04233411,1486.75333935,0.01998540,0.01998541,28173,86,0
7094.06689875,7094.06689514,1307.66298848,1307.66309856,0.05177028,1486.97643425,0.01998541,0.01998541,28172,86,0
7094.31887609,7094.31873927,1315.35273498,1315.35691440,0.02982127,1487.19826432,0.01998541,0.01998541,28171,86,0
7094.57030144,7094.57060128,1323.04964072,1323.04047388,0.04582217,1487.41875211,0.01998540,0.01998541,28170,86,0
7094.82234260,7094.82248116,1330.75362374,1330.74938403,0.05018500,1487.63891632,0.01998541,0.01998541,28169,86,0
7095.07410504,7095.07437893,1338.46460155,1338.45621385,0.05718993,1487.85796881,0.01998540,0.01998541,28168,86,0
7095.32706702,7095.32629458,1346.18249978,1346.20617468,0.03927814,1488.07718624,0.01998541,0.01998541,28167,86,0
7095.57801302,7095.57822812,1353.90743109,1353.90083288,0.04977196,1488.29378680,0.01998541,0.01998541,28166,86,0
7095.83000804,7095.83017954,1361.63969089,1361.63442527,0.04938676,1488.51042661,0.01998541,0.01998541,28165,86,0
7096.08195782,7096.08214885,1369.37958382,1369.37371295,0.03264350,1488.72616541,0.01998541,0.01998541,28164,86,0
7096.33430864,7096.33413606,1377.12741623,1377.13272512,0.04999754,1488.94138909,0.01998541,0.01998541,28163,86,0
7096.58639429,7096.58614115,1384.88338469,1384.89117931,0.04077988,1489.15553112,0.01998541,0.01998541,28162,86,0
7096.83753586,7096.83816414,1392.64731772,1392.62795344,0.05368032,1489.36801311,0.01998540,0.01998541,28161,86,0
7097.08986928,7097.09020503,1400.41896649,1400.40860892,0.02523021,1489.58063108,0.01998541,0.01998541,28160,86,0
7097.34547221,7097.34226382,0.00000000,1408.29991980,0.10188653,1489.79517773,0.01998542,0.01998541,28159,86,1
7097.59339257,7097.59434051,1415.98442072,1415.95512771,0.06240823,1490.00225143,0.01998540,0.01998541,28158,86,0
7097.84678942,7097.84643510,1423.77790494,1423.78886355,0.05034490,1490.21307992,0.01998541,0.01998541,28157,86,0
7098.09810932,7098.09854759,1431.57856326,1431.56499700,0.05141249,1490.42128336,0.01998540,0.01998541,28156,86,0
7098.35069935,7098.35067799,1439.38642803,1439.38708977,0.03209640,1490.62963701,0.01998541,0.01998541,28155,86,0
7098.60306802,7098.60282630,1447.20153269,1447.20902803,0.05151059,1490.83690310,0.01998541,0.01998541,28154,86,0
7098.85564313,7098.85499251,1455.02405018,1455.04424224,0.04875147,1491.04343481,0.01998541,0.01998541,28153,86,0
7099.10729054,7099.10717664,1462.85444449,1462.85798261,0.04839056,1491.24831787,0.01998541,0.01998541,28152,86,0
7099.35951024,7099.35937869,1470.69321855,1470.69730946,0.05461651,1491.45278543,0.01998541,0.01998541,28151,86,0
7099.61149796,7099.61159865,1478.54087825,1478.53774361,0.05385915,1491.65619348,0.01998541,0.01998541,28150,86,0
7099.86400063,7099.86383653,1486.39780679,1486.40292128,0.03443066,1491.85914986,0.01998541,0.01998541,28149,86,0
7100.11592878,7100.11609232,1494.26355707,1494.25845505,0.04419815,1492.06076409,0.01998541,0.01998541,28148,86,0
7100.36829108,7100.36836604,1502.13734061,1502.13500002,0.04110365,1492.26182062,0.01998541,0.01998541,28147,86,0
7100.62130949,7100.62065768,1510.01836319,1510.03873224,0.04865850,1492.46246700,0.01998541,0.01998541,28146,86,0
7100.87284373,7100.87296725,1517.90585097,1517.90198819,0.04463288,1492.66098834,0.01998541,0.01998541,28145,86,0
7101.12478252,7101.12529474,1525.79971902,1525.78368824,0.04908815,1492.85887681,0.01998541,0.01998541,28144,86,0
7101.37753464,7101.37764017,1533.70064616,1533.69734058,0.04558586,1493.05646104,0.01998541,0.01998541,28143,86,0
7101.62960462,7101.63000352,1541.60935462,1541.59684752,0.05502812,1493.25258636,0.01998541,0.01998541,28142,86,0
7101.88238988,7101.88238481,1549.52657072,1549.52673004,0.04622408,1493.44835473,0.01998541,0.01998541,28141,86,0
7102.13494890,7102.13478403,1557.45277013,1557.45795027,0.02727663,1493.64304264,0.01998541,0.01998541,28140,86,0
7102.38709706,7102.38720119,1565.38769637,1565.38442131,0.05751900,1493.83650142,0.01998541,0.01998541,28139,86,0
7102.63960135,7102.63963629,1573.33095973,1573.32986003,0.03324770,1494.02930693,0.01998541,0.01998541,28138,86,0
7102.89218077,7102.89208932,1581.28216805,1581.28504966,0.04474917,1494.22122949,0.01998541,0.01998541,28137,86,0
7103.14415070,7103.14456030,1589.24098009,1589.22806219,0.04685690,1494.41174061,0.01998541,0.01998541,28136,86,0
7103.39663875,7103.39704923,1597.20747660,1597.19451934,0.04658083,1494.60169230,0.01998541,0.01998541,28135,86,0
7103.64961336,7103.64955610,1605.18194158,1605.18375084,0.04895158,1494.79105883,0.01998541,0.01998541,28134,86,0
7103.90202162,7103.90208092,1613.16466197,1613.16278639,0.04781533,1494.97905608,0.01998541,0.01998541,28133,86,0
7104.15499545,7104.15462369,1621.15591885,1621.16768840,0.04653334,1495.16653040,0.01998541,0.01998541,28132,86,0
7104.40692806,7104.40718441,1629.15578552,1629.14766167,0.05011368,1495.35229202,0.01998541,0.01998541,28131,86,0
7104.65973213,7104.65976309,1637.16410474,1637.16312258,0.04596028,1495.53774509,0.01998541,0.01998541,28130,86,0
7104.91221420,7104.91235972,1645.18070637,1645.17608595,0.04294100,1495.72200378,0.01998541,0.01998541,28129,86,0
7105.16463794,7105.16497431,1653.20541954,1653.19472933,0.04509770,1495.90525547,0.01998541,0.01998541,28128,86,0
7105.41774940,7105.41760686,1661.23818253,1661.24271716,0.04880193,1496.08803352,0.01998541,0.01998541,28127,86,0
7105.67049019,7105.67025737,1669.27920301,1669.28661652,0.04673106,1496.26957326,0.01998541,0.01998541,28126,86,0
7105.92292672,7105.92292584,1677.32873037,1677.32875824,0.05196246,1496.44992857,0.01998541,0.01998541,28125,86,0
7106.17523031,7106.17561228,1685.38701555,1685.37482808,0.04670843,1496.62922651,0.01998541,0.01998541,28124,86,0
7106.42834334,7106.42831669,1693.45425070,1693.45510190,0.05135507,1496.80813361,0.01998541,0.01998541,28123,86,0
7106.68167109,7106.68103906,1701.53029392,1701.55050106,0.05042120,1496.98621689,0.01998541,0.01998541,28122,86,0
7106.93367224,7106.93377941,1709.61488661,1709.61145662,0.04558757,1497.16239008,0.01998541,0.01998541,28121,86,0
7107.18656842,7107.18653773,1717.70776844,1717.70875159,0.04600261,1497.33819976,0.01998541,0.01998541,28120,86,0
7107.43922294,7107.43931403,1725.80869952,1725.80577912,0.04068923,1497.51284341,0.01998541,0.01998541,28119,86,0
7107.69179089,7107.69210830,1733.91772911,1733.90754253,0.04339964,1497.68642798,0.01998541,0.01998541,28118,86,0
7107.94500728,7107.94492055,1742.03511130,1742.03789734,0.04011227,1497.85945743,0.01998541,0.01998541,28117,86,0
7108.19763581,7108.19775078,1750.16110604,1750.15740878,0.04675274,1498.03108872,0.01998541,0.01998541,28116,86,0
7108.44980543,7108.45059900,1758.29597147,1758.27042690,0.04099008,1498.20141754,0.01998541,0.01998541,28115,86,0
7108.70375199,7108.70346520,1766.43983144,1766.44907267,0.05277354,1498.37194528,0.01998541,0.01998541,28114,86,0
7108.95622212,7108.95634938,1774.59263206,1774.58852690,0.04198580,1498.54048072,0.01998541,0.01998541,28113,86,0
7109.20839195,7109.20925156,1782.75430695,1782.72655146,0.04644523,1498.70781457,0.01998541,0.01998541,28112,86,0
7109.46188779,7109.46217172,1790.92478928,1790.91561227,0.04082258,1498.87501489,0.01998541,0.01998541,28111,86,0
7109.71487283,7109.71510988,1799.10401526,1799.09634588,0.04134492,1499.04086039,0.01998541,0.01998541,28110,86,0
7109.96771948,7109.96806603,1807.29192901,1807.28070605,0.04011747,1499.20559444,0.01998541,0.01998541,28109,86,0
7110.22099178,7110.22104018,1815.48847550,1815.48690651,0.05730816,1499.36957811,0.01998541,0.01998541,28108,86,0
7110.47386097,7110.47403233,1823.69359926,1823.68803916,0.04392398,1499.53227008,0.01998541,0.01998541,28107,86,0
7110.72715829,7110.72704247,1831.90727865,1831.91104053,0.04193437,1499.69420104,0.01998541,0.01998541,28106,86,0
7110.97963717,7110.98007062,1840.12963836,1840.11554598,0.04659659,1499.85457539,0.01998541,0.01998541,28105,86,0
7111.23283666,7111.23311677,1848.36084316,1848.35172691,0.05185216,1500.01437099,0.01998541,0.01998541,28104,86,0
7111.48632718,7111.48618093,1856.60105885,1856.60582358,0.05575974,1500.17331003,0.01998541,0.01998541,28103,86,0
7111.73929316,7111.73926309,1864.85045330,1864.85143399,0.03947224,1500.33088209,0.01998541,0.01998541,28102,86,0
7111.99231000,7111.99236326,1873.10920310,1873.10746414,0.04226538,1500.48744802,0.01998541,0.01998541,28101,86,0
7112.24473641,7112.24548145,1881.37748945,1881.35313889,0.04309395,1500.64261386,0.01998541,0.01998541,28100,86,0
7112.49823425,7112.49861765,1889.65549472,1889.64294995,0.05592750,1500.79739762,0.01998541,0.01998541,28099,86,0
7112.75199450,7112.75177186,1897.94337397,1897.95066677,0.04187036,1500.95129591,0.01998541,0.01998541,28098,86,0
7113.00494860,7113.00494410,1906.24090994,1906.24105766,0.04506540,1501.10365595,0.01998541,0.01998541,28097,86,0
7113.25774631,7113.25813435,1914.54762104,1914.53488390,0.05252558,1501.25486236,0.01998541,0.01998541,28096,86,0
7113.51102956,7113.51134262,1922.86301696,1922.85273119,0.03562570,1501.40528439,0.01998541,0.01998541,28095,86,0
7113.76440422,7113.76456891,1931.18662684,1931.18121103,0.04383613,1501.55467229,0.01998541,0.01998541,28094,86,0
7114.01784941,7114.01781323,1939.51852267,1939.51971349,0.05054313,1501.70301056,0.01998541,0.01998541,28093,86,0
7114.27102093,7114.27107558,1947.85933605,1947.85753542,0.03563507,1501.85010673,0.01998541,0.01998541,28092,86,0
7114.52396781,7114.52435595,1956.20972812,1956.19692431,0.04137176,1501.99600027,0.01998541,0.01998541,28091,86,0
7114.77745888,7114.77765436,1964.57035374,1964.56389758,0.04854550,1502.14113988,0.01998541,0.01998541,28090,86,0
7115.03103071,7115.03097080,1972.94136302,1972.94334392,0.03967904,1502.28525455,0.01998541,0.01998541,28089,86,0
7115.28438146,7115.28430527,1981.32218556,1981.32470744,0.05035586,1502.42815953,0.01998541,0.01998541,28088,86,0
7115.53786916,7115.53765778,1989.71219227,1989.71919558,0.04188796,1502.57004258,0.01998541,0.01998541,28087,86,0
7115.79102329,7115.79102833,1998.11075270,1998.11058558,0.03622517,1502.71062728,0.01998541,0.01998541,28086,86,0
7116.04423883,7116.04441692,2006.51754884,2006.51163753,0.05043975,1502.85012593,0.01998541,0.01998541,28085,86,0
7116.29760643,7116.29782355,2014.93285547,2014.92564157,0.03701430,1502.98858813,0.01998541,0.01998541,28084,86,0
7116.55120000,7116.55124823,2023.35701484,2023.35541093,0.04953098,1503.12605376,0.01998541,0.01998541,28083,86,0
7116.80476573,7116.80469095,2031.79037153,2031.79286137,0.03927364,1503.26238576,0.01998541,0.01998541,28082,86,0
7117.05776419,7117.05815172,2040.23328187,2040.22036626,0.03849877,1503.39729982,0.01998541,0.01998541,28081,86,0
7117.31108132,7117.31163054,2048.68612704,2048.66780176,0.05137647,1503.53127198,0.01998541,0.01998541,28080,86,0
7117.56542956,7117.56512741,2057.14929412,2057.15938775,0.03510542,1503.66467199,0.01998541,0.01998541,28079,86,0
7117.81873184,7117.81864233,2065.62317263,2065.62616637,0.04907328,1503.79641219,0.01998541,0.01998541,28078,86,0
7118.07190309,7118.07217531,2074.10799872,2074.09888276,0.03885682,1503.92697521,0.01998541,0.01998541,28077,86,0
7118.32546188,7118.32572635,2082.60355917,2082.59469240,0.04596704,1504.05661888,0.01998541,0.01998541,28076,86,0
7118.57885505,7118.57929545,2091.10955825,2091.09477650,0.03452613,1504.18504987,0.01998541,0.01998541,28075,86,0
7118.83248138,7118.83288261,2099.62569811,2099.61221642,0.04919554,1504.31246094,0.01998541,0.01998541,28074,86,0
7119.08588233,7119.08648783,2108.15173149,2108.13136387,0.03593785,1504.43861371,0.01998541,0.01998541,28073,86,0
7119.34039897,7119.34011112,2116.68758457,2116.69727764,0.05161756,1504.56416442,0.01998541,0.01998541,28072,86,0
7119.59357401,7119.59375248,2125.23321940,2125.22720335,0.05457427,1504.68789771,0.01998541,0.01998541,28071,86,0
7119.84752128,7119.84741190,2133.78859768,2133.79228865,0.04099652,1504.81084581,0.01998541,0.01998541,28070,86,0
7120.10162888,7120.10108940,2142.35374271,2142.37196780,0.04707654,1504.93270221,0.01998541,0.01998541,28069,86,0
7120.35469849,7120.35478497,2150.92890218,2150.92597739,0.03380174,1505.05289755,0.01998541,0.01998541,28068,86,0
7120.60843210,7120.60849861,2159.51437629,2159.51212413,0.04565405,1505.17224264,0.01998541,0.01998541,28067,86,0
7120.86207665,7120.86223033,2168.11046733,2168.10525756,0.03676509,1505.29037896,0.01998541,0.01998541,28066,86,0
7121.11568895,7121.11598013,2176.71739539,2176.70751305,0.05084839,1505.40733220,0.01998541,0.01998541,28065,86,0
7121.36941988,7121.36974801,2185.33506740,2185.32391796,0.04945858,1505.52316539,0.01998541,0.01998541,28064,86,0
7121.62327732,7121.62353398,2193.96331619,2193.95458543,0.03717380,1505.63787355,0.01998541,0.01998541,28063,86,0
7121.87709602,7121.87733803,2202.60197334,2202.59373149,0.04501063,1505.75137458,0.01998541,0.01998541,28062,86,0
7122.13139276,7122.13116016,2211.25086406,2211.25879394,0.04862332,1505.86388969,0.01998541,0.01998541,28061,86,0
7122.38532984,7122.38500039,2219.90979383,2219.92103810,0.03546172,1505.97504044,0.01998541,0.01998541,28060,86,0
7122.63856450,7122.63885870,2228.57856246,2228.56851095,0.04802614,1506.08467750,0.01998541,0.01998541,28059,86,0
7122.89269746,7122.89273511,2237.25696831,2237.25568080,0.04751627,1506.19348568,0.01998541,0.01998541,28058,86,0
7123.14621034,7123.14662961,2245.94493881,2245.93058430,0.03933880,1506.30080784,0.01998541,0.01998541,28057,86,0
7123.40003870,7123.40054221,2254.64283680,2254.62557951,0.04930967,1506.40704246,0.01998541,0.01998541,28056,86,0
7123.65464470,7123.65447290,2263.35111860,2263.35701355,0.04449644,1506.51237621,0.01998541,0.01998541,28055,86,0
7123.90803832,7123.90842170,2272.07024367,2272.05707272,0.03897731,1506.61598983,0.01998541,0.01998541,28054,86,0
7124.16146241,7124.16238860,2280.80055227,2280.76869480,0.05338182,1506.71839926,0.01998541,0.01998541,28053,86,0
7124.41594230,7124.41637360,2289.54203092,2289.52717784,0.04792800,1506.82000589,0.01998541,0.01998541,28052,86,0
7124.67038915,7124.67037671,2298.29460174,2298.29503084,0.04975302,1506.92036174,0.01998541,0.01998541,28051,86,0
7124.92447838,7124.92439792,2307.05818602,2307.06096352,0.03513985,1507.01933582,0.01998541,0.01998541,28050,86,0
7125.17839069,7125.17843725,2315.83265715,2315.83104803,0.04926851,1507.11699617,0.01998541,0.01998541,28049,86,0
7125.43277858,7125.43249469,2324.61777405,2324.62759634,0.04440314,1507.21358410,0.01998541,0.01998541,28048,86,0
7125.68642646,7125.68657024,2333.41327706,2333.40829726,0.04850586,1507.30863253,0.01998541,0.01998541,28047,86,0
7125.94033265,7125.94066390,2342.21890729,2342.20742158,0.04891188,1507.40251180,0.01998541,0.01998541,28046,86,0
7126.19493506,7126.19477569,2351.03470376,2351.04023591,0.05076085,1507.49537262,0.01998541,0.01998541,28045,86,0
7126.44861059,7126.44890559,2359.86127413,2359.85102170,0.03618402,1507.58662646,0.01998541,0.01998541,28044,86,0
7126.70291038,7126.70305362,2368.69929389,2368.69430960,0.04971552,1507.67683561,0.01998541,0.01998541,28043,86,0
7126.95722937,7126.95721977,2377.54943398,2377.54976876,0.04506579,1507.76578220,0.01998541,0.01998541,28042,86,0
7127.21105508,7127.21140404,2386.41190299,2386.39972825,0.04185755,1507.85328714,0.01998541,0.01998541,28041,86,0
7127.46570586,7127.46560644,2395.28624172,2395.28971448,0.04983896,1507.93979244,0.01998541,0.01998541,28040,86,0
7127.71964779,7127.71982697,2404.17193588,2404.16566925,0.04945906,1508.02476593,0.01998541,0.01998541,28039,86,0
7127.97423246,7127.97406563,2413.06848055,2413.07432139,0.04635578,1508.10865055,0.01998541,0.01998541,28038,86,0
7128.22860193,7128.22832243,2421.97569409,2421.98549124,0.05324550,1508.19115377,0.01998541,0.01998541,28037,86,0
7128.48271490,7128.48259736,2430.89373256,2430.89785751,0.03941248,1508.27226247,0.01998541,0.01998541,28036,86,0
7128.73659628,7128.73689043,2439.82276884,2439.81243453,0.04928518,1508.35198505,0.01998541,0.01998541,28035,86,0
7128.99123326,7128.99120163,2448.76299069,2448.76410334,0.04779045,1508.43062410,0.01998541,0.01998541,28034,86,0
7129.24509764,7129.24553098,2457.71476921,2457.69950733,0.05021741,1508.50770594,0.01998541,0.01998541,28033,86,0
7129.49945435,7129.49987847,2466.67860833,2466.66365144,0.03825242,1508.58361582,0.01998541,0.01998541,28032,86,0
7129.75434737,7129.75424410,2475.65501861,2475.65866546,0.04664083,1508.65835756,0.01998541,0.01998541,28031,86,0
7130.00878835,7130.00862788,2484.64440154,2484.65007577,0.04001380,1508.73163817,0.01998541,0.01998541,28030,86,0
7130.26317612,7130.26302981,2493.64629791,2493.65147822,0.04149784,1508.80356692,0.01998541,0.01998541,28029,86,0
7130.51736096,7130.51744989,2502.65984609,2502.65669355,0.04261186,1508.87409110,0.01998541,0.01998541,28028,86,0
7130.77124811,7130.77188813,2511.68417551,2511.66146366,0.04340084,1508.94317653,0.01998541,0.01998541,28027,86,0
7131.02599081,7131.02634451,2520.71864872,2520.70608375,0.04156569,1509.01112289,0.01998541,0.01998541,28026,86,0
7131.28057034,7131.28081906,2529.76367538,2529.75483013,0.04982495,1509.07765125,0.01998541,0.01998541,28025,86,0
7131.53525419,7131.53531176,2538.81995660,2538.81790659,0.04585783,1509.14283214,0.01998541,0.01998541,28024,86,0
7131.78936086,7131.78982262,2547.88819818,2547.87173507,0.05000048,1509.20649476,0.01998541,0.01998541,28023,86,0
7132.04451868,7132.04435164,2556.96885992,2556.97482284,0.05470704,1509.26904082,0.01998542,0.01998541,28022,86,0
7132.29900568,7132.29889883,2566.06179161,2566.06561091,0.04755978,1509.33003842,0.01998542,0.01998541,28021,86,0
7132.55368795,7132.55346419,2575.16674996,2575.17475802,0.04385871,1509.38969177,0.01998542,0.01998541,28020,86,0
7132.80800288,7132.80804771,2584.28349403,2584.28188779,0.03978782,1509.44786345,0.01998541,0.01998541,28019,86,0
7133.06248964,7133.06264940,2593.41196364,2593.40623219,0.04253712,1509.50467260,0.01998541,0.01998541,28018,86,0
7133.31747963,7133.31726927,2602.55234419,2602.55990045,0.04022965,1509.56018328,0.01998542,0.01998541,28017,86,0
7133.57171894,7133.57190730,2611.70483988,2611.69806513,0.04498909,1509.61412026,0.01998541,0.01998542,28016,86,0
7133.82642135,7133.82656352,2620.86965745,2620.86453749,0.04952789,1509.66673898,0.01998541,0.01998542,28015,86,0
7134.08129215,7134.08123791,2630.04701873,2630.04897457,0.05114302,1509.71796878,0.01998541,0.01998542,28014,86,0
7134.33586841,7134.33593048,2639.23715708,2639.23491595,0.04169907,1509.76771305,0.01998541,0.01998542,28013,86,0
7134.59110744,7134.59064124,2648.44030789,2648.45716400,0.03841296,1509.81615098,0.01998542,0.01998542,28012,86,0
7134.84512042,7134.84537017,2657.65665899,2657.64761640,0.04556084,1509.86292374,0.01998541,0.01998542,28011,86,0
7135.09992925,7135.10011729,2666.88611485,2666.87929766,0.05137967,1509.90840062,0.01998541,0.01998542,28010,86,0
7135.35507432,7135.35488260,2676.12847717,2676.13543695,0.05094583,1509.95248286,0.01998542,0.01998542,28009,86,0
7135.60947784,7135.60966610,2685.38354611,2685.37670291,0.04248334,1509.99498075,0.01998541,0.01998542,28008,86,0
7135.86481661,7135.86446779,2694.65123522,2694.66393065,0.04503769,1510.03616637,0.01998542,0.01998542,28007,86,0
7136.11996802,7136.11928768,2703.93175014,2703.95654449,0.04537423,1510.07584707,0.01998542,0.01998542,28006,86,0
7136.37418649,7136.37412576,2713.22534401,2713.22756028,0.04783131,1510.11391160,0.01998542,0.01998542,28005,86,0
7136.62862014,7136.62898203,2722.53226165,2722.51903675,0.03860776,1510.15053287,0.01998541,0.01998542,28004,86,0
7136.88402558,7136.88385651,2731.85244235,2731.85862912,0.05146800,1510.18580288,0.01998542,0.01998542,28003,86,0
7137.13875475,7137.13874919,2741.18547198,2741.18567574,0.04370631,1510.21948370,0.01998542,0.01998542,28002,86,0
7137.39369404,7137.39366007,2750.53091349,2750.53215983,0.04064863,1510.25168907,0.01998542,0.01998542,28001,86,0
7137.64878829,7137.64858915,2759.88840400,2759.89571814,0.05269015,1510.28240173,0.01998542,0.01998542,28000,86,0
7137.90394294,7137.90353644,2769.25823340,2769.27318263,0.04312002,1510.31160353,0.01998542,0.01998542,27999,86,0
7138.15808400,7138.15850194,2778.64102250,2778.62563158,0.03982068,1510.33917597,0.01998541,0.01998542,27998,86,0
7138.41351723,7138.41348565,2788.03739964,2788.03856388,0.04917124,1510.36536224,0.01998542,0.01998542,27997,86,0
7138.66889045,7138.66848758,2797.44782819,2797.46270610,0.03692746,1510.39000730,0.01998542,0.01998542,27996,86,0
7138.92300714,7138.92350772,2806.87225693,2806.85374466,0.05162135,1510.41300068,0.01998541,0.01998542,27995,86,0
7139.17868928,7139.17854607,2816.31053582,2816.31583923,0.03956034,1510.43458787,0.01998542,0.01998542,27994,86,0
7139.43391058,7139.43360265,2825.76251529,2825.77393441,0.04837169,1510.45458074,0.01998542,0.01998542,27993,86,0
7139.68871605,7139.68867744,2835.22810261,2835.22953607,0.03898416,1510.47298406,0.01998542,0.01998542,27992,86,0
7139.94382326,7139.94377046,2844.70727186,2844.70923525,0.03840676,1510.48984408,0.01998542,0.01998542,27991,86,0
7140.19861871,7140.19888170,2854.20000062,2854.19020791,0.04829780,1510.50511378,0.01998542,0.01998542,27990,86,0
7140.45419015,7140.45401117,2863.70625023,2863.71292330,0.04972102,1510.51884742,0.01998542,0.01998542,27989,86,0
7140.70925112,7140.70915887,2873.22586806,2873.22931225,0.03337685,1510.53096665,0.01998542,0.01998542,27988,86,0
7140.96496062,7140.96432480,2882.75865076,2882.78242000,0.04701976,1510.54151854,0.01998542,0.01998542,27987,86,0
7141.21970935,7141.21950896,2892.30439402,2892.31189490,0.03780762,1510.55043306,0.01998542,0.01998542,27986,86,0
7141.47448359,7141.47471135,2901.86312961,2901.85459309,0.04937031,1510.55774724,0.01998542,0.01998542,27985,86,0
7141.72996473,7141.72993198,2911.43542105,2911.43665025,0.03656667,1510.56346772,0.01998542,0.01998542,27984,86,0
7141.98547939,7141.98517085,2921.02190877,2921.03350557,0.05410909,1510.56756597,0.01998542,0.01998542,27983,86,0
7142.23997779,7142.24042796,2930.62319745,2930.60625210,0.03909140,1510.57002769,0.01998542,0.01998542,27982,86,0
7142.49541394,7142.49570331,2940.23929621,2940.22838808,0.04948376,1510.57086527,0.01998542,0.01998542,27981,86,0
7142.75087619,7142.75099691,2949.86975962,2949.86520279,0.05018872,1510.57005923,0.01998542,0.01998542,27980,86,0
7143.00589324,7143.00630875,2959.51412697,2959.49842057,0.04161531,1510.56760821,0.01998542,0.01998542,27979,86,0
7143.26159190,7143.26163884,2969.17212197,2969.17034550,0.04726450,1510.56349236,0.01998542,0.01998542,27978,86,0
7143.51680917,7143.51698718,2978.84414969,2978.83740260,0.04948243,1510.55772147,0.01998542,0.01998542,27977,86,0
7143.77198162,7143.77235377,2988.53077372,2988.51664696,0.03989755,1510.55028339,0.01998542,0.01998542,27976,86,0
7144.02725702,7144.02773861,2998.23254878,2998.21424001,0.05311376,1510.54116546,0.01998542,0.01998542,27975,86,0
7144.28311522,7144.28314171,3007.94968110,3007.94867226,0.04787049,1510.53033597,0.01998542,0.01998542,27974,86,0
7144.53844024,7144.53856307,3017.68200393,3017.67732036,0.04681867,1510.51783425,0.01998542,0.01998542,27973,86,0
7144.79351895,7144.79400269,3027.42933089,3027.41085858,0.04248406,1510.50364671,0.01998542,0.01998542,27972,86,0
7145.04885226,7145.04946057,3037.19154222,3037.16827917,0.04942385,1510.48773816,0.01998542,0.01998542,27971,86,0
7145.30493320,7145.30493671,3046.96884356,3046.96870918,0.04904798,1510.47005995,0.01998542,0.01998542,27970,86,0
7145.56040935,7145.56043112,3056.76153955,3056.76070459,0.05130047,1510.45069581,0.01998542,0.01998542,27969,86,0
7145.81560347,7145.81594380,3066.56992346,3066.55684935,0.05099249,1510.42962187,0.01998542,0.01998542,27968,86,0
7146.07136736,7146.07147474,3076.39381577,3076.38968466,0.03498135,1510.40675740,0.01998542,0.01998542,27967,86,0
7146.32695347,7146.32702396,3086.23245535,3086.22973980,0.04586407,1510.38215937,0.01998542,0.01998542,27966,86,0
7146.58229890,7146.58259145,3096.08503880,3096.07375334,0.04812455,1510.35583291,0.01998542,0.01998542,27965,86,0
7146.83796040,7146.83817721,3105.95101473,3105.94263989,0.04767065,1510.32771446,0.01998542,0.01998542,27964,86,0
7147.09367739,7147.09378126,3115.83112533,3115.82710734,0.04432524,1510.29781977,0.01998542,0.01998542,27963,86,0
7147.34952980,7147.34940358,3125.72652497,3125.73141488,0.04629344,1510.26612657,0.01998542,0.01998542,27962,86,0
7147.60532791,7147.60504418,3135.63835262,3135.64936248,0.04784893,1510.23264577,0.01998542,0.01998542,27961,86,0
7147.86068094,7147.86070307,3145.56697104,3145.56611105,0.05007170,1510.19742409,0.01998542,0.01998542,27960,86,0
7148.11653394,7148.11638024,3155.51184019,3155.51782302,0.05409670,1510.16032409,0.01998542,0.01998542,27959,86,0
7148.37257924,7148.37207570,3165.47236466,3165.49199393,0.05308813,1510.12137708,0.01998542,0.01998542,27958,86,0
7148.62805852,7148.62778945,3175.44811375,3175.45861812,0.05530504,1510.08069618,0.01998542,0.01998542,27957,86,0
7148.88346936,7148.88352149,3185.43936498,3185.43732678,0.03605297,1510.03819995,0.01998542,0.01998542,27956,86,0
7149.13956370,7149.13927182,3195.44658458,3195.45801408,0.05564357,1509.99374662,0.01998542,0.01998542,27955,86,0
7149.39512634,7149.39504045,3205.47022056,3205.47358938,0.04962093,1509.94753516,0.01998542,0.01998542,27954,86,0
7149.65154409,7149.65082738,3215.51029947,3215.53845344,0.04782374,1509.89930267,0.01998542,0.01998542,27953,86,0
7149.90688597,7149.90663260,3225.56646777,3225.57643571,0.04469203,1509.84940808,0.01998542,0.01998542,27952,86,0
7150.16272770,7150.16245612,3235.63835530,3235.64905514,0.04894821,1509.79754343,0.01998542,0.01998542,27951,86,0
7150.41800014,7150.41829795,3245.72579479,3245.71404376,0.04203640,1509.74391901,0.01998542,0.01998542,27950,86,0
7150.67469830,7150.67415808,3255.82919601,3255.85054457,0.04372921,1509.68809590,0.01998542,0.01998542,27949,86,0
7150.93014727,7150.93003652,3265.94907311,3265.95345656,0.04156509,1509.63064259,0.01998542,0.01998542,27948,86,0
7151.18623318,7151.18593327,3276.08590752,3276.09779732,0.04908178,1509.57113025,0.01998542,0.01998542,27947,86,0
7151.44190638,7151.44184833,3286.23981833,3286.24212344,0.05296959,1509.50979072,0.01998542,0.01998542,27946,86,0
7151.69747201,7151.69778170,3296.41071830,3296.39840148,0.05072583,1509.44654830,0.01998542,0.01998542,27945,86,0
7151.95304853,7151.95373338,3306.59851711,3306.57123581,0.04539548,1509.38136650,0.01998542,0.01998542,27944,86,0
7152.21627276,nan,0.00000000,3317.07375940,0.15030650,1509.31214403,0.01998544,0.01998542,27943,86,1
7152.46588559,7152.46569171,3327.02452538,3327.03227292,0.04868965,1509.24469765,0.01998542,0.01998542,27942,86,0
7152.72133083,7152.72169835,3337.26262572,3337.24791685,0.04064145,1509.17367949,0.01998542,0.01998542,27941,86,0
7152.97707671,7152.97772331,3347.51747759,3347.49155798,0.04813403,1509.10060531,0.01998542,0.01998542,27940,86,0
7153.23383048,7153.23376660,3357.78953575,3357.79210078,0.05502252,1509.02524560,0.01998542,0.01998542,27939,86,0
7153.48951542,7153.48982821,3368.07937511,3368.06679507,0.04218115,1508.94819716,0.01998542,0.01998542,27938,86,0
7153.74596973,7153.74590815,3378.38753524,3378.39001599,0.04833069,1508.86889589,0.01998542,0.01998542,27937,86,0
7154.00187743,7154.00200643,3388.71398562,3388.70877982,0.05090237,1508.78773659,0.01998542,0.01998542,27936,86,0
7154.25828105,7154.25812303,3399.05827081,3399.06465827,0.04659668,1508.70438315,0.01998542,0.01998542,27935,86,0
7154.51426204,7154.51425797,3409.41992358,3409.42008809,0.04422286,1508.61912770,0.01998542,0.01998542,27934,86,0
7154.77031495,7154.77041125,3419.79871900,3419.79481398,0.04119468,1508.53180232,0.01998542,0.01998542,27933,86,0
7155.02672885,7155.02658286,3430.19486340,3430.20079281,0.04252630,1508.44229226,0.01998542,0.01998542,27932,86,0
7155.28263731,7155.28277282,3440.60860899,3440.60309625,0.04848028,1508.35089019,0.01998542,0.01998542,27931,86,0
7155.53871084,7155.53898111,3451.04022055,3451.02920723,0.04341753,1508.25734890,0.01998542,0.01998542,27930,86,0
7155.79481083,7155.79520775,3461.49000899,3461.47380766,0.04691192,1508.16170421,0.01998542,0.01998542,27929,86,0
7156.05112580,7156.05145274,3471.95829991,3471.94493226,0.03838716,1508.06386986,0.01998542,0.01998542,27928,86,0
7156.30739981,7156.30771607,3482.44538744,3482.43243384,0.04838071,1507.96392855,0.01998542,0.01998542,27927,86,0
7156.56470893,7156.56399776,3492.95119227,3492.98036997,0.04536037,1507.86143875,0.01998542,0.01998542,27926,86,0
7156.82029791,7156.82029780,3503.47540333,3503.47540789,0.05114629,1507.75749943,0.01998542,0.01998542,27925,86,0
7157.07711309,7157.07661619,3514.01770262,3514.03815657,0.04096872,1507.65091180,0.01998542,0.01998542,27924,86,0
7157.33304189,7157.33295293,3524.57776478,3524.58143222,0.04789703,1507.54254192,0.01998542,0.01998542,27923,86,0
7157.58925969,7157.58930804,3535.15525599,3535.15325974,0.05120965,1507.43189346,0.01998542,0.01998542,27922,86,0
7157.84551840,7157.84568150,3545.74983982,3545.74309441,0.03814464,1507.31906349,0.01998542,0.01998542,27921,86,0
7158.10210551,7158.10207333,3556.36172193,3556.36305512,0.04815687,1507.20390914,0.01998542,0.01998542,27920,86,0
7158.35868856,7158.35848352,3566.99247617,3567.00098477,0.03472997,1507.08654846,0.01998542,0.01998542,27919,86,0
7158.61477386,7158.61491207,3577.64390341,3577.63815677,0.04589010,1506.96718298,0.01998542,0.01998542,27918,86,0
7158.87088187,7158.87135900,3588.31732813,3588.29745066,0.04775258,1506.84554975,0.01998542,0.01998542,27917,86,0
7159.12753798,7159.12782429,3599.01159966,3598.99965028,0.04886507,1506.72139292,0.01998542,0.01998542,27916,86,0
7159.38982199,nan,0.00000000,3609.96807815,0.26681893,1506.59203262,0.01998544,0.01998542,27915,86,1
7159.64076693,7159.64080999,3620.45515017,3620.45334719,0.04656610,1506.46636894,0.01998542,0.01998542,27914,86,0
7159.89749815,7159.89733041,3631.20363043,3631.21066508,0.04335311,1506.33541122,0.01998542,0.01998542,27913,86,0
7160.15374500,7160.15386920,3641.97264622,3641.96742747,0.03781211,1506.20240061,0.01998542,0.01998542,27912,86,0
7160.41078343,7160.41042637,3652.76456982,3652.77960531,0.04687329,1506.06662906,0.01998542,0.01998542,27911,86,0
7160.66721083,7160.66700192,3663.57954080,3663.58835497,0.04768293,1505.92882033,0.01998542,0.01998542,27910,86,0
7160.92361844,7160.92359586,3674.41550189,3674.41645610,0.04639036,1505.78867921,0.01998542,0.01998542,27909,86,0
7161.18034968,7161.18020818,3685.27030572,3685.27629582,0.04586606,1505.64603040,0.01998542,0.01998542,27908,86,0
7161.43645432,7161.43683889,3696.14322566,3696.12691848,0.04727001,1505.50140520,0.01998542,0.01998542,27907,86,0
7161.69395685,7161.69348799,3707.03577647,3707.05569358,0.04848024,1505.35361883,0.01998542,0.01998542,27906,86,0
7161.95051226,7161.95015548,3717.94968177,3717.96486761,0.04928226,1505.20397597,0.01998542,0.01998542,27905,86,0
7162.20678707,7162.20684137,3728.88590605,3728.88359064,0.05085045,1505.05207951,0.01998542,0.01998542,27904,86,0
7162.46354201,7162.46354565,3739.84354339,3739.84338812,0.03649756,1504.89747590,0.01998542,0.01998542,27903,86,0
7162.72036372,7162.72026832,3750.82139889,3750.82548148,0.05110705,1504.74041129,0.01998542,0.01998542,27902,86,0
7162.97694186,7162.97700940,3761.81859613,3761.81570053,0.04217689,1504.58107923,0.01998542,0.01998542,27901,86,0
7163.23412933,7163.23376888,3772.83546235,3772.85094202,0.04122536,1504.41892898,0.01998542,0.01998542,27900,86,0
7163.49063418,7163.49054676,3783.87260530,3783.87636640,0.05136540,1504.25475577,0.01998542,0.01998542,27899,86,0
7163.74739559,7163.74734304,3794.93058805,3794.93285272,0.03761170,1504.08794443,0.01998542,0.01998542,27898,86,0
7164.00379800,7164.00415774,3806.00970814,3805.99417449,0.05641703,1503.91887982,0.01998542,0.01998542,27897,86,0
7164.26038494,7164.26099084,3817.11017688,3817.08396496,0.05626714,1503.74719067,0.01998542,0.01998542,27896,86,0
7164.51789610,7164.51784235,3828.23218487,3828.23451439,0.04324377,1503.57235038,0.01998542,0.01998542,27895,86,0
7164.77496114,7164.77471228,3839.37575754,3839.38656361,0.03854476,1503.39526938,0.01998542,0.01998542,27894,86,0
7165.03195327,7165.03160062,3850.54084627,3850.55618755,0.04658733,1503.21568652,0.01998542,0.01998542,27893,86,0
7165.28818110,7165.28850738,3861.72748253,3861.71326170,0.04594130,1503.03408440,0.01998542,0.01998542,27892,86,0
7165.54520019,7165.54543256,3872.93648342,3872.92633565,0.04678782,1502.84933405,0.01998542,0.01998542,27891,86,0
7165.80240821,7165.80237616,3884.16911603,3884.17051853,0.05592702,1502.66181924,0.01998542,0.01998542,27890,86,0
7166.05922544,7166.05933819,3895.42652857,3895.42158382,0.03868573,1502.47193233,0.01998542,0.01998542,27889,86,0
7166.31648101,7166.31631863,3906.70818599,3906.71532149,0.05023454,1502.27905414,0.01998542,0.01998542,27888,86,0
7166.57259462,7166.57331751,3918.01240884,3917.98058325,0.04500784,1502.08439523,0.01998542,0.01998542,27887,86,0
7166.82987087,7166.83033481,3929.33763372,3929.31717230,0.04131473,1501.88621787,0.01998542,0.01998542,27886,86,0
7167.08766204,7167.08737055,3940.68459220,3940.69747307,0.05053134,1501.68496968,0.01998542,0.01998542,27885,86,0
7167.34485163,7167.34442472,3952.05578522,3952.07469116,0.04336506,1501.48146558,0.01998542,0.01998542,27884,86,0
7167.60142375,7167.60149732,3963.45359649,3963.45033075,0.04638966,1501.27567983,0.01998542,0.01998542,27883,86,0
7167.85826654,7167.85858836,3974.87727861,3974.86296452,0.04987975,1501.06690362,0.01998542,0.01998542,27882,86,0
7168.11575369,7168.11569784,3986.32347927,3986.32596773,0.04199598,1500.85486529,0.01998542,0.01998542,27881,86,0
7168.37280048,7168.37282576,3997.78895725,3997.78782941,0.05941178,1500.64050234,0.01998542,0.01998542,27880,86,0
7168.62965726,7168.62997212,4009.27438654,4009.26030991,0.04328530,1500.42359166,0.01998542,0.01998542,27879,86,0
7168.88691743,7168.88713693,4020.78378799,4020.77395346,0.04117891,1500.20353955,0.01998542,0.01998542,27878,86,0
7169.14462088,7169.14432018,4032.32111076,4032.33461656,0.04716965,1499.98020664,0.01998542,0.01998542,27877,86,0
7169.40160711,7169.40152189,4043.88658789,4043.89042451,0.04734242,1499.75458173,0.01998542,0.01998542,27876,86,0
7169.65847836,7169.65874204,4055.47734484,4055.46545144,0.04038311,1499.52619008,0.01998542,0.01998542,27875,86,0
7169.91632897,7169.91598065,4067.09053615,4067.10627519,0.05057617,1499.29408595,0.01998543,0.01998542,27874,86,0
7170.17328453,7170.17323771,4078.72565326,4078.72777284,0.03871249,1499.05995186,0.01998542,0.01998542,27873,86,0
nan,nan,0.00000000,-1.00000000,0.00000000,1498.83054853,nan,0.00000000,-2147483648,86,1
nan,nan,0.00000000,-1.00000000,0.00000000,1495.61067722,nan,0.00000000,-2147483648,85,1
7131.28130075,7131.28081906,8.27328445,8.28596304,0.04531452,1495.93876346,0.01998542,0.01998541,28025,85,0
7131.53428638,7131.53531176,14.97388443,14.94687815,0.06761326,1496.28565216,0.01998541,0.01998541,28024,85,0
7131.78900441,7131.78982262,21.67942355,21.65785911,0.06396566,1496.63434949,0.01998541,0.01998541,28023,85,0
7132.04411648,7132.04435164,28.38997644,28.38377427,0.04731087,1496.98301843,0.01998541,0.01998541,28022,85,0
7132.29911857,7132.29889883,35.10561809,35.11141731,0.05966428,1497.33097143,0.01998542,0.01998541,28021,85,0
7132.55523538,7132.55346419,41.82637405,41.87315115,0.03190658,1497.67987588,0.01998542,0.01998541,28020,85,0
7132.80786010,7132.80804771,48.55208781,48.54712991,0.04290837,1498.02345423,0.01998542,0.01998541,28019,85,0
7133.06261944,7133.06264940,55.28256042,55.28176821,0.05867921,1498.36935179,0.01998542,0.01998541,28018,85,0
7133.31832780,7133.31726927,62.01759204,62.04559988,0.07948904,1498.71593634,0.01998542,0.01998541,28017,85,0
7133.57112614,7133.57190730,68.75698198,68.73630145,0.04243952,1499.05797268,0.01998541,0.01998542,28016,85,0
7133.82615106,7133.82656352,75.50058448,75.48965899,0.03657438,1499.40240424,0.01998541,0.01998542,28015,85,0
7134.08198317,7134.08123791,82.24854005,82.26829273,0.04222711,1499.74730884,0.01998542,0.01998542,28014,85,0
7134.33932942,7134.33593048,0.00000000,89.08677226,0.06150957,1500.09341602,0.01998543,0.01998542,28013,85,1
7134.58951210,7134.59064124,95.75844340,95.72847793,0.04154891,1500.42975484,0.01998541,0.01998542,28012,85,0
7134.84666683,7134.84537017,102.52086031,102.55529556,0.05006806,1500.77464986,0.01998542,0.01998542,28011,85,0
7135.10083893,7135.10011729,109.28854149,109.30771940,0.05475622,1501.11497083,0.01998542,0.01998542,28010,85,0
7135.35460192,7135.35488260,116.06151195,116.05404732,0.04836951,1501.45417453,0.01998542,0.01998542,28009,85,0
7135.60915776,7135.60966610,122.83971914,122.82619058,0.06367876,1501.79386194,0.01998541,0.01998542,28008,85,0
7135.86431367,7135.86446779,129.62311002,129.61900554,0.05808539,1502.13376668,0.01998542,0.01998542,28007,85,0
7136.11901834,7136.11928768,136.41163132,136.40445350,0.04426951,1502.47248337,0.01998542,0.01998542,28006,85,0
7136.37499383,7136.37412576,143.20522725,143.22837654,0.06145723,1502.81229473,0.01998542,0.01998542,28005,85,0
7136.62686110,7136.62898203,150.00382208,149.94722524,0.03945321,1503.14606452,0.01998541,0.01998542,28004,85,0
7136.88344177,7136.88385651,156.80732959,156.79625512,0.07454053,1503.48547491,0.01998542,0.01998542,28003,85,0
7137.13797827,7137.13874919,163.61566305,163.59506494,0.03597150,1503.82157149,0.01998541,0.01998542,28002,85,0
7137.39316277,7137.39366007,170.42873536,170.41543982,0.05189199,1504.15790820,0.01998541,0.01998542,28001,85,0
7137.64858404,7137.64858915,177.24647618,177.24633947,0.05379597,1504.49393479,0.01998542,0.01998542,28000,85,0
7137.90324592,7137.90353644,184.06899612,184.06121909,0.06348662,1504.82834650,0.01998542,0.01998542,27999,85,0
7138.15776777,7138.15850194,190.89651520,190.87684858,0.03063193,1505.16196907,0.01998541,0.01998542,27998,85,0
7138.41359315,7138.41348565,197.72925587,197.73213742,0.05004948,1505.49669977,0.01998542,0.01998542,27997,85,0
7138.66760023,7138.66848758,204.56744159,204.54363727,0.04212242,1505.82846476,0.01998541,0.01998542,27996,85,0
7138.92400342,7138.92350772,211.41127542,211.42458320,0.03250234,1506.16277470,0.01998542,0.01998542,27995,85,0
7139.17911721,7139.17854607,218.26070366,218.27604786,0.05133303,1506.49481595,0.01998542,0.01998542,27994,85,0
7139.43417279,7139.43360265,225.11550149,225.13082971,0.05910410,1506.82618283,0.01998542,0.01998542,27993,85,0
7139.68871751,7139.68867744,231.97544004,231.97651801,0.03797830,1507.15627649,0.01998542,0.01998542,27992,85,0
7139.94238778,7139.94377046,238.84028941,238.80306839,0.05037374,1507.48461778,0.01998541,0.01998542,27991,85,0
7140.19836074,7140.19888170,245.70983648,245.69580389,0.05227107,1507.81530198,0.01998542,0.01998542,27990,85,0
7140.45373920,7140.45401117,252.58409732,252.57676684,0.03951820,1508.14457910,0.01998542,0.01998542,27989,85,0
7140.70976432,7140.70915887,259.46324800,259.47957707,0.03887253,1508.47405612,0.01998542,0.01998542,27988,85,0
7140.96443108,7140.96432480,266.34746863,266.35033691,0.04710645,1508.80116239,0.01998542,0.01998542,27987,85,0
7141.22086628,7141.21950896,273.23694013,273.27359817,0.04260788,1509.12991956,0.01998542,0.01998542,27986,85,0
7141.47483981,7141.47471135,280.13183572,280.13530755,0.05958026,1509.45491339,0.01998542,0.01998542,27985,85,0
7141.72975387,7141.72993198,287.03222017,287.02740268,0.02294354,1509.78050414,0.01998542,0.01998542,27984,85,0
7141.98378461,7141.98517085,293.93808279,293.90056254,0.06555561,1510.10435976,0.01998541,0.01998542,27983,85,0
7142.23955540,7142.24042796,300.84941133,300.82577756,0.05425400,1510.42981917,0.01998541,0.01998542,27982,85,0
7142.49533702,7142.49570331,307.76619346,307.75626518,0.04753268,1510.75467327,0.01998542,0.01998542,27981,85,0
7142.75028387,7142.75099691,314.68841849,314.66907768,0.04378805,1511.07784872,0.01998541,0.01998542,27980,85,0
7143.00635341,7143.00630875,321.61609596,321.61730815,0.04186873,1511.40182442,0.01998542,0.01998542,27979,85,0
7143.26237027,7143.26163884,328.54924884,328.56911704,0.04056298,1511.72510859,0.01998542,0.01998542,27978,85,0
7143.51669173,7143.51698718,335.48790039,335.47986915,0.04724106,1512.04563251,0.01998542,0.01998542,27977,85,0
7143.77187688,7143.77235377,342.43207398,342.41910137,0.03834802,1512.36662369,0.01998542,0.01998542,27976,85,0
7144.02711260,7144.02773861,349.38178635,349.36474471,0.04021932,1512.68705486,0.01998542,0.01998542,27975,85,0
7144.28324765,7144.28314171,356.33698449,356.33987046,0.04809603,1513.00798379,0.01998542,0.01998542,27974,85,0
7144.53869521,7144.53856307,363.29757370,363.30117597,0.05091044,1513.32741522,0.01998542,0.01998542,27973,85,0
7144.79439279,7144.79400269,370.26345833,370.27410004,0.04355265,1513.64651691,0.01998542,0.01998542,27972,85,0
7145.04969191,7145.04946057,377.23454223,377.24085748,0.05227144,1513.96447398,0.01998542,0.01998542,27971,85,0
7145.30485118,7145.30493671,384.21074424,384.20840798,0.05263106,1514.28160509,0.01998542,0.01998542,27970,85,0
7145.56005623,7145.56043112,391.19211421,391.18186690,0.04554354,1514.59814186,0.01998542,0.01998542,27969,85,0
7145.81621760,7145.81594380,398.17876883,398.18625831,0.05893444,1514.91521337,0.01998542,0.01998542,27968,85,0
7146.07160115,7146.07147474,405.17082585,405.17428594,0.04950495,1515.23067595,0.01998542,0.01998542,27967,85,0
7146.32798583,7146.32702396,412.16840355,412.19475173,0.04846206,1515.54672972,0.01998542,0.01998542,27966,85,0
7146.58232271,7146.58259145,419.17160750,419.16424065,0.04969914,1515.85962290,0.01998542,0.01998542,27965,85,0
7146.83847793,7146.83817721,426.18045541,426.18870481,0.05733339,1516.17411149,0.01998542,0.01998542,27964,85,0
7147.09357383,7147.09378126,433.19492889,433.18923452,0.04658284,1516.48665691,0.01998542,0.01998542,27963,85,0
7147.34945588,7147.34940358,440.21500936,440.21644608,0.04708334,1516.79951849,0.01998542,0.01998542,27962,85,0
7147.60554671,7147.60504418,447.24067812,447.25449371,0.05043941,1517.11198377,0.01998542,0.01998542,27961,85,0
7147.86055648,7147.86070307,454.27191961,454.26788647,0.04804400,1517.42247970,0.01998542,0.01998542,27960,85,0
7148.11660657,7148.11638024,461.30873419,461.31496553,0.04416943,1517.73358750,0.01998542,0.01998542,27959,85,0
7148.37183912,7148.37207570,468.35112715,468.34460875,0.04516777,1518.04304727,0.01998542,0.01998542,27958,85,0
7148.62809976,7148.62778945,475.39910382,475.40765973,0.04170719,1518.35309428,0.01998542,0.01998542,27957,85,0
7148.88312785,7148.88352149,482.45266954,482.44180827,0.04102999,1518.66099251,0.01998542,0.01998542,27956,85,0
7149.13929493,7149.13927182,489.51180337,489.51244126,0.04529639,1518.96960266,0.01998542,0.01998542,27955,85,0
7149.39499698,7149.39504045,496.57639148,496.57519020,0.04386208,1519.27698287,0.01998542,0.01998542,27954,85,0
7149.65087715,7149.65082738,503.64629906,503.64767517,0.04397604,1519.58389966,0.01998542,0.01998542,27953,85,0
7149.90619834,7149.90663260,510.72139064,510.70937597,0.03511963,1519.88946278,0.01998542,0.01998542,27952,85,0
7150.16210347,7150.16245612,517.80153057,517.79176761,0.05074443,1520.19503233,0.01998542,0.01998542,27951,85,0
7150.41715999,7150.41829795,524.88672651,524.85520174,0.06295095,1520.49889740,0.01998542,0.01998542,27950,85,0
7150.67439541,7150.67415808,531.97733084,531.98391012,0.05648548,1520.80467289,0.01998542,0.01998542,27949,85,0
7150.93054740,7150.93003652,539.07374809,539.08792209,0.05193923,1521.10849201,0.01998542,0.01998542,27948,85,0
7151.18572950,7151.18593327,546.17638477,546.17072650,0.05843214,1521.41051267,0.01998542,0.01998542,27947,85,0
7151.44245938,7151.44184833,553.28564410,553.30262666,0.04270416,1521.71372748,0.01998542,0.01998542,27946,85,0
7151.69827236,7151.69778170,560.40160450,560.41525260,0.04279461,1522.01522405,0.01998542,0.01998542,27945,85,0
7151.95294894,7151.95373338,567.52382959,567.50199315,0.03860040,1522.31473072,0.01998542,0.01998542,27944,85,0
7152.20905218,7152.20970339,574.65183553,574.63369510,0.04189924,1522.61523813,0.01998542,0.01998542,27943,85,0
7152.46543910,7152.46569171,581.78513612,581.77809485,0.05049793,1522.91537589,0.01998542,0.01998542,27942,85,0
7152.72154984,7152.72169835,588.92326271,588.91912067,0.06374736,1523.21446708,0.01998542,0.01998542,27941,85,0
7152.97768714,7152.97772331,596.06620726,596.06519788,0.05840731,1523.51286431,0.01998542,0.01998542,27940,85,0
7153.23395375,7153.23376660,603.21442721,603.21965387,0.04485993,1523.81070400,0.01998542,0.01998542,27939,85,0
7153.48955831,7153.48982821,610.36840266,610.36085908,0.05024078,1524.10708668,0.01998542,0.01998542,27938,85,0
7153.74647676,7153.74590815,617.52861607,617.54452153,0.04267384,1524.40431887,0.01998542,0.01998542,27937,85,0
7154.00176055,7154.00200643,624.69550332,624.68861945,0.04084462,1524.69900631,0.01998542,0.01998542,27936,85,0
7154.25772743,7154.25812303,631.86897493,631.85789017,0.04635605,1524.99382214,0.01998542,0.01998542,27935,85,0
7154.51501108,7154.51425797,639.04861918,639.06973714,0.06129979,1525.28946914,0.01998542,0.01998542,27934,85,0
7154.77057309,7154.77041125,646.23401774,646.23855928,0.04232704,1525.58243823,0.01998542,0.01998542,27933,85,0
7155.02714385,7155.02658286,653.42475016,653.44050217,0.03735137,1525.87584320,0.01998542,0.01998542,27932,85,0
7155.28242401,7155.28277282,660.62050247,660.61070230,0.04166864,1526.16704129,0.01998542,0.01998542,27931,85,0
7155.53879767,7155.53898111,667.82155310,667.81639539,0.05151795,1526.45876243,0.01998542,0.01998542,27930,85,0
7155.79504645,7155.79520775,675.02838393,675.02384513,0.05086793,1526.74963372,0.01998542,0.01998542,27929,85,0
7156.05192439,7156.05145274,682.24147945,682.25476158,0.04423273,1527.04052649,0.01998542,0.01998542,27928,85,0
7156.30792637,7156.30771607,689.46132620,689.46725357,0.03542995,1527.32975458,0.01998542,0.01998542,27927,85,0
7156.56344693,7156.56399776,696.68818910,696.67264959,0.04195067,1527.61777720,0.01998542,0.01998542,27926,85,0
7156.82036342,7156.82029780,703.92171293,703.92356580,0.05612963,1527.90669024,0.01998542,0.01998542,27925,85,0
7157.07688390,7157.07661619,711.16143384,711.16899836,0.04203420,1528.19445380,0.01998542,0.01998542,27924,85,0
7157.33335280,7157.33295293,718.40688561,718.41819185,0.03416894,1528.48143538,0.01998542,0.01998542,27923,85,0
7157.58886823,7157.58930804,725.65760703,725.64516361,0.03771542,1528.76660999,0.01998542,0.01998542,27922,85,0
7157.84570043,7157.84568150,732.91347745,732.91401337,0.06540068,1529.05250323,0.01998542,0.01998542,27921,85,0
7158.10199082,7158.10207333,740.17485775,740.17252030,0.04834867,1529.33705514,0.01998542,0.01998542,27920,85,0
7158.35812948,7158.35848352,747.44214681,747.43210851,0.03807906,1529.62071540,0.01998542,0.01998542,27919,85,0
7158.61430385,7158.61491207,754.71574553,754.69848599,0.04498831,1529.90370556,0.01998542,0.01998542,27918,85,0
7158.87076490,7158.87135900,761.99603153,761.97915847,0.05487548,1530.18631388,0.01998542,0.01998542,27917,85,0
7159.12777807,7159.12782429,769.28305471,769.28174090,0.04346862,1530.46882899,0.01998542,0.01998542,27916,85,0
7159.38423185,7159.38430796,776.57663390,776.57446882,0.03268254,1530.75001969,0.01998542,0.01998542,27915,85,0
7159.64090723,7159.64080999,783.87658225,783.87935055,0.05181257,1531.03073418,0.01998542,0.01998542,27914,85,0
7159.89813807,7159.89733041,791.18271192,791.20572434,0.04408113,1531.31132481,0.01998542,0.01998542,27913,85,0
7160.15388209,7160.15386920,798.49487133,798.49523884,0.03374771,1531.58955981,0.01998542,0.01998542,27912,85,0
7160.41083609,7160.41042637,805.81309798,805.82478946,0.04648542,1531.86837363,0.01998542,0.01998542,27911,85,0
7160.66721757,7160.66700192,813.13748991,813.14364815,0.06435316,1532.14583094,0.01998542,0.01998542,27910,85,0
7160.92335039,7160.92359586,820.46814567,820.46112986,0.03721614,1532.42228724,0.01998542,0.01998542,27909,85,0
7161.18024274,7161.18020818,827.80516409,827.80615256,0.05458537,1532.69882999,0.01998542,0.01998542,27908,85,0
7161.43688009,7161.43683889,835.14861111,835.14979054,0.05410742,1532.97436508,0.01998542,0.01998542,27907,85,0
7161.69333741,7161.69348799,842.49848301,842.49416880,0.04596111,1533.24897239,0.01998542,0.01998542,27906,85,0
7161.95037252,7161.95015548,849.85476719,849.86099000,0.05155200,1533.52345890,0.01998542,0.01998542,27905,85,0
7162.20752698,7162.20684137,857.21745099,857.23712469,0.03908474,1533.79732922,0.01998542,0.01998542,27904,85,0
7162.46356454,7162.46354565,864.58652816,864.58707074,0.03031745,1534.06926852,0.01998542,0.01998542,27903,85,0
7162.72029365,7162.72026832,871.96211502,871.96284296,0.05048632,1534.34120140,0.01998542,0.01998542,27902,85,0
7162.97724451,7162.97700940,879.34443772,879.35120102,0.03553834,1534.61263222,0.01998542,0.01998542,27901,85,0
7163.23361004,7163.23376888,886.73372742,886.72915415,0.04166173,1534.88271596,0.01998542,0.01998542,27900,85,0
7163.49033360,7163.49054676,894.13021647,894.12407348,0.05094433,1535.15245333,0.01998542,0.01998542,27899,85,0
7163.74657480,7163.74734304,901.53405579,901.51189611,0.03221929,1535.42096471,0.01998542,0.01998542,27898,85,0
7164.00402090,7164.00415774,908.94492901,908.94097876,0.05911586,1535.69000096,0.01998542,0.01998542,27897,85,0
7164.26089501,7164.26099084,916.36235342,916.35958471,0.03413137,1535.95768244,0.01998542,0.01998542,27896,85,0
7164.51783630,7164.51784235,923.78584357,923.78566862,0.05928979,1536.22465765,0.01998542,0.01998542,27895,85,0
7164.77509930,7164.77471228,931.21491390,931.22611070,0.03784755,1536.49116965,0.01998542,0.01998542,27894,85,0
7165.03095542,7165.03160062,938.64938970,938.63071068,0.03645874,1536.75542457,0.01998542,0.01998542,27893,85,0
7165.28871434,7165.28850738,946.08971363,946.09570956,0.05320937,1537.02085224,0.01998542,0.01998542,27892,85,0
7165.54548647,7165.54543256,953.53640303,953.53796605,0.03765102,1537.28448906,0.01998542,0.01998542,27891,85,0
7165.80226984,7165.80237616,960.98997796,960.98689241,0.05359211,1537.54738015,0.01998542,0.01998542,27890,85,0
7166.05910005,7166.05933819,968.45092400,968.44400659,0.03386199,1537.80957618,0.01998542,0.01998542,27889,85,0
7166.31590147,7166.31631863,975.91921953,975.90709069,0.05535469,1538.07099640,0.01998542,0.01998542,27888,85,0
7166.57288759,7166.57331751,983.39447327,983.38196318,0.04033806,1538.33184113,0.01998542,0.01998542,27887,85,0
7166.83086150,7166.83033481,990.87628358,990.89162157,0.05087248,1538.59290368,0.01998543,0.01998542,27886,85,0
7167.08741963,7167.08737055,998.36424665,998.36567713,0.03226912,1538.85173728,0.01998542,0.01998542,27885,85,0
7167.34438605,7167.34442472,1005.85808330,1005.85695565,0.05668255,1539.11017503,0.01998542,0.01998542,27884,85,0
7167.60081583,7167.60149732,1013.35799038,1013.33810086,0.03637010,1539.36727181,0.01998542,0.01998542,27883,85,0
7167.85856335,7167.85858836,1020.86427816,1020.86354756,0.05385100,1539.62489154,0.01998542,0.01998542,27882,85,0
7168.11560516,7168.11569784,1028.37725859,1028.37454923,0.03875721,1539.88101724,0.01998542,0.01998542,27881,85,0
7168.37305673,7168.37282576,1035.89723844,1035.90399646,0.05183743,1540.13676971,0.01998543,0.01998542,27880,85,0
7168.62978625,7168.62997212,1043.42430987,1043.41886681,0.03267837,1540.39102654,0.01998542,0.01998542,27879,85,0
7168.88723138,7168.88713693,1050.95831010,1050.96107837,0.04478143,1540.64520346,0.01998542,0.01998542,27878,85,0
7169.14407054,7169.14432018,1058.49906071,1058.49173822,0.03226296,1540.89798664,0.01998542,0.01998542,27877,85,0
7169.40163742,7169.40152189,1066.04638230,1066.04977376,0.05035475,1541.15067962,0.01998543,0.01998542,27876,85,0
7169.65863031,7169.65874204,1073.60012340,1073.59684086,0.03431067,1541.40199717,0.01998542,0.01998542,27875,85,0
7169.91611767,7169.91598065,1081.16030250,1081.16433099,0.04661374,1541.65298276,0.01998543,0.01998542,27874,85,0
7170.17361312,7170.17323771,1088.72700067,1088.73804711,0.05645035,1541.90316021,0.01998543,0.01998542,27873,85,0
7170.43002358,7170.43051323,1096.30029950,1096.28588012,0.04105917,1542.15147286,0.01998542,0.01998542,27872,85,0
7170.68807683,7170.68780721,1103.88028232,1103.88822887,0.05644066,1542.40056000,0.01998543,0.01998542,27871,85,0
7170.94468629,7170.94511965,1111.46711612,1111.45433318,0.03504790,1542.64744427,0.01998542,0.01998542,27870,85,0
7171.20224451,7171.20245055,1119.06110062,1119.05501758,0.04363323,1542.89443706,0.01998542,0.01998542,27869,85,0
7171.46037041,7171.45979991,1126.66254886,1126.67940772,0.05302083,1543.14117330,0.01998543,0.01998542,27868,85,0
7171.71702338,7171.71716775,1134.27177557,1134.26750530,0.03450638,1543.38571390,0.01998542,0.01998542,27867,85,0
7171.97411931,7171.97455405,1141.88902862,1141.87615658,0.05053444,1543.62989408,0.01998542,0.01998542,27866,85,0
7172.23117550,7172.23195882,1149.51404679,1149.49083225,0.03047851,1543.87324220,0.01998542,0.01998542,27865,85,0
7172.48913113,7172.48938206,1157.14633727,1157.13889422,0.05138675,1544.11662477,0.01998542,0.01998542,27864,85,0
7172.74669364,7172.74682378,1164.78540339,1164.78154015,0.05142252,1544.35880135,0.01998542,0.01998542,27863,85,0
7173.00397886,7173.00428398,1172.43074989,1172.42168615,0.04072300,1544.59986597,0.01998542,0.01998542,27862,85,0
7173.26141416,7173.26176266,1180.08223393,1180.07187378,0.05680483,1544.84021287,0.01998542,0.01998542,27861,85,0
7173.51894238,7173.51925981,1187.74033121,1187.73088656,0.05153380,1545.07980002,0.01998542,0.01998542,27860,85,0
7173.77705883,7173.77677545,1195.40558229,1195.41402130,0.03288172,1545.31909927,0.01998542,0.01998542,27859,85,0
7174.03419839,7174.03430957,1203.07853069,1203.07521637,0.05271142,1545.55667558,0.01998542,0.01998542,27858,85,0
7174.29164266,7174.29186218,1210.75964627,1210.75309606,0.05408307,1545.79372779,0.01998542,0.01998542,27857,85,0
7174.54943201,7174.54943328,1218.44883405,1218.44879608,0.03247577,1546.03028397,0.01998542,0.01998542,27856,85,0
7174.80685345,7174.80702287,1226.14574416,1226.14067951,0.05276308,1546.26567621,0.01998542,0.01998542,27855,85,0
7175.06404064,7175.06463095,1233.85002355,1233.83236159,0.05025922,1546.50001601,0.01998542,0.01998543,27854,85,0
7175.32178260,7175.32225753,1241.56132048,1241.54709922,0.02588299,1546.73400728,0.01998542,0.01998543,27853,85,0
7175.57991000,7175.57990260,1249.27948794,1249.27970975,0.05204267,1546.96748448,0.01998542,0.01998543,27852,85,0
7175.83729750,7175.83756617,1257.00470199,1256.99664337,0.05098489,1547.19943422,0.01998542,0.01998543,27851,85,0
7176.09506410,7176.09524824,1264.73716794,1264.73163990,0.04912059,1547.43087015,0.01998542,0.01998543,27850,85,0
7176.35282964,7176.35294882,1272.47709226,1272.47351128,0.03471905,1547.66145244,0.01998542,0.01998543,27849,85,0
7176.61116216,7176.61066789,1280.22465199,1280.23951749,0.04634985,1547.89168881,0.01998543,0.01998543,27848,85,0
7176.86831446,7176.86840548,1287.97984805,1287.97710803,0.04844760,1548.12002225,0.01998543,0.01998543,27847,85,0
7177.12558782,7177.12616157,1295.74261765,1295.72533045,0.05073064,1548.34760869,0.01998542,0.01998543,27846,85,0
7177.38388587,7177.38393618,1303.51289755,1303.51138052,0.03368705,1548.57523704,0.01998543,0.01998543,27845,85,0
7177.64170819,7177.64172929,1311.29062381,1311.28998678,0.05033168,1548.80157752,0.01998543,0.01998543,27844,85,0
7177.89954912,7177.89954092,1319.07572315,1319.07597063,0.04736282,1549.02706146,0.01998543,0.01998543,27843,85,0
7178.15723533,7178.15737107,1326.86811144,1326.86400717,0.05158821,1549.25153272,0.01998543,0.01998543,27842,85,0
7178.41472974,7178.41521974,1334.66770346,1334.65287535,0.04529048,1549.47495555,0.01998542,0.01998543,27841,85,0
7178.67278827,7178.67308693,1342.47441349,1342.46536822,0.03063976,1549.69797875,0.01998543,0.01998543,27840,85,0
7178.93050133,7178.93097263,1350.28822816,1350.27394165,0.05070792,1549.91981197,0.01998542,0.01998543,27839,85,0
7179.18872502,7179.18887687,1358.10940012,1358.10479320,0.04643679,1550.14119567,0.01998543,0.01998543,27838,85,0
7179.44707082,7179.44679963,1365.93824420,1365.94647970,0.05034657,1550.36179951,0.01998543,0.01998543,27837,85,0
7179.70531970,7179.70474092,1373.77507706,1373.79267036,0.04776598,1550.58144224,0.01998543,0.01998543,27836,85,0
7179.96266646,7179.96270074,1381.62019254,1381.61914952,0.05209569,1550.79944916,0.01998543,0.01998543,27835,85,0
7180.22073696,7180.22067909,1389.47356420,1389.47532692,0.03051509,1551.01719455,0.01998543,0.01998543,27834,85,0
7180.47871401,7180.47867597,1397.33493946,1397.33609909,0.05069205,1551.23397551,0.01998543,0.01998543,27833,85,0
7180.73637470,7180.73669140,1405.20405953,1405.19439654,0.04554115,1551.44959668,0.01998543,0.01998543,27832,85,0
7180.99478467,7180.99472536,1413.08066496,1413.08247624,0.05023475,1551.66493749,0.01998543,0.01998543,27831,85,0
7181.25287003,7181.25277786,1420.96458976,1420.96740713,0.04285365,1551.87909339,0.01998543,0.01998543,27830,85,0
7181.51122850,7181.51084890,1428.85584722,1428.86745964,0.04196630,1552.09255815,0.01998543,0.01998543,27829,85,0
7181.76909369,7181.76893849,1436.75447081,1436.75922279,0.04195200,1552.30469779,0.01998543,0.01998543,27828,85,0
7182.02728728,7182.02704662,1444.66049419,1444.66786875,0.05074779,1552.51618720,0.01998543,0.01998543,27827,85,0
7182.28512567,7182.28517331,1452.57401012,1452.57254900,0.05492831,1552.72646617,0.01998543,0.01998543,27826,85,0
7182.54303198,7182.54331854,1460.49542968,1460.48663222,0.02854629,1552.93588924,0.01998543,0.01998543,27825,85,0
7182.80156790,7182.80148233,1468.42527299,1468.42790289,0.05036273,1553.14491936,0.01998543,0.01998543,27824,85,0
7183.05958590,7183.05966467,1476.36406337,1476.36164012,0.04710283,1553.35263852,0.01998543,0.01998543,27823,85,0
7183.31625262,7183.31786556,1484.31228737,1484.26260834,0.05096295,1553.55839449,0.01998542,0.01998543,27822,85,0
7183.57604374,7183.57608502,1492.26973913,1492.26846662,0.04904651,1553.76575703,0.01998543,0.01998543,27821,85,0
7183.83456619,7183.83432303,1500.23562048,1500.24312477,0.04781988,1553.97118569,0.01998543,0.01998543,27820,85,0
7184.09230274,7184.09257961,1508.20910964,1508.20055792,0.05292552,1554.17505075,0.01998543,0.01998543,27819,85,0
7184.35061230,7184.35085475,1516.18938352,1516.18188950,0.04709105,1554.37840439,0.01998543,0.01998543,27818,85,0
7184.60940244,7184.60914846,1524.17610326,1524.18395953,0.04944307,1554.58115668,0.01998543,0.01998543,27817,85,0
7184.86738889,7184.86746074,1532.16989819,1532.16767380,0.05136312,1554.78231661,0.01998543,0.01998543,27816,85,0
7185.12537215,7185.12579158,1540.17151582,1540.15851792,0.04821994,1554.98252873,0.01998543,0.01998543,27815,85,0
7185.38369636,7185.38414100,1548.18170819,1548.16791460,0.04364780,1555.18207383,0.01998543,0.01998543,27814,85,0
7185.64231611,7185.64250900,1556.20107033,1556.19508010,0.04688445,1555.38092469,0.01998543,0.01998543,27813,85,0
7185.90039145,7185.90089557,1564.22942965,1564.21375817,0.05104589,1555.57842896,0.01998543,0.01998543,27812,85,0
7186.15861623,7186.15930072,1572.26638272,1572.24508346,0.04780238,1555.77510633,0.01998543,0.01998543,27811,85,0
7186.41786422,7186.41772445,1580.31152352,1580.31587681,0.04831174,1555.97160255,0.01998543,0.01998543,27810,85,0
7186.67539827,7186.67616676,1588.36447722,1588.34052079,0.04753663,1556.16583458,0.01998543,0.01998543,27809,85,0
7186.93405856,7186.93462766,1596.42526925,1596.40751243,0.05077139,1556.35994527,0.01998543,0.01998543,27808,85,0
7187.19317878,7187.19310714,1604.49419037,1604.49642791,0.04647508,1556.55342950,0.01998543,0.01998543,27807,85,0
7187.45199325,7187.45160521,1612.57153774,1612.58366895,0.04588097,1556.74571848,0.01998543,0.01998543,27806,85,0
7187.71045513,7187.71012187,1620.65760543,1620.66803455,0.04376356,1556.93678468,0.01998543,0.01998543,27805,85,0
7187.96893378,7187.96865713,1628.75249308,1628.76115953,0.04128847,1557.12690184,0.01998543,0.01998543,27804,85,0
7188.22726144,7188.22721097,1636.85604296,1636.85762543,0.04328034,1557.31594011,0.01998543,0.01998543,27803,85,0
7188.48572860,7188.48578342,1644.96807882,1644.96635812,0.04060760,1557.50410457,0.01998543,0.01998543,27802,85,0
7188.74489800,7188.74437446,1653.08842352,1653.10487162,0.04174372,1557.69179262,0.01998543,0.01998543,27801,85,0
7189.00326905,7189.00298411,1661.21700860,1661.22596927,0.04556314,1557.87791322,0.01998543,0.01998543,27800,85,0
7189.26149639,7189.26161235,1669.35404670,1669.35039657,0.04700008,1558.06294485,0.01998543,0.01998543,27799,85,0
7189.52007587,7189.52025920,1677.49979627,1677.49401945,0.05676612,1558.24724405,0.01998543,0.01998543,27798,85,0
7189.77875783,7189.77892466,1685.65451736,1685.64925514,0.04558173,1558.43063260,0.01998543,0.01998543,27797,85,0
7190.03767734,7190.03760873,1693.81840164,1693.82056827,0.04165753,1558.61320494,0.01998543,0.01998543,27796,85,0
7190.29776069,7190.29631140,1701.99129153,1702.03710040,0.04342469,1558.79559892,0.01998543,0.01998543,27795,85,0
7190.55516617,7190.55503269,1710.17291891,1710.17714192,0.04683597,1558.97511960,0.01998543,0.01998543,27794,85,0
7190.81429414,7190.81377260,1718.36301387,1718.37953051,0.05510490,1559.15483199,0.01998543,0.01998543,27793,85,0
7191.07248753,7191.07253112,1726.56133811,1726.55995652,0.05016419,1559.33288018,0.01998543,0.01998543,27792,85,0
7191.33127895,7191.33130825,1734.76797534,1734.76704570,0.04005392,1559.51032151,0.01998543,0.01998543,27791,85,0
7191.59029574,7191.59010401,1742.98319138,1742.98928059,0.04792683,1559.68689794,0.01998543,0.01998543,27790,85,0
7191.84879210,7191.84891839,1751.20725578,1751.20324059,0.04139854,1559.86210501,0.01998543,0.01998543,27789,85,0
7192.10784325,7192.10775140,1759.44043126,1759.44335449,0.04928708,1560.03667325,0.01998543,0.01998543,27788,85,0
7192.36662508,7192.36660303,1767.68281205,1767.68351453,0.04342562,1560.21004388,0.01998543,0.01998543,27787,85,0
7192.62572883,7192.62547329,1775.93433563,1775.94248509,0.04483909,1560.38260760,0.01998543,0.01998543,27786,85,0
7192.88424751,7192.88436219,1784.19493310,1784.19127222,0.04884370,1560.55375675,0.01998543,0.01998543,27785,85,0
7193.14253218,7193.14326971,1792.46453523,1792.44096628,0.04436981,1560.72372350,0.01998543,0.01998543,27784,85,0
7193.40208359,7193.40219587,1800.74307754,1800.73948600,0.04089491,1560.89348425,0.01998543,0.01998543,27783,85,0
7193.66098379,7193.66114066,1809.03050271,1809.02547943,0.04442300,1561.06177601,0.01998543,0.01998543,27782,85,0
7193.92007062,7193.92010410,1817.32675361,1817.32568046,0.04328154,1561.22914142,0.01998543,0.01998543,27781,85,0
7194.17860847,7194.17908617,1825.63177303,1825.61644641,0.05084139,1561.39510272,0.01998543,0.01998543,27780,85,0
7194.43816856,7194.43808689,1833.94556931,1833.94819229,0.03939502,1561.56066220,0.01998543,0.01998543,27779,85,0
7194.69725749,7194.69710625,1842.26829378,1842.27315587,0.04441597,1561.72486326,0.01998543,0.01998543,27778,85,0
7194.95626592,7194.95614426,1850.60011743,1850.60403250,0.05344510,1561.88795654,0.01998543,0.01998543,27777,85,0
7195.21519176,7195.21520092,1858.94121232,1858.94091735,0.04032857,1562.04994130,0.01998543,0.01998543,27776,85,0
7195.47439582,7195.47427623,1867.29175430,1867.29561122,0.05231712,1562.21104158,0.01998543,0.01998543,27775,85,0
7195.73278793,7195.73337019,1875.65192864,1875.63313067,0.04357948,1562.37058271,0.01998543,0.01998543,27774,85,0
7195.99234356,7195.99248280,1884.02192346,1884.01742304,0.02995047,1562.52978182,0.01998543,0.01998543,27773,85,0
7196.25143188,7196.25161408,1892.40192808,1892.39603274,0.04979974,1562.68763381,0.01998543,0.01998543,27772,85,0
7196.51086822,7196.51076401,1900.79202882,1900.79540449,0.04177318,1562.84463359,0.01998543,0.01998543,27771,85,0
7196.76970958,7196.76993260,1909.19185037,1909.18461852,0.04056910,1563.00020088,0.01998543,0.01998543,27770,85,0
7197.02928943,7197.02911985,1917.60088688,1917.60639143,0.04919066,1563.15512284,0.01998543,0.01998543,27769,85,0
7197.28882684,7197.28832577,1926.01862902,1926.03490887,0.03440341,1563.30891588,0.01998543,0.01998543,27768,85,0
7197.54767189,7197.54755036,1934.44469594,1934.44864806,0.04916871,1563.46118911,0.01998543,0.01998543,27767,85,0
7197.80669574,7197.80679361,1942.87948250,1942.87629631,0.04001285,1563.61246193,0.01998543,0.01998543,27766,85,0
7198.06570072,7198.06605554,1951.32367060,1951.31210788,0.04880321,1563.76262630,0.01998543,0.01998543,27765,85,0
7198.32547183,7198.32533614,1959.77794718,1959.78237439,0.04128776,1563.91214075,0.01998543,0.01998543,27764,85,0
7198.58518851,7198.58463541,1968.24289074,1968.26095776,0.04804930,1564.06053434,0.01998543,0.01998543,27763,85,0
7198.84378527,7198.84395336,1976.71823830,1976.71274141,0.04190776,1564.20719662,0.01998543,0.01998543,27762,85,0
7199.10291581,7199.10328999,1985.20334232,1985.19109353,0.04007535,1564.35305375,0.01998543,0.01998543,27761,85,0
7199.36247661,7199.36264530,1993.69754890,1993.69202163,0.04904586,1564.49802606,0.01998543,0.01998543,27760,85,0
7199.62228667,7199.62201929,2002.20026819,2002.20903737,0.04495111,1564.64199422,0.01998543,0.01998543,27759,85,0
7199.88144439,7199.88141197,2010.71152367,2010.71258791,0.05175170,1564.78445812,0.01998543,0.01998543,27758,85,0
7200.14135986,7200.14082334,2019.23166581,2019.24929638,0.04806576,1564.92619445,0.01998543,0.01998543,27757,85,0
7200.40011259,7200.40025339,2027.76105044,2027.75641901,0.04375126,1565.06616067,0.01998543,0.01998543,27756,85,0
7200.65981502,7200.65970213,2036.30003792,2036.30375533,0.04904665,1565.20550281,0.01998543,0.01998543,27755,85,0
7200.91910441,7200.91916957,2044.84901261,2044.84686444,0.03791485,1565.34348829,0.01998543,0.01998543,27754,85,0
7201.17827335,7201.17865571,2053.40837418,2053.39575461,0.04621686,1565.48027842,0.01998543,0.01998543,27753,85,0
7201.43794760,7201.43816054,2061.97852516,2061.97148857,0.03593104,1565.61620287,0.01998543,0.01998543,27752,85,0
7201.69762390,7201.69768406,2070.55983298,2070.55784242,0.04672577,1565.75099602,0.01998543,0.01998543,27751,85,0
7201.95759259,7201.95722629,2079.15225237,2079.16438635,0.03993974,1565.88480112,0.01998543,0.01998543,27750,85,0
7202.21602542,7202.21678723,2087.75548151,2087.73021642,0.04725614,1566.01667600,0.01998543,0.01998543,27749,85,0
7202.47624710,7202.47636687,2096.36921263,2096.36523615,0.04504814,1566.14830622,0.01998543,0.01998543,27748,85,0
7202.73579172,7202.73596521,2104.99315032,2104.98738382,0.03830138,1566.27842804,0.01998543,0.01998543,27747,85,0
7202.99543453,7202.99558227,2113.62715646,2113.62224044,0.04858994,1566.40742759,0.01998543,0.01998543,27746,85,0
7203.25509696,7203.25521803,2122.27119039,2122.26715719,0.04641814,1566.53526011,0.01998543,0.01998543,27745,85,0
7203.51502195,7203.51487251,2130.92521252,2130.93019570,0.03578709,1566.66203839,0.01998543,0.01998543,27744,85,0
7203.77483508,7203.77454571,2139.58920310,2139.59886335,0.05006773,1566.78757419,0.01998543,0.01998543,27743,85,0
7204.03487452,7204.03423762,2148.26334853,2148.28463423,0.05020164,1566.91202847,0.01998543,0.01998543,27742,85,0
7204.29376363,7204.29394825,2156.94795765,2156.94178062,0.03495267,1567.03474871,0.01998543,0.01998543,27741,85,0
7204.55310164,7204.55367760,2165.64334300,2165.62404904,0.05138807,1567.15649760,0.01998543,0.01998543,27740,85,0
7204.81385674,7204.81342568,2174.34978639,2174.36424365,0.04640101,1567.27771608,0.01998543,0.01998543,27739,85,0
7205.07319230,7205.07319248,2183.06727417,2183.06726804,0.05305797,1567.39708050,0.01998543,0.01998543,27738,85,0
7205.33312042,7205.33297801,2191.79563489,2191.80042237,0.03631037,1567.51551553,0.01998543,0.01998543,27737,85,0
7205.59233709,7205.59278226,2200.53469434,2200.51971141,0.04630417,1567.63242080,0.01998543,0.01998543,27736,85,0
7205.85200702,7205.85260525,2209.28427458,2209.26411787,0.04802143,1567.74831641,0.01998543,0.01998543,27735,85,0
7206.11235658,7206.11244698,2218.04417825,2218.04112912,0.03429493,1567.86328827,0.01998543,0.01998543,27734,85,0
7206.37196782,7206.37230743,2226.81419830,2226.80273048,0.04727678,1567.97670344,0.01998543,0.01998543,27733,85,0
7206.63191634,7206.63218663,2235.59412607,2235.58498964,0.04692944,1568.08902762,0.01998543,0.01998543,27732,85,0
7206.89197419,7206.89208456,2244.38382621,2244.38009126,0.04349109,1568.20015309,0.01998543,0.01998543,27731,85,0
7207.15198248,7207.15200124,2253.18360584,2253.18297040,0.04663104,1568.31001109,0.01998543,0.01998543,27730,85,0
7207.41215354,7207.41193666,2261.99393693,2262.00129219,0.03262356,1568.41869188,0.01998543,0.01998543,27729,85,0
7207.67166560,7207.67189083,2270.81529514,2270.80764756,0.04801744,1568.52585687,0.01998543,0.01998543,27728,85,0
7207.93221909,7207.93186374,2279.64807550,2279.66015606,0.04280280,1568.63220537,0.01998543,0.01998543,27727,85,0
7208.19162811,7208.19185540,2288.49230143,2288.48456478,0.04277207,1568.73684115,0.01998543,0.01998543,27726,85,0
7208.45156317,7208.45186582,2297.34789227,2297.33757828,0.04312486,1568.84043650,0.01998543,0.01998543,27725,85,0
7208.71223590,7208.71189499,2306.21476669,2306.22639874,0.04934242,1568.94306063,0.01998543,0.01998543,27724,85,0
7208.97202792,7208.97194291,2315.09280442,2315.09570816,0.05537275,1569.04407106,0.01998543,0.01998543,27723,85,0
7209.23208846,7209.23200959,2323.98176262,2323.98445966,0.03553968,1569.14391147,0.01998543,0.01998543,27722,85,0
7209.49170409,7209.49209504,2332.88137238,2332.86798768,0.05366151,1569.24230148,0.01998543,0.01998543,27721,85,0
7209.75238508,7209.75219924,2341.79136420,2341.79773358,0.03587535,1569.33980122,0.01998543,0.01998543,27720,85,0
7210.01248191,7210.01232221,2350.71174510,2350.71722505,0.04820354,1569.43578562,0.01998543,0.01998543,27719,85,0
7210.27233902,7210.27246394,2359.64313006,2359.63883862,0.04603720,1569.53038981,0.01998543,0.01998543,27718,85,0
7210.53270416,7210.53262444,2368.58621883,2368.58896081,0.04324527,1569.62388639,0.01998543,0.01998543,27717,85,0
7210.79277287,7210.79280371,2377.54170693,2377.54064461,0.04422338,1569.71598675,0.01998543,0.01998543,27716,85,0
7211.05322062,7211.05300176,2386.50981506,2386.51736332,0.04174785,1569.80692613,0.01998543,0.01998543,27715,85,0
7211.31305736,7211.31321857,2395.49006868,2395.48450161,0.04013797,1569.89635021,0.01998543,0.01998543,27714,85,0
7211.57328903,7211.57345417,2404.48193481,2404.47622540,0.04111728,1569.98459616,0.01998543,0.01998543,27713,85,0
7211.83395776,7211.83370854,2413.48489388,2413.49352006,0.04422661,1570.07166174,0.01998543,0.01998543,27712,85,0
7212.09388386,7212.09398169,2422.49877941,2422.49538942,0.04295852,1570.15714872,0.01998543,0.01998543,27711,85,0
7212.35406080,7212.35427362,2431.52375666,2431.51637322,0.04529847,1570.24138425,0.01998543,0.01998543,27710,85,0
7212.61434002,7212.61458434,2440.56000485,2440.55151865,0.04244454,1570.32431416,0.01998543,0.01998543,27709,85,0
7212.87426586,7212.87491384,2449.60772519,2449.58519088,0.04177388,1570.40579194,0.01998543,0.01998543,27708,85,0
7213.13483166,7213.13526214,2458.66732342,2458.65233413,0.04309161,1570.48612513,0.01998543,0.01998543,27707,85,0
7213.39570248,7213.39562922,2467.73932363,2467.74187790,0.04807097,1570.56520226,0.01998543,0.01998543,27706,85,0
7213.65608858,7213.65601509,2476.82425527,2476.82682117,0.04570001,1570.64278418,0.01998543,0.01998543,27705,85,0
7213.91580149,7213.91641976,2485.92246630,2485.90084992,0.04924722,1570.71882072,0.01998543,0.01998543,27704,85,0
7214.17701850,7214.17684323,2495.03336435,2495.03950007,0.05160845,1570.79393193,0.01998543,0.01998543,27703,85,0
7214.43745502,7214.43728549,2504.15605349,2504.16199506,0.04556388,1570.86744223,0.01998544,0.01998543,27702,85,0
7214.69742903,7214.69774656,2513.28963137,2513.27849078,0.04769163,1570.93943884,0.01998543,0.01998543,27701,85,0
7214.95788695,7214.95822642,2522.43359528,2522.42167183,0.03944029,1571.01017489,0.01998543,0.01998543,27700,85,0
7215.21814491,7215.21872509,2531.58849811,2531.56809639,0.04055745,1571.07946182,0.01998543,0.01998543,27699,85,0
7215.47902617,7215.47924257,2540.75506740,2540.74744818,0.03808051,1571.14751575,0.01998543,0.01998543,27698,85,0
7215.74006261,7215.73977886,2549.93402666,2549.94403025,0.05628339,1571.21420815,0.01998544,0.01998543,27697,85,0
7216.00038866,7216.00033395,2559.12570079,2559.12763194,0.04369634,1571.27931893,0.01998544,0.01998543,27696,85,0
7216.26092100,7216.26090786,2568.32987667,2568.33034087,0.03946166,1571.34307411,0.01998543,0.01998543,27695,85,0
7216.52132009,7216.52150059,2577.54630169,2577.53991418,0.04157146,1571.40538257,0.01998543,0.01998543,27694,85,0
7216.78203457,7216.78211213,2586.77474270,2586.77199465,0.04170990,1571.46634300,0.01998543,0.01998543,27693,85,0
7217.04228536,7217.04274249,2596.01522900,2595.99901168,0.04624479,1571.52576911,0.01998543,0.01998543,27692,85,0
7217.30320168,7217.30339167,2605.26796771,2605.26121891,0.04390421,1571.58391281,0.01998543,0.01998543,27691,85,0
7217.56421054,7217.56405967,2614.53317084,2614.53853678,0.04164446,1571.64063575,0.01998543,0.01998543,27690,85,0
7217.82433306,7217.82474650,2623.81105549,2623.79633148,0.04766276,1571.69572728,0.01998543,0.01998543,27689,85,0
7218.08540117,7218.08545215,2633.10185725,2633.10003895,0.05364359,1571.74957032,0.01998543,0.01998543,27688,85,0
7218.34615122,7218.34617664,2642.40581873,2642.40491094,0.04682768,1571.80189436,0.01998543,0.01998544,27687,85,0
7218.60660134,7218.60691995,2651.72318347,2651.71179039,0.04771444,1571.85270338,0.01998543,0.01998544,27686,85,0
7218.86756812,7218.86768210,2661.05405967,2661.04997833,0.05090863,1571.90214915,0.01998543,0.01998544,27685,85,0
7219.12865513,7219.12846308,2670.39827661,2670.40516246,0.04034122,1571.95014397,0.01998544,0.01998544,27684,85,0
7219.38880906,7219.38926290,2679.75562800,2679.73933385,0.04242609,1571.99649385,0.01998543,0.01998544,27683,85,0
7219.64970195,7219.65008156,2689.12591890,2689.11227186,0.04816524,1572.04149126,0.01998543,0.01998544,27682,85,0
7219.91098898,7219.91091906,2698.50919283,2698.51170977,0.03907901,1572.08506115,0.01998544,0.01998544,27681,85,0
7220.17144866,7220.17177541,2707.90570379,2707.89392595,0.05005422,1572.12699857,0.01998543,0.01998544,27680,85,0
7220.43223990,7220.43265059,2717.31571493,2717.30089061,0.03723740,1572.16748926,0.01998543,0.01998544,27679,85,0
7220.69343761,7220.69354463,2726.73940791,2726.73553979,0.03970437,1572.20653283,0.01998544,0.01998544,27678,85,0
7220.95456953,7220.95445752,2736.17649763,2736.18055187,0.05403014,1572.24404812,0.01998544,0.01998544,27677,85,0
7221.21554678,7221.21538925,2745.62653345,2745.63224208,0.03950192,1572.28001626,0.01998544,0.01998544,27676,85,0
7221.47621181,7221.47633984,2755.08906339,2755.08441780,0.04817085,1572.31441189,0.01998544,0.01998544,27675,85,0
7221.73729067,7221.73730929,2764.56397510,2764.56329875,0.03357982,1572.34732365,0.01998544,0.01998544,27674,85,0
7221.99828191,7221.99829759,2774.05183295,2774.05126256,0.04583975,1572.37868139,0.01998544,0.01998544,27673,85,0
7222.25915224,7222.25930475,2783.55328538,2783.54772973,0.04141083,1572.40847880,0.01998544,0.01998544,27672,85,0
7222.52037251,7222.52033078,2793.06895402,2793.07047666,0.05036223,1572.43676292,0.01998544,0.01998544,27671,85,0
7222.78140615,7222.78137566,2802.59901795,2802.60013185,0.03373467,1572.46346788,0.01998544,0.01998544,27670,85,0
7223.04288054,7223.04243942,2812.14332972,2812.15946841,0.05591106,1572.48864829,0.01998544,0.01998544,27669,85,0
7223.30380403,7223.30352204,2821.70173303,2821.71206408,0.04029338,1572.51220241,0.01998544,0.01998544,27668,85,0
7223.56440201,7223.56462353,2831.27409370,2831.26596700,0.04741455,1572.53415147,0.01998544,0.01998544,27667,85,0
7223.82567421,7223.82574389,2840.86036719,2840.85780710,0.04969490,1572.55456972,0.01998544,0.01998544,27666,85,0
7224.08705643,7224.08688313,2850.46053035,2850.46690563,0.03654437,1572.57339915,0.01998544,0.01998544,27665,85,0
7224.34779510,7224.34804124,2860.07455737,2860.06548985,0.04716656,1572.59058365,0.01998544,0.01998544,27664,85,0
7224.60910480,7224.60921823,2869.70234225,2869.69815800,0.03665460,1572.60619706,0.01998544,0.01998544,27663,85,0
7224.87042081,7224.87041410,2879.34368061,2879.34392847,0.04527199,1572.62019339,0.01998544,0.01998544,27662,85,0
7225.13152092,7225.13162885,2888.99836027,2888.99436846,0.05220987,1572.63255587,0.01998544,0.01998544,27661,85,0
7225.39319555,7225.39286249,2898.66625810,2898.67859245,0.04354382,1572.64331199,0.01998544,0.01998544,27660,85,0
7225.65387533,7225.65411501,2908.34781484,2908.33892648,0.04935070,1572.65239517,0.01998544,0.01998544,27659,85,0
7225.91523038,7225.91538642,2918.04369167,2918.03789661,0.04777972,1572.65986042,0.01998544,0.01998544,27658,85,0
7226.17652301,7226.17667672,2927.75455061,2927.74883350,0.04184393,1572.66567428,0.01998544,0.01998544,27657,85,0
7226.43834361,7226.43798592,2937.48065644,2937.49397979,0.03497191,1572.66983819,0.01998544,0.01998544,27656,85,0
7226.69919885,7226.69931400,2947.22160115,2947.21730561,0.04796547,1572.67232503,0.01998544,0.01998544,27655,85,0
7226.96065684,7226.96066099,2956.97690858,2956.97675378,0.04226368,1572.67314595,0.01998544,0.01998544,27654,85,0
7227.22159916,7227.22202687,2966.74617998,2966.73018233,0.04430781,1572.67228965,0.01998544,0.01998544,27653,85,0
7227.48331372,7227.48341165,2976.52967382,2976.52600572,0.03555776,1572.66974248,0.01998544,0.01998544,27652,85,0
7227.74492002,7227.74481534,2986.32797069,2986.33189735,0.04230201,1572.66549930,0.01998544,0.01998544,27651,85,0
7228.00652526,7228.00623793,2996.14165612,2996.15245082,0.05229261,1572.65955169,0.01998544,0.01998544,27650,85,0
7228.26727570,7228.26767942,3005.97106803,3005.95587784,0.05118888,1572.65191957,0.01998544,0.01998544,27649,85,0
7228.53100614,7228.52913983,3015.81606835,3015.88639514,0.04974965,1572.64246201,0.01998544,0.01998544,27648,85,0
7228.79083863,7228.79061914,3025.67646429,3025.68474731,0.04870826,1572.63142725,0.01998544,0.01998544,27647,85,0
7229.05235204,7229.05211737,3035.55209917,3035.56096818,0.05326571,1572.61859291,0.01998544,0.01998544,27646,85,0
7229.31336418,7229.31363452,3045.44312982,3045.43289754,0.03756904,1572.60404661,0.01998544,0.01998544,27645,85,0
7229.57496910,7229.57517058,3055.34987032,3055.34223262,0.04971401,1572.58771826,0.01998544,0.01998544,27644,85,0
7229.83654586,7229.83672556,3065.27263406,3065.26581163,0.05314550,1572.56963251,0.01998544,0.01998544,27643,85,0
7230.09823850,7230.09829946,3075.21134760,3075.20902968,0.04580049,1572.54977062,0.01998544,0.01998544,27642,85,0
7230.35987978,7230.35989228,3085.16525527,3085.16477929,0.05009533,1572.52813835,0.01998544,0.01998544,27641,85,0
7230.62170679,7230.62150403,3095.13352552,3095.14125649,0.04693392,1572.50470914,0.01998544,0.01998544,27640,85,0
7230.88309171,7230.88313470,3105.11551360,3105.11387238,0.04438716,1572.47953627,0.01998544,0.01998544,27639,85,0
7231.14487203,7231.14478431,3115.11187198,3115.11522588,0.04961713,1572.45253090,0.01998544,0.01998544,27638,85,0
7231.40620687,7231.40645284,3125.12379428,3125.11437570,0.04210605,1572.42376957,0.01998544,0.01998544,27637,85,0
7231.66797602,7231.66814031,3135.15246847,3135.14616727,0.04442365,1572.39314399,0.01998544,0.01998544,27636,85,0
7231.92962355,7231.92984671,3145.19834286,3145.18976977,0.04368958,1572.36070597,0.01998544,0.01998544,27635,85,0
7232.19150800,7232.19157205,3155.26087457,3155.25841002,0.05205053,1572.32640300,0.01998544,0.01998544,27634,85,0
7232.45317980,7232.45331634,3165.33944690,3165.33418548,0.03456842,1572.29028752,0.01998544,0.01998544,27633,85,0
7232.71537433,7232.71507956,3175.43360673,3175.44498212,0.04675792,1572.25224832,0.01998544,0.01998544,27632,85,0
7232.97703328,7232.97686172,3185.54363414,3185.55026483,0.04523973,1572.21243003,0.01998544,0.01998544,27631,85,0
7233.23860231,7233.23866284,3195.67001212,3195.66766907,0.04832779,1572.17076138,0.01998544,0.01998544,27630,85,0
7233.49996044,7233.50048289,3205.81320119,3205.79294452,0.04963600,1572.12725454,0.01998544,0.01998544,27629,85,0
7233.76257162,7233.76232190,3215.97321102,3215.98290816,0.03837788,1572.08164590,0.01998544,0.01998544,27628,85,0
7234.02378603,7234.02417986,3226.14967281,3226.13435582,0.04224752,1572.03439036,0.01998544,0.01998544,27627,85,0
7234.28570217,7234.28605678,3236.34220356,3236.32839157,0.04929380,1571.98510927,0.01998544,0.01998544,27626,85,0
7234.54823337,7234.54795265,3246.55066879,3246.56161936,0.05443232,1571.93379700,0.01998544,0.01998544,27625,85,0
7234.80982652,7234.80986748,3256.77551537,3256.77391519,0.04498162,1571.88075010,0.01998544,0.01998544,27624,85,0
7235.07196638,7235.07180126,3267.01727639,3267.02373774,0.04563407,1571.82566041,0.01998544,0.01998544,27623,85,0
7235.33384576,7235.33375402,3277.27643081,3277.28002690,0.04446141,1571.76868296,0.01998544,0.01998544,27622,85,0
7235.59563553,7235.59572573,3287.55305599,3287.54951466,0.05150245,1571.70977500,0.01998544,0.01998544,27621,85,0
7235.85743710,7235.85771641,3297.84705959,3297.83607617,0.04313443,1571.64890607,0.01998544,0.01998544,27620,85,0
7236.12010109,7236.11972606,3308.15834831,3308.17311914,0.03505396,1571.58586009,0.01998544,0.01998544,27619,85,0
7236.38159103,7236.38175468,3318.48684672,3318.48039094,0.05266057,1571.52112088,0.01998544,0.01998544,27618,85,0
7236.64380377,7236.64380227,3328.83249855,3328.83255802,0.04386369,1571.45421530,0.01998544,0.01998544,27617,85,0
7236.90609429,7236.90586883,3339.19524813,3339.20417024,0.04360776,1571.38529024,0.01998544,0.01998544,27616,85,0
7237.16812563,7237.16795438,3349.57520204,3349.58198996,0.05208863,1571.31442664,0.01998544,0.01998544,27615,85,0
7237.43004409,7237.43005890,3359.97288587,3359.97229812,0.04082780,1571.24157645,0.01998544,0.01998544,27614,85,0
7237.69228659,7237.69218240,3370.38889640,3370.39304023,0.05090518,1571.16660204,0.01998544,0.01998544,27613,85,0
7237.95394973,7237.95432488,3380.82372792,3380.80878192,0.03963788,1571.08975135,0.01998544,0.01998544,27612,85,0
7238.21635457,7238.21648635,3391.27717880,3391.27191977,0.05858478,1571.01062607,0.01998544,0.01998544,27611,85,0
7238.47847924,7238.47866681,3401.74876649,3401.74126886,0.04373178,1570.92952282,0.01998544,0.01998544,27610,85,0
7238.74147570,7238.74086625,3412.23802379,3412.26242431,0.05093724,1570.84607230,0.01998544,0.01998544,27609,85,0
7239.00332119,7239.00308469,3422.74486388,3422.75434797,0.03858089,1570.76091099,0.01998544,0.01998544,27608,85,0
7239.26536058,7239.26532211,3433.26953507,3433.27108016,0.05059214,1570.67360147,0.01998544,0.01998544,27607,85,0
7239.52774859,7239.52757854,3443.81229956,3443.81914131,0.04108337,1570.58407399,0.01998544,0.01998544,27606,85,0
7239.79047869,7239.78985396,3454.37344484,3454.39862267,0.04721354,1570.49231024,0.01998544,0.01998544,27605,85,0
7240.05235098,7240.05214838,3464.95330180,3464.96148107,0.04179239,1570.39872279,0.01998544,0.01998544,27604,85,0
7240.31440507,7240.31446180,3475.55220879,3475.54991483,0.04351413,1570.30293525,0.01998544,0.01998544,27603,85,0
7240.57687512,7240.57679422,3486.17038644,3486.17366372,0.05090075,1570.20484243,0.01998544,0.01998544,27602,85,0
7240.83953976,7240.83914565,3496.80761244,3496.82360559,0.04645979,1570.10451126,0.01998544,0.01998544,27601,85,0
7241.10138831,7241.10151609,3507.46355976,3507.45836577,0.04681136,1570.00232841,0.01998544,0.01998544,27600,85,0
7241.36447932,7241.36390553,3518.13789685,3518.16125843,0.04997517,1569.89747843,0.01998544,0.01998544,27599,85,0
7241.62646612,7241.62631399,3528.83028255,3528.83648632,0.04323375,1569.79088833,0.01998544,0.01998544,27598,85,0
7241.88865900,7241.88874146,3539.54036911,3539.53700098,0.04493917,1569.68203007,0.01998544,0.01998544,27597,85,0
7242.15114092,7242.15118795,3550.26787588,3550.26595234,0.03675378,1569.57085636,0.01998544,0.01998544,27596,85,0
7242.41316137,7242.41365345,3561.01367716,3560.99351292,0.05349725,1569.45766859,0.01998544,0.01998544,27595,85,0
7242.67593818,7242.67613797,3571.77960026,3571.77139795,0.04848969,1569.34190718,0.01998544,0.01998544,27594,85,0
7242.93895398,7242.93864152,3582.56748350,3582.58033744,0.04326989,1569.22375591,0.01998544,0.01998544,27593,85,0
7243.20082885,7243.20116409,3593.37761591,3593.36379849,0.05184664,1569.10383111,0.01998544,0.01998544,27592,85,0
7243.45080038,nan,0.00000000,3603.68808640,0.40537475,1568.98709227,0.01998541,0.01998544,27591,85,1
7243.72691747,7243.72626631,3615.05706128,3615.08398747,0.04898692,1568.85605501,0.01998544,0.01998544,27590,85,0
7243.98882327,7243.98884596,3625.92361951,3625.92267951,0.03971041,1568.72930093,0.01998544,0.01998544,27589,85,0
7244.25106119,7244.25144465,3636.80996297,3636.79405120,0.04844468,1568.60008451,0.01998544,0.01998544,27588,85,0
7244.51360648,7244.51406237,3647.71864272,3647.69968571,0.04422068,1568.46836768,0.01998544,0.01998544,27587,85,0
7244.77690991,7244.77669913,3658.65132780,3658.66011088,0.03927684,1568.33387677,0.01998544,0.01998544,27586,85,0
7245.03942089,7245.03935492,3669.60650190,3669.60925588,0.04924717,1568.19740990,0.01998544,0.01998544,27585,85,0
7245.30236150,7245.30202976,3680.58192685,3680.59579930,0.04201042,1568.05835274,0.01998544,0.01998544,27584,85,0
7245.56520749,7245.56472364,3691.57583351,3691.59609953,0.03991781,1567.91698964,0.01998544,0.01998544,27583,85,0
7245.82767381,7245.82743656,3702.58909765,3702.59905264,0.04382728,1567.77345849,0.01998544,0.01998544,27582,85,0
7246.09007437,7246.09016853,3713.62349863,3713.61954015,0.04380819,1567.62755926,0.01998544,0.01998544,27581,85,0
7246.35295734,7246.35291955,3724.68059722,3724.68218914,0.04923882,1567.47894846,0.01998544,0.01998544,27580,85,0
7246.61474913,7246.61568961,3735.76007426,3735.72038238,0.04662668,1567.32851580,0.01998544,0.01998544,27579,85,0
7246.87874109,7246.87847874,3746.86070258,3746.87179457,0.04791680,1567.17435893,0.01998544,0.01998544,27578,85,0
7247.14174339,7247.14128691,3757.98133138,3758.00066345,0.02751424,1567.01832796,0.01998544,0.01998544,27577,85,0
7247.40345994,7247.40411415,3769.12188719,3769.09413289,0.05187370,1566.86062014,0.01998544,0.01998544,27576,85,0
7247.66699926,7247.66696044,3780.28298640,3780.28463630,0.03558017,1566.69933458,0.01998544,0.01998544,27575,85,0
7247.92961482,7247.92982579,3791.46524879,3791.45626558,0.04356926,1566.53611872,0.01998544,0.01998544,27574,85,0
7248.19253897,7248.19271021,3802.66907378,3802.66176890,0.04515828,1566.37019745,0.01998544,0.01998544,27573,85,0
7248.45509500,7248.45561369,3813.89468442,3813.87251628,0.05494288,1566.20198306,0.01998544,0.01998544,27572,85,0
7248.71803414,7248.71853624,3825.14229466,3825.12079481,0.04787582,1566.03097837,0.01998544,0.01998544,27571,85,0
7248.98148292,7248.98147786,3836.41198609,3836.41220326,0.04032952,1565.85707420,0.01998544,0.01998544,27570,85,0
7249.24450809,7249.24443855,3847.70371315,3847.70670180,0.04274858,1565.68087340,0.01998544,0.01998544,27569,85,0
7249.50721822,7249.50741832,3859.01744812,3859.00883176,0.05521296,1565.50230187,0.01998544,0.01998544,27568,85,0
7249.77080568,7249.77041716,3870.35378920,3870.37055304,0.04401234,1565.32051848,0.01998544,0.01998544,27567,85,0
7250.03331194,7250.03343507,3881.71401723,3881.70869311,0.05038860,1565.13684311,0.01998544,0.01998544,27566,85,0
7250.29633715,7250.29647207,3893.09941741,3893.09357091,0.04823575,1564.95012961,0.01998544,0.01998544,27565,85,0
7250.55958849,7250.55952815,3904.50992189,3904.51254176,0.03748830,1564.76056097,0.01998544,0.01998544,27564,85,0
7250.82283035,7250.82260331,3915.94386298,3915.95373972,0.05523298,1564.56831712,0.01998544,0.01998544,27563,85,0
7251.08572466,7251.08569756,3927.39952003,3927.40070107,0.04212792,1564.37366618,0.01998544,0.01998544,27562,85,0
7251.34868854,7251.34881090,3938.87707068,3938.87172764,0.04854315,1564.17628783,0.01998544,0.01998544,27561,85,0
7251.61196522,7251.61194333,3950.37900942,3950.37996735,0.04414553,1563.97593720,0.01998544,0.01998544,27560,85,0
7251.87495612,7251.87509485,3961.90791333,3961.90182836,0.05070197,1563.77300947,0.01998544,0.01998544,27559,85,0
7252.13821290,7252.13826546,3973.46366138,3973.46135121,0.03335114,1563.56706554,0.01998544,0.01998544,27558,85,0
7252.40106015,7252.40145517,3985.04289319,3985.02549862,0.04622964,1563.35868103,0.01998544,0.01998544,27557,85,0
7252.66462192,7252.66466398,3996.64214649,3996.64029127,0.05447928,1563.14700965,0.01998544,0.01998544,27556,85,0
7252.92825197,7252.92789189,4008.26149920,4008.27740870,0.04284092,1562.93254506,0.01998544,0.01998544,27555,85,0
7253.19100669,7253.19113890,4019.90501344,4019.89915881,0.04987144,1562.71597970,0.01998544,0.01998544,27554,85,0
7253.45490356,7253.45440502,4031.57685189,4031.59898192,0.05026546,1562.49555296,0.01998544,0.01998544,27553,85,0
7253.71805482,7253.71769025,4043.27764531,4043.29386552,0.03720327,1562.27280617,0.01998544,0.01998544,27552,85,0
7253.98113364,7253.98099458,4055.00447343,4055.01067286,0.04472780,1562.04722235,0.01998544,0.01998544,27551,85,0
7254.24441834,7254.24431802,4066.75436270,4066.75884324,0.05196890,1561.81860317,0.01998544,0.01998544,27550,85,0
7254.50757086,7254.50766058,4078.52666661,4078.52265184,0.04268876,1561.58723998,0.01998544,0.01998544,27549,85,0
nan,nan,0.00000000,-1.00000000,0.00000000,1561.35915776,nan,0.00000000,-2147483648,85,1
nan,nan,0.00000000,-1.00000000,0.00000000,1558.58323081,nan,0.00000000,-2147483648,84,1
7216.26203859,7216.26090786,10.33936810,10.36879197,0.05529449,1558.91618434,0.01998544,0.01998543,27695,84,0
7216.52317080,7216.52150059,17.12278554,17.16627713,0.06201459,1559.27075245,0.01998544,0.01998543,27694,84,0
7216.78244253,7216.78211213,23.91128583,23.91989508,0.03835426,1559.62221742,0.01998544,0.01998543,27693,84,0
7217.04219883,7217.04274249,30.70494648,30.69077052,0.04191849,1559.97376515,0.01998543,0.01998543,27692,84,0
7217.30323088,7217.30339167,37.50384267,37.49964704,0.03203885,1560.32646274,0.01998543,0.01998543,27691,84,0
7217.56337486,7217.56405967,44.30793579,44.29005443,0.05197157,1560.67738160,0.01998543,0.01998543,27690,84,0
7217.82574464,7217.82474650,51.11703127,51.14311102,0.05883090,1561.03070586,0.01998544,0.01998543,27689,84,0
7218.08544535,7218.08545215,57.93092249,57.93074459,0.03322132,1561.37983308,0.01998544,0.01998543,27688,84,0
7218.34567822,7218.34617664,64.74940191,64.73636348,0.04717291,1561.72906214,0.01998543,0.01998544,27687,84,0
7218.60644272,7218.60691995,71.57226378,71.55977258,0.04147397,1562.07837663,0.01998543,0.01998544,27686,84,0
7218.86861429,7218.86768210,78.39946746,78.42388088,0.04751924,1562.42893876,0.01998544,0.01998544,27685,84,0
7219.12895441,7219.12846308,85.23123151,85.24410703,0.04564163,1562.77642948,0.01998544,0.01998544,27684,84,0
7219.38833333,7219.38926290,92.06779800,92.04342245,0.06648110,1563.12203108,0.01998543,0.01998544,27683,84,0
7219.65019801,7219.65008156,98.90941007,98.91246562,0.01772158,1563.47034181,0.01998544,0.01998544,27682,84,0
7219.91132363,7219.91091906,105.75631058,105.76693418,0.05662345,1563.81707693,0.01998544,0.01998544,27681,84,0
7220.17098947,7220.17177541,112.60863923,112.58798651,0.03720867,1564.16129221,0.01998543,0.01998544,27680,84,0
7220.43274067,7220.43265059,119.46635866,119.46872725,0.04897069,1564.50768132,0.01998544,0.01998544,27679,84,0
7220.69424130,7220.69354463,126.32941399,126.34774696,0.04924305,1564.85314229,0.01998544,0.01998544,27678,84,0
7220.95542327,7220.95445752,133.19775010,133.22318166,0.04829562,1565.19758257,0.01998544,0.01998544,27677,84,0
7221.21505589,7221.21538925,140.07131147,140.06252705,0.04175434,1565.53938112,0.01998544,0.01998544,27676,84,0
7221.47635167,7221.47633984,146.95003108,146.95034301,0.05813388,1565.88276169,0.01998544,0.01998544,27675,84,0
7221.73708665,7221.73730929,153.83382163,153.82794699,0.05181125,1566.22479182,0.01998544,0.01998544,27674,84,0
7221.99720711,7221.99829759,160.72259340,160.69380090,0.05334012,1566.56539915,0.01998543,0.01998544,27673,84,0
7222.25931545,7222.25930475,167.61625623,167.61653896,0.03714853,1566.90798034,0.01998544,0.01998544,27672,84,0
7222.52018698,7222.52033078,174.51472088,174.51091934,0.04736942,1567.24831192,0.01998544,0.01998544,27671,84,0
7222.78136065,7222.78137566,181.41800685,181.41760971,0.03215458,1567.58840444,0.01998544,0.01998544,27670,84,0
7223.04391312,7223.04243942,188.32632430,188.36533503,0.05389618,1567.92966261,0.01998544,0.01998544,27669,84,0
7223.30390518,7223.30352204,195.23990348,195.25005273,0.04674553,1568.26698019,0.01998544,0.01998544,27668,84,0
7223.56466252,7223.56462353,202.15897568,202.16000935,0.05517241,1568.60468788,0.01998544,0.01998544,27667,84,0
7223.82711091,7223.82574389,209.08377084,209.12003758,0.05079146,1568.94398553,0.01998544,0.01998544,27666,84,0
7224.08665265,7224.08688313,216.01435244,216.00823338,0.02725985,1569.27893447,0.01998544,0.01998544,27665,84,0
7224.34762881,7224.34804124,222.95050988,222.93955219,0.05384613,1569.61512997,0.01998544,0.01998544,27664,84,0
7224.60908428,7224.60921823,229.89200622,229.88844482,0.05335836,1569.95132169,0.01998544,0.01998544,27663,84,0
7224.87064417,7224.87041410,236.83860341,236.84472424,0.05948888,1570.28701225,0.01998544,0.01998544,27662,84,0
7225.13123478,7225.13162885,243.79006549,243.77957516,0.05113888,1570.62081378,0.01998544,0.01998544,27661,84,0
7225.39306645,7225.39286249,250.74631944,250.75175230,0.05541604,1570.95555151,0.01998544,0.01998544,27660,84,0
7225.65364841,7225.65411501,257.70753197,257.69509488,0.04585198,1571.28804756,0.01998544,0.01998544,27659,84,0
7225.91426686,7225.91538642,264.67388957,264.64402810,0.04054349,1571.61995482,0.01998543,0.01998544,27658,84,0
7226.17619569,7226.17667672,271.64557961,271.63274015,0.04810769,1571.95289794,0.01998543,0.01998544,27657,84,0
7226.43854920,7226.43798592,278.62278788,278.63783361,0.04881731,1572.28575190,0.01998544,0.01998544,27656,84,0
7226.69878965,7226.69931400,285.60561507,285.59159883,0.04341333,1572.61530600,0.01998543,0.01998544,27655,84,0
7226.96049720,7226.96066099,292.59405524,292.58967383,0.04728562,1572.94609412,0.01998544,0.01998544,27654,84,0
7227.22140422,7227.22202687,299.58809569,299.57142776,0.04272781,1573.27524522,0.01998543,0.01998544,27653,84,0
7227.48313954,7227.48341165,306.58772364,306.58043397,0.04283260,1573.60481159,0.01998544,0.01998544,27652,84,0
7227.74422423,7227.74481534,313.59292699,313.57708039,0.04223454,1573.93292797,0.01998543,0.01998544,27651,84,0
7228.00557757,7228.00623793,320.60371118,320.58599552,0.04984038,1574.26074945,0.01998543,0.01998544,27650,84,0
7228.26732211,7228.26767942,327.62009940,327.61050644,0.04504016,1574.58842651,0.01998544,0.01998544,27649,84,0
7228.52904444,7228.52913983,334.64211579,334.63955288,0.04020567,1574.91543956,0.01998544,0.01998544,27648,84,0
7228.78971234,7228.79061914,341.66978454,341.64540374,0.04842503,1575.24050203,0.01998543,0.01998544,27647,84,0
7229.05186050,7229.05211737,348.70312570,348.69621413,0.04077174,1575.56677223,0.01998544,0.01998544,27646,84,0
7229.31384518,7229.31363452,355.74209365,355.74776588,0.04422524,1575.89219554,0.01998544,0.01998544,27645,84,0
7229.57457892,7229.57517058,362.78659109,362.77064920,0.04779144,1576.21542004,0.01998544,0.01998544,27644,84,0
7229.83653084,7229.83672556,369.83651885,369.83126869,0.05862152,1576.53950035,0.01998544,0.01998544,27643,84,0
7230.09768411,7230.09829946,376.89177729,376.87517429,0.05978921,1576.86193337,0.01998544,0.01998544,27642,84,0
7230.35920582,7230.35989228,383.95227954,383.93374554,0.06237021,1577.18415596,0.01998544,0.01998544,27641,84,0
7230.62204440,7230.62150403,391.01807028,391.03267015,0.06320659,1577.50733050,0.01998544,0.01998544,27640,84,0
7230.88253836,7230.88313470,398.08927009,398.07314682,0.05732555,1577.82696261,0.01998544,0.01998544,27639,84,0
7231.14476702,7231.14478431,405.16600105,405.16553336,0.05269132,1578.14806375,0.01998544,0.01998544,27638,84,0
7231.40651319,7231.40645284,412.24838577,412.25001992,0.04262124,1578.46791790,0.01998544,0.01998544,27637,84,0
7231.66860960,7231.66814031,419.33653304,419.34924914,0.04227821,1578.78754613,0.01998544,0.01998544,27636,84,0
7231.92945620,7231.92984671,426.43046001,426.41987080,0.04117278,1579.10499938,0.01998544,0.01998544,27635,84,0
7232.19229311,7232.19157205,433.53014759,433.54971456,0.02996712,1579.42421528,0.01998544,0.01998544,27634,84,0
7232.45214532,7232.45331634,440.63557648,440.60377589,0.04997651,1579.73915264,0.01998544,0.01998544,27633,84,0
7232.71486792,7232.71507956,447.74672732,447.74097571,0.05172922,1580.05690537,0.01998544,0.01998544,27632,84,0
7232.97594577,7232.97686172,454.86358478,454.83867431,0.05780972,1580.37200533,0.01998544,0.01998544,27631,84,0
7233.23871624,7233.23866284,461.98615018,461.98760358,0.05880122,1580.68847839,0.01998544,0.01998544,27630,84,0
7233.50078014,7233.50048289,469.11442903,469.12252466,0.05153758,1581.00342956,0.01998544,0.01998544,27629,84,0
7233.76255714,7233.76232190,476.24842684,476.25483843,0.03944638,1581.31736532,0.01998544,0.01998544,27628,84,0
7234.02492251,7234.02417986,483.38814902,483.40840521,0.03867575,1581.63133245,0.01998544,0.01998544,27627,84,0
7234.28642769,7234.28605678,490.53356264,490.54368680,0.04100143,1581.94359516,0.01998544,0.01998544,27626,84,0
7234.54807974,7234.54795265,497.68454209,497.68801347,0.03845456,1582.25535133,0.01998544,0.01998544,27625,84,0
7234.81017978,7234.80986748,504.84094749,504.84948350,0.05111124,1582.56694947,0.01998544,0.01998544,27624,84,0
7235.07193793,7235.07180126,512.00263827,512.00637608,0.06111045,1582.87744217,0.01998544,0.01998544,27623,84,0
7235.33387339,7235.33375402,519.16947766,519.17274466,0.04354049,1583.18743829,0.01998544,0.01998544,27622,84,0
7235.59594066,7235.59572573,526.34154675,526.34743288,0.03676778,1583.49688449,0.01998544,0.01998544,27621,84,0
7235.85708824,7235.85771641,533.51923946,533.50202310,0.03514972,1583.80455742,0.01998544,0.01998544,27620,84,0
7236.11928009,7236.11972606,540.70297564,540.69074314,0.03598282,1584.11278650,0.01998544,0.01998544,27619,84,0
7236.38176918,7236.38175468,547.89317716,547.89357535,0.06322514,1584.42070431,0.01998544,0.01998544,27618,84,0
7236.64455026,7236.64380227,555.09023884,555.11079130,0.04722381,1584.72831709,0.01998544,0.01998544,27617,84,0
7236.90692426,7236.90586883,562.29407284,562.32309706,0.03680316,1585.03480076,0.01998544,0.01998544,27616,84,0
7237.16834241,7237.16795438,569.50419120,569.51487011,0.03357042,1585.33949640,0.01998544,0.01998544,27615,84,0
7237.42916361,7237.43005890,576.72009164,576.69543546,0.04311112,1585.64280520,0.01998544,0.01998544,27614,84,0
7237.69264921,7237.69218240,583.94126935,583.95413348,0.06850732,1585.94848820,0.01998544,0.01998544,27613,84,0
7237.95405600,7237.95432488,591.16730354,591.15988960,0.04711192,1586.25102077,0.01998544,0.01998544,27612,84,0
7238.21693214,7238.21648635,598.39840559,598.41070580,0.04700658,1586.55451909,0.01998544,0.01998544,27611,84,0
7238.47885835,7238.47866681,605.63507033,605.64035919,0.04240847,1586.85620676,0.01998544,0.01998544,27610,84,0
7238.74100909,7238.74086625,612.87779632,612.88174368,0.06423422,1587.15745830,0.01998544,0.01998544,27609,84,0
7239.00363905,7239.00308469,620.12708457,620.14241738,0.05027173,1587.45858225,0.01998544,0.01998544,27608,84,0
7239.26576005,7239.26532211,627.38325821,627.39538127,0.03676863,1587.75845674,0.01998544,0.01998544,27607,84,0
7239.52731773,7239.52757854,634.64602022,634.63879473,0.04637398,1588.05700903,0.01998544,0.01998544,27606,84,0
7239.78898410,7239.78985396,641.91493821,641.89082137,0.06298284,1588.35498805,0.01998544,0.01998544,27605,84,0
7240.05268546,7240.05214838,649.18957760,649.20447851,0.05209715,1588.65455877,0.01998544,0.01998544,27604,84,0
7240.31435570,7240.31446180,656.46950653,656.46656121,0.03357904,1588.95108240,0.01998544,0.01998544,27603,84,0
7240.57634933,7240.57679422,663.75462731,663.74226817,0.04580119,1589.24722851,0.01998544,0.01998544,27602,84,0
7240.84005086,7240.83914565,671.04538846,671.07055361,0.05657513,1589.54456997,0.01998544,0.01998544,27601,84,0
7241.10171338,7241.10151609,678.34229086,678.34778024,0.03732449,1589.83890151,0.01998544,0.01998544,27600,84,0
7241.36410931,7241.36390553,685.64583792,685.65151249,0.03168236,1590.13336510,0.01998544,0.01998544,27599,84,0
7241.62629054,7241.62631399,692.95649994,692.95584633,0.05075589,1590.42691121,0.01998544,0.01998544,27598,84,0
7241.88922771,7241.88874146,700.27421753,700.28778224,0.04131098,1590.72061954,0.01998544,0.01998544,27597,84,0
7242.15102110,7242.15118795,707.59852144,707.59386332,0.03041194,1591.01234841,0.01998544,0.01998544,27596,84,0
7242.41340357,7242.41365345,714.92892956,714.92194819,0.05729685,1591.30400960,0.01998544,0.01998544,27595,84,0
7242.67625726,7242.67613797,722.26495727,722.26829211,0.04066116,1591.59544634,0.01998544,0.01998544,27594,84,0
7242.93861189,7242.93864152,729.60622815,729.60539911,0.04398296,1591.88556615,0.01998544,0.01998544,27593,84,0
7243.20091797,7243.20116409,736.95295619,736.94606617,0.05470035,1592.17487622,0.01998544,0.01998544,27592,84,0
7243.46376100,7243.46370569,744.30555385,744.30710367,0.03419045,1592.46403450,0.01998544,0.01998544,27591,84,0
7243.72657916,7243.72626631,751.66443584,751.67320793,0.03495287,1592.75243493,0.01998544,0.01998544,27590,84,0
7243.98866887,7243.98884596,759.03001781,759.02504790,0.05656012,1593.03932253,0.01998544,0.01998544,27589,84,0
7244.25120086,7244.25144465,766.40253437,766.39568698,0.03250451,1593.32598669,0.01998544,0.01998544,27588,84,0
7244.51398830,7244.51406237,773.78184043,773.77975833,0.04589000,1593.61221248,0.01998544,0.01998544,27587,84,0
7244.77660185,7244.77669913,781.16774264,781.16500587,0.05724893,1593.89752203,0.01998544,0.01998544,27586,84,0
7245.04028069,7245.03935492,788.56004663,788.58611211,0.03261617,1594.18324802,0.01998544,0.01998544,27585,84,0
7245.30215542,7245.30202976,795.95856603,795.96210690,0.05477032,1594.46627484,0.01998544,0.01998544,27584,84,0
7245.56471698,7245.56472364,803.36326814,803.36308047,0.04497585,1594.74929596,0.01998544,0.01998544,27583,84,0
7245.82765667,7245.82743656,810.77425042,810.78046209,0.05468197,1595.03197559,0.01998544,0.01998544,27582,84,0
7246.09029831,7246.09016853,818.19161486,818.19528023,0.04329690,1595.31358806,0.01998544,0.01998544,27581,84,0
7246.35201918,7246.35291955,825.61546398,825.59001451,0.03527889,1595.59347247,0.01998544,0.01998544,27580,84,0
7246.61492056,7246.61568961,833.04588545,833.02412982,0.05789485,1595.87387580,0.01998544,0.01998544,27579,84,0
7246.87863174,7246.87847874,840.48289031,840.48722216,0.03073983,1596.15439224,0.01998544,0.01998544,27578,84,0
7247.14145345,7247.14128691,847.92646554,847.93118438,0.06061593,1596.43321173,0.01998544,0.01998544,27577,84,0
7247.40378889,7247.40411415,855.37659803,855.36737468,0.03928568,1596.71076506,0.01998544,0.01998544,27576,84,0
7247.66673836,7247.66696044,862.83327572,862.82697313,0.05555205,1596.98821299,0.01998544,0.01998544,27575,84,0
7247.93012915,7247.92982579,870.29657437,870.30519090,0.04304272,1597.26536919,0.01998544,0.01998544,27574,84,0
7248.19302563,7248.19271021,877.76671799,877.77568497,0.05889182,1597.54125527,0.01998544,0.01998544,27573,84,0
7248.45532247,7248.45561369,885.24394594,885.23565957,0.03839506,1597.81577162,0.01998544,0.01998544,27572,84,0
7248.71787320,7248.71853624,892.72849883,892.70961554,0.04034111,1598.08981924,0.01998544,0.01998544,27571,84,0
7248.98189240,7248.98147786,900.22057631,900.23239332,0.05167353,1598.36466326,0.01998544,0.01998544,27570,84,0
7249.24438093,7249.24443855,907.71994159,907.71829756,0.05095117,1598.63717050,0.01998544,0.01998544,27569,84,0
7249.50729904,7249.50741832,915.22609783,915.22269205,0.04196017,1598.90936006,0.01998544,0.01998544,27568,84,0
7249.77068613,7249.77041716,922.73854216,922.74622818,0.05439517,1599.18124817,0.01998544,0.01998544,27567,84,0
7250.03392765,7250.03343507,930.25676928,930.27085385,0.04150451,1599.45217849,0.01998544,0.01998544,27566,84,0
7250.29648724,7250.29647207,937.78051062,937.78094475,0.05085620,1599.72159121,0.01998544,0.01998544,27565,84,0
7250.55918826,7250.55952815,945.31017908,945.30044648,0.03930041,1599.99034641,0.01998544,0.01998544,27564,84,0
7250.82196119,7250.82260331,952.84631069,952.82790863,0.04847268,1600.25838885,0.01998544,0.01998544,27563,84,0
7251.08567255,7251.08569756,960.38944433,960.38872687,0.03563258,1600.52661468,0.01998544,0.01998544,27562,84,0
7251.34883501,7251.34881090,967.94009551,967.94078774,0.05113370,1600.79352506,0.01998544,0.01998544,27561,84,0
7251.61202853,7251.61194333,975.49829506,975.50074354,0.03111008,1601.05970874,0.01998544,0.01998544,27560,84,0
7251.87519850,7251.87509485,983.06364365,983.06662468,0.05928886,1601.32509369,0.01998544,0.01998544,27559,84,0
7252.13836570,7252.13826546,990.63572497,990.63861009,0.04519333,1601.58968383,0.01998544,0.01998544,27558,84,0
7252.40126903,7252.40145517,998.21412046,998.20875877,0.05305799,1601.85320089,0.01998544,0.01998544,27557,84,0
7252.66449740,7252.66466398,1005.79853314,1005.79373131,0.05127637,1602.11622228,0.01998544,0.01998544,27556,84,0
7252.92788889,7252.92789189,1013.38915980,1013.38907313,0.04059845,1602.37858856,0.01998544,0.01998544,27555,84,0
7253.19112148,7253.19113890,1020.98632211,1020.98581900,0.05462215,1602.63998772,0.01998544,0.01998544,27554,84,0
7253.45446422,7253.45440502,1028.59034348,1028.59205397,0.05110137,1602.90069584,0.01998544,0.01998544,27553,84,0
7253.71853337,7253.71769025,1036.20154015,1036.22592460,0.03505693,1603.16132751,0.01998545,0.01998544,27552,84,0
7253.98117966,7253.98099458,1043.81999442,1043.82535177,0.04940052,1603.41976467,0.01998544,0.01998544,27551,84,0
7254.24482793,7254.24431802,1051.44553482,1051.46030737,0.03109463,1603.67838673,0.01998545,0.01998544,27550,84,0
7254.50719056,7254.50766058,1059.07797634,1059.06434833,0.04839255,1603.93494217,0.01998544,0.01998544,27549,84,0
7254.77072989,7254.77102225,1066.71713289,1066.70864910,0.05603645,1604.19183054,0.01998544,0.01998544,27548,84,0
7255.03430461,7255.03440304,1074.36285755,1074.35999895,0.03697896,1604.44792631,0.01998544,0.01998544,27547,84,0
7255.29795134,7255.29780295,1082.01518343,1082.01949608,0.04718197,1604.70326323,0.01998544,0.01998544,27546,84,0
7255.56130942,7255.56122198,1089.67419473,1089.67673802,0.05812051,1604.95749338,0.01998544,0.01998544,27545,84,0
7255.82485183,7255.82466013,1097.33997606,1097.34555654,0.03423918,1605.21107416,0.01998544,0.01998544,27544,84,0
7256.08827744,7256.08811741,1105.01261659,1105.01727904,0.05532038,1605.46371594,0.01998544,0.01998544,27543,84,0
7256.35170554,7256.35159382,1112.69231455,1112.69557233,0.05823108,1605.71553759,0.01998544,0.01998544,27542,84,0
7256.61549860,7256.61508935,1120.37938711,1120.39133154,0.03231081,1605.96689162,0.01998544,0.01998544,27541,84,0
7256.87883250,7256.87860402,1128.07415907,1128.08083387,0.04469098,1606.21700100,0.01998544,0.01998544,27540,84,0
7257.14147690,7257.14213782,1135.77695707,1135.75762950,0.04903790,1606.46565983,0.01998544,0.01998544,27539,84,0
7257.40530502,7257.40569076,1143.48797133,1143.47667975,0.03813665,1606.71464241,0.01998544,0.01998544,27538,84,0
7257.66865626,7257.66926284,1151.20683309,1151.18906112,0.04771329,1606.96236352,0.01998544,0.01998544,27537,84,0
7257.93256468,7257.93285405,1158.93302971,1158.92454432,0.04963576,1607.20977608,0.01998544,0.01998544,27536,84,0
7258.19626772,7258.19646441,1166.66604559,1166.66027333,0.05304698,1607.45614437,0.01998544,0.01998544,27535,84,0
7258.45982667,7258.46009391,1174.40539074,1174.39754234,0.02654550,1607.70150928,0.01998544,0.01998544,27534,84,0
7258.72377946,7258.72374256,1182.15111673,1182.15220127,0.04405322,1607.94636963,0.01998544,0.01998544,27533,84,0
7258.98714325,7258.98741036,1189.90376439,1189.89590704,0.05021941,1608.18982920,0.01998544,0.01998544,27532,84,0
7259.25128628,7259.25109731,1197.66389498,1197.66945882,0.05003223,1608.43316689,0.01998544,0.01998544,27531,84,0
7259.51500167,7259.51480341,1205.43207273,1205.43791615,0.03829613,1608.67528393,0.01998544,0.01998544,27530,84,0
7259.77836261,7259.77852866,1213.20865591,1213.20375710,0.04708454,1608.91625918,0.01998544,0.01998544,27529,84,0
7260.04213887,7260.04227308,1220.99339272,1220.98942970,0.04887427,1609.15678572,0.01998544,0.01998544,27528,84,0
7260.30534410,7260.30603665,1228.78591854,1228.76544916,0.04751917,1609.39595063,0.01998544,0.01998544,27527,84,0
7260.56976123,7260.56981938,1236.58586662,1236.58414651,0.05506318,1609.63535670,0.01998544,0.01998544,27526,84,0
7260.83370825,7260.83362127,1244.39289976,1244.39547483,0.03680487,1609.87346430,0.01998544,0.01998544,27525,84,0
7261.09688664,7261.09744233,1252.20701947,1252.19055356,0.05209528,1610.11000762,0.01998544,0.01998544,27524,84,0
7261.36145075,7261.36128256,1260.02843493,1260.03342309,0.04579481,1610.34692354,0.01998544,0.01998544,27523,84,0
7261.62517322,7261.62514196,1267.85735943,1267.85828743,0.04495818,1610.58221841,0.01998544,0.01998544,27522,84,0
7261.88848749,7261.88902052,1275.69400635,1275.67816917,0.05200223,1610.81628860,0.01998544,0.01998544,27521,84,0
7262.15279988,7262.15291826,1283.53849429,1283.53497358,0.03258609,1611.05038191,0.01998544,0.01998544,27520,84,0
7262.41678604,7262.41683518,1291.39077504,1291.38931235,0.05197769,1611.28331769,0.01998544,0.01998544,27519,84,0
7262.68059933,7262.68077128,1299.25078326,1299.24566044,0.04987106,1611.51522877,0.01998544,0.01998544,27518,84,0
7262.94452687,7262.94472655,1307.11845318,1307.11249859,0.04674151,1611.74636297,0.01998544,0.01998545,27517,84,0
7263.20889157,7263.20870101,1314.99371602,1314.99940382,0.04557222,1611.97699536,0.01998545,0.01998545,27516,84,0
7263.47233913,7263.47269465,1322.87648875,1322.86586840,0.04348281,1612.20594152,0.01998544,0.01998545,27515,84,0
7263.73660110,7263.73670747,1330.76668330,1330.76350304,0.04533994,1612.43470135,0.01998545,0.01998545,27514,84,0
7264.00055110,7264.00073949,1338.66421105,1338.65857394,0.04979158,1612.66229181,0.01998544,0.01998545,27513,84,0
7264.26431447,7264.26479069,1346.56899421,1346.55473190,0.02915956,1612.88881851,0.01998544,0.01998545,27512,84,0
7264.52857775,7264.52886109,1354.48116521,1354.47267217,0.04878049,1613.11487042,0.01998544,0.01998545,27511,84,0
7264.79311480,7264.79295068,1362.40104320,1362.40596750,0.05120195,1613.34025635,0.01998545,0.01998545,27510,84,0
7265.05656393,7265.05705946,1370.32895560,1370.31407374,0.05272824,1613.56382652,0.01998544,0.01998545,27509,84,0
7265.32094127,7265.32118745,1378.26523087,1378.25783002,0.04435757,1613.78729877,0.01998544,0.01998545,27508,84,0
7265.58465080,7265.58533464,1386.21002827,1386.18945017,0.05163667,1614.00932391,0.01998544,0.01998545,27507,84,0
7265.84940167,7265.84950103,1394.16313160,1394.16013881,0.04920024,1614.23132970,0.01998545,0.01998545,27506,84,0
7266.11609618,7266.11368662,0.00000000,1402.20038975,0.07567852,1614.45414265,0.01998545,0.01998545,27505,84,1
7266.37832420,7266.37789142,1410.09318395,1410.10624296,0.05022823,1614.67212424,0.01998545,0.01998545,27504,84,0
7266.64210540,7266.64211543,1418.06962783,1418.06932488,0.04417196,1614.89057428,0.01998545,0.01998545,27503,84,0
7266.90597866,7266.90635865,1426.05356826,1426.04208197,0.04725714,1615.10817425,0.01998544,0.01998545,27502,84,0
7267.17094534,7267.17062109,1434.04503977,1434.05484964,0.04658171,1615.32574169,0.01998545,0.01998545,27501,84,0
7267.43463869,7267.43490274,1442.04407718,1442.03608165,0.05027207,1615.54133218,0.01998545,0.01998545,27500,84,0
7267.69909740,7267.69920360,1450.05073139,1450.04751262,0.04619256,1615.75661363,0.01998545,0.01998545,27499,84,0
7267.96366440,7267.96352369,1458.06531650,1458.06958510,0.04384584,1615.97105192,0.01998545,0.01998545,27498,84,0
7268.22754068,7268.22786300,1466.08836444,1466.07857672,0.04742252,1616.18401346,0.01998544,0.01998545,27497,84,0
7268.49261285,7268.49222153,1474.12041675,1474.13231277,0.04396504,1616.39702920,0.01998545,0.01998545,27496,84,0
7268.75675657,7268.75659929,1482.16201263,1482.16679933,0.04604607,1616.60840116,0.01998545,0.01998545,27495,84,0
7269.02038971,7269.02099627,1490.21321987,1490.19473932,0.05016625,1616.81846904,0.01998544,0.01998545,27494,84,0
7269.28480240,7269.28541249,1498.27327625,1498.25467037,0.05026825,1617.02823590,0.01998544,0.01998545,27493,84,0
7269.54977198,7269.54984794,1506.34133110,1506.33901259,0.04483273,1617.23749252,0.01998545,0.01998545,27492,84,0
7269.81399092,7269.81430262,1514.41652852,1514.40700726,0.04763873,1617.44518221,0.01998545,0.01998545,27491,84,0
7270.07855905,7270.07877654,1522.49829662,1522.49164807,0.05273724,1617.65215428,0.01998545,0.01998545,27490,84,0
7270.34307706,7270.34326969,1530.58714967,1530.58125601,0.04900174,1617.85810516,0.01998545,0.01998545,27489,84,0
7270.60758451,7270.60778209,1538.68386163,1538.67781085,0.04655827,1618.06308275,0.01998545,0.01998545,27488,84,0
7270.87207351,7270.87231373,1546.78921120,1546.78184676,0.04330495,1618.26709752,0.01998545,0.01998545,27487,84,0
7271.13676508,7271.13686461,1554.90389009,1554.90083545,0.04606372,1618.47033281,0.01998545,0.01998545,27486,84,0
7271.40150366,7271.40143475,1563.02784700,1563.02996409,0.04227159,1618.67266280,0.01998545,0.01998545,27485,84,0
7271.66614787,7271.66602413,1571.16066645,1571.16447193,0.05283207,1618.87396571,0.01998545,0.01998545,27484,84,0
7271.93016644,7271.93063276,1579.30192790,1579.28757416,0.04970620,1619.07382748,0.01998545,0.01998545,27483,84,0
7272.19527051,7272.19526064,1587.45122729,1587.45153147,0.05143916,1619.27352765,0.01998545,0.01998545,27482,84,0
7272.45956625,7272.45990778,1595.60852638,1595.59799431,0.04896852,1619.47163393,0.01998545,0.01998545,27481,84,0
7272.72401655,7272.72457417,1603.77411930,1603.75690691,0.04942993,1619.66887562,0.01998545,0.01998545,27480,84,0
7272.98931107,7272.98925983,1611.94831393,1611.94989716,0.05380843,1619.86576559,0.01998545,0.01998545,27479,84,0
7273.25392064,7273.25396475,1620.13141719,1620.13005290,0.05001018,1620.06117192,0.01998545,0.01998545,27478,84,0
7273.51879530,7273.51868893,1628.32355712,1628.32685044,0.04383917,1620.25579793,0.01998545,0.01998545,27477,84,0
7273.78305593,7273.78343237,1636.52457719,1636.51291032,0.05355468,1620.44899228,0.01998545,0.01998545,27476,84,0
7274.04860278,7274.04819509,1644.73429474,1644.74694255,0.04423629,1620.64213251,0.01998545,0.01998545,27475,84,0
7274.31274226,7274.31297707,1652.95252605,1652.94523458,0.04253197,1620.83325242,0.01998545,0.01998545,27474,84,0
7274.57715022,7274.57777833,1661.17919503,1661.15967207,0.04163140,1621.02356582,0.01998545,0.01998545,27473,84,0
7274.84224187,7274.84259886,1669.41451908,1669.40341196,0.04321129,1621.21336773,0.01998545,0.01998545,27472,84,0
7275.10705542,7275.10743866,1677.65876608,1677.64682979,0.05515111,1621.40196981,0.01998545,0.01998545,27471,84,0
7275.37192389,7275.37229775,1685.91220563,1685.90054950,0.04090696,1621.58961298,0.01998545,0.01998545,27470,84,0
7275.63635446,7275.63717611,1694.17502867,1694.14938393,0.04643485,1621.77595082,0.01998545,0.01998545,27469,84,0
7275.90202078,7275.90207376,1702.44706203,1702.44540690,0.05032660,1621.96215044,0.01998545,0.01998545,27468,84,0
7276.16698818,7276.16699069,1710.72802761,1710.72794918,0.04666882,1622.14684285,0.01998545,0.01998545,27467,84,0
7276.43219463,7276.43192691,1719.01764548,1719.02602623,0.04223461,1622.33067462,0.01998545,0.01998545,27466,84,0
7276.69671281,7276.69688242,1727.31568178,1727.31036732,0.05371341,1622.51299693,0.01998545,0.01998545,27465,84,0
7276.96182093,7276.96185722,1735.62225466,1735.62111667,0.04627103,1622.69469051,0.01998545,0.01998545,27464,84,0
7277.22693678,7277.22685131,1743.93764121,1743.94032468,0.03606201,1622.87535533,0.01998545,0.01998545,27463,84,0
7277.49146374,7277.49186469,1752.26212101,1752.24951985,0.03655399,1623.05459060,0.01998545,0.01998545,27462,84,0
7277.75704964,7277.75689738,1760.59595827,1760.60074869,0.04678652,1623.23351200,0.01998545,0.01998545,27461,84,0
7278.02168672,7278.02194936,1768.93921619,1768.93094459,0.03641757,1623.41076376,0.01998545,0.01998545,27460,84,0
7278.28657892,7278.28702064,1777.29182602,1777.27789973,0.04205031,1623.58715097,0.01998545,0.01998545,27459,84,0
7278.55183203,7278.55211123,1785.65371626,1785.64490476,0.05140562,1623.76273509,0.01998545,0.01998545,27458,84,0
7278.81726094,7278.81722112,1794.02481530,1794.02607315,0.03948871,1623.93738508,0.01998545,0.01998545,27457,84,0
7279.08245212,7279.08235033,1802.40505811,1802.40827739,0.04941920,1624.11082402,0.01998545,0.01998545,27456,84,0
7279.34753081,7279.34749884,1810.79438555,1810.79539768,0.04606356,1624.28313090,0.01998545,0.01998545,27455,84,0
7279.61288649,7279.61266666,1819.19273829,1819.19970409,0.04655758,1624.45455291,0.01998545,0.01998545,27454,84,0
7279.87793752,7279.87785380,1827.60005996,1827.60271544,0.05379776,1624.62470960,0.01998545,0.01998545,27453,84,0
7280.14338663,7280.14306025,1836.01639825,1836.02676106,0.03946819,1624.79404875,0.01998545,0.01998545,27452,84,0
7280.40844094,7280.40828602,1844.44192275,1844.44684669,0.05327089,1624.96206416,0.01998545,0.01998545,27451,84,0
7280.67385382,7280.67353111,1852.87681099,1852.88707859,0.04369010,1625.12923324,0.01998545,0.01998545,27450,84,0
7280.93876258,7280.93879553,1861.32124176,1861.32019241,0.05041625,1625.29501312,0.01998545,0.01998545,27449,84,0
7281.20385876,7281.20407927,1869.77540005,1869.76836894,0.03802578,1625.45983805,0.01998545,0.01998545,27448,84,0
7281.46891830,7281.46938233,1878.23947943,1878.22466684,0.05585623,1625.62356747,0.01998545,0.01998545,27447,84,0
7281.73479313,7281.73470473,1886.71367526,1886.71650022,0.03689734,1625.78672242,0.01998545,0.01998545,27446,84,0
7282.00007567,7282.00004645,1895.19818110,1895.19911571,0.04869928,1625.94843719,0.01998545,0.01998545,27445,84,0
7282.26544147,7282.26540751,1903.69294324,1903.69403086,0.04136037,1626.10912129,0.01998545,0.01998545,27444,84,0
7282.53105523,7282.53078791,1912.19748125,1912.20605253,0.02905114,1626.26885907,0.01998545,0.01998545,27443,84,0
7282.79590948,7282.79618764,1920.71126946,1920.70234195,0.04679637,1626.42703397,0.01998545,0.01998545,27442,84,0
7283.06193888,7283.06160671,1929.23378181,1929.24445268,0.04944497,1626.58478516,0.01998545,0.01998545,27441,84,0
7283.32691157,7283.32704512,1937.76487927,1937.76058478,0.03975370,1626.74078223,0.01998545,0.01998545,27440,84,0
7283.59222474,7283.59250288,1946.30517989,1946.29622702,0.04537026,1626.89585989,0.01998545,0.01998545,27439,84,0
7283.85770608,7283.85797998,1954.85539288,1954.84656644,0.03862917,1627.04992299,0.01998545,0.01998545,27438,84,0
7284.12330746,7284.12347643,1963.41622970,1963.41077827,0.04642565,1627.20295025,0.01998545,0.01998545,27437,84,0
7284.38902533,7284.38899223,1971.98799191,1971.98906138,0.04051252,1627.35493890,0.01998545,0.01998545,27436,84,0
7284.65409011,7284.65452738,1980.57011671,1980.55597662,0.04778061,1627.50543759,0.01998545,0.01998545,27435,84,0
7284.91996994,7284.92008188,1989.16192879,1989.15830508,0.05045130,1627.65526271,0.01998545,0.01998545,27434,84,0
7285.18582067,7285.18565574,1997.76274988,1997.76809349,0.03873857,1627.80391770,0.01998545,0.01998545,27433,84,0
7285.45108660,7285.45124897,2006.37220511,2006.36693943,0.04260712,1627.95108559,0.01998545,0.01998545,27432,84,0
7285.71691612,7285.71686155,2014.99057544,2014.99234707,0.03499095,1628.09740470,0.01998545,0.01998545,27431,84,0
7285.98217673,7285.98249349,2023.61822844,2023.60793487,0.05103631,1628.24225407,0.01998545,0.01998545,27430,84,0
7286.24852634,7286.24814480,2032.25553431,2032.26794643,0.05041259,1628.38653778,0.01998545,0.01998545,27429,84,0
7286.51327427,7286.51381547,2040.90287712,2040.88525149,0.03057510,1628.52880375,0.01998545,0.01998545,27428,84,0
7286.77925003,7286.77950552,2049.56066709,2049.55233696,0.04519613,1628.67057725,0.01998545,0.01998545,27427,84,0
7287.04580963,7287.04521493,2058.22932020,2058.24873371,0.05135375,1628.81150540,0.01998545,0.01998545,27426,84,0
7287.31123538,7287.31094372,2066.90925329,2066.91878603,0.03833200,1628.95068560,0.01998545,0.01998545,27425,84,0
7287.57680362,7287.57669189,2075.60065075,2075.60430728,0.04528542,1629.08879153,0.01998545,0.01998545,27424,84,0
7287.84263248,7287.84245943,2084.30324735,2084.30891737,0.04919305,1629.22587282,0.01998545,0.01998545,27423,84,0
7288.10795970,7288.10824635,2093.01672496,2093.00732234,0.03868645,1629.36152818,0.01998545,0.01998545,27422,84,0
7288.37362413,7288.37405265,2101.74076445,2101.72669207,0.04793976,1629.49617792,0.01998545,0.01998545,27421,84,0
7288.63956159,7288.63987834,2110.47514368,2110.46473026,0.04160539,1629.62977746,0.01998545,0.01998545,27420,84,0
7288.90573697,7288.90572341,2119.21980615,2119.22025242,0.04613053,1629.76230035,0.01998545,0.01998545,27419,84,0
7289.17148822,7289.17158787,2127.97471094,2127.97142776,0.03390638,1629.89341310,0.01998545,0.01998545,27418,84,0
7289.43766373,7289.43747172,2136.73981983,2136.74615292,0.04753323,1630.02352922,0.01998545,0.01998545,27417,84,0
7289.70336029,7289.70337496,2145.51523683,2145.51475227,0.04293847,1630.15220462,0.01998545,0.01998545,27416,84,0
7289.96914748,7289.96929760,2154.30126786,2154.29630490,0.04155390,1630.27971765,0.01998545,0.01998545,27415,84,0
7290.23473282,7290.23523964,2163.09823621,2163.08146158,0.03380814,1630.40592871,0.01998545,0.01998545,27414,84,0
7290.50071664,7290.50120107,2171.90645957,2171.89040632,0.05328231,1630.53112140,0.01998545,0.01998545,27413,84,0
7290.76700363,7290.76718190,2180.72602982,2180.72011514,0.04286365,1630.65524238,0.01998545,0.01998545,27412,84,0
7291.03300704,7291.03318214,2189.55678179,2189.55096527,0.04345525,1630.77801067,0.01998545,0.01998545,27411,84,0
7291.29897973,7291.29920178,2198.39853523,2198.39115059,0.04475787,1630.89953773,0.01998545,0.01998545,27410,84,0
7291.56520716,7291.56524083,2207.25110767,2207.24998668,0.04645425,1631.01994506,0.01998545,0.01998545,27409,84,0
7291.83168289,7291.83129929,2216.11429993,2216.12708604,0.04398427,1631.13921875,0.01998545,0.01998545,27408,84,0
7292.09739061,7292.09737716,2224.98789810,2224.98834700,0.04918336,1631.25690000,0.01998545,0.01998545,27407,84,0
7292.36340861,7292.36347444,2233.87168621,2233.86948739,0.03249034,1631.37346216,0.01998545,0.01998545,27406,84,0
7292.62909744,7292.62959114,2242.76548338,2242.74897476,0.04278670,1631.48861834,0.01998545,0.01998545,27405,84,0
7292.89538682,7292.89572725,2251.66951679,2251.65812076,0.04445004,1631.60276802,0.01998545,0.01998545,27404,84,0
7293.16181205,7293.16188279,2260.58427141,2260.58190056,0.04089255,1631.71570825,0.01998545,0.01998545,27403,84,0
7293.42825516,7293.42805775,2269.51023971,2269.51686389,0.04271014,1631.82738925,0.01998545,0.01998545,27402,84,0
7293.69417450,7293.69425213,2278.44786442,2278.44525630,0.04184253,1631.93758798,0.01998545,0.01998545,27401,84,0
7293.96015522,7293.96046594,2287.39722012,2287.38676800,0.04569583,1632.04654588,0.01998545,0.01998545,27400,84,0
7294.22673320,7294.22669918,2296.35822382,2296.35936964,0.04086848,1632.15447146,0.01998545,0.01998545,27399,84,0
7294.49300734,7294.49295185,2305.33079128,2305.33266271,0.03995457,1632.26099154,0.01998545,0.01998545,27398,84,0
7294.75962657,7294.75922395,2314.31480787,2314.32840055,0.04098105,1632.36635880,0.01998545,0.01998545,27397,84,0
7295.02552023,7295.02551548,2323.31003092,2323.31019143,0.04001885,1632.47014495,0.01998545,0.01998545,27396,84,0
7295.29234090,7295.29182645,2332.31618186,2332.33358924,0.04434245,1632.57298529,0.01998545,0.01998545,27395,84,0
7295.55796753,7295.55815686,2341.33298055,2341.32656696,0.04455102,1632.67405623,0.01998545,0.01998545,27394,84,0
7295.82448413,7295.82450672,2350.36039972,2350.35963365,0.04842960,1632.77414785,0.01998545,0.01998545,27393,84,0
7296.09129272,7296.09087601,2359.39905879,2359.41320761,0.04276308,1632.87302872,0.01998545,0.01998545,27392,84,0
7296.35722089,7296.35726475,2368.44968294,2368.44819187,0.04474919,1632.97027132,0.01998545,0.01998545,27391,84,0
7296.62406768,7296.62367294,2377.51299358,2377.52643187,0.04309192,1633.06653533,0.01998545,0.01998545,27390,84,0
7296.88993770,7296.89010058,2386.58922639,2386.58367422,0.04540870,1633.16113405,0.01998545,0.01998545,27389,84,0
7297.15645759,7297.15654767,2395.67789140,2395.67481690,0.04449531,1633.25463772,0.01998545,0.01998545,27388,84,0
7297.42300091,7297.42301421,2404.77843606,2404.77798160,0.04442562,1633.34681026,0.01998545,0.01998545,27387,84,0
7297.68983627,7297.68950021,2413.89032588,2413.90182327,0.05164154,1633.43773140,0.01998545,0.01998545,27386,84,0
7297.95595621,7297.95600567,2423.01340947,2423.01171520,0.05100442,1633.52705439,0.01998545,0.01998545,27385,84,0
7298.22286506,7298.22253059,2432.14786113,2432.15933122,0.04574140,1633.61528012,0.01998545,0.01998545,27384,84,0
7298.48930768,7298.48907497,2441.29386669,2441.30185649,0.04294491,1633.70198772,0.01998545,0.01998545,27383,84,0
7298.75492877,7298.75563881,2450.45164324,2450.42723466,0.04185551,1633.78706813,0.01998545,0.01998545,27382,84,0
7299.02189578,7299.02222213,2459.62163170,2459.61039867,0.04185694,1633.87121013,0.01998545,0.01998545,27381,84,0
7299.28840329,7299.28882491,2468.80437661,2468.78984489,0.04730499,1633.95383705,0.01998545,0.01998545,27380,84,0
7299.55531480,7299.55544716,2478.00042721,2477.99585895,0.04962684,1634.03521589,0.01998545,0.01998545,27379,84,0
7299.82169065,7299.82208888,2487.21005224,2487.19628811,0.04223782,1634.11505726,0.01998545,0.01998545,27378,84,0
7300.08859604,7300.08875008,2496.43253948,2496.42720859,0.04267887,1634.19366811,0.01998545,0.01998545,27377,84,0
7300.35512830,7300.35543076,2505.66695899,2505.65647966,0.04051404,1634.27076764,0.01998545,0.01998545,27376,84,0
7300.62145327,7300.62213092,2514.91238254,2514.88887883,0.05706902,1634.34639532,0.01998545,0.01998545,27375,84,0
7300.88861114,7300.88885056,2524.16848705,2524.16017373,0.04576334,1634.42083382,0.01998545,0.01998545,27374,84,0
7301.15567352,7301.15558968,2533.43593327,2533.43884796,0.04227706,1634.49381871,0.01998545,0.01998545,27373,84,0
7301.42219413,7301.42234829,2542.71547650,2542.71011030,0.05483834,1634.56523357,0.01998545,0.01998545,27372,84,0
7301.68898211,7301.68912639,2552.00783959,2552.00281095,0.04843156,1634.63529711,0.01998545,0.01998545,27371,84,0
7301.95595113,7301.95592397,2561.31319276,2561.31414060,0.04689197,1634.70397825,0.01998545,0.01998545,27370,84,0
7302.22236097,7302.22274105,2570.63128608,2570.61800415,0.04489437,1634.77108168,0.01998545,0.01998545,27369,84,0
7302.48937997,7302.48957762,2579.96185717,2579.95494141,0.05301923,1634.83689340,0.01998545,0.01998545,27368,84,0
7302.75651089,7302.75643369,2589.30470310,2589.30740761,0.03968774,1634.90127770,0.01998545,0.01998545,27367,84,0
7303.02333319,7303.02330926,2598.65993850,2598.66077789,0.03592227,1634.96412975,0.01998545,0.01998545,27366,84,0
7303.29020462,7303.29020433,2608.02778184,2608.02779193,0.04770794,1635.02553147,0.01998545,0.01998545,27365,84,0
7303.55705962,7303.55711890,2617.40845340,2617.40636838,0.04005957,1635.08546289,0.01998545,0.01998545,27364,84,0
7303.82390416,7303.82405298,2626.80218335,2626.79694262,0.05145258,1635.14392087,0.01998545,0.01998545,27363,84,0
7304.09074693,7304.09100657,2636.20921987,2636.20006438,0.04276489,1635.20090266,0.01998545,0.01998545,27362,84,0
7304.35777725,7304.35797966,2645.62981503,2645.62266750,0.04023944,1635.25644221,0.01998545,0.01998545,27361,84,0
7304.62488599,7304.62497227,2655.06420741,2655.06115661,0.05300280,1635.31050944,0.01998545,0.01998545,27360,84,0
7304.89225756,7304.89198439,2664.51238938,2664.52206207,0.03304133,1635.36313211,0.01998545,0.01998545,27359,84,0
7305.15930915,7305.15901602,2673.97415384,2673.98454724,0.04939237,1635.41418823,0.01998545,0.01998545,27358,84,0
7305.42625295,7305.42606717,2683.44928625,2683.45588207,0.04218431,1635.46371431,0.01998545,0.01998545,27357,84,0
7305.69304200,7305.69313785,2692.93763902,2692.93423156,0.05384719,1635.51169669,0.01998545,0.01998545,27356,84,0
7305.95993689,7305.96022804,2702.43938707,2702.42902212,0.03823857,1635.55817710,0.01998545,0.01998545,27355,84,0
7306.22714080,7306.22733776,2711.95480184,2711.94778055,0.04856343,1635.60318215,0.01998545,0.01998545,27354,84,0
7306.49411533,7306.49446701,2721.48415263,2721.47159831,0.03908437,1635.64661502,0.01998545,0.01998545,27353,84,0
7306.76159837,7306.76161578,2731.02743963,2731.02681706,0.04947660,1635.68858655,0.01998545,0.01998545,27352,84,0
7307.02832545,7307.02878409,2740.58423510,2740.56781840,0.04085825,1635.72889192,0.01998545,0.01998545,27351,84,0
7307.29606553,7307.29597193,2750.15406988,2750.15742447,0.05104030,1635.76778772,0.01998545,0.01998545,27350,84,0
7307.56380235,7307.56317930,2759.73654374,2759.75890109,0.05178448,1635.80510952,0.01998546,0.01998545,27349,84,0
7307.83080786,7307.83040621,2769.33194144,2769.34637311,0.04131064,1635.84075717,0.01998546,0.01998545,27348,84,0
7308.09708247,7308.09765266,2778.94092838,2778.92041240,0.04610546,1635.87473961,0.01998545,0.01998545,27347,84,0
7308.36511902,7308.36491866,2788.56417911,2788.57139871,0.03391260,1635.90736141,0.01998546,0.01998545,27346,84,0
7308.63187919,7308.63220419,2798.20216467,2798.19043711,0.04720208,1635.93824291,0.01998545,0.01998545,27345,84,0
7308.89971630,7308.89950927,2807.85481276,2807.86229422,0.04756576,1635.96765082,0.01998546,0.01998545,27344,84,0
7309.16724215,7309.16683390,2817.52196201,2817.53673594,0.03809046,1635.99541812,0.01998546,0.01998545,27343,84,0
7309.43427008,7309.43417808,2827.20345415,2827.20678805,0.04825146,1636.02152512,0.01998546,0.01998545,27342,84,0
7309.70181380,7309.70154181,2836.89920396,2836.90907450,0.04653433,1636.04606344,0.01998546,0.01998545,27341,84,0
7309.96880775,7309.96892510,2846.60918582,2846.60492139,0.05442382,1636.06892851,0.01998546,0.01998546,27340,84,0
7310.23671357,7310.23632794,2856.33337554,2856.34740900,0.03878230,1636.09023506,0.01998546,0.01998546,27339,84,0
7310.50388309,7310.50375034,2866.07171306,2866.07655053,0.04309709,1636.10984319,0.01998546,0.01998546,27338,84,0
7310.77085135,7310.77119230,2875.82400977,2875.81156875,0.04485943,1636.12779343,0.01998546,0.01998546,27337,84,0
7311.03852875,7311.03865383,2885.59004647,2885.58547655,0.05122726,1636.14413496,0.01998546,0.01998546,27336,84,0
7311.30597896,7311.30613491,2895.36962171,2895.36391581,0.03717567,1636.15879898,0.01998546,0.01998546,27335,84,0
7311.57386847,7311.57363557,2905.16297036,2905.17150262,0.04758994,1636.17181354,0.01998546,0.01998546,27334,84,0
7311.84107153,7311.84115580,2914.97075842,2914.96766683,0.03883175,1636.18312006,0.01998546,0.01998546,27333,84,0
7312.10908518,7312.10869560,2924.79367570,2924.80799034,0.04414254,1636.19277403,0.01998546,0.01998546,27332,84,0
7312.37635091,7312.37625497,2934.63222001,2934.63575079,0.05170298,1636.20071145,0.01998546,0.01998546,27331,84,0
7312.64397631,7312.64383391,2944.48610030,2944.49134793,0.03220782,1636.20696080,0.01998546,0.01998546,27330,84,0
7312.91159891,7312.91143244,2954.35482429,2954.36096785,0.04896382,1636.21150226,0.01998546,0.01998546,27329,84,0
7313.17875870,7313.17905054,2964.23791948,2964.22713455,0.04861146,1636.21432486,0.01998546,0.01998546,27328,84,0
7313.44705967,7313.44668823,2974.13544437,2974.14919050,0.04242592,1636.21543169,0.01998546,0.01998546,27327,84,0
7313.71448492,7313.71434550,2984.04798005,2984.05314706,0.04633988,1636.21480444,0.01998546,0.01998546,27326,84,0
7313.98255849,7313.98202236,2993.97613451,2993.99603510,0.04410555,1636.21243385,0.01998546,0.01998546,27325,84,0
7314.25011367,7314.24971881,3003.92036901,3003.93504855,0.04262859,1636.20832074,0.01998546,0.01998546,27324,84,0
7314.51757543,7314.51743484,3013.88060595,3013.88584028,0.04704198,1636.20245637,0.01998546,0.01998546,27323,84,0
7314.78540298,7314.78517048,3023.85664587,3023.86531572,0.04551352,1636.19481995,0.01998546,0.01998546,27322,84,0
7315.05282924,7315.05292570,3033.84830495,3033.84470256,0.03900463,1636.18542576,0.01998546,0.01998546,27321,84,0
7315.32084375,7315.32070052,3043.85567788,3043.86103481,0.04032617,1636.17422900,0.01998546,0.01998546,27320,84,0
7315.58838966,7315.58849495,3053.87908461,3053.87514074,0.04273811,1636.16126407,0.01998546,0.01998546,27319,84,0
7315.85617521,7315.85630897,3063.91885356,3063.91383534,0.03900038,1636.14649015,0.01998546,0.01998546,27318,84,0
7316.12437110,7316.12414260,3073.97501787,3073.98360365,0.04513774,1636.12988268,0.01998546,0.01998546,27317,84,0
7316.39209492,7316.39199583,3084.04684492,3084.05057343,0.04718704,1636.11148982,0.01998546,0.01998546,27316,84,0
7316.65959483,7316.65986867,3094.13347371,3094.12315528,0.04775489,1636.09129523,0.01998546,0.01998546,27315,84,0
7316.92757198,7316.92776113,3104.23417403,3104.22703749,0.04535900,1636.06923737,0.01998546,0.01998546,27314,84,0
7317.19591702,7317.19567319,3114.34948534,3114.35869822,0.05084374,1636.04530791,0.01998546,0.01998546,27313,84,0
7317.46387886,7317.46360487,3124.48063900,3124.49100746,0.04583788,1636.01956309,0.01998546,0.01998546,27312,84,0
7317.73119000,7317.73155616,3134.62887257,3134.61499303,0.04740402,1635.99202757,0.01998546,0.01998546,27311,84,0
7317.99980097,7317.99952708,3144.79472817,3144.80512714,0.04577641,1635.96248303,0.01998546,0.01998546,27310,84,0
7318.26760403,7318.26751761,3154.97766472,3154.98095090,0.04231157,1635.93114856,0.01998546,0.01998546,27309,84,0
7318.53554043,7318.53552777,3165.17704318,3165.17752530,0.04139166,1635.89791426,0.01998546,0.01998546,27308,84,0
7318.80363491,7318.80355756,3175.39238569,3175.39533623,0.04819889,1635.86276697,0.01998546,0.01998546,27307,84,0
7319.07146488,7319.07160697,3185.62397298,3185.61854529,0.04459835,1635.82575373,0.01998546,0.01998546,27306,84,0
7319.33976566,7319.33967601,3195.87230563,3195.87573579,0.04384842,1635.78676016,0.01998546,0.01998546,27305,84,0
7319.60791988,7319.60776468,3206.13785718,3206.14380481,0.04413074,1635.74586165,0.01998546,0.01998546,27304,84,0
7319.87624751,7319.87587299,3216.42062099,3216.43499666,0.05097910,1635.70299995,0.01998546,0.01998546,27303,84,0
7320.14411969,7320.14400093,3226.72021269,3226.72477831,0.04979497,1635.65827107,0.01998546,0.01998546,27302,84,0
7320.41229186,7320.41214851,3237.03623657,3237.04175575,0.04112030,1635.61154339,0.01998546,0.01998546,27301,84,0
7320.68048046,7320.68031573,3247.36859449,3247.37494629,0.05057496,1635.56285454,0.01998546,0.01998546,27300,84,0
7320.94931478,7320.94850259,3257.71776861,3257.74913537,0.04779257,1635.51207178,0.01998546,0.01998546,27299,84,0
7321.21658531,7321.21670910,3268.08431187,3268.07952331,0.04630408,1635.45961074,0.01998546,0.01998546,27298,84,0
7321.48530517,7321.48493525,3278.46869458,3278.48302761,0.05190162,1635.40486936,0.01998546,0.01998546,27297,84,0
7321.75354389,7321.75318106,3288.87095514,3288.88503691,0.03936433,1635.34822026,0.01998546,0.01998546,27296,84,0
7322.02131420,7322.02144651,3299.29099706,3299.28585352,0.04837334,1635.28966226,0.01998546,0.01998546,27295,84,0
7322.28965130,7322.28973162,3309.72872440,3309.72559691,0.04295335,1635.22895882,0.01998546,0.01998546,27294,84,0
7322.55792478,7322.55803638,3320.18406330,3320.17971076,0.05282382,1635.16623767,0.01998546,0.01998546,27293,84,0
7322.82647714,7322.82636080,3330.65695591,3330.66150021,0.05116817,1635.10140707,0.01998546,0.01998546,27292,84,0
7323.09472235,7323.09470489,3341.14734816,3341.14803145,0.05047208,1635.03459955,0.01998546,0.01998546,27291,84,0
7323.36316594,7323.36306863,3351.65543457,3351.65924820,0.04176331,1634.96567961,0.01998546,0.01998546,27290,84,0
7323.63126229,7323.63145203,3362.18179622,3362.17434766,0.04755723,1634.89477538,0.01998546,0.01998546,27289,84,0
7323.89981375,7323.89985511,3372.72705285,3372.72542664,0.03941489,1634.82165901,0.01998546,0.01998546,27288,84,0
7324.16763273,7324.16827785,3383.29160295,3383.26619047,0.05354691,1634.74664385,0.01998546,0.01998546,27287,84,0
7324.43719885,7324.43672026,3393.87510145,3393.89398609,0.03764900,1634.66901526,0.01998546,0.01998546,27286,84,0
7324.70556893,7324.70518235,3404.47704614,3404.49232551,0.04356601,1634.58960760,0.01998546,0.01998546,27285,84,0
7324.97337000,7324.97366411,3415.09699987,3415.08535673,0.03583225,1634.50824947,0.01998546,0.01998546,27284,84,0
7325.24163835,7325.24216554,3425.73501748,3425.71411282,0.05039950,1634.42461685,0.01998546,0.01998546,27283,84,0
7325.51092074,7325.51068666,3436.39136771,3436.40066512,0.05036784,1634.33850930,0.01998546,0.01998546,27282,84,0
7325.77887477,7325.77922746,3447.06632510,3447.05229356,0.04578163,1634.25066716,0.01998546,0.01998546,27281,84,0
7326.04760116,7326.04778794,3457.76020400,3457.75276034,0.05369753,1634.16039537,0.01998546,0.01998546,27280,84,0
7326.31630963,7326.31636810,3468.47335184,3468.47101747,0.04517085,1634.06793661,0.01998546,0.01998546,27279,84,0
7326.58528501,7326.58496796,3479.20611463,3479.21879467,0.04984280,1633.97317589,0.01998546,0.01998546,27278,84,0
7326.85388921,7326.85358750,3489.95856922,3489.97065662,0.03908054,1633.87632753,0.01998546,0.01998546,27277,84,0
7327.12181665,7327.12222674,3500.73040785,3500.71395022,0.05129274,1633.77750648,0.01998546,0.01998546,27276,84,0
7327.39015867,7327.39088567,3511.52129009,3511.49206531,0.04412571,1633.67630579,0.01998546,0.01998546,27275,84,0
7327.65939789,7327.65956430,3522.33086903,3522.32416875,0.05055360,1633.57251963,0.01998546,0.01998546,27274,84,0
7327.92859351,7327.92826262,3533.15878761,3533.17213214,0.05375489,1633.46649289,0.01998546,0.01998546,27273,84,0
7328.19717937,7328.19698065,3544.00468371,3544.01271055,0.05281311,1633.35844996,0.01998546,0.01998546,27272,84,0
7328.46582661,7328.46571838,3554.86856537,3554.87294429,0.05339152,1633.24811747,0.01998546,0.01998546,27271,84,0
7328.73451463,7328.73447582,3565.75196090,3565.75353434,0.03806251,1633.13547637,0.01998546,0.01998546,27270,84,0
7329.00378246,7329.00325296,3576.65680123,3576.67830576,0.04431351,1633.02026094,0.01998546,0.01998546,27269,84,0
7329.27243005,7329.27204981,3587.58464511,3587.60011903,0.04832984,1632.90295599,0.01998546,0.01998546,27268,84,0
7329.54055593,7329.54086637,3598.53447315,3598.52181619,0.05016090,1632.78353152,0.01998546,0.01998546,27267,84,0
7329.81549261,nan,0.00000000,3609.75291390,0.28057875,1632.65851180,0.01998548,0.01998546,27266,84,1
7330.07862561,7330.07855865,3620.49198961,3620.49472841,0.04578721,1632.53683967,0.01998546,0.01998546,27265,84,0
7330.34790459,7330.34743436,3631.49876113,3631.51802805,0.04718872,1632.40984528,0.01998546,0.01998546,27264,84,0
7330.61643629,7330.61632979,3642.52712460,3642.53149710,0.03938220,1632.28080519,0.01998546,0.01998546,27263,84,0
7330.88543078,7330.88524494,3653.57958306,3653.58722909,0.04297945,1632.14909912,0.01998546,0.01998546,27262,84,0
7331.15396076,7331.15417982,3664.65605689,3664.64702557,0.04882196,1632.01516807,0.01998546,0.01998546,27261,84,0
7331.42328461,7331.42313443,3675.75430262,3675.76050512,0.04620743,1631.87839374,0.01998546,0.01998546,27260,84,0
7331.69276455,7331.69210876,3686.87205772,3686.89918560,0.05068839,1631.73910286,0.01998546,0.01998546,27259,84,0
7331.96152821,7331.96110283,3698.00896143,3698.02658831,0.04909141,1631.59774708,0.01998546,0.01998546,27258,84,0
7332.23050394,7332.23011663,3709.16674564,3709.18282523,0.04507571,1631.45381121,0.01998546,0.01998546,27257,84,0
7332.49945441,7332.49915017,3720.34723796,3720.35989445,0.05084338,1631.30738331,0.01998546,0.01998546,27256,84,0
7332.76750366,7332.76820344,3731.55101556,3731.52184757,0.04403981,1631.15893220,0.01998546,0.01998546,27255,84,0
7333.03720321,7333.03727645,3742.77692937,3742.77387079,0.05268977,1631.00703609,0.01998546,0.01998546,27254,84,0
7333.30617282,7333.30636921,3754.02370260,3754.01548752,0.05327307,1630.85302706,0.01998546,0.01998546,27253,84,0
7333.57591949,7333.57548171,3765.29074333,3765.30908829,0.04140595,1630.69603741,0.01998546,0.01998546,27252,84,0
7333.84514325,7333.84461395,3776.57859498,3776.60081478,0.05433199,1630.53680029,0.01998546,0.01998546,27251,84,0
7334.11424089,7334.11376595,3787.88791094,3787.90788603,0.03351788,1630.37506836,0.01998546,0.01998546,27250,84,0
7334.38295898,7334.38293769,3799.21920813,3799.22010524,0.05127185,1630.21098084,0.01998546,0.01998546,27249,84,0
7334.65217414,7334.65212919,3810.57274078,3810.57463845,0.04489618,1630.04398381,0.01998546,0.01998546,27248,84,0
7334.92141981,7334.92134044,3821.94873592,3821.95209308,0.05046804,1629.87434222,0.01998546,0.01998546,27247,84,0
7335.19036891,7335.19057145,3833.34733658,3833.33875311,0.04335686,1629.70225035,0.01998546,0.01998546,27246,84,0
7335.45963564,7335.45982222,3844.76851162,3844.76058969,0.05059415,1629.52730169,0.01998546,0.01998546,27245,84,0
7335.72909882,7335.72909275,3856.21221042,3856.21246851,0.04300054,1629.34955448,0.01998546,0.01998546,27244,84,0
7335.99834774,7335.99838305,3867.67879850,3867.67729353,0.04088633,1629.16926041,0.01998546,0.01998546,27243,84,0
7336.26753048,7336.26769311,3879.16952386,3879.16257749,0.05121314,1628.98629061,0.01998546,0.01998546,27242,84,0
7336.53782661,7336.53702294,3890.68575434,3890.72015639,0.04829938,1628.79979022,0.01998546,0.01998546,27241,84,0
7336.80659733,7336.80637254,3902.22791167,3902.23755483,0.03998378,1628.61156382,0.01998546,0.01998546,27240,84,0
7337.07610314,7337.07574191,3913.79442479,3913.80995072,0.05024269,1628.42005084,0.01998546,0.01998546,27239,84,0
7337.34536064,7337.34513105,3925.38346639,3925.39335215,0.04090402,1628.22595838,0.01998546,0.01998546,27238,84,0
7337.61448311,7337.61453998,3936.99463178,3936.99217860,0.05022810,1628.02920366,0.01998546,0.01998546,27237,84,0
7337.88372752,7337.88396868,3948.63032216,3948.61989582,0.04304579,1627.82954396,0.01998546,0.01998546,27236,84,0
7338.15298824,7338.15341716,3960.29326499,3960.27467702,0.04600445,1627.62699268,0.01998546,0.01998546,27235,84,0
7338.42285388,7338.42288543,3971.98400694,3971.98263658,0.04363639,1627.42107033,0.01998546,0.01998546,27234,84,0
7338.69173709,7338.69237348,3983.69925809,3983.67156800,0.05281294,1627.21303567,0.01998546,0.01998546,27233,84,0
7338.96198375,7338.96188132,3995.43536248,3995.43982619,0.03954068,1627.00111870,0.01998546,0.01998546,27232,84,0
7339.23160221,7339.23140895,4007.19174947,4007.20018703,0.04582317,1626.78686707,0.01998546,0.01998546,27231,84,0
7339.50117292,7339.50095637,4018.97246838,4018.98194333,0.04296149,1626.56974228,0.01998546,0.01998546,27230,84,0
7339.77077256,7339.77052359,4030.78188994,4030.79281076,0.05003255,1626.34958561,0.01998546,0.01998546,27229,84,0
7340.04039902,7340.04011060,4042.62108723,4042.63376792,0.05073397,1626.12635948,0.01998546,0.01998546,27228,84,0
7340.30980984,7340.30971741,4054.48711583,4054.49118778,0.03592048,1625.90030539,0.01998546,0.01998546,27227,84,0
7340.57946453,7340.57934403,4066.37686904,4066.38218780,0.04657257,1625.67108050,0.01998546,0.01998546,27226,84,0
7340.84938835,7340.84899044,4078.28954224,4078.30713860,0.04034223,1625.43865548,0.01998546,0.01998546,27225,84,0
nan,nan,0.00000000,-1.00000000,0.00000000,1625.20827812,nan,0.00000000,-2147483648,84,1
nan,nan,0.00000000,-1.00000000,0.00000000,1622.94938711,nan,0.00000000,-2147483648,83,1
7303.29164371,7303.29020433,12.44908504,12.48611060,0.04884351,1623.28913954,0.01998546,0.01998545,27365,83,0
7303.55811520,7303.55711890,19.31735561,19.34300109,0.02957831,1623.64750162,0.01998546,0.01998545,27364,83,0
7303.82474576,7303.82405298,26.19085888,26.20870395,0.04784165,1624.00548781,0.01998546,0.01998545,27363,83,0
7304.08988370,7304.09100657,33.06967534,33.04073117,0.03844935,1624.36088734,0.01998545,0.01998545,27362,83,0
7304.35751027,7304.35797966,39.95386654,39.94175852,0.06134506,1624.71903502,0.01998545,0.01998545,27361,83,0
7304.62378229,7304.62497227,46.84331634,46.81260012,0.05259060,1625.07477631,0.01998545,0.01998545,27360,83,0
7304.89191781,7304.89198439,53.73781195,53.73609246,0.05230633,1625.43239609,0.01998545,0.01998545,27359,83,0
7305.15873894,7305.15901602,60.63713868,60.62997745,0.05280258,1625.78764134,0.01998545,0.01998545,27358,83,0
7305.42577785,7305.42606717,67.54108090,67.53359889,0.05162697,1626.14254320,0.01998545,0.01998545,27357,83,0
7305.69273781,7305.69313785,74.44945390,74.43910315,0.04085551,1626.49669589,0.01998545,0.01998545,27356,83,0
7305.95996023,7305.96022804,81.36235687,81.35542319,0.03425721,1626.85055531,0.01998545,0.01998545,27355,83,0
7306.22713249,7306.22733776,88.28003894,88.27472113,0.04850486,1627.20371799,0.01998545,0.01998545,27354,83,0
7306.49494664,7306.49446701,95.20275168,95.21518558,0.03986769,1627.55710795,0.01998546,0.01998545,27353,83,0
7306.76241203,7306.76161578,102.13074777,102.15140421,0.05324928,1627.90942821,0.01998546,0.01998545,27352,83,0
7307.02922054,7307.02878409,109.06425717,109.07558807,0.06045686,1628.26028625,0.01998546,0.01998545,27351,83,0
7307.29754187,7307.29597193,116.00331745,116.04410486,0.05882901,1628.61253242,0.01998546,0.01998545,27350,83,0
7307.56268237,7307.56317930,122.94787244,122.93495280,0.03421273,1628.96000597,0.01998545,0.01998545,27349,83,0
7307.83037542,7307.83040621,129.89786509,129.89706395,0.05191068,1629.31021815,0.01998545,0.01998545,27348,83,0
7308.09737471,7308.09765266,136.85323807,136.84600156,0.05773542,1629.65891093,0.01998545,0.01998545,27347,83,0
7308.36371832,7308.36491866,143.81393064,143.78265836,0.04587102,1630.00613392,0.01998545,0.01998545,27346,83,0
7308.63137070,7308.63220419,150.77985972,150.75813021,0.05409893,1630.35443997,0.01998545,0.01998545,27345,83,0
7308.89830138,7308.89950927,157.75093245,157.71942133,0.05542014,1630.70117837,0.01998545,0.01998545,27344,83,0
7309.16706288,7309.16683390,164.72705552,164.73303295,0.04404495,1631.04965453,0.01998546,0.01998545,27343,83,0
7309.43408051,7309.43417808,171.70813518,171.70558659,0.04429196,1631.39522688,0.01998545,0.01998545,27342,83,0
7309.70149866,7309.70154181,178.69411547,178.69298760,0.04448468,1631.74067115,0.01998545,0.01998545,27341,83,0
7309.96859781,7309.96892510,185.68515737,185.67659724,0.03806539,1632.08506391,0.01998545,0.01998546,27340,83,0
7310.23622877,7310.23632794,192.68149920,192.67890351,0.05161952,1632.42951147,0.01998545,0.01998546,27339,83,0
7310.50296145,7310.50375034,199.68338047,199.66271735,0.04260609,1632.77218453,0.01998545,0.01998546,27338,83,0
7310.77038058,7310.77119230,206.69104177,206.66976434,0.04749022,1633.11512963,0.01998545,0.01998546,27337,83,0
7311.03742023,7311.03865383,213.70465119,213.67229058,0.04762484,1633.45698503,0.01998545,0.01998546,27336,83,0
7311.30562764,7311.30613491,220.72405334,220.71073640,0.04390260,1633.79971923,0.01998545,0.01998546,27335,83,0
7311.57359570,7311.57363557,227.74900281,227.74795549,0.04424971,1634.14151702,0.01998545,0.01998546,27334,83,0
7311.84123430,7311.84115580,234.77925305,234.78131683,0.05022215,1634.48225164,0.01998546,0.01998546,27333,83,0
7312.10920592,7312.10869560,241.81455637,241.82798020,0.06351981,1634.82275274,0.01998546,0.01998546,27332,83,0
7312.37634675,7312.37625497,248.85475411,248.85716997,0.03877098,1635.16153408,0.01998546,0.01998546,27331,83,0
7312.64341770,7312.64383391,255.89997960,255.88901735,0.06786929,1635.49956876,0.01998545,0.01998546,27330,83,0
7312.91285696,7312.91143244,262.95042607,262.98797097,0.02952834,1635.83994199,0.01998546,0.01998546,27329,83,0
7313.17815041,7313.17905054,270.00628761,269.98254681,0.05024478,1636.17443869,0.01998545,0.01998546,27328,83,0
7313.44679343,7313.44668823,277.06775900,277.07053574,0.05612055,1636.51251981,0.01998546,0.01998546,27327,83,0
7313.71480302,7313.71434550,284.13497785,284.14706261,0.05027362,1636.84916779,0.01998546,0.01998546,27326,83,0
7313.98305284,7313.98202236,291.20794952,291.23518844,0.05256935,1637.18547977,0.01998546,0.01998546,27325,83,0
7314.25059565,7314.24971881,298.28666085,298.30985584,0.04580398,1637.52026729,0.01998546,0.01998546,27324,83,0
7314.51834715,7314.51743484,305.37109859,305.39524926,0.03627664,1637.85467539,0.01998546,0.01998546,27323,83,0
7314.78495801,7314.78517048,312.46124966,312.45562112,0.04308357,1638.18701968,0.01998545,0.01998546,27322,83,0
7315.05294931,7315.05292570,319.55711500,319.55774078,0.03481436,1638.52044006,0.01998546,0.01998546,27321,83,0
7315.32076418,7315.32070052,326.65871756,326.66040637,0.04092107,1638.85299437,0.01998546,0.01998546,27320,83,0
7315.58804834,7315.58849495,333.76608236,333.75422474,0.04228771,1639.18424448,0.01998545,0.01998546,27319,83,0
7315.85736489,7315.85630897,340.87923446,340.90729026,0.06409504,1639.51736065,0.01998546,0.01998546,27318,83,0
7316.12464980,7316.12414260,347.99819663,348.01168298,0.05745352,1639.84731519,0.01998546,0.01998546,27317,83,0
7316.39286446,7316.39199583,355.12293166,355.14604503,0.05382568,1640.17776416,0.01998546,0.01998546,27316,83,0
7316.65935237,7316.65986867,362.25334008,362.23959190,0.03576077,1640.50543108,0.01998545,0.01998546,27315,83,0
7316.92761469,7316.92776113,369.38931908,369.38541696,0.03154512,1640.83461408,0.01998546,0.01998546,27314,83,0
7317.19522237,7317.19567319,376.53076533,376.51874432,0.04058364,1641.16232173,0.01998546,0.01998546,27313,83,0
7317.46400049,7317.46360487,383.67758621,383.68814267,0.04605257,1641.49078092,0.01998546,0.01998546,27312,83,0
7317.73092020,7317.73155616,390.82982031,390.81283905,0.05694654,1641.81629282,0.01998546,0.01998546,27311,83,0
7317.99938372,7317.99952708,397.98759217,397.98376147,0.06427270,1642.14301155,0.01998546,0.01998546,27310,83,0
7318.26735989,7318.26751761,405.15102839,405.14681078,0.04537918,1642.46846507,0.01998546,0.01998546,27309,83,0
7318.53579532,7318.53552777,412.32025613,412.32741566,0.03963202,1642.79380698,0.01998546,0.01998546,27308,83,0
7318.80328959,7318.80355756,419.49538760,419.48821151,0.03917163,1643.11734487,0.01998546,0.01998546,27307,83,0
7319.07110453,7319.07160697,426.67643947,426.66297406,0.04146845,1643.44060597,0.01998546,0.01998546,27306,83,0
7319.33947869,7319.33967601,433.86339191,433.85809999,0.06078597,1643.76387206,0.01998546,0.01998546,27305,83,0
7319.60818025,7319.60776468,441.05622492,441.06737872,0.05360681,1644.08685762,0.01998546,0.01998546,27304,83,0
7319.87693618,7319.87587299,448.25491836,448.28347566,0.04599949,1644.40923011,0.01998546,0.01998546,27303,83,0
7320.14327102,7320.14400093,455.45945734,455.43983756,0.03691112,1644.72802652,0.01998546,0.01998546,27302,83,0
7320.41240000,7320.41214851,462.66984406,462.67660908,0.04305233,1645.04948602,0.01998546,0.01998546,27301,83,0
7320.67940032,7320.68031573,469.88608423,469.86144202,0.05660929,1645.36772435,0.01998546,0.01998546,27300,83,0
7320.94937679,7320.94850259,477.10818356,477.13173378,0.06088444,1645.68882093,0.01998546,0.01998546,27299,83,0
7321.21716942,7321.21670910,484.33614710,484.34855699,0.03729706,1646.00663391,0.01998546,0.01998546,27298,83,0
7321.48549305,7321.48493525,491.56992753,491.58497616,0.03299603,1646.32438748,0.01998546,0.01998546,27297,83,0
7321.75296605,7321.75318106,498.80938886,498.80358407,0.04825510,1646.64043880,0.01998546,0.01998546,27296,83,0
7322.02210812,7322.02144651,506.05438589,506.07226000,0.05676177,1646.95775374,0.01998546,0.01998546,27295,83,0
7322.28945712,7322.28973162,513.30477268,513.29735194,0.04533028,1647.27224274,0.01998546,0.01998546,27294,83,0
7322.55749271,7322.55803638,520.56041876,520.54571151,0.03291487,1647.58681965,0.01998546,0.01998546,27293,83,0
7322.82642615,7322.82636080,527.82148914,527.82325800,0.05344546,1647.90173139,0.01998546,0.01998546,27292,83,0
7323.09493287,7323.09470489,535.08840891,535.09458515,0.04871123,1648.21544154,0.01998546,0.01998546,27291,83,0
7323.36358445,7323.36306863,542.36161397,542.37559952,0.04001130,1648.52863577,0.01998546,0.01998546,27290,83,0
7323.63171143,7323.63145203,549.64154238,549.64858174,0.03758089,1648.84055166,0.01998546,0.01998546,27289,83,0
7323.89894589,7323.89985511,556.92854647,556.90385074,0.05071137,1649.15077903,0.01998546,0.01998546,27288,83,0
7324.16841892,7324.16827785,564.22236911,564.22620393,0.04656466,1649.46293431,0.01998546,0.01998546,27287,83,0
7324.43649478,7324.43672026,571.52249214,571.51635796,0.03804102,1649.77277836,0.01998546,0.01998546,27286,83,0
7324.70560861,7324.70518235,578.82839383,578.83999789,0.06223764,1650.08310273,0.01998546,0.01998546,27285,83,0
7324.97346490,7324.97366411,586.13955009,586.13412382,0.04776086,1650.39123726,0.01998546,0.01998546,27284,83,0
7325.24172488,7325.24216554,593.45566787,593.44365693,0.03484191,1650.69908240,0.01998546,0.01998546,27283,83,0
7325.51066169,7325.51068666,600.77713628,600.77645518,0.05721045,1651.00696170,0.01998546,0.01998546,27282,83,0
7325.77953933,7325.77922746,608.10447071,608.11298363,0.05012784,1651.31404980,0.01998546,0.01998546,27281,83,0
7326.04735542,7326.04778794,615.43818912,615.42637331,0.03850131,1651.61922589,0.01998546,0.01998546,27280,83,0
7326.31650379,7326.31636810,622.77880088,622.78251092,0.05522994,1651.92523559,0.01998546,0.01998546,27279,83,0
7326.58521732,7326.58496796,630.12640885,630.13323314,0.04442208,1652.23006818,0.01998546,0.01998546,27278,83,0
7326.85367753,7326.85358750,637.48059896,637.48306457,0.03622827,1652.53391259,0.01998546,0.01998546,27277,83,0
7327.12208985,7327.12222674,644.84092185,644.83717000,0.04951611,1652.83698176,0.01998546,0.01998546,27276,83,0
7327.39022948,7327.39088567,652.20692587,652.18892877,0.05570739,1653.13900255,0.01998546,0.01998546,27275,83,0
7327.66008359,7327.65956430,659.57822103,659.59247262,0.03365594,1653.44218923,0.01998546,0.01998546,27274,83,0
7327.92798872,7327.92826262,666.95500411,666.94748179,0.05728883,1653.74243300,0.01998546,0.01998546,27273,83,0
7328.19724794,7328.19698065,674.33779008,674.34513650,0.02942228,1654.04345719,0.01998546,0.01998546,27272,83,0
7328.46638692,7328.46571838,681.72709962,681.74548985,0.03923810,1654.34362755,0.01998546,0.01998546,27271,83,0
7328.73394493,7328.73447582,689.12345596,689.10883892,0.05274242,1654.64134041,0.01998546,0.01998546,27270,83,0
7329.00335271,7329.00325296,696.52717317,696.52992210,0.03565475,1654.94042225,0.01998546,0.01998546,27269,83,0
7329.27224315,7329.27204981,703.93788943,703.94322200,0.05336608,1655.23822293,0.01998546,0.01998546,27268,83,0
7329.54116863,7329.54086637,711.35510595,711.36344911,0.03733569,1655.53533363,0.01998546,0.01998546,27267,83,0
7329.80936078,7329.80970265,718.77832136,718.76887824,0.05345675,1655.83088606,0.01998546,0.01998546,27266,83,0
7330.07801086,7330.07855865,726.20704453,726.19190384,0.04717388,1656.12617264,0.01998546,0.01998546,27265,83,0
7330.34729314,7330.34743436,733.64119057,733.63728474,0.03414245,1656.42137491,0.01998546,0.01998546,27264,83,0
7330.61647547,7330.61632979,741.08115853,741.08519076,0.05463437,1656.71570182,0.01998546,0.01998546,27263,83,0
7330.88555572,7330.88524494,748.52737757,748.53598626,0.03389381,1657.00916678,0.01998546,0.01998546,27262,83,0
7331.15425310,7331.15417982,755.98027905,755.98231057,0.05805232,1657.30148025,0.01998546,0.01998546,27261,83,0
7331.42322129,7331.42313443,763.44023952,763.44264994,0.03944812,1657.59336613,0.01998546,0.01998546,27260,83,0
7331.69160518,7331.69210876,770.90723384,770.89324791,0.05634771,1657.88389418,0.01998546,0.01998546,27259,83,0
7331.96105699,7331.96110283,778.38106255,778.37978837,0.03570214,1658.17484072,0.01998546,0.01998546,27258,83,0
7332.22959166,7332.23011663,785.86152446,785.84692089,0.05124246,1658.46405149,0.01998546,0.01998546,27257,83,0
7332.49974356,7332.49915017,793.34841778,793.36493769,0.03530572,1658.75424284,0.01998546,0.01998546,27256,83,0
7332.76834788,7332.76820344,800.84162911,800.84565353,0.05085042,1659.04200828,0.01998546,0.01998546,27255,83,0
7333.03734838,7333.03727645,808.34123830,808.34324398,0.04281265,1659.32943591,0.01998546,0.01998546,27254,83,0
7333.30593729,7333.30636921,815.84735096,815.83529806,0.05161642,1659.61566441,0.01998546,0.01998546,27253,83,0
7333.57600386,7333.57548171,823.36007323,823.37465601,0.03802026,1659.90270433,0.01998546,0.01998546,27252,83,0
7333.84453282,7333.84461395,830.87950687,830.87723915,0.05055864,1660.18735257,0.01998546,0.01998546,27251,83,0
7334.11363870,7334.11376595,838.40568734,838.40212769,0.03438686,1660.47185359,0.01998546,0.01998546,27250,83,0
7334.38287563,7334.38293769,845.93860218,845.93686459,0.05813602,1660.75573010,0.01998546,0.01998546,27249,83,0
7334.65237050,7334.65212919,853.47823782,853.48499924,0.03521650,1661.03911129,0.01998546,0.01998546,27248,83,0
7334.92154217,7334.92134044,861.02458058,861.03023767,0.05648688,1661.32138341,0.01998546,0.01998546,27247,83,0
7335.19082528,7335.19057145,868.57766828,868.58479234,0.03644234,1661.60300213,0.01998546,0.01998546,27246,83,0
7335.46013422,7335.45982222,876.13771167,876.14647589,0.05199454,1661.88388271,0.01998546,0.01998546,27245,83,0
7335.72882850,7335.72909275,883.70495872,883.69752920,0.05174976,1662.16336623,0.01998546,0.01998546,27244,83,0
7335.99927531,7335.99838305,891.27965871,891.30476835,0.03756777,1662.44391672,0.01998546,0.01998546,27243,83,0
7336.26788956,7336.26769311,898.86204508,898.86757885,0.04989177,1662.72182130,0.01998546,0.01998546,27242,83,0
7336.53766710,7336.53702294,906.45197830,906.47013929,0.03189053,1663.00017420,0.01998546,0.01998546,27241,83,0
7336.80594740,7336.80637254,914.04895493,914.03695932,0.05297995,1663.27621077,0.01998546,0.01998546,27240,83,0
7337.07634715,7337.07574191,921.65245385,921.66954432,0.04526282,1663.55362797,0.01998546,0.01998546,27239,83,0
7337.34537714,7337.34513105,929.26195110,929.26890472,0.03734373,1663.82882143,0.01998546,0.01998546,27238,83,0
7337.61441294,7337.61453998,936.87709074,936.87349870,0.05298261,1664.10318950,0.01998546,0.01998546,27237,83,0
7337.88363695,7337.88396868,944.49823610,944.48884909,0.03124832,1664.37692832,0.01998546,0.01998546,27236,83,0
7338.15370133,7338.15341716,952.12594280,952.13399054,0.05434455,1664.65071401,0.01998546,0.01998546,27235,83,0
7338.42301151,7338.42288543,959.76076945,959.76434330,0.05231995,1664.92294716,0.01998546,0.01998546,27234,83,0
7338.69224561,7338.69237348,967.40326037,967.39963231,0.03469061,1665.19433354,0.01998546,0.01998546,27233,83,0
7338.96171405,7338.96188132,975.05350462,975.04875432,0.05265049,1665.46518568,0.01998546,0.01998546,27232,83,0
7339.23167574,7339.23140895,982.71109730,982.71868030,0.05148136,1665.73574350,0.01998546,0.01998546,27231,83,0
7339.50093989,7339.50095637,990.37560678,990.37513796,0.03603864,1666.00479662,0.01998546,0.01998546,27230,83,0
7339.77034705,7339.77052359,998.04659900,998.04157345,0.04626586,1666.27316974,0.01998546,0.01998546,27229,83,0
7340.03971086,7340.04011060,1005.72375777,1005.71236986,0.04508283,1666.54066338,0.01998546,0.01998546,27228,83,0
7340.30988370,7340.30971741,1013.40727862,1013.41201945,0.03225934,1666.80812499,0.01998546,0.01998546,27227,83,0
7340.57909646,7340.57934403,1021.09749516,1021.09043114,0.04772121,1667.07381309,0.01998546,0.01998546,27226,83,0
7340.84913499,7340.84899044,1028.79474282,1028.79887095,0.04969945,1667.33949986,0.01998546,0.01998546,27225,83,0
7341.11855195,7341.11865666,1036.49934757,1036.49635444,0.03162476,1667.60376889,0.01998546,0.01998546,27224,83,0
7341.38895881,7341.38834269,1044.21138169,1044.22900832,0.05216744,1667.86819895,0.01998546,0.01998546,27223,83,0
7341.65786977,7341.65804852,1051.93066502,1051.92554657,0.04522601,1668.13035255,0.01998546,0.01998546,27222,83,0
7341.92772328,7341.92777417,1059.65700558,1059.65554720,0.05540269,1668.39260021,0.01998546,0.01998546,27221,83,0
7342.19765421,7342.19751964,1067.39021029,1067.39406985,0.03328552,1668.65408733,0.01998546,0.01998546,27220,83,0
7342.46769580,7342.46728491,1075.13013911,1075.14193260,0.05071766,1668.91483798,0.01998546,0.01998546,27219,83,0
7342.73655974,7342.73707001,1082.87683859,1082.86218058,0.04942440,1669.17361224,0.01998546,0.01998546,27218,83,0
7343.00683074,7343.00687493,1090.63039608,1090.62912562,0.04784631,1669.43289713,0.01998546,0.01998546,27217,83,0
7343.27708371,7343.27669967,1098.39089942,1098.40194947,0.03761300,1669.69131935,0.01998546,0.01998546,27216,83,0
7343.54676517,7343.54654423,1106.15844620,1106.16480859,0.05009765,1669.94835305,0.01998546,0.01998546,27215,83,0
7343.81619602,7343.81640862,1113.93326809,1113.92714023,0.05035406,1670.20431290,0.01998546,0.01998546,27214,83,0
7344.08596959,7344.08629285,1121.71569802,1121.70637212,0.04915914,1670.45977028,0.01998546,0.01998546,27213,83,0
7344.35655469,7344.35619690,1129.50607316,1129.51640542,0.03296956,1670.71517198,0.01998546,0.01998546,27212,83,0
7344.62594941,7344.62612078,1137.30473160,1137.29977777,0.04717748,1670.96863809,0.01998546,0.01998546,27211,83,0
7344.89596599,7344.89606450,1145.11177170,1145.10892108,0.04476212,1671.22187630,0.01998546,0.01998546,27210,83,0
7345.16548632,7345.16602806,1152.92674042,1152.91105077,0.05028642,1671.47381966,0.01998546,0.01998546,27209,83,0
7345.43628909,7345.43601146,1160.74910540,1160.75715251,0.04388131,1671.72610705,0.01998546,0.01998546,27208,83,0
7345.70674501,7345.70601470,1168.57833117,1168.59951578,0.04695761,1671.97719613,0.01998546,0.01998546,27207,83,0
7345.97586183,7345.97603779,1176.41397150,1176.40886350,0.03255515,1672.22615716,0.01998546,0.01998546,27206,83,0
7346.24591810,7346.24608072,1184.25627998,1184.25155530,0.04659274,1672.47510567,0.01998546,0.01998546,27205,83,0
7346.51545611,7346.51614350,1192.10583459,1192.08584608,0.04442037,1672.72271146,0.01998546,0.01998546,27204,83,0
7346.78617534,7346.78622614,1199.96321836,1199.96173996,0.04184961,1672.97054814,0.01998546,0.01998546,27203,83,0
7347.05608361,7347.05632862,1207.82900662,1207.82186795,0.04957224,1673.21680516,0.01998546,0.01998546,27202,83,0
7347.32659665,7347.32645096,1215.70337139,1215.70762029,0.04997723,1673.46277729,0.01998546,0.01998546,27201,83,0
7347.59704176,7347.59659316,1223.58596912,1223.59906516,0.05078155,1673.70783637,0.01998546,0.01998546,27200,83,0
7347.86640166,7347.86675522,1231.47642092,1231.46609004,0.03148786,1673.95105123,0.01998546,0.01998546,27199,83,0
7348.13678302,7348.13693714,1239.37434569,1239.36983848,0.04615936,1674.19430967,0.01998546,0.01998546,27198,83,0
7348.40739163,7348.40713893,1247.27947492,1247.28687125,0.04993770,1674.43687996,0.01998546,0.01998546,27197,83,0
7348.67740063,7348.67736058,1255.19194046,1255.19311380,0.04209101,1674.67802402,0.01998546,0.01998546,27196,83,0
7348.94739238,7348.94760210,1263.11196275,1263.10581392,0.04672510,1674.91826886,0.01998546,0.01998546,27195,83,0
7349.21787093,7349.21786349,1271.03976347,1271.03998188,0.04537694,1675.15806446,0.01998546,0.01998546,27194,83,0
7349.48825333,7349.48814475,1278.97554897,1278.97873840,0.04306610,1675.39689530,0.01998546,0.01998546,27193,83,0
7349.75838715,7349.75844589,1286.91935464,1286.91762753,0.04673789,1675.63462639,0.01998546,0.01998546,27192,83,0
7350.02838886,7350.02876690,1294.87111424,1294.85998865,0.04853744,1675.87135702,0.01998546,0.01998546,27191,83,0
7350.29920796,7350.29910780,1302.83075980,1302.83371032,0.04327361,1676.10791122,0.01998546,0.01998546,27190,83,0
7350.56955263,7350.56946857,1310.79822273,1310.80070081,0.04356963,1676.34315383,0.01998546,0.01998546,27189,83,0
7350.83965892,7350.83984923,1318.77342541,1318.76780929,0.04663704,1676.57728850,0.01998546,0.01998546,27188,83,0
7351.11038372,7351.11024978,1326.75627768,1326.76023371,0.04223024,1676.81105049,0.01998546,0.01998546,27187,83,0
7351.38061380,7351.38067022,1334.74668789,1334.74502033,0.04460318,1677.04347228,0.01998546,0.01998546,27186,83,0
7351.65088127,7351.65111054,1342.74456389,1342.73778077,0.04879699,1677.27500829,0.01998546,0.01998546,27185,83,0
7351.92148418,7351.92157076,1350.74989899,1350.74733530,0.04870293,1677.50590886,0.01998546,0.01998546,27184,83,0
7352.19167229,7352.19205087,1358.76297133,1358.75175069,0.04487839,1677.73553929,0.01998546,0.01998546,27183,83,0
7352.46261211,7352.46255088,1366.78411953,1366.78593591,0.04424107,1677.96489592,0.01998546,0.01998546,27182,83,0
7352.73319253,7352.73307079,1374.81368425,1374.81729948,0.04551173,1678.19304269,0.01998546,0.01998546,27181,83,0
7353.00344860,7353.00361060,1382.85196035,1382.84714450,0.04855126,1678.42001760,0.01998546,0.01998546,27180,83,0
7353.27427406,7353.27417031,1390.89885895,1390.90194612,0.04138738,1678.64656408,0.01998546,0.01998546,27179,83,0
7353.54451955,7353.54474993,1398.95410440,1398.94724259,0.04764234,1678.87170966,0.01998546,0.01998546,27178,83,0
7353.81525171,7353.81534946,1407.01741811,1407.01450395,0.04321386,1679.09633242,0.01998546,0.01998546,27177,83,0
7354.08556122,7354.08596890,1415.08852649,1415.07636221,0.04528871,1679.31966688,0.01998546,0.01998546,27176,83,0
7354.35640394,7354.35660825,1423.16730712,1423.16120574,0.04769405,1679.54249579,0.01998546,0.01998546,27175,83,0
7354.62738953,7354.62726751,1431.25378929,1431.25743642,0.04395087,1679.76449223,0.01998546,0.01998546,27174,83,0
7354.89731719,7354.89794669,1439.34800903,1439.32917651,0.04467690,1679.98467526,0.01998546,0.01998546,27173,83,0
7355.16818321,7355.16864579,1447.45000387,1447.43615261,0.05162267,1680.20467187,0.01998546,0.01998546,27172,83,0
7355.43900409,7355.43936482,1455.55997450,1455.54916292,0.05250662,1680.42368091,0.01998546,0.01998546,27171,83,0
7355.71047753,7355.71010376,1463.67844146,1463.68965505,0.04215827,1680.64227422,0.01998546,0.01998546,27170,83,0
7355.98065522,7355.98086263,1471.80596533,1471.79973593,0.03985755,1680.85889790,0.01998546,0.01998546,27169,83,0
7356.25117073,7356.25164143,1479.94311013,1479.92895695,0.05119844,1681.07487793,0.01998546,0.01998546,27168,83,0
7356.52270361,7356.52244016,1488.09019320,1488.09812372,0.04247621,1681.29075449,0.01998546,0.01998546,27167,83,0
7356.79301634,7356.79325882,1496.24656987,1496.23926337,0.04516803,1681.50472883,0.01998546,0.01998546,27166,83,0
7357.06442082,7357.06409741,1504.41135929,1504.42111302,0.05354938,1681.71860491,0.01998547,0.01998546,27165,83,0
7357.33532741,7357.33495594,1512.58367510,1512.59488727,0.04273420,1681.93110048,0.01998547,0.01998546,27164,83,0
7357.60593709,7357.60583441,1520.76276780,1520.76586917,0.04505007,1682.14235527,0.01998547,0.01998546,27163,83,0
7357.87660190,7357.87673283,1528.94895045,1528.94499235,0.04060715,1682.35265085,0.01998546,0.01998546,27162,83,0
7358.14726396,7358.14765118,1537.14302230,1537.13130500,0.04050156,1682.56195947,0.01998546,0.01998546,27161,83,0
7358.41841687,7358.41858948,1545.34579000,1545.34056137,0.04796432,1682.77067751,0.01998546,0.01998546,27160,83,0
7358.69000815,7358.68954773,1553.55802083,1553.57198296,0.04856349,1682.97877548,0.01998547,0.01998546,27159,83,0
7358.96023422,7358.96052592,1561.77981545,1561.77096012,0.04186255,1683.18487504,0.01998546,0.01998546,27158,83,0
7359.23104153,7359.23152407,1570.01075439,1569.99609094,0.04129741,1683.39045059,0.01998546,0.01998547,27157,83,0
7359.50205532,7359.50254218,1578.25040191,1578.23559314,0.04857399,1683.59519893,0.01998546,0.01998547,27156,83,0
7359.77409530,7359.77358024,1586.49832865,1586.51400956,0.04952233,1683.79971842,0.01998547,0.01998547,27155,83,0
7360.04430423,7360.04463825,1594.75442593,1594.74424732,0.04353551,1684.00185948,0.01998546,0.01998547,27154,83,0
7360.31558899,7360.31571623,1603.01898597,1603.01510466,0.04277505,1684.20380470,0.01998546,0.01998547,27153,83,0
7360.58684732,7360.58681417,1611.29232787,1611.29333986,0.04483616,1684.40473209,0.01998546,0.01998547,27152,83,0
7360.85781239,7360.85793208,1619.57477133,1619.57111284,0.04860468,1684.60444986,0.01998546,0.01998547,27151,83,0
7361.12880958,7361.12906996,1627.86647469,1627.85850809,0.04388945,1684.80319936,0.01998546,0.01998547,27150,83,0
7361.39978944,7361.40022780,1636.16728481,1636.15385879,0.04393664,1685.00093683,0.01998546,0.01998547,27149,83,0
7361.67142143,7361.67140562,1644.47701227,1644.47749704,0.04621802,1685.19813905,0.01998547,0.01998547,27148,83,0
7361.94289373,7361.94260340,1652.79546652,1652.80437596,0.04214315,1685.39420576,0.01998547,0.01998547,27147,83,0
7362.21351728,7362.21382117,1661.12256282,1661.11322816,0.04253903,1685.58863946,0.01998546,0.01998547,27146,83,0
7362.48500208,7362.48505892,1669.45852292,1669.45677520,0.05272007,1685.78267024,0.01998547,0.01998547,27145,83,0
7362.75651273,7362.75631664,1677.80362466,1677.80966055,0.03936936,1685.97569882,0.01998547,0.01998547,27144,83,0
7363.02690383,7363.02759435,1686.15814762,1686.13687026,0.04247244,1686.16691967,0.01998546,0.01998547,27143,83,0
7363.29860867,7363.29889204,1694.52228182,1694.51354081,0.04501742,1686.35805298,0.01998546,0.01998547,27142,83,0
7363.57034379,7363.57020972,1702.89583862,1702.89997854,0.04048410,1686.54818007,0.01998547,0.01998547,27141,83,0
7363.84205131,7363.84154739,1711.27852951,1711.29410522,0.04822262,1686.73725000,0.01998547,0.01998547,27140,83,0
7364.11317041,7364.11290505,1719.67006404,1719.67827406,0.05009762,1686.92486583,0.01998547,0.01998547,27139,83,0
7364.38359984,7364.38428271,1728.07021599,1728.04906849,0.03948779,1687.11095623,0.01998546,0.01998547,27138,83,0
7364.65533881,7364.65568036,1736.47913734,1736.46854957,0.04648957,1687.29689313,0.01998547,0.01998547,27137,83,0
7364.92683190,7364.92709801,1744.89711621,1744.88885867,0.04057880,1687.48160873,0.01998547,0.01998547,27136,83,0
7365.19879690,7365.19853566,1753.32444276,1753.33255773,0.05118993,1687.66559261,0.01998547,0.01998547,27135,83,0
7365.47013368,7365.46999331,1761.76137853,1761.76574347,0.04180831,1687.84810321,0.01998547,0.01998547,27134,83,0
7365.74123744,7365.74147097,1770.20795588,1770.20068615,0.03810665,1688.02940804,0.01998547,0.01998547,27133,83,0
7366.01320907,7366.01296863,1778.66410162,1778.67159435,0.05161471,1688.21023406,0.01998547,0.01998547,27132,83,0
7366.28440036,7366.28448631,1787.12974152,1787.12706038,0.03482809,1688.38947933,0.01998547,0.01998547,27131,83,0
7366.55593091,7366.55602399,1795.60480172,1795.60189504,0.04810191,1688.56788094,0.01998547,0.01998547,27130,83,0
7366.82814206,7366.82758169,1804.08921659,1804.10673328,0.03924106,1688.74565180,0.01998547,0.01998547,27129,83,0
7367.09868335,7367.09915941,1812.58292488,1812.56802835,0.04773261,1688.92125764,0.01998547,0.01998547,27128,83,0
7367.37077463,7367.37075714,1821.08586495,1821.08641286,0.04057673,1689.09678398,0.01998547,0.01998547,27127,83,0
7367.64252374,7367.64237489,1829.59798705,1829.60265385,0.05439038,1689.27099805,0.01998547,0.01998547,27126,83,0
7367.91386618,7367.91401267,1838.11938230,1838.11478451,0.04412262,1689.44386102,0.01998547,0.01998547,27125,83,0
7368.18553501,7368.18567047,1846.65023249,1846.64597629,0.04492516,1689.61584012,0.01998547,0.01998547,27124,83,0
7368.45676619,7368.45734830,1855.19072200,1855.17241300,0.05455516,1689.78645206,0.01998547,0.01998547,27123,83,0
7368.72941585,7368.72904616,1863.74103704,1863.75267761,0.04030960,1689.95685807,0.01998547,0.01998547,27122,83,0
7369.00112915,7369.00076405,1872.30137263,1872.31288129,0.05102658,1690.12558312,0.01998547,0.01998547,27121,83,0
7369.27258675,7369.27250197,1880.87193034,1880.87460570,0.03895399,1690.29305679,0.01998547,0.01998547,27120,83,0
7369.54466591,7369.54425993,1889.45291318,1889.46573969,0.04837640,1690.45981764,0.01998547,0.01998547,27119,83,0
7369.81594910,7369.81603793,1898.04449537,1898.04168587,0.04673210,1690.62499681,0.01998547,0.01998547,27118,83,0
7370.08789912,7370.08783596,1906.64644064,1906.64844051,0.04411386,1690.78947669,0.01998547,0.01998547,27117,83,0
7370.35993806,7370.35965404,1915.25821285,1915.26721568,0.04832411,1690.95288860,0.01998547,0.01998547,27116,83,0
7370.63202211,7370.63149217,1923.87926550,1923.89608000,0.03882679,1691.11519090,0.01998547,0.01998547,27115,83,0
7370.90358366,7370.90335034,1932.50910099,1932.51651114,0.04846692,1691.27603484,0.01998547,0.01998547,27114,83,0
7371.17509693,7371.17522856,1941.14792922,1941.14374469,0.03619203,1691.43570506,0.01998547,0.01998547,27113,83,0
7371.44719616,7371.44712683,1949.79647161,1949.79867813,0.04737817,1691.59458050,0.01998547,0.01998547,27112,83,0
7371.71930217,7371.71904516,1958.45546568,1958.46365481,0.04268260,1691.75232848,0.01998547,0.01998547,27111,83,0
7371.99109493,7371.99098354,1967.12558837,1967.12914195,0.03728871,1691.90877306,0.01998547,0.01998547,27110,83,0
7372.26337506,7372.26294198,1975.80670561,1975.82053797,0.04912991,1692.06436677,0.01998547,0.01998547,27109,83,0
7372.53521431,7372.53492048,1984.49813013,1984.50752480,0.04443014,1692.21856193,0.01998547,0.01998547,27108,83,0
7372.80745521,7372.80691904,1993.19915936,1993.21631937,0.05193546,1692.37181994,0.01998547,0.01998547,27107,83,0
7373.07912368,7373.07893767,2001.90914524,2001.91510430,0.03915335,1692.52357817,0.01998547,0.01998547,27106,83,0
7373.35102135,7373.35097636,2010.62807395,2010.62951652,0.04570781,1692.67428259,0.01998547,0.01998547,27105,83,0
7373.62358974,7373.62303512,2019.35631990,2019.37412225,0.04790266,1692.82417462,0.01998547,0.01998547,27104,83,0
7373.89564083,7373.89511396,2028.09426560,2028.11119550,0.04823416,1692.97260238,0.01998547,0.01998547,27103,83,0
7374.16778312,7374.16721286,2036.84229898,2036.86064289,0.03801513,1693.11990295,0.01998547,0.01998547,27102,83,0
7374.43896465,7374.43933185,2045.60083460,2045.58900882,0.05121050,1693.26551506,0.01998547,0.01998547,27101,83,0
7374.71135069,7374.71147091,2054.37030237,2054.36642613,0.04416834,1693.41060229,0.01998547,0.01998547,27100,83,0
7374.98382816,7374.98363005,2063.15113534,2063.15753103,0.03293530,1693.55456563,0.01998547,0.01998547,27099,83,0
7375.25639529,7375.25580928,2071.94369800,2071.96264063,0.05219924,1693.69740390,0.01998547,0.01998547,27098,83,0
7375.52840107,7375.52800859,2080.74786793,2080.76057060,0.04823697,1693.83877184,0.01998547,0.01998547,27097,83,0
7375.80062372,7375.80022798,2089.56331687,2089.57614006,0.04288132,1693.97906582,0.01998547,0.01998547,27096,83,0
7376.07263999,7376.07246747,2098.38971345,2098.39531020,0.04332491,1694.11805750,0.01998547,0.01998547,27095,83,0
7376.34541276,7376.34472704,2107.22676200,2107.24903153,0.04630961,1694.25622580,0.01998547,0.01998547,27094,83,0
7376.61737795,7376.61700671,2116.07435918,2116.08642913,0.05108022,1694.39277256,0.01998547,0.01998547,27093,83,0
7376.88908357,7376.88930648,2124.93246265,2124.92520714,0.03021673,1694.52797474,0.01998547,0.01998547,27092,83,0
7377.16173508,7377.16162634,2133.80102972,2133.80457300,0.04600560,1694.66242234,0.01998547,0.01998547,27091,83,0
7377.43408238,7377.43396631,2142.68008635,2142.68387287,0.04329741,1694.79549033,0.01998547,0.01998547,27090,83,0
7377.70648117,7377.70632637,2151.56990848,2151.57496394,0.04321922,1694.92735367,0.01998547,0.01998547,27089,83,0
7377.97825124,7377.97870654,2160.47083061,2160.45594328,0.04624352,1695.05768708,0.01998547,0.01998547,27088,83,0
7378.25114670,7378.25110682,2169.38318923,2169.38449461,0.04458468,1695.18732834,0.01998547,0.01998547,27087,83,0
7378.52368319,7378.52352721,2178.30718617,2178.31229882,0.04366948,1695.31556489,0.01998547,0.01998547,27086,83,0
7378.79643140,7378.79596771,2187.24268701,2187.25790446,0.04295776,1695.44265914,0.01998547,0.01998547,27085,83,0
7379.06803388,7379.06842832,2196.18950517,2196.17654514,0.04767350,1695.56797718,0.01998547,0.01998547,27084,83,0
7379.34060670,7379.34090905,2205.14745250,2205.13750703,0.04268775,1695.69248893,0.01998547,0.01998547,27083,83,0
7379.61349548,7379.61340990,2214.11632828,2214.11914669,0.04614393,1695.81587884,0.01998547,0.01998547,27082,83,0
7379.88625959,7379.88593086,2223.09591227,2223.10674973,0.04755940,1695.93793845,0.01998547,0.01998547,27081,83,0
7380.15856841,7380.15847195,2232.08598085,2232.08916452,0.05364721,1696.05851610,0.01998547,0.01998547,27080,83,0
7380.43104173,7380.43103316,2241.08632248,2241.08660542,0.04811659,1696.17788078,0.01998547,0.01998547,27079,83,0
7380.70368311,7380.70361450,2250.09706739,2250.09933652,0.04754785,1696.29602881,0.01998547,0.01998547,27078,83,0
7380.97645880,7380.97621597,2259.11870518,2259.12674597,0.05220479,1696.41294504,0.01998547,0.01998547,27077,83,0
7381.24865289,7381.24883758,2268.15174589,2268.14562265,0.04087834,1696.52832736,0.01998547,0.01998547,27076,83,0
7381.52154065,7381.52147931,2277.19667297,2277.19870935,0.05048078,1696.64271648,0.01998547,0.01998547,27075,83,0
7381.79430510,7381.79414118,2286.25362503,2286.25907338,0.04769645,1696.75576221,0.01998547,0.01998547,27074,83,0
7382.06629649,7382.06682319,2295.32251907,2295.30499120,0.04519575,1696.86719516,0.01998547,0.01998547,27073,83,0
7382.33955285,7382.33952534,2304.40326780,2304.40418449,0.04607385,1696.97784029,0.01998547,0.01998547,27072,83,0
7382.61183734,7382.61224763,2313.49576103,2313.48207368,0.04620911,1697.08678306,0.01998547,0.01998547,27071,83,0
7382.88450766,7382.88499007,2322.59975867,2322.58364660,0.04566539,1697.19456275,0.01998547,0.01998547,27070,83,0
7383.15795706,7383.15775265,2331.71497204,2331.72180674,0.04374879,1697.30131772,0.01998547,0.01998547,27069,83,0
7383.43056996,7383.43053538,2340.84111030,2340.84226757,0.05575798,1697.40640920,0.01998547,0.01998547,27068,83,0
7383.70356591,7383.70333827,2349.97810988,2349.98573869,0.05271994,1697.51030495,0.01998547,0.01998547,27067,83,0
7383.97612596,7383.97616131,2359.12659090,2359.12540507,0.05003808,1697.61269562,0.01998547,0.01998547,27066,83,0
7384.24880302,7384.24900450,2368.28730515,2368.28053596,0.04387206,1697.71379424,0.01998547,0.01998547,27065,83,0
7384.52192564,7384.52186785,2377.46100142,2377.46294562,0.03668968,1697.81372093,0.01998547,0.01998547,27064,83,0
7384.79433325,7384.79475137,2386.64793359,2386.63384793,0.04360634,1697.91204976,0.01998547,0.01998547,27063,83,0
7385.06728671,7385.06765504,2395.84759632,2395.83517191,0.04507160,1698.00922568,0.01998547,0.01998547,27062,83,0
7385.34038149,7385.34057888,2405.05941651,2405.05275000,0.05359974,1698.10508773,0.01998547,0.01998547,27061,83,0
7385.61344178,7385.61352289,2414.28284446,2414.28010220,0.04557879,1698.19956216,0.01998547,0.01998547,27060,83,0
7385.88681157,7385.88648706,2423.51774360,2423.52872881,0.03950111,1698.29275915,0.01998547,0.01998547,27059,83,0
7386.15943160,7386.15947141,2432.76429709,2432.76294778,0.04239536,1698.38431739,0.01998547,0.01998547,27058,83,0
7386.43259327,7386.43247593,2442.02269773,2442.02667929,0.04986463,1698.47466863,0.01998547,0.01998547,27057,83,0
7386.70586768,7386.70550063,2451.29318116,2451.30565211,0.04131448,1698.56366274,0.01998547,0.01998547,27056,83,0
7386.97838024,7386.97854551,2460.57622367,2460.57060116,0.04494691,1698.65101869,0.01998547,0.01998547,27055,83,0
7387.25189414,7387.25161057,2469.87239077,2469.88205126,0.05349920,1698.73729914,0.01998547,0.01998547,27054,83,0
7387.52526206,7387.52469581,2479.18225113,2479.20156953,0.04214402,1698.82213459,0.01998547,0.01998547,27053,83,0
7387.79709096,7387.79780123,2488.50596800,2488.48170317,0.04064110,1698.90510065,0.01998547,0.01998547,27052,83,0
7388.07130405,7388.07092684,2497.84272588,2497.85562886,0.05232576,1698.98737457,0.01998547,0.01998547,27051,83,0
7388.34434484,7388.34407264,2507.19155924,2507.20088108,0.04172408,1699.06786543,0.01998547,0.01998547,27050,83,0
7388.61689118,7388.61723864,2516.55152929,2516.53961739,0.04241070,1699.14677265,0.01998547,0.01998547,27049,83,0
7388.89046197,7388.89042482,2525.92252237,2525.92379722,0.05221140,1699.22452562,0.01998547,0.01998547,27048,83,0
7389.16361626,7389.16363121,2535.30527816,2535.30476448,0.04186408,1699.30071073,0.01998547,0.01998547,27047,83,0
7389.43682905,7389.43685779,2544.70058109,2544.69959216,0.04222472,1699.37546393,0.01998547,0.01998547,27046,83,0
7389.70998015,7389.71010457,2554.10912267,2554.10483584,0.05192302,1699.44875175,0.01998547,0.01998547,27045,83,0
7389.98346188,7389.98337156,2563.53091912,2563.53403540,0.04003477,1699.52067110,0.01998547,0.01998547,27044,83,0
7390.25654086,7390.25665875,2572.96570103,2572.96162852,0.04751188,1699.59102141,0.01998547,0.01998547,27043,83,0
7390.53019371,7390.52996614,2582.41319615,2582.42106731,0.03651699,1699.66004472,0.01998547,0.01998547,27042,83,0
7390.80320109,7390.80329375,2591.87326379,2591.87005479,0.05277204,1699.72742701,0.01998547,0.01998547,27041,83,0
7391.07676582,7391.07664157,2601.34608260,2601.35039119,0.03914787,1699.79346106,0.01998547,0.01998547,27040,83,0
7391.34764114,7391.35000960,0.00000000,2610.75583630,0.04323162,1699.85741761,0.01998547,0.01998547,27039,83,1
7391.62373063,7391.62339785,2620.33088463,2620.34245486,0.03838274,1699.92101127,0.01998547,0.01998547,27038,83,0
7391.89769621,7391.89680632,2629.84334274,2629.87432480,0.04687926,1699.98264536,0.01998547,0.01998547,27037,83,0
7392.17023080,7392.17023501,2639.36951355,2639.36936673,0.04033739,1700.04245862,0.01998547,0.01998547,27036,83,0
7392.44364027,7392.44368392,2648.90965914,2648.90813515,0.05342887,1700.10095666,0.01998547,0.01998547,27035,83,0
7392.71733312,7392.71715306,2658.46397806,2658.47027344,0.03743400,1700.15799775,0.01998547,0.01998547,27034,83,0
7392.99044467,7392.99064242,2668.03234861,2668.02542505,0.04731398,1700.21339658,0.01998547,0.01998547,27033,83,0
7393.26398239,7393.26415202,2677.61454955,2677.60860273,0.05198986,1700.26735076,0.01998547,0.01998547,27032,83,0
7393.53779249,7393.53768185,2687.21036089,2687.21424521,0.04044016,1700.31981615,0.01998547,0.01998547,27031,83,0
7393.81102938,7393.81123191,2696.81974980,2696.81263049,0.04508899,1700.37062649,0.01998547,0.01998547,27030,83,0
7394.08513309,7394.08480220,2706.44297218,2706.45461971,0.03818148,1700.42004170,0.01998547,0.01998547,27029,83,0
7394.35877141,7394.35839274,2716.08031043,2716.09365875,0.05110542,1700.46781281,0.01998547,0.01998547,27028,83,0
7394.63186955,7394.63200352,2725.73199239,2725.72726319,0.04900697,1700.51392952,0.01998547,0.01998547,27027,83,0
7394.90527078,7394.90563454,2735.39777342,2735.38491536,0.03492630,1700.55852812,0.01998547,0.01998547,27026,83,0
7395.17929352,7395.17928580,2745.07717101,2745.07744412,0.04468858,1700.60164355,0.01998547,0.01998547,27025,83,0
7395.45268170,7395.45295732,2754.76969835,2754.75993093,0.04906546,1700.64306955,0.01998547,0.01998547,27024,83,0
7395.72660050,7395.72664908,2764.47520387,2764.47348011,0.03659537,1700.68297652,0.01998547,0.01998547,27023,83,0
7396.00033274,7396.00036110,2774.19428032,2774.19327264,0.04747066,1700.72125283,0.01998547,0.01998547,27022,83,0
7396.27370443,7396.27409337,2783.92762467,2783.91378475,0.05027723,1700.75787484,0.01998547,0.01998547,27021,83,0
7396.54802125,7396.54784590,2793.67589661,2793.68214572,0.04921066,1700.79300754,0.01998547,0.01998547,27020,83,0
7396.82174953,7396.82161868,2803.43925836,2803.44392821,0.05717587,1700.82644447,0.01998547,0.01998547,27019,83,0
7397.09581328,7397.09541173,2813.21754864,2813.23189998,0.04238366,1700.85829270,0.01998547,0.01998547,27018,83,0
7397.36949806,7397.36922504,2823.01059928,2823.02037095,0.04580933,1700.88846165,0.01998547,0.01998547,27017,83,0
7397.64298745,7397.64305862,2832.81827698,2832.81572625,0.05023887,1700.91696895,0.01998547,0.01998547,27016,83,0
7397.91713775,7397.91691246,2842.64054195,2842.64862814,0.05193473,1700.94389225,0.01998547,0.01998547,27015,83,0
7398.19118892,7398.19078658,2852.47736921,2852.49183061,0.05233966,1700.96914444,0.01998547,0.01998547,27014,83,0
7398.46483038,7398.46468097,2862.32872458,2862.33410226,0.04005800,1700.99269414,0.01998547,0.01998547,27013,83,0
7398.73808848,7398.73859563,2872.19446146,2872.17618273,0.04829201,1701.01454327,0.01998547,0.01998547,27012,83,0
7399.01264471,7399.01253057,2882.07435481,2882.07847443,0.04470715,1701.03481021,0.01998547,0.01998547,27011,83,0
7399.28643787,7399.28648578,2891.96817658,2891.96644483,0.04745071,1701.05333033,0.01998547,0.01998547,27010,83,0
7399.56020886,7399.56046128,2901.87593727,2901.86680255,0.04911059,1701.07015401,0.01998547,0.01998547,27009,83,0
7399.83424670,7399.83445707,2911.79825141,2911.79062773,0.04682994,1701.08529058,0.01998547,0.01998547,27008,83,0
7400.10816698,7400.10847314,2921.73583222,2921.72472062,0.04239273,1701.09871096,0.01998547,0.01998547,27007,83,0
7400.38269876,7400.38250950,2931.68933107,2931.69621064,0.04729849,1701.11043915,0.01998547,0.01998547,27006,83,0
7400.65638668,7400.65656614,2941.65868143,2941.65214811,0.04856346,1701.12040700,0.01998547,0.01998547,27005,83,0
7400.93077297,7400.93064309,2951.64338010,2951.64811529,0.03396738,1701.12866357,0.01998547,0.01998547,27004,83,0
7401.20488959,7401.20474032,2961.64291592,2961.64836537,0.05515300,1701.13516751,0.01998547,0.01998547,27003,83,0
7401.47908625,7401.47885785,2971.65712922,2971.66547892,0.04615154,1701.13992129,0.01998547,0.01998547,27002,83,0
7401.75304693,7401.75299569,2981.68656181,2981.68843796,0.03963142,1701.14291351,0.01998547,0.01998547,27001,83,0
7402.02717855,7402.02715382,2991.73184273,2991.73274957,0.04810902,1701.14414145,0.01998547,0.01998547,27000,83,0
7402.30088307,7402.30133226,3001.79353051,3001.77703348,0.04229174,1701.14359670,0.01998547,0.01998547,26999,83,0
7402.57538174,7402.57553100,3011.87165093,3011.86616047,0.04772672,1701.14126476,0.01998547,0.01998547,26998,83,0
7402.84928366,7402.84975006,3021.96599842,3021.94881684,0.04607032,1701.13714714,0.01998547,0.01998547,26997,83,0
7403.12350231,7403.12398942,3032.07637041,3032.05839866,0.04200642,1701.13122458,0.01998547,0.01998547,26996,83,0
7403.39789692,7403.39824910,3042.20279071,3042.18977740,0.04276288,1701.12348692,0.01998547,0.01998547,26995,83,0
7403.67215269,7403.67252909,3052.34557772,3052.33164752,0.04639073,1701.11393401,0.01998547,0.01998547,26994,83,0
7403.94685294,7403.94682940,3062.50507217,3062.50594483,0.05025742,1701.10253350,0.01998547,0.01998547,26993,83,0
7404.22140037,7404.22115003,3072.68140703,3072.69070095,0.04383796,1701.08929834,0.01998547,0.01998547,26992,83,0
7404.49549484,7404.49549098,3082.87389643,3082.87403979,0.04168363,1701.07424134,0.01998547,0.01998547,26991,83,0
7404.77011896,7404.76985226,3093.08164860,3093.09157813,0.04518539,1701.05730082,0.01998548,0.01998547,26990,83,0
7405.04397633,7405.04423386,3103.30385611,3103.29425529,0.04433469,1701.03855275,0.01998547,0.01998547,26989,83,0
7405.31867266,7405.31863579,3113.54092263,3113.54229890,0.05254895,1701.01787802,0.01998547,0.01998547,26988,83,0
7405.59279533,7405.59305805,3123.79411310,3123.78428933,0.04196379,1700.99536956,0.01998547,0.01998547,26987,83,0
7405.86723167,7405.86750065,3134.06471532,3134.05464071,0.04237891,1700.97094551,0.01998547,0.01998547,26986,83,0
7406.14210286,7406.14196358,3144.35337336,3144.35859853,0.04993064,1700.94457638,0.01998547,0.01998547,26985,83,0
7406.41656517,7406.41644685,3154.65955410,3154.66400029,0.04720701,1700.91633477,0.01998547,0.01998547,26984,83,0
7406.69099964,7406.69095046,3164.98259507,3164.98444596,0.04001886,1700.88617870,0.01998547,0.01998547,26983,83,0
7406.96531419,7406.96547441,3175.32199112,3175.31595210,0.05046032,1700.85411249,0.01998547,0.01998547,26982,83,0
7407.23989648,7407.24001871,3185.67802137,3185.67340734,0.04290645,1700.82007961,0.01998547,0.01998547,26981,83,0
7407.51437332,7407.51458335,3196.05120482,3196.04326339,0.04137267,1700.78411389,0.01998547,0.01998547,26980,83,0
7407.78860907,7407.78916834,3206.44202869,3206.42084754,0.05129604,1700.74622581,0.01998547,0.01998547,26979,83,0
7408.06357170,7408.06377369,3216.85047083,3216.84280856,0.04307827,1700.70626703,0.01998547,0.01998547,26978,83,0
7408.33825190,7408.33839939,3227.27613088,3227.27052744,0.05090511,1700.66437162,0.01998547,0.01998547,26977,83,0
7408.61281768,7408.61304544,3237.71860076,3237.70993451,0.03816089,1700.62051071,0.01998547,0.01998547,26976,83,0
7408.88775591,7408.88771185,3248.17782164,3248.17950068,0.03658685,1700.57459492,0.01998547,0.01998547,26975,83,0
7409.16272991,7409.16239862,3258.65430941,3258.66695486,0.04982173,1700.52666455,0.01998548,0.01998547,26974,83,0
7409.43732185,7409.43710576,3269.14863787,3269.15689986,0.04876667,1700.47678409,0.01998548,0.01998547,26973,83,0
7409.71168876,7409.71183326,3279.66126163,3279.65572783,0.04397478,1700.42491973,0.01998547,0.01998547,26972,83,0
7409.98656786,7409.98658112,3290.19218438,3290.19167546,0.04923277,1700.37091898,0.01998547,0.01998547,26971,83,0
7410.26201160,7410.26134936,3300.74130585,3300.76675217,0.03953274,1700.31475005,0.01998548,0.01998547,26970,83,0
7410.53587078,7410.53613797,3311.30852784,3311.29824448,0.04988110,1700.25685326,0.01998547,0.01998547,26969,83,0
7410.81060065,7410.81094695,3321.89377799,3321.88042819,0.03574889,1700.19670809,0.01998547,0.01998547,26968,83,0
7411.08551424,7411.08577631,3332.49699640,3332.48687744,0.05210454,1700.13444352,0.01998547,0.01998548,26967,83,0
7411.36075725,7411.36062605,3343.11813846,3343.12321254,0.05100853,1700.07001110,0.01998548,0.01998548,26966,83,0
7411.63544194,7411.63549617,3353.75749943,3353.75539892,0.03936521,1700.00360951,0.01998547,0.01998548,26965,83,0
7411.91025738,7411.91038667,3364.41570380,3364.41068681,0.05234202,1699.93506296,0.01998547,0.01998548,26964,83,0
7412.18538615,7412.18529755,3375.09339090,3375.09683515,0.05044426,1699.86430606,0.01998548,0.01998548,26963,83,0
7412.46013977,7412.46022883,3385.79080978,3385.78734152,0.03731237,1699.79150405,0.01998547,0.01998548,26962,83,0
7412.73528169,7412.73518049,3396.50751403,3396.51146171,0.04881377,1699.71644668,0.01998548,0.01998548,26961,83,0
7413.01017440,7413.01015255,3407.24298156,3407.24383549,0.04951629,1699.63929929,0.01998548,0.01998548,26960,83,0
7413.28552396,7413.28514500,3417.99685193,3418.01168379,0.03775480,1699.55985348,0.01998548,0.01998548,26959,83,0
7413.56031166,7413.56015785,3428.76929668,3428.77532675,0.05204053,1699.47839282,0.01998548,0.01998548,26958,83,0
7413.83536858,7413.83519109,3439.56059602,3439.56756599,0.05040455,1699.39466182,0.01998548,0.01998548,26957,83,0
7414.11025185,7414.11024474,3450.37104127,3450.37132104,0.05131182,1699.30878124,0.01998548,0.01998548,26956,83,0
7414.38513248,7414.38531879,3461.20097422,3461.19363253,0.04699191,1699.22068622,0.01998548,0.01998548,26955,83,0
7414.66034524,7414.66041325,3472.05075704,3472.04807231,0.04663072,1699.13025142,0.01998548,0.01998548,26954,83,0
7414.93569434,7414.93552811,3482.92071366,3482.92728738,0.04121793,1699.03752146,0.01998548,0.01998548,26953,83,0
7415.21045811,7415.21066339,3493.81074551,3493.80261351,0.05038907,1698.94273432,0.01998548,0.01998548,26952,83,0
7415.48554151,7415.48581908,3504.72050521,3504.70949036,0.04807156,1698.84557282,0.01998548,0.01998548,26951,83,0
7415.76071685,7415.76099518,3515.64963797,3515.63857438,0.04804788,1698.74610435,0.01998548,0.01998548,26950,83,0
7416.03615855,7416.03619170,3526.59777979,3526.59646008,0.04758357,1698.64425378,0.01998548,0.01998548,26949,83,0
7416.31132094,7416.31140864,3537.56455791,3537.56106047,0.04383793,1698.54021577,0.01998548,0.01998548,26948,83,0
7416.58689666,7416.58664600,3548.54962202,3548.55963436,0.04797361,1698.43371950,0.01998548,0.01998548,26947,83,0
7416.86143355,7416.86190378,3559.55361137,3559.53479629,0.04390544,1698.32531721,0.01998547,0.01998548,26946,83,0
7417.13678393,7417.13718200,3570.57843493,3570.56247704,0.04476315,1698.21425010,0.01998547,0.01998548,26945,83,0
7417.41281405,7417.41248064,3581.62608771,3581.63948149,0.05195179,1698.10052021,0.01998548,0.01998548,26944,83,0
7417.68751690,7417.68779971,3592.69716303,3592.68578004,0.04449695,1697.98494341,0.01998547,0.01998548,26943,83,0
7417.95345735,nan,0.00000000,3603.41155878,0.36582000,1697.87065378,0.01998545,0.01998548,26942,83,1
7418.23947238,7418.23849915,3614.90171381,3614.94101834,0.05207769,1697.74552951,0.01998548,0.01998548,26941,83,0
7418.51400722,7418.51387952,3626.03216811,3626.03733370,0.04972856,1697.62288361,0.01998548,0.01998548,26940,83,0
7418.78912118,7418.78928034,3637.18339468,3637.17694400,0.04965489,1697.49756622,0.01998548,0.01998548,26939,83,0
7419.06433037,7419.06470160,3648.35813474,3648.34305617,0.04289915,1697.36974525,0.01998547,0.01998548,26938,83,0
7419.34012519,7419.34014330,3659.55801875,3659.55728142,0.04341209,1697.23915080,0.01998548,0.01998548,26937,83,0
7419.61601085,7419.61560545,3670.78129100,3670.79782383,0.04921490,1697.10601416,0.01998548,0.01998548,26936,83,0
7419.89092968,7419.89108805,3682.02554355,3682.01907401,0.02966863,1696.97087305,0.01998548,0.01998548,26935,83,0
7420.16665209,7420.16659110,3693.28913797,3693.29163358,0.05412175,1696.83286725,0.01998548,0.01998548,26934,83,0
7420.44248362,7420.44211460,3704.57331713,3704.58844452,0.04301577,1696.69230500,0.01998548,0.01998548,26933,83,0
7420.71751672,7420.71765856,3715.87999731,3715.87417109,0.04865520,1696.54962163,0.01998548,0.01998548,26932,83,0
7420.99250656,7420.99322298,3727.21059894,3727.18111200,0.04791970,1696.40440536,0.01998548,0.01998548,26931,83,0
7421.26849517,7421.26880785,3738.56437696,3738.55148271,0.04225844,1696.25608812,0.01998548,0.01998548,26930,83,0
7421.54448220,7421.54441319,3749.94000294,3749.94285377,0.04874230,1696.10519744,0.01998548,0.01998548,26929,83,0
7421.81998497,7421.82003900,3761.33642423,3761.33418828,0.04905213,1695.95200522,0.01998548,0.01998548,26928,83,0
7422.09527314,7422.09568527,3772.75392439,3772.73683816,0.05315687,1695.79635496,0.01998548,0.01998548,26927,83,0
7422.37160365,7422.37135201,3784.19317955,3784.20363137,0.04569904,1695.63750218,0.01998548,0.01998548,26926,83,0
7422.64675440,7422.64703923,3795.65481029,3795.64295731,0.04540187,1695.47670439,0.01998548,0.01998548,26925,83,0
7422.92263264,7422.92274691,3807.13913961,3807.13437499,0.05004750,1695.31283532,0.01998548,0.01998548,26924,83,0
7423.19830076,7423.19847508,3818.64640270,3818.63912081,0.04649240,1695.14642730,0.01998548,0.01998548,26923,83,0
7423.47366331,7423.47422372,3830.17679596,3830.15334014,0.05110940,1694.97752865,0.01998548,0.01998548,26922,83,0
7423.74925092,7423.74999284,3841.73032248,3841.69920939,0.05233215,1694.80580101,0.01998548,0.01998548,26921,83,0
7424.02562515,7424.02578245,3853.30692737,3853.30031836,0.03780211,1694.63086631,0.01998548,0.01998548,26920,83,0
7424.30144974,7424.30159254,3864.90677516,3864.90076345,0.05251450,1694.45355021,0.01998548,0.01998548,26919,83,0
7424.57724891,7424.57742312,3876.53100461,3876.52365511,0.04091945,1694.27349226,0.01998548,0.01998548,26918,83,0
7424.85305794,7424.85327419,3888.18103629,3888.17189325,0.04787194,1694.09063225,0.01998548,0.01998548,26917,83,0
7425.12864100,7425.12914575,3899.85773805,3899.83635068,0.04639009,1693.90510009,0.01998548,0.01998548,26916,83,0
7425.40583606,7425.40503780,3911.55976611,3911.59365778,0.05480462,1693.71564240,0.01998548,0.01998548,26915,83,0
7425.68161028,7425.68095036,3923.28521838,3923.31328856,0.03859085,1693.52434477,0.01998548,0.01998548,26914,83,0
7425.95712773,7425.95688341,3935.03313385,3935.04354596,0.04698210,1693.33042672,0.01998548,0.01998548,26913,83,0
7426.23285202,7426.23283696,3946.80569232,3946.80633561,0.05064317,1693.13351210,0.01998548,0.01998548,26912,83,0
7426.50877988,7426.50881102,3958.60574020,3958.60440717,0.04165882,1692.93353308,0.01998548,0.01998548,26911,83,0
7426.78466423,7426.78480558,3970.43449510,3970.42843037,0.03787738,1692.73062801,0.01998548,0.01998548,26910,83,0
7427.06008757,7427.06082065,3982.28884954,3982.25733538,0.05331821,1692.52514821,0.01998548,0.01998548,26909,83,0
7427.33677876,7427.33685623,3994.16497717,3994.16164119,0.04473047,1692.31584275,0.01998548,0.01998548,26908,83,0
7427.61296621,7427.61291233,4006.06162434,4006.06394857,0.04275389,1692.10404866,0.01998548,0.01998548,26907,83,0
7427.88833736,7427.88898894,4017.98275195,4017.95458525,0.04128035,1691.88994186,0.01998548,0.01998548,26906,83,0
7428.16509269,7428.16508607,4029.93293316,4029.93322047,0.04803539,1691.67170281,0.01998548,0.01998548,26905,83,0
7428.44094177,7428.44120371,4041.91372588,4041.90234702,0.05514893,1691.45108237,0.01998548,0.01998548,26904,83,0
7428.71775513,7428.71734188,4053.92219152,4053.94018118,0.04955996,1691.22661927,0.01998548,0.01998548,26903,83,0
7428.99376545,7428.99350057,4065.95508537,4065.96663728,0.05161824,1690.99978784,0.01998548,0.01998548,26902,83,0
7429.26946819,7429.26967979,4078.01142274,4078.00217639,0.04357435,1690.77020233,0.01998548,0.01998548,26901,83,0
nan,nan,0.00000000,-1.00000000,0.00000000,1690.53876410,nan,0.00000000,-2147483648,83,1
nan,nan,0.00000000,-1.00000000,0.00000000,1688.42317527,nan,0.00000000,-2147483648,82,1
7392.17092343,7392.17023501,7.65228629,7.66977706,0.04109440,1688.77393986,0.01998547,0.01998547,27036,82,0
7392.44310386,7392.44368392,14.60221742,14.58746969,0.03772626,1689.13691149,0.01998547,0.01998547,27035,82,0
7392.71703750,7392.71715306,21.55745424,21.55451428,0.03893762,1689.50161761,0.01998547,0.01998547,27034,82,0
7392.99033389,7392.99064242,28.51808006,28.51022466,0.04932836,1689.86487453,0.01998547,0.01998547,27033,82,0
7393.26434384,7393.26415202,35.48417848,35.48906582,0.04251569,1690.22848008,0.01998547,0.01998547,27032,82,0
7393.53768459,7393.53768185,42.45576906,42.45583904,0.03934345,1690.59059841,0.01998547,0.01998547,27031,82,0
7393.81224788,7393.81123191,49.43266982,49.45859080,0.03243479,1690.95372254,0.01998548,0.01998547,27030,82,0
7394.08562222,7394.08480220,56.41465859,56.43559334,0.03435846,1691.31464980,0.01998547,0.01998547,27029,82,0
7394.35912470,7394.35839274,63.40151220,63.42021037,0.04843590,1691.67510958,0.01998547,0.01998547,27028,82,0
7394.63259377,7394.63200352,70.39300678,70.40809364,0.04644911,1692.03487555,0.01998547,0.01998547,27027,82,0
7394.90670988,7394.90563454,77.38904041,77.41654239,0.03659674,1692.39483402,0.01998548,0.01998547,27026,82,0
7395.17944640,7395.17928580,84.38982355,84.39393322,0.04153848,1692.75233562,0.01998547,0.01998547,27025,82,0
7395.45366050,7395.45295732,91.39561659,91.41362365,0.03589240,1693.11113696,0.01998547,0.01998547,27024,82,0
7395.72689497,7395.72664908,98.40668110,98.41298223,0.04389057,1693.46803276,0.01998547,0.01998547,27023,82,0
7396.00061574,7396.00036110,105.42327902,105.42980923,0.04358941,1693.82495105,0.01998547,0.01998547,27022,82,0
7396.27535542,7396.27409337,112.44557299,112.47796157,0.03085252,1694.18258771,0.01998548,0.01998547,27021,82,0
7396.54795244,7396.54784590,119.47352746,119.47626380,0.03415700,1694.53682726,0.01998547,0.01998547,27020,82,0
7396.82205932,7396.82161868,126.50708337,126.51840797,0.03597412,1694.89241341,0.01998547,0.01998547,27019,82,0
7397.09567234,7397.09541173,133.54618137,133.55288384,0.04318332,1695.24673856,0.01998547,0.01998547,27018,82,0
7397.36983750,7397.36922504,140.59076157,140.60652429,0.03447560,1695.60115222,0.01998547,0.01998547,27017,82,0
7397.64225301,7397.64305862,147.64075006,147.62000216,0.05467522,1695.95267746,0.01998547,0.01998547,27016,82,0
7397.91652172,7397.91691246,154.69605229,154.68598210,0.04128256,1696.30595655,0.01998547,0.01998547,27015,82,0
7398.18993296,7398.19078658,161.75657162,161.73455802,0.04684122,1696.65748792,0.01998547,0.01998547,27014,82,0
7398.46463663,7398.46468097,168.82221095,168.82106688,0.05633524,1697.01002764,0.01998547,0.01998547,27013,82,0
7398.73949460,7398.73859563,175.89287898,175.91609189,0.05788566,1697.36210365,0.01998548,0.01998547,27012,82,0
7399.01209381,7399.01253057,182.96864411,182.95735882,0.06812487,1697.71063429,0.01998547,0.01998547,27011,82,0
7399.28677322,7399.28648578,190.04974512,190.05717737,0.05814306,1698.06117787,0.01998547,0.01998547,27010,82,0
7399.56026742,7399.56046128,197.13643012,197.13141373,0.04648780,1698.40957434,0.01998547,0.01998547,27009,82,0
7399.83507450,7399.83445707,204.22894834,204.24493697,0.04933958,1698.75901590,0.01998547,0.01998547,27008,82,0
7400.10825812,7400.10847314,211.32752994,211.32195745,0.03774182,1699.10577909,0.01998547,0.01998547,27007,82,0
7400.38165281,7400.38250950,218.43212800,218.40990952,0.03625385,1699.45219297,0.01998547,0.01998547,27006,82,0
7400.65631338,7400.65656614,225.54249279,225.53593251,0.03394742,1699.79957485,0.01998547,0.01998547,27005,82,0
7400.93024067,7400.93064309,232.65836883,232.64791739,0.03655401,1700.14538006,0.01998547,0.01998547,27004,82,0
7401.20430326,7401.20474032,239.77949943,239.76814083,0.04719683,1700.49069293,0.01998547,0.01998547,27003,82,0
7401.47928478,7401.47885785,246.90566348,246.91676574,0.06483157,1700.83648449,0.01998547,0.01998547,27002,82,0
7401.75279463,7401.75299569,254.03692558,254.03169374,0.06181495,1701.17975203,0.01998547,0.01998547,27001,82,0
7402.02738379,7402.02715382,261.17348520,261.17947365,0.05503523,1701.52370650,0.01998547,0.01998547,27000,82,0
7402.30078405,7402.30133226,268.31554352,268.30125802,0.04209614,1701.86551494,0.01998547,0.01998547,26999,82,0
7402.57510655,7402.57553100,275.46330266,275.45223399,0.03886869,1702.20782551,0.01998547,0.01998547,26998,82,0
7402.84901086,7402.84975006,282.61693319,282.59764237,0.04236993,1702.54896996,0.01998547,0.01998547,26997,82,0
7403.12330390,7403.12398942,289.77646169,289.75855827,0.04817665,1702.88995268,0.01998547,0.01998547,26996,82,0
7403.39787998,7403.39824910,296.94187450,296.93222704,0.05343535,1703.23063725,0.01998547,0.01998547,26995,82,0
7403.67225609,7403.67252909,304.11315789,304.10601740,0.05999225,1703.57042143,0.01998547,0.01998547,26994,82,0
7403.94755653,7403.94682940,311.29029808,311.30933063,0.03807565,1703.91069227,0.01998547,0.01998547,26993,82,0
7404.22121138,7404.22115003,318.47329152,318.47489844,0.04073169,1704.24827379,0.01998547,0.01998547,26992,82,0
7404.49496367,7404.49549098,325.66216013,325.64833726,0.04320577,1704.58532079,0.01998547,0.01998547,26991,82,0
7404.76944575,7404.76985226,332.85692982,332.84626574,0.05568875,1704.92260806,0.01998547,0.01998547,26990,82,0
7405.04353646,7405.04423386,340.05762662,340.03931771,0.05438089,1705.25875590,0.01998547,0.01998547,26989,82,0
7405.31881218,7405.31863579,347.26427544,347.26890966,0.03808768,1705.59569385,0.01998547,0.01998547,26988,82,0
7405.59285475,7405.59305805,354.47684829,354.47150295,0.04287687,1705.93045893,0.01998547,0.01998547,26987,82,0
7405.86717047,7405.86750065,361.69524427,361.68655676,0.04710740,1706.26488800,0.01998547,0.01998547,26986,82,0
7406.14207188,7406.14196358,368.91935674,368.92220837,0.06919714,1706.59935201,0.01998547,0.01998547,26985,82,0
7406.41742214,7406.41644685,376.14907851,376.17477595,0.04315266,1706.93367370,0.01998548,0.01998547,26984,82,0
7406.69130936,7406.69095046,383.38431112,383.39377413,0.04288007,1707.26552910,0.01998548,0.01998547,26983,82,0
7406.96501588,7406.96547441,390.62508614,390.61298775,0.04136334,1707.59647774,0.01998547,0.01998547,26982,82,0
7407.23882222,7407.24001871,397.87153203,397.83993997,0.06279526,1707.92686306,0.01998547,0.01998547,26981,82,0
7407.51416625,7407.51458335,405.12378013,405.11275878,0.05973298,1708.25841797,0.01998547,0.01998547,26980,82,0
7407.78908908,7407.78916834,412.38196239,412.37986649,0.03743996,1708.58878351,0.01998547,0.01998547,26979,82,0
7408.06361728,7408.06377369,419.64619465,419.64205556,0.03325203,1708.91799783,0.01998547,0.01998547,26978,82,0
7408.33814975,7408.33839939,426.91649323,426.90988192,0.05701165,1709.24653941,0.01998547,0.01998547,26977,82,0
7408.61317275,7408.61304544,434.19283753,434.19621166,0.04450939,1709.57498530,0.01998548,0.01998547,26976,82,0
7408.88827072,7408.88771185,441.47520678,441.49002997,0.04113415,1709.90283408,0.01998548,0.01998547,26975,82,0
7409.16272583,7409.16239862,448.76358011,448.77226521,0.05713019,1710.22922938,0.01998548,0.01998547,26974,82,0
7409.43791630,7409.43710576,456.05794312,456.07947374,0.06513461,1710.55580717,0.01998548,0.01998547,26973,82,0
7409.71168142,7409.71183326,463.35829886,463.35426263,0.04381621,1710.88000393,0.01998548,0.01998547,26972,82,0
7409.98631240,7409.98658112,470.66465323,470.65750439,0.04015516,1711.20453326,0.01998547,0.01998547,26971,82,0
7410.26180895,7410.26134936,477.97701217,477.98924780,0.06320094,1711.52938644,0.01998548,0.01998547,26970,82,0
7410.53581295,7410.53613797,485.29537957,485.28672024,0.04118117,1711.85178333,0.01998547,0.01998547,26969,82,0
7410.81079260,7410.81094695,492.61969185,492.61557648,0.03892614,1712.17462517,0.01998548,0.01998547,26968,82,0
7411.08492692,7411.08577631,499.94980378,499.92714133,0.05372636,1712.49576513,0.01998547,0.01998548,26967,82,0
7411.36076425,7411.36062605,507.28556456,507.28925458,0.04477967,1712.81817653,0.01998548,0.01998548,26966,82,0
7411.63536717,7411.63549617,514.62682266,514.62337625,0.03505093,1713.13841558,0.01998548,0.01998548,26965,82,0
7411.90982385,7411.91038667,521.97346584,521.95841906,0.05530597,1713.45775002,0.01998547,0.01998548,26964,82,0
7412.18518319,7412.18529755,529.32574649,529.32268680,0.03130659,1713.77740634,0.01998548,0.01998548,26963,82,0
7412.45971711,7412.46022883,536.68411333,536.67041218,0.04201098,1714.09539556,0.01998547,0.01998548,26962,82,0
7412.73506466,7412.73518049,544.04901918,544.04591509,0.05409029,1714.41363363,0.01998548,0.01998548,26961,82,0
7413.01044120,7413.01015255,551.42091904,551.42866131,0.03407500,1714.73122780,0.01998548,0.01998548,26960,82,0
7413.28513931,7413.28514500,558.80007128,558.79991868,0.06164424,1715.04737316,0.01998548,0.01998548,26959,82,0
7413.56034125,7413.56015785,566.18607535,566.19100299,0.04121564,1715.36341127,0.01998548,0.01998548,26958,82,0
7413.83438208,7413.83519109,573.57839187,573.55663939,0.04158122,1715.67740737,0.01998547,0.01998548,26957,82,0
7414.11028376,7414.11024474,580.97647875,580.97752872,0.05127693,1715.99279600,0.01998548,0.01998548,26956,82,0
7414.38621206,7414.38531879,588.37980324,588.40385188,0.04089549,1716.30744809,0.01998548,0.01998548,26955,82,0
7414.66065627,7414.66041325,595.78828289,595.79482975,0.05497091,1716.61964175,0.01998548,0.01998548,26954,82,0
7414.93579534,7414.93552811,603.20241324,603.20961737,0.04324673,1716.93187801,0.01998548,0.01998548,26953,82,0
7415.20982900,7415.21066339,610.62272990,610.60021762,0.03493764,1717.24213585,0.01998547,0.01998548,26952,82,0
7415.48617467,7415.48581908,618.04977125,618.05937381,0.05221605,1717.55430007,0.01998548,0.01998548,26951,82,0
7415.76110653,7415.76099518,625.48400206,625.48701171,0.04174068,1717.86417540,0.01998548,0.01998548,26950,82,0
7416.03601090,7416.03619170,632.92526538,632.92037456,0.05749194,1718.17332074,0.01998548,0.01998548,26949,82,0
7416.31116717,7416.31140864,640.37309846,640.36656137,0.03932386,1718.48202777,0.01998548,0.01998548,26948,82,0
7416.58628111,7416.58664600,647.82703409,647.81714883,0.06030970,1718.78994398,0.01998548,0.01998548,26947,82,0
7416.86226325,7416.86190378,655.28660321,655.29634802,0.03903959,1719.09806354,0.01998548,0.01998548,26946,82,0
7417.13729416,7417.13718200,662.75158764,662.75463046,0.05748062,1719.40434462,0.01998548,0.01998548,26945,82,0
7417.41257727,7417.41248064,670.22242033,670.22504372,0.04285884,1719.71014613,0.01998548,0.01998548,26944,82,0
7417.68747429,7417.68779971,677.69964003,677.69079854,0.05884867,1720.01477942,0.01998548,0.01998548,26943,82,0
7417.96339319,7417.96313921,685.18378823,685.19069503,0.04528611,1720.31982196,0.01998548,0.01998548,26942,82,0
7418.23895724,7418.23849915,692.67538003,692.68784905,0.04922717,1720.62376745,0.01998548,0.01998548,26941,82,0
7418.51374874,7418.51387952,700.17439253,700.17082948,0.04447219,1720.92615588,0.01998548,0.01998548,26940,82,0
7418.78867442,7418.78928034,707.68032575,707.66380516,0.04373266,1721.22796480,0.01998547,0.01998548,26939,82,0
7419.06452339,7419.06470160,715.19266079,715.18779824,0.06141802,1721.53003295,0.01998548,0.01998548,26938,82,0
7419.34008148,7419.34014330,722.71087602,722.70918794,0.05303566,1721.83100501,0.01998548,0.01998548,26937,82,0
7419.61575305,7419.61560545,730.23459224,730.23862497,0.04154374,1722.13130616,0.01998548,0.01998548,26936,82,0
7419.89102423,7419.89108805,737.76407324,737.76232839,0.04983829,1722.43038638,0.01998548,0.01998548,26935,82,0
7420.16708294,7420.16659110,745.29976331,745.31322184,0.04008587,1722.72955028,0.01998548,0.01998548,26934,82,0
7420.44242091,7420.44211460,752.84210903,752.85049773,0.05149858,1723.02717844,0.01998548,0.01998548,26933,82,0
7420.71745531,7420.71765856,760.39155228,760.38598105,0.03125643,1723.32374094,0.01998548,0.01998548,26932,82,0
7420.99298579,7420.99322298,767.94826378,767.94175662,0.05257036,1723.62010333,0.01998548,0.01998548,26931,82,0
7421.26850103,7421.26880785,775.51205992,775.50363525,0.03727578,1723.91570390,0.01998548,0.01998548,26930,82,0
7421.54428199,7421.54441319,783.08273235,783.07912677,0.05321728,1724.21083238,0.01998548,0.01998548,26929,82,0
7421.81988341,7421.82003900,790.66007159,790.65579245,0.03990129,1724.50500129,0.01998548,0.01998548,26928,82,0
7422.09572174,7422.09568527,798.24390027,798.24490409,0.04795999,1724.79864564,0.01998548,0.01998548,26927,82,0
7422.37117561,7422.37135201,805.83424752,805.82938832,0.05283697,1725.09110330,0.01998548,0.01998548,26926,82,0
7422.64638688,7422.64703923,813.43122256,813.41323894,0.03299272,1725.38252942,0.01998547,0.01998548,26925,82,0
7422.92291762,7422.92274691,821.03493535,821.03964525,0.04704545,1725.67457532,0.01998548,0.01998548,26924,82,0
7423.19817743,7423.19847508,828.64549569,828.63727666,0.03677880,1725.96450680,0.01998548,0.01998548,26923,82,0
7423.47413507,7423.47422372,836.26296823,836.26051827,0.04764605,1726.25439992,0.01998548,0.01998548,26922,82,0
7423.74936834,7423.74999284,843.88734538,843.87007209,0.04962822,1726.54275798,0.01998547,0.01998548,26921,82,0
7424.02545990,7424.02578245,851.51861306,851.50968426,0.03163746,1726.83123548,0.01998548,0.01998548,26920,82,0
7424.30188904,7424.30159254,859.15675710,859.16497167,0.04860781,1727.11928021,0.01998548,0.01998548,26919,82,0
7424.57733332,7424.57742312,866.80178756,866.79929767,0.04915978,1727.40551478,0.01998548,0.01998548,26918,82,0
7424.85297279,7424.85327419,874.45388622,874.44552176,0.03209661,1727.69117308,0.01998548,0.01998548,26917,82,0
7425.12918094,7425.12914575,882.11330981,882.11428729,0.04934075,1727.97664588,0.01998548,0.01998548,26916,82,0
7425.40510121,7425.40503780,889.78031667,889.78207957,0.05301137,1728.26105357,0.01998548,0.01998548,26915,82,0
7425.68075730,7425.68095036,897.45516210,897.44978942,0.03646006,1728.54442948,0.01998548,0.01998548,26914,82,0
7425.95664748,7425.95688341,905.13781308,905.13124140,0.05228683,1728.82728183,0.01998548,0.01998548,26913,82,0
7426.23276070,7426.23283696,912.82777355,912.82564762,0.04612124,1729.10957630,0.01998548,0.01998548,26912,82,0
7426.50924512,7426.50881102,920.52450324,920.53661449,0.03481094,1729.39143930,0.01998548,0.01998548,26911,82,0
7426.78473642,7426.78480558,928.22745894,928.22552788,0.04715014,1729.67146053,0.01998548,0.01998548,26910,82,0
7427.06066037,7427.06082065,935.93620858,935.93173057,0.05038602,1729.95107383,0.01998548,0.01998548,26909,82,0
7427.33650494,7427.33685623,943.65104250,943.64122050,0.05021745,1730.22976705,0.01998548,0.01998548,26908,82,0
7427.61326732,7427.61291233,951.37253620,951.38246985,0.03457586,1730.50856242,0.01998548,0.01998548,26907,82,0
7427.88837173,7427.88898894,959.10126899,959.08398240,0.05176948,1730.78488673,0.01998548,0.01998548,26906,82,0
7428.16492796,7428.16508607,966.83781296,966.83338041,0.04823837,1731.06188221,0.01998548,0.01998548,26905,82,0
7428.44115317,7428.44120371,974.58232085,974.58090270,0.02823409,1731.33776092,0.01998548,0.01998548,26904,82,0
7428.71743302,7428.71734188,982.33438580,982.33694558,0.06028414,1731.61289178,0.01998548,0.01998548,26903,82,0
7428.99342418,7428.99350057,990.09356004,990.09141273,0.04264877,1731.88691528,0.01998548,0.01998548,26902,82,0
7429.26938699,7429.26967979,997.85939329,997.85115688,0.05266771,1732.16007289,0.01998548,0.01998548,26901,82,0
7429.54569668,7429.54587954,1005.63154863,1005.62640094,0.04943430,1732.43272031,0.01998548,0.01998548,26900,82,0
7429.82213678,7429.82209982,1013.41021880,1013.41126018,0.03475660,1732.70464613,0.01998548,0.01998548,26899,82,0
7430.09797718,7430.09834063,1021.19574996,1021.18550232,0.04725030,1732.97514391,0.01998548,0.01998548,26898,82,0
7430.37471749,7430.37460198,1028.98849015,1028.99174980,0.04659225,1733.24569233,0.01998548,0.01998548,26897,82,0
7430.65106688,7430.65088387,1036.78877532,1036.79394470,0.04577461,1733.51503607,0.01998548,0.01998548,26896,82,0
7430.92733522,7430.92718629,1044.59666778,1044.60087817,0.04925306,1733.78347851,0.01998548,0.01998548,26895,82,0
7431.20391766,7431.20350926,1052.41197856,1052.42353446,0.03391321,1734.05139324,0.01998548,0.01998548,26894,82,0
7431.47930457,7431.47985278,1060.23450839,1060.21898382,0.04627977,1734.31731237,0.01998548,0.01998548,26893,82,0
7431.75673207,7431.75621684,1068.06405695,1068.07865955,0.04972147,1734.58434736,0.01998548,0.01998548,26892,82,0
7432.03266863,7432.03260145,1075.90049338,1075.90239908,0.05093352,1734.84908940,0.01998548,0.01998548,26891,82,0
7432.30901150,7432.30900661,1083.74387632,1083.74401510,0.04465762,1735.11336320,0.01998548,0.01998548,26890,82,0
7432.58563067,7432.58543233,1091.59429644,1091.59993173,0.05099468,1735.37704169,0.01998548,0.01998548,26889,82,0
7432.86147683,7432.86187860,1099.45184492,1099.44042052,0.02950224,1735.63912735,0.01998548,0.01998548,26888,82,0
7433.13851721,7433.13834543,1107.31663136,1107.32152013,0.05075006,1735.90148825,0.01998548,0.01998548,26887,82,0
7433.41443430,7433.41483282,1115.18892170,1115.17756971,0.04694283,1736.16193542,0.01998548,0.01998548,26886,82,0
7433.69112539,7433.69134078,1123.06906351,1123.06292242,0.04605351,1736.42226997,0.01998548,0.01998548,26885,82,0
7433.96771964,7433.96786930,1130.95740698,1130.95313553,0.04696982,1736.68167793,0.01998548,0.01998548,26884,82,0
7434.24433805,7434.24441839,1138.85429568,1138.85200061,0.04483195,1736.94028123,0.01998548,0.01998548,26883,82,0
7434.52114645,7434.52098805,1146.75970901,1146.76423897,0.04415911,1737.19822992,0.01998548,0.01998548,26882,82,0
7434.79768386,7434.79757828,1154.67313185,1154.67615416,0.04975874,1737.45507485,0.01998548,0.01998548,26881,82,0
7435.07436662,7435.07418908,1162.59401109,1162.59909719,0.04841245,1737.71118234,0.01998548,0.01998548,26880,82,0
7435.35129545,7435.35082046,1170.52179043,1170.53540773,0.03148121,1737.96662300,0.01998548,0.01998548,26879,82,0
7435.62672925,7435.62747243,1178.45612705,1178.43480459,0.04764140,1738.21978341,0.01998548,0.01998548,26878,82,0
7435.90357309,7435.90414497,1186.39744882,1186.38102708,0.05279091,1738.47334525,0.01998548,0.01998548,26877,82,0
7436.18080103,7436.18083810,1194.34635814,1194.34529280,0.04601579,1738.72637665,0.01998548,0.01998548,26876,82,0
7436.45711462,7436.45755181,1202.30346089,1202.29088303,0.04600401,1738.97771121,0.01998548,0.01998548,26875,82,0
7436.73433669,7436.73428611,1210.26930664,1210.27076345,0.04749863,1739.22902114,0.01998548,0.01998548,26874,82,0
7437.01096757,7437.01104100,1218.24385117,1218.24173428,0.04566170,1739.47894070,0.01998548,0.01998548,26873,82,0
7437.28710520,7437.28781649,1226.22670694,1226.20618223,0.04699993,1739.72754801,0.01998548,0.01998548,26872,82,0
7437.56409390,7437.56461257,1234.21748005,1234.20250013,0.04162360,1739.97603623,0.01998548,0.01998548,26871,82,0
7437.84170120,7437.84142925,1242.21578090,1242.22364189,0.04222383,1740.22417460,0.01998548,0.01998548,26870,82,0
7438.11815404,7438.11826652,1250.22147744,1250.21822314,0.04999988,1740.47037392,0.01998548,0.01998548,26869,82,0
7438.39483590,7438.39512440,1258.23477501,1258.22642080,0.04727620,1740.71587424,0.01998548,0.01998548,26868,82,0
7438.67166117,7438.67200289,1266.25590284,1266.24599886,0.04603905,1740.96060182,0.01998548,0.01998548,26867,82,0
7438.94947577,7438.94890198,1274.28509140,1274.30173739,0.04206488,1741.20530292,0.01998548,0.01998548,26866,82,0
7439.22525810,7439.22582168,1282.32250429,1282.30613894,0.04556853,1741.44732295,0.01998548,0.01998548,26865,82,0
7439.50236052,7439.50276199,1290.36810742,1290.35643847,0.05151192,1741.68960309,0.01998548,0.01998548,26864,82,0
7439.77961880,7439.77972292,1298.42183050,1298.41880145,0.03209227,1741.93111292,0.01998548,0.01998548,26863,82,0
7440.05611206,7440.05670446,1306.48360281,1306.46635269,0.04780357,1742.17104800,0.01998548,0.01998548,26862,82,0
7440.33382313,7440.33370662,1314.55335100,1314.55674665,0.04766505,1742.41112142,0.01998548,0.01998548,26861,82,0
7440.61088279,7440.61072940,1322.63098677,1322.63546139,0.04649849,1742.64970877,0.01998548,0.01998548,26860,82,0
7440.88722019,7440.88777280,1330.71641538,1330.70028052,0.04922293,1742.88675003,0.01998548,0.01998548,26859,82,0
7441.16465357,7441.16483683,1338.80954145,1338.80418610,0.04482665,1743.12379719,0.01998548,0.01998548,26858,82,0
7441.44145729,7441.44192149,1346.91028328,1346.89670627,0.03840539,1743.35936807,0.01998548,0.01998548,26857,82,0
7441.71864484,7441.71902677,1355.01879298,1355.00761191,0.05122402,1743.59432785,0.01998548,0.01998548,26856,82,0
7441.99565840,7441.99615269,1363.13541532,1363.12093135,0.04231367,1743.82820950,0.01998548,0.01998548,26855,82,0
7442.27296823,7442.27329925,1371.26050279,1371.25079355,0.04724984,1744.06141633,0.01998548,0.01998548,26854,82,0
7442.55051194,7442.55046643,1379.39440577,1379.39574184,0.05097146,1744.29389987,0.01998548,0.01998548,26853,82,0
7442.82741990,7442.82765426,1387.53723590,1387.53034777,0.04994375,1744.52493333,0.01998548,0.01998548,26852,82,0
7443.10492252,7443.10486273,1395.68873743,1395.69049627,0.04839826,1744.75553272,0.01998548,0.01998548,26851,82,0
7443.38211404,7443.38209185,1403.84862206,1403.84927548,0.04350360,1744.98493239,0.01998548,0.01998548,26850,82,0
7443.65942848,7443.65934160,1412.01659973,1412.01916022,0.05175355,1745.21348108,0.01998548,0.01998548,26849,82,0
7443.93639271,7443.93661201,1420.19245549,1420.18598608,0.04831851,1745.44078087,0.01998548,0.01998548,26848,82,0
7444.21379491,7444.21390307,1428.37618898,1428.37299533,0.04494306,1745.66747500,0.01998548,0.01998548,26847,82,0
7444.49122040,7444.49121478,1436.56783751,1436.56800344,0.05526124,1745.89322012,0.01998548,0.01998548,26846,82,0
7444.76849426,7444.76854715,1444.76743858,1444.76587415,0.03989631,1746.11787244,0.01998548,0.01998548,26845,82,0
7445.04531387,7445.04590017,1452.97509934,1452.95774085,0.04563884,1746.34118969,0.01998548,0.01998548,26844,82,0
7445.32343168,7445.32327385,1461.19128364,1461.19596111,0.04050370,1746.56459058,0.01998548,0.01998548,26843,82,0
7445.60105003,7445.60066820,1469.41657198,1469.42790002,0.05101147,1746.78663918,0.01998548,0.01998548,26842,82,0
7445.87802895,7445.87808321,1477.65154850,1477.64993693,0.04736877,1747.00724136,0.01998548,0.01998548,26841,82,0
7446.15538293,7446.15551888,1485.89670194,1485.89265906,0.04178698,1747.22721551,0.01998548,0.01998548,26840,82,0
7446.43311013,7446.43297523,1494.15161562,1494.15563139,0.04302795,1747.44654123,0.01998548,0.01998548,26839,82,0
7446.71052023,7446.71045225,1502.41538171,1502.41740724,0.04712410,1747.66464517,0.01998548,0.01998548,26838,82,0
7446.98730151,7446.98794994,1510.68708198,1510.66774581,0.05412689,1747.88125977,0.01998548,0.01998548,26837,82,0
7447.26582364,7447.26546830,1518.96584641,1518.97645073,0.03727380,1748.09820761,0.01998548,0.01998548,26836,82,0
7447.54260425,7447.54300735,1527.25171629,1527.23967690,0.03819660,1748.31277444,0.01998548,0.01998548,26835,82,0
7447.82090227,7447.82056707,1535.54549896,1535.55551979,0.05053726,1748.52750596,0.01998548,0.01998548,26834,82,0
7448.09830336,7448.09814748,1543.84803032,1543.85269531,0.04280814,1748.74055413,0.01998548,0.01998548,26833,82,0
7448.37584347,7448.37574857,1552.16013529,1552.16297851,0.03924628,1748.95273609,0.01998548,0.01998548,26832,82,0
7448.65344052,7448.65337035,1560.48208756,1560.48419199,0.04354378,1749.16399106,0.01998548,0.01998548,26831,82,0
7448.93098325,7448.93101282,1568.81347982,1568.81259180,0.03863726,1749.37422009,0.01998548,0.01998548,26830,82,0
7449.20917206,7449.20867599,1577.15386037,1577.16876862,0.04253620,1749.58393534,0.01998548,0.01998548,26829,82,0
7449.48667502,7449.48635984,1585.50277789,1585.51225857,0.04807292,1749.79211802,0.01998548,0.01998548,26828,82,0
7449.76428454,7449.76406440,1593.86004868,1593.86667683,0.03787596,1749.99935780,0.01998548,0.01998548,26827,82,0
7450.04176617,7450.04178965,1602.22595540,1602.22524785,0.05079466,1750.20548334,0.01998548,0.01998548,26826,82,0
7450.31946298,7450.31953560,1610.60082894,1610.59863816,0.04429852,1750.41075355,0.01998548,0.01998548,26825,82,0
7450.59731983,7450.59730226,1618.98500172,1618.98553228,0.04227683,1750.61513002,0.01998548,0.01998548,26824,82,0
7450.87506430,7450.87508962,1627.37866405,1627.37789835,0.05119182,1750.81841289,0.01998548,0.01998548,26823,82,0
7451.15297248,7451.15289770,1635.78166895,1635.78393200,0.04472133,1751.02079652,0.01998548,0.01998548,26822,82,0
7451.43116475,7451.43072648,1644.19381995,1644.20709653,0.04087557,1751.22235754,0.01998548,0.01998548,26821,82,0
7451.70872226,7451.70857597,1652.61491931,1652.61935526,0.04685426,1751.42242371,0.01998548,0.01998548,26820,82,0
7451.98598209,7451.98644618,1661.04487259,1661.03078613,0.04104982,1751.62123732,0.01998548,0.01998548,26819,82,0
7452.26410135,7452.26433711,1669.48390536,1669.47674195,0.04726831,1751.81962658,0.01998548,0.01998548,26818,82,0
7452.54196474,7452.54224876,1677.93230589,1677.92366716,0.03631700,1752.01679549,0.01998548,0.01998548,26817,82,0
7452.82012463,7452.82018113,1686.39036427,1686.38864403,0.04823710,1752.21313862,0.01998548,0.01998548,26816,82,0
7453.09796020,7453.09813423,1694.85826949,1694.85296500,0.03985738,1752.40821823,0.01998548,0.01998548,26815,82,0
7453.37680565,7453.37610805,1703.33581768,1703.35710415,0.04876526,1752.60295848,0.01998548,0.01998548,26814,82,0
7453.65350993,7453.65410260,1711.82270937,1711.80460680,0.04095906,1752.79515435,0.01998548,0.01998548,26813,82,0
7453.93223655,7453.93211788,1720.31864308,1720.32227142,0.05114065,1752.98768776,0.01998548,0.01998548,26812,82,0
7454.21060049,7454.21015390,1728.82340377,1728.83707130,0.04314406,1753.17889310,0.01998548,0.01998548,26811,82,0
7454.48774521,7454.48821065,1737.33717598,1737.32291759,0.04631111,1753.36819162,0.01998548,0.01998548,26810,82,0
7454.76619457,7454.76628814,1745.86025900,1745.85738951,0.03890569,1753.55730957,0.01998548,0.01998548,26809,82,0
7455.04453608,7455.04438637,1754.39295409,1754.39754990,0.04409882,1753.74528341,0.01998548,0.01998548,26808,82,0
7455.32270489,7455.32250534,1762.93551493,1762.94164735,0.03649311,1753.93207248,0.01998548,0.01998548,26807,82,0
7455.60056347,7455.60064506,1771.48794493,1771.48543460,0.04101259,1754.11758312,0.01998548,0.01998548,26806,82,0
7455.87877279,7455.87880553,1780.05016754,1780.04915917,0.03912901,1754.30225060,0.01998548,0.01998548,26805,82,0
7456.15677346,7456.15698675,1788.62210563,1788.61552994,0.04741908,1754.48569702,0.01998548,0.01998548,26804,82,0
7456.43521047,7456.43518872,1797.20368334,1797.20435473,0.04928597,1754.66834096,0.01998548,0.01998548,26803,82,0
7456.71328568,7456.71341144,1805.79483422,1805.79094884,0.03931885,1754.84965297,0.01998548,0.01998548,26802,82,0
7456.99160377,7456.99165492,1814.39549466,1814.39391252,0.04631418,1755.03002265,0.01998548,0.01998548,26801,82,0
7457.27012517,7457.26991916,1823.00560061,1823.01197821,0.03839296,1755.20941637,0.01998548,0.01998548,26800,82,0
7457.54784953,7457.54820417,1831.62511819,1831.61412807,0.05110163,1755.38718864,0.01998548,0.01998548,26799,82,0
7457.82647835,7457.82650993,1840.25418034,1840.25320069,0.04805425,1755.56442673,0.01998548,0.01998548,26798,82,0
7458.10499087,7458.10483646,1848.89297737,1848.89777226,0.03367632,1755.74047638,0.01998548,0.01998548,26797,82,0
7458.38216427,7458.38318377,1857.54170092,1857.51000639,0.04280427,1755.91457312,0.01998548,0.01998548,26796,82,0
7458.66147487,7458.66155184,1866.20054570,1866.19815023,0.05270075,1756.08889532,0.01998548,0.01998548,26795,82,0
7458.94010042,7458.93994068,1874.86971698,1874.87469402,0.04228183,1756.26167263,0.01998548,0.01998548,26794,82,0
7459.21760374,7459.21835030,1883.54942440,1883.52613606,0.04819796,1756.43264451,0.01998548,0.01998548,26793,82,0
7459.49667751,7459.49678070,1892.23987900,1892.23665625,0.04789891,1756.60346684,0.01998548,0.01998548,26792,82,0
7459.77524322,7459.77523188,1900.94118313,1900.94153768,0.03728066,1756.77285833,0.01998548,0.01998548,26791,82,0
7460.05343466,7460.05370384,1909.65292536,1909.64449971,0.04553530,1756.94089309,0.01998548,0.01998548,26790,82,0
7460.33188013,7460.33219659,1918.37454126,1918.36462560,0.04370355,1757.10793611,0.01998548,0.01998548,26789,82,0
7460.61100837,7460.61071012,1927.10546237,1927.11481624,0.04814778,1757.27422376,0.01998549,0.01998548,26788,82,0
7460.88905124,7460.88924444,1935.84533888,1935.83927342,0.03896066,1757.43869468,0.01998548,0.01998548,26787,82,0
7461.16713034,7461.16779956,1944.59470732,1944.57367594,0.04622199,1757.60202508,0.01998548,0.01998548,26786,82,0
7461.44698129,7461.44637547,1953.35432968,1953.37339043,0.04352279,1757.76523308,0.01998549,0.01998548,26785,82,0
7461.72518748,7461.72497217,1962.12497320,1962.13175563,0.05193000,1757.92633497,0.01998549,0.01998548,26784,82,0
7462.00310146,7462.00358968,1970.90710397,1970.89170595,0.03885730,1758.08612959,0.01998548,0.01998548,26783,82,0
7462.28186891,7462.28222798,1979.70019978,1979.68886198,0.04999758,1758.24525784,0.01998548,0.01998548,26782,82,0
7462.56109811,7462.56088709,1988.50353453,1988.51020438,0.04198097,1758.40347010,0.01998549,0.01998548,26781,82,0
7462.83968604,7462.83956701,1997.31637771,1997.32014379,0.04192946,1758.56012513,0.01998549,0.01998548,26780,82,0
7463.11858921,7463.11826773,2006.13828500,2006.14846584,0.05174536,1758.71575097,0.01998549,0.01998548,26779,82,0
7463.39653981,7463.39698926,2014.96953783,2014.95528993,0.03621521,1758.86964530,0.01998548,0.01998548,26778,82,0
7463.67542175,7463.67573161,2023.81053165,2023.80069849,0.05179964,1759.02285410,0.01998548,0.01998548,26777,82,0
7463.95460167,7463.95449477,2032.66166482,2032.66506079,0.04813974,1759.17502405,0.01998548,0.01998548,26776,82,0
7464.23366252,7464.23327875,2041.52335180,2041.53555772,0.04347491,1759.32592928,0.01998549,0.01998548,26775,82,0
7464.51175582,7464.51208355,2050.39603458,2050.38559880,0.04535845,1759.47512074,0.01998548,0.01998548,26774,82,0
7464.79115903,7464.79090917,2059.28016099,2059.28812729,0.04749433,1759.62382067,0.01998548,0.01998548,26773,82,0
7465.07005841,7465.06975561,2068.17617411,2068.18584033,0.04770841,1759.77106084,0.01998548,0.01998548,26772,82,0
7465.34878679,7465.34862288,2077.08419499,2077.08943394,0.05118726,1759.91701801,0.01998548,0.01998548,26771,82,0
7465.62779564,7465.62751099,2086.00391309,2086.01302283,0.03920761,1760.06191752,0.01998548,0.01998548,26770,82,0
7465.90642035,7465.90641992,2094.93498562,2094.93499957,0.04835382,1760.20540423,0.01998548,0.01998548,26769,82,0
7466.18558226,7466.18534968,2103.87707499,2103.88453519,0.04556122,1760.34794120,0.01998548,0.01998548,26768,82,0
7466.46365397,7466.46430029,2112.82999388,2112.80923877,0.04989706,1760.48869338,0.01998548,0.01998548,26767,82,0
7466.74295367,7466.74327173,2121.79369339,2121.78346819,0.04742542,1760.62882768,0.01998548,0.01998549,26766,82,0
7467.02282693,7467.02226401,2130.76812935,2130.78624728,0.04635619,1760.76799825,0.01998549,0.01998549,26765,82,0
7467.30108288,7467.30127713,2139.75327904,2139.74701995,0.04817892,1760.90511754,0.01998548,0.01998549,26764,82,0
7467.57982000,7467.58031110,2148.74934843,2148.73350616,0.04740182,1761.04122560,0.01998548,0.01998549,26763,82,0
7467.85903397,7467.85936592,2157.75668191,2157.74596074,0.05232848,1761.17631416,0.01998548,0.01998549,26762,82,0
7468.13846772,7468.13844159,2166.77562823,2166.77647321,0.04823695,1761.31025425,0.01998548,0.01998549,26761,82,0
7468.41755565,7468.41753811,2175.80647789,2175.80704593,0.04592434,1761.44277465,0.01998549,0.01998549,26760,82,0
7468.69627993,7468.69665548,2184.84916760,2184.83699322,0.05053284,1761.57386540,0.01998548,0.01998549,26759,82,0
7468.97585934,7468.97579372,2193.90350439,2193.90563435,0.04986192,1761.70408832,0.01998549,0.01998549,26758,82,0
7469.25520481,7469.25495281,2202.96929355,2202.97748229,0.05514261,1761.83292386,0.01998549,0.01998549,26757,82,0
7469.53441620,7469.53413276,2212.04633231,2212.05555297,0.05485061,1761.96041262,0.01998549,0.01998549,26756,82,0
7469.81320230,7469.81333358,2221.13439511,2221.13011961,0.04621107,1762.08641731,0.01998549,0.01998549,26755,82,0
7470.09238930,7470.09255526,2230.23325030,2230.22783920,0.04635631,1762.21130341,0.01998549,0.01998549,26754,82,0
7470.37209077,7470.37179782,2239.34266745,2239.35222915,0.04347205,1762.33510731,0.01998549,0.01998549,26753,82,0
7470.65056006,7470.65106124,2248.46267200,2248.44629580,0.04562305,1762.45705655,0.01998549,0.01998549,26752,82,0
7470.93010535,7470.93034554,2257.59374281,2257.58588531,0.04532662,1762.57816456,0.01998549,0.01998549,26751,82,0
7471.20978054,7471.20965071,2266.73640833,2266.74066063,0.04914945,1762.69801483,0.01998549,0.01998549,26750,82,0
7471.48860114,7471.48897676,2275.89118633,2275.87886764,0.04783122,1762.81619194,0.01998549,0.01998549,26749,82,0
7471.76866012,7471.76832369,2285.05829000,2285.06933708,0.05378146,1762.93357747,0.01998549,0.01998549,26748,82,0
7472.04812369,7472.04769151,2294.23764110,2294.25185037,0.04128567,1763.04939161,0.01998549,0.01998549,26747,82,0
7472.32678385,7472.32708021,2303.42914913,2303.41939317,0.04619292,1763.16355136,0.01998549,0.01998549,26746,82,0
7472.60687311,7472.60648980,2312.63270713,2312.64534090,0.04215548,1763.27695996,0.01998549,0.01998549,26745,82,0
7472.88615732,7472.88592028,2321.84807990,2321.85590200,0.04611228,1763.38869998,0.01998549,0.01998549,26744,82,0
7473.16479957,7473.16537165,2331.07496847,2331.05606884,0.05051388,1763.49883814,0.01998549,0.01998549,26743,82,0
7473.44442692,7473.44484391,2340.31307111,2340.29927976,0.04280831,1763.60800627,0.01998549,0.01998549,26742,82,0
7473.72387453,7473.72433707,2349.56228641,2349.54697061,0.03834529,1763.71573740,0.01998549,0.01998549,26741,82,0
7474.00385339,7474.00385113,2358.82323037,2358.82330533,0.04581341,1763.82230497,0.01998549,0.01998549,26740,82,0
7474.28342458,7474.28338609,2368.09668271,2368.09796023,0.05268072,1763.92735405,0.01998549,0.01998549,26739,82,0
7474.56273312,7474.56294196,2377.38342107,2377.37647851,0.04567208,1764.03094685,0.01998549,0.01998549,26738,82,0
7474.84226005,7474.84251873,2386.68372125,2386.67511021,0.04288032,1764.13325894,0.01998549,0.01998549,26737,82,0
7475.12175420,7475.12211641,2395.99706275,2395.98498969,0.04984830,1764.23418511,0.01998549,0.01998549,26736,82,0
7475.40173312,7475.40173500,2405.32285092,2405.32278790,0.03793194,1764.33389650,0.01998549,0.01998549,26735,82,0
7475.68156604,7475.68137451,2414.66052037,2414.66691981,0.04273009,1764.43215422,0.01998549,0.01998549,26734,82,0
7475.96057632,7475.96103493,2424.00994888,2423.99460785,0.04564873,1764.52872116,0.01998549,0.01998549,26733,82,0
7476.24033006,7476.24071627,2433.37132845,2433.35839358,0.04180800,1764.62413644,0.01998549,0.01998549,26732,82,0
7476.52002678,7476.52041853,2442.74485918,2442.73172270,0.04243930,1764.71811824,0.01998549,0.01998549,26731,82,0
7476.79984259,7476.80014171,2452.13079818,2452.12075501,0.05295327,1764.81072210,0.01998549,0.01998549,26730,82,0
7477.07957370,7477.07988582,2461.52965695,2461.51916336,0.04366917,1764.90187940,0.01998549,0.01998549,26729,82,0
7477.35929638,7477.35965085,2470.94202269,2470.93008853,0.04964577,1764.99161517,0.01998549,0.01998549,26728,82,0
7477.63985027,7477.63943682,2480.36848020,2480.38242035,0.04330155,1765.08019154,0.01998549,0.01998549,26727,82,0
7477.91934216,7477.91924371,2489.80906559,2489.81238951,0.04899200,1765.16700619,0.01998549,0.01998549,26726,82,0
7478.19926625,7478.19907154,2499.26287476,2499.26945683,0.04366328,1765.25251323,0.01998549,0.01998549,26725,82,0
7478.47866846,7478.47892031,2508.72890478,2508.72038087,0.04319687,1765.33640688,0.01998549,0.01998549,26724,82,0
7478.75911213,7478.75879002,2518.20623152,2518.21714540,0.04862487,1765.41913869,0.01998549,0.01998549,26723,82,0
7479.03826951,7479.03868066,2527.69496455,2527.68101752,0.04014241,1765.50001951,0.01998549,0.01998549,26722,82,0
7479.31859098,7479.31859226,2537.19590040,2537.19585703,0.04990578,1765.57976147,0.01998549,0.01998549,26721,82,0
7479.59885279,7479.59852479,2546.70985414,2546.72100929,0.05025208,1765.65800857,0.01998549,0.01998549,26720,82,0
7479.87844959,7479.87847828,2556.23744206,2556.23646504,0.04257246,1765.73459621,0.01998549,0.01998549,26719,82,0
7480.15809136,7480.15845272,2565.77854901,2565.76622630,0.04856918,1765.80971636,0.01998549,0.01998549,26718,82,0
7480.43869158,7480.43844811,2575.33289393,2575.34120724,0.04105727,1765.88359778,0.01998549,0.01998549,26717,82,0
7480.71858762,7480.71846445,2584.90020032,2584.90441133,0.04960233,1765.95579227,0.01998549,0.01998549,26716,82,0
7480.99856439,7480.99850176,2594.48041632,2594.48256035,0.03783776,1766.02650067,0.01998549,0.01998549,26715,82,0
7481.27830428,7481.27856002,2604.07376041,2604.06499444,0.05029082,1766.09563940,0.01998549,0.01998549,26714,82,0
7481.55860412,7481.55863925,2613.68046867,2613.67926280,0.04819466,1766.16339810,0.01998549,0.01998549,26713,82,0
7481.83890550,7481.83873944,2623.30078195,2623.30648946,0.03878928,1766.22963241,0.01998549,0.01998549,26712,82,0
7482.11904124,7482.11886060,2632.93496130,2632.94117845,0.04629030,1766.29429927,0.01998549,0.01998549,26711,82,0
7482.39889596,7482.39900273,2642.58327710,2642.57959725,0.04012830,1766.35737076,0.01998549,0.01998549,26710,82,0
7482.67941310,7482.67916583,2652.24600011,2652.25453448,0.04727661,1766.41905117,0.01998549,0.01998549,26709,82,0
7482.95941918,7482.95934990,2661.92323505,2661.92562957,0.04679599,1766.47907486,0.01998549,0.01998549,26708,82,0
7483.23947644,7483.23955496,2671.61478495,2671.61206751,0.04968807,1766.53755791,0.01998549,0.01998549,26707,82,0
7483.51964522,7483.51978099,2681.32041945,2681.31571376,0.04237487,1766.59450323,0.01998549,0.01998549,26706,82,0
7483.79991124,7483.80002800,2691.03993992,2691.03588775,0.05041802,1766.64989819,0.01998549,0.01998549,26705,82,0
7484.08034584,7484.08029600,2700.77346229,2700.77519444,0.04952125,1766.70374845,0.01998549,0.01998549,26704,82,0
7484.36034933,7484.36058498,2710.52127636,2710.51307521,0.04337960,1766.75593576,0.01998549,0.01998549,26703,82,0
7484.64072599,7484.64089495,2720.28367507,2720.27778631,0.05036894,1766.80660497,0.01998549,0.01998549,26702,82,0
7484.92099451,7484.92122591,2730.06073035,2730.05265405,0.05170891,1766.85566001,0.01998549,0.01998549,26701,82,0
7485.20209793,7485.20157787,2739.85201069,2739.87018607,0.04779831,1766.90325040,0.01998549,0.01998549,26700,82,0
7485.48240699,7485.48195082,2749.65701170,2749.67297495,0.04666728,1766.94909059,0.01998549,0.01998549,26699,82,0
7485.76223025,7485.76234477,2759.47528959,2759.47127687,0.04911964,1766.99323339,0.01998549,0.01998549,26698,82,0
7486.04309656,7486.04275972,2769.30711234,2769.31893049,0.03775741,1767.03590972,0.01998549,0.01998549,26697,82,0
7486.32324258,7486.32319567,2779.15319332,2779.15484141,0.04668928,1767.07684503,0.01998549,0.01998549,26696,82,0
7486.60367908,7486.60365263,2789.01425769,2789.01518864,0.04958797,1767.11618651,0.01998549,0.01998549,26695,82,0
7486.88455995,7486.88413059,2798.89078790,2798.90591833,0.04934887,1767.15394363,0.01998549,0.01998549,26694,82,0
7487.16468089,7487.16462956,2808.78269276,2808.78450419,0.04888254,1767.18994923,0.01998549,0.01998549,26693,82,0
7487.44508829,7487.44514955,2818.68979847,2818.68763349,0.04482379,1767.22433369,0.01998549,0.01998549,26692,82,0
7487.72587596,7487.72569055,2828.61193856,2828.61850064,0.05312891,1767.25709444,0.01998549,0.01998549,26691,82,0
7488.00668810,7488.00625257,2838.54903526,2838.56447231,0.04983711,1767.28817854,0.01998549,0.01998549,26690,82,0
7488.28649801,7488.28683561,2848.50106214,2848.48907937,0.03896125,1767.31747355,0.01998549,0.01998549,26689,82,0
7488.56777216,7488.56743966,2858.46799249,2858.47981092,0.05011902,1767.34522590,0.01998549,0.01998549,26688,82,0
7488.84787763,7488.84806475,2868.44973435,2868.44307393,0.03543381,1767.37116542,0.01998549,0.01998549,26687,82,0
7489.12900879,7489.12871085,2878.44606802,2878.45668754,0.05285871,1767.39548860,0.01998549,0.01998549,26686,82,0
7489.40900628,7489.40937799,2888.45675707,2888.44349026,0.03567158,1767.41800173,0.01998549,0.01998549,26685,82,0
7489.68973560,7489.69006616,2898.48164781,2898.46983380,0.04760397,1767.43885093,0.01998549,0.01998549,26684,82,0
7489.97070280,7489.97077536,2908.52120115,2908.51860432,0.05152065,1767.45798421,0.01998549,0.01998549,26683,82,0
7490.25154289,7490.25150560,2918.57615359,2918.57749015,0.03122538,1767.47536942,0.01998549,0.01998549,26682,82,0
7490.53180745,7490.53225687,2928.64723755,2928.63110337,0.05530179,1767.49097858,0.01998549,0.01998549,26681,82,0
7490.81307262,7490.81302919,2938.73467649,2938.73623800,0.04841041,1767.50488751,0.01998549,0.01998549,26680,82,0
7491.09411663,7491.09382255,2948.83799351,2948.84858284,0.04262608,1767.51701956,0.01998549,0.01998549,26679,82,0
7491.37456871,7491.37463695,2958.95665682,2958.95419615,0.04530668,1767.52735773,0.01998549,0.01998549,26678,82,0
7491.65548181,7491.65547240,2969.09031358,2969.09065326,0.04404671,1767.53593394,0.01998549,0.01998549,26677,82,0
7491.93634833,7491.93632890,2979.23939847,2979.24010096,0.04734664,1767.54272129,0.01998549,0.01998549,26676,82,0
7492.21755220,7492.21720646,2989.40456252,2989.41708512,0.05105677,1767.54771858,0.01998549,0.01998549,26675,82,0
7492.49831335,7492.49810506,2999.58643304,2999.59398896,0.04558290,1767.55090478,0.01998549,0.01998549,26674,82,0
7492.77891699,7492.77902473,3009.78517606,3009.78126165,0.04485998,1767.55228028,0.01998549,0.01998549,26673,82,0
7493.05982205,7493.05996545,3020.00058792,3019.99536974,0.04546558,1767.55183719,0.01998549,0.01998549,26672,82,0
7493.34102519,7493.34092724,3030.23245367,3030.23602354,0.05001345,1767.54956108,0.01998549,0.01998549,26671,82,0
7493.62198612,7493.62191009,3040.48072350,3040.48349881,0.05028502,1767.54544723,0.01998549,0.01998549,26670,82,0
7493.90243512,7493.90291401,3050.74570221,3050.72819495,0.03933826,1767.53949824,0.01998549,0.01998549,26669,82,0
7494.18387858,7494.18393899,3061.02774270,3061.02553079,0.04091115,1767.53166835,0.01998549,0.01998549,26668,82,0
7494.46481992,7494.46498505,3071.32706310,3071.32100681,0.04298485,1767.52198515,0.01998549,0.01998549,26667,82,0
7494.74638580,7494.74605218,3081.64305420,3081.65530827,0.04550683,1767.51040021,0.01998549,0.01998549,26666,82,0
7495.02653014,7495.02714038,3091.97479246,3091.95234650,0.04416572,1767.49699823,0.01998549,0.01998549,26665,82,0
7495.30797763,7495.30824967,3102.32140160,3102.31138197,0.04609567,1767.48164316,0.01998549,0.01998549,26664,82,0
7495.58918644,7495.58938003,3112.68312814,3112.67598759,0.05046869,1767.46440012,0.01998549,0.01998549,26663,82,0
7495.87058228,7495.87053148,3123.06126297,3123.06313966,0.04440104,1767.44523306,0.01998549,0.01998549,26662,82,0
7496.15217350,7496.15170402,3133.45714490,3133.47451812,0.05006131,1767.42412593,0.01998549,0.01998549,26661,82,0
7496.43297537,7496.43289764,3143.87152772,3143.87440908,0.04005743,1767.40114750,0.01998549,0.01998549,26660,82,0
7496.71393897,7496.71411235,3154.30389422,3154.29745703,0.04767116,1767.37621784,0.01998549,0.01998549,26659,82,0
7496.99512654,7496.99534815,3164.75355740,3164.74531670,0.04389362,1767.34931968,0.01998549,0.01998549,26658,82,0
7497.27660415,7497.27660505,3175.21998212,3175.21994849,0.05594118,1767.32043365,0.01998549,0.01998549,26657,82,0
7497.55785798,7497.55788305,3185.70344314,3185.70250817,0.04399133,1767.28960197,0.01998549,0.01998549,26656,82,0
7497.83928564,7497.83918215,3196.20447874,3196.20834524,0.05185519,1767.25677073,0.01998549,0.01998549,26655,82,0
7498.12078429,7498.12050234,3206.72359067,3206.73414185,0.04466359,1767.22193815,0.01998549,0.01998549,26654,82,0
7498.40189012,7498.40184365,3217.26074224,3217.26248428,0.05061026,1767.18515546,0.01998549,0.01998549,26653,82,0
7498.68349954,7498.68320606,3227.81551663,3227.82653480,0.04290834,1767.14629601,0.01998549,0.01998549,26652,82,0
7498.96415635,7498.96458958,3238.38749388,3238.37120467,0.04575113,1767.10555771,0.01998549,0.01998549,26651,82,0
7499.24606550,7499.24599421,3248.97665682,3248.97934156,0.05016991,1767.06260804,0.01998549,0.01998549,26650,82,0
7499.52790255,7499.52741995,3259.58355392,3259.60175780,0.04816799,1767.01762430,0.01998549,0.01998549,26649,82,0
7499.80912724,7499.80886681,3270.20878060,3270.21862058,0.04914607,1766.97068783,0.01998549,0.01998549,26648,82,0
7500.09057992,7500.09033479,3280.85276857,3280.86204617,0.04138483,1766.92165058,0.01998549,0.01998549,26647,82,0
7500.37199553,7500.37182389,3291.51549195,3291.52199928,0.04739693,1766.87054650,0.01998549,0.01998549,26646,82,0
7500.65338116,7500.65333411,3302.19684653,3302.19863300,0.05090945,1766.81736535,0.01998549,0.01998549,26645,82,0
7500.93473053,7500.93486546,3312.89673241,3312.89160010,0.04603045,1766.76209936,0.01998549,0.01998549,26644,82,0
7501.21647990,7501.21641794,3323.61507834,3323.61743917,0.04436853,1766.70464898,0.01998549,0.01998549,26643,82,0
7501.49795206,7501.49799155,3334.35182211,3334.35031537,0.04969158,1766.64514113,0.01998549,0.01998549,26642,82,0
7501.77969622,7501.77958629,3345.10694102,3345.11114303,0.05542540,1766.58344973,0.01998549,0.01998549,26641,82,0
7502.06139223,7502.06120216,3355.88083634,3355.88811396,0.05253350,1766.51962976,0.01998549,0.01998549,26640,82,0
7502.34304223,7502.34283918,3366.67416719,3366.68195583,0.03625588,1766.45366732,0.01998549,0.01998549,26639,82,0
7502.62432814,7502.62449733,3377.48757695,3377.48107556,0.05030552,1766.38562674,0.01998549,0.01998549,26638,82,0
7502.90612193,7502.90617663,3388.32113088,3388.31902528,0.04407740,1766.31528382,0.01998549,0.01998549,26637,82,0
7503.18782673,7503.18787707,3399.17431616,3399.17237519,0.04829669,1766.24277494,0.01998549,0.01998549,26636,82,0
7503.47002036,7503.46959866,3410.04659474,3410.06288270,0.04971250,1766.16793945,0.01998549,0.01998549,26635,82,0
7503.75141435,7503.75134139,3420.93773286,3420.94055533,0.03880940,1766.09111369,0.01998549,0.01998549,26634,82,0
7504.03258611,7504.03310528,3431.84797763,3431.82785742,0.04990970,1766.01213967,0.01998549,0.01998549,26633,82,0
7504.31484603,7504.31489033,3442.77762056,3442.77590104,0.05126199,1765.93062615,0.01998549,0.01998549,26632,82,0
7504.59671282,7504.59669653,3453.72697631,3453.72760998,0.04509477,1765.84697930,0.01998549,0.01998549,26631,82,0
7504.87890803,7504.87852389,3464.69641096,3464.71137588,0.05596424,1765.76097170,0.01998549,0.01998549,26630,82,0
7505.16039509,7505.16037241,3475.68630139,3475.68718647,0.03752312,1765.67290943,0.01998549,0.01998549,26629,82,0
7505.44176444,7505.44224210,3486.69688890,3486.67821372,0.04548689,1765.58260420,0.01998549,0.01998549,26628,82,0
7505.72396560,7505.72413295,3497.72792151,3497.72136715,0.04892695,1765.48973296,0.01998549,0.01998549,26627,82,0
7506.00608707,7506.00604497,3508.77903415,3508.78068610,0.05285246,1765.39457800,0.01998549,0.01998549,26626,82,0
7506.28810366,7506.28797816,3519.84985613,3519.85478822,0.03573772,1765.29714191,0.01998549,0.01998549,26625,82,0
7506.56983622,7506.56993252,3530.94000547,3530.93621443,0.04703385,1765.19748359,0.01998549,0.01998549,26624,82,0
7506.85159464,7506.85190806,3542.04909354,3542.03673538,0.05073924,1765.09548917,0.01998549,0.01998549,26623,82,0
7507.13395650,7507.13390478,3553.17695185,3553.17899436,0.04976605,1764.99093249,0.01998549,0.01998549,26622,82,0
7507.41578135,7507.41592268,3564.32497233,3564.31938054,0.04574676,1764.88421080,0.01998549,0.01998549,26621,82,0
7507.69760779,7507.69796176,3575.49522613,3575.48119266,0.04216286,1764.77509486,0.01998549,0.01998549,26620,82,0
7507.97970074,7507.98002203,3586.68952128,3586.67675676,0.04216477,1764.66344760,0.01998549,0.01998549,26619,82,0
7508.26147622,7508.26210349,3597.90705030,3597.88208266,0.05370565,1764.54949514,0.01998549,0.01998549,26618,82,0
7508.54946619,nan,0.00000000,3609.36694829,0.30820495,1764.43040740,0.01998551,0.01998549,26617,82,1
7508.82609995,7508.82632997,3620.40311291,3620.39392707,0.05049078,1764.31388344,0.01998549,0.01998549,26616,82,0
7509.10863390,7509.10847500,3631.68054254,3631.68689954,0.05183446,1764.19233066,0.01998549,0.01998549,26615,82,0
7509.39015588,7509.39064123,3642.98067179,3642.96121419,0.04991261,1764.06873947,0.01998549,0.01998549,26614,82,0
7509.67320228,7509.67282866,3654.30614533,3654.32115675,0.05179963,1763.94194637,0.01998549,0.01998549,26613,82,0
7509.95484116,7509.95503729,3665.65667794,3665.64878165,0.04171699,1763.81325153,0.01998549,0.01998549,26612,82,0
7510.23707875,7510.23726713,3677.02983260,3677.02223495,0.05489005,1763.68176273,0.01998549,0.01998549,26611,82,0
7510.51935450,7510.51951817,3688.42325239,3688.41664036,0.04178685,1763.54774719,0.01998549,0.01998549,26610,82,0
7510.80157477,7510.80179042,3699.83696847,3699.82824060,0.05489916,1763.41123727,0.01998549,0.01998549,26609,82,0
7511.08476516,7511.08408389,3711.27290868,3711.30053494,0.04091456,1763.27168876,0.01998549,0.01998549,26608,82,0
7511.36607246,7511.36639856,3722.73296323,3722.71971203,0.05343126,1763.13048341,0.01998549,0.01998549,26607,82,0
7511.64903993,7511.64873446,3734.21725224,3734.22968981,0.04645303,1762.98582982,0.01998549,0.01998549,26606,82,0
7511.93042304,7511.93109157,3745.72444518,3745.69717490,0.05357584,1762.83938817,0.01998549,0.01998549,26605,82,0
7512.21305338,7512.21346990,3757.25322450,3757.23620407,0.04054826,1762.68969299,0.01998549,0.01998549,26604,82,0
7512.49503593,7512.49586946,3768.80337495,3768.76925256,0.05689048,1762.53772968,0.01998549,0.01998549,26603,82,0
7512.77780392,7512.77829024,3780.37557058,3780.35562484,0.04284806,1762.38270199,0.01998549,0.01998549,26602,82,0
7513.06023548,7513.06073225,3791.97049995,3791.95008667,0.05286409,1762.22519599,0.01998549,0.01998549,26601,82,0
7513.34277468,7513.34319550,3803.58860023,3803.57127490,0.04055862,1762.06494743,0.01998549,0.01998549,26600,82,0
7513.62519757,7513.62567997,3815.23011908,3815.21021945,0.05333719,1761.90206595,0.01998549,0.01998549,26599,82,0
7513.90786693,7513.90818568,3826.89528809,3826.88211330,0.04614507,1761.73632291,0.01998549,0.01998549,26598,82,0
7514.19068693,7514.19071263,3838.58416836,3838.58310397,0.05521846,1761.56775345,0.01998549,0.01998549,26597,82,0
7514.47334106,7514.47326082,3850.29670524,3850.30003473,0.04398881,1761.39653278,0.01998549,0.01998549,26596,82,0
7514.75587173,7514.75583025,3862.03293179,3862.03465616,0.05111313,1761.22262446,0.01998549,0.01998549,26595,82,0
7515.03849822,7515.03842093,3873.79378320,3873.79700324,0.04609463,1761.04586526,0.01998549,0.01998549,26594,82,0
7515.32119367,7515.32103285,3885.58072267,3885.58743715,0.05181966,1760.86623193,0.01998549,0.01998549,26593,82,0
7515.60335514,7515.60366603,3897.39495522,3897.38194577,0.03681732,1760.68407986,0.01998549,0.01998549,26592,82,0
7515.88618581,7515.88632045,3909.23553421,3909.22988803,0.04646326,1760.49862834,0.01998549,0.01998549,26591,82,0
7516.16896552,7516.16899613,3921.10049676,3921.09921053,0.04654747,1760.31035518,0.01998549,0.01998549,26590,82,0
7516.45160269,7516.45169307,3932.98841616,3932.98461175,0.04680808,1760.11933226,0.01998549,0.01998549,26589,82,0
7516.73419886,7516.73441127,3944.90107653,3944.89211661,0.04821628,1759.92545027,0.01998549,0.01998549,26588,82,0
7517.01743242,7517.01715073,3956.84142638,3956.85333690,0.04463724,1759.72817009,0.01998549,0.01998549,26587,82,0
7517.29993390,7517.29991145,3968.81130819,3968.81225959,0.04988210,1759.52839882,0.01998549,0.01998549,26586,82,0
7517.58324989,7517.58269344,3980.80794983,3980.83157922,0.04469492,1759.32507024,0.01998550,0.01998549,26585,82,0
7517.86495848,7517.86549670,3992.82737145,3992.80447811,0.04799455,1759.11998646,0.01998549,0.01998549,26584,82,0
7518.14910480,7518.14832123,4004.86762676,4004.90101518,0.04793810,1758.91020942,0.01998550,0.01998549,26583,82,0
7518.43129778,7518.43116704,4016.93248613,4016.93806933,0.04961836,1758.69889381,0.01998549,0.01998549,26582,82,0
7518.71380421,7518.71403412,4029.02671984,4029.01687706,0.04683683,1758.48426760,0.01998549,0.01998549,26581,82,0
7518.99715389,7518.99692248,4041.15240875,4041.16233966,0.04491902,1758.26585303,0.01998549,0.01998549,26580,82,0
7519.27968286,7519.27983212,4053.30666070,4053.30024149,0.04312743,1758.04496522,0.01998549,0.01998549,26579,82,0
7519.56317869,7519.56276304,4065.48608841,4065.50399779,0.03752412,1757.82024883,0.01998550,0.01998549,26578,82,0
7519.84563077,7519.84571525,4077.68950344,4077.68585620,0.05193726,1757.59330497,0.01998549,0.01998549,26577,82,0
nan,nan,0.00000000,-1.00000000,0.00000000,1757.36122486,nan,0.00000000,-2147483648,82,1
nan,nan,0.00000000,-1.00000000,0.00000000,1755.75840705,nan,0.00000000,-2147483648,81,1
7483.51973731,7483.51978099,9.75967252,9.75857595,0.04923391,1756.11473754,0.01998549,0.01998549,26706,81,0
7483.79889089,7483.80002800,16.79860498,16.77003449,0.04576922,1756.48354727,0.01998549,0.01998549,26705,81,0
7484.07963995,7484.08029600,23.84300295,23.82650764,0.06481313,1756.85384747,0.01998549,0.01998549,26704,81,0
7484.36078690,7484.36058498,30.89295301,30.89803362,0.05884584,1757.22405474,0.01998549,0.01998549,26703,81,0
7484.64074484,7484.64089495,37.94853791,37.94475803,0.05558949,1757.59208458,0.01998549,0.01998549,26702,81,0
7484.92169079,7484.92122591,45.00970292,45.02141674,0.06007752,1757.96079484,0.01998549,0.01998549,26701,81,0
7485.20165233,7485.20157787,52.07622779,52.07810524,0.04357565,1758.32758366,0.01998549,0.01998549,26700,81,0
7485.48176877,7485.48195082,59.14788148,59.14328841,0.05329987,1758.69393283,0.01998549,0.01998549,26699,81,0
7485.76248209,7485.76234477,66.22443191,66.22789864,0.04743087,1759.06040412,0.01998549,0.01998549,26698,81,0
7486.04402631,7486.04275972,73.30566089,73.33765501,0.04522751,1759.42728512,0.01998549,0.01998549,26697,81,0
7486.32231575,7486.32319567,80.39160986,80.36936965,0.03924460,1759.78926113,0.01998549,0.01998549,26696,81,0
7486.60390421,7486.60365263,87.48254148,87.48890443,0.04289802,1760.15486859,0.01998549,0.01998549,26695,81,0
7486.88476593,7486.88413059,94.57872662,94.59480647,0.03771935,1760.51888384,0.01998549,0.01998549,26694,81,0
7487.16329525,7487.16462956,101.68043736,101.64664272,0.04484581,1760.87924844,0.01998549,0.01998549,26693,81,0
7487.44472860,7487.44514955,108.78792669,108.77725726,0.05102926,1761.24274649,0.01998549,0.01998549,26692,81,0
7487.72586300,7487.72569055,115.90124842,115.90562262,0.05543655,1761.60523319,0.01998549,0.01998549,26691,81,0
7488.00646222,7488.00625257,123.02034268,123.02566440,0.06151162,1761.96640175,0.01998549,0.01998549,26690,81,0
7488.28772408,7488.28683561,130.14514801,130.16771696,0.05106288,1762.32778846,0.01998549,0.01998549,26689,81,0
7488.56785757,7488.56743966,137.27560264,137.28622585,0.05072780,1762.68708867,0.01998549,0.01998549,26688,81,0
7488.84825452,7488.84806475,144.41164023,144.41646760,0.04357656,1763.04608527,0.01998549,0.01998549,26687,81,0
7489.12889986,7489.12871085,151.55316976,151.55798094,0.03813616,1763.40475084,0.01998549,0.01998549,26686,81,0
7489.40915013,7489.40937799,158.70009111,158.69428687,0.04543882,1763.76225672,0.01998549,0.01998549,26685,81,0
7489.68887387,7489.69006616,165.85230369,165.82191296,0.07405628,1764.11843170,0.01998549,0.01998549,26684,81,0
7489.97126743,7489.97077536,173.00970644,173.02225700,0.06576392,1764.47733132,0.01998549,0.01998549,26683,81,0
7490.25110338,7490.25150560,180.17227050,180.16200479,0.05027970,1764.83230838,0.01998549,0.01998549,26682,81,0
7490.53249886,7490.53225687,187.34020379,187.34638409,0.03489226,1765.18859780,0.01998549,0.01998549,26681,81,0
7490.81278329,7490.81302919,194.51376342,194.50747858,0.02899915,1765.54282753,0.01998549,0.01998549,26680,81,0
7491.09388395,7491.09382255,201.69320767,201.69477825,0.03562470,1765.89744521,0.01998549,0.01998549,26679,81,0
7491.37481376,7491.37463695,208.87879426,208.88332040,0.05796485,1766.25121409,0.01998549,0.01998549,26678,81,0
7491.65618755,7491.65547240,216.07060884,216.08892995,0.04734062,1766.60490961,0.01998549,0.01998549,26677,81,0
7491.93591916,7491.93632890,223.26842131,223.25791642,0.03727928,1766.95590014,0.01998549,0.01998549,26676,81,0
7492.21829863,7492.21720646,230.47196684,230.49998706,0.03129036,1767.30955008,0.01998549,0.01998549,26675,81,0
7492.49779732,7492.49810506,237.68097934,237.67307869,0.03619511,1767.65892144,0.01998549,0.01998549,26674,81,0
7492.77887533,7492.77902473,244.89520110,244.89136311,0.05995974,1768.00957970,0.01998549,0.01998549,26673,81,0
7493.05973511,7493.05996545,252.11459999,252.10867881,0.05542066,1768.35927408,0.01998549,0.01998549,26672,81,0
7493.34119027,7493.34092724,259.33937350,259.34613946,0.04141793,1768.70902404,0.01998549,0.01998549,26671,81,0
7493.62170386,7493.62191009,266.56973021,266.56442163,0.03894512,1769.05692922,0.01998549,0.01998549,26670,81,0
7493.90121528,7493.90291401,273.80587970,273.76211950,0.05654176,1769.40292954,0.01998548,0.01998549,26669,81,0
7494.18392828,7494.18393899,281.04801757,281.04774146,0.05594878,1769.75222836,0.01998549,0.01998549,26668,81,0
7494.46560622,7494.46498505,288.29620343,288.31222967,0.04655148,1770.09958442,0.01998549,0.01998549,26667,81,0
7494.74605511,7494.74605218,295.55042381,295.55049959,0.03882875,1770.44476378,0.01998549,0.01998549,26666,81,0
7495.02590904,7495.02714038,302.81066447,302.77884801,0.04734005,1770.78855063,0.01998549,0.01998549,26665,81,0
7495.30801465,7495.30824967,310.07691109,310.07083396,0.05490460,1771.13443333,0.01998549,0.01998549,26664,81,0
7495.59042199,7495.58938003,317.34915602,317.37611944,0.04235350,1771.48000954,0.01998549,0.01998549,26663,81,0
7495.87000766,7495.87053148,324.62741903,324.61385353,0.03821654,1771.82146516,0.01998549,0.01998549,26662,81,0
7496.15180522,7496.15170402,331.91172700,331.91434994,0.05982504,1772.16494903,0.01998549,0.01998549,26661,81,0
7496.43213083,7496.43289764,339.20210693,339.18221868,0.05732235,1772.50596747,0.01998549,0.01998549,26660,81,0
7496.71389903,7496.71411235,346.49858546,346.49304846,0.03911774,1772.84806532,0.01998549,0.01998549,26659,81,0
7496.99485004,7496.99534815,353.80114433,353.78820550,0.04979068,1773.18849378,0.01998549,0.01998549,26658,81,0
7497.27747344,7497.27660505,361.10968227,361.13225588,0.05007906,1773.53025955,0.01998549,0.01998549,26657,81,0
7497.55763784,7497.55788305,368.42408859,368.41770982,0.03235138,1773.86836241,0.01998549,0.01998549,26656,81,0
7497.83878501,7497.83918215,375.74425206,375.73391376,0.05994841,1774.20695424,0.01998549,0.01998549,26655,81,0
7498.12083120,7498.12050234,383.07006831,383.07863483,0.05450882,1774.54592038,0.01998549,0.01998549,26654,81,0
7498.40153460,7498.40184365,390.40156086,390.39350461,0.03961387,1774.88256745,0.01998549,0.01998549,26653,81,0
7498.68318861,7498.68320606,397.73886197,397.73840681,0.05188921,1775.21965151,0.01998549,0.01998549,26652,81,0
7498.96414843,7498.96458958,405.08210797,405.07059119,0.05670014,1775.55520736,0.01998549,0.01998549,26651,81,0
7499.24564147,7499.24599421,412.43143584,412.42222006,0.03623817,1775.89070573,0.01998549,0.01998549,26650,81,0
7499.52706609,7499.52741995,419.78696532,419.77771319,0.05840973,1776.22543119,0.01998549,0.01998549,26649,81,0
7499.80976088,7499.80886681,427.14871254,427.17210749,0.04714224,1776.56096999,0.01998549,0.01998549,26648,81,0
7500.09057226,7500.09033479,434.51665608,434.52287473,0.03570224,1776.89357823,0.01998549,0.01998549,26647,81,0
7500.37198548,7500.37182389,441.89077438,441.89500929,0.05303838,1777.22620122,0.01998549,0.01998549,26646,81,0
7500.65347421,7500.65333411,449.27104577,449.27472000,0.03250930,1777.55821121,0.01998549,0.01998549,26645,81,0
7500.93449263,7500.93486546,456.65745652,456.64767105,0.04236615,1777.88896320,0.01998549,0.01998549,26644,81,0
7501.21673774,7501.21641794,464.05001041,464.05841053,0.05833430,1778.22044969,0.01998549,0.01998549,26643,81,0
7501.49718119,7501.49799155,471.44871358,471.42741245,0.03552536,1778.54911432,0.01998549,0.01998549,26642,81,0
7501.77988288,7501.77958629,478.85357218,478.86137449,0.05125597,1778.87971151,0.01998549,0.01998549,26641,81,0
7502.06233605,7502.06120216,486.26458778,486.29443852,0.03775804,1779.20930008,0.01998549,0.01998549,26640,81,0
7502.34245509,7502.34283918,493.68167919,493.67156027,0.05306209,1779.53545052,0.01998549,0.01998549,26639,81,0
7502.62476893,7502.62449733,501.10469290,501.11185347,0.05327763,1779.86342766,0.01998549,0.01998549,26638,81,0
7502.90643030,7502.90617663,508.53347225,508.54016461,0.04082061,1780.18990879,0.01998549,0.01998549,26637,81,0
7503.18797745,7503.18787707,515.96785977,515.97050992,0.06107438,1780.51551198,0.01998549,0.01998549,26636,81,0
7503.46971539,7503.46959866,523.40777834,523.41086219,0.03821071,1780.84058435,0.01998549,0.01998549,26635,81,0
7503.75174783,7503.75134139,530.85356343,530.86430866,0.05334776,1781.16525639,0.01998549,0.01998549,26634,81,0
7504.03305320,7504.03310528,538.30568317,538.30430508,0.03757804,1781.48837200,0.01998549,0.01998549,26633,81,0
7504.31496510,7504.31489033,545.76460814,545.76658815,0.04449100,1781.81148158,0.01998549,0.01998549,26632,81,0
7504.59655365,7504.59669653,553.23080641,553.22701926,0.04826978,1782.13353608,0.01998549,0.01998549,26631,81,0
7504.87850955,7504.87852389,560.70438573,560.70400518,0.04229440,1782.45532728,0.01998549,0.01998549,26630,81,0
7505.16040543,7505.16037241,568.18484605,568.18572287,0.05211636,1782.77634230,0.01998549,0.01998549,26629,81,0
7505.44150596,7505.44224210,575.67162668,575.65206696,0.05053671,1783.09572067,0.01998549,0.01998549,26628,81,0
7505.72515840,7505.72413295,583.16416405,583.19142893,0.04944729,1783.41723216,0.01998550,0.01998549,26627,81,0
7506.00592697,7506.00604497,590.66195748,590.65881815,0.03782589,1783.73469363,0.01998549,0.01998549,26626,81,0
7506.28804878,7506.28797816,598.16516913,598.16704929,0.05418369,1784.05290743,0.01998549,0.01998549,26625,81,0
7506.56966627,7506.56993252,605.67434844,605.66725478,0.04879137,1784.36979609,0.01998549,0.01998549,26624,81,0
7506.85225246,7506.85190806,613.19005239,613.19923565,0.05004166,1784.68703665,0.01998549,0.01998549,26623,81,0
7507.13443972,7507.13390478,620.71284049,620.72711752,0.05373875,1785.00311277,0.01998549,0.01998549,26622,81,0
7507.41600228,7507.41592268,628.24302786,628.24515403,0.03985031,1785.31778601,0.01998549,0.01998549,26621,81,0
7507.69769583,7507.69796176,635.78024943,635.77313964,0.05436846,1785.63188499,0.01998549,0.01998549,26620,81,0
7507.97999288,7507.98002203,643.32402173,643.32324168,0.04468661,1785.94591112,0.01998549,0.01998549,26619,81,0
7508.26117868,7508.26210349,650.87385874,650.84909811,0.05322156,1786.25793665,0.01998549,0.01998549,26618,81,0
7508.54386669,7508.54420613,658.42930319,658.42020909,0.03229238,1786.57083900,0.01998549,0.01998549,26617,81,0
7508.82629220,7508.82632997,665.99043799,665.98942536,0.04562069,1786.88266110,0.01998549,0.01998549,26616,81,0
7509.10824137,7509.10847500,673.55780634,673.55153776,0.03230834,1787.19319022,0.01998549,0.01998549,26615,81,0
7509.39072900,7509.39064123,681.13196875,681.13432581,0.05334588,1787.50356451,0.01998549,0.01998549,26614,81,0
7509.67285221,7509.67282866,688.71348867,688.71412155,0.05286032,1787.81281179,0.01998549,0.01998549,26613,81,0
7509.95546681,7509.95503729,696.30273777,696.31429383,0.03686771,1788.12188214,0.01998549,0.01998549,26612,81,0
7510.23688581,7510.23726713,703.89935428,703.88908615,0.04885754,1788.42891589,0.01998549,0.01998549,26611,81,0
7510.51973891,7510.51951817,711.50280093,711.50874972,0.03425368,1788.73675681,0.01998549,0.01998549,26610,81,0
7510.80169676,7510.80179042,719.11253760,719.11001161,0.04874741,1789.04284343,0.01998549,0.01998549,26609,81,0
7511.08415237,7511.08408389,726.72804139,726.72988942,0.04893700,1789.34866645,0.01998549,0.01998549,26608,81,0
7511.36663805,7511.36639856,734.34926422,734.35573150,0.03082373,1789.65371327,0.01998549,0.01998549,26607,81,0
7511.64844956,7511.64873446,741.97664444,741.96894480,0.05177007,1789.95724157,0.01998549,0.01998549,26606,81,0
7511.93041400,7511.93109157,749.61064458,749.59231785,0.03737237,1790.26016050,0.01998549,0.01998549,26605,81,0
7512.21300010,7512.21346990,757.25172962,757.23901125,0.05260364,1790.56298639,0.01998549,0.01998549,26604,81,0
7512.49559900,7512.49586946,764.90025811,764.89292965,0.04933064,1790.86507583,0.01998549,0.01998549,26603,81,0
7512.77837819,7512.77829024,772.55613427,772.55851947,0.05137444,1791.16660061,0.01998549,0.01998549,26602,81,0
7513.06063495,7513.06073225,780.21914226,780.21650119,0.04147855,1791.46680166,0.01998549,0.01998549,26601,81,0
7513.34313492,7513.34319550,787.88906508,787.88741944,0.04948136,1791.76648338,0.01998549,0.01998549,26600,81,0
7513.62547384,7513.62567997,795.56569123,795.56008741,0.04018715,1792.06520587,0.01998549,0.01998549,26599,81,0
7513.90786514,7513.90818568,803.24896638,803.24024518,0.04989086,1792.36319086,0.01998549,0.01998549,26598,81,0
7514.19088127,7514.19071263,810.93899673,810.94358877,0.04748072,1792.66104126,0.01998549,0.01998549,26597,81,0
7514.47261533,7514.47326082,818.63589621,818.61830515,0.04621476,1792.95675491,0.01998549,0.01998549,26596,81,0
7514.75607819,7514.75583025,826.33977937,826.34654180,0.04128678,1793.25349210,0.01998549,0.01998549,26595,81,0
7515.03854862,7515.03842093,834.05073821,834.05422388,0.04924331,1793.54840206,0.01998549,0.01998549,26594,81,0
7515.32142711,7515.32103285,841.76877845,841.77954988,0.05057600,1793.84294701,0.01998549,0.01998549,26593,81,0
7515.60410788,7515.60366603,849.49388550,849.50596756,0.03143949,1794.13649218,0.01998549,0.01998549,26592,81,0
7515.88603171,7515.88632045,857.22604467,857.21814277,0.05230257,1794.42845773,0.01998549,0.01998549,26591,81,0
7516.16913760,7516.16899613,864.96524967,864.96912433,0.05131980,1794.72084710,0.01998549,0.01998549,26590,81,0
7516.45138800,7516.45169307,872.71164003,872.70327686,0.04800443,1795.01155720,0.01998549,0.01998549,26589,81,0
7516.73436760,7516.73441127,880.46547840,880.46428010,0.03290738,1795.30222792,0.01998549,0.01998549,26588,81,0
7517.01684578,7517.01715073,888.22703267,888.21865761,0.05437856,1795.59160147,0.01998549,0.01998549,26587,81,0
7517.30016609,7517.29991145,895.99657187,896.00357201,0.04767246,1795.88105989,0.01998549,0.01998549,26586,81,0
7517.58248714,7517.58269344,903.77416815,903.76849148,0.04708520,1796.16872226,0.01998549,0.01998549,26585,81,0
7517.86521642,7517.86549670,911.55935463,911.55163548,0.04548610,1796.45600493,0.01998549,0.01998549,26584,81,0
7518.14859901,7518.14832123,919.35157100,919.35922711,0.03198915,1796.74312899,0.01998549,0.01998549,26583,81,0
7518.43158010,7518.43116704,927.15025380,927.16164689,0.05301261,1797.02900135,0.01998550,0.01998549,26582,81,0
7518.71369455,7518.71403412,934.95490656,934.94553430,0.04854437,1797.31313742,0.01998549,0.01998549,26581,81,0
7518.99660135,7518.99692248,942.76572442,942.75685434,0.04684316,1797.59721333,0.01998549,0.01998549,26580,81,0
7519.27933561,7519.27983212,950.58330048,950.56957470,0.03750021,1797.88027657,0.01998549,0.01998549,26579,81,0
7519.56318076,7519.56276304,958.40823574,958.41979361,0.05129270,1798.16362714,0.01998550,0.01998549,26578,81,0
7519.84568125,7519.84571525,966.24112916,966.24018739,0.05065979,1798.44483354,0.01998549,0.01998549,26577,81,0
7520.12836781,7520.12868875,974.08220215,974.07330488,0.04760858,1798.72542934,0.01998549,0.01998549,26576,81,0
7520.41173479,7520.41168354,981.93105068,981.93247285,0.04648597,1799.00588406,0.01998550,0.01998549,26575,81,0
7520.69448150,7520.69469962,989.78721006,989.78115293,0.04592036,1799.28489073,0.01998549,0.01998549,26574,81,0
7520.98386917,nan,0.00000000,997.81116196,0.10537049,1799.56923285,0.01998551,0.01998549,26573,81,1
7521.26103773,7521.26079567,1005.51970015,1005.52643226,0.04992313,1799.84137221,0.01998550,0.01998549,26572,81,0
7521.54339037,7521.54387565,1013.39585973,1013.38235247,0.03118038,1800.11740751,0.01998549,0.01998549,26571,81,0
7521.82658955,7521.82697693,1021.27905097,1021.26825946,0.04763752,1800.39341557,0.01998549,0.01998549,26570,81,0
7522.11065483,7522.11009951,1029.16963519,1029.18511893,0.04946452,1800.66941773,0.01998550,0.01998549,26569,81,0
7522.39321836,7522.39324340,1037.06795867,1037.06725980,0.04108611,1800.94312539,0.01998550,0.01998549,26568,81,0
7522.67651848,7522.67640860,1044.97407388,1044.97714325,0.05050789,1801.21670903,0.01998550,0.01998549,26567,81,0
7522.95956035,7522.95959511,1052.88778291,1052.88681112,0.04907098,1801.48919604,0.01998550,0.01998549,26566,81,0
7523.24283834,7523.24280294,1060.80887885,1060.80986943,0.04647441,1801.76105252,0.01998550,0.01998549,26565,81,0
7523.52585015,7523.52603208,1068.73715405,1068.73205913,0.04731960,1802.03178670,0.01998549,0.01998549,26564,81,0
7523.80917289,7523.80928255,1076.67248885,1076.66941558,0.04813166,1802.30194369,0.01998550,0.01998549,26563,81,0
7524.09287558,7524.09255433,1084.61495270,1084.62396362,0.04837071,1802.57158578,0.01998550,0.01998549,26562,81,0
7524.37581612,7524.37584744,1092.56463979,1092.56376042,0.05137251,1802.83962976,0.01998550,0.01998549,26561,81,0
7524.65887004,7524.65916188,1100.52164483,1100.51344481,0.04800091,1803.10690849,0.01998549,0.01998549,26560,81,0
7524.94226932,7524.94249765,1108.48609383,1108.47967272,0.05436272,1803.37364037,0.01998549,0.01998549,26559,81,0
7525.22593049,7525.22585474,1116.45828652,1116.46041860,0.03323606,1803.63975118,0.01998549,0.01998549,26558,81,0
7525.50900685,7525.50923318,1124.43858461,1124.43220777,0.05098033,1803.90445711,0.01998549,0.01998549,26557,81,0
7525.79284733,7525.79263294,1132.42735199,1132.43339837,0.05466441,1804.16902766,0.01998550,0.01998549,26556,81,0
7526.07576314,7526.07605405,1140.42492455,1140.41671149,0.05082758,1804.43189717,0.01998549,0.01998549,26555,81,0
7526.35938143,7526.35949650,1148.43114700,1148.42789534,0.05319717,1804.69456999,0.01998549,0.01998550,26554,81,0
7526.64264779,7526.64296029,1156.44545957,1156.43662051,0.05303261,1804.95604644,0.01998549,0.01998550,26553,81,0
7526.92665803,7526.92644543,1164.46728736,1164.47330588,0.05266125,1805.21731441,0.01998550,0.01998550,26552,81,0
7527.20961238,7527.20995191,1172.49605667,1172.48643762,0.04927505,1805.47669836,0.01998549,0.01998550,26551,81,0
7527.49402018,7527.49347975,1180.53159726,1180.54692009,0.04633775,1805.73648854,0.01998550,0.01998550,26550,81,0
7527.77733795,7527.77702894,1188.57445840,1188.58322741,0.04820520,1805.99437489,0.01998550,0.01998550,26549,81,0
7528.06024314,7528.06059948,1196.62526640,1196.61514461,0.05078176,1806.25099836,0.01998549,0.01998550,26548,81,0
7528.34355196,7528.34419139,1204.68465121,1204.66646985,0.04991075,1806.50711624,0.01998549,0.01998550,26547,81,0
7528.62742336,7528.62780465,1212.75306824,1212.74221547,0.05198992,1806.76287885,0.01998549,0.01998550,26546,81,0
7528.91133136,7528.91143928,1220.83028083,1220.82720629,0.04519045,1807.01779856,0.01998549,0.01998550,26545,81,0
7529.19453841,7529.19509527,1228.91588172,1228.90000132,0.04232278,1807.27120002,0.01998549,0.01998550,26544,81,0
7529.47872577,7529.47877263,1237.00946118,1237.00812380,0.04159743,1807.52457018,0.01998549,0.01998550,26543,81,0
7529.76250392,7529.76247136,1245.11065312,1245.11158351,0.04214947,1807.77665295,0.01998550,0.01998550,26542,81,0
7530.04629458,7530.04619146,1253.21948821,1253.22243675,0.04786817,1808.02782290,0.01998550,0.01998550,26541,81,0
7530.33035738,7530.32993293,1261.33620185,1261.34834898,0.04578682,1808.27831271,0.01998550,0.01998550,26540,81,0
7530.61368110,7530.61369579,1269.46103250,1269.46061183,0.05327265,1808.52723718,0.01998550,0.01998550,26539,81,0
7530.89729505,7530.89748002,1277.59421297,1277.58890913,0.04571145,1808.77550672,0.01998549,0.01998550,26538,81,0
7531.18085560,7531.18128564,1285.73582436,1285.72348174,0.04063717,1809.02281859,0.01998549,0.01998550,26537,81,0
7531.46523885,7531.46511264,1293.88580002,1293.88942570,0.04127369,1809.26992785,0.01998550,0.01998550,26536,81,0
7531.74856739,7531.74896103,1302.04406677,1302.03274765,0.04321652,1809.51519881,0.01998549,0.01998550,26535,81,0
7532.03257671,7532.03283081,1310.21055088,1310.20323746,0.04452792,1809.76013021,0.01998550,0.01998550,26534,81,0
7532.31713849,7532.31672197,1318.38517013,1318.39716921,0.05081798,1810.00459963,0.01998550,0.01998550,26533,81,0
7532.60069032,7532.60063454,1326.56782782,1326.56943632,0.04546348,1810.24726100,0.01998550,0.01998550,26532,81,0
7532.88462186,7532.88456850,1334.75842528,1334.75996535,0.04408127,1810.48930064,0.01998550,0.01998550,26531,81,0
7533.16851576,7533.16852386,1342.95686325,1342.95662941,0.04193217,1810.73035505,0.01998550,0.01998550,26530,81,0
7533.45202104,7533.45250062,1351.16314091,1351.14927594,0.04213009,1810.97012526,0.01998549,0.01998550,26529,81,0
7533.73639782,7533.73649878,1359.37756270,1359.37464103,0.05569402,1811.20968034,0.01998550,0.01998550,26528,81,0
7534.02035007,7534.02051835,1367.60049347,1367.59561904,0.04229507,1811.44793361,0.01998550,0.01998550,26527,81,0
7534.30422223,7534.30455933,1375.83230029,1375.82252566,0.03792381,1811.68518376,0.01998550,0.01998550,26526,81,0
7534.58872945,7534.58862172,1384.07327061,1384.07639750,0.03909605,1811.92203047,0.01998550,0.01998550,26525,81,0
7534.87339026,7534.87270553,1392.32325394,1392.34314900,0.05160748,1812.15806102,0.01998550,0.01998550,26524,81,0
7535.15676150,7535.15681075,1400.58195185,1400.58051948,0.04538553,1812.39207242,0.01998550,0.01998550,26523,81,0
7535.44086183,7535.44093739,1408.84906393,1408.84686450,0.04080147,1812.62572260,0.01998550,0.01998550,26522,81,0
7535.72530449,7535.72508545,1417.12431055,1417.13069266,0.04050361,1812.85867679,0.01998550,0.01998550,26521,81,0
7536.00975186,7536.00925493,1425.40761817,1425.42210981,0.04721641,1813.09065143,0.01998550,0.01998550,26520,81,0
7536.29333518,7536.29344584,1433.69902437,1433.69579436,0.04805052,1813.32094030,0.01998550,0.01998550,26519,81,0
7536.57807072,7536.57765817,1441.99856799,1442.01062055,0.03921022,1813.55117710,0.01998550,0.01998550,26518,81,0
7536.86159443,7536.86189194,1450.30630678,1450.29760698,0.05592196,1813.77944892,0.01998550,0.01998550,26517,81,0
7537.14553627,7537.14614714,1458.62259574,1458.60471491,0.04508470,1814.00707862,0.01998549,0.01998550,26516,81,0
7537.43083753,7537.43042378,1466.94802969,1466.96015360,0.04184632,1814.23482441,0.01998550,0.01998550,26515,81,0
7537.71433170,7537.71472185,1475.28321386,1475.27176880,0.03956231,1814.46017348,0.01998550,0.01998550,26514,81,0
7537.99900468,7537.99904136,1483.62873298,1483.62765543,0.05135997,1814.68551428,0.01998550,0.01998550,26513,81,0
7538.28352698,7538.28338232,1491.98447506,1491.98872827,0.04439776,1814.90978206,0.01998550,0.01998550,26512,81,0
7538.56802952,7538.56774472,1500.34953657,1500.35791858,0.05198582,1815.13305260,0.01998550,0.01998550,26511,81,0
7538.85198639,7538.85212857,1508.72296584,1508.71877755,0.04201488,1815.35488717,0.01998550,0.01998550,26510,81,0
7539.13604340,7539.13653387,1517.10381711,1517.08935861,0.03743089,1815.57576452,0.01998550,0.01998550,26509,81,0
7539.42074562,7539.42096062,1525.49182311,1525.48547981,0.04588327,1815.79609440,0.01998550,0.01998550,26508,81,0
7539.70502511,7539.70540883,1533.88775788,1533.87642661,0.04367001,1816.01506641,0.01998550,0.01998550,26507,81,0
7539.98993034,7539.98987849,1542.29248799,1542.29402053,0.05366687,1816.23350631,0.01998550,0.01998550,26506,81,0
7540.27429481,7540.27436961,1550.70688227,1550.70466839,0.03858397,1816.45053807,0.01998550,0.01998550,26505,81,0
7540.55933865,7540.55888220,1559.13139611,1559.14491909,0.04000644,1816.66709991,0.01998550,0.01998550,26504,81,0
7540.84297160,7540.84341625,1567.56566045,1567.55247314,0.04958900,1816.88159403,0.01998550,0.01998550,26503,81,0
7541.12787027,7541.12797177,1576.00920686,1576.00619378,0.04143443,1817.09602950,0.01998550,0.01998550,26502,81,0
7541.41288772,7541.41254875,1584.46156448,1584.47163715,0.04970150,1817.30951992,0.01998550,0.01998550,26501,81,0
7541.69698102,7541.69714721,1592.92247299,1592.91752981,0.04348572,1817.52127839,0.01998550,0.01998550,26500,81,0
7541.98148061,7541.98176714,1601.39219490,1601.38366407,0.04876371,1817.73230247,0.01998550,0.01998550,26499,81,0
7542.26662429,7542.26640855,1609.87107342,1609.87750328,0.03915706,1817.94276765,0.01998550,0.01998550,26498,81,0
7542.55046196,7542.55107144,1618.35945386,1618.34127015,0.04217644,1818.15124287,0.01998550,0.01998550,26497,81,0
7542.83622384,7542.83575581,1626.85755967,1626.87153827,0.04059793,1818.36009885,0.01998550,0.01998550,26496,81,0
7543.12009345,7543.12046166,1635.36525361,1635.35424484,0.04667312,1818.56653871,0.01998550,0.01998550,26495,81,0
7543.40538579,7543.40518900,1643.88233181,1643.88822142,0.03518150,1818.77296690,0.01998550,0.01998550,26494,81,0
7543.69035558,7543.68993783,1652.40858900,1652.42110411,0.04259105,1818.97810568,0.01998550,0.01998550,26493,81,0
7543.97499374,7543.97470815,1660.94391991,1660.95248427,0.03892667,1819.18194586,0.01998550,0.01998550,26492,81,0
7544.25910437,7544.25949996,1669.48855323,1669.47667809,0.04436291,1819.38435357,0.01998550,0.01998550,26491,81,0
7544.54423877,7544.54431327,1678.04278814,1678.04054946,0.03775277,1819.58643443,0.01998550,0.01998550,26490,81,0
7544.82912156,7544.82914808,1686.60692578,1686.60612806,0.04524705,1819.78728327,0.01998550,0.01998550,26489,81,0
7545.11363185,7545.11400439,1695.18115424,1695.16993470,0.03417472,1819.98681855,0.01998550,0.01998550,26488,81,0
7545.39853960,7545.39888220,1703.76525457,1703.75492578,0.05051000,1820.18557085,0.01998550,0.01998550,26487,81,0
7545.68369927,7545.68378152,1712.35891581,1712.35643358,0.05009508,1820.38342371,0.01998550,0.01998550,26486,81,0
7545.96858463,7545.96870234,1720.96182489,1720.95826890,0.04171392,1820.58000102,0.01998550,0.01998550,26485,81,0
7546.25372386,7546.25364468,1729.57378179,1729.57617625,0.04667354,1820.77565892,0.01998550,0.01998550,26484,81,0
7546.53862200,7546.53860853,1738.19500180,1738.19540945,0.05226838,1820.97005876,0.01998550,0.01998550,26483,81,0
7546.82353968,7546.82359389,1746.82579576,1746.82415293,0.03690126,1821.16338271,0.01998550,0.01998550,26482,81,0
7547.10823479,7547.10860078,1755.46647659,1755.45537462,0.04138027,1821.35547056,0.01998550,0.01998550,26481,81,0
7547.39380049,7547.39362918,1764.11728390,1764.12248610,0.05187853,1821.54705728,0.01998550,0.01998550,26480,81,0
7547.67882310,7547.67867911,1772.77819574,1772.78257311,0.03622476,1821.73718777,0.01998550,0.01998550,26479,81,0
7547.96404346,7547.96375056,1781.44913251,1781.45804628,0.04311951,1821.92635218,0.01998550,0.01998550,26478,81,0
7548.24912234,7548.24884354,1790.13001405,1790.13850789,0.04963069,1822.11431922,0.01998550,0.01998550,26477,81,0
7548.53415363,7548.53395805,1798.82076285,1798.82672764,0.03788342,1822.30114601,0.01998550,0.01998550,26476,81,0
7548.81909100,7548.81909409,1807.52131120,1807.52121668,0.04757554,1822.48679736,0.01998550,0.01998550,26475,81,0
7549.10410093,7549.10425167,1816.23159300,1816.22698599,0.05081308,1822.67137634,0.01998550,0.01998550,26474,81,0
7549.38876791,7549.38943079,1824.95154169,1824.93126252,0.03946141,1822.85460991,0.01998550,0.01998550,26473,81,0
7549.67471872,7549.67463144,1833.68115210,1833.68382479,0.04818800,1823.03753537,0.01998550,0.01998550,26472,81,0
7549.95948514,7549.95985364,1842.42059130,1842.40929413,0.04544210,1823.21857253,0.01998550,0.01998550,26471,81,0
7550.24523659,7550.24509738,1851.17005719,1851.17432945,0.05064723,1823.39910161,0.01998550,0.01998550,26470,81,0
7550.53045027,7550.53036267,1859.92974903,1859.93244044,0.03568220,1823.57815766,0.01998550,0.01998550,26469,81,0
7550.81572543,7550.81564951,1868.69987145,1868.70220665,0.04693606,1823.75611945,0.01998550,0.01998550,26468,81,0
7551.10075495,7551.10095790,1877.48063969,1877.47439001,0.04490403,1823.93279632,0.01998550,0.01998550,26467,81,0
7551.38674113,7551.38628785,1886.27227179,1886.28624663,0.04644847,1824.10892901,0.01998550,0.01998550,26466,81,0
7551.67179384,7551.67163935,1895.07498456,1895.07975313,0.05410496,1824.28335288,0.01998550,0.01998550,26465,81,0
7551.95697792,7551.95701242,1903.88873188,1903.88766588,0.03789809,1824.45671858,0.01998550,0.01998550,26464,81,0
7552.24284408,7552.24240704,1912.71298214,1912.72650226,0.04774059,1824.62934082,0.01998550,0.01998550,26463,81,0
7552.52754036,7552.52782323,1921.54714799,1921.53838837,0.04110926,1824.80008843,0.01998550,0.01998550,26462,81,0
7552.81312008,7552.81326099,1930.39064976,1930.38628211,0.04419014,1824.97017924,0.01998550,0.01998550,26461,81,0
7553.09893726,7553.09872031,1939.24345181,1939.25018328,0.04909066,1825.13921683,0.01998550,0.01998550,26460,81,0
7553.38447400,7553.38420121,1948.10628500,1948.11475864,0.05014746,1825.30690494,0.01998550,0.01998550,26459,81,0
7553.67009342,7553.66970368,1956.97994245,1956.99206334,0.03545686,1825.47346851,0.01998550,0.01998550,26458,81,0
7553.95512890,7553.95522773,1965.86519217,1965.86211495,0.05140429,1825.63853135,0.01998550,0.01998550,26457,81,0
7554.24078506,7554.24077335,1974.76207123,1974.76243615,0.04900173,1825.80278639,0.01998550,0.01998550,26456,81,0
7554.52669059,7554.52634056,1983.66986289,1983.68078734,0.04712503,1825.96599658,0.01998550,0.01998550,26455,81,0
7554.81183596,7554.81192935,1992.58781105,1992.58489326,0.04231612,1826.12757038,0.01998550,0.01998550,26454,81,0
7555.09787759,7555.09753973,2001.51520266,2001.52576824,0.04440939,1826.28842825,0.01998550,0.01998550,26453,81,0
7555.38321469,7555.38317170,2010.45197110,2010.45331710,0.04346997,1826.44766348,0.01998550,0.01998550,26452,81,0
7555.66927636,7555.66882525,2019.39851533,2019.41265119,0.04188888,1826.60607636,0.01998550,0.01998550,26451,81,0
7555.95486327,7555.95450041,2028.35524724,2028.36663014,0.04587811,1826.76300407,0.01998550,0.01998550,26450,81,0
7556.24065296,7556.24019715,2037.32258504,2037.33689970,0.04422237,1826.91882338,0.01998550,0.01998550,26449,81,0
7556.52613461,7556.52591550,2046.30097631,2046.30786561,0.04789062,1827.07325945,0.01998550,0.01998550,26448,81,0
7556.81166730,7556.81165545,2055.29088426,2055.29125735,0.04444091,1827.22651113,0.01998550,0.01998550,26447,81,0
7557.09755025,7557.09741700,2064.29277552,2064.29697575,0.04337240,1827.37873916,0.01998550,0.01998550,26446,81,0
7557.38329561,7557.38320016,2073.30700008,2073.31001266,0.04305701,1827.52968291,0.01998550,0.01998550,26445,81,0
7557.66878682,7557.66900492,2082.33336160,2082.32646899,0.04296216,1827.67927453,0.01998550,0.01998550,26444,81,0
7557.95476332,7557.95483130,2091.37150536,2091.36935465,0.04227380,1827.82788876,0.01998550,0.01998550,26443,81,0
7558.24081693,7558.24067929,2100.42107412,2100.42543411,0.04145991,1827.97529874,0.01998550,0.01998550,26442,81,0
7558.52637470,7558.52654889,2109.48178679,2109.47626248,0.04131685,1828.12120234,0.01998550,0.01998550,26441,81,0
7558.81254923,7558.81244012,2118.55356536,2118.55702968,0.04060476,1828.26616099,0.01998550,0.01998550,26440,81,0
7559.09877038,7559.09835296,2127.63636410,2127.64963191,0.03982604,1828.40987580,0.01998550,0.01998550,26439,81,0
7559.38437429,7559.38428743,2136.73013992,2136.73290402,0.04841176,1828.55201164,0.01998550,0.01998550,26438,81,0
7559.67028418,7559.67024352,2145.83500467,2145.83630015,0.04834661,1828.69302681,0.01998550,0.01998550,26437,81,0
7559.95562087,7559.95622124,2154.95129885,2154.93214882,0.05429047,1828.83248966,0.01998550,0.01998550,26436,81,0
7560.24267729,7560.24222059,2164.07938358,2164.09396876,0.05488562,1828.97151354,0.01998550,0.01998550,26435,81,0
7560.52831706,7560.52824158,2173.21960416,2173.22201768,0.04578986,1829.10857724,0.01998550,0.01998550,26434,81,0
7560.81446918,7560.81428420,2182.37200945,2182.37793197,0.04358352,1829.24460766,0.01998550,0.01998550,26433,81,0
7561.10077890,7561.10034845,2191.53640628,2191.55020449,0.04259315,1829.37942325,0.01998550,0.01998550,26432,81,0
7561.38616902,7561.38643435,2200.71259296,2200.70407753,0.04006479,1829.51251359,0.01998550,0.01998550,26431,81,0
7561.67208115,7561.67254189,2209.90036311,2209.88555857,0.05254573,1829.64454536,0.01998550,0.01998550,26430,81,0
7561.95923728,7561.95867108,2219.09948744,2219.11770145,0.04760709,1829.77583133,0.01998550,0.01998550,26429,81,0
7562.24498056,7562.24482191,2228.30972598,2228.31483524,0.04060790,1829.90514941,0.01998550,0.01998550,26428,81,0
7562.53102078,7562.53099439,2237.53083690,2237.53168742,0.04183889,1830.03327273,0.01998550,0.01998550,26427,81,0
7562.81595853,7562.81718853,2246.76274477,2246.72304581,0.03879828,1830.15957414,0.01998550,0.01998550,26426,81,0
7563.10277089,7563.10340432,2256.00589374,2255.98542551,0.04783418,1830.28536891,0.01998550,0.01998550,26425,81,0
7563.38994138,7563.38964177,2265.26083160,2265.27052492,0.04610376,1830.40997844,0.01998550,0.01998550,26424,81,0
7563.67624063,7563.67590088,2274.52810494,2274.53911096,0.04192598,1830.53287465,0.01998550,0.01998550,26423,81,0
7563.96176196,7563.96218165,2283.80800890,2283.79439602,0.04448190,1830.65410728,0.01998550,0.01998550,26422,81,0
7564.24795445,7564.24848408,2293.10047783,2293.08327669,0.04806621,1830.77428567,0.01998550,0.01998550,26421,81,0
7564.53481524,7564.53480818,2302.40541788,2302.40564740,0.04085759,1830.89339218,0.01998550,0.01998550,26420,81,0
7564.82114924,7564.82115396,2311.72272398,2311.72257045,0.04217196,1831.01092247,0.01998550,0.01998550,26419,81,0
7565.10733051,7565.10752140,2321.05216813,2321.04594534,0.05172239,1831.12702634,0.01998550,0.01998550,26418,81,0
7565.39333771,7565.39391052,2330.39344113,2330.37474668,0.03912736,1831.24168809,0.01998550,0.01998550,26417,81,0
7565.68044772,7565.68032132,2339.74622996,2339.75035988,0.04799153,1831.35540363,0.01998550,0.01998550,26416,81,0
7565.96692417,7565.96675379,2349.11039461,2349.11596806,0.04878017,1831.46747480,0.01998550,0.01998550,26415,81,0
7566.25340807,7566.25320795,2358.48654082,2358.49309509,0.03911303,1831.57815872,0.01998550,0.01998550,26414,81,0
7566.53942729,7566.53968379,2367.87547761,2367.86706522,0.05079350,1831.68728007,0.01998550,0.01998550,26413,81,0
7566.82645734,7566.82618132,2377.27801306,2377.28707807,0.04190623,1831.79540101,0.01998550,0.01998550,26412,81,0
7567.11287302,7567.11270054,2386.69444900,2386.70012128,0.05462407,1831.90190346,0.01998550,0.01998550,26411,81,0
7567.39971870,7567.39924145,2396.12425023,2396.13996631,0.04286513,1832.00716456,0.01998550,0.01998550,26410,81,0
7567.68646006,7567.68580406,2405.56679944,2405.58842882,0.03733381,1832.11097277,0.01998550,0.01998550,26409,81,0
7567.97251771,7567.97238836,2415.02151502,2415.02578506,0.04708398,1832.21311194,0.01998550,0.01998550,26408,81,0
7568.25866661,7568.25899436,2424.48828837,2424.47745615,0.04080902,1832.31385632,0.01998550,0.01998550,26407,81,0
7568.54568236,7568.54562206,2433.96732040,2433.96931569,0.05060202,1832.41346820,0.01998550,0.01998550,26406,81,0
7568.83280785,7568.83227147,2443.45881885,2443.47659064,0.04297096,1832.51167377,0.01998550,0.01998550,26405,81,0
7569.11885847,7569.11894258,2452.96306546,2452.96027486,0.04457477,1832.60807206,0.01998550,0.01998550,26404,81,0
7569.40529480,7569.40563541,2462.48060641,2462.46929134,0.03911299,1832.70315984,0.01998550,0.01998550,26403,81,0
7569.69247419,7569.69234994,2472.01205166,2472.01618495,0.05232811,1832.79704681,0.01998550,0.01998550,26402,81,0
7569.97893547,7569.97908619,2481.55799563,2481.55297412,0.03804464,1832.88925412,0.01998550,0.01998550,26401,81,0
7570.26577724,7570.26584415,2491.11833068,2491.11609839,0.04770798,1832.98012995,0.01998550,0.01998550,26400,81,0
7570.55251211,7570.55262384,2500.69207649,2500.68834428,0.04994906,1833.06950181,0.01998550,0.01998550,26399,81,0
7570.83973694,7570.83942524,2510.27819083,2510.28861513,0.04261903,1833.15753683,0.01998550,0.01998550,26398,81,0
7571.12609884,7571.12624837,2519.87579988,2519.87079356,0.05120766,1833.24380954,0.01998550,0.01998550,26397,81,0
7571.41321973,7571.41309323,2529.48523329,2529.48947361,0.05785770,1833.32880675,0.01998550,0.01998550,26396,81,0
7571.69983606,7571.69995981,2539.10732973,2539.10317599,0.04437023,1833.41215395,0.01998550,0.01998550,26395,81,0
7571.98623299,7571.98684813,2548.74293366,2548.72225894,0.05152989,1833.49394074,0.01998550,0.01998550,26394,81,0
7572.27365194,7572.27375818,2558.39253672,2558.38896110,0.03879392,1833.57451283,0.01998550,0.01998550,26393,81,0
7572.56043267,7572.56068997,2568.05593011,2568.04725922,0.04607426,1833.65339330,0.01998550,0.01998550,26392,81,0
7572.84788515,7572.84764349,2577.73282149,2577.74097631,0.04463995,1833.73093315,0.01998550,0.01998550,26391,81,0
7573.13443913,7573.13461876,2587.42294519,2587.41687589,0.03588620,1833.80670199,0.01998550,0.01998550,26390,81,0
7573.42177576,7573.42161577,2597.12634898,2597.13176197,0.04961082,1833.88113916,0.01998550,0.01998550,26389,81,0
7573.70888388,7573.70863452,2606.84327371,2606.85172144,0.04667984,1833.95397356,0.01998550,0.01998550,26388,81,0
7573.99585723,7573.99567503,2616.57396497,2616.58014599,0.03731447,1834.02522705,0.01998550,0.01998550,26387,81,0
7574.28229259,7574.28273728,2626.31867765,2626.30357150,0.05434843,1834.09480003,0.01998550,0.01998550,26386,81,0
7574.56960813,7574.56982129,2636.07768775,2636.07043651,0.04632990,1834.16302918,0.01998550,0.01998550,26385,81,0
7574.85672296,7574.85692706,2645.85127659,2645.84432398,0.04579214,1834.22964716,0.01998550,0.01998550,26384,81,0
7575.14393668,7575.14405458,2655.63970690,2655.63568488,0.05199805,1834.29471881,0.01998550,0.01998550,26383,81,0
7575.43154983,7575.43120386,2665.44295555,2665.45477527,0.05230433,1834.35830064,0.01998550,0.01998550,26382,81,0
7575.71884654,7575.71837491,2675.26078947,2675.27692466,0.03955272,1834.42022486,0.01998550,0.01998550,26381,81,0
7576.00519299,7576.00556773,2685.09296890,2685.08013104,0.05071328,1834.48035672,0.01998550,0.01998550,26380,81,0
7576.29249745,7576.29278231,2694.93937720,2694.92960492,0.04440613,1834.53908905,0.01998550,0.01998550,26379,81,0
7576.58007900,7576.58001866,2704.80025304,2704.80232610,0.04630407,1834.59626662,0.01998550,0.01998550,26378,81,0
7576.86714061,7576.86727679,2714.67589999,2714.67121505,0.05801941,1834.65172744,0.01998550,0.01998550,26377,81,0
7577.15486246,7577.15455669,2724.56659021,2724.57712514,0.04543542,1834.70569240,0.01998550,0.01998550,26376,81,0
7577.44217147,7577.44185837,2734.47214026,2734.48294262,0.05106073,1834.75794964,0.01998550,0.01998550,26375,81,0
7577.72921065,7577.72918183,2744.39203630,2744.39303195,0.03610993,1834.80852095,0.01998550,0.01998550,26374,81,0
7578.01615414,7578.01652708,2754.32575343,2754.31285245,0.05347705,1834.85743042,0.01998550,0.01998550,26373,81,0
7578.30405194,7578.30389411,2764.27308753,2764.27855464,0.03856988,1834.90484172,0.01998550,0.01998550,26372,81,0
7578.59140077,7578.59128293,2774.23465551,2774.23874321,0.04709285,1834.95049970,0.01998550,0.01998550,26371,81,0
7578.87845253,7578.87869354,2784.21120769,2784.20283565,0.04702921,1834.99444779,0.01998550,0.01998550,26370,81,0
7579.16563521,7579.16612594,2794.20344638,2794.18637409,0.04441101,1835.03674831,0.01998550,0.01998550,26369,81,0
7579.45303814,7579.45358014,2804.21152165,2804.19263731,0.04821148,1835.07740398,0.01998550,0.01998550,26368,81,0
7579.74090759,7579.74105613,2814.23525795,2814.23007483,0.04578779,1835.11643488,0.01998550,0.01998550,26367,81,0
7580.02875076,7580.02855393,2824.27447443,2824.28135256,0.05422089,1835.15376166,0.01998550,0.01998550,26366,81,0
7580.31556939,7580.31607353,2834.32904003,2834.31139754,0.04398263,1835.18925583,0.01998550,0.01998550,26365,81,0
7580.60335934,7580.60361493,2844.39891786,2844.38996027,0.05191408,1835.22315687,0.01998550,0.01998550,26364,81,0
7580.89075798,7580.89117815,2854.48408087,2854.46933465,0.04840489,1835.25529119,0.01998550,0.01998550,26363,81,0
7581.17843903,7581.17876317,2864.58447964,2864.57308737,0.04845919,1835.28572709,0.01998550,0.01998550,26362,81,0
7581.46664290,7581.46637001,2874.69992546,2874.70952990,0.04702964,1835.31447436,0.01998551,0.01998550,26361,81,0
7581.75404690,7581.75399866,2884.83017391,2884.83187401,0.03978130,1835.34139521,0.01998550,0.01998550,26360,81,0
7582.04114001,7582.04164913,2894.97499353,2894.95702589,0.04436505,1835.36653739,0.01998550,0.01998550,26359,81,0
7582.32934139,7582.32932142,2905.13460325,2905.13530906,0.05026520,1835.39001086,0.01998550,0.01998550,26358,81,0
7582.61706167,7582.61701553,2915.30973866,2915.31137148,0.04760046,1835.41167423,0.01998550,0.01998550,26357,81,0
7582.90471879,7582.90473147,2925.50116989,2925.50072017,0.05094555,1835.43155739,0.01998550,0.01998550,26356,81,0
7583.19181202,7583.19246924,2935.70940391,2935.68606931,0.04835712,1835.44962393,0.01998550,0.01998550,26355,81,0
7583.48004277,7583.48022884,2945.93407257,2945.92745626,0.04314956,1835.46596626,0.01998550,0.01998550,26354,81,0
7583.76828032,7583.76801027,2956.17462546,2956.18424195,0.04408551,1835.48050021,0.01998550,0.01998550,26353,81,0
7584.05567829,7584.05581353,2966.43057879,2966.42575599,0.05064974,1835.49318208,0.01998550,0.01998550,26352,81,0
7584.34371237,7584.34363864,2976.70217418,2976.70480730,0.04745945,1835.50407107,0.01998550,0.01998550,26351,81,0
7584.63160163,7584.63148558,2986.99008053,2986.99423144,0.04552602,1835.51312534,0.01998550,0.01998550,26350,81,0
7584.91946148,7584.91935437,2997.29497119,2997.29880858,0.05056284,1835.52034198,0.01998550,0.01998550,26349,81,0
7585.20743051,7585.20724500,3007.61717293,3007.62382973,0.04545150,1835.52571488,0.01998550,0.01998550,26348,81,0
7585.49523781,7585.49515748,3017.95650402,3017.95939113,0.04486510,1835.52923031,0.01998550,0.01998550,26347,81,0
7585.78290549,7585.78309181,3028.31274076,3028.30603412,0.05028788,1835.53088236,0.01998550,0.01998550,26346,81,0
7586.07092781,7586.07104799,3038.68576466,3038.68143196,0.04361441,1835.53066284,0.01998550,0.01998550,26345,81,0
7586.35878173,7586.35902603,3049.07584910,3049.06702794,0.04511681,1835.52856133,0.01998550,0.01998550,26344,81,0
7586.64697815,7586.64702592,3059.48335976,3059.48163189,0.05293133,1835.52456311,0.01998550,0.01998550,26343,81,0
7586.93457184,7586.93504768,3069.90858357,3069.89134639,0.04379388,1835.51867440,0.01998550,0.01998550,26342,81,0
7587.22291107,7587.22309130,3080.35101694,3080.34447842,0.05247940,1835.51085710,0.01998550,0.01998550,26341,81,0
7587.51171953,7587.51115678,3090.80970687,3090.83015294,0.03887894,1835.50109830,0.01998551,0.01998550,26340,81,0
7587.79924209,7587.79924413,3101.28371633,3101.28364204,0.05088916,1835.48945791,0.01998551,0.01998550,26339,81,0
7588.08760063,7588.08735335,3111.77311586,3111.78212541,0.03542810,1835.47584619,0.01998551,0.01998550,26338,81,0
7588.37526495,7588.37548444,3122.27921038,3122.27120052,0.03956868,1835.46032367,0.01998550,0.01998550,26337,81,0
7588.66315718,7588.66363741,3132.80339059,3132.78583607,0.05344898,1835.44283388,0.01998550,0.01998550,26336,81,0
7588.95198672,7588.95181226,3143.34652695,3143.35291516,0.05340547,1835.42331034,0.01998551,0.01998550,26335,81,0
7589.24001163,7589.24000899,3153.90812843,3153.90822551,0.04044561,1835.40186015,0.01998550,0.01998550,26334,81,0
7589.52831134,7589.52822759,3164.48748230,3164.49055879,0.05189496,1835.37840001,0.01998551,0.01998550,26333,81,0
7589.81648907,7589.81646809,3175.08402067,3175.08479247,0.05382721,1835.35295235,0.01998550,0.01998550,26332,81,0
7590.10491431,7590.10473047,3185.69801063,3185.70478509,0.04405683,1835.32547314,0.01998551,0.01998550,26331,81,0
7590.39321279,7590.39301474,3196.33001061,3196.33732081,0.05552406,1835.29598564,0.01998551,0.01998550,26330,81,0
7590.68129750,7590.68132091,3206.98053793,3206.97967238,0.04187702,1835.26449088,0.01998550,0.01998550,26329,81,0
7590.96928067,7590.96964897,3217.64954252,3217.63590352,0.05018003,1835.23096992,0.01998550,0.01998550,26328,81,0
7591.25825414,7591.25799892,3228.33659057,3228.34605697,0.04755310,1835.19527755,0.01998551,0.01998550,26327,81,0
7591.54661234,7591.54637078,3239.04125085,3239.05022472,0.03932388,1835.15759964,0.01998551,0.01998550,26326,81,0
7591.83450694,7591.83476454,3249.76354967,3249.75396471,0.04748980,1835.11791814,0.01998550,0.01998551,26325,81,0
7592.12291466,7592.12318020,3260.50406721,3260.49417029,0.04640433,1835.07608583,0.01998550,0.01998551,26324,81,0
7592.41189315,7592.41161778,3271.26342069,3271.27370153,0.04693802,1835.03206988,0.01998551,0.01998551,26323,81,0
7592.70003825,7592.70007726,3282.04201290,3282.04055423,0.04965200,1834.98607481,0.01998550,0.01998551,26322,81,0
7592.98890273,7592.98855865,3292.83979301,3292.85268260,0.04398681,1834.93784347,0.01998551,0.01998551,26321,81,0
7593.27742013,7593.27706196,3303.65665268,3303.67009274,0.04923333,1834.88753961,0.01998551,0.01998551,26320,81,0
7593.56546753,7593.56558719,3314.49249102,3314.48799343,0.05021201,1834.83518355,0.01998550,0.01998551,26319,81,0
7593.85378122,7593.85413434,3325.34723725,3325.33394247,0.05031761,1834.78063346,0.01998550,0.01998551,26318,81,0
7594.14255712,7594.14270341,3336.22082662,3336.21531003,0.05234525,1834.72383384,0.01998550,0.01998551,26317,81,0
7594.43103396,7594.43129440,3347.11327584,3347.10343777,0.05272085,1834.66492189,0.01998550,0.01998551,26316,81,0
7594.71951378,7594.71990732,3358.02508936,3358.01019736,0.04461856,1834.60382576,0.01998550,0.01998551,26315,81,0
7595.00831034,7595.00854217,3368.95695581,3368.94816732,0.05803336,1834.54046035,0.01998550,0.01998551,26314,81,0
7595.29769826,7595.29719896,3379.90949320,3379.92845537,0.05586165,1834.47473979,0.01998551,0.01998551,26313,81,0
7595.58587874,7595.58587768,3390.88257163,3390.88261216,0.05356839,1834.40706874,0.01998551,0.01998551,26312,81,0
7595.87477455,7595.87457833,3401.87563672,3401.88311457,0.04090547,1834.33699328,0.01998551,0.01998551,26311,81,0
7596.16258856,7596.16330093,3412.88815233,3412.86095821,0.04828860,1834.26494576,0.01998550,0.01998551,26310,81,0
7596.45224267,7596.45204547,3423.92003901,3423.92757957,0.04548049,1834.19017529,0.01998551,0.01998551,26309,81,0
7596.74121006,7596.74081196,3434.97158669,3434.98683595,0.05172476,1834.11330742,0.01998551,0.01998551,26308,81,0
7597.03005890,7597.02960039,3446.04309997,3446.06069380,0.04643880,1834.03418698,0.01998551,0.01998551,26307,81,0
7597.31839937,7597.31841077,3457.13492258,3457.13448435,0.03890648,1833.95291415,0.01998551,0.01998551,26306,81,0
7597.60707690,7597.60724310,3468.24744087,3468.24104051,0.04291582,1833.86923803,0.01998551,0.01998551,26305,81,0
7597.89585981,7597.89609739,3479.38104061,3479.37187502,0.04373296,1833.78320549,0.01998551,0.01998551,26304,81,0
7598.18465683,7598.18497364,3490.53580600,3490.52356179,0.04811341,1833.69482936,0.01998551,0.01998551,26303,81,0
7598.47422628,7598.47387185,3501.71139275,3501.72511574,0.05202962,1833.60385850,0.01998551,0.01998551,26302,81,0
7598.76288418,7598.76279202,3512.90742032,3512.91099498,0.05167147,1833.51081471,0.01998551,0.01998551,26301,81,0
7599.05205397,7599.05173415,3524.12349993,3524.13592526,0.05241006,1833.41523545,0.01998551,0.01998551,26300,81,0
7599.34055449,7599.34069825,3535.35923175,3535.35363725,0.04314660,1833.31750488,0.01998551,0.01998551,26299,81,0
7599.63018234,7599.62968432,3546.61421549,3546.63362732,0.05930586,1833.21700078,0.01998551,0.01998551,26298,81,0
7599.91891390,7599.91869237,3557.88880964,3557.89745951,0.05631023,1833.11440789,0.01998551,0.01998551,26297,81,0
7600.20800146,7600.20772239,3569.18495812,3569.19587581,0.04687113,1833.00925812,0.01998551,0.01998551,26296,81,0
7600.49653074,7600.49677438,3580.50481856,3580.49526684,0.04085844,1832.90185323,0.01998551,0.01998551,26295,81,0
7600.78576917,7600.78584836,3591.84935116,3591.84624036,0.04888224,1832.79169602,0.01998551,0.01998551,26294,81,0
7601.06600847,nan,0.00000000,3602.87658818,0.33690377,1832.68247793,0.01998548,0.01998551,26293,81,1
7601.36432212,7601.36406227,3614.60438551,3614.61462858,0.05525014,1832.56390028,0.01998551,0.01998551,26292,81,0
7601.65317429,7601.65320220,3626.01153138,3626.01042950,0.04671264,1832.44645911,0.01998551,0.01998551,26291,81,0
7601.94223174,7601.94236412,3637.44047779,3637.43524036,0.04328914,1832.32642328,0.01998551,0.01998551,26290,81,0
7602.23207541,7602.23154803,3648.89417408,3648.91508519,0.05323003,1832.20349348,0.01998551,0.01998551,26289,81,0
7602.52053238,7602.52075394,3660.37422661,3660.36542231,0.04644837,1832.07856681,0.01998551,0.01998551,26288,81,0
7602.80991686,7602.80998185,3671.87864891,3671.87606119,0.05308662,1831.95065359,0.01998551,0.01998551,26287,81,0
7603.09915244,7603.09923176,3683.40484878,3683.40168532,0.04199552,1831.82023403,0.01998551,0.01998551,26286,81,0
7603.38831344,7603.38850367,3694.95138306,3694.94378317,0.05105863,1831.68728118,0.01998551,0.01998551,26285,81,0
7603.67799592,7603.67779758,3706.51982055,3706.52775946,0.04601997,1831.55148409,0.01998551,0.01998551,26284,81,0
7603.96756437,7603.96711351,3718.11222455,3718.13030890,0.04366588,1831.41309692,0.01998551,0.01998551,26283,81,0
7604.25645301,7604.25645144,3729.72974115,3729.72980436,0.05250861,1831.27237234,0.01998551,0.01998551,26282,81,0
7604.54603736,7604.54581139,3741.37127882,3741.38037880,0.04365391,1831.12863833,0.01998551,0.01998551,26281,81,0
7604.83548294,7604.83519335,3753.03540711,3753.04709010,0.04895269,1830.98230471,0.01998551,0.01998551,26280,81,0
7605.12503285,7605.12459733,3764.72132130,3764.73892364,0.04962170,1830.83324550,0.01998551,0.01998551,26279,81,0
7605.41387566,7605.41402332,3776.42957119,3776.42359224,0.03476759,1830.68186621,0.01998551,0.01998551,26278,81,0
7605.70370523,7605.70347134,3788.16088532,3788.17037397,0.05133659,1830.52725174,0.01998551,0.01998551,26277,81,0
7605.99317455,7605.99294139,3799.91583566,3799.92531316,0.05084727,1830.37008985,0.01998551,0.01998551,26276,81,0
7606.28248519,7606.28243347,3811.69470404,3811.69681060,0.04787240,1830.21025997,0.01998551,0.01998551,26275,81,0
7606.57210597,7606.57194757,3823.49774210,3823.50420638,0.04292716,1830.04748254,0.01998551,0.01998551,26274,81,0
7606.86138329,7606.86148371,3835.32508201,3835.32097595,0.03915974,1829.88210849,0.01998551,0.01998551,26273,81,0
7607.15078339,7607.15104188,3847.17667900,3847.16608857,0.04417080,1829.71385993,0.01998551,0.01998551,26272,81,0
7607.44055668,7607.44062209,3859.05249749,3859.04981254,0.04841652,1829.54256936,0.01998551,0.01998551,26271,81,0
7607.73072056,7607.73022434,3870.95320633,3870.97361899,0.04641968,1829.36819016,0.01998551,0.01998551,26270,81,0
7608.02009549,7608.01984863,3882.88028282,3882.89046012,0.05013977,1829.19139930,0.01998551,0.01998551,26269,81,0
7608.30911845,7608.30949497,3894.83515805,3894.81960005,0.04629993,1829.01190867,0.01998551,0.01998551,26268,81,0
7608.59963409,7608.59916336,3906.81742083,3906.83691341,0.04821842,1828.82854412,0.01998551,0.01998551,26267,81,0
7608.88926466,7608.88885380,3918.82508263,3918.84212956,0.05105457,1828.64281075,0.01998551,0.01998551,26266,81,0
7609.17873752,7609.17856628,3930.85636690,3930.86348480,0.05126052,1828.45426980,0.01998551,0.01998551,26265,81,0
7609.46856101,7609.46830083,3942.91248736,3942.92332526,0.04170699,1828.26255267,0.01998551,0.01998551,26264,81,0
7609.75826169,7609.75805743,3954.99647458,3955.00500314,0.04323531,1828.06790402,0.01998551,0.01998551,26263,81,0
7610.04814716,7610.04783610,3967.11070037,3967.12371952,0.04246959,1827.87005936,0.01998551,0.01998551,26262,81,0
7610.33787324,7610.33763682,3979.25291714,3979.26283274,0.04929346,1827.66927119,0.01998551,0.01998551,26261,81,0
7610.62762526,7610.62745961,3991.41900347,3991.42596285,0.05342907,1827.46546461,0.01998551,0.01998551,26260,81,0
7610.91798219,7610.91730447,4003.60634420,4003.63486657,0.04643407,1827.25825177,0.01998551,0.01998551,26259,81,0
7611.20671316,7611.20717140,4015.81838438,4015.79905725,0.05124630,1827.04916737,0.01998551,0.01998551,26258,81,0
7611.49668196,7611.49706041,4028.06008736,4028.04408502,0.05490909,1826.83604095,0.01998551,0.01998551,26257,81,0
7611.78709423,7611.78697149,4040.33408769,4040.33929054,0.04826844,1826.61936273,0.01998551,0.01998551,26256,81,0
7612.07667861,7612.07690464,4052.63759336,4052.62799119,0.04204409,1826.40011662,0.01998551,0.01998551,26255,81,0
7612.36691828,7612.36685988,4064.96707036,4064.96955608,0.04458917,1826.17722746,0.01998551,0.01998551,26254,81,0
7612.65657852,7612.65683720,4077.32110134,4077.31006983,0.05158337,1825.95165118,0.01998551,0.01998551,26253,81,0
nan,nan,0.00000000,-1.00000000,0.00000000,1825.71686503,nan,0.00000000,-2147483648,81,1
nan,nan,0.00000000,-1.00000000,0.00000000,1824.68956121,nan,0.00000000,-2147483648,80,1
7577.15514732,7577.15455669,11.90800668,11.92265975,0.02841407,1825.05482995,0.01998550,0.01998550,26376,80,0
7577.44279843,7577.44185837,19.03821467,19.06155325,0.05247087,1825.43063635,0.01998551,0.01998550,26375,80,0
7577.72969421,7577.72918183,26.17405499,26.18678468,0.05582348,1825.80484092,0.01998550,0.01998550,26374,80,0
7578.01576515,7578.01652708,33.31561767,33.29667410,0.03475047,1826.17736079,0.01998550,0.01998550,26373,80,0
7578.30378612,7578.30389411,40.46296746,40.46028067,0.03880052,1826.55180714,0.01998550,0.01998550,26372,80,0
7578.59172332,7578.59128293,47.61596436,47.62692943,0.03644278,1826.92552057,0.01998550,0.01998550,26371,80,0
7578.87778491,7578.87869354,54.77436971,54.75173159,0.05692622,1827.29616751,0.01998550,0.01998550,26370,80,0
7579.16602403,7579.16612594,61.93794315,61.93540250,0.06296139,1827.66898418,0.01998550,0.01998550,26369,80,0
7579.45375845,7579.45358014,69.10644316,69.11089116,0.05721135,1828.04048131,0.01998550,0.01998550,26368,80,0
7579.74192033,7579.74105613,76.27970682,76.30127722,0.04199976,1828.41185253,0.01998551,0.01998550,26367,80,0
7580.02925191,7580.02855393,83.45791874,83.47535147,0.03679500,1828.78148617,0.01998551,0.01998550,26366,80,0
7580.31519817,7580.31607353,90.64135953,90.61948212,0.03582555,1829.14868850,0.01998550,0.01998550,26365,80,0
7580.60224187,7580.60361493,97.83031105,97.79597016,0.04996307,1829.51666128,0.01998550,0.01998550,26364,80,0
7580.89091879,7580.89117815,105.02505615,105.01856463,0.06435500,1829.88609477,0.01998550,0.01998550,26363,80,0
7581.17970473,7581.17876317,112.22578435,112.24936848,0.05036115,1830.25504033,0.01998551,0.01998550,26362,80,0
7581.46739833,7581.46637001,119.43246393,119.45824075,0.03514483,1830.62196261,0.01998551,0.01998550,26361,80,0
7581.75271596,7581.75399866,126.64503122,126.61285460,0.04143737,1830.98523049,0.01998550,0.01998550,26360,80,0
7582.04102610,7582.04164913,133.86342220,133.84778205,0.05606448,1831.35167181,0.01998550,0.01998550,26359,80,0
7582.32995788,7582.32932142,141.08757210,141.10356076,0.05555152,1831.71825582,0.01998551,0.01998550,26358,80,0
7582.61751978,7582.61701553,148.31739949,148.33007570,0.04224894,1832.08245214,0.01998551,0.01998550,26357,80,0
7582.90440073,7582.90473147,155.55280192,155.54448164,0.02970668,1832.44513308,0.01998550,0.01998550,26356,80,0
7583.19196752,7583.19246924,162.79367512,162.78104529,0.04428036,1832.80801940,0.01998550,0.01998550,26355,80,0
7583.48006244,7583.48022884,170.03991431,170.03572275,0.05512706,1833.17090069,0.01998550,0.01998550,26354,80,0
7583.76928359,7583.76801027,177.29143188,177.32352768,0.04999925,1833.53451823,0.01998551,0.01998550,26353,80,0
7584.05574074,7584.05581353,184.54835149,184.54651543,0.03922622,1833.89399115,0.01998550,0.01998550,26352,80,0
7584.34418766,7584.34363864,191.81093723,191.82479557,0.06157908,1834.25529882,0.01998551,0.01998550,26351,80,0
7584.63220725,7584.63148558,199.07945689,199.09768690,0.05448163,1834.61541947,0.01998551,0.01998550,26350,80,0
7584.92034414,7584.91935437,206.35417952,206.37920208,0.03834684,1834.97504631,0.01998551,0.01998550,26349,80,0
7585.20730552,7585.20724500,213.63530411,213.63683551,0.03756666,1835.33257678,0.01998550,0.01998550,26348,80,0
7585.49575961,7585.49515748,220.92267029,220.93791654,0.05800583,1835.69132400,0.01998551,0.01998550,26347,80,0
7585.78328474,7585.78309181,228.21600349,228.22089212,0.04455454,1836.04825864,0.01998550,0.01998550,26346,80,0
7586.07078824,7586.07104799,235.51502774,235.50844149,0.04007126,1836.40449476,0.01998550,0.01998550,26345,80,0
7586.35889580,7586.35902603,242.81946646,242.81616220,0.05542563,1836.76079010,0.01998550,0.01998550,26344,80,0
7586.64683950,7586.64702592,250.12918316,250.12444991,0.05930635,1837.11618485,0.01998550,0.01998550,26343,80,0
7586.93479847,7586.93504768,257.44435195,257.43802032,0.03844371,1837.47090722,0.01998550,0.01998550,26342,80,0
7587.22248332,7587.22309130,264.76518920,264.74973163,0.04912646,1837.82461014,0.01998550,0.01998550,26341,80,0
7587.51145264,7587.51115678,272.09191233,272.09944010,0.05644381,1838.17921473,0.01998550,0.01998550,26340,80,0
7587.79905434,7587.79924413,279.42473475,279.41990197,0.03896581,1838.53147497,0.01998550,0.01998550,26339,80,0
7588.08675394,7588.08735335,286.76375773,286.74848313,0.04654120,1838.88319293,0.01998550,0.01998550,26338,80,0
7588.37560856,7588.37548444,294.10897129,294.11213650,0.05438082,1839.23565387,0.01998550,0.01998550,26337,80,0
7588.66361037,7588.66363741,301.46036065,301.45967059,0.02907150,1839.58640386,0.01998550,0.01998550,26336,80,0
7588.95181623,7588.95181226,308.81791096,308.81801225,0.05289882,1839.93672933,0.01998550,0.01998550,26335,80,0
7589.24102958,7589.24000899,316.18161123,316.20769833,0.04893303,1840.28759991,0.01998551,0.01998550,26334,80,0
7589.52810021,7589.52822759,323.55147775,323.54821922,0.04581406,1840.63519631,0.01998550,0.01998550,26333,80,0
7589.81643585,7589.81646809,330.92753838,330.92671298,0.05954339,1840.98364694,0.01998550,0.01998550,26332,80,0
7590.10481661,7590.10473047,338.30982112,338.31202797,0.03615425,1841.33147203,0.01998550,0.01998550,26331,80,0
7590.39330094,7590.39301474,345.69835402,345.70569182,0.03741196,1841.67874059,0.01998550,0.01998550,26330,80,0
7590.68185987,7590.68132091,353.09312869,353.10695796,0.06534897,1842.02541447,0.01998551,0.01998550,26329,80,0
7590.96994709,7590.96964897,360.49404490,360.50170005,0.03634517,1842.37083177,0.01998551,0.01998550,26328,80,0
7591.25788700,7591.25799892,367.90098776,367.89811167,0.05814677,1842.71537615,0.01998550,0.01998550,26327,80,0
7591.54601746,7591.54637078,375.31384176,375.30475624,0.03924681,1843.05944420,0.01998550,0.01998550,26326,80,0
7591.83426512,7591.83476454,382.73249658,382.71964495,0.05771082,1843.40293996,0.01998550,0.01998551,26325,80,0
7592.12386396,7592.12318020,390.15696653,390.17457439,0.05367712,1843.74732704,0.01998551,0.01998551,26324,80,0
7592.41168288,7592.41161778,397.58738752,397.58906530,0.04092814,1844.08888770,0.01998551,0.01998551,26323,80,0
7592.69997892,7592.70007726,405.02390110,405.02136499,0.05246578,1844.43030958,0.01998550,0.01998551,26322,80,0
7592.98809484,7592.98855865,412.46664954,412.45467862,0.03541582,1844.77081749,0.01998550,0.01998551,26321,80,0
7593.27684968,7593.27706196,419.91575680,419.91027361,0.05523184,1845.11138114,0.01998550,0.01998551,26320,80,0
7593.56579114,7593.56558719,427.37123898,427.37651111,0.04345415,1845.45146245,0.01998551,0.01998551,26319,80,0
7593.85440664,7593.85413434,434.83307383,434.84011846,0.05348724,1845.79045532,0.01998551,0.01998551,26318,80,0
7594.14313859,7594.14270341,442.30123893,442.31250573,0.04248619,1846.12887675,0.01998551,0.01998551,26317,80,0
7594.43078245,7594.43129440,449.77571184,449.76244728,0.05203984,1846.46531521,0.01998550,0.01998551,26316,80,0
7594.72035082,7594.71990732,457.25647955,457.26797926,0.04444906,1846.80328833,0.01998551,0.01998551,26315,80,0
7595.00815019,7595.00854217,464.74354653,464.73337487,0.04360335,1847.13848251,0.01998551,0.01998551,26314,80,0
7595.29789238,7595.29719896,472.23691917,472.25492703,0.03827895,1847.47521815,0.01998551,0.01998551,26313,80,0
7595.58596773,7595.58587768,479.73660383,479.73894422,0.04633895,1847.80929706,0.01998551,0.01998551,26312,80,0
7595.87510385,7595.87457833,487.24259821,487.25626639,0.04436949,1848.14388231,0.01998551,0.01998551,26311,80,0
7596.16381641,7596.16330093,494.75480274,494.76821992,0.05009529,1848.47724709,0.01998551,0.01998551,26310,80,0
7596.45255310,7596.45204547,502.27305633,502.28627869,0.03913460,1848.80990045,0.01998551,0.01998551,26309,80,0
7596.74063230,7596.74081196,509.79719613,509.79251335,0.04593824,1849.14105017,0.01998551,0.01998551,26308,80,0
7597.03022586,7597.02960039,517.32705857,517.34337248,0.03549733,1849.47318013,0.01998551,0.01998551,26307,80,0
7597.31890941,7597.31841077,524.86262342,524.87563854,0.06082981,1849.80350453,0.01998551,0.01998551,26306,80,0
7597.60743437,7597.60724310,532.40429688,532.40929298,0.03594216,1850.13290303,0.01998551,0.01998551,26305,80,0
7597.89604213,7597.89609739,539.95256573,539.95112113,0.05427229,1850.46167041,0.01998551,0.01998551,26304,80,0
7598.18470257,7598.18497364,547.50791922,547.50082642,0.03768354,1850.78979059,0.01998551,0.01998551,26303,80,0
7598.47385216,7598.47387185,555.07082037,555.07030472,0.05540913,1851.11777512,0.01998551,0.01998551,26302,80,0
7598.76302638,7598.76279202,562.64119147,562.64733491,0.03446066,1851.44508906,0.01998551,0.01998551,26301,80,0
7599.05204087,7599.05173415,570.21846932,570.22651584,0.05016140,1851.77149716,0.01998551,0.01998551,26300,80,0
7599.34055163,7599.34069825,577.80207079,577.79822144,0.04967301,1852.09658592,0.01998551,0.01998551,26299,80,0
7599.63001010,7599.62968432,585.39140969,585.39996779,0.03055919,1852.42196159,0.01998551,0.01998551,26298,80,0
7599.91922509,7599.91869237,592.98609281,593.00009651,0.05016522,1852.74626347,0.01998551,0.01998551,26297,80,0
7600.20751338,7600.20772239,600.58650206,600.58100397,0.03566437,1853.06874454,0.01998551,0.01998551,26296,80,0
7600.49619327,7600.49677438,608.19321392,608.17791509,0.05427344,1853.39090384,0.01998551,0.01998551,26295,80,0
7600.78609167,7600.78584836,615.80680784,615.81321881,0.05003608,1853.71368002,0.01998551,0.01998551,26294,80,0
7601.07509760,7601.07494432,623.42784623,623.43188881,0.03392182,1854.03474254,0.01998551,0.01998551,26293,80,0
7601.36426760,7601.36406227,631.05638749,631.06180762,0.05509178,1854.35526750,0.01998551,0.01998551,26292,80,0
7601.65331353,7601.65320220,638.69195637,638.69489748,0.05026429,1854.67491267,0.01998551,0.01998551,26291,80,0
7601.94277121,7601.94236412,646.33404973,646.34481247,0.03639661,1854.99424586,0.01998551,0.01998551,26290,80,0
7602.23183485,7602.23154803,653.98216178,653.98974983,0.05616508,1855.31235456,0.01998551,0.01998551,26289,80,0
7602.52022243,7602.52075394,661.63595231,661.62188111,0.04962898,1855.62891658,0.01998551,0.01998551,26288,80,0
7602.80989055,7602.80998185,669.29580450,669.29338546,0.04242236,1855.94609088,0.01998551,0.01998551,26287,80,0
7603.09883301,7603.09923176,676.96229877,676.95172554,0.05379657,1856.26170009,0.01998551,0.01998551,26286,80,0
7603.38910578,7603.38850367,684.63601862,684.65199855,0.04924109,1856.57800906,0.01998551,0.01998551,26285,80,0
7603.67793769,7603.67779758,692.31752842,692.32125042,0.03972021,1856.89201882,0.01998551,0.01998551,26284,80,0
7603.96717762,7603.96711351,700.00685496,700.00855965,0.04780792,1857.20574144,0.01998551,0.01998551,26283,80,0
7604.25578167,7604.25645144,707.70346725,707.68564360,0.04620525,1857.51802112,0.01998551,0.01998551,26282,80,0
7604.54628609,7604.54581139,715.40680581,715.41944808,0.03314386,1857.83157167,0.01998551,0.01998551,26281,80,0
7604.83555908,7604.83519335,723.11630817,723.12605515,0.04840897,1858.14298487,0.01998551,0.01998551,26280,80,0
7605.12466373,7605.12459733,730.83159280,730.83336366,0.04816727,1858.45339340,0.01998551,0.01998551,26279,80,0
7605.41369244,7605.41402332,738.55297251,738.54414172,0.03500418,1858.76290791,0.01998551,0.01998551,26278,80,0
7605.70442123,7605.70347134,746.28092653,746.30629793,0.05066126,1859.07344042,0.01998551,0.01998551,26277,80,0
7605.99280116,7605.99294139,754.01593666,754.01218777,0.05054041,1859.38068549,0.01998551,0.01998551,26276,80,0
7606.28206729,7606.28243347,761.75846567,761.74866773,0.04768435,1859.68811139,0.01998551,0.01998551,26275,80,0
7606.57182177,7606.57194757,769.50860947,769.50524047,0.03850442,1859.99529076,0.01998551,0.01998551,26274,80,0
7606.86205216,7606.86148371,777.26615396,777.28139118,0.04959793,1860.30219518,0.01998551,0.01998551,26273,80,0
7607.15135237,7607.15104188,785.03087423,785.03920382,0.05345395,1860.60732796,0.01998551,0.01998551,26272,80,0
7607.44075066,7607.44062209,792.80254425,792.80599624,0.05078232,1860.91176547,0.01998551,0.01998551,26271,80,0
7607.73078981,7607.73022434,800.58101995,800.59621422,0.04825607,1861.21606736,0.01998551,0.01998551,26270,80,0
7608.01999013,7608.01984863,808.36638139,808.37018657,0.03460050,1861.51868256,0.01998551,0.01998551,26269,80,0
7608.30945897,7608.30949497,816.15874669,816.15777785,0.04944266,1861.82077411,0.01998551,0.01998551,26268,80,0
7608.59914086,7608.59916336,823.95823461,823.95762867,0.04766513,1862.12228403,0.01998551,0.01998551,26267,80,0
7608.88948698,7608.88885380,831.76495623,831.78202678,0.04672969,1862.42367982,0.01998551,0.01998551,26266,80,0
7609.17886373,7609.17856628,839.57894243,839.58696846,0.03441139,1862.72326543,0.01998551,0.01998551,26265,80,0
7609.46822544,7609.46830083,847.40017858,847.39814263,0.05109441,1863.02202958,0.01998551,0.01998551,26264,80,0
7609.75829558,7609.75805743,855.22864945,855.23508630,0.04666660,1863.32071302,0.01998551,0.01998551,26263,80,0
7610.04827153,7610.04783610,863.06434124,863.07612040,0.04859674,1863.61848342,0.01998551,0.01998551,26262,80,0
7610.33741462,7610.33763682,870.90734490,870.90132868,0.04465888,1863.91458682,0.01998551,0.01998551,26261,80,0
7610.62733327,7610.62745961,878.75792142,878.75449744,0.04796111,1864.21067762,0.01998551,0.01998551,26260,80,0
7610.91763275,7610.91730447,886.61634869,886.62525333,0.04501824,1864.50635538,0.01998551,0.01998551,26259,80,0
7611.20774176,7611.20717140,894.48290609,894.49839222,0.04910961,1864.80104483,0.01998551,0.01998551,26258,80,0
7611.49712334,7611.49706041,902.35775672,902.35946707,0.03868689,1865.09420722,0.01998551,0.01998551,26257,80,0
7611.78699358,7611.78697149,910.24049396,910.24109488,0.04930321,1865.38705720,0.01998551,0.01998551,26256,80,0
7612.07666700,7612.07690464,918.13053649,918.12406676,0.04766340,1865.67887653,0.01998551,0.01998551,26255,80,0
7612.36708461,7612.36685988,926.02729964,926.03342213,0.04630850,1865.97058645,0.01998551,0.01998551,26254,80,0
7612.65643078,7612.65683720,933.93023351,933.91915329,0.04661739,1866.26034203,0.01998551,0.01998551,26253,80,0
7612.94686790,7612.94683661,941.83941889,941.84027275,0.04496507,1866.55030922,0.01998551,0.01998551,26252,80,0
7613.23659008,7613.23685810,949.75546051,949.74814203,0.05375132,1866.83870296,0.01998551,0.01998551,26251,80,0
7613.52684121,7613.52690169,957.67898219,957.67732939,0.04761362,1867.12678227,0.01998551,0.01998551,26250,80,0
7613.81654358,7613.81696736,965.61060903,965.59901527,0.04602284,1867.41349723,0.01998551,0.01998551,26249,80,0
7614.10693229,7614.10705514,973.55063524,973.54727128,0.04933319,1867.70007709,0.01998551,0.01998551,26248,80,0
7614.39721382,7614.39716501,981.49866604,981.50000377,0.04784215,1867.98571882,0.01998551,0.01998551,26247,80,0
7614.68711010,7614.68729698,989.45421897,989.44909244,0.02284040,1868.27013058,0.01998551,0.01998551,26246,80,0
7614.97730728,7614.97745106,997.41680882,997.41286165,0.04479980,1868.55396574,0.01998551,0.01998551,26245,80,0
7615.26770691,7615.26762724,1005.38605232,1005.38824127,0.05051718,1868.83710940,0.01998551,0.01998551,26244,80,0
7615.55793127,7615.55782553,1013.36213072,1013.36503826,0.03284166,1869.11919700,0.01998551,0.01998551,26243,80,0
7615.84756723,7615.84804593,1021.34541700,1021.33224340,0.04858616,1869.39984092,0.01998551,0.01998551,26242,80,0
7616.13829358,7616.13828845,1029.33628642,1029.33642787,0.04309033,1869.68067593,0.01998551,0.01998551,26241,80,0
7616.42907400,7616.42855308,1037.33509606,1037.34945779,0.05155148,1869.96070536,0.01998551,0.01998551,26240,80,0
7616.71843499,7616.71883982,1045.34188879,1045.33071757,0.05406967,1870.23851464,0.01998551,0.01998551,26239,80,0
7617.00866553,7617.00914869,1053.35645765,1053.34311296,0.05276224,1870.51629351,0.01998551,0.01998551,26238,80,0
7617.29933139,7617.29947969,1061.37858764,1061.37448841,0.05234361,1870.79361009,0.01998551,0.01998551,26237,80,0
7617.58955276,7617.58983281,1069.40806389,1069.40031633,0.04946411,1871.06961466,0.01998551,0.01998551,26236,80,0
7617.87974494,7617.88020805,1077.44477961,1077.43195662,0.05045930,1871.34469784,0.01998551,0.01998551,26235,80,0
7618.17053630,7618.17060543,1085.48881398,1085.48689802,0.05108503,1871.61945253,0.01998551,0.01998551,26234,80,0
7618.46131130,7618.46102495,1093.54026487,1093.54820686,0.05259844,1871.89329489,0.01998551,0.01998551,26233,80,0
7618.75123633,7618.75146660,1101.59923068,1101.59283856,0.04567245,1872.16544428,0.01998551,0.01998551,26232,80,0
7619.04226185,7619.04193038,1109.66585931,1109.67506875,0.04208500,1872.43773246,0.01998551,0.01998551,26231,80,0
7619.33255334,7619.33241631,1117.74048225,1117.74429314,0.04473039,1872.70844941,0.01998551,0.01998551,26230,80,0
7619.62317037,7619.62292438,1125.82347556,1125.83032316,0.04568123,1872.97859450,0.01998551,0.01998551,26229,80,0
7619.91346310,7619.91345460,1133.91521750,1133.91545424,0.04062211,1873.24757290,0.01998551,0.01998551,26228,80,0
7620.20363527,7620.20400697,1142.01601550,1142.00564693,0.04266652,1873.51558205,0.01998551,0.01998551,26227,80,0
7620.49447423,7620.49458149,1150.12557612,1150.12258115,0.04708710,1873.78333344,0.01998551,0.01998551,26226,80,0
7620.78477403,7620.78517816,1158.24330713,1158.23201281,0.04884146,1874.04969341,0.01998551,0.01998551,26225,80,0
7621.07595934,7621.07579699,1166.36861069,1166.37315164,0.05178449,1874.31594473,0.01998551,0.01998551,26224,80,0
7621.36659439,7621.36643798,1174.50091588,1174.50529419,0.04913296,1874.58075142,0.01998551,0.01998551,26223,80,0
7621.65737364,7621.65710113,1182.64026909,1182.64790337,0.04369891,1874.84474693,0.01998551,0.01998551,26222,80,0
7621.94760632,7621.94778644,1190.78729594,1190.78224550,0.04914765,1875.10732346,0.01998551,0.01998551,26221,80,0
7622.23847457,7622.23849392,1198.94264790,1198.94210492,0.04176401,1875.36956790,0.01998551,0.01998551,26220,80,0
7622.52915838,7622.52922357,1207.10697515,1207.10514357,0.04079638,1875.63075627,0.01998551,0.01998551,26219,80,0
7622.81961501,7622.81997539,1215.28055120,1215.27041524,0.04504063,1875.89085715,0.01998551,0.01998551,26218,80,0
7623.11029074,7623.11074938,1223.46301496,1223.45010248,0.04828723,1876.15025507,0.01998551,0.01998551,26217,80,0
7623.40141181,7623.40154555,1231.65394263,1231.65017369,0.04679608,1876.40913192,0.01998551,0.01998551,26216,80,0
7623.69233914,7623.69236390,1239.85290797,1239.85220949,0.04004811,1876.66690141,0.01998551,0.01998551,26215,80,0
7623.98274640,7623.98320444,1248.05963226,1248.04670205,0.04395039,1876.92326597,0.01998551,0.01998551,26214,80,0
7624.27411666,7624.27406715,1256.27427943,1256.27567827,0.05220592,1877.17953464,0.01998551,0.01998551,26213,80,0
7624.56524899,7624.56495206,1264.49709622,1264.50549405,0.05000480,1877.43465213,0.01998551,0.01998551,26212,80,0
7624.85564167,7624.85585915,1272.72833080,1272.72217421,0.04677972,1877.68818787,0.01998551,0.01998551,26211,80,0
7625.14646338,7625.14678843,1280.96819112,1280.95898030,0.04369532,1877.94116671,0.01998551,0.01998551,26210,80,0
7625.43754075,7625.43773991,1289.21667091,1289.21102197,0.04013970,1878.19343088,0.01998551,0.01998551,26209,80,0
7625.72775008,7625.72871359,1297.47369447,1297.44633992,0.04882013,1878.44400371,0.01998551,0.01998551,26208,80,0
7626.01931298,7626.01970946,1305.73918560,1305.72791858,0.03971263,1878.69479528,0.01998551,0.01998551,26207,80,0
7626.31040205,7626.31072754,1314.01306590,1314.00380766,0.04504404,1878.94422365,0.01998551,0.01998551,26206,80,0
7626.60148647,7626.60176782,1322.29524159,1322.28723137,0.04439491,1879.19268701,0.01998551,0.01998551,26205,80,0
7626.89280527,7626.89283031,1330.58561060,1330.58489702,0.05251492,1879.44038186,0.01998551,0.01998551,26204,80,0
7627.18375496,7627.18391501,1338.88407010,1338.87950517,0.04650725,1879.68678940,0.01998551,0.01998551,26203,80,0
7627.47463877,7627.47502192,1347.19053359,1347.17959597,0.04500597,1879.93216283,0.01998551,0.01998551,26202,80,0
7627.76569405,7627.76615105,1355.50517199,1355.49211423,0.04294624,1880.17670360,0.01998551,0.01998551,26201,80,0
7628.05710755,7628.05730239,1363.82835787,1363.82278526,0.04575575,1880.42057354,0.01998551,0.01998551,26200,80,0
7628.34766996,7628.34847595,1372.16047137,1372.13739556,0.04494165,1880.66277065,0.01998551,0.01998551,26199,80,0
7628.63968649,7628.63967174,1380.50188345,1380.50230630,0.04860189,1880.90522056,0.01998551,0.01998551,26198,80,0
7628.93070042,7628.93088975,1388.85265085,1388.84721905,0.04203068,1881.14587916,0.01998551,0.01998551,26197,80,0
7629.22150566,7629.22212998,1397.21248214,1397.19455251,0.03951309,1881.38539684,0.01998551,0.01998551,26196,80,0
7629.51292646,7629.51339245,1405.58106612,1405.56767079,0.04731009,1881.62443789,0.01998551,0.01998551,26195,80,0
7629.80435199,7629.80467715,1413.95809211,1413.94873651,0.04229088,1881.86248574,0.01998551,0.01998551,26194,80,0
7630.09636254,7630.09598409,1422.34338290,1422.35428173,0.05046225,1882.10000289,0.01998551,0.01998551,26193,80,0
7630.38690238,7630.38731326,1430.73696214,1430.72511887,0.04370987,1882.33531912,0.01998551,0.01998551,26192,80,0
7630.67843019,7630.67866467,1439.13887008,1439.13210492,0.04023443,1882.57042605,0.01998551,0.01998551,26191,80,0
7630.96975458,7630.97003833,1447.54914870,1447.54095478,0.05043551,1882.80435657,0.01998551,0.01998551,26190,80,0
7631.26131639,7631.26143423,1455.96802355,1455.96461737,0.03897008,1883.03746728,0.01998551,0.01998551,26189,80,0
7631.55270964,7631.55285238,1464.39607739,1464.39194702,0.04852333,1883.26944573,0.01998551,0.01998551,26188,80,0
7631.84475283,7631.84429278,1472.83393751,1472.84726477,0.04081970,1883.50095446,0.01998551,0.01998551,26187,80,0
7632.13564366,7632.13575543,1481.28223384,1481.27899210,0.05042509,1883.73058030,0.01998551,0.01998551,26186,80,0
7632.42745806,7632.42724034,1489.74117339,1489.74749540,0.04215888,1883.95996437,0.01998551,0.01998551,26185,80,0
7632.71910910,7632.71874750,1498.20992881,1498.22043919,0.05676784,1884.18822175,0.01998551,0.01998551,26184,80,0
7633.01007390,7633.01027693,1506.68751341,1506.68160676,0.04416796,1884.41491722,0.01998551,0.01998551,26183,80,0
7633.30233593,7633.30182862,1515.17293453,1515.18770521,0.05251029,1884.64156281,0.01998551,0.01998551,26182,80,0
7633.59367750,7633.59340257,1523.66562179,1523.67363287,0.04106752,1884.86641843,0.01998551,0.01998551,26181,80,0
7633.88456567,7633.88499880,1532.16624525,1532.15361292,0.04063204,1885.08986677,0.01998551,0.01998551,26180,80,0
7634.17680972,7634.17661729,1540.67570363,1540.68132160,0.05126081,1885.31331299,0.01998551,0.01998551,26179,80,0
7634.46860263,7634.46825806,1549.19490141,1549.20497245,0.04188779,1885.53539051,0.01998551,0.01998551,26178,80,0
7634.75995911,7634.75992110,1557.72446873,1557.72558107,0.05299733,1885.75612740,0.01998551,0.01998551,26177,80,0
7635.05192949,7635.05160642,1566.26411292,1566.27357652,0.04453821,1885.97630657,0.01998551,0.01998551,26176,80,0
7635.34374133,7635.34331402,1574.81334803,1574.82587774,0.04063487,1886.19532650,0.01998551,0.01998551,26175,80,0
7635.63486341,7635.63504391,1583.37168486,1583.36638705,0.04894328,1886.41277663,0.01998551,0.01998551,26174,80,0
7635.92738461,7635.92679608,1591.93878869,1591.95607886,0.04063377,1886.63020113,0.01998551,0.01998551,26173,80,0
7636.21861398,7636.21857054,1600.51488771,1600.51616515,0.04351414,1886.84560136,0.01998551,0.01998551,26172,80,0
7636.51037733,7636.51036729,1609.10033809,1609.10063342,0.05306955,1887.06033704,0.01998551,0.01998551,26171,80,0
7636.80223561,7636.80218634,1617.69549832,1617.69695034,0.04429075,1887.27408658,0.01998551,0.01998551,26170,80,0
7637.09426036,7637.09402768,1626.30062553,1626.30748999,0.05023114,1887.48690321,0.01998551,0.01998551,26169,80,0
7637.38589350,7637.38589132,1634.91559677,1634.91566121,0.03808627,1887.69837425,0.01998551,0.01998551,26168,80,0
7637.67796424,7637.67777726,1643.54020037,1643.54572786,0.04337805,1887.90909144,0.01998551,0.01998551,26167,80,0
7637.96959690,7637.96968551,1652.17422323,1652.17160112,0.05378308,1888.11841383,0.01998551,0.01998551,26166,80,0
7638.26196034,7638.26161606,1660.81754801,1660.82774637,0.03759074,1888.32717195,0.01998551,0.01998551,26165,80,0
7638.55320440,7638.55356892,1669.47040558,1669.45959630,0.04526088,1888.53404853,0.01998551,0.01998551,26164,80,0
7638.84490842,7638.84554410,1678.13310663,1678.11423647,0.03585298,1888.74017241,0.01998551,0.01998551,26163,80,0
7639.13744618,7639.13754158,1686.80596385,1686.80312876,0.04710993,1888.94580377,0.01998551,0.01998551,26162,80,0
7639.42905547,7639.42956139,1695.48916475,1695.47411315,0.04700857,1889.14970452,0.01998551,0.01998551,26161,80,0
7639.72156816,7639.72160351,1704.18247550,1704.18142277,0.05251604,1889.35314586,0.01998551,0.01998551,26160,80,0
7640.01370173,7640.01366796,1712.88557304,1712.88657990,0.03758864,1889.55522108,0.01998551,0.01998551,26159,80,0
7640.30518555,7640.30575472,1721.59813223,1721.58114629,0.05058284,1889.75573723,0.01998551,0.01998551,26158,80,0
7640.59862767,7640.59786382,1730.31997183,1730.34279056,0.04833848,1889.95647273,0.01998551,0.01998551,26157,80,0
7640.88965080,7640.88999525,1739.05133586,1739.04103558,0.03943888,1890.15443748,0.01998551,0.01998551,26156,80,0
7641.18125804,7641.18214900,1747.79254732,1747.76587550,0.05205844,1890.35168807,0.01998551,0.01998551,26155,80,0
7641.47419906,7641.47432510,1756.54393105,1756.54015379,0.04426390,1890.54872371,0.01998551,0.01998551,26154,80,0
7641.76711218,7641.76652353,1765.30570623,1765.32336715,0.04591690,1890.74462158,0.01998551,0.01998551,26153,80,0
7642.05885309,7642.05874430,1774.07782995,1774.08109747,0.05085627,1890.93861785,0.01998551,0.01998551,26152,80,0
7642.35067086,7642.35098741,1782.86021946,1782.85070145,0.03677856,1891.13154319,0.01998551,0.01998551,26151,80,0
7642.64287306,7642.64325287,1791.65279143,1791.64135930,0.04534783,1891.32359208,0.01998551,0.01998551,26150,80,0
7642.93538573,7642.93554067,1800.45546704,1800.45079832,0.04471334,1891.51470580,0.01998551,0.01998551,26149,80,0
7643.22775868,7643.22785082,1809.26817684,1809.26539745,0.04811125,1891.70458341,0.01998551,0.01998551,26148,80,0
7643.52041127,7643.52018333,1818.09085207,1818.09773503,0.05458986,1891.89349067,0.01998551,0.01998551,26147,80,0
7643.81232529,7643.81253819,1826.92342526,1826.91698966,0.03484920,1892.08076734,0.01998551,0.01998551,26146,80,0
7644.10506603,7644.10491541,1835.76593193,1835.77048956,0.04546568,1892.26741361,0.01998551,0.01998551,26145,80,0
7644.39707542,7644.39731499,1844.61856373,1844.61130650,0.04387854,1892.45243526,0.01998551,0.01998551,26144,80,0
7644.68914750,7644.68973693,1853.48152652,1853.46365151,0.04109208,1892.63633930,0.01998551,0.01998551,26143,80,0
7644.98250908,7644.98218124,1862.35502778,1862.36498072,0.04314995,1892.81988994,0.01998551,0.01998551,26142,80,0
7645.27491098,7645.27464792,1871.23928331,1871.24727881,0.04714148,1893.00167781,0.01998551,0.01998551,26141,80,0
7645.56746671,7645.56713697,1880.13451800,1880.14455230,0.05100317,1893.18239989,0.01998551,0.01998551,26140,80,0
7645.86047828,7645.85964839,1889.04095871,1889.06624281,0.05258872,1893.36223889,0.01998551,0.01998551,26139,80,0
7646.15258064,7646.15218218,1897.95880513,1897.97095943,0.03549726,1893.54035879,0.01998551,0.01998551,26138,80,0
7646.44488686,7646.44473835,1906.88781289,1906.89234804,0.04521327,1893.71743275,0.01998551,0.01998551,26137,80,0
7646.73751124,7646.73731691,1915.82738436,1915.83332512,0.04903826,1893.89351027,0.01998551,0.01998551,26136,80,0
7647.02964347,7647.02991785,1924.77690805,1924.76851193,0.04700719,1894.06808844,0.01998551,0.01998551,26135,80,0
7647.32206246,7647.32254117,1933.73586539,1933.72120197,0.04562341,1894.24161968,0.01998551,0.01998551,26134,80,0
7647.61519955,7647.61518688,1942.70460801,1942.70499656,0.04850653,1894.41435637,0.01998551,0.01998551,26133,80,0
7647.90778816,7647.90785498,1951.68395183,1951.68190051,0.04777958,1894.58556235,0.01998551,0.01998551,26132,80,0
7648.20032201,7648.20054548,1960.67472278,1960.66785382,0.04576624,1894.75554120,0.01998551,0.01998551,26131,80,0
7648.49304573,7648.49325837,1969.67755107,1969.67100697,0.04889114,1894.92444100,0.01998551,0.01998551,26130,80,0
7648.78587247,7648.78599367,1978.69200765,1978.68827356,0.04170741,1895.09219659,0.01998551,0.01998551,26129,80,0
7649.07817706,7649.07875136,1987.71731070,1987.69959654,0.03972853,1895.25843297,0.01998551,0.01998551,26128,80,0
7649.37135087,7649.37153146,1996.75267263,1996.74709705,0.04749827,1895.42392014,0.01998551,0.01998551,26127,80,0
7649.66406359,7649.66433396,2005.79756552,2005.78920943,0.04770116,1895.58789065,0.01998551,0.01998551,26126,80,0
7649.95689727,7649.95715887,2014.85226181,2014.84416834,0.04895124,1895.75067348,0.01998551,0.01998551,26125,80,0
7650.25077199,7650.25000620,2023.91718768,2023.94090542,0.05611152,1895.91277592,0.01998552,0.01998551,26124,80,0
7650.54315048,7650.54287593,2032.99277255,2033.00128499,0.05160172,1896.07280441,0.01998551,0.01998551,26123,80,0
7650.83626993,7650.83576809,2042.07946412,2042.09504239,0.04871551,1896.23199140,0.01998551,0.01998551,26122,80,0
7651.12884190,7651.12868266,2051.17773931,2051.18268832,0.04509404,1896.38963927,0.01998551,0.01998551,26121,80,0
7651.42173455,7651.42161966,2060.28808105,2060.29165649,0.04413239,1896.54622038,0.01998551,0.01998551,26120,80,0
7651.71481735,7651.71457908,2069.41095608,2069.41838093,0.04456804,1896.70166425,0.01998551,0.01998551,26119,80,0
7652.00753417,7652.00756093,2078.54641479,2078.54558008,0.04005025,1896.85567229,0.01998551,0.01998551,26118,80,0
7652.30066899,7652.30056520,2087.69410598,2087.69734827,0.04154808,1897.00864519,0.01998551,0.01998551,26117,80,0
7652.59324444,7652.59359191,2096.85365961,2096.84279174,0.04600741,1897.16006228,0.01998551,0.01998551,26116,80,0
7652.88653796,7652.88664106,2106.02472645,2106.02149821,0.04926981,1897.31057265,0.01998551,0.01998551,26115,80,0
7653.17982189,7653.17971264,2115.20715678,2115.21058184,0.04397994,1897.45979071,0.01998551,0.01998551,26114,80,0
7653.47247879,7653.47280666,2124.40090246,2124.39061181,0.04368739,1897.60740067,0.01998551,0.01998551,26113,80,0
7653.76559343,7653.76592313,2133.60591575,2133.59555596,0.04291364,1897.75394501,0.01998551,0.01998551,26112,80,0
7654.05931136,7654.05906203,2142.82222071,2142.83006412,0.05479984,1897.89948479,0.01998551,0.01998551,26111,80,0
7654.35179645,7654.35222339,2152.05012142,2152.03667430,0.04784637,1898.04311406,0.01998551,0.01998551,26110,80,0
7654.64522407,7654.64540720,2161.28999197,2161.28421702,0.04164492,1898.18590357,0.01998551,0.01998551,26109,80,0
7654.93813556,7654.93861346,2170.54220701,2170.52711707,0.04165298,1898.32714098,0.01998551,0.01998551,26108,80,0
7655.23184442,7655.23184217,2179.80694529,2179.80701634,0.04797235,1898.46745490,0.01998551,0.01998551,26107,80,0
7655.52516850,7655.52509335,2189.08403519,2189.08641403,0.05221944,1898.60626959,0.01998551,0.01998551,26106,80,0
7655.81802079,7655.81836698,2198.37326771,2198.36229565,0.04429559,1898.74354101,0.01998551,0.01998551,26105,80,0
7656.11174083,7656.11166308,2207.67443106,2207.67689812,0.04094036,1898.87988579,0.01998551,0.01998551,26104,80,0
7656.40504431,7656.40498164,2216.98729364,2216.98928467,0.05324546,1899.01469598,0.01998551,0.01998551,26103,80,0
7656.69784362,7656.69832267,2226.31160710,2226.29637097,0.04030282,1899.14792883,0.01998551,0.01998551,26102,80,0
7656.99173183,7656.99168617,2235.64712064,2235.64857437,0.03868604,1899.28029650,0.01998551,0.01998551,26101,80,0
7657.28507905,7657.28507215,2244.99367571,2244.99389558,0.05192793,1899.41105383,0.01998551,0.01998551,26100,80,0
7657.57841211,7657.57848060,2254.35164820,2254.34946263,0.04383995,1899.54043975,0.01998551,0.01998551,26099,80,0
7657.87210487,7657.87191153,2263.72160589,2263.72778363,0.04565385,1899.66861929,0.01998552,0.01998551,26098,80,0
7658.16510279,7658.16536494,2273.10412014,2273.09573319,0.05236721,1899.79513679,0.01998551,0.01998551,26097,80,0
7658.45907145,7658.45884083,2282.49957105,2282.50695902,0.05309475,1899.92070885,0.01998552,0.01998551,26096,80,0
7658.75267412,7658.75233922,2291.90791722,2291.91865990,0.04970672,1900.04475378,0.01998552,0.01998551,26095,80,0
7659.04594689,7659.04586009,2301.32906130,2301.33184923,0.04316300,1900.16728456,0.01998551,0.01998551,26094,80,0
7659.33755835,7659.33940345,2310.76289878,2310.70356448,0.05963552,1900.28775180,0.01998551,0.01998551,26093,80,0
7659.63306916,7659.63296930,2320.20921092,2320.21242607,0.04067517,1900.40842820,0.01998552,0.01998551,26092,80,0
7659.92733088,7659.92655766,2329.66767875,2329.69260431,0.04725646,1900.52718270,0.01998552,0.01998551,26091,80,0
7660.22025904,7660.22016851,2339.13797738,2339.14089917,0.04087755,1900.64399021,0.01998552,0.01998551,26090,80,0
7660.51374311,7660.51380186,2348.61992819,2348.61803002,0.05134862,1900.75960225,0.01998551,0.01998551,26089,80,0
7660.80767238,7660.80745772,2358.11411922,2358.12106392,0.04476345,1900.87396965,0.01998552,0.01998551,26088,80,0
7661.10118060,7661.10113608,2367.62139015,2367.62283239,0.04243594,1900.98675948,0.01998551,0.01998551,26087,80,0
7661.39487939,7661.39483696,2377.14258110,2377.14395757,0.05078146,1901.09821217,0.01998551,0.01998551,26086,80,0
7661.68834976,7661.68856035,2386.67802461,2386.67118345,0.04453226,1901.20816634,0.01998551,0.01998551,26085,80,0
7661.98283230,7661.98230625,2396.22717141,2396.24428354,0.04516677,1901.31706826,0.01998552,0.01998551,26084,80,0
7662.27631782,7662.27607467,2405.78938042,2405.79730015,0.05151425,1901.42416132,0.01998552,0.01998551,26083,80,0
7662.56991616,7662.56986561,2415.36405302,2415.36570167,0.03983858,1901.52984439,0.01998552,0.01998551,26082,80,0
7662.86351719,7662.86367907,2424.95109342,2424.94580811,0.05118104,1901.63407021,0.01998551,0.01998551,26081,80,0
7663.15748367,7663.15751505,2434.55071151,2434.54968568,0.04002058,1901.73696132,0.01998551,0.01998551,26080,80,0
7663.45107805,7663.45137357,2444.16312316,2444.15345021,0.04738077,1901.83825607,0.01998551,0.01998551,26079,80,0
7663.74498864,7663.74525461,2453.78863783,2453.77992064,0.05462768,1901.93818961,0.01998551,0.01998551,26078,80,0
7664.03906269,7664.03915819,2463.42783588,2463.42470167,0.04105271,1902.03670616,0.01998551,0.01998551,26077,80,0
7664.33286110,7664.33308431,2473.08135112,2473.07401488,0.04467698,1902.13365940,0.01998551,0.01998551,26076,80,0
7664.62651634,7664.62703296,2482.74977804,2482.73277319,0.04948391,1902.22909528,0.01998551,0.01998551,26075,80,0
7664.92075916,7664.92100415,2492.43285372,2492.42477859,0.03805055,1902.32323841,0.01998551,0.01998552,26074,80,0
7665.21479217,7665.21499788,2502.12953162,2502.12274244,0.04462294,1902.41581397,0.01998552,0.01998552,26073,80,0
7665.50852985,7665.50901417,2511.83872812,2511.82272548,0.04676935,1902.50678247,0.01998551,0.01998552,26072,80,0
7665.80283076,7665.80305300,2521.55966633,2521.55231508,0.05063978,1902.59639478,0.01998552,0.01998552,26071,80,0
7666.09676352,7666.09711438,2531.29287508,2531.28125479,0.04092776,1902.68436504,0.01998552,0.01998552,26070,80,0
7666.39136916,7666.39119831,2541.03922831,2541.04489433,0.04574771,1902.77100442,0.01998552,0.01998552,26069,80,0
7666.68490795,7666.68530480,2550.79958858,2550.78640917,0.04800472,1902.85580560,0.01998551,0.01998552,26068,80,0
7666.97983606,7666.97943385,2560.57428852,2560.58766411,0.04839832,1902.93947182,0.01998552,0.01998552,26067,80,0
7667.27389554,7667.27358546,2570.36305855,2570.37338413,0.05197631,1903.02134944,0.01998552,0.01998552,26066,80,0
7667.56819811,7667.56775964,2580.16559442,2580.18021498,0.04480192,1903.10174376,0.01998552,0.01998552,26065,80,0
7667.86163628,7667.86195638,2589.98166672,2589.97097947,0.04582515,1903.18034887,0.01998551,0.01998552,26064,80,0
7668.15622406,7668.15617569,2599.81141623,2599.81303327,0.04766013,1903.25769668,0.01998552,0.01998552,26063,80,0
7668.45033883,7668.45041757,2609.65509636,2609.65246010,0.05001245,1903.33335122,0.01998552,0.01998552,26062,80,0
7668.74480182,7668.74468203,2619.51296312,2619.51697885,0.05421108,1903.40752000,0.01998552,0.01998552,26061,80,0
7669.03937435,7669.03896907,2629.38528811,2629.39889349,0.03633060,1903.48013442,0.01998552,0.01998552,26060,80,0
7669.33293298,7669.33327868,2639.27236089,2639.26073906,0.04937312,1903.55092000,0.01998551,0.01998552,26059,80,0
7669.62760174,7669.62761088,2649.17447435,2649.17416664,0.04534770,1903.62038309,0.01998551,0.01998552,26058,80,0
7669.92171315,7669.92196566,2659.09184329,2659.08332969,0.04807926,1903.68812037,0.01998551,0.01998552,26057,80,0
7670.21664168,7670.21634302,2669.02432280,2669.03440688,0.04553723,1903.75443796,0.01998552,0.01998552,26056,80,0
7670.51063004,7670.51074298,2678.97166520,2678.96784639,0.04549992,1903.81893288,0.01998551,0.01998552,26055,80,0
7670.80512812,7670.80516553,2688.93363219,2688.93236534,0.04269789,1903.88191809,0.01998552,0.01998552,26054,80,0
7671.09935693,7671.09961068,2698.91025400,2698.90165022,0.04958577,1903.94321818,0.01998551,0.01998552,26053,80,0
7671.39366580,7671.39407842,2708.90183247,2708.88782183,0.04802417,1904.00290221,0.01998551,0.01998552,26052,80,0
7671.68785571,7671.68856877,2718.90868387,2718.88443607,0.04412833,1904.06092475,0.01998551,0.01998552,26051,80,0
7671.98298661,7671.98308172,2728.93095948,2728.92772083,0.04851090,1904.11748139,0.01998552,0.01998552,26050,80,0
7672.27690264,7672.27761727,2738.96824123,2738.94387106,0.04628149,1904.17215161,0.01998551,0.01998552,26049,80,0
7672.57240770,7672.57217543,2749.01998594,2749.02791737,0.04471228,1904.22544363,0.01998552,0.01998552,26048,80,0
7672.86662459,7672.86675620,2759.08569987,2759.08119992,0.04810928,1904.27682655,0.01998552,0.01998552,26047,80,0
7673.16112170,7673.16135959,2769.16561850,2769.15747337,0.04478443,1904.32657728,0.01998552,0.01998552,26046,80,0
7673.45583472,7673.45598559,2779.26050605,2779.25533286,0.04460822,1904.37467739,0.01998552,0.01998552,26045,80,0
7673.75007837,7673.75063421,2789.37114339,2789.35205565,0.05786267,1904.42101347,0.01998551,0.01998552,26044,80,0
7674.04554763,7674.04530545,2799.49803065,2799.50635977,0.04476460,1904.46584036,0.01998552,0.01998552,26043,80,0
7674.34055840,7674.33999932,2809.64105992,2809.66031754,0.04640104,1904.50888747,0.01998552,0.01998552,26042,80,0
7674.63488413,7674.63471581,2819.80004366,2819.80585022,0.04398357,1904.55012301,0.01998552,0.01998552,26041,80,0
7674.92982270,7674.92945493,2829.97480783,2829.98751311,0.04352587,1904.58972094,0.01998552,0.01998552,26040,80,0
7675.22413101,7675.22421668,2840.16528132,2840.16231721,0.04605481,1904.62750652,0.01998552,0.01998552,26039,80,0
7675.51873626,7675.51900107,2850.37143603,2850.36226098,0.04621440,1904.66359393,0.01998552,0.01998552,26038,80,0
7675.81393132,7675.81380809,2860.59324022,2860.59751588,0.05307026,1904.69800336,0.01998552,0.01998552,26037,80,0
7676.10911381,7676.10863775,2870.83056205,2870.84710379,0.04625989,1904.73065132,0.01998552,0.01998552,26036,80,0
7676.40367499,7676.40349006,2881.08315462,2881.08958952,0.04074069,1904.76146776,0.01998552,0.01998552,26035,80,0
7676.69786963,7676.69836501,2891.35076258,2891.33350174,0.05416363,1904.79048002,0.01998552,0.01998552,26034,80,0
7676.99342645,7676.99326260,2901.63335564,2901.63907271,0.04535203,1904.81784210,0.01998552,0.01998552,26033,80,0
7677.28825056,7677.28818285,2911.93159425,2911.93396025,0.04186765,1904.84334856,0.01998552,0.01998552,26032,80,0
7677.58313055,7677.58312575,2922.24627566,2922.24644361,0.05363369,1904.86706777,0.01998552,0.01998552,26031,80,0
7677.87850939,7677.87809131,2932.57810638,2932.59276235,0.04299736,1904.88902354,0.01998552,0.01998552,26030,80,0
7678.17323964,7678.17307952,2942.92695346,2942.93257506,0.04384884,1904.90912314,0.01998552,0.01998552,26029,80,0
7678.46832520,7678.46809039,2953.29225040,2953.30050667,0.05047199,1904.92742827,0.01998552,0.01998552,26028,80,0
7678.76357855,7678.76312393,2963.67343877,2963.68944686,0.04447669,1904.94391339,0.01998552,0.01998552,26027,80,0
7679.05785090,7679.05818013,2974.07051110,2974.05890121,0.04113286,1904.95851400,0.01998552,0.01998552,26026,80,0
7679.35328777,7679.35325900,2984.48412670,2984.48514315,0.04990722,1904.97132766,0.01998552,0.01998552,26025,80,0
7679.64814592,7679.64836054,2994.91499004,2994.90739797,0.04561924,1904.98226567,0.01998552,0.01998552,26024,80,0
7679.94314197,7679.94348475,3005.36358822,3005.35144263,0.05465879,1904.99135047,0.01998552,0.01998552,26023,80,0
7680.23852929,7680.23863164,3015.82979605,3015.82616385,0.04143640,1904.99857580,0.01998552,0.01998552,26022,80,0
7680.53376762,7680.53380121,3026.31338169,3026.31218800,0.05098601,1905.00391714,0.01998552,0.01998552,26021,80,0
7680.82872910,7680.82899345,3036.81417129,3036.80476013,0.04552688,1905.00736743,0.01998552,0.01998552,26020,80,0
7681.12415961,7681.12420839,3047.33238330,3047.33064407,0.05151956,1905.00892483,0.01998552,0.01998552,26019,80,0
7681.41945001,7681.41944601,3057.86839633,3057.86853923,0.03726446,1905.00857409,0.01998552,0.01998552,26018,80,0
7681.71463693,7681.71470631,3068.42255063,3068.42006840,0.04790899,1905.00630836,0.01998552,0.01998552,26017,80,0
7682.00998715,7682.00998931,3078.99447279,3078.99439517,0.03817403,1905.00211594,0.01998552,0.01998552,26016,80,0
7682.30500231,7682.30529501,3089.58318761,3089.57268470,0.04532046,1904.99599720,0.01998552,0.01998552,26015,80,0
7682.60041024,7682.60062340,3100.18770485,3100.18004559,0.04882718,1904.98792877,0.01998552,0.01998552,26014,80,0
7682.89575797,7682.89597449,3110.80790412,3110.80011291,0.03865411,1904.97791189,0.01998552,0.01998552,26013,80,0
7683.19067872,7683.19134828,3121.44508695,3121.42095503,0.04863346,1904.96595431,0.01998552,0.01998552,26012,80,0
7683.48634363,7683.48674478,3132.10069717,3132.08621430,0.04908626,1904.95199470,0.01998552,0.01998552,26011,80,0
7683.78243123,7683.78216399,3142.77572746,3142.78539256,0.04034413,1904.93602546,0.01998552,0.01998552,26010,80,0
7684.07783308,7684.07760590,3153.46972608,3153.47795610,0.04742398,1904.91809977,0.01998552,0.01998552,26009,80,0
7684.37340590,7684.37307053,3164.18195328,3164.19412196,0.04756393,1904.89816248,0.01998552,0.01998552,26008,80,0
7684.66912173,7684.66855787,3174.91180562,3174.93229673,0.05238234,1904.87620419,0.01998552,0.01998552,26007,80,0
7684.96456918,7684.96406793,3185.65953858,3185.67778367,0.04407797,1904.85224702,0.01998552,0.01998552,26006,80,0
7685.25956693,7685.25960071,3196.42573162,3196.42449991,0.04739209,1904.82630240,0.01998552,0.01998552,26005,80,0
7685.55512831,7685.55515622,3207.21091884,3207.20989954,0.04515314,1904.79826904,0.01998552,0.01998552,26004,80,0
7685.85049106,7685.85073445,3218.01503819,3218.00613432,0.04985190,1904.76820580,0.01998552,0.01998552,26003,80,0
7686.14612849,7686.14633540,3228.83763828,3228.83005647,0.03844602,1904.73605524,0.01998552,0.01998552,26002,80,0
7686.44161750,7686.44195909,3239.67827725,3239.66574116,0.04842398,1904.70185389,0.01998552,0.01998552,26001,80,0
7686.73760627,7686.73760552,3250.53702621,3250.53705398,0.05081803,1904.66551340,0.01998552,0.01998552,26000,80,0
7687.03320710,7687.03327468,3261.41449654,3261.41200832,0.04808713,1904.62712993,0.01998552,0.01998552,25999,80,0
7687.32916385,7687.32896657,3272.31132687,3272.31860330,0.04345683,1904.58659500,0.01998552,0.01998552,25998,80,0
7687.62459268,7687.62468121,3283.22788614,3283.22461500,0.04975168,1904.54401989,0.01998552,0.01998552,25997,80,0
7687.92063932,7687.92041859,3294.16410274,3294.17227221,0.04806213,1904.49922842,0.01998552,0.01998552,25996,80,0
7688.21641851,7688.21617872,3305.11986397,3305.12875396,0.04730040,1904.45234090,0.01998552,0.01998552,25995,80,0
7688.51255131,7688.51196160,3316.09506872,3316.11696858,0.04924043,1904.40324808,0.01998552,0.01998552,25994,80,0
7688.80742450,7688.80776723,3327.08964588,3327.07689638,0.04677646,1904.35221739,0.01998552,0.01998552,25993,80,0
7689.10384241,7689.10359562,3338.10352803,3338.11272398,0.04655157,1904.29875048,0.01998552,0.01998552,25992,80,0
7689.39975982,7689.39944676,3349.13679381,3349.14847881,0.04793909,1904.24319419,0.01998552,0.01998552,25991,80,0
7689.69548800,7689.69532066,3360.19003988,3360.19629657,0.04704104,1904.18548426,0.01998552,0.01998552,25990,80,0
7689.99080557,7689.99121733,3371.26398285,3371.24855850,0.04621944,1904.12565605,0.01998552,0.01998552,25989,80,0
7690.28725775,7690.28713676,3382.35917120,3382.36371170,0.04762983,1904.06337423,0.01998552,0.01998552,25988,80,0
7690.58285449,7690.58307896,3393.47529310,3393.46685411,0.04882038,1903.99904425,0.01998552,0.01998552,25987,80,0
7690.87871343,7690.87904392,3404.61176665,3404.59932041,0.04563193,1903.93242193,0.01998552,0.01998552,25986,80,0
7691.17468442,7691.17503166,3415.76809146,3415.75499227,0.05434899,1903.86352909,0.01998552,0.01998552,25985,80,0
7691.47133264,7691.47104218,3426.94434309,3426.95531914,0.05283848,1903.79221406,0.01998552,0.01998552,25984,80,0
7691.76718905,7691.76707547,3438.14083333,3438.14513275,0.04612303,1903.71881856,0.01998552,0.01998552,25983,80,0
7692.06292530,7692.06313155,3449.35788382,3449.35006255,0.05028422,1903.64317342,0.01998552,0.01998552,25982,80,0
7692.35912715,7692.35921041,3460.59586957,3460.59270646,0.04867783,1903.56511111,0.01998552,0.01998552,25981,80,0
7692.65572072,7692.65531205,3471.85519479,3471.87074878,0.05462879,1903.48462687,0.01998552,0.01998552,25980,80,0
7692.95142557,7692.95143649,3483.13622246,3483.13580628,0.05106841,1903.40205976,0.01998552,0.01998552,25979,80,0
7693.24780213,7693.24758371,3494.43884597,3494.44718964,0.04598915,1903.31696567,0.01998552,0.01998552,25978,80,0
7693.54390350,7693.54375373,3505.76267684,3505.76840841,0.05422238,1903.22960310,0.01998552,0.01998552,25977,80,0
7693.83975509,7693.83994654,3517.10731773,3517.09997829,0.04764998,1903.13996246,0.01998552,0.01998552,25976,80,0
7694.13610274,7694.13616216,3528.47236012,3528.47007863,0.04087268,1903.04780689,0.01998552,0.01998552,25975,80,0
7694.43315463,7694.43240057,3539.85738634,3539.88639006,0.05079555,1902.95304968,0.01998552,0.01998552,25974,80,0
7694.72893131,7694.72866179,3551.26208446,3551.27246838,0.04574516,1902.85632093,0.01998552,0.01998552,25973,80,0
7695.02593281,7695.02494582,3562.68760786,3562.72570450,0.06570149,1902.75678276,0.01998552,0.01998552,25972,80,0
7695.32165181,7695.32125266,3574.13616494,3574.15160299,0.04498376,1902.65524501,0.01998552,0.01998552,25971,80,0
7695.61772428,7695.61758231,3585.60982191,3585.61532496,0.04085987,1902.55112585,0.01998552,0.01998552,25970,80,0
7695.91367106,7695.91393477,3597.10808336,3597.09784163,0.04951452,1902.44458175,0.01998552,0.01998552,25969,80,0
7696.21721060,nan,0.00000000,3608.90807265,0.34303906,1902.33264359,0.01998554,0.01998552,25968,80,1
7696.50671901,7696.50670816,3620.16909423,3620.16951703,0.04911421,1902.22368457,0.01998552,0.01998552,25967,80,0
7696.80344835,7696.80312908,3631.73046631,3631.74293070,0.04962159,1902.10944699,0.01998552,0.01998552,25966,80,0
7697.09915330,7697.09957283,3643.31569581,3643.29928256,0.04733211,1901.99309220,0.01998552,0.01998552,25965,80,0
7697.39574571,7697.39603941,3654.92758738,3654.91607087,0.04898592,1901.87382735,0.01998552,0.01998552,25964,80,0
7697.69247308,7697.69252882,3666.56567285,3666.56348260,0.04677339,1901.75193172,0.01998552,0.01998552,25963,80,0
7697.98910686,7697.98904107,3678.22731003,3678.22990008,0.04924791,1901.62751241,0.01998552,0.01998552,25962,80,0
7698.28542167,7698.28557615,3689.91007202,3689.90398092,0.04730314,1901.50068274,0.01998552,0.01998552,25961,80,0
7698.58236976,7698.58213406,3701.61438881,3701.62369985,0.05191306,1901.37101451,0.01998552,0.01998552,25960,80,0
7698.87883725,7698.87871482,3713.34237463,3713.34722075,0.04382982,1901.23895608,0.01998552,0.01998552,25959,80,0
7699.17488278,7699.17531843,3725.09591411,3725.07863236,0.04954450,1901.10445824,0.01998552,0.01998552,25958,80,0
7699.47176657,7699.47194488,3736.87464966,3736.86756240,0.04984913,1900.96693267,0.01998552,0.01998552,25957,80,0
7699.76873266,7699.76859418,3748.67710677,3748.68262139,0.04323670,1900.82672064,0.01998552,0.01998552,25956,80,0
7700.06512547,7700.06526633,3760.50201444,3760.49639518,0.05422851,1900.68414032,0.01998552,0.01998552,25955,80,0
7700.36206727,7700.36196133,3772.34954956,3772.35378389,0.03865264,1900.53863734,0.01998552,0.01998552,25954,80,0
7700.65869860,7700.65867920,3784.22046578,3784.22124273,0.04043020,1900.39060740,0.01998552,0.01998552,25953,80,0
7700.95473833,7700.95541992,3796.11545523,3796.08810664,0.04511185,1900.24018101,0.01998552,0.01998552,25952,80,0
7701.25218552,7701.25218350,3808.03487743,3808.03495850,0.05231982,1900.08631288,0.01998552,0.01998552,25951,80,0
7701.54898740,7701.54896995,3819.97899510,3819.97969791,0.04288942,1899.93003701,0.01998552,0.01998552,25950,80,0
7701.84541427,7701.84577927,3831.94800905,3831.93327543,0.04915277,1899.77120846,0.01998552,0.01998552,25949,80,0
7702.14257674,7702.14261146,3843.94190390,3843.94049968,0.04838722,1899.60921307,0.01998552,0.01998552,25948,80,0
7702.43963475,7702.43946652,3855.96061967,3855.96743765,0.04320436,1899.44448653,0.01998552,0.01998552,25947,80,0
7702.73645590,7702.73634446,3868.00454549,3868.00907125,0.04577242,1899.27708735,0.01998552,0.01998552,25946,80,0
7703.03367578,7703.03324527,3880.07511111,3880.09263298,0.04579419,1899.10661990,0.01998552,0.01998552,25945,80,0
7703.33019776,7703.33016897,3892.17388526,3892.17505982,0.04483504,1898.93367947,0.01998552,0.01998552,25944,80,0
7703.62723997,7703.62711555,3904.30106516,3904.30615188,0.04729427,1898.75753896,0.01998552,0.01998552,25943,80,0
7703.92421736,7703.92408502,3916.45471941,3916.46014115,0.04942008,1898.57855071,0.01998552,0.01998552,25942,80,0
7704.22137001,7704.22107737,3928.63282479,3928.64483598,0.04830703,1898.39658350,0.01998552,0.01998552,25941,80,0
7704.51844120,7704.51809262,3940.83589510,3940.85023214,0.04505152,1898.21177112,0.01998552,0.01998552,25940,80,0
7704.81529342,7704.81513076,3953.06698749,3953.07369342,0.04331073,1898.02414181,0.01998552,0.01998552,25939,80,0
7705.11169865,7705.11219180,3965.32890033,3965.30851974,0.03980789,1897.83378965,0.01998552,0.01998552,25938,80,0
7705.40917079,7705.40927573,3977.62008811,3977.61574175,0.04647443,1897.63973929,0.01998552,0.01998552,25937,80,0
7705.70613817,7705.70638257,3989.93631246,3989.92617242,0.04109724,1897.44305835,0.01998552,0.01998552,25936,80,0
7706.00283538,7706.00351232,4002.27435046,4002.24621634,0.04391126,1897.24364087,0.01998552,0.01998552,25935,80,0
7706.30054868,7706.30066497,4014.63715364,4014.63231049,0.04687034,1897.04054995,0.01998552,0.01998552,25934,80,0
7706.59758953,7706.59784053,4027.02987457,4027.01939376,0.04823594,1896.83483165,0.01998552,0.01998552,25933,80,0
7706.89485701,7706.89503900,4039.45572112,4039.44810255,0.05245465,1896.62579806,0.01998552,0.01998552,25932,80,0
7707.19217273,7707.19226039,4051.91207149,4051.90839360,0.04316245,1896.41359532,0.01998552,0.01998552,25931,80,0
7707.48918333,7707.48950470,4064.39524103,4064.38173200,0.04901463,1896.19852537,0.01998552,0.01998552,25930,80,0
7707.78652396,7707.78677193,4076.90355739,4076.89311321,0.04113853,1895.98014140,0.01998552,0.01998552,25929,80,0
nan,nan,0.00000000,-1.00000000,0.00000000,1895.76628384,nan,0.00000000,-2147483648,80,1
nan,nan,0.00000000,-1.00000000,0.00000000,1894.94225493,nan,0.00000000,-2147483648,79,1
nan,nan,0.00000000,-1.00000000,0.00000000,1895.26029543,nan,0.00000000,-2147483648,79,1
7673.16218095,7673.16135959,14.09726378,14.11739541,0.05691212,1895.63674763,0.01998552,0.01998552,26046,79,0
7673.45695874,7673.45598559,21.32111189,21.34498090,0.02648849,1896.01811994,0.01998552,0.01998552,26045,79,0
7673.75029088,7673.75063421,28.55076653,28.54233931,0.04075257,1896.39698813,0.01998552,0.01998552,26044,79,0
7674.04562932,7674.04530545,35.78632129,35.79427675,0.04793417,1896.77781191,0.01998552,0.01998552,26043,79,0
7674.33967834,7674.33999932,43.02779027,43.01990016,0.06323726,1897.15633808,0.01998552,0.01998552,26042,79,0
7674.63461247,7674.63471581,50.27496412,50.27242208,0.04337228,1897.53535431,0.01998552,0.01998552,26041,79,0
7674.92908112,7674.92945493,57.52759379,57.51839259,0.04340085,1897.91310878,0.01998552,0.01998552,26040,79,0
7675.22412546,7675.22421668,64.78542905,64.78318226,0.05064861,1898.29092193,0.01998552,0.01998552,26039,79,0
7675.51874192,7675.51900107,72.04822328,72.04183649,0.04661160,1898.66749370,0.01998552,0.01998552,26038,79,0
7675.81390374,7675.81380809,79.31594545,79.31830417,0.03806482,1899.04406446,0.01998552,0.01998552,26037,79,0
7676.10835396,7676.10863775,86.58886441,86.58186143,0.03478087,1899.41904338,0.01998552,0.01998552,26036,79,0
7676.40343278,7676.40349006,93.86727232,93.86585790,0.05995375,1899.79415084,0.01998552,0.01998552,26035,79,0
7676.69804686,7676.69836501,101.15146267,101.14360073,0.05403350,1900.16800965,0.01998552,0.01998552,26034,79,0
7676.99420590,7676.99326260,108.44171390,108.46504234,0.03434027,1900.54317885,0.01998552,0.01998552,26033,79,0
7677.28783828,7677.28818285,115.73810100,115.72957304,0.04161833,1900.91450563,0.01998552,0.01998552,26032,79,0
7677.58284753,7677.58312575,123.04056057,123.03366944,0.05609532,1901.28692482,0.01998552,0.01998552,26031,79,0
7677.87945109,7677.87809131,130.34902625,130.38273053,0.04183142,1901.66069568,0.01998552,0.01998552,26030,79,0
7678.17316115,7678.17307952,137.66343136,137.66545621,0.04172328,1902.03016174,0.01998552,0.01998552,26029,79,0
7678.46852738,7678.46809039,144.98370334,144.99455054,0.05929196,1902.40104466,0.01998552,0.01998552,26028,79,0
7678.76337187,7678.76312393,152.30974261,152.31590147,0.03806375,1902.77059888,0.01998552,0.01998552,26027,79,0
7679.05789212,7679.05818013,159.64144104,159.63428216,0.03107614,1903.13906753,0.01998552,0.01998552,26026,79,0
7679.35298115,7679.35325900,166.97869000,166.97177887,0.05817191,1903.50755965,0.01998552,0.01998552,26025,79,0
7679.64858049,7679.64836054,174.32138124,174.32685603,0.03659149,1903.87599121,0.01998552,0.01998552,26024,79,0
7679.94283612,7679.94348475,181.66952654,181.65337113,0.04130324,1904.24205307,0.01998552,0.01998552,26023,79,0
7680.23843045,7680.23863164,189.02337480,189.01836030,0.05417944,1904.60909287,0.01998552,0.01998552,26022,79,0
7680.53345473,7680.53380121,196.38320379,196.37456144,0.03816237,1904.97474968,0.01998552,0.01998552,26021,79,0
7680.82888924,7680.82899345,203.74929258,203.74669101,0.05254908,1905.34025086,0.01998552,0.01998552,26020,79,0
7681.12424858,7681.12420839,211.12190409,211.12290832,0.05054672,1905.70500562,0.01998552,0.01998552,26019,79,0
7681.41906615,7681.41944601,218.50100703,218.49150932,0.04101688,1906.06843602,0.01998552,0.01998552,26018,79,0
7681.71469176,7681.71470631,225.88632395,225.88595967,0.06528041,1906.43218925,0.01998552,0.01998552,26017,79,0
7682.00992271,7682.00998931,233.27756852,233.27590083,0.04761116,1906.79476790,0.01998552,0.01998552,26016,79,0
7682.30490647,7682.30529501,240.67445304,240.66471759,0.03657451,1907.15633928,0.01998552,0.01998552,26015,79,0
7682.60055077,7682.60062340,248.07675349,248.07493252,0.05669061,1907.51800172,0.01998552,0.01998552,26014,79,0
7682.89615035,7682.89597449,255.48458379,255.48899600,0.04179706,1907.87889395,0.01998552,0.01998552,26013,79,0
7683.19077122,7683.19134828,262.89816845,262.88367948,0.05468184,1908.23788842,0.01998552,0.01998552,26012,79,0
7683.48663347,7683.48674478,270.31773310,270.31493621,0.04497175,1908.59769833,0.01998552,0.01998552,26011,79,0
7683.78129216,7683.78216399,277.74350363,277.72158065,0.06129580,1908.95535899,0.01998551,0.01998552,26010,79,0
7684.07762874,7684.07760590,285.17562664,285.17620152,0.04497223,1909.31437125,0.01998552,0.01998552,26009,79,0
7684.37321996,7684.37307053,292.61410246,292.61786587,0.04111773,1909.67179391,0.01998552,0.01998552,26008,79,0
7684.66870919,7684.66855787,300.05891573,300.06272977,0.05901076,1910.02840498,0.01998552,0.01998552,26007,79,0
7684.96509424,7684.96406793,307.51005103,307.53593897,0.03719936,1910.38540295,0.01998552,0.01998552,26006,79,0
7685.25928938,7685.25960071,314.96749486,314.95963566,0.06443958,1910.73907276,0.01998552,0.01998552,26005,79,0
7685.55461810,7685.55515622,322.43125882,322.41766426,0.03483701,1911.09341191,0.01998552,0.01998552,26004,79,0
7685.85128698,7685.85073445,329.90137154,329.91534096,0.04240722,1911.44865868,0.01998552,0.01998552,26003,79,0
7686.14675001,7686.14633540,337.37786210,337.38835252,0.03425760,1911.80176307,0.01998552,0.01998552,26002,79,0
7686.44163694,7686.44195909,344.86075972,344.85260207,0.05076488,1912.15348317,0.01998552,0.01998552,26001,79,0
7686.73774123,7686.73760552,352.35006562,352.35350495,0.03916552,1912.50595365,0.01998552,0.01998552,26000,79,0
7687.03352854,7687.03327468,359.84568250,359.85212066,0.05611297,1912.85733811,0.01998552,0.01998552,25999,79,0
7687.32894257,7687.32896657,367.34749101,367.34688194,0.03798926,1913.20756442,0.01998552,0.01998552,25998,79,0
7687.62393928,7687.62468121,374.85537118,374.83652754,0.05372008,1913.55657554,0.01998552,0.01998552,25997,79,0
7687.92079821,7687.92041859,382.36920668,382.37885494,0.03946107,1913.90705559,0.01998552,0.01998552,25996,79,0
7688.21578762,7688.21617872,389.88900141,389.87905392,0.05837332,1914.25459694,0.01998552,0.01998552,25995,79,0
7688.51206261,7688.51196160,397.41489460,397.41746548,0.03423872,1914.60292330,0.01998552,0.01998552,25994,79,0
7688.80740028,7688.80776723,404.94703335,404.93768588,0.05044471,1914.94942464,0.01998552,0.01998552,25993,79,0
7689.10337692,7689.10359562,412.48556543,412.47999011,0.03210280,1915.29595603,0.01998552,0.01998552,25992,79,0
7689.39996633,7689.39944676,420.03061940,420.04387520,0.05436726,1915.64248589,0.01998552,0.01998552,25991,79,0
7689.69531984,7689.69532066,427.58221155,427.58219060,0.03838350,1915.98685500,0.01998552,0.01998552,25990,79,0
7689.99079697,7689.99121733,435.14031876,435.12957731,0.05181038,1916.33064921,0.01998552,0.01998552,25989,79,0
7690.28705416,7690.28713676,442.70491772,442.70280537,0.04541111,1916.67462567,0.01998552,0.01998552,25988,79,0
7690.58346874,7690.58307896,450.27598518,450.28596086,0.04391375,1917.01805465,0.01998552,0.01998552,25987,79,0
7690.87887761,7690.87904392,457.85350896,457.84924929,0.05379793,1917.35958889,0.01998552,0.01998552,25986,79,0
7691.17544179,7691.17503166,465.43749416,465.44800663,0.03539623,1917.70172422,0.01998552,0.01998552,25985,79,0
7691.47080115,7691.47104218,473.02794739,473.02176443,0.04994832,1918.04173610,0.01998552,0.01998552,25984,79,0
7691.76706067,7691.76707547,480.62487528,480.62449519,0.03428203,1918.38204689,0.01998552,0.01998552,25983,79,0
7692.06371630,7692.06313155,488.22826968,488.24329321,0.05309147,1918.72207010,0.01998552,0.01998552,25982,79,0
7692.35921981,7692.35921041,495.83801246,495.83825424,0.05377546,1919.06002649,0.01998552,0.01998552,25981,79,0
7692.65537215,7692.65531205,503.45393539,503.45548171,0.03170138,1919.39796799,0.01998552,0.01998552,25980,79,0
7692.95156345,7692.95143649,511.07586910,511.07913830,0.05535829,1919.73518639,0.01998552,0.01998552,25979,79,0
7693.24743336,7693.24758371,518.70364585,518.69977212,0.05304264,1920.07126306,0.01998552,0.01998552,25978,79,0
7693.54376559,7693.54375373,526.33732324,526.33762903,0.03236660,1920.40708815,0.01998552,0.01998552,25977,79,0
7693.84101201,7693.83994654,533.97736337,534.00485714,0.05353922,1920.74318667,0.01998552,0.01998552,25976,79,0
7694.13707562,7694.13616216,541.62427255,541.64786417,0.05193922,1921.07720843,0.01998552,0.01998552,25975,79,0
7694.43285189,7694.43240057,549.27855971,549.29022645,0.03050837,1921.41018888,0.01998552,0.01998552,25974,79,0
7694.72867386,7694.72866179,556.94064801,556.94096015,0.04700681,1921.74251943,0.01998552,0.01998552,25973,79,0
7695.02471997,7695.02494582,564.61026678,564.60441785,0.03604226,1922.07438506,0.01998552,0.01998552,25972,79,0
7695.32166810,7695.32125266,572.28681434,572.29758148,0.05003207,1922.40651283,0.01998552,0.01998552,25971,79,0
7695.61745455,7695.61758231,579.96968391,579.96637036,0.04597698,1922.73656703,0.01998552,0.01998552,25970,79,0
7695.91333676,7695.91393477,587.65827083,587.64275099,0.04699834,1923.06592694,0.01998552,0.01998552,25969,79,0
7696.21045501,7696.21031006,595.35238710,595.35615158,0.03747351,1923.39584638,0.01998552,0.01998552,25968,79,0
7696.50703427,7696.50670816,603.05256002,603.06103541,0.05291306,1923.72437206,0.01998552,0.01998552,25967,79,0
7696.80311208,7696.80312908,610.75938956,610.75894719,0.04462336,1924.05157306,0.01998552,0.01998552,25966,79,0
7697.09981848,7697.09957283,618.47347889,618.47987412,0.03702193,1924.37872090,0.01998552,0.01998552,25965,79,0
7697.39670714,7697.39603941,626.19532581,626.21272572,0.05379704,1924.70533876,0.01998552,0.01998552,25964,79,0
7697.69245708,7697.69252882,633.92470725,633.92283615,0.05150056,1925.02996473,0.01998552,0.01998552,25963,79,0
7697.98901753,7697.98904107,641.66110301,641.66048878,0.05112855,1925.35471507,0.01998552,0.01998552,25962,79,0
7698.28555704,7698.28557615,649.40398921,649.40349026,0.03000061,1925.67865185,0.01998552,0.01998552,25961,79,0
7698.58195640,7698.58213406,657.15284990,657.14820611,0.04623725,1926.00162170,0.01998552,0.01998552,25960,79,0
7698.87832468,7698.87871482,664.90762394,664.89741897,0.05351874,1926.32373952,0.01998552,0.01998552,25959,79,0
7699.17521013,7699.17531843,672.66886892,672.66603401,0.04749253,1926.64562019,0.01998552,0.01998552,25958,79,0
7699.47158785,7699.47194488,680.43718936,680.42783506,0.03441349,1926.96617507,0.01998552,0.01998552,25957,79,0
7699.76877748,7699.76859418,688.21319298,688.21800033,0.04767827,1927.28685273,0.01998552,0.01998552,25956,79,0
7700.06550321,7700.06526633,695.99731819,696.00353648,0.04754193,1927.60629035,0.01998552,0.01998552,25955,79,0
7700.36240576,7700.36196133,703.78921408,703.80089081,0.05107692,1927.92516140,0.01998552,0.01998552,25954,79,0
7700.65881005,7700.65867920,711.58830091,711.59174165,0.05167370,1928.24271566,0.01998552,0.01998552,25953,79,0
7700.95501881,7700.95541992,719.39399577,719.38344083,0.03181992,1928.55925405,0.01998552,0.01998552,25952,79,0
7701.25239416,7701.25218350,727.20574135,727.21128849,0.04757196,1928.87620325,0.01998552,0.01998552,25951,79,0
7701.54898156,7701.54896995,735.02352535,735.02383109,0.04727308,1929.19147580,0.01998552,0.01998552,25950,79,0
7701.84594290,7701.84577927,742.84782715,742.85214243,0.05273344,1929.50632568,0.01998552,0.01998552,25949,79,0
7702.14256589,7702.14261146,750.67914617,750.67794345,0.05095634,1929.82001514,0.01998552,0.01998552,25948,79,0
7702.43933235,7702.43946652,758.51798413,758.51443956,0.03099115,1930.13307194,0.01998552,0.01998552,25947,79,0
7702.73574082,7702.73634446,766.36466155,766.34869974,0.04750759,1930.44497790,0.01998552,0.01998552,25946,79,0
7703.03338225,7703.03324527,774.21902272,774.22264800,0.05049530,1930.75739463,0.01998552,0.01998552,25945,79,0
7703.32994812,7703.33016897,782.08083445,782.07498430,0.05170667,1931.06788632,0.01998552,0.01998552,25944,79,0
7703.62704066,7703.62711555,789.94986223,789.94787694,0.05006766,1931.37812071,0.01998552,0.01998552,25943,79,0
7703.92401442,7703.92408502,797.82589743,797.82402449,0.04311650,1931.68741125,0.01998552,0.01998552,25942,79,0
7704.22118728,7704.22107737,805.70895285,805.71187124,0.04451698,1931.99608660,0.01998552,0.01998552,25941,79,0
7704.51876031,7704.51809262,813.59915025,813.61689496,0.04985156,1932.30435532,0.01998552,0.01998552,25940,79,0
7704.81533989,7704.81513076,821.49661279,821.50217553,0.05046107,1932.61077828,0.01998552,0.01998552,25939,79,0
7705.11262766,7705.11219180,829.40146270,829.41306610,0.03036822,1932.91711682,0.01998552,0.01998552,25938,79,0
7705.40965584,7705.40927573,837.31376384,837.32389177,0.04907645,1933.22237156,0.01998552,0.01998552,25937,79,0
7705.70681895,7705.70638257,845.23350531,845.24514261,0.04825282,1933.52694529,0.01998552,0.01998552,25936,79,0
7706.00316486,7706.00351232,853.16067132,853.15139756,0.04788702,1933.82986157,0.01998552,0.01998552,25935,79,0
7706.30091985,7706.30066497,861.09524594,861.10205466,0.04359256,1934.13339023,0.01998552,0.01998552,25934,79,0
7706.59796728,7706.59784053,869.03727412,869.04066315,0.04441330,1934.43536962,0.01998552,0.01998552,25933,79,0
7706.89463656,7706.89503900,876.98700167,876.97623200,0.04564915,1934.73614564,0.01998552,0.01998552,25932,79,0
7707.19209550,7707.19226039,884.94471692,884.94030009,0.04893078,1935.03690854,0.01998552,0.01998552,25931,79,0
7707.48909513,7707.48950470,892.91070985,892.89972821,0.04499625,1935.33640200,0.01998552,0.01998552,25930,79,0
7707.78687822,7707.78677193,900.88521157,900.88806439,0.04376899,1935.63588344,0.01998552,0.01998552,25929,79,0
7708.08386836,7708.08406208,908.86791075,908.86270676,0.04352175,1935.93375268,0.01998552,0.01998552,25928,79,0
7708.38156029,7708.38137516,916.85820649,916.86318406,0.04642240,1936.23148378,0.01998552,0.01998552,25927,79,0
7708.67855871,7708.67871116,924.85549185,924.85138983,0.04462909,1936.52765594,0.01998552,0.01998552,25926,79,0
7708.97546412,7708.97607010,932.85917337,932.84285717,0.04786020,1936.82284701,0.01998552,0.01998552,25925,79,0
7709.27363348,7709.27345197,940.86920258,940.87409345,0.04418631,1937.11839671,0.01998552,0.01998552,25924,79,0
7709.57079588,7709.57085678,948.88618539,948.88454318,0.04723640,1937.41207274,0.01998552,0.01998552,25923,79,0
7709.86811708,7709.86828452,956.91076955,956.90624975,0.04312844,1937.70505194,0.01998552,0.01998552,25922,79,0
7710.16524704,7710.16573521,964.94360594,964.93041585,0.04398915,1937.99701025,0.01998552,0.01998552,25921,79,0
7710.46314578,7710.46320884,972.98506445,972.98335884,0.04256007,1938.28889882,0.01998552,0.01998552,25920,79,0
7710.76108233,7710.76070543,981.03476793,981.04497081,0.04295140,1938.57998111,0.01998552,0.01998552,25919,79,0
7711.05813301,7711.05822496,989.09221525,989.08972413,0.04706989,1938.86933718,0.01998552,0.01998552,25918,79,0
7711.35562541,7711.35576744,997.15690238,997.15305127,0.04186298,1939.15824123,0.01998552,0.01998552,25917,79,0
7711.65338545,7711.65333288,1005.22842035,1005.22984710,0.04411905,1939.44650373,0.01998552,0.01998552,25916,79,0
7711.95105770,7711.95092127,1013.30694080,1013.31064595,0.04426987,1939.73378330,0.01998552,0.01998552,25915,79,0
7712.24836942,7712.24853263,1021.39285108,1021.38841495,0.04970985,1940.01982979,0.01998552,0.01998552,25914,79,0
7712.54634874,7712.54616695,1029.48654110,1029.49148689,0.05032729,1940.30564195,0.01998552,0.01998552,25913,79,0
7712.84378573,7712.84382423,1037.58837923,1037.58733088,0.04956991,1940.59006865,0.01998552,0.01998552,25912,79,0
7713.14131513,7713.14150448,1045.69839923,1045.69323811,0.04291386,1940.87371686,0.01998552,0.01998552,25911,79,0
7713.43982141,7713.43920771,1053.81638482,1053.83312708,0.04394724,1941.15741440,0.01998552,0.01998552,25910,79,0
7713.73726175,7713.73693391,1061.94211253,1061.95106409,0.04545395,1941.43920939,0.01998552,0.01998552,25909,79,0
7714.03469380,7714.03468308,1070.07536048,1070.07565344,0.04743036,1941.72009806,0.01998552,0.01998552,25908,79,0
7714.33179411,7714.33245523,1078.21603613,1078.19795430,0.04671428,1941.99977046,0.01998552,0.01998552,25907,79,0
7714.63033136,7714.63025037,1086.36422742,1086.36644449,0.04105570,1942.27988666,0.01998552,0.01998552,25906,79,0
7714.92774763,7714.92806849,1094.52003609,1094.51124561,0.04961986,1942.55804572,0.01998552,0.01998552,25905,79,0
7715.22528781,7715.22590959,1102.68356463,1102.66651466,0.04028843,1942.83541703,0.01998552,0.01998552,25904,79,0
7715.52388888,7715.52377369,1110.85498866,1110.85815026,0.04529463,1943.11287163,0.01998552,0.01998552,25903,79,0
7715.82128939,7715.82166078,1119.03466852,1119.02446564,0.03852778,1943.38831791,0.01998552,0.01998552,25902,79,0
7716.11941390,7716.11957086,1127.22299530,1127.21867887,0.04656115,1943.66355043,0.01998552,0.01998552,25901,79,0
7716.41709709,7716.41750394,1135.42036241,1135.40916231,0.05498887,1943.93750182,0.01998552,0.01998552,25900,79,0
7716.71584726,7716.71546002,1143.62701970,1143.63769098,0.04598535,1944.21156216,0.01998552,0.01998552,25899,79,0
7717.01316724,7717.01343911,1151.84254548,1151.83504636,0.04495054,1944.48342467,0.01998552,0.01998552,25898,79,0
7717.31115680,7717.31144120,1160.06632151,1160.05846967,0.04397547,1944.75498890,0.01998552,0.01998552,25897,79,0
7717.60961001,7717.60946630,1168.29772577,1168.30169656,0.04978734,1945.02603830,0.01998552,0.01998552,25896,79,0
7717.90819410,7717.90751441,1176.53623035,1176.55502550,0.04718033,1945.29624760,0.01998552,0.01998552,25895,79,0
7718.20584191,7718.20558553,1184.78210920,1184.78920479,0.04058997,1945.56466110,0.01998552,0.01998552,25894,79,0
7718.50330910,7718.50367967,1193.03603352,1193.02576788,0.04043779,1945.83198439,0.01998552,0.01998552,25893,79,0
7718.80205098,7718.80179683,1201.29868127,1201.30572893,0.05078185,1946.09953893,0.01998552,0.01998552,25892,79,0
7719.09964912,7719.09993701,1209.57069420,1209.56270228,0.04933112,1946.36517528,0.01998552,0.01998552,25891,79,0
7719.39761672,7719.39810021,1217.85211274,1217.83867715,0.04370534,1946.63024520,0.01998552,0.01998552,25890,79,0
7719.69599853,7719.69628644,1226.14251038,1226.13450183,0.04148467,1946.89476764,0.01998552,0.01998552,25889,79,0
7719.99403544,7719.99449570,1234.44144591,1234.42863120,0.04999878,1947.15805178,0.01998552,0.01998552,25888,79,0
7720.29206629,7720.29272800,1242.74848598,1242.73004669,0.04039590,1947.42038160,0.01998552,0.01998552,25887,79,0
7720.59087429,7720.59098332,1251.06350829,1251.06046724,0.04523650,1947.68243572,0.01998552,0.01998552,25886,79,0
7720.88929336,7720.88926169,1259.38674870,1259.38763277,0.04484921,1947.94319385,0.01998552,0.01998552,25885,79,0
7721.18705266,7721.18756309,1267.71846411,1267.70420043,0.04353867,1948.20242909,0.01998552,0.01998552,25884,79,0
7721.48582079,7721.48588754,1276.05891120,1276.05704399,0.04105238,1948.46159710,0.01998552,0.01998552,25883,79,0
7721.78405164,7721.78423504,1284.40822658,1284.40309175,0.04648869,1948.71935518,0.01998552,0.01998552,25882,79,0
7722.08188875,7722.08260558,1292.76634987,1292.74625985,0.04751614,1948.97582643,0.01998552,0.01998552,25881,79,0
7722.38076357,7722.38099917,1301.13320218,1301.12659282,0.04344637,1949.23223449,0.01998552,0.01998552,25880,79,0
7722.67860536,7722.67941582,1309.50870405,1309.48594642,0.04946182,1949.48679694,0.01998552,0.01998552,25879,79,0
7722.97804377,7722.97785553,1317.89276835,1317.89805913,0.04840541,1949.74175246,0.01998552,0.01998552,25878,79,0
7723.27615404,7723.27631829,1326.28529143,1326.28067073,0.05222732,1949.99460294,0.01998552,0.01998552,25877,79,0
7723.57456689,7723.57480411,1334.68616682,1334.67948729,0.04320888,1950.24672999,0.01998552,0.01998552,25876,79,0
7723.87334874,7723.87331300,1343.09528742,1343.09629461,0.03852212,1950.49817984,0.01998552,0.01998552,25875,79,0
7724.17189490,7724.17184496,1351.51265652,1351.51406539,0.04742806,1950.74843978,0.01998552,0.01998552,25874,79,0
7724.47058728,7724.47039998,1359.93860556,1359.94389408,0.04134437,1950.99783685,0.01998552,0.01998552,25873,79,0
7724.76927073,7724.76897808,1368.37352835,1368.38180006,0.04684930,1951.24624898,0.01998552,0.01998552,25872,79,0
7725.06752734,7725.06757925,1376.81782117,1376.81635240,0.04257809,1951.49333866,0.01998552,0.01998552,25871,79,0
7725.36694389,7725.36620350,1385.27175463,1385.29272576,0.05240255,1951.74042096,0.01998552,0.01998552,25870,79,0
7725.66466374,7725.66485083,1393.73512031,1393.72981556,0.04624518,1951.98513120,0.01998552,0.01998552,25869,79,0
7725.96354414,7725.96352125,1402.20759573,1402.20824550,0.04466886,1952.22980742,0.01998552,0.01998552,25868,79,0
7726.26136784,7726.26221475,1410.68885632,1410.66479757,0.04698830,1952.47262103,0.01998552,0.01998552,25867,79,0
7726.56079560,7726.56093133,1419.17862971,1419.17477036,0.03986584,1952.71572724,0.01998552,0.01998552,25866,79,0
7726.85918934,7726.85967101,1427.67688807,1427.66317963,0.04706272,1952.95697703,0.01998552,0.01998552,25865,79,0
7727.15869490,7727.15843379,1436.18367309,1436.19111148,0.05000669,1953.19810265,0.01998552,0.01998552,25864,79,0
7727.45679004,7727.45721965,1444.69902672,1444.68677704,0.04303345,1953.43707274,0.01998552,0.01998552,25863,79,0
7727.75594634,7727.75602862,1453.22306771,1453.22071936,0.03934324,1953.67587029,0.01998552,0.01998552,25862,79,0
7728.05449100,7728.05486069,1461.75631388,1461.74575156,0.05399276,1953.91316851,0.01998552,0.01998552,25861,79,0
7728.35396341,7728.35371587,1470.29941563,1470.30649593,0.04904590,1954.15020362,0.01998552,0.01998552,25860,79,0
7728.65231029,7728.65259415,1478.85302755,1478.84489888,0.03879171,1954.38536530,0.01998552,0.01998552,25859,79,0
7728.95116175,7728.95149554,1487.41761464,1487.40804476,0.04457068,1954.61994984,0.01998552,0.01998552,25858,79,0
7729.25096060,7729.25042004,1495.99254533,1496.00805983,0.03979037,1954.85427588,0.01998552,0.01998552,25857,79,0
7729.54880039,7729.54936766,1504.57679663,1504.56049999,0.04675279,1955.08604496,0.01998552,0.01998552,25856,79,0
7729.84879135,7729.84833840,1513.16933838,1513.18236159,0.05367507,1955.31842284,0.01998552,0.01998552,25855,79,0
7730.14732360,7730.14733226,1521.76935286,1521.76910378,0.04076829,1955.54858438,0.01998552,0.01998552,25854,79,0
7730.44645381,7730.44634924,1530.37730198,1530.38031387,0.04305003,1955.77812917,0.01998552,0.01998552,25853,79,0
7730.74527112,7730.74538934,1538.99411758,1538.99070936,0.04124600,1956.00637806,0.01998552,0.01998552,25852,79,0
7731.04466612,7731.04445258,1547.62073823,1547.62690154,0.05105312,1956.23403096,0.01998552,0.01998552,25851,79,0
7731.34374276,7731.34353894,1556.25794336,1556.26383253,0.04850922,1956.46042146,0.01998552,0.01998552,25850,79,0
7731.64263589,7731.64264844,1564.90556834,1564.90520532,0.04061880,1956.68564552,0.01998552,0.01998552,25849,79,0
7731.94208212,7731.94178108,1573.56310917,1573.57182634,0.04166233,1956.91023883,0.01998552,0.01998552,25848,79,0
7732.24149282,7732.24093686,1582.23005807,1582.24617276,0.04511589,1957.13373996,0.01998552,0.01998552,25847,79,0
7732.53984563,7732.54011578,1590.90601273,1590.89817489,0.03909834,1957.35537745,0.01998552,0.01998552,25846,79,0
7732.83927395,7732.83931784,1599.59114888,1599.58987435,0.05186816,1957.57673675,0.01998552,0.01998552,25845,79,0
7733.13818693,7733.13854305,1608.28583614,1608.27548276,0.05031584,1957.79664425,0.01998552,0.01998552,25844,79,0
7733.43771703,7733.43779141,1616.99044675,1616.98828219,0.03980230,1958.01593789,0.01998552,0.01998552,25843,79,0
7733.73613002,7733.73706292,1625.70527122,1625.67809031,0.04685649,1958.23335373,0.01998552,0.01998552,25842,79,0
7734.03635944,7734.03635759,1634.43020656,1634.43026064,0.04867137,1958.45101844,0.01998552,0.01998552,25841,79,0
7734.33605427,7734.33567541,1643.16503295,1643.17609451,0.05084299,1958.66721093,0.01998552,0.01998552,25840,79,0
7734.63486903,7734.63501640,1651.90952901,1651.90522170,0.03859547,1958.88168006,0.01998552,0.01998552,25839,79,0
7734.93414339,7734.93438055,1660.66356417,1660.65662538,0.04693032,1959.09538240,0.01998552,0.01998552,25838,79,0
7735.23388760,7735.23376787,1669.42737026,1669.43087689,0.04596868,1959.30832173,0.01998552,0.01998552,25837,79,0
7735.53303883,7735.53317835,1678.20127005,1678.19717929,0.04942450,1959.51974732,0.01998552,0.01998552,25836,79,0
7735.83268588,7735.83261201,1686.98558840,1686.98775658,0.03570712,1959.73043267,0.01998552,0.01998552,25835,79,0
7736.13175672,7736.13206884,1695.78051274,1695.77134079,0.04836319,1959.93962447,0.01998552,0.01998552,25834,79,0
7736.43136326,7736.43154885,1704.58579449,1704.58033493,0.04769413,1960.14809029,0.01998552,0.01998552,25833,79,0
7736.73100048,7736.73105204,1713.40109789,1713.39957951,0.04375091,1960.35546330,0.01998552,0.01998552,25832,79,0
7737.03077984,7737.03057841,1722.22608546,1722.23202334,0.04580686,1960.56180752,0.01998552,0.01998552,25831,79,0
7737.33060763,7737.33012796,1731.06059799,1731.07475180,0.05094789,1960.76704953,0.01998552,0.01998552,25830,79,0
7737.62965991,7737.62970071,1739.90490644,1739.90370133,0.03554322,1960.97063160,0.01998552,0.01998552,25829,79,0
7737.92930013,7737.92929664,1748.75934660,1748.75944994,0.04600724,1961.17348646,0.01998552,0.01998552,25828,79,0
7738.22864155,7738.22891577,1757.62425484,1757.61613695,0.04232512,1961.37501540,0.01998552,0.01998552,25827,79,0
7738.52888471,7738.52855809,1766.49982464,1766.50950469,0.04768669,1961.57602314,0.01998552,0.01998552,25826,79,0
7738.82797960,7738.82822361,1775.38599614,1775.37875655,0.04237248,1961.77513267,0.01998552,0.01998552,25825,79,0
7739.12818445,7739.12791233,1784.28268325,1784.29076611,0.04249638,1961.97384102,0.01998552,0.01998552,25824,79,0
7739.42770575,7739.42762425,1793.18979944,1793.19222271,0.04526225,1962.17095213,0.01998552,0.01998552,25823,79,0
7739.72734226,7739.72735939,1802.10726474,1802.10675493,0.05000041,1962.36698868,0.01998552,0.01998552,25822,79,0
7740.02682344,7740.02711773,1811.03500755,1811.02623822,0.05603867,1962.56176784,0.01998552,0.01998552,25821,79,0
7740.32684903,7740.32689928,1819.97295628,1819.97145738,0.05078162,1962.75573646,0.01998552,0.01998552,25820,79,0
7740.62661937,7740.62670405,1828.92104725,1828.91851871,0.03681449,1962.94837005,0.01998552,0.01998552,25819,79,0
7740.92553167,7740.92653203,1837.87936362,1837.84945858,0.05426789,1963.13928515,0.01998552,0.01998552,25818,79,0
7741.22600576,7741.22638324,1846.84811420,1846.83681746,0.05181008,1963.33002314,0.01998552,0.01998552,25817,79,0
7741.52571706,7741.52625766,1855.82751322,1855.81131639,0.04785068,1963.51910364,0.01998552,0.01998552,25816,79,0
7741.82633374,7741.82615532,1864.81777738,1864.82312908,0.04706339,1963.70757807,0.01998552,0.01998552,25815,79,0
7742.12564162,7742.12607620,1873.81913436,1873.80608409,0.04735074,1963.89406056,0.01998552,0.01998552,25814,79,0
7742.42583319,7742.42602031,1882.83181862,1882.82619272,0.04854752,1964.07991951,0.01998552,0.01998552,25813,79,0
7742.72579260,7742.72598765,1891.85606632,1891.85019486,0.04861977,1964.26446009,0.01998552,0.01998552,25812,79,0
7743.02533839,7743.02597823,1900.89200710,1900.87272300,0.04747688,1964.44757193,0.01998552,0.01998552,25811,79,0
7743.32571723,7743.32599205,1909.93920003,1909.93090784,0.05537825,1964.63000064,0.01998552,0.01998552,25810,79,0
7743.62597409,7743.62602912,1918.99701295,1918.99535100,0.05242285,1964.81114434,0.01998552,0.01998552,25809,79,0
7743.92555824,7743.92608942,1928.06480922,1928.04874904,0.04603603,1964.99065836,0.01998552,0.01998552,25808,79,0
7744.22600099,7744.22617297,1937.14228339,1937.13707817,0.05169677,1965.16944871,0.01998552,0.01998552,25807,79,0
7744.52628349,7744.52627978,1946.23010734,1946.23021973,0.04444988,1965.34691357,0.01998552,0.01998552,25806,79,0
7744.82608441,7744.82640983,1955.32913541,1955.31926356,0.04469521,1965.52287886,0.01998552,0.01998552,25805,79,0
7745.12647560,7745.12656314,1964.44021876,1964.43755987,0.04003002,1965.69798431,0.01998552,0.01998552,25804,79,0
7745.42662641,7745.42673971,1973.56360542,1973.56015979,0.04220498,1965.87174292,0.01998552,0.01998552,25803,79,0
7745.72669510,7745.72693954,1982.69857265,1982.69113035,0.04209607,1966.04422913,0.01998552,0.01998552,25802,79,0
7746.02751653,7746.02716263,1991.84430534,1991.85509201,0.05476557,1966.21589827,0.01998553,0.01998552,25801,79,0
7746.32808265,7746.32740899,2001.00001867,2001.02057143,0.05261939,1966.38615256,0.01998553,0.01998552,25800,79,0
7746.62732997,7746.62767861,2010.16557339,2010.15492571,0.04724731,1966.55439260,0.01998552,0.01998552,25799,79,0
7746.92818547,7746.92797151,2019.34139223,2019.34793342,0.04258247,1966.72226544,0.01998553,0.01998552,25798,79,0
7747.22848680,7747.22828768,2028.52791947,2028.53401394,0.04200631,1966.88856124,0.01998553,0.01998552,25797,79,0
7747.52869340,7747.52862713,2037.72560669,2037.72763751,0.04611472,1967.05354178,0.01998552,0.01998552,25796,79,0
7747.82894682,7747.82898986,2046.93493759,2046.93361742,0.05297124,1967.21728867,0.01998552,0.01998552,25795,79,0
7748.12890231,7748.12937586,2056.15641212,2056.14186527,0.04451665,1967.37961897,0.01998552,0.01998552,25794,79,0
7748.42969043,7748.42978516,2065.39053395,2065.38762022,0.04077377,1967.54114441,0.01998552,0.01998552,25793,79,0
7748.72977745,7748.73021774,2074.63762610,2074.62406552,0.04405882,1967.70104032,0.01998552,0.01998552,25792,79,0
7749.03063219,7749.03067361,2083.89742487,2083.89614745,0.05425174,1967.86007848,0.01998552,0.01998553,25791,79,0
7749.33119748,7749.33115278,2093.16954703,2093.17092734,0.04758392,1968.01768470,0.01998552,0.01998553,25790,79,0
7749.63183900,7749.63165524,2102.45360905,2102.45928990,0.04323197,1968.17404000,0.01998552,0.01998553,25789,79,0
7749.93213313,7749.93218100,2111.74935750,2111.74787617,0.05111570,1968.32891615,0.01998552,0.01998553,25788,79,0
7750.23283277,7750.23273006,2121.05672858,2121.05991128,0.05012065,1968.48269468,0.01998552,0.01998553,25787,79,0
7750.53337289,7750.53330242,2130.37567280,2130.37785887,0.04087418,1968.63507890,0.01998552,0.01998553,25786,79,0
7750.83374056,7750.83389809,2139.70616155,2139.70126897,0.05304880,1968.78605865,0.01998552,0.01998553,25785,79,0
7751.13502561,7751.13451707,2149.04841584,2149.06422919,0.04555658,1968.93617504,0.01998553,0.01998553,25784,79,0
7751.43484834,7751.43515936,2158.40282062,2158.39313718,0.04344062,1969.08424662,0.01998552,0.01998553,25783,79,0
7751.73544758,7751.73582497,2167.76976654,2167.75800197,0.04635142,1969.23138408,0.01998552,0.01998553,25782,79,0
7752.03699508,7752.03651389,2177.14954983,2177.16456982,0.04171226,1969.37765888,0.01998553,0.01998553,25781,79,0
7752.33716836,7752.33722613,2186.54206141,2186.54025594,0.04406122,1969.52193962,0.01998553,0.01998553,25780,79,0
7752.63809652,7752.63796170,2195.94708459,2195.95130346,0.05656910,1969.66524455,0.01998553,0.01998553,25779,79,0
7752.93870764,7752.93872059,2205.36440073,2205.36399513,0.04087599,1969.80705121,0.01998553,0.01998553,25778,79,0
7753.23928653,7753.23950281,2214.79377637,2214.78699229,0.05181175,1969.94748711,0.01998553,0.01998553,25777,79,0
7753.53997529,7753.54030836,2224.23495533,2224.22449550,0.03755749,1970.08660875,0.01998553,0.01998553,25776,79,0
7753.84058011,7753.84113724,2233.68767752,2233.67016147,0.04514773,1970.22431703,0.01998552,0.01998553,25775,79,0
7754.14226104,7754.14198946,2243.15172496,2243.16027301,0.05134214,1970.36112800,0.01998553,0.01998553,25774,79,0
7754.44294467,7754.44286502,2252.62737130,2252.62988115,0.04893250,1970.49609941,0.01998553,0.01998553,25773,79,0
7754.74433216,7754.74376392,2262.11520110,2262.13312984,0.04332161,1970.62999970,0.01998553,0.01998553,25772,79,0
7755.04430470,7755.04468617,2271.61580820,2271.60375670,0.04707689,1970.76189490,0.01998553,0.01998553,25771,79,0
7755.34597311,7755.34563176,2281.12965513,2281.14045350,0.04352006,1970.89315117,0.01998553,0.01998553,25770,79,0
7755.64635046,7755.64660070,2290.65674110,2290.64881461,0.04911725,1971.02245984,0.01998553,0.01998553,25769,79,0
7755.94797600,7755.94759300,2300.19696504,2300.20911246,0.03802041,1971.15090668,0.01998553,0.01998553,25768,79,0
7756.24869726,7756.24860865,2309.75022169,2309.75303588,0.04738981,1971.27756506,0.01998553,0.01998553,25767,79,0
7756.54998583,7756.54964765,2319.31630336,2319.32705621,0.04059579,1971.40304821,0.01998553,0.01998553,25766,79,0
7756.85116264,7756.85071002,2328.89488216,2328.90929142,0.05388882,1971.52705978,0.01998553,0.01998553,25765,79,0
7757.15175574,7757.15179576,2338.48562079,2338.48434539,0.03893883,1971.64940017,0.01998553,0.01998553,25764,79,0
7757.45251044,7757.45290485,2348.08830234,2348.07571662,0.04897188,1971.77036726,0.01998553,0.01998553,25763,79,0
7757.75386741,7757.75403732,2357.70348884,2357.69806018,0.04791452,1971.89013406,0.01998553,0.01998553,25762,79,0
7758.05509991,7758.05519316,2367.33205173,2367.32906843,0.04314503,1972.00841296,0.01998553,0.01998553,25761,79,0
7758.35633785,7758.35637237,2376.97486487,2376.97375862,0.05247780,1972.12525992,0.01998553,0.01998553,25760,79,0
7758.65787835,7758.65757496,2386.63229655,2386.64203068,0.05129759,1972.24078549,0.01998553,0.01998553,25759,79,0
7758.95922087,7758.95880093,2396.30378448,2396.31727625,0.04286276,1972.35478349,0.01998553,0.01998553,25758,79,0
7759.25972453,7759.26005029,2405.98866260,2405.97818309,0.04754424,1972.46700451,0.01998553,0.01998553,25757,79,0
7759.56162087,7759.56132303,2415.68631433,2415.69590744,0.05053002,1972.57826438,0.01998553,0.01998553,25756,79,0
7759.86312879,7759.86261915,2425.39665564,2425.41309066,0.03987904,1972.68789217,0.01998553,0.01998553,25755,79,0
7760.16387069,7760.16393867,2435.11990560,2435.11771079,0.05041292,1972.79575542,0.01998553,0.01998553,25754,79,0
7760.46506387,7760.46528158,2444.85628884,2444.84925034,0.04776410,1972.90228924,0.01998553,0.01998553,25753,79,0
7760.76681617,7760.76664788,2454.60614537,2454.61159355,0.05088535,1973.00752149,0.01998553,0.01998553,25752,79,0
7761.06849570,7761.06803759,2464.37008939,2464.38494107,0.03959154,1973.11122811,0.01998553,0.01998553,25751,79,0
7761.36926142,7761.36945069,2474.14877985,2474.14263483,0.04726108,1973.21312724,0.01998553,0.01998553,25750,79,0
7761.67078209,7761.67088720,2483.94279847,2483.93938050,0.05219822,1973.31378415,0.01998553,0.01998553,25749,79,0
7761.97269779,7761.97234712,2493.75172076,2493.76313875,0.04935087,1973.41305828,0.01998553,0.01998553,25748,79,0
7762.27358868,7762.27383045,2503.57444144,2503.56655938,0.04711147,1973.51046929,0.01998553,0.01998553,25747,79,0
7762.57526662,7762.57533719,2513.40983446,2513.40753112,0.04153791,1973.60658789,0.01998553,0.01998553,25746,79,0
7762.87659894,7762.87686734,2523.25727445,2523.24850360,0.04633476,1973.70103763,0.01998553,0.01998553,25745,79,0
7763.17822931,7763.17842092,2533.11745342,2533.11118431,0.04913374,1973.79402117,0.01998553,0.01998553,25744,79,0
7763.47967537,7763.47999791,2542.99128064,2542.98071330,0.04408637,1973.88539100,0.01998553,0.01998553,25743,79,0
7763.78087550,7763.78159833,2552.87961396,2552.85589858,0.04458245,1973.97513274,0.01998553,0.01998553,25742,79,0
7764.08374701,7764.08322217,2562.78261177,2562.79985536,0.04564482,1974.06380076,0.01998553,0.01998553,25741,79,0
7764.38469438,7764.38486944,2572.69996822,2572.69420884,0.04092279,1974.15033446,0.01998553,0.01998553,25740,79,0
7764.68527482,7764.68654015,2582.63136721,2582.58968372,0.05521172,1974.23518974,0.01998552,0.01998553,25739,79,0
7764.98789267,7764.98823428,2592.57665026,2592.56538145,0.04619797,1974.31902387,0.01998553,0.01998553,25738,79,0
7765.28971078,7765.28995186,2602.53602751,2602.52806439,0.05219827,1974.40103585,0.01998553,0.01998553,25737,79,0
7765.59166124,7765.59169287,2612.50976283,2612.50871647,0.04856103,1974.48147928,0.01998553,0.01998553,25736,79,0
7765.89388493,7765.89345733,2622.49812441,2622.51228784,0.05248141,1974.56038334,0.01998553,0.01998553,25735,79,0
7766.19563478,7766.19524523,2632.50140187,2632.51432328,0.04924024,1974.63754942,0.01998553,0.01998553,25734,79,0
7766.49695934,7766.49705658,2642.51989760,2642.51666731,0.05083553,1974.71299190,0.01998553,0.01998553,25733,79,0
7766.79860886,7766.79889138,2652.55391415,2652.54451512,0.04654796,1974.78689394,0.01998553,0.01998553,25732,79,0
7767.10142219,7767.10074964,2662.60356059,2662.62596819,0.04646529,1974.85944192,0.01998553,0.01998553,25731,79,0
7767.40254030,7767.40263135,2672.66861325,2672.66557540,0.04893502,1974.92994570,0.01998553,0.01998553,25730,79,0
7767.70436416,7767.70453651,2682.74881391,2682.74305512,0.04719440,1974.99896595,0.01998553,0.01998553,25729,79,0
7768.00684309,7768.00646514,2692.84396863,2692.85661453,0.04522436,1975.06647092,0.01998553,0.01998553,25728,79,0
7768.30834019,7768.30841724,2702.95426552,2702.95168378,0.04204649,1975.13209157,0.01998553,0.01998553,25727,79,0
7768.61043484,7768.61039280,2713.08003129,2713.08144201,0.05622212,1975.19616914,0.01998553,0.01998553,25726,79,0
7768.91255124,7768.91239183,2723.22157928,2723.22693652,0.05011178,1975.25857033,0.01998553,0.01998553,25725,79,0
7769.21438192,7769.21441434,2733.37880990,2733.37771900,0.04820162,1975.31922513,0.01998553,0.01998553,25724,79,0
7769.51657782,7769.51646032,2743.55118261,2743.55514265,0.04985672,1975.37825254,0.01998553,0.01998553,25723,79,0
7769.81836600,7769.81852977,2753.73813092,2753.73260418,0.04860611,1975.43549102,0.01998553,0.01998553,25722,79,0
7770.12052968,7770.12062271,2763.93938331,2763.93623960,0.04146607,1975.49108043,0.01998553,0.01998553,25721,79,0
7770.42282119,7770.42273913,2774.15557268,2774.15834933,0.04160776,1975.54496681,0.01998553,0.01998553,25720,79,0
7770.72516298,7770.72487904,2784.38750825,2784.39713124,0.05225286,1975.59713112,0.01998553,0.01998553,25719,79,0
7771.02705010,7771.02704244,2794.63594117,2794.63620133,0.04784289,1975.64748516,0.01998553,0.01998553,25718,79,0
7771.32916871,7771.32922933,2804.90101570,2804.89895509,0.04766821,1975.69613740,0.01998553,0.01998553,25717,79,0
7771.63148417,7771.63143971,2815.18254128,2815.18405498,0.04905660,1975.74306902,0.01998553,0.01998553,25716,79,0
7771.93351977,7771.93367359,2825.48032357,2825.47507884,0.04842915,1975.78819732,0.01998553,0.01998553,25715,79,0
7772.23608882,7772.23593097,2835.79423442,2835.79962483,0.04746152,1975.83163254,0.01998553,0.01998553,25714,79,0
7772.53871533,7772.53821185,2846.12423818,2846.14145658,0.04721840,1975.87329254,0.01998553,0.01998553,25713,79,0
7772.84035783,7772.84051624,2856.47030551,2856.46488006,0.05015309,1975.91303358,0.01998553,0.01998553,25712,79,0
7773.14318684,7773.14284414,2866.83236251,2866.84411700,0.04888836,1975.95113111,0.01998553,0.01998553,25711,79,0
7773.44553964,7773.44519554,2877.21018054,2877.22199966,0.04324216,1975.98736039,0.01998553,0.01998553,25710,79,0
7773.74793700,7773.74757046,2887.60349510,2887.61610276,0.04854104,1976.02177852,0.01998553,0.01998553,25709,79,0
7774.04998046,7774.04996890,2898.01211014,2898.01250835,0.04239255,1976.05433416,0.01998553,0.01998553,25708,79,0
7774.35253267,7774.35239085,2908.43648634,2908.44137845,0.05063914,1976.08511209,0.01998553,0.01998553,25707,79,0
7774.65486528,7774.65483633,2918.87744578,2918.87844586,0.04724958,1976.11402945,0.01998553,0.01998553,25706,79,0
7774.95767666,7774.95730533,2929.33580226,2929.34865179,0.04797071,1976.14114384,0.01998553,0.01998553,25705,79,0
7775.25992354,7775.25979786,2939.81175119,2939.81610713,0.04345916,1976.16635381,0.01998553,0.01998553,25704,79,0
7775.56225042,7775.56231392,2950.30474517,2950.30254075,0.04720064,1976.18970698,0.01998553,0.01998553,25703,79,0
7775.86450497,7775.86485352,2960.81418878,2960.80207250,0.04569624,1976.21118126,0.01998553,0.01998553,25702,79,0
7776.16726484,7776.16741664,2971.33981764,2971.33453267,0.05021616,1976.23080434,0.01998553,0.01998553,25701,79,0
7776.46975334,7776.47000331,2981.88222213,2981.87350608,0.04567571,1976.24851595,0.01998553,0.01998553,25700,79,0
7776.77257026,7776.77261352,2992.44213263,2992.44062178,0.04778304,1976.26434263,0.01998553,0.01998553,25699,79,0
7777.07491153,7777.07524727,3003.02017071,3003.00842591,0.03965749,1976.27823506,0.01998553,0.01998553,25698,79,0
7777.37765628,7777.37790457,3013.61631948,3013.60761975,0.04970585,1976.29022448,0.01998553,0.01998553,25697,79,0
7777.68035834,7777.68058541,3024.23033881,3024.22236964,0.05145024,1976.30027974,0.01998553,0.01998553,25696,79,0
7777.98291596,7777.98328981,3034.86201435,3034.84887345,0.04674991,1976.30838938,0.01998553,0.01998553,25695,79,0
7778.28584372,7778.28601777,3045.51148808,3045.50536036,0.04537902,1976.31455547,0.01998553,0.01998553,25694,79,0
7778.58849109,7778.58876928,3056.17914836,3056.16933830,0.05151811,1976.31875429,0.01998553,0.01998553,25693,79,0
7778.89077984,7778.89154435,3066.86537473,3066.83836940,0.04300192,1976.32098108,0.01998553,0.01998553,25692,79,0
7779.19482447,7779.19434298,3077.56994216,3077.58697736,0.04305886,1976.32122751,0.01998553,0.01998553,25691,79,0
7779.49691183,7779.49716518,3088.29186698,3088.28289013,0.05188744,1976.31948273,0.01998553,0.01998553,25690,79,0
7779.79973291,7779.80001095,3099.03011188,3099.02024646,0.04931123,1976.31573418,0.01998553,0.01998553,25689,79,0
7780.10237911,7780.10288029,3109.78435649,3109.76654747,0.04355047,1976.30997881,0.01998553,0.01998553,25688,79,0
7780.40576546,7780.40577320,3120.55587453,3120.55559904,0.04822353,1976.30218368,0.01998553,0.01998553,25687,79,0
7780.70858517,7780.70868969,3131.34616473,3131.34243811,0.05098264,1976.29236955,0.01998553,0.01998553,25686,79,0
7781.01177792,7781.01162976,3142.15634553,3142.16163680,0.05127053,1976.28049613,0.01998553,0.01998553,25685,79,0
7781.31533548,7781.31459342,3152.98602100,3153.01256895,0.04910770,1976.26654569,0.01998553,0.01998553,25684,79,0
7781.61762323,7781.61758065,3163.83442303,3163.83594849,0.05433959,1976.25059289,0.01998553,0.01998553,25683,79,0
7781.92039592,7781.92059148,3174.70090986,3174.69389113,0.03943844,1976.23254384,0.01998553,0.01998553,25682,79,0
7782.22415146,7782.22362590,3185.58572064,3185.60461425,0.04327013,1976.21234315,0.01998553,0.01998553,25681,79,0
7782.52707733,7782.52668390,3196.48945676,3196.50362401,0.04749997,1976.19009817,0.01998553,0.01998553,25680,79,0
7782.83007579,7782.82976551,3207.41267052,3207.42386282,0.04609916,1976.16573860,0.01998553,0.01998553,25679,79,0
7783.13272128,7783.13287071,3218.35528954,3218.34989012,0.04640687,1976.13929078,0.01998553,0.01998553,25678,79,0
7783.43597818,7783.43599952,3229.31684414,3229.31607175,0.04825696,1976.11065804,0.01998553,0.01998553,25677,79,0
7783.73924705,7783.73915193,3240.29688251,3240.30033036,0.04590478,1976.07988096,0.01998553,0.01998553,25676,79,0
7784.04160048,7784.04232795,3251.29552146,3251.26910873,0.04803143,1976.04705243,0.01998553,0.01998553,25675,79,0
7784.34589256,7784.34552757,3262.31340331,3262.32667790,0.04698172,1976.01183890,0.01998553,0.01998553,25674,79,0
7784.64850271,7784.64875081,3273.35118716,3273.34214805,0.04651804,1975.97464336,0.01998553,0.01998553,25673,79,0
7784.95197251,7784.95199766,3284.40920445,3284.40828638,0.04242067,1975.93514969,0.01998553,0.01998553,25672,79,0
7785.25569731,7785.25526814,3295.48736623,3295.50305714,0.04564422,1975.89341318,0.01998553,0.01998553,25671,79,0
7785.55844732,7785.55856223,3306.58555542,3306.58134692,0.04691633,1975.84959960,0.01998553,0.01998553,25670,79,0
7785.86203759,7785.86187995,3317.70367122,3317.70945462,0.05056927,1975.80343664,0.01998553,0.01998553,25669,79,0
7786.16517657,7786.16522129,3328.84164147,3328.83999813,0.05274266,1975.75510524,0.01998553,0.01998553,25668,79,0
7786.46825414,7786.46858626,3339.99939721,3339.98717132,0.04974048,1975.70453777,0.01998553,0.01998553,25667,79,0
7786.77225784,7786.77197487,3351.17710320,3351.18753769,0.04458822,1975.65154755,0.01998553,0.01998553,25666,79,0
7787.07545957,7787.07538711,3362.37543223,3362.37810909,0.04431096,1975.59641942,0.01998553,0.01998553,25665,79,0
7787.37925495,7787.37882298,3373.59512957,3373.61111665,0.05659359,1975.53888605,0.01998553,0.01998553,25664,79,0
7787.68021642,7787.68228250,0.00000000,3384.76778028,0.07053440,1975.47956526,0.01998552,0.01998553,25663,79,1
7787.98631533,7787.98576566,3396.09943557,3396.11985326,0.04715582,1975.41697662,0.01998553,0.01998553,25662,79,0
7788.28962956,7788.28927246,3407.38298186,3407.39626920,0.04646695,1975.35257884,0.01998553,0.01998553,25661,79,0
7788.59261829,7788.59280292,3418.68684101,3418.67995939,0.04746998,1975.28591805,0.01998553,0.01998553,25660,79,0
7788.89599336,7788.89635702,3430.01121554,3429.99763702,0.05108659,1975.21682375,0.01998553,0.01998553,25659,79,0
7789.20068852,7789.19993478,3441.35643085,3441.38462465,0.04532627,1975.14504914,0.01998553,0.01998553,25658,79,0
7789.50398815,7789.50353620,3452.72283183,3452.73976763,0.05186805,1975.07122018,0.01998553,0.01998553,25657,79,0
7789.80732490,7789.80716127,3464.11082322,3464.11696607,0.04948113,1974.99498881,0.01998553,0.01998553,25656,79,0
7790.11033322,7790.11081001,3475.52082635,3475.50289371,0.04208451,1974.91643462,0.01998553,0.01998553,25655,79,0
7790.41436131,7790.41448241,3486.95311802,3486.94855487,0.05380162,1974.83518475,0.01998553,0.01998553,25654,79,0
7790.71842546,7790.71817848,3498.40742211,3498.41674581,0.03805167,1974.75147809,0.01998553,0.01998553,25653,79,0
7791.02231163,7791.02189822,3509.88332958,3509.89896387,0.04947237,1974.66536517,0.01998553,0.01998553,25652,79,0
7791.32564727,7791.32564163,3521.38042434,3521.38063794,0.04462311,1974.57695067,0.01998553,0.01998553,25651,79,0
7791.62970677,7791.62940872,3532.89827745,3532.90958792,0.04880625,1974.48585169,0.01998553,0.01998553,25650,79,0
7791.93310750,7791.93319949,3544.43645289,3544.43295598,0.04796273,1974.39247274,0.01998553,0.01998553,25649,79,0
7792.23705579,7792.23701394,3555.99501310,3555.99660668,0.05655471,1974.29643109,0.01998553,0.01998553,25648,79,0
7792.54043174,7792.54085208,3567.57584925,3567.55981223,0.04885127,1974.19805235,0.01998553,0.01998553,25647,79,0
7792.84474960,7792.84471390,3579.18128885,3579.18265380,0.04198419,1974.09680676,0.01998553,0.01998553,25646,79,0
7793.14808066,7793.14859941,3590.81271314,3590.79283711,0.05020359,1973.99330916,0.01998553,0.01998553,25645,79,0
7793.44611131,nan,0.00000000,3602.23382689,0.26756626,1973.88900962,0.01998551,0.01998553,25644,79,1
7793.75661240,7793.75644151,3614.14550530,3614.15207609,0.04650636,1973.77791989,0.01998553,0.01998553,25643,79,0
7794.05963096,7794.06039811,3625.84310388,3625.81355410,0.04004159,1973.66681357,0.01998553,0.01998553,25642,79,0
7794.36433571,7794.36437841,3637.56357005,3637.56192176,0.04196510,1973.55246836,0.01998553,0.01998553,25641,79,0
7794.66789599,7794.66838242,3649.31008200,3649.29126526,0.05216730,1973.43589357,0.01998553,0.01998553,25640,79,0
7794.97285805,7794.97241012,3661.08425163,3661.10161725,0.04607107,1973.31607518,0.01998553,0.01998553,25639,79,0
7795.27697391,7795.27646154,3672.88386792,3672.90377104,0.04840622,1973.19389500,0.01998553,0.01998553,25638,79,0
7795.58036435,7795.58053667,3684.70614399,3684.69943860,0.05353661,1973.06933920,0.01998553,0.01998553,25637,79,0
7795.88424827,7795.88463552,3696.54987542,3696.53477952,0.05540352,1972.94190939,0.01998553,0.01998553,25636,79,0
7796.18938747,7796.18875808,3708.41692592,3708.44150960,0.03758277,1972.81122877,0.01998553,0.01998553,25635,79,0
7796.49234505,7796.49290437,3720.30949935,3720.28760578,0.04976125,1972.67874230,0.01998553,0.01998553,25634,79,0
7796.79730597,7796.79707437,3732.22836155,3732.23744603,0.04780646,1972.54259738,0.01998553,0.01998553,25633,79,0
7797.10107918,7797.10126811,3744.17214791,3744.16472279,0.04838547,1972.40420685,0.01998553,0.01998553,25632,79,0
7797.40567386,7797.40548557,3756.13934847,3756.14676198,0.04662733,1972.26266267,0.01998553,0.01998553,25631,79,0
7797.70993533,7797.70972676,3768.12952187,3768.13774928,0.04280600,1972.11848521,0.01998553,0.01998553,25630,79,0
7798.01436473,7798.01399169,3780.14339181,3780.15813546,0.04409652,1971.97141574,0.01998553,0.01998553,25629,79,0
7798.31842258,7798.31828035,3792.18172879,3792.18736104,0.04784604,1971.82169293,0.01998553,0.01998553,25628,79,0
7798.62208887,7798.62259276,3804.24502367,3804.22502910,0.04759869,1971.66931551,0.01998553,0.01998553,25627,79,0
7798.92655237,7798.92692891,3816.33355365,3816.31858216,0.04380030,1971.51366171,0.01998553,0.01998553,25626,79,0
7799.22922430,7799.23128880,0.00000000,3828.36477069,0.05521626,1971.35605697,0.01998553,0.01998553,25625,79,1
7799.53547207,7799.53567244,3840.58711294,3840.57911373,0.05073060,1971.19364215,0.01998553,0.01998553,25624,79,0
7799.84053160,7799.84007983,3852.75212218,3852.77019450,0.04434385,1971.02891521,0.01998553,0.01998553,25623,79,0
7800.14404641,7800.14451098,3864.94275410,3864.92413162,0.05063484,1970.86208240,0.01998553,0.01998553,25622,79,0
7800.44949356,7800.44896588,3877.16028918,3877.18148798,0.04322871,1970.69119207,0.01998553,0.01998553,25621,79,0
7800.75050502,7800.75344454,0.00000000,3889.30062650,0.06923579,1970.51962352,0.01998552,0.01998553,25620,79,1
7801.05831647,7801.05794696,3901.68180882,3901.69672134,0.04113767,1970.34145338,0.01998553,0.01998553,25619,79,0
7801.36280201,7801.36247315,3913.98485579,3913.99815573,0.04473198,1970.16196289,0.01998553,0.01998553,25618,79,0
7801.66719000,7801.66702310,3926.31333037,3926.32009283,0.05024922,1969.97949509,0.01998553,0.01998553,25617,79,0
7801.97175353,7801.97159683,3938.66697806,3938.67334048,0.04795835,1969.79387217,0.01998553,0.01998553,25616,79,0
7802.27628334,7802.27619433,3951.04877836,3951.05240093,0.04847228,1969.60515719,0.01998553,0.01998553,25615,79,0
7802.58093120,7802.58081560,3963.46186051,3963.46657670,0.03755104,1969.41318749,0.01998553,0.01998553,25614,79,0
7802.88578151,7802.88546066,3975.90552563,3975.91864548,0.04147933,1969.21789520,0.01998553,0.01998553,25613,79,0
7803.19022550,7803.19012949,3988.37547469,3988.37940773,0.04814245,1969.01972202,0.01998553,0.01998553,25612,79,0
7803.49547293,7803.49482211,4000.86795055,4000.89465794,0.04352562,1968.81791782,0.01998553,0.01998553,25611,79,0
7803.80000342,7803.79953852,4013.38523819,4013.40435644,0.03549449,1968.61343358,0.01998553,0.01998553,25610,79,0
7804.10385620,7804.10427872,4025.93266498,4025.91524565,0.04517193,1968.40615963,0.01998553,0.01998553,25609,79,0
7804.40897854,7804.40904271,4038.51401587,4038.51136352,0.05006395,1968.19467396,0.01998553,0.01998553,25608,79,0
7804.71324571,7804.71383049,4051.12692960,4051.10270306,0.04228051,1967.98045998,0.01998553,0.01998553,25607,79,0
7805.01891554,7805.01864207,4063.76756720,4063.77891884,0.04214884,1967.76196457,0.01998553,0.01998553,25606,79,0
7805.32351915,7805.32347746,4076.43397471,4076.43570882,0.04246586,1967.54096261,0.01998553,0.01998553,25605,79,0
nan,nan,0.00000000,-1.00000000,0.00000000,1967.31876663,nan,0.00000000,-2147483648,79,1
nan,nan,0.00000000,-1.00000000,0.00000000,1967.13227935,nan,0.00000000,-2147483648,78,1
7771.32997966,7771.32922933,9.01335967,9.03151268,0.05522147,1967.50621919,0.01998553,0.01998553,25717,78,0
7771.63217412,7771.63143971,16.32741575,16.34519638,0.03970229,1967.89424456,0.01998553,0.01998553,25716,78,0
7771.93381493,7771.93367359,23.64736324,23.65078777,0.03556880,1968.28090375,0.01998553,0.01998553,25715,78,0
7772.23612413,7772.23593097,30.97329925,30.97798264,0.05988725,1968.66776605,0.01998553,0.01998553,25714,78,0
7772.53901802,7772.53821185,38.30531547,38.32487692,0.04057374,1969.05472315,0.01998553,0.01998553,25713,78,0
7772.83956451,7772.84051624,45.64334187,45.62023163,0.04752225,1969.43802924,0.01998553,0.01998553,25712,78,0
7773.14271598,7773.14284414,52.98712941,52.98401531,0.06095367,1969.82398455,0.01998553,0.01998553,25711,78,0
7773.44559775,7773.44519554,60.33641872,60.34619845,0.04202826,1970.20890592,0.01998553,0.01998553,25710,78,0
7773.74734561,7773.74757046,67.69094917,67.68547843,0.05424302,1970.59168451,0.01998553,0.01998553,25709,78,0
7774.05006577,7774.04996890,75.05050339,75.05286172,0.04983298,1970.97497972,0.01998553,0.01998553,25708,78,0
7774.35260571,7774.35239085,82.41521517,82.42044901,0.03409907,1971.35733478,0.01998553,0.01998553,25707,78,0
7774.65464421,7774.65483633,89.78538642,89.78070295,0.04271113,1971.73836009,0.01998553,0.01998553,25706,78,0
7774.95856376,7774.95730533,97.16132147,97.19202039,0.05354960,1972.12107045,0.01998553,0.01998553,25705,78,0
7775.26002866,7775.25979786,104.54332600,104.54896039,0.02959963,1972.50002185,0.01998553,0.01998553,25704,78,0
7775.56165145,7775.56231392,111.93162110,111.91543529,0.04757984,1972.87851525,0.01998553,0.01998553,25703,78,0
7775.86409136,7775.86485352,119.32618206,119.30754673,0.03312568,1973.25737134,0.01998553,0.01998553,25702,78,0
7776.16686479,7776.16741664,126.72694007,126.71343661,0.04841916,1973.63597491,0.01998553,0.01998553,25701,78,0
7776.47028482,7776.47000331,134.13382597,134.14071960,0.04841898,1974.01470858,0.01998553,0.01998553,25700,78,0
7776.77272767,7776.77261352,141.54676956,141.54956706,0.03492516,1974.39154102,0.01998553,0.01998553,25699,78,0
7777.07522043,7777.07524727,148.96568124,148.96502318,0.04421770,1974.76774852,0.01998553,0.01998553,25698,78,0
7777.37804268,7777.37790457,156.39044991,156.39383926,0.04346595,1975.14366989,0.01998553,0.01998553,25697,78,0
7777.68017398,7777.68058541,163.82096288,163.81085912,0.05381575,1975.51803202,0.01998553,0.01998553,25696,78,0
7777.98308742,7777.98328981,171.25710686,171.25213325,0.04412275,1975.89265226,0.01998553,0.01998553,25695,78,0
7778.28580413,7778.28601777,178.69880634,178.69355290,0.04818931,1976.26631232,0.01998553,0.01998553,25694,78,0
7778.58859886,7778.58876928,186.14624255,186.14204904,0.04594881,1976.63935900,0.01998553,0.01998553,25693,78,0
7778.89090672,7778.89154435,193.59970336,193.58400094,0.05543465,1977.01111020,0.01998553,0.01998553,25692,78,0
7779.19416944,7779.19434298,201.05947841,201.05520140,0.05140823,1977.38334964,0.01998553,0.01998553,25691,78,0
7779.49613405,7779.49716518,208.52585770,208.50042351,0.03200561,1977.75332528,0.01998553,0.01998553,25690,78,0
7779.80037304,7779.80001095,215.99896042,216.00789906,0.05714970,1978.12541470,0.01998553,0.01998553,25689,78,0
7780.10226086,7780.10288029,223.47853803,223.46323485,0.03844056,1978.49394649,0.01998553,0.01998553,25688,78,0
7780.40637115,7780.40577320,230.96429335,230.97907633,0.05415750,1978.86448747,0.01998553,0.01998553,25687,78,0
7780.70787722,7780.70868969,238.45592772,238.43582708,0.03315910,1979.23114129,0.01998553,0.01998553,25686,78,0
7781.01170269,7781.01162976,245.95316199,245.95496730,0.04579239,1979.59988073,0.01998553,0.01998553,25685,78,0
7781.31508462,7781.31459342,253.45600879,253.46817749,0.03364138,1979.96734452,0.01998553,0.01998553,25684,78,0
7781.61759506,7781.61758065,260.96469629,260.96505348,0.05309705,1980.33302834,0.01998553,0.01998553,25683,78,0
7781.92079354,7781.92059148,268.47945878,268.48447178,0.03474756,1980.69882748,0.01998553,0.01998553,25682,78,0
7782.22414535,7782.22362590,276.00053165,276.01342924,0.05642695,1981.06410323,0.01998553,0.01998553,25681,78,0
7782.52694589,7782.52668390,283.52810436,283.53461432,0.03720567,1981.42801555,0.01998553,0.01998553,25680,78,0
7782.82960102,7782.82976551,291.06219858,291.05810800,0.05333592,1981.79105345,0.01998553,0.01998553,25679,78,0
7783.13220135,7783.13287071,298.60279838,298.58613961,0.05186387,1982.15332333,0.01998553,0.01998553,25678,78,0
7783.43623796,7783.43599952,306.14988773,306.15582665,0.04012763,1982.51660246,0.01998553,0.01998553,25677,78,0
7783.73914925,7783.73915193,313.70345131,313.70338444,0.04782674,1982.87782606,0.01998553,0.01998553,25676,78,0
7784.04253100,7784.04232795,321.26349514,321.26856041,0.04120731,1983.23889748,0.01998553,0.01998553,25675,78,0
7784.34635577,7784.34552757,328.83004818,328.85072452,0.05125797,1983.59978001,0.01998553,0.01998553,25674,78,0
7784.64861768,7784.64875081,336.40314063,336.39981433,0.03639791,1983.95809420,0.01998553,0.01998553,25673,78,0
7784.95174608,7784.95199766,343.98280284,343.97651188,0.05569869,1984.31672156,0.01998553,0.01998553,25672,78,0
7785.25519833,7785.25526814,351.56904477,351.56729789,0.05136859,1984.67501410,0.01998553,0.01998553,25671,78,0
7785.55850615,7785.55856223,359.16177448,359.16037006,0.04369655,1985.03241168,0.01998553,0.01998553,25670,78,0
7785.86173915,7785.86187995,366.76086796,366.75733925,0.04368840,1985.38898906,0.01998553,0.01998553,25669,78,0
7786.16500986,7786.16522129,374.36620053,374.36089759,0.03323143,1985.74487071,0.01998553,0.01998553,25668,78,0
7786.46821594,7786.46858626,381.97764983,381.96835507,0.04402318,1986.09992880,0.01998553,0.01998553,25667,78,0
7786.77220031,7786.77197487,389.59520808,389.60087070,0.03027156,1986.45514529,0.01998553,0.01998553,25666,78,0
7787.07569248,7787.07538711,397.21901738,397.22669332,0.05331909,1986.80903901,0.01998553,0.01998553,25665,78,0
7787.37807246,7787.37882298,404.84923061,404.83035054,0.04612061,1987.16089784,0.01998553,0.01998553,25664,78,0
7787.68235440,7787.68228250,412.48600142,412.48781164,0.03798295,1987.51423112,0.01998553,0.01998553,25663,78,0
7787.98571773,7787.98576566,420.12946329,420.12825577,0.05360136,1987.86576386,0.01998553,0.01998553,25662,78,0
7788.28900866,7788.28927246,427.77963303,427.77298088,0.05211193,1988.21647868,0.01998553,0.01998553,25661,78,0
7788.59332420,7788.59280292,435.43648658,435.44964169,0.03663877,1988.56763723,0.01998553,0.01998553,25660,78,0
7788.89613761,7788.89635702,443.09999968,443.09445819,0.05207369,1988.91632212,0.01998553,0.01998553,25659,78,0
7789.20040464,7789.19993478,450.77014828,450.78202432,0.04809035,1989.26593363,0.01998553,0.01998553,25658,78,0
7789.50353938,7789.50353620,458.44692109,458.44700170,0.03065693,1989.61349647,0.01998553,0.01998553,25657,78,0
7789.80755984,7789.80716127,466.13032378,466.14041369,0.05289271,1989.96132325,0.01998553,0.01998553,25656,78,0
7790.11071455,7790.11081001,473.82036322,473.81794467,0.05467040,1990.30740807,0.01998553,0.01998553,25655,78,0
7790.41480531,7790.41448241,481.51704631,481.52523353,0.04537247,1990.65380561,0.01998553,0.01998553,25654,78,0
7790.71862929,7790.71817848,489.22035663,489.23179597,0.03825088,1990.99914014,0.01998553,0.01998553,25653,78,0
7791.02271267,7791.02189822,496.93015800,496.95084015,0.04640700,1991.34400132,0.01998553,0.01998553,25652,78,0
7791.32513470,7791.32564163,504.64627516,504.63339273,0.04929807,1991.68620616,0.01998553,0.01998553,25651,78,0
7791.62997030,7791.62940872,512.36853189,512.38281318,0.03051753,1992.03035267,0.01998553,0.01998553,25650,78,0
7791.93337052,7791.93319949,520.09676223,520.10111466,0.04740251,1992.37208233,0.01998553,0.01998553,25649,78,0
7792.23705064,7792.23701394,527.83111642,527.83205090,0.04906141,1992.71333621,0.01998553,0.01998553,25648,78,0
7792.54025936,7792.54085208,535.57210004,535.55699298,0.04701714,1993.05329084,0.01998553,0.01998553,25647,78,0
7792.84491677,7792.84471390,543.32024002,543.32541525,0.03428641,1993.39411606,0.01998553,0.01998553,25646,78,0
7793.14838593,7793.14859941,551.07606602,551.07061485,0.04906914,1993.73288151,0.01998553,0.01998553,25645,78,0
7793.45251631,7793.45250861,558.83990837,558.84010497,0.04961645,1994.07166528,0.01998553,0.01998553,25644,78,0
7793.75655430,7793.75644151,566.61132591,566.61421104,0.04518929,1994.40960382,0.01998553,0.01998553,25643,78,0
7794.05991287,7794.06039811,574.38969028,574.37726789,0.03531411,1994.74601761,0.01998553,0.01998553,25642,78,0
7794.36433829,7794.36437841,582.17436975,582.17334186,0.04040811,1995.08281201,0.01998553,0.01998553,25641,78,0
7794.66840314,7794.66838242,589.96477232,589.96530359,0.04843996,1995.41837732,0.01998553,0.01998553,25640,78,0
7794.97258037,7794.97241012,597.76097393,597.76534105,0.04565469,1995.75323778,0.01998553,0.01998553,25639,78,0
7795.27632315,7795.27646154,605.56358168,605.56002867,0.04449962,1996.08681662,0.01998553,0.01998553,25638,78,0
7795.58097816,7795.58053667,613.37322037,613.38456419,0.03345510,1996.42061536,0.01998553,0.01998553,25637,78,0
7795.88473072,7795.88463552,621.19051692,621.19296533,0.05237715,1996.75266973,0.01998553,0.01998553,25636,78,0
7796.18938999,7796.18875808,629.01578336,629.03205003,0.04923961,1997.08496788,0.01998553,0.01998553,25635,78,0
7796.49309615,7796.49290437,636.84858629,636.85352747,0.05086363,1997.41546027,0.01998553,0.01998553,25634,78,0
7796.79713171,7796.79707437,644.68838289,644.68986112,0.04371130,1997.74551935,0.01998553,0.01998553,25633,78,0
7797.10121308,7797.10126811,652.53462740,652.53320753,0.04686471,1998.07481045,0.01998553,0.01998553,25632,78,0
7797.40619202,7797.40548557,660.38686830,660.40510911,0.03620000,1998.40423093,0.01998553,0.01998553,25631,78,0
7797.70993902,7797.70972676,668.24538984,668.25087459,0.04761603,1998.73149173,0.01998553,0.01998553,25630,78,0
7798.01396734,7798.01399169,676.11081678,676.11018696,0.05007549,1999.05825082,0.01998553,0.01998553,25629,78,0
7798.31863830,7798.31828035,683.98377900,683.99304450,0.05132190,1999.38491649,0.01998553,0.01998553,25628,78,0
7798.62209978,7798.62259276,691.86489470,691.85212124,0.04540909,1999.70952773,0.01998553,0.01998553,25627,78,0
7798.92668217,7798.92692891,699.75425719,699.74785794,0.04588762,2000.03457853,0.01998553,0.01998553,25626,78,0
7799.23117917,7799.23128880,707.65130587,707.64846032,0.04789617,2000.35875163,0.01998553,0.01998553,25625,78,0
7799.53573175,7799.53567244,715.55543643,715.55697720,0.05140629,2000.68216967,0.01998553,0.01998553,25624,78,0
7799.84030199,7799.84007983,723.46604127,723.47181660,0.04852114,2001.00476478,0.01998553,0.01998553,25623,78,0
7800.14411843,7800.14451098,731.38273470,731.37252298,0.03471345,2001.32570496,0.01998553,0.01998553,25622,78,0
7800.44973365,7800.44896588,739.30587742,739.32586580,0.04939680,2001.64769477,0.01998553,0.01998553,25621,78,0
7800.75272473,7800.75344454,747.23598731,747.21723211,0.05038795,2001.96609616,0.01998553,0.01998553,25620,78,0
7801.05752232,7801.05794696,755.17358510,755.16251088,0.04810630,2002.28558685,0.01998553,0.01998553,25619,78,0
7801.36260264,7801.36247315,763.11914591,763.12252623,0.04206254,2002.60457755,0.01998553,0.01998553,25618,78,0
7801.66672573,7801.66702310,771.07268605,771.06491629,0.04654150,2002.92177214,0.01998553,0.01998553,25617,78,0
7801.97170061,7801.97159683,779.03396631,779.03668018,0.04879053,2003.23904534,0.01998553,0.01998553,25616,78,0
7802.27640728,7802.27619433,787.00274343,787.00831697,0.05343723,2003.55521714,0.01998553,0.01998553,25615,78,0
7802.58065371,7802.58081560,794.97877681,794.97453609,0.04507303,2003.87007900,0.01998553,0.01998553,25614,78,0
7802.88514755,7802.88546066,802.96197990,802.95377148,0.04997508,2004.18435807,0.01998553,0.01998553,25613,78,0
7803.19022006,7803.19012949,810.95246654,810.95484278,0.04638649,2004.49839470,0.01998553,0.01998553,25612,78,0
7803.49520818,7803.49482211,818.95036453,818.96050269,0.04465280,2004.81150660,0.01998553,0.01998553,25611,78,0
7803.80007103,7803.79953852,826.95580234,826.96979853,0.05060911,2005.12365496,0.01998553,0.01998553,25610,78,0
7804.10363012,7804.10427872,834.96887702,834.95181492,0.05288754,2005.43363993,0.01998553,0.01998553,25609,78,0
7804.40912430,7804.40904271,842.98959006,842.99173827,0.04426059,2005.74476356,0.01998553,0.01998553,25608,78,0
7804.71393739,7804.71383049,851.01792505,851.02074217,0.04271524,2006.05435285,0.01998553,0.01998553,25607,78,0
7805.01859024,7805.01864207,859.05386544,859.05249819,0.04784159,2006.36293679,0.01998553,0.01998553,25606,78,0
7805.32372129,7805.32347746,867.09742255,867.10385915,0.04884089,2006.67115837,0.01998553,0.01998553,25605,78,0
7805.62832203,7805.62833665,875.14880736,875.14842125,0.04785640,2006.97800428,0.01998553,0.01998553,25604,78,0
7805.93384295,7805.93321964,883.20831888,883.22480392,0.04415436,2007.28494251,0.01998553,0.01998553,25603,78,0
7806.23844693,7806.23812645,891.27625816,891.28474258,0.04821727,2007.59013573,0.01998553,0.01998553,25602,78,0
7806.54316517,7806.54305706,899.35290340,899.35576840,0.04862705,2007.89462767,0.01998553,0.01998553,25601,78,0
7806.84818579,7806.84801149,907.43806540,907.44268872,0.04454589,2008.19859420,0.01998553,0.01998553,25600,78,0
7807.15289069,7807.15298974,915.53113235,915.52850279,0.04385601,2008.50139335,0.01998553,0.01998553,25599,78,0
7807.45742115,7807.45799181,923.63147388,923.61631217,0.04269344,2008.80314122,0.01998553,0.01998553,25598,78,0
7807.76287375,7807.76301770,931.73846126,931.73463380,0.04930051,2009.10489508,0.01998553,0.01998553,25597,78,0
7808.06758619,7808.06806742,939.85190751,939.83910334,0.04940346,2009.40500258,0.01998553,0.01998553,25596,78,0
7808.37347261,7808.37314097,947.97240361,947.98123498,0.04639755,2009.70536641,0.01998553,0.01998553,25595,78,0
7808.67897917,7808.67823835,956.10062247,956.12036822,0.04926458,2010.00447946,0.01998553,0.01998553,25594,78,0
7808.98307235,7808.98335956,964.23724084,964.22957794,0.04819379,2010.30135928,0.01998553,0.01998553,25593,78,0
7809.28900482,7809.28850461,972.38270542,972.39606424,0.04743723,2010.59919266,0.01998553,0.01998553,25592,78,0
7809.59331231,7809.59367351,980.53666752,980.52701207,0.04930874,2010.89459018,0.01998553,0.01998553,25591,78,0
7809.89953266,7809.89886624,988.69860636,988.71643637,0.04222853,2011.19096270,0.01998553,0.01998553,25590,78,0
7810.20392526,7810.20408282,996.86799813,996.86377913,0.04559419,2011.48466773,0.01998553,0.01998553,25589,78,0
7810.50939040,7810.50932325,1005.04440641,1005.04620588,0.04548955,2011.77848863,0.01998553,0.01998553,25588,78,0
7810.81493807,7810.81458753,1013.22799004,1013.23739125,0.05696531,2012.07147096,0.01998553,0.01998553,25587,78,0
7811.11994742,7811.11987566,1021.41915131,1021.42107760,0.05026475,2012.36303309,0.01998553,0.01998553,25586,78,0
7811.42580163,7811.42518765,1029.61829554,1029.63479162,0.04326857,2012.65450735,0.01998553,0.01998553,25585,78,0
7811.73053907,7811.73052350,1037.82580308,1037.82622189,0.04580101,2012.94403587,0.01998553,0.01998553,25584,78,0
7812.03587499,7812.03588321,1046.04169911,1046.04147774,0.04417611,2013.23324821,0.01998553,0.01998553,25583,78,0
7812.34200132,7812.34126679,1054.26575782,1054.28554784,0.05242920,2013.52230895,0.01998553,0.01998553,25582,78,0
7812.64690590,7812.64667424,1062.49774681,1062.50399387,0.05095593,2013.80930878,0.01998553,0.01998553,25581,78,0
7812.95189379,7812.95210555,1070.73743751,1070.73172233,0.04642487,2014.09547026,0.01998553,0.01998553,25580,78,0
7813.25770551,7813.25756074,1078.98475273,1078.98866317,0.03947142,2014.38147851,0.01998553,0.01998553,25579,78,0
7813.56275068,7813.56303981,1087.23978835,1087.23197179,0.04214222,2014.66584626,0.01998553,0.01998553,25578,78,0
7813.86847507,7813.86854276,1095.50265018,1095.50081860,0.04255074,2014.94992235,0.01998553,0.01998553,25577,78,0
7814.17346575,7814.17406958,1103.77344577,1103.75709231,0.04140237,2015.23239481,0.01998553,0.01998553,25576,78,0
7814.47912301,7814.47962030,1112.05238353,1112.03890320,0.04532698,2015.51456488,0.01998553,0.01998553,25575,78,0
7814.78538941,7814.78519490,1120.33985004,1120.34512786,0.05119114,2015.79638374,0.01998553,0.01998553,25574,78,0
7815.09115029,7815.09079339,1128.63625221,1128.64594651,0.04666346,2016.07683568,0.01998553,0.01998553,25573,78,0
7815.39597464,7815.39641577,1136.94199894,1136.93000409,0.04244531,2016.35554192,0.01998553,0.01998553,25572,78,0
7815.70232281,7815.70206205,1145.25724597,1145.26434356,0.05350502,2016.63475097,0.01998553,0.01998553,25571,78,0
7816.00797627,7816.00773223,1153.58146614,1153.58811502,0.04921150,2016.91241590,0.01998553,0.01998553,25570,78,0
7816.31300897,7816.31342631,1161.91401592,1161.90263506,0.04221934,2017.18858499,0.01998553,0.01998553,25569,78,0
7816.61891484,7816.61914430,1170.25424783,1170.24798573,0.04442925,2017.46458505,0.01998553,0.01998553,25568,78,0
7816.92471102,7816.92488619,1178.60173893,1178.59695457,0.04196225,2017.73950882,0.01998553,0.01998553,25567,78,0
7817.23061133,7817.23065199,1186.95696552,1186.95585391,0.04031713,2018.01356135,0.01998553,0.01998553,25566,78,0
7817.53656961,7817.53644170,1195.32062923,1195.32412932,0.04664610,2018.28672042,0.01998553,0.01998553,25565,78,0
7817.84225403,7817.84225534,1203.69343598,1203.69340026,0.04484378,2018.55871033,0.01998553,0.01998553,25564,78,0
7818.14822429,7818.14809288,1212.07595858,1212.07956211,0.03563258,2018.83004392,0.01998553,0.01998553,25563,78,0
7818.45392475,7818.45395435,1220.46800722,1220.46719448,0.04768103,2019.10021840,0.01998553,0.01998553,25562,78,0
7818.75954653,7818.75983975,1228.86912541,1228.86106829,0.04135891,2019.36938589,0.01998553,0.01998553,25561,78,0
7819.06575915,7819.06574907,1237.27885358,1237.27913086,0.05005985,2019.63811542,0.01998553,0.01998553,25560,78,0
7819.37169375,7819.37168232,1245.69678998,1245.69710465,0.04043398,2019.90562687,0.01998553,0.01998553,25559,78,0
7819.67829474,7819.67763950,1254.12298936,1254.14104319,0.04353228,2020.17274268,0.01998553,0.01998553,25558,78,0
7819.98321397,7819.98362062,1262.55771670,1262.54650159,0.04418512,2020.43742700,0.01998553,0.01998553,25557,78,0
7820.28939506,7820.28962568,1271.00123964,1270.99487301,0.04229348,2020.70224200,0.01998553,0.01998553,25556,78,0
7820.59576301,7820.59565468,1279.45380618,1279.45679999,0.05000546,2020.96625532,0.01998553,0.01998553,25555,78,0
7820.90164405,7820.90170762,1287.91545556,1287.91369731,0.04226380,2021.22888533,0.01998553,0.01998553,25554,78,0
7821.20728372,7821.20778450,1296.38610742,1296.37224143,0.04756229,2021.49034019,0.01998553,0.01998553,25553,78,0
7821.51374905,7821.51388534,1304.86567952,1304.86190211,0.04598084,2021.75152379,0.01998553,0.01998553,25552,78,0
7821.82029831,7821.82001013,1313.35408782,1313.36208233,0.04409100,2022.01179347,0.01998553,0.01998553,25551,78,0
7822.12580938,7822.12615887,1321.85123288,1321.84152798,0.04408219,2022.27019456,0.01998553,0.01998553,25550,78,0
7822.43204461,7822.43233158,1330.35700457,1330.34902862,0.04904019,2022.52821237,0.01998553,0.01998553,25549,78,0
7822.73850055,7822.73852824,1338.87129183,1338.87052153,0.04148706,2022.78541128,0.01998553,0.01998553,25548,78,0
7823.04486276,7823.04474886,1347.39400205,1347.39717354,0.04412249,2023.04152060,0.01998553,0.01998553,25547,78,0
7823.35099040,7823.35099346,1355.92532317,1355.92523795,0.03792687,2023.29642643,0.01998553,0.01998553,25546,78,0
7823.65708694,7823.65726202,1364.46565805,1364.46077351,0.04644117,2023.55030800,0.01998553,0.01998553,25545,78,0
7823.96348764,7823.96355455,1373.01541742,1373.01354860,0.04019911,2023.80345053,0.01998553,0.01998553,25544,78,0
7824.27005941,7824.26987106,1381.57499058,1381.58025665,0.04590037,2024.05574939,0.01998553,0.01998553,25543,78,0
7824.57617061,7824.57621154,1390.14437527,1390.14322955,0.05068651,2024.30668206,0.01998553,0.01998553,25542,78,0
7824.88254641,7824.88257601,1398.72324656,1398.72241740,0.04400542,2024.55683051,0.01998553,0.01998553,25541,78,0
7825.18932114,7825.18896446,1407.31126795,1407.32127070,0.04836553,2024.80628751,0.01998553,0.01998553,25540,78,0
7825.49532991,7825.49537689,1415.90811235,1415.90679355,0.04512271,2025.05409452,0.01998553,0.01998553,25539,78,0
7825.80220471,7825.80181331,1424.51365034,1424.52464693,0.04492744,2025.30156534,0.01998553,0.01998553,25538,78,0
7826.10801962,7826.10827373,1433.12791998,1433.12077393,0.05211792,2025.54714541,0.01998553,0.01998553,25537,78,0
7826.41472050,7826.41475813,1441.75096477,1441.74990530,0.04023487,2025.79239589,0.01998553,0.01998553,25536,78,0
7826.72117350,7826.72126654,1450.38284808,1450.38022675,0.04789780,2026.03640509,0.01998553,0.01998553,25535,78,0
7827.02798243,7827.02779895,1459.02396194,1459.02913706,0.04294805,2026.27966062,0.01998553,0.01998553,25534,78,0
7827.33431180,7827.33435535,1467.67497294,1467.67374322,0.04683600,2026.52151549,0.01998553,0.01998553,25533,78,0
7827.64077156,7827.64093577,1476.33656019,1476.33191819,0.04716539,2026.76246776,0.01998553,0.01998553,25532,78,0
7827.94786145,7827.94754019,1485.00934566,1485.01843866,0.05579122,2027.00291941,0.01998553,0.01998553,25531,78,0
7828.25405813,7828.25416862,1493.69301838,1493.68988745,0.04152335,2027.24166571,0.01998553,0.01998553,25530,78,0
7828.56070540,7828.56082107,1502.38653549,1502.38325458,0.04566901,2027.47972363,0.01998553,0.01998553,25529,78,0
7828.86740588,7828.86749754,1511.08882796,1511.08622611,0.04092283,2027.71674901,0.01998553,0.01998553,25528,78,0
7829.17429636,7829.17419802,1519.79890768,1519.80170174,0.04903075,2027.95281593,0.01998553,0.01998553,25527,78,0
7829.48044709,7829.48092253,1528.51692469,1528.50340516,0.04723906,2028.18721302,0.01998553,0.01998553,25526,78,0
7829.78734136,7829.78767106,1537.24383059,1537.23444616,0.04834599,2028.42109811,0.01998553,0.01998553,25525,78,0
7830.09507328,7830.09444362,1545.98059971,1545.99854228,0.05443444,2028.65455686,0.01998553,0.01998553,25524,78,0
7830.40114998,7830.40124021,1554.72812854,1554.72555434,0.04044085,2028.88572186,0.01998553,0.01998553,25523,78,0
7830.70789757,7830.70806083,1563.48643206,1563.48176899,0.04119093,2029.11635076,0.01998553,0.01998553,25522,78,0
7831.01470121,7831.01490550,1572.25499364,1572.24915278,0.04965030,2029.34595957,0.01998553,0.01998553,25521,78,0
7831.32229375,7831.32177420,1581.03328596,1581.04815583,0.04994761,2029.57507429,0.01998553,0.01998553,25520,78,0
7831.62932978,7831.62866694,1589.82084785,1589.83983692,0.04233719,2029.80267550,0.01998553,0.01998553,25519,78,0
7831.93527377,7831.93558373,1598.61778349,1598.60889488,0.04591209,2030.02837389,0.01998553,0.01998553,25518,78,0
7832.24202565,7832.24252456,1607.42447510,1607.41015271,0.04357868,2030.25357838,0.01998553,0.01998553,25517,78,0
7832.54975536,7832.54948945,1616.24130932,1616.24895116,0.05063388,2030.47840994,0.01998553,0.01998553,25516,78,0
7832.85649189,7832.85647839,1625.06860924,1625.06899755,0.05428331,2030.70143245,0.01998553,0.01998553,25515,78,0
7833.16290846,7833.16349139,1633.90629827,1633.88950906,0.03470981,2030.92313601,0.01998553,0.01998553,25514,78,0
7833.46981157,7833.47052844,1642.75414822,1642.73347921,0.04979829,2031.14409320,0.01998553,0.01998553,25513,78,0
7833.77749111,7833.77758956,1651.61192906,1651.60908761,0.04253104,2031.36449591,0.01998553,0.01998553,25512,78,0
7834.08468503,7834.08467475,1660.47949578,1660.47979293,0.04501307,2031.58343069,0.01998553,0.01998553,25511,78,0
7834.39170667,7834.39178400,1669.35707962,1669.35484323,0.04498194,2031.80112597,0.01998553,0.01998553,25510,78,0
7834.69906065,7834.69891732,1678.24501605,1678.24916611,0.05161757,2032.01794256,0.01998553,0.01998553,25509,78,0
7835.00644471,7835.00607471,1687.14364268,1687.15436810,0.04837178,2032.23366901,0.01998553,0.01998553,25508,78,0
7835.31347502,7835.31325618,1696.05314770,1696.05949830,0.05582308,2032.44803760,0.01998553,0.01998553,25507,78,0
7835.62111252,7835.62046173,1704.97326787,1704.99217461,0.05589555,2032.66170693,0.01998553,0.01998553,25506,78,0
7835.92799085,7835.92769137,1713.90365408,1713.91236388,0.03562984,2032.87371599,0.01998553,0.01998553,25505,78,0
7836.23476152,7836.23494508,1722.84395641,1722.83861250,0.05293101,2033.08450707,0.01998553,0.01998553,25504,78,0
7836.54229344,7836.54222289,1731.79404041,1731.79609644,0.04790851,2033.29466620,0.01998553,0.01998553,25503,78,0
7836.84914264,7836.84952478,1740.75420249,1740.74305413,0.04947074,2033.50320883,0.01998553,0.01998553,25502,78,0
7837.15687069,7837.15685077,1749.72479187,1749.72537382,0.05088723,2033.71119889,0.01998553,0.01998553,25501,78,0
7837.46365969,7837.46420085,1758.70615533,1758.69033264,0.04594635,2033.91741145,0.01998553,0.01998553,25500,78,0
7837.77154003,7837.77157503,1767.69845663,1767.69743216,0.04651380,2034.12320947,0.01998553,0.01998553,25499,78,0
7838.07868493,7838.07897332,1776.70162241,1776.69317145,0.04269855,2034.32736346,0.01998553,0.01998553,25498,78,0
7838.38645014,7838.38639571,1785.71556305,1785.71716010,0.04708150,2034.53076848,0.01998553,0.01998553,25497,78,0
7838.69432281,7838.69384220,1794.74018887,1794.75430410,0.05209781,2034.73307472,0.01998554,0.01998553,25496,78,0
7839.00163185,7839.00131281,1803.77541879,1803.78479906,0.04280344,2034.93383737,0.01998553,0.01998553,25495,78,0
7839.30801782,7839.30880753,1812.82117863,1812.79793474,0.04757537,2035.13282389,0.01998553,0.01998553,25494,78,0
7839.61627633,7839.61632636,1821.87739386,1821.87591965,0.05652273,2035.33183823,0.01998553,0.01998553,25493,78,0
7839.92415703,7839.92386931,1830.94401262,1830.95249939,0.05412410,2035.52941319,0.01998553,0.01998553,25492,78,0
7840.23127418,7840.23143639,1840.02116716,1840.01637717,0.05269879,2035.72530616,0.01998553,0.01998553,25491,78,0
7840.53929966,7840.53902759,1849.10907843,1849.11712130,0.04713080,2035.92058282,0.01998553,0.01998553,25490,78,0
7840.84727556,7840.84664292,1858.20796948,1858.22669322,0.04171851,2036.11463090,0.01998554,0.01998553,25489,78,0
7841.15439182,7841.15428237,1867.31806755,1867.32131045,0.03902117,2036.30694522,0.01998553,0.01998553,25488,78,0
7841.46201941,7841.46194596,1876.43961241,1876.44179116,0.04331832,2036.49838638,0.01998553,0.01998553,25487,78,0
7841.76983281,7841.76963369,1885.57284829,1885.57876269,0.03769779,2036.68874774,0.01998553,0.01998553,25486,78,0
7842.07711873,7842.07734555,1894.71801951,1894.71127420,0.04342937,2036.87759000,0.01998553,0.01998553,25485,78,0
7842.38493713,7842.38508156,1903.87510458,1903.87080450,0.05142495,2037.06555878,0.01998553,0.01998553,25484,78,0
7842.69332634,7842.69284170,1913.04351981,1913.05796537,0.04835751,2037.25265381,0.01998554,0.01998553,25483,78,0
7843.00069612,7843.00062600,1922.22260632,1922.22469857,0.04580316,2037.43789467,0.01998553,0.01998553,25482,78,0
7843.30848071,7843.30843445,1931.41172704,1931.41310896,0.04257763,2037.62213192,0.01998553,0.01998553,25481,78,0
7843.61600600,7843.61626705,1940.61095361,1940.60314831,0.04342179,2037.80495809,0.01998553,0.01998553,25480,78,0
7843.92379779,7843.92412380,1949.82113168,1949.81137271,0.04883049,2037.98669784,0.01998553,0.01998553,25479,78,0
7844.23210328,7844.23200471,1959.04315182,1959.04610618,0.04815530,2038.16750491,0.01998553,0.01998553,25478,78,0
7844.54020008,7844.53990979,1968.27779627,1968.28650818,0.04816505,2038.34696361,0.01998554,0.01998553,25477,78,0
7844.84746739,7844.84783903,1977.52479733,1977.51363066,0.04153171,2038.52470776,0.01998553,0.01998553,25476,78,0
7845.15555482,7845.15579243,1986.78331671,1986.77616910,0.04898893,2038.70167011,0.01998553,0.01998553,25475,78,0
7845.46405517,7845.46377001,1996.05250433,1996.06109122,0.04999838,2038.87758793,0.01998554,0.01998553,25474,78,0
7845.77223757,7845.77177175,2005.33173397,2005.34577485,0.04129168,2039.05202733,0.01998554,0.01998553,25473,78,0
7846.07974460,7846.07979768,2014.62125403,2014.61965236,0.04309678,2039.22479235,0.01998553,0.01998553,25472,78,0
7846.38795755,7846.38784778,2023.92152457,2023.92484063,0.05433818,2039.39666271,0.01998553,0.01998553,25471,78,0
7846.69598342,7846.69592206,2033.23300933,2033.23486492,0.04089545,2039.56714074,0.01998553,0.01998553,25470,78,0
7847.00377751,7847.00402053,2042.55619244,2042.54883425,0.04121736,2039.73620801,0.01998553,0.01998553,25469,78,0
7847.31222139,7847.31214318,2051.89158925,2051.89396014,0.05012570,2039.90435004,0.01998553,0.01998553,25468,78,0
7847.62050477,7847.62029003,2061.23972153,2061.24624043,0.04337820,2040.07112576,0.01998553,0.01998553,25467,78,0
7847.92818638,7847.92846106,2070.60107623,2070.59272647,0.04071580,2040.23630390,0.01998553,0.01998553,25466,78,0
7848.23699424,7848.23665629,2079.97562952,2079.98591585,0.05294170,2040.40080237,0.01998553,0.01998553,25465,78,0
7848.54486615,7848.54487572,2089.36299207,2089.36270040,0.04175910,2040.56350866,0.01998553,0.01998553,25464,78,0
7848.85311612,7848.85311935,2098.76276369,2098.76266493,0.05104037,2040.72510797,0.01998553,0.01998553,25463,78,0
7849.16133548,7849.16138719,2108.17459419,2108.17301465,0.04597453,2040.88537221,0.01998553,0.01998553,25462,78,0
7849.47006486,7849.46967923,2117.59836735,2117.61016206,0.04189028,2041.04457186,0.01998554,0.01998553,25461,78,0
7849.77853246,7849.77799548,2127.03403187,2127.05047513,0.05032849,2041.20230097,0.01998554,0.01998553,25460,78,0
7850.08621290,7850.08633594,2136.48153838,2136.47776623,0.04065473,2041.35829141,0.01998553,0.01998553,25459,78,0
7850.39448865,7850.39470062,2145.94099933,2145.93449299,0.04955525,2041.51324168,0.01998553,0.01998553,25458,78,0
7850.70552905,7850.70308952,0.00000000,2155.49588629,0.04555571,2041.66835177,0.01998554,0.01998553,25457,78,1
7850.70552905,7850.70308952,0.00000000,2155.49588629,0.04555571,2041.66835177,0.01998554,0.01998553,25457,78,1
7851.00644342,7851.01150264,0.00000000,2164.74915446,0.06450658,2041.81697429,0.01998552,0.01998553,25456,78,1
7851.32007660,7851.31993998,2174.39496518,2174.39917493,0.03989351,2041.97040908,0.01998554,0.01998553,25455,78,0
7851.62858252,7851.62840155,2183.90572657,2183.91130993,0.04868163,2042.12009245,0.01998554,0.01998553,25454,78,0
7851.93687846,7851.93688735,2193.42938580,2193.42911134,0.03839982,2042.26831570,0.01998554,0.01998553,25453,78,0
7852.24489825,7852.24539738,2202.96571630,2202.95027823,0.05357772,2042.41504074,0.01998553,0.01998553,25452,78,0
7852.55406791,7852.55393165,2212.51448204,2212.51870182,0.04204798,2042.56093148,0.01998554,0.01998554,25451,78,0
7852.86206863,7852.86249015,2222.07542037,2222.06235139,0.04858808,2042.70488408,0.01998553,0.01998554,25450,78,0
7853.17088993,7853.17107290,2231.64826142,2231.64258223,0.05254649,2042.84782104,0.01998554,0.01998554,25449,78,0
7853.47972863,7853.47967989,2241.23274834,2241.23426320,0.04423494,2042.98935550,0.01998554,0.01998554,25448,78,0
7853.78827734,7853.78831112,2250.82902894,2250.82797794,0.05023623,2043.12934514,0.01998554,0.01998554,25447,78,0
7854.09720102,7854.09696661,2260.43769290,2260.44499474,0.03935617,2043.26809396,0.01998554,0.01998554,25446,78,0
7854.40563199,7854.40564635,2270.05935657,2270.05890864,0.05065059,2043.40521594,0.01998554,0.01998554,25445,78,0
7854.71454850,7854.71435034,2279.69455576,2279.70074494,0.04935618,2043.54114738,0.01998554,0.01998554,25444,78,0
7855.02260382,7855.02307859,2289.34335180,2289.32850378,0.04100451,2043.67529263,0.01998553,0.01998554,25443,78,0
7855.33146429,7855.33183110,2299.00563993,2298.99415308,0.04416191,2043.80836980,0.01998553,0.01998554,25442,78,0
7855.64112329,7855.64060788,2308.68131289,2308.69747383,0.04588661,2043.94035701,0.01998554,0.01998554,25441,78,0
7855.94971483,7855.94940893,2318.37017527,2318.37977946,0.04321961,2044.07045175,0.01998554,0.01998554,25440,78,0
7856.25863239,7856.25823424,2328.07189179,2328.08440740,0.04631158,2044.19923591,0.01998554,0.01998554,25439,78,0
7856.56687728,7856.56708382,2337.78611207,2337.77961170,0.05034342,2044.32628487,0.01998554,0.01998554,25438,78,0
7856.87612144,7856.87595768,2347.51258173,2347.51774148,0.05124959,2044.45227618,0.01998554,0.01998554,25437,78,0
7857.18479921,7857.18485582,2357.25182758,2357.25004155,0.04063519,2044.57656967,0.01998554,0.01998554,25436,78,0
7857.49429573,7857.49377824,2367.00475348,2367.02110212,0.05051471,2044.69972646,0.01998554,0.01998554,25435,78,0
7857.80261324,7857.80272495,2376.77226876,2376.76873446,0.05081983,2044.82095875,0.01998554,0.01998554,25434,78,0
7858.11194800,7858.11169594,2386.55478306,2386.56276925,0.03907778,2044.94112915,0.01998554,0.01998554,25433,78,0
7858.42068113,7858.42069122,2396.35172255,2396.35140253,0.04994949,2045.05959162,0.01998554,0.01998554,25432,78,0
7858.72937943,7858.72971079,2406.16239488,2406.15186831,0.05266076,2045.17655298,0.01998553,0.01998554,25431,78,0
7859.03846389,7859.03875466,2415.98616433,2415.97691567,0.04537218,2045.29215608,0.01998554,0.01998554,25430,78,0
7859.34779043,7859.34782283,2425.82295742,2425.82192561,0.04969495,2045.40633521,0.01998554,0.01998554,25429,78,0
7859.65652489,7859.65691530,2435.67300261,2435.66055345,0.04992594,2045.51878127,0.01998553,0.01998554,25428,78,0
7859.96599446,7859.96603207,2445.53653413,2445.53533345,0.04994693,2045.62997269,0.01998554,0.01998554,25427,78,0
7860.27514402,7860.27517315,2455.41392506,2455.41299382,0.03718986,2045.73952481,0.01998554,0.01998554,25426,78,0
7860.58413667,7860.58433853,2465.30582336,2465.29935996,0.04799123,2045.84749916,0.01998554,0.01998554,25425,78,0
7860.89301267,7860.89352823,2475.21291442,2475.19638210,0.05156047,2045.95391195,0.01998553,0.01998554,25424,78,0
7861.20248837,7861.20274225,2485.13575133,2485.12759819,0.04520641,2046.05900472,0.01998554,0.01998554,25423,78,0
7861.51175718,7861.51198059,2495.07374682,2495.06656225,0.04333359,2046.16248675,0.01998554,0.01998554,25422,78,0
7861.82080644,7861.82124324,2505.02574194,2505.01167716,0.04533337,2046.26433770,0.01998554,0.01998554,25421,78,0
7862.13060822,7862.13053022,2514.99057363,2514.99308816,0.04526562,2046.36485529,0.01998554,0.01998554,25420,78,0
7862.43988121,7862.43984153,2524.96781440,2524.96909533,0.04580054,2046.46361149,0.01998554,0.01998554,25419,78,0
7862.74892974,7862.74917716,2534.95828423,2534.95028810,0.04549361,2046.56071103,0.01998554,0.01998554,25418,78,0
7863.05834847,7863.05853713,2544.96292964,2544.95682397,0.04643491,2046.65634199,0.01998554,0.01998554,25417,78,0
7863.36747090,7863.36792144,2554.98256855,2554.96796712,0.04879802,2046.75029834,0.01998554,0.01998554,25416,78,0
7863.67740978,7863.67733008,2565.01719032,2565.01977678,0.04633410,2046.84290663,0.01998554,0.01998554,25415,78,0
7863.98663427,7863.98676306,2575.06646855,2575.06228301,0.04501047,2046.93369823,0.01998554,0.01998554,25414,78,0
7864.29643826,7864.29622039,2585.13008155,2585.13717144,0.04543622,2047.02304384,0.01998554,0.01998554,25413,78,0
7864.60581430,7864.60570207,2595.20796955,2595.21162686,0.04576913,2047.11064401,0.01998554,0.01998554,25412,78,0
7864.91512601,7864.91520809,2605.30038694,2605.29770843,0.05080342,2047.19660049,0.01998554,0.01998554,25411,78,0
7865.22492455,7865.22473847,2615.40760859,2615.41368904,0.05217651,2047.28105803,0.01998554,0.01998554,25410,78,0
7865.53430422,7865.53429320,2625.52991759,2625.53027798,0.05029116,2047.36376396,0.01998554,0.01998554,25409,78,0
7865.84420928,7865.84387230,2635.66762141,2635.67866464,0.04771304,2047.44496462,0.01998554,0.01998554,25408,78,0
7866.15344038,7866.15347575,2645.82103524,2645.81987448,0.05148706,2047.52434152,0.01998554,0.01998554,25407,78,0
7866.46286204,7866.46310357,2655.99045222,2655.98251346,0.04555497,2047.60211465,0.01998553,0.01998554,25406,78,0
7866.77251330,7866.77275575,2666.17584147,2666.16786060,0.04691681,2047.67828202,0.01998553,0.01998554,25405,78,0
7867.08285286,7867.08243231,2676.37694096,2676.39080461,0.05221713,2047.75293894,0.01998554,0.01998554,25404,78,0
7867.39258954,7867.39213323,2686.59348311,2686.60854671,0.04541131,2047.82576411,0.01998554,0.01998554,25403,78,0
7867.70164846,7867.70185854,2696.82539328,2696.81844824,0.04654782,2047.89674195,0.01998554,0.01998554,25402,78,0
7868.01147245,7868.01160822,2707.07296809,2707.06847298,0.04428682,2047.96619716,0.01998554,0.01998554,25401,78,0
7868.32144149,7868.32138228,2717.33654841,2717.33851168,0.05253150,2048.03397737,0.01998554,0.01998554,25400,78,0
7868.63163299,7868.63118073,2727.61636547,2727.63138357,0.04042132,2048.10008962,0.01998554,0.01998554,25399,78,0
7868.94092692,7868.94100357,2737.91204255,2737.90949362,0.04218489,2048.16429006,0.01998554,0.01998554,25398,78,0
7869.25081225,7869.25085079,2748.22299384,2748.22171052,0.04631568,2048.22687856,0.01998554,0.01998554,25397,78,0
7869.55997158,7869.56072241,2758.54866953,2758.52363340,0.05025412,2048.28757908,0.01998553,0.01998554,25396,78,0
7869.87035891,7869.87061842,2768.88925214,2768.88058679,0.05484628,2048.34676435,0.01998554,0.01998554,25395,78,0
7870.18080420,7870.18053883,2779.24555851,2779.25443271,0.05286163,2048.40419701,0.01998554,0.01998554,25394,78,0
7870.49057420,7870.49048365,2789.61843109,2789.62146381,0.04439010,2048.45974283,0.01998554,0.01998554,25393,78,0
7870.80033332,7870.80045287,2800.00839684,2800.00438640,0.04226895,2048.51352080,0.01998554,0.01998554,25392,78,0
7871.11005961,7871.11044649,2810.41533330,2810.40233494,0.04675779,2048.56551789,0.01998554,0.01998554,25391,78,0
7871.42095249,7871.42046453,2820.83903778,2820.85545695,0.04287908,2048.61591574,0.01998554,0.01998554,25390,78,0
7871.73051177,7871.73050698,2831.27932917,2831.27949057,0.04836170,2048.66430079,0.01998554,0.01998554,25389,78,0
7872.04071047,7872.04057385,2841.73614163,2841.74075266,0.04130238,2048.71097840,0.01998554,0.01998554,25388,78,0
7872.35053799,7872.35066513,2852.20944483,2852.20514733,0.04887169,2048.75578526,0.01998554,0.01998554,25387,78,0
7872.66047086,7872.66078084,2862.69919754,2862.68870469,0.04306536,2048.79878371,0.01998554,0.01998554,25386,78,0
7872.97106402,7872.97092097,2873.20522320,2873.21007260,0.05286718,2048.84003450,0.01998554,0.01998554,25385,78,0
7873.28146296,7873.28108553,2883.72724982,2883.74006284,0.04620465,2048.87941029,0.01998554,0.01998554,25384,78,0
7873.59154122,7873.59127452,2894.26501009,2894.27407698,0.05043749,2048.91689014,0.01998554,0.01998554,25383,78,0
7873.90177168,7873.90148794,2904.81867886,2904.82833902,0.04608857,2048.95252488,0.01998554,0.01998554,25382,78,0
7874.21202536,7874.21172580,2915.38906378,2915.39927849,0.04803461,2048.98629206,0.01998554,0.01998554,25381,78,0
7874.52348419,7874.52198810,2925.97702784,2926.02812530,0.04967346,2049.01830268,0.01998554,0.01998554,25380,78,0
7874.83153222,7874.83227484,2936.58310281,2936.55769880,0.04769894,2049.04809434,0.01998554,0.01998554,25379,78,0
7875.14270436,7875.14258602,2947.20684958,2947.21090415,0.04926479,2049.07629072,0.01998554,0.01998554,25378,78,0
7875.45259215,7875.45292165,2957.84765025,2957.83634398,0.04572487,2049.10246450,0.01998554,0.01998554,25377,78,0
7875.76343730,7875.76328174,2968.50503403,2968.51037992,0.05069531,2049.12679771,0.01998554,0.01998554,25376,78,0
7876.07358567,7876.07366627,2979.17942579,2979.17665149,0.04824144,2049.14915028,0.01998554,0.01998554,25375,78,0
7876.38398152,7876.38407527,2989.87158225,2989.86835058,0.04033949,2049.16958655,0.01998554,0.01998554,25374,78,0
7876.69427199,7876.69450872,3000.58222073,3000.57404620,0.05207190,2049.18807341,0.01998554,0.01998554,25373,78,0
7877.00468604,7877.00496663,3011.31148649,3011.30178124,0.04787858,2049.20461441,0.01998554,0.01998554,25372,78,0
7877.31542890,7877.31544901,3022.05913736,3022.05844061,0.05164391,2049.21920566,0.01998554,0.01998554,25371,78,0
7877.62622058,7877.62595586,3032.82493136,3032.83411685,0.03874756,2049.23182001,0.01998554,0.01998554,25370,78,0
7877.93623433,7877.93648718,3043.60891910,3043.60013112,0.04556785,2049.24242090,0.01998554,0.01998554,25369,78,0
7878.24697928,7878.24704297,3054.41148993,3054.40927255,0.05168913,2049.25105061,0.01998554,0.01998554,25368,78,0
7878.55723676,7878.55762324,3065.23305117,3065.21957344,0.05045867,2049.25766286,0.01998554,0.01998554,25367,78,0
7878.86797539,7878.86822799,3076.07353561,3076.06471253,0.05035417,2049.26226777,0.01998554,0.01998554,25366,78,0
7879.17910441,7879.17885722,3086.93197282,3086.94062016,0.05046160,2049.26484479,0.01998554,0.01998554,25365,78,0
7879.48959667,7879.48951094,3097.80728259,3097.81028597,0.04318310,2049.26537784,0.01998554,0.01998554,25364,78,0
7879.80015387,7879.80018914,3108.69894341,3108.69770588,0.04801528,2049.26386447,0.01998554,0.01998554,25363,78,0
7880.11121415,7880.11089184,3119.60816818,3119.61949399,0.04871095,2049.26028722,0.01998554,0.01998554,25362,78,0
7880.42133264,7880.42161903,3130.53651306,3130.52643167,0.04713030,2049.25465629,0.01998554,0.01998554,25361,78,0
7880.73216094,7880.73237072,3141.48522302,3141.47782522,0.05001622,2049.24693226,0.01998554,0.01998554,25360,78,0
7881.04305753,7881.04314691,3152.45397860,3152.45082133,0.04432108,2049.23711205,0.01998554,0.01998554,25359,78,0
7881.35464561,7881.35394760,3163.44198198,3163.46667949,0.04725478,2049.22515785,0.01998554,0.01998554,25358,78,0
7881.66410450,7881.66477279,3174.44855029,3174.42486669,0.04982256,2049.21118254,0.01998554,0.01998554,25357,78,0
7881.97584884,7881.97562249,3185.47390087,3185.48193556,0.04396085,2049.19497423,0.01998554,0.01998554,25356,78,0
7882.28668294,7882.28649671,3196.51865781,3196.52527977,0.04811714,2049.17667319,0.01998554,0.01998554,25355,78,0
7882.59721999,7882.59739544,3207.58339328,3207.57714373,0.04525961,2049.15624359,0.01998554,0.01998554,25354,78,0
7882.90854333,7882.90831869,3218.66802650,3218.67604191,0.04701504,2049.13359780,0.01998554,0.01998554,25353,78,0
7883.21913105,7883.21926645,3229.77206875,3229.76722964,0.04276493,2049.10883574,0.01998554,0.01998554,25352,78,0
7883.52975562,7883.53023874,3240.89505893,3240.87776440,0.05265607,2049.08189317,0.01998554,0.01998554,25351,78,0
7883.84174912,7883.84123556,3252.03715993,3252.05557493,0.04568286,2049.05262833,0.01998554,0.01998554,25350,78,0
7884.15178097,7884.15225690,3263.19904514,3263.18195022,0.04853674,2049.02134694,0.01998554,0.01998554,25349,78,0
7884.46402969,7884.46330278,3274.38139263,3274.40754880,0.04134531,2048.98761105,0.01998554,0.01998554,25348,78,0
7884.77521207,7884.77437319,3285.58449379,3285.61473265,0.04240037,2048.95175018,0.01998554,0.01998554,25347,78,0
7885.08592281,7885.08546814,3296.80824535,3296.82466341,0.04761776,2048.91370068,0.01998554,0.01998554,25346,78,0
7885.39640316,7885.39658763,3308.05252582,3308.04585296,0.05023615,2048.87342907,0.01998554,0.01998554,25345,78,0
7885.70803348,7885.70773166,3319.31723507,3319.32817155,0.04472634,2048.83073466,0.01998554,0.01998554,25344,78,0
7886.01899445,7886.01890024,3330.60229925,3330.60571893,0.05106412,2048.78584978,0.01998554,0.01998554,25343,78,0
7886.33034645,7886.33009337,3341.90765270,3341.91685484,0.04664909,2048.73861276,0.01998554,0.01998554,25342,78,0
7886.64156055,7886.64131105,3353.23356487,3353.24265291,0.04154696,2048.68908789,0.01998554,0.01998554,25341,78,0
7886.95261768,7886.95255328,3364.58077083,3364.58312082,0.04462091,2048.63726593,0.01998554,0.01998554,25340,78,0
7887.26445678,7887.26382008,3375.95003761,3375.97331599,0.05081391,2048.58296706,0.01998554,0.01998554,25339,78,0
7887.57479755,7887.57511143,3387.34160723,3387.33011034,0.04475967,2048.52658218,0.01998554,0.01998554,25338,78,0
7887.88659784,7887.88642735,3398.75492088,3398.76117694,0.05399998,2048.46756399,0.01998554,0.01998554,25337,78,0
7888.19814446,7888.19776783,3410.18935261,3410.20319704,0.04194782,2048.40621346,0.01998554,0.01998554,25336,78,0
7888.50898954,7888.50913288,3421.64462764,3421.63934953,0.05354479,2048.34261869,0.01998554,0.01998554,25335,78,0
7888.82133996,7888.82052251,3433.12103244,3433.15118694,0.04482731,2048.27630468,0.01998554,0.01998554,25334,78,0
7889.13225979,7889.13193671,3444.61890662,3444.63084591,0.05024980,2048.20787916,0.01998554,0.01998554,25333,78,0
7889.44378636,7889.44337549,3456.13862558,3456.15383715,0.04204644,2048.13688808,0.01998554,0.01998554,25332,78,0
7889.75505101,7889.75483885,3467.68061946,3467.68848919,0.04998201,2048.06350940,0.01998554,0.01998554,25331,78,0
7890.06608851,7890.06632679,3479.24532156,3479.23646634,0.04378646,2047.98772439,0.01998554,0.01998554,25330,78,0
7890.37776608,7890.37783932,3490.83284204,3490.83011500,0.04729481,2047.90930232,0.01998554,0.01998554,25329,78,0
7890.68948379,7890.68937644,3502.44279924,3502.44680354,0.04195972,2047.82837482,0.01998554,0.01998554,25328,78,0
7891.00139389,7891.00093816,3514.07476610,3514.09179585,0.04345659,2047.74488898,0.01998554,0.01998554,25327,78,0
7891.31313804,7891.31252447,3525.72830541,3525.75127344,0.05384303,2047.65893018,0.01998554,0.01998554,25326,78,0
7891.62430023,7891.62413537,3537.40296785,3537.40914948,0.04501558,2047.57061241,0.01998554,0.01998554,25325,78,0
7891.93540295,7891.93577088,3549.09833611,3549.08451636,0.04470822,2047.47978553,0.01998554,0.01998554,25324,78,0
7892.24790487,7892.24743100,3560.81522824,3560.83306027,0.04259267,2047.38598789,0.01998554,0.01998554,25323,78,0
7892.55891066,7892.55911572,3572.55596003,3572.54822758,0.04435979,2047.29005729,0.01998554,0.01998554,25322,78,0
7892.87178550,7892.87082505,3584.32285766,3584.35915452,0.04387556,2047.19091637,0.01998554,0.01998554,25321,78,0
7893.18308748,7893.18255899,3596.11585460,3596.13586742,0.04946837,2047.08963646,0.01998554,0.01998554,25320,78,0
7893.50633572,nan,0.00000000,3608.39894912,0.37233534,2046.98159817,0.01998478,0.01998554,25318,78,1
7893.80594534,7893.80610073,3619.77021689,3619.76431202,0.05117988,2046.87912192,0.01998554,0.01998554,25318,78,0
7894.11805997,7894.11790853,3631.62982611,3631.63559173,0.04986080,2046.76967259,0.01998554,0.01998554,25317,78,0
7894.42923400,7894.42974096,3643.51449901,3643.49515616,0.03837817,2046.65787023,0.01998554,0.01998554,25316,78,0
7894.74187360,7894.74159801,3655.42722749,3655.43776683,0.04348608,2046.54279849,0.01998554,0.01998554,25315,78,0
7895.05304552,7895.05347970,3667.36739259,3667.35075346,0.04582615,2046.42552552,0.01998554,0.01998554,25314,78,0
7895.36520659,7895.36538601,3679.33213157,3679.32524261,0.03747591,2046.30514350,0.01998554,0.01998554,25313,78,0
7895.67747399,7895.67731697,3691.31897106,3691.32501047,0.04040649,2046.18198853,0.01998554,0.01998554,25312,78,0
7895.98934975,7895.98927256,3703.32873228,3703.33170666,0.03992925,2046.05623801,0.01998554,0.01998554,25311,78,0
7896.30149894,7896.30125280,3715.36371672,3715.37322221,0.04352536,2045.92758582,0.01998554,0.01998554,25310,78,0
7896.61339314,7896.61325768,3727.42571202,3727.43095459,0.03871992,2045.79621375,0.01998554,0.01998554,25309,78,0
7896.92490594,7896.92528721,3739.51390659,3739.49912116,0.04639652,2045.66217553,0.01998554,0.01998554,25308,78,0
7897.23772182,7897.23734139,3751.62669666,3751.64147749,0.04822118,2045.52473529,0.01998554,0.01998554,25307,78,0
7897.54959605,7897.54942022,3763.76299083,3763.76983471,0.04702685,2045.38487120,0.01998554,0.01998554,25306,78,0
7897.86150585,7897.86152371,3775.92329670,3775.92260010,0.04640491,2045.24213617,0.01998554,0.01998554,25305,78,0
7898.17367201,7898.17365187,3788.10843019,3788.10921733,0.04618855,2045.09639977,0.01998554,0.01998554,25304,78,0
7898.48610598,7898.48580468,3800.31903750,3800.33083550,0.04014889,2044.94762525,0.01998554,0.01998554,25303,78,0
7898.79769761,7898.79798216,3812.55543638,3812.54427162,0.04706943,2044.79632878,0.01998554,0.01998554,25302,78,0
7899.11029272,7899.11018431,3824.81790595,3824.82216834,0.04588988,2044.64159141,0.01998554,0.01998554,25301,78,0
7899.42206792,7899.42241113,3837.10656952,3837.09304765,0.04938984,2044.48429451,0.01998554,0.01998554,25300,78,0
7899.73536019,7899.73466262,3849.42137053,3849.44890992,0.05129682,2044.32323251,0.01998554,0.01998554,25299,78,0
7900.04825743,7900.04693879,3861.76232377,3861.81449000,0.04805073,2044.15935477,0.01998554,0.01998554,25298,78,0
7900.35937281,7900.35923964,3874.13044475,3874.13572436,0.04613515,2043.99338810,0.01998554,0.01998554,25297,78,0
7900.67144019,7900.67156518,3886.52742981,3886.52246291,0.04248921,2043.82384496,0.01998554,0.01998554,25296,78,0
7900.98441611,7900.98391540,3898.95456054,3898.97450482,0.04361682,2043.65068432,0.01998554,0.01998554,25295,78,0
7901.29600472,7901.29629031,3911.41051229,3911.39911226,0.05452644,2043.47518240,0.01998554,0.01998554,25294,78,0
7901.60880197,7901.60868991,3923.89299358,3923.89747541,0.04545828,2043.29589359,0.01998554,0.01998554,25293,78,0
7901.92073851,7901.92111421,3936.40099285,3936.38593594,0.05026482,2043.11399590,0.01998554,0.01998554,25292,78,0
7902.23399550,7902.23356320,3948.93724720,3948.95461279,0.04300480,2042.92815241,0.01998554,0.01998554,25291,78,0
7902.54603159,7902.54603690,3961.50513352,3961.50491995,0.04534898,2042.73979927,0.01998554,0.01998554,25290,78,0
7902.85833038,7902.85853530,3974.10489742,3974.09662596,0.04745673,2042.54803076,0.01998554,0.01998554,25289,78,0
7903.17108867,7903.17105840,3986.73227955,3986.73350354,0.04937421,2042.35275949,0.01998554,0.01998554,25288,78,0
7903.48396923,7903.48360622,3999.38306314,3999.39776940,0.04673371,2042.15423489,0.01998554,0.01998554,25287,78,0
7903.79574261,7903.79617874,4012.05870484,4012.04099935,0.04399325,2041.95321281,0.01998554,0.01998554,25286,78,0
7904.10811144,7904.10877599,4024.76467433,4024.73762796,0.05084735,2041.74849781,0.01998554,0.01998554,25285,78,0
7904.42154093,7904.42139795,4037.50531774,4037.51115233,0.04271839,2041.53966600,0.01998554,0.01998554,25284,78,0
7904.73456748,7904.73404463,4050.27864772,4050.30003344,0.04200328,2041.32769110,0.01998554,0.01998554,25283,78,0
7905.04713266,7905.04671604,4063.08066796,4063.09774320,0.04436239,2041.11267194,0.01998554,0.01998554,25282,78,0
7905.35960757,7905.35941217,4075.90911662,4075.91714105,0.04507967,2040.89438093,0.01998554,0.01998554,25281,78,0
nan,nan,0.00000000,-1.00000000,0.00000000,2040.66860217,nan,0.00000000,-2147483648,78,1
nan,nan,0.00000000,-1.00000000,0.00000000,2041.18096761,nan,0.00000000,-2147483648,77,1
7872.35125623,7872.35066513,11.18571016,11.19983373,0.04192427,2041.56309331,0.01998554,0.01998554,25387,77,0
7872.66043940,7872.66078084,18.59823845,18.59007430,0.04904276,2041.95441925,0.01998554,0.01998554,25386,77,0
7872.97153721,7872.97092097,26.01684435,26.03159059,0.05510818,2042.34753329,0.01998554,0.01998554,25385,77,0
7873.28066691,7873.28108553,33.44162903,33.43160437,0.04500281,2042.73753219,0.01998554,0.01998554,25384,77,0
7873.59066674,7873.59127452,40.87266227,40.85809654,0.05948149,2043.12800130,0.01998554,0.01998554,25383,77,0
7873.90225494,7873.90148794,48.30978044,48.32817538,0.03667525,2043.51982681,0.01998554,0.01998554,25382,77,0
7874.21166453,7874.21172580,55.75271503,55.75124473,0.04924338,2043.90825716,0.01998554,0.01998554,25381,77,0
7874.52185965,7874.52198810,63.20119574,63.19811123,0.04352322,2044.29700163,0.01998554,0.01998554,25380,77,0
7874.83181066,7874.83227484,70.65495155,70.64379768,0.03567816,2044.68475190,0.01998554,0.01998554,25379,77,0
7875.14373377,7875.14258602,78.11386854,78.14146556,0.06385457,2045.07426670,0.01998554,0.01998554,25378,77,0
7875.45201898,7875.45292165,85.57820701,85.55648831,0.04170996,2045.45855755,0.01998554,0.01998554,25377,77,0
7875.76433224,7875.76328174,93.04828265,93.07357638,0.05632741,2045.84719338,0.01998554,0.01998554,25376,77,0
7876.07342800,7876.07366627,100.52441267,100.51867139,0.04161274,2046.23116946,0.01998554,0.01998554,25375,77,0
7876.38394255,7876.38407527,108.00690347,108.00370309,0.05798635,2046.61626435,0.01998554,0.01998554,25374,77,0
7876.69440830,7876.69450872,115.49585768,115.49343412,0.03816389,2047.00065651,0.01998554,0.01998554,25373,77,0
7877.00479810,7877.00496663,122.99120894,122.98713855,0.05298306,2047.38430684,0.01998554,0.01998554,25372,77,0
7877.31504652,7877.31544901,130.49288549,130.48315694,0.03358499,2047.76712900,0.01998554,0.01998554,25371,77,0
7877.62571319,7877.62595586,138.00081521,137.99494530,0.05574148,2048.14980654,0.01998554,0.01998554,25370,77,0
7877.93572187,7877.93648718,145.51491868,145.49639314,0.03960066,2048.53100810,0.01998554,0.01998554,25369,77,0
7878.24692588,7878.24704297,153.03508706,153.03225053,0.05319496,2048.91300296,0.01998554,0.01998554,25368,77,0
7878.55697678,7878.55762324,160.56120338,160.54553255,0.03233186,2049.29290008,0.01998554,0.01998554,25367,77,0
7878.86829238,7878.86822799,168.09315007,168.09471187,0.06193238,2049.67365332,0.01998554,0.01998554,25366,77,0
7879.17878589,7879.17885722,175.63081387,175.62908225,0.04581866,2050.05270102,0.01998554,0.01998554,25365,77,0
7879.48922455,7879.48951094,183.17425763,183.16730080,0.05124513,2050.43098370,0.01998554,0.01998554,25364,77,0
7879.80015705,7879.80018914,190.72376652,190.72298637,0.04816803,2050.80918051,0.01998554,0.01998554,25363,77,0
7880.11118985,7880.11089184,198.27964121,198.28689128,0.04124246,2051.18682345,0.01998554,0.01998554,25362,77,0
7880.42117156,7880.42161903,205.84218382,205.83128876,0.04853791,2051.56253019,0.01998554,0.01998554,25361,77,0
7880.73257591,7880.73237072,213.41163354,213.41663383,0.03300645,2051.93930704,0.01998554,0.01998554,25360,77,0
7881.04345182,7881.04314691,220.98783378,220.99526990,0.04786580,2052.31478007,0.01998554,0.01998554,25359,77,0
7881.35434504,7881.35394760,228.57047622,228.58017625,0.05208836,2052.68959219,0.01998554,0.01998554,25358,77,0
7881.66499044,7881.66477279,236.15925072,236.16456639,0.04501875,2053.06340677,0.01998554,0.01998554,25357,77,0
7881.97564118,7881.97562249,243.75384860,243.75430528,0.04999570,2053.43651174,0.01998554,0.01998554,25356,77,0
7882.28669540,7882.28649671,251.35416066,251.35902000,0.03634554,2053.80937626,0.01998554,0.01998554,25355,77,0
7882.59673380,7882.59739544,258.96040007,258.94420696,0.05782233,2054.18030929,0.01998554,0.01998554,25354,77,0
7882.90859680,7882.90831869,266.57281017,266.57962196,0.04679935,2054.55271593,0.01998554,0.01998554,25353,77,0
7883.21891119,7883.21926645,274.19163552,274.18292739,0.05772986,2054.92257658,0.01998554,0.01998554,25352,77,0
7883.52989301,7883.53023874,281.81709942,281.80861816,0.05949503,2055.29254384,0.01998554,0.01998554,25351,77,0
7883.84136604,7883.84123556,289.44926007,289.45246340,0.03969598,2055.66240440,0.01998554,0.01998554,25350,77,0
7884.15213526,7884.15225690,297.08810123,297.08511251,0.05301825,2056.03073656,0.01998554,0.01998554,25349,77,0
7884.46302776,7884.46330278,304.73360624,304.72684367,0.04727865,2056.39851910,0.01998554,0.01998554,25348,77,0
7884.77539468,7884.77437319,312.38575856,312.41089653,0.03568301,2056.76734162,0.01998554,0.01998554,25347,77,0
7885.08599355,7885.08546814,320.04455813,320.05749824,0.05858661,2057.13337400,0.01998554,0.01998554,25346,77,0
7885.39679285,7885.39658763,327.71003343,327.71509172,0.04683403,2057.49894012,0.01998554,0.01998554,25345,77,0
7885.70823125,7885.70773166,335.38221584,335.39453955,0.03392307,2057.86455196,0.01998554,0.01998554,25344,77,0
7886.01861800,7886.01890024,343.06113690,343.05416902,0.04995022,2058.22822494,0.01998554,0.01998554,25343,77,0
7886.33080742,7886.33009337,350.74681415,350.76445637,0.05276903,2058.59329901,0.01998554,0.01998554,25342,77,0
7886.64153491,7886.64131105,358.43916366,358.44469912,0.04137657,2058.95594878,0.01998554,0.01998554,25341,77,0
7886.95272689,7886.95255328,366.13805668,366.14235277,0.04970517,2059.31841733,0.01998554,0.01998554,25340,77,0
7887.26339741,7887.26382008,373.84336357,373.83289681,0.04549417,2059.67954782,0.01998554,0.01998554,25339,77,0
7887.57485235,7887.57511143,381.55495593,381.54853537,0.04886554,2060.04084879,0.01998554,0.01998554,25338,77,0
7887.88698218,7887.88642735,389.27281296,389.28657296,0.03323120,2060.40218452,0.01998554,0.01998554,25337,77,0
7888.19824828,7888.19776783,396.99707900,397.00900337,0.04757695,2060.76177875,0.01998554,0.01998554,25336,77,0
7888.50871858,7888.50913288,404.72791302,404.71762248,0.05575551,2061.11972071,0.01998554,0.01998554,25335,77,0
7888.82042988,7888.82052251,412.46547482,412.46317222,0.04961673,2061.47836183,0.01998554,0.01998554,25334,77,0
7889.13292602,7889.13193671,420.20990332,420.23451609,0.04199373,2061.83717391,0.01998554,0.01998554,25333,77,0
7889.44342720,7889.44337549,427.96121611,427.96250376,0.04474223,2062.19296749,0.01998554,0.01998554,25332,77,0
7889.75482844,7889.75483885,435.71938816,435.71912870,0.04745293,2062.54905985,0.01998554,0.01998554,25331,77,0
7890.06616539,7890.06632679,443.48439424,443.48036917,0.03485141,2062.90434145,0.01998554,0.01998554,25330,77,0
7890.37832277,7890.37783932,451.25620948,451.26827573,0.04807223,2063.25981534,0.01998554,0.01998554,25329,77,0
7890.68934093,7890.68937644,459.03482350,459.03393656,0.05415553,2063.61324791,0.01998554,0.01998554,25328,77,0
7891.00139233,7891.00093816,466.82024253,466.83159613,0.05014570,2063.96710583,0.01998554,0.01998554,25327,77,0
7891.31279773,7891.31252447,474.61247371,474.61931021,0.04881187,2064.31948114,0.01998554,0.01998554,25326,77,0
7891.62498087,7891.62413537,482.41152417,482.43269374,0.04477415,2064.67198202,0.01998554,0.01998554,25325,77,0
7891.93558637,7891.93577088,490.21736650,490.21274295,0.03925494,2065.02194786,0.01998554,0.01998554,25324,77,0
7892.24802619,7892.24743100,498.02984753,498.04477310,0.04311389,2065.37321248,0.01998554,0.01998554,25323,77,0
7892.55826880,7892.55911572,505.84878481,505.82753117,0.04731267,2065.72123400,0.01998554,0.01998554,25322,77,0
7892.87182371,7892.87082505,513.67399489,513.69907431,0.04473645,2066.07217785,0.01998554,0.01998554,25321,77,0
7893.18253562,7893.18255899,521.50532394,521.50473651,0.03275588,2066.41914369,0.01998554,0.01998554,25320,77,0
7893.49439855,7893.49431755,529.34302271,529.34505986,0.04985601,2066.76660674,0.01998554,0.01998554,25319,77,0
7893.80579342,7893.80610073,537.18763089,537.17989544,0.04717515,2067.11278171,0.01998554,0.01998554,25318,77,0
7894.11728431,7894.11790853,545.03969711,545.02397052,0.05005098,2067.45831840,0.01998554,0.01998554,25317,77,0
7894.42977767,7894.42974096,552.89976990,552.90069572,0.04588033,2067.80423949,0.01998554,0.01998554,25316,77,0
7894.74141029,7894.74159801,560.76802312,560.76328464,0.04075453,2068.14848640,0.01998554,0.01998554,25315,77,0
7895.05343823,7895.05347970,568.64389135,568.64284378,0.04743598,2068.49242031,0.01998554,0.01998554,25314,77,0
7895.36561089,7895.36538601,576.52672011,576.53240548,0.02812093,2068.83573152,0.01998554,0.01998554,25313,77,0
7895.67656811,7895.67731697,584.41585139,584.39690563,0.04999809,2069.17689708,0.01998554,0.01998554,25312,77,0
7895.98946490,7895.98927256,592.31077199,592.31564128,0.05059040,2069.51935090,0.01998554,0.01998554,25311,77,0
7896.30154203,7896.30125280,600.21182130,600.21914907,0.04939537,2069.86008093,0.01998554,0.01998554,25310,77,0
7896.61312418,7896.61325768,608.11964641,608.11626138,0.04786464,2070.19947215,0.01998554,0.01998554,25309,77,0
7896.92522988,7896.92528721,616.03489829,616.03344347,0.04883376,2070.53865903,0.01998554,0.01998554,25308,77,0
7897.23770099,7897.23734139,623.95820132,623.96733624,0.04297825,2070.87749005,0.01998554,0.01998554,25307,77,0
7897.55010662,7897.54942022,631.88957667,631.90702899,0.04521252,2071.21549453,0.01998554,0.01998554,25306,77,0
7897.86143080,7897.86152371,639.82848285,639.82611845,0.04554187,2071.55155130,0.01998554,0.01998554,25305,77,0
7898.17366383,7898.17365187,647.77435412,647.77465888,0.05191664,2071.88778251,0.01998554,0.01998554,25304,77,0
7898.48597508,7898.48580468,655.72662314,655.73096561,0.04648135,2072.22326316,0.01998554,0.01998554,25303,77,0
7898.79799021,7898.79798216,663.68506171,663.68526715,0.04420985,2072.55757992,0.01998554,0.01998554,25302,77,0
7899.10960131,7899.11018431,671.65021380,671.63533384,0.04122781,2072.89064018,0.01998554,0.01998554,25301,77,0
7899.42211796,7899.42241113,679.62273254,679.61524325,0.04669163,2073.22386622,0.01998554,0.01998554,25300,77,0
7899.73454859,7899.73466262,687.60327465,687.60035874,0.04260804,2073.55622195,0.01998554,0.01998554,25299,77,0
7900.04722893,7900.04693879,695.59235457,695.59978097,0.04652832,2073.88808203,0.01998554,0.01998554,25298,77,0
7900.35938035,7900.35923964,703.58964854,703.59325347,0.04701020,2074.21860425,0.01998554,0.01998554,25297,77,0
7900.67094474,7900.67156518,711.59453016,711.57862201,0.04382423,2074.54770224,0.01998554,0.01998554,25296,77,0
7900.98413809,7900.98391540,719.60636915,719.61208322,0.04477764,2074.87768368,0.01998554,0.01998554,25295,77,0
7901.29622880,7901.29629031,727.62456989,727.62299045,0.04761679,2075.20564131,0.01998554,0.01998554,25294,77,0
7901.60870421,7901.60868991,735.64915254,735.64951993,0.04688839,2075.53313930,0.01998554,0.01998554,25293,77,0
7901.92138912,7901.92111421,743.68063995,743.68771020,0.04741629,2075.86001025,0.01998554,0.01998554,25292,77,0
7902.23344905,7902.23356320,751.71957240,751.71663416,0.04171692,2076.18540254,0.01998554,0.01998554,25291,77,0
7902.54620585,7902.54603690,759.76648963,759.77084276,0.04251297,2076.51071297,0.01998554,0.01998554,25290,77,0
7902.85809264,7902.85853530,767.82165752,767.81024196,0.04670362,2076.83431986,0.01998554,0.01998554,25289,77,0
7903.17102748,7903.17105840,775.88487093,775.88407274,0.04304525,2077.15820107,0.01998554,0.01998554,25288,77,0
7903.48403376,7903.48360622,783.95587741,783.96692270,0.04623788,2077.48132807,0.01998554,0.01998554,25287,77,0
7903.79622422,7903.79617874,792.03442306,792.03559902,0.04463029,2077.80277461,0.01998554,0.01998554,25286,77,0
7904.10898783,7904.10877599,800.12032378,800.12580584,0.04372053,2078.12396143,0.01998554,0.01998554,25285,77,0
7904.42157772,7904.42139795,808.21365315,808.21830925,0.04742837,2078.44411985,0.01998554,0.01998554,25284,77,0
7904.73476759,7904.73404463,816.31454383,816.33328429,0.05356351,2078.76404277,0.01998554,0.01998554,25283,77,0
7905.04777671,7905.04671604,824.42312919,824.45064799,0.05462554,2079.08293313,0.01998554,0.01998554,25282,77,0
7905.35976706,7905.35941217,832.53953117,832.54874684,0.04773240,2079.39994364,0.01998554,0.01998554,25281,77,0
7905.67189068,7905.67213303,840.66377732,840.65747834,0.04190039,2079.71624635,0.01998554,0.01998554,25280,77,0
7905.98489753,7905.98487863,848.79585086,848.79634240,0.04538036,2080.03259327,0.01998554,0.01998554,25279,77,0
7906.29726996,7906.29764896,856.93573461,856.92586660,0.04308709,2080.34744569,0.01998554,0.01998554,25278,77,0
7906.61027067,7906.61044404,865.08342052,865.07890275,0.04440523,2080.66207287,0.01998554,0.01998554,25277,77,0
7906.92321979,7906.92326385,873.23906793,873.23791864,0.04401960,2080.97579192,0.01998554,0.01998554,25276,77,0
7907.23662133,7907.23610841,881.40298295,881.41637454,0.05376034,2081.28911494,0.01998554,0.01998554,25275,77,0
7907.54923326,7907.54897771,889.57547828,889.58215676,0.04712252,2081.60081008,0.01998554,0.01998554,25274,77,0
7907.86243652,7907.86187177,897.75686212,897.77163657,0.04831668,2081.91226323,0.01998554,0.01998554,25273,77,0
7908.17475112,7908.17479058,905.94708260,905.94604937,0.04572300,2082.22199819,0.01998554,0.01998554,25272,77,0
7908.48799477,7908.48773415,914.14553487,914.15236567,0.04129906,2082.53179104,0.01998554,0.01998554,25271,77,0
7908.80074306,7908.80070247,922.35156396,922.35262871,0.04860915,2082.84020334,0.01998554,0.01998554,25270,77,0
7909.11331602,7909.11369556,930.56451172,930.55454904,0.04049811,2083.14752586,0.01998554,0.01998554,25269,77,0
7909.42685343,7909.42671341,938.78405116,938.78772931,0.04138288,2083.45486075,0.01998554,0.01998554,25268,77,0
7909.74010819,7909.73975604,947.01073509,947.01999350,0.04032750,2083.76100039,0.01998554,0.01998554,25267,77,0
7910.05254865,7910.05282343,955.24526291,955.23803227,0.04308075,2084.06545289,0.01998554,0.01998554,25266,77,0
7910.36633134,7910.36591559,963.48833807,963.49928930,0.04601222,2084.37034012,0.01998554,0.01998554,25265,77,0
7910.67935972,7910.67903254,971.74048277,971.74910999,0.04680453,2084.67363815,0.01998554,0.01998554,25264,77,0
7910.99219239,7910.99217426,980.00139059,980.00186894,0.04424346,2084.97587715,0.01998554,0.01998554,25263,77,0
7911.30598573,7911.30534077,988.27052013,988.28755764,0.05103151,2085.27814775,0.01998554,0.01998554,25262,77,0
7911.61822199,7911.61853206,996.54732673,996.53912911,0.04254290,2085.57800413,0.01998554,0.01998554,25261,77,0
7911.93136175,7911.93174814,1004.83134479,1004.82112118,0.04204686,2085.87779224,0.01998554,0.01998554,25260,77,0
7912.24515311,7912.24498902,1013.12271655,1013.12706178,0.04794538,2086.17726611,0.01998554,0.01998554,25259,77,0
7912.55809418,7912.55825468,1021.42185979,1021.41760567,0.04501616,2086.47500519,0.01998554,0.01998554,25258,77,0
7912.87184930,7912.87154515,1029.72919603,1029.73726473,0.04384688,2086.77260500,0.01998554,0.01998554,25257,77,0
7913.18521106,7913.18486042,1038.04511840,1038.05442955,0.04538444,2087.06892905,0.01998554,0.01998554,25256,77,0
7913.49836427,7913.49820049,1046.36964429,1046.37399755,0.04978494,2087.36415174,0.01998554,0.01998554,25255,77,0
7913.81185010,7913.81156536,1054.70253800,1054.71011322,0.04611626,2087.65877082,0.01998554,0.01998554,25254,77,0
7914.12523213,7914.12495505,1063.04355777,1063.05093569,0.04376804,2087.95236315,0.01998554,0.01998554,25253,77,0
7914.43830766,7914.43836954,1071.39246880,1071.39081962,0.05037637,2088.24472909,0.01998554,0.01998554,25252,77,0
7914.75200515,7914.75180886,1079.74921002,1079.75444576,0.04086184,2088.53672886,0.01998554,0.01998554,25251,77,0
7915.06549011,7915.06527299,1088.11388454,1088.11968090,0.04534112,2088.82758417,0.01998554,0.01998554,25250,77,0
7915.37825758,7915.37876194,1096.48660246,1096.47312578,0.04673531,2089.11683122,0.01998554,0.01998554,25249,77,0
7915.69217879,7915.69227572,1104.86747811,1104.86488586,0.04384119,2089.40619915,0.01998554,0.01998554,25248,77,0
7916.00615783,7916.00581432,1113.25675669,1113.26595219,0.04768953,2089.69467729,0.01998554,0.01998554,25247,77,0
7916.31915707,7916.31937776,1121.65484889,1121.64893533,0.04318014,2089.98132692,0.01998554,0.01998554,25246,77,0
7916.63245139,7916.63296602,1130.06217829,1130.04837371,0.03826713,2090.26732932,0.01998554,0.01998554,25245,77,0
7916.94646061,7916.94657912,1138.47916523,1138.47598265,0.04551240,2090.55307365,0.01998554,0.01998554,25244,77,0
7917.25984413,7917.26021707,1146.90583898,1146.89581393,0.04151167,2090.83733653,0.01998554,0.01998554,25243,77,0
7917.57375187,7917.57387985,1155.34159133,1155.33814771,0.04570130,2091.12113698,0.01998554,0.01998554,25242,77,0
7917.88729825,7917.88756748,1163.78575210,1163.77850165,0.04320442,2091.40364743,0.01998554,0.01998554,25241,77,0
7918.20173017,7918.20127995,1172.23765016,1172.24978458,0.05253177,2091.68596300,0.01998554,0.01998554,25240,77,0
7918.51450538,7918.51501728,1180.69704343,1180.68323502,0.03662903,2091.96579354,0.01998554,0.01998554,25239,77,0
7918.82862266,7918.82877946,1189.16455561,1189.16032204,0.05053512,2092.24584093,0.01998554,0.01998554,25238,77,0
7919.14257726,7919.14256650,1197.64091759,1197.64120856,0.04135169,2092.52477868,0.01998554,0.01998554,25237,77,0
7919.45608302,7919.45637839,1206.12686361,1206.11887196,0.04083742,2092.80237561,0.01998554,0.01998554,25236,77,0
7919.76925951,7919.77021515,1214.62280563,1214.59692145,0.04857681,2093.07875043,0.01998554,0.01998554,25235,77,0
7920.08461198,7920.08407677,1223.12838251,1223.14289378,0.05654832,2093.35608973,0.01998554,0.01998554,25234,77,0
7920.39765829,7920.39796327,1231.64311828,1231.63484126,0.04324019,2093.63043285,0.01998554,0.01998554,25233,77,0
7920.71140127,7920.71187463,1240.16653429,1240.15367571,0.05245837,2093.90439962,0.01998554,0.01998554,25232,77,0
7921.02562934,7921.02581087,1248.69833244,1248.69339683,0.04007622,2094.17778652,0.01998554,0.01998554,25231,77,0
7921.33946254,7921.33977198,1257.23870664,1257.23028528,0.05182811,2094.44983015,0.01998554,0.01998554,25230,77,0
7921.65360599,7921.65375798,1265.78793419,1265.78379388,0.04200378,2094.72114731,0.01998554,0.01998554,25229,77,0
7921.96793632,7921.96776886,1274.34629402,1274.35086038,0.04575444,2094.99163412,0.01998554,0.01998554,25228,77,0
7922.28197924,7922.28180462,1282.91398404,1282.91875032,0.03690517,2095.26088528,0.01998554,0.01998554,25227,77,0
7922.59567071,7922.59586528,1291.49096281,1291.48564655,0.04350923,2095.52884365,0.01998554,0.01998554,25226,77,0
7922.91014324,7922.90995082,1300.07714508,1300.08240769,0.05477163,2095.79646798,0.01998554,0.01998554,25225,77,0
7923.22418949,7923.22406126,1308.67244503,1308.67595564,0.04300180,2096.06272255,0.01998554,0.01998554,25224,77,0
7923.53818941,7923.53819660,1317.27677025,1317.27657324,0.04582442,2096.32792504,0.01998554,0.01998554,25223,77,0
7923.85213774,7923.85235684,1325.89000973,1325.88399994,0.04179870,2096.59206426,0.01998554,0.01998554,25222,77,0
7924.16652509,7924.16654199,1334.51204836,1334.51158437,0.04592790,2096.85554381,0.01998554,0.01998554,25221,77,0
7924.48067119,7924.48075204,1343.14277036,1343.14054867,0.04267327,2097.11778536,0.01998554,0.01998554,25220,77,0
7924.79438217,7924.79498700,1351.78218019,1351.76554346,0.05117148,2097.37862685,0.01998554,0.01998554,25219,77,0
7925.10936210,7925.10924687,1360.43063684,1360.43380952,0.04154290,2097.63948816,0.01998554,0.01998554,25218,77,0
7925.42378534,7925.42353166,1369.08856619,1369.09555821,0.05724456,2097.89886269,0.01998554,0.01998554,25217,77,0
7925.73780781,7925.73784137,1377.75639657,1377.75547079,0.03810280,2098.15689243,0.01998554,0.01998554,25216,77,0
7926.05147008,7926.05217599,1386.43437302,1386.41487403,0.04686698,2098.41361738,0.01998554,0.01998554,25215,77,0
7926.36640986,7926.36653555,1395.12223418,1395.11875866,0.04871613,2098.67036148,0.01998554,0.01998554,25214,77,0
7926.68073002,7926.68092003,1403.81963102,1403.81437197,0.03748732,2098.92556049,0.01998554,0.01998554,25213,77,0
7926.99547588,7926.99532944,1412.52621252,1412.53026957,0.04408530,2099.18004971,0.01998554,0.01998554,25212,77,0
7927.30996932,7927.30976379,1421.24173097,1421.24743072,0.04787845,2099.43326888,0.01998554,0.01998554,25211,77,0
7927.62439331,7927.62422307,1429.96619337,1429.97091897,0.04178409,2099.68536333,0.01998554,0.01998554,25210,77,0
7927.93836925,7927.93870729,1438.69964487,1438.69025270,0.04518341,2099.93602963,0.01998554,0.01998554,25209,77,0
7928.25310919,7928.25321645,1447.44213215,1447.43914904,0.05069491,2100.18623132,0.01998554,0.01998554,25208,77,0
7928.56772310,7928.56775056,1456.19389887,1456.19313427,0.04890643,2100.43526063,0.01998554,0.01998554,25207,77,0
7928.88245933,7928.88230962,1464.95559556,1464.95976806,0.04126106,2100.68332858,0.01998554,0.01998554,25206,77,0
7929.19675574,7929.19689363,1473.72792705,1473.72407966,0.05135464,2100.93000917,0.01998554,0.01998554,25205,77,0
7929.51164143,7929.51150259,1482.51159431,1482.51547314,0.04337043,2101.17612436,0.01998554,0.01998554,25204,77,0
7929.82632757,7929.82613651,1491.30666563,1491.31200948,0.04455721,2101.42105263,0.01998554,0.01998554,25203,77,0
7930.14137400,7930.14079539,1500.11214011,1500.12834026,0.05036062,2101.66519624,0.01998554,0.01998554,25202,77,0
7930.45552727,7930.45547923,1508.92690787,1508.92825413,0.03848078,2101.90755161,0.01998554,0.01998554,25201,77,0
7930.77021701,7930.77018804,1517.74987362,1517.75068605,0.05010856,2102.14918963,0.01998554,0.01998554,25200,77,0
7931.08446961,7931.08492182,1526.58081297,1526.56811907,0.04479116,2102.38935261,0.01998554,0.01998554,25199,77,0
7931.40005879,7931.39968057,1535.42065332,1535.43128065,0.04692664,2102.62941291,0.01998554,0.01998554,25198,77,0
7931.71438351,7931.71446430,1544.27040654,1544.26813401,0.04678915,2102.86741497,0.01998554,0.01998554,25197,77,0
7932.02965897,7932.02927300,1553.13105752,1553.14192752,0.05173066,2103.10505978,0.01998554,0.01998554,25196,77,0
7932.34425602,7932.34410669,1562.00283991,1562.00705050,0.05016372,2103.34111938,0.01998554,0.01998554,25195,77,0
7932.65821691,7932.65896535,1570.88524110,1570.86411573,0.03807076,2103.57561390,0.01998554,0.01998554,25194,77,0
7932.97357752,7932.97384901,1579.77771325,1579.77004235,0.05450549,2103.81004093,0.01998554,0.01998554,25193,77,0
7933.28846944,7933.28875766,1588.67974483,1588.67159349,0.04299402,2104.04298892,0.01998554,0.01998554,25192,77,0
7933.60337413,7933.60369129,1597.59135114,1597.58237191,0.04825762,2104.27481272,0.01998554,0.01998554,25191,77,0
7933.91819090,7933.91864993,1606.51292340,1606.49991403,0.04403406,2104.50544453,0.01998554,0.01998554,25190,77,0
7934.23349830,7934.23363356,1615.44486342,1615.44102567,0.04390776,2104.73531202,0.01998554,0.01998554,25189,77,0
7934.54928427,7934.54864220,1624.38752580,1624.40576378,0.04468846,2104.96440573,0.01998554,0.01998554,25188,77,0
7934.86348311,7934.86367584,1633.34086718,1633.33538681,0.04678972,2105.19122719,0.01998554,0.01998554,25187,77,0
7935.17800419,7935.17873448,1642.30465129,1642.28386257,0.04702877,2105.41715098,0.01998554,0.01998554,25186,77,0
7935.49336028,7935.49381814,1651.27863895,1651.26559171,0.04525397,2105.64252864,0.01998554,0.01998554,25185,77,0
7935.80911179,7935.80892681,1660.26266958,1660.26794625,0.04424643,2105.86703079,0.01998554,0.01998554,25184,77,0
7936.12423098,7936.12406050,1669.25697188,1669.26184019,0.04514086,2106.08992928,0.01998554,0.01998554,25183,77,0
7936.43902270,7936.43921921,1678.26189465,1678.25627680,0.04818589,2106.31144908,0.01998554,0.01998554,25182,77,0
7936.75476947,7936.75440294,1687.27778895,1687.28827962,0.04888768,2106.53249316,0.01998554,0.01998554,25181,77,0
7937.06959593,7937.06961170,1696.30484469,1696.30439303,0.04684894,2106.75174825,0.01998554,0.01998554,25180,77,0
7937.38472211,7937.38484548,1705.34278419,1705.33924524,0.04256451,2106.97005579,0.01998554,0.01998554,25179,77,0
7937.69987247,7937.70010430,1714.39124425,1714.38458688,0.04463264,2107.18720965,0.01998554,0.01998554,25178,77,0
7938.01471681,7938.01538815,1723.44986256,1723.43056408,0.03809675,2107.40297068,0.01998554,0.01998554,25177,77,0
7938.33050499,7938.33069704,1732.51853165,1732.51300530,0.04081728,2107.61818479,0.01998554,0.01998554,25176,77,0
7938.64601847,7938.64603097,1741.59757210,1741.59721196,0.04378083,2107.83202086,0.01998554,0.01998554,25175,77,0
7938.96099383,7938.96138994,1750.68734735,1750.67592372,0.04682101,2108.04430886,0.01998554,0.01998554,25174,77,0
7939.27645028,7939.27677396,1759.78821265,1759.77886687,0.05380854,2108.25573952,0.01998554,0.01998554,25173,77,0
7939.59269150,7939.59218303,1768.90029935,1768.91499726,0.05339724,2108.46650738,0.01998554,0.01998554,25172,77,0
7939.90788569,7939.90761715,1778.02352342,1778.03129462,0.04648901,2108.67538616,0.01998554,0.01998554,25171,77,0
7940.22308221,7940.22307633,1787.15779157,1787.15796195,0.04468842,2108.88307016,0.01998554,0.01998554,25170,77,0
7940.53908034,7940.53856056,1796.30301104,1796.31808660,0.04314440,2109.09007445,0.01998554,0.01998554,25169,77,0
7940.85395176,7940.85406986,1805.45909954,1805.45567032,0.04445551,2109.29513101,0.01998554,0.01998554,25168,77,0
7941.16996802,7941.16960422,1814.62597998,1814.63655481,0.04278609,2109.49971253,0.01998554,0.01998554,25167,77,0
7941.48534428,7941.48516365,1823.80357469,1823.80883106,0.05421149,2109.70265413,0.01998554,0.01998554,25166,77,0
7941.80076128,7941.80074815,1832.99185537,1832.99223814,0.05049243,2109.90439199,0.01998554,0.01998554,25165,77,0
7942.11693925,7942.11635772,1842.19099877,1842.20795820,0.04322553,2110.10538118,0.01998554,0.01998554,25164,77,0
7942.43235867,7942.43199237,1851.40123561,1851.41193064,0.03960669,2110.30465592,0.01998554,0.01998554,25163,77,0
7942.74783873,7942.74765209,1860.62279827,1860.62825375,0.04534640,2110.50273788,0.01998554,0.01998554,25162,77,0
7943.06345342,7943.06333690,1869.85592617,1869.85933623,0.04681095,2110.69967242,0.01998554,0.01998554,25161,77,0
7943.37875235,7943.37904680,1879.10087084,1879.09224341,0.05060195,2110.89517970,0.01998554,0.01998554,25160,77,0
7943.69486277,7943.69478178,1888.35788679,1888.36026283,0.04339479,2111.08995583,0.01998554,0.01998554,25159,77,0
7944.01090513,7944.01054186,1897.62720671,1897.63787761,0.04086667,2111.28345394,0.01998554,0.01998554,25158,77,0
7944.32648109,7944.32632703,1906.90859669,1906.91312750,0.05101290,2111.47542290,0.01998554,0.01998554,25157,77,0
7944.64216973,7944.64213729,1916.20139071,1916.20234562,0.04308626,2111.66619804,0.01998554,0.01998554,25156,77,0
7944.95760180,7944.95797266,1925.50490179,1925.49397179,0.03898870,2111.85553810,0.01998554,0.01998554,25155,77,0
7945.27392845,7945.27383313,1934.81859090,1934.82140308,0.05347064,2112.04411451,0.01998554,0.01998554,25154,77,0
7945.58911050,7945.58971870,1944.14294792,1944.12498484,0.04351884,2112.23071843,0.01998554,0.01998554,25153,77,0
7945.90578834,7945.90562939,1953.47889346,1953.48359365,0.04057921,2112.41692446,0.01998554,0.01998554,25152,77,0
7946.22176451,7946.22156519,1962.82735546,1962.83325736,0.05106079,2112.60144875,0.01998554,0.01998554,25151,77,0
7946.53813450,7946.53752610,1972.18882215,1972.20685966,0.04291063,2112.78493674,0.01998554,0.01998554,25150,77,0
7946.85352895,7946.85351213,1981.56260961,1981.56310875,0.04173428,2112.96657864,0.01998554,0.01998554,25149,77,0
7947.16913186,7947.16952328,1990.94783753,1990.93620651,0.04872063,2113.14703865,0.01998554,0.01998554,25148,77,0
7947.48587715,7947.48555956,2000.34364290,2000.35308977,0.04141768,2113.32682080,0.01998554,0.01998554,25147,77,0
7947.80138748,7947.80162096,2009.74978921,2009.74283692,0.05373087,2113.50456716,0.01998554,0.01998554,25146,77,0
7948.11769910,7948.11770750,2019.16671963,2019.16646944,0.04249798,2113.68143130,0.01998554,0.01998554,25145,77,0
7948.43426826,7948.43381916,2028.59491429,2028.60831662,0.05103851,2113.85710657,0.01998554,0.01998554,25144,77,0
7948.74991030,7948.74995597,2038.03486149,2038.03349716,0.04877555,2114.03094366,0.01998554,0.01998554,25143,77,0
7949.06634278,7949.06611791,2047.48708456,2047.49381178,0.04228328,2114.20389362,0.01998554,0.01998554,25142,77,0
7949.38233719,7949.38230499,2056.95212413,2056.95308860,0.04849668,2114.37528694,0.01998554,0.01998554,25141,77,0
7949.69854203,7949.69851722,2066.43052396,2066.43126794,0.03987607,2114.54548068,0.01998554,0.01998554,25140,77,0
7950.01318148,7950.01475460,2075.92257021,2075.87532079,0.06220488,2114.71352645,0.01998554,0.01998554,25139,77,0
7950.33157648,7950.33101713,2085.42793823,2085.44476073,0.04271098,2114.88224039,0.01998554,0.01998554,25138,77,0
7950.64767108,7950.64730481,2094.94621321,2094.95724244,0.04767572,2115.04839100,0.01998554,0.01998554,25137,77,0
7950.96356530,7950.96361765,2104.47698809,2104.47540967,0.03786002,2115.21308517,0.01998554,0.01998554,25136,77,0
7951.28023433,7951.27995565,2114.02004420,2114.02845624,0.04646817,2115.37681821,0.01998554,0.01998554,25135,77,0
7951.59642100,7951.59631882,2123.57532331,2123.57841137,0.05145770,2115.53893164,0.01998554,0.01998554,25134,77,0
7951.91341686,7951.91270715,2133.14277177,2133.16424587,0.04493680,2115.70007904,0.01998554,0.01998554,25133,77,0
7952.22924579,7952.22912064,2142.72240538,2142.72619658,0.05148217,2115.85925293,0.01998554,0.01998554,25132,77,0
7952.54512232,7952.54555932,2152.31455376,2152.30129885,0.03770502,2116.01707258,0.01998554,0.01998554,25131,77,0
7952.86201225,7952.86202316,2161.91963704,2161.91930564,0.05072529,2116.17401469,0.01998554,0.01998554,25130,77,0
7953.17875024,7953.17851219,2171.53807268,2171.54531224,0.04185567,2116.32949726,0.01998554,0.01998554,25129,77,0
7953.49551187,7953.49502639,2181.17001747,2181.18480099,0.05191630,2116.48360366,0.01998554,0.01998554,25128,77,0
7953.81135064,7953.81156578,2190.81526468,2190.80870473,0.05357482,2116.63586985,0.01998554,0.01998554,25127,77,0
7954.12772876,7954.12813036,2200.47357919,2200.46131891,0.04485245,2116.78699355,0.01998554,0.01998554,25126,77,0
7954.44466226,7954.44472013,2210.14472051,2210.14295173,0.05219806,2116.93696541,0.01998554,0.01998554,25125,77,0
7954.76126421,7954.76133509,2219.82842153,2219.82625233,0.04995429,2117.08535426,0.01998554,0.01998554,25124,77,0
7955.07833415,7955.07797525,2229.52440217,2229.53539888,0.03823098,2117.23252391,0.01998554,0.01998554,25123,77,0
7955.39506285,7955.39464060,2239.23238258,2239.24533493,0.04655959,2117.37808808,0.01998554,0.01998554,25122,77,0
7955.71087280,7955.71133116,2248.95237494,2248.93829847,0.05246223,2117.52178469,0.01998554,0.01998554,25121,77,0
7956.02791466,7956.02804692,2258.68495187,2258.68088501,0.04591111,2117.66459302,0.01998554,0.01998554,25120,77,0
7956.34461958,7956.34478790,2268.43075338,2268.42557106,0.04026247,2117.80580371,0.01998554,0.01998554,25119,77,0
7956.66142899,7956.66155408,2278.19037672,2278.18651997,0.04737748,2117.94561755,0.01998554,0.01998554,25118,77,0
7956.97846948,7956.97834548,2287.96396747,2287.96779582,0.04337500,2118.08408376,0.01998554,0.01998554,25117,77,0
7957.29514816,7957.29516209,2297.75141928,2297.75098856,0.04725929,2118.22093631,0.01998554,0.01998554,25116,77,0
7957.61140866,7957.61200393,2307.55262176,2307.53419563,0.05217440,2118.35614829,0.01998554,0.01998554,25115,77,0
7957.92929715,7957.92887099,2317.36739237,2317.38060116,0.03887150,2118.49057721,0.01998554,0.01998554,25114,77,0
7958.24615571,7958.24576327,2327.19539070,2327.20756929,0.04778584,2118.62308403,0.01998554,0.01998554,25113,77,0
7958.56267122,7958.56268078,2337.03625264,2337.03595552,0.04689501,2118.75395471,0.01998554,0.01998554,25112,77,0
7958.87934744,7958.87962353,2346.88968747,2346.88109890,0.04999486,2118.88338912,0.01998554,0.01998554,25111,77,0
7959.19658134,7959.19659151,2356.75617686,2356.75586001,0.04400853,2119.01154480,0.01998554,0.01998554,25110,77,0
7959.51309967,7959.51358473,2366.63665713,2366.62152750,0.04551320,2119.13791436,0.01998554,0.01998554,25109,77,0
7959.83072887,7959.83060320,2376.53207484,2376.53600053,0.04913840,2119.26322956,0.01998554,0.01998554,25108,77,0
7960.14760909,7960.14764690,2386.44288707,2386.44170409,0.03691363,2119.38675270,0.01998554,0.01998554,25107,77,0
7960.46510017,7960.46471586,2396.36851048,2396.38054943,0.05032626,2119.50900044,0.01998554,0.01998554,25106,77,0
7960.78203545,7960.78181006,2406.30822508,2406.31529465,0.05604771,2119.62950752,0.01998554,0.01998554,25105,77,0
7961.09897986,7961.09892952,2416.26137456,2416.26295569,0.03581200,2119.74847832,0.01998554,0.01998554,25104,77,0
7961.41612408,7961.41607423,2426.22789453,2426.22946207,0.04658325,2119.86597588,0.01998554,0.01998554,25103,77,0
7961.73267243,7961.73324421,2436.20802320,2436.19001983,0.04727556,2119.98170482,0.01998554,0.01998554,25102,77,0
7962.05025424,7962.05043944,2446.20200528,2446.19616618,0.04663557,2120.09625405,0.01998554,0.01998554,25101,77,0
7962.36813706,7962.36765995,2456.21024923,2456.22531267,0.05561582,2120.20934760,0.01998554,0.01998554,25100,77,0
7962.68536991,7962.68490572,2466.23343691,2466.24811340,0.03779938,2120.32065054,0.01998554,0.01998554,25099,77,0
7963.00189050,7963.00217676,2476.27228156,2476.26321694,0.04683044,2120.43015172,0.01998554,0.01998554,25098,77,0
7963.32008569,7963.31947308,2486.32728875,2486.34671683,0.04996157,2120.53866775,0.01998554,0.01998554,25097,77,0
7963.63728967,7963.63679467,2496.39771228,2496.41343224,0.05072680,2120.64526886,0.01998554,0.01998554,25096,77,0
7963.95411968,7963.95414155,2506.48234206,2506.48164668,0.04613523,2120.75015291,0.01998554,0.01998554,25095,77,0
7964.27163333,7964.27151370,2516.57999199,2516.58380043,0.04658935,2120.85364894,0.01998554,0.01998554,25094,77,0
7964.58943245,7964.58891115,2526.69046495,2526.70708096,0.04527085,2120.95561171,0.01998555,0.01998554,25093,77,0
7964.90634602,7964.90633388,2536.81467987,2536.81506715,0.04776134,2121.05567314,0.01998554,0.01998554,25092,77,0
7965.22375537,7965.22378191,2546.95362250,2546.95277415,0.04866933,2121.15427540,0.01998554,0.01998554,25091,77,0
7965.54108662,7965.54125524,2557.10802262,2557.10262562,0.04685986,2121.25123696,0.01998554,0.01998554,25090,77,0
7965.85858752,7965.85875386,2567.27772743,2567.27239584,0.04543148,2121.34662402,0.01998554,0.01998554,25089,77,0
7966.17634684,7966.17627778,2577.46239621,2577.46461265,0.05210930,2121.44044957,0.01998554,0.01998554,25088,77,0
7966.49362901,7966.49382701,2587.66171759,2587.65535374,0.04566694,2121.53248822,0.01998554,0.01998554,25087,77,0
7966.81110270,7966.81140155,2597.87574228,2597.86612397,0.04865542,2121.62292965,0.01998554,0.01998554,25086,77,0
7967.12844557,7967.12900140,2608.10475076,2608.08683640,0.04872829,2121.71167700,0.01998554,0.01998554,25085,77,0
7967.44623817,7967.44662656,2618.34902965,2618.33649410,0.04911803,2121.79888540,0.01998554,0.01998554,25084,77,0
7967.76453913,7967.76427704,2628.60888025,2628.61735181,0.05268278,2121.88455859,0.01998554,0.01998554,25083,77,0
7968.08226923,7968.08195284,2638.88462647,2638.89486829,0.04495376,2121.96840173,0.01998554,0.01998554,25082,77,0
7968.40007746,7968.39965396,2649.17659693,2649.19032672,0.05254227,2122.05058494,0.01998554,0.01998554,25081,77,0
7968.71748510,7968.71738041,2659.48503221,2659.48843139,0.04862206,2122.13098103,0.01998554,0.01998554,25080,77,0
7969.03510674,7969.03513219,2669.80976890,2669.80894148,0.04334002,2122.20973801,0.01998554,0.01998554,25079,77,0
7969.35267320,7969.35290930,2680.15052857,2680.14284031,0.05283522,2122.28677797,0.01998554,0.01998554,25078,77,0
7969.67040104,7969.67071174,2690.50705685,2690.49692437,0.04980418,2122.36214306,0.01998554,0.01998554,25077,77,0
7969.98871170,7969.98853952,2700.87945023,2700.88507345,0.04269160,2122.43592030,0.01998554,0.01998554,25076,77,0
7970.30661007,7970.30639265,2711.26805602,2711.27516742,0.04944903,2122.50787238,0.01998554,0.01998554,25075,77,0
7970.62408464,7970.62427112,2721.67322476,2721.66711605,0.04629045,2122.57799804,0.01998554,0.01998554,25074,77,0
7970.94140500,7970.94217493,2732.09496279,2732.06970388,0.05190814,2122.64635361,0.01998554,0.01998554,25073,77,0
7971.25959692,7971.26010410,2742.53271464,2742.51605214,0.04215277,2122.71314264,0.01998554,0.01998554,25072,77,0
7971.57843527,7971.57805862,2752.98586840,2752.99825964,0.04595735,2122.77829376,0.01998554,0.01998554,25071,77,0
7971.89656263,7971.89603849,2763.45406972,2763.47133700,0.04692508,2122.84152061,0.01998554,0.01998554,25070,77,0
7972.21370550,7972.21404373,2773.93795335,2773.92679470,0.04089343,2122.90277946,0.01998554,0.01998554,25069,77,0
7972.53195017,7972.53207432,2784.43839358,2784.43429112,0.05072735,2122.96246965,0.01998554,0.01998554,25068,77,0
7972.84997117,7972.85013029,2794.95619866,2794.95093267,0.04104349,2123.02033153,0.01998554,0.01998554,25067,77,0
7973.16833927,7973.16821162,2805.49151543,2805.49574687,0.04724400,2123.07646019,0.01998554,0.01998554,25066,77,0
7973.48596695,7973.48631832,2816.04413728,2816.03247206,0.04466376,2123.13065764,0.01998554,0.01998554,25065,77,0
7973.80419311,7973.80445040,2826.61385556,2826.60530094,0.04806939,2123.18314408,0.01998554,0.01998554,25064,77,0
7974.12257586,7974.12260785,2837.20054486,2837.19947958,0.04623343,2123.23383120,0.01998554,0.01998554,25063,77,0
7974.44053265,7974.44079069,2847.80416941,2847.79556361,0.04262786,2123.28262016,0.01998554,0.01998554,25062,77,0
7974.75880307,7974.75899891,2858.42469688,2858.41815553,0.04838736,2123.32961698,0.01998554,0.01998554,25061,77,0
7975.07690906,7975.07723252,2869.06201905,2869.05119928,0.05100203,2123.37474110,0.01998554,0.01998554,25060,77,0
7975.39553086,7975.39549151,2879.71587121,2879.71718926,0.04447457,2123.41807665,0.01998554,0.01998554,25059,77,0
7975.71335518,7975.71377590,2890.38596676,2890.37185267,0.04742578,2123.45943836,0.01998554,0.01998554,25058,77,0
7976.03197066,7976.03208568,2901.07221185,2901.06834730,0.04839146,2123.49902477,0.01998554,0.01998554,25057,77,0
7976.35015466,7976.35042087,2911.77529738,2911.76634008,0.05595292,2123.53667531,0.01998554,0.01998554,25056,77,0
7976.66898766,7976.66878145,2922.49611809,2922.50306784,0.04348910,2123.57251053,0.01998554,0.01998554,25055,77,0
7976.98757802,7976.98716744,2933.23545219,2933.24931273,0.04539292,2123.60642025,0.01998555,0.01998554,25054,77,0
7977.30568020,7977.30557884,2943.99311606,2943.99654325,0.05191935,2123.63837515,0.01998554,0.01998554,25053,77,0
7977.62383644,7977.62401565,2954.76847163,2954.76240272,0.04248552,2123.66842285,0.01998554,0.01998554,25052,77,0
7977.94270365,7977.94247788,2965.56092082,2965.56857793,0.04629627,2123.69660822,0.01998554,0.01998554,25051,77,0
7978.26080584,7978.26096552,2976.37062477,2976.36520108,0.04685186,2123.72279329,0.01998554,0.01998554,25050,77,0
7978.57996861,7978.57947858,2987.19835236,2987.21502456,0.05328277,2123.74711875,0.01998554,0.01998554,25049,77,0
7978.89826962,7978.89801706,2998.04488436,2998.05349147,0.05330371,2123.76942891,0.01998554,0.01998554,25048,77,0
7979.21607473,7979.21658097,3008.91056173,3008.89328040,0.04051845,2123.78975314,0.01998554,0.01998554,25047,77,0
7979.53513561,7979.53517031,3019.79516193,3019.79397536,0.05705226,2123.80818656,0.01998554,0.01998554,25046,77,0
7979.85427961,7979.85378508,3030.69842527,3030.71536206,0.04480320,2123.82463915,0.01998555,0.01998554,25045,77,0
7980.17210844,7980.17242529,3041.62030492,3041.60943545,0.04847765,2123.83904099,0.01998554,0.01998554,25044,77,0
7980.49105877,7980.49109094,3052.56117558,3052.56007019,0.04985165,2123.85149542,0.01998554,0.01998554,25043,77,0
7980.80972424,7980.80978203,3063.52146431,3063.51947515,0.04938156,2123.86193054,0.01998554,0.01998554,25042,77,0
7981.12841223,7981.12849856,3074.50125956,3074.49828296,0.04880646,2123.87034921,0.01998554,0.01998554,25041,77,0
7981.44728542,7981.44724054,3085.49963586,3085.50118568,0.04678884,2123.87674352,0.01998554,0.01998554,25040,77,0
7981.76567337,7981.76600797,3096.51547118,3096.50389991,0.05201410,2123.88109329,0.01998554,0.01998554,25039,77,0
7982.08502581,7982.08480085,3107.54805252,3107.55584347,0.04662081,2123.88340496,0.01998555,0.01998554,25038,77,0
7982.40333877,7982.40361919,3118.59848826,3118.58876064,0.04970676,2123.88365643,0.01998554,0.01998554,25037,77,0
7982.72234509,7982.72246299,3129.66839487,3129.66429770,0.04379676,2123.88184311,0.01998554,0.01998554,25036,77,0
7983.04081199,7983.04133226,3140.75914304,3140.74103118,0.04802526,2123.87796015,0.01998554,0.01998554,25035,77,0
7983.36029256,7983.36022699,3151.87051320,3151.87280013,0.05133611,2123.87197352,0.01998554,0.01998554,25034,77,0
7983.67919533,7983.67914718,3163.00167722,3163.00335913,0.05202237,2123.86389897,0.01998554,0.01998554,25033,77,0
7983.99721745,7983.99809286,3174.15190841,3174.12127987,0.04597003,2123.85374934,0.01998554,0.01998554,25032,77,0
7984.31732276,7984.31706400,3185.32139591,3185.33046460,0.04312942,2123.84140826,0.01998554,0.01998554,25031,77,0
7984.63695330,7984.63606062,3196.51078721,3196.54212660,0.05549807,2123.82694769,0.01998555,0.01998554,25030,77,0
7984.95535255,7984.95508273,3207.72067622,3207.73016553,0.05423750,2123.81040792,0.01998554,0.01998554,25029,77,0
7985.27412712,7985.27413032,3218.95097601,3218.95086333,0.04881760,2123.79170389,0.01998554,0.01998554,25028,77,0
7985.59390678,7985.59320339,3230.20117802,3230.22599941,0.04687098,2123.77077528,0.01998555,0.01998554,25027,77,0
7985.91255624,7985.91230196,3241.47081236,3241.47980010,0.04456523,2123.74775406,0.01998554,0.01998554,25026,77,0
7986.23152600,7986.23142602,3252.76008809,3252.76362791,0.05226168,2123.72253338,0.01998554,0.01998554,25025,77,0
7986.55054892,7986.55057558,3264.06971000,3264.06876444,0.05076018,2123.69511884,0.01998554,0.01998554,25024,77,0
7986.87031599,7986.86975063,3275.40037326,3275.42046133,0.04820858,2123.66543057,0.01998555,0.01998554,25023,77,0
7987.18913858,7987.18895119,3286.75232772,3286.75899796,0.05072345,2123.63361596,0.01998554,0.01998554,25022,77,0
7987.50833530,7987.50817726,3298.12545819,3298.13109395,0.04439789,2123.59953881,0.01998554,0.01998554,25021,77,0
7987.82755419,7987.82742883,3309.51963892,3309.52411709,0.04362885,2123.56322215,0.01998554,0.01998554,25020,77,0
7988.14685968,7988.14670591,3320.93477060,3320.94027307,0.05127035,2123.52464705,0.01998554,0.01998554,25019,77,0
7988.46604988,7988.46600851,3332.37077711,3332.37225982,0.04107219,2123.48382776,0.01998554,0.01998554,25018,77,0
7988.78542004,7988.78533663,3343.82760507,3343.83060005,0.04702572,2123.44071537,0.01998554,0.01998554,25017,77,0
7989.10512643,7989.10469027,3355.30564057,3355.32133112,0.04478837,2123.39527101,0.01998555,0.01998554,25016,77,0
7989.42397675,7989.42406943,3366.80567009,3366.80232962,0.05135860,2123.34765554,0.01998554,0.01998554,25015,77,0
7989.74379997,7989.74347412,3378.32846291,3378.34022943,0.04741540,2123.29757977,0.01998554,0.01998554,25014,77,0
7990.06299539,7990.06290434,3389.87405164,3389.87734574,0.04966257,2123.24527865,0.01998554,0.01998554,25013,77,0
7990.38246208,7990.38236009,3401.44180790,3401.44550444,0.04730700,2123.19059995,0.01998554,0.01998554,25012,77,0
7990.70226014,7990.70184138,3413.03110415,3413.04630819,0.04728453,2123.13351845,0.01998555,0.01998554,25011,77,0
7991.02122493,7991.02134821,3424.64183494,3424.63735088,0.05096149,2123.07423699,0.01998554,0.01998554,25010,77,0
7991.34105255,7991.34088058,3436.27433653,3436.28060288,0.04457729,2123.01242714,0.01998554,0.01998554,25009,77,0
7991.66075847,7991.66043850,3447.92896583,3447.94064657,0.05207907,2122.94825766,0.01998555,0.01998554,25008,77,0
7991.98012667,7991.98002196,3459.60613318,3459.60996277,0.05394589,2122.88176320,0.01998554,0.01998554,25007,77,0
7992.30070271,7992.29963098,3471.30629087,3471.34556238,0.03870997,2122.81259766,0.01998555,0.01998554,25006,77,0
7992.61917779,7992.61926555,3483.02985323,3483.02663159,0.04618561,2122.74147054,0.01998554,0.01998554,25005,77,0
7992.93920393,7992.93892567,3494.77672315,3494.78695822,0.05051316,2122.66756084,0.01998555,0.01998554,25004,77,0
7993.25887284,7993.25861136,3506.54646584,3506.55610134,0.05309876,2122.59128633,0.01998555,0.01998554,25003,77,0
7993.57861957,7993.57832262,3518.33863454,3518.34959707,0.04339214,2122.51253749,0.01998555,0.01998554,25002,77,0
7993.89820042,7993.89805944,3530.15276926,3530.15798333,0.04794341,2122.43136687,0.01998555,0.01998554,25001,77,0
7994.21780749,7994.21782182,3541.98840012,3541.98786914,0.04794059,2122.34771925,0.01998554,0.01998554,25000,77,0
7994.53804190,7994.53760979,3553.84532916,3553.86136525,0.05288783,2122.26142003,0.01998555,0.01998554,24999,77,0
7994.85766392,7994.85742333,3565.72525173,3565.73419771,0.05332393,2122.17277925,0.01998554,0.01998554,24998,77,0
7995.17744343,7995.17726244,3577.63067541,3577.63741982,0.04941014,2122.08155724,0.01998554,0.01998554,24997,77,0
7995.49709764,7995.49712714,3589.56343245,3589.56233046,0.05257720,2121.98780625,0.01998554,0.01998554,24996,77,0
7995.81735775,7995.81701743,3601.52189270,3601.53462698,0.04985001,2121.89130469,0.01998555,0.01998554,24995,77,0
7996.13746346,7996.13693330,3613.50333575,3613.52320793,0.04808252,2121.79228531,0.01998555,0.01998554,24994,77,0
7996.45655387,7996.45687477,3625.50621258,3625.49416274,0.03826526,2121.69102964,0.01998554,0.01998554,24993,77,0
7996.77684429,7996.77684183,3637.53305893,3637.53315164,0.05157622,2121.58679912,0.01998554,0.01998554,24992,77,0
7997.09676264,7997.09683448,3649.58730627,3649.58459672,0.05148081,2121.48005189,0.01998554,0.01998554,24991,77,0
7997.41671398,7997.41685274,3661.67061836,3661.66537327,0.04837208,2121.37062705,0.01998554,0.01998554,24990,77,0
7997.73734981,7997.73689660,3673.78056491,3673.79773042,0.05104551,2121.25829982,0.01998555,0.01998554,24989,77,0
7998.05740104,7998.05696607,3685.91415553,3685.93065923,0.05070405,2121.14352788,0.01998555,0.01998554,24988,77,0
7998.37751511,7998.37706115,3698.07044664,3698.08770328,0.04744132,2121.02608220,0.01998555,0.01998554,24987,77,0
7998.69733429,7998.69718184,3710.25157733,3710.25738435,0.04636499,2120.90606370,0.01998555,0.01998554,24986,77,0
7999.01695947,7999.01732815,3722.45986597,3722.44579131,0.04932024,2120.78340402,0.01998554,0.01998554,24985,77,0
7999.33713663,7999.33750007,3734.69563371,3734.68172994,0.04615315,2120.65779436,0.01998554,0.01998554,24984,77,0
7999.65744273,7999.65769762,3746.95729444,3746.94752407,0.04446412,2120.52939389,0.01998554,0.01998554,24983,77,0
7999.97734888,7999.97792080,3759.24332056,3759.22135730,0.04427381,2120.39842066,0.01998554,0.01998554,24982,77,0
8000.29822128,8000.29816960,3771.55368256,3771.55567125,0.03884950,2120.26429542,0.01998555,0.01998554,24981,77,0
8000.61894076,8000.61844403,3783.88921674,3783.90836764,0.05150782,2120.12745311,0.01998555,0.01998554,24980,77,0
8000.93916561,8000.93874410,3796.25070533,3796.26698943,0.04633579,2119.98802554,0.01998555,0.01998554,24979,77,0
8001.25893498,8001.25906980,3808.63855944,3808.63334019,0.05820133,2119.84598944,0.01998555,0.01998554,24978,77,0
8001.57955093,8001.57942115,3821.05307358,3821.05810804,0.04850898,2119.70074364,0.01998555,0.01998554,24977,77,0
8001.89996440,8001.89979814,3833.49445472,3833.50091796,0.04724360,2119.55273794,0.01998555,0.01998554,24976,77,0
8002.22039322,8002.22020078,3845.96267265,3845.97016904,0.04494190,2119.40186006,0.01998555,0.01998554,24975,77,0
8002.54104692,8002.54062906,3858.45767449,3858.47398567,0.03801651,2119.24799424,0.01998555,0.01998554,24974,77,0
8002.86090515,8002.86108300,3870.98014394,3870.97318627,0.04325714,2119.09161471,0.01998554,0.01998554,24973,77,0
8003.18176108,8003.18156260,3883.53177988,3883.53956248,0.04848593,2118.93180530,0.01998554,0.01998554,24972,77,0
8003.50184310,8003.50206785,3896.11419440,3896.10536079,0.04548036,2118.76940842,0.01998554,0.01998555,24971,77,0
8003.82266322,8003.82259877,3908.72668121,3908.72921997,0.04868779,2118.60364980,0.01998554,0.01998555,24970,77,0
8004.14374777,8004.14315535,3921.36689451,3921.39027792,0.04023249,2118.43477516,0.01998555,0.01998555,24969,77,0
8004.46421484,8004.46373760,3934.03317673,3934.05205219,0.05129849,2118.26326074,0.01998555,0.01998555,24968,77,0
8004.78455637,8004.78434552,3946.72778565,3946.73614393,0.03990972,2118.08880818,0.01998555,0.01998555,24967,77,0
8005.10461013,8005.10497912,3959.45428069,3959.43961607,0.04720213,2117.91144632,0.01998554,0.01998555,24966,77,0
8005.42586644,8005.42563839,3972.21388639,3972.22297109,0.04380668,2117.73030089,0.01998555,0.01998555,24965,77,0
8005.74670281,8005.74632335,3985.00253861,3985.01768573,0.04456272,2117.54631578,0.01998555,0.01998555,24964,77,0
8006.06672001,8006.06703399,3997.81563359,3997.80307843,0.04557055,2117.35978926,0.01998555,0.01998555,24963,77,0
8006.38759331,8006.38777031,4010.65365836,4010.64656581,0.04323660,2117.16972399,0.01998555,0.01998555,24962,77,0
8006.70901046,8006.70853233,4023.52216437,4023.54137112,0.05185847,2116.97618735,0.01998555,0.01998555,24961,77,0
8007.02965346,8007.02932004,4036.42603223,4036.43946204,0.03727656,2116.77988458,0.01998555,0.01998555,24960,77,0
8007.35013938,8007.35013344,4049.36377427,4049.36401407,0.04788585,2116.58045516,0.01998555,0.01998555,24959,77,0
8007.67132475,8007.67097255,4062.33123959,4062.34548917,0.04518318,2116.37740424,0.01998555,0.01998555,24958,77,0
8007.99171056,8007.99183735,4075.32583365,4075.32069324,0.05009805,2116.17170587,0.01998555,0.01998555,24957,77,0
8008.31312228,8008.31272786,4088.34886438,4088.36488898,0.04626720,2115.96214858,0.01998555,0.01998555,24956,77,0
nan,nan,0.00000000,-1.00000000,0.00000000,2117.01543111,nan,0.00000000,-2147483648,76,1
7976.03145235,7976.03208568,13.39586089,13.38091784,0.02955317,2117.40931929,0.01998554,0.01998554,25057,76,0
7976.34962743,7976.35042087,20.90951810,20.89078361,0.05152445,2117.80912622,0.01998554,0.01998554,25056,76,0
7976.66873432,7976.66878145,28.42944764,28.42833393,0.03878790,2118.20943075,0.01998554,0.01998554,25055,76,0
7976.98779368,7976.98716744,35.95575476,35.97056415,0.05330233,2118.60900492,0.01998555,0.01998554,25054,76,0
7977.30544476,7977.30557884,43.48845107,43.48527781,0.03648172,2119.00614757,0.01998554,0.01998554,25053,76,0
7977.62461904,7977.62401565,51.02729834,51.04158845,0.05196593,2119.40450860,0.01998555,0.01998554,25052,76,0
7977.94202683,7977.94247788,58.57201611,58.56132683,0.04187075,2119.79996612,0.01998554,0.01998554,25051,76,0
7978.26080955,7978.26096552,66.12232259,66.11862393,0.04840914,2120.19641851,0.01998554,0.01998554,25050,76,0
7978.57967084,7978.57947858,73.67795418,73.68251648,0.03415915,2120.59223294,0.01998555,0.01998554,25049,76,0
7978.89782223,7978.89801706,81.23896752,81.23434141,0.04664956,2120.98643395,0.01998554,0.01998554,25048,76,0
7979.21667525,7979.21658097,88.80568257,88.80792276,0.04863999,2121.38078532,0.01998554,0.01998554,25047,76,0
7979.53547001,7979.53517031,96.37842853,96.38555486,0.03681084,2121.77436018,0.01998554,0.01998554,25046,76,0
7979.85369663,7979.85378508,103.95753620,103.95543115,0.05028023,2122.16654612,0.01998554,0.01998554,25045,76,0
7980.17218820,7980.17242529,111.54326328,111.53761661,0.03550773,2122.55838188,0.01998554,0.01998554,25044,76,0
7980.49105305,7980.49109094,119.13559707,119.13469415,0.04900986,2122.94999571,0.01998554,0.01998554,25043,76,0
7980.80915452,7980.80978203,126.73446308,126.71949511,0.04486759,2123.33998669,0.01998554,0.01998554,25042,76,0
7981.12872189,7981.12849856,134.33978642,134.34511774,0.03860115,2123.73107949,0.01998554,0.01998554,25041,76,0
7981.44734627,7981.44724054,141.95149089,141.95401666,0.05693142,2124.12031816,0.01998554,0.01998554,25040,76,0
7981.76532981,7981.76600797,149.56947804,149.55326529,0.04948548,2124.50806981,0.01998554,0.01998554,25039,76,0
7982.08586613,7982.08480085,157.19362733,157.21911328,0.03925093,2124.89821396,0.01998555,0.01998554,25038,76,0
7982.40287617,7982.40361919,164.82381669,164.80602797,0.04959820,2125.28334642,0.01998554,0.01998554,25037,76,0
7982.72254156,7982.72246299,172.45992340,172.46180574,0.03405253,2125.67097179,0.01998554,0.01998554,25036,76,0
7983.04123905,7983.04133226,180.10189492,180.09966033,0.05372601,2126.05668602,0.01998554,0.01998554,25035,76,0
7983.36033588,7983.36022699,187.74996818,187.75258079,0.04725436,2126.44215572,0.01998554,0.01998554,25034,76,0
7983.67973632,7983.67914718,195.40445548,195.41860102,0.03087331,2126.82727637,0.01998555,0.01998554,25033,76,0
7983.99721119,7983.99809286,203.06567065,203.04448385,0.04999153,2127.20937890,0.01998554,0.01998554,25032,76,0
7984.31697540,7984.31706400,210.73391598,210.73178496,0.04265952,2127.59354776,0.01998554,0.01998554,25031,76,0
7984.63586373,7984.63606062,218.40919080,218.40445153,0.03907132,2127.97597307,0.01998554,0.01998554,25030,76,0
7984.95428161,7984.95508273,226.09118788,226.07188975,0.04652275,2128.35712770,0.01998554,0.01998554,25029,76,0
7985.27395672,7985.27413032,233.77958497,233.77540015,0.04915380,2128.73905870,0.01998554,0.01998554,25028,76,0
7985.59382571,7985.59320339,241.47405820,241.48907044,0.03557176,2129.12047230,0.01998555,0.01998554,25027,76,0
7985.91355106,7985.91230196,249.17438428,249.20453730,0.04764945,2129.50095266,0.01998555,0.01998554,25026,76,0
7986.23166363,7986.23142602,256.88072443,256.88646425,0.05124757,2129.87876360,0.01998554,0.01998554,25025,76,0
7986.55025621,7986.55057558,264.59333153,264.58561062,0.05247849,2130.25640486,0.01998554,0.01998554,25024,76,0
7986.87048966,7986.86975063,272.31245976,272.33033995,0.04134758,2130.63525529,0.01998555,0.01998554,25023,76,0
7987.18892205,7987.18895119,280.03835656,280.03765101,0.04873432,2131.01125317,0.01998554,0.01998554,25022,76,0
7987.50815557,7987.50817726,287.77112935,287.77060378,0.05087647,2131.38747728,0.01998554,0.01998554,25021,76,0
7987.82758675,7987.82742883,295.51076482,295.51459473,0.04903439,2131.76320990,0.01998554,0.01998554,25020,76,0
7988.14732262,7988.14670591,303.25724563,303.27221442,0.03920384,2132.13857191,0.01998554,0.01998554,25019,76,0
7988.46661072,7988.46600851,311.01055436,311.02518290,0.05196253,2132.51267709,0.01998554,0.01998554,25018,76,0
7988.78591327,7988.78533663,318.77068499,318.78470379,0.04807843,2132.88606577,0.01998554,0.01998554,25017,76,0
7989.10486177,7989.10469027,326.53766425,326.54183700,0.02785986,2133.25830699,0.01998554,0.01998554,25016,76,0
7989.42355734,7989.42406943,334.31152476,334.29905522,0.04580925,2133.62951995,0.01998554,0.01998554,25015,76,0
7989.74371787,7989.74347412,342.09229933,342.09823951,0.05331455,2134.00170051,0.01998554,0.01998554,25014,76,0
7990.06243791,7990.06290434,349.88001187,349.86863574,0.04900178,2134.37146968,0.01998554,0.01998554,25013,76,0
7990.38208640,7990.38236009,357.67458903,357.66790832,0.04538692,2134.74157162,0.01998554,0.01998554,25012,76,0
7990.70190496,7990.70184138,365.47589753,365.47745066,0.04469473,2135.11111560,0.01998554,0.01998554,25011,76,0
7991.02152397,7991.02134821,373.28380252,373.28809915,0.03837595,2135.47966581,0.01998554,0.01998554,25010,76,0
7991.34166279,7991.34088058,381.09816952,381.11730607,0.05218625,2135.84804188,0.01998555,0.01998554,25009,76,0
7991.66042663,7991.66043850,388.91896341,388.91867291,0.04742652,2136.21406262,0.01998554,0.01998554,25008,76,0
7991.97987764,7991.98002196,396.74632986,396.74279384,0.05130759,2136.58010291,0.01998554,0.01998554,25007,76,0
7992.29989513,7992.29963098,404.58043426,404.58691162,0.05040724,2136.94602523,0.01998555,0.01998554,25006,76,0
7992.61952442,7992.61926555,412.42144285,412.42779603,0.04760625,2137.31074261,0.01998555,0.01998554,25005,76,0
7992.93994163,7992.93892567,420.26950053,420.29445388,0.04054349,2137.67559983,0.01998555,0.01998554,25004,76,0
7993.25888566,7993.25861136,428.12462607,428.13136878,0.04540522,2138.03802291,0.01998555,0.01998554,25003,76,0
7993.57871408,7993.57832262,435.98679341,435.99642401,0.04234020,2138.40068911,0.01998555,0.01998554,25002,76,0
7993.89821422,7993.89805944,443.85597628,443.85978726,0.04812958,2138.76221756,0.01998555,0.01998554,25001,76,0
7994.21695610,7994.21782182,451.73214900,451.71081639,0.04494701,2139.12212191,0.01998554,0.01998554,25000,76,0
7994.53799061,7994.53760979,459.61530215,459.62469357,0.05344771,2139.48383848,0.01998555,0.01998554,24999,76,0
7994.85747257,7994.85742333,467.50544245,467.50665775,0.05128940,2139.84302987,0.01998555,0.01998554,24998,76,0
7995.17803775,7995.17726244,475.40257732,475.42172816,0.05381722,2140.20265894,0.01998555,0.01998554,24997,76,0
7995.49753890,7995.49712714,483.30671409,483.31689314,0.03354404,2140.56031445,0.01998555,0.01998554,24996,76,0
7995.81778197,7995.81701743,491.21781137,491.23672648,0.05060119,2140.91801475,0.01998555,0.01998554,24995,76,0
7996.13648572,7996.13693330,499.13570049,499.12461862,0.04896725,2141.27320459,0.01998554,0.01998554,24994,76,0
7996.45673445,7996.45687477,507.06019142,507.05671478,0.04755961,2141.62931038,0.01998555,0.01998554,24993,76,0
7996.77680564,7996.77684183,514.99109311,514.99019596,0.05227840,2141.98440058,0.01998555,0.01998554,24992,76,0
7997.09692159,7997.09683448,522.92827874,522.93044016,0.05171539,2142.33871434,0.01998555,0.01998554,24991,76,0
7997.41613106,7997.41685274,530.87210022,530.85417875,0.04592792,2142.69121542,0.01998554,0.01998554,24990,76,0
7997.73630537,7997.73689660,538.82312509,538.80843035,0.04865169,2143.04399273,0.01998554,0.01998554,24989,76,0
7998.05707834,7998.05696607,546.78192488,546.78471775,0.04885615,2143.39665966,0.01998555,0.01998554,24988,76,0
7998.37668930,7998.37706115,554.74905171,554.73979177,0.04506248,2143.74730388,0.01998554,0.01998554,24987,76,0
7998.69737237,7998.69718184,562.72447846,562.72922751,0.04825915,2144.09837242,0.01998555,0.01998554,24986,76,0
7999.01731935,7999.01732815,570.70755684,570.70733733,0.04864889,2144.44785307,0.01998555,0.01998554,24985,76,0
7999.33708899,7999.33750007,578.69760481,578.68734215,0.04292788,2144.79632696,0.01998554,0.01998554,24984,76,0
7999.65736113,7999.65769762,586.69393763,586.68553159,0.04468068,2145.14450141,0.01998554,0.01998554,24983,76,0
7999.97740793,7999.97792080,594.69622248,594.68340162,0.04646551,2145.49156732,0.01998554,0.01998554,24982,76,0
8000.29837039,8000.29816960,602.70499934,602.71002263,0.04545302,2145.83878042,0.01998555,0.01998554,24981,76,0
8000.61842761,8000.61844403,610.72094311,610.72053186,0.03927156,2146.18419754,0.01998555,0.01998554,24980,76,0
8000.93867388,8000.93874410,618.74473240,618.74297249,0.04678961,2146.52902885,0.01998555,0.01998554,24979,76,0
8001.25879825,8001.25906980,626.77690883,626.77009631,0.04195956,2146.87295946,0.01998554,0.01998554,24978,76,0
8001.57939627,8001.57942115,634.81718938,634.81656456,0.04670662,2147.21661267,0.01998555,0.01998554,24977,76,0
8001.90018758,8001.89979814,642.86498777,642.87477435,0.04589671,2147.55965743,0.01998555,0.01998554,24976,76,0
8002.22048480,8002.22020078,650.91971404,650.92685670,0.04441668,2147.90133196,0.01998555,0.01998554,24975,76,0
8002.54110297,8002.54062906,658.98081998,658.99274629,0.04803517,2148.24248064,0.01998555,0.01998554,24974,76,0
8002.86079438,8002.86108300,667.04843753,667.04116853,0.03943909,2148.58178155,0.01998554,0.01998554,24973,76,0
8003.18213657,8003.18156260,675.12323039,675.13769838,0.04829653,2148.92199288,0.01998555,0.01998554,24972,76,0
8003.50149705,8003.50206785,683.20587981,683.19147820,0.04855385,2149.25929582,0.01998554,0.01998555,24971,76,0
8003.82258838,8003.82259877,691.29706229,691.29679976,0.04301996,2149.59763769,0.01998554,0.01998555,24970,76,0
8004.14342388,8004.14315535,699.39695827,699.40374666,0.04913308,2149.93492386,0.01998555,0.01998555,24969,76,0
8004.46367542,8004.46373760,707.50498211,707.50340887,0.05037597,2150.27078489,0.01998554,0.01998555,24968,76,0
8004.78450186,8004.78434552,715.62047981,715.62443878,0.04205331,2150.60640604,0.01998555,0.01998555,24967,76,0
8005.10481525,8005.10497912,723.74279381,723.73864112,0.04524044,2150.94061910,0.01998554,0.01998555,24966,76,0
8005.42550738,8005.42563839,731.87152925,731.86820687,0.04805942,2151.27433641,0.01998554,0.01998555,24965,76,0
8005.74669222,8005.74632335,740.00709339,740.01645527,0.04427879,2151.60768718,0.01998555,0.01998555,24964,76,0
8006.06645488,8006.06703399,748.15004703,748.13533690,0.04225101,2151.93870799,0.01998554,0.01998555,24963,76,0
8006.38765976,8006.38777031,756.30095409,756.29814331,0.05081905,2152.27038409,0.01998554,0.01998555,24962,76,0
8006.70945986,8006.70853233,764.46029080,764.48389612,0.04437323,2152.60184918,0.01998555,0.01998555,24961,76,0
8007.02992293,8007.02932004,772.62799512,772.64335259,0.04120137,2152.93111004,0.01998555,0.01998555,24960,76,0
8007.35082423,8007.35013344,780.80380523,780.82141763,0.04249239,2153.25998043,0.01998555,0.01998555,24959,76,0
8007.67131998,8007.67097255,788.98745749,788.99632340,0.04839983,2153.58758181,0.01998555,0.01998555,24958,76,0
8007.99180601,8007.99183735,797.17870613,797.17790563,0.03933353,2153.91430769,0.01998554,0.01998555,24957,76,0
8008.31247714,8008.31272786,805.37753472,805.37112602,0.05048865,2154.24035242,0.01998554,0.01998555,24956,76,0
8008.63451512,8008.63364408,813.58407839,813.60636232,0.04474850,2154.56691369,0.01998555,0.01998555,24955,76,0
8008.95452041,8008.95458602,821.79847569,821.79679574,0.04096781,2154.89054941,0.01998554,0.01998555,24954,76,0
8009.27584886,8009.27555366,830.02086323,830.02842873,0.04367698,2155.21465872,0.01998554,0.01998555,24953,76,0
8009.59721760,8009.59654703,838.25130585,838.26850739,0.04611745,2155.53794158,0.01998555,0.01998555,24952,76,0
8009.91756650,8009.91756611,846.48978977,846.48979970,0.04491593,2155.85933187,0.01998554,0.01998555,24951,76,0
8010.23882475,8010.23861092,854.73629716,854.74179211,0.04211651,2156.18076167,0.01998554,0.01998555,24950,76,0
8010.55961201,8010.55968146,862.99081146,862.98902516,0.04430978,2156.50084439,0.01998554,0.01998555,24949,76,0
8010.88200549,8010.88077772,871.25343291,871.28504101,0.05266307,2156.82164879,0.01998555,0.01998555,24948,76,0
8011.20257485,8011.20189972,879.52446462,879.54186206,0.04713434,2157.13977085,0.01998555,0.01998555,24947,76,0
8011.52290243,8011.52304746,887.80423154,887.80049055,0.04161117,2157.45679831,0.01998554,0.01998555,24946,76,0
8011.84434819,8011.84422094,896.09306012,896.09634591,0.04703170,2157.77408263,0.01998554,0.01998555,24945,76,0
8012.16499541,8012.16542015,904.39103574,904.38005746,0.04652417,2158.08973033,0.01998554,0.01998555,24944,76,0
8012.48641658,8012.48664512,912.69758994,912.69167766,0.04096266,2158.40526432,0.01998554,0.01998555,24943,76,0
8012.80786379,8012.80789583,921.01204186,921.01121237,0.04148057,2158.71991801,0.01998555,0.01998555,24942,76,0
8013.12943371,8013.12917229,929.33370660,929.34048031,0.04794990,2159.03375649,0.01998555,0.01998555,24941,76,0
8013.45049403,8013.45047451,937.66212565,937.66263173,0.04013249,2159.34614441,0.01998555,0.01998555,24940,76,0
8013.77180881,8013.77180249,945.99778175,945.99794577,0.04173950,2159.65784174,0.01998555,0.01998555,24939,76,0
8014.09270130,8014.09315623,954.34140214,954.32958504,0.04500910,2159.96821693,0.01998554,0.01998555,24938,76,0
8014.41424805,8014.41453573,962.69371837,962.68623813,0.05269788,2160.27833418,0.01998555,0.01998555,24937,76,0
8014.73550363,8014.73594100,971.05532488,971.04394066,0.04510866,2160.58729870,0.01998554,0.01998555,24936,76,0
8015.05732020,8015.05737204,979.42597374,979.42462305,0.04844324,2160.89591611,0.01998555,0.01998555,24935,76,0
8015.37816310,8015.37882885,987.80510227,987.78774109,0.04388265,2161.20269228,0.01998554,0.01998555,24934,76,0
8015.69963017,8015.70031144,996.19214389,996.17436323,0.05422971,2161.50913250,0.01998554,0.01998555,24933,76,0
8016.02129735,8016.02181981,1004.58660211,1004.57295540,0.04285372,2161.81480777,0.01998555,0.01998555,24932,76,0
8016.34305436,8016.34335397,1012.98859812,1012.98076578,0.04275100,2162.11961344,0.01998555,0.01998555,24931,76,0
8016.66493782,8016.66491390,1021.39856562,1021.39919144,0.04831789,2162.42359598,0.01998555,0.01998555,24930,76,0
8016.98610400,8016.98649963,1029.81694324,1029.80658155,0.04565155,2162.72597374,0.01998555,0.01998555,24929,76,0
8017.30911978,8017.30811115,1038.24413779,1038.27057985,0.04596043,2163.02916981,0.01998555,0.01998555,24928,76,0
8017.62955875,8017.62974847,1046.68015986,1046.67518162,0.04127104,2163.32902937,0.01998555,0.01998555,24927,76,0
8017.95098515,8017.95141158,1055.12476351,1055.11356326,0.05815729,2163.62888235,0.01998555,0.01998555,24926,76,0
8018.27281757,8018.27310050,1063.57769706,1063.57025944,0.04459678,2163.92816802,0.01998555,0.01998555,24925,76,0
8018.59489735,8018.59481521,1072.03872012,1072.04088122,0.04311230,2164.22672417,0.01998555,0.01998555,24924,76,0
8018.91555073,8018.91655574,1080.50778812,1080.48132192,0.04849875,2164.52299977,0.01998554,0.01998555,24923,76,0
8019.23769529,8019.23832208,1088.98501091,1088.96849037,0.04555063,2164.81969096,0.01998554,0.01998555,24922,76,0
8019.55958421,8019.56011423,1097.47050312,1097.45652052,0.04938835,2165.11518413,0.01998554,0.01998555,24921,76,0
8019.88177693,8019.88193220,1105.96438826,1105.96028836,0.04046169,2165.40999361,0.01998555,0.01998555,24920,76,0
8020.20371465,8020.20377599,1114.46695126,1114.46532998,0.04514969,2165.70361433,0.01998555,0.01998555,24919,76,0
8020.52581146,8020.52564560,1122.97862532,1122.98301376,0.04237942,2165.99643580,0.01998555,0.01998555,24918,76,0
8020.84788616,8020.84754104,1131.49985163,1131.50899257,0.04397144,2166.28830408,0.01998555,0.01998555,24917,76,0
8021.16959929,8021.16946231,1140.03105109,1140.03468334,0.03734157,2166.57892367,0.01998555,0.01998555,24916,76,0
8021.49129353,8021.49140941,1148.57210500,1148.56902939,0.04408624,2166.86859765,0.01998555,0.01998555,24915,76,0
8021.81245664,8021.81338234,1157.12234380,1157.09774951,0.03824245,2167.15684070,0.01998554,0.01998555,24914,76,0
8022.13511443,8022.13538112,1165.68106922,1165.67397760,0.04967238,2167.44543948,0.01998554,0.01998555,24913,76,0
8022.45770702,8022.45740573,1174.24760400,1174.25562201,0.05052396,2167.73296604,0.01998555,0.01998555,24912,76,0
8022.77908277,8022.77945619,1182.82194075,1182.81199431,0.03899608,2168.01839659,0.01998554,0.01998555,24911,76,0
8023.10159362,8023.10153250,1191.40480052,1191.40643006,0.04488657,2168.30384118,0.01998555,0.01998555,24910,76,0
8023.42323420,8023.42363466,1199.99694507,1199.98625699,0.03902250,2168.58754533,0.01998554,0.01998555,24909,76,0
8023.74520662,8023.74576268,1208.59911996,1208.58426250,0.04673655,2168.87059250,0.01998554,0.01998555,24908,76,0
8024.06822720,8024.06791655,1217.21149873,1217.21980786,0.04993165,2169.15360786,0.01998555,0.01998555,24907,76,0
8024.39048383,8024.39009628,1225.83362069,1225.84399750,0.04074384,2169.43498323,0.01998555,0.01998555,24906,76,0
8024.71187906,8024.71230188,1234.46498957,1234.45365745,0.04546438,2169.71462083,0.01998554,0.01998555,24905,76,0
8025.03427626,8025.03453334,1243.10511982,1243.09822327,0.05465358,2169.99412186,0.01998554,0.01998555,24904,76,0
8025.35743686,8025.35679068,1251.75388797,1251.77123845,0.04124750,2170.27326364,0.01998555,0.01998555,24903,76,0
8025.67912880,8025.67907388,1260.41156219,1260.41303821,0.04534067,2170.55012652,0.01998555,0.01998555,24902,76,0
8026.00123660,8026.00138297,1269.07843166,1269.07449399,0.04960931,2170.82634292,0.01998555,0.01998555,24901,76,0
8026.32395041,8026.32371793,1277.75477950,1277.76104063,0.04563421,2171.10207631,0.01998555,0.01998555,24900,76,0
8026.64558921,8026.64607877,1286.44070797,1286.42751026,0.04526651,2171.37589189,0.01998554,0.01998555,24899,76,0
8026.96887681,8026.96846550,1295.13613666,1295.14723619,0.05331923,2171.65009931,0.01998555,0.01998555,24898,76,0
8027.29137222,8027.29087812,1303.84097661,1303.85432356,0.04148424,2171.92261741,0.01998555,0.01998555,24897,76,0
8027.61307233,8027.61331663,1312.55513749,1312.54853184,0.04970725,2172.19344441,0.01998555,0.01998555,24896,76,0
8027.93604978,8027.93578103,1321.27851399,1321.28578766,0.04657404,2172.46431576,0.01998555,0.01998555,24895,76,0
8028.25799866,8028.25827133,1330.01098720,1330.00360002,0.03502329,2172.73328895,0.01998555,0.01998555,24894,76,0
8028.58025941,8028.58078754,1338.75243696,1338.73811605,0.04648792,2173.00147987,0.01998554,0.01998555,24893,76,0
8028.90301306,8028.90332965,1347.50276267,1347.49416983,0.04243041,2173.26902850,0.01998555,0.01998555,24892,76,0
8029.22578336,8029.22589766,1356.26216637,1356.25906085,0.04343376,2173.53554002,0.01998555,0.01998555,24891,76,0
8029.54804562,8029.54849159,1365.03108396,1365.01895528,0.04228284,2173.80059298,0.01998554,0.01998555,24890,76,0
8029.87082306,8029.87111142,1373.80996006,1373.80210917,0.04101199,2174.06503831,0.01998555,0.01998555,24889,76,0
8030.19330230,8030.19375718,1382.59920000,1382.58680165,0.04777884,2174.32821652,0.01998554,0.01998555,24888,76,0
8030.51651812,8030.51642886,1391.39874104,1391.40117663,0.04884114,2174.59096382,0.01998555,0.01998555,24887,76,0
8030.83937206,8030.83912645,1400.20822549,1400.21493376,0.04793117,2174.85237050,0.01998555,0.01998555,24886,76,0
8031.16186692,8031.16184998,1409.02728875,1409.02775184,0.04978488,2175.11242744,0.01998555,0.01998555,24885,76,0
8031.48468049,8031.48459943,1417.85559565,1417.85781393,0.05577981,2175.37166757,0.01998555,0.01998555,24884,76,0
8031.80783500,8031.80737482,1426.69306734,1426.70567290,0.04231492,2175.63009929,0.01998555,0.01998555,24883,76,0
8032.12958669,8032.13017614,1435.53974985,1435.52358754,0.04176168,2175.88633094,0.01998554,0.01998555,24882,76,0
8032.45285075,8032.45300340,1444.39569029,1444.39150069,0.04492803,2176.14268103,0.01998555,0.01998555,24881,76,0
8032.77597653,8032.77585660,1453.26101375,1453.26430868,0.04857961,2176.39783335,0.01998555,0.01998555,24880,76,0
8033.09936043,8033.09873575,1462.13629037,1462.15347092,0.04953511,2176.65211270,0.01998555,0.01998555,24879,76,0
8033.42065848,8033.42164084,1471.02225179,1470.99520257,0.03691132,2176.90370153,0.01998554,0.01998555,24878,76,0
8033.74413961,8033.74457189,1479.91963473,1479.90771710,0.05492092,2177.15595834,0.01998554,0.01998555,24877,76,0
8034.06763314,8034.06752889,1488.82885735,1488.83173502,0.04148977,2177.40718668,0.01998555,0.01998555,24876,76,0
8034.39024340,8034.39051184,1497.74907972,1497.74166195,0.04804156,2177.65666665,0.01998555,0.01998555,24875,76,0
8034.71336613,8034.71352076,1506.67914903,1506.67487214,0.04593981,2177.90544268,0.01998555,0.01998555,24874,76,0
8035.03621913,8035.03655564,1515.61790590,1515.60859039,0.04313988,2178.15287516,0.01998555,0.01998555,24873,76,0
8035.36001323,8035.35961649,1524.56474362,1524.57573592,0.04002139,2178.39986814,0.01998555,0.01998555,24872,76,0
8035.68291350,8035.68270331,1533.52048280,1533.52631204,0.04305718,2178.64504067,0.01998555,0.01998555,24871,76,0
8036.00558842,8036.00581610,1542.48617481,1542.47985370,0.04325146,2178.88893103,0.01998555,0.01998555,24870,76,0
8036.32875097,8036.32895486,1551.46286980,1551.45720239,0.04136126,2179.13210084,0.01998555,0.01998555,24869,76,0
8036.65277735,8036.65211961,1560.45104193,1560.46934646,0.04130089,2179.37483437,0.01998555,0.01998555,24868,76,0
8036.97476682,8036.97531034,1569.45021350,1569.43507099,0.04531817,2179.61494687,0.01998554,0.01998555,24867,76,0
8037.29858798,8037.29852705,1578.45981511,1578.46151430,0.04076135,2179.85530439,0.01998555,0.01998555,24866,76,0
8037.62150080,8037.62176975,1587.47929285,1587.47178447,0.04423612,2180.09384925,0.01998555,0.01998555,24865,76,0
8037.94459048,8037.94503845,1596.50855858,1596.49603980,0.04467563,2180.33138045,0.01998555,0.01998555,24864,76,0
8038.26840998,8038.26833314,1605.54800544,1605.55015515,0.04735178,2180.56830576,0.01998555,0.01998555,24863,76,0
8038.59174177,8038.59165382,1614.59805120,1614.60051431,0.04234365,2180.80373954,0.01998555,0.01998555,24862,76,0
8038.91478493,8038.91500051,1623.65908071,1623.65303607,0.05336648,2181.03783618,0.01998555,0.01998555,24861,76,0
8039.23867447,8039.23837320,1632.73109096,1632.73954737,0.03951806,2181.27141040,0.01998555,0.01998555,24860,76,0
8039.56201732,8039.56177190,1641.81383843,1641.82073480,0.05410914,2181.50344503,0.01998555,0.01998555,24859,76,0
8039.88535994,8039.88519662,1650.90707434,1650.91166866,0.05408850,2181.73432415,0.01998555,0.01998555,24858,76,0
8040.20891083,8040.20864734,1660.01062138,1660.01804131,0.05179327,2181.96418651,0.01998555,0.01998555,24857,76,0
8040.53225030,8040.53212408,1669.12470336,1669.12826170,0.05025733,2182.19273511,0.01998555,0.01998555,24856,76,0
8040.85534829,8040.85562684,1678.24968309,1678.24182153,0.04555075,2182.41995555,0.01998555,0.01998555,24855,76,0
8041.17901364,8041.17915563,1687.38592577,1687.38191378,0.04333459,2182.64641917,0.01998555,0.01998555,24854,76,0
8041.50295026,8041.50271044,1696.53362435,1696.54040860,0.04528774,2182.87191411,0.01998555,0.01998555,24853,76,0
8041.82653102,8041.82629128,1705.69248683,1705.69927631,0.04337372,2183.09599211,0.01998555,0.01998555,24852,76,0
8042.14985661,8042.14989815,1714.86213517,1714.86095738,0.05068123,2183.31871216,0.01998555,0.01998555,24851,76,0
8042.47365995,8042.47353106,1724.04219486,1724.04585274,0.05153879,2183.54056415,0.01998555,0.01998555,24850,76,0
8042.79716003,8042.79719001,1733.23258711,1733.23173553,0.04293038,2183.76100560,0.01998555,0.01998555,24849,76,0
8043.12082422,8043.12087500,1742.43365573,1742.43221143,0.03897260,2183.98035939,0.01998555,0.01998555,24848,76,0
8043.44404084,8043.44458603,1751.64577910,1751.63025521,0.04045168,2184.19821679,0.01998555,0.01998555,24847,76,0
8043.76884827,8043.76832312,1760.86931840,1760.88428928,0.04895103,2184.41594899,0.01998555,0.01998555,24846,76,0
8044.09219979,8044.09208625,1770.10437106,1770.10761145,0.04916261,2184.63151013,0.01998555,0.01998555,24845,76,0
8044.41555806,8044.41587544,1779.35084472,1779.34177594,0.04280831,2184.84587608,0.01998555,0.01998555,24844,76,0
8044.73979381,8044.73969069,1788.60864216,1788.61159203,0.04462633,2185.05961185,0.01998555,0.01998555,24843,76,0
8045.06418990,8045.06353200,1797.87766778,1797.89650888,0.05253708,2185.27223165,0.01998555,0.01998555,24842,76,0
8045.38725487,8045.38739937,1807.15783779,1807.15369489,0.04753412,2185.48275767,0.01998555,0.01998555,24841,76,0
8045.71123780,8045.71129281,1816.44907186,1816.44749300,0.04137458,2185.69265112,0.01998555,0.01998555,24840,76,0
8046.03499009,8046.03521232,1825.75128948,1825.74490419,0.05149900,2185.90115724,0.01998555,0.01998555,24839,76,0
8046.35933315,8046.35915790,1835.06450018,1835.06954129,0.04135234,2186.10879830,0.01998555,0.01998555,24838,76,0
8046.68332003,8046.68312956,1844.38891557,1844.39440089,0.03944574,2186.31496649,0.01998555,0.01998555,24837,76,0
8047.00705308,8047.00712730,1853.72477611,1853.72263627,0.05008395,2186.51973071,0.01998555,0.01998555,24836,76,0
8047.33114052,8047.33115112,1863.07232433,1863.07201824,0.04985851,2186.72347522,0.01998555,0.01998555,24835,76,0
8047.65541524,8047.65520103,1872.43181315,1872.43800406,0.03833054,2186.92609206,0.01998555,0.01998555,24834,76,0
8047.97907479,8047.97927703,1881.80350567,1881.79765361,0.05075729,2187.12708254,0.01998555,0.01998555,24833,76,0
8048.30338938,8048.30337912,1891.18766722,1891.18796461,0.04190835,2187.32723536,0.01998555,0.01998555,24832,76,0
8048.62728292,8048.62750730,1900.58446860,1900.57795955,0.05161636,2187.52588301,0.01998555,0.01998555,24831,76,0
8048.95121843,8048.95166159,1909.99345401,1909.98058337,0.04535076,2187.72329642,0.01998555,0.01998555,24830,76,0
8049.27579702,8049.27584197,1919.41391286,1919.41260597,0.04117270,2187.91981762,0.01998555,0.01998555,24829,76,0
8049.59982723,8049.60004846,1928.84513026,1928.83869126,0.05327030,2188.11470476,0.01998555,0.01998555,24828,76,0
8049.92426971,8049.92428106,1938.28684461,1938.28651370,0.04747754,2188.30852623,0.01998555,0.01998555,24827,76,0
8050.24874505,8050.24853977,1947.73986022,1947.74584809,0.05473009,2188.50106428,0.01998555,0.01998555,24826,76,0
8050.57321746,8050.57282460,1957.20513909,1957.21661322,0.04433104,2188.69231174,0.01998555,0.01998555,24825,76,0
8050.89699283,8050.89713554,1966.68359905,1966.67942522,0.04677224,2188.88187637,0.01998555,0.01998555,24824,76,0
8051.22163346,8051.22147261,1976.17520649,1976.17991674,0.04898450,2189.07066515,0.01998555,0.01998555,24823,76,0
8051.54522511,8051.54583579,1985.67907851,1985.66117529,0.05412866,2189.25754269,0.01998555,0.01998555,24822,76,0
8051.86988810,8051.87022511,1995.19429608,1995.18440564,0.04574101,2189.44370986,0.01998555,0.01998555,24821,76,0
8052.19441567,8052.19464055,2004.72012135,2004.71351468,0.05210717,2189.62844951,0.01998555,0.01998555,24820,76,0
8052.51872893,8052.51908213,2014.25675499,2014.24636731,0.04582469,2189.81171792,0.01998555,0.01998555,24819,76,0
8052.84337514,8052.84354985,2023.80469454,2023.79955057,0.05205711,2189.99382813,0.01998555,0.01998555,24818,76,0
8053.16751356,8053.16804370,2033.36444169,2033.34881424,0.04116649,2190.17431390,0.01998555,0.01998555,24817,76,0
8053.49271028,8053.49256370,2042.93652049,2042.94084679,0.04635507,2190.35404819,0.01998555,0.01998555,24816,76,0
8053.81735297,8053.81710984,2052.52148877,2052.52867394,0.04129547,2190.53214141,0.01998555,0.01998555,24815,76,0
8054.14147154,8054.14168214,2062.11991132,2062.11367912,0.05132726,2190.70862099,0.01998555,0.01998555,24814,76,0
8054.46611657,8054.46628058,2071.73229180,2071.72743155,0.05223988,2190.88406185,0.01998555,0.01998555,24813,76,0
8054.79077074,8054.79090518,2081.35853191,2081.35454273,0.03816077,2191.05817285,0.01998555,0.01998555,24812,76,0
8055.11512244,8055.11555594,2090.99820470,2090.98532491,0.04980467,2191.23077463,0.01998555,0.01998555,24811,76,0
8055.43959842,8055.44023286,2100.65087678,2100.63200327,0.05119085,2191.40208150,0.01998554,0.01998555,24810,76,0
8055.76490209,8055.76493595,2110.31621052,2110.31520207,0.04227387,2191.57244679,0.01998555,0.01998555,24809,76,0
8056.08962546,8056.08966520,2119.99411309,2119.99292781,0.05092146,2191.74112405,0.01998555,0.01998555,24808,76,0
8056.41458781,8056.41442063,2129.68452883,2129.68952028,0.04844721,2191.90853420,0.01998555,0.01998555,24807,76,0
8056.73879334,8056.73920223,2139.38741976,2139.37519681,0.04004799,2192.07416109,0.01998555,0.01998555,24806,76,0
8057.06394785,8057.06401001,2149.10301346,2149.10115313,0.04956512,2192.23887292,0.01998555,0.01998555,24805,76,0
8057.38818579,8057.38884397,2158.83174090,2158.81201578,0.04711705,2192.40172569,0.01998555,0.01998555,24804,76,0
8057.71366593,8057.71370411,2168.57404145,2168.57289570,0.04931273,2192.56380267,0.01998555,0.01998555,24803,76,0
8058.03850638,8058.03859044,2178.33021846,2178.32769258,0.03892041,2192.72416141,0.01998555,0.01998555,24802,76,0
8058.36429116,8058.36350296,2188.10012202,2188.12383823,0.04820059,2192.88357288,0.01998555,0.01998555,24801,76,0
8058.68881075,8058.68844167,2197.88350807,2197.89462763,0.05233450,2193.04094758,0.01998555,0.01998555,24800,76,0
8059.01347774,8059.01340658,2207.68012934,2207.68227583,0.05028355,2193.19696760,0.01998555,0.01998555,24799,76,0
8059.33840145,8059.33839769,2217.48971599,2217.48982939,0.05254801,2193.35167232,0.01998555,0.01998555,24798,76,0
8059.66316886,8059.66341501,2227.31197774,2227.30453466,0.03903497,2193.50485380,0.01998555,0.01998555,24797,76,0
8059.98890791,8059.98845853,2237.14662125,2237.16022588,0.04766878,2193.65702804,0.01998555,0.01998555,24796,76,0
8060.31342569,8060.31352826,2246.99353118,2246.99042249,0.04909101,2193.80716468,0.01998555,0.01998555,24795,76,0
8060.63876935,8060.63862420,2256.85322789,2256.85763305,0.04599518,2193.95621552,0.01998555,0.01998555,24794,76,0
8060.96371298,8060.96374636,2266.72637625,2266.72536197,0.04695995,2194.10361983,0.01998555,0.01998555,24793,76,0
8061.28953128,8061.28889473,2276.61362407,2276.63299377,0.04849778,2194.24995574,0.01998555,0.01998555,24792,76,0
8061.61407151,8061.61406933,2286.51521940,2286.51528587,0.05350247,2194.39425596,0.01998555,0.01998555,24791,76,0
8061.93947143,8061.93927015,2296.43106048,2296.43720196,0.05154800,2194.53746546,0.01998555,0.01998555,24790,76,0
8062.26492123,8062.26449721,2306.36103293,2306.37398807,0.04813894,2194.67921316,0.01998555,0.01998555,24789,76,0
8062.59017708,8062.58975049,2316.30496668,2316.31801717,0.04244723,2194.81938466,0.01998555,0.01998555,24788,76,0
8062.91508453,8062.91503001,2326.26251937,2326.26418952,0.04850084,2194.95790567,0.01998555,0.01998555,24787,76,0
8063.24079621,8063.24033576,2336.23331246,2336.24743400,0.04542498,2195.09525270,0.01998555,0.01998555,24786,76,0
8063.56539158,8063.56566776,2346.21702053,2346.20854001,0.04489696,2195.23060733,0.01998555,0.01998555,24785,76,0
8063.89067426,8063.89102600,2356.21406956,2356.20325481,0.04822918,2195.36472413,0.01998555,0.01998555,24784,76,0
8064.21653574,8064.21641049,2366.22542752,2366.22928380,0.04532318,2195.49755576,0.01998555,0.01998555,24783,76,0
8064.54180973,8064.54182123,2376.25208002,2376.25172524,0.04505839,2195.62863273,0.01998555,0.01998555,24782,76,0
8064.86683323,8064.86725823,2386.29453799,2386.28141369,0.05188864,2195.75809578,0.01998555,0.01998555,24781,76,0
8065.19290517,8065.19272148,2396.35221138,2396.35789203,0.05471345,2195.88644147,0.01998555,0.01998555,24780,76,0
8065.51840057,8065.51821099,2406.42435105,2406.43022160,0.04948200,2196.01301003,0.01998555,0.01998555,24779,76,0
8065.84454595,8065.84372676,2416.51027843,2416.53567689,0.04853444,2196.13826240,0.01998555,0.01998555,24778,76,0
8066.16910357,8066.16926880,2426.60993657,2426.60480720,0.04652830,2196.26133854,0.01998555,0.01998555,24777,76,0
8066.49576594,8066.49483711,2436.72357380,2436.75244640,0.04618708,2196.38363121,0.01998555,0.01998555,24776,76,0
8066.82000063,8066.82043169,2446.85144642,2446.83802879,0.04376457,2196.50344214,0.01998555,0.01998555,24775,76,0
8067.14566123,8067.14605255,2456.99400027,2456.98180272,0.04831983,2196.62220077,0.01998555,0.01998555,24774,76,0
8067.47184058,8067.47169969,2467.15195150,2467.15634949,0.05616142,2196.73956309,0.01998555,0.01998555,24773,76,0
8067.79812071,8067.79737311,2477.32604275,2477.34941610,0.05203893,2196.85537495,0.01998555,0.01998555,24772,76,0
8068.12338971,8068.12307282,2487.51671017,2487.52663264,0.04685145,2196.96924514,0.01998555,0.01998555,24771,76,0
8068.44884947,8068.44879881,2497.72305733,2497.72464575,0.04539624,2197.08158235,0.01998555,0.01998555,24770,76,0
8068.77385011,8068.77455110,2507.94382311,2507.92181525,0.04736444,2197.19214299,0.01998555,0.01998555,24769,76,0
8069.10021585,8069.10032968,2518.17782101,2518.17424274,0.04970730,2197.30152114,0.01998555,0.01998555,24768,76,0
8069.42589404,8069.42613457,2528.42510263,2528.41753276,0.05022858,2197.40901772,0.01998555,0.01998555,24767,76,0
8069.75184181,8069.75196575,2538.68666326,2538.68275728,0.04776078,2197.51495542,0.01998555,0.01998555,24766,76,0
8070.07802830,8070.07782323,2548.96352636,2548.96999846,0.04299396,2197.61932357,0.01998555,0.01998555,24765,76,0
8070.40386311,8070.40370703,2559.25628237,2559.26121562,0.04824406,2197.72193227,0.01998555,0.01998555,24764,76,0
8070.72993986,8070.72961714,2569.56467528,2569.57489026,0.04835369,2197.82295882,0.01998555,0.01998555,24763,76,0
8071.05519317,8071.05555356,2579.88834983,2579.87692727,0.03931962,2197.92206635,0.01998555,0.01998555,24762,76,0
8071.38192430,8071.38151629,2590.22703131,2590.23998123,0.05155872,2198.01994078,0.01998555,0.01998555,24761,76,0
8071.70787799,8071.70750535,2600.58087527,2600.59271896,0.04792943,2198.11589499,0.01998555,0.01998555,24760,76,0
8072.03347775,8072.03352073,2610.95017776,2610.94880948,0.04557896,2198.21005745,0.01998555,0.01998555,24759,76,0
8072.35998441,8072.35956244,2621.33523874,2621.34868902,0.05332779,2198.30278334,0.01998555,0.01998555,24758,76,0
8072.68558890,8072.68563048,2631.73637986,2631.73505227,0.04481687,2198.39355364,0.01998555,0.01998555,24757,76,0
8073.01187362,8073.01172486,2642.15394052,2642.15869646,0.05193033,2198.48280593,0.01998555,0.01998555,24756,76,0
8073.33798641,8073.33784557,2652.58826092,2652.59277056,0.04385379,2198.57029760,0.01998555,0.01998555,24755,76,0
8073.66400603,8073.66399262,2663.03946721,2663.03989748,0.03830749,2198.65604432,0.01998555,0.01998555,24754,76,0
8073.99012076,8073.99016601,2673.50730897,2673.50585571,0.04763479,2198.74008499,0.01998555,0.01998555,24753,76,0
8074.31606815,8074.31636575,2683.99149550,2683.98192363,0.04906644,2198.82234177,0.01998555,0.01998555,24752,76,0
8074.64234894,8074.64259184,2694.49184441,2694.48402057,0.05252849,2198.90292997,0.01998555,0.01998555,24751,76,0
8074.96889161,8074.96884428,2705.00861222,2705.01013917,0.05322887,2198.98182071,0.01998555,0.01998555,24750,76,0
8075.29540965,8075.29512307,2715.54216699,2715.55142595,0.04653039,2199.05893706,0.01998555,0.01998555,24749,76,0
8075.62167531,8075.62142823,2726.09281440,2726.10080971,0.05399735,2199.13422097,0.01998555,0.01998555,24748,76,0
8075.94812646,8075.94775975,2736.66025576,2736.67213976,0.04222859,2199.20776313,0.01998555,0.01998555,24747,76,0
8076.27379182,8076.27411763,2747.24386097,2747.23328761,0.04768500,2199.27933679,0.01998555,0.01998555,24746,76,0
8076.60050334,8076.60050188,2757.84301884,2757.84306629,0.04103337,2199.34933010,0.01998555,0.01998555,24745,76,0
8076.92697885,8076.92691250,2768.45783311,2768.45999211,0.05484590,2199.41745424,0.01998555,0.01998555,24744,76,0
8077.25326635,8077.25334950,2779.08917255,2779.08646251,0.03929162,2199.48372001,0.01998555,0.01998555,24743,76,0
8077.57971485,8077.57981288,2789.73794817,2789.73474802,0.05162381,2199.54819534,0.01998555,0.01998555,24742,76,0
8077.90648234,8077.90630264,2800.40472600,2800.41060190,0.04660834,2199.61090159,0.01998555,0.01998555,24741,76,0
8078.23278473,8078.23281878,2811.08937171,2811.08825661,0.04861902,2199.67167934,0.01998555,0.01998555,24740,76,0
8078.55910974,8078.55936131,2821.79166580,2821.78341433,0.04374624,2199.73061264,0.01998555,0.01998555,24739,76,0
8078.88554691,8078.88593023,2832.51142031,2832.49882799,0.04630960,2199.78770626,0.01998555,0.01998555,24738,76,0
8079.21225078,8079.21252554,2843.24857292,2843.23953284,0.04774214,2199.84297451,0.01998555,0.01998555,24737,76,0
8079.53912075,8079.53914726,2854.00309067,2854.00221732,0.05115824,2199.89638732,0.01998555,0.01998555,24736,76,0
8079.86590688,8079.86579537,2864.77491661,2864.77859659,0.03865781,2199.94789369,0.01998555,0.01998555,24735,76,0
8080.19260677,8080.19246989,2875.56382749,2875.56835166,0.04786559,2199.99748456,0.01998555,0.01998555,24734,76,0
8080.51912688,8080.51917081,2886.36952656,2886.36807259,0.04763536,2200.04513777,0.01998555,0.01998555,24733,76,0
8080.84575169,8080.84589814,2897.19176423,2897.18690979,0.04666252,2200.09088557,0.01998555,0.01998555,24732,76,0
8081.17284384,8081.17265189,2908.03096724,2908.03733969,0.04979390,2200.13476663,0.01998555,0.01998555,24731,76,0
8081.49994712,8081.49943205,2918.88805284,2918.90517940,0.05216252,2200.17670994,0.01998555,0.01998555,24730,76,0
8081.82593409,8081.82623864,2929.76393222,2929.75378856,0.05397702,2200.21657450,0.01998555,0.01998555,24729,76,0
8082.15300011,8082.15307164,2940.65879773,2940.65641121,0.04328594,2200.25461971,0.01998555,0.01998555,24728,76,0
8082.48007666,8082.47993108,2951.57202769,2951.57689215,0.04874933,2200.29069932,0.01998555,0.01998555,24727,76,0
8082.80804094,8082.80681694,2962.50295774,2962.54391881,0.04923686,2200.32489006,0.01998555,0.01998555,24726,76,0
8083.13393329,8083.13372923,2973.45143920,2973.45827856,0.04851190,2200.35688422,0.01998555,0.01998555,24725,76,0
8083.46038781,8083.46066796,2984.41820297,2984.40879776,0.04590529,2200.38694670,0.01998555,0.01998555,24724,76,0
8083.78724906,8083.78763313,2995.40407108,2995.39115544,0.04266599,2200.41504653,0.01998555,0.01998555,24723,76,0
8084.11470432,8084.11462474,3006.40958619,3006.41226682,0.04814902,2200.44118149,0.01998555,0.01998555,24722,76,0
8084.44175777,8084.44164280,3017.43458638,3017.43846561,0.04566887,2200.46525932,0.01998555,0.01998555,24721,76,0
8084.76930983,8084.76868731,3028.47880028,3028.49983992,0.04873516,2200.48733428,0.01998555,0.01998555,24720,76,0
8085.09529610,8085.09575826,3039.54208905,3039.52644342,0.04862096,2200.50726653,0.01998555,0.01998555,24719,76,0
8085.42260057,8085.42285568,3050.62478850,3050.61613762,0.04644518,2200.52522488,0.01998555,0.01998555,24718,76,0
8085.74983395,8085.74997955,3061.72734238,3061.72239670,0.05176260,2200.54111133,0.01998555,0.01998555,24717,76,0
8086.07725932,8086.07712988,3072.84997738,3072.85438194,0.04916507,2200.55492688,0.01998555,0.01998555,24716,76,0
8086.40434668,8086.40430668,3083.99185692,3083.99322030,0.05335405,2200.56663872,0.01998555,0.01998555,24715,76,0
8086.73198564,8086.73150994,3095.15181538,3095.16805191,0.04709373,2200.57626517,0.01998555,0.01998555,24714,76,0
8087.05960386,8087.05873968,3106.32896785,3106.35850766,0.04880133,2200.58377383,0.01998555,0.01998555,24713,76,0
8087.38617054,8087.38599589,3117.52426594,3117.53024555,0.04737026,2200.58914242,0.01998555,0.01998555,24712,76,0
8087.71353552,8087.71327857,3128.73938801,3128.74820080,0.05708709,2200.59239416,0.01998555,0.01998555,24711,76,0
8088.04045474,8088.04058774,3139.97582852,3139.97125832,0.04857368,2200.59350230,0.01998555,0.01998555,24710,76,0
8088.36786874,8088.36792340,3151.23349305,3151.23161176,0.04276239,2200.59245772,0.01998555,0.01998555,24709,76,0
8088.69556769,8088.69528554,3162.51152394,3162.52125282,0.04497033,2200.58924188,0.01998555,0.01998555,24708,76,0
8089.02283689,8089.02267417,3173.80914818,3173.81476826,0.04769243,2200.58385232,0.01998555,0.01998555,24707,76,0
8089.35074258,8089.35008929,3185.12651941,3185.14912029,0.04512484,2200.57625834,0.01998555,0.01998555,24706,76,0
8089.67748838,8089.67753091,3196.46430901,3196.46283504,0.04261578,2200.56649515,0.01998555,0.01998555,24705,76,0
8090.00531886,8090.00499903,3207.82313474,3207.83423842,0.04960947,2200.55448427,0.01998555,0.01998555,24704,76,0
8090.33267726,8090.33249365,3219.20290605,3219.20929151,0.04820724,2200.54026483,0.01998555,0.01998555,24703,76,0
8090.66019043,8090.66001478,3230.60309371,3230.60921272,0.05453222,2200.52380188,0.01998555,0.01998555,24702,76,0
8090.98774245,8090.98756242,3242.02321934,3242.02950124,0.04764613,2200.50508856,0.01998555,0.01998555,24701,76,0
8091.31526664,8091.31513658,3253.46353804,3253.46808444,0.04485810,2200.48411685,0.01998555,0.01998555,24700,76,0
8091.64354827,8091.64273725,3264.92478663,3264.95318622,0.04907143,2200.46081586,0.01998555,0.01998555,24699,76,0
8091.97007235,8091.97036443,3276.40767508,3276.39742861,0.05041772,2200.43536106,0.01998555,0.01998555,24698,76,0
8092.29820633,8092.29801815,3287.91241116,3287.91902463,0.04784709,2200.40747863,0.01998555,0.01998555,24697,76,0
8092.62623906,8092.62569838,3299.43886968,3299.45790557,0.04193866,2200.37728593,0.01998555,0.01998555,24696,76,0
8092.95362962,8092.95340515,3310.98692083,3310.99483813,0.04972702,2200.34482861,0.01998555,0.01998555,24695,76,0
8093.27997863,8093.28113845,3322.55646607,3322.51548625,0.04767150,2200.31015221,0.01998555,0.01998555,24694,76,0
8093.60833520,8093.60889828,3334.14742651,3334.12749623,0.05179613,2200.27291036,0.01998555,0.01998555,24693,76,0
8093.93679181,8093.93668465,3345.75977434,3345.76357385,0.04339156,2200.23328447,0.01998555,0.01998555,24692,76,0
8094.26449273,8094.26449757,3357.39401746,3357.39384549,0.05320562,2200.19137069,0.01998555,0.01998555,24691,76,0
8094.59224523,8094.59233703,3369.05098606,3369.04771905,0.05053023,2200.14705755,0.01998555,0.01998555,24690,76,0
8094.92005386,8094.92020303,3380.73141854,3380.72609912,0.04897070,2200.10032707,0.01998555,0.01998555,24689,76,0
8095.24826067,8095.24809559,3392.43512979,3392.44102763,0.04151739,2200.05111264,0.01998555,0.01998555,24688,76,0
8095.57602327,8095.57601471,3404.16144493,3404.16175138,0.04090559,2199.99953058,0.01998555,0.01998555,24687,76,0
8095.90420632,8095.90396038,3415.90976908,3415.91858769,0.04628627,2199.94543470,0.01998555,0.01998555,24686,76,0
8096.23238459,8096.23193261,3427.68016974,3427.69640510,0.04958056,2199.88887724,0.01998555,0.01998555,24685,76,0
8096.55993017,8096.55993141,3439.47301042,3439.47296588,0.04621746,2199.82995886,0.01998555,0.01998555,24684,76,0
8096.88808473,8096.88795678,3451.28867077,3451.29328408,0.04042345,2199.76844132,0.01998555,0.01998555,24683,76,0
8097.21566585,8097.21600871,3463.12759677,3463.11521150,0.04206159,2199.70453007,0.01998555,0.01998555,24682,76,0
8097.54381645,8097.54408722,3474.99026131,3474.98046111,0.04829810,2199.63798576,0.01998555,0.01998555,24681,76,0
8097.87242194,8097.87219231,3486.87699639,3486.88532350,0.04546139,2199.56880381,0.01998555,0.01998555,24680,76,0
8098.19999947,8098.20032398,3498.78751259,3498.77572231,0.04995253,2199.49729059,0.01998555,0.01998555,24679,76,0
8098.52873544,8098.52848224,3510.72134975,3510.73056626,0.05341882,2199.42295605,0.01998555,0.01998555,24678,76,0
8098.85722778,8098.85666708,3522.67803904,3522.69848557,0.05445290,2199.34609569,0.01998555,0.01998555,24677,76,0
8099.18488965,8099.18487851,3534.65709703,3534.65750425,0.04670253,2199.26684913,0.01998555,0.01998555,24676,76,0
8099.51329591,8099.51311653,3546.65803774,3546.66460170,0.04558271,2199.18482655,0.01998555,0.01998555,24675,76,0
8099.84147329,8099.84138115,3558.68127396,3558.68465182,0.04671605,2199.10024892,0.01998555,0.01998555,24674,76,0
8100.17013089,8100.16967237,3570.72915363,3570.74599843,0.04714927,2199.01289986,0.01998555,0.01998555,24673,76,0
8100.49798278,8100.49799020,3582.80425814,3582.80398499,0.04831087,2198.92309081,0.01998555,0.01998555,24672,76,0
8100.82687468,8100.82633463,3594.90707513,3594.92700216,0.05074092,2198.83029307,0.01998555,0.01998555,24671,76,0
8101.15423526,8101.15470567,3607.03502932,3607.01763942,0.04631251,2198.73524193,0.01998555,0.01998555,24670,76,0
8101.48285388,8101.48310332,3619.18542568,3619.17618888,0.04464751,2198.63713765,0.01998555,0.01998555,24669,76,0
8101.81169383,8101.81152759,3631.35869866,3631.36486665,0.04158313,2198.53625431,0.01998555,0.01998555,24668,76,0
8102.14007267,8102.13997848,3643.55828715,3643.56178952,0.05015954,2198.43276081,0.01998555,0.01998555,24667,76,0
8102.46838256,8102.46845599,3655.78740796,3655.78467102,0.04739396,2198.32649588,0.01998555,0.01998555,24666,76,0
8102.79650154,8102.79696013,3668.04533487,3668.02820490,0.05109874,2198.21749078,0.01998555,0.01998555,24665,76,0
8103.12551904,8103.12549089,3680.32896571,3680.33001905,0.04190166,2198.10538545,0.01998555,0.01998555,24664,76,0
8103.45364135,8103.45404829,3692.63579841,3692.62054165,0.04672021,2197.99079881,0.01998555,0.01998555,24663,76,0
8103.78279733,8103.78263233,3704.96702807,3704.97322670,0.04481430,2197.87302971,0.01998555,0.01998555,24662,76,0
8104.11093030,8104.11124300,3717.32515263,3717.31337967,0.04486404,2197.75277428,0.01998555,0.01998555,24661,76,0
8104.43974028,8104.43988032,3729.71175498,3729.70647112,0.04732914,2197.62938144,0.01998555,0.01998555,24660,76,0
8104.76868845,8104.76854428,3742.12562898,3742.13107973,0.04283288,2197.50303732,0.01998555,0.01998555,24659,76,0
8105.09769027,8105.09723489,3754.56505026,3754.58230068,0.04574040,2197.37377300,0.01998555,0.01998555,24658,76,0
8105.42628679,8105.42595215,3767.02924284,3767.04194383,0.04109504,2197.24176583,0.01998555,0.01998555,24657,76,0
8105.75476854,8105.75469607,3779.51895023,3779.52170626,0.05036577,2197.10688245,0.01998555,0.01998555,24656,76,0
8106.08349265,8106.08346664,3792.03504105,3792.03603212,0.04707472,2196.96894893,0.01998555,0.01998555,24655,76,0
8106.41166365,8106.41226388,3804.57808190,3804.55516019,0.04785627,2196.82828035,0.01998555,0.01998555,24654,76,0
8106.74097133,8106.74108778,3817.14838583,3817.14392934,0.04958161,2196.68412388,0.01998555,0.01998555,24653,76,0
8107.06960571,8107.06993835,3829.74622505,3829.73346842,0.04469882,2196.53724515,0.01998555,0.01998555,24652,76,0
8107.39887074,8107.39881559,3842.37162892,3842.37374797,0.04582535,2196.38704417,0.01998555,0.01998555,24651,76,0
8107.72796578,8107.72771951,3855.02452565,3855.03400936,0.04551649,2196.23386317,0.01998555,0.01998555,24650,76,0
8108.05658706,8108.05665010,3867.70526987,3867.70283673,0.04801827,2196.07783066,0.01998555,0.01998555,24649,76,0
8108.38563457,8108.38560738,3880.41547205,3880.41652407,0.05068616,2195.91848190,0.01998555,0.01998555,24648,76,0
8108.71449605,8108.71459134,3893.15694556,3893.15325081,0.04798715,2195.75606787,0.01998555,0.01998555,24647,76,0
8109.04385557,8109.04360198,3905.92972964,3905.93958524,0.04696426,2195.59022565,0.01998555,0.01998555,24646,76,0
8109.37241733,8109.37263932,3918.73151381,3918.72286789,0.04983263,2195.42162263,0.01998555,0.01998555,24645,76,0
8109.70164681,8109.70170335,3931.56016308,3931.55795651,0.04759338,2195.24951886,0.01998555,0.01998555,24644,76,0
8110.03085587,8110.03079408,3944.41720007,3944.41961700,0.04544602,2195.07422652,0.01998555,0.01998555,24643,76,0
8110.36004376,8110.35991151,3957.30630494,3957.31149100,0.04721989,2194.89567681,0.01998555,0.01998555,24642,76,0
8110.68808656,8110.68905564,3970.22963097,3970.19153551,0.04810411,2194.71444559,0.01998555,0.01998555,24641,76,0
8111.01807825,8111.01822648,3983.18353290,3983.17769373,0.04440755,2194.52884159,0.01998555,0.01998555,24640,76,0
8111.34679852,8111.34742403,3996.16308675,3996.13840255,0.04606427,2194.34071796,0.01998555,0.01998555,24639,76,0
8111.67715397,8111.67664830,4009.16770166,4009.18769707,0.04379213,2194.14839799,0.01998555,0.01998555,24638,76,0
8112.00600949,8112.00589928,4022.20291211,4022.20728103,0.04145019,2193.95360503,0.01998555,0.01998555,24637,76,0
8112.33539704,8112.33517698,4035.27410147,4035.28284895,0.04085111,2193.75504773,0.01998555,0.01998555,24636,76,0
8112.66459091,8112.66448140,4048.38041056,4048.38477401,0.04614786,2193.55314791,0.01998555,0.01998555,24635,76,0
8112.99408594,8112.99381256,4061.51754704,4061.52846356,0.04455490,2193.34764476,0.01998555,0.01998555,24634,76,0
8113.32329834,8113.32317044,4074.68256230,4074.68767997,0.03894876,2193.13892871,0.01998555,0.01998555,24633,76,0
8113.65279078,8113.65255505,4087.87666488,4087.88611809,0.04640857,2192.92660498,0.01998555,0.01998555,24632,76,0
nan,nan,0.00000000,-1.00000000,0.00000000,2194.41799324,nan,0.00000000,-2147483648,75,1
8082.15289033,8082.15307164,8.03295331,8.02873294,0.05318299,2194.79474000,0.01998555,0.01998555,24728,75,0
8082.48034880,8082.47993108,15.64414542,15.65387622,0.05115288,2195.20249865,0.01998555,0.01998555,24727,75,0
8082.80695781,8082.80681694,23.26170416,23.26498827,0.04221567,2195.60851461,0.01998555,0.01998555,24726,75,0
8083.13430580,8083.13372923,30.88573894,30.89919052,0.05163519,2196.01476644,0.01998555,0.01998555,24725,75,0
8083.46047964,8083.46066796,38.51635265,38.51195561,0.03877660,2196.41888440,0.01998555,0.01998555,24724,75,0
8083.78822456,8083.78763313,46.15346346,46.16728291,0.06057202,2196.82426178,0.01998555,0.01998555,24723,75,0
8084.11382017,8084.11462474,53.79679006,53.77797671,0.05674563,2197.22628176,0.01998555,0.01998555,24722,75,0
8084.44144343,8084.44164280,61.44603991,61.44137498,0.03988943,2197.63008453,0.01998555,0.01998555,24721,75,0
8084.76925333,8084.76868731,69.10091904,69.11417169,0.05780830,2198.03337607,0.01998555,0.01998555,24720,75,0
8085.09634264,8085.09575826,76.76122941,76.77492035,0.04332603,2198.43502976,0.01998555,0.01998555,24719,75,0
8085.42208110,8085.42285568,84.42719624,84.40903670,0.03267785,2198.83428861,0.01998555,0.01998555,24718,75,0
8085.74979861,8085.74997955,92.09916136,92.09491641,0.04976689,2199.23524780,0.01998555,0.01998555,24717,75,0
8086.07623231,8086.07712988,99.77746826,99.75639399,0.05410566,2199.63392864,0.01998555,0.01998555,24716,75,0
8086.40393656,8086.40430668,107.46245393,107.45375689,0.03808382,2200.03346611,0.01998555,0.01998555,24715,75,0
8086.73177074,8086.73150994,115.15425676,115.16039008,0.05000035,2200.43246993,0.01998555,0.01998555,24714,75,0
8087.05899717,8087.05873968,122.85280888,122.85886909,0.03981401,2200.83003783,0.01998555,0.01998555,24713,75,0
8087.38678126,8087.38599589,130.55803254,130.57653123,0.04752673,2201.22757948,0.01998555,0.01998555,24712,75,0
8087.71359275,8087.71327857,138.26984955,138.27725529,0.04390796,2201.62323389,0.01998555,0.01998555,24711,75,0
8088.04071792,8088.04058774,145.98817301,145.99124387,0.04997944,2202.01855365,0.01998555,0.01998555,24710,75,0
8088.36799647,8088.36792340,153.71288411,153.71460919,0.04558520,2202.41333513,0.01998555,0.01998555,24709,75,0
8088.69488771,8088.69528554,161.44385602,161.43445761,0.03340431,2202.80691819,0.01998555,0.01998555,24708,75,0
8089.02262330,8089.02267417,169.18096126,169.17975876,0.04886113,2203.20077554,0.01998555,0.01998555,24707,75,0
8089.35019860,8089.35008929,176.92408558,176.92667169,0.05216774,2203.59368955,0.01998555,0.01998555,24706,75,0
8089.67723253,8089.67753091,184.67334985,184.66628581,0.05112875,2203.98520951,0.01998555,0.01998555,24705,75,0
8090.00544349,8090.00499903,192.42907256,192.43960332,0.05459119,2204.37740441,0.01998555,0.01998555,24704,75,0
8090.33343952,8090.33249365,200.19157985,200.21400860,0.04369832,2204.76862183,0.01998555,0.01998555,24703,75,0
8090.65986147,8090.66001478,207.96119922,207.95756077,0.05001859,2205.15726046,0.01998555,0.01998555,24702,75,0
8090.98789731,8090.98756242,215.73809945,215.74605384,0.04663099,2205.54712159,0.01998555,0.01998555,24701,75,0
8091.31560953,8091.31513658,223.52201873,223.53326167,0.04638608,2205.93588271,0.01998555,0.01998555,24700,75,0
8091.64360828,8091.64273725,231.31262210,231.33334367,0.03266026,2206.32424847,0.01998555,0.01998555,24699,75,0
8091.97016723,8091.97036443,239.10957286,239.10487801,0.04912369,2206.71015970,0.01998555,0.01998555,24698,75,0
8092.29844683,8092.29801815,246.91256949,246.92278205,0.05296593,2207.09733308,0.01998555,0.01998555,24697,75,0
8092.62564393,8092.62569838,254.72166906,254.72037093,0.04846896,2207.48246100,0.01998555,0.01998555,24696,75,0
8092.95381093,8092.95340515,262.53713223,262.54681340,0.05086647,2207.86797031,0.01998555,0.01998555,24695,75,0
8093.28092080,8093.28113845,270.35922328,270.35402666,0.05111922,2208.25149075,0.01998555,0.01998555,24694,75,0
8093.60914241,8093.60889828,278.18820633,278.19404000,0.03971301,2208.63557555,0.01998555,0.01998555,24693,75,0
8093.93640489,8093.93668465,286.02424452,286.01755376,0.04872442,2209.01780633,0.01998555,0.01998555,24692,75,0
8094.26457989,8094.26449757,293.86733516,293.86930557,0.05307846,2209.40036654,0.01998555,0.01998555,24691,75,0
8094.59209684,8094.59233703,301.71746023,301.71170664,0.04785120,2209.78142104,0.01998555,0.01998555,24690,75,0
8094.91959999,8094.92020303,309.57460159,309.56014409,0.04741080,2210.16171823,0.01998555,0.01998555,24689,75,0
8095.24857014,8095.24809559,317.43874799,317.45013419,0.05158942,2210.54296956,0.01998555,0.01998555,24688,75,0
8095.57605389,8095.57601471,325.30992264,325.31086350,0.03193441,2210.92175086,0.01998555,0.01998555,24687,75,0
8095.90439381,8095.90396038,333.18815949,333.19857605,0.05218596,2211.30077289,0.01998555,0.01998555,24686,75,0
8096.23268732,8096.23193261,341.07349264,341.09164541,0.04748828,2211.67899000,0.01998555,0.01998555,24685,75,0
8096.55941726,8096.55993141,348.96595124,348.95357452,0.05139741,2212.05465863,0.01998555,0.01998555,24684,75,0
8096.88799733,8096.88795678,356.86547479,356.86645171,0.04296260,2212.43169731,0.01998555,0.01998555,24683,75,0
8097.21544588,8097.21600871,364.77192612,364.75835579,0.04724578,2212.80667310,0.01998555,0.01998555,24682,75,0
8097.54412077,8097.54408722,372.68516491,372.68597434,0.04808590,2213.18227657,0.01998555,0.01998555,24681,75,0
8097.87285990,8097.87219231,380.60505054,380.62117108,0.04525333,2213.55716595,0.01998555,0.01998555,24680,75,0
8098.19972567,8098.20032398,388.53153239,388.51707373,0.05265930,2213.92913333,0.01998555,0.01998555,24679,75,0
8098.52902297,8098.52848224,396.46475614,396.47783345,0.04786384,2214.30308003,0.01998555,0.01998555,24678,75,0
8098.85712954,8098.85666708,404.40489399,404.41608745,0.05051614,2214.67489381,0.01998555,0.01998555,24677,75,0
8099.18562825,8099.18487851,412.35211900,412.37028064,0.03460041,2215.04637676,0.01998555,0.01998555,24676,75,0
8099.51330323,8099.51311653,420.30658256,420.31110892,0.04242751,2215.41615986,0.01998555,0.01998555,24675,75,0
8099.84130885,8099.84138115,428.26830508,428.26655074,0.04497195,2215.78554581,0.01998555,0.01998555,24674,75,0
8100.17027900,8100.16967237,436.23725945,436.25199079,0.04802785,2216.15523996,0.01998555,0.01998555,24673,75,0
8100.49832248,8100.49799020,444.21341829,444.22149412,0.05388159,2216.52311291,0.01998555,0.01998555,24672,75,0
8100.82665434,8100.82633463,452.19675509,452.20453169,0.05159543,2216.89052561,0.01998555,0.01998555,24671,75,0
8101.15527216,8101.15470567,460.18726141,460.20105187,0.04964405,2217.25747027,0.01998555,0.01998555,24670,75,0
8101.48292728,8101.48310332,468.18494444,468.18065548,0.05373410,2217.62255269,0.01998555,0.01998555,24669,75,0
8101.81190448,8101.81152759,476.18981189,476.19900184,0.04877194,2217.98831501,0.01998555,0.01998555,24668,75,0
8102.14001573,8102.13997848,484.20187093,484.20277989,0.04786218,2218.35232056,0.01998555,0.01998555,24667,75,0
8102.46792398,8102.46845599,492.22106366,492.20807043,0.04618097,2218.71530342,0.01998555,0.01998555,24666,75,0
8102.79677780,8102.79696013,500.24720719,500.24275065,0.04644442,2219.07852138,0.01998555,0.01998555,24665,75,0
8103.12483214,8103.12549089,508.28010349,508.26399040,0.04848116,2219.44003506,0.01998555,0.01998555,24664,75,0
8103.45494415,8103.45404829,516.31955347,516.34148187,0.04991208,2219.80297672,0.01998555,0.01998555,24663,75,0
8103.78308680,8103.78263233,524.36547712,524.37660970,0.05069843,2220.16291257,0.01998555,0.01998555,24662,75,0
8104.11337415,8104.11124300,532.41832045,532.47056741,0.05336606,2220.52437227,0.01998555,0.01998555,24661,75,0
8104.43979919,8104.43988032,540.47867597,540.47668526,0.04158819,2220.88081190,0.01998555,0.01998555,24660,75,0
8104.76780072,8104.76854428,548.54713944,548.52887661,0.04445489,2221.23820207,0.01998555,0.01998555,24659,75,0
8105.09734473,8105.09723489,556.62423471,556.62693509,0.04148281,2221.59651478,0.01998555,0.01998555,24658,75,0
8105.42593306,8105.42595215,564.70971615,564.70924642,0.04361865,2221.95301766,0.01998555,0.01998555,24657,75,0
8105.75437098,8105.75469607,572.80288230,572.79487594,0.04825534,2222.30855432,0.01998555,0.01998555,24656,75,0
8106.08326538,8106.08346664,580.90302200,580.89806157,0.04543430,2222.66374657,0.01998555,0.01998555,24655,75,0
8106.41172300,8106.41226388,589.00944157,588.99610174,0.04903259,2223.01759685,0.01998555,0.01998555,24654,75,0
8106.74095275,8106.74108778,597.12207749,597.11874487,0.05034444,2223.37140107,0.01998555,0.01998555,24653,75,0
8107.07003888,8107.06993835,605.24159044,605.24407354,0.04779124,2223.72419899,0.01998555,0.01998555,24652,75,0
8107.39941475,8107.39881559,613.36868434,613.38349713,0.05233994,2224.07648259,0.01998555,0.01998555,24651,75,0
8107.72803618,8107.72771951,621.50406482,621.51190149,0.04523309,2224.42716433,0.01998555,0.01998555,24650,75,0
8108.05665493,8108.05665010,629.64805624,629.64817569,0.04522261,2224.77705988,0.01998555,0.01998555,24649,75,0
8108.38682084,8108.38560738,637.80015661,637.83024131,0.04432660,2225.12778894,0.01998555,0.01998555,24648,75,0
8108.71413882,8108.71459134,645.95975380,645.94852589,0.04387520,2225.47465844,0.01998555,0.01998555,24647,75,0
8109.04382077,8109.04360198,654.12623222,654.13166478,0.04450933,2225.82316442,0.01998555,0.01998555,24646,75,0
8109.37281012,8109.37263932,662.29919006,662.30343401,0.05135304,2226.17004957,0.01998555,0.01998555,24645,75,0
8109.70146596,8109.70170335,670.47910701,670.47320348,0.04732511,2226.51571451,0.01998555,0.01998555,24644,75,0
8110.03113240,8110.03079408,678.66669013,678.67511107,0.04315190,2226.86159740,0.01998555,0.01998555,24643,75,0
8110.36066143,8110.35991151,686.86265045,686.88133488,0.04683563,2227.20651742,0.01998555,0.01998555,24642,75,0
8110.68909531,8110.68905564,695.06758745,695.06857682,0.04358385,2227.54949845,0.01998555,0.01998555,24641,75,0
8111.01852482,8111.01822648,703.28122759,703.28867532,0.05595900,2227.89270928,0.01998555,0.01998555,24640,75,0
8111.34684992,8111.34742403,711.50289398,711.48854962,0.04526673,2228.23393108,0.01998555,0.01998555,24639,75,0
8111.67681379,8111.67664830,719.73190378,719.73604173,0.04101215,2228.57598129,0.01998555,0.01998555,24638,75,0
8112.00617080,8112.00589928,727.96761746,727.97441160,0.04210756,2228.91649872,0.01998555,0.01998555,24637,75,0
8112.33539781,8112.33517698,736.21008165,736.21561162,0.04301148,2229.25597879,0.01998555,0.01998555,24636,75,0
8112.66474342,8112.66448140,744.45986581,744.46643259,0.05022021,2229.59469868,0.01998555,0.01998555,24635,75,0
8112.99408592,8112.99381256,752.71755559,752.72441304,0.03882079,2229.93255389,0.01998555,0.01998555,24634,75,0
8113.32344431,8113.32317044,760.98372794,760.99060497,0.04123863,2230.26958429,0.01998555,0.01998555,24633,75,0
8113.65298503,8113.65255505,769.25858315,769.26939038,0.04923363,2230.60596423,0.01998555,0.01998555,24632,75,0
8113.98164590,8113.98196640,777.54187458,777.53381178,0.04359507,2230.94059883,0.01998555,0.01998555,24631,75,0
8114.31114324,8114.31140449,785.83332836,785.82675026,0.04229617,2231.27522148,0.01998555,0.01998555,24630,75,0
8114.64062454,8114.64086932,794.13267062,794.12650198,0.03876802,2231.60894902,0.01998555,0.01998555,24629,75,0
8114.97072243,8114.97036090,802.43976812,802.44888678,0.04876038,2231.94241140,0.01998555,0.01998555,24628,75,0
8115.29930904,8115.29987923,810.75473840,810.74034423,0.04552033,2232.27346437,0.01998555,0.01998555,24627,75,0
8115.62960589,8115.62942431,819.07772543,819.08231347,0.04439695,2232.60535548,0.01998555,0.01998555,24626,75,0
8115.95906274,8115.95899615,827.40887388,827.41055808,0.04861249,2232.93552129,0.01998555,0.01998555,24625,75,0
8116.28841024,8116.28859474,835.74828807,835.74361785,0.04220511,2233.26469878,0.01998555,0.01998555,24624,75,0
8116.61795477,8116.61822010,844.09596645,844.08924399,0.05570712,2233.59319050,0.01998555,0.01998555,24623,75,0
8116.94821921,8116.94787222,852.45189049,852.46068987,0.04700576,2233.92151003,0.01998555,0.01998555,24622,75,0
8117.27754691,8117.27755112,860.81604149,860.81593479,0.04179097,2234.24800737,0.01998555,0.01998555,24621,75,0
8117.60685605,8117.60725678,869.18846499,869.17828422,0.04764753,2234.57359524,0.01998555,0.01998555,24620,75,0
8117.93727147,8117.93698922,877.56944301,877.57662041,0.04171331,2234.89938905,0.01998555,0.01998555,24619,75,0
8118.26686556,8118.26674844,885.95931342,885.96229475,0.04507596,2235.22349667,0.01998555,0.01998555,24618,75,0
8118.59409739,8118.59653444,894.35841607,894.29631613,0.04543799,2235.54442487,0.01998554,0.01998555,24617,75,0
8118.92617894,8118.92634723,902.76695424,902.76266170,0.04287794,2235.86924111,0.01998555,0.01998555,24616,75,0
8119.25660080,8119.25618680,911.18443917,911.19500932,0.04953315,2236.19154333,0.01998555,0.01998555,24615,75,0
8119.58576501,8119.58605317,919.61016281,919.60279921,0.04235342,2236.51170502,0.01998555,0.01998555,24614,75,0
8119.91625186,8119.91594633,928.04341278,928.05122606,0.04630290,2236.83220534,0.01998555,0.01998555,24613,75,0
8120.24579936,8120.24586629,936.48361767,936.48190466,0.04313356,2237.15082455,0.01998555,0.01998555,24612,75,0
8120.57556236,8120.57581305,944.93115059,944.92472957,0.04019515,2237.46869370,0.01998555,0.01998555,24611,75,0
8120.90584164,8120.90578662,953.38676712,953.38817775,0.04941333,2237.78612499,0.01998555,0.01998555,24610,75,0
8121.23570510,8121.23578699,961.85122836,961.84912684,0.04644832,2238.10224733,0.01998555,0.01998555,24609,75,0
8121.56559651,8121.56581418,970.32519712,970.31960521,0.04431613,2238.41750868,0.01998555,0.01998555,24608,75,0
8121.89580594,8121.89586818,978.80850079,978.80690039,0.04535554,2238.73217467,0.01998555,0.01998555,24607,75,0
8122.22578760,8122.22594900,987.30055601,987.29640167,0.04879203,2239.04569956,0.01998555,0.01998555,24606,75,0
8122.55612541,8122.55605664,995.80077310,995.80254475,0.04316853,2239.35861246,0.01998555,0.01998555,24605,75,0
8122.88638448,8122.88619110,1004.30862305,1004.31360846,0.04799172,2239.67047758,0.01998555,0.01998555,24604,75,0
8123.21618170,8123.21635239,1012.82420100,1012.81979647,0.03934887,2239.98093602,0.01998555,0.01998555,24603,75,0
8123.54602177,8123.54654052,1021.34795686,1021.33455939,0.04675271,2240.29047796,0.01998555,0.01998555,24602,75,0
8123.87675652,8123.87675547,1029.88034728,1029.88037442,0.04364062,2240.59991199,0.01998555,0.01998555,24601,75,0
8124.20773595,8124.20699727,1038.42179389,1038.44090884,0.04882465,2240.90863683,0.01998555,0.01998555,24600,75,0
8124.53723450,8124.53726590,1046.97230151,1046.97148814,0.03892598,2241.21504474,0.01998555,0.01998555,24599,75,0
8124.86766713,8124.86756138,1055.53161360,1055.53435507,0.04547211,2241.52137096,0.01998555,0.01998555,24598,75,0
8125.19812324,8125.19788371,1064.09946802,1064.10568370,0.05322087,2241.82675432,0.01998555,0.01998555,24597,75,0
8125.52869349,8125.52823289,1072.67561937,1072.68758237,0.04277787,2242.13126585,0.01998555,0.01998555,24596,75,0
8125.85874022,8125.85860892,1081.26003986,1081.26345300,0.04697158,2242.43431568,0.01998555,0.01998555,24595,75,0
8126.19004721,8126.18901181,1089.85284569,1089.87978576,0.04805381,2242.73753919,0.01998555,0.01998555,24594,75,0
8126.51943440,8126.51944156,1098.45415625,1098.45396998,0.04756052,2243.03802959,0.01998555,0.01998555,24593,75,0
8126.85039286,8126.84989817,1107.06410737,1107.07700240,0.05476004,2243.33897454,0.01998555,0.01998555,24592,75,0
8127.18090917,8127.18038165,1115.68302562,1115.69679001,0.04139995,2243.63854607,0.01998555,0.01998555,24591,75,0
8127.51123052,8127.51089200,1124.31136568,1124.32020785,0.04736410,2243.93698308,0.01998555,0.01998555,24590,75,0
8127.84168154,8127.84142922,1132.94958731,1132.95618494,0.04109943,2244.23459110,0.01998555,0.01998555,24589,75,0
8128.17119133,8128.17199332,1141.59809390,1141.57709982,0.04895878,2244.53041886,0.01998555,0.01998555,24588,75,0
8128.50291023,8128.50258430,1150.25660869,1150.26514932,0.04596215,2244.82727555,0.01998555,0.01998555,24587,75,0
8128.83269655,8128.83320217,1158.92441545,1158.91115334,0.04140336,2245.12142522,0.01998555,0.01998555,24586,75,0
8129.16384885,8129.16384692,1167.60078619,1167.60083696,0.04370644,2245.41578403,0.01998555,0.01998555,24585,75,0
8129.49507637,8129.49451856,1176.28507495,1176.29973049,0.04610954,2245.70917274,0.01998555,0.01998555,24584,75,0
8129.82492754,8129.82521709,1184.97753040,1184.96991594,0.04150106,2246.00031685,0.01998555,0.01998555,24583,75,0
8130.15575452,8130.15594253,1193.67893502,1193.67398618,0.04912500,2246.29131713,0.01998555,0.01998555,24582,75,0
8130.48649636,8130.48669486,1202.39008321,1202.38485244,0.04295278,2246.58125899,0.01998555,0.01998555,24581,75,0
8130.81742704,8130.81747409,1211.11168364,1211.11044244,0.04966875,2246.87040159,0.01998555,0.01998555,24580,75,0
8131.14750878,8131.14828023,1219.84364590,1219.82327192,0.04527235,2247.15783381,0.01998555,0.01998555,24579,75,0
8131.47818697,8131.47911328,1228.58545921,1228.56097047,0.04572359,2247.44479438,0.01998555,0.01998555,24578,75,0
8131.80977193,8131.80997324,1237.33660582,1237.33127862,0.04506444,2247.73152482,0.01998555,0.01998555,24577,75,0
8132.14050562,8132.14086012,1246.09663689,1246.08724747,0.04978866,2248.01648618,0.01998555,0.01998555,24576,75,0
8132.47151212,8132.47177392,1254.86562208,1254.85868136,0.04254004,2248.30064825,0.01998555,0.01998555,24575,75,0
8132.80245361,8132.80271464,1263.64386026,1263.63693295,0.04485139,2248.58372598,0.01998555,0.01998555,24574,75,0
8133.13382394,8133.13368229,1272.43165322,1272.43541626,0.04317605,2248.86614595,0.01998555,0.01998555,24573,75,0
8133.46434797,8133.46467686,1281.22925843,1281.22051231,0.04842851,2249.14682755,0.01998555,0.01998555,24572,75,0
8133.79531979,8133.79569837,1290.03667478,1290.02659670,0.05232414,2249.42686743,0.01998555,0.01998555,24571,75,0
8134.12598314,8134.12674682,1298.85381010,1298.83346014,0.04018100,2249.70561811,0.01998555,0.01998555,24570,75,0
8134.45673840,8134.45782220,1307.68057147,1307.65166189,0.04696547,2249.98341114,0.01998555,0.01998555,24569,75,0
8134.78836689,8134.78892453,1316.51686067,1316.50197140,0.04559856,2250.26089111,0.01998555,0.01998555,24568,75,0
8135.11923302,8135.12005380,1325.36255903,1325.34062227,0.04702908,2250.53668129,0.01998555,0.01998555,24567,75,0
8135.45096009,8135.45121002,1334.21754188,1334.21085570,0.04661030,2250.81212649,0.01998555,0.01998555,24566,75,0
8135.78176008,8135.78239320,1343.08168376,1343.06473039,0.05217614,2251.08573462,0.01998555,0.01998555,24565,75,0
8136.11378309,8136.11360333,1351.95498617,1351.95980456,0.05911926,2251.35927885,0.01998555,0.01998555,24564,75,0
8136.44488238,8136.44484042,1360.83783575,1360.83896179,0.03530784,2251.63099704,0.01998555,0.01998555,24563,75,0
8136.77518212,8136.77610447,1369.73069399,1369.70592009,0.04738038,2251.90100938,0.01998555,0.01998555,24562,75,0
8137.10682312,8137.10739548,1378.63402378,1378.61863314,0.04891301,2252.17107311,0.01998555,0.01998555,24561,75,0
8137.43822806,8137.43871347,1387.54803903,1387.53497205,0.04891544,2252.43990057,0.01998555,0.01998555,24560,75,0
8137.76974933,8137.77005843,1396.47242913,1396.46409949,0.04394415,2252.70776433,0.01998555,0.01998555,24559,75,0
8138.10158915,8138.10143036,1405.40681555,1405.41109901,0.04565635,2252.97481000,0.01998555,0.01998555,24558,75,0
8138.43243889,8138.43282927,1414.35082084,1414.34027992,0.04480116,2253.23997233,0.01998555,0.01998555,24557,75,0
8138.76395381,8138.76425517,1423.30423617,1423.29609116,0.04593381,2253.50456932,0.01998555,0.01998555,24556,75,0
8139.09519642,8139.09570805,1432.26709220,1432.25325064,0.04840598,2253.76784771,0.01998555,0.01998555,24555,75,0
8139.42750396,8139.42718791,1441.23943788,1441.24799659,0.04411545,2254.03086382,0.01998555,0.01998555,24554,75,0
8139.75916890,8139.75869477,1450.22134018,1450.23419259,0.04809310,2254.29226200,0.01998555,0.01998555,24553,75,0
8140.09010589,8140.09022863,1459.21321949,1459.20988861,0.04335829,2254.55198992,0.01998555,0.01998555,24552,75,0
8140.42191692,8140.42178948,1468.21582404,1468.21928629,0.04675216,2254.81132137,0.01998555,0.01998555,24551,75,0
8140.75297909,8140.75337734,1477.22991917,1477.21908602,0.04519476,2255.06900453,0.01998555,0.01998555,24550,75,0
8141.08514964,8141.08499220,1486.25615776,1486.26044577,0.04295667,2255.32649689,0.01998555,0.01998555,24549,75,0
8141.41612309,8141.41663407,1495.29402548,1495.28009268,0.04566674,2255.58199196,0.01998555,0.01998555,24548,75,0
8141.74800891,8141.74830295,1504.34233228,1504.33430649,0.04559492,2255.83708105,0.01998555,0.01998555,24547,75,0
8142.07996568,8142.07999885,1513.39987191,1513.39896591,0.04351843,2256.09107428,0.01998555,0.01998555,24546,75,0
8142.41155829,8142.41172176,1522.46571570,1522.46124621,0.04344326,2256.34361048,0.01998555,0.01998555,24545,75,0
8142.74352354,8142.74347170,1531.54044882,1531.54186757,0.04440577,2256.59526342,0.01998555,0.01998555,24544,75,0
8143.07532047,8143.07524866,1540.62516386,1540.62713118,0.04243450,2256.84564820,0.01998555,0.01998555,24543,75,0
8143.40731845,8143.40705265,1549.72096081,1549.72825166,0.04945711,2257.09506920,0.01998555,0.01998555,24542,75,0
8143.73916085,8143.73888367,1558.82855335,1558.83616563,0.03590314,2257.34327283,0.01998555,0.01998555,24541,75,0
8144.07067650,8144.07074172,1567.94754727,1567.94575411,0.05366966,2257.59011769,0.01998555,0.01998555,24540,75,0
8144.40264667,8144.40262682,1577.07735044,1577.07789689,0.04911977,2257.83616398,0.01998555,0.01998555,24539,75,0
8144.73481320,8144.73453895,1586.21737365,1586.22492951,0.04311175,2258.08119656,0.01998555,0.01998555,24538,75,0
8145.06640540,8145.06647813,1595.36741485,1595.36540877,0.04081614,2258.32463910,0.01998555,0.01998555,24537,75,0
8145.39872187,8145.39844436,1604.52785767,1604.53551953,0.03892691,2258.56745002,0.01998555,0.01998555,24536,75,0
8145.73014896,8145.73043764,1613.69913671,1613.69115741,0.04308857,2258.80845799,0.01998555,0.01998555,24535,75,0
8146.06242835,8146.06245797,1622.88166558,1622.88084583,0.05329364,2259.04893580,0.01998555,0.01998555,24534,75,0
8146.39472975,8146.39450537,1632.07548874,1632.08170515,0.04482119,2259.28827423,0.01998555,0.01998555,24533,75,0
8146.72639242,8146.72657982,1641.28035705,1641.27515951,0.04633542,2259.52598921,0.01998555,0.01998555,24532,75,0
8147.05921515,8147.05868134,1650.49601162,1650.51083262,0.04206356,2259.76335578,0.01998555,0.01998555,24531,75,0
8147.39082851,8147.39080992,1659.72225741,1659.72277386,0.04971793,2259.99867462,0.01998555,0.01998555,24530,75,0
8147.72289622,8147.72296558,1668.95931061,1668.95738067,0.05022104,2260.23313126,0.01998555,0.01998555,24529,75,0
8148.05501410,8148.05514831,1678.20754863,1678.20380998,0.04878833,2260.46644233,0.01998555,0.01998555,24528,75,0
8148.38710476,8148.38735812,1687.46735160,1687.46028529,0.04140369,2260.69855792,0.01998555,0.01998555,24527,75,0
8148.71914581,8148.71959501,1696.73891701,1696.72637400,0.04684292,2260.92946259,0.01998555,0.01998555,24526,75,0
8149.05224019,8149.05185899,1706.02193869,1706.03259493,0.05044692,2261.15990517,0.01998555,0.01998555,24525,75,0
8149.38410036,8149.38415005,1715.31602294,1715.31463216,0.04111719,2261.38828932,0.01998555,0.01998555,24524,75,0
8149.71580329,8149.71646821,1724.62078327,1724.60215602,0.04305587,2261.61534951,0.01998555,0.01998555,24523,75,0
8150.04859913,8150.04881346,1733.93617097,1733.93016029,0.05073837,2261.84193045,0.01998555,0.01998555,24522,75,0
8150.38104893,8150.38118580,1743.26255239,1743.25870955,0.04337411,2262.06705243,0.01998555,0.01998555,24521,75,0
8150.71353556,8150.71358525,1752.60032166,1752.59892488,0.04669849,2262.29098095,0.01998555,0.01998555,24520,75,0
8151.04648724,8151.04601180,1761.94984260,1761.96322234,0.04743940,2262.51400523,0.01998555,0.01998555,24519,75,0
8151.37869800,8151.37846546,1771.31117843,1771.31773030,0.03843884,2262.73531520,0.01998555,0.01998555,24518,75,0
8151.71117008,8151.71094623,1780.68423014,1780.69054432,0.05150534,2262.95557356,0.01998555,0.01998555,24517,75,0
8152.04385005,8152.04345412,1790.06889641,1790.08007752,0.04653167,2263.17473471,0.01998555,0.01998555,24516,75,0
8152.37542980,8152.37598912,1799.46507906,1799.44926596,0.04264166,2263.39193442,0.01998555,0.01998555,24515,75,0
8152.70817685,8152.70855124,1808.87269232,1808.86209546,0.05212504,2263.60865050,0.01998555,0.01998555,24514,75,0
8153.04173281,8153.04114049,1818.29165243,1818.30843628,0.04396106,2263.82463134,0.01998555,0.01998555,24513,75,0
8153.37367904,8153.37375687,1827.72187871,1827.71967090,0.05050003,2264.03830846,0.01998555,0.01998555,24512,75,0
8153.70670912,8153.70640037,1837.16342965,1837.17219785,0.04770472,2264.25141499,0.01998555,0.01998555,24511,75,0
8154.03861117,8154.03907101,1846.61654262,1846.60346822,0.05045290,2264.46253600,0.01998555,0.01998555,24510,75,0
8154.37207172,8154.37176879,1856.08146833,1856.09009155,0.04596911,2264.67337825,0.01998555,0.01998555,24509,75,0
8154.70431211,8154.70449371,1865.55846070,1865.55328496,0.03497724,2264.88218313,0.01998555,0.01998555,24508,75,0
8155.03728508,8155.03724577,1875.04778691,1875.04890846,0.04806513,2265.09018103,0.01998555,0.01998555,24507,75,0
8155.36954675,8155.37002499,1884.54972169,1884.53605789,0.04138548,2265.29647022,0.01998555,0.01998555,24506,75,0
8155.70229147,8155.70283135,1894.06454133,1894.04909654,0.04994994,2265.50179371,0.01998555,0.01998555,24505,75,0
8156.03548260,8156.03566486,1903.59227230,1903.58705165,0.05123866,2265.70611827,0.01998555,0.01998555,24504,75,0
8156.36865484,8156.36852554,1913.13228327,1913.13599133,0.04478294,2265.90913677,0.01998555,0.01998555,24503,75,0
8156.70119471,8156.70141337,1922.68383190,1922.67755457,0.04909753,2266.11045799,0.01998555,0.01998555,24502,75,0
8157.03439612,8157.03432837,1932.24621556,1932.24816266,0.04455908,2266.31084514,0.01998555,0.01998555,24501,75,0
8157.36682629,8157.36727053,1941.81960507,1941.80682410,0.04709246,2266.50943584,0.01998555,0.01998555,24500,75,0
8157.70008035,8157.70023987,1951.40496867,1951.40037354,0.04269956,2266.70719754,0.01998555,0.01998555,24499,75,0
8158.03290408,8158.03323638,1961.00331074,1960.99372590,0.04959169,2266.90339859,0.01998555,0.01998555,24498,75,0
8158.36582489,8158.36626007,1970.61536409,1970.60279536,0.05121157,2267.09836069,0.01998555,0.01998555,24497,75,0
8158.69961746,8158.69931094,1980.24056181,1980.24942571,0.04296810,2267.29251405,0.01998555,0.01998555,24496,75,0
8159.03217913,8159.03238899,1989.87795139,1989.87187581,0.05039607,2267.48461277,0.01998555,0.01998555,24495,75,0
8159.36519645,8159.36549423,1999.52658586,1999.51795585,0.05052859,2267.67561145,0.01998555,0.01998555,24494,75,0
8159.69870462,8159.69862666,2009.18610241,2009.18836407,0.04164833,2267.86551220,0.01998555,0.01998555,24493,75,0
8160.03183992,8160.03178629,2018.85695688,2018.85851461,0.04413708,2268.05382632,0.01998555,0.01998555,24492,75,0
8160.36511511,8160.36497311,2028.53966921,2028.54379822,0.05019937,2268.24084988,0.01998555,0.01998555,24491,75,0
8160.69874959,8160.69818714,2038.23476819,2038.25114342,0.04215476,2268.42670754,0.01998555,0.01998555,24490,75,0
8161.03157234,8161.03142836,2047.94282067,2047.94701767,0.04875521,2268.61075467,0.01998555,0.01998555,24489,75,0
8161.36448942,8161.36469680,2057.66441241,2057.65835903,0.04954458,2268.79350163,0.01998555,0.01998555,24488,75,0
8161.69738256,8161.69799244,2067.40013002,2067.38230263,0.04946018,2268.97488760,0.01998555,0.01998555,24487,75,0
8162.03169993,8162.03131530,2077.15021693,2077.16147534,0.04238113,2269.15569096,0.01998555,0.01998555,24486,75,0
8162.36439921,8162.36466538,2086.91429193,2086.90649053,0.04336618,2269.33425388,0.01998555,0.01998555,24485,75,0
8162.69741261,8162.69804268,2096.69190509,2096.67341402,0.04766943,2269.51160669,0.01998555,0.01998555,24484,75,0
8163.03122934,8163.03144720,2106.48263145,2106.47622966,0.04489509,2269.68798901,0.01998555,0.01998555,24483,75,0
8163.36517906,8163.36487895,2116.28628846,2116.29511760,0.05364113,2269.86303129,0.01998555,0.01998555,24482,75,0
8163.69839695,8163.69833793,2126.10281739,2126.10455584,0.04733445,2270.03627691,0.01998555,0.01998555,24481,75,0
8164.03162839,8164.03182415,2135.93216121,2135.92638778,0.04520166,2270.20811089,0.01998555,0.01998555,24480,75,0
8164.36549006,8164.36533760,2145.77442216,2145.77892410,0.04554031,2270.37884284,0.01998555,0.01998555,24479,75,0
8164.69875703,8164.69887829,2155.63001670,2155.62643121,0.04572340,2270.54784713,0.01998555,0.01998555,24478,75,0
8165.03253495,8165.03244623,2165.49940103,2165.50202791,0.04745196,2270.71568637,0.01998555,0.01998555,24477,75,0
8165.36624872,8165.36604142,2175.38298348,2175.38912944,0.05182646,2270.88206877,0.01998555,0.01998555,24476,75,0
8165.69936906,8165.69966385,2185.28073567,2185.27198400,0.03792175,2271.04672743,0.01998555,0.01998555,24475,75,0
8166.03300189,8166.03331354,2195.19240582,2195.18314180,0.04637124,2271.21019863,0.01998555,0.01998555,24474,75,0
8166.36666028,8166.36699049,2205.11773809,2205.10790982,0.04349462,2271.37222948,0.01998555,0.01998555,24473,75,0
8166.70021106,8166.70069469,2215.05646034,2215.04204738,0.04449786,2271.53274494,0.01998555,0.01998555,24472,75,0
8167.03412907,8167.03442617,2225.00827293,2224.99940814,0.04534554,2271.69196063,0.01998555,0.01998555,24471,75,0
8167.36842941,8167.36818491,2234.97287103,2234.98017525,0.04634079,2271.84986770,0.01998555,0.01998555,24470,75,0
8167.70212891,8167.70197092,2244.95003999,2244.95476551,0.04539850,2272.00599372,0.01998555,0.01998555,24469,75,0
8168.03572648,8168.03578420,2254.94019955,2254.93847101,0.04885036,2272.16057729,0.01998555,0.01998555,24468,75,0
8168.36956290,8168.36962476,2264.94403981,2264.94218492,0.04470030,2272.31377969,0.01998555,0.01998555,24467,75,0
8168.70331353,8168.70349261,2274.96224981,2274.95687277,0.04944156,2272.46545468,0.01998555,0.01998555,24466,75,0
8169.03784622,8169.03738773,2284.99519263,2285.00897892,0.04829293,2272.61599043,0.01998555,0.01998555,24465,75,0
8169.37171854,8169.37131015,2295.04278254,2295.05507923,0.04488945,2272.76472863,0.01998555,0.01998555,24464,75,0
8169.70526425,8169.70525985,2305.10490063,2305.10503302,0.04699085,2272.91181577,0.01998555,0.01998555,24463,75,0
8170.03914453,8170.03923685,2315.18138751,2315.17859998,0.04631094,2273.05753403,0.01998555,0.01998555,24462,75,0
8170.37292597,8170.37324115,2325.27190331,2325.26237536,0.05323900,2273.20168084,0.01998555,0.01998555,24461,75,0
8170.70760330,8170.70727275,2335.37605428,2335.38605945,0.05317359,2273.34466789,0.01998555,0.01998555,24460,75,0
8171.04043114,8171.04133165,2345.49348228,2345.46619212,0.04907999,2273.48531730,0.01998555,0.01998555,24459,75,0
8171.37584114,8171.37541786,2355.62454705,2355.63739127,0.04284431,2273.62549519,0.01998555,0.01998555,24458,75,0
8171.70935460,8171.70953139,2365.77024614,2365.76487412,0.04722282,2273.76333180,0.01998555,0.01998555,24457,75,0
8172.04320402,8172.04367222,2375.93160611,2375.91735716,0.04629652,2273.89976716,0.01998555,0.01998555,24456,75,0
8172.37792689,8172.37784038,2386.10919826,2386.11183501,0.04425820,2274.03501237,0.01998555,0.01998555,24455,75,0
8172.71241494,8172.71203585,2396.30242938,2396.31399991,0.04824638,2274.16859941,0.01998555,0.01998555,24454,75,0
8173.04681674,8173.04625865,2406.51051967,2406.52757671,0.04856587,2274.30057208,0.01998555,0.01998555,24453,75,0
8173.38056064,8173.38050878,2416.73276627,2416.73435327,0.04670151,2274.43069382,0.01998555,0.01998555,24452,75,0
8173.71467442,8173.71478623,2426.96911804,2426.96569191,0.04264683,2274.55935982,0.01998555,0.01998555,24451,75,0
8174.04942235,8174.04909103,2437.21983378,2437.22999984,0.05317253,2274.68666082,0.01998555,0.01998555,24450,75,0
8174.38338691,8174.38342316,2447.48518261,2447.48406875,0.04945439,2274.81205500,0.01998555,0.01998555,24449,75,0
8174.71755055,8174.71778263,2457.76564964,2457.75850882,0.04789960,2274.93591401,0.01998555,0.01998555,24448,75,0
8175.05186944,8175.05216945,2468.06198598,2468.05274138,0.04709343,2275.05822035,0.01998555,0.01998555,24447,75,0
8175.38648580,8175.38658361,2478.37496507,2478.37194621,0.05092071,2275.17902383,0.01998555,0.01998555,24446,75,0
8175.72122862,8175.72102512,2488.70492931,2488.71121935,0.04558513,2275.29825520,0.01998555,0.01998555,24445,75,0
8176.05550490,8176.05549399,2499.05084466,2499.05118219,0.04614373,2275.41568550,0.01998555,0.01998555,24444,75,0
8176.38977610,8176.38999022,2509.41139679,2509.40476063,0.05077924,2275.53145774,0.01998555,0.01998555,24443,75,0
8176.72462280,8176.72451381,2519.78543065,2519.78881271,0.04507773,2275.64574878,0.01998555,0.01998555,24442,75,0
8177.05900424,8177.05906477,2530.17325060,2530.17137020,0.05070158,2275.75819909,0.01998555,0.01998555,24441,75,0
8177.39395359,8177.39364309,2540.57591232,2540.58557330,0.04399425,2275.86915959,0.01998555,0.01998555,24440,75,0
8177.72839527,8177.72824878,2550.99446553,2550.99903021,0.04573395,2275.97827695,0.01998555,0.01998555,24439,75,0
8178.06256647,8178.06288185,2561.42932533,2561.41948371,0.04996299,2276.08563060,0.01998555,0.01998555,24438,75,0
8178.39756108,8178.39754230,2571.88016563,2571.88075255,0.04450649,2276.19155624,0.01998555,0.01998555,24437,75,0
8178.73208568,8178.73223012,2582.34661621,2582.34209589,0.05007135,2276.29563044,0.01998555,0.01998555,24436,75,0
8179.06712434,8179.06694534,2592.82847546,2592.83408514,0.04417304,2276.39814912,0.01998555,0.01998555,24435,75,0
8179.40158184,8179.40168794,2603.32598064,2603.32265117,0.05065901,2276.49877209,0.01998555,0.01998555,24434,75,0
8179.73610827,8179.73645793,2613.83944068,2613.82845164,0.04346154,2276.59769379,0.01998555,0.01998555,24433,75,0
8180.07142115,8180.07125532,2624.36917135,2624.37439082,0.05311370,2276.69511451,0.01998555,0.01998555,24432,75,0
8180.40579512,8180.40608010,2634.91551543,2634.90653241,0.03789241,2276.79052890,0.01998555,0.01998555,24431,75,0
8180.74099405,8180.74093229,2645.47882752,2645.48077749,0.04822588,2276.88443574,0.01998555,0.01998555,24430,75,0
8181.07526625,8181.07581188,2656.05943985,2656.04218706,0.04729623,2276.97633923,0.01998555,0.01998555,24429,75,0
8181.41079459,8181.41071888,2666.65732621,2666.65972379,0.04669640,2277.06682777,0.01998555,0.01998555,24428,75,0
8181.74568643,8181.74565329,2677.27219213,2677.27324305,0.05183237,2277.15537468,0.01998555,0.01998555,24427,75,0
8182.08031649,8182.08061512,2687.90373976,2687.89425442,0.04187564,2277.24207498,0.01998555,0.01998555,24426,75,0
8182.41546341,8182.41560437,2698.55194029,2698.54745628,0.04631028,2277.32711950,0.01998555,0.01998555,24425,75,0
8182.75040950,8182.75062103,2709.21714636,2709.21040708,0.04596553,2277.41031769,0.01998555,0.01998555,24424,75,0
8183.08552125,8183.08566513,2719.89974190,2719.89515083,0.05253044,2277.49175489,0.01998555,0.01998555,24423,75,0
8183.42145994,8183.42073665,2730.59985598,2730.62297110,0.04316230,2277.57157565,0.01998555,0.01998555,24422,75,0
8183.75581250,8183.75583560,2741.31694156,2741.31620224,0.04676831,2277.64919969,0.01998555,0.01998555,24421,75,0
8184.09061880,8184.09096199,2752.05033658,2752.03933723,0.05125261,2277.72509640,0.01998555,0.01998555,24420,75,0
8184.42661917,8184.42611582,2762.79959045,2762.81574575,0.05451863,2277.79940841,0.01998555,0.01998555,24419,75,0
8184.76159805,8184.76129709,2773.56531673,2773.57499056,0.04126110,2277.87164006,0.01998555,0.01998555,24418,75,0
8185.09609937,8185.09650580,2784.34846174,2784.33537683,0.04490359,2277.94191856,0.01998555,0.01998555,24417,75,0
8185.43194153,8185.43174197,2795.14990107,2795.15633618,0.05054773,2278.01061506,0.01998555,0.01998555,24416,75,0
8185.76632472,8185.76700558,2805.96979487,2805.94780391,0.04352657,2278.07714920,0.01998555,0.01998555,24415,75,0
8186.10185083,8186.10229666,2816.80791926,2816.79349676,0.05354739,2278.14203023,0.01998555,0.01998555,24414,75,0
8186.43752266,8186.43761519,2827.66405029,2827.66105229,0.04713505,2278.20504352,0.01998555,0.01998555,24413,75,0
8186.77271172,8186.77296118,2838.53806442,2838.52996917,0.04823582,2278.26606371,0.01998555,0.01998555,24412,75,0
8187.10785110,8187.10833464,2849.42992471,2849.41420870,0.04859376,2278.32516446,0.01998555,0.01998555,24411,75,0
8187.44308741,8187.44373557,2860.33959366,2860.31849453,0.04677248,2278.38236155,0.01998555,0.01998555,24410,75,0
8187.77882877,8187.77916397,2871.26692112,2871.25599309,0.04812853,2278.43770918,0.01998555,0.01998555,24409,75,0
8188.11468089,8188.11461984,2882.21160892,2882.21360212,0.04636836,2278.49112614,0.01998555,0.01998555,24408,75,0
8188.45036935,8188.45010320,2893.17334930,2893.18205204,0.04620547,2278.54255851,0.01998555,0.01998555,24407,75,0
8188.78572470,8188.78561404,2904.15223593,2904.15586008,0.04814339,2278.59197598,0.01998555,0.01998555,24406,75,0
8189.12146863,8189.12115236,2915.14914317,2915.15951693,0.05045826,2278.63947890,0.01998555,0.01998555,24405,75,0
8189.45679854,8189.45671817,2926.16504225,2926.16768275,0.05047843,2278.68494817,0.01998555,0.01998555,24404,75,0
8189.79223325,8189.79231148,2937.20051898,2937.19794446,0.04950880,2278.72844887,0.01998555,0.01998555,24403,75,0
8190.12782896,8190.12793228,2948.25507016,2948.25166442,0.04425701,2278.76997349,0.01998555,0.01998555,24402,75,0
8190.46398083,8190.46358058,2959.32799923,2959.34121343,0.05058658,2278.80955173,0.01998555,0.01998555,24401,75,0
8190.79887973,8190.79925639,2970.41887085,2970.40641632,0.04644148,2278.84696548,0.01998555,0.01998555,24400,75,0
8191.13476217,8191.13495970,2981.52828270,2981.52174058,0.04778190,2278.88245914,0.01998555,0.01998555,24399,75,0
8191.47034838,8191.47069052,2992.65708899,2992.64573798,0.04088033,2278.91588366,0.01998555,0.01998555,24398,75,0
8191.80631300,8191.80644885,3003.80600537,3003.80149065,0.05156502,2278.94729681,0.01998555,0.01998555,24397,75,0
8192.14215800,8192.14223470,3014.97499500,3014.97244171,0.05009733,2278.97663855,0.01998555,0.01998555,24396,75,0
8192.47854247,8192.47804807,3026.16377618,3026.18026277,0.04613826,2279.00395086,0.01998555,0.01998555,24395,75,0
8192.81375234,8192.81388896,3037.37213651,3037.36757316,0.04594485,2279.02908914,0.01998555,0.01998555,24394,75,0
8193.14955750,8193.14975738,3048.60033993,3048.59365203,0.05042388,2279.05218126,0.01998555,0.01998555,24393,75,0
8193.48595430,8193.48565333,3059.84884689,3059.85893452,0.05210181,2279.07320572,0.01998555,0.01998555,24392,75,0
8193.82166496,8193.82157681,3071.11799445,3071.12095403,0.05459228,2279.09207284,0.01998555,0.01998555,24391,75,0
8194.15726165,8194.15752783,3082.40708449,3082.39813266,0.05010815,2279.10880993,0.01998555,0.01998555,24390,75,0
8194.49318173,8194.49350639,3093.71490869,3093.70397370,0.05091542,2279.12342433,0.01998555,0.01998555,24389,75,0
8194.82999614,8194.82951249,3105.04043192,3105.05674627,0.04959788,2279.13591776,0.01998555,0.01998555,24388,75,0
8195.16519639,8195.16554614,3116.38439769,3116.37258111,0.04485902,2279.14619490,0.01998555,0.01998555,24387,75,0
8195.50142753,8195.50160734,3127.74854257,3127.74245686,0.04856287,2279.15433328,0.01998555,0.01998555,24386,75,0
8195.83758308,8195.83769609,3139.13448172,3139.13064954,0.04901698,2279.16028630,0.01998555,0.01998555,24385,75,0
8196.17331654,8196.17381240,3150.54227220,3150.52542763,0.04746235,2279.16404044,0.01998555,0.01998555,24384,75,0
8196.50992785,8196.50995627,3161.97102960,3161.97006230,0.04781511,2279.16559342,0.01998555,0.01998555,24383,75,0
8196.84602843,8196.84612771,3173.41993229,3173.41654852,0.04340542,2279.16492353,0.01998555,0.01998555,24382,75,0
8197.18235906,8197.18232671,3184.88909041,3184.89019514,0.05022608,2279.16202069,0.01998555,0.01998555,24381,75,0
8197.51865841,8197.51855328,3196.37919945,3196.38279524,0.04361670,2279.15687333,0.01998555,0.01998555,24380,75,0
8197.85518737,8197.85480743,3207.89090326,3207.90392238,0.04942102,2279.14946311,0.01998555,0.01998555,24379,75,0
8198.19091776,8198.19108915,3219.42411043,3219.41822724,0.04435981,2279.13980625,0.01998555,0.01998555,24378,75,0
8198.52763213,8198.52739845,3230.97827012,3230.98630512,0.04951596,2279.12783798,0.01998555,0.01998555,24377,75,0
8198.86388276,8198.86373534,3242.55289571,3242.55797313,0.05404557,2279.11359316,0.01998555,0.01998555,24376,75,0
8199.20003704,8199.20009982,3254.14828805,3254.14612202,0.04254156,2279.09704984,0.01998555,0.01998555,24375,75,0
8199.53630477,8199.53649188,3265.76521694,3265.75874915,0.05416131,2279.07818434,0.01998555,0.01998555,24374,75,0
8199.87308618,8199.87291155,3277.40440447,3277.41045201,0.04311097,2279.05695397,0.01998555,0.01998555,24373,75,0
8200.20945436,8200.20935880,3289.06601655,3289.06933182,0.04540874,2279.03340294,0.01998555,0.01998555,24372,75,0
8200.54614860,8200.54583366,3300.74991938,3300.76086523,0.05231371,2279.00746779,0.01998555,0.01998555,24371,75,0
8200.88173086,8200.88233613,3312.45597945,3312.43490474,0.04441119,2278.97925504,0.01998555,0.01998555,24370,75,0
8201.21889529,8201.21886620,3324.18409875,3324.18511334,0.05030669,2278.94852067,0.01998555,0.01998555,24369,75,0
8201.55561257,8201.55542388,3335.93419516,3335.94078845,0.05068852,2278.91542503,0.01998555,0.01998555,24368,75,0
8201.89251077,8201.89200918,3347.70628424,3347.72384323,0.04878576,2278.87989637,0.01998555,0.01998555,24367,75,0
8202.22856282,8202.22862210,3359.50099397,3359.49891471,0.03864989,2278.84203531,0.01998555,0.01998555,24366,75,0
8202.56522116,8202.56526264,3371.31919383,3371.31773616,0.04505060,2278.80166457,0.01998555,0.01998555,24365,75,0
8202.90203798,8202.90193080,3383.16154367,3383.16531737,0.04787069,2278.75881331,0.01998555,0.01998555,24364,75,0
8203.23886920,8203.23862659,3395.02765569,3395.03621403,0.04392878,2278.71348529,0.01998555,0.01998555,24363,75,0
8203.57558421,8203.57535002,3406.91682127,3406.92509768,0.04803044,2278.66568816,0.01998555,0.01998555,24362,75,0
8203.91203776,8203.91210107,3418.82852953,3418.82628778,0.05209002,2278.61543535,0.01998555,0.01998555,24361,75,0
8204.24863291,8204.24887977,3430.76299626,3430.75423996,0.04961105,2278.56265375,0.01998555,0.01998555,24360,75,0
8204.58566564,8204.58568611,3442.72060216,3442.71987463,0.04988902,2278.50727521,0.01998555,0.01998555,24359,75,0
8204.92270858,8204.92252009,3454.70175740,3454.70846814,0.05211758,2278.44934916,0.01998555,0.01998555,24358,75,0
8205.25971891,8205.25938173,3466.70694045,3466.71896897,0.04437185,2278.38886674,0.01998555,0.01998555,24357,75,0
8205.59575358,8205.59627101,3478.73664114,3478.71814619,0.04703467,2278.32599182,0.01998555,0.01998555,24356,75,0
8205.93326785,8205.93318795,3490.79102178,3490.79388310,0.04894321,2278.26024365,0.01998555,0.01998555,24355,75,0
8206.27022553,8206.27013255,3502.86966507,3502.87300138,0.05167278,2278.19199585,0.01998555,0.01998555,24354,75,0
8206.60743661,8206.60710481,3514.97208972,3514.98401724,0.05059160,2278.12107619,0.01998555,0.01998555,24353,75,0
8206.94373457,8206.94410474,3527.09780224,3527.08447100,0.04363211,2278.04772646,0.01998555,0.01998555,24352,75,0
8207.28058907,8207.28113234,3539.24629573,3539.22669581,0.05067225,2277.97161954,0.01998555,0.01998555,24351,75,0
8207.61849239,8207.61818761,3551.41717457,3551.42818992,0.04492659,2277.89261419,0.01998555,0.01998555,24350,75,0
8207.95528901,8207.95527055,3563.61177677,3563.61244509,0.04780335,2277.81119247,0.01998555,0.01998555,24349,75,0
8208.29269643,8208.29238118,3575.83278134,3575.84422264,0.04706413,2277.72691194,0.01998555,0.01998555,24348,75,0
8208.62930981,8208.62951949,3588.08247217,3588.07484512,0.04736069,2277.64009326,0.01998555,0.01998555,24347,75,0
8208.96654508,8208.96668548,3600.35959504,3600.35447761,0.04961459,2277.55036513,0.01998555,0.01998555,24346,75,0
8209.30402824,8209.30387917,3612.66121665,3612.66666003,0.04609186,2277.45782198,0.01998555,0.01998555,24345,75,0
8209.64073647,8209.64110054,3624.98542044,3624.97210269,0.04782107,2277.36275075,0.01998555,0.01998555,24344,75,0
8209.97822557,8209.97834962,3637.33472724,3637.33017995,0.03811503,2277.26467800,0.01998555,0.01998555,24343,75,0
8210.31566734,8210.31562639,3649.71285043,3649.71435508,0.04655011,2277.16378921,0.01998555,0.01998555,24342,75,0
8210.65295264,8210.65293087,3662.12156768,3662.12236970,0.04232507,2277.06008669,0.01998555,0.01998555,24341,75,0
8210.98958426,8210.99026305,3674.55823490,3674.53318480,0.05100832,2276.95373756,0.01998555,0.01998555,24340,75,0
8211.32809913,8211.32762294,3687.01964759,3687.03725293,0.04582197,2276.84393590,0.01998555,0.01998555,24339,75,0
8211.66469459,8211.66501055,3699.50512827,3699.49342438,0.04785231,2276.73190644,0.01998555,0.01998555,24338,75,0
8212.00237844,8212.00242587,3712.01708304,3712.01532211,0.04759569,2276.61662128,0.01998555,0.01998555,24337,75,0
8212.33995086,8212.33986892,3724.55790302,3724.56095194,0.04426595,2276.49843816,0.01998555,0.01998555,24336,75,0
8212.67738910,8212.67733969,3737.12743488,3737.12927734,0.04508773,2276.37735162,0.01998555,0.01998555,24335,75,0
8213.01460392,8213.01483818,3749.72390195,3749.71515020,0.04300916,2276.25339803,0.01998555,0.01998555,24334,75,0
8213.35227658,8213.35236441,3762.34585977,3762.34257235,0.04858895,2276.12632166,0.01998555,0.01998555,24333,75,0
8213.69039897,8213.68991837,3774.99367430,3775.01170034,0.04708237,2275.99609372,0.01998555,0.01998555,24332,75,0
8214.02755281,8214.02750006,3787.66826341,3787.67024589,0.04974017,2275.86324131,0.01998555,0.01998555,24331,75,0
8214.36485023,8214.36510950,3800.37037275,3800.36060765,0.04816902,2275.72731222,0.01998555,0.01998555,24330,75,0
8214.70256660,8214.70274668,3813.10036760,3813.09357068,0.04606652,2275.58816643,0.01998555,0.01998555,24329,75,0
8215.04056000,8215.04041162,3825.85855897,3825.86417153,0.04028745,2275.44583173,0.01998555,0.01998555,24328,75,0
8215.37804860,8215.37810430,3838.64506628,3838.64295525,0.04640534,2275.30062107,0.01998555,0.01998555,24327,75,0
8215.71555428,8215.71582473,3851.45982194,3851.44954867,0.04625855,2275.15229933,0.01998555,0.01998555,24326,75,0
8216.05357778,8216.05357293,3864.30293614,3864.30312103,0.04333271,2275.00061959,0.01998555,0.01998555,24325,75,0
8216.39147938,8216.39134888,3877.17578906,3877.18076812,0.04228714,2274.84582842,0.01998555,0.01998555,24324,75,0
8216.72836765,8216.72915260,3890.08030449,3890.05028138,0.04278583,2274.68830737,0.01998555,0.01998555,24323,75,0
8217.06662480,8217.06698409,3903.01728306,3903.00350831,0.05080184,2274.52690689,0.01998555,0.01998555,24322,75,0
8217.40514574,8217.40484335,3915.98461569,3915.99623394,0.04728006,2274.36213671,0.01998555,0.01998555,24321,75,0
8217.74319424,8217.74273039,3928.97984154,3928.99769962,0.04120796,2274.19437050,0.01998555,0.01998555,24320,75,0
8218.08090512,8218.08064520,3942.00356081,3942.01358975,0.04078992,2274.02352680,0.01998555,0.01998555,24319,75,0
8218.41886511,8218.41858780,3955.05948673,3955.07021425,0.04240792,2273.84924147,0.01998555,0.01998555,24318,75,0
8218.75715434,8218.75655818,3968.15055444,3968.17367540,0.04586940,2273.67140336,0.01998555,0.01998555,24317,75,0
8219.09481175,8219.09455635,3981.27383152,3981.28375829,0.04769319,2273.49053994,0.01998555,0.01998555,24316,75,0
8219.43247571,8219.43258231,3994.42413332,3994.41998232,0.05118011,2273.30637049,0.01998555,0.01998555,24315,75,0
8219.77067114,8219.77063607,4007.59973097,4007.60109911,0.04187067,2273.11860777,0.01998555,0.01998555,24314,75,0
8220.10908055,8220.10871763,4020.80599562,4020.82019039,0.04568688,2272.92732193,0.01998555,0.01998555,24313,75,0
8220.44649777,8220.44682699,4034.04877778,4034.03586540,0.04382964,2272.73309977,0.01998555,0.01998555,24312,75,0
8220.78430601,8220.78496416,4047.32797334,4047.30209542,0.04826275,2272.53513169,0.01998555,0.01998555,24311,75,0
8221.12343705,8221.12312913,4060.63917531,4060.65130847,0.04870961,2272.33288787,0.01998555,0.01998555,24310,75,0
8221.46155689,8221.46132192,4073.97906519,4073.98834340,0.03898796,2272.12778540,0.01998555,0.01998555,24309,75,0
8221.79988688,8221.79954252,4087.34870867,4087.36233614,0.04320868,2271.91905969,0.01998555,0.01998555,24308,75,0
nan,nan,0.00000000,-1.00000000,0.00000000,2274.14208456,nan,0.00000000,-2147483648,74,1
8191.47091721,8191.47069052,10.21430551,10.21951441,0.04413815,2274.58281590,0.01998555,0.01998555,24398,74,0
8191.80639758,8191.80644885,17.93208421,17.93090523,0.05825779,2274.99527804,0.01998555,0.01998555,24397,74,0
8192.14309146,8192.14223470,25.65643808,25.67615464,0.04390647,2275.40855357,0.01998555,0.01998555,24396,74,0
8192.47857643,8192.47804807,33.38748128,33.39964988,0.03219159,2275.81967259,0.01998555,0.01998555,24395,74,0
8192.81377794,8192.81388896,41.12529243,41.12273351,0.04441817,2276.22977529,0.01998555,0.01998555,24394,74,0
8193.14897541,8193.14975738,48.86968654,48.85164926,0.04431439,2276.63919200,0.01998555,0.01998555,24393,74,0
8193.48498764,8193.48565333,56.62036034,56.60499453,0.04878554,2277.04890188,0.01998555,0.01998555,24392,74,0
8193.82204117,8193.82157681,64.37700852,64.38773440,0.04926492,2277.45915670,0.01998555,0.01998555,24391,74,0
8194.15763145,8194.15752783,72.13932953,72.14172452,0.05492122,2277.86689119,0.01998555,0.01998555,24390,74,0
8194.49284282,8194.49350639,79.90727941,79.89193245,0.05107029,2278.27342440,0.01998555,0.01998555,24389,74,0
8194.82979696,8194.82951249,87.68118484,87.68776870,0.04780160,2278.68133986,0.01998555,0.01998555,24388,74,0
8195.16511211,8195.16554614,95.46140266,95.45134980,0.05485784,2279.08655959,0.01998555,0.01998555,24387,74,0
8195.50136631,8195.50160734,103.24829148,103.24270443,0.04648482,2279.49221749,0.01998555,0.01998555,24386,74,0
8195.83802141,8195.83769609,111.04215043,111.04969764,0.04944010,2279.89767314,0.01998555,0.01998555,24385,74,0
8196.17330994,8196.17381240,118.84298653,118.83132042,0.04556051,2280.30079850,0.01998555,0.01998555,24384,74,0
8196.50950522,8196.50995627,126.65071899,126.64023816,0.04610797,2280.70432136,0.01998555,0.01998555,24383,74,0
8196.84663622,8196.84612771,134.46526658,134.47709188,0.03600503,2281.10826389,0.01998555,0.01998555,24382,74,0
8197.18292336,8197.18232671,142.28654642,142.30043228,0.04870038,2281.51048666,0.01998555,0.01998555,24381,74,0
8197.51853930,8197.51855328,150.11445060,150.11412511,0.05597736,2281.91119280,0.01998555,0.01998555,24380,74,0
8197.85483291,8197.85480743,157.94884813,157.94944222,0.04265752,2282.31198353,0.01998555,0.01998555,24379,74,0
8198.19028297,8198.19108915,165.78960652,165.77080297,0.04906073,2282.71103717,0.01998555,0.01998555,24378,74,0
8198.52716309,8198.52739845,173.63659280,173.63109917,0.04679672,2283.11104727,0.01998555,0.01998555,24377,74,0
8198.86351295,8198.86373534,181.48978953,181.48459506,0.05221892,2283.50967987,0.01998555,0.01998555,24376,74,0
8199.19959978,8199.20009982,189.34948474,189.33779599,0.05147858,2283.90726642,0.01998555,0.01998555,24375,74,0
8199.53610507,8199.53649188,197.21601750,197.20696808,0.03667964,2284.30462720,0.01998555,0.01998555,24374,74,0
8199.87310907,8199.87291155,205.08972864,205.09435368,0.05044384,2284.70186855,0.01998555,0.01998555,24373,74,0
8200.20918655,8200.20935880,212.97090847,212.96687180,0.04740576,2285.09732356,0.01998555,0.01998555,24372,74,0
8200.54537299,8200.54583366,220.85942066,220.84861583,0.04319949,2285.49220347,0.01998555,0.01998555,24371,74,0
8200.88142261,8200.88233613,228.75491826,228.73347574,0.04587058,2285.88619958,0.01998555,0.01998555,24370,74,0
8201.21946681,8201.21886620,236.65705109,236.67115918,0.05046992,2286.28178448,0.01998555,0.01998555,24369,74,0
8201.55525275,8201.55542388,244.56547437,244.56145172,0.04448311,2286.67396264,0.01998555,0.01998555,24368,74,0
8201.89207358,8201.89200918,252.48010594,252.48162081,0.05710547,2287.06657788,0.01998555,0.01998555,24367,74,0
8202.22892927,8202.22862210,260.40119794,260.40842903,0.04949482,2287.45847090,0.01998555,0.01998555,24366,74,0
8202.56575411,8202.56526264,268.32902530,268.34060394,0.03674605,2287.84957624,0.01998555,0.01998555,24365,74,0
8202.90228257,8202.90193080,276.26386436,276.27215861,0.04659723,2288.23959764,0.01998555,0.01998555,24364,74,0
8203.23910104,8203.23862659,284.20593243,284.21712839,0.04837018,2288.62922256,0.01998555,0.01998555,24363,74,0
8203.57603121,8203.57535002,292.15525079,292.17133888,0.04952726,2289.01824164,0.01998555,0.01998555,24362,74,0
8203.91219558,8203.91210107,300.11180067,300.11403450,0.04800839,2289.40564008,0.01998555,0.01998555,24361,74,0
8204.24861837,8204.24887977,308.07556321,308.06937923,0.05218709,2289.79259610,0.01998555,0.01998555,24360,74,0
8204.58588321,8204.58568611,316.04652311,316.05118962,0.05443992,2290.17977379,0.01998555,0.01998555,24359,74,0
8204.92234803,8204.92252009,324.02469810,324.02062093,0.05014203,2290.56528592,0.01998555,0.01998555,24358,74,0
8205.25901154,8205.25938173,332.01012337,332.00134424,0.04831493,2290.95027764,0.01998555,0.01998555,24357,74,0
8205.59612233,8205.59627101,340.00283442,339.99930544,0.04637052,2291.33502991,0.01998555,0.01998555,24356,74,0
8205.93264549,8205.93318795,348.00286445,347.98997839,0.04412897,2291.71836074,0.01998555,0.01998555,24355,74,0
8206.26990877,8206.27013255,356.01016776,356.00484751,0.04770389,2292.10177697,0.01998555,0.01998555,24354,74,0
8206.60704613,8206.60710481,364.02460446,364.02320817,0.05227073,2292.48428242,0.01998555,0.01998555,24353,74,0
8206.94437227,8206.94410474,372.04602839,372.05239867,0.05077301,2292.86622412,0.01998555,0.01998555,24352,74,0
8207.28080440,8207.28113234,380.07429280,380.06647796,0.04261403,2293.24636881,0.01998555,0.01998555,24351,74,0
8207.61869167,8207.61818761,388.10933046,388.12135130,0.04913735,2293.62736300,0.01998555,0.01998555,24350,74,0
8207.95525447,8207.95527055,396.15128550,396.15090169,0.04992471,2294.00607612,0.01998555,0.01998555,24349,74,0
8208.29235426,8208.29238118,404.20033722,404.19969418,0.04793056,2294.38461117,0.01998555,0.01998555,24348,74,0
8208.62966072,8208.62951949,412.25666592,412.26004227,0.04859381,2294.76260028,0.01998555,0.01998555,24347,74,0
8208.96789126,8208.96668548,420.32043008,420.34928013,0.05615316,2295.14084798,0.01998555,0.01998555,24346,74,0
8209.30495235,8209.30387917,428.39165227,428.41735138,0.04980923,2295.51701198,0.01998555,0.01998555,24345,74,0
8209.64104458,8209.64110054,436.47030423,436.46896298,0.04792462,2295.89131924,0.01998555,0.01998555,24344,74,0
8209.97838322,8209.97834962,444.55635744,444.55716349,0.04264792,2296.26623169,0.01998555,0.01998555,24343,74,0
8210.31568682,8210.31562639,452.64978459,452.65123535,0.04558755,2296.64031671,0.01998555,0.01998555,24342,74,0
8210.65331623,8210.65293087,460.75057817,460.75983708,0.04311230,2297.01397018,0.01998555,0.01998555,24341,74,0
8210.98997674,8210.99026305,468.85874582,468.85186113,0.04122093,2297.38575892,0.01998555,0.01998555,24340,74,0
8211.32812857,8211.32762294,476.97429558,476.98646396,0.04977694,2297.75839542,0.01998555,0.01998555,24339,74,0
8211.66462624,8211.66501055,485.09723381,485.08797749,0.04773289,2298.12841137,0.01998555,0.01998555,24338,74,0
8212.00200044,8212.00242587,493.22748401,493.21722890,0.04307382,2298.49858586,0.01998555,0.01998555,24337,74,0
8212.33991019,8212.33986892,501.36485005,501.36584576,0.04839187,2298.86852785,0.01998555,0.01998555,24336,74,0
8212.67712354,8212.67733969,509.50912548,509.50390726,0.04646768,2299.23687704,0.01998555,0.01998555,24335,74,0
8213.01513155,8213.01483818,517.66010306,517.66719088,0.04246184,2299.60524966,0.01998555,0.01998555,24334,74,0
8213.35240210,8213.35236441,525.81777353,525.81868491,0.03979772,2299.97197265,0.01998555,0.01998555,24333,74,0
8213.68988730,8213.68991837,533.98266293,533.98191111,0.03793243,2300.33810411,0.01998555,0.01998555,24332,74,0
8214.02737918,8214.02750006,542.15538916,542.15246135,0.04705614,2300.70344228,0.01998555,0.01998555,24331,74,0
8214.36559215,8214.36510950,550.33657351,550.34827522,0.05156285,2301.06878246,0.01998555,0.01998555,24330,74,0
8214.70274886,8214.70274668,558.52666176,558.52671461,0.04112640,2301.43222225,0.01998555,0.01998555,24329,74,0
8215.04050204,8215.04041162,566.72520147,566.72739801,0.04383846,2301.79552112,0.01998555,0.01998555,24328,74,0
8215.37775997,8215.37810430,574.93145493,574.92308413,0.04410979,2302.15746857,0.01998555,0.01998555,24327,74,0
8215.71587577,8215.71582473,583.14468022,583.14592173,0.04180359,2302.51947966,0.01998555,0.01998555,24326,74,0
8216.05339100,8216.05357293,591.36422683,591.35979792,0.05109035,2302.87996066,0.01998555,0.01998555,24325,74,0
8216.39132900,8216.39134888,599.59033275,599.58984839,0.04487433,2303.24001305,0.01998555,0.01998555,24324,74,0
8216.72860313,8216.72915260,607.82372363,607.81032535,0.04443401,2303.59850892,0.01998555,0.01998555,24323,74,0
8217.06730709,8217.06698409,616.06513404,616.07301734,0.04817607,2303.95769988,0.01998555,0.01998555,24322,74,0
8217.40558583,8217.40484335,624.31526422,624.33340368,0.05189248,2304.31564212,0.01998555,0.01998555,24321,74,0
8217.74265503,8217.74273039,632.57411506,632.57227217,0.04419335,2304.67150796,0.01998555,0.01998555,24320,74,0
8218.08075017,8218.08064520,640.84107179,640.84364095,0.04217594,2305.02762825,0.01998555,0.01998555,24319,74,0
8218.41913736,8218.41858780,649.11549538,649.12895652,0.04636093,2305.38319435,0.01998555,0.01998555,24318,74,0
8218.75696283,8218.75655818,657.39675675,657.40667543,0.04693307,2305.73728028,0.01998555,0.01998555,24317,74,0
8219.09503929,8219.09455635,665.68478609,665.69663294,0.04650118,2306.09073342,0.01998555,0.01998555,24316,74,0
8219.43263807,8219.43258231,673.98026542,673.98163430,0.04620181,2306.44281901,0.01998555,0.01998555,24315,74,0
8219.77180381,8219.77063607,682.28393310,682.31263031,0.05197490,2306.79569358,0.01998555,0.01998555,24314,74,0
8220.10918123,8220.10871763,690.59652813,690.60793284,0.04559373,2307.14589479,0.01998555,0.01998555,24313,74,0
8220.44651848,8220.44682699,698.91834147,698.91074445,0.05031783,2307.49525234,0.01998555,0.01998555,24312,74,0
8220.78491228,8220.78496416,707.24877213,707.24749356,0.04869695,2307.84486942,0.01998555,0.01998555,24311,74,0
8221.12368939,8221.12312913,715.58711084,715.60093101,0.04080239,2308.19401189,0.01998555,0.01998555,24310,74,0
8221.46159831,8221.46132192,723.93264456,723.93946752,0.04251120,2308.54135896,0.01998555,0.01998555,24309,74,0
8221.79967975,8221.79954252,732.28496082,732.28835078,0.05483543,2308.88796318,0.01998555,0.01998555,24308,74,0
8222.13755972,8222.13779095,740.64451218,740.63879512,0.03872322,2309.23345719,0.01998555,0.01998555,24307,74,0
8222.47595042,8222.47606720,749.01190714,749.00901741,0.05576602,2309.57859008,0.01998555,0.01998555,24306,74,0
8222.81471933,8222.81437127,757.38775767,757.39637918,0.04747554,2309.92324515,0.01998555,0.01998555,24305,74,0
8223.15276560,8223.15270317,765.77252809,765.77407599,0.04379161,2310.26631924,0.01998555,0.01998555,24304,74,0
8223.49142368,8223.49106291,774.16608407,774.17503764,0.05107081,2310.60915787,0.01998555,0.01998555,24303,74,0
8223.82943948,8223.82945049,782.56814096,782.56786749,0.04463507,2310.95047644,0.01998555,0.01998555,24302,74,0
8224.16781681,8224.16786590,790.97841246,790.97719194,0.04256572,2311.29127458,0.01998555,0.01998555,24301,74,0
8224.50611537,8224.50630916,799.39666483,799.39184263,0.04656809,2311.63109492,0.01998555,0.01998555,24300,74,0
8224.84474956,8224.84478026,807.82295176,807.82218693,0.04487102,2311.97035157,0.01998555,0.01998555,24299,74,0
8225.18375037,8225.18327922,816.25742284,816.26916797,0.05036210,2312.30907548,0.01998555,0.01998555,24298,74,0
8225.52146889,8225.52180603,824.70022857,824.69181646,0.04608176,2312.64562532,0.01998555,0.01998555,24297,74,0
8225.86036666,8225.86036070,833.15150426,833.15165310,0.04976303,2312.98245647,0.01998555,0.01998555,24296,74,0
8226.19886282,8226.19894323,841.61127635,841.60926646,0.04148059,2313.31799218,0.01998555,0.01998555,24295,74,0
8226.53792158,8226.53755362,850.07952571,850.08873227,0.05438976,2313.65318329,0.01998555,0.01998555,24294,74,0
8226.87596287,8226.87619188,858.55623289,858.55049783,0.04481366,2313.98646529,0.01998555,0.01998555,24293,74,0
8227.21465751,8227.21485801,867.04140557,867.03637963,0.04056992,2314.31948374,0.01998555,0.01998555,24292,74,0
8227.55319314,8227.55355202,875.53527935,875.52627493,0.04828411,2314.65144359,0.01998555,0.01998555,24291,74,0
8227.89267473,8227.89227391,884.03820487,884.04827185,0.04104131,2314.98343523,0.01998555,0.01998555,24290,74,0
8228.23158054,8228.23102367,892.55053567,892.56453628,0.04585251,2315.31397898,0.01998555,0.01998555,24289,74,0
8228.57011385,8228.56980132,901.07256103,901.08042665,0.04676916,2315.64328404,0.01998555,0.01998555,24288,74,0
8228.90806267,8228.90860687,909.60392029,909.59021058,0.04701857,2315.97113004,0.01998555,0.01998555,24287,74,0
8229.24780372,8229.24744030,918.14388081,918.15304444,0.05382538,2316.29978579,0.01998555,0.01998555,24286,74,0
8229.58614486,8229.58630162,926.69170125,926.68774538,0.04588134,2316.62612989,0.01998555,0.01998555,24285,74,0
8229.92521535,8229.92519085,935.24671746,935.24733617,0.04737233,2316.95219038,0.01998555,0.01998555,24284,74,0
8230.26393981,8230.26410798,943.80915566,943.80490527,0.04196259,2317.27693708,0.01998555,0.01998555,24283,74,0
8230.60223377,8230.60305301,952.37979529,952.35907003,0.04801562,2317.60031862,0.01998555,0.01998555,24282,74,0
8230.94147015,8230.94202596,960.95942864,960.94535344,0.04130303,2317.92367157,0.01998555,0.01998555,24281,74,0
8231.28119589,8231.28102681,969.54878246,969.55306855,0.04790711,2318.24658174,0.01998555,0.01998555,24280,74,0
8231.61995899,8231.62005559,978.14777636,978.14532520,0.05302105,2318.56766384,0.01998555,0.01998555,24279,74,0
8231.95871655,8231.95911228,986.75580855,986.74575720,0.03935200,2318.88780254,0.01998555,0.01998555,24278,74,0
8232.29855995,8232.29819689,995.37226498,995.38149436,0.04254950,2319.20799814,0.01998555,0.01998555,24277,74,0
8232.63708889,8232.63730944,1003.99658271,1003.99097149,0.04041689,2319.52596585,0.01998555,0.01998555,24276,74,0
8232.97603619,8232.97644991,1012.62882519,1012.61829013,0.04897173,2319.84333621,0.01998555,0.01998555,24275,74,0
8233.31624030,8233.31561831,1021.26945869,1021.28531180,0.04788774,2320.16090075,0.01998555,0.01998555,24274,74,0
8233.65519597,8233.65481465,1029.91895887,1029.92868719,0.04258360,2320.47633471,0.01998555,0.01998555,24273,74,0
8233.99400831,8233.99403893,1038.57776337,1038.57698119,0.04875712,2320.79068457,0.01998555,0.01998555,24272,74,0
8234.33381735,8234.33329116,1047.24587249,1047.25932365,0.04896586,2321.10500053,0.01998555,0.01998555,24271,74,0
8234.67255783,8234.67257133,1055.92301857,1055.92267312,0.04338309,2321.41735898,0.01998555,0.01998555,24270,74,0
8235.01134207,8235.01187945,1064.60892847,1064.59516572,0.04593653,2321.72877648,0.01998555,0.01998555,24269,74,0
8235.35101609,8235.35121553,1073.30335247,1073.29824024,0.04902208,2322.04001404,0.01998555,0.01998555,24268,74,0
8235.69088237,8235.69057956,1082.00627962,1082.01404858,0.03777366,2322.35042375,0.01998555,0.01998555,24267,74,0
8236.02939547,8236.02997156,1090.71783219,1090.70303837,0.04867843,2322.65860000,0.01998555,0.01998555,24266,74,0
8236.36892455,8236.36939152,1099.43813462,1099.42613168,0.04613350,2322.96670186,0.01998555,0.01998555,24265,74,0
8236.70864260,8236.70883945,1108.16733895,1108.16227445,0.05491026,2323.27397518,0.01998555,0.01998555,24264,74,0
8237.04805243,8237.04831535,1116.90581423,1116.89904307,0.03859490,2323.57997991,0.01998555,0.01998555,24263,74,0
8237.38790997,8237.38781922,1125.65403620,1125.65637579,0.04662917,2323.88540959,0.01998555,0.01998555,24262,74,0
8237.72762849,8237.72735107,1134.41248424,1134.41964449,0.04586513,2324.18974809,0.01998555,0.01998555,24261,74,0
8238.06648442,8238.06691091,1143.18151842,1143.17049837,0.04810768,2324.49235948,0.01998555,0.01998555,24260,74,0
8238.40626902,8238.40649872,1151.96070585,1151.95476451,0.05022911,2324.79482374,0.01998555,0.01998555,24259,74,0
8238.74584020,8238.74611453,1160.74929287,1160.74219039,0.04010552,2325.09609101,0.01998555,0.01998555,24258,74,0
8239.08506740,8239.08575833,1169.54652014,1169.52861670,0.04135148,2325.39601813,0.01998555,0.01998555,24257,74,0
8239.42567484,8239.42543013,1178.35183207,1178.35817843,0.04314844,2325.69610218,0.01998555,0.01998555,24256,74,0
8239.76514991,8239.76512992,1187.16571948,1187.16623826,0.04781086,2325.99414148,0.01998555,0.01998555,24255,74,0
8240.10503896,8240.10485772,1195.98900585,1195.99371557,0.05263564,2326.29152103,0.01998555,0.01998555,24254,74,0
8240.44508732,8240.44461352,1204.82252005,1204.83484560,0.04273390,2326.58803916,0.01998555,0.01998555,24253,74,0
8240.78408262,8240.78439733,1213.66685100,1213.65865478,0.04681399,2326.88265780,0.01998555,0.01998555,24252,74,0
8241.12386660,8241.12420916,1222.52167699,1222.51274603,0.04026719,2327.17696341,0.01998555,0.01998555,24251,74,0
8241.46382418,8241.46404900,1231.38646107,1231.38059378,0.04053860,2327.47039674,0.01998555,0.01998555,24250,74,0
8241.80399217,8241.80391686,1240.26066317,1240.26263057,0.04990412,2327.76296575,0.01998555,0.01998555,24249,74,0
8242.14415827,8242.14381274,1249.14394966,1249.15298430,0.04750312,2328.05447189,0.01998555,0.01998555,24248,74,0
8242.48372037,8242.48373665,1258.03654108,1258.03611487,0.05527495,2328.34440529,0.01998555,0.01998555,24247,74,0
8242.82398552,8242.82368859,1266.93875051,1266.94653005,0.05690209,2328.63388767,0.01998555,0.01998555,24246,74,0
8243.16326567,8243.16366857,1275.85089163,1275.84032455,0.04093073,2328.92149016,0.01998555,0.01998555,24245,74,0
8243.50345913,8243.50367658,1284.77314371,1284.76743462,0.05227287,2329.20882374,0.01998555,0.01998555,24244,74,0
8243.84393452,8243.84371263,1293.70543747,1293.71126904,0.04013516,2329.49534300,0.01998555,0.01998555,24243,74,0
8244.18343543,8244.18377673,1302.64767652,1302.63869714,0.04671564,2329.77998647,0.01998555,0.01998555,24242,74,0
8244.52394544,8244.52386887,1311.59976339,1311.60177979,0.04422907,2330.06440964,0.01998555,0.01998555,24241,74,0
8244.86395702,8244.86398907,1320.56158672,1320.56074177,0.04273198,2330.34734311,0.01998555,0.01998555,24240,74,0
8245.20417684,8245.20413732,1329.53301808,1329.53406091,0.04184943,2330.62936807,0.01998555,0.01998555,24239,74,0
8245.54391775,8245.54431363,1338.51392719,1338.50347066,0.04387657,2330.90990796,0.01998555,0.01998555,24238,74,0
8245.88446511,8245.88451800,1347.50420324,1347.50280488,0.04104101,2331.19001506,0.01998555,0.01998555,24237,74,0
8246.22477381,8246.22475043,1356.50405815,1356.50467684,0.04618048,2331.46882949,0.01998555,0.01998555,24236,74,0
8246.56474998,8246.56501093,1365.51396391,1365.50705025,0.04413772,2331.74628742,0.01998555,0.01998555,24235,74,0
8246.90537896,8246.90529951,1374.53440286,1374.53651029,0.04426431,2332.02320189,0.01998555,0.01998555,24234,74,0
8247.24564451,8247.24561616,1383.56579433,1383.56654732,0.04224597,2332.29875350,0.01998555,0.01998555,24233,74,0
8247.58576251,8247.58596088,1392.60801561,1392.60274225,0.04838076,2332.57311099,0.01998555,0.01998555,24232,74,0
8247.92626606,8247.92633369,1401.66067538,1401.65887563,0.04644606,2332.84668671,0.01998555,0.01998555,24231,74,0
8248.26714051,8248.26673459,1410.72337778,1410.73419033,0.05387690,2333.11944877,0.01998555,0.01998555,24230,74,0
8248.60716400,8248.60716358,1419.79579181,1419.79580310,0.05145866,2333.39040754,0.01998555,0.01998555,24229,74,0
8248.94750181,8248.94762066,1428.87788500,1428.87471312,0.05510667,2333.66048910,0.01998555,0.01998555,24228,74,0
8249.28766657,8249.28810583,1437.96970821,1437.95797300,0.04994368,2333.92930325,0.01998555,0.01998555,24227,74,0
8249.62815011,8249.62861910,1447.07131328,1447.05877119,0.04653001,2334.19723522,0.01998555,0.01998555,24226,74,0
8249.96962404,8249.96916048,1456.18295085,1456.19536067,0.04832780,2334.46481001,0.01998555,0.01998555,24225,74,0
8250.30958022,8250.30972997,1465.30534338,1465.30133009,0.04463901,2334.73008147,0.01998555,0.01998555,24224,74,0
8250.64948840,8250.65032756,1474.43928637,1474.41676844,0.04428316,2334.99422232,0.01998555,0.01998555,24223,74,0
8250.99023947,8250.99095327,1483.58555735,1483.56637839,0.04271976,2335.25793824,0.01998555,0.01998555,24222,74,0
8251.33132175,8251.33160709,1492.74407634,1492.73640029,0.04825621,2335.52081992,0.01998555,0.01998555,24221,74,0
8251.67246376,8251.67228904,1501.91366793,1501.91837317,0.04862246,2335.78261727,0.01998555,0.01998555,24220,74,0
8252.01344280,8252.01299911,1511.09307794,1511.10503712,0.04664889,2336.04311936,0.01998555,0.01998555,24219,74,0
8252.35388675,8252.35373731,1520.28115649,1520.28518801,0.04478144,2336.30200889,0.01998555,0.01998555,24218,74,0
8252.69476777,8252.69450363,1529.47811358,1529.48524590,0.04007164,2336.56002779,0.01998555,0.01998555,24217,74,0
8253.03522495,8253.03529810,1538.68506962,1538.68309249,0.04302310,2336.81655159,0.01998555,0.01998555,24216,74,0
8253.37587091,8253.37612070,1547.90316920,1547.89640923,0.05378920,2337.07207030,0.01998555,0.01998555,24215,74,0
8253.71726363,8253.71697144,1557.13333575,1557.14125306,0.04543391,2337.32701821,0.01998555,0.01998555,24214,74,0
8254.05782418,8254.05785033,1566.37532822,1566.37461876,0.04537261,2337.58020462,0.01998555,0.01998555,24213,74,0
8254.39875615,8254.39875737,1575.62853067,1575.62849770,0.04420217,2337.83250465,0.01998555,0.01998555,24212,74,0
8254.73942002,8254.73969255,1584.89232403,1584.88491504,0.05191305,2338.08342278,0.01998555,0.01998555,24211,74,0
8255.08091186,8255.08065590,1594.16638777,1594.17335359,0.04765046,2338.33375007,0.01998555,0.01998555,24210,74,0
8255.42183736,8255.42164740,1603.45107908,1603.45625409,0.04182432,2338.58246803,0.01998555,0.01998555,24209,74,0
8255.76244266,8255.76266707,1612.74685023,1612.74072965,0.05039022,2338.82976817,0.01998555,0.01998555,24208,74,0
8256.10369721,8256.10371490,1622.05414212,1622.05365906,0.04796215,2339.07635934,0.01998555,0.01998555,24207,74,0
8256.44467506,8256.44479090,1631.37305338,1631.36988663,0.04092259,2339.32156794,0.01998555,0.01998555,24206,74,0
8256.78574178,8256.78589507,1640.70333201,1640.69913664,0.04973749,2339.56564604,0.01998555,0.01998555,24205,74,0
8257.12748754,8257.12702742,1650.04470842,1650.05731494,0.04474131,2339.80899984,0.01998555,0.01998555,24204,74,0
8257.46859086,8257.46818795,1659.39696898,1659.40801990,0.04301681,2340.05067764,0.01998555,0.01998555,24203,74,0
8257.80978285,8257.80937667,1668.76031914,1668.77147248,0.05282350,2340.29120081,0.01998555,0.01998555,24202,74,0
8258.15041407,8258.15059357,1678.13515149,1678.13021709,0.04620925,2340.53011906,0.01998555,0.01998555,24201,74,0
8258.49169452,8258.49183866,1687.52186192,1687.51789475,0.04080002,2340.76828543,0.01998555,0.01998555,24200,74,0
8258.83317465,8258.83311194,1696.92065413,1696.92238214,0.05024264,2341.00538147,0.01998555,0.01998555,24199,74,0
8259.17434426,8259.17441343,1706.33120787,1706.32929980,0.04258904,2341.24104004,0.01998555,0.01998555,24198,74,0
8259.51577644,8259.51574311,1715.75311297,1715.75403339,0.05211257,2341.47564178,0.01998555,0.01998555,24197,74,0
8259.85754958,8259.85710100,1725.18597121,1725.19837375,0.04587497,2341.70922228,0.01998555,0.01998555,24196,74,0
8260.19823440,8260.19848709,1734.62976509,1734.62277108,0.05025844,2341.94080350,0.01998555,0.01998555,24195,74,0
8260.54016613,8260.53990140,1744.08488307,1744.09221866,0.04225516,2342.17197647,0.01998555,0.01998555,24194,74,0
8260.88118011,8260.88134392,1753.55173593,1753.54719147,0.03985876,2342.40128070,0.01998555,0.01998555,24193,74,0
8261.22317434,8261.22281466,1763.03068609,1763.04067627,0.05411227,2342.62999547,0.01998555,0.01998555,24192,74,0
8261.56450480,8261.56431363,1772.52176340,1772.52707972,0.05122466,2342.85701482,0.01998555,0.01998555,24191,74,0
8261.90643819,8261.90584082,1782.02486337,1782.04149524,0.04360505,2343.08317353,0.01998555,0.01998555,24190,74,0
8262.24714447,8262.24739623,1791.53988035,1791.53286271,0.04064397,2343.30725671,0.01998555,0.01998555,24189,74,0
8262.58931286,8262.58897988,1801.06671388,1801.07600616,0.04708713,2343.53102399,0.01998555,0.01998555,24188,74,0
8262.93114751,8262.93059177,1810.60527567,1810.62080219,0.05013511,2343.75328717,0.01998555,0.01998555,24187,74,0
8263.27226356,8263.27223189,1820.15547830,1820.15636404,0.05057938,2343.97379458,0.01998555,0.01998555,24186,74,0
8263.61421585,8263.61390026,1829.71724683,1829.72608371,0.04769181,2344.19354366,0.01998555,0.01998555,24185,74,0
8263.95520576,8263.95559688,1839.29069478,1839.27973049,0.04231227,2344.41137659,0.01998555,0.01998555,24184,74,0
8264.29632708,8264.29732174,1848.87607839,1848.84816156,0.04918467,2344.62799729,0.01998555,0.01998555,24183,74,0
8264.63919777,8264.63907486,1858.47365924,1858.47711304,0.03603571,2344.84442289,0.01998555,0.01998555,24182,74,0
8264.98111411,8264.98085624,1868.08370421,1868.09095957,0.04944199,2345.05894255,0.01998555,0.01998555,24181,74,0
8265.32265957,8265.32266587,1877.70649498,1877.70631760,0.04910990,2345.27193040,0.01998555,0.01998555,24180,74,0
8265.66433980,8265.66450377,1887.34231832,1887.33769333,0.04090343,2345.48370353,0.01998555,0.01998555,24179,74,0
8266.00629989,8266.00636994,1896.99144749,1896.98946917,0.04511315,2345.69434942,0.01998555,0.01998555,24178,74,0
8266.34903658,8266.34826438,1906.65368723,1906.67552368,0.04571712,2345.90415760,0.01998555,0.01998555,24177,74,0
8266.69039267,8266.69018709,1916.32829813,1916.33411816,0.03884182,2346.11178912,0.01998555,0.01998555,24176,74,0
8267.03242870,8267.03213808,1926.01450497,1926.02274142,0.05079585,2346.31847926,0.01998555,0.01998555,24175,74,0
8267.37427937,8267.37411736,1935.71173904,1935.71633570,0.05282193,2346.52368488,0.01998555,0.01998555,24174,74,0
8267.71644390,8267.71612491,1945.42062035,1945.42968106,0.03892964,2346.72771284,0.01998555,0.01998555,24173,74,0
8268.05847901,8268.05816076,1955.14218965,1955.15124089,0.04877145,2346.93031396,0.01998555,0.01998555,24172,74,0
8268.40021288,8268.40022490,1964.87748192,1964.87713948,0.05081164,2347.13140443,0.01998555,0.01998555,24171,74,0
8268.74271315,8268.74231733,1974.62676379,1974.63805137,0.04879889,2347.33160880,0.01998555,0.01998555,24170,74,0
8269.08453058,8269.08443807,1984.38914200,1984.39178335,0.05313224,2347.53005482,0.01998555,0.01998555,24169,74,0
8269.42694477,8269.42658711,1994.16362102,1994.17384437,0.04417025,2347.72745976,0.01998555,0.01998555,24168,74,0
8269.76900820,8269.76876445,2003.94934046,2003.95631494,0.04987636,2347.92325313,0.01998555,0.01998555,24167,74,0
8270.11098069,8270.11097010,2013.74642067,2013.74672410,0.04740846,2348.11758362,0.01998555,0.01998555,24166,74,0
8270.45308156,8270.45320407,2023.55539951,2023.55188623,0.04591759,2348.31058091,0.01998555,0.01998555,24165,74,0
8270.79586634,8270.79546635,2033.37682080,2033.38830579,0.05269011,2348.50255848,0.01998555,0.01998555,24164,74,0
8271.13783641,8271.13775695,2043.21125247,2043.21353684,0.03969448,2348.69268296,0.01998555,0.01998555,24163,74,0
8271.48015299,8271.48007588,2053.05929936,2053.06151915,0.04841072,2348.88160832,0.01998555,0.01998555,24162,74,0
8271.82256392,8271.82242313,2062.92157410,2062.92563270,0.04647188,2349.06919790,0.01998555,0.01998555,24161,74,0
8272.16501685,8272.16479872,2072.79859418,2072.80489144,0.04925423,2349.25542520,0.01998555,0.01998555,24160,74,0
8272.50770853,8272.50720264,2082.69018845,2082.70481310,0.04670381,2349.44038533,0.01998555,0.01998555,24159,74,0
8272.84970732,8272.84963489,2092.59589095,2092.59798738,0.04988867,2349.62356279,0.01998555,0.01998555,24158,74,0
8273.19213368,8273.19209549,2102.51523364,2102.51634037,0.04896329,2349.80554414,0.01998555,0.01998555,24157,74,0
8273.53434986,8273.53458444,2112.44790223,2112.44109503,0.04872522,2349.98597702,0.01998555,0.01998555,24156,74,0
8273.87726934,8273.87710173,2122.39381726,2122.39868721,0.05025239,2350.16533223,0.01998555,0.01998555,24155,74,0
8274.21994113,8274.21964737,2132.35291818,2132.36146402,0.05119518,2350.34310219,0.01998555,0.01998555,24154,74,0
8274.56257713,8274.56222137,2142.32520518,2142.33556784,0.04742232,2350.51939241,0.01998555,0.01998555,24153,74,0
8274.90520887,8274.90482373,2152.31102645,2152.32225928,0.04305177,2350.69421922,0.01998555,0.01998555,24152,74,0
8275.24725856,8275.24745445,2162.31085574,2162.30513463,0.05305507,2350.86729335,0.01998555,0.01998555,24151,74,0
8275.58989734,8275.59011354,2172.32516011,2172.31883729,0.04014267,2351.03920865,0.01998555,0.01998555,24150,74,0
8275.93332479,8275.93280100,2182.35408132,2182.36942073,0.05578130,2351.21005196,0.01998555,0.01998555,24149,74,0
8276.27546109,8276.27551683,2192.39737758,2192.39574313,0.05123157,2351.37878086,0.01998555,0.01998555,24148,74,0
8276.61790678,8276.61826103,2202.45478318,2202.44438137,0.04798215,2351.54617979,0.01998555,0.01998555,24147,74,0
8276.96094517,8276.96103362,2212.52602253,2212.52342211,0.04597949,2351.71237012,0.01998555,0.01998555,24146,74,0
8277.30401998,8277.30383459,2222.61078846,2222.61624567,0.04730141,2351.87706666,0.01998555,0.01998555,24145,74,0
8277.64653287,8277.64666395,2232.70876411,2232.70490080,0.04518529,2352.03997413,0.01998555,0.01998555,24144,74,0
8277.98972426,8277.98952170,2242.81966759,2242.82564478,0.04643254,2352.20167097,0.01998555,0.01998555,24143,74,0
8278.33217444,8278.33240784,2252.94377493,2252.93687916,0.04959939,2352.36148690,0.01998555,0.01998555,24142,74,0
8278.67490524,8278.67532238,2263.08179381,2263.06945291,0.04865405,2352.51990660,0.01998555,0.01998555,24141,74,0
8279.01769049,8279.01826533,2273.23444751,2273.21741775,0.04538569,2352.67682778,0.01998555,0.01998555,24140,74,0
8279.36065186,8279.36123667,2283.40221909,2283.38486946,0.05084850,2352.83230492,0.01998555,0.01998555,24139,74,0
8279.70411428,8279.70423643,2293.58505671,2293.58142788,0.04958351,2352.98647273,0.01998555,0.01998555,24138,74,0
8280.04756021,8280.04726460,2303.78283665,2303.79163097,0.04419488,2353.13908653,0.01998555,0.01998555,24137,74,0
8280.39111532,8280.39032118,2313.99540744,2314.01906441,0.04577847,2353.29019206,0.01998555,0.01998555,24136,74,0
8280.73329937,8280.73340619,2324.22243681,2324.21925071,0.04857548,2353.43913493,0.01998555,0.01998555,24135,74,0
8281.07691742,8281.07651961,2334.46351521,2334.47539628,0.04794300,2353.58712281,0.01998555,0.01998555,24134,74,0
8281.41984596,8281.41966146,2344.71825414,2344.72377131,0.04641693,2353.73322378,0.01998555,0.01998555,24133,74,0
8281.76273811,8281.76283174,2354.98693672,2354.98413297,0.04464746,2353.87771857,0.01998555,0.01998555,24132,74,0
8282.10608679,8282.10603046,2365.27058662,2365.27227586,0.04861632,2354.02081941,0.01998555,0.01998555,24131,74,0
8282.44904415,8282.44925761,2375.57027321,2375.56386271,0.04456281,2354.16217982,0.01998555,0.01998555,24130,74,0
8282.79258580,8282.79251320,2385.88663470,2385.88881827,0.04496372,2354.30220138,0.01998555,0.01998555,24129,74,0
8283.13584760,8283.13579724,2396.21907924,2396.22059612,0.05094270,2354.44051374,0.01998555,0.01998555,24128,74,0
8283.47925881,8283.47910972,2406.56679463,2406.57129150,0.04867167,2354.57727226,0.01998555,0.01998555,24127,74,0
8283.82271661,8283.82245065,2416.92905162,2416.93708379,0.04439836,2354.71241770,0.01998555,0.01998555,24126,74,0
8284.16566011,8284.16582004,2427.30580301,2427.30096648,0.05117281,2354.84572507,0.01998555,0.01998555,24125,74,0
8284.50936625,8284.50921789,2437.69731862,2437.70181115,0.04644463,2354.97768531,0.01998555,0.01998555,24124,74,0
8284.85256196,8284.85264419,2448.10388162,2448.10138814,0.05204363,2355.10780418,0.01998555,0.01998555,24123,74,0
8285.19605223,8285.19609897,2458.52601825,2458.52459899,0.05045029,2355.23638754,0.01998555,0.01998555,24122,74,0
8285.54013655,8285.53958221,2468.96451546,2468.98137489,0.05150563,2355.36354299,0.01998555,0.01998555,24121,74,0
8285.88315039,8285.88309392,2479.42017750,2479.42189759,0.05008591,2355.48866035,0.01998555,0.01998555,24120,74,0
8286.22697655,8286.22663411,2489.89323012,2489.90367750,0.04329215,2355.61242238,0.01998555,0.01998555,24119,74,0
8286.57014130,8286.57020278,2500.38251412,2500.38063564,0.04597978,2355.73427558,0.01998555,0.01998555,24118,74,0
8286.91391552,8286.91379993,2510.88665895,2510.89019467,0.04262688,2355.85464799,0.01998555,0.01998555,24117,74,0
8287.25733747,8287.25742557,2521.40458235,2521.40188409,0.04904229,2355.97318162,0.01998555,0.01998555,24116,74,0
8287.60110470,8287.60107970,2531.93683092,2531.93759775,0.05294960,2356.09011658,0.01998555,0.01998555,24115,74,0
8287.94487609,8287.94476232,2542.48451146,2542.48800554,0.04517024,2356.20533921,0.01998555,0.01998555,24114,74,0
8288.28876909,8288.28847344,2553.04867736,2553.05777132,0.04767393,2356.31889158,0.01998555,0.01998555,24113,74,0
8288.63174423,8288.63221306,2563.62955012,2563.61510818,0.04596937,2356.43043056,0.01998555,0.01998555,24112,74,0
8288.97613476,8288.97598118,2574.22675889,2574.23149647,0.05192935,2356.54069909,0.01998555,0.01998555,24111,74,0
8289.32002847,8289.31977781,2584.83992353,2584.84766678,0.05717461,2356.64906602,0.01998555,0.01998555,24110,74,0
8289.66361954,8289.66360295,2595.46894768,2595.46946072,0.04415161,2356.75558976,0.01998555,0.01998555,24109,74,0
8290.00746261,8290.00745661,2606.11412349,2606.11430945,0.05056483,2356.86043765,0.01998555,0.01998555,24108,74,0
8290.35184607,8290.35133879,2616.77577345,2616.79151277,0.05498792,2356.96368661,0.01998555,0.01998555,24107,74,0
8290.69601119,8290.69524948,2627.45423266,2627.47790172,0.04919704,2357.06510163,0.01998555,0.01998555,24106,74,0
8291.03937481,8291.03918870,2638.14986421,2638.15565596,0.04826485,2357.16451370,0.01998555,0.01998555,24105,74,0
8291.38350595,8291.38315646,2648.86303839,2648.87393213,0.05513934,2357.26237209,0.01998555,0.01998555,24104,74,0
8291.72676110,8291.72715274,2659.59403494,2659.58180806,0.04788276,2357.35820400,0.01998555,0.01998555,24103,74,0
8292.07180256,8292.07117756,2670.34267981,2670.36222220,0.04852662,2357.45273509,0.01998555,0.01998555,24102,74,0
8292.41487155,8292.41523092,2681.10865869,2681.09740509,0.04890876,2357.54492553,0.01998555,0.01998555,24101,74,0
8292.75937612,8292.75931282,2691.89170163,2691.89368687,0.04180263,2357.63568439,0.01998555,0.01998555,24100,74,0
8293.10306592,8293.10342327,2702.69197026,2702.68074582,0.04618117,2357.72440666,0.01998555,0.01998555,24099,74,0
8293.44752607,8293.44756227,2713.50986054,2713.50872153,0.04899821,2357.81149637,0.01998555,0.01998555,24098,74,0
8293.79208759,8293.79172983,2724.34574381,2724.35701655,0.04707424,2357.89677140,0.01998555,0.01998555,24097,74,0
8294.13573859,8294.13592594,2735.19943884,2735.19352672,0.04635298,2357.97997733,0.01998555,0.01998555,24096,74,0
8294.48079668,8294.48015061,2746.07027610,2746.09069433,0.05314723,2358.06165728,0.01998555,0.01998555,24095,74,0
8294.82456657,8294.82440385,2756.95757890,2756.96272890,0.05276151,2358.14115876,0.01998555,0.01998555,24094,74,0
8295.16913470,8295.16868565,2767.86134266,2767.87557499,0.04891509,2358.21895995,0.01998555,0.01998555,24093,74,0
8295.51324983,8295.51299603,2778.78248317,2778.79053985,0.05323750,2358.29477351,0.01998555,0.01998555,24092,74,0
8295.85704852,8295.85733498,2789.72198800,2789.71287988,0.05241804,2358.36863362,0.01998555,0.01998555,24091,74,0
8296.20158905,8296.20170251,2800.68047723,2800.67686379,0.04162144,2358.44075881,0.01998555,0.01998555,24090,74,0
8296.54635314,8296.54609863,2811.65780792,2811.66592691,0.05450525,2358.51102198,0.01998555,0.01998555,24089,74,0
8296.89103311,8296.89052332,2822.65374191,2822.67003006,0.05183700,2358.57934816,0.01998555,0.01998555,24088,74,0
8297.23509980,8297.23497661,2833.66808409,2833.67202615,0.05537861,2358.64562759,0.01998555,0.01998555,24087,74,0
8297.57934451,8297.57945850,2844.70077386,2844.69712046,0.05393859,2358.71000662,0.01998555,0.01998555,24086,74,0
8297.92394833,8297.92396897,2855.75177531,2855.75111254,0.05384478,2358.77250500,0.01998555,0.01998555,24085,74,0
8298.26862386,8298.26850805,2866.82100797,2866.82473148,0.05430643,2358.83305714,0.01998555,0.01998555,24084,74,0
8298.61335788,8298.61307573,2877.90820218,2877.91728773,0.05330011,2358.89164883,0.01998555,0.01998555,24083,74,0
8298.95796319,8298.95767202,2889.01303511,2889.02242501,0.04913785,2358.94823805,0.01998555,0.01998555,24082,74,0
8299.30239861,8299.30229692,2900.13532909,2900.13861335,0.04596385,2359.00281074,0.01998555,0.01998555,24081,74,0
8299.64732974,8299.64695044,2911.27577159,2911.28804185,0.04571074,2359.05546377,0.01998555,0.01998555,24080,74,0
8299.99196730,8299.99163257,2922.43537070,2922.44621719,0.04642806,2359.10607005,0.01998555,0.01998555,24079,74,0
8300.33587418,8300.33634333,2933.61500221,2933.59977389,0.05688506,2359.15456817,0.01998555,0.01998555,24078,74,0
8300.68127409,8300.68108271,2944.81445524,2944.82067775,0.05423050,2359.20125377,0.01998555,0.01998555,24077,74,0
8301.02563864,8301.02585072,2956.03300933,2956.02610291,0.04798487,2359.24576802,0.01998555,0.01998555,24076,74,0
8301.37053818,8301.37064736,2967.27003370,2967.26647271,0.04961186,2359.28830610,0.01998555,0.01998555,24075,74,0
8301.71565757,8301.71547263,2978.52586095,2978.53190254,0.04229707,2359.32881402,0.01998555,0.01998555,24074,74,0
8302.06043035,8302.06032655,2989.80137229,2989.80476910,0.04854551,2359.36721961,0.01998555,0.01998555,24073,74,0
8302.40505005,8302.40520911,3001.09740554,3001.09219129,0.04948796,2359.40354127,0.01998555,0.01998555,24072,74,0
8302.75056042,8302.75012032,3012.41412058,3012.42857315,0.04595263,2359.43787207,0.01998555,0.01998555,24071,74,0
8303.09498015,8303.09506017,3023.75123209,3023.74859966,0.05513886,2359.47000534,0.01998555,0.01998555,24070,74,0
8303.43969691,8303.44002868,3035.10847562,3035.09754366,0.04443594,2359.50006642,0.01998555,0.01998555,24069,74,0
8303.78507452,8303.78502585,3046.48601298,3046.48761956,0.04494813,2359.52806811,0.01998555,0.01998555,24068,74,0
8304.13020293,8304.13005168,3057.88431660,3057.88931787,0.05093873,2359.55392319,0.01998555,0.01998555,24067,74,0
8304.47504621,8304.47510617,3069.30380663,3069.30182071,0.04466391,2359.57762381,0.01998555,0.01998555,24066,74,0
8304.82010008,8304.82018933,3080.74396570,3080.74100462,0.04797321,2359.59919263,0.01998555,0.01998555,24065,74,0
8305.16527039,8305.16530116,3092.20355187,3092.20252941,0.04589662,2359.61860782,0.01998555,0.01998555,24064,74,0
8305.51038964,8305.51044167,3103.68140180,3103.67967030,0.05123720,2359.63584752,0.01998555,0.01998555,24063,74,0
8305.85541294,8305.85561086,3115.17800396,3115.17140668,0.04419364,2359.65090195,0.01998555,0.01998555,24062,74,0
8306.20036662,8306.20080872,3126.69514206,3126.68037840,0.05530673,2359.66376583,0.01998555,0.01998555,24061,74,0
8306.54565890,8306.54603528,3138.23454806,3138.22195558,0.04604769,2359.67444241,0.01998555,0.01998555,24060,74,0
8306.89112284,8306.89129052,3149.79645705,3149.79083655,0.05024554,2359.68290991,0.01998555,0.01998555,24059,74,0
8307.23671671,8307.23657446,3161.37996328,3161.38473959,0.04616710,2359.68915197,0.01998555,0.01998555,24058,74,0
8307.58223440,8307.58188709,3172.98419457,3172.99587561,0.04528678,2359.69315259,0.01998555,0.01998555,24057,74,0
8307.92710841,8307.92722843,3184.60920878,3184.60516516,0.04886974,2359.69490120,0.01998555,0.01998555,24056,74,0
8308.27343781,8308.27259847,3196.25572541,3196.28405520,0.04529974,2359.69438932,0.01998555,0.01998555,24055,74,0
8308.61839539,8308.61799721,3207.92441675,3207.93788071,0.04799088,2359.69160859,0.01998555,0.01998555,24054,74,0
8308.96319195,8308.96342467,3219.61519351,3219.60731022,0.04818783,2359.68655257,0.01998555,0.01998555,24053,74,0
8309.30911890,8309.30888084,3231.32748227,3231.33556033,0.04328983,2359.67918129,0.01998555,0.01998555,24052,74,0
8309.65468962,8309.65436573,3243.06078819,3243.07179757,0.04513917,2359.66950761,0.01998555,0.01998555,24051,74,0
8310.00009690,8309.99987934,3254.81545767,3254.82286593,0.04835221,2359.65751973,0.01998555,0.01998555,24050,74,0
8310.34555126,8310.34542168,3266.59229467,3266.59671509,0.04948011,2359.64319899,0.01998555,0.01998555,24049,74,0
8310.69094834,8310.69099274,3278.39203034,3278.39051275,0.04247561,2359.62653679,0.01998555,0.01998555,24048,74,0
8311.03676862,8311.03659254,3290.21478961,3290.22081876,0.04446595,2359.60749363,0.01998555,0.01998555,24047,74,0
8311.38265963,8311.38222108,3302.06043110,3302.07547559,0.04930777,2359.58607163,0.01998555,0.01998555,24046,74,0
8311.72800072,8311.72787835,3313.92881797,3313.93302360,0.04850607,2359.56230206,0.01998555,0.01998555,24045,74,0
8312.07390109,8312.07356437,3325.81985229,3325.83144555,0.04750335,2359.53609636,0.01998555,0.01998555,24044,74,0
8312.41983269,8312.41927913,3337.73344840,3337.75254164,0.05398741,2359.50747631,0.01998555,0.01998555,24043,74,0
8312.76526216,8312.76502265,3349.66968779,3349.67796431,0.04732503,2359.47647850,0.01998555,0.01998555,24042,74,0
8313.11076575,8313.11079491,3361.62930962,3361.62830004,0.05181251,2359.44304129,0.01998555,0.01998555,24041,74,0
8313.45575997,8313.45659594,3373.61322096,3373.58422113,0.04342249,2359.40721026,0.01998555,0.01998555,24040,74,0
8313.80257869,8313.80242573,3385.62194161,3385.62725824,0.05128534,2359.36871395,0.01998555,0.01998555,24039,74,0
8314.14802003,8314.14828428,3397.65491923,3397.64571698,0.04317085,2359.32789127,0.01998555,0.01998555,24038,74,0
8314.49392295,8314.49417160,3409.71141756,3409.70274247,0.04809789,2359.28452415,0.01998555,0.01998555,24037,74,0
8314.83970940,8314.84008770,3421.79106863,3421.77784606,0.04793349,2359.23866989,0.01998555,0.01998555,24036,74,0
8315.18640595,8315.18603256,3433.89419224,3433.90726776,0.04899852,2359.19016969,0.01998555,0.01998555,24035,74,0
8315.53173648,8315.53200621,3446.02118718,3446.01172358,0.04690948,2359.13933236,0.01998555,0.01998555,24034,74,0
8315.87796866,8315.87800864,3458.17250120,3458.17109577,0.04810287,2359.08581399,0.01998555,0.01998555,24033,74,0
8316.22441472,8316.22403986,3470.34864114,3470.36184471,0.04252988,2359.02969273,0.01998555,0.01998555,24032,74,0
8316.56942405,8316.57009987,3482.55008664,3482.52623462,0.04734155,2358.97123353,0.01998555,0.01998555,24031,74,0
8316.91568286,8316.91618867,3494.77677627,3494.75888939,0.04722843,2358.90996957,0.01998555,0.01998555,24030,74,0
8317.26239526,8317.26230627,3507.02822408,3507.03137723,0.04952934,2358.84601107,0.01998555,0.01998555,24029,74,0
8317.60874686,8317.60845267,3519.30392562,3519.31436849,0.04424750,2358.77949619,0.01998555,0.01998555,24028,74,0
8317.95492606,8317.95462787,3531.60336098,3531.61396517,0.05025091,2358.71038431,0.01998555,0.01998555,24027,74,0
8318.30114711,8318.30083188,3543.92599930,3543.93722944,0.04634775,2358.63862414,0.01998555,0.01998555,24026,74,0
8318.64696699,8318.64706471,3556.27184248,3556.26835472,0.04744291,2358.56429879,0.01998555,0.01998555,24025,74,0
8318.99371107,8318.99332634,3568.64312404,3568.65688432,0.04691780,2358.48709034,0.01998555,0.01998555,24024,74,0
8319.33985566,8319.33961680,3581.04267293,3581.05123577,0.04802890,2358.40730155,0.01998555,0.01998555,24023,74,0
8319.68543206,8319.68593608,3593.47164277,3593.45353455,0.04205848,2358.32491525,0.01998555,0.01998555,24022,74,0
8320.03225073,8320.03228419,3605.92747503,3605.92627069,0.04599375,2358.23949290,0.01998555,0.01998555,24021,74,0
8320.37906641,8320.37866112,3618.40719024,3618.42180528,0.04603669,2358.15133270,0.01998555,0.01998555,24020,74,0
8320.72573443,8320.72506689,3630.91086409,3630.93498367,0.04848465,2358.06045926,0.01998555,0.01998555,24019,74,0
8321.07123296,8321.07150150,3643.44215137,3643.43242643,0.04563756,2357.96711518,0.01998555,0.01998555,24018,74,0
8321.41824110,8321.41796494,3656.00453992,3656.01456517,0.04479262,2357.87052969,0.01998555,0.01998555,24017,74,0
8321.76459813,8321.76445723,3668.59724831,3668.60237429,0.04541222,2357.77128209,0.01998555,0.01998555,24016,74,0
8322.11042760,8322.11097837,3681.21691276,3681.19683592,0.04733713,2357.66936162,0.01998555,0.01998555,24015,74,0
8322.45688459,8322.45752836,3693.86101258,3693.83750198,0.04852212,2357.56443250,0.01998555,0.01998555,24014,74,0
8322.80412053,8322.80410720,3706.53109853,3706.53158629,0.04421008,2357.45640449,0.01998555,0.01998555,24013,74,0
8323.14977851,8323.15071491,3719.22987206,3719.19552574,0.04517024,2357.34598227,0.01998555,0.01998555,24012,74,0
8323.49666153,8323.49735147,3731.95861547,3731.93325262,0.03832596,2357.23224675,0.01998555,0.01998555,24011,74,0
8323.84385223,8323.84401690,3744.71578700,3744.70972090,0.04078121,2357.11547629,0.01998555,0.01998555,24010,74,0
8324.19070462,8324.19071120,3757.49957453,3757.49933162,0.04465793,2356.99588934,0.01998555,0.01998555,24009,74,0
8324.53744528,8324.53743437,3770.30960267,3770.31000585,0.04070911,2356.87340190,0.01998555,0.01998555,24008,74,0
8324.88347158,8324.88418642,3783.14678030,3783.12028837,0.04321280,2356.74821348,0.01998555,0.01998555,24007,74,0
8325.23048112,8325.23096735,3796.01200224,3795.99394443,0.04490545,2356.61968188,0.01998555,0.01998555,24006,74,0
8325.57722566,8325.57777717,3808.90575243,3808.88522628,0.04524260,2356.48823903,0.01998555,0.01998555,24005,74,0
8325.92433591,8325.92461587,3821.82836248,3821.81792052,0.04742357,2356.35362452,0.01998555,0.01998555,24004,74,0
8326.27183808,8326.27148346,3834.78005102,3834.79330646,0.04502485,2356.21579915,0.01998555,0.01998555,24003,74,0
8326.61839421,8326.61837995,3847.76077578,3847.76131000,0.04807049,2356.07528446,0.01998555,0.01998555,24002,74,0
8326.96595432,8326.96530533,3860.77051292,3860.79487681,0.04478992,2355.93127239,0.01998555,0.01998555,24001,74,0
8327.31325322,8327.31225962,3873.81028437,3873.84767097,0.04491312,2355.78424868,0.01998555,0.01998555,24000,74,0
8327.65943487,8327.65924281,3886.88205881,3886.88930341,0.04737048,2355.63455402,0.01998555,0.01998555,23999,74,0
8328.00638358,8328.00625491,3899.98727526,3899.99214042,0.04390816,2355.48134269,0.01998555,0.01998555,23998,74,0
8328.35350521,8328.35329592,3913.12428501,3913.13221603,0.04342312,2355.32486418,0.01998555,0.01998555,23997,74,0
8328.70039688,8328.70036585,3926.29042172,3926.29160008,0.04461627,2355.16531475,0.01998555,0.01998555,23996,74,0
8329.04723195,8329.04746470,3939.48527360,3939.47641557,0.04039518,2355.00260673,0.01998555,0.01998555,23995,74,0
8329.39478721,8329.39459248,3952.71243628,3952.71986594,0.04365723,2354.83630414,0.01998555,0.01998555,23994,74,0
8329.74181373,8329.74174918,3965.97545344,3965.97792287,0.04149667,2354.66693709,0.01998555,0.01998555,23993,74,0
8330.08877403,8330.08893481,3979.27238849,3979.26622393,0.04612517,2354.49429229,0.01998555,0.01998555,23992,74,0
8330.43657922,8330.43614937,3992.59787410,3992.61438562,0.04580105,2354.31795661,0.01998555,0.01998555,23991,74,0
8330.78358438,8330.78339288,4005.94904856,4005.95641925,0.04519163,2354.13878531,0.01998555,0.01998555,23990,74,0
8331.13065425,8331.13066532,4019.33091491,4019.33048780,0.04616230,2353.95625856,0.01998555,0.01998555,23989,74,0
8331.47848575,8331.47796672,4032.74975325,4032.76983590,0.04486620,2353.76989180,0.01998555,0.01998555,23988,74,0
8331.82545613,8331.82529705,4046.20633297,4046.21250365,0.04089731,2353.58052281,0.01998555,0.01998555,23987,74,0
8332.17305371,8332.17265635,4059.69617633,4059.71162451,0.04477447,2353.38738454,0.01998555,0.01998555,23986,74,0
8332.52033990,8332.52004460,4073.21558701,4073.22709171,0.04431998,2353.19102795,0.01998555,0.01998555,23985,74,0
8332.86790335,8332.86746180,4086.76543390,4086.78267431,0.04309887,2352.99109020,0.01998555,0.01998555,23984,74,0
nan,nan,0.00000000,-1.00000000,0.00000000,2356.00129254,nan,0.00000000,-2147483648,73,1
8303.78556752,8303.78502585,12.43409509,12.44637885,0.05896570,2356.40297357,0.01998555,0.01998555,24068,73,0
8304.12949068,8304.13005168,20.26147212,20.24874029,0.03434823,2356.82283938,0.01998555,0.01998555,24067,73,0
8304.47552035,8304.47510617,28.09564277,28.10505019,0.04935565,2357.24455587,0.01998555,0.01998555,24066,73,0
8304.81959157,8304.82018933,35.93672603,35.92313816,0.04868984,2357.66317247,0.01998555,0.01998555,24065,73,0
8305.16461831,8305.16530116,43.78473716,43.76920276,0.04710197,2358.08223601,0.01998555,0.01998555,24064,73,0
8305.51026306,8305.51044167,51.63940798,51.63534169,0.04208947,2358.50131496,0.01998555,0.01998555,24063,73,0
8305.85549174,8305.85561086,59.50042124,59.49770749,0.04926527,2358.91913569,0.01998555,0.01998555,24062,73,0
8306.20170759,8306.20080872,67.36745807,67.38794988,0.04747795,2359.33737548,0.01998555,0.01998555,24061,73,0
8306.54617469,8306.54603528,75.24024707,75.24342734,0.03629389,2359.75271543,0.01998555,0.01998555,24060,73,0
8306.89108498,8306.89129052,83.11893950,83.11424733,0.04638580,2360.16780897,0.01998555,0.01998555,24059,73,0
8307.23605876,8307.23657446,91.00390449,90.99212346,0.05517050,2360.58221477,0.01998555,0.01998555,24058,73,0
8307.58146236,8307.58188709,98.89551479,98.88580421,0.05702782,2360.99638860,0.01998555,0.01998555,24057,73,0
8307.92680402,8307.92722843,106.79414048,106.78442951,0.05138264,2361.40975662,0.01998555,0.01998555,24056,73,0
8308.27273837,8308.27259847,114.69996533,114.70316918,0.04092548,2361.82310786,0.01998555,0.01998555,24055,73,0
8308.61790238,8308.61799721,122.61292274,122.61074927,0.04288406,2362.23480821,0.01998555,0.01998555,24054,73,0
8308.96314893,8308.96342467,130.53292825,130.52660362,0.04250939,2362.64587026,0.01998555,0.01998555,24053,73,0
8309.30970459,8309.30888084,138.45989698,138.47880649,0.05375387,2363.05774299,0.01998555,0.01998555,24052,73,0
8309.65421485,8309.65436573,146.39373386,146.39026768,0.03315516,2363.46643471,0.01998555,0.01998555,24051,73,0
8309.99939801,8309.99987934,154.33430926,154.32324323,0.05371683,2363.87516555,0.01998555,0.01998555,24050,73,0
8310.34553085,8310.34542168,162.28148540,162.28399719,0.03847183,2364.28424843,0.01998555,0.01998555,24049,73,0
8310.69037400,8310.69099274,170.23512374,170.22087765,0.05293955,2364.69102846,0.01998555,0.01998555,24048,73,0
8311.03630712,8311.03659254,178.19511471,178.18853851,0.05087355,2365.09830555,0.01998555,0.01998555,24047,73,0
8311.38272905,8311.38222108,186.16164119,186.17335416,0.04530486,2365.50537363,0.01998555,0.01998555,24046,73,0
8311.72823496,8311.72787835,194.13505398,194.14328340,0.04866639,2365.91059896,0.01998555,0.01998555,24045,73,0
8312.07332031,8312.07356437,202.11570760,202.11007079,0.05451552,2366.31458252,0.01998555,0.01998555,24044,73,0
8312.41897996,8312.41927913,210.10395081,210.09703488,0.05344039,2366.71850349,0.01998555,0.01998555,24043,73,0
8312.76454885,8312.76502265,218.09983582,218.08887398,0.05001261,2367.12158308,0.01998555,0.01998555,24042,73,0
8313.11015113,8313.11079491,226.10302612,226.08811916,0.05347218,2367.52394664,0.01998555,0.01998555,24041,73,0
8313.45602820,8313.45659594,234.11315734,234.10000122,0.05559912,2367.92585334,0.01998555,0.01998555,24040,73,0
8313.80294810,8313.80242573,242.12986327,242.14197670,0.04703544,2368.32817032,0.01998555,0.01998555,24039,73,0
8314.14831393,8314.14828428,250.15292075,250.15360867,0.04693525,2368.72787432,0.01998555,0.01998555,24038,73,0
8314.49365354,8314.49417160,258.18253551,258.17050441,0.04790294,2369.12674712,0.01998555,0.01998555,24037,73,0
8314.83973461,8314.84008770,266.21899372,266.21078749,0.04870928,2369.52568475,0.01998555,0.01998555,24036,73,0
8315.18607181,8315.18603256,274.26258303,274.26349583,0.04584004,2369.92413613,0.01998555,0.01998555,24035,73,0
8315.53171411,8315.53200621,282.31356420,282.30676406,0.04776776,2370.32101893,0.01998555,0.01998555,24034,73,0
8315.87782360,8315.87800864,290.37200174,290.36769032,0.05187252,2370.71766876,0.01998555,0.01998555,24033,73,0
8316.22446529,8316.22403986,298.43787640,298.44779715,0.04849626,2371.11415312,0.01998555,0.01998555,24032,73,0
8316.56976999,8316.57009987,306.51116854,306.50346954,0.04553271,2371.50833314,0.01998555,0.01998555,24031,73,0
8316.91547706,8316.91618867,314.59185994,314.57523796,0.04470142,2371.90219393,0.01998555,0.01998555,24030,73,0
8317.26175013,8317.26230627,322.67996130,322.66695992,0.03955044,2372.29591648,0.01998555,0.01998555,24029,73,0
8317.60878295,8317.60845267,330.77550856,330.78323630,0.04407195,2372.68971566,0.01998555,0.01998555,24028,73,0
8317.95483581,8317.95462787,338.87853870,338.88340803,0.04990164,2373.08161712,0.01998555,0.01998555,24027,73,0
8318.30106912,8318.30083188,346.98908798,346.99464811,0.04941040,2373.47293676,0.01998555,0.01998555,24026,73,0
8318.64759442,8318.64706471,355.10712679,355.11955193,0.04755355,2373.86379487,0.01998555,0.01998555,24025,73,0
8318.99378685,8318.99332634,363.23251431,363.24332487,0.04731675,2374.25347731,0.01998555,0.01998555,24024,73,0
8319.33942546,8319.33961680,371.36509828,371.36060284,0.04091224,2374.64172853,0.01998555,0.01998555,24023,73,0
8319.68661820,8319.68593608,379.50472564,379.52076374,0.04950748,2375.03090292,0.01998555,0.01998555,24022,73,0
8320.03231002,8320.03228419,387.65131183,387.65191962,0.04221478,2375.41756930,0.01998555,0.01998555,24021,73,0
8320.37800334,8320.37866112,395.80499725,395.78950693,0.04399685,2375.80341766,0.01998555,0.01998555,24020,73,0
8320.72519714,8320.72506689,403.96596879,403.96903848,0.04231049,2376.19012199,0.01998555,0.01998555,24019,73,0
8321.07255233,8321.07150150,412.13441432,412.15920195,0.04494423,2376.57619118,0.01998555,0.01998555,24018,73,0
8321.41884631,8321.41796494,420.31050007,420.33130811,0.04774290,2376.96027459,0.01998555,0.01998555,24017,73,0
8321.76457234,8321.76445723,428.49425134,428.49697117,0.04327166,2377.34292335,0.01998555,0.01998555,24016,73,0
8322.11038102,8322.11097837,436.68563870,436.67151210,0.04573244,2377.72485509,0.01998555,0.01998555,24015,73,0
8322.45798538,8322.45752836,444.88463240,444.89544953,0.04819086,2378.10795093,0.01998555,0.01998555,24014,73,0
8322.80381337,8322.80410720,453.09120429,453.08424375,0.04810099,2378.48826998,0.01998555,0.01998555,24013,73,0
8323.15103744,8323.15071491,461.30534783,461.31299466,0.04900934,2378.86929931,0.01998555,0.01998555,24012,73,0
8323.49695077,8323.49735147,469.52707108,469.51756298,0.04377484,2379.24806588,0.01998555,0.01998555,24011,73,0
8323.84406626,8323.84401690,477.75638242,477.75755461,0.04753699,2379.62731921,0.01998555,0.01998555,24010,73,0
8324.19098673,8324.19071120,485.99328650,485.99983543,0.04363873,2380.00552656,0.01998555,0.01998555,24009,73,0
8324.53749682,8324.53743437,494.23768646,494.23917177,0.05287191,2380.38244808,0.01998555,0.01998555,24008,73,0
8324.88427589,8324.88418642,502.48937376,502.49150356,0.04399709,2380.75881104,0.01998555,0.01998555,24007,73,0
8325.23052863,8325.23096735,510.74813304,510.73768058,0.04758576,2381.13374078,0.01998555,0.01998555,24006,73,0
8325.57752028,8325.57777717,519.01375147,519.00762665,0.04225421,2381.50859433,0.01998555,0.01998555,24005,73,0
8325.92473613,8325.92461587,527.28631191,527.28918138,0.04560718,2381.88281323,0.01998555,0.01998555,24004,73,0
8326.27155489,8326.27148346,535.56640598,535.56811179,0.04146635,2382.25575261,0.01998555,0.01998555,24003,73,0
8326.61808592,8326.61837995,543.85467842,543.84765008,0.04608773,2382.62755866,0.01998555,0.01998555,24002,73,0
8326.96540671,8326.96530533,552.15177687,552.15420267,0.05762440,2382.99941155,0.01998555,0.01998555,24001,73,0
8327.31320109,8327.31225962,560.45800155,560.48055189,0.04131807,2383.37097848,0.01998555,0.01998555,24000,73,0
8327.65893662,8327.65924281,568.77273460,568.76539433,0.04741337,2383.73952849,0.01998555,0.01998555,23999,73,0
8328.00637724,8328.00625491,577.09520592,577.09814091,0.04315716,2384.10903784,0.01998555,0.01998555,23998,73,0
8328.35327595,8328.35329592,585.42464101,585.42416157,0.04431298,2384.47707546,0.01998555,0.01998555,23997,73,0
8328.69998579,8328.70036585,593.76052299,593.75139143,0.04290899,2384.84399344,0.01998555,0.01998555,23996,73,0
8329.04804068,8329.04746470,602.10335977,602.11720943,0.05759047,2385.21143054,0.01998555,0.01998555,23995,73,0
8329.39531076,8329.39459248,610.45391407,610.47120113,0.04488431,2385.57716697,0.01998555,0.01998555,23994,73,0
8329.74140073,8329.74174918,618.81295292,618.80455877,0.04455888,2385.94082419,0.01998555,0.01998555,23993,73,0
8330.08896819,8330.08893481,627.18108129,627.18188629,0.05212067,2386.30521663,0.01998555,0.01998555,23992,73,0
8330.43604399,8330.43614937,635.55796752,635.55542392,0.04411918,2386.66825851,0.01998555,0.01998555,23991,73,0
8330.78339333,8330.78339288,643.94294828,643.94295914,0.04708626,2387.03071901,0.01998555,0.01998555,23990,73,0
8331.13064500,8331.13066532,652.33535607,652.33486474,0.04697324,2387.39217836,0.01998555,0.01998555,23989,73,0
8331.47814664,8331.47796672,660.73463391,660.73898697,0.04676411,2387.75297114,0.01998555,0.01998555,23988,73,0
8331.82547827,8331.82529705,669.14111999,669.14550791,0.05329828,2388.11267292,0.01998555,0.01998555,23987,73,0
8332.17277976,8332.17265635,677.55557889,677.55856989,0.04037485,2388.47145918,0.01998555,0.01998555,23986,73,0
8332.52018964,8332.52004460,685.97878207,685.98230075,0.04315042,2388.82950245,0.01998555,0.01998555,23985,73,0
8332.86851784,8332.86746180,694.41142145,694.43706743,0.04868666,2389.18765966,0.01998555,0.01998555,23984,73,0
8333.21449836,8333.21490798,702.85330360,702.84334644,0.04658791,2389.54256596,0.01998555,0.01998555,23983,73,0
8333.56251554,8333.56238312,711.30369874,711.30692066,0.05157271,2389.89868568,0.01998555,0.01998555,23982,73,0
8333.91085863,8333.90988722,719.76186549,719.78551844,0.04113742,2390.25422485,0.01998555,0.01998555,23981,73,0
8334.25836305,8334.25742031,728.22711311,728.25008493,0.05098948,2390.60796503,0.01998555,0.01998555,23980,73,0
8334.60495828,8334.60498237,736.69950667,736.69891916,0.04240200,2390.95984167,0.01998555,0.01998555,23979,73,0
8334.95295830,8334.95257341,745.17966618,745.18906029,0.05074458,2391.31222501,0.01998555,0.01998555,23978,73,0
8335.30073873,8335.30019344,753.66822783,753.68154966,0.04362721,2391.66348886,0.01998555,0.01998555,23977,73,0
8335.64845768,8335.64784246,762.16580342,762.18084873,0.04883284,2392.01381592,0.01998555,0.01998555,23976,73,0
8335.99562813,8335.99552047,770.67252127,770.67515663,0.03766285,2392.36271955,0.01998555,0.01998555,23975,73,0
8336.34334308,8336.34322748,779.18809833,779.19093090,0.05252747,2392.71128309,0.01998555,0.01998555,23974,73,0
8336.69083761,8336.69096348,787.71223685,787.70914996,0.04758706,2393.05872298,0.01998555,0.01998555,23973,73,0
8337.03912330,8337.03872849,796.24464828,796.25433920,0.04822648,2393.40603334,0.01998555,0.01998555,23972,73,0
8337.38586418,8337.38652251,804.78526821,804.76909491,0.04172834,2393.75088197,0.01998555,0.01998555,23971,73,0
8337.73456467,8337.73434553,813.33424414,813.33963273,0.04760714,2394.09675527,0.01998555,0.01998555,23970,73,0
8338.08201501,8338.08219757,821.89173262,821.88723932,0.04398579,2394.44046974,0.01998555,0.01998555,23969,73,0
8338.43030075,8338.43007863,830.45788739,830.46335937,0.04427823,2394.78409299,0.01998555,0.01998555,23968,73,0
8338.77825436,8338.77798871,839.03277743,839.03932785,0.05529455,2395.12647050,0.01998555,0.01998555,23967,73,0
8339.12607996,8339.12592782,847.61638636,847.62014135,0.03949018,2395.46780088,0.01998555,0.01998555,23966,73,0
8339.47427617,8339.47389595,856.20869396,856.21808688,0.05221369,2395.80856825,0.01998555,0.01998555,23965,73,0
8339.82246935,8339.82189312,864.80968749,864.82393609,0.04459665,2396.14840156,0.01998555,0.01998555,23964,73,0
8340.17005183,8340.16991932,873.41953682,873.42281658,0.04635598,2396.48671348,0.01998555,0.01998555,23963,73,0
8340.51885299,8340.51797457,882.03859936,882.06036326,0.05405930,2396.82529269,0.01998555,0.01998555,23962,73,0
8340.86625573,8340.86605885,890.66724308,890.67212612,0.04614855,2397.16161019,0.01998555,0.01998555,23961,73,0
8341.21426186,8341.21417219,899.30581442,899.30804090,0.04749559,2397.49761662,0.01998555,0.01998555,23960,73,0
8341.56242346,8341.56231457,907.95411636,907.95682265,0.04268611,2397.83286498,0.01998555,0.01998555,23959,73,0
8341.91031793,8341.91048601,916.61140527,916.60722425,0.04299656,2398.16691628,0.01998555,0.01998555,23958,73,0
8342.25943152,8342.25868650,925.27690930,925.29545771,0.04363221,2398.50116043,0.01998555,0.01998555,23957,73,0
8342.60635652,8342.60691606,933.94989032,933.93594924,0.05586664,2398.83230763,0.01998555,0.01998555,23956,73,0
8342.95534222,8342.95517468,942.63039712,942.63457474,0.04118348,2399.16441344,0.01998555,0.01998555,23955,73,0
8343.30381196,8343.30346237,951.31922137,951.32794656,0.04805955,2399.49504633,0.01998555,0.01998555,23954,73,0
8343.65142721,8343.65177914,960.01718822,960.00839547,0.05233565,2399.82391875,0.01998555,0.01998555,23953,73,0
8344.00088783,8344.00012498,968.72508370,968.74416371,0.03868213,2400.15360698,0.01998555,0.01998555,23952,73,0
8344.34885915,8344.34849990,977.44293585,977.45193040,0.04624679,2400.48096062,0.01998555,0.01998555,23951,73,0
8344.69686143,8344.69690390,986.17012892,986.16906462,0.05072300,2400.80738873,0.01998555,0.01998555,23950,73,0
8345.04587944,8345.04533699,994.90602315,994.91962937,0.05804239,2401.13378311,0.01998555,0.01998555,23949,73,0
8345.39374282,8345.39379917,1003.65002039,1003.64860563,0.04100474,2401.45808909,0.01998555,0.01998555,23948,73,0
8345.74245453,8345.74229045,1012.40214633,1012.40626890,0.04210589,2401.78217310,0.01998555,0.01998555,23947,73,0
8346.09134056,8346.09081082,1021.16288341,1021.17620569,0.05081125,2402.10541884,0.01998555,0.01998555,23946,73,0
8346.43960777,8346.43936030,1029.93272735,1029.93895699,0.05222283,2402.42710809,0.01998555,0.01998555,23945,73,0
8346.78856614,8346.78793888,1038.71213321,1038.72793966,0.04403230,2402.74846354,0.01998555,0.01998555,23944,73,0
8347.13681446,8347.13654657,1047.50109801,1047.50785526,0.04564502,2403.06819087,0.01998555,0.01998555,23943,73,0
8347.48580329,8347.48518337,1056.29934249,1056.31499421,0.04244860,2403.38760775,0.01998555,0.01998555,23942,73,0
8347.83387243,8347.83384929,1065.10658185,1065.10716657,0.05403513,2403.70518143,0.01998555,0.01998555,23941,73,0
8348.18243903,8348.18254433,1073.92256286,1073.91989947,0.03936968,2404.02219404,0.01998555,0.01998555,23940,73,0
8348.53110748,8348.53126849,1082.74729124,1082.74321480,0.04858615,2404.33827987,0.01998555,0.01998555,23939,73,0
8348.87977100,8348.88002178,1091.58089528,1091.57454022,0.04613664,2404.65334275,0.01998555,0.01998555,23938,73,0
8349.22840891,8349.22880420,1100.42350474,1100.41347824,0.04657849,2404.96736514,0.01998555,0.01998555,23937,73,0
8349.57784932,8349.57761575,1109.27529250,1109.28122266,0.04183271,2405.28109202,0.01998555,0.01998555,23936,73,0
8349.92688736,8349.92645645,1118.13667001,1118.14762182,0.04990343,2405.59345065,0.01998555,0.01998555,23935,73,0
8350.27596223,8350.27532628,1127.00813414,1127.02431463,0.05300496,2405.90484920,0.01998555,0.01998555,23934,73,0
8350.62455176,8350.62422526,1135.89018500,1135.89850149,0.05572837,2406.21483702,0.01998555,0.01998555,23933,73,0
8350.97360000,8350.97315339,1144.78310536,1144.79449414,0.03806768,2406.52425916,0.01998555,0.01998555,23932,73,0
8351.32219182,8351.32211067,1153.68632072,1153.68839208,0.04583494,2406.83228002,0.01998555,0.01998555,23931,73,0
8351.67120603,8351.67109711,1162.59904367,1162.60182662,0.04292409,2407.13964496,0.01998555,0.01998555,23930,73,0
8352.02034971,8352.02011271,1171.52048254,1171.52654319,0.04549759,2407.44606254,0.01998555,0.01998555,23929,73,0
8352.36948309,8352.36915747,1180.45025229,1180.45858636,0.04355767,2407.75139288,0.01998555,0.01998555,23928,73,0
8352.71888874,8352.71823140,1189.38903640,1189.40587720,0.04345356,2408.05590181,0.01998555,0.01998555,23927,73,0
8353.06736379,8353.06733451,1198.33769465,1198.33844571,0.04330109,2408.35856932,0.01998555,0.01998555,23926,73,0
8353.41664723,8353.41646678,1207.29708602,1207.30171927,0.04236529,2408.66093117,0.01998555,0.01998555,23925,73,0
8353.76559965,8353.76562824,1216.26757768,1216.26684281,0.04308035,2408.96200677,0.01998555,0.01998555,23924,73,0
8354.11432630,8354.11481887,1225.24869409,1225.23601842,0.04608025,2409.26186884,0.01998555,0.01998555,23923,73,0
8354.46421486,8354.46403870,1234.23987449,1234.24441247,0.04319964,2409.56168341,0.01998555,0.01998555,23922,73,0
8354.81332875,8354.81328771,1243.24056970,1243.24162796,0.04628055,2409.85976696,0.01998555,0.01998555,23921,73,0
8355.16260030,8355.16256591,1252.25063752,1252.25152495,0.04374409,2410.15690975,0.01998555,0.01998555,23920,73,0
8355.51211916,8355.51187332,1261.27038067,1261.27673195,0.04405051,2410.45319223,0.01998555,0.01998555,23919,73,0
8355.86197640,8355.86120992,1270.30012620,1270.31994889,0.04833941,2410.74869558,0.01998555,0.01998555,23918,73,0
8356.21051776,8356.21057572,1279.34018314,1279.33868237,0.04025236,2411.04203283,0.01998555,0.01998555,23917,73,0
8356.55995580,8356.55997074,1288.39061756,1288.39023035,0.04570279,2411.33506582,0.01998555,0.01998555,23916,73,0
8356.90923199,8356.90939496,1297.45133232,1297.44710415,0.04362245,2411.62689606,0.01998555,0.01998555,23915,73,0
8357.25893141,8357.25884840,1306.52222663,1306.52438228,0.04258499,2411.91800367,0.01998555,0.01998555,23914,73,0
8357.60810397,8357.60833106,1315.60319564,1315.59729182,0.04185058,2412.20759061,0.01998555,0.01998555,23913,73,0
8357.95757792,8357.95784295,1324.69411290,1324.68721601,0.05549040,2412.49633662,0.01998555,0.01998555,23912,73,0
8358.30773290,8358.30738405,1333.79484310,1333.80393027,0.04862189,2412.78454228,0.01998555,0.01998555,23911,73,0
8358.65737597,8358.65695439,1342.90525002,1342.91624245,0.05429703,2413.07121651,0.01998555,0.01998555,23910,73,0
8359.00644379,8359.00655396,1352.02532721,1352.02245154,0.04632219,2413.35630829,0.01998555,0.01998555,23909,73,0
8359.35604780,8359.35618277,1361.15548866,1361.15196228,0.04251371,2413.64073437,0.01998555,0.01998555,23908,73,0
8359.70516334,8359.70584082,1370.29623547,1370.27851502,0.03971614,2413.92367207,0.01998555,0.01998555,23907,73,0
8360.05528217,8360.05552812,1379.44806768,1379.44162709,0.04558827,2414.20633886,0.01998555,0.01998555,23906,73,0
8360.40458509,8360.40524466,1388.61116493,1388.59387363,0.04418660,2414.48726596,0.01998555,0.01998555,23905,73,0
8360.75424991,8360.75499045,1397.78516927,1397.76573406,0.05406896,2414.76738700,0.01998555,0.01998555,23904,73,0
8361.10525641,8361.10476550,1406.96966928,1406.98256646,0.04490464,2415.04746165,0.01998555,0.01998555,23903,73,0
8361.45458007,8361.45456981,1416.16426424,1416.16453407,0.04898377,2415.32506164,0.01998555,0.01998555,23902,73,0
8361.80460898,8361.80440338,1425.36879265,1425.37420487,0.04148185,2415.60208035,0.01998555,0.01998555,23901,73,0
8362.15373691,8362.15426622,1434.58330059,1434.56935303,0.04104009,2415.87724470,0.01998555,0.01998555,23900,73,0
8362.50387985,8362.50415833,1443.80784125,1443.80049576,0.05291871,2416.15206153,0.01998555,0.01998555,23899,73,0
8362.85468340,8362.85407971,1453.04253946,1453.05847971,0.04826668,2416.42624386,0.01998555,0.01998555,23898,73,0
8363.20354942,8363.20403037,1462.28801130,1462.27529778,0.04413881,2416.69778103,0.01998555,0.01998555,23897,73,0
8363.55384046,8363.55401031,1471.54508328,1471.54058792,0.04267496,2416.96931224,0.01998555,0.01998555,23896,73,0
8363.90329288,8363.90401954,1480.81458796,1480.79533095,0.04890094,2417.23909913,0.01998555,0.01998555,23895,73,0
8364.25429921,8364.25405805,1490.09688479,1490.10328376,0.04652688,2417.50899044,0.01998555,0.01998555,23894,73,0
8364.60417268,8364.60412586,1499.39093224,1499.39217617,0.04368584,2417.77688276,0.01998555,0.01998555,23893,73,0
8364.95454378,8364.95422296,1508.69542564,1508.70395604,0.05161665,2418.04398505,0.01998555,0.01998555,23892,73,0
8365.30476407,8365.30434936,1518.00907841,1518.02011463,0.04982580,2418.30976011,0.01998555,0.01998555,23891,73,0
8365.65440937,8365.65450507,1527.33163955,1527.32909046,0.04204549,2418.57387883,0.01998555,0.01998555,23890,73,0
8366.00425133,8366.00469008,1536.66420343,1536.65250441,0.03952482,2418.83695304,0.01998555,0.01998555,23889,73,0
8366.35465967,8366.35490440,1546.00796112,1546.00142780,0.04839536,2419.09928585,0.01998555,0.01998555,23888,73,0
8366.70486459,8366.70514804,1555.36399856,1555.35642195,0.04000306,2419.36032447,0.01998555,0.01998555,23887,73,0
8367.05519312,8367.05542100,1564.73230414,1564.72620581,0.05103163,2419.62030735,0.01998555,0.01998555,23886,73,0
8367.40591187,8367.40572327,1574.11224349,1574.11729616,0.04830498,2419.87940691,0.01998555,0.01998555,23885,73,0
8367.75548482,8367.75605488,1583.50317067,1583.48788199,0.04542520,2420.13646945,0.01998555,0.01998555,23884,73,0
8368.10619856,8368.10641581,1592.90464994,1592.89881715,0.04926105,2420.39315976,0.01998555,0.01998555,23883,73,0
8368.45616751,8368.45680608,1602.31698836,1602.29982556,0.04343877,2420.64809943,0.01998555,0.01998555,23882,73,0
8368.80762487,8368.80722568,1611.74065690,1611.75139838,0.04541851,2420.90291931,0.01998555,0.01998555,23881,73,0
8369.15784161,8369.15767462,1621.17612216,1621.18062101,0.04557708,2421.15564699,0.01998555,0.01998555,23880,73,0
8369.50798393,8369.50815290,1630.62354300,1630.61898541,0.05058574,2421.40712972,0.01998555,0.01998555,23879,73,0
8369.85936971,8369.85866054,1640.08266858,1640.10181782,0.04199483,2421.65829611,0.01998555,0.01998555,23878,73,0
8370.20912434,8370.20919752,1649.55321805,1649.55123983,0.03980592,2421.90708086,0.01998555,0.01998555,23877,73,0
8370.55933664,8370.55976386,1659.03495843,1659.02339702,0.05154867,2422.15496478,0.01998555,0.01998555,23876,73,0
8370.90989385,8370.91035956,1668.52808100,1668.51546384,0.04972827,2422.40186385,0.01998555,0.01998555,23875,73,0
8371.26061408,8371.26098462,1678.03299404,1678.02294338,0.04964751,2422.64765273,0.01998555,0.01998555,23874,73,0
8371.61144126,8371.61163905,1687.55011007,1687.54473867,0.03867434,2422.89229603,0.01998555,0.01998555,23873,73,0
8371.96209697,8371.96232284,1697.07964078,1697.07349928,0.04969108,2423.13559987,0.01998555,0.01998555,23872,73,0
8372.31302839,8372.31303601,1706.62125200,1706.62104453,0.05024708,2423.37785993,0.01998555,0.01998555,23871,73,0
8372.66341291,8372.66377856,1716.17451609,1716.16455124,0.04811722,2423.61849361,0.01998555,0.01998555,23870,73,0
8373.01417240,8373.01455049,1725.73902347,1725.72870871,0.04924095,2423.85811951,0.01998555,0.01998555,23869,73,0
8373.36532263,8373.36535180,1735.31478876,1735.31399217,0.04096127,2424.09673954,0.01998555,0.01998555,23868,73,0
8373.71637539,8373.71618250,1744.90222242,1744.90749679,0.05256363,2424.33402546,0.01998555,0.01998555,23867,73,0
8374.06761406,8374.06704259,1754.50175280,1754.51739753,0.05250049,2424.57017356,0.01998555,0.01998555,23866,73,0
8374.41876724,8374.41793208,1764.11373615,1764.13662789,0.05396018,2424.80500406,0.01998555,0.01998555,23865,73,0
8374.76857697,8374.76885097,1773.73817089,1773.73065157,0.04659662,2425.03767768,0.01998555,0.01998555,23864,73,0
8375.11952092,8375.11979926,1783.37494761,1783.36729996,0.04097574,2425.26983533,0.01998555,0.01998555,23863,73,0
8375.47048271,8375.47077696,1793.02395622,1793.01586208,0.05039792,2425.50072398,0.01998555,0.01998555,23862,73,0
8375.82201369,8375.82178406,1802.68509415,1802.69141802,0.05027317,2425.73069514,0.01998555,0.01998555,23861,73,0
8376.17313587,8376.17282059,1812.35827002,1812.36696291,0.04129109,2425.95910043,0.01998555,0.01998555,23860,73,0
8376.52359837,8376.52388652,1822.04339260,1822.03543855,0.04620232,2426.18577497,0.01998555,0.01998555,23859,73,0
8376.87495693,8376.87498189,1831.74040198,1831.73971234,0.04669740,2426.41171685,0.01998555,0.01998555,23858,73,0
8377.22610229,8377.22610667,1841.44946742,1841.44934630,0.05049705,2426.63620740,0.01998555,0.01998555,23857,73,0
8377.57794454,8377.57726089,1851.17085955,1851.18979721,0.04128708,2426.85982640,0.01998555,0.01998555,23856,73,0
8377.92853267,8377.92844454,1860.90485151,1860.90729579,0.04683919,2427.08133754,0.01998555,0.01998555,23855,73,0
8378.28071672,8378.27965762,1870.65172503,1870.68113574,0.04465385,2427.30254018,0.01998555,0.01998555,23854,73,0
8378.63071370,8378.63090014,1880.41177605,1880.40659202,0.04796676,2427.52106227,0.01998555,0.01998555,23853,73,0
8378.98280307,8378.98217211,1890.18530404,1890.20287082,0.04230991,2427.73957677,0.01998555,0.01998555,23852,73,0
8379.33386980,8379.33347353,1899.97253498,1899.98358225,0.04733615,2427.95614318,0.01998555,0.01998555,23851,73,0
8379.68534412,8379.68480439,1909.77302400,1909.78808906,0.04788240,2428.17163105,0.01998555,0.01998555,23850,73,0
8380.03620616,8380.03616472,1919.58597041,1919.58712852,0.04853772,2428.38539276,0.01998555,0.01998555,23849,73,0
8380.38755949,8380.38755450,1929.41056826,1929.41070788,0.04546970,2428.59807823,0.01998555,0.01998555,23848,73,0
8380.73873654,8380.73897374,1939.24658493,1939.23994222,0.04183737,2428.80927117,0.01998555,0.01998555,23847,73,0
8381.09060329,8381.09042245,1949.09495960,1949.10003047,0.04813750,2429.01950399,0.01998555,0.01998555,23846,73,0
8381.44194996,8381.44190062,1958.95678052,1958.95816558,0.04700961,2429.22807009,0.01998555,0.01998555,23845,73,0
8381.79316377,8381.79340828,1968.83299902,1968.82612452,0.04773772,2429.43521667,0.01998555,0.01998555,23844,73,0
8382.14506356,8382.14494540,1978.72327476,1978.72660099,0.04771637,2429.64140965,0.01998555,0.01998555,23843,73,0
8382.49656673,8382.49651201,1988.62658095,1988.62812309,0.04657708,2429.84598524,0.01998555,0.01998555,23842,73,0
8382.84835041,8382.84810811,1998.54188147,1998.54871809,0.05069312,2430.04931091,0.01998555,0.01998555,23841,73,0
8383.19962591,8383.19973369,2008.46865679,2008.46561244,0.04671381,2430.25091609,0.01998555,0.01998555,23840,73,0
8383.55198126,8383.55138877,2018.40736080,2018.42411605,0.05319789,2430.45171246,0.01998555,0.01998555,23839,73,0
8383.90343210,8383.90307334,2028.35855762,2028.36871533,0.04835485,2430.65057376,0.01998555,0.01998555,23838,73,0
8384.25484659,8384.25478741,2038.32282089,2038.32449858,0.05105246,2430.84800236,0.01998555,0.01998555,23837,73,0
8384.60680863,8384.60653098,2048.30076545,2048.30864694,0.03854931,2431.04432909,0.01998555,0.01998555,23836,73,0
8384.95805921,8384.95830406,2058.29302725,2058.28606736,0.05313205,2431.23885845,0.01998555,0.01998555,23835,73,0
8385.30834958,8385.31010665,2068.30023858,2068.25022210,0.07486755,2431.43146797,0.01998554,0.01998555,23834,73,0
8385.66195662,8385.66193875,2078.32259710,2078.32310640,0.05241857,2431.62449187,0.01998555,0.01998555,23833,73,0
8386.01410475,8386.01380037,2088.35966696,2088.36835529,0.05073103,2431.81529662,0.01998555,0.01998555,23832,73,0
8386.36557008,8386.36569152,2098.41095913,2098.40748815,0.05144885,2432.00429947,0.01998555,0.01998555,23831,73,0
8386.71817649,8386.71761219,2108.47603908,2108.49218848,0.04470077,2432.19246345,0.01998555,0.01998555,23830,73,0
8387.06955031,8387.06956239,2118.55475676,2118.55441071,0.04720837,2432.37851312,0.01998555,0.01998555,23829,73,0
8387.42169210,8387.42154212,2128.64704927,2128.65135243,0.04565537,2432.56350291,0.01998555,0.01998555,23828,73,0
8387.77345867,8387.77355139,2138.75286602,2138.75020236,0.04913149,2432.74682240,0.01998555,0.01998555,23827,73,0
8388.12545161,8388.12559020,2148.87242818,2148.86844174,0.04633482,2432.92878347,0.01998555,0.01998555,23826,73,0
8388.47793954,8388.47765855,2159.00621800,2159.01431149,0.04323205,2433.10952237,0.01998555,0.01998555,23825,73,0
8388.82976977,8388.82975645,2169.15473174,2169.15511586,0.05357552,2433.28845088,0.01998555,0.01998555,23824,73,0
8389.18210717,8389.18188390,2179.31828748,2179.32473610,0.05066214,2433.46616073,0.01998555,0.01998555,23823,73,0
8389.53436949,8389.53404091,2189.49669833,2189.50620175,0.05207982,2433.64234495,0.01998555,0.01998555,23822,73,0
8389.88655222,8389.88622748,2199.68968806,2199.69909294,0.04854211,2433.81699031,0.01998555,0.01998555,23821,73,0
8390.23873141,8390.23844361,2209.89697490,2209.90532079,0.04519293,2433.99012316,0.01998555,0.01998555,23820,73,0
8390.59079842,8390.59068930,2220.11824679,2220.12141501,0.05282954,2434.16167866,0.01998555,0.01998555,23819,73,0
8390.94316242,8390.94296457,2230.35317434,2230.35892619,0.04827549,2434.33184270,0.01998555,0.01998555,23818,73,0
8391.29546440,8391.29526941,2240.60143479,2240.60711055,0.04482156,2434.50042841,0.01998555,0.01998555,23817,73,0
8391.64752530,8391.64760382,2250.86313501,2250.86084650,0.04763124,2434.66734732,0.01998555,0.01998555,23816,73,0
8392.00040314,8391.99996782,2261.13897932,2261.15168285,0.05085935,2434.83310196,0.01998555,0.01998555,23815,73,0
8392.35220477,8392.35236141,2271.42972155,2271.42514415,0.04614712,2434.99680976,0.01998555,0.01998555,23814,73,0
8392.70486238,8392.70478458,2281.73595968,2281.73823649,0.04113316,2435.15937330,0.01998555,0.01998555,23813,73,0
8393.05674661,8393.05723734,2292.05770145,2292.04331992,0.04955177,2435.32003340,0.01998555,0.01998555,23812,73,0
8393.40973474,8393.40971971,2302.39481808,2302.39525930,0.04705168,2435.47963531,0.01998555,0.01998555,23811,73,0
8393.76266843,8393.76223167,2312.74716309,2312.75999859,0.04115948,2435.63763840,0.01998555,0.01998555,23810,73,0
8394.11427486,8394.11477323,2323.11441657,2323.09975116,0.04599693,2435.79346975,0.01998555,0.01998555,23809,73,0
8394.46773678,8394.46734440,2333.49615322,2333.50771436,0.04787623,2435.94852262,0.01998555,0.01998555,23808,73,0
8394.82008898,8394.81994519,2343.89195662,2343.89619876,0.04001294,2436.10147788,0.01998555,0.01998555,23807,73,0
8395.17224238,8395.17257559,2354.30202398,2354.29218059,0.04920215,2436.25273576,0.01998555,0.01998555,23806,73,0
8395.52580797,8395.52523560,2364.72739961,2364.74433233,0.04490255,2436.40298772,0.01998555,0.01998555,23805,73,0
8395.87820581,8395.87792524,2375.16919781,2375.17751091,0.04898161,2436.55114373,0.01998555,0.01998555,23804,73,0
8396.23084215,8396.23064451,2385.62812972,2385.63399472,0.04581274,2436.69780295,0.01998555,0.01998555,23803,73,0
8396.58322600,8396.58339341,2396.10361044,2396.09863552,0.04849827,2436.84274456,0.01998555,0.01998555,23802,73,0
8396.93661711,8396.93617193,2406.59479359,2406.60804152,0.04645196,2436.98646161,0.01998555,0.01998555,23801,73,0
8397.28864604,8397.28898010,2417.10092114,2417.09096675,0.04997047,2437.12797488,0.01998555,0.01998555,23800,73,0
8397.64197025,8397.64181791,2427.62194806,2427.62649365,0.04644411,2437.26834495,0.01998555,0.01998555,23799,73,0
8397.99506585,8397.99468536,2438.15815572,2438.16952434,0.04874321,2437.40695499,0.01998555,0.01998555,23798,73,0
8398.34798668,8398.34758246,2448.70984275,2448.72193751,0.05346325,2437.54382511,0.01998555,0.01998555,23797,73,0
8398.70118686,8398.70050922,2459.27757831,2459.29788416,0.04943485,2437.67913003,0.01998555,0.01998555,23796,73,0
8399.05316561,8399.05346563,2469.86218641,2469.85318231,0.04413012,2437.81230363,0.01998555,0.01998555,23795,73,0
8399.40631621,8399.40645170,2480.46450005,2480.46042724,0.05101917,2437.94425339,0.01998555,0.01998555,23794,73,0
8399.75932941,8399.75946743,2491.08460834,2491.08045300,0.05537176,2438.07447476,0.01998555,0.01998555,23793,73,0
8400.11277961,8400.11251283,2501.72123723,2501.72928049,0.03952543,2438.20315298,0.01998555,0.01998555,23792,73,0
8400.46588610,8400.46558790,2512.37295676,2512.38195840,0.04789307,2438.32997769,0.01998555,0.01998555,23791,73,0
8400.81920011,8400.81869265,2523.03880911,2523.05414723,0.05419571,2438.45512896,0.01998555,0.01998555,23790,73,0
8401.17167365,8401.17182707,2533.71955761,2533.71491403,0.04607485,2438.57824173,0.01998555,0.01998555,23789,73,0
8401.52542682,8401.52499118,2544.41635784,2544.42956262,0.04999623,2438.70005863,0.01998555,0.01998555,23788,73,0
8401.87808088,8401.87818497,2555.13023211,2555.12707208,0.05214862,2438.81976221,0.01998555,0.01998555,23787,73,0
8402.23148970,8402.23140846,2565.86120888,2565.86367906,0.04670958,2438.93797568,0.01998555,0.01998555,23786,73,0
8402.58399215,8402.58466163,2576.60888952,2576.58850587,0.04870532,2439.05413137,0.01998555,0.01998555,23785,73,0
8402.93803360,8402.93794451,2587.37289858,2587.37561516,0.04917012,2439.16901764,0.01998555,0.01998555,23784,73,0
8403.29213824,8403.29125708,2598.15326202,2598.18016780,0.04994460,2439.28213519,0.01998555,0.01998555,23783,73,0
8403.64456300,8403.64459936,2608.95030657,2608.94919468,0.05163731,2439.39293422,0.01998555,0.01998555,23782,73,0
8403.99807751,8403.99797135,2619.76436953,2619.76762082,0.05128404,2439.50228458,0.01998555,0.01998555,23781,73,0
8404.35158319,8404.35137305,2630.59580865,2630.60225434,0.04090914,2439.60983278,0.01998555,0.01998555,23780,73,0
8404.70514441,8404.70480447,2641.44500606,2641.45544937,0.04697856,2439.71559256,0.01998555,0.01998555,23779,73,0
8405.05794034,8405.05826560,2652.31234674,2652.30233849,0.04799246,2439.81931809,0.01998555,0.01998555,23778,73,0
8405.41164736,8405.41175646,2663.19799144,2663.19462918,0.04778216,2439.92149299,0.01998555,0.01998555,23777,73,0
8405.76522531,8405.76527705,2674.10166403,2674.10006702,0.05147968,2440.02179849,0.01998555,0.01998555,23776,73,0
8406.11914509,8406.11882737,2685.02303589,2685.03285798,0.04966829,2440.12035397,0.01998555,0.01998555,23775,73,0
8406.47254980,8406.47240742,2695.96193905,2695.96634722,0.05291765,2440.21691126,0.01998555,0.01998555,23774,73,0
8406.82656918,8406.82601721,2706.91869520,2706.93581168,0.05089707,2440.31177162,0.01998555,0.01998555,23773,73,0
8407.17975515,8407.17965674,2717.89372066,2717.89677701,0.04926060,2440.40454268,0.01998555,0.01998555,23772,73,0
8407.53294926,8407.53332602,2728.88726999,2728.87554930,0.05207011,2440.49544435,0.01998555,0.01998555,23771,73,0
8407.88696872,8407.88702505,2739.89884533,2739.89709026,0.04989544,2440.58466634,0.01998555,0.01998555,23770,73,0
8408.24093547,8408.24075384,2750.92772903,2750.93339611,0.04934807,2440.67196583,0.01998555,0.01998555,23769,73,0
8408.59415785,8408.59451238,2761.97336454,2761.96228685,0.05126841,2440.75716512,0.01998555,0.01998555,23768,73,0
8408.94843219,8408.94830068,2773.03631240,2773.04042780,0.04476539,2440.84069011,0.01998555,0.01998555,23767,73,0
8409.30192890,8409.30211875,2784.11759786,2784.11164715,0.04856158,2440.92210530,0.01998555,0.01998555,23766,73,0
8409.65571662,8409.65596658,2795.21817562,2795.21032765,0.04732815,2441.00165758,0.01998555,0.01998555,23765,73,0
8410.01044250,8410.00984419,2806.33823169,2806.35704819,0.04565416,2441.07947313,0.01998555,0.01998555,23764,73,0
8410.36359036,8410.36375157,2817.47752354,2817.47244515,0.04824818,2441.15499300,0.01998555,0.01998555,23763,73,0
8410.71726685,8410.71768874,2828.63581062,2828.62249941,0.04873622,2441.22866431,0.01998555,0.01998555,23762,73,0
8411.07131066,8411.07165568,2839.81297011,2839.80206665,0.05004564,2441.30043482,0.01998555,0.01998555,23761,73,0
8411.42586933,8411.42565242,2851.00896299,2851.01582885,0.04982265,2441.37031642,0.01998555,0.01998555,23760,73,0
8411.78028682,8411.77967894,2862.22374310,2862.24301455,0.04757234,2441.43816598,0.01998555,0.01998555,23759,73,0
8412.13353176,8412.13373527,2873.45711263,2873.45065076,0.04452673,2441.50378570,0.01998555,0.01998555,23758,73,0
8412.48785218,8412.48782139,2884.70874082,2884.70971997,0.04997058,2441.56758193,0.01998555,0.01998555,23757,73,0
8412.84191754,8412.84193731,2895.97831707,2895.97768741,0.04865234,2441.62929629,0.01998555,0.01998555,23756,73,0
8413.19629400,8413.19608304,2907.26618677,2907.27291613,0.04757850,2441.68901882,0.01998555,0.01998555,23755,73,0
8413.55044808,8413.55025858,2918.57336757,2918.57942266,0.04803147,2441.74665380,0.01998555,0.01998555,23754,73,0
8413.90503510,8413.90446393,2929.90088945,2929.91917149,0.05424043,2441.80230020,0.01998555,0.01998555,23753,73,0
8414.25892546,8414.25869910,2941.24897777,2941.25623538,0.04703583,2441.85577274,0.01998555,0.01998555,23752,73,0
8414.61330965,8414.61296409,2952.61693132,2952.62802908,0.04485360,2441.90723842,0.01998555,0.01998555,23751,73,0
8414.96723268,8414.96725891,2964.00401208,2964.00316847,0.05433299,2441.95654404,0.01998555,0.01998555,23750,73,0
8415.32175716,8415.32158355,2975.41019872,2975.41579186,0.04856698,2442.00382553,0.01998555,0.01998555,23749,73,0
8415.67581614,8415.67593803,2986.83635920,2986.83242564,0.05150475,2442.04893201,0.01998555,0.01998555,23748,73,0
8416.03005970,8416.03032234,2998.28341060,2998.27491922,0.04434956,2442.09194089,0.01998555,0.01998555,23747,73,0
8416.38528049,8416.38473650,3009.75175399,3009.76937244,0.04893890,2442.13292749,0.01998555,0.01998555,23746,73,0
8416.73917172,8416.73918050,3021.24112748,3021.24084264,0.04891207,2442.17161588,0.01998555,0.01998555,23745,73,0
8417.09396713,8417.09365434,3032.75123269,3032.76139789,0.05532096,2442.20824123,0.01998555,0.01998555,23744,73,0
8417.44862791,8417.44815804,3044.28211000,3044.29740650,0.04721675,2442.24267755,0.01998555,0.01998555,23743,73,0
8417.80243957,8417.80269160,3055.83423055,3055.82601112,0.04974387,2442.27485395,0.01998555,0.01998555,23742,73,0
8418.15671560,8418.15725501,3067.40807336,3067.39044982,0.04318007,2442.30488249,0.01998555,0.01998555,23741,73,0
8418.51162588,8418.51184828,3079.00333190,3078.99605324,0.05132111,2442.33275419,0.01998555,0.01998555,23740,73,0
8418.86759573,8418.86647143,3090.61875048,3090.65560535,0.04948749,2442.35847151,0.01998555,0.01998555,23739,73,0
8419.22140787,8419.22112444,3102.25305870,3102.26236366,0.04604057,2442.38179834,0.01998555,0.01998555,23738,73,0
8419.57625889,8419.57580732,3113.90645110,3113.92130008,0.05036432,2442.40294548,0.01998555,0.01998555,23737,73,0
8419.93097269,8419.93052009,3125.58073799,3125.59564735,0.05595930,2442.42182598,0.01998555,0.01998555,23736,73,0
8420.28565919,8420.28526274,3137.27776358,3137.29084860,0.04532938,2442.43843758,0.01998555,0.01998555,23735,73,0
8420.64039398,8420.64003527,3148.99796650,3149.00982768,0.05042559,2442.45277088,0.01998555,0.01998555,23734,73,0
8420.99487429,8420.99483769,3160.74042844,3160.74164096,0.05209804,2442.46480129,0.01998555,0.01998555,23733,73,0
8421.34967643,8421.34967000,3172.50422497,3172.50443836,0.05317621,2442.47453401,0.01998555,0.01998555,23732,73,0
8421.70449941,8421.70453222,3184.28935265,3184.28826228,0.04252472,2442.48194497,0.01998555,0.01998555,23731,73,0
8422.05972412,8422.05942433,3196.09655434,3196.10653741,0.04997303,2442.48702567,0.01998555,0.01998555,23730,73,0
8422.41452203,8422.41434634,3207.92653322,3207.93239451,0.05061155,2442.48975162,0.01998555,0.01998555,23729,73,0
8422.76932658,8422.76929827,3219.77920513,3219.78015144,0.04681106,2442.49011687,0.01998555,0.01998555,23728,73,0
8423.12441196,8423.12428011,3231.65397304,3231.65838770,0.05039571,2442.48810558,0.01998555,0.01998555,23727,73,0
8423.47973163,8423.47929186,3243.55033384,3243.56508344,0.04295408,2442.48369995,0.01998555,0.01998555,23726,73,0
8423.83455356,8423.83433353,3255.46867950,3255.47607221,0.04310202,2442.47689864,0.01998555,0.01998555,23725,73,0
8424.18945443,8424.18940513,3267.40984956,3267.41150932,0.04431108,2442.46768104,0.01998555,0.01998555,23724,73,0
8424.54451146,8424.54450665,3279.37458079,3279.37474316,0.04020325,2442.45602834,0.01998555,0.01998555,23723,73,0
8424.89918369,8424.89963810,3291.36295853,3291.34760442,0.04410206,2442.44194645,0.01998555,0.01998555,23722,73,0
8425.25410588,8425.25479949,3303.37483429,3303.35135411,0.04697736,2442.42539763,0.01998555,0.01998555,23721,73,0
8425.60975918,8425.60999082,3315.41006850,3315.40221254,0.04076044,2442.40633533,0.01998555,0.01998555,23720,73,0
8425.96624134,8425.96521209,3327.46856268,3327.50353440,0.04886590,2442.38472397,0.01998555,0.01998555,23719,73,0
8426.32080090,8426.32046330,3339.55022802,3339.56171997,0.04710491,2442.36072800,0.01998555,0.01998555,23718,73,0
8426.67545465,8426.67574447,3351.65523774,3351.64535391,0.04744065,2442.33421587,0.01998555,0.01998555,23717,73,0
8427.03086277,8427.03105559,3363.78442789,3363.77783911,0.04942038,2442.30511298,0.01998555,0.01998555,23716,73,0
8427.38672358,8427.38639666,3375.93873655,3375.94992999,0.04854527,2442.27341380,0.01998555,0.01998555,23715,73,0
8427.74164972,8427.74176770,3388.11848749,3388.11443982,0.04821095,2442.23923085,0.01998555,0.01998555,23714,73,0
8428.09721808,8428.09716871,3400.32300595,3400.32470307,0.04681692,2442.20240194,0.01998555,0.01998555,23713,73,0
8428.45301280,8428.45259968,3412.55154343,3412.56576998,0.05183266,2442.16294794,0.01998555,0.01998555,23712,73,0
8428.80774910,8428.80806062,3424.80391454,3424.79316649,0.04889787,2442.12100636,0.01998555,0.01998555,23711,73,0
8429.16330139,8429.16355154,3437.08050519,3437.07185800,0.04582429,2442.07634213,0.01998555,0.01998555,23710,73,0
8429.51962048,8429.51907244,3449.38173658,3449.40071738,0.04042486,2442.02892717,0.01998555,0.01998555,23709,73,0
8429.87510202,8429.87462333,3461.70809780,3461.72470978,0.04843227,2441.97895844,0.01998555,0.01998555,23708,73,0
8430.23008945,8430.23020420,3474.06012143,3474.05613104,0.04787056,2441.92638473,0.01998555,0.01998555,23707,73,0
8430.58586213,8430.58581507,3486.43821649,3486.43985639,0.04102024,2441.87099541,0.01998555,0.01998555,23706,73,0
8430.94161547,8430.94145593,3498.84209938,3498.84766942,0.04732460,2441.81289211,0.01998555,0.01998555,23705,73,0
8431.29705604,8431.29712679,3511.27125025,3511.26877540,0.05051471,2441.75211299,0.01998555,0.01998555,23704,73,0
8431.65320658,8431.65282765,3523.72513870,3523.73841810,0.04775185,2441.68846549,0.01998555,0.01998555,23703,73,0
8432.00910205,8432.00855852,3536.20321767,3536.22230057,0.04507989,2441.62210417,0.01998555,0.01998555,23702,73,0
8432.36437465,8432.36431940,3548.70496107,3548.70690425,0.05215778,2441.55309555,0.01998555,0.01998555,23701,73,0
8432.72080414,8432.72011030,3561.23121558,3561.25566823,0.04364758,2441.48106770,0.01998555,0.01998555,23700,73,0
8433.07593901,8433.07593121,3573.78477362,3573.78504906,0.04923733,2441.40648527,0.01998555,0.01998555,23699,73,0
8433.43184385,8433.43178215,3586.36835095,3586.37053543,0.05069684,2441.32888655,0.01998555,0.01998555,23698,73,0
8433.78797351,8433.78766311,3598.98126864,3598.99228120,0.04750221,2441.24836367,0.01998555,0.01998555,23697,73,0
8434.14316759,8434.14357410,3611.62039036,3611.60594123,0.04921949,2441.16518986,0.01998555,0.01998555,23696,73,0
8434.49955092,8434.49951512,3624.28337552,3624.28465018,0.04798806,2441.07886388,0.01998555,0.01998555,23695,73,0
8434.85519656,8434.85548618,3636.97263115,3636.96229577,0.04781773,2440.98981457,0.01998555,0.01998555,23694,73,0
8435.21089926,8435.21148729,3649.69218449,3649.67114878,0.04703622,2440.89780483,0.01998554,0.01998555,23693,73,0
8435.56765324,8435.56751843,3662.44399842,3662.44883232,0.04719541,2440.80252915,0.01998555,0.01998555,23692,73,0
8435.92326502,8435.92357963,3675.22521988,3675.21391502,0.04660552,2440.70457574,0.01998555,0.01998555,23691,73,0
8436.28004561,8436.27967088,3688.03241594,3688.04590609,0.05180435,2440.60331607,0.01998555,0.01998555,23690,73,0
8436.63506681,8436.63579219,3700.86517343,3700.83900799,0.04492287,2440.49957514,0.01998554,0.01998555,23689,73,0
8436.99168945,8436.99194355,3713.72616837,3713.71698210,0.04981290,2440.39233356,0.01998555,0.01998555,23688,73,0
8437.34845097,8437.34812498,3726.61780872,3726.62962110,0.04889402,2440.28196947,0.01998555,0.01998555,23687,73,0
8437.70437151,8437.70433648,3739.53946054,3739.54073253,0.03992744,2440.16878054,0.01998555,0.01998555,23686,73,0
8438.06024656,8438.06057805,3752.48917075,3752.47710888,0.03975426,2440.05252329,0.01998555,0.01998555,23685,73,0
8438.41665224,8438.41684969,3765.46571468,3765.45851560,0.03883900,2439.93299610,0.01998555,0.01998555,23684,73,0
8438.77290839,8438.77315141,3778.46978176,3778.46090295,0.04538632,2439.81039774,0.01998555,0.01998555,23683,73,0
8439.12957037,8439.12948322,3791.50235760,3791.50554840,0.04252935,2439.68450577,0.01998555,0.01998555,23682,73,0
8439.48607276,8439.48584511,3804.56411319,3804.57246624,0.05150134,2439.55549076,0.01998555,0.01998555,23681,73,0
8439.84246222,8439.84223710,3817.65540612,3817.66368437,0.04604586,2439.42331632,0.01998555,0.01998555,23680,73,0
8440.19792467,8440.19865918,3830.77653638,3830.74946710,0.04199240,2439.28827553,0.01998554,0.01998555,23679,73,0
8440.55546330,8440.55511135,3843.92752440,3843.94052327,0.04150152,2439.14919157,0.01998555,0.01998555,23678,73,0
8440.91214513,8440.91159363,3857.10829423,3857.12870788,0.04419309,2439.00716936,0.01998555,0.01998555,23677,73,0
8441.26804491,8441.26810602,3870.31946013,3870.31719319,0.04077579,2438.86217476,0.01998555,0.01998555,23676,73,0
8441.62496176,8441.62464851,3883.56295514,3883.57460461,0.03830260,2438.71342901,0.01998555,0.01998555,23675,73,0
8441.98148719,8441.98122112,3896.84065000,3896.85056995,0.04460011,2438.56146672,0.01998555,0.01998555,23674,73,0
8442.33767275,8442.33782385,3910.15163790,3910.14599154,0.04409877,2438.40626374,0.01998555,0.01998555,23673,73,0
8442.69489009,8442.69445669,3923.49315322,3923.50938314,0.04194888,2438.24722300,0.01998555,0.01998555,23672,73,0
8443.05148738,8443.05111967,3936.86380967,3936.87761020,0.04470292,2438.08507007,0.01998555,0.01998555,23671,73,0
8443.40827927,8443.40781277,3950.26684416,3950.28439573,0.04359099,2437.91938006,0.01998555,0.01998555,23670,73,0
8443.76449273,8443.76453600,3963.70625166,3963.70461912,0.04404231,2437.75044461,0.01998555,0.01998555,23669,73,0
8444.12084272,8444.12128937,3977.18130661,3977.16441664,0.04519637,2437.57791549,0.01998555,0.01998555,23668,73,0
8444.47822285,8444.47807288,3990.68657189,3990.69225413,0.04185553,2437.40138964,0.01998555,0.01998555,23667,73,0
8444.83512221,8444.83488654,4004.21814335,4004.22708997,0.04424118,2437.22163658,0.01998555,0.01998555,23666,73,0
8445.19152612,8445.19173034,4017.78038265,4017.77261151,0.04229416,2437.03860019,0.01998555,0.01998555,23665,73,0
8445.54864779,8445.54860429,4031.37996243,4031.38162240,0.04183099,2436.85154008,0.01998555,0.01998555,23664,73,0
8445.90552524,8445.90550840,4045.01862669,4045.01927106,0.04413715,2436.66090207,0.01998555,0.01998555,23663,73,0
8446.26252077,8446.26244267,4058.69189282,4058.69488778,0.04757677,2436.46653133,0.01998555,0.01998555,23662,73,0
8446.61912311,8446.61940710,4072.39568611,4072.38477215,0.04576832,2436.26874529,0.01998555,0.01998555,23661,73,0
8446.97701705,8446.97640170,4086.13061696,4086.15431866,0.04839626,2436.06656495,0.01998555,0.01998555,23660,73,0
nan,nan,0.00000000,-1.00000000,0.00000000,2439.99964079,nan,0.00000000,-2147483648,72,1
8419.22111915,8419.22112444,14.69562894,14.69551056,0.04724009,2440.41633709,0.01998555,0.01998555,23738,72,0
8419.57633459,8419.57580732,22.63575846,22.64756684,0.04402720,2440.84585493,0.01998555,0.01998555,23737,72,0
8419.93067252,8419.93052009,30.58291059,30.58632700,0.03804078,2441.27357021,0.01998555,0.01998555,23736,72,0
8420.28473289,8420.28526274,38.53720264,38.52531712,0.04620723,2441.70021464,0.01998555,0.01998555,23735,72,0
8420.64051875,8420.64003527,46.49854752,46.50940148,0.04856085,2442.12819027,0.01998555,0.01998555,23734,72,0
8420.99497581,8420.99483769,54.46662758,54.46973058,0.04858724,2442.55380245,0.01998555,0.01998555,23733,72,0
8421.35082485,8421.34967000,62.44111132,62.46707437,0.04546186,2442.98029793,0.01998555,0.01998555,23732,72,0
8421.70450039,8421.70453222,70.42166584,70.42094985,0.04750445,2443.40338621,0.01998555,0.01998555,23731,72,0
8422.05944526,8422.05942433,78.40813263,78.40860390,0.04976660,2443.82717855,0.01998555,0.01998555,23730,72,0
8422.41431395,8422.41434634,86.40082074,86.40009095,0.05158101,2444.25007876,0.01998555,0.01998555,23729,72,0
8422.76899643,8422.76929827,94.40011779,94.39331287,0.05756999,2444.67197495,0.01998555,0.01998555,23728,72,0
8423.12539597,8423.12428011,102.40641339,102.43159119,0.04415493,2445.09514438,0.01998555,0.01998555,23727,72,0
8423.48036804,8423.47929186,110.42005220,110.44435491,0.04653858,2445.51586817,0.01998555,0.01998555,23726,72,0
8423.83448270,8423.83433353,118.44107151,118.44444283,0.04690696,2445.93482862,0.01998555,0.01998555,23725,72,0
8424.18977603,8424.18940513,126.46938384,126.47777363,0.04376539,2446.35442653,0.01998555,0.01998555,23724,72,0
8424.54501130,8424.54450665,134.50490086,134.51632511,0.04324088,2446.77319061,0.01998555,0.01998555,23723,72,0
8424.89937643,8424.89963810,142.54753229,142.54160394,0.04396993,2447.19015943,0.01998555,0.01998555,23722,72,0
8425.25366244,8425.25479949,150.59716009,150.57137932,0.04134044,2447.60625832,0.01998554,0.01998555,23721,72,0
8425.60983165,8425.60999082,158.65364169,158.65003015,0.05251377,2448.02377626,0.01998555,0.01998555,23720,72,0
8425.96500691,8425.96521209,166.71683294,166.71217385,0.04729907,2448.43932778,0.01998555,0.01998555,23719,72,0
8426.32098616,8426.32046330,174.78659083,174.79847216,0.04449620,2448.85500743,0.01998555,0.01998555,23718,72,0
8426.67614958,8426.67574447,182.86294355,182.87215627,0.05023305,2449.26892302,0.01998555,0.01998555,23717,72,0
8427.02991256,8427.03105559,190.94622657,190.92021246,0.05047150,2449.68041557,0.01998554,0.01998555,23716,72,0
8427.38657733,8427.38639666,199.03680890,199.04092403,0.04866747,2450.09450082,0.01998555,0.01998555,23715,72,0
8427.74129534,8427.74176770,207.13506148,207.12429244,0.05190048,2450.50556277,0.01998555,0.01998555,23714,72,0
8428.09662793,8428.09716871,215.24122153,215.22888191,0.04794615,2450.91658323,0.01998555,0.01998555,23713,72,0
8428.45328856,8428.45259968,223.35502663,223.37075897,0.04964354,2451.32836514,0.01998555,0.01998555,23712,72,0
8428.80803795,8428.80806062,231.47609741,231.47557926,0.04141488,2451.73714872,0.01998555,0.01998555,23711,72,0
8429.16255804,8429.16355154,239.60405245,239.58132873,0.04828297,2452.14485769,0.01998554,0.01998555,23710,72,0
8429.51915557,8429.51907244,247.73856412,247.74046669,0.04619474,2452.55411967,0.01998555,0.01998555,23709,72,0
8429.87448806,8429.87462333,255.87973086,255.87663235,0.04138776,2452.96109837,0.01998555,0.01998555,23708,72,0
8430.22995164,8430.23020420,264.02784960,264.02205974,0.04516272,2453.36740933,0.01998555,0.01998555,23707,72,0
8430.58622092,8430.58581507,272.18321993,272.19253132,0.04795652,2453.77383294,0.01998555,0.01998555,23706,72,0
8430.94129386,8430.94145593,280.34613322,280.34241174,0.04897243,2454.17809852,0.01998555,0.01998555,23705,72,0
8431.29761291,8431.29712679,288.51671422,288.52788627,0.04547423,2454.58299025,0.01998555,0.01998555,23704,72,0
8431.65267034,8431.65282765,296.69494695,296.69132856,0.04692856,2454.98565512,0.01998555,0.01998555,23703,72,0
8432.00837887,8432.00855852,304.88081093,304.87667512,0.04665751,2455.38826062,0.01998555,0.01998555,23702,72,0
8432.36405397,8432.36431940,313.07428599,313.06817028,0.05011312,2455.79002622,0.01998555,0.01998555,23701,72,0
8432.72020413,8432.72011030,321.27537478,321.27753866,0.05067079,2456.19152224,0.01998555,0.01998555,23700,72,0
8433.07628205,8433.07593121,329.48411308,329.49221041,0.04429111,2456.59212936,0.01998555,0.01998555,23699,72,0
8433.43183149,8433.43178215,337.70053939,337.70167930,0.04550306,2456.99133547,0.01998555,0.01998555,23698,72,0
8433.78771894,8433.78766311,345.92469228,345.92598299,0.04386512,2457.39011323,0.01998555,0.01998555,23697,72,0
8434.14369738,8434.14357410,354.15655866,354.15941116,0.04331037,2457.78818102,0.01998555,0.01998555,23696,72,0
8434.50019058,8434.49951512,362.39599939,362.41164165,0.04875355,2458.18600115,0.01998555,0.01998555,23695,72,0
8434.85505840,8434.85548618,370.64285576,370.63294126,0.04604205,2458.58117895,0.01998555,0.01998555,23694,72,0
8435.21116515,8435.21148729,378.89696817,378.88949642,0.03839454,2458.97689520,0.01998555,0.01998555,23693,72,0
8435.56703423,8435.56751843,387.15823443,387.14699455,0.05398946,2459.37149807,0.01998555,0.01998555,23692,72,0
8435.92313618,8435.92357963,395.42678857,395.41648651,0.04808405,2459.76551319,0.01998555,0.01998555,23691,72,0
8436.28003621,8436.27967088,403.70282544,403.71131973,0.04783238,2460.15956896,0.01998555,0.01998555,23690,72,0
8436.63514327,8436.63579219,411.98654093,411.97144012,0.04675815,2460.55081467,0.01998554,0.01998555,23689,72,0
8436.99197794,8436.99194355,420.27810971,420.27891078,0.04494369,2460.94313492,0.01998555,0.01998555,23688,72,0
8437.34857842,8437.34812498,428.57756039,428.58813065,0.04587865,2461.33436611,0.01998555,0.01998555,23687,72,0
8437.70431465,8437.70433648,436.88486232,436.88435308,0.04993806,2461.72381657,0.01998555,0.01998555,23686,72,0
8438.06069224,8438.06057805,445.19998447,445.20265100,0.05141453,2462.11313108,0.01998555,0.01998555,23685,72,0
8438.41662999,8438.41684969,453.52289783,453.51776329,0.04991624,2462.50112365,0.01998555,0.01998555,23684,72,0
8438.77211443,8438.77315141,461.85359681,461.82934082,0.04781787,2462.88777969,0.01998554,0.01998555,23683,72,0
8439.13000779,8439.12948322,470.19208991,470.20437053,0.04887731,2463.27620302,0.01998555,0.01998555,23682,72,0
8439.48588918,8439.48584511,478.53838585,478.53941825,0.03979065,2463.66159180,0.01998555,0.01998555,23681,72,0
8439.84151964,8439.84223710,486.89248635,486.87566151,0.04305392,2464.04585846,0.01998555,0.01998555,23680,72,0
8440.19817183,8440.19865918,495.25427281,495.24283486,0.05276947,2464.43036709,0.01998555,0.01998555,23679,72,0
8440.55544370,8440.55511135,503.62352485,503.63133116,0.04323163,2464.81466538,0.01998555,0.01998555,23678,72,0
8440.91199767,8440.91159363,512.00001768,512.00951516,0.04889573,2465.19730197,0.01998555,0.01998555,23677,72,0
8441.26809897,8441.26810602,520.38353932,520.38337360,0.04734879,2465.57855366,0.01998555,0.01998555,23676,72,0
8441.62478161,8441.62464851,528.77428055,528.77741417,0.04265633,2465.95953315,0.01998555,0.01998555,23675,72,0
8441.98158101,8441.98122112,537.17288677,537.18136740,0.05218171,2466.33976820,0.01998555,0.01998555,23674,72,0
8442.33744581,8442.33782385,545.58003116,545.57111441,0.04165334,2466.71816874,0.01998555,0.01998555,23673,72,0
8442.69472543,8442.69445669,553.99637909,554.00272455,0.03948873,2467.09725802,0.01998555,0.01998555,23672,72,0
8443.05106021,8443.05111967,562.42202434,562.42061904,0.04763751,2467.47453145,0.01998555,0.01998555,23671,72,0
8443.40763324,8443.40781277,570.85623133,570.85198457,0.04194668,2467.85120780,0.01998555,0.01998555,23670,72,0
8443.76451807,8443.76453600,579.29819574,579.29777121,0.05062130,2468.22732382,0.01998555,0.01998555,23669,72,0
8444.12083449,8444.12128937,587.74711454,587.73633791,0.04086884,2468.60191449,0.01998555,0.01998555,23668,72,0
8444.47845426,8444.47807288,596.20271992,596.21176187,0.04191872,2468.97693033,0.01998555,0.01998555,23667,72,0
8444.83448823,8444.83488654,604.66570522,604.65625416,0.04948315,2469.34937084,0.01998555,0.01998555,23666,72,0
8445.19178800,8445.19173034,613.13686729,613.13823680,0.05277970,2469.72225259,0.01998555,0.01998555,23665,72,0
8445.54921276,8445.54860429,621.61700496,621.63147107,0.04164328,2470.09441191,0.01998555,0.01998555,23664,72,0
8445.90540198,8445.90550840,630.10648084,630.10394809,0.04588236,2470.46444850,0.01998555,0.01998555,23663,72,0
8446.26220673,8446.26244267,638.60472409,638.59910400,0.04119920,2470.83425929,0.01998555,0.01998555,23662,72,0
8446.61962466,8446.61940710,647.11104107,647.11622744,0.05576125,2471.20380398,0.01998555,0.01998555,23661,72,0
8446.97618106,8446.97640170,655.62473530,655.61947141,0.04417016,2471.57152573,0.01998555,0.01998555,23660,72,0
8447.33340954,8447.33342648,664.14550263,664.14509836,0.05726928,2471.93899114,0.01998555,0.01998555,23659,72,0
8447.69028710,8447.69048142,672.67399828,672.66935483,0.03929716,2472.30517212,0.01998555,0.01998555,23658,72,0
8448.04802881,8448.04756654,681.21102418,681.22208122,0.04581932,2472.67134496,0.01998555,0.01998555,23657,72,0
8448.40434299,8448.40468185,689.75738620,689.74927241,0.04104190,2473.03519711,0.01998554,0.01998555,23656,72,0
8448.76210379,8448.76182734,698.31350845,698.32013451,0.04670358,2473.39967792,0.01998555,0.01998555,23655,72,0
8449.11891955,8449.11900303,706.87879186,706.87678900,0.06106210,2473.76231994,0.01998555,0.01998555,23654,72,0
8449.47701387,8449.47620890,715.45246558,715.47179444,0.04418032,2474.12534570,0.01998555,0.01998555,23653,72,0
8449.83341093,8449.83344498,724.03375461,724.03293642,0.05784254,2474.48570436,0.01998555,0.01998555,23652,72,0
8450.19049882,8450.19071126,732.62221804,732.61710925,0.04029398,2474.84579335,0.01998555,0.01998555,23651,72,0
8450.54833100,8450.54800774,741.21835276,741.22613335,0.05006063,2475.20567887,0.01998555,0.01998555,23650,72,0
8450.90532229,8450.90533443,749.82282046,749.82252804,0.04323211,2475.56379172,0.01998555,0.01998555,23649,72,0
8451.26271866,8451.26269133,758.43628648,758.43694548,0.05031746,2475.92140789,0.01998555,0.01998555,23648,72,0
8451.62017228,8451.62007845,767.05918951,767.06145435,0.04220335,2476.27819225,0.01998555,0.01998555,23647,72,0
8451.97774802,8451.97749579,775.69133105,775.69742553,0.04740336,2476.63419707,0.01998555,0.01998555,23646,72,0
8452.33497387,8452.33494336,784.33240133,784.33313915,0.04392218,2476.98893702,0.01998555,0.01998555,23645,72,0
8452.69269374,8452.69242116,792.98208893,792.98868742,0.05529795,2477.34323341,0.01998555,0.01998555,23644,72,0
8453.05005286,8453.04992918,801.64019731,801.64319379,0.04705231,2477.69622786,0.01998555,0.01998555,23643,72,0
8453.40820189,8453.40746745,810.30683812,810.32464904,0.04327846,2478.04905662,0.01998555,0.01998555,23642,72,0
8453.76471353,8453.76503595,818.98217431,818.97434811,0.04024124,2478.39933509,0.01998554,0.01998555,23641,72,0
8454.12221916,8454.12263470,827.66636960,827.65627353,0.04404307,2478.74965445,0.01998554,0.01998555,23640,72,0
8454.48039385,8454.48026369,836.35953933,836.36270469,0.04536758,2479.09969101,0.01998554,0.01998555,23639,72,0
8454.83818036,8454.83792294,845.06168015,845.06794642,0.05267369,2479.44840681,0.01998555,0.01998555,23638,72,0
8455.19543289,8455.19561244,853.77277102,853.76839614,0.04395899,2479.79565911,0.01998554,0.01998555,23637,72,0
8455.55319466,8455.55333220,862.49279141,862.48943700,0.04780261,2480.14245774,0.01998554,0.01998555,23636,72,0
8455.91132294,8455.91108223,871.22183933,871.22771557,0.04684842,2480.48866130,0.01998555,0.01998555,23635,72,0
8456.26926063,8456.26886252,879.96026404,879.96999255,0.04498455,2480.83374080,0.01998555,0.01998555,23634,72,0
8456.62636573,8456.62667308,888.70844873,888.70093022,0.04822422,2481.17709267,0.01998554,0.01998555,23633,72,0
8456.98502564,8456.98451391,897.46677442,897.47930598,0.04073845,2481.52102067,0.01998555,0.01998555,23632,72,0
8457.34275282,8457.34238503,906.23522424,906.24424031,0.04828215,2481.86313232,0.01998555,0.01998555,23631,72,0
8457.69986349,8457.70028643,915.01307144,915.00269383,0.05688319,2482.20370394,0.01998554,0.01998555,23630,72,0
8458.05875546,8458.05821811,923.79951191,923.81270828,0.04416847,2482.54498274,0.01998555,0.01998555,23629,72,0
8458.41622636,8458.41618008,932.59374986,932.59488717,0.04984252,2482.88388807,0.01998555,0.01998555,23628,72,0
8458.77371478,8458.77417235,941.39563607,941.38438134,0.03900616,2483.22178116,0.01998554,0.01998555,23627,72,0
8459.13250574,8459.13219491,950.20595368,950.21360632,0.04569531,2483.55989798,0.01998555,0.01998555,23626,72,0
8459.49029183,8459.49024778,959.02556257,959.02664818,0.05234009,2483.89609229,0.01998555,0.01998555,23625,72,0
8459.84871822,8459.84833095,967.85530331,967.86485810,0.04290269,2484.23193976,0.01998555,0.01998555,23624,72,0
8460.20604431,8460.20644443,976.69532683,976.68544479,0.04565748,2484.56581287,0.01998555,0.01998555,23623,72,0
8460.56396561,8460.56458822,985.54501070,985.52961856,0.04418978,2484.89927040,0.01998554,0.01998555,23622,72,0
8460.92267780,8460.92276233,994.40368801,994.40159643,0.04423718,2485.23246013,0.01998555,0.01998555,23621,72,0
8461.28105048,8461.28096677,1003.27072429,1003.27279753,0.04726676,2485.56430291,0.01998555,0.01998555,23620,72,0
8461.63909942,8461.63920152,1012.14610122,1012.14357057,0.04582167,2485.89481225,0.01998555,0.01998555,23619,72,0
8461.99732354,8461.99746661,1021.03031687,1021.02676738,0.05044155,2486.22446452,0.01998555,0.01998555,23618,72,0
8462.35581766,8462.35576202,1029.92388817,1029.92526999,0.05457303,2486.55336071,0.01998555,0.01998555,23617,72,0
8462.71428242,8462.71408778,1038.82728903,1038.83212783,0.05992804,2486.88123884,0.01998555,0.01998555,23616,72,0
8463.07247842,8463.07244387,1047.74051443,1047.74137420,0.05715473,2487.20787706,0.01998555,0.01998555,23615,72,0
8463.43040317,8463.43083031,1056.66327294,1056.65263347,0.04165240,2487.53326082,0.01998555,0.01998555,23614,72,0
8463.78884797,8463.78924709,1065.59526745,1065.58531643,0.04331940,2487.85809384,0.01998555,0.01998555,23613,72,0
8464.14733424,8464.14769423,1074.53624202,1074.52725851,0.04714431,2488.18192711,0.01998555,0.01998555,23612,72,0
8464.50620493,8464.50617172,1083.48621894,1083.48704857,0.04453122,2488.50506576,0.01998555,0.01998555,23611,72,0
8464.86422515,8464.86467957,1092.44533249,1092.43397103,0.04695083,2488.82640113,0.01998554,0.01998555,23610,72,0
8465.22326364,8465.22321779,1101.41371809,1101.41486557,0.04017876,2489.14761094,0.01998555,0.01998555,23609,72,0
8465.58163664,8465.58178637,1110.39157496,1110.38782422,0.04462315,2489.46719067,0.01998554,0.01998555,23608,72,0
8465.94027511,8465.94038532,1119.37935584,1119.37659221,0.04679039,2489.78598443,0.01998554,0.01998555,23607,72,0
8466.29933551,8466.29901465,1128.37757944,1128.38563461,0.04294970,2490.10414265,0.01998555,0.01998555,23606,72,0
8466.65842644,8466.65767435,1137.38676662,1137.40566934,0.04307559,2490.42133067,0.01998555,0.01998555,23605,72,0
8467.01621372,8467.01636444,1146.40708323,1146.40329090,0.03830734,2490.73637655,0.01998554,0.01998555,23604,72,0
8467.37502955,8467.37508492,1155.43783753,1155.43644283,0.04197949,2491.05130637,0.01998554,0.01998555,23603,72,0
8467.73354845,8467.73383578,1164.47820727,1164.47096334,0.04256314,2491.36492098,0.01998554,0.01998555,23602,72,0
8468.09294348,8468.09261704,1173.52737886,1173.53561575,0.04666877,2491.67821187,0.01998555,0.01998555,23601,72,0
8468.45181851,8468.45142870,1182.58520992,1182.59505493,0.04573092,2491.98995200,0.01998555,0.01998555,23600,72,0
8468.81026788,8468.81027076,1191.65251973,1191.65244683,0.04493352,2492.30025213,0.01998554,0.01998555,23599,72,0
8469.16929056,8469.16914322,1200.73020641,1200.73393524,0.05323538,2492.61000312,0.01998554,0.01998555,23598,72,0
8469.52846740,8469.52804610,1209.81912731,1209.82980268,0.05329167,2492.91886494,0.01998555,0.01998555,23597,72,0
8469.88731217,8469.88697939,1218.91936515,1218.92780703,0.05523421,2493.22641833,0.01998555,0.01998555,23596,72,0
8470.24559011,8470.24594309,1228.03035711,1228.02139312,0.04912782,2493.53244238,0.01998554,0.01998555,23595,72,0
8470.60575406,8470.60493722,1237.15151715,1237.17228135,0.04816729,2493.83900227,0.01998555,0.01998555,23594,72,0
8470.96434142,8470.96396177,1246.28233338,1246.29199344,0.04581658,2494.14312813,0.01998555,0.01998555,23593,72,0
8471.32272804,8471.32301675,1255.42287700,1255.41552337,0.04287280,2494.44599338,0.01998554,0.01998555,23592,72,0
8471.68171208,8471.68210217,1264.57348632,1264.56354044,0.04187075,2494.74827786,0.01998554,0.01998555,23591,72,0
8472.04076256,8472.04121802,1273.73450320,1273.72287819,0.05115724,2495.04953847,0.01998554,0.01998555,23590,72,0
8472.40052594,8472.40036431,1282.90618893,1282.91031882,0.04732504,2495.35031833,0.01998555,0.01998555,23589,72,0
8472.75876939,8472.75954105,1292.08850687,1292.06876912,0.04699415,2495.64874868,0.01998554,0.01998555,23588,72,0
8473.11870307,8473.11874823,1301.28135233,1301.28019595,0.04314800,2495.94749510,0.01998554,0.01998555,23587,72,0
8473.47757614,8473.47798587,1310.48461974,1310.47411768,0.04184821,2496.24426371,0.01998554,0.01998555,23586,72,0
8473.83709875,8473.83725396,1319.69819133,1319.69420889,0.05123911,2496.54046244,0.01998554,0.01998555,23585,72,0
8474.19586785,8474.19655251,1328.92192852,1328.90434330,0.05043579,2496.83492716,0.01998554,0.01998555,23584,72,0
8474.55551323,8474.55588153,1338.15568972,1338.14622090,0.04592278,2497.12898622,0.01998554,0.01998555,23583,72,0
8474.91510434,8474.91524101,1347.39935152,1347.39583423,0.04625779,2497.42186679,0.01998554,0.01998555,23582,72,0
8475.27427234,8475.27463097,1356.65313076,1356.64389177,0.04911977,2497.71327339,0.01998554,0.01998555,23581,72,0
8475.63436765,8475.63405140,1365.91753882,1365.92569511,0.05137292,2498.00431107,0.01998555,0.01998555,23580,72,0
8475.99346031,8475.99350231,1375.19310012,1375.19201581,0.04721606,2498.29343217,0.01998554,0.01998555,23579,72,0
8476.35311643,8476.35298370,1384.48024658,1384.48367764,0.04295419,2498.58190830,0.01998554,0.01998555,23578,72,0
8476.71222220,8476.71249558,1393.77879627,1393.77172160,0.04979858,2498.86883548,0.01998554,0.01998555,23577,72,0
8477.07161631,8477.07203795,1403.08832203,1403.07739862,0.04951681,2499.15486709,0.01998554,0.01998555,23576,72,0
8477.43158764,8477.43161082,1412.40839334,1412.40779212,0.04451968,2499.44021115,0.01998554,0.01998555,23575,72,0
8477.79067981,8477.79121419,1421.73869893,1421.72482704,0.05212465,2499.72370075,0.01998554,0.01998555,23574,72,0
8478.15131555,8478.15084806,1431.07924320,1431.09139123,0.04670909,2500.00724106,0.01998555,0.01998554,23573,72,0
8478.51039980,8478.51051243,1440.43008145,1440.42715181,0.04402817,2500.28839607,0.01998554,0.01998554,23572,72,0
8478.87066815,8478.87020732,1449.79128274,1449.80328231,0.05106760,2500.56930712,0.01998555,0.01998554,23571,72,0
8479.23017741,8479.22993272,1459.16328244,1459.16966107,0.04615267,2500.84846554,0.01998554,0.01998554,23570,72,0
8479.58987428,8479.58968863,1468.54692081,1468.55176601,0.04148595,2501.12662941,0.01998554,0.01998554,23569,72,0
8479.94952701,8479.94947507,1477.94306455,1477.94442180,0.04951397,2501.40363927,0.01998554,0.01998554,23568,72,0
8480.30924426,8480.30929204,1487.35239760,1487.35114740,0.03805171,2501.67959325,0.01998554,0.01998554,23567,72,0
8480.66950100,8480.66913954,1496.77420372,1496.78367318,0.04760805,2501.95482623,0.01998555,0.01998554,23566,72,0
8481.03010202,8481.02901757,1506.20712804,1506.23556745,0.04778605,2502.22914004,0.01998555,0.01998554,23565,72,0
8481.38839681,8481.38892613,1515.64980430,1515.63591088,0.05055014,2502.50048413,0.01998554,0.01998554,23564,72,0
8481.74886114,8481.74886524,1525.10150961,1525.10140194,0.04493884,2502.77222397,0.01998554,0.01998554,23563,72,0
8482.10829687,8482.10883490,1534.56320711,1534.54905787,0.04352350,2503.04196621,0.01998554,0.01998554,23562,72,0
8482.46882801,8482.46883510,1544.03613693,1544.03595023,0.05047918,2503.31133538,0.01998554,0.01998554,23561,72,0
8482.82915908,8482.82886586,1553.52150472,1553.52923484,0.04852563,2503.57938824,0.01998554,0.01998554,23560,72,0
8483.18902241,8483.18892717,1563.01958554,1563.02209925,0.05009452,2503.84593113,0.01998554,0.01998554,23559,72,0
8483.54870531,8483.54901905,1572.52974828,1572.52145757,0.05287980,2504.11115684,0.01998554,0.01998554,23558,72,0
8483.90955451,8483.90914149,1582.05132012,1582.06224614,0.04613933,2504.37602955,0.01998555,0.01998554,23557,72,0
8484.26984491,8484.26929450,1591.58376286,1591.59833883,0.04449416,2504.63926009,0.01998555,0.01998554,23556,72,0
8484.63012799,8484.62947808,1601.12730249,1601.14453224,0.04379897,2504.90125569,0.01998555,0.01998554,23555,72,0
8484.99020301,8484.98969224,1610.68242948,1610.69598613,0.04992122,2505.16187997,0.01998555,0.01998554,23554,72,0
8485.34947413,8485.34993698,1620.24963477,1620.23733526,0.04112279,2505.42071490,0.01998554,0.01998554,23553,72,0
8485.70999164,8485.71021230,1629.82914220,1629.82327140,0.04844641,2505.67923603,0.01998554,0.01998554,23552,72,0
8486.06993987,8486.07051821,1639.42070773,1639.40530304,0.04565446,2505.93612598,0.01998554,0.01998554,23551,72,0
8486.43093684,8486.43085472,1649.02403859,1649.02622859,0.04785898,2506.19252388,0.01998554,0.01998554,23550,72,0
8486.79059178,8486.79122182,1658.63888197,1658.62206292,0.04611536,2506.44672131,0.01998554,0.01998554,23549,72,0
8487.15158554,8487.15161952,1668.26541134,1668.26450320,0.04439755,2506.70061247,0.01998554,0.01998554,23548,72,0
8487.51192082,8487.51204782,1677.90405101,1677.90065263,0.04686030,2506.95279497,0.01998554,0.01998554,23547,72,0
8487.87252483,8487.87250673,1687.55523113,1687.55571599,0.05045395,2507.20392548,0.01998554,0.01998554,23546,72,0
8488.23279872,8488.23299626,1697.21917313,1697.21387438,0.04316704,2507.45358733,0.01998554,0.01998554,23545,72,0
8488.59319655,8488.59351640,1706.89552891,1706.88693914,0.04857013,2507.70208157,0.01998554,0.01998554,23544,72,0
8488.95388306,8488.95406715,1716.58385241,1716.57890296,0.05155127,2507.94950270,0.01998554,0.01998554,23543,72,0
8489.31446687,8489.31464854,1726.28372302,1726.27883350,0.04153451,2508.19556521,0.01998554,0.01998554,23542,72,0
8489.67539394,8489.67526055,1735.99518854,1735.99878300,0.04952003,2508.44056815,0.01998554,0.01998554,23541,72,0
8490.03633827,8490.03590319,1745.71868150,1745.73041897,0.04771503,2508.68429385,0.01998555,0.01998554,23540,72,0
8490.39732531,8490.39657646,1755.45464886,1755.47487549,0.05128093,2508.92676485,0.01998555,0.01998554,23539,72,0
8490.75779442,8490.75728038,1765.20343505,1765.21733661,0.04139481,2509.16760991,0.01998555,0.01998554,23538,72,0
8491.11773673,8491.11801494,1774.96500999,1774.95747697,0.04488047,2509.40682209,0.01998554,0.01998554,23537,72,0
8491.47839651,8491.47878014,1784.73925945,1784.72885948,0.04925806,2509.64521871,0.01998554,0.01998554,23536,72,0
8491.83990943,8491.83957600,1794.52606878,1794.53511874,0.04881478,2509.88287238,0.01998555,0.01998554,23535,72,0
8492.20030044,8492.20040251,1804.32533334,1804.32255971,0.05143703,2510.11847795,0.01998554,0.01998554,23534,72,0
8492.56146034,8492.56125968,1814.13695820,1814.14241745,0.04084026,2510.35326548,0.01998554,0.01998554,23533,72,0
8492.92212639,8492.92214751,1823.96084806,1823.96027282,0.04489540,2510.58640465,0.01998554,0.01998554,23532,72,0
8493.28308574,8493.28306601,1833.79697123,1833.79750919,0.04495886,2510.81839900,0.01998554,0.01998554,23531,72,0
8493.64437633,8493.64401518,1843.64554761,1843.65540767,0.04613001,2511.04926899,0.01998555,0.01998554,23530,72,0
8494.00566165,8494.00499502,1853.50686029,1853.52508247,0.04816325,2511.27879858,0.01998555,0.01998554,23529,72,0
8494.36640242,8494.36600554,1863.38119501,1863.39205727,0.05370718,2511.50664890,0.01998555,0.01998554,23528,72,0
8494.72693310,8494.72704675,1873.26884985,1873.26573539,0.04168775,2511.73303615,0.01998554,0.01998554,23527,72,0
8495.08825372,8495.08811864,1883.17013498,1883.17384176,0.04589313,2511.95858590,0.01998554,0.01998554,23526,72,0
8495.44908182,8495.44922122,1893.08536331,1893.08153320,0.04707070,2512.18249662,0.01998554,0.01998554,23525,72,0
8495.81073431,8495.81035449,1903.01463455,1903.02508437,0.05059186,2512.40557937,0.01998555,0.01998554,23524,72,0
8496.17182371,8496.17151846,1912.95728359,1912.96569214,0.04492778,2512.62695547,0.01998555,0.01998554,23523,72,0
8496.53213904,8496.53271313,1922.91247016,1922.89663830,0.04681169,2512.84647845,0.01998554,0.01998554,23522,72,0
8496.89380649,8496.89393851,1932.87941151,1932.87576679,0.04881272,2513.06541739,0.01998554,0.01998554,23521,72,0
8497.25548711,8497.25519460,1942.85836252,1942.86644735,0.04864888,2513.28295384,0.01998555,0.01998554,23520,72,0
8497.61673297,8497.61648140,1952.85042808,1952.85739029,0.04795558,2513.49883902,0.01998555,0.01998554,23519,72,0
8497.97739307,8497.97779892,1962.85674543,1962.84549801,0.04801979,2513.71300664,0.01998554,0.01998554,23518,72,0
8498.33921597,8498.33914716,1972.87792174,1972.87983129,0.04722195,2513.92649786,0.01998554,0.01998554,23517,72,0
8498.70102575,8498.70052613,1982.91312302,1982.92700568,0.04718332,2514.13858764,0.01998555,0.01998554,23516,72,0
8499.06251676,8499.06193582,1992.96126854,1992.97742930,0.05120965,2514.34906947,0.01998555,0.01998554,23515,72,0
8499.42334377,8499.42337625,2003.02136785,2003.02046342,0.04353899,2514.55772157,0.01998554,0.01998554,23514,72,0
8499.78537008,8499.78484741,2013.09342114,2013.10799317,0.04901324,2514.76561256,0.01998555,0.01998554,23513,72,0
8500.14624183,8500.14634932,2023.17800719,2023.17500675,0.05190089,2514.97139662,0.01998554,0.01998554,23512,72,0
8500.50798002,8500.50788197,2033.27571671,2033.27845701,0.05104190,2515.17623392,0.01998554,0.01998554,23511,72,0
8500.86976411,8500.86944537,2043.38716602,2043.39608591,0.05063743,2515.37966044,0.01998554,0.01998554,23510,72,0
8501.23108556,8501.23103952,2053.51301220,2053.51430234,0.04854667,2515.58139916,0.01998554,0.01998554,23509,72,0
8501.59261891,8501.59266443,2063.65392123,2063.65264380,0.04580671,2515.78183437,0.01998554,0.01998554,23508,72,0
8501.95432334,8501.95432010,2073.81042220,2073.81051338,0.04951217,2515.98094423,0.01998554,0.01998554,23507,72,0
8502.31567462,8502.31600653,2083.98227257,2083.97293154,0.04486637,2516.17842897,0.01998554,0.01998554,23506,72,0
8502.67780139,8502.67772373,2094.16896443,2094.17115293,0.05051596,2516.37488569,0.01998554,0.01998554,23505,72,0
8503.03973066,8503.03947171,2104.36999576,2104.37730269,0.04717451,2516.56976627,0.01998554,0.01998554,23504,72,0
8503.40089682,8503.40125046,2114.58508227,2114.57509062,0.04747017,2516.76275971,0.01998554,0.01998554,23503,72,0
8503.76290733,8503.76305999,2124.81415012,2124.80983128,0.04437949,2516.95471626,0.01998554,0.01998554,23502,72,0
8504.12446985,8504.12490031,2135.05713365,2135.04494058,0.05241531,2517.14494022,0.01998554,0.01998554,23501,72,0
8504.48733416,8504.48677141,2145.31411227,2145.33007339,0.05298856,2517.33434149,0.01998554,0.01998554,23500,72,0
8504.84851127,8504.84867331,2155.58553949,2155.58093754,0.04503205,2517.52136375,0.01998554,0.01998554,23499,72,0
8505.21018989,8505.21060600,2165.87193159,2165.86009732,0.04420255,2517.70714990,0.01998554,0.01998554,23498,72,0
8505.57275781,8505.57256949,2176.17373948,2176.17910309,0.05136753,2517.89189118,0.01998554,0.01998554,23497,72,0
8505.93415335,8505.93456378,2186.49090588,2186.47920004,0.04938127,2518.07453024,0.01998554,0.01998554,23496,72,0
8506.29679683,8506.29658889,2196.82314448,2196.82908319,0.04823767,2518.25627715,0.01998554,0.01998554,23495,72,0
8506.65835680,8506.65864480,2207.17016457,2207.16192856,0.04985513,2518.43594993,0.01998554,0.01998554,23494,72,0
8507.02121372,8507.02073153,2217.53165098,2217.54545803,0.04694243,2518.61471740,0.01998555,0.01998554,23493,72,0
8507.38265793,8507.38284908,2227.90726198,2227.90178157,0.04163634,2518.79123240,0.01998554,0.01998554,23492,72,0
8507.74512876,8507.74499746,2238.29665226,2238.30042130,0.04881578,2518.96667589,0.01998554,0.01998554,23491,72,0
8508.10729284,8508.10717666,2248.69975719,2248.70309642,0.04776369,2519.14038989,0.01998554,0.01998554,23490,72,0
8508.46988758,8508.46938669,2259.11724042,2259.13165603,0.05680771,2519.31273138,0.01998555,0.01998554,23489,72,0
8508.83267262,8508.83162756,2269.54988668,2269.58000628,0.05140449,2519.48358768,0.01998555,0.01998554,23488,72,0
8509.19452597,8509.19389927,2279.99839255,2280.01648097,0.05550594,2519.65243879,0.01998555,0.01998554,23487,72,0
8509.55605621,8509.55620182,2290.46285886,2290.45865026,0.04913639,2519.81957046,0.01998554,0.01998554,23486,72,0
8509.91870112,8509.91853521,2300.94315201,2300.94795417,0.04317433,2519.98563206,0.01998554,0.01998554,23485,72,0
8510.28057828,8510.28089946,2311.43912753,2311.42981801,0.05029196,2520.14974910,0.01998554,0.01998554,23484,72,0
8510.64336561,8510.64329457,2321.95048196,2321.95254415,0.05345608,2520.31266897,0.01998554,0.01998554,23483,72,0
8511.00555661,8511.00572053,2332.47677504,2332.47201107,0.04716642,2520.47369857,0.01998554,0.01998554,23482,72,0
8511.36865615,8511.36817735,2343.01756489,2343.03149795,0.05271321,2520.63349060,0.01998555,0.01998554,23481,72,0
8511.73113097,8511.73066505,2353.57295529,2353.58653191,0.04111452,2520.79136257,0.01998554,0.01998554,23480,72,0
8512.09300664,8512.09318361,2364.14400349,2364.13883922,0.05132467,2520.94734204,0.01998554,0.01998554,23479,72,0
8512.45575872,8512.45573305,2374.73187097,2374.73262125,0.04080954,2521.10207199,0.01998554,0.01998554,23478,72,0
8512.81843054,8512.81831337,2385.33734712,2385.34077710,0.04884482,2521.25514170,0.01998554,0.01998554,23477,72,0
8513.18071919,8513.18092457,2395.95986050,2395.95383966,0.04425404,2521.40640928,0.01998554,0.01998554,23476,72,0
8513.54358585,8513.54356665,2406.59852864,2406.59909222,0.04830831,2521.55625361,0.01998554,0.01998554,23475,72,0
8513.90632436,8513.90623963,2417.25256229,2417.25505316,0.04838060,2521.70436073,0.01998554,0.01998554,23474,72,0
8514.26890871,8514.26894350,2427.92191697,2427.92089269,0.05251815,2521.85071346,0.01998554,0.01998554,23473,72,0
8514.63187582,8514.63167827,2438.60688619,2438.61270926,0.04426761,2521.99552296,0.01998554,0.01998554,23472,72,0
8514.99488200,8514.99444395,2449.30778556,2449.32071662,0.05053334,2522.13864524,0.01998554,0.01998554,23471,72,0
8515.35761013,8515.35724052,2460.02522918,2460.03615597,0.05134033,2522.27995671,0.01998554,0.01998554,23470,72,0
8515.72028820,8515.72006801,2470.76007950,2470.76659920,0.04209552,2522.41955104,0.01998554,0.01998554,23469,72,0
8516.08346042,8516.08292642,2481.51319419,2481.52903194,0.04636407,2522.55763638,0.01998554,0.01998554,23468,72,0
8516.44557509,8516.44581574,2492.28450793,2492.27735951,0.04656695,2522.69361631,0.01998554,0.01998554,23467,72,0
8516.80930728,8516.80873598,2503.07264009,2503.08963404,0.04561703,2522.82846466,0.01998555,0.01998554,23466,72,0
8517.17159871,8517.17168716,2513.87610035,2513.87346616,0.05298070,2522.96101938,0.01998554,0.01998554,23465,72,0
8517.53442016,8517.53466926,2524.69411135,2524.68668250,0.04459376,2523.09199080,0.01998554,0.01998554,23464,72,0
8517.89736345,8517.89768229,2535.52761913,2535.51809712,0.04753066,2523.22123035,0.01998554,0.01998554,23463,72,0
8518.26118401,8518.26072626,2546.37783045,2546.39152154,0.04955123,2523.34900559,0.01998555,0.01998554,23462,72,0
8518.62404179,8518.62380118,2557.24568828,2557.25289587,0.04738363,2523.47467288,0.01998554,0.01998554,23461,72,0
8518.98748220,8518.98690704,2568.13104874,2568.14830393,0.04791426,2523.59875921,0.01998555,0.01998554,23460,72,0
8519.35039662,8519.35004385,2579.03349364,2579.04409242,0.05121369,2523.72087166,0.01998554,0.01998554,23459,72,0
8519.71348941,8519.71321162,2589.95267753,2589.96103584,0.05111147,2523.84123694,0.01998554,0.01998554,23458,72,0
8520.07673252,8520.07641034,2600.88874905,2600.89845731,0.04730458,2523.95983594,0.01998554,0.01998554,23457,72,0
8520.43981298,8520.43964002,2611.84205647,2611.84727608,0.05113716,2524.07656123,0.01998554,0.01998554,23456,72,0
8520.80317994,8520.80290068,2622.81295413,2622.82139487,0.05134256,2524.19155066,0.01998554,0.01998554,23455,72,0
8521.16583037,8521.16619230,2633.80182439,2633.79086812,0.05279899,2524.30448453,0.01998554,0.01998554,23454,72,0
8521.52983315,8521.52951489,2644.80906787,2644.81871774,0.04859147,2524.41599660,0.01998554,0.01998554,23453,72,0
8521.89318229,8521.89286846,2655.83506608,2655.84459686,0.05207307,2524.52546081,0.01998554,0.01998554,23452,72,0
8522.25654173,8522.25625302,2666.87981415,2666.88859651,0.05026208,2524.63307185,0.01998554,0.01998554,23451,72,0
8522.62030341,8522.61966855,2677.94298142,2677.96232284,0.04981394,2524.73892929,0.01998554,0.01998554,23450,72,0
8522.98317065,8522.98311508,2689.02423621,2689.02593159,0.04435972,2524.84264647,0.01998554,0.01998554,23449,72,0
8523.34708109,8523.34659261,2700.12359531,2700.13852379,0.04649956,2524.94476636,0.01998554,0.01998554,23448,72,0
8523.71020346,8523.71010113,2711.24146966,2711.24460194,0.04622409,2525.04476682,0.01998554,0.01998554,23447,72,0
8524.07414848,8524.07364065,2722.37828569,2722.39385546,0.04956738,2525.14308471,0.01998554,0.01998554,23446,72,0
8524.43749993,8524.43721117,2733.53401468,2733.54288188,0.05190076,2525.23932498,0.01998554,0.01998554,23445,72,0
8524.80061713,8524.80081271,2744.70796378,2744.70194885,0.05301157,2525.33357316,0.01998554,0.01998554,23444,72,0
8525.16373916,8525.16444526,2755.89938797,2755.87764092,0.04986142,2525.42587705,0.01998554,0.01998554,23443,72,0
8525.52808033,8525.52810883,2767.10814477,2767.10726569,0.04515682,2525.51652464,0.01998554,0.01998554,23442,72,0
8525.89205019,8525.89180342,2778.33518589,2778.34280973,0.04252224,2525.60511117,0.01998554,0.01998554,23441,72,0
8526.25521871,8526.25552903,2789.58158445,2789.57198128,0.05503929,2525.69153947,0.01998554,0.01998554,23440,72,0
8526.61927745,8526.61928567,2800.84803102,2800.84777602,0.05630854,2525.77620570,0.01998554,0.01998554,23439,72,0
8526.98314299,8526.98307335,2812.13437774,2812.13653994,0.04665528,2525.85883994,0.01998554,0.01998554,23438,72,0
8527.34671109,8527.34689207,2823.44036575,2823.43473728,0.04868254,2525.93940956,0.01998554,0.01998554,23437,72,0
8527.70994331,8527.71074182,2834.76579202,2834.74091687,0.05074473,2526.01789887,0.01998554,0.01998554,23436,72,0
8528.07388915,8528.07462262,2846.11059618,2846.08771003,0.04694317,2526.09452019,0.01998554,0.01998554,23435,72,0
8528.43733380,8528.43853447,2857.47473893,2857.43721460,0.04434678,2526.16900484,0.01998554,0.01998554,23434,72,0
8528.80208528,8528.80247737,2868.85810695,2868.84583327,0.05204366,2526.24170490,0.01998554,0.01998554,23433,72,0
8529.16629937,8529.16645133,2880.26038577,2880.25562159,0.04296166,2526.31223346,0.01998554,0.01998554,23432,72,0
8529.53040629,8529.53045636,2891.68122408,2891.67965205,0.05187489,2526.38066646,0.01998554,0.01998554,23431,72,0
8529.89418336,8529.89449244,2903.12059660,2903.11087634,0.05049334,2526.44695507,0.01998554,0.01998554,23430,72,0
8530.25781962,8530.25855960,2914.57942406,2914.55611412,0.04964514,2526.51113229,0.01998554,0.01998554,23429,72,0
8530.62258513,8530.62265783,2926.05880490,2926.05651082,0.04680317,2526.57340845,0.01998554,0.01998554,23428,72,0
8530.98709480,8530.98678713,2937.55941795,2937.56914369,0.05091802,2526.63353119,0.01998554,0.01998554,23427,72,0
8531.35045164,8531.35094752,2949.08070388,2949.06500229,0.05012063,2526.69134983,0.01998554,0.01998554,23426,72,0
8531.71452880,8531.71513899,2960.62187426,2960.60252189,0.05233236,2526.74715057,0.01998554,0.01998554,23425,72,0
8532.07912946,8532.07936155,2972.18254583,2972.17517311,0.04854151,2526.80087907,0.01998554,0.01998554,23424,72,0
8532.44382838,8532.44361521,2983.76348088,2983.77026438,0.04628884,2526.85245913,0.01998554,0.01998554,23423,72,0
8532.80784344,8532.80789996,2995.36564699,2995.36384526,0.04556595,2526.90177759,0.01998554,0.01998554,23422,72,0
8533.17170495,8533.17221581,3006.98969281,3006.97337841,0.04798085,2526.94890400,0.01998554,0.01998554,23421,72,0
8533.53679695,8533.53656277,3018.63543276,3018.64292453,0.05121144,2526.99399444,0.01998554,0.01998554,23420,72,0
8533.90098373,8533.90094083,3030.30254766,3030.30392254,0.04652686,2527.03676837,0.01998554,0.01998554,23419,72,0
8534.26579992,8534.26535001,3041.99095162,3042.00539509,0.04908007,2527.07739566,0.01998554,0.01998554,23418,72,0
8534.62981778,8534.62979031,3053.70109087,3053.70197445,0.04862740,2527.11570775,0.01998554,0.01998554,23417,72,0
8534.99428295,8534.99426172,3065.43348380,3065.43416782,0.04617833,2527.15182771,0.01998554,0.01998554,23416,72,0
8535.35881453,8535.35876427,3077.18804834,3077.18967060,0.04440068,2527.18569964,0.01998554,0.01998554,23415,72,0
8535.72359489,8535.72329794,3088.96354804,3088.97314814,0.04978909,2527.21732120,0.01998554,0.01998554,23414,72,0
8536.08779262,8536.08786274,3100.75862425,3100.75635386,0.04990055,2527.24660777,0.01998554,0.01998554,23413,72,0
8536.45220337,8536.45245868,3112.57315064,3112.56487049,0.05488145,2527.27361486,0.01998554,0.01998554,23412,72,0
8536.81677019,8536.81708576,3124.40893211,3124.39867946,0.04506501,2527.29832676,0.01998554,0.01998554,23411,72,0
8537.18185260,8537.18174399,3136.26792046,3136.27145607,0.04450773,2527.32075219,0.01998554,0.01998554,23410,72,0
8537.54674715,8537.54643336,3148.15078059,3148.16101443,0.04723727,2527.34083191,0.01998554,0.01998554,23409,72,0
8537.91146186,8537.91115389,3160.05659453,3160.06665660,0.04600532,2527.35855423,0.01998554,0.01998554,23408,72,0
8538.27530210,8538.27590558,3171.98438427,3171.96463271,0.05003391,2527.37388060,0.01998554,0.01998554,23407,72,0
8538.64069250,8538.64068842,3183.93407600,3183.93420960,0.04797171,2527.38689321,0.01998554,0.01998554,23406,72,0
8539.00590390,8539.00550243,3195.90643478,3195.91962232,0.04514887,2527.39750435,0.01998554,0.01998554,23405,72,0
8539.37046473,8539.37034761,3207.90219711,3207.90605127,0.04924869,2527.40569511,0.01998554,0.01998554,23404,72,0
8539.73523343,8539.73522397,3219.92128682,3219.92159871,0.04855322,2527.41147484,0.01998554,0.01998554,23403,72,0
8540.10011811,8540.10013150,3231.96308219,3231.96263991,0.05126234,2527.41482451,0.01998554,0.01998554,23402,72,0
8540.46551699,8540.46507021,3244.02707181,3244.04185444,0.04667783,2527.41572750,0.01998554,0.01998554,23401,72,0
8540.83058392,8540.83004010,3256.11369370,3256.13171989,0.04485017,2527.41416613,0.01998554,0.01998554,23400,72,0
8541.19507022,8541.19504119,3268.22382465,3268.22478883,0.04516391,2527.41013637,0.01998554,0.01998554,23399,72,0
8541.55899501,8541.56007346,3280.35820303,3280.32231872,0.04126750,2527.40363470,0.01998554,0.01998554,23398,72,0
8541.92518606,8541.92513694,3292.51687626,3292.51851393,0.04859007,2527.39457805,0.01998554,0.01998554,23397,72,0
8542.29093538,8542.29023161,3304.69968903,3304.72319525,0.04952879,2527.38299957,0.01998554,0.01998554,23396,72,0
8542.65519035,8542.65535749,3316.90649958,3316.90090663,0.04523129,2527.36893782,0.01998554,0.01998554,23395,72,0
8543.02057974,8543.02051458,3329.13720815,3329.13939257,0.04804274,2527.35228022,0.01998554,0.01998554,23394,72,0
8543.38667862,8543.38570288,3341.39172629,3341.42449947,0.04500344,2527.33301190,0.01998554,0.01998554,23393,72,0
8543.75121737,8543.75092240,3353.67034158,3353.68026785,0.04808711,2527.31124579,0.01998554,0.01998554,23392,72,0
8544.11624960,8544.11617314,3365.97397370,3365.97655191,0.04808953,2527.28685351,0.01998554,0.01998554,23391,72,0
8544.48162413,8544.48145511,3378.30357318,3378.30928417,0.04614186,2527.25981827,0.01998554,0.01998554,23390,72,0
8544.84631461,8544.84676830,3390.65922995,3390.64386989,0.05006878,2527.23020305,0.01998554,0.01998554,23389,72,0
8545.21160086,8545.21211273,3403.04018079,3403.02281800,0.04825892,2527.19789041,0.01998554,0.01998554,23388,72,0
8545.57711343,8545.57748839,3415.44569650,3415.43295360,0.03859966,2527.16289012,0.01998554,0.01998554,23387,72,0
8545.94340088,8545.94289529,3427.87578893,3427.89300399,0.04379733,2527.12512283,0.01998554,0.01998554,23386,72,0
8546.30796755,8546.30833344,3440.33088304,3440.31840026,0.04415874,2527.08483916,0.01998554,0.01998554,23385,72,0
8546.67369456,8546.67380284,3452.81142939,3452.80772792,0.04555633,2527.04170928,0.01998554,0.01998554,23384,72,0
8547.03925336,8547.03930349,3465.31795822,3465.31624105,0.04358143,2526.99586038,0.01998554,0.01998554,23383,72,0
8547.40438205,8547.40483540,3477.85102546,3477.83546522,0.04724208,2526.94731305,0.01998554,0.01998554,23382,72,0
8547.77048336,8547.77039857,3490.41087623,3490.41379235,0.04895321,2526.89585639,0.01998554,0.01998554,23381,72,0
8548.13616615,8548.13599300,3502.99706382,3503.00303047,0.04640607,2526.84166415,0.01998554,0.01998554,23380,72,0
8548.50204568,8548.50161871,3515.60904334,3515.62378551,0.04960625,2526.78463301,0.01998554,0.01998554,23379,72,0
8548.86746456,8548.86727568,3528.24625551,3528.25278933,0.04182945,2526.72485432,0.01998554,0.01998554,23378,72,0
8549.23275510,8549.23296394,3540.90812586,3540.90088812,0.04627099,2526.66226691,0.01998554,0.01998554,23377,72,0
8549.59825423,8549.59868347,3553.59432887,3553.57942507,0.04741499,2526.59679761,0.01998554,0.01998554,23376,72,0
8549.96477697,8549.96443429,3566.30676261,3566.31868574,0.05199157,2526.52825947,0.01998554,0.01998554,23375,72,0
8550.33023571,8550.33021640,3579.04849322,3579.04916674,0.04335097,2526.45700847,0.01998554,0.01998554,23374,72,0
8550.69600042,8550.69602981,3591.82140336,3591.82037601,0.04795290,2526.38275605,0.01998554,0.01998554,23373,72,0
8551.06153164,8551.06187451,3604.62311299,3604.61110355,0.04623630,2526.30560477,0.01998554,0.01998554,23372,72,0
8551.42775671,8551.42775051,3617.45033688,3617.45055453,0.03515380,2526.22535501,0.01998554,0.01998554,23371,72,0
8551.79328359,8551.79365781,3630.30267521,3630.28951727,0.04497719,2526.14229742,0.01998554,0.01998554,23370,72,0
8552.15951129,8552.15959643,3643.18397858,3643.18097796,0.04140026,2526.05607096,0.01998554,0.01998554,23369,72,0
8552.52515466,8552.52556636,3656.09805645,3656.08351084,0.04969520,2525.96693060,0.01998554,0.01998554,23368,72,0
8552.89116758,8552.89156760,3669.04412560,3669.02996073,0.03980505,2525.87463005,0.01998554,0.01998554,23367,72,0
8553.25727603,8553.25760017,3682.01853473,3682.00703448,0.04646123,2525.77923818,0.01998554,0.01998554,23366,72,0
8553.62353956,8553.62366406,3695.01875093,3695.01432490,0.04200295,2525.68073652,0.01998554,0.01998554,23365,72,0
8553.98941866,8553.98975928,3708.04667080,3708.03453617,0.04683376,2525.57924045,0.01998554,0.01998554,23364,72,0
8554.35647996,8554.35588584,3721.10519795,3721.12641345,0.05000600,2525.47426249,0.01998554,0.01998554,23363,72,0
8554.72148198,8554.72204373,3734.19523785,3734.17513298,0.04307119,2525.36671253,0.01998554,0.01998554,23362,72,0
8555.08795611,8555.08823297,3747.31495159,3747.30502221,0.05095801,2525.25555178,0.01998554,0.01998554,23361,72,0
8555.45518806,8555.45445355,3760.46250618,3760.48890211,0.04946034,2525.14096350,0.01998554,0.01998554,23360,72,0
8555.82088628,8555.82070548,3773.63796431,3773.64447533,0.04346326,2525.02365297,0.01998554,0.01998554,23359,72,0
8556.18730896,8556.18698876,3786.84235608,3786.85391164,0.04633095,2524.90287747,0.01998554,0.01998554,23358,72,0
8556.55358959,8556.55330340,3800.07655623,3800.08690699,0.04797007,2524.77888642,0.01998554,0.01998554,23357,72,0
8556.92034320,8556.91964940,3813.34099403,3813.36614238,0.04220349,2524.65144214,0.01998554,0.01998554,23356,72,0
8557.28584153,8557.28602677,3826.63601846,3826.62928901,0.04296988,2524.52113114,0.01998554,0.01998554,23355,72,0
8557.65201182,8557.65243551,3839.96175152,3839.94632558,0.04734268,2524.38725153,0.01998554,0.01998554,23354,72,0
8558.01914693,8558.01887562,3853.31811437,3853.32801416,0.04557520,2524.24965298,0.01998554,0.01998554,23353,72,0
8558.38486112,8558.38534711,3866.70536389,3866.68759020,0.04683599,2524.10921155,0.01998554,0.01998554,23352,72,0
8558.75272193,8558.75184998,3880.12525625,3880.15722267,0.04369125,2523.96450596,0.01998554,0.01998554,23351,72,0
8559.11894204,8559.11838424,3893.57992028,3893.60042219,0.04427627,2523.81697206,0.01998554,0.01998554,23350,72,0
8559.48506243,8559.48494989,3907.06936213,3907.07350861,0.04017895,2523.66598902,0.01998554,0.01998554,23349,72,0
8559.85176706,8559.85154693,3920.59084901,3920.59897698,0.04801690,2523.51127457,0.01998554,0.01998554,23348,72,0
8560.21821966,8560.21817537,3934.14220592,3934.14384499,0.04206448,2523.35317937,0.01998554,0.01998554,23347,72,0
8560.58548304,8560.58483521,3947.72597242,3947.75000307,0.04410731,2523.19118458,0.01998554,0.01998554,23346,72,0
8560.95133242,8560.95152645,3961.34646138,3961.33924429,0.04075787,2523.02620415,0.01998554,0.01998554,23345,72,0
8561.31846711,8561.31824911,3975.00428036,3975.01240896,0.04617511,2522.85698856,0.01998554,0.01998554,23344,72,0
8561.68513608,8561.68500318,3988.69408908,3988.69905472,0.04247413,2522.68437351,0.01998554,0.01998554,23343,72,0
8562.05201504,8562.05178867,4002.41109497,4002.41956915,0.04460623,2522.50808339,0.01998554,0.01998554,23342,72,0
8562.41883632,8562.41860558,4016.15870802,4016.16736639,0.04724092,2522.32817937,0.01998554,0.01998554,23341,72,0
8562.78574930,8562.78545392,4029.94394622,4029.95506231,0.04700359,2522.14447067,0.01998554,0.01998554,23340,72,0
8563.15195906,8563.15233369,4043.76960314,4043.75546676,0.04631394,2521.95729901,0.01998554,0.01998554,23339,72,0
8563.51957391,8563.51924489,4057.63128467,4057.64372899,0.04516810,2521.76560729,0.01998554,0.01998554,23338,72,0
8563.88640333,8563.88618753,4071.52454086,4071.53272036,0.04630642,2521.57056440,0.01998554,0.01998554,23337,72,0
8564.25297579,8564.25316161,4085.44965948,4085.44260014,0.04065348,2521.37187761,0.01998554,0.01998554,23336,72,0
nan,nan,0.00000000,-1.00000000,0.00000000,2525.84783313,nan,0.00000000,-2147483648,71,1
8537.54622718,8537.54643336,8.95477570,8.95022721,0.05349355,2526.27958297,0.01998554,0.01998554,23409,71,0
8537.91244805,8537.91115389,17.00382423,17.03239657,0.05610643,2526.71741239,0.01998555,0.01998554,23408,71,0
8538.27584895,8538.27590558,25.06000620,25.05875498,0.05789788,2527.15113508,0.01998554,0.01998554,23407,71,0
8538.64110436,8538.64068842,33.12345109,33.13264906,0.05394613,2527.58633738,0.01998554,0.01998554,23406,71,0
8539.00614477,8539.00550243,41.19425169,41.20846799,0.03802648,2528.02055080,0.01998554,0.01998554,23405,71,0
8539.37036785,8539.37034761,49.27220581,49.27265404,0.04697525,2528.45304844,0.01998554,0.01998554,23404,71,0
8539.73568693,8539.73522397,57.35696947,57.36723136,0.04938676,2528.88608039,0.01998554,0.01998554,23403,71,0
8540.10035127,8540.10013150,65.44819608,65.45307098,0.04644645,2529.31754906,0.01998554,0.01998554,23402,71,0
8540.46510883,8540.46507021,73.54555504,73.54641226,0.04304228,2529.74832133,0.01998554,0.01998554,23401,71,0
8540.82977922,8540.83004010,81.64908522,81.64329076,0.04485257,2530.17818402,0.01998554,0.01998554,23400,71,0
8541.19506217,8541.19504119,89.75917629,89.75964263,0.05056396,2530.60797857,0.01998554,0.01998554,23399,71,0
8541.55964446,8541.56007346,97.87623365,97.86669034,0.05395600,2531.03617909,0.01998554,0.01998554,23398,71,0
8541.92466209,8541.92513694,106.00066294,105.99009077,0.05042026,2531.46413937,0.01998554,0.01998554,23397,71,0
8542.29053534,8542.29023161,114.13270331,114.13947136,0.04663929,2531.89235804,0.01998554,0.01998554,23396,71,0
8542.65564136,8542.65535749,122.27229428,122.27862504,0.04728526,2532.31892940,0.01998554,0.01998554,23395,71,0
8543.02051609,8543.02051458,130.41934393,130.41937759,0.04886203,2532.74447510,0.01998554,0.01998554,23394,71,0
8543.38601806,8543.38570288,138.57375984,138.58080037,0.04780116,2533.16998756,0.01998554,0.01998554,23393,71,0
8543.75071556,8543.75092240,146.73543814,146.73081386,0.04620554,2533.59379244,0.01998554,0.01998554,23392,71,0
8544.11542533,8544.11617314,154.90423735,154.88750609,0.05435704,2534.01683136,0.01998554,0.01998554,23391,71,0
8544.48131339,8544.48145511,163.08000742,163.07683442,0.05069988,2534.44044259,0.01998554,0.01998554,23390,71,0
8544.84700498,8544.84676830,171.26259744,171.26790069,0.04826727,2534.86302087,0.01998554,0.01998554,23389,71,0
8545.21258682,8545.21211273,179.45190983,179.46254081,0.04841345,2535.28465990,0.01998554,0.01998554,23388,71,0
8545.57741638,8545.57748839,187.64819156,187.64657554,0.04504679,2535.70463162,0.01998554,0.01998554,23387,71,0
8545.94312673,8545.94289529,195.85182659,195.85702480,0.04378489,2536.12483258,0.01998554,0.01998554,23386,71,0
8546.30783772,8546.30833344,204.06320124,204.05205748,0.05063835,2536.54311971,0.01998554,0.01998554,23385,71,0
8546.67380131,8546.67380284,212.28266753,212.28263317,0.04701662,2536.96209000,0.01998554,0.01998554,23384,71,0
8547.03986478,8547.03930349,220.51013438,220.52277451,0.04556219,2537.38041185,0.01998554,0.01998554,23383,71,0
8547.40516446,8547.40483540,228.74521206,228.75262844,0.04184725,2537.79707763,0.01998554,0.01998554,23382,71,0
8547.77077942,8547.77039857,236.98750321,236.99609353,0.05016947,2538.21329666,0.01998554,0.01998554,23381,71,0
8548.13648403,8548.13599300,245.23662103,245.24770438,0.04878427,2538.62878857,0.01998554,0.01998554,23380,71,0
8548.50243327,8548.50161871,253.49250644,253.51090642,0.04601739,2539.04372284,0.01998554,0.01998554,23379,71,0
8548.86679308,8548.86727568,261.75545279,261.74454280,0.04504900,2539.45603656,0.01998554,0.01998554,23378,71,0
8549.23201598,8549.23296394,270.02577227,270.00432463,0.04870985,2539.86852036,0.01998554,0.01998554,23377,71,0
8549.59907677,8549.59868347,278.30377703,278.31268303,0.05179237,2540.28227900,0.01998554,0.01998554,23376,71,0
8549.96493842,8549.96443429,286.58966061,286.60108624,0.05140913,2540.69389369,0.01998554,0.01998554,23375,71,0
8550.32951223,8550.33021640,294.88342004,294.86744670,0.04989558,2541.10326957,0.01998554,0.01998554,23374,71,0
8550.69613534,8550.69602981,303.18503395,303.18742989,0.05185666,2541.51414733,0.01998554,0.01998554,23373,71,0
8551.06091501,8551.06187451,311.49448090,311.47267860,0.04715689,2541.92215965,0.01998554,0.01998554,23372,71,0
8551.42761874,8551.42775051,319.81175536,319.80875860,0.04340691,2542.33151698,0.01998554,0.01998554,23371,71,0
8551.79404192,8551.79365781,328.13689133,328.14563431,0.04700249,2542.73975153,0.01998554,0.01998554,23370,71,0
8552.15933339,8552.15959643,336.46992898,336.46393657,0.04668468,2543.14591865,0.01998554,0.01998554,23369,71,0
8552.52484998,8552.52556636,344.81090866,344.79457424,0.04013709,2543.55152892,0.01998554,0.01998554,23368,71,0
8552.89131651,8552.89156760,353.15983314,353.15410297,0.05503112,2543.95737988,0.01998554,0.01998554,23367,71,0
8553.25717712,8553.25760017,361.51656852,361.50690603,0.04402704,2544.36173778,0.01998554,0.01998554,23366,71,0
8553.62381307,8553.62366406,369.88094926,369.88435547,0.04415673,2544.76611766,0.01998554,0.01998554,23365,71,0
8553.98981361,8553.98975928,378.25280887,378.25405169,0.05365008,2545.16895211,0.01998554,0.01998554,23364,71,0
8554.35652252,8554.35588584,386.63202775,386.64660483,0.04330628,2545.57171130,0.01998554,0.01998554,23363,71,0
8554.72192638,8554.72204373,395.01873037,395.01604127,0.05597426,2545.97218909,0.01998554,0.01998554,23362,71,0
8555.08884366,8555.08823297,403.41311995,403.42712519,0.04886807,2546.37348060,0.01998554,0.01998554,23361,71,0
8555.45460502,8555.45445355,411.81540091,411.81887760,0.04943203,2546.77267193,0.01998554,0.01998554,23360,71,0
8555.81985641,8555.82070548,420.22575693,420.20625096,0.04935896,2547.17047941,0.01998554,0.01998554,23359,71,0
8556.18683821,8556.18698876,428.64422065,428.64075907,0.04304768,2547.56933738,0.01998554,0.01998554,23358,71,0
8556.55333814,8556.55330340,437.07076013,437.07155950,0.04916611,2547.96683246,0.01998554,0.01998554,23357,71,0
8556.91856420,8556.91964940,445.50534295,445.48034696,0.04725410,2548.36210709,0.01998554,0.01998554,23356,71,0
8557.28598416,8557.28602677,453.94793928,453.94695695,0.04779563,2548.75890664,0.01998554,0.01998554,23355,71,0
8557.65220655,8557.65243551,462.39854446,462.39326163,0.04435754,2549.15356168,0.01998554,0.01998554,23354,71,0
8558.01944091,8558.01887562,470.85716740,470.87022179,0.04438277,2549.54845121,0.01998554,0.01998554,23353,71,0
8558.38536996,8558.38534711,479.32381722,479.32434544,0.04744776,2549.94108181,0.01998554,0.01998554,23352,71,0
8558.75247542,8558.75184998,487.79849114,487.81295928,0.04475162,2550.33411345,0.01998554,0.01998554,23351,71,0
8559.11868787,8559.11838424,496.28104779,496.28807746,0.04902363,2550.72531996,0.01998554,0.01998554,23350,71,0
8559.48564964,8559.48494989,504.77125524,504.78746913,0.04390218,2551.11644253,0.01998554,0.01998554,23349,71,0
8559.85132788,8559.85154693,513.26887870,513.26379924,0.05166541,2551.50530270,0.01998554,0.01998554,23348,71,0
8560.21843693,8560.21817537,521.77371784,521.77978783,0.04075655,2551.89477436,0.01998554,0.01998554,23347,71,0
8560.58490553,8560.58483521,530.28608120,530.28771460,0.04837694,2552.28266842,0.01998554,0.01998554,23346,71,0
8560.95157283,8560.95152645,538.80665905,538.80773723,0.04571714,2552.66990310,0.01998554,0.01998554,23345,71,0
8561.31894485,8561.31824911,547.33615463,547.35234479,0.04602593,2553.05703827,0.01998554,0.01998554,23344,71,0
8561.68550730,8561.68500318,555.87522615,555.88696968,0.03951655,2553.44250472,0.01998554,0.01998554,23343,71,0
8562.05151090,8562.05178867,564.42372462,564.41724778,0.04442320,2553.82656012,0.01998554,0.01998554,23342,71,0
8562.41904480,8562.41860558,572.98083388,572.99108431,0.05308004,2554.21135296,0.01998554,0.01998554,23341,71,0
8562.78636903,8562.78545392,581.54571331,581.56708671,0.04731412,2554.59501583,0.01998554,0.01998554,23340,71,0
8563.15209386,8563.15233369,590.11756487,590.11195950,0.05555291,2554.97606547,0.01998554,0.01998554,23339,71,0
8563.51886738,8563.51924489,598.69644498,598.68761488,0.04437740,2555.35726292,0.01998554,0.01998554,23338,71,0
8563.88659054,8563.88618753,607.28315713,607.29259211,0.04617890,2555.73853044,0.01998554,0.01998554,23337,71,0
8564.25345988,8564.25316161,615.87853435,615.88552396,0.04238632,2556.11803147,0.01998554,0.01998554,23336,71,0
8564.62035925,8564.62016714,624.48337165,624.48787810,0.04439476,2556.49671476,0.01998554,0.01998554,23335,71,0
8564.98757374,8564.98720412,633.09767368,633.10635278,0.05519724,2556.87486975,0.01998554,0.01998554,23334,71,0
8565.35407166,8565.35427255,641.72074321,641.71602178,0.04155209,2557.25140121,0.01998554,0.01998554,23333,71,0
8565.72157329,8565.72137245,650.35185481,650.35657889,0.04668518,2557.62804042,0.01998554,0.01998554,23332,71,0
8566.08822890,8566.08850380,658.99032404,658.98385329,0.05654995,2558.00285825,0.01998554,0.01998554,23331,71,0
8566.45549341,8566.45566663,667.63626824,667.63218756,0.04344427,2558.37734512,0.01998554,0.01998554,23330,71,0
8566.82371404,8566.82286092,676.29049889,676.31061508,0.04459954,2558.75188118,0.01998554,0.01998554,23329,71,0
8567.19002376,8567.19008669,684.95385491,684.95236958,0.05693131,2559.12358648,0.01998554,0.01998554,23328,71,0
8567.55790134,8567.55734393,693.62712566,693.64029659,0.03799535,2559.49602246,0.01998554,0.01998554,23327,71,0
8567.92532080,8567.92463266,702.31023230,702.32650866,0.04279347,2559.86712667,0.01998554,0.01998554,23326,71,0
8568.29215059,8568.29195288,711.00239271,711.00707333,0.05022980,2560.23673277,0.01998554,0.01998554,23325,71,0
8568.65929236,8568.65930459,719.70280015,719.70251038,0.04345065,2560.60571254,0.01998554,0.01998554,23324,71,0
8569.02661017,8569.02668779,728.41070394,728.40886356,0.04547018,2560.97389255,0.01998554,0.01998554,23323,71,0
8569.39438940,8569.39410249,737.12617912,737.13298768,0.04748041,2561.34155650,0.01998554,0.01998554,23322,71,0
8569.76112863,8569.76154870,745.84990103,745.83992337,0.04689597,2561.70723103,0.01998554,0.01998554,23321,71,0
8570.12822120,8570.12902641,754.58256242,754.56341808,0.04472626,2562.07233366,0.01998554,0.01998554,23320,71,0
8570.49677260,8570.49653563,763.32480633,763.33044623,0.04220347,2562.43798030,0.01998554,0.01998554,23319,71,0
8570.86380244,8570.86407637,772.07668499,772.07015896,0.04811524,2562.80121257,0.01998554,0.01998554,23318,71,0
8571.23109650,8571.23164863,780.83788145,780.82471508,0.04273530,2563.16378543,0.01998554,0.01998554,23317,71,0
8571.59835198,8571.59925241,789.60807127,789.58657924,0.04404705,2563.52538202,0.01998554,0.01998554,23316,71,0
8571.96740168,8571.96688772,798.38696345,798.39924191,0.04703527,2563.88778449,0.01998554,0.01998554,23315,71,0
8572.33481659,8572.33455456,807.17457053,807.18083598,0.05458823,2564.24762195,0.01998554,0.01998554,23314,71,0
8572.70219184,8572.70225294,815.97106092,815.96959853,0.04975287,2564.60646654,0.01998554,0.01998554,23313,71,0
8573.06980926,8573.06998286,824.77660530,824.77244633,0.04154305,2564.96459605,0.01998554,0.01998554,23312,71,0
8573.43869908,8573.43774432,833.59135604,833.61425136,0.04448339,2565.32301076,0.01998554,0.01998554,23311,71,0
8573.80580552,8573.80553733,842.41534115,842.42177874,0.04361668,2565.67874101,0.01998554,0.01998554,23310,71,0
8574.17345475,8574.17336189,851.24853882,851.25076992,0.04486141,2566.03404106,0.01998554,0.01998554,23309,71,0
8574.54193035,8574.54121801,860.09092695,860.10805813,0.04982253,2566.38917498,0.01998554,0.01998554,23308,71,0
8574.90897732,8574.90910568,868.94254225,868.93945228,0.05334008,2566.74196950,0.01998554,0.01998554,23307,71,0
8575.27764399,8575.27702492,877.80370002,877.81861763,0.04077369,2567.09536260,0.01998554,0.01998554,23306,71,0
8575.64482579,8575.64497573,886.67479955,886.67118256,0.04926214,2567.44638967,0.01998554,0.01998554,23305,71,0
8576.01268651,8576.01295811,895.55624251,895.54968370,0.04139255,2567.79713411,0.01998554,0.01998554,23304,71,0
8576.38102460,8576.38097207,904.44818426,904.44945415,0.04475817,2568.14740116,0.01998554,0.01998554,23303,71,0
8576.74919985,8576.74901761,913.34996001,913.35437000,0.04343999,2568.49655044,0.01998554,0.01998554,23302,71,0
8577.11678396,8577.11709473,922.26073161,922.25320483,0.04843806,2568.84414202,0.01998554,0.01998554,23301,71,0
8577.48520078,8577.48520344,931.17965793,931.17959323,0.04779547,2569.19148499,0.01998554,0.01998554,23300,71,0
8577.85295362,8577.85334375,940.10638451,940.09692053,0.04787972,2569.53715053,0.01998554,0.01998554,23299,71,0
8578.22155718,8578.22151565,949.04165421,949.04266264,0.05085524,2569.88258708,0.01998554,0.01998554,23298,71,0
8578.59048050,8578.58971915,957.98636363,958.00486849,0.04921163,2570.22732320,0.01998554,0.01998554,23297,71,0
8578.95829504,8578.95795426,966.94140356,966.94969558,0.05367609,2570.57005738,0.01998554,0.01998554,23296,71,0
8579.32638805,8579.32622098,975.90705942,975.91112914,0.05327983,2570.91209205,0.01998554,0.01998554,23295,71,0
8579.69471916,8579.69451930,984.88271279,984.88758569,0.05078327,2571.25335976,0.01998554,0.01998554,23294,71,0
8580.06346972,8580.06284925,993.86766800,993.88281039,0.05357030,2571.59399538,0.01998554,0.01998554,23293,71,0
8580.43145267,8580.43121082,1002.86125341,1002.86716085,0.05212085,2571.93287468,0.01998554,0.01998554,23292,71,0
8580.79963462,8580.79960401,1011.86340040,1011.86414879,0.05344414,2572.27088417,0.01998554,0.01998554,23291,71,0
8581.16803276,8581.16802883,1020.87462167,1020.87471773,0.05447581,2572.60805346,0.01998554,0.01998554,23290,71,0
8581.53646397,8581.53648529,1029.89545660,1029.89493430,0.05479210,2572.94423020,0.01998554,0.01998554,23289,71,0
8581.90476796,8581.90497338,1038.92639947,1038.92136226,0.04847169,2573.27928282,0.01998554,0.01998554,23288,71,0
8582.27348143,8582.27349312,1047.96744433,1047.96715748,0.04898249,2573.61369395,0.01998554,0.01998554,23287,71,0
8582.64269978,8582.64204450,1057.01828696,1057.03438716,0.05107834,2573.94753085,0.01998554,0.01998554,23286,71,0
8583.01033634,8583.01062753,1066.07861723,1066.07145615,0.04934019,2574.27889592,0.01998554,0.01998554,23285,71,0
8583.37919833,8583.37924221,1075.14817743,1075.14709724,0.04554869,2574.61030757,0.01998554,0.01998554,23284,71,0
8583.74730921,8583.74788855,1084.22700628,1084.21273184,0.04441647,2574.93998548,0.01998554,0.01998554,23283,71,0
8584.11731021,8584.11656656,1093.31524417,1093.33358454,0.04352352,2575.27029138,0.01998554,0.01998554,23282,71,0
8584.48569029,8584.48527623,1102.41303257,1102.42325431,0.04118608,2575.59809092,0.01998554,0.01998554,23281,71,0
8584.85350095,8584.85401757,1111.52060335,1111.50783685,0.04563328,2575.92433348,0.01998554,0.01998554,23280,71,0
8585.22341722,8585.22279059,1120.63844860,1120.65395033,0.04367167,2576.25139866,0.01998554,0.01998554,23279,71,0
8585.59124455,8585.59159528,1129.76711010,1129.75842382,0.05118134,2576.57559261,0.01998554,0.01998554,23278,71,0
8585.96087640,8585.96043166,1138.90712407,1138.91815162,0.05492596,2576.90036250,0.01998554,0.01998554,23277,71,0
8586.32900835,8586.32929972,1148.05850591,1148.05127330,0.05164545,2577.22279941,0.01998554,0.01998554,23276,71,0
8586.69787884,8586.69819947,1157.22046940,1157.21250228,0.04679569,2577.54483465,0.01998554,0.01998554,23275,71,0
8587.06724713,8587.06713092,1166.39215539,1166.39504562,0.04639379,2577.86621820,0.01998554,0.01998554,23274,71,0
8587.43599486,8587.43609407,1175.57275854,1175.57028888,0.03888552,2578.18594543,0.01998554,0.01998554,23273,71,0
8587.80545828,8587.80508892,1184.76242153,1184.77162483,0.05054600,2578.50517571,0.01998554,0.01998554,23272,71,0
8588.17456909,8588.17411547,1193.96205531,1193.97336974,0.04783040,2578.82301196,0.01998554,0.01998554,23271,71,0
8588.54376627,8588.54317374,1203.17259863,1203.18739482,0.04489614,2579.13986136,0.01998554,0.01998554,23270,71,0
8588.91185356,8588.91226373,1212.39484074,1212.38458609,0.03983113,2579.45472384,0.01998554,0.01998554,23269,71,0
8589.28107832,8589.28138543,1221.62857303,1221.62088631,0.04582466,2579.76950953,0.01998554,0.01998554,23268,71,0
8589.65047559,8589.65053886,1230.87318783,1230.87160251,0.04899168,2580.08336458,0.01998554,0.01998554,23267,71,0
8590.01966195,8590.01972401,1240.12807256,1240.12651593,0.04657757,2580.39593806,0.01998554,0.01998554,23266,71,0
8590.38866355,8590.38894090,1249.39283687,1249.38587392,0.04317027,2580.70723638,0.01998554,0.01998554,23265,71,0
8590.75784641,8590.75818952,1258.66772358,1258.65910079,0.04970348,2581.01757222,0.01998554,0.01998554,23264,71,0
8591.12747704,8591.12746988,1267.95308790,1267.95326800,0.04976909,2581.32717423,0.01998554,0.01998554,23263,71,0
8591.49689887,8591.49678199,1277.24928197,1277.25222583,0.04241657,2581.63549853,0.01998554,0.01998554,23262,71,0
8591.86629128,8591.86612584,1286.55646209,1286.56063324,0.03959274,2581.94269635,0.01998554,0.01998554,23261,71,0
8592.23452074,8592.23550145,1295.87453536,1295.84978237,0.05168703,2582.24782259,0.01998554,0.01998554,23260,71,0
8592.60487306,8592.60490881,1305.20339221,1305.20248900,0.04083821,2582.55358732,0.01998554,0.01998554,23259,71,0
8592.97457222,8592.97434793,1314.54292006,1314.54859313,0.03960651,2582.85768362,0.01998554,0.01998554,23258,71,0
8593.34402774,8593.34381882,1323.89298461,1323.89827454,0.04806490,2583.16044348,0.01998554,0.01998554,23257,71,0
8593.71373756,8593.71332147,1333.25343877,1333.26398477,0.04316751,2583.46226558,0.01998554,0.01998554,23256,71,0
8594.08277282,8594.08285590,1342.62413428,1342.62202655,0.05164193,2583.76238435,0.01998554,0.01998554,23255,71,0
8594.45320671,8594.45242211,1352.00505188,1352.02497822,0.04472520,2584.06247735,0.01998554,0.01998554,23254,71,0
8594.82218107,8594.82202009,1361.39663225,1361.40072502,0.04058749,2584.36023898,0.01998554,0.01998554,23253,71,0
8595.19269892,8595.19164986,1370.79942074,1370.82612233,0.04982955,2584.65810484,0.01998554,0.01998554,23252,71,0
8595.56188719,8595.56131142,1380.21395740,1380.22862984,0.04290792,2584.95377628,0.01998554,0.01998554,23251,71,0
8595.93099734,8595.93100478,1389.64038521,1389.64019546,0.04896864,2585.24826122,0.01998554,0.01998554,23250,71,0
8596.30114865,8596.30072993,1399.07829866,1399.08899314,0.04510306,2585.54243039,0.01998554,0.01998554,23249,71,0
8596.67092530,8596.67048688,1408.52724957,1408.53845920,0.04980525,2585.83513660,0.01998554,0.01998554,23248,71,0
8597.04057038,8597.04027564,1417.98682032,1417.99436406,0.05206514,2586.12655696,0.01998554,0.01998554,23247,71,0
8597.41006633,8597.41009620,1427.45690064,1427.45613527,0.04227384,2586.41667098,0.01998554,0.01998554,23246,71,0
8597.77960004,8597.77994859,1436.93754650,1436.92860743,0.04803146,2586.70562305,0.01998554,0.01998554,23245,71,0
8598.15019362,8598.14983278,1446.42881599,1446.43807999,0.04089409,2586.99420418,0.01998554,0.01998554,23244,71,0
8598.51979673,8598.51974881,1455.93095437,1455.93218608,0.04962793,2587.28082015,0.01998554,0.01998554,23243,71,0
8598.88902546,8598.88969665,1465.44475782,1465.42748677,0.04191286,2587.56597433,0.01998554,0.01998554,23242,71,0
8599.25963014,8599.25967633,1474.97112861,1474.96993845,0.04929324,2587.85103541,0.01998554,0.01998554,23241,71,0
8599.62991520,8599.62968784,1484.51093003,1484.51679593,0.05059357,2588.13471429,0.01998554,0.01998554,23240,71,0
8600.00002708,8599.99973119,1494.06393234,1494.07157566,0.04794783,2588.41711256,0.01998554,0.01998554,23239,71,0
8600.36972273,8600.36980639,1503.62877282,1503.62660958,0.05054385,2588.69800170,0.01998554,0.01998554,23238,71,0
8600.74029431,8600.73991343,1513.20402710,1513.21388573,0.04306125,2588.97831436,0.01998554,0.01998554,23237,71,0
8601.11024828,8601.11005232,1522.78858136,1522.79365803,0.04480893,2589.25688258,0.01998554,0.01998554,23236,71,0
8601.48052491,8601.48022306,1532.38310248,1532.39093029,0.03839710,2589.53443111,0.01998554,0.01998554,23235,71,0
8601.85034882,8601.85042567,1541.98888177,1541.98688669,0.05024337,2589.81041198,0.01998554,0.01998554,23234,71,0
8602.22030673,8602.22066013,1551.60721082,1551.59802382,0.05256858,2590.08529637,0.01998554,0.01998554,23233,71,0
8602.59122762,8602.59092647,1561.23868104,1561.24651953,0.04264724,2590.35970603,0.01998554,0.01998554,23232,71,0
8602.96129096,8602.96122468,1570.88270722,1570.88443447,0.05004609,2590.63227115,0.01998554,0.01998554,23231,71,0
8603.33172362,8603.33155476,1580.53858816,1580.54299341,0.04983825,2590.90387241,0.01998554,0.01998554,23230,71,0
8603.70232424,8603.70191672,1590.20569969,1590.21634250,0.03946232,2591.17433672,0.01998554,0.01998554,23229,71,0
8604.07208624,8604.07231057,1599.88415526,1599.87829035,0.04774379,2591.44293100,0.01998554,0.01998554,23228,71,0
8604.44248927,8604.44273630,1609.57446282,1609.56799678,0.05083014,2591.71073997,0.01998554,0.01998554,23227,71,0
8604.81311377,8604.81319393,1619.27713671,1619.27503605,0.05439035,2591.97746464,0.01998554,0.01998554,23226,71,0
8605.18359419,8605.18368345,1628.99246867,1628.99012676,0.05027246,2592.24284388,0.01998554,0.01998554,23225,71,0
8605.55430069,8605.55420487,1638.72022894,1638.72274608,0.05038520,2592.50713043,0.01998554,0.01998554,23224,71,0
8605.92450618,8605.92475820,1648.46011219,1648.45348418,0.04941758,2592.76979347,0.01998554,0.01998554,23223,71,0
8606.29559660,8606.29534343,1658.21184542,1658.21851102,0.05636103,2593.03180153,0.01998554,0.01998554,23222,71,0
8606.66587744,8606.66596058,1667.97558062,1667.97338895,0.04936093,2593.29195645,0.01998554,0.01998554,23221,71,0
8607.03642686,8607.03660965,1677.75175830,1677.74693414,0.04588690,2593.55102472,0.01998554,0.01998554,23220,71,0
8607.40747382,8607.40729063,1687.54082726,1687.54566789,0.05119563,2593.80916855,0.01998554,0.01998554,23219,71,0
8607.77787901,8607.77800354,1697.34302041,1697.33972566,0.03927651,2594.06559623,0.01998554,0.01998554,23218,71,0
8608.14869855,8608.14874838,1707.15797561,1707.15665566,0.04945795,2594.32102461,0.01998554,0.01998554,23217,71,0
8608.51971218,8608.51952516,1716.98522728,1716.99018703,0.05010426,2594.57528092,0.01998554,0.01998554,23216,71,0
8608.88986164,8608.89033387,1726.82434431,1726.81180716,0.04822509,2594.82762683,0.01998554,0.01998554,23215,71,0
8609.26203802,8609.26117452,1736.67540876,1736.69836011,0.04659409,2595.08002373,0.01998554,0.01998554,23214,71,0
8609.63189362,8609.63204712,1746.53887565,1746.53479071,0.04877885,2595.32953074,0.01998554,0.01998554,23213,71,0
8610.00330308,8610.00295167,1756.41521139,1756.42457453,0.04922691,2595.57877183,0.01998554,0.01998554,23212,71,0
8610.37402332,8610.37388817,1766.30474257,1766.30834807,0.05022323,2595.82623933,0.01998554,0.01998554,23211,71,0
8610.74440611,8610.74485663,1776.20741405,1776.19538030,0.04701518,2596.07216602,0.01998554,0.01998554,23210,71,0
8611.11589823,8611.11585706,1786.12310647,1786.12420766,0.04956996,2596.31749939,0.01998554,0.01998554,23209,71,0
8611.48681351,8611.48688945,1796.05170062,1796.04966736,0.05509820,2596.56111404,0.01998554,0.01998554,23208,71,0
8611.85801852,8611.85795381,1805.99308971,1805.99482446,0.04838689,2596.80357209,0.01998554,0.01998554,23207,71,0
8612.22951535,8612.22905014,1815.94717480,1815.95966057,0.04805958,2597.04486338,0.01998554,0.01998554,23206,71,0
8612.60104531,8612.60017846,1825.91385681,1825.93715001,0.04959185,2597.28480980,0.01998554,0.01998554,23205,71,0
8612.97111102,8612.97133875,1835.89314813,1835.88702146,0.04671715,2597.52244663,0.01998554,0.01998554,23204,71,0
8613.34224433,8613.34253104,1845.88530942,1845.87758677,0.04743638,2597.75940217,0.01998554,0.01998554,23203,71,0
8613.71381971,8613.71375531,1855.89063655,1855.89237336,0.04777386,2597.99526962,0.01998554,0.01998554,23202,71,0
8614.08517453,8614.08501158,1865.90942928,1865.91382949,0.04686775,2598.22962794,0.01998554,0.01998554,23201,71,0
8614.45587044,8614.45629985,1875.94200307,1875.93039241,0.04515390,2598.46220632,0.01998554,0.01998554,23200,71,0
8614.82750485,8614.82762013,1885.98868257,1885.98556135,0.04965336,2598.69400641,0.01998554,0.01998554,23199,71,0
8615.19868905,8615.19897241,1896.04978752,1896.04210517,0.04617349,2598.92415994,0.01998554,0.01998554,23198,71,0
8615.57027510,8615.57035671,1906.12519505,1906.12297974,0.05126711,2599.15318589,0.01998554,0.01998554,23197,71,0
8615.94207892,8615.94177302,1916.21409189,1916.22240626,0.05650120,2599.38094223,0.01998554,0.01998554,23196,71,0
8616.31347466,8616.31322135,1926.31559891,1926.32249146,0.04940835,2599.60702065,0.01998554,0.01998554,23195,71,0
8616.68430558,8616.68470170,1936.42910009,1936.41830949,0.04838833,2599.83131183,0.01998554,0.01998554,23194,71,0
8617.05664405,8617.05621409,1946.55534035,1946.56706717,0.04670787,2600.05507446,0.01998554,0.01998554,23193,71,0
8617.42773552,8617.42775850,1956.69550116,1956.69487342,0.04446639,2600.27667135,0.01998554,0.01998554,23192,71,0
8617.79925013,8617.79933496,1966.85071719,1966.84839717,0.04524406,2600.49712243,0.01998554,0.01998554,23191,71,0
8618.17092608,8618.17094345,1977.02098139,1977.02050548,0.05321023,2600.71626167,0.01998554,0.01998554,23190,71,0
8618.54283088,8618.54258399,1987.20521219,1987.21198168,0.05308988,2600.93409637,0.01998554,0.01998554,23189,71,0
8618.91432769,8618.91425658,1997.40227892,1997.40423074,0.04899669,2601.15022399,0.01998554,0.01998554,23188,71,0
8619.28617283,8619.28596123,2007.61147885,2007.61729398,0.04675170,2601.36506406,0.01998554,0.01998554,23187,71,0
8619.65726571,8619.65769793,2017.83323978,2017.82134804,0.04922985,2601.57798624,0.01998554,0.01998554,23186,71,0
8620.02927507,8620.02946669,2028.06817519,2028.06289642,0.05664067,2601.78995368,0.01998554,0.01998554,23185,71,0
8620.40137350,8620.40126752,2038.31690857,2038.31983183,0.05031547,2602.00049539,0.01998554,0.01998554,23184,71,0
8620.77295403,8620.77310042,2048.58010788,2048.57606462,0.04906276,2602.20927737,0.01998554,0.01998554,23183,71,0
8621.14486981,8621.14496539,2058.85846513,2058.85582133,0.04403619,2602.41678699,0.01998554,0.01998554,23182,71,0
8621.51701033,8621.51686245,2069.15266147,2069.15675803,0.04446994,2602.62296552,0.01998554,0.01998554,23181,71,0
8621.88844658,8621.88879158,2079.46284597,2079.45327548,0.04692957,2602.82729630,0.01998554,0.01998554,23180,71,0
8622.26040905,8622.26075280,2089.78852762,2089.77897858,0.04475375,2603.03043989,0.01998554,0.01998554,23179,71,0
8622.63306227,8622.63274611,2100.12917371,2100.13796803,0.05162691,2603.23246092,0.01998554,0.01998554,23178,71,0
8623.00513680,8623.00477152,2110.48435148,2110.49452541,0.04543506,2603.43265490,0.01998554,0.01998554,23177,71,0
8623.37668050,8623.37682903,2120.85393577,2120.84979356,0.04486088,2603.63104489,0.01998554,0.01998554,23176,71,0
8623.74881293,8623.74891864,2131.23785793,2131.23490592,0.05476422,2603.82822001,0.01998554,0.01998554,23175,71,0
8624.12152085,8624.12104036,2141.63609666,2141.64953177,0.04756772,2604.02415866,0.01998554,0.01998554,23174,71,0
8624.49319837,8624.49319419,2152.04900720,2152.04912415,0.04955532,2604.21801902,0.01998554,0.01998554,23173,71,0
8624.86533766,8624.86538013,2162.47712562,2162.47593467,0.04719907,2604.41058556,0.01998554,0.01998554,23172,71,0
8625.23812944,8625.23759820,2172.92097801,2172.93589458,0.04992948,2604.60195217,0.01998554,0.01998554,23171,71,0
8625.61029309,8625.60984839,2183.38070051,2183.39320466,0.05094360,2604.79145600,0.01998554,0.01998554,23170,71,0
8625.98173912,8625.98213071,2193.85601381,2193.84498748,0.04421195,2604.97904704,0.01998554,0.01998554,23169,71,0
8626.35434793,8626.35444516,2204.34661609,2204.34387453,0.04761300,2605.16565912,0.01998554,0.01998554,23168,71,0
8626.72624381,8626.72679175,2214.85218902,2214.83671894,0.04370804,2605.35033688,0.01998554,0.01998554,23167,71,0
8627.09957331,8627.09917048,2225.37237991,2225.38376765,0.04823262,2605.53412811,0.01998554,0.01998554,23166,71,0
8627.47174244,8627.47158135,2235.90682853,2235.91138794,0.05247849,2605.71574061,0.01998554,0.01998554,23165,71,0
8627.84422856,8627.84402438,2246.45532502,2246.46111172,0.04920534,2605.89589015,0.01998554,0.01998554,23164,71,0
8628.21591281,8628.21649956,2257.01843584,2257.00178489,0.05261040,2606.07404133,0.01998554,0.01998554,23163,71,0
8628.58835491,8628.58900689,2267.59697820,2267.57845009,0.04586187,2606.25094836,0.01998554,0.01998554,23162,71,0
8628.96176966,8628.96154639,2278.19172865,2278.19808315,0.05043111,2606.42670715,0.01998554,0.01998554,23161,71,0
8629.33422863,8629.33411805,2288.80291230,2288.80606386,0.05325218,2606.60040546,0.01998554,0.01998554,23160,71,0
8629.70681312,8629.70672188,2299.43039533,2299.43299942,0.04600872,2606.77254255,0.01998554,0.01998554,23159,71,0
8630.07997729,8630.07935789,2310.07403251,2310.09173710,0.04883676,2606.94331310,0.01998554,0.01998554,23158,71,0
8630.45195612,8630.45202608,2320.73353978,2320.73153742,0.04623380,2607.11190078,0.01998554,0.01998554,23157,71,0
8630.82459967,8630.82472645,2331.40846374,2331.40483017,0.05011660,2607.27913249,0.01998554,0.01998554,23156,71,0
8631.19726515,8631.19745900,2342.09833910,2342.09277588,0.05139197,2607.44470027,0.01998554,0.01998554,23155,71,0
8631.57005283,8631.57022375,2352.80317126,2352.79825961,0.05113245,2607.60864027,0.01998554,0.01998554,23154,71,0
8631.94244565,8631.94302069,2363.52402006,2363.50747094,0.04660793,2607.77073533,0.01998554,0.01998554,23153,71,0
8632.31553945,8632.31584983,2374.26209673,2374.25315002,0.04763153,2607.93147030,0.01998554,0.01998554,23152,71,0
8632.68790385,8632.68871118,2385.01827319,2384.99496545,0.05084000,2608.09023318,0.01998554,0.01998554,23151,71,0
8633.06184520,8633.06160473,2395.79199905,2395.79895191,0.05330347,2608.24798437,0.01998554,0.01998554,23150,71,0
8633.43451277,8633.43453049,2406.58235370,2406.58184053,0.04593990,2608.40349701,0.01998554,0.01998554,23149,71,0
8633.80744147,8633.80748847,2417.38851413,2417.38715127,0.04942380,2608.55739840,0.01998554,0.01998554,23148,71,0
8634.18041046,8634.18047868,2428.21043504,2428.20845439,0.04954055,2608.70958665,0.01998554,0.01998554,23147,71,0
8634.55339801,8634.55350110,2439.04842270,2439.04542543,0.05001206,2608.86004865,0.01998554,0.01998554,23146,71,0
8634.92571344,8634.92655576,2449.90281142,2449.87828558,0.04886679,2609.00850669,0.01998554,0.01998554,23145,71,0
8635.29981760,8635.29964264,2460.77426243,2460.77936430,0.05255432,2609.15593468,0.01998554,0.01998554,23144,71,0
8635.67253256,8635.67276177,2471.66367829,2471.65698348,0.04600659,2609.30108064,0.01998554,0.01998554,23143,71,0
8636.04526929,8636.04591313,2482.57193496,2482.55309791,0.05142929,2609.44450573,0.01998554,0.01998554,23142,71,0
8636.41872237,8636.41909675,2493.49879679,2493.48782671,0.04956742,2609.58645928,0.01998554,0.01998554,23141,71,0
8636.79135126,8636.79231261,2504.44278307,2504.41457375,0.04340433,2609.72632806,0.01998554,0.01998554,23140,71,0
8637.16503901,8637.16556072,2515.40234894,2515.38702038,0.04757494,2609.86478895,0.01998554,0.01998554,23139,71,0
8637.53850331,8637.53884109,2526.37694581,2526.36700831,0.04839575,2610.00134590,0.01998554,0.01998554,23138,71,0
8637.91178958,8637.91215373,2537.36767189,2537.35694316,0.04842026,2610.13602404,0.01998554,0.01998554,23137,71,0
8638.28564179,8638.28549863,2548.37578645,2548.38001098,0.04908590,2610.26909571,0.01998554,0.01998554,23136,71,0
8638.65824074,8638.65887580,2559.40209479,2559.38332595,0.05010638,2610.39991880,0.01998554,0.01998554,23135,71,0
8639.03176426,8639.03228525,2570.44631850,2570.43089784,0.04880920,2610.52924761,0.01998554,0.01998554,23134,71,0
8639.40546990,8639.40572697,2581.50802038,2581.50040002,0.05040648,2610.65680257,0.01998554,0.01998554,23133,71,0
8639.77934787,8639.77920098,2592.58692220,2592.59128281,0.05279769,2610.78256542,0.01998554,0.01998554,23132,71,0
8640.15280290,8640.15270728,2603.68327722,2603.68612004,0.05172904,2610.90633155,0.01998554,0.01998554,23131,71,0
8640.52596511,8640.52624587,2614.79745011,2614.78909025,0.05123349,2611.02814423,0.01998554,0.01998554,23130,71,0
8640.90016475,8640.89981675,2625.92981556,2625.94019400,0.04807208,2611.14842671,0.01998554,0.01998554,23129,71,0
8641.27315945,8641.27341993,2637.08078098,2637.07300015,0.05209051,2611.26645417,0.01998554,0.01998554,23128,71,0
8641.64706562,8641.64705542,2648.25076564,2648.25107084,0.04926526,2611.38289296,0.01998554,0.01998554,23127,71,0
8642.02091350,8642.02072322,2659.44010311,2659.44580567,0.04737138,2611.49742794,0.01998554,0.01998554,23126,71,0
8642.39466512,8642.39442333,2670.64861945,2670.65587736,0.05340546,2611.61003659,0.01998554,0.01998554,23125,71,0
8642.76782288,8642.76815575,2681.87595828,2681.86595069,0.04874508,2611.72056057,0.01998554,0.01998554,23124,71,0
8643.14194878,8643.14192050,2693.12183249,2693.12268404,0.04890678,2611.82944684,0.01998554,0.01998554,23123,71,0
8643.51534136,8643.51571757,2704.38646854,2704.37512214,0.04612724,2611.93619064,0.01998554,0.01998554,23122,71,0
8643.88976496,8643.88954697,2715.67031742,2715.67690285,0.04289828,2612.04128814,0.01998554,0.01998554,23121,71,0
8644.26394696,8644.26340870,2726.97374454,2726.99003166,0.05183842,2612.14436893,0.01998554,0.01998554,23120,71,0
8644.63685012,8644.63730278,2738.29635746,2738.28263894,0.04271193,2612.24514520,0.01998554,0.01998554,23119,71,0
8645.01120675,8645.01122919,2749.63737925,2749.63669809,0.05123015,2612.34433692,0.01998554,0.01998554,23118,71,0
8645.38558548,8645.38518795,2760.99614236,2761.00822609,0.04771406,2612.44153755,0.01998554,0.01998554,23117,71,0
8645.75976723,8645.75917906,2772.37311728,2772.39102373,0.04875496,2612.53668593,0.01998554,0.01998554,23116,71,0
8646.13305345,8646.13320253,2783.76941336,2783.76486733,0.05265364,2612.62961234,0.01998554,0.01998554,23115,71,0
8646.50658226,8646.50725835,2795.18607688,2795.16542396,0.04865222,2612.72060310,0.01998554,0.01998554,23114,71,0
8646.88132113,8646.88134654,2806.62333258,2806.62255518,0.04979843,2612.80987288,0.01998554,0.01998554,23113,71,0
8647.25493574,8647.25546709,2818.08091779,2818.06463133,0.04944684,2612.89685171,0.01998554,0.01998554,23112,71,0
8647.62929532,8647.62962002,2829.55857380,2829.54860495,0.05070191,2612.98196483,0.01998554,0.01998554,23111,71,0
8648.00410698,8648.00380532,2841.05617741,2841.06545430,0.04707246,2613.06512397,0.01998554,0.01998554,23110,71,0
8648.37816893,8648.37802300,2852.57368685,2852.57818192,0.05080074,2613.14605372,0.01998554,0.01998554,23109,71,0
8648.75190753,8648.75227306,2864.11104225,2864.09976447,0.05013460,2613.22484390,0.01998554,0.01998554,23108,71,0
8649.12623537,8649.12655552,2875.66799337,2875.65810007,0.05180856,2613.30167216,0.01998554,0.01998554,23107,71,0
8649.50093427,8649.50087036,2887.24417627,2887.24615435,0.04447252,2613.37647259,0.01998554,0.01998554,23106,71,0
8649.87549753,8649.87521761,2898.83931840,2898.84799558,0.04967197,2613.44912975,0.01998554,0.01998554,23105,71,0
8650.25043078,8650.24959725,2910.45405277,2910.47993392,0.04734808,2613.51973307,0.01998554,0.01998554,23104,71,0
8650.62454723,8650.62400930,2922.08951651,2922.10624827,0.04710767,2613.58805861,0.01998554,0.01998554,23103,71,0
8650.99909497,8650.99845376,2933.74671438,2933.76669449,0.04460405,2613.65433169,0.01998554,0.01998554,23102,71,0
8651.37306505,8651.37293063,2945.42543491,2945.42963086,0.04612191,2613.71836181,0.01998554,0.01998554,23101,71,0
8651.74751402,8651.74743992,2957.12486179,2957.12717870,0.04542721,2613.78031448,0.01998554,0.01998554,23100,71,0
8652.12160603,8652.12198163,2968.84433626,2968.83257406,0.05022555,2613.84003555,0.01998554,0.01998554,23099,71,0
8652.49675867,8652.49655576,2980.58436533,2980.59073025,0.04829351,2613.89773644,0.01998554,0.01998554,23098,71,0
8652.87109933,8652.87116233,2992.34595461,2992.34397486,0.04676260,2613.95312008,0.01998554,0.01998554,23097,71,0
8653.24572196,8653.24580133,3004.12996044,3004.12746153,0.04693387,2614.00634466,0.01998554,0.01998554,23096,71,0
8653.62082984,8653.62047278,3015.93635633,3015.94761782,0.04601214,2614.05741951,0.01998554,0.01998554,23095,71,0
8653.99579448,8653.99517666,3027.76480925,3027.78432942,0.04626964,2614.10624201,0.01998554,0.01998554,23094,71,0
8654.37045974,8654.36991299,3039.61512012,3039.63242523,0.05000895,2614.15278255,0.01998554,0.01998554,23093,71,0
8654.74462506,8654.74468178,3051.48767432,3051.48587610,0.04371504,2614.19701243,0.01998554,0.01998554,23092,71,0
8655.11963500,8655.11948301,3063.38301695,3063.38784501,0.04620451,2614.23907673,0.01998554,0.01998554,23091,71,0
8655.49365747,8655.49431671,3075.30128295,3075.28030295,0.04455464,2614.27875876,0.01998554,0.01998554,23090,71,0
8655.86924268,8655.86918288,3087.24130380,3087.24321032,0.04741437,2614.31630717,0.01998554,0.01998554,23089,71,0
8656.24468031,8656.24408151,3099.20164720,3099.22076531,0.04531152,2614.35152145,0.01998554,0.01998554,23088,71,0
8656.61823515,8656.61901261,3111.18185497,3111.15699197,0.04518920,2614.38424489,0.01998554,0.01998554,23087,71,0
8656.99404055,8656.99397619,3123.18368092,3123.18574284,0.04430079,2614.41482910,0.01998554,0.01998554,23086,71,0
8657.36927802,8657.36897226,3135.20918023,3135.21899532,0.04436803,2614.44302123,0.01998554,0.01998554,23085,71,0
8657.74409260,8657.74400080,3147.25926279,3147.26221506,0.04465496,2614.46882966,0.01998554,0.01998554,23084,71,0
8658.11996902,8658.11906184,3159.33302865,3159.36225870,0.04457494,2614.49233467,0.01998554,0.01998554,23083,71,0
8658.49417109,8658.49415537,3171.42944511,3171.42995241,0.04204074,2614.51335560,0.01998554,0.01998554,23082,71,0
8658.86910993,8658.86928140,3183.54835918,3183.54281450,0.04488442,2614.53202355,0.01998554,0.01998554,23081,71,0
8659.24447694,8659.24443993,3195.69055635,3195.69175524,0.04752775,2614.54829990,0.01998554,0.01998554,23080,71,0
8659.61957095,8659.61963097,3207.85680882,3207.85486084,0.04697788,2614.56214004,0.01998554,0.01998554,23079,71,0
8659.99511779,8659.99485452,3220.04705108,3220.05561223,0.04586736,2614.57355489,0.01998554,0.01998554,23078,71,0
8660.36967353,8660.37011058,3232.26063558,3232.24639799,0.04552267,2614.58249141,0.01998554,0.01998554,23077,71,0
8660.74549572,8660.74539917,3244.49704263,3244.50019365,0.04475826,2614.58898687,0.01998554,0.01998554,23076,71,0
8661.12095575,8661.12072027,3256.75675738,3256.76445635,0.04768792,2614.59299093,0.01998554,0.01998554,23075,71,0
8661.49565742,8661.49607391,3269.04069573,3269.02705250,0.04777807,2614.59449686,0.01998553,0.01998554,23074,71,0
8661.87162253,8661.87146007,3281.34959290,3281.35492512,0.04184287,2614.59349330,0.01998554,0.01998554,23073,71,0
8662.24659683,8662.24687877,3293.68346052,3293.67418878,0.05295473,2614.58996881,0.01998554,0.01998554,23072,71,0
8662.62239856,8662.62233001,3306.04213634,3306.04439482,0.04881348,2614.58389324,0.01998554,0.01998554,23071,71,0
8662.99744219,8662.99781380,3318.42547698,3318.41320960,0.04207509,2614.57527694,0.01998553,0.01998554,23070,71,0
8663.37310345,8663.37333014,3330.83338063,3330.82588322,0.04673815,2614.56407519,0.01998554,0.01998554,23069,71,0
8663.74901039,8663.74887903,3343.26576666,3343.27011945,0.04603714,2614.55027566,0.01998554,0.01998554,23068,71,0
8664.12414001,8664.12446047,3355.72305488,3355.71241524,0.04688326,2614.53390621,0.01998553,0.01998554,23067,71,0
8664.49944412,8664.50007448,3368.20623785,3368.18526720,0.04500220,2614.51491510,0.01998553,0.01998554,23066,71,0
8664.87612967,8664.87572105,3380.71624581,3380.72986791,0.04953047,2614.49320768,0.01998554,0.01998554,23065,71,0
8665.25094414,8665.25140020,3393.25291700,3393.23768293,0.04739058,2614.46896073,0.01998553,0.01998554,23064,71,0
8665.62651112,8665.62711192,3405.81542503,3405.79531730,0.04703725,2614.44200219,0.01998553,0.01998554,23063,71,0
8666.00241218,8666.00285621,3418.40310987,3418.38822030,0.04074814,2614.41233656,0.01998553,0.01998554,23062,71,0
8666.37851942,8666.37863309,3431.01616732,3431.01234831,0.04459197,2614.37995236,0.01998554,0.01998554,23061,71,0
8666.75416368,8666.75444256,3443.65504651,3443.64565814,0.05184998,2614.34489333,0.01998554,0.01998554,23060,71,0
8667.13007447,8667.13028462,3456.32023647,3456.31314768,0.04895454,2614.30707630,0.01998554,0.01998554,23059,71,0
8667.50670524,8667.50615927,3469.01230479,3469.03075952,0.04141168,2614.26642691,0.01998554,0.01998554,23058,71,0
8667.88220283,8667.88206652,3481.73180965,3481.73642665,0.04704580,2614.22313135,0.01998554,0.01998554,23057,71,0
8668.26029843,8668.25800638,0.00000000,3494.55524444,0.04838927,2614.17673103,0.01998554,0.01998554,23056,71,1
8668.63353292,8668.63397885,3507.25260608,3507.23744046,0.04550234,2614.12813740,0.01998554,0.01998554,23055,71,0
8669.00941133,8669.00998392,3520.05278471,3520.03327316,0.04535651,2614.07639872,0.01998553,0.01998554,23054,71,0
8669.38636000,8669.38602162,3532.87870266,3532.89025509,0.04762579,2614.02167140,0.01998554,0.01998554,23053,71,0
8669.76250395,8669.76209194,3545.72975867,3545.74385088,0.04871562,2613.96421151,0.01998554,0.01998554,23052,71,0
8670.13865117,8670.13819488,3558.60624944,3558.62188726,0.04420274,2613.90388776,0.01998554,0.01998554,23051,71,0
8670.51469996,8670.51433045,3571.51094660,3571.52363838,0.04058830,2613.84068793,0.01998554,0.01998554,23050,71,0
8670.89076560,8670.89049865,3584.44696334,3584.45615456,0.04586556,2613.77455983,0.01998554,0.01998554,23049,71,0
8671.26690686,8671.26669949,3597.41438731,3597.42154269,0.04279892,2613.70547198,0.01998554,0.01998554,23048,71,0
8671.64271844,8671.64293298,3610.40992774,3610.40251044,0.04052842,2613.63350072,0.01998553,0.01998554,23047,71,0
8672.01916742,8672.01919911,3623.43078113,3623.42968353,0.04490240,2613.55845608,0.01998553,0.01998554,23046,71,0
8672.39543008,8672.39549789,3636.47912252,3636.47676838,0.04553685,2613.48046790,0.01998553,0.01998554,23045,71,0
8672.77050411,8672.77182933,3649.55932390,3649.51320449,0.05055684,2613.39971566,0.01998553,0.01998554,23044,71,0
8673.14756245,8673.14819343,3662.67360189,3662.65158956,0.04516045,2613.31547197,0.01998553,0.01998554,23043,71,0
8673.52536103,8673.52459019,3675.81889499,3675.84584382,0.04177292,2613.22798044,0.01998554,0.01998554,23042,71,0
8673.90138696,8673.90101962,3688.99152445,3689.00439140,0.04529290,2613.13784153,0.01998554,0.01998554,23041,71,0
8674.27791324,8674.27748172,3702.19134783,3702.20649421,0.03873097,2613.04450952,0.01998554,0.01998554,23040,71,0
8674.65339974,8674.65397650,3715.42132484,3715.40103407,0.03918193,2612.94833377,0.01998553,0.01998554,23039,71,0
8675.02986794,8675.03050395,3728.68380555,3728.66137701,0.04577767,2612.84876012,0.01998553,0.01998554,23038,71,0
8675.40703665,8675.40706410,3741.97768133,3741.97671121,0.04322080,2612.74582961,0.01998554,0.01998554,23037,71,0
8675.78341759,8675.78365693,3755.30084103,3755.29236515,0.04539928,2612.63994632,0.01998554,0.01998554,23036,71,0
8676.16048544,8676.16028245,3768.65240945,3768.65961297,0.04530201,2612.53068507,0.01998554,0.01998554,23035,71,0
8676.53650565,8676.53694068,3782.03332365,3782.01785255,0.04240914,2612.41852683,0.01998553,0.01998554,23034,71,0
8676.91349108,8676.91363160,3795.44461531,3795.43960676,0.04691504,2612.30284428,0.01998554,0.01998554,23033,71,0
8677.29115264,8677.29035523,3808.88686843,3808.91535333,0.04317803,2612.18367992,0.01998554,0.01998554,23032,71,0
8677.66759183,8677.66711157,3822.36045882,3822.37765311,0.04564163,2612.06161630,0.01998554,0.01998554,23031,71,0
8678.04389221,8678.04390063,3835.86562398,3835.86532176,0.04370682,2611.93629726,0.01998554,0.01998554,23030,71,0
8678.42094930,8678.42072241,3849.40231090,3849.41047093,0.04490224,2611.80739630,0.01998554,0.01998554,23029,71,0
8678.79748558,8678.79757691,3862.97055388,3862.96726197,0.04244426,2611.67532607,0.01998553,0.01998554,23028,71,0
8679.17377212,8679.17446413,3876.57175237,3876.54674835,0.05321686,2611.53996705,0.01998553,0.01998554,23027,71,0
8679.55162303,8679.55138409,3890.20816366,3890.21681933,0.04026749,2611.40060383,0.01998553,0.01998554,23026,71,0
8679.92841926,8679.92833679,3903.88072769,3903.88372268,0.04366105,2611.25816219,0.01998553,0.01998553,23025,71,0
8680.30574314,8680.30532222,3917.58695119,3917.60227155,0.04486155,2611.11205403,0.01998554,0.01998553,23024,71,0
8680.68221750,8680.68234040,3931.32410497,3931.31962205,0.04537592,2610.96282469,0.01998553,0.01998553,23023,71,0
8681.05952523,8681.05939133,3945.09370950,3945.09860532,0.03915825,2610.80976965,0.01998553,0.01998553,23022,71,0
8681.43665225,8681.43647501,3958.90025408,3958.90675249,0.04862997,2610.65321809,0.01998554,0.01998553,23021,71,0
8681.81340371,8681.81359145,3972.74568251,3972.73878124,0.04876355,2610.49321138,0.01998553,0.01998553,23020,71,0
8682.19038462,8682.19074065,3986.62500386,3986.61188827,0.04496872,2610.32952786,0.01998553,0.01998553,23019,71,0
8682.56869456,8682.56792262,4000.53269216,4000.56118323,0.04115747,2610.16171237,0.01998554,0.01998553,23018,71,0
8682.94676463,8682.94513736,4014.47093043,4014.53113289,0.04452078,2609.99039901,0.01998554,0.01998553,23017,71,0
8683.32206978,8683.32238487,4028.44700130,4028.43531083,0.04012713,2609.81666309,0.01998553,0.01998553,23016,71,0
8683.69937311,8683.69966516,4042.46478805,4042.45392221,0.04213778,2609.63823567,0.01998553,0.01998553,23015,71,0
8684.07803599,8684.07697824,4056.52011014,4056.55955855,0.04537392,2609.45539477,0.01998554,0.01998553,23014,71,0
8684.45473550,8684.45432410,4070.60814840,4070.62352442,0.04261310,2609.26979236,0.01998554,0.01998553,23013,71,0
8684.83151640,8684.83170275,4084.72880359,4084.72182247,0.04504710,2609.08042776,0.01998554,0.01998553,23012,71,0
nan,nan,0.00000000,-1.00000000,0.00000000,2614.44960220,nan,0.00000000,-2147483648,70,1
8659.62040142,8659.61963097,11.19565910,11.21242436,0.05316062,2614.89759205,0.01998554,0.01998554,23079,70,0
8659.99448024,8659.99485452,19.36397022,19.35581924,0.05263998,2615.34069124,0.01998554,0.01998554,23078,70,0
8660.36893644,8660.37011058,27.53966126,27.51406966,0.04497588,2615.78347559,0.01998553,0.01998554,23077,70,0
8660.74529947,8660.74539917,35.72286752,35.72069275,0.04240291,2616.22775138,0.01998554,0.01998554,23076,70,0
8661.12113296,8661.12072027,43.91361569,43.92262562,0.05539096,2616.67063716,0.01998554,0.01998554,23075,70,0
8661.49634650,8661.49607391,52.11160697,52.11756286,0.05793414,2617.11201109,0.01998554,0.01998554,23074,70,0
8661.87181952,8661.87146007,60.31648062,60.32433989,0.05793760,2617.55288687,0.01998554,0.01998554,23073,70,0
8662.24633791,8662.24687877,68.52787397,68.51603998,0.04213242,2617.99181941,0.01998554,0.01998554,23072,70,0
8662.62300387,8662.62233001,76.74551920,76.76027310,0.05105408,2618.43242388,0.01998554,0.01998554,23071,70,0
8662.99748763,8662.99781380,84.96966464,84.96251799,0.05715698,2618.86964673,0.01998554,0.01998554,23070,70,0
8663.37342430,8663.37333014,93.20073222,93.20279701,0.05605372,2619.30775462,0.01998554,0.01998554,23069,70,0
8663.74958423,8663.74887903,101.43914622,101.45462281,0.04865007,2619.74532922,0.01998554,0.01998554,23068,70,0
8664.12380267,8664.12446047,109.68529998,109.67085123,0.04603049,2620.17987583,0.01998553,0.01998554,23067,70,0
8664.49952632,8664.50007448,117.93927366,117.92722299,0.04842439,2620.61539957,0.01998554,0.01998554,23066,70,0
8664.87643919,8664.87572105,126.20097334,126.21677407,0.05346908,2621.05151802,0.01998554,0.01998554,23065,70,0
8665.25121006,8665.25140020,134.47030280,134.46611573,0.05102501,2621.48437186,0.01998554,0.01998554,23064,70,0
8665.62569029,8665.62711192,142.74716352,142.71583270,0.04435919,2621.91609915,0.01998553,0.01998554,23063,70,0
8666.00174843,8666.00285621,151.03142648,151.00699281,0.04289345,2622.34884059,0.01998553,0.01998554,23062,70,0
8666.37792476,8666.37863309,159.32293616,159.30730083,0.04860076,2622.78090022,0.01998553,0.01998554,23061,70,0
8666.75450439,8666.75444256,167.62153540,167.62290116,0.04495088,2623.21259299,0.01998554,0.01998554,23060,70,0
8667.13044893,8667.13028462,175.92707259,175.93070509,0.04460393,2623.64271895,0.01998554,0.01998554,23059,70,0
8667.50602717,8667.50615927,184.23963073,184.23670819,0.05004725,2624.07159073,0.01998554,0.01998554,23058,70,0
8667.88226109,8667.88206652,192.55959123,192.56389929,0.04014723,2624.50039152,0.01998554,0.01998554,23057,70,0
8668.25757492,8668.25800638,200.88735663,200.87779479,0.04451143,2624.92734417,0.01998553,0.01998554,23056,70,0
8668.63316742,8668.63397885,209.22332876,209.20532971,0.05224970,2625.35383207,0.01998553,0.01998554,23055,70,0
8669.00906435,8669.00998392,217.56763907,217.54722276,0.04549440,2625.77988637,0.01998553,0.01998554,23054,70,0
8669.38615831,8669.38602162,225.91992715,225.92296446,0.04557468,2626.20649260,0.01998554,0.01998554,23053,70,0
8669.76177372,8669.76209194,234.27977883,234.27270233,0.05077476,2626.63060085,0.01998553,0.01998554,23052,70,0
8670.13806695,8670.13819488,242.64677815,242.64393128,0.04949893,2627.05462469,0.01998554,0.01998554,23051,70,0
8670.51375735,8670.51433045,251.02069754,251.00793392,0.05707986,2627.47710674,0.01998553,0.01998554,23050,70,0
8670.89044291,8670.89049865,259.40178713,259.40054470,0.04985024,2627.89985277,0.01998553,0.01998554,23049,70,0
8671.26665955,8671.26669949,267.79037243,267.78948140,0.04795202,2628.32123166,0.01998553,0.01998554,23048,70,0
8671.64276219,8671.64293298,276.18678067,276.18296753,0.04873683,2628.74165650,0.01998553,0.01998554,23047,70,0
8672.01901603,8672.01919911,284.59127182,284.58718067,0.04692395,2629.16143373,0.01998553,0.01998554,23046,70,0
8672.39527549,8672.39549789,293.00387305,292.99889882,0.04278016,2629.58039876,0.01998553,0.01998554,23045,70,0
8672.77061213,8672.77182933,301.42456208,301.39731458,0.04171067,2629.99751670,0.01998553,0.01998554,23044,70,0
8673.14783791,8673.14819343,309.85331647,309.84535106,0.04781195,2630.41590522,0.01998553,0.01998554,23043,70,0
8673.52487486,8673.52459019,318.29012339,318.29650696,0.05466222,2630.83325037,0.01998554,0.01998554,23042,70,0
8673.90091038,8673.90101962,326.73501277,326.73256105,0.04671331,2631.24865511,0.01998553,0.01998554,23041,70,0
8674.27789819,8674.27748172,335.18802651,335.19738202,0.05092535,2631.66427691,0.01998554,0.01998554,23040,70,0
8674.65312480,8674.65397650,343.64920671,343.63005772,0.04056096,2632.07712592,0.01998553,0.01998554,23039,70,0
8675.03004348,8675.03050395,352.11856999,352.10820795,0.05193855,2632.49099967,0.01998553,0.01998554,23038,70,0
8675.40715401,8675.40706410,360.59599226,360.59801731,0.04438219,2632.90423545,0.01998554,0.01998554,23037,70,0
8675.78365490,8675.78365693,369.08130080,369.08125515,0.05541409,2633.31594503,0.01998554,0.01998554,23036,70,0
8676.16052738,8676.16028245,377.57432184,377.57984731,0.04298754,2633.72719088,0.01998554,0.01998554,23035,70,0
8676.53724826,8676.53694068,386.07491878,386.08186338,0.04921463,2634.13739188,0.01998554,0.01998554,23034,70,0
8676.91333604,8676.91363160,394.58320315,394.57652447,0.04179175,2634.54602904,0.01998553,0.01998554,23033,70,0
8677.29067326,8677.29035523,403.09938689,403.10657916,0.05623959,2634.95515300,0.01998554,0.01998554,23032,70,0
8677.66770210,8677.66711157,411.62368337,411.63705027,0.04048933,2635.36307873,0.01998554,0.01998554,23031,70,0
8678.04333751,8678.04390063,420.15628602,420.14352807,0.05708478,2635.76864422,0.01998553,0.01998554,23030,70,0
8678.42128665,8678.42072241,428.69723212,428.71002685,0.04140072,2636.17584753,0.01998554,0.01998554,23029,70,0
8678.79779618,8678.79757691,437.24648840,437.25146500,0.04485586,2636.58063708,0.01998554,0.01998554,23028,70,0
8679.17351705,8679.17446413,445.80402100,445.78250731,0.04447343,2636.98371568,0.01998553,0.01998554,23027,70,0
8679.55152388,8679.55138409,454.36979922,454.37297741,0.04776179,2637.38837206,0.01998554,0.01998554,23026,70,0
8679.92857021,8679.92833679,462.94381933,462.94913098,0.05395850,2637.79112300,0.01998554,0.01998553,23025,70,0
8680.30577071,8680.30532222,471.52609071,471.53630530,0.04608328,2638.19315931,0.01998554,0.01998553,23024,70,0
8680.68230820,8680.68234040,480.11662284,480.11588882,0.05509554,2638.59360910,0.01998554,0.01998553,23023,70,0
8681.05961187,8681.05939133,488.71540658,488.72043828,0.04879525,2638.99398842,0.01998554,0.01998553,23022,70,0
8681.43657558,8681.43647501,497.32227701,497.32457334,0.04696462,2639.39311120,0.01998554,0.01998553,23021,70,0
8681.81334847,8681.81359145,505.93699074,505.93143782,0.04194308,2639.79112300,0.01998554,0.01998553,23020,70,0
8682.19000016,8682.19074065,514.55930240,514.54236681,0.05002145,2640.18808429,0.01998553,0.01998553,23019,70,0
8682.56882645,8682.56792262,523.18903879,523.20972611,0.04889969,2640.58639625,0.01998554,0.01998553,23018,70,0
8682.94595901,8682.94513736,531.82662995,531.84545269,0.04455038,2640.98200676,0.01998554,0.01998553,23017,70,0
8683.32205937,8683.32238487,540.47280478,540.46534086,0.04516896,2641.37564984,0.01998553,0.01998553,23016,70,0
8683.70036830,8683.69966516,549.12829846,549.14443804,0.04669628,2641.77074349,0.01998554,0.01998553,23015,70,0
8684.07786498,8684.07697824,557.79371860,557.81409424,0.04558384,2642.16415202,0.01998554,0.01998553,23014,70,0
8684.45455146,8684.45432410,566.46866468,566.47389389,0.04740757,2642.55586096,0.01998554,0.01998553,23013,70,0
8684.83151459,8684.83170275,575.15226527,575.14793364,0.04487856,2642.94695953,0.01998554,0.01998553,23012,70,0
8685.20888147,8685.20911421,583.84364126,583.83827961,0.04363718,2643.33753446,0.01998554,0.01998553,23011,70,0
8685.58661837,8685.58655846,592.54207199,592.54345325,0.04592262,2643.72751274,0.01998554,0.01998553,23010,70,0
8685.96593335,8685.96403551,601.24795165,601.29174045,0.03858230,2644.11814909,0.01998554,0.01998553,23009,70,0
8686.34174482,8686.34154537,609.96214497,609.96675107,0.05505855,2644.50425313,0.01998554,0.01998553,23008,70,0
8686.71863483,8686.71908805,618.68552339,618.67504607,0.04315911,2644.89057656,0.01998553,0.01998553,23007,70,0
8687.09671813,8687.09666355,627.41878057,627.42004368,0.04815514,2645.27725597,0.01998553,0.01998553,23006,70,0
8687.47395624,8687.47427186,636.16154911,636.15423815,0.04793408,2645.66218534,0.01998553,0.01998553,23005,70,0
8687.85132960,8687.85191300,644.91307489,644.89954927,0.05495071,2646.04633084,0.01998553,0.01998553,23004,70,0
8688.22903774,8688.22958698,653.67259871,653.65985523,0.04571096,2646.42985730,0.01998553,0.01998553,23003,70,0
8688.60776760,8688.60729379,662.43958548,662.45058760,0.04841107,2646.81343058,0.01998554,0.01998553,23002,70,0
8688.98561463,8688.98503343,671.21458280,671.22809026,0.04374632,2647.19514222,0.01998554,0.01998553,23001,70,0
8689.36299904,8689.36280592,679.99846360,680.00295621,0.05504608,2647.57545655,0.01998553,0.01998553,23000,70,0
8689.74022304,8689.74061126,688.79210607,688.78306511,0.05776665,2647.95471473,0.01998553,0.01998553,22999,70,0
8690.11842918,8690.11844945,697.59608416,697.59561164,0.04086897,2648.33408334,0.01998553,0.01998553,22998,70,0
8690.49577727,8690.49632049,706.40982756,706.39715095,0.04581237,2648.71168764,0.01998553,0.01998553,22997,70,0
8690.87389498,8690.87422440,715.23249650,715.22480241,0.04397873,2649.08911698,0.01998553,0.01998553,22996,70,0
8691.25186335,8691.25216117,724.06324657,724.05628522,0.05603074,2649.46541236,0.01998553,0.01998553,22995,70,0
8691.62977189,8691.63013081,732.90159716,732.89320102,0.05625002,2649.84064015,0.01998553,0.01998553,22994,70,0
8692.00832545,8692.00813332,741.74808972,741.75258823,0.05713464,2650.21551788,0.01998553,0.01998553,22993,70,0
8692.38597526,8692.38616871,750.60344558,750.59891201,0.04260623,2650.58854003,0.01998553,0.01998553,22992,70,0
8692.76408806,8692.76423698,759.46838806,759.46489441,0.04347717,2650.96108511,0.01998553,0.01998553,22991,70,0
8693.14311049,8693.14233814,768.34331768,768.36145586,0.04490078,2651.33360108,0.01998554,0.01998553,22990,70,0
8693.52092725,8693.52047219,777.22797743,777.23867499,0.04940172,2651.70399533,0.01998553,0.01998553,22989,70,0
8693.89853299,8693.89863913,786.12202938,786.11953198,0.05251913,2652.07323036,0.01998553,0.01998553,22988,70,0
8694.27645874,8694.27683897,795.02513766,795.01618273,0.05087741,2652.44180746,0.01998553,0.01998553,22987,70,0
8694.65545353,8694.65507172,803.93716787,803.94616840,0.05580759,2652.81044260,0.01998553,0.01998553,22986,70,0
8695.03405522,8695.03333737,812.85827473,812.87521257,0.04822747,2653.17771384,0.01998553,0.01998553,22985,70,0
8695.41159793,8695.41163594,821.78863607,821.78773849,0.05718946,2653.54298452,0.01998553,0.01998553,22984,70,0
8695.79046848,8695.78996742,830.72842631,830.74027209,0.03747683,2653.90856626,0.01998553,0.01998553,22983,70,0
8696.16851944,8696.16833182,839.67772238,839.68216224,0.04909311,2654.27238435,0.01998553,0.01998553,22982,70,0
8696.54611297,8696.54672915,848.63650538,848.62190989,0.04655103,2654.63478768,0.01998553,0.01998553,22981,70,0
8696.92532751,8696.92515940,857.60475227,857.60873822,0.04409649,2654.99776186,0.01998553,0.01998553,22980,70,0
8697.30310318,8697.30362259,866.58246166,866.57013440,0.04582260,2655.35837345,0.01998553,0.01998553,22979,70,0
8697.68196458,8697.68211872,875.56988401,875.56622197,0.04473001,2655.71903999,0.01998553,0.01998553,22978,70,0
8698.06080972,8698.06064779,884.56743297,884.57128405,0.04453480,2656.07872084,0.01998553,0.01998553,22977,70,0
8698.43837673,8698.43920980,893.57552741,893.55569300,0.04574452,2656.43623542,0.01998553,0.01998553,22976,70,0
8698.81753352,8698.81780477,902.59445927,902.58799390,0.04422843,2656.79430539,0.01998553,0.01998553,22975,70,0
8699.19688961,8699.19643269,911.62368884,911.63459037,0.05242989,2657.15158509,0.01998553,0.01998553,22974,70,0
8699.57614123,8699.57509357,920.66234279,920.68736157,0.03401387,2657.50774939,0.01998554,0.01998553,22973,70,0
8699.95375148,8699.95378742,929.70954138,929.70868239,0.05274884,2657.86132384,0.01998553,0.01998553,22972,70,0
8700.33237131,8700.33251423,938.76473469,938.76131611,0.05611815,2658.21476855,0.01998553,0.01998553,22971,70,0
8700.71080324,8700.71127402,947.82858059,947.81730940,0.05199286,2658.56698450,0.01998553,0.01998553,22970,70,0
8701.09031597,8701.09006678,956.90201448,956.90798669,0.05508336,2658.91918160,0.01998553,0.01998553,22969,70,0
8701.46984770,8701.46889252,965.98597389,966.00889134,0.05112729,2659.27040235,0.01998554,0.01998553,22968,70,0
8701.84809358,8701.84775125,975.08088640,975.08910881,0.05339701,2659.61945624,0.01998553,0.01998553,22967,70,0
8702.22677814,8702.22664297,984.18615223,984.18940220,0.05111162,2659.96791055,0.01998553,0.01998553,22966,70,0
8702.60528023,8702.60556768,993.30104532,993.29412770,0.04135725,2660.31516092,0.01998553,0.01998553,22965,70,0
8702.98391280,8702.98452539,1002.42485610,1002.41010100,0.04198931,2660.66146389,0.01998553,0.01998553,22964,70,0
8703.36403032,8703.36351610,1011.55745945,1011.56985644,0.04213451,2661.00804310,0.01998554,0.01998553,22963,70,0
8703.74223925,8703.74253982,1020.69938133,1020.69212830,0.05347596,2661.35182241,0.01998553,0.01998553,22962,70,0
8704.12153659,8704.12159655,1029.85118484,1029.84973659,0.04669933,2661.69554675,0.01998553,0.01998553,22961,70,0
8704.50090310,8704.50068629,1039.01338619,1039.01862897,0.05029499,2662.03830290,0.01998553,0.01998553,22960,70,0
8704.87960343,8704.87980906,1048.18597947,1048.18100184,0.04371626,2662.37942440,0.01998553,0.01998553,22959,70,0
8705.25959217,8705.25896485,1057.36864696,1057.38384751,0.04376747,2662.72065321,0.01998554,0.01998553,22958,70,0
8705.63744669,8705.63815367,1066.56106474,1066.54391795,0.04182254,2663.05890332,0.01998553,0.01998553,22957,70,0
8706.01714849,8706.01737552,1075.76297448,1075.75746306,0.05487882,2663.39772661,0.01998553,0.01998553,22956,70,0
8706.39589063,8706.39663040,1084.97443117,1084.95645473,0.05162568,2663.73461267,0.01998553,0.01998553,22955,70,0
8706.77598090,8706.77591833,1094.19558154,1094.19710343,0.04280306,2664.07161398,0.01998553,0.01998553,22954,70,0
8707.15489285,8707.15523931,1103.42657399,1103.41813857,0.04691145,2664.40649117,0.01998553,0.01998553,22953,70,0
8707.53445684,8707.53459333,1112.66767910,1112.66435239,0.05082737,2664.74086981,0.01998553,0.01998553,22952,70,0
8707.91346803,8707.91398041,1121.91942665,1121.90692488,0.05366029,2665.07370289,0.01998553,0.01998553,22951,70,0
8708.29356607,8708.29340055,1131.18238286,1131.18642603,0.04887030,2665.40644386,0.01998553,0.01998553,22950,70,0
8708.67293064,8708.67285375,1140.45708700,1140.45896743,0.04013198,2665.73751226,0.01998553,0.01998553,22949,70,0
8709.05180670,8709.05234002,1149.74337950,1149.73032170,0.05128499,2666.06711623,0.01998553,0.01998553,22948,70,0
8709.43227818,8709.43185936,1159.04039828,1159.05066305,0.04634308,2666.39702862,0.01998553,0.01998553,22947,70,0
8709.81133537,8709.81141178,1168.34724503,1168.34537075,0.04490310,2666.72460286,0.01998553,0.01998553,22946,70,0
8710.19086449,8710.19099727,1177.66317536,1177.65991503,0.04931222,2667.05144294,0.01998553,0.01998553,22945,70,0
8710.57076558,8710.57061585,1186.98862603,1186.99230604,0.04380915,2667.37747049,0.01998553,0.01998553,22944,70,0
8710.95069236,8710.95026753,1196.32456977,1196.33502260,0.04345338,2667.70241637,0.01998553,0.01998553,22943,70,0
8711.32970647,8711.32995229,1205.67198806,1205.66593259,0.05115109,2668.02551132,0.01998553,0.01998553,22942,70,0
8711.71007573,8711.70967015,1215.03149692,1215.04149985,0.05037423,2668.34870299,0.01998553,0.01998553,22941,70,0
8712.08908204,8712.08942111,1224.40265180,1224.39427986,0.04186084,2668.66966153,0.01998553,0.01998553,22940,70,0
8712.46926293,8712.46920518,1233.78481582,1233.78624321,0.05233042,2668.99050990,0.01998553,0.01998553,22939,70,0
8712.85005088,8712.84902236,1243.17736234,1243.20280922,0.04764618,2669.31073531,0.01998553,0.01998553,22938,70,0
8713.22884525,8713.22887266,1252.58010986,1252.57943089,0.05173607,2669.62814645,0.01998553,0.01998553,22937,70,0
8713.60892904,8713.60875608,1261.99339846,1261.99768658,0.04856267,2669.94550458,0.01998553,0.01998553,22936,70,0
8713.98889814,8713.98867261,1271.41759989,1271.42319745,0.03853077,2670.26164004,0.01998553,0.01998553,22935,70,0
8714.36863912,8714.36862228,1280.85304860,1280.85346694,0.04700569,2670.57646640,0.01998553,0.01998553,22934,70,0
8714.74819949,8714.74860508,1290.29977414,1290.28968515,0.04099076,2670.89002103,0.01998553,0.01998553,22933,70,0
8715.12783012,8715.12862102,1299.75766333,1299.73796883,0.04554372,2671.20250312,0.01998553,0.01998553,22932,70,0
8715.50819066,8715.50867009,1309.22660137,1309.21464974,0.04414674,2671.51444345,0.01998553,0.01998553,22931,70,0
8715.88831479,8715.88875232,1318.70646348,1318.69554508,0.05010323,2671.82503849,0.01998553,0.01998553,22930,70,0
8716.26860204,8716.26886769,1328.19710031,1328.19046415,0.04445793,2672.13460544,0.01998553,0.01998553,22929,70,0
8716.64890503,8716.64901622,1337.69835762,1337.69557728,0.05215204,2672.44301388,0.01998553,0.01998553,22928,70,0
8717.02953894,8717.02919790,1347.21009723,1347.21863405,0.04534014,2672.75050875,0.01998553,0.01998553,22927,70,0
8717.40977003,8717.40941275,1356.73253615,1356.74148893,0.04905873,2673.05650010,0.01998553,0.01998553,22926,70,0
8717.78915200,8717.78966076,1366.26622885,1366.25346569,0.04263940,2673.36064761,0.01998553,0.01998553,22925,70,0
8718.17033222,8718.16994195,1375.81174681,1375.82154891,0.05078621,2673.66508256,0.01998553,0.01998553,22924,70,0
8718.55047057,8718.55025631,1385.36953299,1385.37492070,0.05224262,2673.96754205,0.01998553,0.01998553,22923,70,0
8718.92978163,8718.93060386,1394.93934540,1394.91864594,0.04877418,2674.26819230,0.01998553,0.01998553,22922,70,0
8719.31102542,8719.31098458,1404.52071764,1404.52174683,0.04998754,2674.56919603,0.01998553,0.01998553,22921,70,0
8719.69209424,8719.69139850,1414.11318271,1414.13073550,0.04493865,2674.86886132,0.01998553,0.01998553,22920,70,0
8720.07165991,8720.07184561,1423.71646371,1423.71177367,0.04754207,2675.16613825,0.01998553,0.01998553,22919,70,0
8720.45202062,8720.45232592,1433.33059269,1433.32287435,0.04468376,2675.46282645,0.01998553,0.01998553,22918,70,0
8720.83337046,8720.83283943,1442.95562997,1442.96906952,0.05139210,2675.75906586,0.01998553,0.01998553,22917,70,0
8721.21339632,8721.21338614,1452.59169565,1452.59195356,0.05030669,2676.05306013,0.01998553,0.01998553,22916,70,0
8721.59432413,8721.59396607,1462.23944222,1462.24852450,0.04447098,2676.34654827,0.01998553,0.01998553,22915,70,0
8721.97398092,8721.97457921,1471.89980699,1471.88461198,0.04730401,2676.63788087,0.01998553,0.01998553,22914,70,0
8722.35516124,8722.35522557,1481.57373428,1481.57209829,0.04800723,2676.92922390,0.01998553,0.01998553,22913,70,0
8722.73628975,8722.73590516,1491.26152108,1491.27131474,0.03777800,2677.21936935,0.01998553,0.01998553,22912,70,0
8723.11704391,8723.11661797,1500.96191682,1500.97277553,0.04846640,2677.50803023,0.01998553,0.01998553,22911,70,0
8723.49716007,8723.49736402,1510.67343726,1510.66823275,0.05072122,2677.79496213,0.01998553,0.01998553,22910,70,0
8723.87812056,8723.87814330,1520.39470678,1520.39412615,0.04883924,2678.08123770,0.01998553,0.01998553,22909,70,0
8724.25871935,8724.25895582,1530.12592383,1530.11987806,0.04584384,2678.36594973,0.01998553,0.01998553,22908,70,0
8724.63949280,8724.63980159,1539.86841143,1539.86050758,0.04763228,2678.64953444,0.01998553,0.01998553,22907,70,0
8725.02031512,8725.02068061,1549.62352576,1549.61415886,0.04981193,2678.93193118,0.01998553,0.01998553,22906,70,0
8725.40165889,8725.40159288,1559.39216926,1559.39386318,0.05130913,2679.21350792,0.01998553,0.01998553,22905,70,0
8725.78267874,8725.78253841,1569.17387016,1569.17747567,0.05539612,2679.49361992,0.01998553,0.01998553,22904,70,0
8726.16393413,8726.16351721,1578.96789726,1578.97862118,0.04688287,2679.77265217,0.01998553,0.01998553,22903,70,0
8726.54435142,8726.54452927,1588.77355591,1588.76897620,0.04798966,2680.04979678,0.01998553,0.01998553,22902,70,0
8726.92523429,8726.92557460,1598.59082089,1598.58204799,0.05105726,2680.32599947,0.01998553,0.01998553,22901,70,0
8727.30717718,8727.30665321,1608.42021044,1608.43373326,0.05235024,2680.60169289,0.01998553,0.01998553,22900,70,0
8727.68779338,8727.68776511,1618.26226196,1618.26299248,0.05484208,2680.87516503,0.01998553,0.01998553,22899,70,0
8728.06909142,8728.06891028,1628.11733562,1628.12202222,0.04462179,2681.14786642,0.01998553,0.01998553,22898,70,0
8728.44968202,8728.45008875,1637.98522564,1637.97469021,0.04813060,2681.41879202,0.01998553,0.01998553,22897,70,0
8728.83078293,8728.83130050,1647.86561338,1647.85219084,0.04829139,2681.68879519,0.01998553,0.01998553,22896,70,0
8729.21237302,8729.21254556,1657.75820548,1657.75372574,0.04773862,2681.95784226,0.01998553,0.01998553,22895,70,0
8729.59340167,8729.59382392,1667.66312878,1667.65215296,0.04453763,2682.22519068,0.01998553,0.01998553,22894,70,0
8729.97512792,8729.97513558,1677.58084004,1677.58064050,0.04628979,2682.49172977,0.01998553,0.01998553,22893,70,0
8730.35624899,8730.35648056,1687.51180780,1687.50577346,0.04691828,2682.75655601,0.01998553,0.01998553,22892,70,0
8730.73740341,8730.73785885,1697.45627799,1697.44439488,0.04887132,2683.02011641,0.01998553,0.01998553,22891,70,0
8731.11913969,8731.11927046,1707.41387417,1707.41045798,0.04937083,2683.28277099,0.01998553,0.01998553,22890,70,0
8731.50045159,8731.50071540,1717.38411010,1717.37721070,0.04798753,2683.54380786,0.01998553,0.01998553,22889,70,0
8731.88274036,8731.88219367,1727.36654477,1727.38085861,0.04962927,2683.80416608,0.01998553,0.01998553,22888,70,0
8732.26512358,8732.26370526,1737.36129599,1737.39847472,0.04618086,2684.06323645,0.01998553,0.01998553,22887,70,0
8732.64540187,8732.64525020,1747.36884180,1747.37282236,0.04941657,2684.31954605,0.01998553,0.01998553,22886,70,0
8733.02650615,8733.02682847,1757.38966846,1757.38119836,0.04797872,2684.57508350,0.01998553,0.01998553,22885,70,0
8733.40827861,8733.40844010,1767.42407911,1767.41983016,0.04551844,2684.82973665,0.01998553,0.01998553,22884,70,0
8733.79028892,8733.79008507,1777.47199654,1777.47736695,0.04825779,2685.08320545,0.01998553,0.01998553,22883,70,0
8734.17098744,8734.17176340,1787.53329598,1787.51282865,0.04571192,2685.33445795,0.01998553,0.01998553,22882,70,0
8734.55467652,8734.55347509,1797.60785375,1797.63958286,0.04828461,2685.58631533,0.01998553,0.01998553,22881,70,0
8734.93537980,8734.93522014,1807.69556060,1807.69978223,0.04516611,2685.83484572,0.01998553,0.01998553,22880,70,0
8735.31715263,8735.31699855,1817.79631321,1817.80039206,0.04902356,2686.08269822,0.01998553,0.01998553,22879,70,0
8735.69837737,8735.69881035,1827.91001167,1827.89853596,0.04545332,2686.32881129,0.01998553,0.01998553,22878,70,0
8736.08071128,8736.08065551,1838.03672534,1838.03820516,0.05181800,2686.57424740,0.01998553,0.01998553,22877,70,0
8736.46233032,8736.46253406,1848.17674638,1848.17133289,0.05676538,2686.81783435,0.01998553,0.01998553,22876,70,0
8736.84380442,8736.84444600,1858.33038423,1858.31331617,0.04896903,2687.05994174,0.01998553,0.01998553,22875,70,0
8737.22609242,8737.22639132,1868.49795457,1868.48999239,0.04539368,2687.30117548,0.01998553,0.01998553,22874,70,0
8737.60848943,8737.60837004,1878.67979073,1878.68297527,0.04723869,2687.54108695,0.01998553,0.01998553,22873,70,0
8737.98993359,8737.99038216,1888.87623238,1888.86425130,0.04734080,2687.77901569,0.01998553,0.01998553,22872,70,0
8738.37261814,8738.37242768,1899.08757052,1899.09266457,0.04773053,2688.01632795,0.01998553,0.01998553,22871,70,0
8738.75422650,8738.75450661,1909.31340482,1909.30590338,0.04805848,2688.25156999,0.01998553,0.01998553,22870,70,0
8739.13647167,8739.13661895,1919.55283328,1919.54888429,0.04574109,2688.48577274,0.01998553,0.01998553,22869,70,0
8739.51856893,8739.51876470,1929.80494214,1929.79968697,0.04286594,2688.71842551,0.01998553,0.01998553,22868,70,0
8739.90121642,8739.90094388,1940.06950943,1940.07683374,0.05062488,2688.94994008,0.01998553,0.01998553,22867,70,0
8740.28333790,8740.28315648,1950.34762004,1950.35250164,0.04958545,2689.17968339,0.01998553,0.01998553,22866,70,0
8740.66573536,8740.66540251,1960.64051140,1960.64948040,0.04509809,2689.40815995,0.01998553,0.01998553,22865,70,0
8741.04863875,8741.04768198,1970.94912003,1970.97493859,0.05638720,2689.63551619,0.01998553,0.01998553,22864,70,0
8741.43023196,8741.42999488,1981.27278945,1981.27919541,0.04691464,2689.86065635,0.01998553,0.01998553,22863,70,0
8741.81247026,8741.81234123,1991.61034406,1991.61383484,0.04569970,2690.08470517,0.01998553,0.01998553,22862,70,0
8742.19518687,8742.19472102,2001.96065923,2001.97327594,0.05161826,2690.30752760,0.01998553,0.01998553,22861,70,0
8742.57669657,8742.57713427,2012.32357268,2012.31170476,0.05052092,2690.52813726,0.01998553,0.01998553,22860,70,0
8742.96004979,8742.95958097,2022.69970039,2022.71242764,0.04537774,2690.74830125,0.01998553,0.01998553,22859,70,0
8743.34203373,8743.34206113,2033.08968552,2033.08894087,0.05039074,2690.96617870,0.01998553,0.01998553,22858,70,0
8743.72468368,8743.72457475,2043.49419807,2043.49716301,0.05044707,2691.18294181,0.01998553,0.01998553,22857,70,0
8744.10660181,8744.10712185,2053.91395345,2053.89977870,0.04336145,2691.39780676,0.01998553,0.01998553,22856,70,0
8744.48971267,8744.48970242,2064.34967729,2064.34995725,0.04997324,2691.61186095,0.01998553,0.01998553,22855,70,0
8744.87192388,8744.87231646,2074.80190744,2074.79117487,0.04249505,2691.82393665,0.01998553,0.01998553,22854,70,0
8745.25472512,8745.25496399,2085.27032921,2085.26378951,0.05134131,2692.03484778,0.01998553,0.01998553,22853,70,0
8745.63806613,8745.63764500,2095.75438841,2095.76593358,0.04631579,2692.24454096,0.01998553,0.01998553,22852,70,0
8746.01942444,8746.02035951,2106.25355203,2106.22788295,0.04882422,2692.45162678,0.01998553,0.01998553,22851,70,0
8746.40286694,8746.40310751,2116.76756977,2116.76095706,0.04600765,2692.65830068,0.01998553,0.01998553,22850,70,0
8746.78503758,8746.78588901,2127.29636755,2127.27293272,0.04723042,2692.86274013,0.01998553,0.01998553,22849,70,0
8747.16804091,8747.16870401,2137.83988054,2137.82160529,0.05171717,2693.06606507,0.01998553,0.01998553,22848,70,0
8747.55185693,8747.55155253,2148.39830896,2148.40670973,0.05111573,2693.26825131,0.01998553,0.01998553,22847,70,0
8747.93465395,8747.93443455,2158.97219059,2158.97825369,0.05052173,2693.46833797,0.01998553,0.01998553,22846,70,0
8748.31730191,8748.31735010,2169.56208875,2169.56075496,0.04735416,2693.66678972,0.01998553,0.01998553,22845,70,0
8748.70032593,8748.70029916,2180.16834654,2180.16908839,0.04888440,2693.86387587,0.01998553,0.01998553,22844,70,0
8749.08310970,8749.08328176,2190.79074052,2190.78596507,0.04400528,2694.05926619,0.01998553,0.01998553,22843,70,0
8749.46570656,8749.46629788,2201.42895645,2201.41252126,0.04744765,2694.25297677,0.01998553,0.01998553,22842,70,0
8749.84912291,8749.84934754,2212.08267055,2212.07641876,0.04930767,2694.44549946,0.01998553,0.01998553,22841,70,0
8750.23264619,8750.23243074,2222.75152185,2222.75752622,0.05642104,2694.63645642,0.01998553,0.01998553,22840,70,0
8750.61513536,8750.61554748,2233.43513508,2233.42363538,0.04331275,2694.82527121,0.01998553,0.01998553,22839,70,0
8750.99875033,8750.99869777,2244.13319929,2244.13466790,0.05177561,2695.01299661,0.01998553,0.01998553,22838,70,0
8751.38158873,8751.38188161,2254.84612150,2254.83792766,0.05088961,2695.19869921,0.01998553,0.01998553,22837,70,0
8751.76561903,8751.76509901,2265.57474750,2265.58931659,0.04457951,2695.38333817,0.01998553,0.01998553,22836,70,0
8752.14812404,8752.14834997,2276.31991756,2276.31357838,0.04714192,2695.56561543,0.01998553,0.01998553,22835,70,0
8752.53168059,8752.53163450,2287.08200385,2287.08329904,0.04978153,2695.74675981,0.01998553,0.01998553,22834,70,0
8752.91487736,8752.91495260,2297.86088386,2297.85876664,0.05433659,2695.92608969,0.01998553,0.01998553,22833,70,0
8753.29894620,8753.29830427,2308.65640907,2308.67449943,0.04784984,2696.10416720,0.01998553,0.01998553,22832,70,0
8753.68203624,8753.68168952,2319.46831629,2319.47810110,0.04670826,2696.28012209,0.01998553,0.01998553,22831,70,0
8754.06483405,8754.06510836,2330.29614204,2330.28839037,0.05025176,2696.45426222,0.01998553,0.01998553,22830,70,0
8754.44842266,8754.44856078,2341.13939896,2341.13549060,0.05043010,2696.62706115,0.01998553,0.01998553,22829,70,0
8754.83177936,8754.83204680,2351.99799243,2351.99041456,0.04969941,2696.79804505,0.01998553,0.01998553,22828,70,0
8755.21601862,8755.21556641,2362.87297177,2362.88580421,0.05200628,2696.96771506,0.01998553,0.01998553,22827,70,0
8755.59980189,8755.59911962,2373.76560075,2373.78499213,0.05280361,2697.13548817,0.01998553,0.01998553,22826,70,0
8755.98288593,8755.98270644,2384.67683703,2384.68194657,0.05210955,2697.30127102,0.01998553,0.01998553,22825,70,0
8756.36589977,8756.36632687,2395.60615956,2395.59398225,0.04630070,2697.46532348,0.01998553,0.01998553,22824,70,0
8756.74949517,8756.74998092,2406.55260737,2406.53873818,0.04653419,2697.62789773,0.01998553,0.01998553,22823,70,0
8757.13346957,8757.13366858,2417.51532131,2417.50963116,0.04676236,2697.78887999,0.01998553,0.01998553,22822,70,0
8757.51675703,8757.51738987,2428.49425413,2428.47613461,0.04499771,2697.94781631,0.01998553,0.01998553,22821,70,0
8757.90080317,8757.90114479,2439.48972565,2439.47993044,0.04506921,2698.10530175,0.01998553,0.01998553,22820,70,0
8758.28466493,8758.28493334,2450.50209076,2450.49438348,0.04683938,2698.26094197,0.01998553,0.01998553,22819,70,0
8758.66835536,8758.66875552,2461.53206037,2461.52055195,0.04691963,2698.41474571,0.01998553,0.01998553,22818,70,0
8759.05253550,8759.05261135,2472.58057904,2472.57839404,0.04197169,2698.56697941,0.01998553,0.01998553,22817,70,0
8759.43584714,8759.43650082,2483.64853207,2483.62967012,0.05118439,2698.71710966,0.01998553,0.01998553,22816,70,0
8759.81957584,8759.82042394,2494.73549893,2494.71098873,0.05310782,2698.86562723,0.01998553,0.01998553,22815,70,0
8760.20489637,8760.20438072,2505.83990364,2505.85482726,0.04766656,2699.01294187,0.01998553,0.01998553,22814,70,0
8760.58847464,8760.58837115,2516.96016083,2516.96315956,0.05289911,2699.15775020,0.01998553,0.01998553,22813,70,0
8760.97294737,8760.97239525,2528.09598997,2528.11201113,0.05064020,2699.30104176,0.01998553,0.01998553,22812,70,0
8761.35711778,8761.35645302,2539.24861566,2539.26793411,0.04520019,2699.44237340,0.01998553,0.01998553,22811,70,0
8761.74062673,8761.74054446,2550.41934216,2550.42173677,0.04659360,2699.58162717,0.01998553,0.01998553,22810,70,0
8762.12470540,8762.12466957,2561.60878787,2561.60983240,0.05301528,2699.71924864,0.01998553,0.01998553,22809,70,0
8762.50891220,8762.50882837,2572.81657627,2572.81902398,0.04879861,2699.85506002,0.01998553,0.01998553,22808,70,0
8762.89243404,8762.89302085,2584.04225337,2584.02509471,0.04782574,2699.98876274,0.01998553,0.01998553,22807,70,0
8763.27779114,8763.27724702,2595.28564933,2595.30158355,0.04709222,2700.12121536,0.01998553,0.01998553,22806,70,0
8763.66164658,8763.66150689,2606.54709281,2606.55118987,0.05263746,2700.25126272,0.01998553,0.01998553,22805,70,0
8764.04596646,8764.04580046,2617.82696550,2617.83184200,0.05196560,2700.37957315,0.01998553,0.01998553,22804,70,0
8764.43005050,8764.43012773,2629.12566669,2629.12339447,0.04894824,2700.50590562,0.01998553,0.01998553,22803,70,0
8764.81476254,8764.81448870,2640.44362776,2640.45169793,0.04818769,2700.63053587,0.01998553,0.01998553,22802,70,0
8765.19927111,8765.19888339,2651.78128657,2651.79273188,0.05140028,2700.75318557,0.01998553,0.01998553,22801,70,0
8765.58266132,8765.58331180,2663.13885681,2663.11962309,0.04728457,2700.87356430,0.01998553,0.01998553,22800,70,0
8765.96832438,8765.96777392,2674.51603866,2674.53234121,0.04898677,2700.99271416,0.01998553,0.01998553,22799,70,0
8766.35247238,8766.35226978,2685.91245920,2685.91846904,0.04997922,2701.10944464,0.01998553,0.01998553,22798,70,0
8766.73703364,8766.73679936,2697.32796586,2697.33492652,0.04662084,2701.22433800,0.01998553,0.01998553,22797,70,0
8767.12094249,8767.12136268,2708.76294767,2708.75044310,0.04790315,2701.33707105,0.01998553,0.01998553,22796,70,0
8767.50538034,8767.50595973,2720.21787711,2720.20060584,0.04337124,2701.44798547,0.01998553,0.01998553,22795,70,0
8767.89061066,8767.89059053,2731.69289834,2731.69349936,0.05502157,2701.55713741,0.01998553,0.01998553,22794,70,0
8768.27505132,8768.27525508,2743.18732775,2743.18123441,0.04559711,2701.66406115,0.01998553,0.01998553,22793,70,0
8768.65981463,8768.65995338,2754.70034922,2754.69619369,0.05215730,2701.76905158,0.01998553,0.01998553,22792,70,0
8769.04464563,8769.04468543,2766.23165881,2766.23046488,0.04723611,2701.87202307,0.01998553,0.01998553,22791,70,0
8769.42970508,8769.42945125,2777.78222533,2777.78985151,0.05367045,2701.97301448,0.01998553,0.01998553,22790,70,0
8769.81362261,8769.81425083,2789.35321767,2789.33431057,0.04869344,2702.07167281,0.01998553,0.01998553,22789,70,0
8770.19941451,8770.19908418,2800.94541250,2800.95537142,0.04917198,2702.16876234,0.01998553,0.01998553,22788,70,0
8770.58378129,8770.58395131,2812.55866062,2812.55352600,0.05055790,2702.26343604,0.01998553,0.01998553,22787,70,0
8770.96847495,8770.96885222,2824.19268015,2824.18126722,0.04646046,2702.35612022,0.01998553,0.01998553,22786,70,0
8771.35370778,8771.35378691,2835.84725931,2835.84486162,0.04954131,2702.44684571,0.01998553,0.01998553,22785,70,0
8771.73802653,8771.73875538,2847.52233692,2847.50021421,0.04815859,2702.53526126,0.01998553,0.01998553,22784,70,0
8772.12372578,8772.12375765,2859.21786892,2859.21689998,0.04580950,2702.62187902,0.01998553,0.01998553,22783,70,0
8772.50944031,8772.50879372,2870.93369960,2870.95338998,0.04684928,2702.70636815,0.01998553,0.01998553,22782,70,0
8772.89373301,8772.89386359,2882.66947025,2882.66548746,0.05000767,2702.78841153,0.01998553,0.01998553,22781,70,0
8773.27893864,8773.27896726,2894.42480741,2894.42393303,0.04358733,2702.86849803,0.01998553,0.01998553,22780,70,0
8773.66415724,8773.66410475,2906.19992566,2906.20153208,0.04613990,2702.94642303,0.01998553,0.01998553,22779,70,0
8774.04937632,8774.04927604,2917.99593879,2917.99901243,0.04742805,2703.02217965,0.01998553,0.01998553,22778,70,0
8774.43477628,8774.43448116,2929.81402076,2929.82308335,0.05174083,2703.09579705,0.01998553,0.01998553,22777,70,0
8774.81982159,8774.81972010,2941.65446713,2941.65758918,0.04589419,2703.16716348,0.01998553,0.01998553,22776,70,0
8775.20434587,8775.20499287,2953.51648959,2953.49655257,0.04517452,2703.23623820,0.01998553,0.01998553,22775,70,0
8775.59007575,8775.59029947,2965.39927054,2965.39236548,0.04778309,2703.30330852,0.01998553,0.01998553,22774,70,0
8775.97546562,8775.97563991,2977.30292833,2977.29753973,0.05032860,2703.36808685,0.01998553,0.01998553,22773,70,0
8776.36107748,8776.36101419,2989.22847665,2989.23043708,0.04215003,2703.43066177,0.01998553,0.01998553,22772,70,0
8776.74611899,8776.74642232,3001.17691487,3001.16750255,0.04696869,2703.49090000,0.01998553,0.01998553,22771,70,0
8777.13257480,8777.13186429,3013.14846218,3013.17055034,0.04376999,2703.54909228,0.01998553,0.01998553,22770,70,0
8777.51701723,8777.51734012,3025.14278301,3025.13272706,0.04764337,2703.60471275,0.01998553,0.01998553,22769,70,0
8777.90279046,8777.90284981,3037.15959396,3037.15774224,0.04535138,2703.65823672,0.01998553,0.01998553,22768,70,0
8778.28927828,8778.28839337,3049.19917531,3049.22683453,0.04448236,2703.70954838,0.01998553,0.01998553,22767,70,0
8778.67293488,8778.67397079,3061.26209300,3061.22965400,0.04545844,2703.75818485,0.01998553,0.01998553,22766,70,0
8779.05949518,8779.05958208,3073.34866647,3073.34594011,0.04395723,2703.80485991,0.01998553,0.01998553,22765,70,0
8779.44513912,8779.44522725,3085.45786098,3085.45509130,0.04511748,2703.84907666,0.01998553,0.01998553,22764,70,0
8779.83111049,8779.83090631,3097.58817940,3097.59460627,0.04946053,2703.89096464,0.01998553,0.01998553,22763,70,0
8780.21737423,8780.21661925,3109.73884098,3109.76264417,0.05034446,2703.93049931,0.01998553,0.01998553,22762,70,0
8780.60271407,8780.60236608,3121.91148725,3121.92247869,0.04590245,2703.96755479,0.01998553,0.01998553,22761,70,0
8780.98781329,8780.98814680,3134.10827375,3134.09771898,0.04902268,2704.00220045,0.01998553,0.01998553,22760,70,0
8781.37442231,8781.37396143,3146.33036826,3146.34498264,0.04972408,2704.03457043,0.01998553,0.01998553,22759,70,0
8781.76012503,8781.75980995,3158.57691181,3158.58692119,0.04589373,2704.06443958,0.01998553,0.01998553,22758,70,0
8782.14561747,8782.14569239,3170.84681598,3170.84443158,0.04915738,2704.09185534,0.01998553,0.01998553,22757,70,0
8782.53141525,8782.53160874,3183.13984064,3183.13367162,0.04394488,2704.11683896,0.01998553,0.01998553,22756,70,0
8782.91833041,8782.91755901,3195.45678925,3195.48143072,0.04718303,2704.13941681,0.01998553,0.01998553,22755,70,0
8783.30383596,8783.30354320,3207.79847204,3207.80784186,0.04952514,2704.15943100,0.01998553,0.01998553,22754,70,0
8783.68983209,8783.68956131,3220.16483637,3220.17351914,0.04666296,2704.17697396,0.01998553,0.01998553,22753,70,0
8784.07579180,8784.07561336,3232.55520755,3232.56093967,0.04903269,2704.19200156,0.01998553,0.01998553,22752,70,0
8784.46176015,8784.46169934,3244.96905797,3244.97101492,0.05272968,2704.20450074,0.01998553,0.01998553,22751,70,0
8784.84756068,8784.84781927,3257.40692176,3257.39858437,0.04750031,2704.21445339,0.01998553,0.01998553,22750,70,0
8785.23357500,8785.23397313,3269.86975595,3269.85689382,0.04807499,2704.22185467,0.01998553,0.01998553,22749,70,0
8785.62065916,8785.62016095,3282.35828707,3282.37441417,0.04550461,2704.22669302,0.01998553,0.01998553,22748,70,0
8786.00708596,8786.00638272,3294.87249314,3294.89530167,0.04912253,2704.22892685,0.01998553,0.01998553,22747,70,0
8786.39259240,8786.39263844,3307.41220481,3307.41070875,0.05318903,2704.22855471,0.01998553,0.01998553,22746,70,0
8786.77908428,8786.77892813,3319.97727746,3319.98236168,0.04804591,2704.22555836,0.01998553,0.01998553,22745,70,0
8787.16545034,8787.16525178,3332.56760654,3332.57408379,0.04808402,2704.21992195,0.01998553,0.01998553,22744,70,0
8787.55139616,8787.55160941,3345.18313113,3345.17616112,0.05036199,2704.21163975,0.01998553,0.01998553,22743,70,0
8787.93885724,8787.93800101,3357.82441632,3357.85245690,0.04537802,2704.20064255,0.01998553,0.01998553,22742,70,0
8788.32475261,8788.32442660,3370.49251918,3370.50321791,0.04156703,2704.18700098,0.01998553,0.01998553,22741,70,0
8788.71083624,8788.71088616,3383.18830064,3383.18665881,0.04728453,2704.17064942,0.01998553,0.01998553,22740,70,0
8789.09740186,8789.09737972,3395.91135159,3395.91208114,0.05019611,2704.15155163,0.01998553,0.01998553,22739,70,0
8789.48397107,8789.48390727,3408.66079948,3408.66290586,0.04824851,2704.12971049,0.01998553,0.01998553,22738,70,0
8789.87063410,8789.87046882,3421.43612111,3421.44158877,0.03808359,2704.10510422,0.01998553,0.01998553,22737,70,0
8790.25601174,8790.25706437,3434.23765469,3434.20276400,0.04141803,2704.07781625,0.01998553,0.01998553,22736,70,0
8790.64385747,8790.64369393,3447.06587241,3447.07130405,0.04769026,2704.04755018,0.01998553,0.01998553,22735,70,0
8791.03087022,8791.03035750,3459.92130930,3459.93837356,0.04738310,2704.01452738,0.01998553,0.01998553,22734,70,0
8791.41747099,8791.41705508,3472.80456647,3472.81843737,0.04438162,2703.97870636,0.01998553,0.01998553,22733,70,0
8791.80467561,8791.80378669,3485.71614841,3485.74585763,0.04352665,2703.93997144,0.01998553,0.01998553,22732,70,0
8792.19081306,8792.19055232,3498.65580237,3498.66453473,0.04740685,2703.89847759,0.01998553,0.01998553,22731,70,0
8792.57748357,8792.57735198,3511.62293916,3511.62735502,0.04827947,2703.85404279,0.01998553,0.01998553,22730,70,0
8792.96445328,8792.96418568,3524.61695586,3524.62595348,0.04732254,2703.80666911,0.01998553,0.01998553,22729,70,0
8793.35070959,8793.35105341,3537.63723042,3537.62564799,0.04254902,2703.75647026,0.01998553,0.01998553,22728,70,0
8793.73832699,8793.73795519,3550.68321673,3550.69576547,0.05051980,2703.70315450,0.01998553,0.01998553,22727,70,0
8794.12488006,8794.12489102,3563.75627734,3563.75590674,0.04755345,2703.64702933,0.01998553,0.01998553,22726,70,0
8794.51151474,8794.51186089,3576.85967427,3576.84793897,0.04870437,2703.58790692,0.01998553,0.01998553,22725,70,0
8794.89845822,8794.89886483,3589.99599757,3589.98217970,0.04441089,2703.52571562,0.01998553,0.01998553,22724,70,0
8795.28561057,8795.28590282,3603.16328493,3603.15333214,0.04720080,2703.46045371,0.01998553,0.01998553,22723,70,0
8795.67321175,8795.67297488,3616.35792907,3616.36601104,0.04107321,2703.39207164,0.01998553,0.01998553,22722,70,0
8796.06055343,8796.06008101,3629.57895277,3629.59510426,0.04329234,2703.32067943,0.01998553,0.01998553,22721,70,0
8796.44743732,8796.44722122,3642.83036558,3642.83777158,0.04641253,2703.24628166,0.01998553,0.01998553,22720,70,0
8796.83441399,8796.83439550,3656.11634856,3656.11698380,0.04752058,2703.16873182,0.01998553,0.01998553,22719,70,0
8797.22168713,8797.22160387,3669.43615852,3669.43902587,0.04553832,2703.08796592,0.01998553,0.01998553,22718,70,0
8797.60939094,8797.60884633,3682.78582672,3682.80461978,0.04531135,2703.00394987,0.01998553,0.01998553,22717,70,0
8797.99609103,8797.99612288,3696.16282034,3696.16171906,0.04416653,2702.91699825,0.01998553,0.01998553,22716,70,0
8798.38392011,8798.38343353,3709.56938987,3709.58625203,0.04219133,2702.82659612,0.01998553,0.01998553,22715,70,0
8798.77168057,8798.77077828,3723.00862833,3723.03997223,0.04527749,2702.73296759,0.01998553,0.01998553,22714,70,0
8799.15886319,8799.15815713,3736.48099103,3736.50557462,0.04593491,2702.63621835,0.01998553,0.01998553,22713,70,0
8799.54586301,8799.54557010,3749.98436280,3749.99458301,0.04526283,2702.53625276,0.01998553,0.01998553,22712,70,0
8799.93364132,8799.93301718,3763.51699962,3763.53882214,0.05088734,2702.43280737,0.01998553,0.01998553,22711,70,0
8800.31962563,8800.32049838,3777.07939532,3777.04881480,0.04619116,2702.32655752,0.01998553,0.01998553,22710,70,0
8800.70845794,8800.70801370,3790.67267342,3790.68827368,0.04666311,2702.21618225,0.01998553,0.01998553,22709,70,0
8801.09574403,8801.09556316,3804.29764120,3804.30400738,0.04234587,2702.10288414,0.01998553,0.01998553,22708,70,0
8801.48339193,8801.48314674,3817.95471290,3817.96336237,0.04484316,2701.98609498,0.01998553,0.01998553,22707,70,0
8801.87164101,8801.87076447,3831.64422335,3831.67521546,0.04224494,2701.86570485,0.01998553,0.01998553,22706,70,0
8802.25745036,8802.25841634,3845.36618732,3845.33195523,0.04341599,2701.74265847,0.01998553,0.01998553,22705,70,0
8802.64591507,8802.64610235,3859.12053578,3859.11388384,0.04980374,2701.61530613,0.01998553,0.01998553,22704,70,0
8803.03428818,8803.03382252,3872.90820377,3872.92478323,0.04163960,2701.48448246,0.01998553,0.01998553,22703,70,0
8803.42155059,8803.42157684,3886.73146519,3886.73052821,0.04616010,2701.35050140,0.01998553,0.01998553,22702,70,0
8803.80993076,8803.80936532,3900.59203379,3900.61226984,0.04885718,2701.21254963,0.01998553,0.01998553,22701,70,0
8804.19744979,8804.19718797,3914.48797667,3914.49736869,0.04684848,2701.07132020,0.01998553,0.01998553,22700,70,0
8804.58583278,8804.58504479,3928.41620609,3928.44453394,0.04185012,2700.92619191,0.01998553,0.01998553,22699,70,0
8804.97279378,8804.97293578,3942.37702335,3942.37190651,0.03767067,2700.77800062,0.01998553,0.01998553,22698,70,0
8805.36085903,8805.36086095,3956.37491681,3956.37484758,0.04714226,2700.62571087,0.01998553,0.01998553,22697,70,0
8805.74894800,8805.74882030,3970.41302357,3970.41765050,0.04051319,2700.46966905,0.01998553,0.01998553,22696,70,0
8806.13602133,8806.13681384,3984.48705515,3984.45827668,0.04223955,2700.31032779,0.01998553,0.01998553,22695,70,0
8806.52409997,8806.52484157,3998.59089441,3998.56391304,0.04114136,2700.14690111,0.01998553,0.01998553,22694,70,0
8806.91412992,8806.91290350,4012.72528234,4012.77000642,0.04612775,2699.97891804,0.01998553,0.01998553,22693,70,0
8807.30150757,8807.30099963,4026.89764542,4026.91622161,0.04494747,2699.80825878,0.01998553,0.01998553,22692,70,0
8807.68934451,8807.68912997,4041.11295226,4041.12082074,0.04047149,2699.63349594,0.01998553,0.01998553,22691,70,0
8808.07700293,8808.07729451,4055.36739562,4055.35667513,0.03870421,2699.45492985,0.01998553,0.01998553,22690,70,0
8808.46534623,8808.46549328,4069.65579497,4069.65037667,0.04666663,2699.27219355,0.01998553,0.01998553,22689,70,0
8808.85506274,8808.85372626,4083.97760296,4084.02696391,0.03867601,2699.08491465,0.01998553,0.01998553,22688,70,0
nan,nan,0.00000000,-1.00000000,0.00000000,2705.50809569,nan,0.00000000,-2147483648,69,1
8785.23423725,8785.23397313,13.49209801,13.49776605,0.04387999,2705.97392844,0.01998553,0.01998553,22749,69,0
8785.61945872,8785.62016095,21.78328725,21.76820467,0.05956505,2706.42611738,0.01998553,0.01998553,22748,69,0
8786.00708564,8786.00638272,30.08211550,30.09722584,0.06411442,2706.88033126,0.01998553,0.01998553,22747,69,0
8786.39319789,8786.39263844,38.38871812,38.40075436,0.03967971,2707.33197855,0.01998553,0.01998553,22746,69,0
8786.77865852,8786.77892813,46.70301021,46.69720490,0.04775421,2707.78206820,0.01998553,0.01998553,22745,69,0
8787.16494651,8787.16525178,55.02463298,55.01805467,0.05629087,2708.23230461,0.01998553,0.01998553,22744,69,0
8787.55199245,8787.55160941,63.35320876,63.36146879,0.04543721,2708.68257896,0.01998553,0.01998553,22743,69,0
8787.93746732,8787.93800101,71.68836096,71.67684428,0.05103371,2709.13016190,0.01998553,0.01998553,22742,69,0
8788.33548497,nan,0.00000000,80.25964088,0.12297009,2709.59090587,0.01998468,0.01998553,22740,69,1
8788.71076533,8788.71088616,88.37848129,88.37586995,0.05312052,2710.02545148,0.01998553,0.01998553,22740,69,0
8789.09722159,8789.09737972,96.73428103,96.73086100,0.04279140,2710.47161121,0.01998553,0.01998553,22739,69,0
8789.48446696,8789.48390727,105.09783175,105.10994744,0.06071125,2710.91786672,0.01998553,0.01998553,22738,69,0
8789.87040638,8789.87046882,113.46943684,113.46808417,0.04620845,2711.36181871,0.01998553,0.01998553,22737,69,0
8790.25634499,8790.25706437,121.84904947,121.83344993,0.04402707,2711.80496729,0.01998553,0.01998553,22736,69,0
8790.64390750,8790.64369393,130.23656935,130.24120449,0.05169336,2712.24916483,0.01998553,0.01998553,22735,69,0
8791.03066795,8791.03035750,138.63189561,138.63863901,0.04335663,2712.69162021,0.01998553,0.01998553,22734,69,0
8791.41758624,8791.41705508,147.03491471,147.04646161,0.05717593,2713.13342492,0.01998553,0.01998553,22733,69,0
8791.80385496,8791.80378669,155.44547207,155.44695748,0.04644255,2713.57364786,0.01998553,0.01998553,22732,69,0
8792.18977402,8792.19055232,163.86340386,163.84645753,0.04456846,2714.01262299,0.01998553,0.01998553,22731,69,0
8792.57810345,8792.57735198,172.28854533,172.30491984,0.04989245,2714.45347186,0.01998553,0.01998553,22730,69,0
8792.96389411,8792.96418568,180.72082037,180.71446214,0.04758951,2714.89056997,0.01998553,0.01998553,22729,69,0
8793.35023107,8793.35105341,189.16054136,189.14259405,0.04952079,2715.32743314,0.01998553,0.01998553,22728,69,0
8793.73763645,8793.73795519,197.60812804,197.60116556,0.04640878,2715.76466552,0.01998553,0.01998553,22727,69,0
8794.12489138,8794.12489102,206.06400240,206.06401027,0.05265939,2716.20090751,0.01998553,0.01998553,22726,69,0
8794.51223954,8794.51186089,214.52848503,214.53677126,0.04648734,2716.63644735,0.01998553,0.01998553,22725,69,0
8794.89902799,8794.89886483,223.00133544,223.00490910,0.05913487,2717.07053691,0.01998553,0.01998553,22724,69,0
8795.28636323,8795.28590282,231.48212183,231.49221431,0.04256799,2717.50439303,0.01998553,0.01998553,22723,69,0
8795.67310146,8795.67297488,239.97040981,239.97318671,0.05373290,2717.93670982,0.01998553,0.01998553,22722,69,0
8796.06014885,8796.06008101,248.46583960,248.46732893,0.04486678,2718.36848036,0.01998553,0.01998553,22721,69,0
8796.44665833,8796.44722122,256.96854962,256.95618197,0.04261929,2718.79876506,0.01998553,0.01998553,22720,69,0
8796.83428084,8796.83439550,265.47887894,265.47635749,0.04551649,2719.22941450,0.01998553,0.01998553,22719,69,0
8797.22115404,8797.22160387,273.99716900,273.98726864,0.05298231,2719.65837288,0.01998553,0.01998553,22718,69,0
8797.60901408,8797.60884633,282.52373195,282.52742730,0.04801646,2720.08757733,0.01998553,0.01998553,22717,69,0
8797.99598337,8797.99612288,291.05864942,291.05557354,0.05424531,2720.51495092,0.01998553,0.01998553,22716,69,0
8798.38309740,8798.38343353,299.60189864,299.59448115,0.04505275,2720.94163559,0.01998553,0.01998553,22715,69,0
8798.77189444,8798.77077828,308.15345620,308.17810899,0.04717187,2721.36931666,0.01998553,0.01998553,22714,69,0
8799.15878184,8799.15815713,316.71330364,316.72711389,0.04640147,2721.79403905,0.01998553,0.01998553,22713,69,0
8799.54559680,8799.54557010,325.28146409,325.28205487,0.04642411,2722.21782437,0.01998553,0.01998553,22712,69,0
8799.93324582,8799.93301718,333.85798116,333.86304454,0.05414870,2722.64166241,0.01998553,0.01998553,22711,69,0
8800.32067873,8800.32049838,342.44289878,342.44689628,0.04325203,2723.06440208,0.01998553,0.01998553,22710,69,0
8800.70755634,8800.70801370,351.03624492,351.02609821,0.05377070,2723.48567419,0.01998553,0.01998553,22709,69,0
8801.09588025,8801.09556316,359.63790993,359.64495095,0.04775675,2723.90764688,0.01998553,0.01998553,22708,69,0
8801.48301413,8801.48314674,368.24771390,368.24476670,0.04687153,2724.32744277,0.01998553,0.01998553,22707,69,0
8801.87079320,8801.87076447,376.86547537,376.86611440,0.05506716,2724.74704206,0.01998553,0.01998553,22706,69,0
8802.25802919,8802.25841634,385.49104133,385.48242342,0.04580031,2725.16514836,0.01998553,0.01998553,22705,69,0
8802.64627335,8802.64610235,394.12450702,394.12831657,0.05211641,2725.58343681,0.01998553,0.01998553,22704,69,0
8803.03322062,8803.03382252,402.76609317,402.75267208,0.04831632,2725.99943276,0.01998553,0.01998553,22703,69,0
8803.42107328,8803.42157684,411.41602269,411.40478443,0.04240735,2726.41551297,0.01998553,0.01998553,22702,69,0
8803.80988009,8803.80936532,420.07449935,420.08599825,0.04919979,2726.83173011,0.01998553,0.01998553,22701,69,0
8804.19678529,8804.19718797,428.74156574,428.73256265,0.05595988,2727.24502926,0.01998553,0.01998553,22700,69,0
8804.58608057,8804.58504479,437.41718720,437.44036600,0.05001545,2727.65998839,0.01998553,0.01998553,22699,69,0
8804.97305987,8804.97293578,446.10132834,446.10410775,0.04714971,2728.07158617,0.01998553,0.01998553,22698,69,0
8805.36051517,8805.36086095,454.79395760,454.78620593,0.05600794,2728.48279396,0.01998553,0.01998553,22697,69,0
8805.74930306,8805.74882030,463.49507221,463.50590441,0.04106910,2728.89451136,0.01998553,0.01998553,22696,69,0
8806.13710819,8806.13681384,472.20468198,472.21129247,0.05129058,2729.30428259,0.01998553,0.01998553,22695,69,0
8806.52487520,8806.52484157,480.92279682,480.92355258,0.04145756,2729.71310674,0.01998553,0.01998553,22694,69,0
8806.91258450,8806.91290350,489.64939886,489.64222207,0.04677842,2730.12095957,0.01998553,0.01998553,22693,69,0
8807.30050317,8807.30099963,498.38429918,498.37312055,0.04671597,2730.52810960,0.01998553,0.01998553,22692,69,0
8807.68963456,8807.68912997,507.12724281,507.13861370,0.05562668,2730.93558994,0.01998553,0.01998553,22691,69,0
8808.07676521,8808.07729451,515.87797312,515.86603592,0.05341732,2731.34002371,0.01998553,0.01998553,22690,69,0
8808.46542544,8808.46549328,524.63636511,524.63483397,0.04286411,2731.74509218,0.01998553,0.01998553,22689,69,0
8808.85357788,8808.85372626,533.40296714,533.39961510,0.04365080,2732.14869062,0.01998553,0.01998553,22688,69,0
8809.24209443,8809.24199346,542.17854368,542.18082688,0.04667439,2732.55175825,0.01998553,0.01998553,22687,69,0
8809.63074202,8809.63029489,550.96386378,550.97398537,0.05413728,2732.95408337,0.01998553,0.01998553,22686,69,0
8810.01793054,8810.01863056,559.75941963,559.74355632,0.04413890,2733.35404306,0.01998553,0.01998553,22685,69,0
8810.40709191,8810.40700046,568.56458152,568.56665577,0.04847972,2733.75514818,0.01998553,0.01998553,22684,69,0
8810.79514446,8810.79540461,577.37843495,577.37252907,0.04318137,2734.15417453,0.01998553,0.01998553,22683,69,0
8811.18438250,8811.18384300,586.20006017,586.21231696,0.05080530,2734.55343616,0.01998553,0.01998553,22682,69,0
8811.57238487,8811.57231564,595.02893055,595.03050441,0.05080076,2734.95042330,0.01998553,0.01998553,22681,69,0
8811.96033372,8811.96082254,603.86572184,603.85459855,0.05425743,2735.34637813,0.01998553,0.01998553,22680,69,0
8812.34953482,8812.34936370,612.71134086,612.71523863,0.04480918,2735.74266647,0.01998553,0.01998553,22679,69,0
8812.73709478,8812.73793912,621.56669745,621.54744522,0.04468540,2736.13638071,0.01998553,0.01998553,22678,69,0
8813.12643316,8813.12654881,630.43222133,630.42958156,0.04432058,2736.53100965,0.01998553,0.01998553,22677,69,0
8813.51496840,8813.51519278,639.30727019,639.30214388,0.04496212,2736.92390098,0.01998553,0.01998553,22676,69,0
8813.90357406,8813.90387103,648.19105380,648.18426330,0.04862025,2737.31590223,0.01998553,0.01998553,22675,69,0
8814.29370219,8814.29258355,657.08278707,657.10838549,0.05239668,2737.70843425,0.01998553,0.01998553,22674,69,0
8814.68152320,8814.68133037,665.98230647,665.98672270,0.05295997,2738.09763684,0.01998553,0.01998553,22673,69,0
8815.07031973,8815.07011147,674.89043459,674.89520857,0.05172608,2738.48684255,0.01998553,0.01998553,22672,69,0
8815.45850439,8815.45892688,683.80808586,683.79839094,0.05595534,2738.87449734,0.01998553,0.01998553,22671,69,0
8815.84781018,8815.84777658,692.73614979,692.73692163,0.05333831,2739.26236489,0.01998553,0.01998553,22670,69,0
8816.23703687,8816.23666059,701.67469669,701.68334998,0.03977510,2739.64924477,0.01998553,0.01998553,22669,69,0
8816.62521343,8816.62557891,710.62289723,710.61448434,0.05177427,2740.03413606,0.01998553,0.01998553,22668,69,0
8817.01431239,8817.01453155,719.57987136,719.57482244,0.04245536,2740.41895365,0.01998553,0.01998553,22667,69,0
8817.40375554,8817.40351850,728.54479915,728.55026427,0.04678709,2740.80308246,0.01998553,0.01998553,22666,69,0
8817.79224904,8817.79253978,737.51775895,737.51105014,0.04418493,2741.18524907,0.01998553,0.01998553,22665,69,0
8818.18233662,8818.18159539,746.49948747,746.51660763,0.03948574,2741.56798160,0.01998553,0.01998553,22664,69,0
8818.57044005,8818.57068532,755.49074084,755.48507005,0.04198064,2741.94779937,0.01998553,0.01998553,22663,69,0
8818.95940179,8818.95980960,764.49218777,764.48274905,0.04348074,2742.32751281,0.01998552,0.01998553,22662,69,0
8819.34844617,8819.34896822,773.50380024,773.49170514,0.04195973,2742.70635611,0.01998552,0.01998553,22661,69,0
8819.73862774,8819.73816118,782.52522771,782.53604773,0.04560473,2743.08533299,0.01998553,0.01998553,22660,69,0
8820.12749310,8820.12738850,791.55611576,791.55854378,0.04329293,2743.46204255,0.01998553,0.01998553,22659,69,0
8820.51692502,8820.51665017,800.59619183,800.60257780,0.04234160,2743.83829660,0.01998553,0.01998553,22658,69,0
8820.90586841,8820.90594620,809.64554353,809.64373429,0.05010983,2744.21307553,0.01998553,0.01998553,22657,69,0
8821.29491226,8821.29527660,818.70435624,818.69587473,0.05324328,2744.58695244,0.01998552,0.01998553,22656,69,0
8821.68433155,8821.68464137,827.77281632,827.76559691,0.05174214,2744.96019372,0.01998552,0.01998553,22655,69,0
8822.07438828,8822.07404051,836.85105441,836.85916622,0.05278511,2745.33304821,0.01998553,0.01998553,22654,69,0
8822.46293100,8822.46347403,845.93906635,845.92638768,0.05267957,2745.70345869,0.01998552,0.01998553,22653,69,0
8822.85351950,8822.85294193,855.03682810,855.05032657,0.05314587,2746.07481198,0.01998553,0.01998553,22652,69,0
8823.24270434,8823.24244422,864.14432000,864.15040526,0.04356163,2746.44382138,0.01998553,0.01998553,22651,69,0
8823.63140471,8823.63198090,873.26170947,873.24821646,0.04221381,2746.81136871,0.01998552,0.01998553,22650,69,0
8824.02161789,8824.02155198,882.38941366,882.39095874,0.03930694,2747.17935144,0.01998553,0.01998553,22649,69,0
8824.41158696,8824.41115746,891.52786957,891.53794959,0.04003312,2747.54612132,0.01998553,0.01998553,22648,69,0
8824.80062394,8824.80079734,900.67746269,900.67338867,0.05174474,2747.91104678,0.01998553,0.01998553,22647,69,0
8825.19005590,8825.19047164,909.83783621,909.82805812,0.04800795,2748.27535601,0.01998552,0.01998553,22646,69,0
8825.58104423,8825.58018035,919.00808999,919.02842753,0.04826885,2748.64008792,0.01998553,0.01998553,22645,69,0
8825.97062014,8825.96992348,928.18730585,928.20372029,0.04815698,2749.00243232,0.01998553,0.01998553,22644,69,0
8826.36028290,8826.35970103,937.37476689,937.38848774,0.04878801,2749.36375756,0.01998553,0.01998553,22643,69,0
8826.74839225,8826.74951301,946.57098849,946.54453573,0.05256505,2749.72256576,0.01998552,0.01998553,22642,69,0
8827.13893753,8827.13935943,955.77694641,955.76697836,0.05343791,2750.08257599,0.01998553,0.01998553,22641,69,0
8827.52940835,8827.52924028,964.99362287,964.99759823,0.05064241,2750.44149897,0.01998553,0.01998553,22640,69,0
8827.91951125,8827.91915558,974.22158995,974.23001207,0.04625149,2750.79908450,0.01998553,0.01998553,22639,69,0
8828.30897668,8828.30910532,983.46028566,983.45723618,0.04486062,2751.15506318,0.01998553,0.01998553,22638,69,0
8828.69935166,8828.69908952,992.70895174,992.71517137,0.04888040,2751.51081448,0.01998553,0.01998553,22637,69,0
8829.09004604,8829.08910817,1001.96683995,1001.98911194,0.05187046,2751.86576292,0.01998553,0.01998553,22636,69,0
8829.47947220,8829.47916128,1011.23376312,1011.24115328,0.04328572,2752.21845938,0.01998553,0.01998553,22635,69,0
8829.86904150,8829.86924886,1020.51025851,1020.50532497,0.04143768,2752.57020364,0.01998553,0.01998553,22634,69,0
8830.25970909,8830.25937090,1029.79691438,1029.80496895,0.05263590,2752.92187132,0.01998553,0.01998553,22633,69,0
8830.65056210,8830.64952742,1039.09427038,1039.11893987,0.04303968,2753.27265164,0.01998553,0.01998553,22632,69,0
8831.03995327,8831.03971842,1048.40232126,1048.40792636,0.04411106,2753.62106681,0.01998553,0.01998553,22631,69,0
8831.42999370,8831.42994391,1057.72073505,1057.72192470,0.04900733,2753.96899239,0.01998553,0.01998553,22630,69,0
8831.82013325,8831.82020388,1067.04917319,1067.04748420,0.04995551,2754.31591779,0.01998553,0.01998553,22629,69,0
8832.21045939,8832.21049834,1076.38737818,1076.38644577,0.04132046,2754.66190603,0.01998553,0.01998553,22628,69,0
8832.59988975,8832.60082731,1085.73542114,1085.71295664,0.04955857,2755.00599936,0.01998552,0.01998553,22627,69,0
8832.99183179,8832.99119077,1095.09345547,1095.10882995,0.04417986,2755.35120335,0.01998553,0.01998553,22626,69,0
8833.38161527,8833.38158874,1104.46163803,1104.46227508,0.04989382,2755.69340485,0.01998553,0.01998553,22625,69,0
8833.77177288,8833.77202122,1113.84028382,1113.83431531,0.04945431,2756.03484224,0.01998552,0.01998553,22624,69,0
8834.16285544,8834.16248822,1123.22995910,1123.23879487,0.04821206,2756.37600832,0.01998553,0.01998553,22623,69,0
8834.55373113,8834.55298974,1132.63125597,1132.64911554,0.04958396,2756.71592960,0.01998553,0.01998553,22622,69,0
8834.94365697,8834.94352578,1142.04469655,1142.04786061,0.04686681,2757.05397853,0.01998553,0.01998553,22621,69,0
8835.33397787,8835.33409635,1151.46993140,1151.46707067,0.04952583,2757.39130573,0.01998552,0.01998553,22620,69,0
8835.72457346,8835.72470145,1160.90603684,1160.90294338,0.05010907,2757.72776667,0.01998552,0.01998553,22619,69,0
8836.11495636,8836.11534110,1170.35207299,1170.34276563,0.05784934,2758.06290349,0.01998552,0.01998553,22618,69,0
8836.50727259,8836.50601528,1179.80743531,1179.83787974,0.04785471,2758.39852542,0.01998553,0.01998553,22617,69,0
8836.89695827,8836.89672402,1189.27282563,1189.27850357,0.04432922,2758.73075206,0.01998553,0.01998553,22616,69,0
8837.28775899,8837.28746731,1198.74926459,1198.75634271,0.04894834,2759.06281495,0.01998553,0.01998553,22615,69,0
8837.67810699,8837.67824515,1208.23776412,1208.23440736,0.04675268,2759.39340961,0.01998552,0.01998553,22614,69,0
8838.06877961,8838.06905756,1217.73865916,1217.73189807,0.04441031,2759.72320144,0.01998552,0.01998553,22613,69,0
8838.45898420,8838.45990453,1227.25135404,1227.22894206,0.04147737,2760.05149616,0.01998552,0.01998553,22612,69,0
8838.85080336,8838.85078607,1236.77518192,1236.77560345,0.05193956,2760.38001313,0.01998552,0.01998553,22611,69,0
8839.24163109,8839.24170219,1246.30955023,1246.30781538,0.04111835,2760.70653967,0.01998552,0.01998553,22610,69,0
8839.63295126,8839.63265289,1255.85451814,1255.86180679,0.04708219,2761.03231533,0.01998553,0.01998553,22609,69,0
8840.02418433,8840.02363817,1265.41047003,1265.42382596,0.04991601,2761.35686444,0.01998553,0.01998553,22608,69,0
8840.41445941,8840.41465804,1274.97779493,1274.97293221,0.04479708,2761.67947761,0.01998552,0.01998553,22607,69,0
8840.80558070,8840.80571250,1284.55675192,1284.55352163,0.05031702,2762.00165060,0.01998552,0.01998553,22606,69,0
8841.19678195,8841.19680157,1294.14727242,1294.14679114,0.04461380,2762.32274095,0.01998552,0.01998553,22605,69,0
8841.58716400,8841.58792523,1303.74923699,1303.73053882,0.04444294,2762.64200503,0.01998552,0.01998553,22604,69,0
8841.97897167,8841.97908351,1313.36252409,1313.35977416,0.05106972,2762.96126709,0.01998552,0.01998553,22603,69,0
8842.37053145,8842.37027639,1322.98699124,1322.99326968,0.04292959,2763.27914868,0.01998553,0.01998553,22602,69,0
8842.76130325,8842.76150389,1332.62247839,1332.61753414,0.04506144,2763.59520601,0.01998552,0.01998553,22601,69,0
8843.15337854,8843.15276602,1342.26882383,1342.28393296,0.04151835,2763.91111832,0.01998553,0.01998553,22600,69,0
8843.54420434,8843.54406277,1351.92599162,1351.92948752,0.04828928,2764.22482255,0.01998553,0.01998553,22599,69,0
8843.93502980,8843.93539415,1361.59444879,1361.58544191,0.04580529,2764.53733754,0.01998552,0.01998553,22598,69,0
8844.32714501,8844.32676016,1371.27479037,1371.28431517,0.05411610,2764.84970331,0.01998553,0.01998553,22597,69,0
8844.71873258,8844.71816082,1380.96759942,1380.98176745,0.04468952,2765.16048216,0.01998553,0.01998553,22596,69,0
8845.10902365,8845.10959612,1390.67297805,1390.65877569,0.04994606,2765.46906987,0.01998552,0.01998553,22595,69,0
8845.50135266,8845.50106607,1400.39047098,1400.39758903,0.05265435,2765.77807959,0.01998553,0.01998553,22594,69,0
8845.89247592,8845.89257067,1410.11958874,1410.11723304,0.05092079,2766.08493205,0.01998552,0.01998553,22593,69,0
8846.28408056,8846.28410993,1419.85990739,1419.85917650,0.05186822,2766.39093589,0.01998552,0.01998553,22592,69,0
8846.67569328,8846.67568385,1429.61136803,1429.61160285,0.04908737,2766.69571229,0.01998552,0.01998553,22591,69,0
8847.06727331,8847.06729244,1439.37403345,1439.37355622,0.05190271,2766.99922677,0.01998552,0.01998553,22590,69,0
8847.45948494,8847.45893570,1449.14797517,1449.16168938,0.04321837,2767.30198872,0.01998553,0.01998552,22589,69,0
8847.85141423,8847.85061364,1458.93363084,1458.95364436,0.04676742,2767.60329955,0.01998553,0.01998552,22588,69,0
8848.24223260,8848.24232626,1468.73194372,1468.72959944,0.04960644,2767.90255244,0.01998552,0.01998552,22587,69,0
8848.63392001,8848.63407357,1478.54390051,1478.54005176,0.04524369,2768.20128888,0.01998552,0.01998552,22586,69,0
8849.02610039,8849.02585556,1488.37021866,1488.37636333,0.04733633,2768.49923149,0.01998552,0.01998552,22585,69,0
8849.41829582,8849.41767226,1498.20996935,1498.22563821,0.05893038,2768.79598046,0.01998553,0.01998552,22584,69,0
8849.80952753,8849.80952365,1508.06160604,1508.06170372,0.04793792,2769.09074746,0.01998552,0.01998552,22583,69,0
8850.20197727,8850.20140974,1517.92359515,1517.93788362,0.04998520,2769.38512415,0.01998553,0.01998552,22582,69,0
8850.59248364,8850.59333055,1527.79557079,1527.77422772,0.04726763,2769.67672759,0.01998552,0.01998552,22581,69,0
8850.98523222,8850.98528606,1537.67881523,1537.67745671,0.04830056,2769.96871517,0.01998552,0.01998552,22580,69,0
8851.37756111,8851.37727630,1547.57474339,1547.58193830,0.04505035,2770.25913543,0.01998552,0.01998552,22579,69,0
8851.76945833,8851.76930126,1557.48452205,1557.48849512,0.04567149,2770.54801183,0.01998552,0.01998552,22578,69,0
8852.16200699,8852.16136094,1567.40788794,1567.42425002,0.05001817,2770.83612783,0.01998553,0.01998552,22577,69,0
8852.55332381,8852.55345536,1577.34407859,1577.34074286,0.04723573,2771.12207592,0.01998552,0.01998552,22576,69,0
8852.94646633,8852.94558452,1587.29234232,1587.31472612,0.05236547,2771.40806013,0.01998553,0.01998552,22575,69,0
8853.33787741,8853.33774841,1597.25249673,1597.25577475,0.05226579,2771.69148185,0.01998552,0.01998552,22574,69,0
8853.73039180,8853.72994705,1607.22505685,1607.23637240,0.05609502,2771.97440615,0.01998552,0.01998552,22573,69,0
8854.12210613,8854.12218045,1617.21058372,1617.20869066,0.05125262,2772.25546969,0.01998552,0.01998552,22572,69,0
8854.51420872,8854.51444859,1627.20950359,1627.20338538,0.05314241,2772.53553319,0.01998552,0.01998552,22571,69,0
8854.90684821,8854.90675150,1637.22164657,1637.22411624,0.05444236,2772.81468747,0.01998552,0.01998552,22570,69,0
8855.29903700,8855.29908917,1647.24667994,1647.24534594,0.05353309,2773.09221471,0.01998552,0.01998552,22569,69,0
8855.69174222,8855.69146161,1657.28428992,1657.29147251,0.05148791,2773.36878450,0.01998552,0.01998552,22568,69,0
8856.08386207,8856.08386883,1667.33457487,1667.33440170,0.04829920,2773.64361816,0.01998552,0.01998552,22567,69,0
8856.47648740,8856.47631082,1677.39800759,1677.40253837,0.04843143,2773.91748773,0.01998552,0.01998552,22566,69,0
8856.86820989,8856.86878760,1687.47507755,1687.46023500,0.04842121,2774.18942001,0.01998552,0.01998552,22565,69,0
8857.26123020,8857.26129916,1697.56604495,1697.56427101,0.04952365,2774.46094140,0.01998552,0.01998552,22564,69,0
8857.65353047,8857.65384552,1707.67051851,1707.66240401,0.04543422,2774.73063813,0.01998552,0.01998552,22563,69,0
8858.04683806,8858.04642667,1717.78799011,1717.79859862,0.04867552,2774.99967653,0.01998552,0.01998552,22562,69,0
8858.43892654,8858.43904262,1727.91800973,1727.91501299,0.04673070,2775.26651690,0.01998552,0.01998552,22561,69,0
8858.83183805,8858.83169338,1738.06073286,1738.06447218,0.05321439,2775.53254941,0.01998552,0.01998552,22560,69,0
8859.22416474,8859.22437895,1748.21666132,1748.21111766,0.05341799,2775.79682674,0.01998552,0.01998552,22559,69,0
8859.61731689,8859.61709934,1758.38630104,1758.39193831,0.05142185,2776.06030459,0.01998552,0.01998552,22558,69,0
8860.01012928,8860.00985454,1768.56992636,1768.57705433,0.04818913,2776.32220017,0.01998552,0.01998552,22557,69,0
8860.40173920,8860.40264458,1778.76744065,1778.74392057,0.04890120,2776.58193732,0.01998552,0.01998552,22556,69,0
8860.79517478,8860.79546944,1788.97871337,1788.97104913,0.05344551,2776.84151141,0.01998552,0.01998552,22555,69,0
8861.18837238,8861.18832913,1799.20361655,1799.20474304,0.05231653,2777.09954293,0.01998552,0.01998552,22554,69,0
8861.58134588,8861.58122366,1809.44203810,1809.44522493,0.04960713,2777.35603422,0.01998552,0.01998552,22553,69,0
8861.97410662,8861.97415304,1819.69386991,1819.69265810,0.04423586,2777.61098599,0.01998552,0.01998552,22552,69,0
8862.36671165,8862.36711726,1829.95901772,1829.94841572,0.05188712,2777.86442863,0.01998552,0.01998552,22551,69,0
8862.76019338,8862.76011634,1840.23761611,1840.23963250,0.05333660,2778.11702175,0.01998552,0.01998552,22550,69,0
8863.15349639,8863.15315027,1850.52998153,1850.53905114,0.04634043,2778.36808539,0.01998552,0.01998552,22549,69,0
8863.54627299,8863.54621906,1860.83643788,1860.83785283,0.05415436,2778.61740273,0.01998552,0.01998552,22548,69,0
8863.93917276,8863.93932273,1871.15731906,1871.15337905,0.05177562,2778.86538955,0.01998552,0.01998552,22547,69,0
8864.33268233,8864.33246126,1881.49297620,1881.49879221,0.04510633,2779.11235055,0.01998552,0.01998552,22546,69,0
8864.72574021,8864.72563467,1891.84376492,1891.84654547,0.04440875,2779.35762001,0.01998552,0.01998552,22545,69,0
8865.11843921,8865.11884296,1902.20987459,1902.19922352,0.04896059,2779.60125741,0.01998552,0.01998552,22544,69,0
8865.51166103,8865.51208613,1912.59063085,1912.57940205,0.04831406,2779.84378582,0.01998552,0.01998552,22543,69,0
8865.90515564,8865.90536419,1922.98507762,1922.97956243,0.05232737,2780.08501755,0.01998552,0.01998552,22542,69,0
8866.29930410,8866.29867715,1933.39233366,1933.40893249,0.04792104,2780.32515413,0.01998553,0.01998552,22541,69,0
8866.69157537,8866.69202501,1943.81273042,1943.80081154,0.04330445,2780.56266189,0.01998552,0.01998552,22540,69,0
8867.08522564,8867.08540777,1954.24753091,1954.24269665,0.05158290,2780.79953742,0.01998552,0.01998552,22539,69,0
8867.47888232,8867.47882544,1964.69801979,1964.69953187,0.04244538,2781.03496887,0.01998552,0.01998552,22538,69,0
8867.87269097,8867.87227802,1975.16460074,1975.17559381,0.04949353,2781.26904380,0.01998553,0.01998552,22537,69,0
8868.26538312,8868.26576552,1985.64619160,1985.63599909,0.04845188,2781.50098186,0.01998552,0.01998552,22536,69,0
8868.65916769,8868.65928794,1996.14155955,1996.13835058,0.04870562,2781.73205353,0.01998552,0.01998552,22535,69,0
8869.05296987,8869.05284529,2006.64980226,2006.65313061,0.04450263,2781.96159537,0.01998552,0.01998552,22534,69,0
8869.44595102,8869.44643757,2017.17128658,2017.15827243,0.05234300,2782.18912493,0.01998552,0.01998552,22533,69,0
8869.83974786,8869.84006478,2027.70668126,2027.69819350,0.04281768,2782.41559775,0.01998552,0.01998552,22532,69,0
8870.23398486,8870.23372694,2038.25666555,2038.26358228,0.05020605,2782.64079817,0.01998552,0.01998552,22531,69,0
8870.62723548,8870.62742404,2048.82196665,2048.81690275,0.05230237,2782.86392264,0.01998552,0.01998552,22530,69,0
8871.02072732,8871.02115609,2059.40333938,2059.39180786,0.04615350,2783.08568017,0.01998552,0.01998552,22529,69,0
8871.41583842,8871.41492310,2070.00151704,2070.02617149,0.04833204,2783.30684392,0.01998552,0.01998552,22528,69,0
8871.80889525,8871.80872507,2080.61659435,2080.62118506,0.04351978,2783.52535370,0.01998552,0.01998552,22527,69,0
8872.20290202,8872.20256200,2091.24802225,2091.25720728,0.04609839,2783.74286634,0.01998552,0.01998552,22526,69,0
8872.59609680,8872.59643390,2101.89522039,2101.88610175,0.05247940,2783.95838855,0.01998552,0.01998552,22525,69,0
8872.99069416,8872.99034077,2112.55777020,2112.56734227,0.04432996,2784.17311444,0.01998552,0.01998552,22524,69,0
8873.38407321,8873.38428263,2123.23556305,2123.22988307,0.05217887,2784.38560691,0.01998552,0.01998552,22523,69,0
8873.77857345,8873.77825946,2133.92852383,2133.93705151,0.05454539,2784.59712116,0.01998552,0.01998552,22522,69,0
8874.17204689,8874.17227128,2144.63669983,2144.63059737,0.04320432,2784.80649830,0.01998552,0.01998552,22521,69,0
8874.56613341,8874.56631810,2155.36057680,2155.35554697,0.04862121,2785.01461517,0.01998552,0.01998552,22520,69,0
8874.96044148,8874.96039991,2166.10074208,2166.10187580,0.05062328,2785.22126332,0.01998552,0.01998552,22519,69,0
8875.35479387,8875.35451672,2176.85769969,2176.86526966,0.04123656,2785.42634957,0.01998552,0.01998552,22518,69,0
8875.74838431,8875.74866854,2187.63136650,2187.62359175,0.05024528,2785.62944887,0.01998552,0.01998552,22517,69,0
8876.14229614,8876.14285537,2198.42141582,2198.40609729,0.04853868,2785.83110836,0.01998552,0.01998552,22516,69,0
8876.53703334,8876.53707722,2209.22751479,2209.22631128,0.05039209,2786.03156453,0.01998552,0.01998552,22515,69,0
8876.93106510,8876.93133408,2220.04929715,2220.04190914,0.05244992,2786.23002440,0.01998552,0.01998552,22514,69,0
8877.32609490,8877.32562597,2230.88637213,2230.89926897,0.05521253,2786.42732899,0.01998552,0.01998552,22513,69,0
8877.71927249,8877.71995290,2241.73836588,2241.71962906,0.05123794,2786.62204563,0.01998552,0.01998552,22512,69,0
8878.11398418,8878.11431485,2252.60548490,2252.59636666,0.04722608,2786.81584940,0.01998552,0.01998552,22511,69,0
8878.50805839,8878.50871184,2263.48858411,2263.47053954,0.04793042,2787.00767558,0.01998552,0.01998552,22510,69,0
8878.90362043,8878.90314388,2274.38855491,2274.40173412,0.05236319,2787.19856065,0.01998552,0.01998552,22509,69,0
8879.29802207,8879.29761097,2285.30592831,2285.31731453,0.04574314,2787.38722498,0.01998552,0.01998552,22508,69,0
8879.69190330,8879.69211311,2296.24061276,2296.23479304,0.05008235,2787.57397476,0.01998552,0.01998552,22507,69,0
8880.08688445,8880.08665030,2307.19245450,2307.19895897,0.04609656,2787.75956296,0.01998552,0.01998552,22506,69,0
8880.48131497,8880.48122256,2318.16121077,2318.16378158,0.04853747,2787.94319755,0.01998552,0.01998552,22505,69,0
8880.87598872,8880.87582989,2329.14641235,2329.15083707,0.04988951,2788.12523355,0.01998552,0.01998552,22504,69,0
8881.27083969,8881.27047228,2340.14755014,2340.15779896,0.05114875,2788.30562088,0.01998552,0.01998552,22503,69,0
8881.66489168,8881.66514976,2351.16443203,2351.15722316,0.05069936,2788.48390625,0.01998552,0.01998552,22502,69,0
8882.05962528,8882.05986231,2362.19808063,2362.19144970,0.04826121,2788.66076838,0.01998552,0.01998552,22501,69,0
8882.45465877,8882.45460995,2373.24981541,2373.25118328,0.04991507,2788.83604175,0.01998552,0.01998552,22500,69,0
8882.84974960,8882.84939268,2384.32068204,2384.33069932,0.04893305,2789.00962316,0.01998552,0.01998552,22499,69,0
8883.24501292,8883.24421051,2395.41019707,2395.43275213,0.04912246,2789.18154403,0.01998552,0.01998552,22498,69,0
8883.63906988,8883.63906343,2406.51735704,2406.51753854,0.04568246,2789.35118635,0.01998552,0.01998552,22497,69,0
8884.03344795,8884.03395147,2417.64126426,2417.62707055,0.05142381,2789.51919079,0.01998552,0.01998552,22496,69,0
8884.42839788,8884.42887460,2428.78186912,2428.76841134,0.05188534,2789.68564851,0.01998552,0.01998552,22495,69,0
8884.82339131,8884.82383286,2439.93950575,2439.92702288,0.04913787,2789.85032866,0.01998552,0.01998552,22494,69,0
8885.21917925,8885.21882623,2451.11455184,2451.12454678,0.04732409,2790.01353498,0.01998552,0.01998552,22493,69,0
8885.61324064,8885.61385473,2462.30777098,2462.29035698,0.04596436,2790.17423585,0.01998552,0.01998552,22492,69,0
8886.00936895,8886.00891835,2473.52015186,2473.53295132,0.04690676,2790.33398012,0.01998552,0.01998552,22491,69,0
8886.40383193,8886.40401711,2484.75257689,2484.74730811,0.05556388,2790.49126194,0.01998552,0.01998552,22490,69,0
8886.79863787,8886.79915100,2496.00442728,2495.98980430,0.04844293,2790.64687174,0.01998552,0.01998552,22489,69,0
8887.19414546,8887.19432003,2507.27403506,2507.26905300,0.04813044,2790.80091053,0.01998552,0.01998552,22488,69,0
8887.58995561,8887.58952422,2518.55979791,2518.57212514,0.04990198,2790.95318467,0.01998552,0.01998552,22487,69,0
8887.98421174,8887.98476355,2529.86173326,2529.84594312,0.05180986,2791.10298031,0.01998552,0.01998552,22486,69,0
8888.38033531,8888.38003804,2541.18117096,2541.18969054,0.04949932,2791.25160368,0.01998552,0.01998552,22485,69,0
8888.77640362,8888.77534769,2552.51944076,2552.54975139,0.05105747,2791.39832801,0.01998553,0.01998552,22484,69,0
8889.17047217,8889.17069251,2563.87694007,2563.87060536,0.05050521,2791.54244226,0.01998552,0.01998552,22483,69,0
8889.56630078,8889.56607249,2575.25322419,2575.25979768,0.04850375,2791.68530701,0.01998552,0.01998552,22482,69,0
8889.96200267,8889.96148765,2586.64783432,2586.66268671,0.05315358,2791.82621358,0.01998552,0.01998552,22481,69,0
8890.35716252,8890.35693799,2598.06073744,2598.06722240,0.04809042,2791.96500840,0.01998552,0.01998552,22480,69,0
8890.75183192,8890.75242352,2609.49231287,2609.47519918,0.04651952,2792.10171154,0.01998552,0.01998552,22479,69,0
8891.14775095,8891.14794423,2620.94296118,2620.93736086,0.05111770,2792.23691450,0.01998552,0.01998552,22478,69,0
8891.54312878,8891.54350014,2632.41310985,2632.40233257,0.04807534,2792.36999486,0.01998552,0.01998552,22477,69,0
8891.93889920,8891.93909125,2643.90321325,2643.89763043,0.04510999,2792.50126229,0.01998552,0.01998552,22476,69,0
8892.33515440,8892.33471756,2655.41371248,2655.42643282,0.05042422,2792.63073462,0.01998552,0.01998552,22475,69,0
8892.73008481,8892.73037908,2666.94464018,2666.93605714,0.04671077,2792.75781575,0.01998552,0.01998552,22474,69,0
8893.12525829,8893.12607581,2678.49562536,2678.47174147,0.04692667,2792.88300281,0.01998552,0.01998552,22473,69,0
8893.52178376,8893.52180775,2690.06629791,2690.06559578,0.04796099,2793.00661990,0.01998552,0.01998552,22472,69,0
8893.91717404,8893.91757492,2701.65672359,2701.64497383,0.04838932,2793.12787956,0.01998552,0.01998552,22471,69,0
8894.31379039,8894.31337732,2713.26737844,2713.27950600,0.04468569,2793.24749889,0.01998552,0.01998552,22470,69,0
8894.70909187,8894.70921495,2724.89871913,2724.89509955,0.04625772,2793.36470533,0.01998552,0.01998552,22469,69,0
8895.10500732,8895.10508781,2736.55051122,2736.54814028,0.04876185,2793.48006206,0.01998552,0.01998552,22468,69,0
8895.50061020,8895.50099592,2748.22192441,2748.21054460,0.04616118,2793.59327718,0.01998552,0.01998552,22467,69,0
8895.89774555,8895.89693927,2759.91217929,2759.93600313,0.05234159,2793.70485058,0.01998552,0.01998552,22466,69,0
8896.29306086,8896.29291787,2771.62161959,2771.62585152,0.05054482,2793.81383501,0.01998552,0.01998552,22465,69,0
8896.68845271,8896.68893172,2783.35144111,2783.33724075,0.04480951,2793.92076687,0.01998552,0.01998552,22464,69,0
8897.08488468,8897.08498084,2795.10279409,2795.09993841,0.04387431,2794.02589638,0.01998552,0.01998552,22463,69,0
8897.48113296,8897.48106522,2806.87595297,2806.87796831,0.05168217,2794.12888218,0.01998552,0.01998552,22462,69,0
8897.87736542,8897.87718486,2818.67063311,2818.67601376,0.04849938,2794.22975442,0.01998552,0.01998552,22461,69,0
8898.27381135,8898.27333979,2830.48655604,2830.50063306,0.04843940,2794.32855505,0.01998552,0.01998552,22460,69,0
8898.66964869,8898.66952999,2842.32359766,2842.32714724,0.04375266,2794.42506903,0.01998552,0.01998552,22459,69,0
8899.06501982,8899.06575547,2854.18171277,2854.15967784,0.04213541,2794.51932713,0.01998552,0.01998552,22458,69,0
8899.46157102,8899.46201624,2866.06082069,2866.04746277,0.04932633,2794.61170307,0.01998552,0.01998552,22457,69,0
8899.85852924,8899.85831231,2877.96061422,2877.96713352,0.04713858,2794.70198913,0.01998552,0.01998552,22456,69,0
8900.25444656,8900.25464367,2889.88069420,2889.87476120,0.04962166,2794.78984612,0.01998552,0.01998552,22455,69,0
8900.65151592,8900.65101034,2901.82089646,2901.83613906,0.05183986,2794.87574659,0.01998552,0.01998552,22454,69,0
8901.04745847,8901.04741231,2913.78214847,2913.78354260,0.05265087,2794.95919182,0.01998552,0.01998552,22453,69,0
8901.44375403,8901.44384959,2925.76569909,2925.76280768,0.04877877,2795.04049604,0.01998552,0.01998552,22452,69,0
8901.83973508,8901.84032219,2937.77235672,2937.75456059,0.04670325,2795.11951399,0.01998552,0.01998552,22451,69,0
8902.23705559,8902.23683011,2949.80151017,2949.80835661,0.04906705,2795.19654943,0.01998552,0.01998552,22450,69,0
8902.63330457,8902.63337336,2961.85226460,2961.85017240,0.04662799,2795.27111370,0.01998552,0.01998552,22449,69,0
8903.03014992,8903.02995194,2973.92430740,2973.93033929,0.05130154,2795.34350992,0.01998552,0.01998552,22448,69,0
8903.42632700,8903.42656585,2986.01857326,2986.01128335,0.04617233,2795.41350055,0.01998552,0.01998552,22447,69,0
8903.82338503,8903.82321510,2998.13615283,2998.14134906,0.04425788,2795.48135003,0.01998552,0.01998552,22446,69,0
8904.22045039,8904.21989970,3010.27755924,3010.29442996,0.04355495,2795.54688995,0.01998552,0.01998552,22445,69,0
8904.61630352,8904.61661965,3022.44249085,3022.43278853,0.04282144,2795.60991359,0.01998552,0.01998552,22444,69,0
8905.01373748,8905.01337495,3034.63060748,3034.64175445,0.04930964,2795.67084641,0.01998552,0.01998552,22443,69,0
8905.41004925,8905.41016561,3046.84205070,3046.83846644,0.05147547,2795.72925650,0.01998552,0.01998552,22442,69,0
8905.80756132,8905.80699163,3059.07739746,3059.09497930,0.04566483,2795.78547375,0.01998552,0.01998552,22441,69,0
8906.20349482,8906.20385302,3071.33710771,3071.32603192,0.04834854,2795.83909591,0.01998552,0.01998552,22440,69,0
8906.60087399,8906.60074979,3083.62034758,3083.62419466,0.04811220,2795.89051537,0.01998552,0.01998552,22439,69,0
8906.99732217,8906.99768193,3095.92556253,3095.91440081,0.04911741,2795.93939944,0.01998552,0.01998552,22438,69,0
8907.39466767,8907.39464946,3108.25168170,3108.25224763,0.04469323,2795.98595633,0.01998552,0.01998552,22437,69,0
8907.79244909,8907.79165237,3120.60015697,3120.62496127,0.05061077,2796.03011172,0.01998552,0.01998552,22436,69,0
8908.18898189,8908.18869068,3132.97324287,3132.98232720,0.04722309,2796.07167959,0.01998552,0.01998552,22435,69,0
8908.58631385,8908.58576438,3145.37237073,3145.38954583,0.04158920,2796.11086779,0.01998552,0.01998552,22434,69,0
8908.98348885,8908.98287348,3157.79675110,3157.81602233,0.04665538,2796.14755751,0.01998552,0.01998552,22433,69,0
8909.38104362,8909.38001799,3170.24523883,3170.27741636,0.04734606,2796.18177737,0.01998552,0.01998552,22432,69,0
8909.77806003,8909.77719791,3182.71749977,3182.74459731,0.04765726,2796.21343386,0.01998552,0.01998552,22431,69,0
8910.17405591,8910.17441325,3195.21435239,3195.20309923,0.04860943,2796.24249025,0.01998552,0.01998552,22430,69,0
8910.57180109,8910.57166401,3207.73664716,3207.74097257,0.04816498,2796.26912899,0.01998552,0.01998552,22429,69,0
8910.97011889,8910.96895019,3220.28434581,3220.32129278,0.04216833,2796.29323268,0.01998552,0.01998552,22428,69,0
8911.36637799,8911.36627180,3232.85674502,3232.86010807,0.04663203,2796.31463922,0.01998552,0.01998552,22427,69,0
8911.76322521,8911.76362885,3245.45331020,3245.44050274,0.04191468,2796.33348949,0.01998552,0.01998552,22426,69,0
8912.16089390,8912.16102134,3258.07462721,3258.07057604,0.04908689,2796.34976598,0.01998552,0.01998552,22425,69,0
8912.55763589,8912.55844927,3270.72169609,3270.69578681,0.04732333,2796.36338333,0.01998552,0.01998552,22424,69,0
8912.95716700,8912.95591265,3283.39522870,3283.43526504,0.04584150,2796.37443442,0.01998552,0.01998552,22423,69,0
8913.35302416,8913.35341148,3296.09517124,3296.08278421,0.04992410,2796.38273227,0.01998552,0.01998552,22422,69,0
8913.75016094,8913.75094578,3308.82134706,3308.79619778,0.04989794,2796.38838768,0.01998552,0.01998552,22421,69,0
8914.14873667,8914.14851553,3321.57361072,3321.58071065,0.04575299,2796.39135839,0.01998552,0.01998552,22420,69,0
8914.54640781,8914.54612076,3334.35185422,3334.36108844,0.05125946,2796.39160445,0.01998552,0.01998552,22419,69,0
8914.94411508,8914.94376145,3347.15605354,3347.16745184,0.04616138,2796.38911839,0.01998552,0.01998552,22418,69,0
8915.34135210,8915.34143763,3359.98692657,3359.98416412,0.04860530,2796.38389047,0.01998552,0.01998552,22417,69,0
8915.73951781,8915.73914928,3372.84558914,3372.85751692,0.04640563,2796.37587919,0.01998552,0.01998552,22416,69,0
8916.13612573,8916.13689643,3385.73276447,3385.70776729,0.05383573,2796.36512223,0.01998552,0.01998552,22415,69,0
8916.53521856,8916.53467906,3398.64782619,3398.66536012,0.04767353,2796.35148203,0.01998552,0.01998552,22414,69,0
8916.93296259,8916.93249720,3411.58987328,3411.60502856,0.04748724,2796.33506032,0.01998552,0.01998552,22413,69,0
8917.33093189,8917.33035083,3424.55857870,3424.57753825,0.04646522,2796.31578664,0.01998552,0.01998552,22412,69,0
8917.72812038,8917.72823997,3437.55437767,3437.55046771,0.04670125,2796.29369712,0.01998552,0.01998552,22411,69,0
8918.12588019,8918.12616462,3450.57777119,3450.56845276,0.04805491,2796.26869972,0.01998552,0.01998552,22410,69,0
8918.52398937,8918.52412479,3463.62934413,3463.62489829,0.04882796,2796.24077854,0.01998552,0.01998552,22409,69,0
8918.92129229,8918.92212047,3476.70972864,3476.68248061,0.04434996,2796.20999917,0.01998552,0.01998552,22408,69,0
8919.32081257,8919.32015169,3489.81927865,3489.84106865,0.04397950,2796.17609130,0.01998552,0.01998552,22407,69,0
8919.71769561,8919.71821843,3502.95752830,3502.94025496,0.05323210,2796.13945325,0.01998552,0.01998552,22406,69,0
8920.11612867,8920.11632070,3516.12385754,3516.11749988,0.04711838,2796.09969306,0.01998552,0.01998552,22405,69,0
8920.51392382,8920.51445852,3529.31762933,3529.29989256,0.04681804,2796.05700184,0.01998552,0.01998552,22404,69,0
8920.91273228,8920.91263188,3542.53818918,3542.54152576,0.03972770,2796.01118162,0.01998552,0.01998552,22403,69,0
8921.31088477,8921.31084079,3555.78535085,3555.78681538,0.05027791,2795.96240242,0.01998552,0.01998552,22402,69,0
8921.71011575,8921.70908525,3569.06163347,3569.09602657,0.04532535,2795.91041828,0.01998552,0.01998552,22401,69,0
8922.10796164,8922.10736527,3582.37051158,3582.39046441,0.04725270,2795.85551868,0.01998552,0.01998552,22400,69,0
8922.50588993,8922.50568086,3595.71298189,3595.71999306,0.04084998,2795.79748944,0.01998552,0.01998552,22399,69,0
8922.90440627,8922.90403201,3609.08570110,3609.09827733,0.04539702,2795.73624135,0.01998552,0.01998552,22398,69,0
8923.30238250,8923.30241874,3622.48538166,3622.48416163,0.04251990,2795.67194235,0.01998552,0.01998552,22397,69,0
8923.70158090,8923.70084104,3635.91384941,3635.93881441,0.04324520,2795.60427120,0.01998552,0.01998552,22396,69,0
8924.09919743,8924.09929893,3649.37584776,3649.37241422,0.04718737,2795.53366195,0.01998552,0.01998552,22395,69,0
8924.49726903,8924.49779240,3662.87389922,3662.85614959,0.04495124,2795.45972895,0.01998552,0.01998552,22394,69,0
8924.89698460,8924.89632146,3676.40472308,3676.42726180,0.04508245,2795.38221945,0.01998552,0.01998552,22393,69,0
8925.29490343,8925.29488612,3689.96437864,3689.96496784,0.04218234,2795.30180319,0.01998552,0.01998552,22392,69,0
8925.69366161,8925.69348639,3703.55302499,3703.55900490,0.04750909,2795.21793759,0.01998552,0.01998552,22391,69,0
8926.09211098,8926.09212226,3717.17392899,3717.17354332,0.04513421,2795.13081558,0.01998552,0.01998552,22390,69,0
8926.49079845,8926.49079374,3730.82927529,3730.82943684,0.04580841,2795.04028067,0.01998552,0.01998552,22389,69,0
8926.88902251,8926.88950083,3744.51749392,3744.50105427,0.04543571,2794.94648132,0.01998552,0.01998552,22388,69,0
8927.28771272,8927.28824355,3758.23635534,3758.21807303,0.04481907,2794.84919093,0.01998552,0.01998552,22387,69,0
8927.68715049,8927.68702189,3771.98543828,3771.98987693,0.04835200,2794.74830629,0.01998552,0.01998552,22386,69,0
8928.08650394,8928.08583586,3785.76587207,3785.78898251,0.04743043,2794.64399820,0.01998552,0.01998552,22385,69,0
8928.48399473,8928.48468547,3799.57868972,3799.55474108,0.04491917,2794.53672543,0.01998552,0.01998552,22384,69,0
8928.88359808,8928.88357072,3813.42440548,3813.42535631,0.04090222,2794.42538402,0.01998552,0.01998552,22383,69,0
8929.28247812,8929.28249161,3827.30341366,3827.30294378,0.04544585,2794.31071844,0.01998552,0.01998552,22382,69,0
8929.68156940,8929.68144815,3841.21584304,3841.22007609,0.04638627,2794.19244119,0.01998552,0.01998552,22381,69,0
8930.08016881,8930.08044034,3855.16160258,3855.15210088,0.04442427,2794.07074058,0.01998552,0.01998552,22380,69,0
8930.47997965,8930.47946820,3869.14116618,3869.15910641,0.04224915,2793.94505777,0.01998552,0.01998552,22379,69,0
8930.87761447,8930.87853171,3883.15669146,3883.12443527,0.04376902,2793.81642567,0.01998552,0.01998552,22378,69,0
8931.27861080,8931.27763090,3897.21040666,3897.24495800,0.04138941,2793.68298825,0.01998552,0.01998552,22377,69,0
8931.67650876,8931.67676576,3911.30127763,3911.29219405,0.04567749,2793.54687322,0.01998552,0.01998552,22376,69,0
8932.07539251,8932.07593629,3925.42603689,3925.40677428,0.04414369,2793.40671793,0.01998552,0.01998552,22375,69,0
8932.47497170,8932.47514251,3939.58371864,3939.57765347,0.04549846,2793.26258534,0.01998552,0.01998552,22374,69,0
8932.87422460,8932.87438442,3953.77857461,3953.77288457,0.04181796,2793.11476903,0.01998552,0.01998552,22373,69,0
8933.27441839,8933.27366202,3968.01468123,3968.04168637,0.04102254,2792.96271866,0.01998552,0.01998552,22372,69,0
8933.67377076,8933.67297531,3982.28885824,3982.31732528,0.04289974,2792.80711378,0.01998552,0.01998552,22371,69,0
8934.07194442,8934.07232431,3996.59453750,3996.58091577,0.04376734,2792.64815992,0.01998552,0.01998552,22370,69,0
8934.47116667,8934.47170902,4010.93088082,4010.91138970,0.04087892,2792.48495509,0.01998552,0.01998552,22369,69,0
8934.87135528,8934.87112943,4025.30529381,4025.31343348,0.03698360,2792.31739269,0.01998552,0.01998552,22368,69,0
8935.27015517,8935.27058557,4039.72377497,4039.70821743,0.04247392,2792.14636376,0.01998552,0.01998552,22367,69,0
8935.67029681,8935.67007742,4054.18308635,4054.19103688,0.04088409,2791.97070376,0.01998552,0.01998552,22366,69,0
8936.06937654,8936.06960500,4068.67769453,4068.66939673,0.04615430,2791.79150105,0.01998552,0.01998552,22365,69,0
8936.46902813,8936.46916831,4083.20654872,4083.20144533,0.04442288,2791.60801510,0.01998552,0.01998552,22364,69,0
nan,nan,0.00000000,-1.00000000,0.00000000,2791.45637471,nan,0.00000000,-2147483648,69,1
nan,nan,0.00000000,-1.00000000,0.00000000,2799.18949454,nan,0.00000000,-2147483648,68,1
8914.54729627,8914.54612076,15.85215015,15.87702479,0.04600178,2799.67644204,0.01998552,0.01998552,22419,68,0
8914.94493487,8914.94376145,24.27000932,24.29486044,0.04708451,2800.13699104,0.01998552,0.01998552,22418,68,0
8915.34093642,8915.34143763,32.69578018,32.68515632,0.04215977,2800.59486164,0.01998552,0.01998552,22417,68,0
8915.73952808,8915.73914928,41.12957496,41.13761098,0.05271542,2801.05494172,0.01998552,0.01998552,22416,68,0
8916.13633107,8916.13689643,49.57117809,49.55917434,0.04838735,2801.51216006,0.01998552,0.01998552,22415,68,0
8916.53620293,8916.53467906,58.02019762,58.05257729,0.05830362,2801.97208562,0.01998553,0.01998552,22414,68,0
8916.93293315,8916.93249720,66.47623787,66.48550780,0.04170740,2802.42755137,0.01998552,0.01998552,22413,68,0
8917.33005824,8917.33035083,74.93894292,74.93271712,0.04216031,2802.88260457,0.01998552,0.01998552,22412,68,0
8917.72757842,8917.72823997,83.40844732,83.39436018,0.04718332,2803.33724770,0.01998552,0.01998552,22411,68,0
8918.12630937,8918.12616462,91.88520634,91.88829107,0.04539994,2803.79243041,0.01998552,0.01998552,22410,68,0
8918.52310380,8918.52412479,100.36968317,100.34790657,0.04542213,2804.24458409,0.01998552,0.01998552,22409,68,0
8918.92192646,8918.92212047,108.86232222,108.85818040,0.04856892,2804.69824719,0.01998552,0.01998552,22408,68,0
8919.32050125,8919.32015169,117.36325965,117.37072882,0.04374307,2805.15082948,0.01998552,0.01998552,22407,68,0
8919.71789493,8919.71821843,125.87239670,125.86547865,0.05539487,2805.60126719,0.01998552,0.01998552,22406,68,0
8920.11684043,8920.11632070,134.38962819,134.40075231,0.04857957,2806.05264828,0.01998552,0.01998552,22405,68,0
8920.51499526,8920.51445852,142.91484647,142.92634425,0.04480013,2806.50231132,0.01998552,0.01998552,22404,68,0
8920.91247587,8920.91263188,151.44791033,151.44456567,0.04794289,2806.95038199,0.01998552,0.01998552,22403,68,0
8921.31019279,8921.31084079,159.98864979,159.97474602,0.05140012,2807.39787626,0.01998552,0.01998552,22402,68,0
8921.70996311,8921.70908525,168.53689301,168.55574327,0.04290666,2807.84681947,0.01998552,0.01998552,22401,68,0
8922.10731764,8922.10736527,177.09248272,177.09145898,0.05501964,2808.29218293,0.01998552,0.01998552,22400,68,0
8922.50568683,8922.50568086,185.65556630,185.65569470,0.04019774,2808.73782107,0.01998552,0.01998552,22399,68,0
8922.90548006,8922.90403201,194.22657140,194.25774139,0.05089410,2809.18420342,0.01998552,0.01998552,22398,68,0
8923.30257207,8923.30241874,202.80593833,202.80924188,0.04702456,2809.62674778,0.01998552,0.01998552,22397,68,0
8923.70174570,8923.70084104,211.39408868,211.41359821,0.04334150,2810.07080495,0.01998552,0.01998552,22396,68,0
8924.09965784,8924.09929893,219.99100556,219.99875280,0.06014742,2810.51264915,0.01998552,0.01998552,22395,68,0
8924.49723802,8924.49779240,228.59625448,228.58427803,0.03697474,2810.95329190,0.01998552,0.01998552,22394,68,0
8924.89739563,8924.89632146,237.20938210,237.23260649,0.04709819,2811.39592416,0.01998552,0.01998552,22393,68,0
8925.29532440,8925.29488612,245.82995185,245.83943498,0.06075084,2811.83520318,0.01998552,0.01998552,22392,68,0
8925.69273517,8925.69348639,254.45792572,254.44165855,0.04734773,2812.27302207,0.01998552,0.01998552,22391,68,0
8926.09250348,8926.09212226,263.09364353,263.10190547,0.05437880,2812.71255710,0.01998552,0.01998552,22390,68,0
8926.49030395,8926.49079374,271.73746176,271.72683787,0.05987854,2813.14906639,0.01998552,0.01998552,22389,68,0
8926.88952829,8926.88950083,280.38972879,280.39032492,0.04408430,2813.58628796,0.01998552,0.01998552,22388,68,0
8927.28746027,8927.28824355,289.05060087,289.03358006,0.05087921,2814.02125126,0.01998552,0.01998552,22387,68,0
8927.68682150,8927.68702189,297.72005996,297.71570144,0.04560073,2814.45692651,0.01998552,0.01998552,22386,68,0
8928.08602472,8928.08583586,306.39808160,306.40219292,0.05178971,2814.89157356,0.01998552,0.01998552,22385,68,0
8928.48441505,8928.48468547,315.08464333,315.07875121,0.05387711,2815.32447809,0.01998552,0.01998552,22384,68,0
8928.88332902,8928.88357072,323.77975932,323.77448834,0.04958500,2815.75709077,0.01998552,0.01998552,22383,68,0
8929.28247793,8929.28249161,332.48347432,332.48317569,0.04084047,2816.18909498,0.01998552,0.01998552,22382,68,0
8929.68186643,8929.68144815,341.19583422,341.20497278,0.04854762,2816.62049319,0.01998552,0.01998552,22381,68,0
8930.08074307,8930.08044034,349.91687597,349.92349594,0.05171545,2817.05047307,0.01998552,0.01998552,22380,68,0
8930.47994602,8930.47946820,358.64650820,358.65696623,0.04254417,2817.47993090,0.01998552,0.01998552,22379,68,0
8930.87862376,8930.87853171,367.38454455,367.38656087,0.04335632,2817.90793887,0.01998552,0.01998552,22378,68,0
8931.27898401,8931.27763090,376.13079535,376.16046127,0.04766557,2818.33685071,0.01998552,0.01998552,22377,68,0
8931.67686942,8931.67676576,384.88509190,384.88736650,0.05570608,2818.76220393,0.01998552,0.01998552,22376,68,0
8932.07582674,8932.07593629,393.64750997,393.64510405,0.04779005,2819.18779554,0.01998552,0.01998552,22375,68,0
8932.47505401,8932.47514251,402.41827894,402.41633363,0.04518989,2819.61277345,0.01998552,0.01998552,22374,68,0
8932.87496076,8932.87438442,411.19763179,411.21031132,0.04891426,2820.03757842,0.01998552,0.01998552,22373,68,0
8933.27372841,8933.27366202,419.98578329,419.98724516,0.05484814,2820.46028718,0.01998552,0.01998552,22372,68,0
8933.67288713,8933.67297531,428.78278195,428.78083835,0.06037564,2820.88252316,0.01998552,0.01998552,22371,68,0
8934.07250558,8934.07232431,437.58859164,437.59259048,0.04601958,2821.30435098,0.01998552,0.01998552,22370,68,0
8934.47196074,8934.47170902,446.40317537,446.40873342,0.04565511,2821.72510678,0.01998552,0.01998552,22369,68,0
8934.87095694,8934.87112943,455.22650070,455.22268849,0.05307799,2822.14447628,0.01998552,0.01998552,22368,68,0
8935.26979909,8935.27058557,464.05856587,464.04116883,0.05606510,2822.56277856,0.01998552,0.01998552,22367,68,0
8935.67039756,8935.67007742,472.89938115,472.90646906,0.05526422,2822.98200880,0.01998552,0.01998552,22366,68,0
8936.06914121,8936.06960500,481.74895689,481.73867933,0.05577353,2823.39838531,0.01998552,0.01998552,22365,68,0
8936.46914191,8936.46916831,490.60726358,490.60667800,0.04312913,2823.81515480,0.01998552,0.01998552,22364,68,0
8936.86904846,8936.86876736,499.47408821,499.48032840,0.04660323,2824.23089203,0.01998552,0.01998552,22363,68,0
8937.26812073,8937.26840215,508.34916386,508.34291152,0.04933079,2824.64481505,0.01998552,0.01998552,22362,68,0
8937.66754254,8937.66807268,517.23222204,517.22043464,0.04330189,2825.05813784,0.01998552,0.01998552,22361,68,0
8938.06817656,8938.06777896,526.12321335,526.13206119,0.04703575,2825.47174201,0.01998552,0.01998552,22360,68,0
8938.46718657,8938.46752100,535.02279354,535.01534456,0.05590934,2825.88272820,0.01998552,0.01998552,22359,68,0
8938.86687134,8938.86729879,543.93176286,543.92223236,0.04819283,2826.29350099,0.01998552,0.01998552,22358,68,0
8939.26677007,8939.26711235,552.85092358,552.84328364,0.05773163,2826.70361682,0.01998552,0.01998552,22357,68,0
8939.66587441,8939.66696168,561.78057082,561.75627676,0.05198904,2827.11205295,0.01998552,0.01998552,22356,68,0
8940.06713353,8940.06684679,570.71989594,570.72630900,0.05166324,2827.52178180,0.01998552,0.01998552,22355,68,0
8940.46613343,8940.46676767,579.66794132,579.65374469,0.04509877,2827.92824923,0.01998552,0.01998552,22354,68,0
8940.86635168,8940.86672433,588.62375879,588.61541125,0.04577033,2828.33495522,0.01998552,0.01998552,22353,68,0
8941.26745286,8941.26671679,597.58714170,597.60364292,0.04384980,2828.74153859,0.01998552,0.01998552,22352,68,0
8941.66662103,8941.66674504,606.55895224,606.55616985,0.04790660,2829.14518473,0.01998552,0.01998552,22351,68,0
8942.06707230,8942.06680908,615.54014028,615.54605235,0.04316676,2829.54918755,0.01998552,0.01998552,22350,68,0
8942.46675801,8942.46690893,624.53161728,624.52822388,0.04561159,2829.95151537,0.01998552,0.01998552,22349,68,0
8942.86752282,8942.86704459,633.53341264,633.54417673,0.04692453,2830.35402105,0.01998552,0.01998552,22348,68,0
8943.26702493,8943.26721606,642.54473411,642.54042827,0.04453292,2830.75431398,0.01998552,0.01998552,22347,68,0
8943.66680855,8943.66742334,651.56475355,651.55089160,0.04349209,2831.15390452,0.01998552,0.01998552,22346,68,0
8944.06838946,8944.06766645,660.59274485,660.60905966,0.04883317,2831.55426436,0.01998552,0.01998552,22345,68,0
8944.46825314,8944.46794538,669.62904182,669.63599242,0.05901805,2831.95190094,0.01998552,0.01998552,22344,68,0
8944.86819678,8944.86826015,678.67459000,678.67315728,0.04907698,2832.34864575,0.01998552,0.01998552,22343,68,0
8945.26858393,8945.26861075,687.73034796,687.72974091,0.05333890,2832.74489563,0.01998552,0.01998552,22342,68,0
8945.66829065,8945.66899720,696.79704577,696.78103732,0.05167552,2833.13956663,0.01998552,0.01998552,22341,68,0
8946.06967922,8946.06941949,705.87417810,705.88006885,0.04849084,2833.53496141,0.01998552,0.01998552,22340,68,0
8946.47029634,8946.46987763,714.96082805,714.97033302,0.05203597,2833.92861608,0.01998552,0.01998552,22339,68,0
8946.87084592,8946.87037163,724.05607315,724.06684857,0.05245114,2834.32118176,0.01998552,0.01998552,22338,68,0
8947.27147555,8947.27090149,733.15938381,733.17243654,0.04869004,2834.71277691,0.01998552,0.01998552,22337,68,0
8947.67194757,8947.67146721,742.27134879,742.28228094,0.04279960,2835.10319158,0.01998552,0.01998552,22336,68,0
8948.07224014,8948.07206881,751.39275639,751.39665947,0.04485347,2835.49243585,0.01998552,0.01998552,22335,68,0
8948.47307363,8948.47270627,760.52439184,760.53276938,0.04012281,2835.88123840,0.01998552,0.01998552,22334,68,0
8948.87265801,8948.87337962,769.66660364,769.65012999,0.04940745,2836.26787599,0.01998552,0.01998552,22333,68,0
8949.27398087,8949.27408886,778.81907883,778.81661098,0.05898836,2836.65522006,0.01998552,0.01998552,22332,68,0
8949.67510637,8949.67483398,787.98144778,787.98767849,0.05041846,2837.04137682,0.01998552,0.01998552,22331,68,0
8950.07519980,8950.07561500,797.15335752,797.14385112,0.04805641,2837.42552845,0.01998552,0.01998552,22330,68,0
8950.47672791,8950.47643192,806.33475448,806.34153807,0.04371660,2837.81003576,0.01998552,0.01998552,22329,68,0
8950.87785091,8950.87728474,815.52582537,815.53881335,0.04892433,2838.19313690,0.01998552,0.01998552,22328,68,0
8951.27867015,8951.27817347,824.72676482,824.73816997,0.05329689,2838.57493548,0.01998552,0.01998552,22327,68,0
8951.67848947,8951.67909811,833.93774646,833.92375641,0.05114694,2838.95477642,0.01998552,0.01998552,22326,68,0
8952.07974113,8952.08005867,843.15880202,843.15149561,0.05269514,2839.33496594,0.01998552,0.01998552,22325,68,0
8952.48102378,8952.48105516,852.38990654,852.38918376,0.04464450,2839.71416556,0.01998552,0.01998552,22324,68,0
8952.88118373,8952.88208757,861.63103485,861.61019690,0.05166462,2840.09128405,0.01998552,0.01998552,22323,68,0
8953.28326251,8953.28315592,870.88227135,870.88473130,0.05005595,2840.46918404,0.01998552,0.01998552,22322,68,0
8953.68545273,8953.68426021,880.14401418,880.17156518,0.05226893,2840.84617106,0.01998552,0.01998552,22321,68,0
8954.08497986,8954.08540043,889.41671952,889.40699210,0.04214605,2841.21966808,0.01998552,0.01998552,22320,68,0
8954.48619352,8954.48657661,898.70083136,898.69196068,0.04877162,2841.59375823,0.01998552,0.01998552,22319,68,0
8954.88750085,8954.88778874,907.99621019,907.98953687,0.04635139,2841.96693938,0.01998552,0.01998552,22318,68,0
8955.28948403,8955.28903682,917.30195397,917.31233052,0.04522372,2842.33970917,0.01998552,0.01998552,22317,68,0
8955.68953556,8955.69032087,926.61710385,926.59886640,0.04560559,2842.70961218,0.01998552,0.01998552,22316,68,0
8956.09240772,8956.09164088,935.94080902,935.95863188,0.04891441,2843.08100119,0.01998552,0.01998552,22315,68,0
8956.49294607,8956.49299687,945.27338795,945.27220627,0.04485003,2843.44913163,0.01998552,0.01998552,22314,68,0
8956.89412071,8956.89438883,954.61585192,954.60960805,0.05022196,2843.81677632,0.01998552,0.01998552,22313,68,0
8957.29628887,8957.29581678,963.96922768,963.98023377,0.05300188,2844.18429229,0.01998552,0.01998552,22312,68,0
8957.69737093,8957.69728071,973.33422791,973.33633367,0.04258450,2844.54980263,0.01998552,0.01998552,22311,68,0
8958.09911132,8958.09878063,982.71035242,982.71807905,0.05116163,2844.91487425,0.01998552,0.01998552,22310,68,0
8958.49990571,8958.50031655,992.09680883,992.08720044,0.04881464,2845.27801513,0.01998552,0.01998552,22309,68,0
8958.90219461,8958.90188847,1001.49280943,1001.49997572,0.04659856,2845.64139953,0.01998552,0.01998552,22308,68,0
8959.30339685,8959.30349639,1010.89810016,1010.89576797,0.05021063,2846.00268052,0.01998552,0.01998552,22307,68,0
8959.70511102,8959.70514033,1020.31322713,1020.31253981,0.04584532,2846.36331702,0.01998552,0.01998552,22306,68,0
8960.10665886,8960.10682028,1029.73880532,1029.73501565,0.05493597,2846.72271798,0.01998552,0.01998552,22305,68,0
8960.50840465,8960.50853625,1039.17539931,1039.17230634,0.04337637,2847.08122629,0.01998552,0.01998552,22304,68,0
8960.91077081,8960.91028824,1048.62300473,1048.63435883,0.05099722,2847.43921079,0.01998552,0.01998552,22303,68,0
8961.31279083,8961.31207627,1058.08127451,1058.09810408,0.04500728,2847.79579266,0.01998552,0.01998552,22302,68,0
8961.71441288,8961.71390033,1067.54985455,1067.56193818,0.04982111,2848.15091120,0.01998552,0.01998552,22301,68,0
8962.11583943,8962.11576043,1077.02848995,1077.03035424,0.05187090,2848.50473405,0.01998552,0.01998552,22300,68,0
8962.51680062,8962.51765657,1086.51726793,1086.49704880,0.04927109,2848.85702512,0.01998552,0.01998552,22299,68,0
8962.91985029,8962.91958877,1096.01634893,1096.02253283,0.05090602,2849.21002308,0.01998552,0.01998552,22298,68,0
8963.32074431,8963.32155702,1105.52590052,1105.50666416,0.04803683,2849.56001290,0.01998552,0.01998552,22297,68,0
8963.72375192,8963.72356132,1115.04628760,1115.05080380,0.04672275,2849.91073085,0.01998552,0.01998552,22296,68,0
8964.12555489,8964.12560170,1124.57811199,1124.57700169,0.04950908,2850.25930278,0.01998552,0.01998552,22295,68,0
8964.52842019,8964.52767814,1134.12199335,1134.13961775,0.04738691,2850.60771357,0.01998552,0.01998552,22294,68,0
8964.92893648,8964.92979065,1143.67840685,1143.65809495,0.04930611,2850.95303010,0.01998552,0.01998552,22293,68,0
8965.33140780,8965.33193924,1153.24680959,1153.23415804,0.05585021,2851.29893975,0.01998552,0.01998552,22292,68,0
8965.73306167,8965.73412392,1162.82622580,1162.80091218,0.04762809,2851.64301493,0.01998552,0.01998552,22291,68,0
8966.13712704,8966.13634468,1172.41567552,1172.43433630,0.05162572,2851.98797489,0.01998552,0.01998552,22290,68,0
8966.53961338,8966.53860154,1182.01479164,1182.03894918,0.04691332,2852.33039180,0.01998552,0.01998552,22289,68,0
8966.94116960,8966.94089450,1191.62447973,1191.63105470,0.04806925,2852.67085675,0.01998552,0.01998552,22288,68,0
8967.34259116,8967.34322356,1201.24580873,1201.23067644,0.05486870,2853.01008178,0.01998552,0.01998552,22287,68,0
8967.74532649,8967.74558872,1210.87977364,1210.87349103,0.04779107,2853.34931576,0.01998552,0.01998552,22286,68,0
8968.14814297,8968.14799000,1220.52637134,1220.53004050,0.05122977,2853.68750902,0.01998552,0.01998552,22285,68,0
8968.55114072,8968.55042740,1230.18492065,1230.20204983,0.04579574,2854.02471519,0.01998552,0.01998552,22284,68,0
8968.95271818,8968.95290092,1239.85472293,1239.85033028,0.04989194,2854.35957004,0.01998552,0.01998552,22283,68,0
8969.35478744,8969.35541056,1249.53531112,1249.52031701,0.04754740,2854.69365107,0.01998552,0.01998552,22282,68,0
8969.75845371,8969.75795634,1259.22694733,1259.23892835,0.05443635,2855.02787167,0.01998552,0.01998552,22281,68,0
8970.16097969,8970.16053825,1268.93003681,1268.94068233,0.05043946,2855.35997248,0.01998552,0.01998552,22280,68,0
8970.56317637,8970.56315631,1278.64497383,1278.64545811,0.04577966,2855.69063741,0.01998552,0.01998552,22279,68,0
8970.96631056,8970.96581051,1288.37188642,1288.38397279,0.05024626,2856.02090441,0.01998552,0.01998552,22278,68,0
8971.36889955,8971.36850087,1298.11065905,1298.12030624,0.04402966,2856.34954789,0.01998552,0.01998552,22277,68,0
8971.77129045,8971.77122738,1307.86116644,1307.86269432,0.05033203,2856.67684504,0.01998552,0.01998552,22276,68,0
8972.17431811,8972.17399005,1317.62327566,1317.63123145,0.04769483,2857.00346333,0.01998552,0.01998552,22275,68,0
8972.57745396,8972.57678889,1327.39682609,1327.41297194,0.04699867,2857.32896062,0.01998552,0.01998552,22274,68,0
8972.98027107,8972.97962390,1337.18164933,1337.19737729,0.05669256,2857.65298252,0.01998552,0.01998552,22273,68,0
8973.38280785,8973.38249509,1346.97759056,1346.98519938,0.05405765,2857.97555258,0.01998552,0.01998552,22272,68,0
8973.78561353,8973.78540245,1356.78486383,1356.79000443,0.04965093,2858.29711311,0.01998552,0.01998552,22271,68,0
8974.18903504,8974.18834601,1366.60407106,1366.62087180,0.05102463,2858.61795163,0.01998552,0.01998552,22270,68,0
8974.59173543,8974.59132575,1376.43583660,1376.44583800,0.04993135,2858.93702024,0.01998552,0.01998552,22269,68,0
8974.99483266,8974.99434169,1386.28061088,1386.29261153,0.05468004,2859.25521505,0.01998552,0.01998552,22268,68,0
8975.39799403,8975.39739383,1396.13808811,1396.15277589,0.05560196,2859.57225569,0.01998552,0.01998552,22267,68,0
8975.80094471,8975.80048217,1406.00775818,1406.01908973,0.05346543,2859.88790470,0.01998552,0.01998552,22266,68,0
8976.20325460,8976.20360673,1415.88911865,1415.88048281,0.05349609,2860.20180774,0.01998552,0.01998552,22265,68,0
8976.60785603,8976.60676750,1425.78193998,1425.80866494,0.04975491,2860.51623253,0.01998552,0.01998552,22264,68,0
8977.01009491,8977.00996449,1435.68627487,1435.68948028,0.04942334,2860.82755918,0.01998552,0.01998552,22263,68,0
8977.41338413,8977.41319770,1445.60218928,1445.60677637,0.05125374,2861.13843229,0.01998552,0.01998552,22262,68,0
8977.81625498,8977.81646714,1455.52991633,1455.52469036,0.05003784,2861.44771879,0.01998552,0.01998552,22261,68,0
8978.21949794,8978.21977282,1465.47032693,1465.46354748,0.04490191,2861.75604736,0.01998552,0.01998552,22260,68,0
8978.62302951,8978.62311474,1475.42445012,1475.42234528,0.04859147,2862.06337705,0.01998552,0.01998552,22259,68,0
8979.02661359,8979.02649290,1485.39324628,1485.39623091,0.04996970,2862.36954965,0.01998552,0.01998552,22258,68,0
8979.42946755,8979.42990731,1495.37631930,1495.36543000,0.04342762,2862.67395568,0.01998552,0.01998552,22257,68,0
8979.83437040,8979.83335798,1505.37209300,1505.39718987,0.05010115,2862.97863446,0.01998552,0.01998552,22256,68,0
8980.23685526,8980.23684491,1515.37894138,1515.37919829,0.04924018,2863.28017185,0.01998552,0.01998552,22255,68,0
8980.63997834,8980.64036809,1525.39593700,1525.38625710,0.05169624,2863.58083361,0.01998552,0.01998552,22254,68,0
8981.04507265,8981.04392755,1535.42418488,1535.45265599,0.04864338,2863.88162936,0.01998552,0.01998552,22253,68,0
8981.44818565,8981.44752328,1545.46516175,1545.48165128,0.04994971,2864.17966298,0.01998552,0.01998552,22252,68,0
8981.85186399,8981.85115529,1555.52023389,1555.53790034,0.04757944,2864.47685850,0.01998552,0.01998552,22251,68,0
8982.25533127,8982.25482359,1565.58944235,1565.60211421,0.04396191,2864.77263726,0.01998552,0.01998552,22250,68,0
8982.65813514,8982.65852817,1575.67200267,1575.66218090,0.04545332,2865.06664246,0.01998552,0.01998552,22249,68,0
8983.06259398,8983.06226904,1585.76711660,1585.77524590,0.05037687,2865.36053220,0.01998552,0.01998552,22248,68,0
8983.46614417,8983.46604622,1595.87443549,1595.87688883,0.05636239,2865.65242420,0.01998552,0.01998552,22247,68,0
8983.87037979,8983.86985969,1605.99445056,1606.00749257,0.05855365,2865.94348109,0.01998552,0.01998552,22246,68,0
8984.27412615,8984.27370948,1616.12774777,1616.13820945,0.05199137,2866.23286692,0.01998552,0.01998552,22245,68,0
8984.67857861,8984.67759558,1626.27481483,1626.29952775,0.05343414,2866.52144506,0.01998552,0.01998552,22244,68,0
8985.08176263,8985.08151799,1636.43553110,1636.44168869,0.04807010,2866.80779961,0.01998552,0.01998552,22243,68,0
8985.48600695,8985.48547673,1646.60954926,1646.62291122,0.04752626,2867.09356944,0.01998552,0.01998552,22242,68,0
8985.89015699,8985.88947180,1656.79653512,1656.81382284,0.04601097,2867.37791805,0.01998552,0.01998552,22241,68,0
8986.29314167,8986.29350319,1666.99655559,1666.98742322,0.04583534,2867.66009405,0.01998552,0.01998552,22240,68,0
8986.69774976,8986.69757093,1677.21009914,1677.21462228,0.05177105,2867.94205522,0.01998552,0.01998552,22239,68,0
8987.10099063,8987.10167501,1687.43767742,1687.42034492,0.04744943,2868.22172380,0.01998551,0.01998552,22238,68,0
8987.50602111,8987.50581543,1697.67956584,1697.68478143,0.04498185,2868.50128799,0.01998552,0.01998552,22237,68,0
8987.90959253,8987.90999221,1707.93535745,1707.92520938,0.05358123,2868.77848614,0.01998552,0.01998552,22236,68,0
8988.31403475,8988.31420535,1718.20452087,1718.20018435,0.05303700,2869.05490069,0.01998552,0.01998552,22235,68,0
8988.71883597,8988.71845484,1728.48659841,1728.49629799,0.04650726,2869.33015701,0.01998552,0.01998552,22234,68,0
8989.12264377,8989.12274071,1738.78178563,1738.77931565,0.05347953,2869.60333790,0.01998552,0.01998552,22233,68,0
8989.52730809,8989.52706294,1749.09060908,1749.09686351,0.05603661,2869.87570327,0.01998552,0.01998552,22232,68,0
8989.93147491,8989.93142155,1759.41359354,1759.41495664,0.05011858,2870.14634719,0.01998552,0.01998552,22231,68,0
8990.33611036,8990.33581655,1769.75097935,1769.75849478,0.04445707,2870.41591628,0.01998552,0.01998552,22230,68,0
8990.74005907,8990.74024793,1780.10265281,1780.09781580,0.04728519,2870.68363217,0.01998552,0.01998552,22229,68,0
8991.14446488,8991.14471570,1790.46847727,1790.46204508,0.04910269,2870.95024383,0.01998552,0.01998552,22228,68,0
8991.54974568,8991.54921987,1800.84832077,1800.86182195,0.05490737,2871.21600966,0.01998552,0.01998552,22227,68,0
8991.95427407,8991.95376044,1811.24206776,1811.25527246,0.05033820,2871.47985222,0.01998552,0.01998552,22226,68,0
8992.35872935,8992.35833742,1821.64960501,1821.65969355,0.04405626,2871.74220944,0.01998552,0.01998552,22225,68,0
8992.76341052,8992.76295080,1832.07085454,1832.08270236,0.05155301,2872.00326593,0.01998552,0.01998552,22224,68,0
8993.16783188,8993.16760061,1842.50601906,1842.51198697,0.04466098,2872.26270703,0.01998552,0.01998552,22223,68,0
8993.57243735,8993.57228683,1852.95543427,1852.95932333,0.04992607,2872.52081952,0.01998552,0.01998552,22222,68,0
8993.97658956,8993.97700948,1863.41943981,1863.40857570,0.04934709,2872.77719969,0.01998552,0.01998552,22221,68,0
8994.38220347,8994.38176856,1873.89838980,1873.90965682,0.05425641,2873.03305846,0.01998552,0.01998552,22220,68,0
8994.78718368,8994.78656408,1884.39265328,1884.40872759,0.04676763,2873.28707133,0.01998552,0.01998552,22219,68,0
8995.19182620,8995.19139604,1894.90260069,1894.91377612,0.05234636,2873.53943057,0.01998552,0.01998552,22218,68,0
8995.59616560,8995.59626444,1905.42820917,1905.42563779,0.04543860,2873.79015299,0.01998552,0.01998552,22217,68,0
8996.00197812,8996.00116930,1915.96859631,1915.98966456,0.05036043,2874.04030515,0.01998552,0.01998552,22216,68,0
8996.40635857,8996.40611061,1926.52275970,1926.52922608,0.04778724,2874.28806537,0.01998552,0.01998552,22215,68,0
8996.81171888,8996.81108838,1937.09002023,1937.10648211,0.04938203,2874.53489150,0.01998552,0.01998552,22214,68,0
8997.21532509,8997.21610261,1947.67125804,1947.65093155,0.04593712,2874.77913711,0.01998551,0.01998552,22213,68,0
8997.62120105,8997.62115332,1958.26782165,1958.26907120,0.04776410,2875.02325849,0.01998552,0.01998552,22212,68,0
8998.02731749,8998.02624050,1968.88092269,1968.90916029,0.05163209,2875.26604130,0.01998552,0.01998552,22211,68,0
8998.43083204,8998.43136416,1979.51022558,1979.49625486,0.04467067,2875.50578356,0.01998552,0.01998552,22210,68,0
8998.83569363,8998.83652431,1990.15446024,1990.13262363,0.05043015,2875.74480213,0.01998551,0.01998552,22209,68,0
8999.24157834,8999.24172094,2000.81236559,2000.80861247,0.05118444,2875.98285695,0.01998552,0.01998552,22208,68,0
8999.64612373,8999.64695408,2011.48357866,2011.46169964,0.04874907,2876.21854957,0.01998551,0.01998552,22207,68,0
9000.05173092,9000.05222371,2022.16874320,2022.15574232,0.04949135,2876.45328809,0.01998551,0.01998552,22206,68,0
9000.45739403,9000.45752984,2032.86856123,2032.86497338,0.05348159,2876.68649227,0.01998552,0.01998552,22205,68,0
9000.86279619,9000.86287249,2043.58376293,2043.58174451,0.04510332,2876.91798960,0.01998552,0.01998552,22204,68,0
9001.26731158,9001.26825165,2054.31512904,2054.29022492,0.04868626,2877.14743833,0.01998551,0.01998552,22203,68,0
9001.67311809,9001.67366733,2065.06345228,2065.04887975,0.05053113,2877.37608021,0.01998551,0.01998552,22202,68,0
9002.07858857,9002.07911954,2075.82927303,2075.81516383,0.05032763,2877.60299588,0.01998551,0.01998552,22201,68,0
9002.48460189,9002.48460827,2086.61220015,2086.61203038,0.05721032,2877.82865906,0.01998551,0.01998552,22200,68,0
9002.88908301,9002.89013354,2097.41162761,2097.38363167,0.04651211,2878.05190110,0.01998551,0.01998552,22199,68,0
9003.29564676,9003.29569535,2108.22699796,2108.22570146,0.04803858,2878.27469412,0.01998551,0.01998552,22198,68,0
9003.70054622,9003.70129370,2119.05809673,2119.03812255,0.04986395,2878.49497005,0.01998551,0.01998552,22197,68,0
9004.10673363,9004.10692860,2129.90484534,2129.89962814,0.05183939,2878.71432771,0.01998551,0.01998552,22196,68,0
9004.51218792,9004.51260006,2140.76719893,2140.75615583,0.05574051,2878.93166358,0.01998551,0.01998552,22195,68,0
9004.91785531,9004.91830808,2151.64550795,2151.63335918,0.05654931,2879.14748702,0.01998551,0.01998552,22194,68,0
9005.32414289,9005.32405266,2162.54038034,2162.54280501,0.05730659,2879.36201346,0.01998552,0.01998552,22193,68,0
9005.72953232,9005.72983381,2173.45241261,2173.44429902,0.04826644,2879.57444601,0.01998551,0.01998552,22192,68,0
9006.13510415,9006.13565153,2184.38173958,2184.36698687,0.04654410,2879.78534908,0.01998551,0.01998552,22191,68,0
9006.54140935,9006.54150583,2195.32803891,2195.32543494,0.04397964,2879.99498869,0.01998552,0.01998552,22190,68,0
9006.94768710,9006.94739672,2206.29096553,2206.29881417,0.04655810,2880.20295278,0.01998552,0.01998552,22189,68,0
9007.35342858,9007.35332419,2217.27014907,2217.27297439,0.04837758,2880.40896894,0.01998552,0.01998552,22188,68,0
9007.75927058,9007.75928826,2228.26518395,2228.26470481,0.04637050,2880.61334741,0.01998552,0.01998552,22187,68,0
9008.16572583,9008.16528893,2239.27566104,2239.28751720,0.04766686,2880.81632630,0.01998552,0.01998552,22186,68,0
9008.57192387,9008.57132620,2250.30157367,2250.31781434,0.04842117,2881.01746068,0.01998552,0.01998552,22185,68,0
9008.97748063,9008.97740008,2261.34374748,2261.34593940,0.04620488,2881.21657299,0.01998552,0.01998552,22184,68,0
9009.38346493,9009.38351058,2272.40311729,2272.40187325,0.04259467,2881.41419757,0.01998552,0.01998552,22183,68,0
9009.78992990,9009.78965769,2283.48037138,2283.48780114,0.04597632,2881.61035783,0.01998552,0.01998552,22182,68,0
9010.19595861,9010.19584143,2294.57547820,2294.57868141,0.05400712,2881.80460115,0.01998552,0.01998552,22181,68,0
9010.60202826,9010.60206179,2305.68827740,2305.68735922,0.04992922,2881.99714630,0.01998552,0.01998552,22180,68,0
9011.00895024,9011.00831879,2316.81854402,2316.83585655,0.05011196,2882.18835927,0.01998552,0.01998552,22179,68,0
9011.41424696,9011.41461243,2327.96580894,2327.95577456,0.04761906,2882.37706382,0.01998551,0.01998552,22178,68,0
9011.82080407,9011.82094271,2339.12954049,2339.12572868,0.04921455,2882.56458814,0.01998552,0.01998552,22177,68,0
9012.22680711,9012.22730964,2350.30945561,2350.29562031,0.05168180,2882.75007749,0.01998551,0.01998552,22176,68,0
9012.63350348,9012.63371322,2361.50653144,2361.50074825,0.04552200,2882.93410837,0.01998551,0.01998552,22175,68,0
9013.03965352,9013.04015347,2372.72214635,2372.70833907,0.05060490,2883.11613214,0.01998551,0.01998552,22174,68,0
9013.44646032,9013.44663037,2383.95743584,2383.95273164,0.05007024,2883.29669566,0.01998551,0.01998552,22173,68,0
9013.85268081,9013.85314394,2395.21196180,2395.19912982,0.04810370,2883.47522946,0.01998551,0.01998552,22172,68,0
9014.25977386,9014.25969419,2406.48467616,2406.48688682,0.04664360,2883.65234624,0.01998552,0.01998552,22171,68,0
9014.66567403,9014.66628111,2417.77464055,2417.75777125,0.05171718,2883.82712549,0.01998551,0.01998552,22170,68,0
9015.07264588,9015.07290472,2429.08180311,2429.07460026,0.04720813,2884.00053320,0.01998551,0.01998552,22169,68,0
9015.47971745,9015.47956502,2440.40651314,2440.41076126,0.04700493,2884.17214347,0.01998552,0.01998552,22168,68,0
9015.88730123,9015.88626201,2451.74917383,2451.77817989,0.05203483,2884.34212273,0.01998552,0.01998552,22167,68,0
9016.29369188,9016.29299569,2463.11060481,2463.13006743,0.04890820,2884.50976688,0.01998552,0.01998552,22166,68,0
9016.70069566,9016.69976608,2474.49184133,2474.51787282,0.05245644,2884.67582996,0.01998552,0.01998552,22165,68,0
9017.10706347,9017.10657318,2485.89374651,2485.90749984,0.05081367,2884.83980418,0.01998552,0.01998552,22164,68,0
9017.51257457,9017.51341699,2497.31549147,2497.29182303,0.05064857,2885.00158784,0.01998551,0.01998551,22163,68,0
9017.91974846,9017.92029752,2508.75531807,2508.73986990,0.05228711,2885.16214549,0.01998551,0.01998551,22162,68,0
9018.32698348,9018.32721478,2520.21164227,2520.20512595,0.04572722,2885.32080205,0.01998552,0.01998551,22161,68,0
9018.73379738,9018.73416876,2531.68479815,2531.67432047,0.04687915,2885.47736784,0.01998551,0.01998551,22160,68,0
9019.14103110,9019.14115947,2543.17620454,2543.17257721,0.04806304,2885.63217645,0.01998552,0.01998551,22159,68,0
9019.54780277,9019.54818692,2554.68718287,2554.67630983,0.05528772,2885.78490052,0.01998551,0.01998551,22158,68,0
9019.95571478,9019.95525112,2566.21789315,2566.23103742,0.05005910,2885.93612833,0.01998552,0.01998551,22157,68,0
9020.36248299,9020.36235206,2577.76784544,2577.77156287,0.05376293,2886.08499608,0.01998552,0.01998551,22156,68,0
9020.77003355,9020.76948976,2589.33660022,2589.35206385,0.04691758,2886.23219525,0.01998552,0.01998551,22155,68,0
9021.17679223,9021.17666421,2600.92427297,2600.92791921,0.05090767,2886.37714854,0.01998552,0.01998551,22154,68,0
9021.58403473,9021.58387543,2612.53127567,2612.53582018,0.04681281,2886.52030750,0.01998551,0.01998551,22153,68,0
9021.99131447,9021.99112341,2624.15803083,2624.16348993,0.04971998,2886.66150589,0.01998551,0.01998551,22152,68,0
9022.39892685,9022.39840817,2635.80499617,2635.81984110,0.05157911,2886.80083801,0.01998552,0.01998551,22151,68,0
9022.80587154,9022.80572970,2647.47264887,2647.47671528,0.04547316,2886.93795881,0.01998551,0.01998551,22150,68,0
9023.21352280,9023.21308802,2659.16138862,2659.17387487,0.04976769,2887.07332424,0.01998551,0.01998551,22149,68,0
9023.62095627,9023.62048312,2670.87105110,2670.88466197,0.04968443,2887.20661022,0.01998552,0.01998551,22148,68,0
9024.02802376,9024.02791502,2682.60123037,2682.60436348,0.05057036,2887.33775652,0.01998551,0.01998551,22147,68,0
9024.43571943,9024.43538372,2694.35162199,2694.36131103,0.04593894,2887.46706677,0.01998551,0.01998551,22146,68,0
9024.84288831,9024.84288922,2706.12252461,2706.12249837,0.05114366,2887.59416585,0.01998551,0.01998551,22145,68,0
9025.24995202,9025.25043152,2717.91445363,2717.90056757,0.04799762,2887.71918416,0.01998551,0.01998551,22144,68,0
9025.65729957,9025.65801064,2729.72772128,2729.70709409,0.05065630,2887.84223133,0.01998551,0.01998551,22143,68,0
9026.06583119,9026.06562658,2741.56170569,2741.56765068,0.04858289,2887.96354983,0.01998552,0.01998551,22142,68,0
9026.47316520,9026.47327934,2753.41551530,2753.41219391,0.04610454,2888.08241203,0.01998551,0.01998551,22141,68,0
9026.88132097,9026.88096893,2765.28867243,2765.29893304,0.04838077,2888.19939429,0.01998552,0.01998551,22140,68,0
9027.28938165,9027.28869535,2777.18213729,2777.20217392,0.04726255,2888.31422650,0.01998552,0.01998551,22139,68,0
9027.69707517,9027.69645861,2789.09718610,2789.11521851,0.04930343,2888.42683618,0.01998552,0.01998551,22138,68,0
9028.10458696,9028.10425871,2801.03469423,2801.04431185,0.04427950,2888.53727465,0.01998552,0.01998551,22137,68,0
9028.51252210,9028.51209566,2812.99451321,2813.00702960,0.04976296,2888.64568991,0.01998552,0.01998551,22136,68,0
9028.91953425,9028.91996946,2824.97633551,2824.96353966,0.05251248,2888.75171275,0.01998551,0.01998551,22135,68,0
9029.32829793,9029.32788012,2836.97994040,2836.99224609,0.04812504,2888.85601884,0.01998552,0.01998551,22134,68,0
9029.73666323,9029.73582764,2849.00526523,2849.02991748,0.04674788,2888.95803580,0.01998552,0.01998551,22133,68,0
9030.14314527,9030.14381203,2861.05225843,2861.03255351,0.05083574,2889.05739821,0.01998551,0.01998551,22132,68,0
9030.55105373,9030.55183329,2873.12071149,2873.09763458,0.04683612,2889.15490476,0.01998551,0.01998551,22131,68,0
9030.95984494,9030.95989143,2885.21022057,2885.20884193,0.04918742,2889.25039126,0.01998551,0.01998551,22130,68,0
9031.36800402,9031.36798645,2897.32041867,2897.32094030,0.04954746,2889.34348691,0.01998551,0.01998551,22129,68,0
9031.77687668,9031.77611836,2909.45183233,2909.47439231,0.04496398,2889.43448994,0.01998552,0.01998551,22128,68,0
9032.18408668,9032.18428717,2921.60573971,2921.59976439,0.04983078,2889.52287627,0.01998551,0.01998551,22127,68,0
9032.59302864,9032.59249287,2933.78330435,2933.79930233,0.04989923,2889.60937723,0.01998552,0.01998551,22126,68,0
9033.00065923,9033.00073547,2945.98433075,2945.98205009,0.04741975,2889.69333055,0.01998551,0.01998551,22125,68,0
9033.40959158,9033.40901499,2958.20788982,2958.22516730,0.04669206,2889.77525466,0.01998552,0.01998551,22124,68,0
9033.81808435,9033.81733141,2970.45330597,2970.47590604,0.04511978,2889.85477596,0.01998552,0.01998551,22123,68,0
9034.22580265,9034.22568475,2982.72128034,2982.72482554,0.05045738,2889.93183120,0.01998551,0.01998551,22122,68,0
9034.63462412,9034.63407502,2995.01296246,2995.02950492,0.04351236,2890.00676608,0.01998552,0.01998551,22121,68,0
9035.04286862,9035.04250221,3007.32915832,3007.34021774,0.04480184,2890.07925891,0.01998551,0.01998551,22120,68,0
9035.45148609,9035.45096634,3019.66966828,3019.68538560,0.04989539,2890.14946454,0.01998551,0.01998551,22119,68,0
9035.85900051,9035.85946740,3032.03411663,3032.01997175,0.05121021,2890.21711935,0.01998551,0.01998551,22118,68,0
9036.26739031,9036.26800541,3044.42248987,3044.40382034,0.04308534,2890.28253960,0.01998551,0.01998551,22117,68,0
9036.67677056,9036.67658037,3056.83535465,3056.84113852,0.04522306,2890.34571600,0.01998551,0.01998551,22116,68,0
9037.08560895,9037.08519227,3069.27327215,3069.28596763,0.04265358,2890.40639622,0.01998552,0.01998551,22115,68,0
9037.49423513,9037.49384114,3081.73565966,3081.74768572,0.05053841,2890.46461824,0.01998552,0.01998551,22114,68,0
9037.90216972,9037.90252697,3094.22092112,3094.20999812,0.05153318,2890.52030030,0.01998551,0.01998551,22113,68,0
9038.31089277,9038.31124977,3106.72773923,3106.71680600,0.04823792,2890.57362442,0.01998551,0.01998551,22112,68,0
9038.72050940,9038.72000954,3119.25729621,3119.27263240,0.04694141,2890.62458087,0.01998552,0.01998551,22111,68,0
9039.12832876,9039.12880629,3131.81194159,3131.79726128,0.04924669,2890.67283830,0.01998551,0.01998551,22110,68,0
9039.53789248,9039.53764002,3144.39336804,3144.40114520,0.04346906,2890.71880714,0.01998551,0.01998551,22109,68,0
9039.94744713,9039.94651074,3157.00088977,3157.02979123,0.04630060,2890.76225616,0.01998552,0.01998551,22108,68,0
9040.35633224,9040.35541845,3169.63330371,3169.66155947,0.05253728,2890.80310194,0.01998552,0.01998551,22107,68,0
9040.76358065,9040.76436316,3182.29017610,3182.26593458,0.04992382,2890.84125299,0.01998551,0.01998551,22106,68,0
9041.17303395,9041.17334487,3194.97233697,3194.96268610,0.04938888,2890.87705131,0.01998551,0.01998551,22105,68,0
9041.58246057,9041.58236360,3207.68067920,3207.68369521,0.04795234,2890.91026815,0.01998551,0.01998551,22104,68,0
9041.99120415,9041.99141933,3220.41517957,3220.40847430,0.04650101,2890.94084091,0.01998551,0.01998551,22103,68,0
9042.40071634,9042.40051209,3233.17510451,3233.18148140,0.04537352,2890.96885975,0.01998551,0.01998551,22102,68,0
9042.81058062,9042.80964186,3245.95991399,3245.98927674,0.04743777,2890.99426878,0.01998552,0.01998551,22101,68,0
9043.21935817,9043.21880867,3258.77024936,3258.78747018,0.04733097,2891.01697162,0.01998551,0.01998551,22100,68,0
9043.62808204,9043.62801251,3271.60715531,3271.60933878,0.04707347,2891.03702250,0.01998551,0.01998551,22099,68,0
9044.03758404,9044.03725338,3284.47132241,3284.48172678,0.04017058,2891.05443960,0.01998551,0.01998551,22098,68,0
9044.44679930,9044.44653131,3297.36266647,3297.37111611,0.04262890,2891.06915582,0.01998551,0.01998551,22097,68,0
9044.85562754,9044.85584627,3310.28100356,3310.27409335,0.04605804,2891.08115716,0.01998551,0.01998551,22096,68,0
9045.26498251,9045.26519830,3323.22618765,3323.21935691,0.04659712,2891.09045216,0.01998551,0.01998551,22095,68,0
9045.67444950,9045.67458738,3336.19810659,3336.19373353,0.04846496,2891.09700821,0.01998551,0.01998551,22094,68,0
9046.08404150,9046.08401352,3349.19679707,3349.19768627,0.04467944,2891.10080638,0.01998551,0.01998551,22093,68,0
9046.49360875,9046.49347674,3362.22313049,3362.22733463,0.04031413,2891.10182741,0.01998551,0.01998551,22092,68,0
9046.90273395,9046.90297702,3375.27827335,3375.27051549,0.04785273,2891.10005735,0.01998551,0.01998551,22091,68,0
9047.31218537,9047.31251439,3388.36273473,3388.35221170,0.04427984,2891.09547564,0.01998551,0.01998551,22090,68,0
9047.72217515,9047.72208884,3401.47571701,3401.47848305,0.04209584,2891.08805293,0.01998551,0.01998551,22089,68,0
9048.13264561,9048.13170038,3414.61631949,3414.64667331,0.04830702,2891.07776230,0.01998552,0.01998551,22088,68,0
9048.54074035,9048.54134901,3427.78444606,3427.76486087,0.04308413,2891.06467775,0.01998551,0.01998551,22087,68,0
9048.95139645,9048.95103474,3440.98059323,3440.99225591,0.04535865,2891.04862078,0.01998551,0.01998551,22086,68,0
9049.36114970,9049.36075758,3454.20529976,3454.21796958,0.05304820,2891.02969058,0.01998551,0.01998551,22085,68,0
9049.77093282,9049.77051752,3467.45919980,3467.47264716,0.04553730,2891.00783390,0.01998551,0.01998551,22084,68,0
9050.18163817,9050.18031458,3480.74294153,3480.78589300,0.04804784,2890.98297280,0.01998552,0.01998551,22083,68,0
9050.59033170,9050.59014876,3494.05662502,3494.06257425,0.05256228,2890.95527723,0.01998551,0.01998551,22082,68,0
9050.99979347,9051.00002006,3507.39965222,3507.39226803,0.04963166,2890.92455442,0.01998551,0.01998551,22081,68,0
9051.40853114,9051.40992849,3520.77137050,3520.72574110,0.04210196,2890.89089870,0.01998551,0.01998551,22080,68,0
9051.81989196,9051.81987406,3534.17110621,3534.17169205,0.04425419,2890.85399681,0.01998551,0.01998551,22079,68,0
9052.23002403,9052.22985676,3547.59818452,3547.60366785,0.05055422,2890.81416268,0.01998551,0.01998551,22078,68,0
9052.63982895,9052.63987661,3561.05332130,3561.05175542,0.04761008,2890.77130584,0.01998551,0.01998551,22077,68,0
9053.04981772,9053.04993361,3574.53986758,3574.53605152,0.04485091,2890.72534432,0.01998551,0.01998551,22076,68,0
9053.46000382,9053.46002776,3588.06105027,3588.06026004,0.04431150,2890.67623960,0.01998551,0.01998551,22075,68,0
9053.87017327,9053.87015907,3601.61557669,3601.61604632,0.04486303,2890.62399749,0.01998551,0.01998551,22074,68,0
9054.28070185,9054.28032755,3615.19952309,3615.21193093,0.03968445,2890.56856058,0.01998551,0.01998551,22073,68,0
9054.69143383,9054.69053320,3628.81126730,3628.84118470,0.04725543,2890.50993106,0.01998551,0.01998551,22072,68,0
9055.09995160,9055.10077602,3642.45492942,3642.42747722,0.04154350,2890.44843991,0.01998551,0.01998551,22071,68,0
9055.51114332,9055.51105602,3656.13510771,3656.13802239,0.04322970,2890.38330231,0.01998551,0.01998551,22070,68,0
9055.92214097,9055.92137321,3669.85111190,3669.87680617,0.04233620,2890.31492225,0.01998551,0.01998551,22069,68,0
9056.33193469,9056.33172758,3683.59862035,3683.60556579,0.04749396,2890.24348336,0.01998551,0.01998551,22068,68,0
9056.74215089,9056.74211915,3697.37513514,3697.37620175,0.04232203,2890.16870412,0.01998551,0.01998551,22067,68,0
9057.15261976,9057.15254792,3711.18329240,3711.18571219,0.04524885,2890.09057268,0.01998551,0.01998551,22066,68,0
9057.56213189,9057.56301390,3725.02634121,3724.99655867,0.04573375,2890.00928706,0.01998551,0.01998551,22065,68,0
9057.97315084,9057.97351708,3738.90420145,3738.89180561,0.04537252,2889.92432835,0.01998551,0.01998551,22064,68,0
9058.38325739,9058.38405749,3752.81449233,3752.78735398,0.04481548,2889.83618100,0.01998551,0.01998551,22063,68,0
9058.79395858,9058.79463511,3766.75572547,3766.73272894,0.05048388,2889.74451291,0.01998551,0.01998551,22062,68,0
9059.20533676,9059.20524995,3780.72877197,3780.73172940,0.05069556,2889.64926269,0.01998551,0.01998551,22061,68,0
9059.61739491,9059.61590203,3794.73482462,3794.78580111,0.04690273,2889.55038210,0.01998552,0.01998551,22060,68,0
9060.02747875,9060.02659134,3808.77459610,3808.80496839,0.04616947,2889.44849646,0.01998551,0.01998551,22059,68,0
9060.43691781,9060.43731790,3822.84851589,3822.83479033,0.05027783,2889.34328240,0.01998551,0.01998551,22058,68,0
9060.84772851,9060.84808170,3836.95684499,3836.94469995,0.04498767,2889.23418686,0.01998551,0.01998551,22057,68,0
9061.25959736,9061.25888274,3851.09951849,3851.12414928,0.03622453,2889.12123834,0.01998551,0.01998551,22056,68,0
9061.67017510,9061.66972105,3865.27667520,3865.29236257,0.04562508,2889.00505905,0.01998551,0.01998551,22055,68,0
9062.08085629,9062.08059662,3879.49015544,3879.49915000,0.05137754,2888.88523016,0.01998551,0.01998551,22054,68,0
9062.49211334,9062.49150945,3893.74248939,3893.76346363,0.04354901,2888.76155714,0.01998551,0.01998551,22053,68,0
9062.90160144,9062.90245955,3908.03373424,3908.00385529,0.04067248,2888.63473352,0.01998551,0.01998551,22052,68,0
9063.31397348,9063.31344693,3922.36065078,3922.37902657,0.04197976,2888.50330576,0.01998551,0.01998551,22051,68,0
9063.72572117,9063.72447159,3936.72113722,3936.76484755,0.04651109,2888.36835618,0.01998551,0.01998551,22050,68,0
9064.13604401,9064.13553354,3951.11886298,3951.13676715,0.04882575,2888.23011542,0.01998551,0.01998551,22049,68,0
9064.54679486,9064.54663278,3965.55860510,3965.56430656,0.05013329,2888.08789901,0.01998551,0.01998551,22048,68,0
9064.95863957,9064.95776931,3980.03861331,3980.06930011,0.04332667,2887.94144315,0.01998551,0.01998551,22047,68,0
9065.36886855,9065.36894315,3994.55204682,3994.54941113,0.04752094,2887.79176134,0.01998551,0.01998551,22046,68,0
9065.78063667,9065.78015429,4009.09644356,4009.11352533,0.04466782,2887.63770581,0.01998551,0.01998551,22045,68,0
9066.19187827,9066.19140274,4023.67897050,4023.69585690,0.04518629,2887.47993458,0.01998551,0.01998551,22044,68,0
9066.60300129,9066.60268851,4038.30656390,4038.31770453,0.04099731,2887.31819535,0.01998551,0.01998551,22043,68,0
9067.01505021,9067.01401160,4052.97676982,4053.01385983,0.04721279,2887.15206092,0.01998552,0.01998551,22042,68,0
9067.42578398,9067.42537202,4067.68371570,4067.69846035,0.04630676,2886.98247808,0.01998551,0.01998551,22041,68,0
9067.83646490,9067.83676978,4082.42579940,4082.41486119,0.04517264,2886.80893780,0.01998551,0.01998551,22040,68,0
nan,nan,0.00000000,-1.00000000,0.00000000,2886.65767826,nan,0.00000000,-2147483648,68,1
nan,nan,0.00000000,-1.00000000,0.00000000,2895.10319724,nan,0.00000000,-2147483648,67,1
9047.31344308,9047.31251439,9.74334758,9.76270452,0.04666239,2895.58639551,0.01998552,0.01998551,22090,67,0
9047.72216390,9047.72208884,18.28381023,18.28537611,0.05137072,2896.05514598,0.01998551,0.01998551,22089,67,0
9048.13141565,9048.13170038,26.83231718,26.82637242,0.05266882,2896.52370567,0.01998551,0.01998551,22088,67,0
9048.54055071,9048.54134901,35.38902309,35.37234083,0.04731464,2896.99133728,0.01998551,0.01998551,22087,67,0
9048.95237127,9048.95103474,43.95397244,43.98192605,0.05794337,2897.46123546,0.01998552,0.01998551,22086,67,0
9049.36076355,9049.36075758,52.52683394,52.52695889,0.04575150,2897.92640526,0.01998551,0.01998551,22085,67,0
9049.77038827,9049.77051752,61.10719501,61.10448742,0.04984680,2898.39213663,0.01998551,0.01998551,22084,67,0
9050.18070530,9050.18031458,69.69464076,69.70283135,0.05280511,2898.85778425,0.01998552,0.01998551,22083,67,0
9050.59035922,9050.59014876,78.28892445,78.29333935,0.04748477,2899.32179387,0.01998552,0.01998551,22082,67,0
9050.99892825,9051.00002006,86.89039611,86.86747470,0.05598454,2899.78370963,0.01998551,0.01998551,22081,67,0
9051.40911892,9051.40992849,95.49953885,95.48252868,0.05109618,2900.24661294,0.01998551,0.01998551,22080,67,0
9051.82582061,9051.81987406,0.00000000,104.23509021,0.05183797,2900.71565580,0.01998553,0.01998551,22079,67,1
9052.22984045,9052.22985676,112.74266867,112.74232522,0.04676090,2901.17034548,0.01998551,0.01998551,22078,67,0
9052.63935653,9052.63987661,121.37700677,121.36604978,0.04287655,2901.63004765,0.01998551,0.01998551,22077,67,0
9053.05015002,9053.04993361,130.01974300,130.02430628,0.05240426,2902.09036156,0.01998551,0.01998551,22076,67,0
9053.45939174,9053.46002776,138.67076698,138.65734414,0.04429173,2902.54810872,0.01998551,0.01998551,22075,67,0
9053.87041383,9053.87015907,147.32995435,147.33533524,0.04075136,2903.00700577,0.01998551,0.01998551,22074,67,0
9054.28116630,9054.28032755,155.99713587,156.01486652,0.05343523,2903.46474720,0.01998552,0.01998551,22073,67,0
9054.69028750,9054.69053320,164.67213218,164.66693403,0.04684871,2903.91980908,0.01998551,0.01998551,22072,67,0
9055.10024306,9055.10077602,173.35476302,173.34347887,0.05325537,2904.37492405,0.01998551,0.01998551,22071,67,0
9055.51120220,9055.51105602,182.04498695,182.04808442,0.05836528,2904.83026896,0.01998551,0.01998551,22070,67,0
9055.92097842,9055.92137321,190.74318282,190.73481022,0.05428616,2905.28343860,0.01998551,0.01998551,22069,67,0
9056.33229424,9056.33172758,199.44981029,199.46183877,0.04679464,2905.73746355,0.01998551,0.01998551,22068,67,0
9056.74198550,9056.74211915,208.16533115,208.16249133,0.05182540,2906.18887198,0.01998551,0.01998551,22067,67,0
9057.15258872,9057.15254792,216.88997833,216.89084603,0.05191056,2906.64046944,0.01998551,0.01998551,22066,67,0
9057.56254439,9057.56301390,225.62337891,225.61338499,0.04460634,2907.09051715,0.01998551,0.01998551,22065,67,0
9057.97319954,9057.97351708,234.36505943,234.35829458,0.04685480,2907.54046601,0.01998551,0.01998551,22064,67,0
9058.38361668,9058.38405749,243.11454494,243.10514688,0.04952545,2907.98925983,0.01998551,0.01998551,22063,67,0
9058.79395961,9058.79463511,251.87160078,251.85718770,0.06011884,2908.43706376,0.01998551,0.01998551,22062,67,0
9059.20585645,9059.20524995,260.63652628,260.64947795,0.04494917,2908.88566203,0.01998551,0.01998551,22061,67,0
9059.61625831,9059.61590203,269.40969382,269.41730870,0.04891918,2909.33174980,0.01998551,0.01998551,22060,67,0
9060.02733766,9060.02659134,278.19147641,278.20744221,0.04670200,2909.77770683,0.01998551,0.01998551,22059,67,0
9060.43711801,9060.43731790,286.98211379,286.97783378,0.05100660,2910.22139960,0.01998551,0.01998551,22058,67,0
9060.84820851,9060.84808170,295.78160540,295.78432335,0.05505816,2910.66564964,0.01998551,0.01998551,22057,67,0
9061.25883583,9061.25888274,304.58992567,304.58891934,0.05624461,2911.10853317,0.01998551,0.01998551,22056,67,0
9061.67003567,9061.66972105,313.40704950,313.41380475,0.04461492,2911.55116216,0.01998551,0.01998551,22055,67,0
9062.08095744,9062.08059662,322.23298078,322.24073517,0.04791581,2911.99261680,0.01998551,0.01998551,22054,67,0
9062.49165056,9062.49150945,331.06776423,331.07079952,0.04914519,2912.43295058,0.01998551,0.01998551,22053,67,0
9062.90207990,9062.90245955,339.91144783,339.90327402,0.05225101,2912.87212630,0.01998551,0.01998551,22052,67,0
9063.31295414,9063.31344693,348.76407532,348.75345582,0.05527025,2913.31090035,0.01998551,0.01998551,22051,67,0
9063.72490055,9063.72447159,357.62557661,357.63482892,0.04017158,2913.74993073,0.01998551,0.01998551,22050,67,0
9064.13587256,9064.13553354,366.49576030,366.50307908,0.04248271,2914.18702304,0.01998551,0.01998551,22049,67,0
9064.54773340,9064.54663278,375.37442805,375.39820870,0.04444618,2914.62414601,0.01998551,0.01998551,22048,67,0
9064.95870315,9064.95776931,384.26139617,384.28159032,0.04873612,2915.05939826,0.01998551,0.01998551,22047,67,0
9065.36929168,9065.36894315,393.15671801,393.16426145,0.05111566,2915.49332342,0.01998551,0.01998551,22046,67,0
9065.78150395,9065.78015429,402.06063116,402.08986831,0.05144906,2915.92804454,0.01998552,0.01998551,22045,67,0
9066.19034109,9066.19140274,410.97337937,410.95036018,0.04861856,2916.35830397,0.01998551,0.01998551,22044,67,0
9066.60211188,9066.60268851,419.89518897,419.88267456,0.05236608,2916.79074998,0.01998551,0.01998551,22043,67,0
9067.01432519,9067.01401160,428.82611493,428.83292677,0.05396172,2917.22275427,0.01998551,0.01998551,22042,67,0
9067.42581703,9067.42537202,437.76611964,437.77579526,0.05594284,2917.65309245,0.01998551,0.01998551,22041,67,0
9067.83614856,9067.83676978,446.71516435,446.70164490,0.05600898,2918.08130636,0.01998551,0.01998551,22040,67,0
9068.24792869,9068.24820486,455.67321582,455.66720011,0.05978592,2918.51011245,0.01998551,0.01998551,22039,67,0
9068.65955805,9068.65967729,464.64027331,464.63767341,0.05235350,2918.93783723,0.01998551,0.01998551,22038,67,0
9069.07058564,9069.07118707,473.61634759,473.60322279,0.04647092,2919.36401153,0.01998551,0.01998551,22037,67,0
9069.48257831,9069.48273420,482.60144946,482.59804439,0.05087561,2919.79025562,0.01998551,0.01998551,22036,67,0
9069.89409499,9069.89431869,491.59553421,491.59064377,0.04449587,2920.21507121,0.01998551,0.01998551,22035,67,0
9070.30543155,9070.30594054,500.59836512,500.58722797,0.05430382,2920.63875124,0.01998551,0.01998551,22034,67,0
9070.71756750,9070.71759976,509.60966266,509.60895623,0.04226869,2921.06228588,0.01998551,0.01998551,22033,67,0
9071.12820845,9071.12929635,518.62914780,518.60530453,0.04891065,2921.48330338,0.01998551,0.01998551,22032,67,0
9071.54162733,9071.54103032,527.65687618,527.66997211,0.04564061,2921.90617936,0.01998551,0.01998551,22031,67,0
9071.95298482,9071.95280167,536.69359621,536.69761767,0.04912969,2922.32599273,0.01998551,0.01998551,22030,67,0
9072.36492261,9072.36461041,545.74014615,545.74700814,0.05096456,2922.74547985,0.01998551,0.01998551,22029,67,0
9072.77692140,9072.77645654,554.79734601,554.80757470,0.05166103,2923.16414361,0.01998551,0.01998551,22028,67,0
9073.18770222,9073.18834007,563.86522698,563.85117717,0.04867483,2923.58068513,0.01998551,0.01998551,22027,67,0
9073.60087525,9073.60026100,572.94285036,572.95639291,0.04896598,2923.99871383,0.01998551,0.01998551,22026,67,0
9074.01227294,9074.01221935,582.02921265,582.03039519,0.04771337,2924.41396128,0.01998551,0.01998551,22025,67,0
9074.42445776,9074.42421510,591.12338865,591.12874686,0.05009321,2924.82897183,0.01998551,0.01998551,22024,67,0
9074.83596827,9074.83624828,600.22556240,600.21937412,0.04576258,2925.24227889,0.01998551,0.01998551,22023,67,0
9075.24870040,9075.24831888,609.33670705,609.34514678,0.04593817,2925.65582554,0.01998551,0.01998551,22022,67,0
9075.66009440,9075.66042690,618.45781831,618.45045516,0.04801604,2926.06708858,0.01998551,0.01998551,22021,67,0
9076.07288528,9076.07257236,627.58970258,627.59663969,0.04872288,2926.47883416,0.01998551,0.01998551,22020,67,0
9076.48538949,9076.48475526,636.73196212,636.74603625,0.05368612,2926.88935696,0.01998551,0.01998551,22019,67,0
9076.89743931,9076.89697561,645.88373479,645.89403400,0.05217950,2927.29844980,0.01998551,0.01998551,22018,67,0
9077.30957210,9077.30923340,655.04415238,655.05168119,0.04927941,2927.70660501,0.01998551,0.01998551,22017,67,0
9077.72186766,9077.72152865,664.21274967,664.22029174,0.04897161,2928.11387666,0.01998551,0.01998551,22016,67,0
9078.13467076,9078.13386136,673.39029006,673.40831408,0.04728376,2928.52063331,0.01998551,0.01998551,22015,67,0
9078.54647629,9078.54623153,682.57777288,682.58322896,0.04881635,2928.92543402,0.01998551,0.01998551,22014,67,0
9078.95785130,9078.95863917,691.77618982,691.75860695,0.05446891,2929.32888049,0.01998551,0.01998551,22013,67,0
9079.37170371,9079.37108429,700.98578932,700.99962791,0.05266240,2929.73382394,0.01998551,0.01998551,22012,67,0
9079.78367190,9079.78356688,710.20570522,710.20805370,0.04686169,2930.13595222,0.01998551,0.01998551,22011,67,0
9080.19651321,9080.19608696,719.43497501,719.44451536,0.05155557,2930.53791420,0.01998551,0.01998551,22010,67,0
9080.60809331,9080.60864454,728.67270020,728.66035246,0.05272787,2930.93759067,0.01998551,0.01998551,22009,67,0
9081.02101782,9081.02123960,737.91896060,737.91398830,0.05515515,2931.33751159,0.01998551,0.01998551,22008,67,0
9081.43293509,9081.43387217,747.17456178,747.15353216,0.05052958,2931.73542910,0.01998551,0.01998551,22007,67,0
9081.84660689,9081.84654224,756.44033129,756.44178367,0.04705595,2932.13404006,0.01998551,0.01998551,22006,67,0
9082.25887436,9082.25924983,765.71695372,765.70850959,0.05096729,2932.53032431,0.01998551,0.01998551,22005,67,0
9082.67179836,9082.67199493,775.00431500,774.99988977,0.04928923,2932.92625610,0.01998551,0.01998551,22004,67,0
9083.08479370,9083.08477755,784.30202960,784.30239371,0.04415414,2933.32125083,0.01998551,0.01998551,22003,67,0
9083.49739483,9083.49759769,793.60970999,793.60513397,0.04611342,2933.71484373,0.01998551,0.01998551,22002,67,0
9083.91075882,9083.91045537,802.92713305,802.93398466,0.04733649,2934.10812364,0.01998551,0.01998551,22001,67,0
9084.32314907,9084.32335058,812.25444970,812.24989521,0.04354385,2934.49944139,0.01998551,0.01998551,22000,67,0
9084.73660213,9084.73628334,821.59186307,821.59907539,0.05040509,2934.89073350,0.01998551,0.01998551,21999,67,0
9085.14933235,9085.14925364,830.93957247,830.94135496,0.05342936,2935.28031282,0.01998551,0.01998551,21998,67,0
9085.56222210,9085.56226149,840.29766570,840.29677271,0.04275391,2935.66901366,0.01998551,0.01998551,21997,67,0
9085.97521076,9085.97530690,849.66612110,849.66393941,0.05227918,2936.05677271,0.01998551,0.01998551,21996,67,0
9086.38854233,9086.38838987,859.04491225,859.04837539,0.04955260,2936.44381194,0.01998551,0.01998551,21995,67,0
9086.80165306,9086.80151041,868.43406140,868.43730506,0.04988283,2936.82959958,0.01998551,0.01998551,21994,67,0
9087.21514786,9087.21466852,877.83391251,877.84482397,0.04904329,2937.21470961,0.01998551,0.01998551,21993,67,0
9087.62829541,9087.62786421,887.24494173,887.25476841,0.04268285,2937.59847562,0.01998551,0.01998551,21992,67,0
9088.04118633,9088.04109748,896.66762727,896.66965428,0.05035928,2937.98099863,0.01998551,0.01998551,21991,67,0
9088.45387603,9088.45436834,906.10205249,906.09080744,0.04528667,2938.36233004,0.01998551,0.01998551,21990,67,0
9088.86708026,9088.86767679,915.54735785,915.53371865,0.05067412,2938.74309049,0.01998551,0.01998551,21989,67,0
9089.28070007,9089.28102284,925.00254137,924.99515491,0.05002793,2939.12314044,0.01998551,0.01998551,21988,67,0
9089.69407190,9089.69440649,934.46664750,934.45898403,0.04830534,2939.50182715,0.01998551,0.01998551,21987,67,0
9090.10702914,9090.10782775,943.93975640,943.92144847,0.05201223,2939.87900014,0.01998551,0.01998551,21986,67,0
9090.52034237,9090.52128662,953.42289971,953.40123096,0.05052125,2940.25540050,0.01998551,0.01998551,21985,67,0
9090.93508562,9090.93478312,962.91715077,962.92410059,0.05276403,2940.63203752,0.01998551,0.01998551,21984,67,0
9091.34823335,9091.34831723,972.42335272,972.42142341,0.04623332,2941.00619269,0.01998551,0.01998551,21983,67,0
9091.76155435,9091.76188897,981.94109563,981.93339075,0.05052829,2941.37945203,0.01998551,0.01998551,21982,67,0
9092.17549790,9092.17549835,991.46955116,991.46954081,0.04998074,2941.75218089,0.01998551,0.01998551,21981,67,0
9092.58994229,9092.58914537,1001.00789123,1001.02627590,0.04793238,2942.12422835,0.01998551,0.01998551,21980,67,0
9093.00244278,9093.00283003,1010.55579072,1010.54684882,0.04803803,2942.49338893,0.01998551,0.01998551,21979,67,0
9093.41705767,9093.41655234,1020.11380181,1020.12548208,0.04883244,2942.86331110,0.01998551,0.01998551,21978,67,0
9093.83077552,9093.83031230,1029.68256781,1029.69328615,0.04825476,2943.23132348,0.01998551,0.01998551,21977,67,0
9094.24403580,9094.24410993,1039.26267968,1039.26096255,0.05370414,2943.59784033,0.01998551,0.01998551,21976,67,0
9094.65769340,9094.65794521,1048.85413377,1048.84829441,0.05278645,2943.96361503,0.01998551,0.01998551,21975,67,0
9095.07144823,9095.07181817,1058.45656693,1058.44797934,0.05239703,2944.32836160,0.01998551,0.01998551,21974,67,0
9095.48630924,9095.48572881,1068.06960868,1068.08309585,0.04945677,2944.69294581,0.01998551,0.01998551,21973,67,0
9095.89917079,9095.89967712,1077.69300874,1077.68123183,0.05020304,2945.05462811,0.01998551,0.01998551,21972,67,0
9096.31382402,9096.31366312,1087.32687050,1087.33061680,0.04594118,2945.41672995,0.01998551,0.01998551,21971,67,0
9096.72741585,9096.72768681,1096.97136189,1096.96504696,0.04846579,2945.77675855,0.01998551,0.01998551,21970,67,0
9097.14235841,9097.14174819,1106.62666433,1106.64090121,0.04742107,2946.13681458,0.01998551,0.01998551,21969,67,0
9097.55581622,9097.55584728,1116.29319770,1116.29247239,0.04418073,2946.49444902,0.01998551,0.01998551,21968,67,0
9097.97019718,9097.96998407,1125.97159889,1125.97658229,0.05139624,2946.85176552,0.01998551,0.01998551,21967,67,0
9098.38400146,9098.38415857,1135.66251683,1135.65883849,0.04734776,2947.20748795,0.01998551,0.01998551,21966,67,0
9098.79873870,9098.79837079,1145.36633862,1145.37496298,0.04740075,2947.56292124,0.01998551,0.01998551,21965,67,0
9099.21340813,9099.21262073,1155.08233787,1155.10081610,0.04637802,2947.91717208,0.01998551,0.01998551,21964,67,0
9099.62750038,9099.62690839,1164.80949077,1164.82339712,0.05174654,2948.26976550,0.01998551,0.01998551,21963,67,0
9100.04153906,9100.04123379,1174.54679771,1174.55397533,0.04649314,2948.62110916,0.01998551,0.01998551,21962,67,0
9100.45561346,9100.45559693,1184.29420650,1184.29459561,0.04941113,2948.97127270,0.01998551,0.01998551,21961,67,0
9100.87010501,9100.86999780,1194.05276852,1194.05529447,0.04858787,2949.32060985,0.01998551,0.01998551,21960,67,0
9101.28404297,9101.28443643,1203.82360407,1203.81432212,0.05406539,2949.66833790,0.01998551,0.01998551,21959,67,0
9101.69930473,9101.69891280,1213.60760088,1213.61685823,0.04554050,2950.01605677,0.01998551,0.01998551,21958,67,0
9102.11353136,9102.11342694,1223.40442506,1223.40689452,0.04747700,2950.36177241,0.01998551,0.01998551,21957,67,0
9102.52745770,9102.52797883,1233.21334935,1233.20101177,0.05235313,2950.70607243,0.01998551,0.01998551,21956,67,0
9102.94299248,9102.94256850,1243.03365423,1243.04370230,0.04481500,2951.05050841,0.01998551,0.01998551,21955,67,0
9103.35802170,9103.35719594,1252.86510306,1252.88469369,0.04723169,2951.39330995,0.01998551,0.01998551,21954,67,0
9103.77229066,9103.77186115,1262.70807805,1262.71827890,0.04640671,2951.73428054,0.01998551,0.01998551,21953,67,0
9104.18599015,9104.18656415,1272.56300425,1272.54935603,0.04759736,2952.07359247,0.01998551,0.01998551,21952,67,0
9104.60182847,9104.60130494,1282.43023874,1282.44270148,0.05080066,2952.41346718,0.01998551,0.01998551,21951,67,0
9105.01604540,9105.01608352,1292.30977130,1292.30886288,0.05196131,2952.75082328,0.01998551,0.01998551,21950,67,0
9105.43055565,9105.43089990,1302.20147148,1302.19325787,0.05397206,2953.08721599,0.01998551,0.01998551,21949,67,0
9105.84642018,9105.84575408,1312.10520722,1312.12111766,0.04633108,2953.42348919,0.01998551,0.01998551,21948,67,0
9106.26033592,9106.26064608,1322.02082724,1322.01341073,0.04966319,2953.75696414,0.01998551,0.01998551,21947,67,0
9106.67482805,9106.67557588,1331.94815731,1331.93025545,0.05039941,2954.08967021,0.01998551,0.01998551,21946,67,0
9107.09043130,9107.09054351,1341.88702058,1341.88433161,0.05051277,2954.42201794,0.01998551,0.01998551,21945,67,0
9107.50550424,9107.50554896,1351.83736238,1351.83628944,0.04878013,2954.75268508,0.01998551,0.01998551,21944,67,0
9107.92060391,9107.92059224,1361.79967720,1361.79995748,0.04615732,2955.08212886,0.01998551,0.01998551,21943,67,0
9108.33533279,9108.33567336,1371.77461592,1371.76642666,0.05355400,2955.41005127,0.01998551,0.01998551,21942,67,0
9108.75097107,9108.75079232,1381.76280741,1381.76711114,0.04751699,2955.73747699,0.01998551,0.01998551,21941,67,0
9109.16623977,9109.16594912,1391.76430419,1391.77131050,0.04688256,2956.06339177,0.01998551,0.01998551,21940,67,0
9109.58090682,9109.58114377,1401.77859711,1401.77287848,0.04990354,2956.38759524,0.01998551,0.01998551,21939,67,0
9109.99585660,9109.99637628,1411.80515022,1411.79259469,0.04692889,2956.71075728,0.01998551,0.01998551,21938,67,0
9110.41240506,9110.41164665,1421.84355034,1421.86189326,0.04887879,2957.03387523,0.01998551,0.01998551,21937,67,0
9110.82669090,9110.82695489,1431.89378587,1431.88739407,0.04510180,2957.35395125,0.01998551,0.01998551,21936,67,0
9111.24247545,9111.24230100,1441.95592560,1441.96015418,0.04983193,2957.67389167,0.01998551,0.01998551,21935,67,0
9111.65733836,9111.65768498,1452.03008526,1452.02167388,0.05046238,2957.99182962,0.01998551,0.01998551,21934,67,0
9112.07349002,9112.07310685,1462.11694801,1462.12625762,0.05875346,2958.30947334,0.01998551,0.01998551,21933,67,0
9112.48795038,9112.48856660,1472.21758086,1472.20258928,0.05143852,2958.62457742,0.01998551,0.01998551,21932,67,0
9112.90375272,9112.90406425,1482.33305889,1482.32546923,0.05267770,2958.93947654,0.01998551,0.01998551,21931,67,0
9113.31925265,9113.31959979,1492.46359733,1492.45512871,0.04616929,2959.25292054,0.01998551,0.01998551,21930,67,0
9113.73535248,9113.73517323,1502.60770788,1502.61208570,0.04726846,2959.56553597,0.01998551,0.01998551,21929,67,0
9114.15058615,9114.15078459,1512.76369217,1512.75884074,0.04571759,2959.87616449,0.01998551,0.01998551,21928,67,0
9114.56625905,9114.56643385,1522.93017585,1522.92589835,0.05348927,2960.18573754,0.01998551,0.01998551,21927,67,0
9114.98188432,9114.98212104,1533.10788129,1533.10208233,0.05580049,2960.49390759,0.01998551,0.01998551,21926,67,0
9115.39835643,9115.39784614,1543.29834905,1543.31086532,0.05191841,2960.80137520,0.01998551,0.01998551,21925,67,0
9115.81446490,9115.81360918,1553.50309036,1553.52410820,0.04866369,2961.10728373,0.01998551,0.01998551,21924,67,0
9116.22909060,9116.22941015,1563.72251553,1563.71465661,0.04656977,2961.41082446,0.01998551,0.01998551,21923,67,0
9116.64492645,9116.64524905,1573.95584981,1573.94790608,0.05376200,2961.71394038,0.01998551,0.01998551,21922,67,0
9117.06081277,9117.06112591,1584.20225479,1584.19453546,0.05417326,2962.01574908,0.01998551,0.01998551,21921,67,0
9117.47694839,9117.47704071,1594.46121785,1594.45893945,0.04613505,2962.31637229,0.01998551,0.01998551,21920,67,0
9117.89252345,9117.89299346,1604.73317758,1604.72156358,0.04812289,2962.61523338,0.01998551,0.01998551,21919,67,0
9118.30950869,9118.30898418,1615.01874640,1615.03172356,0.05429013,2962.91375708,0.01998551,0.01998551,21918,67,0
9118.72567954,9118.72501286,1625.31846868,1625.33498440,0.05694406,2963.21035715,0.01998551,0.01998551,21917,67,0
9119.14035223,9119.14107951,1635.63228556,1635.61424576,0.04905940,2963.50454913,0.01998551,0.01998551,21916,67,0
9119.55751900,9119.55718414,1645.95983565,1645.96815186,0.05187846,2963.79914356,0.01998551,0.01998551,21915,67,0
9119.97392665,9119.97332674,1656.30076432,1656.31568058,0.04349682,2964.09181805,0.01998551,0.01998551,21914,67,0
9120.38908095,9120.38950733,1666.65510454,1666.64448981,0.04782251,2964.38222990,0.01998551,0.01998551,21913,67,0
9120.80599260,9120.80572592,1677.02335987,1677.03000737,0.05355366,2964.67249036,0.01998551,0.01998551,21912,67,0
9121.22144371,9121.22198250,1687.40606552,1687.39261763,0.04852839,2964.96036582,0.01998551,0.01998551,21911,67,0
9121.63817916,9121.63827708,1697.80351268,1697.80106559,0.04478165,2965.24776030,0.01998551,0.01998551,21910,67,0
9122.05402530,9122.05460966,1708.21527755,1708.20065445,0.04843980,2965.53315422,0.01998551,0.01998551,21909,67,0
9122.47069288,9122.47098026,1718.64080409,1718.63360397,0.05017797,2965.81770006,0.01998551,0.01998551,21908,67,0
9122.88709066,9122.88738888,1729.07962874,1729.07214845,0.04862034,2966.10063071,0.01998551,0.01998551,21907,67,0
9123.30325952,9123.30383551,1739.53199002,1739.51752423,0.04665898,2966.38197657,0.01998551,0.01998551,21906,67,0
9123.72070007,9123.72032018,1749.99844023,1750.00799335,0.05728541,2966.66275508,0.01998551,0.01998551,21905,67,0
9124.13659402,9124.13684288,1760.47952139,1760.47325524,0.04778908,2966.94107960,0.01998551,0.01998551,21904,67,0
9124.55339630,9124.55340361,1770.97543487,1770.97525055,0.05020114,2967.21859458,0.01998551,0.01998551,21903,67,0
9124.96998924,9124.97000239,1781.48605208,1781.48572016,0.04678055,2967.49454175,0.01998551,0.01998551,21902,67,0
9125.38656710,9125.38663922,1792.01122991,1792.00940681,0.05476119,2967.76904014,0.01998551,0.01998551,21901,67,0
9125.80425948,9125.80331410,1802.55083268,1802.57476103,0.04652336,2968.04281783,0.01998551,0.01998551,21900,67,0
9126.22015549,9126.22002704,1813.10474071,1813.10799595,0.05198423,2968.31396039,0.01998551,0.01998551,21899,67,0
9126.63693543,9126.63677804,1823.67283530,1823.67682903,0.05527174,2968.58421013,0.01998551,0.01998551,21898,67,0
9127.05427343,9127.05356711,1834.25507046,1834.27301520,0.05073405,2968.85334008,0.01998551,0.01998551,21897,67,0
9127.46993706,9127.47039426,1844.85171332,1844.84008277,0.05457729,2969.11991641,0.01998551,0.01998551,21896,67,0
9127.88757000,9127.88725948,1855.46311644,1855.47102587,0.04880973,2969.38627619,0.01998551,0.01998551,21895,67,0
9128.30475090,9128.30416279,1866.08963699,1866.10463759,0.04903518,2969.65086872,0.01998551,0.01998551,21894,67,0
9128.72147418,9128.72110419,1876.73165080,1876.74110095,0.04476457,2969.91369717,0.01998551,0.01998551,21893,67,0
9129.13830386,9129.13808369,1887.38954521,1887.39517674,0.04731368,2970.17512102,0.01998551,0.01998551,21892,67,0
9129.55484572,9129.55510129,1898.06368042,1898.05713406,0.05234045,2970.43489493,0.01998551,0.01998551,21891,67,0
9129.97251297,9129.97215699,1908.75372995,1908.76286072,0.04528859,2970.69387990,0.01998551,0.01998551,21890,67,0
9130.38899097,9130.38925080,1919.45868022,1919.45200729,0.04657298,2970.95060899,0.01998551,0.01998551,21889,67,0
9130.80623282,9130.80638273,1930.17748932,1930.17363497,0.05099112,2971.20625641,0.01998551,0.01998551,21888,67,0
9131.22402391,9131.22355278,1940.90994352,1940.92207179,0.05181945,2971.46067150,0.01998551,0.01998551,21887,67,0
9131.64020402,9131.64076096,1951.65729820,1951.64294153,0.05513156,2971.71256740,0.01998551,0.01998551,21886,67,0
9132.05802825,9132.05800727,1962.42096830,1962.42150998,0.04899187,2971.96393965,0.01998551,0.01998551,21885,67,0
9132.47453058,9132.47529172,1973.20179152,1973.18211290,0.05248857,2972.21301329,0.01998551,0.01998551,21884,67,0
9132.89236181,9132.89261430,1983.99878371,1983.99224674,0.05213642,2972.46134239,0.01998551,0.01998551,21883,67,0
9133.30940698,9133.30997504,1994.81059832,1994.79587367,0.05409784,2972.70762839,0.01998551,0.01998551,21882,67,0
9133.72698689,9133.72737393,2005.63613028,2005.62608618,0.05285653,2972.95262042,0.01998551,0.01998551,21881,67,0
9134.14496840,9134.14481098,2016.47564205,2016.47973232,0.04911505,2973.19623404,0.01998551,0.01998551,21880,67,0
9134.56235293,9134.56228619,2027.32986416,2027.33160068,0.04791559,2973.43789767,0.01998551,0.01998551,21879,67,0
9134.97944725,9134.97979957,2038.19953864,2038.19036004,0.05262551,2973.67780304,0.01998551,0.01998551,21878,67,0
9135.39656637,9135.39735112,2049.08545922,2049.06498523,0.05191745,2973.91614243,0.01998551,0.01998551,21877,67,0
9135.81405604,9135.81494085,2059.98845144,2059.96533190,0.04907016,2974.15312087,0.01998551,0.01998551,21876,67,0
9136.23231755,9136.23256877,2070.90930319,2070.90272887,0.05398292,2974.38896802,0.01998551,0.01998551,21875,67,0
9136.65046344,9136.65023487,2081.84804304,2081.85403364,0.05698299,2974.62317131,0.01998551,0.01998551,21874,67,0
9137.06655846,9137.06793917,2092.80405896,2092.76781791,0.05421840,2974.85463721,0.01998550,0.01998551,21873,67,0
9137.48597913,9137.48568167,2103.77672095,2103.78453962,0.05035353,2975.08632719,0.01998551,0.01998551,21872,67,0
9137.90300967,9137.90346238,2114.76563717,2114.75372119,0.05118414,2975.31506184,0.01998551,0.01998551,21871,67,0
9138.32157971,9138.32128130,2125.77070837,2125.77857385,0.04911740,2975.54299120,0.01998551,0.01998551,21870,67,0
9138.73958974,9138.73913843,2136.79185533,2136.80376693,0.05285452,2975.76895637,0.01998551,0.01998551,21869,67,0
9139.15666493,9139.15703378,2147.82924764,2147.81949885,0.05305112,2975.99275892,0.01998551,0.01998551,21868,67,0
9139.57505117,9139.57496736,2158.88348243,2158.88570082,0.04993970,2976.21560545,0.01998551,0.01998551,21867,67,0
9139.99257410,9139.99293917,2169.95520269,2169.94552486,0.05210716,2976.43633933,0.01998551,0.01998551,21866,67,0
9140.41090371,9140.41094922,2181.04478186,2181.04357379,0.04785605,2976.65584218,0.01998551,0.01998551,21865,67,0
9140.82898290,9140.82899751,2192.15195435,2192.15156597,0.04570106,2976.87354164,0.01998551,0.01998551,21864,67,0
9141.24616200,9141.24708404,2203.27636059,2203.25180947,0.04889100,2977.08909039,0.01998551,0.01998551,21863,67,0
9141.66475916,9141.66520883,2214.41762495,2214.40563472,0.04810211,2977.30366696,0.01998551,0.01998551,21862,67,0
9142.08320352,9142.08337188,2225.57532908,2225.57083389,0.05199259,2977.51644177,0.01998551,0.01998551,21861,67,0
9142.50118435,9142.50157319,2236.74904306,2236.73864708,0.05744177,2977.72724407,0.01998551,0.01998551,21860,67,0
9142.91939335,9142.91981277,2247.93856800,2247.92733941,0.05086583,2977.93641224,0.01998551,0.01998551,21859,67,0
9143.33768563,9143.33809062,2259.14464013,2259.13378224,0.04999581,2978.14387728,0.01998551,0.01998551,21858,67,0
9143.75689967,9143.75640675,2270.36823583,2270.38147121,0.05092084,2978.35005806,0.01998551,0.01998551,21857,67,0
9144.17563068,9144.17476116,2281.61018397,2281.63356758,0.05060470,2978.55426681,0.01998551,0.01998551,21856,67,0
9144.59281442,9144.59315387,2292.87055222,2292.86140962,0.05254199,2978.75598877,0.01998551,0.01998551,21855,67,0
9145.01138742,9145.01158486,2304.14917312,2304.14384703,0.04617387,2978.95663225,0.01998551,0.01998551,21854,67,0
9145.43002964,9145.43005416,2315.44583472,2315.44517220,0.04959184,2979.15554209,0.01998551,0.01998551,21853,67,0
9145.84787975,9145.84856177,2326.76007515,2326.74162397,0.05641651,2979.35229621,0.01998551,0.01998551,21852,67,0
9146.26697884,9146.26710768,2338.09133886,2338.08784849,0.04728374,2979.54783402,0.01998551,0.01998551,21851,67,0
9146.68550919,9146.68569191,2349.43925989,2349.43430281,0.04791352,2979.74128791,0.01998551,0.01998551,21850,67,0
9147.10454208,9147.10431446,2360.80475131,2360.81093597,0.05450449,2979.93316009,0.01998551,0.01998551,21849,67,0
9147.52345256,9147.52297534,2372.18925282,2372.20224061,0.04790262,2980.12317658,0.01998551,0.01998551,21848,67,0
9147.94193975,9147.94167454,2383.59399124,2383.60122106,0.05396604,2980.31121447,0.01998551,0.01998551,21847,67,0
9148.36049044,9148.36041209,2395.01858081,2395.02072017,0.04641289,2980.49747778,0.01998551,0.01998551,21846,67,0
9148.77801893,9148.77918798,2406.46192688,2406.42995834,0.04885699,2980.68146159,0.01998551,0.01998551,21845,67,0
9149.19803712,9149.19800221,2417.92304828,2417.92400443,0.04723143,2980.86467818,0.01998551,0.01998551,21844,67,0
9149.61633594,9149.61685480,2429.40189171,2429.38766178,0.04784406,2981.04527610,0.01998551,0.01998551,21843,67,0
9150.03703030,9150.03574574,2440.89882266,2440.93410545,0.04799626,2981.22502361,0.01998551,0.01998551,21842,67,0
9150.45524126,9150.45467505,2452.41427289,2452.42984891,0.04719630,2981.40183368,0.01998551,0.01998551,21841,67,0
9150.87420745,9150.87364272,2463.94912197,2463.96468279,0.04679135,2981.57709054,0.01998551,0.01998551,21840,67,0
9151.29249408,9151.29264877,2475.50445430,2475.50018440,0.04966951,2981.75019922,0.01998551,0.01998551,21839,67,0
9151.71173301,9151.71169320,2487.08109212,2487.08219279,0.05096159,2981.92183431,0.01998551,0.01998551,21838,67,0
9152.13105409,9152.13077601,2498.67798705,2498.68568805,0.04868125,2982.09160586,0.01998551,0.01998551,21837,67,0
9152.54987390,9152.54989721,2510.29329102,2510.29264451,0.04783421,2982.25924304,0.01998551,0.01998551,21836,67,0
9152.96877128,9152.96905681,2521.92548799,2521.91755875,0.05162614,2982.42494912,0.01998551,0.01998551,21835,67,0
9153.38781992,9153.38825481,2533.57523316,2533.56313819,0.05028546,2982.58875173,0.01998551,0.01998551,21834,67,0
9153.80784844,9153.80749121,2545.24402363,2545.25397458,0.04543286,2982.75097801,0.01998551,0.01998551,21833,67,0
9154.22640825,9154.22676602,2556.93312110,2556.92313845,0.05507438,2982.91069248,0.01998551,0.01998551,21832,67,0
9154.64571358,9154.64607925,2568.64245367,2568.63223408,0.04884327,2983.06873306,0.01998551,0.01998551,21831,67,0
9155.06520742,9155.06543090,2580.37150081,2580.36524517,0.04787050,2983.22486534,0.01998551,0.01998551,21830,67,0
9155.48429353,9155.48482098,2592.11988107,2592.10509405,0.04998356,2983.37885323,0.01998551,0.01998551,21829,67,0
9155.90361002,9155.90424949,2603.88784967,2603.86989368,0.05203026,2983.53092515,0.01998551,0.01998551,21828,67,0
9156.32340662,9156.32371643,2615.67584132,2615.66712776,0.04980858,2983.68116134,0.01998551,0.01998551,21827,67,0
9156.74266853,9156.74322182,2627.48430494,2627.46871773,0.05077815,2983.82919362,0.01998551,0.01998551,21826,67,0
9157.16304319,9157.16276565,2639.31372870,2639.32156088,0.04350177,2983.97559416,0.01998551,0.01998551,21825,67,0
9157.58283304,9157.58234794,2651.16461287,2651.17832621,0.04441833,2984.11976240,0.01998551,0.01998551,21824,67,0
9158.00245472,9158.00196869,2663.03723696,2663.05100042,0.05176455,2984.26183828,0.01998551,0.01998551,21823,67,0
9158.42223596,9158.42162790,2674.93127781,2674.94852626,0.04952906,2984.40191696,0.01998551,0.01998551,21822,67,0
9158.84145139,9158.84132558,2686.84631057,2686.84988523,0.04781445,2984.53974259,0.01998551,0.01998551,21821,67,0
9159.26064930,9159.26106173,2698.78220612,2698.77046824,0.04831650,2984.67548666,0.01998551,0.01998551,21820,67,0
9159.68100424,9159.68083636,2710.73943068,2710.74421681,0.04680433,2984.80951454,0.01998551,0.01998551,21819,67,0
9160.10133171,9160.10064948,2722.71851394,2722.73799801,0.04719023,2984.94143398,0.01998551,0.01998551,21818,67,0
9160.52104220,9160.52050108,2734.71941633,2734.73489655,0.04785212,2985.07105208,0.01998551,0.01998551,21817,67,0
9160.94008379,9160.94039119,2746.74127374,2746.73246558,0.04910735,2985.19834120,0.01998551,0.01998551,21816,67,0
9161.36108496,9161.36031979,2758.78319600,2758.80515538,0.05160757,2985.32406896,0.01998551,0.01998551,21815,67,0
9161.78005667,9161.78028690,2770.84537036,2770.83875242,0.04978849,2985.44703525,0.01998551,0.01998551,21814,67,0
9162.19956974,9162.20029252,2782.92907818,2782.90826544,0.05254856,2985.56800740,0.01998551,0.01998551,21813,67,0
9162.62082612,9162.62033665,2795.03558579,2795.04970605,0.05267494,2985.68731452,0.01998551,0.01998551,21812,67,0
9163.04040488,9163.04041931,2807.16522368,2807.16480673,0.04639399,2985.80397745,0.01998551,0.01998551,21811,67,0
9163.46066154,9163.46054050,2819.31768281,2819.32118734,0.04945551,2985.91864283,0.01998551,0.01998551,21810,67,0
9163.88094846,9163.88070021,2831.49266356,2831.49986326,0.04504213,2986.03111264,0.01998551,0.01998551,21809,67,0
9164.30142257,9164.30089847,2843.69004127,2843.70526813,0.05070216,2986.14141320,0.01998551,0.01998551,21808,67,0
9164.72123327,9164.72113527,2855.90976668,2855.91261893,0.04719791,2986.24931189,0.01998551,0.01998551,21807,67,0
9165.14104073,9165.14141061,2868.15172767,2868.14094424,0.04669807,2986.35496998,0.01998551,0.01998551,21806,67,0
9165.56181781,9165.56172451,2880.41555586,2880.41828043,0.04643200,2986.45860874,0.01998551,0.01998551,21805,67,0
9165.98111130,9165.98207697,2892.70081539,2892.67256961,0.05378759,2986.55961201,0.01998551,0.01998551,21804,67,0
9166.40281213,9166.40246800,2905.00755879,2905.01764166,0.04901374,2986.65889762,0.01998551,0.01998551,21803,67,0
9166.82308655,9166.82289759,2917.33698151,2917.34252807,0.04453637,2986.75555179,0.01998551,0.01998551,21802,67,0
9167.24351531,9167.24336576,2929.69042893,2929.69482697,0.05170349,2986.84994550,0.01998551,0.01998551,21801,67,0
9167.66467189,9167.66387251,2942.06828769,2942.09183970,0.05118564,2986.94218911,0.01998551,0.01998551,21800,67,0
9168.08423287,9168.08441784,2954.46966847,2954.46420902,0.04525341,2987.03176035,0.01998551,0.01998551,21799,67,0
9168.50458496,9168.50500176,2966.89367123,2966.88134841,0.05029862,2987.11915555,0.01998551,0.01998551,21798,67,0
9168.92566712,9168.92562429,2979.34058964,2979.34185846,0.04667179,2987.20433803,0.01998551,0.01998551,21797,67,0
9169.34616617,9169.34628541,2991.81160297,2991.80806462,0.04853169,2987.28703523,0.01998551,0.01998551,21796,67,0
9169.76678001,9169.76698514,3004.30775397,3004.30165523,0.04684031,2987.36738080,0.01998551,0.01998551,21795,67,0
9170.18767572,9170.18772348,3016.82904664,3016.82762400,0.05210081,2987.44538851,0.01998551,0.01998551,21794,67,0
9170.60843491,9170.60850044,3029.37508394,3029.37312825,0.04142628,2987.52096237,0.01998551,0.01998551,21793,67,0
9171.02939616,9171.02931602,3041.94570116,3041.94809730,0.05139659,2987.59414707,0.01998551,0.01998551,21792,67,0
9171.45057375,9171.45017023,3054.54142010,3054.55350872,0.04647676,2987.66492975,0.01998551,0.01998551,21791,67,0
9171.87104487,9171.87106307,3067.16287127,3067.16232497,0.05335275,2987.73314804,0.01998551,0.01998551,21790,67,0
9172.29210335,9172.29199455,3079.80975234,3079.81302415,0.05169352,2987.79899602,0.01998551,0.01998551,21789,67,0
9172.71291922,9172.71296468,3092.48045616,3092.47908687,0.04458352,2987.86231782,0.01998551,0.01998551,21788,67,0
9173.13412399,9173.13397345,3105.17345964,3105.17800201,0.05210798,2987.92318581,0.01998551,0.01998551,21787,67,0
9173.55469402,9173.55502088,3117.88960808,3117.87972707,0.05059628,2987.98144478,0.01998551,0.01998551,21786,67,0
9173.97551837,9173.97610697,3130.63133438,3130.61350562,0.04659993,2988.03721786,0.01998551,0.01998551,21785,67,0
9174.39687135,9174.39723173,3143.40058220,3143.38964353,0.04907000,2988.09052690,0.01998551,0.01998551,21784,67,0
9174.81783976,9174.81839516,3156.19680913,3156.17991818,0.04897650,2988.14123634,0.01998551,0.01998551,21783,67,0
9175.23950338,9175.23959726,3169.01875266,3169.01589209,0.05330399,2988.18945246,0.01998551,0.01998551,21782,67,0
9175.66123432,9175.66083804,3181.86587509,3181.87797227,0.05152726,2988.23507898,0.01998551,0.01998551,21781,67,0
9176.08106752,9176.08211751,3194.73901425,3194.70689755,0.04646686,2988.27790769,0.01998550,0.01998551,21780,67,0
9176.50271066,9176.50343568,3207.63910760,3207.61688640,0.04890438,2988.31830464,0.01998551,0.01998551,21779,67,0
9176.92466498,9176.92479254,3220.56614678,3220.56222951,0.05016176,2988.35608999,0.01998551,0.01998551,21778,67,0
9177.34618397,9177.34618810,3233.51936609,3233.51923890,0.04012356,2988.39117952,0.01998551,0.01998551,21777,67,0
9177.76784538,9177.76762237,3246.49822254,3246.50509709,0.04080055,2988.42360674,0.01998551,0.01998551,21776,67,0
9178.18836433,9178.18909535,3259.50341753,3259.48083820,0.04609705,2988.45326819,0.01998551,0.01998551,21775,67,0
9178.61052818,9178.61060706,3272.53604174,3272.53360054,0.04514887,2988.48034160,0.01998551,0.01998551,21774,67,0
9179.03231808,9179.03215748,3285.59675698,3285.60173765,0.05419503,2988.50466948,0.01998551,0.01998551,21773,67,0
9179.45345259,9179.45374664,3298.68545013,3298.67631184,0.05073869,2988.52622800,0.01998551,0.01998551,21772,67,0
9179.87534356,9179.87537453,3311.80193000,3311.80096535,0.04942464,2988.54507083,0.01998551,0.01998551,21771,67,0
9180.29683690,9180.29704116,3324.94605012,3324.93967644,0.04873662,2988.56112548,0.01998551,0.01998551,21770,67,0
9180.71843155,9180.71874654,3338.11769356,3338.10784537,0.04313254,2988.57439654,0.01998551,0.01998551,21769,67,0
9181.14062314,9181.14049067,3351.31698942,3351.32113974,0.05050281,2988.58487556,0.01998551,0.01998551,21768,67,0
9181.56155043,9181.56227355,3364.54495492,3364.52225204,0.04929482,2988.59250622,0.01998550,0.01998551,21767,67,0
9181.98447740,9181.98409520,3377.80278792,3377.81481379,0.04546640,2988.59732254,0.01998551,0.01998551,21766,67,0
9182.40552926,9182.40595561,3391.09072159,3391.07727796,0.04539493,2988.59926035,0.01998551,0.01998551,21765,67,0
9182.82826211,9182.82785480,3404.40782870,3404.42069871,0.03990962,2988.59831908,0.01998551,0.01998551,21764,67,0
9183.24997862,9183.24979276,3417.75325920,3417.75914371,0.04948817,2988.59447981,0.01998551,0.01998551,21763,67,0
9183.67122170,9183.67176950,3431.12715266,3431.10977313,0.04588667,2988.58773495,0.01998551,0.01998551,21762,67,0
9184.09383120,9184.09378504,3444.53004322,3444.53151102,0.04718827,2988.57802725,0.01998551,0.01998551,21761,67,0
9184.51591935,9184.51583936,3457.96251869,3457.96506702,0.04804243,2988.56537213,0.01998551,0.01998551,21760,67,0
9184.93814310,9184.93793249,3471.42525811,3471.43198279,0.03195096,2988.54973417,0.01998551,0.01998551,21759,67,0
9185.35997279,9185.36006442,3484.91887384,3484.91594168,0.04715949,2988.53111543,0.01998551,0.01998551,21758,67,0
9185.78170270,9185.78223516,3498.44316438,3498.42608866,0.04814767,2988.50948871,0.01998551,0.01998551,21757,67,0
9186.20488068,9186.20444472,3511.99746038,3512.01147096,0.04735110,2988.48474166,0.01998551,0.01998551,21756,67,0
9186.62592196,9186.62669309,3525.58107257,3525.55624016,0.05338343,2988.45707351,0.01998551,0.01998551,21755,67,0
9187.04937264,9187.04898029,3539.19328944,3539.20594893,0.04722218,2988.42616524,0.01998551,0.01998551,21754,67,0
9187.47175683,9187.47130633,3552.83358777,3552.84815299,0.05035996,2988.39223871,0.01998551,0.01998551,21753,67,0
9187.89481368,9187.89367120,3566.50397950,3566.54099993,0.04877359,2988.35513455,0.01998551,0.01998551,21752,67,0
9188.31634818,9188.31607491,3580.20825105,3580.21712847,0.04533510,2988.31502361,0.01998551,0.01998551,21751,67,0
9188.73751718,9188.73851747,3593.94836814,3593.91579474,0.04692410,2988.27178848,0.01998550,0.01998551,21750,67,0
9189.16109804,9189.16099888,3607.72109480,3607.72433071,0.05108427,2988.22510868,0.01998551,0.01998551,21749,67,0
9189.58289158,9189.58351915,3621.52264950,3621.50212985,0.04678564,2988.17543254,0.01998550,0.01998551,21748,67,0
9190.00553739,9190.00607828,3635.35441593,3635.33669028,0.04390268,2988.12243542,0.01998550,0.01998551,21747,67,0
9190.42804084,9190.42867628,3649.22153188,3649.20065244,0.04396059,2988.06619262,0.01998550,0.01998551,21746,67,0
9190.85168528,9190.85131315,3663.12685043,3663.13910943,0.04505859,2988.00648551,0.01998551,0.01998551,21745,67,0
9191.27415921,9191.27398891,3677.06683999,3677.07246264,0.04251343,2987.94363106,0.01998551,0.01998551,21744,67,0
9191.69742979,9191.69670355,3691.03729053,3691.06131694,0.04582443,2987.87733827,0.01998551,0.01998551,21743,67,0
9192.11887807,9192.11945708,3705.03873181,3705.01953330,0.04300398,2987.80800645,0.01998550,0.01998551,21742,67,0
9192.54198126,9192.54224950,3719.07476121,3719.06584486,0.04503804,2987.73502574,0.01998551,0.01998551,21741,67,0
9192.96518682,9192.96508083,3733.14725363,3733.15078563,0.04306361,2987.65860921,0.01998551,0.01998551,21740,67,0
9193.38702529,9193.38795106,3747.25418721,3747.22326923,0.04747651,2987.57902457,0.01998550,0.01998551,21739,67,0
9193.81106624,9193.81086020,3761.39329751,3761.40019348,0.04685643,2987.49557852,0.01998551,0.01998551,21738,67,0
9194.23371061,9194.23380827,3775.56469526,3775.56141938,0.05411758,2987.40894703,0.01998551,0.01998551,21737,67,0
9194.65791872,9194.65679525,3789.76965821,3789.80743124,0.04884336,2987.31849090,0.01998551,0.01998551,21736,67,0
9195.07995095,9195.07982116,3804.00915900,3804.01353286,0.04751444,2987.22498585,0.01998551,0.01998551,21735,67,0
9195.50262178,9195.50288601,3818.28368331,3818.27475743,0.04681005,2987.12780060,0.01998551,0.01998551,21734,67,0
9195.92582826,9195.92598979,3832.59360646,3832.58813671,0.04522588,2987.02691741,0.01998551,0.01998551,21733,67,0
9196.34877711,9196.34913252,3846.93893586,3846.92687271,0.04475194,2986.92249752,0.01998550,0.01998551,21732,67,0
9196.77237709,9196.77231419,3861.31963267,3861.32177264,0.04205705,2986.81428742,0.01998551,0.01998551,21731,67,0
9197.19665669,9197.19553482,3875.73704771,3875.77531440,0.04855679,2986.70222746,0.01998551,0.01998551,21730,67,0
9197.61833519,9197.61879441,3890.19383469,3890.17812789,0.04656947,2986.58716231,0.01998550,0.01998551,21729,67,0
9198.04189771,9198.04209297,3904.69115104,3904.68445493,0.05050156,2986.46784052,0.01998550,0.01998551,21728,67,0
9198.46522376,9198.46543050,3919.22604506,3919.21893873,0.04460260,2986.34483463,0.01998550,0.01998551,21727,67,0
9198.88928346,9198.88880700,3933.79556333,3933.81197877,0.05065455,2986.21785591,0.01998551,0.01998551,21726,67,0
9199.31222554,9199.31222249,3948.40236926,3948.40247448,0.04458727,2986.08741546,0.01998551,0.01998551,21725,67,0
9199.73649655,9199.73567696,3963.05172822,3963.08012363,0.05426890,2985.95268048,0.01998551,0.01998551,21724,67,0
9200.15917630,9200.15917043,3977.74352091,3977.74372505,0.04846116,2985.81455313,0.01998551,0.01998551,21723,67,0
9200.58217398,9200.58270289,3992.47085855,3992.45244851,0.04371872,2985.67246429,0.01998551,0.01998551,21722,67,0
9201.00685309,9201.00627436,4007.22971433,4007.24990269,0.03942234,2985.52594375,0.01998551,0.01998551,21721,67,0
9201.42979348,9201.42988483,4022.02672985,4022.02353435,0.03840892,2985.37608186,0.01998551,0.01998551,21720,67,0
9201.85382859,9201.85353432,4036.86968783,4036.88001366,0.04397186,2985.22177455,0.01998551,0.01998551,21719,67,0
9202.27632640,9202.27722283,4051.75711260,4051.72557310,0.05034781,2985.06396893,0.01998550,0.01998551,21718,67,0
9202.70035709,9202.70095036,4066.68282333,4066.66190168,0.04959567,2984.90155429,0.01998551,0.01998551,21717,67,0
9203.12484323,9203.12471693,4081.64462702,4081.64909168,0.04309390,2984.73491202,0.01998551,0.01998551,21716,67,0
nan,nan,0.00000000,-1.00000000,0.00000000,2984.58336308,nan,0.00000000,-2147483648,67,1
nan,nan,0.00000000,-1.00000000,0.00000000,2994.32021829,nan,0.00000000,-2147483648,66,1
9184.51656254,9184.51583936,12.11954458,12.13440121,0.05396781,2994.82224677,0.01998551,0.01998551,21760,66,0
9184.93705708,9184.93793249,20.79453546,20.77653598,0.05234533,2995.29603760,0.01998551,0.01998551,21759,66,0
9185.35969538,9185.36006442,29.47786617,29.47027156,0.04859732,2995.77149653,0.01998551,0.01998551,21758,66,0
9185.78196719,9185.78223516,38.16969370,38.16417408,0.05099600,2996.24579962,0.01998551,0.01998551,21757,66,0
9186.20497030,9186.20444472,46.86993992,46.88077487,0.06091508,2996.72017082,0.01998551,0.01998551,21756,66,0
9186.62695265,9186.62669309,55.57819838,55.58355345,0.04540239,2997.19262019,0.01998551,0.01998551,21755,66,0
9187.05047819,9187.04898029,64.29403616,64.32496363,0.04482938,2997.66598963,0.01998551,0.01998551,21754,66,0
9187.47154572,9187.47130633,73.01702990,73.02197630,0.04988765,2998.13578341,0.01998551,0.01998551,21753,66,0
9187.89361631,9187.89367120,81.74715924,81.74602430,0.05532451,2998.60586305,0.01998551,0.01998551,21752,66,0
9188.31665634,9188.31607491,90.48489852,90.49693073,0.04847911,2999.07620746,0.01998551,0.01998551,21751,66,0
9188.73823371,9188.73851747,99.23075474,99.22487754,0.04568569,2999.54413757,0.01998551,0.01998551,21750,66,0
9189.16153036,9189.16099888,107.98522560,107.99624382,0.05194000,3000.01320736,0.01998551,0.01998551,21749,66,0
9189.58332391,9189.58351915,116.74851548,116.74446427,0.03940145,3000.47985233,0.01998551,0.01998551,21748,66,0
9190.00553934,9190.00607828,125.52052384,125.50933089,0.04471909,3000.94619572,0.01998551,0.01998551,21747,66,0
9190.42808361,9190.42867628,134.30113546,134.28881585,0.05008738,3001.41212263,0.01998551,0.01998551,21746,66,0
9190.85145307,9190.85131315,143.09023232,143.09314317,0.05229187,3001.87816694,0.01998551,0.01998551,21745,66,0
9191.27432148,9191.27398891,151.88765952,151.89458441,0.05023294,3002.34285575,0.01998551,0.01998551,21744,66,0
9191.69708680,9191.69670355,160.69323070,160.70121749,0.05736084,3002.80661445,0.01998551,0.01998551,21743,66,0
9192.11906168,9192.11945708,169.50675748,169.49851097,0.04677865,3003.26867801,0.01998551,0.01998551,21742,66,0
9192.54223003,9192.54224950,178.32808221,178.32767588,0.04873081,3003.73120571,0.01998551,0.01998551,21741,66,0
9192.96508166,9192.96508083,187.15742769,187.15744498,0.04364822,3004.19255227,0.01998551,0.01998551,21740,66,0
9193.38690265,9193.38795106,195.99526969,195.97334840,0.05456718,3004.65196375,0.01998550,0.01998551,21739,66,0
9193.81042144,9193.81086020,204.84209113,204.83290825,0.05666942,3005.11243094,0.01998551,0.01998551,21738,66,0
9194.23362217,9194.23380827,213.69830435,213.69440573,0.05177871,3005.57177549,0.01998551,0.01998551,21737,66,0
9194.65751248,9194.65679525,222.56371727,222.57875668,0.04265571,3006.03107584,0.01998551,0.01998551,21736,66,0
9195.08013342,9195.07982116,231.43783724,231.44439057,0.04545063,3006.48818139,0.01998551,0.01998551,21735,66,0
9195.50352431,9195.50288601,240.32016660,240.33357328,0.04840235,3006.94526971,0.01998551,0.01998551,21734,66,0
9195.92681088,9195.92598979,249.21030843,249.22756786,0.04566061,3007.40137082,0.01998551,0.01998551,21733,66,0
9196.34880074,9196.34913252,258.10844688,258.10146713,0.04933046,3007.85520998,0.01998551,0.01998551,21732,66,0
9196.77254241,9196.77231419,267.01497099,267.01977624,0.05010454,3008.31008050,0.01998551,0.01998551,21731,66,0
9197.19606950,9197.19553482,275.93027229,275.94154063,0.05358947,3008.76388292,0.01998551,0.01998551,21730,66,0
9197.61863468,9197.61879441,284.85466911,284.85129957,0.05693039,3009.21583201,0.01998551,0.01998551,21729,66,0
9198.04141661,9198.04209297,293.78820013,293.77391911,0.05858942,3009.66718831,0.01998550,0.01998551,21728,66,0
9198.46530242,9198.46543050,302.73083861,302.72813186,0.04564178,3010.11888948,0.01998551,0.01998551,21727,66,0
9198.88749095,9198.88880700,311.68255767,311.65471880,0.05479701,3010.56794675,0.01998550,0.01998551,21726,66,0
9199.31186416,9199.31222249,320.64335080,320.63576399,0.04962214,3011.01848313,0.01998550,0.01998551,21725,66,0
9199.73564411,9199.73567696,329.61326071,329.61256439,0.04899520,3011.46754260,0.01998551,0.01998551,21724,66,0
9200.15889593,9200.15917043,338.59233758,338.58651487,0.05455918,3011.91519580,0.01998550,0.01998551,21723,66,0
9200.58282554,9200.58270289,347.58063018,347.58323434,0.04564039,3012.36271590,0.01998551,0.01998551,21722,66,0
9201.00628167,9201.00627436,356.57809145,356.57824684,0.04709549,3012.80888032,0.01998551,0.01998551,21721,66,0
9201.42927030,9201.42988483,365.58452735,365.57145597,0.05206078,3013.25368444,0.01998550,0.01998551,21720,66,0
9201.85369712,9201.85353432,374.59973031,374.60319613,0.05565632,3013.69911479,0.01998551,0.01998551,21719,66,0
9202.27657731,9202.27722283,383.62350230,383.60974801,0.05299996,3014.14202542,0.01998550,0.01998551,21718,66,0
9202.70043933,9202.70095036,392.65587166,392.64497342,0.05608817,3014.58506370,0.01998550,0.01998551,21717,66,0
9203.12449048,9203.12471693,401.69708348,401.69224999,0.05075560,3015.02740532,0.01998551,0.01998551,21716,66,0
9203.54824266,9203.54852253,410.74739290,410.74141361,0.05251054,3015.46854973,0.01998551,0.01998551,21715,66,0
9203.97272218,9203.97236717,419.80703851,419.81463047,0.05773270,3015.90957140,0.01998551,0.01998551,21714,66,0
9204.39588138,9204.39625085,428.87608218,428.86817349,0.05657232,3016.34834337,0.01998551,0.01998551,21713,66,0
9204.82038674,9204.82017359,437.95448476,437.95905149,0.05292078,3016.78762413,0.01998551,0.01998551,21712,66,0
9205.24461594,9205.24413539,447.04220565,447.05251123,0.05114497,3017.22572521,0.01998551,0.01998551,21711,66,0
9205.66780136,9205.66813625,456.13921084,456.13202250,0.05050356,3017.66185209,0.01998551,0.01998551,21710,66,0
9206.09183164,9206.09217617,465.24550069,465.23809833,0.04726917,3018.09794748,0.01998551,0.01998551,21709,66,0
9206.51543556,9206.51625517,474.36108647,474.34346079,0.04241087,3018.53269888,0.01998550,0.01998551,21708,66,0
9206.94045147,9206.94037325,483.48597933,483.48766295,0.04893148,3018.96798600,0.01998551,0.01998551,21707,66,0
9207.36412125,9207.36453041,492.62011539,492.61130021,0.05183817,3019.40097649,0.01998551,0.01998551,21706,66,0
9207.78856955,9207.78872667,501.76323478,501.75984693,0.05538124,3019.83382698,0.01998551,0.01998551,21705,66,0
9208.21268481,9208.21296201,510.91504457,510.90906217,0.04981911,3020.26538441,0.01998551,0.01998551,21704,66,0
9208.63742465,9208.63723646,520.07526096,520.07932573,0.04877546,3020.69660479,0.01998551,0.01998551,21703,66,0
9209.06238290,9209.06155002,529.24407012,529.26207579,0.04477248,3021.12707763,0.01998551,0.01998551,21702,66,0
9209.48565345,9209.48590268,538.42229996,538.41690663,0.04946708,3021.55491158,0.01998551,0.01998551,21701,66,0
9209.91044070,9209.91029446,547.61082918,547.61399703,0.04552105,3021.98338263,0.01998551,0.01998551,21700,66,0
9210.33495864,9210.33472537,556.81045918,556.81551827,0.05285806,3022.41071765,0.01998551,0.01998551,21699,66,0
9210.75999208,9210.75919540,566.02091750,566.03821317,0.04931738,3022.83768804,0.01998551,0.01998551,21698,66,0
9211.18357606,9211.18370456,575.24117381,575.23838153,0.04853406,3023.26227043,0.01998551,0.01998551,21697,66,0
9211.60826831,9211.60825287,584.47017570,584.47051150,0.05229215,3023.68697678,0.01998551,0.01998551,21696,66,0
9212.03190147,9212.03284031,593.70712123,593.68668849,0.05085257,3024.10959880,0.01998550,0.01998551,21695,66,0
9212.45887449,9212.45746691,602.95258342,602.98324467,0.05631904,3024.53453921,0.01998551,0.01998551,21694,66,0
9212.88170512,9212.88213266,612.20760001,612.19827761,0.05228256,3024.95439724,0.01998550,0.01998551,21693,66,0
9213.30680316,9213.30683757,621.47321354,621.47246245,0.05097729,3025.37558677,0.01998551,0.01998551,21692,66,0
9213.73114185,9213.73158165,630.74994050,630.74032980,0.05280093,3025.79512228,0.01998550,0.01998551,21691,66,0
9214.15581113,9214.15636490,640.03705698,640.02494412,0.04757348,3026.21404501,0.01998550,0.01998551,21690,66,0
9214.58089321,9214.58118732,649.33365727,649.32721828,0.04630481,3026.63238796,0.01998551,0.01998551,21689,66,0
9215.00528389,9215.00604893,658.63886595,658.62210351,0.04922748,3027.04902184,0.01998550,0.01998551,21688,66,0
9215.43112542,9215.43094972,667.95271595,667.95656909,0.05483804,3027.46604430,0.01998551,0.01998551,21687,66,0
9215.85612521,9215.85588970,677.27620409,677.28137380,0.05306980,3027.88124825,0.01998551,0.01998551,21686,66,0
9216.28039347,9216.28086889,686.61037948,686.59993166,0.05789250,3028.29478874,0.01998550,0.01998551,21685,66,0
9216.70577025,9216.70588727,695.95612823,695.95355351,0.05253630,3028.70849210,0.01998550,0.01998551,21684,66,0
9217.13144170,9217.13094487,705.31304793,705.32399045,0.04478118,3029.12153907,0.01998551,0.01998551,21683,66,0
9217.55638613,9217.55604168,714.68013732,714.68773078,0.04606526,3029.53289046,0.01998551,0.01998551,21682,66,0
9217.98244723,9217.98117771,724.05638594,724.08439623,0.04464771,3029.94428046,0.01998551,0.01998550,21681,66,0
9218.40611703,9218.40635297,733.44120961,733.43599957,0.04812015,3030.35229696,0.01998550,0.01998550,21680,66,0
9218.83148904,9218.83156745,742.83525089,742.83351783,0.05508971,3030.76090864,0.01998550,0.01998550,21679,66,0
9219.25690832,9219.25682117,752.23937366,752.24130189,0.05453983,3031.16855230,0.01998550,0.01998550,21678,66,0
9219.68222966,9219.68211414,761.65442734,761.65698610,0.05134917,3031.57512083,0.01998550,0.01998550,21677,66,0
9220.10811459,9220.10744635,771.08069055,771.09550814,0.05049580,3031.98125177,0.01998551,0.01998550,21676,66,0
9220.53249896,9220.53281781,780.51779485,780.51071730,0.04960234,3032.38495891,0.01998550,0.01998550,21675,66,0
9220.95745284,9220.95822853,789.96533478,789.94809963,0.05162641,3032.78819237,0.01998550,0.01998550,21674,66,0
9221.38321407,9221.38367852,799.42295701,799.41262744,0.05063439,3033.19115291,0.01998550,0.01998550,21673,66,0
9221.80848877,9221.80916777,808.89070024,808.87558403,0.04926531,3033.59261161,0.01998550,0.01998550,21672,66,0
9222.23362671,9222.23469630,818.36877596,818.34494028,0.05273732,3033.99290502,0.01998550,0.01998550,21671,66,0
9222.65937304,9222.66026410,827.85739750,827.83751971,0.05881675,3034.39273708,0.01998550,0.01998550,21670,66,0
9223.08559831,9223.08587119,837.35671428,837.35062062,0.05286974,3034.79198351,0.01998550,0.01998550,21669,66,0
9223.51154269,9223.51151758,846.86672137,846.86728281,0.04636316,3035.18992654,0.01998550,0.01998550,21668,66,0
9223.93691001,9223.93720325,856.38739116,856.38082917,0.04916144,3035.58628637,0.01998550,0.01998550,21667,66,0
9224.36288862,9224.36292823,865.91871118,865.91782377,0.04746526,3035.98216460,0.01998550,0.01998550,21666,66,0
9224.78986060,9224.78869252,875.46093930,875.48713246,0.04877368,3036.37791595,0.01998551,0.01998550,21665,66,0
9225.21460858,9225.21449612,885.01456621,885.01709096,0.04896791,3036.77057780,0.01998550,0.01998550,21664,66,0
9225.64034982,9225.64033903,894.58009329,894.58033581,0.04871987,3037.16314390,0.01998550,0.01998550,21663,66,0
9226.06636987,9226.06622127,904.15779845,904.16114209,0.04803994,3037.55495658,0.01998550,0.01998550,21662,66,0
9226.49167596,9226.49214284,913.74693131,913.73641450,0.05141550,3037.94506810,0.01998550,0.01998550,21661,66,0
9226.91876542,9226.91810374,923.34644409,923.36136246,0.04767183,3038.33571710,0.01998551,0.01998550,21660,66,0
9227.34488589,9227.34410399,932.95530026,932.97294419,0.04962970,3038.72433602,0.01998551,0.01998550,21659,66,0
9227.77030881,9227.77014357,942.57331612,942.57704803,0.04758553,3039.11116733,0.01998551,0.01998550,21658,66,0
9228.19622505,9228.19622251,952.20151664,952.20157394,0.05489390,3039.49733130,0.01998550,0.01998550,21657,66,0
9228.62141652,9228.62234080,961.84102465,961.82010381,0.05100450,3039.88176417,0.01998550,0.01998550,21656,66,0
9229.04900661,9229.04849846,971.49280208,971.50431760,0.04932022,3040.26731650,0.01998551,0.01998550,21655,66,0
9229.47542805,9229.47469548,981.15655727,981.17317689,0.05354603,3040.65074975,0.01998551,0.01998550,21654,66,0
9229.90106973,9229.90093187,990.83142592,990.83455659,0.05110898,3041.03238112,0.01998551,0.01998550,21653,66,0
9230.32686560,9230.32720765,1000.51653839,1000.50876343,0.04735571,3041.41301104,0.01998550,0.01998550,21652,66,0
9230.75371757,9230.75352280,1010.21149513,1010.21592654,0.05403808,3041.79342035,0.01998551,0.01998550,21651,66,0
9231.17920970,9231.17987735,1019.91685114,1019.90164541,0.05332259,3042.17147403,0.01998550,0.01998550,21650,66,0
9231.60633006,9231.60627128,1029.63327983,1029.63461991,0.04785898,3042.54984711,0.01998551,0.01998550,21649,66,0
9232.03330841,9232.03270462,1039.36140003,1039.37518181,0.05128721,3042.92698412,0.01998551,0.01998550,21648,66,0
9232.45860555,9232.45917736,1049.10120817,1049.08814194,0.05401722,3043.30152691,0.01998550,0.01998550,21647,66,0
9232.88500945,9232.88568952,1058.85232397,1058.83676785,0.04838159,3043.67591283,0.01998550,0.01998550,21646,66,0
9233.31260317,9233.31224109,1068.61435967,1068.62265048,0.04683807,3044.05018534,0.01998551,0.01998550,21645,66,0
9233.73849308,9233.73883208,1078.38707206,1078.37930213,0.05206790,3044.42179923,0.01998550,0.01998550,21644,66,0
9234.16433174,9234.16546249,1088.17058082,1088.14463717,0.05618330,3044.79220305,0.01998550,0.01998550,21643,66,0
9234.59205266,9234.59213234,1097.96506186,1097.96323174,0.04856424,3045.16307252,0.01998550,0.01998550,21642,66,0
9235.01860795,9235.01884163,1107.77071466,1107.76534172,0.04796300,3045.53176411,0.01998550,0.01998550,21641,66,0
9235.44530307,9235.44559036,1117.58801868,1117.58140576,0.04862145,3045.89942292,0.01998550,0.01998550,21640,66,0
9235.87275353,9235.87237854,1127.41764574,1127.42628748,0.05019157,3046.26659510,0.01998550,0.01998550,21639,66,0
9236.29937492,9236.29920618,1137.26027501,1137.26416872,0.04963763,3046.63193917,0.01998550,0.01998550,21638,66,0
9236.72631059,9236.72607327,1147.11615317,1147.12163591,0.05567306,3046.99643908,0.01998550,0.01998550,21637,66,0
9237.15239699,9237.15297983,1156.98439459,1156.97091435,0.04711353,3047.35906470,0.01998550,0.01998550,21636,66,0
9237.57953468,9237.57992586,1166.86392583,1166.85486949,0.05044113,3047.72138749,0.01998550,0.01998550,21635,66,0
9238.00732433,9238.00691137,1176.75377399,1176.76334346,0.04372813,3048.08302051,0.01998550,0.01998550,21634,66,0
9238.43413467,9238.43393636,1186.65424552,1186.65884576,0.04507969,3048.44259232,0.01998550,0.01998550,21633,66,0
9238.86042633,9238.86100084,1196.56649255,1196.55315023,0.04661614,3048.80053379,0.01998550,0.01998550,21632,66,0
9239.28890548,9239.28810481,1206.49168793,1206.51030627,0.04570042,3049.15914676,0.01998550,0.01998550,21631,66,0
9239.71488488,9239.71524827,1216.43047646,1216.42201589,0.04684865,3049.51452628,0.01998550,0.01998550,21630,66,0
9240.14261018,9240.14243124,1226.38227238,1226.38644333,0.04507882,3049.87018986,0.01998550,0.01998550,21629,66,0
9240.56959292,9240.56965372,1236.34631238,1236.34489358,0.05109288,3050.22403082,0.01998550,0.01998550,21628,66,0
9240.99666277,9240.99691572,1246.32190692,1246.31599810,0.04911377,3050.57670921,0.01998550,0.01998550,21627,66,0
9241.42473032,9241.42421723,1256.30909658,1256.32109533,0.05223368,3050.92896811,0.01998550,0.01998550,21626,66,0
9241.85197542,9241.85155827,1266.30832039,1266.31808662,0.04963471,3051.27931866,0.01998550,0.01998550,21625,66,0
9242.27888202,9242.27893884,1276.32002215,1276.31869016,0.04944527,3051.62817231,0.01998550,0.01998550,21624,66,0
9242.70615730,9242.70635895,1286.34444876,1286.33971647,0.05068803,3051.97610927,0.01998550,0.01998550,21623,66,0
9243.13389396,9243.13381860,1296.38149916,1296.38326954,0.04876171,3052.32319180,0.01998550,0.01998550,21622,66,0
9243.56109098,9243.56131780,1306.43103627,1306.42570129,0.04437062,3052.66859711,0.01998550,0.01998550,21621,66,0
9243.98938135,9243.98885655,1316.49291728,1316.50527501,0.04809072,3053.01363211,0.01998550,0.01998550,21620,66,0
9244.41688345,9244.41643486,1326.56696986,1326.57754482,0.04609952,3053.35676774,0.01998550,0.01998550,21619,66,0
9244.84338636,9244.84405273,1336.65300961,1336.63728367,0.04440809,3053.69783049,0.01998550,0.01998550,21618,66,0
9245.27196570,9245.27171018,1346.75086353,1346.75690014,0.05000476,3054.03926335,0.01998550,0.01998550,21617,66,0
9245.69868275,9245.69940720,1356.86074222,1356.84360816,0.04625228,3054.37792880,0.01998550,0.01998550,21616,66,0
9246.12750235,9246.12714379,1366.98330043,1366.99179090,0.05435237,3054.71698846,0.01998550,0.01998550,21615,66,0
9246.55489214,9246.55491998,1377.11922218,1377.11856222,0.05816847,3055.05366285,0.01998550,0.01998550,21614,66,0
9246.98233920,9246.98273576,1387.26895755,1387.25954345,0.05257199,3055.38913774,0.01998550,0.01998550,21613,66,0
9247.41117055,9247.41059113,1397.43213012,1397.44590163,0.04836112,3055.72442912,0.01998550,0.01998550,21612,66,0
9247.83845392,9247.83848611,1407.60818054,1407.60741456,0.04690325,3056.05722022,0.01998550,0.01998550,21611,66,0
9248.26641015,9248.26642069,1417.79657621,1417.79632516,0.04829559,3056.38922109,0.01998550,0.01998550,21610,66,0
9248.69403653,9248.69439489,1427.99714705,1427.98860092,0.05416783,3056.71964075,0.01998550,0.01998550,21609,66,0
9249.12249368,9249.12240871,1438.20996080,1438.21198950,0.05404166,3057.04936987,0.01998550,0.01998550,21608,66,0
9249.54985513,9249.55046215,1448.43509413,1448.42058580,0.05255210,3057.37692359,0.01998550,0.01998550,21607,66,0
9249.97845720,9249.97855522,1458.67298290,1458.67063739,0.04905538,3057.70409977,0.01998550,0.01998550,21606,66,0
9250.40748406,9250.40668793,1468.92468716,1468.94376332,0.04805016,3058.03029529,0.01998550,0.01998550,21605,66,0
9250.83456899,9250.83486028,1479.19133691,1479.18434738,0.05401449,3058.35374635,0.01998550,0.01998550,21604,66,0
9251.26266384,9251.26307227,1489.47367260,1489.46385853,0.04534513,3058.67670847,0.01998550,0.01998550,21603,66,0
9251.69171095,9251.69132392,1499.77051223,1499.77982347,0.05436745,3058.99908479,0.01998550,0.01998550,21602,66,0
9252.12016663,9252.11961522,1510.08008161,1510.09336164,0.05555354,3059.31965148,0.01998550,0.01998550,21601,66,0
9252.54805504,9252.54794619,1520.40071243,1520.40333636,0.04705557,3059.63837451,0.01998550,0.01998550,21600,66,0
9252.97608394,9252.97631683,1530.73255186,1530.72693178,0.04547206,3059.95578235,0.01998550,0.01998550,21599,66,0
9253.40520959,9253.40472714,1541.07717424,1541.08883092,0.04917337,3060.27262059,0.01998550,0.01998550,21598,66,0
9253.83294891,9253.83317713,1551.43619580,1551.43067397,0.04723705,3060.58709993,0.01998550,0.01998550,21597,66,0
9254.26160487,9254.26166681,1561.81042282,1561.80892214,0.05294026,3060.90093291,0.01998550,0.01998550,21596,66,0
9254.69034604,9254.69019618,1572.19914814,1572.20278350,0.05174281,3061.21347743,0.01998550,0.01998550,21595,66,0
9255.11806795,9255.11876524,1582.60149477,1582.58456003,0.05230219,3061.52389951,0.01998550,0.01998550,21594,66,0
9255.54761593,9255.54737401,1593.01680110,1593.02268340,0.05185085,3061.83423386,0.01998550,0.01998550,21593,66,0
9255.97621986,9255.97602248,1603.44541542,1603.45022047,0.04871100,3062.14247866,0.01998550,0.01998550,21592,66,0
9256.40454130,9256.40471067,1613.88797824,1613.88384990,0.05752433,3062.44912793,0.01998550,0.01998550,21591,66,0
9256.83395683,9256.83343857,1624.34508613,1624.35773534,0.04779483,3062.75517374,0.01998550,0.01998550,21590,66,0
9257.26231704,9257.26220620,1634.81675309,1634.81946196,0.05359667,3063.05907718,0.01998550,0.01998550,21589,66,0
9257.69098445,9257.69101356,1645.30260553,1645.30189339,0.05212351,3063.36179058,0.01998550,0.01998550,21588,66,0
9258.11983624,9258.11986065,1655.80226821,1655.80167020,0.05145337,3063.66320701,0.01998550,0.01998550,21587,66,0
9258.54991746,9258.54874748,1666.31573813,1666.34443634,0.04922241,3063.96404697,0.01998551,0.01998550,21586,66,0
9258.97790901,9258.97767406,1676.84353324,1676.84930361,0.05549777,3064.26200086,0.01998550,0.01998550,21585,66,0
9259.40624204,9259.40664039,1687.38621380,1687.37641696,0.05152781,3064.55877850,0.01998550,0.01998550,21584,66,0
9259.83607086,9259.83564648,1697.94408701,1697.95453802,0.05318498,3064.85517171,0.01998550,0.01998550,21583,66,0
9260.26431948,9260.26469233,1708.51671071,1708.50751700,0.04760867,3065.14904001,0.01998550,0.01998550,21582,66,0
9260.69405170,9260.69377795,1719.10350259,1719.11026098,0.05069412,3065.44246286,0.01998550,0.01998550,21581,66,0
9261.12322854,9261.12290334,1729.70399582,1729.71203396,0.05537494,3065.73402342,0.01998550,0.01998550,21580,66,0
9261.55312309,9261.55206851,1740.31847504,1740.34457410,0.05212081,3066.02458669,0.01998551,0.01998550,21579,66,0
9261.98155233,9261.98127347,1750.94751958,1750.95442985,0.05055287,3066.31268976,0.01998550,0.01998550,21578,66,0
9262.41062928,9262.41051822,1761.59168588,1761.59444172,0.05302703,3066.59976547,0.01998550,0.01998550,21577,66,0
9262.84015043,9262.83980276,1772.25113190,1772.25977049,0.05168255,3066.88566870,0.01998550,0.01998550,21576,66,0
9263.26902561,9263.26912710,1782.92571603,1782.92319082,0.05016723,3067.16966346,0.01998550,0.01998550,21575,66,0
9263.69802054,9263.69849126,1793.61528849,1793.60356187,0.05520550,3067.45224802,0.01998550,0.01998550,21574,66,0
9264.12875787,9264.12789522,1804.31971002,1804.34122860,0.05019338,3067.73447034,0.01998550,0.01998550,21573,66,0
9264.55877120,9264.55733900,1815.03885613,1815.07462731,0.05171709,3068.01469834,0.01998551,0.01998550,21572,66,0
9264.98678566,9264.98682261,1825.77260276,1825.77167888,0.05253598,3068.29210513,0.01998550,0.01998550,21571,66,0
9265.41635245,9265.41634604,1836.52095635,1836.52111693,0.04512797,3068.56898758,0.01998550,0.01998550,21570,66,0
9265.84594614,9265.84590931,1847.28423802,1847.28516146,0.05142805,3068.84435493,0.01998550,0.01998550,21569,66,0
9266.27552728,9266.27551242,1858.06281751,1858.06319054,0.05075182,3069.11818369,0.01998550,0.01998550,21568,66,0
9266.70554428,9266.70515538,1868.85707191,1868.86684941,0.05039868,3069.39075926,0.01998550,0.01998550,21567,66,0
9267.13450749,9267.13483818,1879.66739957,1879.65907384,0.05364324,3069.66114274,0.01998550,0.01998550,21566,66,0
9267.56483877,9267.56456085,1890.49420696,1890.50121436,0.05142304,3069.93086100,0.01998550,0.01998550,21565,66,0
9267.99447539,9267.99432337,1901.33777722,1901.34161552,0.04881061,3070.19861623,0.01998550,0.01998550,21564,66,0
9268.42368047,9268.42412577,1912.19745064,1912.18619210,0.04946039,3070.46455391,0.01998550,0.01998550,21563,66,0
9268.85360935,9268.85396803,1923.07213471,1923.06305464,0.04884847,3070.72935371,0.01998550,0.01998550,21562,66,0
9269.28357689,9269.28385018,1933.96083279,1933.95390639,0.05009548,3070.99255790,0.01998550,0.01998550,21561,66,0
9269.71307056,9269.71377221,1944.86397282,1944.84616666,0.05309147,3071.25385836,0.01998550,0.01998550,21560,66,0
9270.14379352,9270.14373413,1955.78300677,1955.78451593,0.05415991,3071.51431432,0.01998550,0.01998550,21559,66,0
9270.57370454,9270.57373595,1966.71936854,1966.71856898,0.05458867,3071.77271492,0.01998550,0.01998550,21558,66,0
9271.00339308,9271.00377767,1977.67315641,1977.66335348,0.05328139,3072.02941365,0.01998550,0.01998550,21557,66,0
9271.43385922,9271.43385929,1988.64303653,1988.64303471,0.05398066,3072.28496509,0.01998550,0.01998550,21556,66,0
9271.86345179,9271.86398083,1999.62760806,1999.61408916,0.05360919,3072.53834928,0.01998550,0.01998550,21555,66,0
9272.29444410,9272.29414229,2010.62627774,2010.63399951,0.05534748,3072.79088306,0.01998550,0.01998550,21554,66,0
9272.72391954,9272.72434367,2021.63970205,2021.62883702,0.05867291,3073.04086599,0.01998550,0.01998550,21553,66,0
9273.15486113,9273.15458498,2032.66864938,2032.67573330,0.05074788,3073.29004456,0.01998550,0.01998550,21552,66,0
9273.58528615,9273.58486622,2043.71391783,2043.72470506,0.05383871,3073.53727683,0.01998550,0.01998550,21551,66,0
9274.01511962,9274.01518740,2054.77636187,2054.77461809,0.05186162,3073.78253672,0.01998550,0.01998550,21550,66,0
9274.44561798,9274.44554853,2065.85684956,2065.85863891,0.05261151,3074.02655103,0.01998550,0.01998550,21549,66,0
9274.87642567,9274.87594961,2076.95591185,2076.96819787,0.05034629,3074.26911505,0.01998550,0.01998550,21548,66,0
9275.30590588,9275.30639065,2088.07307302,2088.06054338,0.04916467,3074.50929323,0.01998550,0.01998550,21547,66,0
9275.73655417,9275.73687165,2099.20766849,2099.19945086,0.04734962,3074.74845866,0.01998550,0.01998550,21546,66,0
9276.16726170,9276.16739262,2110.35912894,2110.35573546,0.05040991,3074.98596745,0.01998550,0.01998550,21545,66,0
9276.59847372,9276.59795356,2121.52727427,2121.54077583,0.05121563,3075.22204941,0.01998550,0.01998550,21544,66,0
9277.02898615,9277.02855448,2132.71201850,2132.72323870,0.05323131,3075.45603623,0.01998550,0.01998550,21543,66,0
9277.45888738,9277.45919539,2143.91337543,2143.90535811,0.04740984,3075.68797564,0.01998550,0.01998550,21542,66,0
9277.88995040,9277.88987629,2155.13185812,2155.13379001,0.05001369,3075.91882299,0.01998550,0.01998550,21541,66,0
9278.32090078,9278.32059718,2166.36813866,2166.37606468,0.04888929,3076.14789443,0.01998550,0.01998550,21540,66,0
9278.75094544,9278.75135807,2177.62278223,2177.61199300,0.05097876,3076.37477675,0.01998550,0.01998550,21539,66,0
9279.18208917,9279.18215898,2188.89567272,2188.89384484,0.05202918,3076.60051475,0.01998550,0.01998550,21538,66,0
9279.61308930,9279.61299989,2200.18643518,2200.18877998,0.04675114,3076.82443532,0.01998550,0.01998550,21537,66,0
9280.04369992,9280.04388082,2211.49468504,2211.48993394,0.04703400,3077.04639728,0.01998550,0.01998550,21536,66,0
9280.47463002,9280.47480178,2222.81999461,2222.81547730,0.04854276,3077.26674932,0.01998550,0.01998550,21535,66,0
9280.90590095,9280.90576277,2234.16191490,2234.16555401,0.05149294,3077.48548096,0.01998550,0.01998550,21534,66,0
9281.33667911,9281.33676379,2245.52010596,2245.51787308,0.04801157,3077.70215549,0.01998550,0.01998550,21533,66,0
9281.76800788,9281.76780485,2256.89513847,2256.90050030,0.05006084,3077.91729984,0.01998550,0.01998550,21532,66,0
9282.19848654,9282.19888596,2268.28802980,2268.27746564,0.04819240,3078.13022758,0.01998550,0.01998550,21531,66,0
9282.63006697,9282.63000712,2279.69972409,2279.70130974,0.05205082,3078.34191089,0.01998550,0.01998550,21530,66,0
9283.06080927,9283.06116833,2291.13043023,2291.12090351,0.05161846,3078.55139079,0.01998550,0.01998550,21529,66,0
9283.49212504,9283.49236961,2302.57997619,2302.57347721,0.04816052,3078.75934254,0.01998550,0.01998550,21528,66,0
9283.92311972,9283.92361096,2314.04815791,2314.03508438,0.05405740,3078.96531994,0.01998550,0.01998550,21527,66,0
9284.35514525,9284.35489238,2325.53452728,2325.54126675,0.05078595,3079.16994705,0.01998550,0.01998550,21526,66,0
9284.78598663,9284.78621389,2337.03850429,2337.03243872,0.05240185,3079.37215627,0.01998550,0.01998550,21525,66,0
9285.21842073,9285.21757547,2348.55964786,2348.58223970,0.05396919,3079.57323154,0.01998550,0.01998550,21524,66,0
9285.64942899,9285.64897715,2360.09879035,2360.11088539,0.05294135,3079.77177372,0.01998550,0.01998550,21523,66,0
9286.08089485,9286.08041893,2371.65743389,2371.67019504,0.05008578,3079.96867295,0.01998550,0.01998550,21522,66,0
9286.51166149,9286.51190081,2383.23689803,2383.23047020,0.04980849,3080.16341486,0.01998550,0.01998550,21521,66,0
9286.94309167,9286.94342279,2394.83685547,2394.82794737,0.05178530,3080.35659952,0.01998550,0.01998550,21520,66,0
9287.37537002,9287.37498489,2406.45616296,2406.46654006,0.04921053,3080.54827041,0.01998550,0.01998550,21519,66,0
9287.80703907,9287.80658711,2418.09379464,2418.10599019,0.04858114,3080.73775309,0.01998550,0.01998550,21518,66,0
9288.23871640,9288.23822945,2429.74969723,2429.76285656,0.05107759,3080.92531240,0.01998550,0.01998550,21517,66,0
9288.66944729,9288.66991192,2441.42425347,2441.41167826,0.05018055,3081.11053650,0.01998550,0.01998550,21516,66,0
9289.10147386,9289.10163453,2453.11792753,2453.11357226,0.04864604,3081.29438487,0.01998550,0.01998550,21515,66,0
9289.53379794,9289.53339728,2464.83166310,2464.84254229,0.05540446,3081.47642675,0.01998550,0.01998550,21514,66,0
9289.96507641,9289.96520018,2476.56659664,2476.56322998,0.05302346,3081.65610850,0.01998550,0.01998550,21513,66,0
9290.39643457,9290.39704322,2488.32348119,2488.30689645,0.04589291,3081.83390569,0.01998550,0.01998550,21512,66,0
9290.82905109,9290.82892643,2500.10104317,2500.10444526,0.05011436,3082.01026474,0.01998550,0.01998550,21511,66,0
9291.26050036,9291.26084980,2511.89734308,2511.88779268,0.05137304,3082.18415707,0.01998550,0.01998550,21510,66,0
9291.69204366,9291.69281334,2523.71100054,2523.68993590,0.05137289,3082.35606888,0.01998550,0.01998550,21509,66,0
9292.12449593,9292.12481706,2535.54297792,2535.53417576,0.04784544,3082.52632265,0.01998550,0.01998550,21508,66,0
9292.55678632,9292.55686095,2547.39484642,2547.39279732,0.04830769,3082.69450434,0.01998550,0.01998550,21507,66,0
9292.98865766,9292.98894504,2559.26773573,2559.25983258,0.04865332,3082.86052334,0.01998550,0.01998550,21506,66,0
9293.42117423,9293.42106931,2571.16137423,2571.16426451,0.04909262,3083.02477252,0.01998550,0.01998550,21505,66,0
9293.85347213,9293.85323378,2583.07521667,2583.08179274,0.04748257,3083.18690264,0.01998550,0.01998550,21504,66,0
9294.28598681,9294.28543845,2595.00899286,2595.02414574,0.05386448,3083.34706292,0.01998550,0.01998550,21503,66,0
9294.71763573,9294.71768334,2606.96306732,2606.96174980,0.04748501,3083.50485159,0.01998550,0.01998550,21502,66,0
9295.15044094,9295.14996843,2618.93789651,2618.95099655,0.04862949,3083.66100109,0.01998550,0.01998550,21501,66,0
9295.58282100,9295.58229375,2630.93396106,2630.94860363,0.05398752,3083.81493096,0.01998550,0.01998550,21500,66,0
9296.01486524,9296.01465929,2642.95177841,2642.95750776,0.05121483,3083.96667385,0.01998550,0.01998550,21499,66,0
9296.44669060,9296.44706506,2654.99185922,2654.98142326,0.04695761,3084.11626977,0.01998550,0.01998550,21498,66,0
9296.87901026,9296.87951107,2667.05428236,2667.04030075,0.04976948,3084.26395307,0.01998550,0.01998550,21497,66,0
9297.31265848,9297.31199733,2679.13863046,2679.15711968,0.04974946,3084.40997877,0.01998550,0.01998550,21496,66,0
9297.74419064,9297.74452383,2691.24449138,2691.23515797,0.05034087,3084.55317638,0.01998550,0.01998550,21495,66,0
9298.17680743,9298.17709058,2703.37199606,2703.36405080,0.04630854,3084.69460586,0.01998550,0.01998550,21494,66,0
9298.61018362,9298.60969759,2715.52169704,2715.53535905,0.04569555,3084.83414221,0.01998550,0.01998550,21493,66,0
9299.04206045,9299.04234487,2727.69404779,2727.68603864,0.05005135,3084.97105708,0.01998550,0.01998550,21492,66,0
9299.47414136,9299.47503242,2739.88855262,2739.86341886,0.04899428,3085.10588284,0.01998550,0.01998550,21491,66,0
9299.90750224,9299.90776024,2752.10423982,2752.09695072,0.04600271,3085.23892196,0.01998550,0.01998550,21490,66,0
9300.34042458,9300.34052835,2764.34045818,2764.33752185,0.05266195,3085.36962256,0.01998550,0.01998550,21489,66,0
9300.77346528,9300.77333674,2776.59812939,2776.60177296,0.05134947,3085.49815412,0.01998550,0.01998550,21488,66,0
9301.20674420,9301.20618543,2788.87865028,2788.89451816,0.04643906,3085.62455250,0.01998550,0.01998550,21487,66,0
9301.63961624,9301.63907441,2801.18300369,2801.19841864,0.04496467,3085.74862860,0.01998550,0.01998550,21486,66,0
9302.07157341,9302.07200370,2813.51104111,2813.49877708,0.05010371,3085.87023286,0.01998550,0.01998550,21485,66,0
9302.50517518,9302.50497330,2825.86242638,2825.86819059,0.05566035,3085.99006447,0.01998550,0.01998550,21484,66,0
9302.93826635,9302.93798321,2838.23693076,2838.24502939,0.04913323,3086.10750454,0.01998550,0.01998550,21483,66,0
9303.37089662,9303.37103344,2850.63448972,2850.63056927,0.05058606,3086.22256137,0.01998550,0.01998550,21482,66,0
9303.80386089,9303.80412400,2863.05503922,2863.04748689,0.05127416,3086.33543464,0.01998550,0.01998550,21481,66,0
9304.23731154,9304.23725490,2875.49830605,2875.49993473,0.04617711,3086.44614310,0.01998550,0.01998550,21480,66,0
9304.67048218,9304.67042613,2887.96383927,2887.96545361,0.05182689,3086.55447355,0.01998550,0.01998550,21479,66,0
9305.10394967,9305.10363770,2900.45134071,2900.46034101,0.04734181,3086.66055595,0.01998550,0.01998550,21478,66,0
9305.53688019,9305.53688963,2912.96169926,2912.96142648,0.04898572,3086.76418397,0.01998550,0.01998550,21477,66,0
9305.96985646,9305.97018191,2925.49634069,2925.48691686,0.05002172,3086.86550043,0.01998550,0.01998550,21476,66,0
9306.40348844,9306.40351455,2938.05622429,2938.05546693,0.05210046,3086.96463701,0.01998550,0.01998550,21475,66,0
9306.83727155,9306.83688755,2950.64067676,2950.65183754,0.05118496,3087.06145325,0.01998550,0.01998550,21474,66,0
9307.27107713,9307.27030093,2963.24868154,2963.27128094,0.04677510,3087.15589843,0.01998550,0.01998550,21473,66,0
9307.70404080,9307.70375469,2975.88004104,2975.88838628,0.04969537,3087.24777727,0.01998550,0.01998550,21472,66,0
9308.13736538,9308.13724882,2988.53588794,2988.53929392,0.04977424,3087.33734461,0.01998550,0.01998550,21471,66,0
9308.57218729,9308.57078335,3001.21742652,3001.25853449,0.04750893,3087.42481513,0.01998550,0.01998550,21470,66,0
9309.00466555,9309.00435827,3013.92495990,3013.93397457,0.04949018,3087.50941146,0.01998550,0.01998550,21469,66,0
9309.43823441,9309.43797359,3026.65809037,3026.66575671,0.05221385,3087.59179941,0.01998550,0.01998550,21468,66,0
9309.87211682,9309.87162932,3039.41652831,3039.43088468,0.04562353,3087.67180412,0.01998550,0.01998550,21467,66,0
9310.30654794,9310.30532546,3052.20070209,3052.23677297,0.04473163,3087.74945071,0.01998550,0.01998550,21466,66,0
9310.73922352,9310.73906201,3065.01128841,3065.01606329,0.05388546,3087.82432777,0.01998550,0.01998550,21465,66,0
9311.17336258,9311.17283899,3077.84827035,3077.86377988,0.05293646,3087.89698060,0.01998550,0.01998550,21464,66,0
9311.60671028,9311.60665639,3090.71007630,3090.71167526,0.04839557,3087.96700363,0.01998550,0.01998550,21463,66,0
9312.04170342,9312.04051423,3103.59501303,3103.63035982,0.05226080,3088.03476126,0.01998550,0.01998550,21462,66,0
9312.47398101,9312.47441251,3116.50353731,3116.49068820,0.04446376,3088.09957373,0.01998550,0.01998550,21461,66,0
9312.90797316,9312.90835124,3129.43814393,3129.42686267,0.04732716,3088.16211344,0.01998550,0.01998550,21460,66,0
9313.34234539,9313.34233041,3142.40101334,3142.40146117,0.04492825,3088.22216573,0.01998550,0.01998550,21459,66,0
9313.77612762,9313.77635004,3155.39178712,3155.38512314,0.05090118,3088.27958151,0.01998550,0.01998550,21458,66,0
9314.20996416,9314.21041014,3168.40914289,3168.39575538,0.04392588,3088.33443034,0.01998550,0.01998550,21457,66,0
9314.64467034,9314.64451070,3181.45243593,3181.45723736,0.04584892,3088.38679030,0.01998550,0.01998550,21456,66,0
9315.07970078,9315.07865174,3194.52250794,3194.55412180,0.04241733,3088.43657425,0.01998550,0.01998550,21455,66,0
9315.51338279,9315.51283325,3207.62034313,3207.63693789,0.04933073,3088.48358910,0.01998550,0.01998550,21454,66,0
9315.94794710,9315.94705525,3220.74594694,3220.77293258,0.04664749,3088.52806595,0.01998550,0.01998550,21453,66,0
9316.38212934,9316.38131774,3233.89851933,3233.92312398,0.04508358,3088.56985346,0.01998550,0.01998550,21452,66,0
9316.81537185,9316.81562073,3247.07751797,3247.06995845,0.04913990,3088.60889415,0.01998550,0.01998550,21451,66,0
9317.25026442,9317.24996421,3260.28370965,3260.29284669,0.04738178,3088.64540280,0.01998550,0.01998550,21450,66,0
9317.68542765,9317.68434821,3273.51823183,3273.55115408,0.04919059,3088.67923403,0.01998550,0.01998550,21449,66,0
9318.11908993,9318.11877272,3286.78170935,3286.79140426,0.04598732,3088.71024771,0.01998550,0.01998550,21448,66,0
9318.55296622,9318.55323774,3300.07400147,3300.06568571,0.04741798,3088.73856260,0.01998550,0.01998550,21447,66,0
9318.98836964,9318.98774330,3313.39491005,3313.41413183,0.04297079,3088.76423211,0.01998550,0.01998550,21446,66,0
9319.42226380,9319.42228938,3326.74428812,3326.74350172,0.05376787,3088.78706142,0.01998550,0.01998550,21445,66,0
9319.85697484,9319.85687600,3340.12201481,3340.12506050,0.05102733,3088.80716401,0.01998550,0.01998550,21444,66,0
9320.29127626,9320.29150315,3353.52834902,3353.52134289,0.04546262,3088.82446436,0.01998550,0.01998550,21443,66,0
9320.72615108,9320.72617086,3366.96443925,3366.96382727,0.04585802,3088.83898577,0.01998550,0.01998550,21442,66,0
9321.16017522,9321.16087912,3380.43147960,3380.40964897,0.04918199,3088.85066822,0.01998550,0.01998550,21441,66,0
9321.59556317,9321.59562794,3393.92938630,3393.92737315,0.05044857,3088.85954937,0.01998550,0.01998550,21440,66,0
9322.02992634,9322.03041732,3407.45713683,3407.44184518,0.04456175,3088.86556006,0.01998550,0.01998550,21439,66,0
9322.46479182,9322.46524727,3421.01400923,3420.99979491,0.04904153,3088.86871032,0.01998550,0.01998550,21438,66,0
9322.90059684,9322.90011780,3434.60034594,3434.61532793,0.04980113,3088.86897327,0.01998550,0.01998550,21437,66,0
9323.33481593,9323.33502891,3448.21671194,3448.21003689,0.04808906,3088.86633778,0.01998550,0.01998550,21436,66,0
9323.76967308,9323.76998060,3461.86375285,3461.85409333,0.04948977,3088.86078329,0.01998550,0.01998550,21435,66,0
9324.20528215,9324.20497289,3475.54218866,3475.55192423,0.05038139,3088.85227715,0.01998550,0.01998550,21434,66,0
9324.64069273,9324.64000578,3489.25249570,3489.27416937,0.04948587,3088.84081471,0.01998550,0.01998550,21433,66,0
9325.07531243,9325.07507927,3502.99419696,3503.00156921,0.05085503,3088.82640483,0.01998550,0.01998550,21432,66,0
9325.51003613,9325.51019337,3516.76658253,3516.76160040,0.05241429,3088.80900879,0.01998550,0.01998550,21431,66,0
9325.94577012,9325.94534808,3530.56892230,3530.58232236,0.04424831,3088.78856339,0.01998550,0.01998550,21430,66,0
9326.38126610,9326.38054342,3544.40046607,3544.42345745,0.04573513,3088.76510438,0.01998550,0.01998550,21429,66,0
9326.81577637,9326.81577938,3558.26130075,3558.26120457,0.04929258,3088.73866901,0.01998550,0.01998550,21428,66,0
9327.25158059,9327.25105598,3572.15467083,3572.17143593,0.04850290,3088.70909240,0.01998550,0.01998550,21427,66,0
9327.68617664,9327.68637321,3586.08437008,3586.07807172,0.04402822,3088.67651648,0.01998550,0.01998550,21426,66,0
9328.12208516,9328.12173109,3600.04997739,3600.06134837,0.04980123,3088.64073208,0.01998550,0.01998550,21425,66,0
9328.55690152,9328.55712962,3614.04729155,3614.03995151,0.04735360,3088.60192647,0.01998550,0.01998550,21424,66,0
9328.99306485,9328.99256880,3628.07401579,3628.09001236,0.04575231,3088.55986911,0.01998550,0.01998550,21423,66,0
9329.42913757,9329.42804864,3642.13433184,3642.16953489,0.04528803,3088.51465543,0.01998550,0.01998550,21422,66,0
9329.86336735,9329.86356915,3656.23329685,3656.22675520,0.04451533,3088.46645200,0.01998550,0.01998550,21421,66,0
9330.29900081,9330.29913034,3670.37024683,3670.36603791,0.04386286,3088.41488409,0.01998550,0.01998550,21420,66,0
9330.73453214,9330.73473220,3684.54046494,3684.53395041,0.04345999,3088.36011308,0.01998550,0.01998550,21419,66,0
9331.16976221,9331.17037474,3698.74156115,3698.72157178,0.04863620,3088.30216041,0.01998550,0.01998550,21418,66,0
9331.60557825,9331.60605797,3712.97660953,3712.96091632,0.04815678,3088.24087465,0.01998550,0.01998550,21417,66,0
9332.04165383,9332.04178190,3727.24894412,3727.24474386,0.04664745,3088.17625818,0.01998550,0.01998550,21416,66,0
9332.47748372,9332.47754653,3741.55785218,3741.55578737,0.04463518,3088.10836840,0.01998550,0.01998550,21415,66,0
9332.91409473,9332.91335186,3755.90071677,3755.92519208,0.04314856,3088.03703223,0.01998550,0.01998550,21414,66,0
9333.34870224,9333.34919791,3770.27649332,3770.26012578,0.04570986,3087.96270566,0.01998550,0.01998550,21413,66,0
9333.78444919,9333.78508468,3784.68636430,3784.66533150,0.05775830,3087.88483681,0.01998550,0.01998550,21412,66,0
9334.22103617,9334.22101217,3799.13154651,3799.13234278,0.04633386,3087.80343075,0.01998550,0.01998550,21411,66,0
9334.65762497,9334.65698038,3813.61266092,3813.63409744,0.04693434,3087.71861084,0.01998550,0.01998550,21410,66,0
9335.09410894,9335.09298934,3828.13015473,3828.16747873,0.04281913,3087.63037640,0.01998550,0.01998550,21409,66,0
9335.52943624,9335.52903903,3842.68416094,3842.69743461,0.04832181,3087.53893410,0.01998550,0.01998550,21408,66,0
9335.96442402,9335.96512947,3857.27457972,3857.25094867,0.04355534,3087.44411071,0.01998550,0.01998550,21407,66,0
9336.40146267,9336.40126067,3871.90221576,3871.90899970,0.04397393,3087.34533916,0.01998550,0.01998550,21406,66,0
9336.83715923,9336.83743262,3886.56968164,3886.56047560,0.04418092,3087.24333881,0.01998550,0.01998550,21405,66,0
9337.27366046,9337.27364533,3901.27903721,3901.27954796,0.03952874,3087.13757627,0.01998550,0.01998550,21404,66,0
9337.70939347,9337.70989881,3916.02799139,3916.01088588,0.04310561,3087.02842582,0.01998550,0.01998550,21403,66,0
9338.14595687,9338.14619307,3930.81300957,3930.80499595,0.04514068,3086.91549157,0.01998550,0.01998550,21402,66,0
9338.58247717,9338.58252811,3945.63542679,3945.63369394,0.04700100,3086.79895947,0.01998550,0.01998550,21401,66,0
9339.02001171,9339.01890394,3960.50075690,3960.53855032,0.04363381,3086.67846913,0.01998550,0.01998550,21400,66,0
9339.45431754,9339.45532056,3975.41057402,3975.37626195,0.04623450,3086.55517968,0.01998550,0.01998550,21399,66,0
9339.89188689,9339.89177797,3990.35821565,3990.36194982,0.04349742,3086.42728006,0.01998550,0.01998550,21398,66,0
9340.32864472,9340.32827619,4005.33826040,4005.35092201,0.03952279,3086.29595776,0.01998550,0.01998550,21397,66,0
9340.76506848,9340.76481522,4020.35646583,4020.36519125,0.03923670,3086.16101414,0.01998550,0.01998550,21396,66,0
9341.20118127,9341.20139506,4035.42137811,4035.41398934,0.04348487,3086.02234984,0.01998550,0.01998550,21395,66,0
9341.63818605,9341.63801573,4050.53266415,4050.53856688,0.04502406,3085.87955123,0.01998550,0.01998550,21394,66,0
9342.07458362,9342.07467722,4065.68388457,4065.68063323,0.05124972,3085.73314093,0.01998550,0.01998550,21393,66,0
9342.51182248,9342.51137954,4080.87222508,4080.88764927,0.04473120,3085.58263601,0.01998550,0.01998550,21392,66,0
nan,nan,0.00000000,-1.00000000,0.00000000,3085.43986083,nan,0.00000000,-2147483648,66,1
nan,nan,0.00000000,-1.00000000,0.00000000,3096.42618547,nan,0.00000000,-2147483648,65,1
9325.94588046,9325.94534808,14.57783276,14.58861016,0.05849974,3096.90359759,0.01998550,0.01998550,21430,65,0
9326.38172682,9326.38054342,23.39172403,23.41570178,0.04672510,3097.39300265,0.01998550,0.01998550,21429,65,0
9326.81603859,9326.81577938,32.21426711,32.21952377,0.04871346,3097.87984219,0.01998550,0.01998550,21428,65,0
9327.25127247,9327.25105598,41.04559757,41.04999192,0.05608517,3098.36687609,0.01998550,0.01998550,21427,65,0
9327.68537765,9327.68637321,49.88548647,49.86526137,0.05791742,3098.85179425,0.01998550,0.01998550,21426,65,0
9328.12166416,9328.12173109,58.73348477,58.73212386,0.05682718,3099.33826323,0.01998550,0.01998550,21425,65,0
9328.55695341,9328.55712962,67.58913788,67.58555265,0.04987597,3099.82270741,0.01998550,0.01998550,21424,65,0
9328.99258166,9328.99256880,76.45207441,76.45233624,0.04681607,3100.30659296,0.01998550,0.01998550,21423,65,0
9329.42911006,9329.42804864,85.32254508,85.34417406,0.04155500,3100.79055028,0.01998550,0.01998550,21422,65,0
9329.86326847,9329.86356915,94.20107822,94.19494578,0.05057887,3101.27098443,0.01998550,0.01998550,21421,65,0
9330.30006983,9330.29913034,103.08820635,103.10738452,0.04993222,3101.75346775,0.01998550,0.01998550,21420,65,0
9330.73551333,9330.73473220,111.98437695,112.00033721,0.05704545,3102.23359805,0.01998550,0.01998550,21419,65,0
9331.17060489,9331.17037474,120.88960419,120.89431095,0.06069352,3102.71248684,0.01998550,0.01998550,21418,65,0
9331.60725431,9331.60605797,129.80376773,129.82825611,0.05494484,3103.19222273,0.01998550,0.01998550,21417,65,0
9332.04207659,9332.04178190,138.72674646,138.73278392,0.04987274,3103.66907767,0.01998550,0.01998550,21416,65,0
9332.47714327,9332.47754653,147.65840371,147.65013481,0.05120941,3104.14531767,0.01998550,0.01998550,21415,65,0
9332.91387458,9332.91335186,156.59855357,156.60928109,0.05196994,3104.62247835,0.01998550,0.01998550,21414,65,0
9333.34889917,9333.34919791,165.54699915,165.54086301,0.04041477,3105.09686284,0.01998550,0.01998550,21413,65,0
9333.78506374,9333.78508468,174.50354369,174.50311327,0.04981572,3105.57156368,0.01998550,0.01998550,21412,65,0
9334.22131265,9334.22101217,183.46819710,183.47437904,0.04313198,3106.04542558,0.01998550,0.01998550,21411,65,0
9334.65791903,9334.65698038,192.44140649,192.46073466,0.04155948,3106.51876440,0.01998550,0.01998550,21410,65,0
9335.09355402,9335.09298934,201.42367672,201.43531532,0.04548214,3106.99016465,0.01998550,0.01998550,21409,65,0
9335.52998122,9335.52903903,210.41550552,210.43494405,0.04428408,3107.46155790,0.01998550,0.01998550,21408,65,0
9335.96436719,9335.96512947,219.41697463,219.40123261,0.04368421,3107.92988795,0.01998550,0.01998550,21407,65,0
9336.40090913,9336.40126067,228.42760559,228.42033947,0.04886608,3108.39965107,0.01998550,0.01998550,21406,65,0
9336.83699736,9336.83743262,237.44687792,237.43787382,0.05252802,3108.86800329,0.01998550,0.01998550,21405,65,0
9337.27355463,9337.27364533,246.47429697,246.47241918,0.04799269,3109.33590669,0.01998550,0.01998550,21404,65,0
9337.70967105,9337.70989881,255.50985237,255.50513292,0.04800039,3109.80238237,0.01998550,0.01998550,21403,65,0
9338.14661087,9338.14619307,264.55393907,264.56260357,0.05330953,3110.26879864,0.01998550,0.01998550,21402,65,0
9338.58206484,9338.58252811,273.60696664,273.59735033,0.05152538,3110.73271034,0.01998550,0.01998550,21401,65,0
9339.01981170,9339.01890394,282.66931388,282.68817458,0.05921731,3111.19815662,0.01998550,0.01998550,21400,65,0
9339.45432389,9339.45532056,291.74108788,291.72036038,0.05155255,3111.65926495,0.01998550,0.01998550,21399,65,0
9339.89126710,9339.89177797,300.82226159,300.81162704,0.05161802,3112.12204530,0.01998550,0.01998550,21398,65,0
9340.32766721,9340.32827619,309.91280681,309.90011828,0.05603016,3112.58333675,0.01998550,0.01998550,21397,65,0
9340.76481970,9340.76481522,319.01270771,319.01280124,0.05247320,3113.04450356,0.01998550,0.01998550,21396,65,0
9341.20239296,9341.20139506,328.12200216,328.14283330,0.04917898,3113.50519051,0.01998550,0.01998550,21395,65,0
9341.63753286,9341.63801573,337.24074270,337.23065328,0.05509331,3113.96239806,0.01998550,0.01998550,21394,65,0
9342.07508252,9342.07467722,346.36898175,346.37745834,0.05093489,3114.42121400,0.01998550,0.01998550,21393,65,0
9342.51241086,9342.51137954,355.50669575,355.52828556,0.04140346,3114.87886754,0.01998550,0.01998550,21392,65,0
9342.94757647,9342.94812270,364.65369138,364.64224613,0.05088967,3115.33332139,0.01998550,0.01998550,21391,65,0
9343.38486955,9343.38490671,373.80975126,373.80897200,0.05249589,3115.78904165,0.01998550,0.01998550,21390,65,0
9343.82199607,9343.82173156,382.97466357,382.98021546,0.05668115,3116.24361720,0.01998550,0.01998550,21389,65,0
9344.25890993,9344.25859727,392.14842941,392.15499776,0.04572283,3116.69699800,0.01998550,0.01998550,21388,65,0
9344.69643280,9344.69550384,401.33130033,401.35083406,0.04523028,3117.15004439,0.01998550,0.01998550,21387,65,0
9345.13185351,9345.13245128,410.52354360,410.51096223,0.04726744,3117.59996345,0.01998550,0.01998550,21386,65,0
9345.56887085,9345.56943959,419.72541069,419.71342882,0.05391769,3118.05058742,0.01998550,0.01998550,21385,65,0
9346.00647859,9346.00646878,428.93697084,428.93717781,0.05445336,3118.50087126,0.01998550,0.01998550,21384,65,0
9346.44496145,9346.44353885,438.15818327,438.18821134,0.05138787,3118.95109733,0.01998550,0.01998550,21383,65,0
9346.88175684,9346.88064981,447.38900541,447.41239455,0.04617381,3119.39863121,0.01998550,0.01998550,21382,65,0
9347.31765563,9347.31780167,456.62940253,456.62631426,0.04886057,3119.84428630,0.01998550,0.01998550,21381,65,0
9347.75539739,9347.75499442,465.87937618,465.88790596,0.04848565,3120.29085666,0.01998550,0.01998550,21380,65,0
9348.19236156,9348.19222809,475.13893816,475.14176613,0.05279882,3120.73566216,0.01998550,0.01998550,21379,65,0
9348.63005630,9348.62950266,484.40809954,484.41984084,0.05065456,3121.18023494,0.01998550,0.01998550,21378,65,0
9349.06787679,9349.06681816,493.68677319,493.70924478,0.05233918,3121.62394981,0.01998550,0.01998550,21377,65,0
9349.50460360,9349.50417458,502.97467663,502.98379148,0.05441139,3122.06555706,0.01998550,0.01998550,21376,65,0
9349.94157724,9349.94157193,512.27150265,512.27161562,0.05162128,3122.50639695,0.01998550,0.01998550,21375,65,0
9350.37883133,9350.37901021,521.57697397,521.57316713,0.05400620,3122.94648502,0.01998550,0.01998550,21374,65,0
9350.81611934,9350.81648944,530.89142760,530.88354405,0.05328922,3123.38558451,0.01998550,0.01998550,21373,65,0
9351.25418044,9351.25400961,540.21575970,540.21940224,0.04647303,3123.82447346,0.01998550,0.01998550,21372,65,0
9351.69016017,9351.69157073,549.55089212,549.52078148,0.05277933,3124.26033540,0.01998550,0.01998550,21371,65,0
9352.12878160,9352.12917282,558.89754589,558.88918535,0.05805506,3124.69791965,0.01998550,0.01998550,21370,65,0
9352.56641720,9352.56681587,568.25513872,568.24661020,0.04763422,3125.13357034,0.01998550,0.01998550,21369,65,0
9353.00328182,9353.00449988,577.62257424,577.59649350,0.04969502,3125.56745198,0.01998550,0.01998550,21368,65,0
9353.44191528,9353.44222488,586.99874986,586.99211579,0.05126804,3126.00202865,0.01998550,0.01998550,21367,65,0
9353.87949894,9353.87999085,596.38314061,596.37259105,0.04976735,3126.43447748,0.01998550,0.01998550,21366,65,0
9354.31812210,9354.31779781,605.77662376,605.78358477,0.04985387,3126.86690046,0.01998550,0.01998550,21365,65,0
9354.75693402,9354.75564577,615.18028908,615.20797154,0.04612148,3127.29850093,0.01998550,0.01998550,21364,65,0
9355.19387603,9355.19353472,624.59518730,624.60252975,0.04853078,3127.72730355,0.01998550,0.01998550,21363,65,0
9355.63102215,9355.63146468,634.02137818,634.01184803,0.05375302,3128.15534723,0.01998550,0.01998550,21362,65,0
9356.06796872,9356.06943565,643.45795589,643.42633440,0.05030677,3128.58219133,0.01998550,0.01998550,21361,65,0
9356.50791961,9356.50744764,652.90396915,652.91415182,0.05156728,3129.01090858,0.01998550,0.01998550,21360,65,0
9356.94631956,9356.94550065,662.35868255,662.37636505,0.05315111,3129.43701779,0.01998550,0.01998550,21359,65,0
9357.38415367,9357.38359468,671.82269033,671.83477184,0.05199268,3129.86150761,0.01998550,0.01998550,21358,65,0
9357.82123805,9357.82172975,681.29708686,681.28644834,0.05336365,3130.28424951,0.01998550,0.01998550,21357,65,0
9358.26006491,9358.25990586,690.78296983,690.78641519,0.05529676,3130.70769509,0.01998550,0.01998550,21356,65,0
9358.69904709,9358.69812301,700.28078661,700.30082608,0.05355727,3131.13032153,0.01998550,0.01998550,21355,65,0
9359.13594343,9359.13638121,709.78964985,709.78014669,0.05453262,3131.54993355,0.01998550,0.01998550,21354,65,0
9359.57495188,9359.57468047,719.30850383,719.31440087,0.04581960,3131.97051186,0.01998550,0.01998550,21353,65,0
9360.01219973,9360.01302079,728.83636229,728.81850808,0.05016853,3132.38829788,0.01998550,0.01998550,21352,65,0
9360.45112099,9360.45140218,738.37331049,738.36719033,0.04792291,3132.80657322,0.01998550,0.01998550,21351,65,0
9360.88906841,9360.88982465,747.92023222,747.90375635,0.05009184,3133.22284731,0.01998550,0.01998550,21350,65,0
9361.32767735,9361.32828819,757.47803581,757.46471318,0.05112087,3133.63871110,0.01998550,0.01998550,21349,65,0
9361.76641962,9361.76679282,767.04740458,767.03925585,0.04682119,3134.05368609,0.01998550,0.01998550,21348,65,0
9362.20484396,9362.20533854,776.62813245,776.61732194,0.04933932,3134.46733245,0.01998550,0.01998550,21347,65,0
9362.64457073,9362.64392535,786.21979570,786.23391699,0.05100152,3134.88115245,0.01998550,0.01998550,21346,65,0
9363.08213665,9363.08255327,795.82197589,795.81285102,0.05590281,3135.29186754,0.01998550,0.01998550,21345,65,0
9363.52109869,9363.52122230,805.43453138,805.43182147,0.04981793,3135.70280885,0.01998550,0.01998550,21344,65,0
9363.96021526,9363.95993244,815.05766306,815.06386987,0.05748341,3136.11281256,0.01998550,0.01998550,21343,65,0
9364.39914271,9364.39868370,824.69159418,824.70167822,0.06040775,3136.52156302,0.01998550,0.01998550,21342,65,0
9364.83798475,9364.83747609,834.33652368,834.34771020,0.05216155,3136.92916172,0.01998550,0.01998550,21341,65,0
9365.27623882,9365.27630961,843.99248736,843.99092909,0.04749692,3137.33514128,0.01998550,0.01998550,21340,65,0
9365.71536340,9365.71518426,853.65945648,853.66340446,0.04729929,3137.74084589,0.01998550,0.01998550,21339,65,0
9366.15409348,9366.15410006,863.33740406,863.33725897,0.05286369,3138.14509935,0.01998550,0.01998550,21338,65,0
9366.59340239,9366.59305701,873.02648870,873.03411638,0.04558553,3138.54879982,0.01998550,0.01998550,21337,65,0
9367.03341913,9367.03205511,882.72719812,882.75735666,0.04664716,3138.95207668,0.01998550,0.01998550,21336,65,0
9367.47112085,9367.47109437,892.44005684,892.44064297,0.04529147,3139.35218199,0.01998550,0.01998550,21335,65,0
9367.90941299,9367.91017480,902.16548401,902.14860021,0.05589378,3139.75178983,0.01998550,0.01998550,21334,65,0
9368.34833146,9368.34929641,911.90291609,911.88150715,0.04875249,3140.15090026,0.01998550,0.01998550,21333,65,0
9368.78761950,9368.78845918,921.65126144,921.63261370,0.05027984,3140.54922660,0.01998550,0.01998550,21332,65,0
9369.22860130,9369.22766315,931.40941936,931.43027200,0.04850179,3140.94791196,0.01998550,0.01998550,21331,65,0
9369.66758140,9369.66690830,941.17693531,941.19190993,0.05534982,3141.34359409,0.01998550,0.01998550,21330,65,0
9370.10648491,9370.10619465,950.95478728,950.96125154,0.05005938,3141.73805224,0.01998550,0.01998550,21329,65,0
9370.54577137,9370.54552220,960.74415069,960.74970628,0.04646316,3142.13174100,0.01998550,0.01998550,21328,65,0
9370.98461402,9370.98489095,970.54609541,970.53991361,0.05166037,3142.52395742,0.01998550,0.01998550,21327,65,0
9371.42420436,9371.42430092,980.36047298,980.35831504,0.05541157,3142.91575397,0.01998550,0.01998550,21326,65,0
9371.86322693,9371.86375211,990.18638596,990.17463725,0.05467550,3143.30591664,0.01998550,0.01998550,21325,65,0
9372.30336057,9372.30324452,1000.02292161,1000.02552021,0.04711513,3143.69589428,0.01998550,0.01998550,21324,65,0
9372.74274500,9372.74277816,1009.86960334,1009.86886008,0.04644379,3144.08401387,0.01998550,0.01998550,21323,65,0
9373.18227794,9373.18235303,1019.72698535,1019.72530058,0.05191894,3144.47108831,0.01998550,0.01998550,21322,65,0
9373.62076747,9373.62196915,1029.59577314,1029.56878208,0.04810605,3144.85609439,0.01998550,0.01998550,21321,65,0
9374.06134066,9374.06162652,1039.47661477,1039.47018683,0.04671815,3145.24179404,0.01998550,0.01998550,21320,65,0
9374.50147796,9374.50132514,1049.36950574,1049.37294599,0.05044744,3145.62596975,0.01998550,0.01998550,21319,65,0
9374.94144130,9374.94106501,1059.27404742,1059.28252733,0.05083871,3146.00883192,0.01998550,0.01998550,21318,65,0
9375.38103215,9375.38084616,1069.18983401,1069.19402977,0.05628250,3146.39018933,0.01998550,0.01998550,21317,65,0
9375.82083003,9375.82066857,1079.11663210,1079.12027801,0.05467400,3146.77053165,0.01998550,0.01998550,21316,65,0
9376.26044318,9376.26053226,1089.05457787,1089.05256423,0.05714527,3147.14952047,0.01998550,0.01998550,21315,65,0
9376.70056224,9376.70043723,1099.00385573,1099.00668456,0.05366550,3147.52775207,0.01998550,0.01998550,21314,65,0
9377.13981665,9377.14038349,1108.96468885,1108.95184783,0.04956840,3147.90405359,0.01998550,0.01998550,21313,65,0
9377.58041639,9377.58037105,1118.93762005,1118.93864833,0.05466120,3148.28033175,0.01998550,0.01998550,21312,65,0
9378.02074115,9378.02039990,1128.92335640,1128.93110539,0.06336918,3148.65521975,0.01998550,0.01998550,21311,65,0
9378.46016906,9378.46047006,1138.92260202,1138.91575832,0.05556702,3149.02821330,0.01998550,0.01998550,21310,65,0
9378.90062923,9378.90058153,1148.93541307,1148.93649880,0.05961963,3149.40094544,0.01998550,0.01998550,21309,65,0
9379.34096268,9379.34073432,1158.96077090,1158.96597506,0.05859926,3149.77238819,0.01998550,0.01998550,21308,65,0
9379.78124031,9379.78092843,1168.99754917,1169.00466366,0.05773092,3150.14255507,0.01998550,0.01998550,21307,65,0
9380.22136886,9380.22116387,1179.04487992,1179.04956067,0.05905689,3150.51133178,0.01998550,0.01998550,21306,65,0
9380.66255850,9380.66144064,1189.10342974,1189.12898226,0.05613573,3150.87974824,0.01998550,0.01998550,21305,65,0
9381.10170718,9381.10175876,1199.17442245,1199.17324210,0.05382787,3151.24525767,0.01998550,0.01998550,21304,65,0
9381.54165311,9381.54211822,1209.25905831,1209.24839984,0.05498867,3151.61026520,0.01998550,0.01998550,21303,65,0
9381.98199274,9381.98251903,1219.35762039,1219.34554491,0.05021726,3151.97443539,0.01998550,0.01998550,21302,65,0
9382.42233387,9382.42296120,1229.46936611,1229.45495535,0.04779294,3152.33740947,0.01998550,0.01998550,21301,65,0
9382.86267912,9382.86344474,1239.59349391,1239.57588737,0.05256661,3152.69915515,0.01998550,0.01998550,21300,65,0
9383.30357042,9383.30396964,1249.72944650,1249.72025594,0.04842258,3153.06008996,0.01998550,0.01998550,21299,65,0
9383.74377686,9383.74453592,1259.87750845,1259.86001427,0.05729439,3153.41921161,0.01998550,0.01998550,21298,65,0
9384.18473075,9384.18514359,1270.03814501,1270.02861920,0.05930479,3153.77769931,0.01998550,0.01998550,21297,65,0
9384.62569946,9384.62579263,1280.21179445,1280.20964209,0.05514876,3154.13496398,0.01998550,0.01998550,21296,65,0
9385.06669254,9385.06648308,1290.39854498,1290.40338968,0.04664168,3154.49101041,0.01998550,0.01998550,21295,65,0
9385.50796538,9385.50721492,1300.59825735,1300.61563523,0.06031733,3154.84603278,0.01998550,0.01998550,21294,65,0
9385.94720039,9385.94798816,1310.81078725,1310.79252456,0.04873807,3155.19816318,0.01998550,0.01998550,21293,65,0
9386.38826266,9386.38880281,1321.03597351,1321.02343689,0.05150450,3155.55048983,0.01998550,0.01998550,21292,65,0
9386.83010967,9386.82965889,1331.27362640,1331.28410035,0.05116888,3155.90215646,0.01998550,0.01998550,21291,65,0
9387.27033298,9387.27055638,1341.52355197,1341.51835551,0.04732473,3156.25123764,0.01998550,0.01998550,21290,65,0
9387.71084795,9387.71149530,1351.78567630,1351.77060193,0.05347951,3156.59925005,0.01998550,0.01998550,21289,65,0
9388.15287385,9388.15247566,1362.06052472,1362.06980818,0.05800684,3156.94716118,0.01998550,0.01998550,21288,65,0
9388.59363013,9388.59349745,1372.34881124,1372.35190829,0.05276283,3157.29279965,0.01998550,0.01998550,21287,65,0
9389.03366466,9389.03456069,1382.65121202,1382.63026899,0.04837956,3157.63662011,0.01998550,0.01998550,21286,65,0
9389.47553707,9389.47566538,1392.96771584,1392.96471313,0.05763687,3157.98061091,0.01998550,0.01998550,21285,65,0
9389.91638338,9389.91681153,1403.29775424,1403.28772254,0.05124220,3158.32251373,0.01998550,0.01998550,21284,65,0
9390.35767314,9390.35799914,1413.64074032,1413.63309347,0.05160450,3158.66344539,0.01998550,0.01998550,21283,65,0
9390.79937102,9390.79922822,1423.99629454,1423.99964783,0.05545794,3159.00335639,0.01998550,0.01998550,21282,65,0
9391.24017072,9391.24049878,1434.36444522,1434.35673288,0.05248263,3159.34123890,0.01998550,0.01998550,21281,65,0
9391.68069138,9391.68181081,1444.74526790,1444.71892096,0.04680616,3159.67756956,0.01998550,0.01998550,21280,65,0
9392.12437419,9392.12316434,1455.13898676,1455.16749549,0.04913712,3160.01496394,0.01998550,0.01998550,21279,65,0
9392.56415840,9392.56455935,1465.54655330,1465.53709315,0.04673100,3160.34808062,0.01998550,0.01998550,21278,65,0
9393.00593666,9393.00599586,1475.96914836,1475.96774965,0.05198219,3160.68142277,0.01998550,0.01998550,21277,65,0
9393.44706298,9393.44747388,1486.40783581,1486.39811316,0.05064612,3161.01301469,0.01998550,0.01998550,21276,65,0
9393.88845032,9393.88899340,1496.86199812,1496.84913097,0.05520483,3161.34351734,0.01998550,0.01998550,21275,65,0
9394.33053630,9394.33055445,1507.32980620,1507.32937568,0.05068290,3161.67318946,0.01998550,0.01998550,21274,65,0
9394.77215133,9394.77215701,1517.80941360,1517.80927864,0.05439881,3162.00109379,0.01998550,0.01998550,21273,65,0
9395.21425789,9395.21380110,1528.30029632,1528.31115284,0.04944632,3162.32792317,0.01998550,0.01998550,21272,65,0
9395.65610252,9395.65548672,1538.80396904,1538.81862229,0.05337927,3162.65316117,0.01998550,0.01998550,21271,65,0
9396.09652922,9396.09721389,1549.32213054,1549.30581634,0.04997102,3162.97601083,0.01998550,0.01998550,21270,65,0
9396.53892780,9396.53898259,1559.85596555,1559.85465803,0.05710125,3163.29898386,0.01998550,0.01998550,21269,65,0
9396.98108612,9396.98079285,1570.40492187,1570.41192847,0.04841489,3163.62043328,0.01998550,0.01998550,21268,65,0
9397.42295865,9397.42264467,1580.96808194,1580.97559262,0.04979996,3163.94029350,0.01998550,0.01998550,21267,65,0
9397.86439015,9397.86453805,1591.54465838,1591.54111646,0.05220203,3164.25842527,0.01998550,0.01998550,21266,65,0
9398.30648784,9398.30647299,1602.13486771,1602.13522360,0.04639452,3164.57562563,0.01998550,0.01998550,21265,65,0
9398.74834297,9398.74844951,1612.73937827,1612.73682027,0.05854518,3164.89125398,0.01998550,0.01998550,21264,65,0
9399.18997194,9399.19046761,1623.35883500,1623.34691854,0.05252951,3165.20533649,0.01998550,0.01998550,21263,65,0
9399.63286850,9399.63252730,1633.99333414,1634.00154754,0.05451377,3165.51892631,0.01998550,0.01998550,21262,65,0
9400.07377616,9400.07462858,1644.64249309,1644.62194737,0.05340857,3165.82970284,0.01998550,0.01998550,21261,65,0
9400.51568450,9400.51677146,1655.30591575,1655.27968491,0.05168600,3166.13975960,0.01998550,0.01998550,21260,65,0
9400.95833783,9400.95895594,1665.98356153,1665.96862628,0.05072358,3166.44890073,0.01998550,0.01998550,21259,65,0
9401.40076901,9401.40118202,1676.67596203,1676.66596936,0.05585154,3166.75645673,0.01998550,0.01998550,21258,65,0
9401.84210396,9401.84344973,1687.38370411,1687.35109939,0.05386948,3167.06183597,0.01998550,0.01998550,21257,65,0
9402.28565923,9402.28575906,1698.10711091,1698.10468921,0.05444432,3167.36732973,0.01998550,0.01998550,21256,65,0
9402.72795789,9402.72811001,1708.84571997,1708.84202470,0.05217930,3167.67051808,0.01998550,0.01998550,21255,65,0
9403.16943155,9403.17050259,1719.59892103,1719.57287123,0.05571280,3167.97168270,0.01998550,0.01998550,21254,65,0
9403.61278123,9403.61293682,1730.36624743,1730.36245867,0.05292108,3168.27264092,0.01998550,0.01998550,21253,65,0
9404.05567936,9404.05541269,1741.14803336,1741.15453538,0.04722320,3168.57180796,0.01998550,0.01998550,21252,65,0
9404.49818023,9404.49793021,1751.94488656,1751.95099083,0.05230527,3168.86923450,0.01998550,0.01998550,21251,65,0
9404.94012254,9404.94048939,1762.75737378,1762.74840508,0.05154079,3169.16482504,0.01998550,0.01998550,21250,65,0
9405.38231078,9405.38309023,1773.58560574,1773.56652382,0.05446835,3169.45911459,0.01998550,0.01998550,21249,65,0
9405.82521711,9405.82573273,1784.42942952,1784.41678939,0.04637365,3169.75240080,0.01998550,0.01998550,21248,65,0
9406.26787710,9406.26841691,1795.28868841,1795.27543786,0.04854709,3170.04403085,0.01998550,0.01998550,21247,65,0
9406.71137803,9406.71114278,1806.16323969,1806.16902186,0.05498047,3170.33470667,0.01998550,0.01998550,21246,65,0
9407.15444467,9407.15391032,1817.05295335,1817.06610394,0.05587574,3170.62357945,0.01998550,0.01998550,21245,65,0
9407.59680746,9407.59671956,1827.95770315,1827.95986917,0.05261255,3170.91046852,0.01998550,0.01998550,21244,65,0
9408.03968023,9408.03957050,1838.87756659,1838.88027405,0.04888275,3171.19615679,0.01998550,0.01998550,21243,65,0
9408.48215543,9408.48246314,1849.81290753,1849.80530476,0.05213955,3171.48006021,0.01998550,0.01998550,21242,65,0
9408.92574194,9408.92539749,1860.76411409,1860.77263620,0.05476740,3171.76314559,0.01998550,0.01998550,21241,65,0
9409.36866951,9409.36837356,1871.73158624,1871.73891883,0.05057174,3172.04428322,0.01998550,0.01998550,21240,65,0
9409.81124263,9409.81139134,1882.71574502,1882.71205502,0.05465845,3172.32367423,0.01998550,0.01998550,21239,65,0
9410.25420955,9410.25445086,1893.71701702,1893.71102091,0.05517927,3172.60179320,0.01998550,0.01998550,21238,65,0
9410.69656082,9410.69755211,1904.73549097,1904.71082360,0.05152271,3172.87800120,0.01998550,0.01998550,21237,65,0
9411.14048882,9411.14069509,1915.77022075,1915.76508113,0.05372927,3173.15363003,0.01998550,0.01998550,21236,65,0
9411.58363623,9411.58387982,1926.82005630,1926.81397913,0.05321866,3173.42717532,0.01998550,0.01998550,21235,65,0
9412.02721974,9412.02710630,1937.88425467,1937.88708821,0.05560597,3173.69936421,0.01998550,0.01998550,21234,65,0
9412.47092487,9412.47037454,1948.96386887,1948.97763414,0.04842828,3173.97001916,0.01998550,0.01998550,21233,65,0
9412.91462345,9412.91368454,1960.06044765,1960.08396758,0.05203171,3174.23909113,0.01998550,0.01998550,21232,65,0
9413.35693305,9413.35703631,1971.17521957,1971.17262868,0.04784386,3174.50577000,0.01998550,0.01998550,21231,65,0
9413.80043446,9413.80042986,1982.30744448,1982.30756007,0.05075709,3174.77158598,0.01998550,0.01998550,21230,65,0
9414.24402784,9414.24386518,1993.45564859,1993.45974046,0.04896489,3175.03582935,0.01998550,0.01998550,21229,65,0
9414.68669624,9414.68734229,2004.61852552,2004.60225367,0.04985983,3175.29786034,0.01998550,0.01998550,21228,65,0
9415.13099207,9415.13086119,2015.79619131,2015.79949171,0.04794516,3175.55918116,0.01998550,0.01998550,21227,65,0
9415.57433959,9415.57442190,2026.98944301,2026.98736474,0.04768994,3175.81828396,0.01998550,0.01998550,21226,65,0
9416.01743797,9416.01802440,2038.19909363,2038.18426437,0.04737751,3176.07559474,0.01998550,0.01998550,21225,65,0
9416.46194651,9416.46166871,2049.42601231,2049.43304746,0.05227407,3176.33208204,0.01998550,0.01998550,21224,65,0
9416.90524536,9416.90535484,2060.67110454,2060.66832747,0.05138136,3176.58624460,0.01998550,0.01998550,21223,65,0
9417.34908430,9417.34908280,2071.93521294,2071.93525115,0.04989558,3176.83909885,0.01998550,0.01998550,21222,65,0
9417.79342611,9417.79285257,2083.21828117,2083.23287481,0.04880597,3177.09060674,0.01998550,0.01998550,21221,65,0
9418.23689561,9418.23666419,2094.51962793,2094.52552539,0.05210477,3177.33996717,0.01998550,0.01998550,21220,65,0
9418.68011486,9418.68051764,2105.83857497,2105.82829622,0.05327752,3177.58751198,0.01998550,0.01998550,21219,65,0
9419.12354699,9419.12441294,2117.17476984,2117.15263958,0.05317149,3177.83348340,0.01998550,0.01998550,21218,65,0
9419.56784014,9419.56835009,2128.52811599,2128.51506534,0.04985267,3178.07822379,0.01998550,0.01998550,21217,65,0
9420.01249792,9420.01232909,2139.89854605,2139.90287278,0.05146027,3178.32144230,0.01998550,0.01998550,21216,65,0
9420.45644766,9420.45634996,2151.28640019,2151.28890778,0.05068841,3178.56255249,0.01998550,0.01998550,21215,65,0
9420.90041614,9420.90041270,2162.69236934,2162.69245792,0.05397454,3178.80195845,0.01998550,0.01998550,21214,65,0
9421.34423802,9421.34451731,2174.11713235,2174.10994175,0.04755493,3179.03957636,0.01998550,0.01998550,21213,65,0
9421.78891736,9421.78866380,2185.56081450,2185.56735255,0.05334653,3179.27593238,0.01998550,0.01998550,21212,65,0
9422.23233092,9422.23285219,2197.02304107,2197.00957975,0.05333099,3179.50988280,0.01998550,0.01998550,21211,65,0
9422.67658442,9422.67708246,2208.50341428,2208.49053401,0.04941407,3179.74252335,0.01998550,0.01998550,21210,65,0
9423.12192125,9423.12135463,2220.00149975,2220.01617477,0.04611859,3179.97395178,0.01998550,0.01998550,21209,65,0
9423.56508432,9423.56566871,2231.51682922,2231.50167329,0.05056371,3180.20246346,0.01998550,0.01998550,21208,65,0
9424.01010245,9424.01002469,2243.04897085,2243.05099019,0.04889229,3180.43012013,0.01998550,0.01998550,21207,65,0
9424.45422125,9424.45442260,2254.59827192,2254.59303548,0.04755643,3180.65550480,0.01998550,0.01998550,21206,65,0
9424.89945153,9424.89886242,2266.16577551,2266.18112027,0.04708960,3180.87964767,0.01998550,0.01998550,21205,65,0
9425.34277190,9425.34334418,2277.75251891,2277.73758882,0.05130190,3181.10104259,0.01998550,0.01998550,21204,65,0
9425.78786070,9425.78786786,2289.35888448,2289.35869734,0.04587823,3181.32152434,0.01998550,0.01998550,21203,65,0
9426.23272933,9426.23243349,2300.98470555,2300.99244799,0.04807645,3181.54008480,0.01998550,0.01998550,21202,65,0
9426.67702847,9426.67704107,2312.62978126,2312.62945115,0.05127084,3181.75654304,0.01998550,0.01998550,21201,65,0
9427.12197513,9427.12169059,2324.29368222,2324.30115166,0.05111191,3181.97147325,0.01998550,0.01998550,21200,65,0
9427.56770650,9427.56638208,2335.97580438,2336.01062214,0.04879087,3182.18491164,0.01998550,0.01998550,21199,65,0
9428.01204719,9428.01111553,2347.67563884,2347.70016633,0.05184079,3182.39580140,0.01998550,0.01998550,21198,65,0
9428.45591497,9428.45589094,2359.39392279,2359.39455641,0.04942077,3182.60459354,0.01998550,0.01998550,21197,65,0
9428.90091727,9428.90070834,2371.13222054,2371.13773866,0.05089681,3182.81205751,0.01998550,0.01998550,21196,65,0
9429.34543972,9429.34556771,2382.89194596,2382.88855969,0.05358660,3183.01745026,0.01998550,0.01998550,21195,65,0
9429.79038713,9429.79046908,2394.67283522,2394.67066358,0.04933643,3183.22117396,0.01998550,0.01998550,21194,65,0
9430.23511983,9430.23541243,2406.47369444,2406.46592797,0.04668683,3183.42290255,0.01998550,0.01998550,21193,65,0
9430.68023073,9430.68039779,2418.29345129,2418.28901052,0.04487533,3183.62287497,0.01998550,0.01998550,21192,65,0
9431.12537025,9431.12542515,2430.13205473,2430.13059314,0.05104277,3183.82092035,0.01998550,0.01998550,21191,65,0
9431.57000352,9431.57049452,2441.98990586,2441.97681416,0.05059041,3184.01680012,0.01998550,0.01998550,21190,65,0
9432.01490604,9432.01560591,2453.86750589,2453.84881485,0.05241126,3184.21085504,0.01998550,0.01998550,21189,65,0
9432.46094540,9432.46075933,2465.76586716,2465.77084499,0.05096851,3184.40345973,0.01998550,0.01998550,21188,65,0
9432.90566399,9432.90595477,2477.68618133,2477.67838838,0.05033606,3184.59356157,0.01998550,0.01998550,21187,65,0
9433.35126419,9433.35119225,2489.62909550,2489.63102671,0.05268613,3184.78210284,0.01998550,0.01998550,21186,65,0
9433.79844433,9433.79647177,2501.59311079,2501.64615194,0.05565455,3184.96932683,0.01998550,0.01998550,21185,65,0
9434.24162116,9434.24179334,2513.57619403,2513.57155779,0.05641091,3185.15286943,0.01998550,0.01998550,21184,65,0
9434.68731963,9434.68715696,2525.57718604,2525.58157263,0.05400770,3185.33541497,0.01998550,0.01998550,21183,65,0
9435.13278838,9435.13256264,2537.59732271,2537.60341961,0.05326124,3185.51582935,0.01998550,0.01998550,21182,65,0
9435.57826093,9435.57801038,2549.63824547,2549.64502377,0.05444110,3185.69422217,0.01998550,0.01998550,21181,65,0
9436.02249666,9436.02350020,2561.70087347,2561.67367765,0.05683714,3185.87010670,0.01998550,0.01998550,21180,65,0
9436.46916224,9436.46903209,2573.78478200,2573.78831485,0.05340809,3186.04490819,0.01998550,0.01998550,21179,65,0
9436.91432478,9436.91460606,2585.88941055,2585.88176305,0.04849246,3186.21706124,0.01998550,0.01998550,21178,65,0
9437.36020379,9437.36022213,2598.01464637,2598.01414702,0.04944995,3186.38741635,0.01998550,0.01998550,21177,65,0
9437.80521613,9437.80588029,2610.16093027,2610.14281392,0.05146169,3186.55536412,0.01998550,0.01998550,21176,65,0
9438.25228359,9438.25158055,2622.32874322,2622.34795283,0.05047518,3186.72199346,0.01998550,0.01998550,21175,65,0
9438.69776384,9438.69732291,2634.51860170,2634.53067035,0.04972370,3186.88593818,0.01998550,0.01998550,21174,65,0
9439.14279907,9439.14310739,2646.73105165,2646.72259736,0.04572676,3187.04762755,0.01998550,0.01998550,21173,65,0
9439.58959413,9439.58893399,2658.96656797,2658.98470153,0.05476158,3187.20784658,0.01998550,0.01998550,21172,65,0
9440.03450385,9440.03480272,2671.22499736,2671.21677330,0.05032931,3187.36527383,0.01998550,0.01998550,21171,65,0
9440.48016208,9440.48071357,2683.50587498,2683.49067332,0.04621619,3187.52083040,0.01998550,0.01998550,21170,65,0
9440.92717951,9440.92666656,2695.80888681,2695.82305036,0.04962145,3187.67469740,0.01998550,0.01998550,21169,65,0
9441.37276757,9441.37266169,2708.13442313,2708.13735180,0.05049116,3187.82590748,0.01998550,0.01998550,21168,65,0
9441.81839777,9441.81869897,2720.48307477,2720.47472847,0.04365540,3187.97496414,0.01998550,0.01998550,21167,65,0
9442.26450355,9442.26477841,2732.85501172,2732.84738194,0.05097866,3188.12199719,0.01998550,0.01998550,21166,65,0
9442.70973112,9442.71090001,2745.24937102,2745.21686954,0.04018534,3188.26653993,0.01998550,0.01998550,21165,65,0
9443.15659489,9443.15706377,2757.66515169,2757.65209324,0.04717127,3188.40937853,0.01998550,0.01998550,21164,65,0
9443.60355433,9443.60326970,2770.10236445,2770.11030455,0.04880375,3188.54999513,0.01998550,0.01998550,21163,65,0
9444.04982412,9444.04951782,2782.56237320,2782.57093342,0.05200708,3188.68814960,0.01998550,0.01998550,21162,65,0
9444.49609910,9444.49580812,2795.04657283,2795.05472011,0.05313848,3188.82406389,0.01998550,0.01998550,21161,65,0
9444.94185048,9444.94214061,2807.55535057,2807.54721220,0.04847020,3188.95757072,0.01998550,0.01998550,21160,65,0
9445.38870088,9445.38851529,2820.08836949,2820.09358513,0.05104530,3189.08913368,0.01998550,0.01998550,21159,65,0
9445.83521433,9445.83493218,2832.64530807,2832.65325167,0.04419766,3189.21830656,0.01998550,0.01998550,21158,65,0
9446.28155619,9446.28139128,2845.22604222,2845.23069353,0.04786417,3189.34512566,0.01998550,0.01998550,21157,65,0
9446.72842071,9446.72789259,2857.83051768,2857.84543964,0.05648718,3189.46977083,0.01998550,0.01998550,21156,65,0
9447.17489438,9447.17443612,2870.45857525,2870.47154598,0.04665675,3189.59197056,0.01998550,0.01998550,21155,65,0
9447.62094593,9447.62102187,2883.10978235,2883.10762900,0.05305372,3189.71170456,0.01998550,0.01998550,21154,65,0
9448.06800202,9448.06764986,2895.78368271,2895.79368436,0.05130678,3189.82933315,0.01998550,0.01998550,21153,65,0
9448.51517268,9448.51432009,2908.48066413,2908.50492144,0.04951051,3189.94460309,0.01998550,0.01998550,21152,65,0
9448.96129944,9448.96103256,2921.20215448,2921.20976181,0.04815553,3190.05722185,0.01998550,0.01998550,21151,65,0
9449.40849424,9449.40778729,2933.94950097,2933.96969220,0.05384780,3190.16771908,0.01998550,0.01998550,21150,65,0
9449.85470788,9449.85458427,2946.72251481,2946.72605190,0.05167394,3190.27557056,0.01998550,0.01998550,21149,65,0
9450.30081082,9450.30142351,2959.52013139,2959.50256824,0.04334386,3190.38097132,0.01998550,0.01998550,21148,65,0
9450.74823791,9450.74830502,2972.34169500,2972.33976789,0.04925301,3190.48423031,0.01998550,0.01998550,21147,65,0
9451.19534047,9451.19522880,2985.18814437,2985.19135713,0.05274097,3190.58495148,0.01998550,0.01998550,21146,65,0
9451.64218098,9451.64219487,2998.06078868,2998.06038838,0.05260064,3190.68314840,0.01998550,0.01998550,21145,65,0
9452.09026981,9452.08920322,3010.96027833,3010.99108785,0.05055631,3190.77913346,0.01998550,0.01998550,21144,65,0
9452.53689295,9452.53625386,3023.88626112,3023.90475770,0.05420816,3190.87230809,0.01998550,0.01998550,21143,65,0
9452.98382905,9452.98334680,3036.83835829,3036.85234226,0.05343979,3190.96303410,0.01998550,0.01998550,21142,65,0
9453.43100709,9453.43048205,3049.81685628,3049.83211120,0.04564540,3191.05127817,0.01998550,0.01998550,21141,65,0
9453.87841033,9453.87765960,3062.82246002,3062.84431627,0.04913860,3191.13702125,0.01998550,0.01998550,21140,65,0
9454.32577445,9454.32487947,3075.85541608,3075.88152303,0.04945672,3191.22019578,0.01998550,0.01998550,21139,65,0
9454.77262973,9454.77214167,3088.91425275,3088.92851546,0.04923951,3191.30069317,0.01998550,0.01998550,21138,65,0
9455.22028218,9455.21944619,3101.99713582,3102.02160764,0.04803022,3191.37871930,0.01998550,0.01998550,21137,65,0
9455.66671494,9455.66679305,3115.10409943,3115.10180871,0.05421704,3191.45391156,0.01998550,0.01998550,21136,65,0
9456.11403867,9456.11418225,3128.23766661,3128.23344734,0.04418763,3191.52662697,0.01998550,0.01998550,21135,65,0
9456.56259403,9456.56161379,3141.40024158,3141.42910904,0.04679556,3191.59689798,0.01998550,0.01998550,21134,65,0
9457.00898407,9457.00908769,3154.59168670,3154.58862882,0.04935553,3191.66418170,0.01998550,0.01998550,21133,65,0
9457.45636774,9457.45660394,3167.81062177,3167.80363813,0.04914733,3191.72893987,0.01998550,0.01998550,21132,65,0
9457.90368724,9457.90416256,3181.05629297,3181.04221184,0.05010027,3191.79099016,0.01998550,0.01998550,21131,65,0
9458.35109062,9458.35176355,3194.32954198,3194.30956643,0.04895231,3191.85033965,0.01998550,0.01998550,21130,65,0
9458.79919072,9458.79940692,3207.63140198,3207.62497082,0.04930425,3191.90704920,0.01998550,0.01998550,21129,65,0
9459.24658968,9459.24709267,3220.96189024,3220.94689804,0.04934023,3191.96092373,0.01998550,0.01998550,21128,65,0
9459.69417575,9459.69482081,3234.32016991,3234.30090554,0.04850885,3192.01205347,0.01998550,0.01998550,21127,65,0
9460.14264800,9460.14259134,3247.70570419,3247.70739959,0.05129582,3192.06048853,0.01998550,0.01998550,21126,65,0
9460.59045940,9460.59040427,3261.11933126,3261.12098442,0.05083486,3192.10604487,0.01998550,0.01998550,21125,65,0
9461.03693410,9461.03825961,3274.56223538,3274.52240654,0.04703603,3192.14865806,0.01998549,0.01998550,21124,65,0
9461.48545664,9461.48615736,3288.03499545,3288.01389545,0.04874521,3192.18862709,0.01998550,0.01998550,21123,65,0
9461.93435315,9461.93409753,3301.53744454,3301.54515781,0.03981323,3192.22575983,0.01998550,0.01998550,21122,65,0
9462.38209057,9462.38208013,3315.06937810,3315.06969377,0.04319206,3192.25991711,0.01998550,0.01998550,21121,65,0
9462.83031243,9462.83010515,3328.63064837,3328.63692906,0.05471680,3192.29121120,0.01998550,0.01998550,21120,65,0
9463.27702919,9463.27817261,3342.22113628,3342.18641920,0.04569774,3192.31949370,0.01998549,0.01998550,21119,65,0
9463.72653157,9463.72628252,3355.84126564,3355.84884350,0.04890928,3192.34500523,0.01998550,0.01998550,21118,65,0
9464.17481007,9464.17443487,3369.49230196,3369.50374359,0.04979078,3192.36748521,0.01998550,0.01998550,21117,65,0
9464.62177974,9464.62262968,3383.17537733,3383.14940021,0.04514999,3192.38693558,0.01998549,0.01998550,21116,65,0
9465.07060603,9465.07086695,3396.89007760,3396.88208551,0.04925672,3192.40346690,0.01998550,0.01998550,21115,65,0
9465.51906485,9465.51914669,3410.63531728,3410.63280529,0.04972396,3192.41696032,0.01998550,0.01998550,21114,65,0
9465.96639207,9465.96746890,3424.41059060,3424.37746889,0.04724409,3192.42738734,0.01998549,0.01998550,21113,65,0
9466.41645088,9466.41583359,3438.21638553,3438.23541330,0.04917188,3192.43480171,0.01998550,0.01998550,21112,65,0
9466.86355186,9466.86424076,3452.05330508,3452.03202389,0.04548742,3192.43909173,0.01998550,0.01998550,21111,65,0
9467.31323791,9467.31269042,3465.92205682,3465.93900734,0.04935027,3192.44029336,0.01998550,0.01998550,21110,65,0
9467.76106611,9467.76118258,3479.82339089,3479.81977647,0.04908830,3192.43836554,0.01998550,0.01998550,21109,65,0
9468.20989462,9468.20971725,3493.75751405,3493.76303026,0.05209031,3192.43328274,0.01998550,0.01998550,21108,65,0
9468.65850830,9468.65829442,3507.72376542,3507.73043160,0.04945315,3192.42502865,0.01998550,0.01998550,21107,65,0
9469.10686182,9469.10691411,3521.72139584,3521.71976244,0.05020031,3192.41358796,0.01998550,0.01998550,21106,65,0
9469.55626349,9469.55557632,3535.74963138,3535.77113900,0.04753962,3192.39889826,0.01998550,0.01998550,21105,65,0
9470.00404781,9470.00428106,3549.80773791,3549.80042279,0.04864006,3192.38103289,0.01998550,0.01998550,21104,65,0
9470.45398547,9470.45302833,3563.89705513,3563.92714111,0.04878835,3192.35981281,0.01998550,0.01998550,21103,65,0
9470.90204189,9470.90181814,3578.02159343,3578.02864455,0.04742917,3192.33539646,0.01998550,0.01998550,21102,65,0
9471.34980211,9471.35065050,3592.18425583,3592.15745216,0.04802444,3192.30769114,0.01998549,0.01998550,21101,65,0
9471.79954725,9471.79952540,3606.38212710,3606.38281876,0.05192789,3192.27651727,0.01998550,0.01998550,21100,65,0
9472.24873228,9472.24844287,3620.61092099,3620.62010354,0.04239144,3192.24202170,0.01998550,0.01998550,21099,65,0
9472.69763697,9472.69740290,3634.87152186,3634.87896572,0.05084423,3192.20416829,0.01998550,0.01998550,21098,65,0
9473.14653313,9473.14640549,3649.16948604,3649.17355627,0.04613380,3192.16289843,0.01998550,0.01998550,21097,65,0
9473.59606821,9473.59545067,3663.50799243,3663.52773663,0.04437651,3192.11810883,0.01998550,0.01998550,21096,65,0
9474.04407393,9474.04453842,3677.88319963,3677.86831491,0.04483522,3192.07001062,0.01998550,0.01998550,21095,65,0
9474.49396911,9474.49366876,3692.29063952,3692.30028439,0.04766604,3192.01822319,0.01998550,0.01998550,21094,65,0
9474.94311487,9474.94284170,3706.73132221,3706.74011485,0.05133398,3191.96301016,0.01998550,0.01998550,21093,65,0
9475.39225482,9475.39205724,3721.20918376,3721.21555991,0.05066321,3191.90424885,0.01998550,0.01998550,21092,65,0
9475.84026004,9475.84131538,3735.72560782,3735.69146571,0.04491947,3191.84206799,0.01998549,0.01998550,21091,65,0
9476.29009145,9476.29061614,3750.27812504,3750.26111164,0.04555294,3191.77603223,0.01998550,0.01998550,21090,65,0
9476.73922625,9476.73995951,3764.86459811,3764.84076845,0.04627188,3191.70648290,0.01998550,0.01998550,21089,65,0
9477.18933546,9477.18934551,3779.48569579,3779.48536859,0.04352035,3191.63312988,0.01998550,0.01998550,21088,65,0
9477.63826944,9477.63877413,3794.14279818,3794.12631902,0.03989708,3191.55629350,0.01998550,0.01998550,21087,65,0
9478.08893146,9478.08824540,3808.83677040,3808.85922637,0.05051760,3191.47543895,0.01998550,0.01998550,21086,65,0
9478.53705633,9478.53775930,3823.56810699,3823.54504116,0.04534599,3191.39131186,0.01998550,0.01998550,21085,65,0
9478.98748993,9478.98731586,3838.33709051,3838.34281620,0.04937407,3191.30297628,0.01998550,0.01998550,21084,65,0
9479.43689777,9479.43691507,3853.14363957,3853.14306926,0.04653062,3191.21104297,0.01998550,0.01998550,21083,65,0
9479.88788881,9479.88655694,3867.98808993,3868.03211658,0.04618247,3191.11494115,0.01998550,0.01998550,21082,65,0
9480.33647492,9480.33624147,3882.87282083,3882.88055844,0.04379071,3191.01548704,0.01998550,0.01998550,21081,65,0
9480.78539298,9480.78596868,3897.80049701,3897.78136137,0.04579232,3190.91205222,0.01998549,0.01998550,21080,65,0
9481.23600001,9481.23573857,3912.76986957,3912.77858191,0.04567686,3190.80427488,0.01998550,0.01998550,21079,65,0
9481.68542091,9481.68555114,3927.77707477,3927.77272473,0.04137694,3190.69283423,0.01998550,0.01998550,21078,65,0
9482.14725224,nan,0.00000000,3943.23216474,0.10900138,3190.57407539,0.01998552,0.01998550,21077,65,1
9482.58571522,9482.58530437,3957.90999204,3957.92379156,0.04564548,3190.45758156,0.01998550,0.01998550,21076,65,0
9483.03593945,9483.03524503,3973.04436173,3973.06775161,0.04610942,3190.33379351,0.01998550,0.01998550,21075,65,0
9483.48546454,9483.48522841,3988.21897736,3988.22694905,0.04725796,3190.20610989,0.01998550,0.01998550,21074,65,0
9483.93532140,9483.93525449,4003.42724472,4003.42950812,0.04247849,3190.07427032,0.01998550,0.01998550,21073,65,0
9484.38534884,9484.38532330,4018.67366788,4018.67453411,0.05486397,3189.93824875,0.01998550,0.01998550,21072,65,0
9484.83479518,9484.83543484,4033.96746372,4033.94569465,0.05095405,3189.79816349,0.01998550,0.01998550,21071,65,0
9485.28510727,9485.28558911,4049.30957394,4049.29312905,0.04284373,3189.65351429,0.01998550,0.01998550,21070,65,0
9485.73596559,9485.73578612,4064.69336938,4064.69950915,0.05390250,3189.50441155,0.01998550,0.01998550,21069,65,0
9486.18706506,9486.18602588,4080.11539200,4080.15103116,0.04554248,3189.35094754,0.01998550,0.01998550,21068,65,0
nan,nan,0.00000000,-1.00000000,0.00000000,3189.19976320,nan,0.00000000,-2147483648,65,1
nan,nan,0.00000000,-1.00000000,0.00000000,3201.27683789,nan,0.00000000,-2147483648,64,1
9471.35074914,9471.35065050,8.17567301,8.17763874,0.04814498,3201.67674595,0.01998550,0.01998550,21101,64,0
9471.80017269,9471.79952540,17.12425052,17.13716019,0.05089212,3202.17479271,0.01998550,0.01998550,21100,64,0
9472.24842862,9472.24844287,26.08163169,26.08134727,0.04877010,3202.67072384,0.01998550,0.01998550,21099,64,0
9472.69828165,9472.69740290,35.04799440,35.06555237,0.05970861,3203.16760303,0.01998550,0.01998550,21098,64,0
9473.14710288,9473.14640549,44.02340382,44.03735053,0.05229343,3203.66252482,0.01998550,0.01998550,21097,64,0
9473.59657539,9473.59545067,53.00749096,53.03000277,0.05830590,3204.15732203,0.01998550,0.01998550,21096,64,0
9474.04390779,9474.04453842,61.99978087,61.98714852,0.05540497,3204.64889648,0.01998550,0.01998550,21095,64,0
9474.49421111,9474.49366876,70.99979697,71.01066888,0.04856782,3205.14283270,0.01998550,0.01998550,21094,64,0
9474.94327226,9474.94284170,80.00734377,80.01598145,0.04907789,3205.63449030,0.01998550,0.01998550,21093,64,0
9475.39192590,9475.39205724,89.02288234,89.02024526,0.05415520,3206.12481002,0.01998550,0.01998550,21092,64,0
9475.84161255,9475.84131538,98.04696930,98.05294105,0.07544392,3206.61539114,0.01998550,0.01998550,21091,64,0
9476.29024256,9476.29061614,107.08015849,107.07264421,0.04873096,3207.10398035,0.01998550,0.01998550,21090,64,0
9476.73883304,9476.73995951,116.12273334,116.10005378,0.04865977,3207.59169981,0.01998550,0.01998550,21089,64,0
9477.18969741,9477.18934551,125.17459632,125.18168780,0.05205776,3208.08104928,0.01998550,0.01998550,21088,64,0
9477.63879102,9477.63877413,134.23562081,134.23596139,0.04899575,3208.56762670,0.01998550,0.01998550,21087,64,0
9478.08897468,9478.08824540,143.30567702,143.32040008,0.04873776,3209.05452272,0.01998550,0.01998550,21086,64,0
9478.53743820,9478.53775930,152.38459431,152.37810612,0.04651256,3209.53868686,0.01998550,0.01998550,21085,64,0
9478.98755731,9478.98731586,161.47216778,161.47705073,0.04650209,3210.02374909,0.01998550,0.01998550,21084,64,0
9479.43608544,9479.43691507,170.56819028,170.55139889,0.04885972,3210.50619600,0.01998550,0.01998550,21083,64,0
9479.88748491,9479.88655694,179.67251283,179.69131021,0.05527332,3210.99081195,0.01998550,0.01998550,21082,64,0
9480.33703464,9480.33624147,188.78544575,188.80152652,0.04919614,3211.47253825,0.01998550,0.01998550,21081,64,0
9480.78552385,9480.78596868,197.90751601,197.89848900,0.04911223,3211.95225335,0.01998550,0.01998550,21080,64,0
9481.23567710,9481.23573857,207.03925493,207.03800634,0.04985088,3212.43289371,0.01998550,0.01998550,21079,64,0
9481.68624804,9481.68555114,216.18100992,216.19518017,0.04665970,3212.91313671,0.01998550,0.01998550,21078,64,0
9482.13513544,9482.13540641,225.33241137,225.32689653,0.04768395,3213.39072277,0.01998550,0.01998550,21077,64,0
9482.58548808,9482.58530437,234.49291458,234.49665675,0.05126618,3213.86897004,0.01998550,0.01998550,21076,64,0
9483.03492183,9483.03524503,243.66197428,243.65538537,0.05341164,3214.34531297,0.01998550,0.01998550,21075,64,0
9483.48460198,9483.48522841,252.83935364,252.82657243,0.05816670,3214.82097275,0.01998550,0.01998550,21074,64,0
9483.93632129,9483.93525449,262.02541182,262.04719721,0.05281923,3215.29785360,0.01998550,0.01998550,21073,64,0
9484.38637921,9484.38532330,271.22057762,271.24216048,0.04846388,3215.77206611,0.01998550,0.01998550,21072,64,0
9484.83566573,9484.83543484,280.42527208,280.42999600,0.04916188,3216.24457308,0.01998550,0.01998550,21071,64,0
9485.28533345,9485.28558911,289.63969314,289.63445733,0.04890946,3216.71659385,0.01998550,0.01998550,21070,64,0
9485.73606859,9485.73578612,298.86382049,298.86961076,0.05915905,3217.18883921,0.01998550,0.01998550,21069,64,0
9486.18611513,9486.18602588,308.09762458,308.09945577,0.05059672,3217.65946251,0.01998550,0.01998550,21068,64,0
9486.63599889,9486.63630839,317.34108238,317.33472600,0.05389383,3218.12901084,0.01998550,0.01998550,21067,64,0
9487.08617269,9487.08663365,326.59422359,326.58474728,0.05507995,3218.59795374,0.01998550,0.01998550,21066,64,0
9487.53848978,9487.53700168,335.85710306,335.88772406,0.05312410,3219.06821292,0.01998550,0.01998550,21065,64,0
9487.98816287,9487.98741248,345.12977610,345.14523190,0.05310854,3219.53481129,0.01998550,0.01998550,21064,64,0
9488.43744169,9488.43786606,354.41224160,354.40349244,0.04070190,3220.00008818,0.01998550,0.01998550,21063,64,0
9488.88807701,9488.88836242,363.70431144,363.69842176,0.05171749,3220.46584013,0.01998550,0.01998550,21062,64,0
9489.33964393,9489.33890157,373.00575780,373.02109099,0.05201894,3220.93160532,0.01998550,0.01998550,21061,64,0
9489.79012995,9489.78948351,382.31635547,382.32971906,0.05370609,3221.39529313,0.01998550,0.01998550,21060,64,0
9490.24011264,9490.24010825,391.63607643,391.63616735,0.04780541,3221.85749783,0.01998550,0.01998550,21059,64,0
9490.69193344,9490.69077580,400.96517732,400.98915249,0.05192818,3222.32062889,0.01998550,0.01998550,21058,64,0
9491.14236995,9491.14148616,410.30393832,410.32225926,0.04330184,3222.78139155,0.01998550,0.01998550,21057,64,0
9491.59218887,9491.59223934,419.65262453,419.65157729,0.05183775,3223.24058522,0.01998550,0.01998550,21056,64,0
9492.04365357,9492.04303535,429.01131286,429.02415376,0.05194149,3223.70051661,0.01998550,0.01998550,21055,64,0
9492.49417734,9492.49387418,438.37996087,438.38626376,0.05054690,3224.15854187,0.01998550,0.01998550,21054,64,0
9492.94381416,9492.94475585,447.75852389,447.73892682,0.05319897,3224.61471513,0.01998550,0.01998550,21053,64,0
9493.39679746,9493.39568037,457.14696657,457.17023591,0.05335133,3225.07331746,0.01998550,0.01998550,21052,64,0
9493.84717156,9493.84664774,466.54529171,466.55621349,0.04612514,3225.52831276,0.01998550,0.01998550,21051,64,0
9494.29804581,9494.29765796,475.95351167,475.96160614,0.04995359,3225.98284533,0.01998550,0.01998550,21050,64,0
9494.74861616,9494.74871104,485.37163664,485.36965455,0.04949865,3226.43610013,0.01998550,0.01998550,21049,64,0
9495.20028473,9495.19980699,494.79955215,494.80954138,0.05317649,3226.88947519,0.01998550,0.01998550,21048,64,0
9495.65048699,9495.65094582,504.23695355,504.22735109,0.05598621,3227.34037871,0.01998550,0.01998550,21047,64,0
9496.10114146,9496.10212752,513.68351840,513.66286400,0.05768280,3227.79071611,0.01998550,0.01998550,21046,64,0
9496.55252310,9496.55335211,523.13899413,523.12161458,0.04810564,3228.24074214,0.01998550,0.01998550,21045,64,0
9497.00445941,9497.00461960,532.60388185,532.60052053,0.04927493,3228.69030021,0.01998550,0.01998550,21044,64,0
9497.45615046,9497.45592998,542.07913728,542.08376884,0.05393203,3229.13863465,0.01998550,0.01998550,21043,64,0
9497.90621273,9497.90728326,551.56572816,551.54321445,0.04375594,3229.58441908,0.01998549,0.01998550,21042,64,0
9498.35881143,9498.35867946,561.06420277,561.06698126,0.04748224,3230.03179709,0.01998550,0.01998550,21041,64,0
9498.80984197,9498.81011857,570.57370474,570.56787533,0.04603661,3230.47666320,0.01998550,0.01998550,21040,64,0
9499.26144657,9499.26160061,580.09308138,580.08983201,0.06161599,3230.92107487,0.01998550,0.01998550,21039,64,0
9499.71250416,9499.71312557,589.62120661,589.60808842,0.04954546,3231.36387224,0.01998550,0.01998550,21038,64,0
9500.16463631,9500.16469347,599.15797261,599.15676484,0.04821605,3231.80663639,0.01998550,0.01998550,21037,64,0
9500.61540958,9500.61630431,608.70445209,608.68552915,0.05080059,3232.24703090,0.01998550,0.01998550,21036,64,0
9501.06762751,9501.06795810,618.26179003,618.25479056,0.05468363,3232.68784289,0.01998550,0.01998550,21035,64,0
9501.51981862,9501.51965484,627.83092472,627.83439620,0.05080942,3233.12767157,0.01998550,0.01998550,21034,64,0
9501.97135858,9501.97139454,637.41141708,637.41065404,0.05270040,3233.56588656,0.01998550,0.01998550,21033,64,0
9502.42323343,9502.42317721,647.00227511,647.00346919,0.05623536,3234.00339554,0.01998550,0.01998550,21032,64,0
9502.87583218,9502.87500285,656.60250467,656.62013329,0.04976735,3234.44052165,0.01998550,0.01998550,21031,64,0
9503.32655188,9503.32687147,666.21178771,666.20498845,0.05050232,3234.87473662,0.01998550,0.01998550,21030,64,0
9503.77951997,9503.77878307,675.83111957,675.84681322,0.05157256,3235.31005639,0.01998550,0.01998550,21029,64,0
9504.23102297,9504.23073766,685.46165178,685.46773490,0.05150555,3235.74295664,0.01998550,0.01998550,21028,64,0
9504.68331058,9504.68273524,695.10442591,695.11670730,0.05043104,3236.17563827,0.01998550,0.01998550,21027,64,0
9505.13452315,9505.13477583,704.75917669,704.75377704,0.04746175,3236.60630582,0.01998550,0.01998550,21026,64,0
9505.58606811,9505.58685943,714.42481351,714.40788678,0.04683008,3237.03625137,0.01998549,0.01998550,21025,64,0
9506.03859941,9506.03898604,724.10022630,724.09194906,0.05405204,3237.46603896,0.01998550,0.01998550,21024,64,0
9506.49164825,9506.49115568,733.78477441,733.79532892,0.05499373,3237.89518507,0.01998550,0.01998550,21023,64,0
9506.94345542,9506.94336834,743.47916475,743.48103262,0.04997344,3238.32205306,0.01998550,0.01998550,21022,64,0
9507.39655009,9507.39562403,753.18434688,753.20423047,0.05090513,3238.74906965,0.01998550,0.01998550,21021,64,0
9507.84759145,9507.84792276,762.90123353,762.89411173,0.05808131,3239.17312391,0.01998549,0.01998550,21020,64,0
9508.30032061,9508.30026454,772.63001113,772.63121769,0.04236910,3239.59773716,0.01998550,0.01998550,21019,64,0
9508.75226381,9508.75264937,782.37025524,782.36194936,0.04892260,3240.02056243,0.01998549,0.01998550,21018,64,0
9509.20541018,9509.20507726,792.12151975,792.12869892,0.05697473,3240.44343471,0.01998550,0.01998550,21017,64,0
9509.65772716,9509.65754821,801.88348206,801.88734478,0.05093051,3240.86443701,0.01998550,0.01998550,21016,64,0
9510.10997288,9510.11006223,811.65627256,811.65434190,0.04918131,3241.28427903,0.01998550,0.01998550,21015,64,0
9510.56211618,9510.56261933,821.44012479,821.42924133,0.05213553,3241.70293752,0.01998549,0.01998550,21014,64,0
9511.01435630,9511.01521951,831.23526767,831.21657620,0.05492470,3242.12060175,0.01998549,0.01998550,21013,64,0
9511.46817113,9511.46786278,841.04180080,841.04848484,0.05476098,3242.53862968,0.01998550,0.01998550,21012,64,0
9511.91972355,9511.92054914,850.85969895,850.84178396,0.05249639,3242.95348303,0.01998549,0.01998550,21011,64,0
9512.37215618,9512.37327861,860.68893162,860.66454968,0.04997657,3243.36804758,0.01998549,0.01998550,21010,64,0
9512.82662064,9512.82605118,870.52956741,870.54195102,0.04367328,3243.78336565,0.01998550,0.01998550,21009,64,0
9513.27870593,9513.27886686,880.38205943,880.37855574,0.05473659,3244.19542118,0.01998549,0.01998550,21008,64,0
9513.73176243,9513.73172567,890.24695673,890.24775804,0.04828776,3244.60729045,0.01998550,0.01998550,21007,64,0
9514.18399156,9514.18462760,900.12477217,900.11089174,0.05532516,3245.01735342,0.01998549,0.01998550,21006,64,0
9514.63679053,9514.63757266,910.01518518,909.99809734,0.06458742,3245.42685882,0.01998549,0.01998550,21005,64,0
9515.09021340,9515.09056086,919.91707865,919.90947984,0.06291728,3245.83579942,0.01998550,0.01998550,21004,64,0
9515.54330930,9515.54359220,929.82929635,929.82310384,0.05342602,3246.24326380,0.01998550,0.01998550,21003,64,0
9515.99611313,9515.99666669,939.75112683,939.73899901,0.04911133,3246.64925198,0.01998550,0.01998550,21002,64,0
9516.44939093,9516.44978434,949.68344571,949.67481773,0.05197622,3247.05448128,0.01998550,0.01998550,21001,64,0
9516.90223019,9516.90294515,959.62748436,959.61178640,0.04898608,3247.45818092,0.01998549,0.01998550,21000,64,0
9517.35604527,9517.35614913,969.58441115,969.58212802,0.05018203,3247.86165162,0.01998550,0.01998550,20999,64,0
9517.80961635,9517.80939628,979.55424237,979.55908579,0.04392869,3248.26380095,0.01998550,0.01998550,20998,64,0
9518.26229775,9518.26268662,989.53605333,989.52748570,0.04637011,3248.66401762,0.01998550,0.01998550,20997,64,0
9518.71609989,9518.71602014,999.52888626,999.53064509,0.05095076,3249.06403437,0.01998550,0.01998550,20996,64,0
9519.16898636,9519.16939686,1009.53218540,1009.52312373,0.05175079,3249.46202821,0.01998550,0.01998550,20995,64,0
9519.62371248,9519.62281677,1019.54650022,1019.56629339,0.04836648,3249.86043381,0.01998550,0.01998550,20994,64,0
9520.07579588,9520.07627989,1029.57257034,1029.56186289,0.04674388,3250.25535118,0.01998550,0.01998550,20993,64,0
9520.52988402,9520.52978623,1039.61107455,1039.61324044,0.04839546,3250.65086381,0.01998550,0.01998550,20992,64,0
9520.98370269,9520.98333578,1049.66200602,1049.67014151,0.04455179,3251.04497817,0.01998550,0.01998550,20991,64,0
9521.43599936,9521.43692855,1059.72494652,1059.70432137,0.04581219,3251.43659144,0.01998549,0.01998550,20990,64,0
9521.89119137,9521.89056456,1069.79947147,1069.81339912,0.05082277,3251.82950078,0.01998550,0.01998550,20989,64,0
9522.34410842,9522.34424380,1079.88536034,1079.88234921,0.05350642,3252.21922698,0.01998550,0.01998550,20988,64,0
9522.79840811,9522.79796628,1089.98276602,1089.99260397,0.05355577,3252.60892156,0.01998550,0.01998550,20987,64,0
9523.25205290,9523.25173201,1100.09188196,1100.09903470,0.05431498,3252.99683587,0.01998550,0.01998550,20986,64,0
9523.70680567,9523.70554100,1110.21296232,1110.24118338,0.04991023,3253.38447980,0.01998550,0.01998550,20985,64,0
9524.15918930,9524.15939325,1120.34661589,1120.34205933,0.05127469,3253.76891192,0.01998550,0.01998550,20984,64,0
9524.61299611,9524.61328877,1130.49358587,1130.48703916,0.04861391,3254.15338082,0.01998549,0.01998550,20983,64,0
9525.06675102,9525.06722756,1140.65458630,1140.64391250,0.05126253,3254.53665210,0.01998549,0.01998550,20982,64,0
9525.52004923,9525.52120963,1150.82944194,1150.80341915,0.05437354,3254.91837267,0.01998549,0.01998550,20981,64,0
9525.97538793,9525.97523499,1161.01702449,1161.02045807,0.05369348,3255.30059046,0.01998550,0.01998550,20980,64,0
9526.42987868,9526.42930363,1171.21615151,1171.22907415,0.05436844,3255.68082599,0.01998550,0.01998550,20979,64,0
9526.88371757,9526.88341558,1181.42617593,1181.43296921,0.04777970,3256.05922026,0.01998550,0.01998550,20978,64,0
9527.33741632,9527.33757083,1191.64807372,1191.64459407,0.04851543,3256.43623416,0.01998549,0.01998550,20977,64,0
9527.79218134,9527.79176939,1201.88313116,1201.89241994,0.05435055,3256.81290797,0.01998550,0.01998550,20976,64,0
9528.24644139,9528.24601127,1212.13250350,1212.14221489,0.05480713,3257.18797399,0.01998550,0.01998550,20975,64,0
9528.70029672,9528.70029648,1222.39606034,1222.39606594,0.04831341,3257.56150701,0.01998550,0.01998550,20974,64,0
9529.15408453,9529.15462501,1232.67297224,1232.66073951,0.04838565,3257.93374977,0.01998549,0.01998550,20973,64,0
9529.60846989,9529.60899688,1242.96240919,1242.95046905,0.05047422,3258.30520951,0.01998549,0.01998550,20972,64,0
9530.06365186,9530.06341208,1253.26407386,1253.26951262,0.04932905,3258.67602643,0.01998550,0.01998550,20971,64,0
9530.51761375,9530.51787064,1263.57839971,1263.57256597,0.04915444,3259.04456913,0.01998549,0.01998550,20970,64,0
9530.97258106,9530.97237255,1273.90587583,1273.91061651,0.05446678,3259.41265666,0.01998550,0.01998550,20969,64,0
9531.42679936,9531.42691782,1284.24687184,1284.24417523,0.05019687,3259.77887536,0.01998550,0.01998550,20968,64,0
9531.88224791,9531.88150646,1294.60133114,1294.61822978,0.04512430,3260.14481056,0.01998550,0.01998550,20967,64,0
9532.33549667,9532.33613847,1304.96910328,1304.95445859,0.05138093,3260.50769879,0.01998549,0.01998550,20966,64,0
9532.79133291,9532.79081386,1315.35003354,1315.36189105,0.05088570,3260.87135952,0.01998550,0.01998550,20965,64,0
9533.24491819,9533.24553264,1325.74393705,1325.72988415,0.05048424,3261.23191861,0.01998549,0.01998550,20964,64,0
9533.70154950,9533.70029481,1336.15061148,1336.17933975,0.04747180,3261.59357002,0.01998550,0.01998550,20963,64,0
9534.15551530,9534.15510037,1346.56986403,1346.57937504,0.05405127,3261.95177584,0.01998550,0.01998550,20962,64,0
9534.60978715,9534.60994934,1357.00190402,1356.99818207,0.06186901,3262.30889241,0.01998550,0.01998550,20961,64,0
9535.06504595,9535.06484172,1367.44744598,1367.45213872,0.04874225,3262.66546754,0.01998550,0.01998550,20960,64,0
9535.51958114,9535.51977751,1377.90724116,1377.90272318,0.05457058,3263.02017923,0.01998549,0.01998550,20959,64,0
9535.97474105,9535.97475673,1388.38172591,1388.38136479,0.05142134,3263.37408800,0.01998550,0.01998550,20958,64,0
9536.42899180,9536.42977937,1398.87044399,1398.85227850,0.05464106,3263.72598005,0.01998549,0.01998550,20957,64,0
9536.88430937,9536.88484546,1409.37278020,1409.36040095,0.05335857,3264.07735808,0.01998549,0.01998550,20956,64,0
9537.33985042,9537.33995498,1419.88818421,1419.88576705,0.05585211,3264.42754067,0.01998550,0.01998550,20955,64,0
9537.79516427,9537.79510795,1430.41655444,1430.41785794,0.05405368,3264.77617174,0.01998550,0.01998550,20954,64,0
9538.24984578,9538.25030437,1440.95796939,1440.94734326,0.05252783,3265.12294136,0.01998549,0.01998550,20953,64,0
9538.70624134,9538.70554425,1451.51254493,1451.52871630,0.04696928,3265.46963161,0.01998550,0.01998550,20952,64,0
9539.16098833,9539.16082760,1462.08100002,1462.08473337,0.05308752,3265.81370488,0.01998550,0.01998550,20951,64,0
9539.61619504,9539.61615442,1472.66455500,1472.66549970,0.05104227,3266.15679447,0.01998549,0.01998550,20950,64,0
9540.07164716,9540.07152472,1483.26443665,1483.26728896,0.05656895,3266.49876785,0.01998550,0.01998550,20949,64,0
9540.52602362,9540.52693851,1493.88072089,1493.85937955,0.05116198,3266.83863114,0.01998549,0.01998550,20948,64,0
9540.98276584,9540.98239578,1504.51163162,1504.52027427,0.04622895,3267.17888810,0.01998550,0.01998550,20947,64,0
9541.43796660,9541.43789655,1515.15521303,1515.15685062,0.05223430,3267.51655519,0.01998550,0.01998550,20946,64,0
9541.89323549,9541.89344083,1525.81028855,1525.80548314,0.04904863,3267.85279025,0.01998550,0.01998550,20945,64,0
9542.34834292,9542.34902861,1536.47814608,1536.46208037,0.04932167,3268.18745893,0.01998549,0.01998550,20944,64,0
9542.80508663,9542.80465992,1547.16056375,1547.17057522,0.05197685,3268.52192555,0.01998550,0.01998550,20943,64,0
9543.26034243,9543.26033474,1557.85904093,1557.85922172,0.04874937,3268.85394094,0.01998550,0.01998550,20942,64,0
9543.71598651,9543.71605309,1568.57329743,1568.57173094,0.05390798,3269.18486183,0.01998549,0.01998550,20941,64,0
9544.17191131,9544.17181498,1579.30237375,1579.30464301,0.05209191,3269.51456989,0.01998550,0.01998550,20940,64,0
9544.62799953,9544.62762040,1590.04537806,1590.05431903,0.05276230,3269.84294374,0.01998550,0.01998550,20939,64,0
9545.08369251,9545.08346938,1600.80236025,1600.80762883,0.05159900,3270.16957699,0.01998550,0.01998550,20938,64,0
9545.53872290,9545.53936191,1611.57401060,1611.55890260,0.05306423,3270.49429697,0.01998549,0.01998550,20937,64,0
9545.99463403,9545.99529799,1622.36101928,1622.34529997,0.05421358,3270.81821745,0.01998549,0.01998550,20936,64,0
9546.45120939,9546.45127765,1633.16357248,1633.16195432,0.05119632,3271.14117530,0.01998549,0.01998550,20935,64,0
9546.90742645,9546.90730087,1643.98128329,1643.98426411,0.05235316,3271.46242665,0.01998550,0.01998550,20934,64,0
9547.36291577,9547.36336768,1654.81373426,1654.80299404,0.05216341,3271.78169679,0.01998549,0.01998550,20933,64,0
9547.81929739,9547.81947806,1665.66084593,1665.65654648,0.05000743,3272.10011087,0.01998549,0.01998550,20932,64,0
9548.27575908,9548.27563204,1676.52316266,1676.52618980,0.04259946,3272.41710606,0.01998550,0.01998550,20931,64,0
9548.73248429,9548.73182962,1687.40129965,1687.41692145,0.05250178,3272.73281839,0.01998550,0.01998550,20930,64,0
9549.18779633,9549.18807080,1698.29559565,1698.28903723,0.05037995,3273.04609621,0.01998549,0.01998550,20929,64,0
9549.64507354,9549.64435559,1709.20556568,1709.22274357,0.05025313,3273.35923940,0.01998550,0.01998550,20928,64,0
9550.10125059,9550.10068399,1720.13056969,1720.14414302,0.05488090,3273.67011860,0.01998550,0.01998550,20927,64,0
9550.55763274,9550.55705602,1731.07014569,1731.08397879,0.05305508,3273.97960729,0.01998550,0.01998550,20926,64,0
9551.01299144,9551.01347167,1742.02468073,1742.01314713,0.05117323,3274.28688011,0.01998549,0.01998550,20925,64,0
9551.46975824,9551.46993096,1752.99481258,1752.99065882,0.04941382,3274.59358622,0.01998549,0.01998550,20924,64,0
9551.92706265,9551.92643389,1763.98111236,1763.99625472,0.05407550,3274.89913945,0.01998550,0.01998550,20923,64,0
9552.38194219,9552.38298047,1774.98364101,1774.95860198,0.05065605,3275.20156337,0.01998549,0.01998550,20922,64,0
9552.83896047,9552.83957070,1786.00223560,1785.98749939,0.05568376,3275.50388090,0.01998549,0.01998550,20921,64,0
9553.29649707,9553.29620459,1797.03673249,1797.04380501,0.05110222,3275.80499425,0.01998550,0.01998550,20920,64,0
9553.75252291,9553.75288215,1808.08698531,1808.07828702,0.05392615,3276.10356116,0.01998549,0.01998550,20919,64,0
9554.20920643,9554.20960337,1819.15285787,1819.14323410,0.04942073,3276.40099414,0.01998549,0.01998550,20918,64,0
9554.66720093,9554.66636828,1830.23422978,1830.25444350,0.04836710,3276.69769745,0.01998550,0.01998550,20917,64,0
9555.12269637,9555.12317687,1841.33126267,1841.31958228,0.04873091,3276.99120550,0.01998549,0.01998550,20916,64,0
9555.58059939,9555.58002916,1852.44435378,1852.45823440,0.04973332,3277.28468300,0.01998550,0.01998550,20915,64,0
9556.03662275,9556.03692513,1863.57391132,1863.56654045,0.05034533,3277.57538202,0.01998549,0.01998550,20914,64,0
9556.49378237,9556.49386482,1874.72036082,1874.71834815,0.05529802,3277.86523162,0.01998549,0.01998550,20913,64,0
9556.94966045,9556.95084821,1885.88414627,1885.85510861,0.05422329,3278.15270247,0.01998549,0.01998550,20912,64,0
9557.40669289,9557.40787532,1897.06569974,1897.03674904,0.05256164,3278.43933350,0.01998549,0.01998550,20911,64,0
9557.86452525,9557.86494615,1908.26478318,1908.25446312,0.04858196,3278.72487726,0.01998549,0.01998550,20910,64,0
9558.32209820,9558.32206071,1919.48025955,1919.48118003,0.05225159,3279.00863257,0.01998550,0.01998550,20909,64,0
9558.77983797,9558.77921900,1930.71093515,1930.72615002,0.05647225,3279.29082594,0.01998550,0.01998550,20908,64,0
9559.23598570,9559.23642104,1941.95663336,1941.94591827,0.05415332,3279.57036876,0.01998549,0.01998550,20907,64,0
9559.69285231,9559.69366682,1953.21882228,1953.19874583,0.04882254,3279.84871057,0.01998549,0.01998550,20906,64,0
9560.15326128,9560.15095636,1964.49912113,1964.55602373,0.05765085,3280.12758004,0.01998550,0.01998550,20905,64,0
9560.60693756,9560.60828966,1975.79812666,1975.76469652,0.04627635,3280.40077560,0.01998549,0.01998550,20904,64,0
9561.06620059,9561.06566672,1987.11450944,1987.12772724,0.04947389,3280.67568003,0.01998550,0.01998550,20903,64,0
9561.52184851,9561.52308756,1998.44672163,1998.41600659,0.04971744,3280.94672901,0.01998549,0.01998550,20902,64,0
9561.98005788,9561.98055217,2009.79391948,2009.78165103,0.05410449,3281.21757443,0.01998549,0.01998550,20901,64,0
9562.43874714,9562.43806057,2021.15675240,2021.17381561,0.04778511,3281.48697640,0.01998550,0.01998550,20900,64,0
9562.89596605,9562.89561276,2032.53606389,2032.54485641,0.05580758,3281.75380684,0.01998550,0.01998550,20899,64,0
9563.35314201,9563.35320875,2043.93272931,2043.93106605,0.05549964,3282.01891909,0.01998549,0.01998550,20898,64,0
9563.81029919,9563.81084854,2055.34768672,2055.33397357,0.04946992,3282.28234009,0.01998549,0.01998550,20897,64,0
9564.26926306,9564.26853214,2066.78188850,2066.80016376,0.04929142,3282.54512417,0.01998550,0.01998550,20896,64,0
9564.72675105,9564.72625956,2078.23583658,2078.24814507,0.04919203,3282.80539140,0.01998550,0.01998550,20895,64,0
9565.18324992,9565.18403080,2089.70895981,2089.68937351,0.05365732,3283.06340917,0.01998549,0.01998550,20894,64,0
9565.64153008,9565.64184588,2101.20052784,2101.19259527,0.05412412,3283.32071270,0.01998549,0.01998550,20893,64,0
9566.09974935,9566.09970478,2112.70997978,2112.71110084,0.05348296,3283.57623597,0.01998549,0.01998550,20892,64,0
9566.55715359,9566.55760753,2124.23716320,2124.22572743,0.04870967,3283.82955083,0.01998549,0.01998550,20891,64,0
9567.01558895,9567.01555413,2135.78198437,2135.78286277,0.05499850,3284.08166717,0.01998549,0.01998550,20890,64,0
9567.47352834,9567.47354458,2147.34458099,2147.34417076,0.05186163,3284.33173588,0.01998549,0.01998550,20889,64,0
9567.93272642,9567.93157889,2158.92561561,2158.95465237,0.05036488,3284.58071560,0.01998550,0.01998550,20888,64,0
9568.39081275,9568.38965707,2170.52582637,2170.55511578,0.04729069,3284.82732621,0.01998550,0.01998550,20887,64,0
9568.84927442,9568.84777912,2182.14561135,2182.18356809,0.04295462,3285.07237079,0.01998550,0.01998550,20886,64,0
9569.30608594,9569.30594505,2193.78464981,2193.78823172,0.05006491,3285.31475718,0.01998550,0.01998550,20885,64,0
9569.76374756,9569.76415487,2205.44252739,2205.43215678,0.05086638,3285.55579813,0.01998549,0.01998550,20884,64,0
9570.22204376,9570.22240858,2217.11880331,2217.10950107,0.05693908,3285.79535250,0.01998550,0.01998550,20883,64,0
9570.68013846,9570.68070618,2228.81299111,2228.79849454,0.05046613,3286.03296119,0.01998549,0.01998550,20882,64,0
9571.13868517,9571.13904770,2240.52460411,2240.51533453,0.05029899,3286.26894252,0.01998550,0.01998550,20881,64,0
9571.59716728,9571.59743312,2252.25373869,2252.24693157,0.05169946,3286.50302100,0.01998550,0.01998550,20880,64,0
9572.05614703,9572.05586246,2264.00142827,2264.00872626,0.05142193,3286.73549221,0.01998550,0.01998550,20879,64,0
9572.51458560,9572.51433572,2275.76878610,2275.77520474,0.04843893,3286.96584218,0.01998550,0.01998550,20878,64,0
9572.97334281,9572.97285292,2287.55638823,2287.56899260,0.05295205,3287.19450493,0.01998550,0.01998550,20877,64,0
9573.43124958,9573.43141405,2299.36409193,2299.35985344,0.04766993,3287.42088751,0.01998550,0.01998550,20876,64,0
9573.88974008,9573.89001912,2311.19169533,2311.18449306,0.05154232,3287.64568607,0.01998550,0.01998550,20875,64,0
9574.34817343,9574.34866815,2323.03879125,2323.02600296,0.05225364,3287.86856496,0.01998549,0.01998550,20874,64,0
9574.80684281,9574.80736112,2334.90475300,2334.89133494,0.05421547,3288.08964363,0.01998549,0.01998550,20873,64,0
9575.26558622,9575.26609806,2346.78901027,2346.77574049,0.05063841,3288.30882157,0.01998549,0.01998550,20872,64,0
9575.72387922,9575.72487897,2358.69219274,2358.66623363,0.05122680,3288.52585228,0.01998549,0.01998550,20871,64,0
9576.18392894,9576.18370385,2370.61592525,2370.62177968,0.05070065,3288.74179189,0.01998550,0.01998550,20870,64,0
9576.64215231,9576.64257271,2382.56171794,2382.55076382,0.05590622,3288.95497483,0.01998549,0.01998550,20869,64,0
9577.10184525,9577.10148556,2394.52937490,2394.53876283,0.05082252,3289.16692132,0.01998550,0.01998550,20868,64,0
9577.56070201,9577.56044240,2406.51764947,2406.52443581,0.04785242,3289.37653078,0.01998550,0.01998550,20867,64,0
9578.02002880,9578.01944325,2418.52542110,2418.54075121,0.05035938,3289.58437184,0.01998550,0.01998550,20866,64,0
9578.47726120,9578.47848809,2430.55264365,2430.52047367,0.04544604,3289.78928344,0.01998549,0.01998550,20865,64,0
9578.93820522,9578.93757695,2442.59973790,2442.61623755,0.05555297,3289.99385368,0.01998550,0.01998550,20864,64,0
9579.39653066,9579.39670983,2454.66724756,2454.66253457,0.05502542,3290.19526438,0.01998549,0.01998550,20863,64,0
9579.85677863,9579.85588673,2466.75625821,2466.77976019,0.05108430,3290.39552251,0.01998550,0.01998550,20862,64,0
9580.31442390,9580.31510767,2478.86801947,2478.84996878,0.05177381,3290.59267212,0.01998549,0.01998550,20861,64,0
9580.77443208,9580.77437264,2491.00302780,2491.00459977,0.05383869,3290.78884943,0.01998550,0.01998550,20860,64,0
9581.23292735,9581.23368166,2503.15956513,2503.13958526,0.04851906,3290.98235619,0.01998549,0.01998550,20859,64,0
9581.69261435,9581.69303472,2515.33550922,2515.32435871,0.05082163,3291.17429106,0.01998550,0.01998550,20858,64,0
9582.15252329,9582.15243184,2527.53000733,2527.53243645,0.04908824,3291.36421577,0.01998550,0.01998550,20857,64,0
9582.61152215,9582.61187303,2539.74453091,2539.73519489,0.05264529,3291.55168001,0.01998550,0.01998550,20856,64,0
9583.07103900,9583.07135828,2551.98077378,2551.97226386,0.05304887,3291.73728434,0.01998550,0.01998550,20855,64,0
9583.53158795,9583.53088761,2564.23938169,2564.25808015,0.05126523,3291.92122364,0.01998550,0.01998550,20854,64,0
9583.98974719,9583.99046103,2576.51981960,2576.50072928,0.05308572,3292.10212040,0.01998549,0.01998550,20853,64,0
9584.45022049,9584.45007853,2588.82153614,2588.82533903,0.05266522,3292.28181236,0.01998550,0.01998550,20852,64,0
9584.90965843,9584.90974012,2601.14460269,2601.14241088,0.05152321,3292.45897299,0.01998550,0.01998550,20851,64,0
9585.36940933,9585.36944582,2613.48951008,2613.48852958,0.04970130,3292.63412243,0.01998549,0.01998550,20850,64,0
9585.82931908,9585.82919562,2625.85676830,2625.86009240,0.04976394,3292.80719374,0.01998550,0.01998550,20849,64,0
9586.28995023,9586.28898954,2638.24693170,2638.27284273,0.04547505,3292.97838771,0.01998550,0.01998550,20848,64,0
9586.74972609,9586.74882757,2650.66057488,2650.68485313,0.05063329,3293.14711436,0.01998550,0.01998550,20847,64,0
9587.20891159,9587.20870974,2663.09804855,2663.10351251,0.04862653,3293.31347268,0.01998549,0.01998550,20846,64,0
9587.67006531,9587.66863603,2675.55900056,2675.59775883,0.05135548,3293.47836196,0.01998550,0.01998550,20845,64,0
9588.12853147,9588.12860647,2688.04294588,2688.04090870,0.05283553,3293.64010334,0.01998549,0.01998550,20844,64,0
9588.58839398,9588.58862105,2700.54980193,2700.54362292,0.05259183,3293.80013302,0.01998549,0.01998550,20843,64,0
9589.04931955,9589.04867978,2713.08012925,2713.09757010,0.05344214,3293.95831156,0.01998550,0.01998550,20842,64,0
9589.50861375,9589.50878267,2725.63449652,2725.62988310,0.04990387,3294.11371228,0.01998549,0.01998550,20841,64,0
9589.96923877,9589.96892972,2738.21258651,2738.22104162,0.04986379,3294.26732229,0.01998550,0.01998550,20840,64,0
9590.42894214,9590.42912095,2750.81335101,2750.80845098,0.05536749,3294.41836171,0.01998549,0.01998550,20839,64,0
9590.89026547,9590.88935635,2763.43597076,2763.46092558,0.05459966,3294.56763812,0.01998550,0.01998550,20838,64,0
9591.34993323,9591.34963594,2776.08130181,2776.08947669,0.05117526,3294.71408954,0.01998550,0.01998550,20837,64,0
9591.80950603,9591.80995971,2788.75087582,2788.73837734,0.04751148,3294.85823084,0.01998549,0.01998550,20836,64,0
9592.27078025,9592.27032768,2801.44578851,2801.45828001,0.05407756,3295.00061193,0.01998550,0.01998550,20835,64,0
9592.72974234,9592.73073986,2814.16588694,2814.13830234,0.05338171,3295.13998258,0.01998549,0.01998550,20834,64,0
9593.19054076,9593.19119624,2826.91080325,2826.89264375,0.04709521,3295.27758789,0.01998549,0.01998550,20833,64,0
9593.65060717,9593.65169684,2839.68030276,2839.65005909,0.05280178,3295.41263606,0.01998549,0.01998550,20832,64,0
9594.11196002,9594.11224166,2852.47431868,2852.46648743,0.04803822,3295.54570068,0.01998550,0.01998550,20831,64,0
9594.57294158,9594.57283071,2865.29276589,2865.29585426,0.04951064,3295.67628180,0.01998550,0.01998550,20830,64,0
9595.03273471,9595.03346400,2878.13529367,2878.11494327,0.05097799,3295.80414269,0.01998549,0.01998550,20829,64,0
9595.49398106,9595.49414152,2891.00140114,2890.99691582,0.04806049,3295.92999735,0.01998550,0.01998550,20828,64,0
9595.95525615,9595.95486329,2903.89097469,2903.90197557,0.04917530,3296.05343099,0.01998550,0.01998550,20827,64,0
9596.41578320,9596.41562932,2916.80527406,2916.80959131,0.04766356,3296.17423976,0.01998550,0.01998550,20826,64,0
9596.87721357,9596.87643960,2929.74584723,2929.76760357,0.05252501,3296.29285550,0.01998550,0.01998550,20825,64,0
9597.33779895,9597.33729415,2942.71316539,2942.72738265,0.05039920,3296.40881740,0.01998550,0.01998550,20824,64,0
9597.79908817,9597.79819298,2955.70621239,2955.73147161,0.04953669,3296.52249231,0.01998550,0.01998550,20823,64,0
9598.25934903,9598.25913608,2968.72401691,2968.73003623,0.05079806,3296.63343303,0.01998550,0.01998550,20822,64,0
9598.71985400,9598.72012347,2981.76711935,2981.75948769,0.05171488,3296.74194290,0.01998549,0.01998550,20821,64,0
9599.18145338,9599.18115515,2994.83689233,2994.84535525,0.05445397,3296.84820786,0.01998550,0.01998550,20820,64,0
9599.64300450,9599.64223113,3007.93432639,3007.95631699,0.05235681,3296.95194863,0.01998550,0.01998550,20819,64,0
9600.10301464,9600.10335142,3021.05919591,3021.04960075,0.05336031,3297.05282491,0.01998549,0.01998550,20818,64,0
9600.56444306,9600.56451601,3034.21106237,3034.20897994,0.04869492,3297.15146749,0.01998549,0.01998550,20817,64,0
9601.02621065,9601.02572492,3047.39003866,3047.40393225,0.03945395,3297.24761620,0.01998550,0.01998550,20816,64,0
9601.48761868,9601.48697816,3060.59683904,3060.61519756,0.04946269,3297.34111492,0.01998550,0.01998550,20815,64,0
9601.94905680,9601.94827573,3073.83192596,3073.85435812,0.05106492,3297.43203219,0.01998550,0.01998550,20814,64,0
9602.40888046,9602.40961763,3087.09400802,3087.07279725,0.04908106,3297.52003241,0.01998549,0.01998550,20813,64,0
9602.86960681,9602.87100387,3100.38113276,3100.34086546,0.04864920,3297.60557533,0.01998549,0.01998550,20812,64,0
9603.33177956,9603.33243447,3113.69289573,3113.67398455,0.05633848,3297.68872469,0.01998549,0.01998550,20811,64,0
9603.79484773,9603.79390942,3127.03180146,3127.05895150,0.05115766,3297.76936160,0.01998550,0.01998550,20810,64,0
9604.25548614,9604.25542873,3140.40046711,3140.40213186,0.04918836,3297.84691933,0.01998550,0.01998550,20809,64,0
9604.71760600,9604.71699242,3153.79900871,3153.81683843,0.05599504,3297.92204761,0.01998550,0.01998550,20808,64,0
9605.17870098,9605.17860047,3167.22599293,3167.22891914,0.05053637,3297.99430976,0.01998550,0.01998550,20807,64,0
9605.64036769,9605.64025291,3180.68055529,3180.68390372,0.04517914,3298.06393881,0.01998550,0.01998550,20806,64,0
9606.10196630,9606.10194974,3194.16353355,3194.16401771,0.04961623,3298.13082160,0.01998550,0.01998550,20805,64,0
9606.56397485,9606.56369096,3207.67601223,3207.68432870,0.05355228,3298.19501256,0.01998550,0.01998550,20804,64,0
9607.02623588,9607.02547658,3221.21801782,3221.24030730,0.04713613,3298.25646640,0.01998550,0.01998550,20803,64,0
9607.48772133,9607.48730661,3234.78867387,3234.80087241,0.05057924,3298.31502989,0.01998550,0.01998550,20802,64,0
9607.94916631,9607.94918105,3248.38745549,3248.38702111,0.04824987,3298.37078459,0.01998549,0.01998550,20801,64,0
9608.41124952,9608.41109991,3262.01527831,3262.01969696,0.05182198,3298.42379380,0.01998550,0.01998550,20800,64,0
9608.87224918,9608.87306320,3275.67337248,3275.64927979,0.04848086,3298.47385118,0.01998549,0.01998550,20799,64,0
9609.33547651,9609.33507092,3289.36226157,3289.37429175,0.04705939,3298.52128928,0.01998550,0.01998550,20798,64,0
9609.79762240,9609.79712308,3303.08175415,3303.09659611,0.05014081,3298.56573942,0.01998550,0.01998550,20797,64,0
9610.25900032,9610.25921968,3316.83164007,3316.82510611,0.04939073,3298.60723002,0.01998549,0.01998550,20796,64,0
9610.72162950,9610.72136074,3330.61177012,3330.61979241,0.04964307,3298.64591938,0.01998550,0.01998550,20795,64,0
9611.18380279,9611.18354625,3344.42203953,3344.42971290,0.05056022,3298.68163874,0.01998550,0.01998550,20794,64,0
9611.64580351,9611.64577623,3358.26306708,3358.26388487,0.05122300,3298.71439916,0.01998549,0.01998550,20793,64,0
9612.10843848,9612.10805068,3372.13622245,3372.14787383,0.04204233,3298.74423760,0.01998550,0.01998550,20792,64,0
9612.57023580,9612.57036961,3386.04248851,3386.03845910,0.05287886,3298.77104336,0.01998549,0.01998550,20791,64,0
9613.03201063,9613.03273302,3399.98114352,3399.95934223,0.04857931,3298.79485075,0.01998549,0.01998550,20790,64,0
9613.49532224,9613.49514093,3413.95108092,3413.95656439,0.05180484,3298.81570405,0.01998550,0.01998550,20789,64,0
9613.95727512,9613.95759333,3427.95207364,3427.94242943,0.04805063,3298.83345188,0.01998549,0.01998550,20788,64,0
9614.41914518,9614.42009023,3441.98470454,3441.95599962,0.04924845,3298.84813914,0.01998549,0.01998550,20787,64,0
9614.88312127,9614.88263164,3456.04962713,3456.06453233,0.04526593,3298.85979636,0.01998550,0.01998550,20786,64,0
9615.34441589,9615.34521757,3470.14760922,3470.12314897,0.04332631,3298.86828962,0.01998549,0.01998550,20785,64,0
9615.80782083,9615.80784802,3484.27938104,3484.27854941,0.04453272,3298.87369272,0.01998550,0.01998550,20784,64,0
9616.27081742,9616.27052300,3498.44479807,3498.45382221,0.04378533,3298.87593813,0.01998550,0.01998550,20783,64,0
9616.73371383,9616.73324251,3512.64309710,3512.65757487,0.05027101,3298.87501182,0.01998550,0.01998550,20782,64,0
9617.19611401,9617.19600657,3526.87348464,3526.87679196,0.04850536,3298.87090074,0.01998550,0.01998550,20781,64,0
9617.65933635,9617.65881518,3541.13514138,3541.15121819,0.04924877,3298.86357048,0.01998550,0.01998550,20780,64,0
9618.12276431,9618.12166834,3555.42766925,3555.46154863,0.05369718,3298.85300108,0.01998550,0.01998550,20779,64,0
9618.58535089,9618.58456606,3569.75393657,3569.77825653,0.05525844,3298.83920097,0.01998550,0.01998550,20778,64,0
9619.04768449,9619.04750834,3584.11824760,3584.12372032,0.04547310,3298.82213757,0.01998549,0.01998550,20777,64,0
9619.51101849,9619.51049521,3598.52118918,3598.53748748,0.05031260,3298.80173184,0.01998550,0.01998550,20776,64,0
9619.97482046,9619.97352665,3612.95835268,3612.99873460,0.05407107,3298.77797482,0.01998550,0.01998550,20775,64,0
9620.43624676,9620.43660268,3627.42676396,3627.41563122,0.05305034,3298.75101723,0.01998549,0.01998549,20774,64,0
9620.89953227,9620.89972330,3641.93062922,3641.92463875,0.05383840,3298.72058855,0.01998549,0.01998549,20773,64,0
9621.36185896,9621.36288852,3656.47550439,3656.44312780,0.05028462,3298.68682834,0.01998549,0.01998549,20772,64,0
9621.82613106,9621.82609835,3671.06068309,3671.06171424,0.04376289,3298.64948928,0.01998549,0.01998549,20771,64,0
9622.28932229,9622.28935280,3685.68100559,3685.68004195,0.04652664,3298.60879437,0.01998549,0.01998549,20770,64,0
9622.75357123,9622.75265186,3700.33431092,3700.36342250,0.05165939,3298.56454047,0.01998550,0.01998549,20769,64,0
9623.21623655,9623.21599554,3715.02417631,3715.03182701,0.04358730,3298.51695249,0.01998550,0.01998549,20768,64,0
9623.67897844,9623.67938386,3729.75388449,3729.74098070,0.05081204,3298.46584178,0.01998549,0.01998549,20767,64,0
9624.14343201,9624.14281682,3744.52200151,3744.54162893,0.04799006,3298.41098720,0.01998550,0.01998549,20766,64,0
9624.60620153,9624.60629442,3759.32575181,3759.32278164,0.04788202,3298.35277618,0.01998550,0.01998549,20765,64,0
9625.06972311,9625.06981667,3774.16471158,3774.16171280,0.04559707,3298.29089214,0.01998550,0.01998549,20764,64,0
9625.53274904,9625.53338358,3789.04030960,3789.01992297,0.04229313,3298.22546985,0.01998549,0.01998549,20763,64,0
9625.99690085,9625.99699515,3803.95370768,3803.95067044,0.04665871,3298.15624383,0.01998550,0.01998549,20762,64,0
9626.46083667,9626.46065140,3818.90547825,3818.91146019,0.04567078,3298.08337628,0.01998550,0.01998549,20761,64,0
9626.92421496,9626.92435232,3833.89603884,3833.89159256,0.05117764,3298.00690309,0.01998549,0.01998549,20760,64,0
9627.38758556,9627.38809793,3848.92538146,3848.90875568,0.04916361,3297.92671530,0.01998549,0.01998549,20759,64,0
9627.85258507,9627.85188822,3863.99355144,3864.01622032,0.04784134,3297.84248468,0.01998550,0.01998549,20758,64,0
9628.31578450,9628.31572322,3879.10246425,3879.10446322,0.04326942,3297.75479794,0.01998549,0.01998549,20757,64,0
9628.77989219,9628.77960291,3894.25513725,3894.26460016,0.04432268,3297.66310808,0.01998549,0.01998549,20756,64,0
9629.24281532,9629.24352732,3909.45158201,3909.42822924,0.03915581,3297.56780327,0.01998549,0.01998549,20755,64,0
9629.70783632,9629.70749644,3924.68789272,3924.69906720,0.05017822,3297.46819345,0.01998550,0.01998549,20754,64,0
9630.17249020,9630.17151028,3939.96243277,3939.99473224,0.05382964,3297.36477010,0.01998550,0.01998549,20753,64,0
9630.63599352,9630.63556885,3955.28031665,3955.29435552,0.04244005,3297.25766530,0.01998550,0.01998549,20752,64,0
9631.10041060,9631.09967216,3970.64607922,3970.67056290,0.04580789,3297.14634304,0.01998550,0.01998549,20751,64,0
9631.56387423,9631.56382021,3986.05465628,3986.05645169,0.04906365,3297.03125803,0.01998550,0.01998549,20750,64,0
9632.02711252,9632.02801301,4001.49848042,4001.46848860,0.05302783,3296.91227552,0.01998549,0.01998549,20749,64,0
9632.49265781,9632.49225056,4016.98049765,4016.99409828,0.05058128,3296.78867149,0.01998550,0.01998549,20748,64,0
9632.95662910,9632.95653287,4032.51046825,4032.51369240,0.04293407,3296.66136046,0.01998550,0.01998549,20747,64,0
9633.42059425,9633.42085995,4048.09070975,4048.08178133,0.04575969,3296.52988126,0.01998549,0.01998549,20746,64,0
9633.88551209,9633.88523181,4063.71449112,4063.72393262,0.04634666,3296.39397478,0.01998550,0.01998549,20745,64,0
9634.34979067,9634.34964844,4079.37769427,4079.38249695,0.04292587,3296.25411035,0.01998550,0.01998549,20744,64,0
nan,nan,0.00000000,-1.00000000,0.00000000,3296.11081181,nan,0.00000000,-2147483648,64,1
nan,nan,0.00000000,-1.00000000,0.00000000,3309.67092972,nan,0.00000000,-2147483648,63,1
9621.82714458,9621.82609835,10.66606943,10.68660407,0.05497407,3310.15664105,0.01998550,0.01998549,20771,63,0
9622.28941056,9622.28935280,19.76262271,19.76375758,0.05587356,3310.66293718,0.01998550,0.01998549,20770,63,0
9622.75302926,9622.75265186,28.86831936,28.87574028,0.05737677,3311.16988794,0.01998550,0.01998549,20769,63,0
9623.21640770,9623.21599554,37.98334199,37.99145380,0.06141587,3311.67575460,0.01998550,0.01998549,20768,63,0
9623.67915008,9623.67938386,47.10761923,47.10301404,0.05506603,3312.18009938,0.01998550,0.01998549,20767,63,0
9624.14490104,9624.14281682,56.24068757,56.28177927,0.04797374,3312.68685833,0.01998550,0.01998549,20766,63,0
9624.60701131,9624.60629442,65.38204749,65.39619254,0.05067593,3313.18876721,0.01998550,0.01998549,20765,63,0
9625.06859811,9625.06981667,74.53123000,74.50716857,0.05437176,3313.68919457,0.01998549,0.01998549,20764,63,0
9625.53298210,9625.53338358,83.68832984,83.68039593,0.05095967,3314.19173550,0.01998550,0.01998549,20763,63,0
9625.99662351,9625.99699515,92.85391480,92.84656421,0.05164052,3314.69258078,0.01998550,0.01998549,20762,63,0
9626.46074965,9626.46065140,102.02857044,102.03051543,0.05378263,3315.19308517,0.01998550,0.01998549,20761,63,0
9626.92482838,9626.92435232,111.21282009,111.22225361,0.05600070,3315.69269804,0.01998550,0.01998549,20760,63,0
9627.38855803,9627.38809793,120.40672918,120.41585525,0.04831612,3316.19109502,0.01998550,0.01998549,20759,63,0
9627.85259791,9627.85188822,129.61016595,129.62425556,0.04734391,3316.68897340,0.01998550,0.01998549,20758,63,0
9628.31603918,9628.31572322,138.82299712,138.82927569,0.05214241,3317.18534749,0.01998550,0.01998549,20757,63,0
9628.77957958,9628.77960291,148.04507184,148.04460783,0.05307976,3317.68095378,0.01998550,0.01998549,20756,63,0
9629.24386996,9629.24352732,157.27618514,157.28300599,0.04799838,3318.17647064,0.01998550,0.01998549,20755,63,0
9629.70694434,9629.70749644,166.51612020,166.50512058,0.04609243,3318.66978569,0.01998549,0.01998549,20754,63,0
9630.17167811,9630.17151028,175.76466445,175.76801090,0.05300359,3319.16394553,0.01998550,0.01998549,20753,63,0
9630.63578735,9630.63556885,185.02189883,185.02625951,0.05079431,3319.65651905,0.01998550,0.01998549,20752,63,0
9631.10072831,9631.09967216,194.28834130,194.30943861,0.05027049,3320.14907485,0.01998550,0.01998549,20751,63,0
9631.56262921,9631.56382021,203.56454812,203.54073354,0.04795335,3320.63754273,0.01998549,0.01998549,20750,63,0
9632.02814894,9632.02801301,212.85102972,212.85375057,0.05175535,3321.12898554,0.01998550,0.01998549,20749,63,0
9632.49212315,9632.49225056,222.14766588,222.14511321,0.05563981,3321.61793477,0.01998550,0.01998549,20748,63,0
9632.95648059,9632.95653287,231.45389496,231.45284652,0.04836549,3322.10639226,0.01998550,0.01998549,20747,63,0
9633.41998653,9633.42085995,240.76914301,240.75161323,0.05506920,3322.59302639,0.01998549,0.01998549,20746,63,0
9633.88711982,9633.88523181,250.09297504,250.13089913,0.05843554,3323.08250424,0.01998550,0.01998549,20745,63,0
9634.34953843,9634.34964844,259.42563514,259.42342330,0.05822455,3323.56609693,0.01998549,0.01998549,20744,63,0
9634.81437417,9634.81410987,268.76757252,268.77289107,0.05689519,3324.05128924,0.01998550,0.01998549,20743,63,0
9635.27749283,9635.27861608,278.11923779,278.09661293,0.05121541,3324.53378282,0.01998549,0.01998549,20742,63,0
9635.74411613,9635.74316710,287.48092873,287.50006312,0.04686928,3325.01902367,0.01998550,0.01998549,20741,63,0
9636.20879611,9636.20776292,296.85264783,296.87349927,0.04629322,3325.50133754,0.01998550,0.01998549,20740,63,0
9636.67341138,9636.67240356,306.23436412,306.25472333,0.05394620,3325.98267412,0.01998550,0.01998549,20739,63,0
9637.13769056,9637.13708901,315.62604939,315.63821291,0.05100399,3326.46274751,0.01998550,0.01998549,20738,63,0
9637.60149273,9637.60181930,325.02772242,325.02111260,0.05630362,3326.94141094,0.01998549,0.01998549,20737,63,0
9638.06623768,9638.06659441,334.43943983,334.43221245,0.04790543,3327.42012668,0.01998549,0.01998549,20736,63,0
9638.53208484,9638.53141436,343.86125958,343.87485679,0.05315906,3327.89905131,0.01998550,0.01998549,20735,63,0
9638.99688189,9638.99627916,353.29320041,353.30543540,0.05476164,3328.37596829,0.01998550,0.01998549,20734,63,0
9639.46113784,9639.46118881,362.73508512,362.73404934,0.04508607,3328.85139125,0.01998549,0.01998549,20733,63,0
9639.92643006,9639.92614332,372.18667475,372.19250616,0.05049282,3329.32691750,0.01998550,0.01998549,20732,63,0
9640.39152986,9640.39114269,381.64773093,381.65561195,0.05349919,3329.80127243,0.01998550,0.01998549,20731,63,0
9640.85666161,9640.85618694,391.11819498,391.12786584,0.05212822,3330.27467818,0.01998550,0.01998549,20730,63,0
9641.32166243,9641.32127606,400.59832683,400.60620609,0.05208106,3330.74697800,0.01998550,0.01998549,20729,63,0
9641.78700984,9641.78641007,410.08842042,410.10066345,0.05680275,3331.21866643,0.01998550,0.01998549,20728,63,0
9642.25105330,9642.25158897,419.58875522,419.57780975,0.05049914,3331.68808272,0.01998549,0.01998549,20727,63,0
9642.71768127,9642.71681277,429.09941631,429.11718002,0.05044069,3332.15915597,0.01998550,0.01998549,20726,63,0
9643.18296856,9643.18208146,438.62035941,438.63852134,0.05242599,3332.62791289,0.01998550,0.01998549,20725,63,0
9643.64917586,9643.64739508,448.15153764,448.18803197,0.05438717,3333.09662535,0.01998550,0.01998549,20724,63,0
9644.11261858,9644.11275360,457.69291517,457.69014548,0.05449336,3333.56158838,0.01998550,0.01998549,20723,63,0
9644.57932024,9644.57815705,467.24449610,467.26838001,0.05593584,3334.02883925,0.01998550,0.01998549,20722,63,0
9645.04353892,9645.04360543,476.80629338,476.80492633,0.05421509,3334.49262287,0.01998550,0.01998549,20721,63,0
9645.50809129,9645.50909875,486.37831503,486.35758837,0.05061806,3334.95575585,0.01998549,0.01998549,20720,63,0
9645.97447117,9645.97463701,495.96041526,495.95700020,0.05356664,3335.41970889,0.01998550,0.01998549,20719,63,0
9646.44019146,9646.44022022,505.55226766,505.55167483,0.04551494,3335.88198374,0.01998550,0.01998549,20718,63,0
9646.90661507,9646.90584839,515.15353350,515.16934940,0.04660519,3336.34391235,0.01998550,0.01998549,20717,63,0
9647.37014419,9647.37152151,524.76401140,524.73557368,0.04474156,3336.80192507,0.01998549,0.01998549,20716,63,0
9647.83685278,9647.83723961,534.38437062,534.37637586,0.05290540,3337.26205036,0.01998549,0.01998549,20715,63,0
9648.30292978,9648.30300268,544.01562091,544.01411266,0.04924352,3337.72056599,0.01998550,0.01998549,20714,63,0
9648.76926770,9648.76881074,553.65877112,553.66823675,0.04929922,3338.17839409,0.01998550,0.01998549,20713,63,0
9649.23466370,9649.23466378,563.31409072,563.31408909,0.04730227,3338.63436312,0.01998550,0.01998549,20712,63,0
9649.70034075,9649.70056182,572.98051405,572.97592512,0.04754591,3339.08961759,0.01998550,0.01998549,20711,63,0
9650.16590122,9650.16650486,582.65682940,582.64428820,0.05113452,3339.54370648,0.01998549,0.01998549,20710,63,0
9650.63254498,9650.63249291,592.34196748,592.34305022,0.05088220,3339.99774224,0.01998550,0.01998549,20709,63,0
9651.09806914,9651.09852597,602.03630191,602.02679472,0.04638151,3340.44959493,0.01998549,0.01998549,20708,63,0
9651.56424140,9651.56460405,611.74102006,611.73346493,0.05260271,3340.90103291,0.01998549,0.01998549,20707,63,0
9652.03233026,9652.03072716,621.45732398,621.49076016,0.04474204,3341.35332723,0.01998550,0.01998549,20706,63,0
9652.49790506,9652.49689531,631.18582384,631.20690803,0.05415853,3341.80222136,0.01998550,0.01998549,20705,63,0
9652.96417141,9652.96310849,640.92569228,640.94790935,0.05935934,3342.25076806,0.01998550,0.01998549,20704,63,0
9653.42847608,9653.42936673,650.67588427,650.65725125,0.05368422,3342.69636636,0.01998549,0.01998549,20703,63,0
9653.89651824,9653.89567001,660.43544721,660.45320783,0.04351074,3343.14443132,0.01998550,0.01998549,20702,63,0
9654.36087400,9654.36201836,670.20469045,670.18070632,0.04991219,3343.58786548,0.01998549,0.01998549,20701,63,0
9654.82814917,9654.82841178,679.98480056,679.97929078,0.05116403,3344.03302917,0.01998549,0.01998549,20700,63,0
9655.29480772,9655.29485026,689.77698865,689.77609495,0.05072575,3344.47659564,0.01998549,0.01998549,20699,63,0
9655.75952797,9655.76133383,699.58191497,699.54393618,0.05624933,3344.91734100,0.01998549,0.01998549,20698,63,0
9656.22708762,9656.22786249,709.39869153,709.38237830,0.05016817,3345.35974784,0.01998549,0.01998549,20697,63,0
9656.69341598,9656.69443623,719.22615687,719.20465753,0.05253665,3345.79990171,0.01998549,0.01998549,20696,63,0
9657.16091495,9657.16105508,729.06322726,729.06027188,0.05547527,3346.24001641,0.01998549,0.01998549,20695,63,0
9657.62825702,9657.62771903,738.91000250,738.92135966,0.05319423,3346.67883843,0.01998550,0.01998549,20694,63,0
9658.09461566,9658.09442810,748.76745603,748.77141965,0.04506788,3347.11563448,0.01998549,0.01998549,20693,63,0
9658.56198755,9658.56118228,758.63658739,758.65362390,0.05223614,3347.55231381,0.01998550,0.01998549,20692,63,0
9659.02744899,9659.02798159,768.51805195,768.50677102,0.05060300,3347.98617102,0.01998549,0.01998549,20691,63,0
9659.49433406,9659.49482604,778.41154808,778.40111634,0.04969692,3348.42029653,0.01998549,0.01998549,20690,63,0
9659.96207274,9659.96171562,788.31660889,788.32418921,0.05228261,3348.85412649,0.01998549,0.01998549,20689,63,0
9660.42899517,9660.42865034,798.23279727,798.24012391,0.04733175,3349.28608754,0.01998549,0.01998549,20688,63,0
9660.89506241,9660.89563022,808.16007954,808.14800255,0.05750816,3349.71614302,0.01998549,0.01998549,20687,63,0
9661.36275977,9661.36265526,818.09869513,818.10092032,0.06038681,3350.14658857,0.01998549,0.01998549,20686,63,0
9661.82995640,9661.82972546,828.04888982,828.05381221,0.05909796,3350.57546434,0.01998549,0.01998549,20685,63,0
9662.29718225,9662.29684083,838.01083387,838.01811903,0.05789994,3351.00326037,0.01998549,0.01998549,20684,63,0
9662.76434522,9662.76400139,847.98452047,847.99186508,0.06110786,3351.42988666,0.01998549,0.01998549,20683,63,0
9663.23140775,9663.23120712,857.96991769,857.97420795,0.05618145,3351.85530265,0.01998549,0.01998549,20682,63,0
9663.69852259,9663.69845805,867.96703399,867.96841572,0.05567859,3352.27964252,0.01998549,0.01998549,20681,63,0
9664.16544646,9664.16575417,877.97624520,877.96965029,0.04953777,3352.70269612,0.01998549,0.01998549,20680,63,0
9664.63341195,9664.63309550,887.99812475,888.00491482,0.05853740,3353.12559567,0.01998549,0.01998549,20679,63,0
9665.10032111,9665.10048204,898.03324348,898.02978589,0.04747271,3353.54646324,0.01998549,0.01998549,20678,63,0
9665.56827241,9665.56791380,908.08154991,908.08926325,0.05096318,3353.96718201,0.01998550,0.01998549,20677,63,0
9666.03520954,9666.03539078,918.14194061,918.13803821,0.05911304,3354.38585108,0.01998549,0.01998549,20676,63,0
9666.50271167,9666.50291300,928.21320370,928.20886480,0.05215675,3354.80383216,0.01998549,0.01998549,20675,63,0
9666.97087562,9666.97048045,938.29440612,938.30293043,0.05041419,3355.22116343,0.01998550,0.01998549,20674,63,0
9667.43733987,9667.43809314,948.38625070,948.36998537,0.05080036,3355.63576806,0.01998549,0.01998549,20673,63,0
9667.90568575,9667.90575108,958.49002778,958.48861535,0.05177442,3356.05087640,0.01998549,0.01998549,20672,63,0
9668.37330980,9668.37345428,968.60699640,968.60386911,0.04873786,3356.46422231,0.01998549,0.01998549,20671,63,0
9668.84095693,9668.84120275,978.73735567,978.73202880,0.05238749,3356.87646862,0.01998549,0.01998549,20670,63,0
9669.30757781,9669.30899648,988.88016301,988.84938669,0.05001924,3357.28664964,0.01998549,0.01998549,20669,63,0
9669.77652740,9669.77683549,999.03441327,999.02772294,0.05460453,3357.69766315,0.01998550,0.01998549,20668,63,0
9670.24476884,9670.24471979,1009.19946961,1009.20053587,0.05172375,3358.10681012,0.01998550,0.01998549,20667,63,0
9670.71269546,9670.71264937,1019.37587236,1019.37687520,0.05105566,3358.51445478,0.01998550,0.01998549,20666,63,0
9671.18046730,9671.18062425,1029.56439754,1029.56097862,0.05310571,3358.92076395,0.01998550,0.01998549,20665,63,0
9671.64841022,9671.64864443,1039.76575621,1039.76064817,0.05540283,3359.32604301,0.01998550,0.01998549,20664,63,0
9672.11699388,9672.11670992,1049.97993762,1049.98613759,0.06030210,3359.73068915,0.01998550,0.01998549,20663,63,0
9672.58546412,9672.58482073,1060.20650255,1060.22056602,0.05289512,3360.13402565,0.01998550,0.01998549,20662,63,0
9673.05384104,9673.05297686,1070.44500706,1070.46391649,0.05104319,3360.53604731,0.01998550,0.01998549,20661,63,0
9673.52080514,9673.52117832,1080.69524684,1080.68707258,0.05167302,3360.93561393,0.01998549,0.01998549,20660,63,0
9673.98861581,9673.98942512,1090.95739161,1090.93964535,0.06056837,3361.33466209,0.01998549,0.01998549,20659,63,0
9674.45733756,9674.45771725,1101.23164451,1101.22330948,0.05415066,3361.73324198,0.01998549,0.01998549,20658,63,0
9674.92513704,9674.92605474,1111.51829992,1111.49813184,0.04573033,3362.12980022,0.01998549,0.01998549,20657,63,0
9675.39364498,9675.39443758,1121.81803363,1121.80059362,0.05327655,3362.52573998,0.01998549,0.01998549,20656,63,0
9675.86283603,9675.86286579,1132.13162653,1132.13097098,0.04970602,3362.92105806,0.01998549,0.01998549,20655,63,0
9676.33116836,9676.33133936,1142.45977544,1142.45600296,0.04533001,3363.31447588,0.01998549,0.01998549,20654,63,0
9676.79909228,9676.79985831,1152.80204554,1152.78512588,0.05542467,3363.70635314,0.01998549,0.01998549,20653,63,0
9677.26777520,9677.26842264,1163.15721815,1163.14290226,0.05158362,3364.09761346,0.01998549,0.01998549,20652,63,0
9677.73730279,9677.73703236,1173.52406416,1173.53004963,0.05182080,3364.48826941,0.01998549,0.01998549,20651,63,0
9678.20547345,9678.20568747,1183.90228185,1183.89753979,0.05740019,3364.87647450,0.01998549,0.01998549,20650,63,0
9678.67458233,9678.67438799,1194.29307753,1194.29738859,0.05124853,3365.26417310,0.01998549,0.01998549,20649,63,0
9679.14234277,9679.14313391,1204.69780348,1204.68023104,0.05285314,3365.64952095,0.01998549,0.01998549,20648,63,0
9679.61145576,9679.61192525,1215.11743920,1215.10699730,0.05655709,3366.03477255,0.01998549,0.01998549,20647,63,0
9680.08058528,9680.08076201,1225.55147476,1225.54753919,0.05250249,3366.41879947,0.01998549,0.01998549,20646,63,0
9680.55031038,9680.54964420,1235.99903067,1236.01388293,0.05719027,3366.80203402,0.01998550,0.01998549,20645,63,0
9681.01864150,9681.01857182,1246.45930460,1246.46085985,0.05113650,3367.18282055,0.01998549,0.01998549,20644,63,0
9681.48826255,9681.48754488,1256.93232295,1256.94835892,0.04562238,3367.56333653,0.01998550,0.01998549,20643,63,0
9681.95681383,9681.95656340,1267.41859088,1267.42419338,0.04836584,3367.94168111,0.01998549,0.01998549,20642,63,0
9682.42653003,9682.42562736,1277.91861417,1277.93883287,0.06010338,3368.31967008,0.01998550,0.01998549,20641,63,0
9682.89528634,9682.89473679,1288.43260940,1288.44493391,0.05055991,3368.69559378,0.01998550,0.01998549,20640,63,0
9683.36431198,9683.36389169,1298.96044045,1298.96987741,0.05146420,3369.07042919,0.01998550,0.01998549,20639,63,0
9683.83382083,9683.83309206,1309.50194884,1309.51833190,0.04260638,3369.44433179,0.01998550,0.01998549,20638,63,0
9684.30345929,9684.30233791,1320.05696186,1320.08220056,0.05352379,3369.81700462,0.01998550,0.01998549,20637,63,0
9684.77206570,9684.77162925,1330.62527288,1330.63510730,0.05470933,3370.18751593,0.01998550,0.01998549,20636,63,0
9685.24145948,9685.24096608,1341.20666855,1341.21779873,0.04877603,3370.55729143,0.01998550,0.01998549,20635,63,0
9685.71092626,9685.71034841,1351.80105593,1351.81410615,0.05379018,3370.92575508,0.01998550,0.01998549,20634,63,0
9686.18048290,9686.17977625,1362.40899710,1362.42497558,0.05507368,3371.29293248,0.01998550,0.01998549,20633,63,0
9686.64953174,9686.64924961,1373.03127768,1373.03766543,0.05434832,3371.65837847,0.01998549,0.01998549,20632,63,0
9687.11751106,9687.11876848,1383.66862039,1383.64011365,0.05484619,3372.02167970,0.01998549,0.01998549,20631,63,0
9687.58844018,9687.58833289,1394.32093127,1394.32336679,0.05362438,3372.38593789,0.01998549,0.01998549,20630,63,0
9688.05705460,9688.05794282,1404.98757628,1404.96738921,0.05357166,3372.74704959,0.01998549,0.01998549,20629,63,0
9688.52740054,9688.52759830,1415.66791683,1415.66341708,0.05413601,3373.10810673,0.01998549,0.01998549,20628,63,0
9688.99731068,9688.99729932,1426.36163145,1426.36189010,0.05734090,3373.46742233,0.01998549,0.01998549,20627,63,0
9689.46761031,9689.46704590,1437.06878043,1437.08165271,0.05606325,3373.82562311,0.01998550,0.01998549,20626,63,0
9689.93697129,9689.93683804,1447.78944906,1447.79249171,0.05501667,3374.18169623,0.01998549,0.01998549,20625,63,0
9690.40638645,9690.40667575,1458.52407839,1458.51746459,0.04925593,3374.53640677,0.01998549,0.01998549,20624,63,0
9690.87552994,9690.87655902,1469.27386562,1469.25030639,0.04737403,3374.88954179,0.01998549,0.01998549,20623,63,0
9691.34596331,9691.34648788,1480.04011348,1480.02808626,0.05208651,3375.24230730,0.01998549,0.01998549,20622,63,0
9691.81657228,9691.81646233,1490.82354517,1490.82606982,0.04785923,3375.59387684,0.01998549,0.01998549,20621,63,0
9692.28648540,9692.28648237,1501.62265424,1501.62272384,0.05506066,3375.94354435,0.01998549,0.01998549,20620,63,0
9692.75667824,9692.75654801,1512.43539251,1512.43838975,0.04991581,3376.29196398,0.01998549,0.01998549,20619,63,0
9693.22607652,9693.22665926,1523.26007206,1523.24664724,0.04897452,3376.63828154,0.01998549,0.01998549,20618,63,0
9693.69693520,9693.69681612,1534.09751186,1534.10025851,0.05386259,3376.98417771,0.01998549,0.01998549,20617,63,0
9694.16681841,9694.16701860,1544.94957122,1544.94494792,0.05404070,3377.32791327,0.01998549,0.01998549,20616,63,0
9694.63722515,9694.63726671,1555.81798957,1555.81702835,0.05234617,3377.67063432,0.01998549,0.01998549,20615,63,0
9695.10729918,9695.10756045,1566.70286769,1566.69681663,0.05312229,3378.01171120,0.01998549,0.01998549,20614,63,0
9695.57788669,9695.57789983,1577.60321788,1577.60291316,0.05479234,3378.35171811,0.01998549,0.01998549,20613,63,0
9696.04787961,9696.04828485,1588.51806167,1588.50865272,0.05066325,3378.68981691,0.01998549,0.01998549,20612,63,0
9696.51904402,9696.51871553,1599.44725595,1599.45489222,0.04827785,3379.02726369,0.01998549,0.01998549,20611,63,0
9696.98918022,9696.98919188,1610.39150031,1610.39122895,0.05231348,3379.36249661,0.01998549,0.01998549,20610,63,0
9697.45932646,9697.45971388,1621.35152793,1621.34249727,0.05526986,3379.69627555,0.01998549,0.01998549,20609,63,0
9697.92996006,9697.93028156,1632.32762092,1632.32011678,0.05184410,3380.02893770,0.01998549,0.01998549,20608,63,0
9698.40122295,9698.40089492,1643.31939434,1643.32706092,0.04890154,3380.36055850,0.01998549,0.01998549,20607,63,0
9698.87222259,9698.87155397,1654.32640871,1654.34205509,0.04997755,3380.69048711,0.01998550,0.01998549,20606,63,0
9699.34206319,9699.34225871,1665.34854459,1665.34396318,0.04862814,3381.01809174,0.01998549,0.01998549,20605,63,0
9699.81315632,9699.81300915,1676.38635812,1676.38981119,0.05101841,3381.34506229,0.01998549,0.01998549,20604,63,0
9700.28405291,9700.28380530,1687.44049470,1687.44631260,0.05281465,3381.67039899,0.01998549,0.01998549,20603,63,0
9700.75499209,9700.75464716,1698.51130826,1698.51942413,0.05470645,3381.99426989,0.01998549,0.01998549,20602,63,0
9701.22514701,9701.22553474,1709.59828878,1709.58915367,0.05040347,3382.31608673,0.01998549,0.01998549,20601,63,0
9701.69629147,9701.69646804,1720.70076441,1720.69659890,0.05735797,3382.63703517,0.01998549,0.01998549,20600,63,0
9702.16686088,9702.16744708,1731.81828356,1731.80443729,0.05440360,3382.95602666,0.01998549,0.01998549,20599,63,0
9702.63842582,9702.63847186,1742.95128908,1742.95020021,0.05028231,3383.27412882,0.01998549,0.01998549,20598,63,0
9703.10924280,9703.10954239,1754.10045062,1754.09335516,0.04791610,3383.59017541,0.01998549,0.01998549,20597,63,0
9703.58089278,9703.58065866,1765.26633563,1765.27188826,0.05221334,3383.90523509,0.01998549,0.01998549,20596,63,0
9704.05163170,9704.05182070,1776.44895447,1776.44446559,0.04931472,3384.21813502,0.01998549,0.01998549,20595,63,0
9704.52145301,9704.52302851,1787.64813505,1787.61066478,0.04772061,3384.52886670,0.01998549,0.01998549,20594,63,0
9704.99504022,9704.99428209,1798.86370690,1798.88176231,0.05365513,3384.84050030,0.01998550,0.01998549,20593,63,0
9705.46475859,9705.46558144,1810.09551961,1810.07589656,0.05267042,3385.14800009,0.01998549,0.01998549,20592,63,0
9705.93584224,9705.93692659,1821.34343015,1821.31753683,0.05035849,3385.45479315,0.01998549,0.01998549,20591,63,0
9706.40811323,9706.40831752,1832.60733802,1832.60245319,0.05646209,3385.76073964,0.01998549,0.01998549,20590,63,0
9706.87879881,9706.87975426,1843.88749477,1843.86461796,0.05311234,3386.06404401,0.01998549,0.01998549,20589,63,0
9707.35165073,9707.35123680,1855.18432424,1855.19424903,0.04759060,3386.36712387,0.01998550,0.01998549,20588,63,0
9707.82281536,9707.82276516,1866.49825702,1866.49946249,0.05239619,3386.66750965,0.01998549,0.01998549,20587,63,0
9708.29386341,9708.29433934,1877.82974631,1877.81830172,0.05525210,3386.96621515,0.01998549,0.01998549,20586,63,0
9708.76602454,9708.76595934,1889.17925968,1889.18082997,0.05484272,3387.26401826,0.01998549,0.01998549,20585,63,0
9709.23812903,9709.23762518,1900.54717379,1900.55932656,0.05402813,3387.56017630,0.01998550,0.01998549,20584,63,0
9709.70931994,9709.70933685,1911.93285485,1911.93244640,0.05266453,3387.85413089,0.01998549,0.01998549,20583,63,0
9710.18153483,9710.18109437,1923.33504994,1923.34570238,0.05336451,3388.14704896,0.01998550,0.01998549,20582,63,0
9710.65268227,9710.65289775,1934.75263536,1934.74741754,0.05539034,3388.43759653,0.01998549,0.01998549,20581,63,0
9711.12489427,9711.12474698,1946.18619125,1946.18976272,0.04899218,3388.72709517,0.01998550,0.01998549,20580,63,0
9711.59638851,9711.59664209,1957.63739981,1957.63124163,0.05698631,3389.01448423,0.01998549,0.01998549,20579,63,0
9712.06909925,9712.06858306,1969.10781399,1969.12036985,0.05485728,3389.30096959,0.01998550,0.01998549,20578,63,0
9712.54062462,9712.54056992,1980.59708657,1980.59841906,0.05631811,3389.58507691,0.01998550,0.01998549,20577,63,0
9713.01285618,9713.01260266,1992.10361842,1992.10980236,0.05293961,3389.86789948,0.01998550,0.01998549,20576,63,0
9713.48509514,9713.48468129,2003.62590064,2003.63600803,0.05231743,3390.14896935,0.01998550,0.01998549,20575,63,0
9713.95718989,9713.95680583,2015.16386648,2015.17325860,0.05087545,3390.42818739,0.01998550,0.01998549,20574,63,0
9714.42854691,9714.42897627,2026.71838152,2026.70786750,0.05451892,3390.70522015,0.01998549,0.01998549,20573,63,0
9714.90136323,9714.90119262,2038.29033949,2038.29452339,0.05260948,3390.98136760,0.01998549,0.01998549,20572,63,0
9715.37277073,9715.37345490,2049.88069552,2049.86389160,0.05160407,3391.25496778,0.01998549,0.01998549,20571,63,0
9715.84599368,9715.84576310,2061.49044583,2061.49611836,0.04716827,3391.52790355,0.01998549,0.01998549,20570,63,0
9716.31913332,9716.31811723,2073.12048395,2073.14552216,0.04923478,3391.79908094,0.01998550,0.01998549,20569,63,0
9716.78969558,9716.79051731,2084.77064419,2084.75036284,0.05358936,3392.06707051,0.01998549,0.01998549,20568,63,0
9717.26233195,9717.26296333,2096.44016880,2096.42456176,0.04824754,3392.33449630,0.01998549,0.01998549,20567,63,0
9717.73551676,9717.73545531,2108.12833873,2108.12985992,0.05760227,3392.60045403,0.01998549,0.01998549,20566,63,0
9718.20804294,9718.20799324,2119.83485137,2119.83608350,0.05534676,3392.86424933,0.01998549,0.01998549,20565,63,0
9718.68169851,9718.68057715,2131.55960631,2131.58744743,0.05291048,3393.12686584,0.01998550,0.01998549,20564,63,0
9719.15176205,9719.15320702,2143.30258735,2143.26665908,0.04899439,3393.38569005,0.01998549,0.01998549,20563,63,0
9719.62661754,9719.62588288,2155.06433574,2155.08263063,0.04668251,3393.64533374,0.01998550,0.01998549,20562,63,0
9720.09813385,9720.09860472,2166.84562514,2166.83388041,0.05643957,3393.90134952,0.01998549,0.01998549,20561,63,0
9720.57095596,9720.57137256,2178.64708450,2178.63667667,0.05265263,3394.15627433,0.01998549,0.01998549,20560,63,0
9721.04364003,9721.04418640,2190.46854554,2190.45487440,0.05162047,3394.40930884,0.01998549,0.01998549,20559,63,0
9721.51783939,9721.51704625,2202.30957506,2202.32945172,0.05482953,3394.66131033,0.01998550,0.01998549,20558,63,0
9721.99107074,9721.98995210,2214.16972340,2214.19779884,0.04715297,3394.91093610,0.01998550,0.01998549,20557,63,0
9722.46301999,9722.46290398,2226.04848864,2226.05140426,0.04899433,3395.15801331,0.01998550,0.01998549,20556,63,0
9722.93643143,9722.93590189,2237.94535204,2237.95868042,0.05979559,3395.40395711,0.01998550,0.01998549,20555,63,0
9723.41009029,9723.40894583,2249.86016633,2249.88901350,0.05339311,3395.64811363,0.01998550,0.01998549,20554,63,0
9723.88176457,9723.88203582,2261.79389708,2261.78704968,0.05072470,3395.88935289,0.01998549,0.01998549,20553,63,0
9724.35588215,9724.35517184,2273.74772192,2273.76568254,0.05583766,3396.12995037,0.01998550,0.01998549,20552,63,0
9724.82766337,9724.82835393,2285.72241742,2285.70492727,0.05315155,3396.36748460,0.01998549,0.01998549,20551,63,0
9725.30234996,9725.30158207,2297.71789297,2297.73737329,0.05164594,3396.60457835,0.01998550,0.01998549,20550,63,0
9725.77472954,9725.77485629,2309.73394210,2309.73072147,0.04935139,3396.83860951,0.01998549,0.01998549,20549,63,0
9726.24746040,9726.24817657,2321.77018158,2321.75195562,0.04959392,3397.07088866,0.01998549,0.01998549,20548,63,0
9726.72229020,9726.72154294,2333.82596465,2333.84501022,0.05184828,3397.30223635,0.01998550,0.01998549,20547,63,0
9727.19513379,9727.19495540,2345.90066502,2345.90521852,0.05532718,3397.53063933,0.01998550,0.01998549,20546,63,0
9727.66815617,9727.66841395,2357.99479455,2357.98820462,0.05250959,3397.75715422,0.01998549,0.01998549,20545,63,0
9728.14210254,9728.14191860,2370.11003547,2370.11474587,0.05607589,3397.98215172,0.01998549,0.01998549,20544,63,0
9728.61506032,9728.61546936,2382.24799682,2382.23750299,0.04753453,3398.20474228,0.01998549,0.01998549,20543,63,0
9729.08960000,9729.08906623,2394.40855441,2394.42227154,0.04952114,3398.42611748,0.01998550,0.01998549,20542,63,0
9729.56308159,9729.56270923,2406.59040649,2406.59999089,0.05153212,3398.64500700,0.01998550,0.01998549,20541,63,0
9730.03606685,9730.03639835,2418.79238265,2418.78383691,0.05575096,3398.86164825,0.01998549,0.01998549,20540,63,0
9730.51055317,9730.51013361,2431.01444475,2431.02527756,0.05562180,3399.07693821,0.01998550,0.01998549,20539,63,0
9730.98376586,9730.98391501,2443.25703458,2443.25317748,0.05033315,3399.28961334,0.01998549,0.01998549,20538,63,0
9731.45829810,9731.45774256,2455.52074496,2455.53513571,0.04887364,3399.50083789,0.01998550,0.01998549,20537,63,0
9731.93205094,9731.93161626,2467.80673925,2467.81801898,0.05837084,3399.70968238,0.01998550,0.01998549,20536,63,0
9732.40545401,9732.40553613,2480.11632496,2480.11419008,0.05334686,3399.91635322,0.01998549,0.01998549,20535,63,0
9732.87796917,9732.87950216,2492.44980040,2492.40987448,0.04797085,3400.12061553,0.01998549,0.01998549,20534,63,0
9733.35444268,9733.35351437,2504.80523609,2504.82945185,0.04959006,3400.32449970,0.01998550,0.01998549,20533,63,0
9733.82852332,9733.82757277,2517.18043866,2517.20527043,0.04557918,3400.52523031,0.01998550,0.01998549,20532,63,0
9734.30317674,9734.30167735,2529.57493774,2529.61416673,0.05573868,3400.72405718,0.01998550,0.01998549,20531,63,0
9734.77600829,9734.77582813,2541.99040421,2541.99512573,0.05080167,3400.92000157,0.01998550,0.01998549,20530,63,0
9735.25042169,9735.25002510,2554.42854622,2554.43895778,0.05121634,3401.11449076,0.01998550,0.01998549,20529,63,0
9735.72549358,9735.72426829,2566.88969608,2566.92191937,0.05349630,3401.30712393,0.01998550,0.01998549,20528,63,0
9736.19794472,9736.19855770,2579.37324407,2579.35709683,0.04804171,3401.49656283,0.01998549,0.01998549,20527,63,0
9736.67381382,9736.67289332,2591.87869157,2591.90297986,0.05236761,3401.68520370,0.01998550,0.01998549,20526,63,0
9737.14751641,9737.14727518,2604.40629514,2604.41267109,0.05062557,3401.87081608,0.01998550,0.01998549,20525,63,0
9737.62159270,9737.62170327,2616.95657871,2616.95365116,0.05600477,3402.05440315,0.01998549,0.01998549,20524,63,0
9738.09610520,9738.09617761,2629.53008755,2629.52816699,0.04891700,3402.23597895,0.01998549,0.01998549,20523,63,0
9738.55030195,nan,0.00000000,2641.59802196,0.09321954,3402.40791118,0.01998545,0.01998549,20522,63,1
9739.04526696,9739.04526503,2654.74914871,2654.74919989,0.04974742,3402.59261969,0.01998549,0.01998549,20521,63,0
9739.51969661,9739.51987814,2667.39541667,2667.39057528,0.04786058,3402.76758622,0.01998549,0.01998549,20520,63,0
9739.99409158,9739.99453751,2680.06574349,2680.05382951,0.05536521,3402.94031877,0.01998549,0.01998549,20519,63,0
9740.46930799,9740.46924316,2692.75967612,2692.76141127,0.05994500,3403.11110415,0.01998549,0.01998549,20518,63,0
9740.94390734,9740.94399510,2705.47744293,2705.47508994,0.04664711,3403.27941390,0.01998549,0.01998549,20517,63,0
9741.41842439,9741.41879332,2718.21968796,2718.20977756,0.05108785,3403.44543779,0.01998549,0.01998549,20516,63,0
9741.89328934,9741.89363784,2730.98678198,2730.97740334,0.05296717,3403.60931560,0.01998549,0.01998549,20515,63,0
9742.36724842,9742.36852867,2743.77791431,2743.74340120,0.04925837,3403.77059475,0.01998549,0.01998549,20514,63,0
9742.84320469,9742.84346580,2756.59196965,2756.58491881,0.05532536,3403.93022804,0.01998549,0.01998549,20513,63,0
9743.31796879,9743.31844926,2769.42876989,2769.41577360,0.05046567,3404.08712501,0.01998549,0.01998549,20512,63,0
9743.79394618,9743.79347904,2782.28975784,2782.30241707,0.05284413,3404.24208510,0.01998550,0.01998549,20511,63,0
9744.26899753,9744.26855514,2795.17647071,2795.18848237,0.05345967,3404.39441426,0.01998550,0.01998549,20510,63,0
9744.74330691,9744.74367759,2808.08934832,2808.07926446,0.04931575,3404.54417446,0.01998549,0.01998549,20509,63,0
9745.21833990,9745.21884638,2821.02802110,2821.01421686,0.05533812,3404.69180974,0.01998549,0.01998549,20508,63,0
9745.69327563,9745.69406152,2833.99214584,2833.97068636,0.05394502,3404.83704206,0.01998549,0.01998549,20507,63,0
9746.16951193,9746.16932302,2846.98160044,2846.98676823,0.04662784,3404.98027420,0.01998550,0.01998549,20506,63,0
9746.64446120,9746.64463088,2859.99632298,2859.99167255,0.05299437,3405.12071293,0.01998550,0.01998549,20505,63,0
9747.12015073,9747.11998512,2873.03608779,2873.04063470,0.05251220,3405.25894528,0.01998550,0.01998549,20504,63,0
9747.59538178,9747.59538573,2886.10039554,2886.10028681,0.05307932,3405.39460158,0.01998550,0.01998549,20503,63,0
9748.07149990,9748.07083273,2899.18882441,2899.20720696,0.04779788,3405.52804456,0.01998550,0.01998549,20502,63,0
9748.54765217,9748.54632612,2912.30219795,2912.33880277,0.05396426,3405.65902264,0.01998550,0.01998549,20501,63,0
9749.02239839,9749.02186591,2925.44214715,2925.45687504,0.05451374,3405.78715207,0.01998550,0.01998549,20500,63,0
9749.49733907,9749.49745211,2938.60978688,2938.60665400,0.04961647,3405.91286975,0.01998549,0.01998549,20499,63,0
9749.97400941,9749.97308472,2951.80434921,2951.83002543,0.05499315,3406.03654410,0.01998550,0.01998549,20498,63,0
9750.44932129,9750.44876374,2965.02468467,2965.04019448,0.05265116,3406.15734532,0.01998550,0.01998549,20497,63,0
9750.92556653,9750.92448919,2978.27079614,2978.30082234,0.04693386,3406.27584468,0.01998550,0.01998549,20496,63,0
9751.40038022,9751.40026108,2991.54405114,2991.54737841,0.05006902,3406.39145497,0.01998549,0.01998549,20495,63,0
9751.87596727,9751.87607940,3004.84571407,3004.84257628,0.04798940,3406.50471348,0.01998549,0.01998549,20494,63,0
9752.35284777,9752.35194417,3018.17580303,3018.20114027,0.05062310,3406.61571133,0.01998550,0.01998549,20493,63,0
9752.82779825,9752.82785540,3031.53384214,3031.53223661,0.03970527,3406.72368332,0.01998549,0.01998549,20492,63,0
9753.30326803,9753.30381308,3044.91975900,3044.90441447,0.05282506,3406.82918119,0.01998549,0.01998549,20491,63,0
9753.78013778,9753.77981723,3058.33424858,3058.34329156,0.05447557,3406.93237393,0.01998550,0.01998549,20490,63,0
9754.25552634,9754.25586785,3071.77793837,3071.76828409,0.04705788,3407.03262694,0.01998549,0.01998549,20489,63,0
9754.73143607,9754.73196496,3085.24979019,3085.23481057,0.04739414,3407.13034620,0.01998549,0.01998549,20488,63,0
9755.20847758,9755.20810855,3098.74775744,3098.75822827,0.05684537,3407.22561282,0.01998550,0.01998549,20487,63,0
9755.68478102,9755.68429863,3112.27100051,3112.28471260,0.05084460,3407.31802950,0.01998550,0.01998549,20486,63,0
9756.16199135,9756.16053521,3125.82194470,3125.86342143,0.05196223,3407.40791540,0.01998550,0.01998549,20485,63,0
9756.63701565,9756.63681831,3139.40341158,3139.40904506,0.05282586,3407.49470066,0.01998550,0.01998549,20484,63,0
9757.11325326,9757.11314791,3153.01579993,3153.01881375,0.05119681,3407.57899927,0.01998550,0.01998549,20483,63,0
9757.58923281,9757.58952404,3166.65763066,3166.64928248,0.05053045,3407.66051599,0.01998549,0.01998549,20482,63,0
9758.06575494,9758.06594670,3180.32792735,3180.32241974,0.04982577,3407.73936288,0.01998549,0.01998549,20481,63,0
9758.54215359,9758.54241589,3194.02752008,3194.01997046,0.04997616,3407.81541415,0.01998549,0.01998549,20480,63,0
9759.01800615,9759.01893162,3207.75754726,3207.73085301,0.05108839,3407.88859716,0.01998549,0.01998549,20479,63,0
9759.49607618,9759.49549390,3221.51804133,3221.53487198,0.04813784,3407.95930457,0.01998550,0.01998549,20478,63,0
9759.97107961,9759.97210273,3235.30808319,3235.27845112,0.05364745,3408.02674025,0.01998549,0.01998549,20477,63,0
9760.44807367,9760.44875813,3249.12716769,3249.10730375,0.04866361,3408.09161221,0.01998549,0.01998549,20476,63,0
9760.92597120,9760.92546009,3262.97629425,3262.99115881,0.05084639,3408.15373408,0.01998550,0.01998549,20475,63,0
9761.40167478,9761.40220864,3276.85673652,3276.84117647,0.05050566,3408.21270259,0.01998549,0.01998549,20474,63,0
9761.87904135,9761.87900376,3290.76895334,3290.77005151,0.05301221,3408.26898405,0.01998549,0.01998549,20473,63,0
9762.35651002,9762.35584547,3304.71273060,3304.73218425,0.05661173,3408.32235881,0.01998550,0.01998549,20472,63,0
9762.83230012,9762.83273378,3318.68785368,3318.67513169,0.04994040,3408.37262295,0.01998549,0.01998549,20471,63,0
9763.30978046,9763.30966869,3332.69417092,3332.69745671,0.05190927,3408.42011330,0.01998549,0.01998549,20470,63,0
9763.78664798,9763.78665021,3346.73161292,3346.73154724,0.05640524,3408.46457222,0.01998549,0.01998549,20469,63,0
9764.26273340,9764.26367835,3360.80101599,3360.77311450,0.04816396,3408.50598102,0.01998549,0.01998549,20468,63,0
9764.74062580,9764.74075311,3374.90383971,3374.90007187,0.05022950,3408.54454017,0.01998549,0.01998549,20467,63,0
9765.21866552,9765.21787450,3389.04080588,3389.06427018,0.05519207,3408.58007908,0.01998550,0.01998549,20466,63,0
9765.69409925,9765.69504253,3403.21094357,3403.18290110,0.05207971,3408.61239400,0.01998549,0.01998549,20465,63,0
9766.17154031,9766.17225721,3417.41318311,3417.39182494,0.05044433,3408.64178240,0.01998549,0.01998549,20464,63,0
9766.64906617,9766.64951853,3431.64760096,3431.63409458,0.05564937,3408.66808687,0.01998549,0.01998549,20463,63,0
9767.12767280,9767.12682651,3445.91483863,3445.94016347,0.04811939,3408.69133270,0.01998550,0.01998549,20462,63,0
9767.60375872,9767.60418115,3460.21561434,3460.20294442,0.04879127,3408.71134042,0.01998549,0.01998549,20461,63,0
9768.08085184,9768.08158247,3474.55075057,3474.52878611,0.04447409,3408.72825401,0.01998549,0.01998549,20460,63,0
9768.55767721,9768.55903046,3488.92085081,3488.88007371,0.05277703,3408.74200096,0.01998549,0.01998549,20459,63,0
9769.03698745,9769.03652514,3503.32542447,3503.33938666,0.04676739,3408.75261708,0.01998550,0.01998549,20458,63,0
9769.51456941,9769.51406652,3517.76365315,3517.77887466,0.05311546,3408.75998037,0.01998550,0.01998549,20457,63,0
9769.99089293,9769.99165458,3532.23469397,3532.21159098,0.04966490,3408.76410790,0.01998549,0.01998549,20456,63,0
9770.46971679,9770.46928936,3546.73768669,3546.75067867,0.04699439,3408.76500000,0.01998550,0.01998549,20455,63,0
9770.94822277,9770.94697085,3561.27324496,3561.31138442,0.04858981,3408.76260981,0.01998550,0.01998549,20454,63,0
9771.42476773,9771.42469905,3575.84546366,3575.84756130,0.04701258,3408.75694744,0.01998549,0.01998549,20453,63,0
9771.90228562,9771.90247399,3590.45809896,3590.45233038,0.04555828,3408.74796327,0.01998549,0.01998549,20452,63,0
9772.38118309,9772.38029565,3605.10879145,3605.13603265,0.04832243,3408.73560251,0.01998550,0.01998549,20451,63,0
9772.85834545,9772.85816406,3619.79273750,3619.79831713,0.05441593,3408.71993168,0.01998549,0.01998549,20450,63,0
9773.33602698,9773.33607921,3634.51029503,3634.50868456,0.05151610,3408.70086907,0.01998549,0.01998549,20449,63,0
9773.81312707,9773.81404111,3649.26747048,3649.23920899,0.04327443,3408.67842927,0.01998549,0.01998549,20448,63,0
9774.29147687,9774.29204978,3664.06773958,3664.04997740,0.04858230,3408.65248813,0.01998549,0.01998549,20447,63,0
9774.76799372,9774.77010521,3678.90686529,3678.84124941,0.04865509,3408.62320125,0.01998549,0.01998549,20446,63,0
9775.24704674,9775.24820742,3693.78016266,3693.74401533,0.05214426,3408.59027945,0.01998549,0.01998549,20445,63,0
9775.72677713,9775.72635640,3708.68926221,3708.70239738,0.05393728,3408.55379038,0.01998550,0.01998549,20444,63,0
9776.20366086,9776.20455218,3723.63841186,3723.61051065,0.05109924,3408.51399230,0.01998549,0.01998549,20443,63,0
9776.68292156,9776.68279475,3738.62829106,3738.63227087,0.05085239,3408.47042755,0.01998550,0.01998549,20442,63,0
9777.16070718,9777.16108412,3753.65599866,3753.64414166,0.05202481,3408.42342035,0.01998549,0.01998549,20441,63,0
9777.63979082,9777.63942030,3768.71978941,3768.73147164,0.05124941,3408.37268256,0.01998550,0.01998549,20440,63,0
9778.11776443,9778.11780329,3783.82082866,3783.81960047,0.04859108,3408.31844068,0.01998550,0.01998549,20439,63,0
9778.59618120,9778.59623311,3798.96054247,3798.95889774,0.05508335,3408.26049746,0.01998550,0.01998549,20438,63,0
9779.07463851,9779.07470975,3814.13967685,3814.13741391,0.04871388,3408.19886910,0.01998550,0.01998549,20437,63,0
9779.55338396,9779.55323324,3829.35873896,3829.36353878,0.04814182,3408.13349315,0.01998550,0.01998549,20436,63,0
9780.03218300,9780.03180356,3844.61785519,3844.62996874,0.04357563,3408.06437221,0.01998550,0.01998549,20435,63,0
9780.51035812,9780.51042073,3859.91693656,3859.91493253,0.04966596,3407.99158625,0.01998549,0.01998549,20434,63,0
9780.98858279,9780.98908476,3875.25729886,3875.24118964,0.04121982,3407.91500795,0.01998549,0.01998549,20433,63,0
9781.46800410,9781.46779566,3890.64207598,3890.64878483,0.05654119,3407.83439613,0.01998549,0.01998550,20432,63,0
9781.94587476,9781.94655342,3906.07256288,3906.05065981,0.04862784,3407.75018171,0.01998549,0.01998550,20431,63,0
9782.42557000,9782.42535806,3921.54514196,3921.55199908,0.03930245,3407.66175854,0.01998549,0.01998550,20430,63,0
9782.90440605,9782.90420958,3937.05690380,3937.06327625,0.03938364,3407.56960072,0.01998549,0.01998550,20429,63,0
9783.38275395,9783.38310800,3952.61217081,3952.60065358,0.05046035,3407.47360166,0.01998549,0.01998550,20428,63,0
9783.86270073,9783.86205331,3968.21654188,3968.23766711,0.04474379,3407.37326448,0.01998550,0.01998550,20427,63,0
9784.34029203,9784.34104553,3983.86640922,3983.84176064,0.05555994,3407.26941827,0.01998549,0.01998550,20426,63,0
9784.81969446,9784.82008466,3999.55344414,3999.54065287,0.04701711,3407.16119326,0.01998549,0.01998550,20425,63,0
9785.29819713,9785.29917070,4015.27880393,4015.24680373,0.05129669,3407.04915878,0.01998549,0.01998550,20424,63,0
9785.77904367,9785.77830368,4031.05262664,4031.07702899,0.04805458,3406.93243673,0.01998550,0.01998550,20423,63,0
9786.25904881,9786.25748358,4046.87867494,4046.93044642,0.04751926,3406.81172034,0.01998550,0.01998550,20422,63,0
9786.73539932,9786.73671042,4062.75022337,4062.70674743,0.05397050,3406.68779540,0.01998549,0.01998550,20421,63,0
9787.21576446,9787.21598421,4078.66248302,4078.65517779,0.05413730,3406.55867225,0.01998550,0.01998550,20420,63,0
nan,nan,0.00000000,-1.00000000,0.00000000,3406.43078830,nan,0.00000000,-2147483648,63,1
nan,nan,0.00000000,-1.00000000,0.00000000,3421.53863818,nan,0.00000000,-2147483648,62,1
9777.16120167,9777.16108412,13.24696414,13.24923612,0.05484013,3422.05809404,0.01998550,0.01998549,20441,62,0
9777.63884184,9777.63942030,22.49655374,22.48536286,0.05446631,3422.57548832,0.01998550,0.01998549,20440,62,0
9778.11699960,9778.11780329,31.75564632,31.74008346,0.05123043,3423.09259555,0.01998550,0.01998549,20439,62,0
9778.59658353,9778.59623311,41.02440427,41.03119624,0.05820208,3423.61039809,0.01998550,0.01998549,20438,62,0
9779.07311208,9779.07470975,50.30258092,50.27158670,0.04651837,3424.12404378,0.01998549,0.01998549,20437,62,0
9779.55275656,9779.55323324,59.58965829,59.58040328,0.04584828,3424.64015166,0.01998550,0.01998549,20436,62,0
9780.03016445,9780.03180356,68.88511055,68.85326131,0.05951966,3425.15292706,0.01998549,0.01998549,20435,62,0
9780.51075003,9780.51042073,78.18857357,78.19497706,0.06011284,3425.66815875,0.01998550,0.01998549,20434,62,0
9780.98842371,9780.98908476,87.50043976,87.48757420,0.05470202,3426.17933536,0.01998550,0.01998549,20433,62,0
9781.46764841,9781.46779566,96.82132202,96.81845383,0.05833964,3426.69126682,0.01998550,0.01998550,20432,62,0
9781.94608498,9781.94655342,106.15183468,106.14270083,0.05468247,3427.20148178,0.01998550,0.01998550,20431,62,0
9782.42502405,9782.42535806,115.49235037,115.48583142,0.04065916,3427.71137354,0.01998550,0.01998550,20430,62,0
9782.90380638,9782.90420958,124.84278135,124.83490442,0.05945813,3428.22023017,0.01998550,0.01998550,20429,62,0
9783.38228268,9783.38310800,134.20298803,134.18684941,0.05847215,3428.72788238,0.01998549,0.01998550,20428,62,0
9783.86168470,9783.86205331,143.57282717,143.56561257,0.05912543,3429.23562331,0.01998550,0.01998550,20427,62,0
9784.34094115,9784.34104553,152.95210996,152.95006511,0.05404159,3429.74230173,0.01998550,0.01998550,20426,62,0
9784.82048571,9784.82008466,162.34061034,162.34847379,0.04593221,3430.24835941,0.01998550,0.01998550,20425,62,0
9785.29900590,9785.29917070,171.73809980,171.73486571,0.05405645,3430.75239718,0.01998550,0.01998550,20424,62,0
9785.77850645,9785.77830368,181.14445255,181.14843516,0.04631317,3431.25651612,0.01998550,0.01998550,20423,62,0
9786.25848567,9786.25748358,190.56007734,190.57977697,0.04250461,3431.76020245,0.01998550,0.01998550,20422,62,0
9786.73612296,9786.73671042,199.98555695,199.97399693,0.05898874,3432.26052850,0.01998549,0.01998550,20421,62,0
9787.21628795,9787.21598421,209.42147408,209.42745707,0.04741346,3432.76262130,0.01998550,0.01998550,20420,62,0
9787.69513004,9787.69530496,218.86802841,218.86457937,0.05116697,3433.26245704,0.01998550,0.01998550,20419,62,0
9788.17377362,9788.17467266,228.32470025,228.30695633,0.05711724,3433.76118156,0.01998549,0.01998550,20418,62,0
9788.65427995,9788.65408733,237.79088796,237.79469294,0.05490458,3434.26090168,0.01998550,0.01998550,20417,62,0
9789.13381588,9789.13354897,247.26603053,247.27130752,0.04625516,3434.75863467,0.01998550,0.01998550,20416,62,0
9789.61286868,9789.61305759,256.75016104,256.74642293,0.05539049,3435.25488850,0.01998550,0.01998550,20415,62,0
9790.09290037,9790.09261320,266.24374122,266.24942890,0.04158767,3435.75119635,0.01998550,0.01998550,20414,62,0
9790.57099903,9790.57221580,275.74724502,275.72312237,0.04985965,3436.24457076,0.01998549,0.01998550,20413,62,0
9791.05211325,9791.05186541,285.26106327,285.26598153,0.04687706,3436.74013122,0.01998550,0.01998550,20412,62,0
9791.53180264,9791.53156202,294.78524790,294.79002771,0.05298348,3437.23329754,0.01998550,0.01998550,20411,62,0
9792.01246296,9792.01130565,304.31976640,304.34277827,0.05149612,3437.72652777,0.01998550,0.01998550,20410,62,0
9792.49188672,9792.49109630,313.86458699,313.88031907,0.05359435,3438.21755127,0.01998550,0.01998550,20409,62,0
9792.97204673,9792.97093398,323.41971587,323.44188520,0.05328564,3438.70838579,0.01998550,0.01998550,20408,62,0
9793.45147775,9793.45081869,332.98521003,332.99835355,0.05217596,3439.19753183,0.01998550,0.01998550,20407,62,0
9793.93088569,9793.93075045,342.56113031,342.56382998,0.04936125,3439.68571030,0.01998550,0.01998550,20406,62,0
9794.40988313,9794.41072926,352.14751187,352.13060430,0.04815872,3440.17252514,0.01998549,0.01998550,20405,62,0
9794.89129244,9794.89075512,361.74419445,361.75494162,0.05129149,3440.66082602,0.01998550,0.01998550,20404,62,0
9795.37187318,9795.37082805,371.35092768,371.37185164,0.04691341,3441.14730406,0.01998550,0.01998550,20403,62,0
9795.85044419,9795.85094804,380.96745997,380.95736355,0.05180330,3441.63075518,0.01998549,0.01998550,20402,62,0
9796.33044005,9796.33111512,390.59370076,390.58016105,0.04899596,3442.11464195,0.01998549,0.01998550,20401,62,0
9796.81162035,9796.81132927,400.22991103,400.23575473,0.05408764,3442.59872255,0.01998550,0.01998550,20400,62,0
9797.29066232,9797.29159052,409.87639943,409.85774648,0.05390329,3443.07966809,0.01998549,0.01998550,20399,62,0
9797.77141887,9797.77189887,419.53346067,419.52380487,0.04725274,3443.56135815,0.01998549,0.01998550,20398,62,0
9798.25229596,9798.25225432,429.20118837,429.20202675,0.05578065,3444.04218994,0.01998550,0.01998550,20397,62,0
9798.73270598,9798.73265688,438.87953639,438.88052609,0.05827752,3444.52156988,0.01998550,0.01998550,20396,62,0
9799.21287330,9799.21310657,448.56845544,448.56374894,0.05262761,3444.99971682,0.01998550,0.01998550,20395,62,0
9799.69391426,9799.69360337,458.26790937,458.27418821,0.04972501,3445.47773394,0.01998550,0.01998550,20394,62,0
9800.17416117,9800.17414731,467.97790364,467.97818385,0.05593909,3445.95395930,0.01998550,0.01998550,20393,62,0
9800.65419145,9800.65473839,477.69845182,477.68738382,0.05344041,3446.42896459,0.01998550,0.01998550,20392,62,0
9801.13508348,9801.13537662,487.42955786,487.42361995,0.04905587,3446.90381030,0.01998550,0.01998550,20391,62,0
9801.61637046,9801.61606200,497.17104093,497.17729507,0.04701943,3447.37801798,0.01998550,0.01998550,20390,62,0
9802.09749762,9802.09679454,506.92255311,506.93682132,0.05102873,3447.85101870,0.01998550,0.01998550,20389,62,0
9802.57767411,9802.57757425,516.68373830,516.68576670,0.05066066,3448.32201693,0.01998550,0.01998550,20388,62,0
9803.05927075,9803.05840113,526.45448283,526.47216240,0.04737924,3448.79332681,0.01998550,0.01998550,20387,62,0
9803.53994783,9803.53927519,536.23561629,536.24930508,0.05218229,3449.26269241,0.01998550,0.01998550,20386,62,0
9804.01898919,9804.02019644,546.02820123,546.00360497,0.05263149,3449.72946851,0.01998549,0.01998550,20385,62,0
9804.50168450,9804.50116489,555.83325938,555.84385864,0.04577248,3450.19884664,0.01998550,0.01998550,20384,62,0
9804.98241281,9804.98218053,565.65070195,565.65544522,0.05248476,3450.66534599,0.01998550,0.01998550,20383,62,0
9805.46193378,9805.46324339,575.47931207,575.45254279,0.04933426,3451.12965042,0.01998549,0.01998550,20382,62,0
9805.94375391,9805.94435346,585.31781493,585.30554926,0.04904025,3451.59508644,0.01998550,0.01998550,20381,62,0
9806.42511150,9806.42551076,595.16534402,595.15716921,0.05499149,3452.05893472,0.01998550,0.01998550,20380,62,0
9806.90655206,9806.90671528,605.02272196,605.01937671,0.05783712,3452.52175669,0.01998550,0.01998550,20379,62,0
9807.38871628,9807.38796704,614.89120756,614.90657994,0.05657773,3452.98422004,0.01998550,0.01998550,20378,62,0
9807.86881789,9807.86926605,624.77201683,624.76281102,0.05634633,3453.44370810,0.01998549,0.01998550,20377,62,0
9808.35103259,9808.35061230,634.66522981,634.67387285,0.05364906,3453.90421518,0.01998550,0.01998550,20376,62,0
9808.83107411,9808.83200582,644.56980081,644.55062186,0.04932448,3454.36159433,0.01998549,0.01998550,20375,62,0
9809.31331245,9809.31344659,654.48462948,654.48186569,0.04945547,3454.81995320,0.01998550,0.01998550,20374,62,0
9809.79470457,9809.79493464,664.40904198,664.40429748,0.05549502,3455.27635911,0.01998550,0.01998550,20373,62,0
9810.27727979,9810.27646997,674.34394035,674.36065709,0.05177420,3455.73277190,0.01998550,0.01998550,20372,62,0
9810.75707082,9810.75805258,684.29059246,684.27030325,0.05943367,3456.18549767,0.01998549,0.01998550,20371,62,0
9811.23809566,9811.23968249,694.25019755,694.21736354,0.05237748,3456.63838178,0.01998549,0.01998550,20370,62,0
9811.72100582,9811.72135969,704.22265941,704.21532899,0.06258071,3457.09201758,0.01998549,0.01998550,20369,62,0
9812.20274521,9812.20308420,714.20679536,714.19976603,0.05682971,3457.54347253,0.01998549,0.01998550,20368,62,0
9812.68476467,9812.68485603,724.20138219,724.19948610,0.05651535,3457.99404878,0.01998550,0.01998550,20367,62,0
9813.16699120,9813.16667517,734.20572255,734.21228745,0.05475101,3458.44364023,0.01998550,0.01998550,20366,62,0
9813.64908518,9813.64854164,744.22060142,744.23190380,0.05575979,3458.89196062,0.01998550,0.01998550,20365,62,0
9814.12987158,9814.13045545,754.24706585,754.23491128,0.04704957,3459.33796399,0.01998549,0.01998550,20364,62,0
9814.61270702,9814.61241660,764.28608577,764.29213867,0.05197027,3459.78479930,0.01998550,0.01998550,20363,62,0
9815.09357225,9815.09442509,774.33773126,774.31993642,0.05042899,3460.22874400,0.01998549,0.01998550,20362,62,0
9815.57612364,9815.57648094,784.40152110,784.39405780,0.05175173,3460.67314760,0.01998549,0.01998550,20361,62,0
9816.05758846,9816.05858415,794.47696526,794.45614561,0.05260093,3461.11542746,0.01998549,0.01998550,20360,62,0
9816.53917765,9816.54073473,804.56381681,804.53122477,0.05089497,3461.55668313,0.01998549,0.01998550,20359,62,0
9817.02331309,9817.02293269,814.66228293,814.67025381,0.04858683,3461.99912792,0.01998550,0.01998550,20358,62,0
9817.50425265,9817.50517803,824.77262147,824.75321010,0.04631771,3462.43752225,0.01998549,0.01998550,20357,62,0
9817.98798876,9817.98747076,834.89506066,834.90593861,0.05333403,3462.87733426,0.01998550,0.01998550,20356,62,0
9818.47052918,9818.46981089,845.02963897,845.04473954,0.05503699,3463.31492456,0.01998550,0.01998550,20355,62,0
9818.95248481,9818.95219842,855.17632305,855.18235050,0.05430260,3463.75084637,0.01998549,0.01998550,20354,62,0
9819.43408927,9819.43463336,865.33509001,865.32362661,0.05149135,3464.18530768,0.01998549,0.01998550,20353,62,0
9819.91600325,9819.91711572,875.50620824,875.48274304,0.04891119,3464.61891043,0.01998549,0.01998550,20352,62,0
9820.39835716,9820.39964550,885.69026497,885.66305742,0.04624722,3465.05178841,0.01998549,0.01998550,20351,62,0
9820.88011492,9820.88222272,895.88786728,895.84329820,0.05376509,3465.48303186,0.01998549,0.01998550,20350,62,0
9821.36546278,9821.36484737,906.09922407,906.11225253,0.05588279,3465.91638035,0.01998550,0.01998550,20349,62,0
9821.84820600,9821.84751947,916.32330859,916.33785840,0.04793435,3466.34624976,0.01998550,0.01998550,20348,62,0
9822.32891737,9822.33023903,926.55884968,926.53081223,0.04761264,3466.77310793,0.01998549,0.01998550,20347,62,0
9822.81320290,9822.81300604,936.80473287,936.80891268,0.04675842,3467.20187515,0.01998550,0.01998550,20346,62,0
9823.29494733,9823.29582052,947.06142022,947.04286093,0.05194520,3467.62714744,0.01998549,0.01998550,20345,62,0
9823.77842395,9823.77868248,957.33025698,957.32475574,0.05457341,3468.05275089,0.01998550,0.01998550,20344,62,0
9824.26136205,9824.26159191,967.61258699,967.60768960,0.05392012,3468.47673177,0.01998550,0.01998550,20343,62,0
9824.74503613,9824.74454884,977.90880642,977.91920123,0.05689270,3468.90021821,0.01998550,0.01998550,20342,62,0
9825.22763467,9825.22755325,988.21796799,988.21970667,0.05196829,3469.32158006,0.01998550,0.01998550,20341,62,0
9825.71070152,9825.71060517,998.53901638,998.54107594,0.05110480,3469.74211847,0.01998550,0.01998550,20340,62,0
9826.19251591,9826.19370460,1008.87123198,1008.84579636,0.05654090,3470.16030382,0.01998549,0.01998550,20339,62,0
9826.67671826,9826.67685155,1019.21514102,1019.21228591,0.05525701,3470.57930730,0.01998550,0.01998550,20338,62,0
9827.16009306,9827.16004601,1029.57155839,1029.57256735,0.05576133,3470.99636759,0.01998550,0.01998550,20337,62,0
9827.64410257,9827.64328801,1039.94122903,1039.95871881,0.05344152,3471.41277103,0.01998550,0.01998550,20336,62,0
9828.12619728,9828.12657754,1050.32413657,1050.31596230,0.05101907,3471.82632207,0.01998550,0.01998550,20335,62,0
9828.61061638,9828.60991462,1060.71981924,1060.73492117,0.05146289,3472.24063095,0.01998550,0.01998550,20334,62,0
9829.09337031,9829.09329925,1071.12781338,1071.12934427,0.05670412,3472.65225863,0.01998550,0.01998550,20333,62,0
9829.57598390,9829.57673144,1081.54793443,1081.53181293,0.05083979,3473.06249926,0.01998549,0.01998550,20332,62,0
9830.05932402,9830.06021119,1091.98036905,1091.96121547,0.05124497,3473.47208900,0.01998549,0.01998550,20331,62,0
9830.54422038,9830.54373851,1102.42533076,1102.43574570,0.05246065,3473.88172442,0.01998550,0.01998550,20330,62,0
9831.02870034,9831.02731341,1112.88316562,1112.91317716,0.05226724,3474.28974211,0.01998550,0.01998550,20329,62,0
9831.51173804,9831.51093590,1123.35461553,1123.37199442,0.05198159,3474.69530797,0.01998550,0.01998550,20328,62,0
9831.99536452,9831.99460598,1133.84050142,1133.85695733,0.05059343,3475.10015566,0.01998550,0.01998550,20327,62,0
9832.47952506,9832.47832367,1144.34146083,1144.36755880,0.05009429,3475.50425262,0.01998550,0.01998550,20326,62,0
9832.96137674,9832.96208895,1154.85678802,1154.84129787,0.05883097,3475.90519855,0.01998549,0.01998550,20325,62,0
9833.44586206,9833.44590186,1165.38518757,1165.38432112,0.05371638,3476.30704867,0.01998549,0.01998550,20324,62,0
9833.92975667,9833.92976238,1175.92542391,1175.92529954,0.05306472,3476.70706737,0.01998549,0.01998550,20323,62,0
9834.41291044,9834.41367053,1186.47762836,1186.46104427,0.04996932,3477.10513534,0.01998549,0.01998550,20322,62,0
9834.89810898,9834.89762632,1197.04316954,1197.05371342,0.05373257,3477.50358802,0.01998550,0.01998550,20321,62,0
9835.38181777,9835.38162975,1207.62346138,1207.62757443,0.05200241,3477.89956701,0.01998549,0.01998550,20320,62,0
9835.86690570,9835.86568083,1218.21913271,1218.24596215,0.05945930,3478.29543756,0.01998550,0.01998550,20319,62,0
9836.35009902,9836.34977956,1228.82940800,1228.83641394,0.05546304,3478.68849385,0.01998550,0.01998550,20318,62,0
9836.83372077,9836.83392596,1239.45336138,1239.44885624,0.04794704,3479.08059024,0.01998549,0.01998550,20317,62,0
9837.31921277,9837.31812003,1250.09033619,1250.11435572,0.05519564,3479.47285556,0.01998550,0.01998550,20316,62,0
9837.80230942,9837.80236177,1260.74065079,1260.73949877,0.04928807,3479.86185085,0.01998549,0.01998550,20315,62,0
9838.28632021,9838.28665120,1271.40484300,1271.39754997,0.05206332,3480.25026014,0.01998549,0.01998550,20314,62,0
9838.77233240,9838.77098832,1282.08339169,1282.11304417,0.05302653,3480.63895462,0.01998550,0.01998550,20313,62,0
9839.25573870,9839.25537314,1292.77632829,1292.78440298,0.05237212,3481.02424616,0.01998550,0.01998550,20312,62,0
9839.74006625,9839.73980567,1303.48348798,1303.48925097,0.05026139,3481.40893999,0.01998550,0.01998550,20311,62,0
9840.22401216,9840.22428591,1314.20470189,1314.19864052,0.05518495,3481.79198611,0.01998549,0.01998550,20310,62,0
9840.70853686,9840.70881387,1324.93977136,1324.93363049,0.05560276,3482.17412998,0.01998549,0.01998550,20309,62,0
9841.19264290,9841.19338955,1335.68847387,1335.67190238,0.05632998,3482.55456967,0.01998549,0.01998550,20308,62,0
9841.67881121,9841.67801297,1346.45059493,1346.46833185,0.05417380,3482.93523357,0.01998550,0.01998550,20307,62,0
9842.16390883,9842.16268413,1357.22634635,1357.25359200,0.05476344,3483.31366526,0.01998550,0.01998550,20306,62,0
9842.64775596,9842.64740303,1368.01651108,1368.02437259,0.05318385,3483.68975504,0.01998550,0.01998550,20305,62,0
9843.13186225,9843.13216969,1378.82191560,1378.81505802,0.05821671,3484.06470205,0.01998549,0.01998550,20304,62,0
9843.61598046,9843.61698412,1389.64296371,1389.62054744,0.05374570,3484.43832009,0.01998549,0.01998550,20303,62,0
9844.10080465,9844.10184631,1400.47910928,1400.45581481,0.05063668,3484.81111541,0.01998549,0.01998550,20302,62,0
9844.58627850,9844.58675628,1411.32967350,1411.31897619,0.05290468,3485.18300830,0.01998549,0.01998550,20301,62,0
9845.07201449,9845.07171403,1422.19411175,1422.20084690,0.05457359,3485.55367224,0.01998550,0.01998550,20300,62,0
9845.55622579,9845.55671957,1433.07239195,1433.06131029,0.05332127,3485.92174138,0.01998549,0.01998550,20299,62,0
9846.04171838,9846.04177291,1443.96460119,1443.96337590,0.05871027,3486.28934587,0.01998549,0.01998550,20298,62,0
9846.52748249,9846.52687405,1454.87096337,1454.88465130,0.05605380,3486.65571489,0.01998550,0.01998550,20297,62,0
9847.01271475,9847.01202301,1465.79252662,1465.80810975,0.05455813,3487.02027164,0.01998550,0.01998550,20296,62,0
9847.49711355,9847.49721978,1476.73065491,1476.72825825,0.05538582,3487.38283303,0.01998549,0.01998550,20295,62,0
9847.98202801,9847.98246438,1487.68650871,1487.67664900,0.05451167,3487.74444010,0.01998549,0.01998550,20294,62,0
9848.46847971,9848.46775681,1498.65915369,1498.67550937,0.04953725,3488.10580647,0.01998550,0.01998550,20293,62,0
9848.95313915,9848.95309708,1509.64645711,1509.64741010,0.05416767,3488.46438204,0.01998550,0.01998550,20292,62,0
9849.43841343,9849.43848520,1520.64638979,1520.64476267,0.05008030,3488.82188001,0.01998550,0.01998550,20291,62,0
9849.92368755,9849.92392117,1531.65908599,1531.65378298,0.05674412,3489.17784255,0.01998549,0.01998550,20290,62,0
9850.40995410,9850.40940500,1542.68644754,1542.69892833,0.05456711,3489.53304794,0.01998550,0.01998550,20289,62,0
9850.89480811,9850.89493670,1553.73039366,1553.72746666,0.05416112,3489.88579517,0.01998549,0.01998550,20288,62,0
9851.37945601,9851.38051627,1564.79147918,1564.76731040,0.05714710,3490.23697838,0.01998549,0.01998550,20287,62,0
9851.86702401,9851.86614373,1575.86872794,1575.88882036,0.05554448,3490.58881132,0.01998550,0.01998550,20286,62,0
9852.35233112,9852.35181907,1586.96108869,1586.97279048,0.05412162,3490.93751125,0.01998550,0.01998550,20285,62,0
9852.83701465,9852.83754232,1598.06820851,1598.05613471,0.04888569,3491.28424947,0.01998549,0.01998550,20284,62,0
9853.32250256,9853.32331346,1609.19077611,1609.17219671,0.05339489,3491.63006064,0.01998549,0.01998550,20283,62,0
9853.81021474,9853.80913252,1620.32956642,1620.35439687,0.05088668,3491.97595831,0.01998550,0.01998550,20282,62,0
9854.29486420,9854.29499949,1631.48496156,1631.48185310,0.05341565,3492.31820023,0.01998549,0.01998550,20281,62,0
9854.77971433,9854.78091439,1642.65658664,1642.62897802,0.05143511,3492.65908430,0.01998549,0.01998550,20280,62,0
9855.26677087,9855.26687722,1653.84397930,1653.84152949,0.05629487,3492.99998726,0.01998549,0.01998550,20279,62,0
9855.75286889,9855.75288798,1665.04697904,1665.04653860,0.05936471,3493.33867522,0.01998549,0.01998550,20278,62,0
9856.23885652,9856.23894670,1676.26615277,1676.26406992,0.05580180,3493.67575331,0.01998549,0.01998550,20277,62,0
9856.72465012,9856.72505336,1687.50217808,1687.49285070,0.05423567,3494.01117694,0.01998549,0.01998550,20276,62,0
9857.21151731,9857.21120799,1698.75542348,1698.76258847,0.05134349,3494.34581960,0.01998550,0.01998550,20275,62,0
9857.69795770,9857.69741059,1710.02535116,1710.03804148,0.05544552,3494.67862235,0.01998550,0.01998550,20274,62,0
9858.18422296,9858.18366115,1721.31125538,1721.32430333,0.05124583,3495.00973110,0.01998550,0.01998550,20273,62,0
9858.67047580,9858.66995970,1732.61270191,1732.62470365,0.05964027,3495.33923684,0.01998550,0.01998550,20272,62,0
9859.15669388,9859.15630624,1743.93019187,1743.93921855,0.05937560,3495.66713132,0.01998550,0.01998550,20271,62,0
9859.64403841,9859.64270077,1755.26442896,1755.29562163,0.04784053,3495.99420436,0.01998550,0.01998550,20270,62,0
9860.12945337,9860.12914331,1766.61596628,1766.62320704,0.04512800,3496.31841608,0.01998550,0.01998550,20269,62,0
9860.61469629,9860.61563385,1777.98476521,1777.96283989,0.04787411,3496.64094061,0.01998549,0.01998550,20268,62,0
9861.10258311,9861.10217242,1789.37064468,1789.38026229,0.04836986,3496.96362360,0.01998550,0.01998550,20267,62,0
9861.58932495,9861.58875900,1800.77342763,1800.78669937,0.04881713,3497.28393805,0.01998550,0.01998550,20266,62,0
9862.07506038,9862.07539362,1812.19295896,1812.18513379,0.05291408,3497.60197286,0.01998549,0.01998550,20265,62,0
9862.56096201,9862.56207627,1823.62908818,1823.60288760,0.05524756,3497.91848732,0.01998549,0.01998550,20264,62,0
9863.04920845,9863.04880697,1835.08175615,1835.09120923,0.04846391,3498.23487776,0.01998550,0.01998550,20263,62,0
9863.53626611,9863.53558573,1846.55130064,1846.56734312,0.05693556,3498.54884922,0.01998550,0.01998550,20262,62,0
9864.02358350,9864.02241254,1858.03816870,1858.06581792,0.05034077,3498.86134362,0.01998550,0.01998550,20261,62,0
9864.50902845,9864.50928742,1869.54281645,1869.53669253,0.05396352,3499.17100519,0.01998549,0.01998550,20260,62,0
9864.99523766,9864.99621037,1881.06572603,1881.04268975,0.05027317,3499.47952514,0.01998549,0.01998550,20259,62,0
9865.48182749,9865.48318140,1892.60738968,1892.57527569,0.06335431,3499.78665785,0.01998549,0.01998550,20258,62,0
9865.96875578,9865.97020052,1904.16800781,1904.13368767,0.05571908,3500.09236872,0.01998549,0.01998550,20257,62,0
9866.45682990,9866.45726774,1915.74657094,1915.73615539,0.05350093,3500.39712080,0.01998550,0.01998550,20256,62,0
9866.94416796,9866.94438306,1927.34175046,1927.33662710,0.05039864,3500.69969297,0.01998550,0.01998550,20255,62,0
9867.43098487,9867.43154649,1938.95275940,1938.93936502,0.05289121,3501.00019639,0.01998549,0.01998550,20254,62,0
9867.91731624,9867.91875803,1950.58088721,1950.54645105,0.05448401,3501.29868323,0.01998549,0.01998550,20253,62,0
9868.40610953,9868.40601770,1962.22792490,1962.23012170,0.05285970,3501.59698884,0.01998550,0.01998550,20252,62,0
9868.89294738,9868.89332550,1973.89497886,1973.88591890,0.05560141,3501.89243284,0.01998550,0.01998550,20251,62,0
9869.38077181,9869.38068143,1985.58083569,1985.58300436,0.05221541,3502.18676465,0.01998550,0.01998550,20250,62,0
9869.86785599,9869.86808551,1997.28378777,1997.27827331,0.05370523,3502.47888878,0.01998550,0.01998550,20249,62,0
9870.35636395,9870.35553775,2009.00272604,2009.02260177,0.05163058,3502.77006296,0.01998550,0.01998550,20248,62,0
9870.84370504,9870.84303814,2020.73826866,2020.75433386,0.05390248,3503.05874853,0.01998550,0.01998550,20247,62,0
9871.33201921,9871.33058670,2032.49134451,2032.52590246,0.05184525,3503.34622821,0.01998550,0.01998550,20246,62,0
9871.81739885,9871.81818343,2044.26291727,2044.24396139,0.04716150,3503.63022624,0.01998549,0.01998550,20245,62,0
9872.30557440,9872.30582834,2056.05402027,2056.04787509,0.05425394,3503.91411133,0.01998549,0.01998550,20244,62,0
9872.79337204,9872.79352144,2067.86569912,2067.86207758,0.05087294,3504.19603937,0.01998549,0.01998550,20243,62,0
9873.28107592,9873.28126274,2079.69839955,2079.69386374,0.05624072,3504.47617672,0.01998549,0.01998550,20242,62,0
9873.76957295,9873.76905223,2091.55144353,2091.56410670,0.04820443,3504.75500198,0.01998550,0.01998550,20241,62,0
9874.25716158,9874.25688994,2103.42403008,2103.43064616,0.05292726,3505.03151518,0.01998550,0.01998550,20240,62,0
9874.74424071,9874.74477586,2115.31563011,2115.30257677,0.05248845,3505.30592788,0.01998549,0.01998550,20239,62,0
9875.23130295,9875.23271001,2127.22610951,2127.19173781,0.05410692,3505.57850749,0.01998549,0.01998550,20238,62,0
9875.71975408,9875.72069238,2139.15537955,2139.13242465,0.05101851,3505.85002103,0.01998549,0.01998550,20237,62,0
9876.20851060,9876.20872300,2151.10377248,2151.09856838,0.05654742,3506.11985409,0.01998549,0.01998550,20236,62,0
9876.69714529,9876.69680186,2163.07207664,2163.08050481,0.04699023,3506.38777720,0.01998550,0.01998550,20235,62,0
9877.18368684,9877.18492897,2175.06106514,2175.03053191,0.05018588,3506.65272841,0.01998549,0.01998550,20234,62,0
9877.67253169,9877.67310434,2187.07083200,2187.05673279,0.05338453,3506.91709168,0.01998549,0.01998550,20233,62,0
9878.16110848,9878.16132797,2199.10093739,2199.09552461,0.05385622,3507.17944421,0.01998550,0.01998550,20232,62,0
9878.64934826,9878.64959988,2211.15091791,2211.14470331,0.05486649,3507.43973158,0.01998550,0.01998550,20231,62,0
9879.13702610,9879.13792007,2223.22025994,2223.19814807,0.05455635,3507.69781754,0.01998549,0.01998550,20230,62,0
9879.62619652,9879.62628855,2235.30841997,2235.30614032,0.04878397,3507.95476205,0.01998550,0.01998550,20229,62,0
9880.11489352,9880.11470533,2247.41505232,2247.41972050,0.05453776,3508.20950909,0.01998550,0.01998550,20228,62,0
9880.60275460,9880.60317040,2259.54097212,2259.53064197,0.04787619,3508.46188456,0.01998550,0.01998550,20227,62,0
9881.09189837,9881.09168379,2271.68741562,2271.69275543,0.05619251,3508.71299688,0.01998550,0.01998550,20226,62,0
9881.57986719,9881.58024549,2283.85535178,2283.84592218,0.05354343,3508.96159240,0.01998550,0.01998550,20225,62,0
9882.06820855,9882.06885551,2296.04478106,2296.02862797,0.05491728,3509.20845261,0.01998549,0.01998550,20224,62,0
9882.55749036,9882.55751387,2308.25548944,2308.25490147,0.05437655,3509.45384087,0.01998550,0.01998550,20223,62,0
9883.04651312,9883.04622056,2320.48711756,2320.49444572,0.05257966,3509.69713287,0.01998550,0.01998550,20222,62,0
9883.53742482,9883.53497560,2332.73900245,2332.80044522,0.04129555,3509.93936286,0.01998550,0.01998550,20221,62,0
9884.02312783,9884.02377899,2345.01046614,2344.99410647,0.05719478,3510.17702500,0.01998549,0.01998550,20220,62,0
9884.51321235,9884.51263074,2357.30189433,2357.31652982,0.04847922,3510.41481392,0.01998550,0.01998550,20219,62,0
9885.00151396,9885.00153086,2369.61502199,2369.61459606,0.05237052,3510.64974475,0.01998550,0.01998550,20218,62,0
9885.49112074,9885.49047935,2381.95156034,2381.96775800,0.05160197,3510.88332655,0.01998550,0.01998550,20217,62,0
9885.97939287,9885.97947622,2394.31146037,2394.30935165,0.05139183,3511.11428631,0.01998550,0.01998550,20216,62,0
9886.46844760,9886.46852148,2406.69336272,2406.69149067,0.05559498,3511.34359106,0.01998550,0.01998550,20215,62,0
9886.95722075,9886.95761514,2419.09604552,2419.08603655,0.05356988,3511.57070444,0.01998550,0.01998550,20214,62,0
9887.44628281,9887.44675720,2431.51948206,2431.50742380,0.05148104,3511.79587969,0.01998550,0.01998550,20213,62,0
9887.93572109,9887.93594766,2443.96413668,2443.95836812,0.05115432,3512.01914972,0.01998550,0.01998550,20212,62,0
9888.42498835,9888.42518655,2456.43065900,2456.42560421,0.04817706,3512.24026342,0.01998550,0.01998550,20211,62,0
9888.91443915,9888.91447386,2468.92029460,2468.91940774,0.05372674,3512.45939067,0.01998550,0.01998550,20210,62,0
9889.40319930,9889.40380960,2481.43440457,2481.41878210,0.05620495,3512.67615400,0.01998549,0.01998550,20209,62,0
9889.89319192,9889.89319377,2493.97304074,2493.97299325,0.05280643,3512.89139017,0.01998550,0.01998550,20208,62,0
9890.38287780,9890.38262640,2506.53407065,2506.54052777,0.05011805,3513.10436755,0.01998550,0.01998550,20207,62,0
9890.87055138,9890.87210748,2519.11526522,2519.07523971,0.03657681,3513.31431019,0.01998549,0.01998550,20206,62,0
9891.36150900,9891.36163701,2531.71659790,2531.71330007,0.05143551,3513.52347813,0.01998550,0.01998550,20205,62,0
9891.85134646,9891.85121502,2544.33990638,2544.34329847,0.05512714,3513.72999940,0.01998550,0.01998550,20204,62,0
9892.34141626,9892.34084149,2556.98684967,2557.00170892,0.04922505,3513.93446464,0.01998550,0.01998550,20203,62,0
9892.83133867,9892.83051645,2569.65743726,2569.67873108,0.05546261,3514.13670182,0.01998550,0.01998550,20202,62,0
9893.32104475,9893.32023990,2582.35101082,2582.37188976,0.04843278,3514.33666136,0.01998550,0.01998550,20201,62,0
9893.81043479,9893.81001185,2595.06719045,2595.07818083,0.05260438,3514.53428750,0.01998550,0.01998550,20200,62,0
9894.29920395,9894.29983230,2607.80638732,2607.79003122,0.05173382,3514.72945717,0.01998549,0.01998550,20199,62,0
9894.78918162,9894.78970125,2620.56915409,2620.55560386,0.04520471,3514.92289238,0.01998549,0.01998550,20198,62,0
9895.27959378,9895.27961873,2633.35607781,2633.35542609,0.05410043,3515.11427191,0.01998550,0.01998550,20197,62,0
9895.76921974,9895.76958473,2646.16778671,2646.15823390,0.04712702,3515.30311743,0.01998549,0.01998550,20196,62,0
9896.26018856,9896.25959926,2659.00483955,2659.02029208,0.04842573,3515.49024039,0.01998550,0.01998550,20195,62,0
9896.75038991,9896.74966234,2671.86708561,2671.88619904,0.05340895,3515.67481604,0.01998550,0.01998550,20194,62,0
9897.23997409,9897.23977395,2684.75398875,2684.75925589,0.04888484,3515.85688878,0.01998550,0.01998550,20193,62,0
9897.72987901,9897.72993413,2697.66524744,2697.66379434,0.05889781,3516.03679139,0.01998550,0.01998550,20192,62,0
9898.22114968,9898.22014286,2710.60137150,2710.62796536,0.05821635,3516.21488898,0.01998550,0.01998550,20191,62,0
9898.70999409,9898.71040016,2723.56302586,2723.55227983,0.05439629,3516.38980917,0.01998550,0.01998550,20190,62,0
9899.20182472,9899.20070604,2736.55010825,2736.57976631,0.04936261,3516.56346878,0.01998550,0.01998550,20189,62,0
9899.69213628,9899.69106050,2749.56150898,2749.59007903,0.05286095,3516.73423766,0.01998550,0.01998550,20188,62,0
9900.18236341,9900.18146354,2762.59624305,2762.62018172,0.05398370,3516.90260060,0.01998550,0.01998550,20187,62,0
9900.67184469,9900.67191519,2775.65508039,2775.65320155,0.05517688,3517.06833306,0.01998550,0.01998550,20186,62,0
9901.16139482,9901.16241544,2788.73970192,2788.71244926,0.05243659,3517.23172295,0.01998549,0.01998550,20185,62,0
9901.65255880,9901.65296430,2801.85132037,2801.84047125,0.05513360,3517.39327377,0.01998550,0.01998550,20184,62,0
9902.14351043,9902.14356178,2814.98977083,2814.98839429,0.05375926,3517.55235717,0.01998550,0.01998550,20183,62,0
9902.63476540,9902.63420789,2828.15465062,2828.16962378,0.05541887,3517.70911934,0.01998550,0.01998550,20182,62,0
9903.12419067,9903.12490262,2841.34572222,2841.32656508,0.05382289,3517.86287299,0.01998550,0.01998550,20181,62,0
9903.61623693,9903.61564600,2854.56291592,2854.57884621,0.05459586,3518.01499452,0.01998550,0.01998550,20180,62,0
9904.10659224,9904.10643803,2867.80611112,2867.81027605,0.05931691,3518.16412752,0.01998550,0.01998550,20179,62,0
9904.59730598,9904.59727871,2881.07486798,2881.07560580,0.04564131,3518.31088551,0.01998550,0.01998550,20178,62,0
9905.08787067,9905.08816805,2894.36864157,2894.36058098,0.05184672,3518.45509461,0.01998550,0.01998550,20177,62,0
9905.57903283,9905.57910606,2907.68767043,2907.68568167,0.05573792,3518.59695896,0.01998550,0.01998550,20176,62,0
9906.06984165,9906.07009275,2921.03354325,2921.02671097,0.04819827,3518.73620391,0.01998550,0.01998550,20175,62,0
9906.56130826,9906.56112813,2934.40781427,2934.41272570,0.04869890,3518.87311416,0.01998550,0.01998550,20174,62,0
9907.05235910,9907.05221219,2947.81026357,2947.81427702,0.04649931,3519.00737002,0.01998550,0.01998550,20173,62,0
9907.54400477,9907.54334495,2961.23966198,2961.25772055,0.05040595,3519.13921797,0.01998550,0.01998550,20172,62,0
9908.03589304,9908.03452642,2974.69545419,2974.73292857,0.05445059,3519.26853600,0.01998550,0.01998550,20171,62,0
9908.52523787,9908.52575660,2988.17887164,2988.16461917,0.05161319,3519.39460592,0.01998550,0.01998550,20170,62,0
9909.01604215,9909.01703550,3001.69137029,3001.66402003,0.04900853,3519.51846466,0.01998549,0.01998550,20169,62,0
9909.50856552,9909.50836312,3015.23331895,3015.23890314,0.04899699,3519.64013870,0.01998550,0.01998550,20168,62,0
9910.00030645,9909.99973948,3028.80423589,3028.81991035,0.04912601,3519.75898101,0.01998550,0.01998550,20167,62,0
9910.49205705,9910.49116459,3042.40387386,3042.42859711,0.05350372,3519.87517005,0.01998550,0.01998550,20166,62,0
9910.98239343,9910.98263844,3056.03286516,3056.02606390,0.04866911,3519.98836909,0.01998550,0.01998550,20165,62,0
9911.47461132,9911.47416104,3069.69195952,3069.70448568,0.04894810,3520.09932380,0.01998550,0.01998550,20164,62,0
9911.96567079,9911.96573241,3083.38042542,3083.37870772,0.05115717,3520.20731952,0.01998550,0.01998550,20163,62,0
9912.45643472,9912.45735256,3097.09615178,3097.07052213,0.05441278,3520.31252471,0.01998550,0.01998550,20162,62,0
9912.94881806,9912.94902148,3110.83788754,3110.83219702,0.04068666,3520.41531354,0.01998550,0.01998550,20161,62,0
9913.44087239,9913.44073918,3124.60790278,3124.61163709,0.05530970,3520.51526935,0.01998550,0.01998550,20160,62,0
9913.93229626,9913.93250568,3138.40921763,3138.40333392,0.05139076,3520.61234317,0.01998550,0.01998550,20159,62,0
9914.42481675,9914.42432097,3152.24253920,3152.25649891,0.05250411,3520.70685824,0.01998550,0.01998550,20158,62,0
9914.91654112,9914.91618508,3166.10635275,3166.11639857,0.05048466,3520.79841973,0.01998550,0.01998550,20157,62,0
9915.40810649,9915.40809799,3179.99956869,3179.99980884,0.05019840,3520.88712938,0.01998550,0.01998550,20156,62,0
9915.90030292,9915.90005973,3193.92300576,3193.92989586,0.05521874,3520.97311312,0.01998550,0.01998550,20155,62,0
9916.39225277,9916.39207030,3207.87785895,3207.88304000,0.04583412,3521.05620317,0.01998550,0.01998550,20154,62,0
9916.88586327,9916.88412970,3221.86416287,3221.91348974,0.05666018,3521.13669052,0.01998550,0.01998550,20153,62,0
9917.37591574,9917.37623795,3235.88095256,3235.87176564,0.05356840,3521.21371678,0.01998550,0.01998550,20152,62,0
9917.86928109,9917.86839505,3249.92775199,3249.95306715,0.05496640,3521.28834321,0.01998550,0.01998550,20151,62,0
9918.36138767,9918.36060100,3264.00565068,3264.02817522,0.05465468,3521.35984744,0.01998550,0.01998550,20150,62,0
9918.85123754,9918.85285582,3278.11596157,3278.06952248,0.04782537,3521.42810338,0.01998549,0.01998550,20149,62,0
9919.34511832,9919.34515952,3292.25906985,3292.25788517,0.05396781,3521.49395328,0.01998550,0.01998550,20148,62,0
9919.83648826,9919.83751209,3306.43474074,3306.40523085,0.05091285,3521.55649031,0.01998549,0.01998550,20147,62,0
9920.32857373,9920.32991355,3320.64275640,3320.60405471,0.05771683,3521.61612073,0.01998549,0.01998550,20146,62,0
9920.82254888,9920.82236390,3334.88296145,3334.88831641,0.04786134,3521.67294258,0.01998550,0.01998550,20145,62,0
9921.31378418,9921.31486315,3349.15535378,3349.12405133,0.05006651,3521.72641157,0.01998549,0.01998550,20144,62,0
9921.80768658,9921.80741132,3363.46099913,3363.46900314,0.04857253,3521.77710083,0.01998550,0.01998550,20143,62,0
9922.30026364,9922.30000840,3377.80141683,3377.80885612,0.05874571,3521.82457257,0.01998550,0.01998550,20142,62,0
9922.79269142,9922.79265440,3392.17696954,3392.17805110,0.05393234,3521.86893361,0.01998550,0.01998550,20141,62,0
9923.28562873,9923.28534933,3406.58649755,3406.59467787,0.04971130,3521.91021501,0.01998550,0.01998550,20140,62,0
9923.77877862,9923.77809320,3421.02905984,3421.04917180,0.04260866,3521.94836165,0.01998550,0.01998550,20139,62,0
9924.27039741,9924.27088602,3435.50501174,3435.49064250,0.05116274,3521.98323185,0.01998550,0.01998550,20138,62,0
9924.76383571,9924.76372779,3450.01503875,3450.01821990,0.05484043,3522.01504130,0.01998550,0.01998550,20137,62,0
9925.25633458,9925.25661852,3464.55993362,3464.55154509,0.04950667,3522.04358402,0.01998550,0.01998550,20136,62,0
9925.74876926,9925.74955821,3479.14056391,3479.11719971,0.04328699,3522.06890032,0.01998550,0.01998550,20135,62,0
9926.24244890,9926.24254688,3493.75724348,3493.75433487,0.05464324,3522.09102407,0.01998550,0.01998550,20134,62,0
9926.73507709,9926.73558453,3508.40923542,3508.39413819,0.04927441,3522.10982707,0.01998550,0.01998550,20133,62,0
9927.22764372,9927.22867117,3523.09567342,3523.06503722,0.05038033,3522.12533540,0.01998550,0.01998550,20132,62,0
9927.72317398,9927.72180681,3537.81566165,3537.85651529,0.04992656,3522.13759287,0.01998550,0.01998550,20131,62,0
9928.21647428,9928.21499145,3552.56846788,3552.61287271,0.04760033,3522.14644228,0.01998550,0.01998550,20130,62,0
9928.70839190,9928.70822510,3567.35635747,3567.36136452,0.04618999,3522.15191583,0.01998550,0.01998550,20129,62,0
9929.20094863,9929.20150777,3582.18407080,3582.16724029,0.04743185,3522.15402188,0.01998549,0.01998550,20128,62,0
9929.69464363,9929.69483946,3597.05328299,3597.04737318,0.05552735,3522.15271869,0.01998550,0.01998550,20127,62,0
9930.18890490,9930.18822019,3611.95947685,3611.98018568,0.04606925,3522.14796547,0.01998550,0.01998550,20126,62,0
9930.68220355,9930.68164996,3626.89900369,3626.91578392,0.05584054,3522.13976010,0.01998550,0.01998550,20125,62,0
9931.17248248,9931.17512877,0.00000000,3641.81671164,0.05339459,3522.12813540,0.01998549,0.01998550,20124,62,1
9931.66832219,9931.66865664,3656.89678618,3656.88659241,0.05240180,3522.11288711,0.01998550,0.01998550,20123,62,0
9932.16191115,9932.16223357,3671.96028539,3671.95043323,0.05978277,3522.09413682,0.01998550,0.01998550,20122,62,0
9932.65475945,9932.65585957,3687.06092307,3687.02723241,0.04659606,3522.07185975,0.01998549,0.01998550,20121,62,0
9933.14933762,9933.14953465,3702.19693673,3702.19088855,0.04629514,3522.04591306,0.01998550,0.01998550,20120,62,0
9933.64318600,9933.64325881,3717.37247387,3717.37023297,0.04890767,3522.01638388,0.01998550,0.01998550,20119,62,0
9934.13724947,9934.13703206,3732.59053003,3732.59723933,0.04997409,3521.98318904,0.01998550,0.01998550,20118,62,0
9934.63059476,9934.63085441,3747.84891239,3747.84088013,0.05739592,3521.94637490,0.01998550,0.01998550,20117,62,0
9935.12369032,9935.12472586,3763.14484234,3763.11273268,0.05674995,3521.90589903,0.01998550,0.01998550,20116,62,0
9935.61855103,9935.61864643,3778.47864068,3778.47567530,0.04812293,3521.86155397,0.01998550,0.01998550,20115,62,0
9936.11133952,9936.11261612,3793.85190309,3793.81212298,0.05666141,3521.81365767,0.01998549,0.01998550,20114,62,0
9936.60541438,9936.60663494,3809.26566593,3809.22753508,0.05317489,3521.76186355,0.01998549,0.01998550,20113,62,0
9937.10112259,9937.10070289,3824.72050110,3824.73364646,0.06326671,3521.70607321,0.01998550,0.01998550,20112,62,0
9937.59475032,9937.59481999,3840.21670301,3840.21451531,0.04111986,3521.64668190,0.01998550,0.01998550,20111,62,0
9938.08880253,9938.08898623,3855.75416803,3855.74838472,0.05402804,3521.58338101,0.01998550,0.01998550,20110,62,0
9938.58210529,9938.58320164,3871.33360815,3871.29900048,0.05483439,3521.51629483,0.01998549,0.01998550,20109,62,0
9939.07691931,9939.07746620,3886.95804730,3886.94073394,0.04772466,3521.44506530,0.01998550,0.01998550,20108,62,0
9939.57050994,9939.57177994,3902.62986936,3902.58954812,0.04987463,3521.37004133,0.01998549,0.01998550,20107,62,0
9940.06682910,9940.06614286,3918.34615566,3918.36799965,0.04088106,3521.29058753,0.01998550,0.01998550,20106,62,0
9940.56139204,9940.56055496,3934.10304751,3934.12975891,0.05453925,3521.20740146,0.01998550,0.01998550,20105,62,0
9941.05482312,9941.05501626,3949.90360906,3949.89742811,0.04461749,3521.12036939,0.01998550,0.01998550,20104,62,0
9941.54881048,9941.54952676,3965.75422270,3965.73122808,0.04853459,3521.02913443,0.01998550,0.01998550,20103,62,0
9942.04340772,9942.04408647,3981.65306011,3981.63121219,0.05512629,3520.93364975,0.01998550,0.01998550,20102,62,0
9942.53790987,9942.53869539,3997.59128862,3997.56594918,0.06043736,3520.83406897,0.01998550,0.01998550,20101,62,0
9943.03393913,9943.03335353,4013.56812247,4013.58706219,0.05183248,3520.73002682,0.01998550,0.01998550,20100,62,0
9943.52870708,9943.52806091,4029.59387060,4029.61483796,0.05341979,3520.62200856,0.01998550,0.01998550,20099,62,0
9944.02342760,9944.02281753,4045.67378014,4045.69363809,0.05115597,3520.50969579,0.01998550,0.01998550,20098,62,0
9944.51774518,9944.51762339,4061.80125909,4061.80523373,0.04961893,3520.39318674,0.01998550,0.01998550,20097,62,0
9945.01149214,9945.01247850,4077.97084064,4077.93856961,0.04829679,3520.27254307,0.01998550,0.01998550,20096,62,0
nan,nan,0.00000000,-1.00000000,0.00000000,3520.14848545,nan,0.00000000,-2147483648,62,1
nan,nan,0.00000000,-1.00000000,0.00000000,3537.00177170,nan,0.00000000,-2147483648,61,1
9937.59366398,9937.59481999,15.92039666,15.89839885,0.05714299,3537.55921498,0.01998550,0.01998550,20111,61,0
9938.08871805,9938.08898623,25.32834859,25.32324047,0.04744272,3538.08860779,0.01998550,0.01998550,20110,61,0
9938.58242677,9938.58320164,34.74618454,34.73141155,0.05212359,3538.61571971,0.01998550,0.01998550,20109,61,0
9939.07683791,9939.07746620,44.17399228,44.16200236,0.05440648,3539.14273906,0.01998550,0.01998550,20108,61,0
9939.57080112,9939.57177994,53.61135646,53.59266088,0.05566621,3539.66841135,0.01998550,0.01998550,20107,61,0
9940.06458960,9940.06614286,63.05772642,63.02803437,0.05013370,3540.19299406,0.01998550,0.01998550,20106,61,0
9940.55954019,9940.56055496,72.51255587,72.49314248,0.05249934,3540.71787026,0.01998550,0.01998550,20105,61,0
9941.05467874,9941.05501626,81.97574309,81.96928083,0.05121221,3541.24199337,0.01998550,0.01998550,20104,61,0
9941.54926377,9941.54952676,91.44787235,91.44283259,0.04629864,3541.76460790,0.01998550,0.01998550,20103,61,0
9942.04504311,9942.04408647,100.92958957,100.94793924,0.05794783,3542.28759046,0.01998550,0.01998550,20102,61,0
9942.53866030,9942.53869539,110.42149760,110.42082391,0.04640218,3542.80743158,0.01998550,0.01998550,20101,61,0
9943.03402463,9943.03335353,119.92372824,119.93662614,0.05268929,3543.32825182,0.01998550,0.01998550,20100,61,0
9943.52911785,9943.52806091,129.43613857,129.45647146,0.04931992,3543.84791277,0.01998550,0.01998550,20099,61,0
9944.02136030,9944.02281753,138.95858139,138.93052132,0.05829103,3544.36370243,0.01998550,0.01998550,20098,61,0
9944.51598704,9944.51762339,148.49088949,148.45935126,0.04537491,3544.88109387,0.01998550,0.01998550,20097,61,0
9945.01257210,9945.01247850,158.03283600,158.03464158,0.04908614,3545.39961277,0.01998550,0.01998550,20096,61,0
9945.50668558,9945.50738287,167.58418138,167.57071826,0.04675864,3545.91461761,0.01998550,0.01998550,20095,61,0
9946.00282844,9946.00233651,177.14470065,177.15420691,0.05408765,3546.43078438,0.01998550,0.01998550,20094,61,0
9946.49686670,9946.49733942,186.71456707,186.70542365,0.04880100,3546.94381745,0.01998550,0.01998550,20093,61,0
9946.99357812,9946.99239162,196.29437236,196.31734379,0.04999179,3547.45870413,0.01998550,0.01998550,20092,61,0
9947.48825415,9947.48749311,205.88473147,205.89948088,0.05479289,3547.97058997,0.01998550,0.01998550,20091,61,0
9947.98208337,9947.98264389,215.48611516,215.47524063,0.04553360,3548.48073274,0.01998550,0.01998550,20090,61,0
9948.47847174,9948.47784397,225.09817713,225.11036832,0.05352510,3548.99262282,0.01998550,0.01998550,20089,61,0
9948.97390372,9948.97309337,234.72028651,234.73603771,0.06232097,3549.50259210,0.01998550,0.01998550,20088,61,0
9949.46799018,9949.46839209,244.35181406,244.34399537,0.04587351,3550.01020881,0.01998550,0.01998550,20087,61,0
9949.96337255,9949.96374013,253.99253248,253.98537531,0.05221178,3550.51817051,0.01998550,0.01998550,20086,61,0
9950.45920832,9950.45913751,263.64287540,263.64425546,0.04780145,3551.02562657,0.01998550,0.01998550,20085,61,0
9950.95454655,9950.95458422,273.30334013,273.30260514,0.04785522,3551.53162541,0.01998550,0.01998550,20084,61,0
9951.45036446,9951.45008029,282.97438934,282.97993855,0.06975964,3552.03718476,0.01998550,0.01998550,20083,61,0
9951.94481448,9951.94562571,292.65615921,292.64030180,0.05148011,3552.54042539,0.01998550,0.01998550,20082,61,0
9952.44147704,9952.44122049,302.34861702,302.35363694,0.04914736,3553.04498229,0.01998550,0.01998550,20081,61,0
9952.93612843,9952.93686465,312.05172852,312.03730851,0.05438223,3553.54655727,0.01998550,0.01998550,20080,61,0
9953.43447480,9953.43255818,321.76548688,321.80306432,0.05125384,3554.05092618,0.01998550,0.01998550,20079,61,0
9953.92833180,9953.92830110,331.48994722,331.49054975,0.04914797,3554.54980588,0.01998550,0.01998550,20078,61,0
9954.42239858,9954.42409341,341.22517338,341.19187754,0.04690076,3555.04795387,0.01998549,0.01998550,20077,61,0
9954.91934411,9954.91993511,350.97121390,350.95959156,0.06194688,3555.54804971,0.01998550,0.01998550,20076,61,0
9955.41539272,9955.41582623,360.72793075,360.71939731,0.05166648,3556.04627600,0.01998550,0.01998550,20075,61,0
9955.91142789,9955.91176676,370.49506256,370.48838560,0.04302387,3556.54350440,0.01998550,0.01998550,20074,61,0
9956.40758152,9956.40775671,380.27234432,380.26888924,0.05592023,3557.03984850,0.01998550,0.01998550,20073,61,0
9956.90301787,9956.90379610,390.05965264,390.04429039,0.05305382,3557.53446304,0.01998550,0.01998550,20072,61,0
9957.40013772,9957.39988492,399.85724678,399.86224192,0.04225524,3558.02975019,0.01998550,0.01998550,20071,61,0
9957.89535488,9957.89602318,409.66545108,409.65223285,0.05226697,3558.52214910,0.01998550,0.01998550,20070,61,0
9958.39173036,9958.39221089,419.48457647,419.47506232,0.04387798,3559.01471613,0.01998550,0.01998550,20069,61,0
9958.88674083,9958.88844807,429.31472565,429.28088925,0.04818274,3559.50494793,0.01998549,0.01998550,20068,61,0
9959.38516134,9959.38473471,439.15585046,439.16431471,0.05460893,3559.99755972,0.01998550,0.01998550,20067,61,0
9959.88186042,9959.88107082,449.00789910,449.02358020,0.05935230,3560.48746698,0.01998550,0.01998550,20066,61,0
9960.37609876,9960.37745642,458.87083524,458.84384570,0.06230148,3560.97394622,0.01998550,0.01998550,20065,61,0
9960.87206252,9960.87389150,468.74466573,468.70827008,0.05304816,3561.46111535,0.01998549,0.01998550,20064,61,0
9961.37210120,9961.37037608,478.62940483,478.66376844,0.05184439,3561.95125994,0.01998550,0.01998550,20063,61,0
9961.86690350,9961.86691016,488.52504979,488.52491697,0.05524650,3562.43525119,0.01998550,0.01998550,20062,61,0
9962.36308234,9962.36349375,498.43138143,498.42317026,0.05221426,3562.91955363,0.01998550,0.01998550,20061,61,0
9962.86007004,9962.86012687,508.34803045,508.34689520,0.04964103,3563.40358327,0.01998550,0.01998550,20060,61,0
9963.35759145,9963.35680950,518.27462341,518.29025819,0.05172076,3563.88704475,0.01998550,0.01998550,20059,61,0
9963.85396527,9963.85354167,528.21117895,528.21965662,0.05051177,3564.36830246,0.01998550,0.01998550,20058,61,0
9964.35148408,9964.35032338,538.15866815,538.18192230,0.05109303,3564.84962145,0.01998550,0.01998550,20057,61,0
9964.84822387,9964.84715464,548.11820937,548.13965594,0.04847942,3565.32918780,0.01998550,0.01998550,20056,61,0
9965.34445141,9965.34403545,558.09077862,558.09913212,0.05364695,3565.80730387,0.01998550,0.01998550,20055,61,0
9965.84153547,9965.84096583,568.07588889,568.08734124,0.05585285,3566.28525786,0.01998550,0.01998550,20054,61,0
9966.33654528,9966.33794577,578.07221628,578.04403336,0.05817735,3566.76016691,0.01998550,0.01998550,20053,61,0
9966.83411554,9966.83497530,588.07842720,588.06111141,0.05950836,3567.23640740,0.01998550,0.01998550,20052,61,0
9967.33198468,9967.33205440,598.09405710,598.09265164,0.05413509,3567.71177815,0.01998550,0.01998550,20051,61,0
9967.82765670,9967.82918310,608.12025117,608.08945025,0.06597789,3568.18395178,0.01998550,0.01998550,20050,61,0
9968.32704217,9968.32636140,618.15833539,618.17208826,0.05534344,3568.65861127,0.01998550,0.01998550,20049,61,0
9968.82589972,9968.82358931,628.20939905,628.25612974,0.05398155,3569.13176080,0.01998550,0.01998550,20048,61,0
9969.32097026,9969.32086683,638.27293747,638.27503161,0.05093453,3569.60029260,0.01998550,0.01998550,20047,61,0
9969.81740175,9969.81819397,648.34780067,648.33174425,0.05296014,3570.06902708,0.01998550,0.01998550,20046,61,0
9970.31552999,9970.31557075,658.43286032,658.43203356,0.04577241,3570.53821349,0.01998550,0.01998550,20045,61,0
9970.81194166,9970.81299716,668.52805146,668.50661978,0.05519932,3571.00462899,0.01998550,0.01998550,20044,61,0
9971.31039521,9971.31047321,678.63462186,678.63303633,0.05298300,3571.47185649,0.01998550,0.01998550,20043,61,0
9971.80800786,9971.80799891,688.75390809,688.75409016,0.05975106,3571.93724578,0.01998550,0.01998550,20042,61,0
9972.30614394,9972.30557428,698.88679383,698.89840172,0.05951305,3572.40210825,0.01998550,0.01998550,20041,61,0
9972.80334160,9972.80319931,709.03241785,709.03532040,0.06042158,3572.86503516,0.01998550,0.01998550,20040,61,0
9973.30142020,9973.30087401,719.18949820,719.20065060,0.05149809,3573.32765622,0.01998550,0.01998550,20039,61,0
9973.79967079,9973.79859840,729.35684253,729.37875872,0.05275558,3573.78924977,0.01998550,0.01998550,20038,61,0
9974.29567363,9974.29637247,739.53457645,739.52028057,0.04057028,3574.24758229,0.01998550,0.01998550,20037,61,0
9974.79551941,9974.79419624,749.72377651,749.75087340,0.05462333,3574.70831981,0.01998550,0.01998550,20036,61,0
9975.29255302,9975.29206972,759.92554317,759.93545235,0.05836249,3575.16536812,0.01998550,0.01998550,20035,61,0
9975.79011115,9975.78999290,770.14047101,770.14289836,0.05533494,3575.62182344,0.01998550,0.01998550,20034,61,0
9976.28921849,9976.28796580,780.36816131,780.39390422,0.05063958,3576.07859489,0.01998550,0.01998550,20033,61,0
9976.78594950,9976.78598843,790.60809786,790.60729686,0.04601222,3576.53206366,0.01998550,0.01998550,20032,61,0
9977.28333879,9977.28406080,800.85985269,800.84498388,0.05430041,3576.98498121,0.01998550,0.01998550,20031,61,0
9977.78116570,9977.78218290,811.12351353,811.10254311,0.05938499,3577.43714095,0.01998549,0.01998550,20030,61,0
9978.28086929,9978.28035475,821.39935055,821.40996985,0.04980352,3577.88984795,0.01998550,0.01998550,20029,61,0
9978.77894688,9978.77857636,831.68762807,831.69528354,0.05161560,3578.33993374,0.01998550,0.01998550,20028,61,0
9979.27632179,9979.27684773,841.98845694,841.97757797,0.04971919,3578.78823952,0.01998550,0.01998550,20027,61,0
9979.77577674,9979.77516887,852.30180716,852.31439459,0.04813345,3579.23726129,0.01998550,0.01998550,20026,61,0
9980.27443304,9980.27353979,862.62764415,862.64616174,0.05875788,3579.68439900,0.01998550,0.01998550,20025,61,0
9980.77198289,9980.77196050,872.96612109,872.96658576,0.05646259,3580.12938385,0.01998550,0.01998550,20024,61,0
9981.27083336,9981.27043100,883.31781376,883.32617466,0.05212579,3580.57438648,0.01998550,0.01998550,20023,61,0
9981.76837379,9981.76895130,893.68335942,893.67134382,0.04488795,3581.01709877,0.01998550,0.01998550,20022,61,0
9982.26749717,9982.26752140,904.06318004,904.06267527,0.06162565,3581.46010520,0.01998550,0.01998550,20021,61,0
9982.76461865,9982.76614133,914.45641449,914.42465844,0.05115085,3581.90018213,0.01998549,0.01998550,20020,61,0
9983.26341953,9983.26481107,924.86172904,924.83267893,0.05309809,3582.34052678,0.01998550,0.01998550,20019,61,0
9983.76359356,9983.76353065,935.27786246,935.27917714,0.05943390,3582.78079837,0.01998550,0.01998550,20018,61,0
9984.26030095,9984.26230006,945.70498157,945.66316719,0.06445316,3583.21674631,0.01998549,0.01998550,20017,61,0
9984.76112009,9984.76111932,956.14447077,956.14448691,0.05591561,3583.65507215,0.01998550,0.01998550,20016,61,0
9985.26036046,9985.25998843,966.59775481,966.60555533,0.04897939,3584.09083947,0.01998550,0.01998550,20015,61,0
9985.75988678,9985.75890740,977.06543731,977.08599792,0.06346771,3584.52569876,0.01998550,0.01998550,20014,61,0
9986.25783277,9986.25787624,987.54658395,987.54567037,0.05311468,3584.95798435,0.01998550,0.01998550,20013,61,0
9986.75601987,9986.75689495,998.04008597,998.02167531,0.05374670,3585.38923039,0.01998550,0.01998550,20012,61,0
9987.25638846,9987.25596355,1008.54513925,1008.55408783,0.05228600,3585.82106833,0.01998550,0.01998550,20011,61,0
9987.75585777,9987.75508204,1019.06225026,1019.07860496,0.04601079,3586.25084939,0.01998550,0.01998550,20010,61,0
9988.25439669,9988.25425042,1029.59227537,1029.59536262,0.05233392,3586.67858266,0.01998550,0.01998550,20009,61,0
9988.75350232,9988.75346871,1040.13599527,1040.13670546,0.06283655,3587.10557916,0.01998550,0.01998550,20008,61,0
9989.25207972,9989.25273692,1050.69338615,1050.67948121,0.06183452,3587.53089429,0.01998550,0.01998550,20007,61,0
9989.75057359,9989.75205504,1061.26396212,1061.23258248,0.05314918,3587.95488358,0.01998550,0.01998550,20006,61,0
9990.25076947,9990.25142309,1071.84723960,1071.83337978,0.05270209,3588.37903374,0.01998550,0.01998550,20005,61,0
9990.74957192,9990.75084107,1082.44305743,1082.41611595,0.05069416,3588.80070605,0.01998550,0.01998550,20004,61,0
9991.24996606,9991.25030900,1093.05161920,1093.04433124,0.05405023,3589.22242515,0.01998550,0.01998550,20003,61,0
9991.74978128,9991.74982688,1103.67315038,1103.67218037,0.05019747,3589.64236040,0.01998550,0.01998550,20002,61,0
9992.25020838,9992.24939471,1114.30806070,1114.32539272,0.05397932,3590.06152185,0.01998550,0.01998550,20001,61,0
9992.74964479,9992.74901251,1124.95715665,1124.97064207,0.04781070,3590.47859361,0.01998550,0.01998550,20000,61,0
9993.24885062,9993.24868028,1135.62130207,1135.62494008,0.05535181,3590.89424161,0.01998550,0.01998550,19999,61,0
9993.74776500,9993.74839803,1146.30101497,1146.28747714,0.05140555,3591.30842963,0.01998550,0.01998550,19998,61,0
9994.24969076,9994.24816577,1156.99532938,1157.02798114,0.05900250,3591.72384431,0.01998550,0.01998550,19997,61,0
9994.74809710,9994.74798351,1167.70287914,1167.70531389,0.05552730,3592.13502279,0.01998550,0.01998550,19996,61,0
9995.24808917,9995.24785125,1178.42250152,1178.42760653,0.05207306,3592.54613344,0.01998550,0.01998550,19995,61,0
9995.74732801,9995.74776899,1189.15479727,1189.14532475,0.05462839,3592.95526658,0.01998550,0.01998550,19994,61,0
9996.24812866,9996.24773676,1199.90124739,1199.90967666,0.05260991,3593.36436610,0.01998550,0.01998550,19993,61,0
9996.74854729,9996.74775455,1210.66327734,1210.68035169,0.06091546,3593.77188634,0.01998550,0.01998550,19992,61,0
9997.24854034,9997.24782237,1221.44104313,1221.45652738,0.05475015,3594.17779290,0.01998550,0.01998550,19991,61,0
9997.74856735,9997.74794023,1232.23361131,1232.24715272,0.04798845,3594.58241753,0.01998550,0.01998550,19990,61,0
9998.24821855,9998.24810814,1243.04001949,1243.04240643,0.05292807,3594.98538686,0.01998550,0.01998550,19989,61,0
9998.74870280,9998.74832610,1253.85991059,1253.86806357,0.05764406,3595.38765386,0.01998550,0.01998550,19988,61,0
9999.24845546,9999.24859413,1264.69378350,1264.69077868,0.05922098,3595.78797219,0.01998550,0.01998550,19987,61,0
9999.74856720,9999.74891222,1275.54220415,1275.53471817,0.05495508,3596.18723085,0.01998550,0.01998550,19986,61,0
10000.24884341,10000.24928040,1286.40553407,1286.39604072,0.05676559,3596.58527828,0.01998550,0.01998550,19985,61,0
10000.75082804,10000.74969866,1297.28366460,1297.30823057,0.05285293,3596.98332391,0.01998550,0.01998550,19984,61,0
10001.24978212,10001.25016701,1308.17642101,1308.16803866,0.05499329,3597.37760164,0.01998550,0.01998550,19983,61,0
10001.75004741,10001.75068546,1319.08361687,1319.06970412,0.05682048,3597.77153541,0.01998550,0.01998550,19982,61,0
10002.25134897,10002.25125402,1330.00502709,1330.00710005,0.05728686,3598.16488366,0.01998550,0.01998550,19981,61,0
10002.75152542,10002.75187269,1340.94041623,1340.93282616,0.05872989,3598.55593529,0.01998550,0.01998550,19980,61,0
10003.25282076,10003.25254149,1351.88967242,1351.89578359,0.05438640,3598.94643375,0.01998550,0.01998550,19979,61,0
10003.75258309,10003.75326042,1362.85340223,1362.83856207,0.05274238,3599.33432947,0.01998550,0.01998550,19978,61,0
10004.25494693,10004.25402948,1373.83247289,1373.85260112,0.05863692,3599.72285035,0.01998550,0.01998550,19977,61,0
10004.75454568,10004.75484869,1384.82764956,1384.82099254,0.05323712,3600.10786560,0.01998550,0.01998550,19976,61,0
10005.25555846,10005.25571805,1395.83873418,1395.83522337,0.05545852,3600.49258639,0.01998550,0.01998550,19975,61,0
10005.75761628,10005.75663758,1406.86502011,1406.88657674,0.05699512,3600.87668647,0.01998550,0.01998550,19974,61,0
10006.25751577,10006.25760727,1417.90582300,1417.90380543,0.05850903,3601.25768864,0.01998550,0.01998550,19973,61,0
10006.75828291,10006.75862713,1428.96090183,1428.95330196,0.05156264,3601.63788918,0.01998550,0.01998550,19972,61,0
10007.25810738,10007.25969718,1440.03034051,1439.99519815,0.05498607,3602.01590968,0.01998549,0.01998550,19971,61,0
10007.76051050,10007.76081742,1451.11426064,1451.10746799,0.04767532,3602.39440301,0.01998550,0.01998550,19970,61,0
10008.26299765,10008.26198786,1462.21343180,1462.23581034,0.05663495,3602.77149684,0.01998550,0.01998550,19969,61,0
10008.76371220,10008.76320850,1473.32925856,1473.34043767,0.05083387,3603.14584474,0.01998550,0.01998550,19968,61,0
10009.26481463,10009.26447935,1484.46313905,1484.47059175,0.04526364,3603.51910609,0.01998550,0.01998550,19967,61,0
10009.76535776,10009.76580043,1495.61491195,1495.60505812,0.04898478,3603.89056142,0.01998550,0.01998550,19966,61,0
10010.26736591,10010.26717174,1506.78244959,1506.78677714,0.05664124,3604.26162956,0.01998550,0.01998550,19965,61,0
10010.76838163,10010.76859327,1517.96350877,1517.95878708,0.05168356,3604.63041017,0.01998550,0.01998550,19964,61,0
10011.27015369,10011.27006506,1529.15742987,1529.15940951,0.05088272,3604.99816307,0.01998550,0.01998550,19963,61,0
10011.77144698,10011.77158709,1540.36604610,1540.36291259,0.04495082,3605.36403497,0.01998550,0.01998550,19962,61,0
10012.27242880,10012.27315938,1551.59141310,1551.57505005,0.05686625,3605.72821056,0.01998550,0.01998550,19961,61,0
10012.77576627,10012.77478194,1562.83457152,1562.85664970,0.05317815,3606.09264473,0.01998550,0.01998550,19960,61,0
10013.27684364,10013.27645477,1574.09462664,1574.10336068,0.05285957,3606.45395729,0.01998550,0.01998550,19959,61,0
10013.77807230,10013.77817788,1585.37046376,1585.36808928,0.05668780,3606.81385228,0.01998550,0.01998550,19958,61,0
10014.28100614,10014.27995129,1596.66151388,1596.68526566,0.05444450,3607.17341083,0.01998550,0.01998550,19957,61,0
10014.78100280,10014.78177498,1607.96842595,1607.95101579,0.05412060,3607.52933236,0.01998550,0.01998550,19956,61,0
10015.28366037,10015.28364898,1619.29201646,1619.29227364,0.05759447,3607.88562061,0.01998550,0.01998550,19955,61,0
10015.78564355,10015.78557329,1630.63276986,1630.63435844,0.06053806,3608.23990896,0.01998550,0.01998550,19954,61,0
10016.28858998,10016.28754792,1641.99033140,1642.01392471,0.06081301,3608.59333202,0.01998550,0.01998550,19953,61,0
10016.78910978,10016.78957288,1653.36421470,1653.35371595,0.05224525,3608.94349090,0.01998550,0.01998550,19952,61,0
10017.29137777,10017.29164817,1664.75421715,1664.74807880,0.04868573,3609.29329487,0.01998550,0.01998550,19951,61,0
10017.79475697,10017.79377380,1676.16091516,1676.18326526,0.05284066,3609.64229613,0.01998550,0.01998550,19950,61,0
10018.29686429,10018.29594978,1687.58502073,1687.60584019,0.05236737,3609.98885615,0.01998550,0.01998550,19949,61,0
10018.79778344,10018.79817612,1699.02691636,1699.01796370,0.05436343,3610.33304666,0.01998550,0.01998550,19948,61,0
10019.30040589,10019.30045282,1710.48603354,1710.48496202,0.05198453,3610.67682583,0.01998550,0.01998550,19947,61,0
10019.80280694,10019.80277990,1721.96163050,1721.96224881,0.05237373,3611.01883930,0.01998550,0.01998550,19946,61,0
10020.30414564,10020.30515735,1733.45329831,1733.43014065,0.05834605,3611.35850023,0.01998550,0.01998550,19945,61,0
10020.80752233,10020.80758519,1744.96159848,1744.96015769,0.05657499,3611.69791260,0.01998550,0.01998550,19944,61,0
10021.30907841,10021.31006342,1756.48727082,1756.46466056,0.05076441,3612.03448655,0.01998550,0.01998550,19943,61,0
10021.81309218,10021.81259206,1768.03084122,1768.04233778,0.05657459,3612.37109629,0.01998550,0.01998550,19942,61,0
10022.31415876,10022.31517110,1779.59222603,1779.56892141,0.05079098,3612.70412282,0.01998550,0.01998550,19941,61,0
10022.81774945,10022.81780057,1791.17123468,1791.17005624,0.05771408,3613.03718984,0.01998550,0.01998550,19940,61,0
10023.32078972,10023.32048045,1802.76768399,1802.77482355,0.05353258,3613.36823991,0.01998550,0.01998550,19939,61,0
10023.82376740,10023.82321077,1814.38141315,1814.39428091,0.05750976,3613.69758345,0.01998550,0.01998550,19938,61,0
10024.32602789,10024.32599153,1826.01226427,1826.01310600,0.05177323,3614.02478231,0.01998550,0.01998550,19937,61,0
10024.82963717,10024.82882274,1837.66024821,1837.67912748,0.05735927,3614.35117061,0.01998550,0.01998550,19936,61,0
10025.33214745,10025.33170440,1849.32577498,1849.33605987,0.05020900,3614.67516316,0.01998550,0.01998550,19935,61,0
10025.83745817,10025.83463653,1861.00931543,1861.07491297,0.05650407,3614.99926940,0.01998550,0.01998550,19934,61,0
10026.33760557,10026.33761912,1872.71135516,1872.71103957,0.05700708,3615.31839706,0.01998550,0.01998550,19933,61,0
10026.84039543,10026.84065220,1884.43240555,1884.42641810,0.04969822,3615.63754355,0.01998550,0.01998550,19932,61,0
10027.34334328,10027.34373576,1896.17297694,1896.16381045,0.05805372,3615.95512166,0.01998550,0.01998550,19931,61,0
10027.84674939,10027.84686981,1907.93292400,1907.93010744,0.05137567,3616.27130379,0.01998550,0.01998550,19930,61,0
10028.35010050,10028.35005436,1919.71096902,1919.71204968,0.05383076,3616.58572131,0.01998550,0.01998550,19929,61,0
10028.85338336,10028.85328942,1931.50573970,1931.50794291,0.05271335,3616.89832086,0.01998550,0.01998550,19928,61,0
10029.35565880,10029.35657500,1943.31715508,1943.29563822,0.05405413,3617.20851395,0.01998550,0.01998550,19927,61,0
10029.85951169,10029.85991110,1955.14695303,1955.13755842,0.05740048,3617.51793050,0.01998550,0.01998550,19926,61,0
10030.36406938,10030.36329773,1966.99696140,1967.01514155,0.05296761,3617.82606047,0.01998550,0.01998550,19925,61,0
10030.86588512,10030.86673490,1978.86734133,1978.84728934,0.05617680,3618.13080283,0.01998550,0.01998550,19924,61,0
10031.37037816,10031.37022262,1990.75640135,1990.76007671,0.05489335,3618.43539495,0.01998550,0.01998550,19923,61,0
10031.87338498,10031.87376089,2002.66242337,2002.65352953,0.05967294,3618.73726357,0.01998550,0.01998550,19922,61,0
10032.37728732,10032.37734972,2014.58512433,2014.58364613,0.04850464,3619.03782523,0.01998550,0.01998550,19921,61,0
10032.88154308,10032.88098912,2026.52543809,2026.53858082,0.05427518,3619.33676432,0.01998550,0.01998550,19920,61,0
10033.38527168,10033.38467910,2038.48435048,2038.49843072,0.05953792,3619.63357493,0.01998550,0.01998550,19919,61,0
10033.88922574,10033.88841966,2050.46291513,2050.48209862,0.05275175,3619.92871821,0.01998550,0.01998550,19918,61,0
10034.39262262,10034.39221081,2062.46223175,2062.47204848,0.04511980,3620.22175392,0.01998550,0.01998550,19917,61,0
10034.89615677,10034.89605257,2074.48323498,2074.48572325,0.04581192,3620.51310004,0.01998550,0.01998550,19916,61,0
10035.40134953,10035.39994493,2086.52562284,2086.55921857,0.05474996,3620.80360839,0.01998550,0.01998550,19915,61,0
10035.90374167,10035.90388790,2098.58855307,2098.58504996,0.05205794,3621.09068946,0.01998550,0.01998550,19914,61,0
10036.40788633,10036.40788150,2110.67128292,2110.67139888,0.05418192,3621.37692231,0.01998550,0.01998550,19913,61,0
10036.91178187,10036.91192573,2122.77356295,2122.77010618,0.05160799,3621.66114585,0.01998550,0.01998550,19912,61,0
10037.41486829,10037.41602060,2134.89528362,2134.86755394,0.05013498,3621.94303722,0.01998550,0.01998550,19911,61,0
10037.91983374,10037.92016611,2147.03655438,2147.02854393,0.05845253,3622.22408884,0.01998550,0.01998550,19910,61,0
10038.42407765,10038.42436227,2159.19811392,2159.19124303,0.04925890,3622.50285323,0.01998550,0.01998550,19909,61,0
10038.92927946,10038.92860910,2171.38081420,2171.39702387,0.05235393,3622.78026601,0.01998550,0.01998550,19908,61,0
10039.43145175,10039.43290659,2183.58506125,2183.54982451,0.05337259,3623.05414698,0.01998550,0.01998550,19907,61,0
10039.93768078,10039.93725476,2195.81046098,2195.82079606,0.05231611,3623.32833477,0.01998550,0.01998550,19906,61,0
10040.44187595,10040.44165361,2208.05653150,2208.06193368,0.05312453,3623.59949712,0.01998550,0.01998550,19905,61,0
10040.94574291,10040.94610316,2220.32274963,2220.31398335,0.05416658,3623.86854236,0.01998550,0.01998550,19904,61,0
10041.44863034,10041.45060340,2232.60854726,2232.56046351,0.05295145,3624.13510733,0.01998550,0.01998550,19903,61,0
10041.95380149,10041.95515435,2244.91343984,2244.88042253,0.05062538,3624.40089330,0.01998550,0.01998550,19902,61,0
10042.45728021,10042.45975601,2257.23801043,2257.17749358,0.05715425,3624.66380695,0.01998549,0.01998550,19901,61,0
10042.96469816,10042.96440840,2269.58354456,2269.59063902,0.04465833,3624.92679252,0.01998550,0.01998550,19900,61,0
10043.47098728,10043.46911151,2281.95118021,2281.99718481,0.05575665,3625.18721947,0.01998550,0.01998550,19899,61,0
10043.97413362,10043.97386536,2294.34105860,2294.34764895,0.05425281,3625.44406775,0.01998550,0.01998550,19898,61,0
10044.47807923,10044.47866996,2306.75295645,2306.73841976,0.05202578,3625.69934688,0.01998550,0.01998550,19897,61,0
10044.98261005,10044.98352531,2319.18653622,2319.16397730,0.05175297,3625.95292157,0.01998550,0.01998550,19896,61,0
10045.48776853,10045.48843141,2331.64112402,2331.62475986,0.05556065,3626.20478067,0.01998550,0.01998550,19895,61,0
10045.99216706,10045.99338829,2344.11599338,2344.08580041,0.05526379,3626.45420740,0.01998550,0.01998550,19894,61,0
10046.49753768,10046.49839594,2356.61139708,2356.59014370,0.05144055,3626.70205096,0.01998550,0.01998550,19893,61,0
10047.00260700,10047.00345437,2369.12911659,2369.10809591,0.05948162,3626.94770648,0.01998550,0.01998550,19892,61,0
10047.50913193,10047.50856360,2381.67096926,2381.68509405,0.06104834,3627.19204462,0.01998550,0.01998550,19891,61,0
10048.01269632,10048.01372362,2394.23698494,2394.21140829,0.05201679,3627.43293158,0.01998550,0.01998550,19890,61,0
10048.51801775,10048.51893445,2406.82574389,2406.80288316,0.05775577,3627.67259126,0.01998550,0.01998550,19889,61,0
10049.02321130,10049.02419609,2419.43597112,2419.41137345,0.05112947,3627.91008344,0.01998550,0.01998550,19888,61,0
10049.52865534,10049.52950856,2432.06765498,2432.04630920,0.04958046,3628.14557332,0.01998550,0.01998550,19887,61,0
10050.03378610,10050.03487185,2444.72128417,2444.69407590,0.05248527,3628.37879596,0.01998550,0.01998550,19886,61,0
10050.54078877,10050.54028598,2457.39757367,2457.41019528,0.05304902,3628.61075150,0.01998550,0.01998550,19885,61,0
10051.04593435,10051.04575095,2470.09785573,2470.10246815,0.05247593,3628.83974535,0.01998550,0.01998550,19884,61,0
10051.55095410,10051.55126678,2482.82353507,2482.81565631,0.05905067,3629.06658651,0.01998550,0.01998550,19883,61,0
10052.05594488,10052.05683346,2495.57436972,2495.55193941,0.05325095,3629.29130124,0.01998550,0.01998550,19882,61,0
10052.56181979,10052.56245101,2508.34803305,2508.33207379,0.04425951,3629.51423626,0.01998550,0.01998550,19881,61,0
10053.06925689,10053.06811944,2521.14231761,2521.17111860,0.05379794,3629.73562395,0.01998550,0.01998550,19880,61,0
10053.57380612,10053.57383875,2533.95768082,2533.95685337,0.05427031,3629.95352816,0.01998550,0.01998550,19879,61,0
10054.07820586,10054.07960895,2546.79610040,2546.76045271,0.05374252,3630.16917313,0.01998550,0.01998550,19878,61,0
10054.58589611,10054.58543005,2559.65909135,2559.67095408,0.04823849,3630.38402150,0.01998550,0.01998550,19877,61,0
10055.09132902,10055.09130205,2572.54637131,2572.54705914,0.05994948,3630.59570058,0.01998550,0.01998550,19876,61,0
10055.59666767,10055.59722496,2585.45725461,2585.44302067,0.05037340,3630.80510729,0.01998550,0.01998550,19875,61,0
10056.10267754,10056.10319880,2598.39154782,2598.37821124,0.05274700,3631.01253897,0.01998550,0.01998550,19874,61,0
10056.60990310,10056.60922357,2611.34977162,2611.36718849,0.05001832,3631.21820148,0.01998550,0.01998550,19873,61,0
10057.11410658,10057.11529927,2624.33251157,2624.30188689,0.05787280,3631.42038458,0.01998550,0.01998550,19872,61,0
10057.62225571,10057.62142592,2637.34040088,2637.36174734,0.04890545,3631.62187220,0.01998550,0.01998550,19871,61,0
10058.12723742,10058.12760351,2650.37410368,2650.36466803,0.04390377,3631.81983480,0.01998550,0.01998550,19870,61,0
10058.63482033,10058.63383207,2663.43404385,2663.45956365,0.04897122,3632.01652950,0.01998550,0.01998550,19869,61,0
10059.14161763,10059.14011160,2676.51982709,2676.55878954,0.05461983,3632.21061109,0.01998550,0.01998550,19868,61,0
10059.64710126,10059.64644210,2689.63090104,2689.64798500,0.05247641,3632.40186928,0.01998550,0.01998550,19867,61,0
10060.15234436,10060.15282358,2702.76726930,2702.75482608,0.04980474,3632.59070689,0.01998550,0.01998550,19866,61,0
10060.65882857,10060.65925605,2715.92960772,2715.91848691,0.05021280,3632.77766622,0.01998550,0.01998550,19865,61,0
10061.16580260,10061.16573952,2729.11846230,2729.12010659,0.05122860,3632.96245101,0.01998550,0.01998550,19864,61,0
10061.67258398,10061.67227400,2742.33313789,2742.34123201,0.05316739,3633.14478603,0.01998550,0.01998550,19863,61,0
10062.17773881,10062.17885948,2755.57239892,2755.54308589,0.04860762,3633.32413725,0.01998550,0.01998550,19862,61,0
10062.68586001,10062.68549599,2768.83586952,2768.84540790,0.05204677,3633.50210708,0.01998550,0.01998550,19861,61,0
10063.19280249,10063.19218353,2782.12506808,2782.14131746,0.05867273,3633.67723725,0.01998550,0.01998550,19860,61,0
10063.69865185,10063.69892211,2795.44169005,2795.43458090,0.05429980,3633.84958106,0.01998550,0.01998550,19859,61,0
10064.20555943,10064.20571173,2808.78622059,2808.78220636,0.05571324,3634.01986242,0.01998550,0.01998550,19858,61,0
10064.71323193,10064.71255240,2822.15825149,2822.17619692,0.04572237,3634.18794883,0.01998550,0.01998550,19857,61,0
10065.21918953,10065.21944413,2835.55741945,2835.55068287,0.05015745,3634.35300619,0.01998550,0.01998550,19856,61,0
10065.72657438,10065.72638693,2848.98360527,2848.98857472,0.05604887,3634.51604494,0.01998550,0.01998550,19855,61,0
10066.23352297,10066.23338080,2862.43673339,2862.44050935,0.04993248,3634.67644287,0.01998550,0.01998550,19854,61,0
10066.74039448,10066.74042575,2875.91649009,2875.91565790,0.05106403,3634.83429862,0.01998550,0.01998550,19853,61,0
10067.24751459,10067.24752180,2889.42230669,2889.42211440,0.04717954,3634.98969087,0.01998550,0.01998550,19852,61,0
10067.75497517,10067.75466894,2902.95391350,2902.96209179,0.05477834,3635.14262570,0.01998550,0.01998550,19851,61,0
10068.26196433,10068.26186719,2916.51262214,2916.51522147,0.05514422,3635.29285935,0.01998550,0.01998550,19850,61,0
10068.76886179,10068.76911656,2930.10022122,2930.09338971,0.05103792,3635.44051257,0.01998550,0.01998550,19849,61,0
10069.27778984,10069.27641704,2943.71723737,2943.75412317,0.05244519,3635.58617795,0.01998550,0.01998550,19848,61,0
10069.78318433,10069.78376866,2957.36248845,2957.34675805,0.04870262,3635.72824543,0.01998550,0.01998550,19847,61,0
10070.29192083,10070.29117141,2971.03497298,2971.05518626,0.05965736,3635.86862300,0.01998550,0.01998550,19846,61,0
10070.79887410,10070.79862530,2984.73557410,2984.74229820,0.05150219,3636.00587772,0.01998550,0.01998550,19845,61,0
10071.30566173,10071.30613035,2998.46587653,2998.45318475,0.05734484,3636.14046213,0.01998550,0.01998550,19844,61,0
10071.81381386,10071.81368655,3012.22665646,3012.23011144,0.04678844,3636.27276363,0.01998550,0.01998550,19843,61,0
10072.32141898,10072.32129393,3026.01748195,3026.02088276,0.05182964,3636.40225666,0.01998550,0.01998550,19842,61,0
10072.83020695,10072.82895248,3039.83796424,3039.87215124,0.05332266,3636.52935665,0.01998550,0.01998550,19841,61,0
10073.33546872,10073.33666221,3053.68861488,3053.65602112,0.06292754,3636.65289347,0.01998550,0.01998550,19840,61,0
10073.84466647,10073.84442314,3067.57027122,3067.57693093,0.04269651,3636.77467826,0.01998550,0.01998550,19839,61,0
10074.35091224,10074.35223526,3081.48254076,3081.44625848,0.04468410,3636.89303470,0.01998550,0.01998550,19838,61,0
10074.86174981,10074.86009859,3095.42328496,3095.46865219,0.05221236,3637.00967772,0.01998550,0.01998550,19837,61,0
10075.36941373,10075.36801313,3109.39088374,3109.42943654,0.05757971,3637.12279337,0.01998550,0.01998550,19836,61,0
10075.87643926,10075.87597890,3123.38736182,3123.40006016,0.05453443,3637.23297862,0.01998550,0.01998550,19835,61,0
10076.38281178,10076.38399589,3137.41593378,3137.38319789,0.04708857,3637.34024872,0.01998550,0.01998550,19834,61,0
10076.89251200,10076.89206412,3151.47763786,3151.49004724,0.04259819,3637.44541391,0.01998550,0.01998550,19833,61,0
10077.39933056,10077.40018360,3165.57093671,3165.54725240,0.04714895,3637.54715919,0.01998550,0.01998550,19832,61,0
10077.90791138,10077.90835433,3179.69462603,3179.68230218,0.05488087,3637.64639956,0.01998550,0.01998550,19831,61,0
10078.41708304,10078.41657632,3193.84950953,3193.86363780,0.05479433,3637.74287442,0.01998550,0.01998550,19830,61,0
10078.92446956,10078.92484958,3208.03684173,3208.02622261,0.04394535,3637.83613380,0.01998550,0.01998550,19829,61,0
10079.43432369,10079.43317411,3222.25665523,3222.28884794,0.05594266,3637.92693482,0.01998550,0.01998550,19828,61,0
10079.94128003,10079.94154993,3236.50793600,3236.50036206,0.04455274,3638.01430067,0.01998550,0.01998550,19827,61,0
10080.44952903,10080.44997704,3250.79024785,3250.77764928,0.05697959,3638.09894665,0.01998550,0.01998550,19826,61,0
10080.95675015,10080.95845545,3265.10477669,3265.05671647,0.04587942,3638.18047274,0.01998550,0.01998550,19825,61,0
10081.46524299,10081.46698517,3279.45286823,3279.40365764,0.05029816,3638.25923498,0.01998550,0.01998550,19824,61,0
10081.97694075,10081.97556620,3293.83482615,3293.87374041,0.06344634,3638.33547527,0.01998550,0.01998550,19823,61,0
10082.48394557,10082.48419855,3308.25039728,3308.24321933,0.05697201,3638.40800893,0.01998550,0.01998550,19822,61,0
10082.99272381,10082.99288224,3322.69936161,3322.69485674,0.05127838,3638.47776632,0.01998550,0.01998550,19821,61,0
10083.50232751,10083.50161726,3337.18155873,3337.20179951,0.05414218,3638.54457393,0.01998550,0.01998550,19820,61,0
10084.01065215,10084.01040363,3351.69709910,3351.70419744,0.05282491,3638.60814098,0.01998550,0.01998550,19819,61,0
10084.51801314,10084.51924135,3366.24727515,3366.21211329,0.05926337,3638.66851303,0.01998550,0.01998550,19818,61,0
10085.02783452,10085.02813043,3380.83361272,3380.82512081,0.04770679,3638.72606934,0.01998550,0.01998550,19817,61,0
10085.53677551,10085.53707089,3395.45604820,3395.44755182,0.05163179,3638.78039666,0.01998550,0.01998550,19816,61,0
10086.04535442,10086.04606272,3410.11328967,3410.09287055,0.05645593,3638.83153605,0.01998550,0.01998550,19815,61,0
10086.55575103,10086.55510593,3424.80464527,3424.82328430,0.05473342,3638.87967036,0.01998550,0.01998550,19814,61,0
10087.06477975,10087.06420054,3439.53067699,3439.54745043,0.05101679,3638.92447650,0.01998550,0.01998550,19813,61,0
10087.57310620,10087.57334655,3454.29212301,3454.28514673,0.05414933,3638.96601419,0.01998550,0.01998550,19812,61,0
10088.08322826,10088.08254396,3469.08985376,3469.10976397,0.04968110,3639.00445834,0.01998550,0.01998550,19811,61,0
10088.59171869,10088.59179279,3483.92473090,3483.92256965,0.05169691,3639.03952956,0.01998550,0.01998550,19810,61,0
10089.10136901,10089.10109305,3498.79665905,3498.80472691,0.05568880,3639.07140258,0.01998550,0.01998550,19809,61,0
10089.61015415,10089.61044474,3513.70476169,3513.69624679,0.05954580,3639.09992431,0.01998550,0.01998550,19808,61,0
10090.12092517,10090.11984786,3528.64811815,3528.67975596,0.05750108,3639.12522064,0.01998550,0.01998550,19807,61,0
10090.62835178,10090.62930244,3543.62577779,3543.59779921,0.04750453,3639.14701888,0.01998550,0.01998550,19806,61,0
10091.13913813,10091.13880847,3558.63769099,3558.64741554,0.05673176,3639.16558657,0.01998550,0.01998550,19805,61,0
10091.64845802,10091.64836596,3573.68781816,3573.69054100,0.06269758,3639.18071288,0.01998550,0.01998550,19804,61,0
10092.15709474,10092.15797492,3588.78070604,3588.75460240,0.04887567,3639.19242270,0.01998550,0.01998550,19803,61,0
10092.66627805,10092.66763536,3603.91475122,3603.87439908,0.05934777,3639.20071910,0.01998550,0.01998550,19802,61,0
10093.17735097,10093.17734728,3619.08463241,3619.08474227,0.04899452,3639.20557323,0.01998550,0.01998550,19801,61,0
10093.68663286,10093.68711070,3634.29017055,3634.27589921,0.04959482,3639.20692788,0.01998550,0.01998550,19800,61,0
10094.19792454,10094.19692562,3649.53786592,3649.56778589,0.04343730,3639.20476799,0.01998550,0.01998550,19799,61,0
10094.70622254,10094.70679206,3664.83144249,3664.81433654,0.05186365,3639.19909748,0.01998550,0.01998550,19798,61,0
10095.21518117,10095.21671000,3680.16615913,3680.12012952,0.05051129,3639.18987515,0.01998550,0.01998550,19797,61,0
10095.72516322,10095.72667948,3695.53720053,3695.49144607,0.04928467,3639.17705649,0.01998550,0.01998550,19796,61,0
10096.23660711,10096.23670048,3710.94696974,3710.94414497,0.05620573,3639.16057975,0.01998550,0.01998550,19795,61,0
10096.74627672,10096.74677303,3726.39993782,3726.38488117,0.05332352,3639.14052288,0.01998550,0.01998550,19794,61,0
10097.25583298,10097.25689712,3741.89586024,3741.86349406,0.05525576,3639.11681476,0.01998550,0.01998550,19793,61,0
10097.76644565,10097.76707278,3757.43147891,3757.41235966,0.05466874,3639.08937068,0.01998550,0.01998550,19792,61,0
10098.27740868,10098.27729999,3773.00572986,3773.00905153,0.06025178,3639.05819159,0.01998550,0.01998550,19791,61,0
10098.78650757,10098.78757878,3788.62017603,3788.58735553,0.05323843,3639.02340231,0.01998550,0.01998550,19790,61,0
10099.29836660,10099.29790915,3804.27619168,3804.29024375,0.05023809,3638.98464902,0.01998550,0.01998550,19789,61,0
10099.80950954,10099.80829110,3819.97445086,3820.01197661,0.03935626,3638.94214499,0.01998550,0.01998550,19788,61,0
10100.32213867,10100.31872465,0.00000000,3835.82473995,0.06026880,3638.89565910,0.01998551,0.01998550,19787,61,1
10100.82955754,10100.82920980,3851.49903257,3851.50979820,0.05415857,3638.84585032,0.01998550,0.01998550,19786,61,0
10101.33896881,10101.33974657,3867.32556839,3867.30142566,0.04560909,3638.79198519,0.01998550,0.01998550,19785,61,0
10101.85035432,10101.85033495,3883.19768112,3883.19828415,0.05045181,3638.73399629,0.01998550,0.01998550,19784,61,0
10102.36167561,10102.36097496,3899.11851794,3899.14039506,0.06172138,3638.67205198,0.01998550,0.01998550,19783,61,0
10102.87125393,10102.87166660,3915.08630474,3915.07338468,0.04859537,3638.60635381,0.01998550,0.01998550,19782,61,0
10103.38294967,10103.38240989,3931.09655114,3931.11349272,0.04928783,3638.53639067,0.01998550,0.01998550,19781,61,0
10103.89310333,10103.89320483,3947.15072488,3947.14753011,0.06109780,3638.46262340,0.01998550,0.01998550,19780,61,0
10104.40428504,10104.40405142,3963.25566853,3963.26304525,0.05645159,3638.38462546,0.01998550,0.01998550,19779,61,0
10104.91503648,10104.91494968,3979.41153533,3979.41428373,0.05110364,3638.30257958,0.01998550,0.01998550,19778,61,0
10105.42634658,10105.42589962,3995.60929800,3995.62348263,0.05632520,3638.21634246,0.01998550,0.01998550,19777,61,0
10105.93918674,10105.93690123,0.00000000,4011.92078792,0.05311346,3638.12570445,0.01998551,0.01998550,19776,61,1
10106.44851105,10106.44795454,4028.13232626,4028.15009100,0.04966538,3638.03153003,0.01998550,0.01998550,19775,61,0
10106.95905507,10106.95905954,4044.47456115,4044.47441783,0.05099817,3637.93286699,0.01998550,0.01998550,19774,61,0
10107.46945452,10107.47021625,4060.86654892,4060.84208994,0.04460644,3637.82998120,0.01998550,0.01998550,19773,61,0
10107.98202826,10107.98142467,4077.30214005,4077.32157091,0.06310641,3637.72238956,0.01998550,0.01998550,19772,61,0
nan,nan,0.00000000,-1.00000000,0.00000000,3637.60941323,nan,0.00000000,-2147483648,61,1
nan,nan,0.00000000,-1.00000000,0.00000000,3655.82896906,nan,0.00000000,-2147483648,60,1
10102.87316270,10102.87166660,9.12529890,9.15329495,0.05101076,3656.29192232,0.01998551,0.01998550,19782,60,0
10103.38307246,10103.38240989,18.68715802,18.69956817,0.05744424,3656.83267692,0.01998550,0.01998550,19781,60,0
10103.89269480,10103.89320483,28.25908816,28.24952601,0.04800552,3657.37224381,0.01998550,0.01998550,19780,60,0
10104.40381868,10104.40405142,37.84130264,37.83693474,0.06448194,3657.91252145,0.01998550,0.01998550,19779,60,0
10104.91533166,10104.91494968,47.43373626,47.44091138,0.04241265,3658.45232084,0.01998550,0.01998550,19778,60,0
10105.42498077,10105.42589962,57.03585604,57.01858094,0.04527565,3658.98923401,0.01998550,0.01998550,19777,60,0
10105.93709165,10105.93690123,66.64708132,66.65066418,0.05515543,3659.52777959,0.01998550,0.01998550,19776,60,0
10106.44894961,10106.44795454,76.26690707,76.28564523,0.05380603,3660.06506429,0.01998551,0.01998550,19775,60,0
10106.95763302,10106.95905954,85.89558317,85.86869742,0.04768901,3660.59804132,0.01998550,0.01998550,19774,60,0
10107.47067818,10107.47021625,95.53378231,95.54249646,0.04438362,3661.13463693,0.01998550,0.01998550,19773,60,0
10107.98159629,10107.98142467,105.18218538,105.18542618,0.05997608,3661.66809166,0.01998550,0.01998550,19772,60,0
10108.49200395,10108.49268481,114.84126493,114.82839522,0.05440154,3662.20012196,0.01998550,0.01998550,19771,60,0
10109.00418267,10109.00399668,124.51095273,124.51447181,0.05011611,3662.73309416,0.01998550,0.01998550,19770,60,0
10109.51480429,10109.51536028,134.19109440,134.18056433,0.05323274,3663.26353124,0.01998550,0.01998550,19769,60,0
10110.02612626,10110.02677563,143.88153127,143.86922096,0.05897790,3663.79376723,0.01998550,0.01998550,19768,60,0
10110.53639249,10110.53824274,153.58205355,153.54694556,0.05895887,3664.32196611,0.01998550,0.01998550,19767,60,0
10111.05060040,10111.04976160,163.29241094,163.30834132,0.06076980,3664.85327465,0.01998550,0.01998550,19766,60,0
10111.56114237,10111.56133223,173.01235055,173.00874171,0.06432355,3665.37981338,0.01998550,0.01998550,19765,60,0
10112.07324810,10112.07295463,182.74179111,182.74737444,0.06237533,3665.90697321,0.01998550,0.01998550,19764,60,0
10112.58480267,10112.58462882,192.48124675,192.48455738,0.03836184,3666.43259761,0.01998550,0.01998550,19763,60,0
10113.09731608,10113.09635480,202.23136288,202.24968807,0.05335359,3666.95826725,0.01998550,0.01998550,19762,60,0
10113.60762278,10113.60813258,211.99275819,211.98302925,0.04756799,3667.48076700,0.01998550,0.01998550,19761,60,0
10114.12048586,10114.11996217,221.76540884,221.77541303,0.05363734,3668.00496644,0.01998550,0.01998550,19760,60,0
10114.63097115,10114.63184357,231.54867638,231.53199448,0.05826096,3668.52578291,0.01998550,0.01998550,19759,60,0
10115.14275590,10115.14377680,241.34189394,241.32235597,0.04921296,3669.04693096,0.01998550,0.01998550,19758,60,0
10115.65698327,10115.65576185,251.14459051,251.16798671,0.06006388,3669.56953410,0.01998550,0.01998550,19757,60,0
10116.16749712,10116.16779874,260.95708833,260.95130536,0.04940977,3670.08735245,0.01998550,0.01998550,19756,60,0
10116.68085985,10116.67988748,270.77990973,270.79857075,0.05116549,3670.60706811,0.01998550,0.01998550,19755,60,0
10117.19041464,10117.19202808,280.61356875,280.58257310,0.06294057,3671.12196682,0.01998550,0.01998550,19754,60,0
10117.70534008,10117.70422054,290.45831234,290.47984196,0.05164028,3671.64132710,0.01998550,0.01998550,19753,60,0
10118.21712923,10118.21646486,300.31411657,300.32690581,0.06322269,3672.15655616,0.01998550,0.01998550,19752,60,0
10118.72812548,10118.72876107,310.18094529,310.16869768,0.05180538,3672.67001742,0.01998550,0.01998550,19751,60,0
10119.24169354,10119.24110916,320.05877962,320.07005207,0.05451800,3673.18508077,0.01998550,0.01998550,19750,60,0
10119.75383969,10119.75350914,329.94766943,329.95405199,0.06593340,3673.69773513,0.01998550,0.01998550,19749,60,0
10120.26458141,10120.26596103,339.84768183,339.82101557,0.06201572,3674.20800460,0.01998550,0.01998550,19748,60,0
10120.77854402,10120.77846482,349.75887590,349.76040834,0.05395962,3674.72050295,0.01998550,0.01998550,19747,60,0
10121.29247433,10121.29102053,359.68114036,359.70929757,0.04419190,3675.23196619,0.01998550,0.01998550,19746,60,0
10121.80392059,10121.80362817,369.61420417,369.61987325,0.05252290,3675.73994282,0.01998550,0.01998550,19745,60,0
10122.31725051,10122.31628774,379.55778842,379.57647112,0.04983715,3676.24875351,0.01998550,0.01998550,19744,60,0
10122.83119479,10122.82899925,389.51173629,389.55438165,0.04669930,3676.75711980,0.01998551,0.01998550,19743,60,0
10123.34230733,10123.34176271,399.47630183,399.48689064,0.05001498,3677.26164795,0.01998550,0.01998550,19742,60,0
10123.85407271,10123.85457813,409.45182618,409.44198945,0.05477207,3677.76579662,0.01998550,0.01998550,19741,60,0
10124.36831994,10124.36744551,419.43863753,419.45567369,0.05060495,3678.27136975,0.01998550,0.01998550,19740,60,0
10124.87957084,10124.88036487,429.43684833,429.42136253,0.04335907,3678.77298357,0.01998550,0.01998550,19739,60,0
10125.39160603,10125.39333620,439.44640836,439.41263038,0.05425889,3679.27434631,0.01998550,0.01998550,19738,60,0
10125.90577109,10125.90635953,449.46726308,449.45576329,0.05462197,3679.77675884,0.01998550,0.01998550,19737,60,0
10126.42081130,10126.41943485,459.49937616,459.52630357,0.05437993,3680.27897899,0.01998550,0.01998550,19736,60,0
10126.93025027,10126.93256217,469.54275588,469.49748234,0.05466103,3680.77470122,0.01998550,0.01998550,19735,60,0
10127.44607207,10127.44574151,479.59741725,479.60389732,0.04747060,3681.27558010,0.01998550,0.01998550,19734,60,0
10127.96073163,10127.95897286,489.66334733,489.69785917,0.04436855,3681.77426722,0.01998551,0.01998550,19733,60,0
10128.47186906,10128.47225624,499.74028597,499.73268091,0.05302679,3682.26847250,0.01998550,0.01998550,19732,60,0
10128.98427144,10128.98559166,509.82784232,509.80188665,0.06537302,3682.76280747,0.01998550,0.01998550,19731,60,0
10129.49815149,10129.49897913,519.92563135,519.90934525,0.04628082,3683.25744486,0.01998550,0.01998550,19730,60,0
10130.01328891,10130.01241864,530.03384496,530.05098676,0.05107047,3683.75216831,0.01998550,0.01998550,19729,60,0
10130.52621694,10130.52591022,540.15357629,540.15962450,0.05586678,3684.24369983,0.01998550,0.01998550,19728,60,0
10131.03993680,10131.03945386,550.28600349,550.29553801,0.04462780,3684.73497162,0.01998550,0.01998550,19727,60,0
10131.55215493,10131.55304958,560.43196172,560.41427773,0.04231358,3685.22382669,0.01998550,0.01998550,19726,60,0
10132.06803802,10132.06669738,570.59057573,570.61710421,0.04578704,3685.71514113,0.01998551,0.01998550,19725,60,0
10132.58051455,10132.58039727,580.76044045,580.76276348,0.05656574,3686.20210633,0.01998550,0.01998550,19724,60,0
10133.09273178,10133.09414926,590.94021765,590.91211914,0.05238038,3686.68765596,0.01998550,0.01998550,19723,60,0
10133.60698607,10133.60795336,601.12998803,601.11079566,0.05558624,3687.17395999,0.01998550,0.01998550,19722,60,0
10134.12249509,10134.12180957,611.33109676,611.34471327,0.05585018,3687.66032681,0.01998550,0.01998550,19721,60,0
10134.63573382,10134.63571790,621.54493953,621.54525612,0.05327685,3688.14349481,0.01998550,0.01998550,19720,60,0
10135.14995032,10135.14967837,631.77222476,631.77763934,0.05150219,3688.62655316,0.01998550,0.01998550,19719,60,0
10135.66350084,10135.66369097,642.01199084,642.00820125,0.05191470,3689.10790538,0.01998550,0.01998550,19718,60,0
10136.17862549,10136.17775573,652.26302299,652.28037500,0.05034088,3689.58958534,0.01998550,0.01998550,19717,60,0
10136.69331102,10136.69187263,662.52433365,662.55305587,0.04606220,3690.06965533,0.01998550,0.01998550,19716,60,0
10137.20694199,10137.20604170,672.79659633,672.81459213,0.05494904,3690.54757313,0.01998550,0.01998550,19715,60,0
10137.72242589,10137.72026294,683.08120879,683.12449433,0.04952943,3691.02610128,0.01998551,0.01998550,19714,60,0
10138.23543260,10138.23453636,693.37953454,693.39749316,0.04832707,3691.50127910,0.01998550,0.01998550,19713,60,0
10138.74885094,10138.74886196,703.69168012,703.69145898,0.05876512,3691.97578698,0.01998550,0.01998550,19712,60,0
10139.26282897,10139.26323976,714.01637113,714.00812149,0.05579372,3692.44969400,0.01998550,0.01998550,19711,60,0
10139.77885241,10139.77766976,724.35225519,724.37602761,0.05802724,3692.92429355,0.01998550,0.01998550,19710,60,0
10140.29150970,10140.29215197,734.69857726,734.68565494,0.05615485,3693.39457362,0.01998550,0.01998550,19709,60,0
10140.80574153,10140.80668640,745.05621577,745.03718538,0.06003494,3693.86510781,0.01998550,0.01998550,19708,60,0
10141.32233594,10141.32127306,755.42632921,755.44776138,0.05064775,3694.33665083,0.01998550,0.01998550,19707,60,0
10141.83677029,10141.83591195,765.80993106,765.82725993,0.05393361,3694.80511362,0.01998550,0.01998550,19706,60,0
10142.35009480,10142.35060308,776.20695353,776.19668008,0.04382287,3695.27145371,0.01998550,0.01998550,19705,60,0
10142.86504473,10142.86534646,786.61685696,786.61075164,0.04374731,3695.73812387,0.01998550,0.01998550,19704,60,0
10143.38141359,10143.38014210,797.03911379,797.06486943,0.05557503,3696.20489704,0.01998550,0.01998550,19703,60,0
10143.89348631,10143.89499000,807.47359478,807.44310286,0.05889177,3696.66660543,0.01998550,0.01998550,19702,60,0
10144.40837284,10144.40989018,817.92056689,817.88976401,0.05562595,3697.12967083,0.01998550,0.01998550,19701,60,0
10144.92411107,10144.92484264,828.38031533,828.36544730,0.06027471,3697.59232269,0.01998550,0.01998550,19700,60,0
10145.43923276,10145.43984739,838.85303293,838.84052723,0.05079436,3698.05324550,0.01998550,0.01998550,19699,60,0
10145.95550092,10145.95490444,849.33870933,849.35085958,0.05207377,3698.51400832,0.01998550,0.01998550,19698,60,0
10146.46853196,10146.47001379,859.83730733,859.80708885,0.05351104,3698.97069833,0.01998550,0.01998550,19697,60,0
10146.98511552,10146.98517545,870.34888336,870.34765963,0.05806363,3699.42935468,0.01998550,0.01998550,19696,60,0
10147.49918239,10147.50038944,880.87395931,880.84928594,0.05715416,3699.88460152,0.01998550,0.01998550,19695,60,0
10148.01542547,10148.01565576,891.41320438,891.40849102,0.04479634,3700.34061837,0.01998550,0.01998550,19694,60,0
10148.53079456,10148.53097441,901.96719263,901.96350671,0.05691773,3700.79472440,0.01998550,0.01998550,19693,60,0
10149.04384544,10149.04634541,912.53531630,912.48402294,0.05168363,3701.24562491,0.01998550,0.01998550,19692,60,0
10149.56154929,10149.56176877,923.11618677,923.11167887,0.06344283,3701.69937237,0.01998550,0.01998550,19691,60,0
10150.07647011,10150.07724448,933.70842428,933.69250475,0.05098004,3702.14937803,0.01998550,0.01998550,19690,60,0
10150.59125058,10150.59277257,944.31186169,944.28054119,0.04897847,3702.59794985,0.01998550,0.01998550,19689,60,0
10151.10890344,10151.10835303,954.92789294,954.93923283,0.05793484,3703.04775631,0.01998550,0.01998550,19688,60,0
10151.62443953,10151.62398587,965.55802210,965.56738072,0.05199268,3703.49451662,0.01998550,0.01998550,19687,60,0
10152.14114905,10152.13967111,976.20306625,976.23359376,0.05563837,3703.94111276,0.01998551,0.01998550,19686,60,0
10152.65528192,10152.65540876,986.86212695,986.85950403,0.05037096,3704.38426384,0.01998550,0.01998550,19685,60,0
10153.17043963,10153.17119881,997.53403832,997.51832266,0.05003840,3704.82702480,0.01998550,0.01998550,19684,60,0
10153.68669056,10153.68704127,1008.21790973,1008.21064210,0.05039812,3705.26940357,0.01998550,0.01998550,19683,60,0
10154.20218258,10154.20293616,1018.91422137,1018.89858821,0.05359018,3705.70982577,0.01998550,0.01998550,19682,60,0
10154.71840429,10154.71888349,1029.62387395,1029.61392102,0.05520116,3706.14959424,0.01998550,0.01998550,19681,60,0
10155.23554302,10155.23488326,1040.34768589,1040.36140603,0.05198332,3706.58888954,0.01998550,0.01998550,19680,60,0
10155.74948834,10155.75093547,1051.08562429,1051.05549479,0.05825953,3707.02422009,0.01998550,0.01998550,19679,60,0
10156.26785260,10156.26704014,1061.83717738,1061.85411203,0.04973929,3707.46200167,0.01998550,0.01998550,19678,60,0
10156.78321589,10156.78319728,1072.60184181,1072.60223008,0.05042588,3707.89593568,0.01998550,0.01998550,19677,60,0
10157.29881361,10157.29940689,1083.37948339,1083.36708959,0.04936915,3708.32874516,0.01998550,0.01998550,19676,60,0
10157.81484689,10157.81566899,1094.17032259,1094.15312945,0.05347917,3708.76059892,0.01998550,0.01998550,19675,60,0
10158.33162573,10158.33198357,1104.97459966,1104.96710735,0.04808427,3709.19175502,0.01998550,0.01998550,19674,60,0
10158.85017463,10158.84835064,1115.79279961,1115.83103694,0.05210122,3709.62307135,0.01998551,0.01998550,19673,60,0
10159.36445350,10159.36477023,1126.62579223,1126.61914380,0.05820192,3710.04956084,0.01998550,0.01998550,19672,60,0
10159.88121507,10159.88124232,1137.47448588,1137.47391310,0.04411639,3710.47685859,0.01998550,0.01998550,19671,60,0
10160.39730973,10160.39776694,1148.33920148,1148.32957810,0.05015388,3710.90235848,0.01998550,0.01998550,19670,60,0
10160.91415408,10160.91434409,1159.21874688,1159.21474282,0.05244713,3711.32717384,0.01998550,0.01998550,19669,60,0
10161.43198572,10161.43097377,1170.11168253,1170.13303028,0.06231511,3711.75143003,0.01998550,0.01998550,19668,60,0
10161.94623041,10161.94765600,1181.01704556,1180.98694006,0.05552287,3712.17134624,0.01998550,0.01998550,19667,60,0
10162.46398660,10162.46439078,1191.93587711,1191.92733151,0.05524508,3712.59275318,0.01998550,0.01998550,19666,60,0
10162.98101203,10162.98117812,1202.86974472,1202.86622832,0.05523383,3713.01224038,0.01998550,0.01998550,19665,60,0
10163.49870523,10163.49801803,1213.81997040,1213.83454017,0.05130735,3713.43098591,0.01998550,0.01998550,19664,60,0
10164.01739016,10164.01491052,1224.78620899,1224.83885061,0.05689062,3713.84922424,0.01998551,0.01998550,19663,60,0
10164.53060879,10164.53185559,1235.76744144,1235.74094036,0.06569391,3714.26171893,0.01998550,0.01998550,19662,60,0
10165.04919410,10165.04885326,1246.76273333,1246.76998647,0.05998342,3714.67713474,0.01998550,0.01998550,19661,60,0
10165.56467311,10165.56590353,1257.77210724,1257.74589246,0.05600755,3715.08866922,0.01998550,0.01998550,19660,60,0
10166.08180919,10166.08300640,1268.79614949,1268.77061025,0.05160566,3715.50014599,0.01998550,0.01998550,19659,60,0
10166.60176062,10166.60016190,1279.83543252,1279.86958129,0.07711186,3715.91248280,0.01998551,0.01998550,19658,60,0
10167.11679802,10167.11737002,1290.89011839,1290.87788488,0.04697536,3716.31955681,0.01998550,0.01998550,19657,60,0
10167.63488729,10167.63463077,1301.96003377,1301.96552705,0.05272902,3716.72765749,0.01998550,0.01998550,19656,60,0
10168.15103817,10168.15194416,1313.04499313,1313.02556764,0.04879958,3717.13283526,0.01998550,0.01998550,19655,60,0
10168.67051956,10168.66931020,1324.14478234,1324.17074414,0.05489398,3717.53920518,0.01998550,0.01998550,19654,60,0
10169.18547153,10169.18672890,1335.25915624,1335.23213127,0.06601347,3717.94060754,0.01998550,0.01998550,19653,60,0
10169.70619203,10169.70420027,1346.38787611,1346.43073637,0.04290141,3718.34504840,0.01998551,0.01998550,19652,60,0
10170.22121912,10170.22172431,1357.53116036,1357.52027582,0.04790500,3718.74362576,0.01998550,0.01998550,19651,60,0
10170.73954957,10170.73930103,1368.68987070,1368.69523279,0.04575701,3719.14333578,0.01998550,0.01998550,19650,60,0
10171.25553795,10171.25693044,1379.86491690,1379.83483364,0.04725507,3719.53984546,0.01998550,0.01998550,19649,60,0
10171.77619746,10171.77461254,1391.05664674,1391.09093419,0.05865830,3719.93853877,0.01998551,0.01998550,19648,60,0
10172.29231155,10172.29234736,1402.26441457,1402.26363898,0.05593402,3720.33232663,0.01998550,0.01998550,19647,60,0
10172.81086261,10172.81013488,1413.48747023,1413.50325328,0.05358756,3720.72651091,0.01998550,0.01998550,19646,60,0
10173.32962110,10173.32797513,1424.72530944,1424.76105104,0.05927086,3721.11936032,0.01998551,0.01998550,19645,60,0
10173.84675976,10173.84586811,1435.97795989,1435.99734531,0.04797541,3721.50949079,0.01998550,0.01998550,19644,60,0
10174.36413002,10174.36381382,1447.24551890,1447.25240192,0.05836385,3721.89830102,0.01998550,0.01998550,19643,60,0
10174.88521539,10174.88181228,1458.52844468,1458.60262036,0.11340321,3722.28840016,0.01998551,0.01998550,19642,60,0
10175.40143800,10175.39986350,1469.82810019,1469.86246833,0.05132423,3722.67341029,0.01998550,0.01998550,19641,60,0
10175.91868633,10175.91796747,1481.14599748,1481.16171335,0.05185275,3723.05778198,0.01998550,0.01998550,19640,60,0
10176.43715481,10176.43612422,1492.48276562,1492.50533042,0.05599841,3723.44166228,0.01998550,0.01998550,19639,60,0
10176.95307195,10176.95433374,1503.83648948,1503.80882691,0.05728061,3723.82219072,0.01998550,0.01998550,19638,60,0
10177.47160624,10177.47259605,1515.20478735,1515.18306422,0.05900991,3724.20309123,0.01998550,0.01998550,19637,60,0
10177.99154578,10177.99091116,1526.58622319,1526.60016642,0.05176102,3724.58340010,0.01998550,0.01998550,19636,60,0
10178.51031260,10178.50927906,1537.98236500,1538.00510201,0.05010301,3724.96127599,0.01998550,0.01998550,19635,60,0
10179.02785647,10179.02769978,1549.39538113,1549.39883325,0.05787226,3725.33675697,0.01998550,0.01998550,19634,60,0
10179.54853692,10179.54617331,1560.82678177,1560.87893377,0.05752323,3725.71303849,0.01998551,0.01998550,19633,60,0
10180.06390546,10180.06469967,1572.27585855,1572.25831031,0.05715963,3726.08399201,0.01998550,0.01998550,19632,60,0
10180.58179070,10180.58327887,1583.74143760,1583.70851401,0.05392799,3726.45521786,0.01998550,0.01998550,19631,60,0
10181.10294975,10181.10191090,1595.22273962,1595.24575219,0.04914774,3726.82719920,0.01998550,0.01998550,19630,60,0
10181.62073722,10181.62059579,1606.72033498,1606.72347212,0.05060732,3727.19520351,0.01998550,0.01998550,19629,60,0
10182.13966862,10182.13933354,1618.23508256,1618.24252601,0.05897263,3727.56246924,0.01998550,0.01998550,19628,60,0
10182.65776506,10182.65812415,1629.76756947,1629.75958131,0.06488061,3727.92760420,0.01998550,0.01998550,19627,60,0
10183.17968215,10183.17696764,1641.31747358,1641.37794271,0.04977594,3728.29385675,0.01998551,0.01998550,19626,60,0
10183.69563073,10183.69586401,1652.88428314,1652.87907955,0.05377265,3728.65434230,0.01998550,0.01998550,19625,60,0
10184.21346609,10184.21481327,1664.46775223,1664.43766130,0.05566122,3729.01455174,0.01998550,0.01998550,19624,60,0
10184.73290803,10184.73381543,1676.06846529,1676.04816878,0.05772194,3729.37428353,0.01998550,0.01998550,19623,60,0
10185.25364626,10185.25287049,1687.68717110,1687.70454895,0.05441146,3729.73332362,0.01998550,0.01998550,19622,60,0
10185.77261382,10185.77197848,1699.32426560,1699.33851870,0.06114973,3730.08956236,0.01998550,0.01998550,19621,60,0
10186.29081597,10186.29113938,1710.97914653,1710.97188115,0.04969522,3730.44367366,0.01998550,0.01998550,19620,60,0
10186.81033639,10186.81035322,1722.65103417,1722.65065554,0.05846397,3730.79704614,0.01998550,0.01998550,19619,60,0
10187.32938544,10187.32961999,1734.33955339,1734.33427010,0.05454633,3731.14843850,0.01998550,0.01998550,19618,60,0
10187.84719174,10187.84893972,1746.04532809,1746.00589985,0.05268672,3731.49734670,0.01998550,0.01998550,19617,60,0
10188.36803836,10188.36831239,1757.76913533,1757.76294498,0.04562253,3731.84666233,0.01998550,0.01998550,19616,60,0
10188.88766644,10188.88773804,1769.51146063,1769.50984096,0.06202213,3732.19352548,0.01998550,0.01998550,19615,60,0
10189.40665878,10189.40721665,1781.27217995,1781.25954090,0.05130033,3732.53832066,0.01998550,0.01998550,19614,60,0
10189.92900821,10189.92674824,1793.05109262,1793.10236784,0.05145667,3732.88367205,0.01998551,0.01998550,19613,60,0
10190.44701524,10190.44633282,1804.84800974,1804.86351453,0.05573272,3733.22447895,0.01998550,0.01998550,19612,60,0
10190.96659045,10190.96597040,1816.66276365,1816.67687119,0.06527079,3733.56462932,0.01998550,0.01998550,19611,60,0
10191.48571578,10191.48566098,1828.49519372,1828.49644216,0.05565856,3733.90278272,0.01998550,0.01998550,19610,60,0
10192.00632546,10192.00540458,1840.34540654,1840.36641784,0.05299430,3734.24018782,0.01998550,0.01998550,19609,60,0
10192.52598072,10192.52520119,1852.21386903,1852.23168094,0.06094395,3734.57526531,0.01998550,0.01998550,19608,60,0
10193.04503371,10193.04505083,1864.10107813,1864.10068628,0.05562017,3734.90825430,0.01998550,0.01998550,19607,60,0
10193.56579391,10193.56495351,1876.00755252,1876.02681368,0.05621848,3735.24063554,0.01998550,0.01998550,19606,60,0
10194.08388325,10194.08490923,1887.93383333,1887.91028167,0.05484695,3735.56962419,0.01998550,0.01998550,19605,60,0
10194.60497271,10194.60491801,1899.88039459,1899.88165226,0.05304006,3735.89882225,0.01998550,0.01998550,19604,60,0
10195.12427702,10195.12497985,1911.84663062,1911.83044727,0.05013169,3736.22517359,0.01998550,0.01998550,19603,60,0
10195.64459552,10195.64509475,1923.83109815,1923.81958723,0.04952043,3736.55039184,0.01998550,0.01998550,19602,60,0
10196.16521504,10196.16526273,1935.83254046,1935.83143922,0.05825489,3736.87398113,0.01998550,0.01998550,19601,60,0
10196.68479667,10196.68548380,1947.85177188,1947.83588456,0.05342336,3737.19512589,0.01998550,0.01998550,19600,60,0
10197.20550989,10197.20575796,1959.89075647,1959.88501151,0.05521072,3737.51520924,0.01998550,0.01998550,19599,60,0
10197.72676160,10197.72608523,1971.95106797,1971.96675801,0.05517642,3737.83388910,0.01998551,0.01998550,19598,60,0
10198.24590483,10198.24646560,1984.03176931,1984.01874132,0.05238138,3738.14951931,0.01998550,0.01998550,19597,60,0
10198.76730800,10198.76689909,1996.13097585,1996.14048874,0.05515205,3738.46469524,0.01998550,0.01998550,19596,60,0
10199.28716925,10199.28738570,2008.24729968,2008.24225769,0.05382784,3738.77706954,0.01998550,0.01998550,19595,60,0
10199.80894295,10199.80792545,2020.38129785,2020.40503307,0.06031025,3739.08872115,0.01998551,0.01998550,19594,60,0
10200.32818288,10200.32851834,2032.53399675,2032.52615987,0.05161063,3739.39701432,0.01998550,0.01998550,19593,60,0
10200.85055787,10200.84916438,2044.70646134,2044.73906624,0.05364497,3739.70532863,0.01998551,0.01998550,19592,60,0
10201.37101372,10201.36986358,2056.89983403,2056.92678984,0.05362877,3740.01069257,0.01998550,0.01998550,19591,60,0
10201.88987358,10201.89061595,2069.11526167,2069.09783259,0.05575980,3740.31333122,0.01998550,0.01998550,19590,60,0
10202.41185354,10202.41142149,2081.35310004,2081.36326084,0.04857413,3740.61598431,0.01998550,0.01998550,19589,60,0
10202.93107281,10202.93228021,2093.61255341,2093.58411188,0.04800511,3740.91520883,0.01998550,0.01998550,19588,60,0
10203.45435443,10203.45319212,2105.89275066,2105.92017270,0.06656379,3741.21489705,0.01998551,0.01998550,19587,60,0
10203.97272744,10203.97415724,2118.19321677,2118.15943200,0.05992911,3741.50989335,0.01998550,0.01998550,19586,60,0
10204.49429730,10204.49517556,2130.51382500,2130.49304079,0.05771971,3741.80480580,0.01998550,0.01998550,19585,60,0
10205.01601349,10205.01624709,2142.85453197,2142.84899527,0.06047122,3742.09787936,0.01998550,0.01998550,19584,60,0
10205.53770457,10205.53737185,2155.21591449,2155.22381321,0.05404836,3742.38901974,0.01998550,0.01998550,19583,60,0
10206.05739609,10206.05854984,2167.59886878,2167.57143311,0.05464570,3742.67714585,0.01998550,0.01998550,19582,60,0
10206.58061084,10206.57978107,2180.00408418,2180.02384936,0.04789443,3742.96531548,0.01998551,0.01998550,19581,60,0
10207.10162680,10207.10106555,2192.43131397,2192.44470506,0.05113668,3743.25035210,0.01998550,0.01998550,19580,60,0
10207.62162716,10207.62240328,2204.88005399,2204.86150673,0.05908861,3743.53289748,0.01998550,0.01998550,19579,60,0
10208.14378335,10208.14379428,2217.34977095,2217.34950949,0.06260066,3743.81464478,0.01998550,0.01998550,19578,60,0
10208.66581630,10208.66523855,2229.83987356,2229.85372293,0.05376527,3744.09432814,0.01998551,0.01998550,19577,60,0
10209.18786403,10209.18673610,2242.34978689,2242.37686435,0.05096365,3744.37199830,0.01998551,0.01998550,19576,60,0
10209.70807764,10209.70828693,2254.87980905,2254.87477684,0.04854862,3744.64667827,0.01998550,0.01998550,19575,60,0
10210.23053280,10210.22989107,2267.43124718,2267.44670227,0.06595286,3744.92053518,0.01998551,0.01998550,19574,60,0
10210.75108548,10210.75154851,2280.00538187,2279.99421128,0.04726656,3745.19141066,0.01998550,0.01998550,19573,60,0
10211.27270330,10211.27325926,2292.60254278,2292.58910710,0.05456440,3745.46084831,0.01998550,0.01998550,19572,60,0
10211.79502137,10211.79502334,2305.22250177,2305.22245408,0.04432720,3745.72863205,0.01998550,0.01998550,19571,60,0
10212.31667094,10212.31684074,2317.86493894,2317.86082177,0.05748887,3745.99404073,0.01998550,0.01998550,19570,60,0
10212.83960376,10212.83871148,2330.52917636,2330.55084645,0.04938254,3746.25803728,0.01998551,0.01998550,19569,60,0
10213.36065365,10213.36063557,2343.21444112,2343.21488102,0.05787355,3746.51899907,0.01998550,0.01998550,19568,60,0
10213.88265263,10213.88261301,2355.92084795,2355.92181332,0.04961609,3746.77834093,0.01998550,0.01998550,19567,60,0
10214.40576748,10214.40464381,2368.65021663,2368.67764143,0.04908494,3747.03615839,0.01998551,0.01998550,19566,60,0
10214.92496119,10214.92672799,2381.40447548,2381.36127289,0.06101171,3747.29001116,0.01998550,0.01998550,19565,60,0
10215.44864020,10215.44886554,2394.18373715,2394.17821714,0.06199983,3747.54399449,0.01998550,0.01998550,19564,60,0
10215.96897131,10215.97105648,2406.98651849,2406.93535345,0.05545359,3747.79425993,0.01998550,0.01998550,19563,60,0
10216.49350180,10216.49330081,2419.81148973,2419.81642956,0.04938532,3748.04439338,0.01998550,0.01998550,19562,60,0
10217.01518766,10217.01559854,2432.65865803,2432.64854312,0.05745308,3748.29101523,0.01998550,0.01998550,19561,60,0
10217.53926018,10217.53794969,2445.52853858,2445.56085414,0.05486504,3748.53659879,0.01998551,0.01998550,19560,60,0
10218.06128942,10218.06035426,2458.42192120,2458.44502255,0.05341983,3748.77906825,0.01998551,0.01998550,19559,60,0
10218.58246709,10218.58281225,2471.34022934,2471.33168666,0.04492882,3749.01900824,0.01998550,0.01998550,19558,60,0
10219.10693823,10219.10532368,2484.28489410,2484.32493207,0.04808560,3749.25832432,0.01998551,0.01998550,19557,60,0
10219.62619317,10219.62788855,2497.25533535,2497.21321769,0.05100359,3749.49312007,0.01998550,0.01998550,19556,60,0
10220.15219096,10220.15050688,2510.24904064,2510.29094400,0.05493461,3749.72873367,0.01998551,0.01998550,19555,60,0
10220.67121001,10220.67317866,2523.26390883,2523.21485032,0.05797690,3749.95897044,0.01998550,0.01998550,19554,60,0
10221.19594083,10221.19590392,2536.30089239,2536.30181369,0.06066649,3750.18947306,0.01998551,0.01998550,19553,60,0
10221.71953334,10221.71868265,2549.36208546,2549.38335899,0.04644202,3750.41722676,0.01998551,0.01998550,19552,60,0
10222.24259500,10222.24151487,2562.44874310,2562.47580380,0.05301902,3750.64251440,0.01998551,0.01998550,19551,60,0
10222.76393521,10222.76440057,2575.56035617,2575.54867671,0.05315466,3750.86481467,0.01998550,0.01998550,19550,60,0
10223.28748858,10223.28733978,2588.69624007,2588.69998105,0.04812781,3751.08577659,0.01998550,0.01998550,19549,60,0
10223.81201320,10223.81033250,2601.85643111,2601.89876047,0.06194234,3751.30484200,0.01998551,0.01998550,19548,60,0
10224.33376642,10224.33337874,2615.04152209,2615.05130369,0.04931767,3751.52045561,0.01998550,0.01998550,19547,60,0
10224.85611701,10224.85647850,2628.25213819,2628.24300042,0.06532067,3751.73401985,0.01998550,0.01998550,19546,60,0
10225.37857595,10225.37963180,2641.48896036,2641.46221967,0.05371432,3751.94532645,0.01998550,0.01998550,19545,60,0
10225.90275778,10225.90283864,2654.75267668,2654.75062476,0.06017405,3752.15501211,0.01998550,0.01998550,19544,60,0
10226.42458431,10226.42609903,2668.04344926,2668.00493907,0.05433410,3752.36143685,0.01998550,0.01998550,19543,60,0
10226.94863096,10226.94941298,2681.36073197,2681.34081277,0.05860298,3752.56638765,0.01998550,0.01998550,19542,60,0
10227.47378059,10227.47278049,2694.70404082,2694.72956229,0.06614385,3752.76938259,0.01998551,0.01998550,19541,60,0
10227.99736308,10227.99620158,2708.07374496,2708.10344151,0.06038073,3752.96938325,0.01998551,0.01998550,19540,60,0
10228.52106653,10228.51967626,2721.47059353,2721.50620853,0.05650888,3753.16704015,0.01998551,0.01998550,19539,60,0
10229.04330765,10229.04320452,2734.89472102,2734.89736787,0.06283534,3753.36175125,0.01998550,0.01998550,19538,60,0
10229.56623985,10229.56678639,2748.34498411,2748.33093188,0.05146068,3753.55429284,0.01998550,0.01998550,19537,60,0
10230.09050125,10230.09042186,2761.82022913,2761.82227396,0.06788654,3753.74485458,0.01998550,0.01998550,19536,60,0
10230.61420500,10230.61411095,2775.32112294,2775.32355003,0.05176826,3753.93274007,0.01998550,0.01998550,19535,60,0
10231.13851988,10231.13785366,2788.84951142,2788.86673739,0.06127673,3754.11837863,0.01998551,0.01998550,19534,60,0
10231.66076461,10231.66165001,2802.40672851,2802.38378893,0.05057441,3754.30083315,0.01998550,0.01998550,19533,60,0
10232.18554927,10232.18549999,2815.99258774,2815.99386700,0.04202074,3754.48169165,0.01998551,0.01998550,19532,60,0
10232.70982106,10232.70940363,2829.60664871,2829.61750667,0.06112548,3754.65986521,0.01998551,0.01998550,19531,60,0
10233.23385775,10233.23336092,2843.24867468,2843.26162291,0.05605484,3754.83543411,0.01998551,0.01998550,19530,60,0
10233.75751893,10233.75737188,2856.91859183,2856.92243154,0.04684672,3755.00833853,0.01998551,0.01998550,19529,60,0
10234.28137184,10234.28143652,2870.61622124,2870.61452922,0.06968047,3755.17874864,0.01998551,0.01998550,19528,60,0
10234.80631671,10234.80555483,2884.34102682,2884.36099611,0.05087183,3755.34692517,0.01998551,0.01998550,19527,60,0
10235.32804480,10235.32972684,2898.09246630,2898.04829812,0.06609240,3755.51148128,0.01998550,0.01998550,19526,60,0
10235.85432601,10235.85395254,2911.87128763,2911.88111368,0.05246568,3755.67485090,0.01998551,0.01998550,19525,60,0
10236.37691227,10236.37823195,2925.67936092,2925.64456757,0.06176764,3755.83447270,0.01998550,0.01998550,19524,60,0
10236.90198176,10236.90256508,2939.51795222,2939.50254090,0.05945662,3755.99223993,0.01998550,0.01998550,19523,60,0
10237.42736136,10237.42695193,2953.38614761,2953.39698634,0.05232474,3756.14745052,0.01998551,0.01998550,19522,60,0
10237.95207116,10237.95139251,2967.28266795,2967.30066818,0.06476485,3756.29978625,0.01998551,0.01998550,19521,60,0
10238.47437481,10238.47588683,2981.20783880,2981.16765446,0.06204385,3756.44875339,0.01998550,0.01998550,19520,60,0
10239.00035469,10239.00043490,2995.16330163,2995.16116545,0.04823568,3756.59607718,0.01998550,0.01998550,19519,60,0
10239.52477755,10239.52503672,3009.15023818,3009.14332075,0.05126702,3756.74026963,0.01998550,0.01998550,19518,60,0
10240.04894607,10240.04969231,3023.16835708,3023.14839775,0.06219152,3756.88168124,0.01998550,0.01998550,19517,60,0
10240.57446339,10240.57440167,3037.21716618,3037.21882046,0.05305297,3757.02071257,0.01998551,0.01998551,19516,60,0
10241.09677507,10241.09916482,3051.29700271,3051.23281545,0.05084956,3757.15615823,0.01998550,0.01998551,19515,60,0
10241.62440615,10241.62398175,3065.40875888,3065.42018304,0.04683913,3757.29020201,0.01998551,0.01998551,19514,60,0
10242.14791867,10242.14885248,3079.55239008,3079.52720088,0.06304790,3757.42041725,0.01998550,0.01998551,19513,60,0
10242.67655920,10242.67377702,0.00000000,3093.79443355,0.05223285,3757.54899918,0.01998551,0.01998551,19512,60,1
10243.19956173,10243.19875537,3107.92699083,3107.94882447,0.04860937,3757.67347222,0.01998551,0.01998551,19511,60,0
10243.72371567,10243.72378754,3122.15770749,3122.15575750,0.04878789,3757.79531137,0.01998551,0.01998551,19510,60,0
10244.24996381,10244.24887354,3136.42133271,3136.45098363,0.05169124,3757.91477791,0.01998551,0.01998551,19509,60,0
10244.77452681,10244.77401338,3150.71925611,3150.73325077,0.04934722,3758.03100179,0.01998551,0.01998551,19508,60,0
10245.29925690,10245.29920707,3165.04993391,3165.05129502,0.05838927,3758.14437297,0.01998551,0.01998551,19507,60,0
10245.82416761,10245.82445462,3179.41204515,3179.40418918,0.05060352,3758.25486171,0.01998550,0.01998551,19506,60,0
10246.34934507,10246.34975602,3193.80637477,3193.79510128,0.05558139,3758.36246923,0.01998550,0.01998551,19505,60,0
10246.87255686,10246.87511131,3208.23424001,3208.16400866,0.05126002,3758.46674235,0.01998550,0.01998551,19504,60,0
10247.39766098,10247.40052047,0.00000000,3222.61716242,0.06520590,3758.56843240,0.01998550,0.01998551,19503,60,1
10247.92589353,10247.92598352,3237.18958926,3237.18710461,0.06624721,3758.66770244,0.01998551,0.01998551,19502,60,0
10248.45068731,10248.45150046,3251.71562283,3251.69312180,0.06191229,3758.76330454,0.01998550,0.01998551,19501,60,0
10248.97594245,10248.97707131,3266.27505612,3266.24374903,0.04502152,3758.85596143,0.01998550,0.01998551,19500,60,0
10249.50311407,10249.50269608,3280.86925814,3280.88087715,0.05504530,3758.94589700,0.01998551,0.01998551,19499,60,0
10250.02892727,10250.02837476,3295.49844515,3295.51383838,0.05041042,3759.03252756,0.01998551,0.01998551,19498,60,0
10250.55347603,10250.55410738,3310.16234777,3310.14471806,0.04387848,3759.11586857,0.01998550,0.01998551,19497,60,0
10251.07953867,10251.07989393,3324.86074470,3324.85080224,0.05933366,3759.19633673,0.01998550,0.01998551,19496,60,0
10251.07953867,10251.07989393,3324.86074470,3324.85080224,0.05933366,3759.19633673,0.01998550,0.01998551,19496,60,0
nan,nan,0.00000000,-1.00000000,0.00000000,3759.22900262,nan,0.00000000,-2147483648,60,1
10251.60497334,10251.60573444,3339.59346986,3339.57212230,0.06543678,3759.27357448,0.01998550,0.01998551,19495,60,0
10252.12815738,10252.13162889,0.00000000,3354.27125446,0.06280300,3759.34738891,0.01998550,0.01998551,19494,60,1
10252.65799730,10252.65757731,3369.16425198,3369.17608725,0.05034557,3759.41886330,0.01998551,0.01998551,19493,60,0
10253.18417471,10253.18357970,3384.00525802,3384.02206634,0.05465070,3759.48668026,0.01998551,0.01998551,19492,60,0
10253.70934698,10253.70963607,3398.88330935,3398.87512361,0.05119628,3759.55115976,0.01998550,0.01998551,19491,60,0
10254.23784787,10254.23574643,3413.79705150,3413.85668886,0.05673617,3759.61278383,0.01998551,0.01998551,19490,60,0
10254.76273599,10254.76191079,3428.74613604,3428.76960816,0.05019255,3759.67072225,0.01998551,0.01998551,19489,60,0
10255.28801069,10255.28812914,3443.73126065,3443.72788362,0.06901878,3759.72542708,0.01998551,0.01998551,19488,60,0
10255.81492147,10255.81440152,3458.75323400,3458.76809339,0.05589518,3759.77698970,0.01998551,0.01998551,19487,60,0
10256.34113389,10256.34072791,3473.81299957,3473.82463008,0.06134442,3759.82515264,0.01998551,0.01998551,19486,60,0
10256.86632972,10256.86710833,3488.91129428,3488.88893388,0.04831126,3759.86988149,0.01998550,0.01998551,19485,60,0
10257.39455190,10257.39354280,3504.04759867,3504.07664729,0.07087186,3759.91147557,0.01998551,0.01998551,19484,60,0
10257.91986623,10257.92003130,3519.22096215,3519.21619938,0.05674232,3759.94944029,0.01998551,0.01998551,19483,60,0
10258.44449664,10258.44657386,3534.43040370,3534.37033548,0.05772415,3759.98394593,0.01998550,0.01998551,19482,60,0
10258.97278003,10258.97317049,3549.67496852,3549.66365246,0.04407980,3760.01522416,0.01998551,0.01998551,19481,60,0
10259.50079262,10259.49982119,3564.95617633,3564.98439865,0.05768448,3760.04298974,0.01998551,0.01998551,19480,60,0
10260.02749091,10260.02652596,3580.27909313,3580.30720534,0.06065013,3760.06718778,0.01998551,0.01998551,19479,60,0
10260.55133876,10260.55328482,3595.64652227,3595.58967437,0.04736738,3760.08776608,0.01998550,0.01998551,19478,60,0
10261.08121324,10261.08009778,3611.05396946,3611.08662942,0.05871769,3760.10500816,0.01998551,0.01998551,19477,60,0
10261.60713439,10261.60696485,3626.49709900,3626.50207436,0.06397837,3760.11853947,0.01998551,0.01998551,19476,60,0
10262.13358635,10262.13388602,3641.98013087,3641.97131293,0.04899541,3760.12848999,0.01998550,0.01998551,19475,60,0
10262.66194456,10262.66086132,3657.50974132,3657.54171085,0.04896597,3760.13483703,0.01998551,0.01998551,19474,60,0
10263.18733160,10263.18789075,3673.08480248,3673.06825720,0.03857182,3760.13750274,0.01998550,0.01998551,19473,60,0
10263.71474797,10263.71497431,3688.69913919,3688.69242647,0.04482916,3760.13649389,0.01998551,0.01998551,19472,60,0
10264.24288796,10264.24211202,3704.35160033,3704.37466965,0.05234053,3760.13175930,0.01998551,0.01998551,19471,60,0
10264.76800658,10264.76930389,3720.04694588,3720.00826862,0.04582738,3760.12332942,0.01998550,0.01998551,19470,60,0
10265.29668832,10265.29654992,3735.78756131,3735.79169882,0.05363341,3760.11106273,0.01998551,0.01998551,19469,60,0
10265.82364155,10265.82385012,3751.57051144,3751.56426121,0.06332386,3760.09503609,0.01998551,0.01998551,19468,60,0
10266.35110364,10266.35120450,3767.39330328,3767.39027362,0.05498217,3760.07517055,0.01998551,0.01998551,19467,60,0
10266.87841738,10266.87861306,3783.25700196,3783.25110851,0.06086074,3760.05145948,0.01998551,0.01998551,19466,60,0
10267.40691074,10267.40607582,3799.16327523,3799.18848618,0.05714974,3760.02380211,0.01998551,0.01998551,19465,60,0
10267.93284998,10267.93359279,3815.11300967,3815.09052076,0.07113066,3759.99237948,0.01998550,0.01998551,19464,60,0
10268.46100948,10268.46116397,3831.10677805,3831.10208827,0.04379842,3759.95688027,0.01998551,0.01998551,19463,60,0
10268.98839419,10268.98878937,3847.14468306,3847.13265513,0.04875306,3759.91746044,0.01998551,0.01998551,19462,60,0
10269.51719177,10269.51646900,3863.22670891,3863.24876646,0.04217303,3759.87392019,0.01998551,0.01998551,19461,60,0
nan,nan,0.00000000,-1.00000000,0.00000000,3759.84269486,nan,0.00000000,-2147483648,60,1
10270.04327653,10270.04420287,3879.35492507,3879.32657387,0.05378466,3759.82657876,0.01998550,0.01998551,19460,60,0
10270.57146089,10270.57199098,3895.53293220,3895.51665885,0.05830015,3759.77496766,0.01998550,0.01998551,19459,60,0
10271.09872292,10271.09983335,3911.76039080,3911.72620575,0.04940986,3759.71933652,0.01998550,0.01998551,19458,60,0
10271.62827375,10271.62772999,3928.03254057,3928.04932294,0.08142193,3759.65931548,0.01998551,0.01998551,19457,60,0
10272.15763075,10272.15568089,3944.34907476,3944.40942343,0.04437850,3759.59513271,0.01998551,0.01998551,19456,60,0
10272.68282626,10272.68368607,3960.71691693,3960.69021953,0.05480316,3759.52726202,0.01998550,0.01998551,19455,60,0
10273.21186103,10273.21174554,3977.13827170,3977.14186822,0.03119362,3759.45462880,0.01998551,0.01998551,19454,60,0
10273.73726606,10273.73985931,0.00000000,3993.51837888,0.06077377,3759.37828578,0.01998550,0.01998551,19453,60,1
10274.26775592,10274.26802738,4010.11014810,4010.10165339,0.04303853,3759.29687204,0.01998551,0.01998551,19452,60,0
10274.79709028,10274.79624977,4026.66569776,4026.69208592,0.05783365,3759.21129005,0.01998551,0.01998551,19451,60,0
10275.32491350,10275.32452647,4043.27915434,4043.29134511,0.05886548,3759.12152739,0.01998551,0.01998551,19450,60,0
10275.85255907,10275.85285751,4059.94466758,4059.93524113,0.05446869,3759.02737265,0.01998551,0.01998551,19449,60,0
10276.37940374,10276.38124289,4076.65540218,4076.59716121,0.08202600,3758.92895515,0.01998550,0.01998551,19448,60,0
nan,nan,0.00000000,-1.00000000,0.00000000,3758.82800371,nan,0.00000000,-2147483648,60,1
nan,nan,0.00000000,-1.00000000,0.00000000,3778.95236967,nan,0.00000000,-2147483648,59,1
10274.27066200,10274.26802738,11.81640568,11.86491950,0.06668659,3779.51539045,0.01998551,0.01998551,19452,59,0
10274.79758043,10274.79624977,21.54775078,21.57227728,0.05408548,3780.06796954,0.01998551,0.01998551,19451,59,0
10275.32721769,10275.32452647,31.28958390,31.33923661,0.05438997,3780.62249039,0.01998551,0.01998551,19450,59,0
10275.84897691,10275.85285751,41.04209942,40.97043194,0.05058370,3781.16787782,0.01998550,0.01998551,19449,59,0
10276.38074027,10276.38124289,50.80502875,50.79573760,0.04778013,3781.72279847,0.01998551,0.01998551,19448,59,0
10276.90794985,10276.90968261,60.57776989,60.54571125,0.05258638,3782.27200791,0.01998551,0.01998551,19447,59,0
10277.43840276,10277.43817668,70.35971021,70.36389627,0.05561228,3782.82359325,0.01998551,0.01998551,19446,59,0
10277.96588390,10277.96672512,80.15053225,80.13494292,0.06486249,3783.37106923,0.01998551,0.01998551,19445,59,0
10278.49245483,10278.49532793,89.95078922,89.89749801,0.05277400,3783.91661351,0.01998550,0.01998551,19444,59,0
10279.06674139,nan,0.00000000,100.54227562,0.12677130,3784.50979882,0.01998559,0.01998551,19443,59,1
10279.55234867,10279.55269671,109.58244087,109.57597251,0.04785231,3785.01184832,0.01998551,0.01998551,19442,59,0
10280.08065114,10280.08146268,119.41473944,119.39964138,0.06356481,3785.55638580,0.01998551,0.01998551,19441,59,0
10280.60820357,10280.61028306,129.25793937,129.21921358,0.07248394,3786.09922279,0.01998550,0.01998551,19440,59,0
10281.13911113,10281.13915786,139.11187752,139.11100649,0.06131230,3786.64456263,0.01998551,0.01998551,19439,59,0
10281.66721693,10281.66808708,148.97636783,148.96013197,0.06249063,3787.18606462,0.01998551,0.01998551,19438,59,0
10282.19435722,10282.19707073,158.85115830,158.80048075,0.05358856,3787.72560350,0.01998550,0.01998551,19437,59,0
10282.72500628,10282.72610881,168.73598333,168.71537376,0.05492294,3788.26773262,0.01998551,0.01998551,19436,59,0
10283.25380549,10283.25520135,178.63061264,178.60449697,0.05668704,3788.80695574,0.01998550,0.01998551,19435,59,0
10283.78732734,10283.78434834,188.53533246,188.59112120,0.06101146,3789.34997791,0.01998551,0.01998551,19434,59,0
10284.31578924,10284.31354979,198.45081194,198.49279348,0.04913246,3789.88687521,0.01998551,0.01998551,19433,59,0
10284.84554630,10284.84280572,208.37773261,208.42916417,0.04770896,3790.42414671,0.01998551,0.01998551,19432,59,0
10285.37196462,10285.37211612,218.31643493,218.31358862,0.04656877,3790.95711115,0.01998551,0.01998551,19431,59,0
10285.90164487,10285.90148102,228.26636525,228.26944652,0.05345820,3791.49241650,0.01998551,0.01998551,19430,59,0
10286.43350051,10286.43090041,238.22682279,238.27576307,0.04155338,3792.02890698,0.01998551,0.01998551,19429,59,0
10286.95913674,10286.96037431,248.19717082,248.17385621,0.05005609,3792.55808782,0.01998550,0.01998551,19428,59,0
10287.49026222,10287.48990273,258.17750444,258.18428316,0.06212092,3793.09174953,0.01998551,0.01998551,19427,59,0
10288.02054743,10288.01948566,268.16836645,268.18840710,0.06270916,3793.62354306,0.01998551,0.01998551,19426,59,0
10288.54992196,10288.54912313,278.17030798,278.18540132,0.03507912,3794.15342737,0.01998551,0.01998551,19425,59,0
10289.08079305,10289.07881514,288.18369792,288.22110814,0.04454990,3794.68382485,0.01998551,0.01998551,19424,59,0
10289.60906079,10289.60856170,298.20854114,298.21799078,0.06326176,3795.21063746,0.01998551,0.01998551,19423,59,0
10290.13667850,10290.13836281,308.24479962,308.21287660,0.05851517,3795.73581510,0.01998550,0.01998551,19422,59,0
10290.66806255,10290.66821849,318.29244478,318.28948618,0.05232133,3796.26373831,0.01998551,0.01998551,19421,59,0
10291.19961771,10291.19812874,328.35151696,328.37979615,0.04248067,3796.79082107,0.01998551,0.01998551,19420,59,0
10291.73004734,10291.72809357,338.42208661,338.45923219,0.04687449,3797.31577886,0.01998551,0.01998551,19419,59,0
10292.25892252,10292.25811299,348.50422103,348.51962798,0.04992100,3797.83819310,0.01998551,0.01998551,19418,59,0
10292.78939258,10292.78818701,358.59783909,358.62080709,0.06974126,3798.36116510,0.01998551,0.01998551,19417,59,0
10293.31882207,10293.31831564,368.70266257,368.71232047,0.07295799,3798.88207554,0.01998551,0.01998551,19416,59,0
10293.85087801,10293.84849889,378.81839789,378.86381269,0.05204637,3799.40450751,0.01998551,0.01998551,19415,59,0
10294.37975522,10294.37873676,388.94485463,388.96431464,0.05609449,3799.92274788,0.01998551,0.01998551,19414,59,0
10294.90566261,10294.90902926,399.08227725,399.01788618,0.05792222,3800.43702752,0.01998550,0.01998551,19413,59,0
10295.43906472,10295.43937640,409.23102487,409.22505749,0.05225947,3800.95757935,0.01998551,0.01998551,19412,59,0
10295.96930092,10295.96977819,419.39144417,419.38229677,0.06301644,3801.47399916,0.01998551,0.01998551,19411,59,0
nan,nan,0.00000000,-1.00000000,0.00000000,3801.80960896,nan,0.00000000,-2147483648,59,1
nan,nan,0.00000000,-1.00000000,0.00000000,3801.96152957,nan,0.00000000,-2147483648,59,1
10297.03207158,10297.03074575,439.74761454,439.77307928,0.05532367,3802.50594286,0.01998551,0.01998551,19409,59,0
10297.56100196,10297.56131154,449.94325579,449.93730374,0.04834200,3803.01795612,0.01998551,0.01998551,19408,59,0
10298.09287174,10298.09193201,460.15054576,460.16863242,0.05623107,3803.53174945,0.01998551,0.01998551,19407,59,0
10298.62062320,10298.62260717,470.36949420,470.33127010,0.05679929,3804.04050373,0.01998550,0.01998551,19406,59,0
10299.15291808,10299.15333703,480.60011688,480.59203678,0.04977268,3804.55256310,0.01998551,0.01998551,19405,59,0
10299.68508023,10299.68412160,490.84238629,490.86089376,0.05274666,3805.06340902,0.01998551,0.01998551,19404,59,0
10300.21602234,10300.21496089,501.09599948,501.11651223,0.04267919,3805.57198150,0.01998551,0.01998551,19403,59,0
10300.74370535,10300.74585490,511.36054354,511.31896369,0.04585040,3806.07631599,0.01998550,0.01998551,19402,59,0
10301.27650196,10301.27680365,521.63563547,521.62979437,0.04574423,3806.58438496,0.01998551,0.01998551,19401,59,0
10301.80875798,10301.80780714,531.92167327,531.94010157,0.04350073,3807.09079650,0.01998551,0.01998551,19400,59,0
10302.33933995,10302.33886538,542.21985522,542.22906340,0.05381768,3807.59453295,0.01998551,0.01998551,19399,59,0
10302.87164733,10302.86997838,552.53142201,552.56384534,0.05984583,3808.09887667,0.01998551,0.01998551,19398,59,0
10303.40201479,10303.40114614,562.85693411,562.87383003,0.06816459,3808.60037633,0.01998551,0.01998551,19397,59,0
10303.93375936,10303.93236868,573.19519490,573.22227325,0.06374088,3809.10210542,0.01998551,0.01998551,19396,59,0
10304.46319185,10304.46364601,583.54472203,583.53587088,0.05860952,3809.60050888,0.01998551,0.01998551,19395,59,0
10304.99666708,10304.99497813,593.90429843,593.93724310,0.07796663,3810.10149953,0.01998551,0.01998551,19394,59,0
10305.52536026,10305.52636505,604.27458888,604.25496985,0.05302857,3810.59681964,0.01998551,0.01998551,19393,59,0
10306.05979917,10306.05780678,614.65705582,614.69600282,0.07055698,3811.09639463,0.01998551,0.01998551,19392,59,0
10306.58827010,10306.58930333,625.05311432,625.03289187,0.06174890,3811.58933689,0.01998551,0.01998551,19391,59,0
10307.12176497,10307.12085470,635.46285336,635.48068993,0.05630232,3812.08590003,0.01998551,0.01998551,19390,59,0
10307.65577200,10307.65246091,645.88505380,645.95000099,0.05717517,3812.58180327,0.01998551,0.01998551,19389,59,0
10308.18549850,10308.18412197,656.31843704,656.34546234,0.05593795,3813.07254197,0.01998551,0.01998551,19388,59,0
10308.71568228,10308.71583788,666.76250660,666.75944877,0.05367555,3813.56249002,0.01998551,0.01998551,19387,59,0
10309.24947586,10309.24760864,677.21850159,677.25523686,0.05020161,3814.05460012,0.01998551,0.01998551,19386,59,0
10309.77902243,10309.77943428,687.68790124,687.67978850,0.05667150,3814.54169414,0.01998551,0.01998551,19385,59,0
10310.30977659,10310.31131479,698.17182273,698.14148422,0.05191639,3815.02884433,0.01998550,0.01998551,19384,59,0
10310.84183992,10310.84325019,708.66946985,708.64162289,0.05311883,3815.51609276,0.01998550,0.01998551,19383,59,0
10311.37648254,10311.37524049,719.17942298,719.20397286,0.06389803,3816.00451787,0.01998551,0.01998551,19382,59,0
10311.90543932,10311.90728569,729.70036733,729.66383956,0.05702585,3816.48651342,0.01998550,0.01998551,19381,59,0
10312.43760581,10312.43938579,740.23246450,740.19721437,0.06868324,3816.97019607,0.01998550,0.01998551,19380,59,0
10312.97025499,10312.97154082,750.77690967,750.75141673,0.05545382,3817.45312376,0.01998550,0.01998551,19379,59,0
10313.50341011,10313.50375078,761.33491157,761.32814905,0.04914029,3817.93536367,0.01998551,0.01998551,19378,59,0
10314.03596090,10314.03601568,771.90696876,771.90588012,0.04092902,3818.41592822,0.01998551,0.01998551,19377,59,0
10314.56642108,10314.56833552,782.49258566,782.45449388,0.05405637,3818.89345590,0.01998550,0.01998551,19376,59,0
10315.09957296,10315.10071031,793.09118978,793.06853494,0.06488700,3819.37221767,0.01998550,0.01998551,19375,59,0
10315.63364140,10315.63314007,803.70241120,803.71240804,0.07075496,3819.85058450,0.01998551,0.01998551,19374,59,0
10316.16495183,10316.16562480,814.32645017,814.31301574,0.06419253,3820.32527434,0.01998551,0.01998551,19373,59,0
10316.69689097,10316.69816451,824.96360679,824.93815414,0.05643778,3820.79932751,0.01998550,0.01998551,19372,59,0
10317.22903426,10317.23075920,835.61414349,835.57962907,0.04006372,3821.27236826,0.01998550,0.01998551,19371,59,0
10317.76488897,10317.76340889,846.27809980,846.30774890,0.04627830,3821.74749649,0.01998551,0.01998551,19370,59,0
10318.29555018,10318.29611359,856.95543669,856.94413732,0.04518261,3822.21681337,0.01998551,0.01998551,19369,59,0
10318.83123372,10318.82887330,867.64615028,867.69354373,0.06267659,3822.68934780,0.01998551,0.01998551,19368,59,0
10319.36067199,10319.36168804,878.35065921,878.33023380,0.06194898,3823.15517650,0.01998550,0.01998551,19367,59,0
10319.89600413,10319.89455780,889.06966217,889.09877479,0.05891984,3823.62500530,0.01998551,0.01998551,19366,59,0
10320.42651434,10320.42748260,899.80383490,899.78431931,0.05560606,3824.08944827,0.01998550,0.01998551,19365,59,0
10320.96261810,10320.96046246,910.55288225,910.59638300,0.05169891,3824.55760097,0.01998551,0.01998551,19364,59,0
10321.49291058,10321.49349736,921.31539062,921.30353675,0.04163714,3825.01943725,0.01998551,0.01998551,19363,59,0
10322.02607034,10322.02658733,932.08988256,932.07942845,0.05556875,3825.48245601,0.01998551,0.01998551,19362,59,0
10322.56157215,10322.55973238,942.87583678,942.91307608,0.05549781,3825.94615377,0.01998551,0.01998551,19361,59,0
10323.09203980,10323.09293251,953.67461064,953.65652025,0.04402692,3826.40420558,0.01998551,0.01998551,19360,59,0
10323.62479369,10323.62618772,964.48778847,964.45950211,0.05449922,3826.86300326,0.01998551,0.01998551,19359,59,0
10324.16167519,10324.15949804,975.31640166,975.36063617,0.05095102,3827.32414721,0.01998551,0.01998551,19358,59,0
10324.69338096,10324.69286346,986.15961708,986.17014377,0.03807904,3827.77960759,0.01998551,0.01998551,19357,59,0
10325.22624326,10325.22628400,997.01620766,997.01537805,0.05660576,3828.23476434,0.01998551,0.01998551,19356,59,0
10325.76056396,10325.75975967,1007.88519356,1007.90158876,0.05463751,3828.68981845,0.01998551,0.01998551,19355,59,0
10326.29501211,10326.29329046,1018.76702150,1018.80215595,0.06482964,3829.14364314,0.01998551,0.01998551,19354,59,0
10326.82857932,10326.82687640,1029.66263935,1029.69743354,0.04560526,3829.59541810,0.01998551,0.01998551,19353,59,0
10327.36308609,10327.36051749,1040.57290556,1040.62545353,0.05236493,3830.04671328,0.01998551,0.01998551,19352,59,0
10327.89517316,10327.89421374,1051.49777667,1051.51742814,0.06356161,3830.49468867,0.01998551,0.01998551,19351,59,0
10328.43062504,10328.42796515,1062.43671315,1062.49125767,0.05014327,3830.94418171,0.01998551,0.01998551,19350,59,0
10328.96338894,10328.96177174,1073.38919236,1073.42239219,0.05253825,3831.39008077,0.01998551,0.01998551,19349,59,0
10329.49680383,10329.49563351,1084.35511045,1084.37916343,0.04749390,3831.83517741,0.01998551,0.01998551,19348,59,0
10330.03184536,10330.02955048,1095.33470479,1095.38192464,0.05390105,3832.28028018,0.01998551,0.01998551,19347,59,0
10330.56503728,10330.56352265,1106.32823469,1106.35943688,0.05455827,3832.72250184,0.01998551,0.01998551,19346,59,0
10331.09779776,10331.09755002,1117.33627132,1117.34138115,0.05262125,3833.16304325,0.01998551,0.01998551,19345,59,0
10331.63271735,10331.63163262,1128.35974677,1128.38215073,0.05157790,3833.60407020,0.01998551,0.01998551,19344,59,0
10332.16670751,10332.16577044,1139.39960598,1139.41898758,0.06485892,3834.04306171,0.01998551,0.01998551,19343,59,0
10332.69960062,10332.69996350,1150.45589953,1150.44838402,0.05294231,3834.47988106,0.01998551,0.01998551,19342,59,0
10333.23331624,10333.23421180,1161.52724724,1161.50867738,0.05900726,3834.91604053,0.01998551,0.01998551,19341,59,0
10333.76829074,10333.76851536,1172.61213609,1172.60747369,0.06169298,3835.35182219,0.01998551,0.01998551,19340,59,0
10334.30137247,10334.30287418,1183.70997115,1183.67876530,0.06799079,3835.78463142,0.01998550,0.01998551,19339,59,0
10334.83998749,10334.83728826,1194.82213963,1194.87830139,0.06091825,3836.22053089,0.01998551,0.01998551,19338,59,0
10335.37283925,10335.37175763,1205.95029459,1205.97283105,0.05381886,3836.65043612,0.01998551,0.01998551,19337,59,0
10335.90548400,10335.90628228,1217.09546307,1217.07880692,0.05370736,3837.07888359,0.01998551,0.01998551,19336,59,0
10336.43883817,10336.44086223,1228.25688607,1228.21459887,0.06373231,3837.50657126,0.01998550,0.01998551,19335,59,0
10336.97550685,10336.97549748,1239.43348600,1239.43368206,0.07436274,3837.93552366,0.01998551,0.01998551,19334,59,0
10337.50957918,10337.51018804,1250.62449489,1250.61174392,0.05228820,3838.36097678,0.01998551,0.01998551,19333,59,0
10338.04753026,10338.04493393,1261.83028043,1261.88472170,0.06024246,3838.78809051,0.01998551,0.01998551,19332,59,0
10338.57671624,10338.57973514,1273.05146913,1272.98808553,0.07364870,3839.20686151,0.01998550,0.01998551,19331,59,0
10339.11269457,10339.11459169,1284.28856795,1284.24868409,0.05407353,3839.62962025,0.01998550,0.01998551,19330,59,0
10339.65073898,10339.64950359,1295.54153647,1295.56754220,0.07188418,3840.05259480,0.01998551,0.01998551,19329,59,0
10340.18734505,10340.18447085,1306.81018134,1306.87076287,0.05390651,3840.47301249,0.01998551,0.01998551,19328,59,0
10340.71860495,10340.71949347,1318.09429975,1318.07554842,0.05535264,3840.88782339,0.01998551,0.01998551,19327,59,0
10341.25431453,10341.25457146,1329.39364645,1329.38821745,0.06326514,3841.30466306,0.01998551,0.01998551,19326,59,0
10341.78814113,10341.78970483,1340.70796069,1340.67487954,0.05605138,3841.71857659,0.01998551,0.01998551,19325,59,0
10342.32562422,10342.32489360,1352.03711085,1352.05258653,0.05285554,3842.13383948,0.01998551,0.01998551,19324,59,0
10342.85905890,10342.86013776,1363.38175652,1363.35887468,0.05164643,3842.54451692,0.01998551,0.01998551,19323,59,0
10343.39709276,10343.39543733,1374.74285835,1374.77801758,0.05378803,3842.95729130,0.01998551,0.01998551,19322,59,0
10343.92917132,10343.93079231,1386.12121577,1386.08673932,0.05409600,3843.36409103,0.01998550,0.01998551,19321,59,0
10344.46667522,10344.46620272,1397.51650549,1397.52656862,0.04820171,3843.77359891,0.01998551,0.01998551,19320,59,0
10345.00095365,10345.00166856,1408.92794025,1408.91269503,0.06318606,3844.17917889,0.01998551,0.01998551,19319,59,0
10345.53585857,10345.53718985,1420.35480603,1420.32638195,0.06263619,3844.58373247,0.01998551,0.01998551,19318,59,0
10346.07196225,10346.07276658,1431.79695716,1431.77976261,0.05924103,3844.98767186,0.01998551,0.01998551,19317,59,0
10346.61018314,10346.60839877,1443.25449384,1443.29268656,0.06214781,3845.39167075,0.01998551,0.01998551,19316,59,0
10347.14406348,10347.14408643,1454.72764805,1454.72715621,0.06109758,3845.79089163,0.01998551,0.01998551,19315,59,0
10347.67850266,10347.67982957,1466.21758815,1466.18910984,0.04147348,3846.18904669,0.01998551,0.01998551,19314,59,0
10348.21588510,10348.21562818,1477.72590116,1477.73142368,0.06631087,3846.58794399,0.01998551,0.01998551,19313,59,0
10348.75104687,10348.75148230,1489.25381794,1489.24444328,0.07436985,3846.98378027,0.01998551,0.01998551,19312,59,0
10349.28728636,10349.28739191,1500.79997064,1500.79769492,0.05595271,3847.37894298,0.01998551,0.01998551,19311,59,0
10349.82353336,10349.82335704,1512.36186106,1512.36566690,0.03932212,3847.77254480,0.01998551,0.01998551,19310,59,0
10350.35806161,10350.35937768,1523.93743355,1523.90899698,0.05411927,3848.16324903,0.01998551,0.01998551,19309,59,0
10350.89701745,10350.89545385,1535.52770383,1535.56153163,0.05956657,3848.55556321,0.01998551,0.01998551,19308,59,0
10351.43093572,10351.43158556,1547.13494728,1547.12086776,0.04925687,3848.94266856,0.01998551,0.01998551,19307,59,0
10351.96704814,10351.96777281,1558.76107483,1558.74534994,0.06042634,3849.32987532,0.01998551,0.01998551,19306,59,0
10352.50321665,10352.50401561,1570.40570684,1570.38834484,0.06543553,3849.71560762,0.01998551,0.01998551,19305,59,0
10353.04105372,10353.04031398,1582.06761033,1582.08370651,0.03726807,3850.10096788,0.01998551,0.01998551,19304,59,0
10353.57558538,10353.57666792,1593.74581482,1593.72222908,0.06066562,3850.48235898,0.01998551,0.01998551,19303,59,0
10354.11141995,10354.11307744,1605.44076196,1605.40460007,0.05666221,3850.86308389,0.01998551,0.01998551,19302,59,0
10354.65059314,10354.64954254,1617.15335498,1617.17630943,0.05209899,3851.24458901,0.01998551,0.01998551,19301,59,0
10355.18618487,10355.18606324,1628.88428171,1628.88694295,0.05406268,3851.62199193,0.01998551,0.01998551,19300,59,0
10355.72291175,10355.72263955,1640.63326794,1640.63923218,0.05592316,3851.99860868,0.01998551,0.01998551,19299,59,0
10356.26016019,10356.25927147,1652.39977497,1652.41927469,0.03656183,3852.37397482,0.01998551,0.01998551,19298,59,0
10356.79434232,10356.79595901,1664.18351221,1664.14799082,0.07480382,3852.74557693,0.01998551,0.01998551,19297,59,0
10357.33254790,10357.33270219,1675.98507024,1675.98167541,0.06230194,3853.11835226,0.01998551,0.01998551,19296,59,0
10357.86792713,10357.86950100,1687.80523718,1687.77055476,0.04723885,3853.48756632,0.01998551,0.01998551,19295,59,0
10358.40641674,10358.40635546,1699.64442211,1699.64577444,0.06360227,3853.85731506,0.01998551,0.01998551,19294,59,0
10358.94386046,10358.94326558,1711.50198583,1711.51513271,0.04359289,3854.22470557,0.01998551,0.01998551,19293,59,0
10359.47863826,10359.48023137,1723.37710896,1723.34185365,0.04018269,3854.58861286,0.01998551,0.01998551,19292,59,0
10360.01907960,10360.01725283,1735.26945925,1735.30994124,0.05876677,3854.95467153,0.01998551,0.01998551,19291,59,0
10360.55581106,10360.55432997,1747.17972464,1747.21259317,0.04850416,3855.31653534,0.01998551,0.01998551,19290,59,0
10361.09168513,10361.09146280,1759.10871930,1759.11366059,0.05993651,3855.67616402,0.01998551,0.01998551,19289,59,0
10361.63073906,10361.62865134,1771.05687584,1771.10334587,0.06069076,3856.03625927,0.01998551,0.01998551,19288,59,0
10362.16398221,10362.16589558,1783.02403456,1782.98138292,0.07000439,3856.39081271,0.01998551,0.01998551,19287,59,0
10362.70343923,10362.70319554,1795.00998431,1795.01542446,0.06548834,3856.74780136,0.01998551,0.01998551,19286,59,0
10363.24042502,10363.24055123,1807.01453060,1807.01170918,0.06297954,3857.10144455,0.01998551,0.01998551,19285,59,0
10363.77833526,10363.77796265,1819.03749778,1819.04583968,0.05093953,3857.45397098,0.01998551,0.01998551,19284,59,0
10364.31469479,10364.31542981,1831.07873412,1831.06225536,0.03738276,3857.80374749,0.01998551,0.01998551,19283,59,0
10364.85545328,10364.85295273,1843.13845935,1843.19460217,0.05802833,3858.15463687,0.01998551,0.01998551,19282,59,0
10365.39074600,10365.39053141,1855.21718472,1855.22200991,0.06084104,3858.50024809,0.01998551,0.01998551,19281,59,0
10365.92988384,10365.92816586,1867.31543646,1867.35412565,0.06574972,3858.84660553,0.01998551,0.01998551,19280,59,0
10366.46663213,10366.46585608,1879.43376909,1879.45127323,0.05067079,3859.18970211,0.01998551,0.01998551,19279,59,0
10367.00388174,10367.00360210,1891.57275448,1891.57907236,0.06085705,3859.53140016,0.01998551,0.01998551,19278,59,0
10367.54049857,10367.54140390,1903.73270616,1903.71222010,0.06724287,3859.87097671,0.01998551,0.01998551,19277,59,0
10368.08129963,10368.07926152,1915.91254688,1915.95873354,0.05300449,3860.21142148,0.01998551,0.01998551,19276,59,0
10368.61553933,10368.61717494,1928.11073058,1928.07361568,0.05267527,3860.54592890,0.01998551,0.01998551,19275,59,0
10369.15663789,10369.15514419,1940.32646421,1940.36040587,0.06808269,3860.88286874,0.01998551,0.01998551,19274,59,0
10369.69557902,10369.69316927,1952.56135093,1952.61619304,0.04366416,3861.21663675,0.01998551,0.01998551,19273,59,0
10370.23021828,10370.23125018,1964.81746482,1964.79394047,0.05817826,3861.54598292,0.01998551,0.01998551,19272,59,0
10370.76753790,10370.76938695,1977.09555679,1977.05333528,0.06580584,3861.87522500,0.01998551,0.01998551,19271,59,0
10371.30744563,10371.30757957,1989.39391474,1989.39085182,0.07680428,3862.20422303,0.01998551,0.01998551,19270,59,0
10371.84555506,10371.84582805,2001.71059804,2001.70434712,0.06259199,3862.53023784,0.01998551,0.01998551,19269,59,0
10372.38143215,10372.38413241,2014.04507179,2013.98315632,0.05637378,3862.85300388,0.01998550,0.01998551,19268,59,0
10372.92296091,10372.92249266,2026.39833518,2026.40908782,0.04737556,3863.17726819,0.01998551,0.01998551,19267,59,0
10373.45865357,10373.46090879,2038.77147965,2038.71961282,0.07479954,3863.49617087,0.01998550,0.01998551,19266,59,0
10373.99672245,10373.99938082,2051.16567204,2051.10443285,0.05546766,3863.81463798,0.01998550,0.01998551,19265,59,0
10374.53790647,10374.53790876,2063.58213063,2063.58207785,0.06926339,3864.13309814,0.01998551,0.01998551,19264,59,0
10375.07765169,10375.07649262,2076.02181347,2076.04860808,0.05953446,3864.44887509,0.01998551,0.01998551,19263,59,0
10375.61329458,10375.61513240,2088.48425682,2088.44169990,0.06547514,3864.76041462,0.01998551,0.01998551,19262,59,0
10376.15356080,10376.15382812,2100.96852476,2100.96232469,0.06155404,3865.07275326,0.01998551,0.01998551,19261,59,0
10376.69010165,10376.69257978,2113.47388050,2113.41631380,0.05178276,3865.38102984,0.01998550,0.01998551,19260,59,0
10377.23280197,10377.23138740,2126.00011860,2126.03303038,0.07084567,3865.69089405,0.01998551,0.01998551,19259,59,0
10377.76979320,10377.77025097,2138.54712845,2138.53646126,0.04438981,3865.99555282,0.01998551,0.01998551,19258,59,0
10378.30809136,10378.30917052,2151.11523968,2151.09005243,0.06985406,3866.29900714,0.01998551,0.01998551,19257,59,0
10378.84479620,10378.84814604,0.00000000,2163.63629875,0.05990895,3866.59985463,0.01998550,0.01998551,19256,59,1
10379.38764170,10379.38717755,2176.31836079,2176.32923091,0.06609077,3866.90174829,0.01998551,0.01998551,19255,59,0
10379.88326795,nan,0.00000000,2187.95037092,0.15903386,3867.17597050,0.01998543,0.01998551,19254,59,1
10380.46372104,10380.46540856,2201.61260276,2201.57294974,0.03977469,3867.49476790,0.01998551,0.01998551,19253,59,0
10381.00519801,10381.00460808,2214.29277428,2214.30665836,0.04625738,3867.79017531,0.01998551,0.01998551,19252,59,0
10381.54347110,10381.54386363,2226.99418594,2226.98493334,0.06953177,3868.08181194,0.01998551,0.01998551,19251,59,0
10382.08488244,10382.08317520,2239.71620721,2239.75650996,0.06637437,3868.37308808,0.01998551,0.01998551,19250,59,0
10382.62336734,10382.62254282,2252.45883246,2252.47832731,0.05850345,3868.66072833,0.01998551,0.01998551,19249,59,0
10383.16300858,10383.16196648,2265.22333846,2265.24801888,0.05210537,3868.94694087,0.01998551,0.01998551,19248,59,0
10383.70101752,10383.70144619,2278.01112637,2278.00095605,0.07167127,3869.23026812,0.01998551,0.01998551,19247,59,0
10384.24169232,10384.24098198,2290.82275190,2290.83963424,0.06874660,3869.51296690,0.01998551,0.01998551,19246,59,0
10384.78175165,10384.78057383,2303.65799592,2303.68603680,0.06048487,3869.79329181,0.01998551,0.01998551,19245,59,0
10385.32202011,10385.32022177,2316.51655034,2316.55943657,0.03459954,3870.07165322,0.01998551,0.01998551,19244,59,0
10385.86079281,10385.85992581,2329.39774119,2329.41845079,0.05671798,3870.34715272,0.01998551,0.01998551,19243,59,0
10386.40110138,10386.39968594,2342.30075039,2342.33461286,0.05023915,3870.62131031,0.01998551,0.01998551,19242,59,0
10386.94205224,10386.93950218,2355.22555073,2355.28665791,0.05333038,3870.89364702,0.01998552,0.01998551,19241,59,0
10387.47752038,10387.47937454,2368.17398990,2368.12947883,0.06881381,3871.16113380,0.01998551,0.01998551,19240,59,0
10388.01733541,10388.01930302,2381.14811287,2381.10078707,0.05469908,3871.42871604,0.01998551,0.01998551,19239,59,0
10388.56152639,10388.55928764,2394.14811996,2394.20206616,0.04311561,3871.69634703,0.01998551,0.01998551,19238,59,0
10389.09882514,10389.09932841,2407.17246139,2407.16031365,0.06219800,3871.95845402,0.01998551,0.01998551,19237,59,0
10389.63941376,10389.63942532,2420.21975078,2420.21947129,0.06292288,3872.21998410,0.01998551,0.01998551,19236,59,0
10390.18136086,10390.17957840,2433.29001776,2433.33318488,0.07302999,3872.47996229,0.01998551,0.01998551,19235,59,0
10390.72297840,10390.71978765,0.00000000,2446.46323403,0.06234965,3872.73760960,0.01998552,0.01998551,19234,59,1
10391.26040271,10391.26005308,2459.50199217,2459.51048943,0.04495184,3872.99100116,0.01998551,0.01998551,19233,59,0
10391.80034736,10391.80037469,2472.64609371,2472.64542813,0.07230629,3873.24344654,0.01998551,0.01998551,19232,59,0
10392.33952045,10392.34075251,2485.81754246,2485.78748234,0.06390137,3873.49336878,0.01998551,0.01998551,19231,59,0
10392.87892303,10392.88118652,2499.01538152,2498.96005673,0.05208519,3873.74120173,0.01998551,0.01998551,19230,59,0
10393.41891489,10393.42167675,2512.23691971,2512.16930653,0.06777819,3873.98704097,0.01998551,0.01998551,19229,59,0
10393.96301531,10393.96222321,2525.48027973,2525.49970180,0.05146168,3874.23241055,0.01998551,0.01998551,19228,59,0
10394.50151004,10394.50282589,2538.74688190,2538.71456195,0.04437873,3874.47295246,0.01998551,0.01998551,19227,59,0
10395.04392367,10395.04348482,2552.03890399,2552.04970322,0.05106434,3874.71295789,0.01998551,0.01998551,19226,59,0
10395.58438219,10395.58419999,2565.35724456,2565.36173637,0.03755626,3874.94981656,0.01998551,0.01998551,19225,59,0
10396.12382620,10396.12497143,2578.70123157,2578.67294700,0.06250310,3875.18393258,0.01998551,0.01998551,19224,59,0
10396.66914543,10396.66579913,0.00000000,2592.15325669,0.05508096,3875.41824283,0.01998552,0.01998551,19223,59,1
10397.20677536,10397.20668310,2605.46452466,2605.46681148,0.06136935,3875.64690915,0.01998551,0.01998551,19222,59,0
10397.74458305,10397.74762336,0.00000000,2618.81505877,0.03559645,3875.87343254,0.01998551,0.01998551,19221,59,1
10398.28844039,10398.28861991,2632.33157119,2632.32710493,0.05730045,3876.09994288,0.01998551,0.01998551,19220,59,0
10398.83208717,10398.82967276,2645.80572706,2645.86591370,0.07299139,3876.32408399,0.01998551,0.01998551,19219,59,0
10399.37399140,10399.37078193,2659.30786826,2659.38803259,0.04723410,3876.54513364,0.01998552,0.01998551,19218,59,0
10399.90953477,10399.91194741,2672.83783209,2672.77745470,0.07068593,3876.76124219,0.01998551,0.01998551,19217,59,0
10400.45349662,10400.45316922,2686.39499594,2686.40320466,0.05045693,3876.97833379,0.01998551,0.01998551,19216,59,0
10400.99645097,10400.99444737,2699.97910979,2700.02944091,0.05657160,3877.19257715,0.01998551,0.01998551,19215,59,0
10401.53661783,10401.53578186,2713.59083247,2713.61187338,0.07392172,3877.40328984,0.01998551,0.01998551,19214,59,0
10402.07702497,10402.07717271,2727.23086322,2727.22713721,0.07782476,3877.61166448,0.01998551,0.01998551,19213,59,0
10402.62014697,10402.61861992,2740.89868108,2740.93726445,0.05591405,3877.81861061,0.01998551,0.01998551,19212,59,0
10403.15800499,10403.16012351,2754.59292896,2754.53930602,0.05853822,3878.02106931,0.01998551,0.01998551,19211,59,0
10403.69760265,10403.70168347,0.00000000,2768.20971315,0.07938116,3878.22167980,0.01998550,0.01998551,19210,59,1
10404.24326441,10404.24329983,2782.06055388,2782.05965412,0.05886183,3878.42199542,0.01998551,0.01998551,19209,59,0
10404.78463233,10404.78497258,2795.83739376,2795.82873108,0.05981014,3878.61821902,0.01998551,0.01998551,19208,59,0
10405.32737128,10405.32670174,2809.64406513,2809.66114675,0.05278068,3878.81241155,0.01998551,0.01998551,19207,59,0
10405.86903731,10405.86848731,2823.48011423,2823.49417403,0.07525602,3879.00367240,0.01998551,0.01998551,19206,59,0
10406.41142002,10406.41032931,2837.34516064,2837.37309814,0.05814878,3879.19261321,0.01998551,0.01998551,19205,59,0
10406.95037480,10406.95222775,2851.23908792,2851.19153300,0.05747999,3879.37779072,0.01998551,0.01998551,19204,59,0
10407.49391862,10407.49418262,2865.16179542,2865.15500660,0.06987631,3879.56193249,0.01998551,0.01998551,19203,59,0
10408.03746801,10408.03619395,2879.11285986,2879.14568464,0.06754162,3879.74342971,0.01998551,0.01998551,19202,59,0
10408.57737132,10408.57826174,2893.09164317,2893.06865993,0.06471969,3879.92106460,0.01998551,0.01998551,19201,59,0
10409.11972187,10409.12038600,2907.09823125,2907.08105592,0.06793344,3880.09683520,0.01998551,0.01998551,19200,59,0
10409.66503364,10409.66256673,2921.13439114,2921.19832280,0.07865963,3880.27087302,0.01998552,0.01998551,19199,59,0
10410.20503926,10410.20480395,2935.20191076,2935.20802205,0.06988068,3880.44056038,0.01998551,0.01998551,19198,59,0
10410.75027869,10410.74709767,0.00000000,2949.37992545,0.06620049,3880.60914749,0.01998552,0.01998551,19197,59,1
10411.29401609,10411.28944789,0.00000000,2963.54550064,0.06524285,3880.77457929,0.01998552,0.01998551,19196,59,1
10411.83220979,10411.83185462,2977.58618703,2977.59546693,0.06473131,3880.93561964,0.01998551,0.01998551,19195,59,0
10412.37181223,10412.37431787,2991.77456944,2991.70896273,0.06624478,3881.09433918,0.01998551,0.01998551,19194,59,0
10412.91484709,10412.91683766,3005.99535168,3005.94311712,0.06039424,3881.25132092,0.01998551,0.01998551,19193,59,0
10413.45902947,10413.45941398,3020.24851626,3020.23840450,0.07076937,3881.40584939,0.01998551,0.01998551,19192,59,0
10414.00240499,10414.00204686,3034.53349948,3034.54293733,0.05122180,3881.55734105,0.01998551,0.01998551,19191,59,0
10414.54505268,10414.54473629,3048.85042823,3048.85878409,0.03811196,3881.70581153,0.01998551,0.01998551,19190,59,0
10415.08540175,10415.08748228,3063.20021438,3063.14514559,0.07551738,3881.85084416,0.01998551,0.01998551,19189,59,0
10415.63124305,10415.63028485,3077.58314398,3077.60856075,0.06297593,3881.99448746,0.01998551,0.01998551,19188,59,0
10416.17091973,10416.17314401,3091.99719974,3091.93808347,0.04428090,3882.13363954,0.01998551,0.01998551,19187,59,0
10416.71782200,10416.71605976,3106.44015072,3106.48707579,0.06029320,3882.27170394,0.01998552,0.01998551,19186,59,0
10417.25900187,10417.25903210,3120.91327800,3120.91247135,0.07711860,3882.40539380,0.01998551,0.01998551,19185,59,0
10417.80644744,10417.80206106,0.00000000,3135.53574057,0.05332952,3882.53766415,0.01998552,0.01998551,19184,59,1
10418.34498193,10418.34514664,3149.96252999,3149.95811447,0.08376034,3882.66490957,0.01998551,0.01998551,19183,59,0
10418.88790094,10418.88828884,3164.53888425,3164.52846277,0.06460413,3882.79022630,0.01998551,0.01998551,19182,59,0
10419.43287205,10419.43148769,3179.14777315,3179.18504445,0.08001846,3882.91300559,0.01998551,0.01998551,19181,59,0
10419.97662357,10419.97474317,3193.78995913,3193.84069779,0.06190398,3883.03248921,0.01998552,0.01998551,19180,59,0
10420.52009186,10420.51805531,3208.46682549,3208.52190321,0.05541956,3883.14888533,0.01998552,0.01998551,19179,59,0
10421.06553966,10421.06142412,0.00000000,3223.28789754,0.07350748,3883.26262695,0.01998552,0.01998551,19178,59,1
10421.60611684,10421.60484960,3237.92352281,3237.95794461,0.07032476,3883.37232624,0.01998551,0.01998551,19177,59,0
10422.14694184,10422.14833175,3252.70191350,3252.66407727,0.05014858,3883.47899130,0.01998551,0.01998551,19176,59,0
10422.69134467,10422.69187060,3267.51495617,3267.50060650,0.05756161,3883.58325053,0.01998551,0.01998551,19175,59,0
10423.23162841,10423.23546615,0.00000000,3282.26202149,0.07585895,3883.68364164,0.01998550,0.01998551,19174,59,1
10423.77911962,10423.77911840,3297.24926168,3297.24929507,0.06591240,3883.78216078,0.01998551,0.01998551,19173,59,0
10424.32285873,10424.32282737,3312.17036669,3312.17122837,0.07896640,3883.87683961,0.01998551,0.01998551,19172,59,0
10424.86585879,10424.86659307,3327.12712326,3327.10690353,0.06319586,3883.96819823,0.01998551,0.01998551,19171,59,0
10425.40887894,10425.41041550,3342.11936557,3342.07695749,0.06119418,3884.05634706,0.01998551,0.01998551,19170,59,0
10425.95269799,10425.95429467,3357.14760783,3357.10343698,0.06423173,3884.14138545,0.01998551,0.01998551,19169,59,0
10426.49900354,10426.49823059,3372.21353186,3372.23496744,0.06839087,3884.22353360,0.01998551,0.01998551,19168,59,0
10427.04321842,10427.04222328,3387.31838706,3387.34605254,0.09021903,3884.30208168,0.01998551,0.01998551,19167,59,0
10427.58405477,10427.58627273,3402.46123930,3402.39943354,0.06718166,3884.37686375,0.01998551,0.01998551,19166,59,0
10428.12731493,10428.13037896,0.00000000,3417.55523813,0.05526766,3884.44866055,0.01998551,0.01998551,19165,59,1
10428.67454321,10428.67454199,3432.85698970,3432.85702412,0.06656387,3884.51759290,0.01998551,0.01998551,19164,59,0
10429.21608729,10429.21876180,0.00000000,3448.03476352,0.07537867,3884.58243746,0.01998551,0.01998551,19163,59,1
10429.76675834,10429.76303842,0.00000000,3463.50624256,0.07702684,3884.64492047,0.01998552,0.01998551,19162,59,1
10430.30615849,10430.30737186,3478.73431250,3478.70009462,0.07093455,3884.70272955,0.01998551,0.01998551,19161,59,0
10430.85356092,10430.85176212,3494.10562071,3494.15647387,0.07575136,3884.75792598,0.01998552,0.01998551,19160,59,0
10431.39672388,10431.39620921,3509.51590399,3509.53048881,0.07922264,3884.80921569,0.01998551,0.01998551,19159,59,0
10431.93928996,10431.94071314,3524.96415221,3524.92372833,0.04294352,3884.85696067,0.01998551,0.01998551,19158,59,0
10432.48302562,10432.48527392,3540.44931991,3540.38531606,0.05418255,3884.90128325,0.01998551,0.01998551,19157,59,0
10433.03033124,10433.02989156,3555.97084046,3555.98338614,0.09006447,3884.94230712,0.01998551,0.01998551,19156,59,0
10433.57494848,10433.57456607,3571.53226289,3571.54320314,0.06398521,3884.97953870,0.01998551,0.01998551,19155,59,0
10434.11655613,10434.11929745,0.00000000,3587.07013727,0.08712998,3885.01301699,0.01998551,0.01998551,19154,59,1
10434.66329373,10434.66408572,3602.79002662,3602.76724550,0.07111327,3885.04313180,0.01998551,0.01998551,19153,59,0
10435.20557806,10435.20893088,0.00000000,3618.39236482,0.07694089,3885.06938444,0.01998551,0.01998551,19152,59,1
10435.75101258,10435.75383294,0.00000000,3634.13987160,0.06688301,3885.09208435,0.01998551,0.01998551,19151,59,1
10436.29954191,10436.29879192,3649.98051409,3650.00225433,0.09023109,3885.11113640,0.01998551,0.01998551,19150,59,0
10436.84504323,10436.84380782,3665.80227915,3665.83819324,0.06019521,3885.12633989,0.01998551,0.01998551,19149,59,0
10437.38917467,10437.38888065,3681.66760518,3681.67617342,0.08251389,3885.13773196,0.01998551,0.01998551,19148,59,0
10437.93112612,10437.93401041,0.00000000,3697.48909699,0.08457731,3885.14530238,0.01998551,0.01998551,19147,59,1
10438.47733386,10438.47919712,3713.51786708,3713.46329363,0.08867660,3885.14909207,0.01998551,0.01998551,19146,59,0
10439.02116615,10439.02444079,0.00000000,3729.41136204,0.10708905,3885.14900855,0.01998551,0.01998551,19145,59,1
10439.57122867,10439.56974143,3745.54862697,3745.59242472,0.06981501,3885.14497593,0.01998552,0.01998551,19144,59,0
10440.11279709,10440.11509904,3761.62842805,3761.56047254,0.04622059,3885.13709911,0.01998551,0.01998551,19143,59,0
10440.66204592,10440.66051363,3777.74988270,3777.79523234,0.07086080,3885.12512279,0.01998552,0.01998551,19142,59,0
10441.20681075,10441.20598522,3793.91482593,3793.93932277,0.07528133,3885.10924710,0.01998551,0.01998551,19141,59,0
10441.75836394,10441.75151380,0.00000000,3810.32230738,0.06765304,3885.08909424,0.01998553,0.01998551,19140,59,1
10442.29765914,10442.29709940,3826.37952064,3826.39622014,0.06672838,3885.06536524,0.01998551,0.01998551,19139,59,0
10442.84016089,10442.84274201,0.00000000,3842.60346297,0.06955811,3885.03747297,0.01998551,0.01998551,19138,59,1
10443.38991410,10443.38844165,3859.02648106,3859.07064732,0.06729761,3885.00505536,0.01998552,0.01998551,19137,59,0
10443.93315142,10443.93419833,3875.41965534,3875.38816315,0.07824563,3884.96887899,0.01998551,0.01998551,19136,59,0
10444.47974611,10444.48001206,3891.86349118,3891.85546634,0.07180969,3884.92828112,0.01998551,0.01998551,19135,59,0
10445.02265333,10445.02588284,0.00000000,3908.26915542,0.07864585,3884.88372856,0.01998551,0.01998551,19134,59,1
10445.57423996,10445.57181068,0.00000000,3924.98145368,0.07133575,3884.83417450,0.01998552,0.01998551,19133,59,1
10446.11924293,10446.11779560,3941.49019351,3941.53422912,0.05679213,3884.78092630,0.01998552,0.01998551,19132,59,0
10446.66261155,10446.66383759,3958.13000097,3958.09257741,0.08775466,3884.72351218,0.01998551,0.01998551,19131,59,0
10447.21182268,10447.20993668,3974.82570960,3974.88345528,0.08589837,3884.66105661,0.01998552,0.01998551,19130,59,0
10447.76053340,10447.75609287,0.00000000,3991.69726854,0.09169825,3884.59424361,0.01998552,0.01998551,19129,59,1
10448.30296215,10448.30230616,4008.35339221,4008.37357604,0.07710291,3884.52375560,0.01998551,0.01998551,19128,59,0
10448.85071469,10448.84857657,4025.18773126,4025.25373327,0.05506952,3884.44812583,0.01998552,0.01998551,19127,59,0
10449.39494036,10449.39490411,4042.08174878,4042.08287161,0.06094124,3884.36843940,0.01998551,0.01998551,19126,59,0
10449.94179265,10449.94128879,4059.03025700,4059.04590800,0.06317385,3884.28379041,0.01998551,0.01998551,19125,59,0
10450.48540794,10450.48773060,0.00000000,4075.93961273,0.09538189,3884.19516970,0.01998551,0.01998551,19124,59,1
nan,nan,0.00000000,-1.00000000,0.00000000,3884.10692642,nan,0.00000000,-2147483648,59,1
nan,nan,0.00000000,-1.00000000,0.00000000,3906.38137283,nan,0.00000000,-2147483648,58,1
10451.57546027,10451.58078571,0.00000000,14.48376353,0.09957913,3906.98060113,0.01998550,0.01998551,19122,58,1
10452.12631381,10452.12739901,24.50020070,24.48052230,0.06266820,3907.55049029,0.01998551,0.01998551,19121,58,0
10452.66957947,10452.67406949,0.00000000,34.32297455,0.08726173,3908.11014857,0.01998550,0.01998551,19120,58,1
10453.21507601,10453.22079716,0.00000000,44.22832610,0.05051823,3908.67194587,0.01998550,0.01998551,19119,58,1
10453.76511681,10453.76758203,54.28682960,54.24199571,0.08723877,3909.23841997,0.01998551,0.01998551,19118,58,0
10454.31441226,10454.31442411,64.23637168,64.23615589,0.08217397,3909.80231935,0.01998551,0.01998551,19117,58,0
10454.85458364,10454.86132340,0.00000000,74.05597268,0.05302780,3910.35494965,0.01998550,0.01998551,19116,58,1
10455.41276232,10455.40827992,0.00000000,84.23049737,0.05986741,3910.92604373,0.01998552,0.01998551,19115,58,1
10455.95390497,10455.95529367,94.14170845,94.11636451,0.06312768,3911.47947431,0.01998551,0.01998551,19114,58,0
10456.50511492,10456.50236467,104.13081152,104.18105505,0.07014658,3912.04143556,0.01998552,0.01998551,19113,58,0
10457.05133218,10457.04949291,114.13132561,114.16496166,0.07454579,3912.59740992,0.01998552,0.01998551,19112,58,0
10457.59619203,10457.59667842,124.14321696,124.13431298,0.05440755,3913.15110585,0.01998551,0.01998551,19111,58,0
10458.14650417,10458.14392119,134.16631418,134.21364689,0.07969640,3913.70941826,0.01998552,0.01998551,19110,58,0
10458.68410077,10458.69122125,0.00000000,144.06253934,0.05959772,3914.25351632,0.01998550,0.01998551,19109,58,1
10459.23967709,10459.23857859,154.24536321,154.26553225,0.05977665,3914.81566454,0.01998552,0.01998551,19108,58,0
10459.78810499,10459.78599323,164.30080307,164.33961186,0.08613015,3915.36919973,0.01998552,0.01998551,19107,58,0
10460.33388437,10460.33346517,174.36648050,174.37419117,0.04430588,3915.91907181,0.01998551,0.01998551,19106,58,0
10460.87793627,10460.88099443,184.44238457,184.38608025,0.07146622,3916.46621508,0.01998551,0.01998551,19105,58,0
10461.42720462,10461.42858101,194.52913804,194.50377146,0.08005782,3917.01763227,0.01998551,0.01998551,19104,58,0
10461.97377222,10461.97622493,204.62745824,204.58220691,0.07385326,3917.56540208,0.01998551,0.01998551,19103,58,0
10462.52424557,10462.52392618,214.73795459,214.74385363,0.08090191,3918.11617006,0.01998551,0.01998551,19102,58,0
10463.07244924,10463.07168479,224.86033321,224.87446714,0.08091052,3918.66373159,0.01998551,0.01998551,19101,58,0
10463.61921584,10463.61950075,234.99385987,234.98858705,0.06560055,3919.20888255,0.01998551,0.01998551,19100,58,0
10464.16680034,10464.16737409,245.13780435,245.12717656,0.04955683,3919.75382833,0.01998551,0.01998551,19099,58,0
10464.71546221,10464.71530480,255.29196015,255.29487862,0.06143120,3920.29880568,0.01998551,0.01998551,19098,58,0
10465.26624371,10465.26329290,265.45685150,265.51161477,0.04064015,3920.84486391,0.01998552,0.01998551,19097,58,0
10465.81324613,10465.81133839,275.63305981,275.66850159,0.06402725,3921.38618524,0.01998552,0.01998551,19096,58,0
10466.35312639,10466.35944129,0.00000000,285.71041629,0.05805367,3921.91987068,0.01998550,0.01998551,19095,58,1
10466.91027050,10466.90760161,296.02094419,296.07063190,0.07726945,3922.46889992,0.01998552,0.01998551,19094,58,0
10467.45825110,10467.45581934,306.23264744,306.27796796,0.07336654,3923.00826484,0.01998552,0.01998551,19093,58,0
10468.00390504,10468.00409451,316.45614223,316.45260743,0.03915125,3923.54435779,0.01998551,0.01998551,19092,58,0
10468.55592157,10468.55242712,326.69145551,326.75671849,0.05210364,3924.08570043,0.01998552,0.01998551,19091,58,0
10469.10391905,10469.10081717,336.93866052,336.99665310,0.07637844,3924.62210352,0.01998552,0.01998551,19090,58,0
10469.64763483,10469.64926469,347.19783086,347.16732691,0.07231611,3925.15333059,0.01998551,0.01998551,19089,58,0
10470.20000493,10470.19776967,357.46891777,357.51079607,0.03414915,3925.69200007,0.01998552,0.01998551,19088,58,0
10470.75090556,10470.74633213,0.00000000,367.84031567,0.07103499,3926.22834938,0.01998552,0.01998551,19087,58,1
10471.28981459,10471.29495208,0.00000000,377.95102785,0.06977821,3926.75179428,0.01998550,0.01998551,19086,58,1
10471.84384392,10471.84362952,388.35083728,388.35486614,0.04443286,3927.28882045,0.01998551,0.01998551,19085,58,0
10472.39288362,10472.39236446,398.66731838,398.67708377,0.04535561,3927.82003477,0.01998551,0.01998551,19084,58,0
10472.94066399,10472.94115692,408.99550918,408.98622740,0.07532858,3928.34898613,0.01998551,0.01998551,19083,58,0
10473.49055313,10473.49000690,419.33577622,419.34607269,0.05974880,3928.87893740,0.01998551,0.01998551,19082,58,0
10474.04000510,10474.03891441,429.68825435,429.70883610,0.07197583,3929.40743112,0.01998552,0.01998551,19081,58,0
10474.58818932,10474.58787946,440.05288884,440.05874225,0.05742466,3929.93366438,0.01998551,0.01998551,19080,58,0
10475.13343194,10475.13690205,450.42961927,450.36399832,0.07124647,3930.45603339,0.01998551,0.01998551,19079,58,0
10475.68747536,10475.68598221,460.81840970,460.84667549,0.04000030,3930.98576319,0.01998552,0.01998551,19078,58,0
10476.23642188,10476.23511993,471.21927138,471.24394364,0.05602305,3931.50954980,0.01998552,0.01998551,19077,58,0
10476.78930190,10476.78431523,0.00000000,481.72150368,0.05241105,3932.03574132,0.01998552,0.01998551,19076,58,1
10477.33064414,10477.33356812,492.05721074,492.00168432,0.04509068,3932.55041957,0.01998551,0.01998551,19075,58,0
10477.88707664,10477.88287860,0.00000000,502.56664241,0.04966724,3933.07770257,0.01998552,0.01998551,19074,58,1
10478.43241533,10478.43224668,512.94183597,512.94504480,0.05171175,3933.59404304,0.01998552,0.01998551,19073,58,0
10478.97814755,10478.98167238,523.40067731,523.33354709,0.05658078,3934.10926574,0.01998551,0.01998551,19072,58,0
10479.52998382,10479.53115569,533.87104455,533.84870265,0.06196208,3934.62911839,0.01998551,0.01998551,19071,58,0
10480.07834470,10480.08069664,544.35422781,544.30933482,0.06654308,3935.14462627,0.01998551,0.01998551,19070,58,0
10480.63023568,10480.63029522,554.85151398,554.85037600,0.06740384,3935.66243216,0.01998551,0.01998551,19069,58,0
10481.17978170,10481.17995146,565.36306313,565.35981475,0.06094177,3936.17702152,0.01998551,0.01998551,19068,58,0
10481.72522040,10481.72966535,0.00000000,575.79801499,0.04639917,3936.68647732,0.01998551,0.01998551,19067,58,1
10482.28384659,10482.27943691,0.00000000,586.50254203,0.04329337,3937.20722794,0.01998552,0.01998551,19066,58,1
10482.83008987,10482.82926614,596.96909605,596.98490308,0.05167420,3937.71549817,0.01998552,0.01998551,19065,58,0
10483.37913187,10483.37915306,607.52664891,607.52624186,0.06801937,3938.22495850,0.01998551,0.01998551,19064,58,0
10483.92861063,10483.92909767,618.09728575,618.08791838,0.05111448,3938.73372198,0.01998551,0.01998551,19063,58,0
10484.47615826,10484.47909999,628.68227597,628.62562655,0.06005387,3939.23965459,0.01998551,0.01998551,19062,58,0
10485.02751361,10485.02916002,639.28102557,639.24928444,0.07672950,3939.74801823,0.01998551,0.01998551,19061,58,0
10485.57755198,10485.57927776,649.89219065,649.85888593,0.05617214,3940.25400953,0.01998551,0.01998551,19060,58,0
10486.12817384,10486.12945324,660.51451885,660.48980579,0.02860966,3940.75931324,0.01998551,0.01998551,19059,58,0
10486.67914247,10486.67968646,671.14831361,671.13779476,0.05886171,3941.26371750,0.01998551,0.01998551,19058,58,0
10487.22954107,10487.22997743,681.79509597,681.78664835,0.06150219,3941.76644976,0.01998551,0.01998551,19057,58,0
10487.77890839,10487.78032615,692.45640507,692.42892218,0.07143194,3942.26715935,0.01998551,0.01998551,19056,58,0
10488.33020529,10488.33073264,703.13259143,703.12235631,0.06621599,3942.76855149,0.01998551,0.01998551,19055,58,0
10488.87892601,10488.88119691,713.82229462,713.77817162,0.07675454,3943.26645964,0.01998551,0.01998551,19054,58,0
10489.43214216,10489.43171896,724.52401414,724.53224463,0.08482747,3943.76721751,0.01998551,0.01998551,19053,58,0
10489.98286436,10489.98229880,735.23693181,735.24794166,0.06763974,3944.26444767,0.01998551,0.01998551,19052,58,0
10490.53138725,10490.53293645,745.96203474,745.93184330,0.04158958,3944.75847194,0.01998551,0.01998551,19051,58,0
10491.08318766,10491.08363191,756.70060941,756.69194126,0.03840075,3945.25427247,0.01998551,0.01998551,19050,58,0
10491.63596624,10491.63438519,767.45369046,767.48457869,0.05525716,3945.74981051,0.01998552,0.01998551,19049,58,0
10492.18459041,10492.18519630,778.22105824,778.20920717,0.03529049,3946.24047754,0.01998551,0.01998551,19048,58,0
10492.73537338,10492.73606525,789.00211093,788.98856291,0.06101946,3946.73189157,0.01998551,0.01998551,19047,58,0
10493.28548231,10493.28699204,799.79630533,799.76670914,0.04613906,3947.22148887,0.01998551,0.01998551,19046,58,0
10493.83978067,10493.83797670,810.60365812,810.63906254,0.05804063,3947.71358029,0.01998552,0.01998551,19045,58,0
10494.39101735,10494.38901922,821.42448216,821.46374226,0.05603351,3948.20173214,0.01998552,0.01998551,19044,58,0
10494.93914916,10494.94011962,832.25908454,832.23999431,0.04011893,3948.68593355,0.01998551,0.01998551,19043,58,0
10495.49148930,10495.49127790,843.10758767,843.11175122,0.08197460,3949.17263957,0.01998551,0.01998551,19042,58,0
10496.04119673,10496.04249407,853.96995545,853.94437494,0.07282422,3949.65580825,0.01998551,0.01998551,19041,58,0
10496.59356732,10496.59376815,864.84615417,864.84218956,0.07080408,3950.14008578,0.01998551,0.01998551,19040,58,0
10497.14296046,10497.14510014,875.73646916,875.69417855,0.04096483,3950.62053346,0.01998551,0.01998551,19039,58,0
10497.70085206,10497.69649005,0.00000000,886.74611950,0.07374762,3951.10799356,0.01998552,0.01998551,19038,58,1
10498.25175374,10498.24793790,0.00000000,897.65346264,0.03828227,3951.58725491,0.01998552,0.01998551,19037,58,1
10498.79775463,10498.79944368,908.49864149,908.46512715,0.05001703,3952.06052633,0.01998551,0.01998551,19036,58,0
10499.34766146,10499.35100741,919.44918941,919.38272392,0.06714224,3952.53663008,0.01998551,0.01998551,19035,58,0
10499.90241353,10499.90262909,930.41240234,930.40811600,0.03341947,3953.01559362,0.01998551,0.01998551,19034,58,0
10500.45561801,10500.45430875,941.38740684,941.41346649,0.03939021,3953.49184093,0.01998552,0.01998551,19033,58,0
10501.01169550,10501.00604638,0.00000000,952.49136809,0.07116725,3953.96936511,0.01998553,0.01998551,19032,58,1
10501.55882544,10501.55784199,963.37822200,963.39784495,0.08277831,3954.43767366,0.01998552,0.01998551,19031,58,0
10502.10097909,10502.10969560,0.00000000,974.22434807,0.02023141,3954.90075567,0.01998550,0.01998551,19030,58,1
10502.66286683,10502.66160722,985.43088609,985.45608369,0.05263284,3955.37928266,0.01998552,0.01998551,19029,58,0
10503.21921200,10503.21357684,0.00000000,996.58837782,0.04850157,3955.85167519,0.01998553,0.01998551,19028,58,1
10503.76435110,10503.76560449,1007.53949844,1007.51437146,0.06038043,3956.31347582,0.01998551,0.01998551,19027,58,0
10504.31773844,10504.31769017,1018.61349843,1018.61446729,0.07250404,3956.78077040,0.01998552,0.01998551,19026,58,0
10504.86779549,10504.86983388,1029.70176041,1029.66079972,0.05578475,3957.24393534,0.01998551,0.01998551,19025,58,0
10505.42218261,10505.42203565,1040.80518559,1040.80814245,0.06808145,3957.70944768,0.01998552,0.01998551,19024,58,0
10505.97620378,10505.97429548,1051.92371904,1051.96216195,0.04812523,3958.17334017,0.01998552,0.01998551,19023,58,0
10506.52841030,10506.52661337,1063.05679143,1063.09303335,0.06140883,3958.63437613,0.01998552,0.01998551,19022,58,0
10507.08413922,10507.07898934,0.00000000,1074.30793924,0.06539786,3959.09697894,0.01998553,0.01998551,19021,58,1
10507.63168474,10507.63142339,1085.36485909,1085.37014236,0.06139679,3959.55140051,0.01998552,0.01998551,19020,58,0
10508.18295883,10508.18391554,1096.54003811,1096.52067543,0.04017067,3960.00755812,0.01998551,0.01998551,19019,58,0
10508.73491770,10508.73646579,1107.72968318,1107.69831384,0.02094491,3960.46291723,0.01998551,0.01998552,19018,58,0
10509.28766957,10509.28907416,1118.93446115,1118.90596294,0.05663458,3960.91758109,0.01998551,0.01998552,19017,58,0
10509.84236411,10509.84174065,1130.15536597,1130.16803314,0.07376307,3961.37251779,0.01998552,0.01998552,19016,58,0
10510.39569265,10510.39446527,1141.39335651,1141.41832947,0.01702034,3961.82504191,0.01998552,0.01998552,19015,58,0
10510.94956471,10510.94724803,1152.64815606,1152.69535506,0.07931341,3962.27669785,0.01998552,0.01998552,19014,58,0
10511.50122767,10511.50008894,1163.91822973,1163.94145703,0.05832161,3962.72517720,0.01998552,0.01998552,19013,58,0
10512.05353993,10512.05298801,1175.20202252,1175.21329244,0.07089939,3963.17274028,0.01998552,0.01998552,19012,58,0
10512.61022406,10512.60594524,0.00000000,1186.60113023,0.07449006,3963.62293411,0.01998552,0.01998552,19011,58,1
10513.15878138,10513.15896066,1197.81213709,1197.80846715,0.05954991,3964.06405337,0.01998551,0.01998552,19010,58,0
10513.70662591,10513.71203426,0.00000000,1209.04849368,0.06781992,3964.50452708,0.01998551,0.01998552,19009,58,1
10514.26462945,10514.26516605,1220.48899933,1220.47798359,0.08656931,3964.95044085,0.01998551,0.01998552,19008,58,0
10514.82078519,10514.81835606,1231.85267675,1231.90260828,0.02051774,3965.39416444,0.01998552,0.01998552,19007,58,0
10515.37080966,10515.37160427,1243.23171969,1243.21536670,0.09185361,3965.83157217,0.01998551,0.01998552,19006,58,0
10515.92846552,10515.92491071,1254.62570880,1254.69895711,0.05151717,3966.27357869,0.01998552,0.01998552,19005,58,0
10516.47692888,10516.47827538,1266.03522596,1266.00744526,0.05390548,3966.70686963,0.01998551,0.01998552,19004,58,0
10517.02917989,10517.03169829,1277.46092699,1277.40889857,0.05163619,3967.14173728,0.01998551,0.01998552,19003,58,0
10517.58275501,10517.58517945,1288.90313845,1288.85298426,0.05962669,3967.57622598,0.01998551,0.01998552,19002,58,0
10518.13701641,10518.13871888,1300.36169670,1300.32643166,0.05216352,3968.00981256,0.01998551,0.01998552,19001,58,0
10518.68682122,10518.69231657,0.00000000,1311.73131044,0.08011640,3968.43880616,0.01998551,0.01998552,19000,58,1
10519.24630176,10519.24597254,1323.32700674,1323.33384373,0.04419451,3968.87318620,0.01998552,0.01998552,18999,58,0
10519.79692657,10519.79968679,1334.83325628,1334.77586312,0.08145181,3969.29953327,0.01998551,0.01998552,18998,58,0
10520.35607542,10520.35345935,1346.35487907,1346.40934174,0.03989182,3969.73095381,0.01998552,0.01998552,18997,58,0
10520.90918333,10520.90729021,1357.89210280,1357.93156534,0.05611730,3970.15620021,0.01998552,0.01998552,18996,58,0
10521.45856404,10521.46117938,1369.44587982,1369.39128790,0.06895988,3970.57711765,0.01998551,0.01998552,18995,58,0
10522.01824756,10522.01512688,0.00000000,1381.09399264,0.05256900,3971.00487815,0.01998552,0.01998552,18994,58,1
10522.56967128,10522.56913271,1392.60636198,1392.61763600,0.05476311,3971.42403771,0.01998552,0.01998552,18993,58,0
10523.12136788,10523.12319689,1404.21257923,1404.17424110,0.05348679,3971.84234714,0.01998551,0.01998552,18992,58,0
10523.67977466,10523.67731942,1415.83503827,1415.88656837,0.04779645,3972.26419918,0.01998552,0.01998552,18991,58,0
10524.23112693,10524.23150030,1427.47331010,1427.46546405,0.03763805,3972.67917289,0.01998551,0.01998552,18990,58,0
10524.78094994,10524.78573956,0.00000000,1439.03734130,0.08963974,3973.09183607,0.01998551,0.01998552,18989,58,1
10525.34036958,10525.34003720,1450.79764690,1450.80464929,0.04851414,3973.50935738,0.01998552,0.01998552,18988,58,0
10525.89293294,10525.89439323,1462.48468062,1462.45387258,0.05075830,3973.92059172,0.01998551,0.01998552,18987,58,0
10526.44730755,10526.44880765,1474.19019894,1474.15850198,0.05175910,3974.33168022,0.01998551,0.01998552,18986,58,0
10527.00470106,10527.00328048,1485.91578611,1485.94585195,0.04369370,3974.74354459,0.01998552,0.01998552,18985,58,0
10527.55735556,10527.55781173,1497.66092146,1497.65125284,0.04393533,3975.15043059,0.01998551,0.01998552,18984,58,0
10528.11105992,10528.11240140,1509.42305427,1509.39458627,0.06676094,3975.55651704,0.01998551,0.01998552,18983,58,0
10528.66950444,10528.66704951,1521.19970310,1521.25185611,0.07076824,3975.96439064,0.01998552,0.01998552,18982,58,0
10529.22099989,10529.22175607,1532.99106541,1532.97498116,0.04504070,3976.36552300,0.01998551,0.01998552,18981,58,0
10529.77751453,10529.77652107,1544.79948017,1544.82064191,0.09781363,3976.76869991,0.01998552,0.01998552,18980,58,0
10530.33022506,10530.33134454,1556.62717514,1556.60329139,0.06977735,3977.16758968,0.01998551,0.01998552,18979,58,0
10530.88458913,10530.88622648,1568.47423934,1568.43925562,0.03486321,3977.56613284,0.01998551,0.01998552,18978,58,0
10531.43989394,10531.44116690,1580.33939533,1580.31215992,0.05045918,3977.96375314,0.01998551,0.01998552,18977,58,0
10531.99377336,10531.99616581,1592.22150566,1592.17025152,0.07318103,3978.35871110,0.01998551,0.01998552,18976,58,0
10532.55026805,10532.55122322,1604.12083017,1604.10033893,0.07357569,3978.75388215,0.01998551,0.01998552,18975,58,0
10533.10701055,10533.10633914,1616.03831545,1616.05274012,0.09128099,3979.14759447,0.01998552,0.01998552,18974,58,0
10533.65857769,10533.66151358,1627.97474676,1627.91157769,0.05355989,3979.53605047,0.01998551,0.01998552,18973,58,0
10534.21853884,10534.21674654,1639.92991556,1639.96853473,0.09721875,3979.92877565,0.01998552,0.01998552,18972,58,0
10534.76990410,10534.77203804,1651.90325481,1651.85721045,0.06085820,3980.31382700,0.01998551,0.01998552,18971,58,0
10535.32477438,10535.32738809,1663.89442747,1663.83795251,0.08721985,3980.69965760,0.01998551,0.01998552,18970,58,0
10535.88080524,10535.88279669,1675.90402773,1675.86093487,0.06251274,3981.08462555,0.01998551,0.01998552,18969,58,0
10536.43419783,10536.43826386,0.00000000,1687.85751527,0.06176674,3981.46652842,0.01998551,0.01998552,18968,58,1
10536.99410919,10536.99378960,1699.98142420,1699.98836099,0.06541655,3981.85045074,0.01998552,0.01998552,18967,58,0
10537.55150511,10537.54937392,1712.04896358,1712.09528711,0.03968436,3982.23135527,0.01998552,0.01998552,18966,58,0
10538.10287320,10538.10501683,1724.13464344,1724.08798617,0.06037976,3982.60643921,0.01998551,0.01998552,18965,58,0
10538.66371573,10538.66071835,1736.23818359,1736.30351484,0.04464163,3982.98621382,0.01998552,0.01998552,18964,58,0
10539.22118825,10539.21647847,0.00000000,1748.47225272,0.08235361,3983.36224729,0.01998553,0.01998552,18963,58,1
10539.77053813,10539.77229722,1760.50195439,1760.46349863,0.08087698,3983.73056351,0.01998551,0.01998552,18962,58,0
10540.33098125,10540.32817459,1772.66340297,1772.72485361,0.05218241,3984.10488462,0.01998552,0.01998552,18961,58,0
10540.88290964,10540.88411060,1784.84449256,1784.81815870,0.05920545,3984.47180561,0.01998551,0.01998552,18960,58,0
10541.43915224,10541.44010526,1797.04500124,1797.02407312,0.04820349,3984.83985744,0.01998551,0.01998552,18959,58,0
10541.99913217,10541.99615858,0.00000000,1809.33598092,0.05520582,3985.20877887,0.01998552,0.01998552,18958,58,1
10542.55426086,10542.55227056,1821.50349044,1821.54732407,0.04767026,3985.57237886,0.01998552,0.01998552,18957,58,0
10543.10976725,10543.10844122,1833.76116356,1833.79040968,0.06232439,3985.93461638,0.01998552,0.01998552,18956,58,0
10543.66614640,10543.66467056,1846.03808739,1846.07068611,0.05201696,3986.29563307,0.01998552,0.01998552,18955,58,0
10544.22188374,10544.22095860,1858.33480883,1858.35527474,0.02821814,3986.65445054,0.01998552,0.01998552,18954,58,0
10544.78112256,10544.77730534,0.00000000,1870.74501478,0.05603429,3987.01398297,0.01998552,0.01998552,18953,58,1
10545.33384197,10545.33371079,1882.98991589,1882.99282719,0.05015110,3987.36707094,0.01998552,0.01998552,18952,58,0
10545.89231523,10545.89017496,1895.34949414,1895.39707103,0.04742086,3987.72231157,0.01998552,0.01998552,18951,58,0
10546.44845517,10546.44669787,1907.73057728,1907.76970284,0.04705639,3988.07428395,0.01998552,0.01998552,18950,58,0
10546.99951217,10547.00327951,0.00000000,1920.04812637,0.07034410,3988.42124329,0.01998551,0.01998552,18949,58,1
10547.55686510,10547.55991991,1932.55135381,1932.48315013,0.04398533,3988.77025904,0.01998551,0.01998552,18948,58,0
10548.11638798,10548.11661906,1944.98955637,1944.98438956,0.09411091,3989.11873048,0.01998552,0.01998552,18947,58,0
10548.67326350,10548.67337698,1957.44840647,1957.44586494,0.03308062,3989.46369584,0.01998552,0.01998552,18946,58,0
10549.22916336,10549.23019368,1969.92989146,1969.90677618,0.06051314,3989.80625196,0.01998551,0.01998552,18945,58,0
10549.79076419,10549.78706917,0.00000000,1982.51476003,0.06098780,3990.15041512,0.01998552,0.01998552,18944,58,1
10550.34280656,10550.34400345,1994.95724277,1994.93030975,0.06187088,3990.48693090,0.01998551,0.01998552,18943,58,0
10550.90503918,10550.90099654,0.00000000,2007.58843108,0.08109646,3990.82757538,0.01998552,0.01998552,18942,58,1
10551.45690246,10551.45804844,2020.06033610,2020.03447649,0.06012842,3991.16010475,0.01998551,0.01998552,18941,58,0
10552.01757304,10552.01515917,2032.64130646,2032.69585998,0.05749740,3991.49593766,0.01998552,0.01998552,18940,58,0
10552.57324362,10552.57232873,2045.24345345,2045.26416359,0.07707302,3991.82685821,0.01998552,0.01998552,18939,58,0
10553.13128895,10553.12955713,2057.86804488,2057.90731524,0.07493331,3992.15729334,0.01998552,0.01998552,18938,58,0
10553.68184330,10553.68684439,0.00000000,2070.41926899,0.04910859,3992.48187444,0.01998551,0.01998552,18937,58,1
10554.24366692,10554.24419050,2083.18855165,2083.17663684,0.08370248,3992.81033826,0.01998551,0.01998552,18936,58,0
10554.80183914,10554.80159549,2095.88377242,2095.88932631,0.08913262,3993.13515720,0.01998552,0.01998552,18935,58,0
10555.36227547,10555.35905936,2108.60106488,2108.67449234,0.05551280,3993.45931663,0.01998552,0.01998552,18934,58,0
10555.91622409,10555.91658211,2121.34002379,2121.33183672,0.05988168,3993.77775458,0.01998552,0.01998552,18933,58,0
10556.47414508,10556.47416377,2134.10051865,2134.10009074,0.07028860,3994.09648231,0.01998552,0.01998552,18932,58,0
10557.03159473,10557.03180433,2146.88263345,2146.87782522,0.07071329,3994.41293266,0.01998552,0.01998552,18931,58,0
10557.59233801,10557.58950381,2159.68719772,2159.75232557,0.06542876,3994.72923612,0.01998552,0.01998552,18930,58,0
10558.14687133,10558.14726221,2172.51519960,2172.50620158,0.10509592,3995.04005907,0.01998552,0.01998552,18929,58,0
10558.70619230,10558.70507956,2185.36702969,2185.39268881,0.05638710,3995.35156978,0.01998552,0.01998552,18928,58,0
10559.26251551,10559.26295584,2198.24220053,2198.23202958,0.04104071,3995.65939782,0.01998552,0.01998552,18927,58,0
10559.81698103,10559.82089108,0.00000000,2211.04730156,0.07085905,3995.96411788,0.01998551,0.01998552,18926,58,1
10560.38063417,10560.37888529,2224.06023652,2224.10076288,0.07291282,3996.27190238,0.01998552,0.01998552,18925,58,0
10560.93449596,10560.93693847,2237.00180768,2236.94512177,0.08604188,3996.57219637,0.01998551,0.01998552,18924,58,0
10561.49501798,10561.49505063,2249.96457074,2249.96381177,0.08676873,3996.87397503,0.01998552,0.01998552,18923,58,0
10562.05027308,10562.05322178,2262.94969096,2262.88103540,0.08031103,3997.17082384,0.01998551,0.01998552,18922,58,0
10562.60797360,10562.61145194,0.00000000,2275.87587734,0.09063857,3997.46686578,0.01998551,0.01998552,18921,58,1
10563.17090645,10563.16974110,2288.99232522,2289.01955544,0.04110293,3997.76365563,0.01998552,0.01998552,18920,58,0
10563.72400349,10563.72808929,0.00000000,2301.95306184,0.07349258,3998.05310563,0.01998551,0.01998552,18919,58,1
10564.28557221,10564.28649650,2315.13277928,2315.11110652,0.11802259,3998.34494056,0.01998552,0.01998552,18918,58,0
10564.84438820,10564.84496275,2328.23861678,2328.22512243,0.05840463,3998.63314979,0.01998552,0.01998552,18917,58,0
10565.40441748,10565.40348805,2341.36711155,2341.38897558,0.04057570,3998.91979487,0.01998552,0.01998552,18916,58,0
10565.96300909,10565.96207241,2354.51809180,2354.54016295,0.04527294,3999.20350396,0.01998552,0.01998552,18915,58,0
10566.52042039,10566.52071584,2367.69341967,2367.68644526,0.08316670,3999.48445024,0.01998552,0.01998552,18914,58,0
10567.08409604,10567.07941834,0.00000000,2381.00980339,0.08028113,3999.76647080,0.01998553,0.01998552,18913,58,1
10567.64213419,10567.63817992,0.00000000,2394.21990001,0.05398004,4000.04340098,0.01998553,0.01998552,18912,58,1
10568.19966565,10568.19700061,2407.37776283,2407.44102537,0.08237865,4000.31787805,0.01998552,0.01998552,18911,58,0
10568.75636542,10568.75588039,2420.65535349,2420.66688624,0.05175174,4000.58976704,0.01998552,0.01998552,18910,58,0
10569.31600028,10569.31481929,2433.95674509,2433.98487401,0.08361505,4000.86083542,0.01998552,0.01998552,18909,58,0
10569.87324122,10569.87381731,2447.28251426,2447.26876902,0.07015637,4001.12849696,0.01998552,0.01998552,18908,58,0
10570.42981151,10570.43287446,0.00000000,2460.56189335,0.05923525,4001.39363271,0.01998551,0.01998552,18907,58,1
10570.99661473,10570.99199076,0.00000000,2474.12334104,0.07155294,4001.66132546,0.01998553,0.01998552,18906,58,1
10571.54712792,10571.55116621,0.00000000,2487.31878994,0.07201732,4001.91908475,0.01998551,0.01998552,18905,58,1
10572.11116379,10572.11040081,2500.85160994,2500.86995364,0.06338453,4002.18101228,0.01998552,0.01998552,18904,58,0
10572.66636797,10572.66969459,0.00000000,2514.21899391,0.05976137,4002.43627908,0.01998551,0.01998552,18903,58,1
10573.22441028,10573.22904755,0.00000000,2527.66788152,0.07814121,4002.69069186,0.01998551,0.01998552,18902,58,1
10573.78969858,10573.78845969,2541.29407181,2541.32400686,0.07885729,4002.94618752,0.01998552,0.01998552,18901,58,0
10574.34427716,10574.34793103,0.00000000,2554.73120051,0.05256759,4003.19424510,0.01998551,0.01998552,18900,58,1
10574.90640711,10574.90746158,2568.38387742,2568.35830181,0.10685762,4003.44354870,0.01998552,0.01998552,18899,58,0
10575.46405543,10575.46705135,0.00000000,2581.89262316,0.06753618,4003.68833900,0.01998551,0.01998552,18898,58,1
10576.02364606,10576.02670034,0.00000000,2595.50402131,0.06451773,4003.93169374,0.01998551,0.01998552,18897,58,1
10576.59134516,10576.58640857,0.00000000,2609.33867819,0.05127961,4004.17613298,0.01998553,0.01998552,18896,58,1
10577.14452111,10577.14617604,2622.88055267,2622.84011676,0.07560452,4004.41185976,0.01998551,0.01998552,18895,58,0
10577.70735045,10577.70600277,2636.57238799,2636.60538082,0.09165575,4004.64932070,0.01998552,0.01998552,18894,58,0
10578.27253954,10578.26588876,0.00000000,2650.46417585,0.10711449,4004.88546645,0.01998553,0.01998552,18893,58,1
10578.82193486,10578.82583403,0.00000000,2663.95435509,0.07523383,4005.11250962,0.01998551,0.01998552,18892,58,1
10579.38293742,10579.38583857,0.00000000,2677.75563931,0.08927189,4005.34190899,0.01998551,0.01998552,18891,58,1
10579.94520370,10579.94590241,2691.62603786,2691.60879764,0.09741985,4005.56924243,0.01998552,0.01998552,18890,58,0
10580.50495694,10580.50602555,2705.46005375,2705.43363511,0.07956320,4005.79318730,0.01998552,0.01998552,18889,58,0
10581.06036081,10581.06620800,0.00000000,2719.18096045,0.10271903,4006.01298117,0.01998551,0.01998552,18888,58,1
10581.62776705,10581.62644977,2733.21518726,2733.24788341,0.04070601,4006.23489700,0.01998552,0.01998552,18887,58,0
10582.18443854,10582.18675087,2747.13555220,2747.07805076,0.05638064,4006.45013250,0.01998551,0.01998552,18886,58,0
10582.74788919,10582.74711131,2761.08274010,2761.10211871,0.11111159,4006.66540456,0.01998552,0.01998552,18885,58,0
10583.30695469,10583.30753110,2775.05729577,2775.04290853,0.06517132,4006.87642412,0.01998552,0.01998552,18884,58,0
10583.86907723,10583.86801025,2789.06124739,2789.08793450,0.10185298,4007.08602385,0.01998552,0.01998552,18883,58,0
10584.42739666,10584.42854876,2803.09605675,2803.06718032,0.06193865,4007.29165524,0.01998552,0.01998552,18882,58,0
10584.98539130,10584.98914665,0.00000000,2817.06391497,0.07859410,4007.49455966,0.01998551,0.01998552,18881,58,1
10585.54664532,10585.54980392,0.00000000,2831.17192137,0.07806922,4007.69605641,0.01998551,0.01998552,18880,58,1
10586.11236331,10586.11052059,2845.38264834,2845.42911661,0.07574221,4007.89660410,0.01998552,0.01998552,18879,58,0
10586.67197974,10586.67129667,2859.53802819,2859.55528787,0.09294193,4008.09225637,0.01998552,0.01998552,18878,58,0
10587.23453533,10587.23213216,2873.72298595,2873.78382781,0.06179291,4008.28625623,0.01998552,0.01998552,18877,58,0
10587.79471140,10587.79302708,2887.93688675,2887.97961075,0.06754991,4008.47673994,0.01998552,0.01998552,18876,58,0
10588.35374565,10588.35398142,2902.17930831,2902.17331644,0.06196860,4008.66413165,0.01998552,0.01998552,18875,58,0
10588.91933781,10588.91499521,0.00000000,2916.55401556,0.07694688,4008.85086862,0.01998553,0.01998552,18874,58,1
10589.48562118,10589.47606845,0.00000000,2930.99317203,0.08620670,4009.03520281,0.01998554,0.01998552,18873,58,1
10590.04199022,10590.03720116,0.00000000,2945.20894995,0.06794540,4009.21359142,0.01998553,0.01998552,18872,58,1
10590.60019941,10590.59839333,2959.46046954,2959.50675561,0.07566542,4009.38991425,0.01998552,0.01998552,18871,58,0
10591.15825909,10591.15964499,2973.85848029,2973.82289130,0.07748468,4009.56335445,0.01998552,0.01998552,18870,58,0
10591.72154751,10591.72095613,2988.28796776,2988.30318648,0.05912571,4009.73562040,0.01998552,0.01998552,18869,58,0
10592.28232029,10592.28232678,3002.75069924,3002.75053182,0.07499474,4009.90432551,0.01998552,0.01998552,18868,58,0
10592.83849065,10592.84375693,0.00000000,3017.11059394,0.10139941,4010.06887615,0.01998551,0.01998552,18867,58,1
10593.40343698,10593.40524660,3031.77646664,3031.72958989,0.06692943,4010.23318452,0.01998552,0.01998552,18866,58,0
10593.96489589,10593.96679580,3046.33880982,3046.28948660,0.09100451,4010.39361169,0.01998552,0.01998552,18865,58,0
10594.53265817,10594.52840454,0.00000000,3061.04075861,0.05226025,4010.55287500,0.01998553,0.01998552,18864,58,1
10595.09124299,10595.09007282,3075.56556428,3075.59607865,0.11998511,4010.70679568,0.01998552,0.01998552,18863,58,0
10595.65110728,10595.65180066,3090.22872044,3090.21060258,0.10147889,4010.85811893,0.01998552,0.01998552,18862,58,0
10596.21593561,10596.21358806,3104.92196992,3104.98342783,0.06654725,4011.00780015,0.01998552,0.01998552,18861,58,0
10596.77265444,10596.77543504,3119.64611429,3119.57316559,0.07692502,4011.15239014,0.01998551,0.01998552,18860,58,0
10597.33604454,10597.33734161,3134.40486637,3134.37075742,0.08428168,4011.29575666,0.01998552,0.01998552,18859,58,0
10597.89710979,10597.89930777,3149.20037310,3149.14243756,0.08199457,4011.43557585,0.01998551,0.01998552,18858,58,0
10598.46261833,10598.46133353,3164.03114324,3164.06508373,0.09313959,4011.57348166,0.01998552,0.01998552,18857,58,0
10599.02059228,10599.02341890,0.00000000,3178.81538003,0.08971899,4011.70649508,0.01998551,0.01998552,18856,58,1
10599.58371521,10599.58556390,3193.79451351,3193.74546106,0.07990747,4011.83779080,0.01998552,0.01998552,18855,58,0
10600.15645997,10600.14776853,0.00000000,3208.95565286,0.09335942,4011.96809740,0.01998554,0.01998552,18854,58,1
10600.71070510,10600.71003280,3223.69997720,3223.71789769,0.04779909,4012.09123613,0.01998552,0.01998552,18853,58,0
10601.27019444,10601.27235672,3238.70535921,3238.64759740,0.07227958,4012.21243697,0.01998552,0.01998552,18852,58,0
10601.83686763,10601.83474030,3253.74520896,3253.80216444,0.12051299,4012.33203555,0.01998552,0.01998552,18851,58,0
10602.39697671,10602.39718355,3268.82103735,3268.81548677,0.04135894,4012.44711612,0.01998552,0.01998552,18850,58,0
10602.95664313,10602.95968648,0.00000000,3283.85190393,0.06334204,4012.55898045,0.01998551,0.01998552,18849,58,1
10603.52502338,10603.52224910,0.00000000,3299.15933825,0.07530967,4012.66937483,0.01998552,0.01998552,18848,58,1
10604.08575176,10604.08487142,3314.27244529,3314.29623722,0.08638218,4012.77508261,0.01998552,0.01998552,18847,58,0
10604.64613986,10604.64755344,3329.49697377,3329.45868232,0.04937625,4012.87752476,0.01998552,0.01998552,18846,58,0
10605.21236913,10605.21029518,3344.75822229,3344.81453194,0.11123814,4012.97776260,0.01998552,0.01998552,18845,58,0
10605.76752984,10605.77309665,0.00000000,3359.90781683,0.08952558,4013.07284543,0.01998551,0.01998552,18844,58,1
10606.33297964,10606.33595786,0.00000000,3375.31606003,0.09204207,4013.16639569,0.01998551,0.01998552,18843,58,1
10606.90004711,10606.89887881,3390.77346201,3390.80541803,0.08359474,4013.25685954,0.01998552,0.01998552,18842,58,0
10607.46379896,10607.46185952,3406.19079478,3406.24396952,0.08483352,4013.34345832,0.01998552,0.01998552,18841,58,0
10608.02933957,10608.02489999,0.00000000,3421.76397117,0.09549080,4013.42692559,0.01998553,0.01998552,18840,58,1
10608.58420585,10608.58800023,0.00000000,3437.03018690,0.07710992,4013.50552023,0.01998551,0.01998552,18839,58,1
10609.14667109,10609.15116026,0.00000000,3452.54289344,0.13156664,4013.58182268,0.01998551,0.01998552,18838,58,1
10609.72015342,10609.71438008,0.00000000,3468.39852703,0.08222981,4013.65610478,0.01998553,0.01998552,18837,58,1
10610.27929120,10610.27765971,3483.85740191,3483.90268248,0.06682964,4013.72511879,0.01998552,0.01998552,18836,58,0
10610.83715870,10610.84099915,0.00000000,3499.39588706,0.12770690,4013.79050945,0.01998551,0.01998552,18835,58,1
10611.40402956,10611.40439841,3515.20620148,3515.19591453,0.09022360,4013.85351749,0.01998552,0.01998552,18834,58,0
10611.97273593,10611.96785750,0.00000000,3531.06558565,0.10443082,4013.91306767,0.01998553,0.01998552,18833,58,1
10612.53461217,10612.53137643,0.00000000,3546.79481661,0.05737713,4013.96839927,0.01998553,0.01998552,18832,58,1
10613.09307619,10613.09495521,3562.52009368,3562.46731668,0.09611454,4014.01987866,0.01998552,0.01998552,18831,58,0
10613.66575303,10613.65859385,0.00000000,3578.58065562,0.05056096,4014.06900756,0.01998553,0.01998552,18830,58,1
10614.21901167,10614.22229236,0.00000000,3594.18687212,0.10225470,4014.11292172,0.01998551,0.01998552,18829,58,1
10614.78932472,10614.78605075,0.00000000,3610.31533426,0.10472597,4014.15451518,0.01998553,0.01998552,18828,58,1
10615.35210673,10615.34986903,3626.20134795,3626.26485660,0.13211184,4014.19186134,0.01998552,0.01998552,18827,58,0
10615.91420786,10615.91374721,3642.22657068,3642.23968120,0.09569734,4014.22549602,0.01998552,0.01998552,18826,58,0
10616.46489441,nan,0.00000000,3657.94546191,0.24389529,4014.25488819,0.01998550,0.01998552,18825,58,1
10617.04074533,10617.04168330,3674.42505266,3674.39820350,0.07960715,4014.28177238,0.01998552,0.01998552,18824,58,0
10617.60766373,10617.60574122,3690.59005153,3690.64521236,0.14528412,4014.30440164,0.01998552,0.01998552,18823,58,0
10618.16727598,10618.16985909,0.00000000,3706.71913692,0.06646115,4014.32296088,0.01998551,0.01998552,18822,58,1
10618.73616963,10618.73403690,3723.04930318,3723.11083306,0.06805259,4014.33796818,0.01998552,0.01998552,18821,58,0
10619.29553017,10619.29827467,0.00000000,3739.26029721,0.10252689,4014.34888701,0.01998551,0.01998552,18820,58,1
10619.85711611,10619.86257240,0.00000000,3755.52293726,0.10944717,4014.35600732,0.01998551,0.01998552,18819,58,1
10620.42226624,10620.42693010,0.00000000,3771.93312279,0.13603326,4014.35925394,0.01998551,0.01998552,18818,58,1
10620.98346714,10620.99134779,0.00000000,3788.27300628,0.13006571,4014.35855939,0.01998550,0.01998552,18817,58,1
10621.55732167,10621.55582547,3804.99495605,3805.03869308,0.06576429,4014.35377701,0.01998552,0.01998552,18816,58,0
10622.11080650,nan,0.00000000,3821.23164198,0.11225882,4014.34524821,0.01998550,0.01998552,18815,58,1
10622.68479675,10622.68496086,3838.09261584,3838.08779213,0.10522333,4014.33229274,0.01998552,0.01998552,18814,58,0
10623.24987518,10623.24961858,3854.71222196,3854.71978492,0.11217087,4014.31543669,0.01998552,0.01998552,18813,58,0
10623.81239618,10623.81433633,3871.37967653,3871.32233106,0.13503761,4014.29457938,0.01998552,0.01998552,18812,58,0
10624.38055005,10624.37911412,3888.09855536,3888.14112926,0.13219147,4014.26934769,0.01998552,0.01998552,18811,58,0
10624.94557206,10624.94395197,3904.87144408,3904.91962487,0.14863137,4014.24006595,0.01998552,0.01998552,18810,58,0
10625.50674523,10625.50884987,3921.69437758,3921.63161779,0.10046451,4014.20682299,0.01998552,0.01998552,18809,58,0
10626.08973625,nan,0.00000000,3939.04222851,0.09074707,4014.16786672,0.01998555,0.01998552,18808,58,1
10626.67304716,nan,0.00000000,3956.51322978,0.08546406,4014.12434465,0.01998558,0.01998552,18807,58,1
10627.20385639,10627.20390405,3972.46446207,3972.46302777,0.10053807,4014.08074041,0.01998552,0.01998552,18806,58,0
10627.77193497,10627.76904229,0.00000000,3989.56949346,0.14382445,4014.02987103,0.01998553,0.01998552,18805,58,1
10628.34054631,10628.33424064,0.00000000,4006.74842116,0.10702505,4013.97451688,0.01998553,0.01998552,18804,58,1
10628.87056390,nan,0.00000000,4022.80745446,0.21233387,4013.91890618,0.01998547,0.01998552,18803,58,1
10629.46288628,10629.46481771,4040.87487254,4040.81606207,0.06649770,4013.85210642,0.01998552,0.01998552,18802,58,0
10630.02798491,10630.03019644,0.00000000,4058.03271447,0.13335539,4013.78386203,0.01998552,0.01998552,18801,58,1
10630.59516931,10630.59563532,4075.40665185,4075.39238273,0.13169170,4013.71071823,0.01998552,0.01998552,18800,58,0
nan,nan,0.00000000,-1.00000000,0.00000000,4013.63667569,nan,0.00000000,-2147483648,58,1
